from	to	type	operand
0x001012d4	0xStack[0xc]	READ	1
0x001012d9	0x001012f0	CONDITIONAL_JUMP	0
0x001012dd	0xStack[0x4]	READ	1
0x001012e0	0xStack[0x8]	READ	1
0x001012e5	0x001012ea	CONDITIONAL_JUMP	0
0x001012ee	0x001012f2	UNCONDITIONAL_JUMP	0
0x001012f2	0xStack[-0x8]	READ	1
0x00101301	0xStack[0x4]	READ	1
0x00101304	0xStack[0x8]	READ	1
0x00101307	0xStack[0xc]	READ	1
0x0010130f	0x0010131b	CONDITIONAL_JUMP	0
0x0010131b	0xStack[-0xc]	DATA	0
0x0010132a	0xStack[0xc]	READ	1
0x0010132f	0x00101338	CONDITIONAL_JUMP	0
0x00101333	0x001013c1	UNCONDITIONAL_JUMP	0
0x0010133b	0x00101344	CONDITIONAL_JUMP	0
0x0010133f	0x001013aa	UNCONDITIONAL_JUMP	0
0x00101344	0xStack[0x8]	READ	1
0x0010134a	0x00101378	CONDITIONAL_JUMP	0
0x00101355	0xStack[0x4]	READ	1
0x00101358	0xStack[0x8]	READ	1
0x0010135d	0x00101367	CONDITIONAL_JUMP	0
0x0010136e	0x001013c1	CONDITIONAL_JUMP	0
0x00101372	0xStack[0x4]	READ_WRITE	0
0x00101375	0xStack[0x8]	READ_WRITE	0
0x0010137f	0xStack[0x4]	READ	1
0x00101382	0xStack[0x8]	READ	1
0x00101387	0x00101391	CONDITIONAL_JUMP	0
0x00101395	0x001013c1	CONDITIONAL_JUMP	0
0x0010139c	0x001013c1	CONDITIONAL_JUMP	0
0x001013a2	0xStack[0x8]	READ_WRITE	0
0x001013a5	0xStack[0x4]	READ_WRITE	0
0x001013aa	0xStack[0x4]	READ	1
0x001013ad	0xStack[0x8]	READ	1
0x001013b2	0x001013bc	CONDITIONAL_JUMP	0
0x001013c1	0xStack[-0x10]	DATA	0
0x001013cf	0xStack[0xc]	READ	1
0x001013d3	0xStack[0x4]	READ	1
0x001013d7	0xStack[0x8]	READ	1
0x001013db	0x001013e4	UNCONDITIONAL_CALL	0
0x001013ed	0xStack[0x8]	READ	1
0x001013f0	0xStack[0xc]	READ	1
0x001013f3	0xStack[0x4]	READ	1
0x001013f6	0xStack[-0x8]	WRITE	0
0x001013fc	0x0010140c	CONDITIONAL_JUMP	0
0x00101400	0xStack[0x4]	READ	1
0x00101407	0x0010147a	UNCONDITIONAL_JUMP	0
0x00101411	0x0010142f	CONDITIONAL_JUMP	0
0x0010141c	0xStack[0x4]	READ	1
0x00101425	0xStack[-0x8]	READ	1
0x0010142a	0xStack[0x4]	WRITE	0
0x00101436	0xStack[0x4]	READ	1
0x00101442	0x0010147a	CONDITIONAL_JUMP	0
0x00101448	0xStack[0x4]	READ_WRITE	0
0x0010144e	0x0010146a	CONDITIONAL_JUMP	0
0x00101450	0x0010145c	CONDITIONAL_JUMP	0
0x00101455	0x00101473	CONDITIONAL_JUMP	0
0x00101457	0x0010147a	UNCONDITIONAL_JUMP	0
0x0010145f	0x0010147a	CONDITIONAL_JUMP	0
0x00101464	0xStack[0x4]	READ	1
0x0010146d	0xStack[0x4]	READ	1
0x00101475	0xStack[0x4]	READ	1
0x0010147a	0xStack[-0x8]	READ	1
0x0010147d	0xStack[-0x14]	DATA	0
0x0010148e	0xStack[0x4]	READ	1
0x00101491	0xStack[0xc]	READ	1
0x00101497	0x001014a4	CONDITIONAL_JUMP	0
0x0010149b	0xStack[0x8]	READ	1
0x001014a2	0x001014e2	UNCONDITIONAL_JUMP	0
0x001014a9	0x001014c2	CONDITIONAL_JUMP	0
0x001014b4	0xStack[0x8]	READ	1
0x001014bd	0xStack[0x8]	READ_WRITE	0
0x001014c8	0xStack[0x8]	READ	1
0x001014d3	0x001014e2	CONDITIONAL_JUMP	0
0x001014dc	0xStack[0x8]	READ	1
0x001014e2	0xStack[-0x10]	DATA	0
0x001014ef	0xStack[0xc]	READ	1
0x001014f3	0xStack[0x4]	READ	1
0x001014f7	0xStack[0x8]	READ	1
0x001014fb	0x00101504	UNCONDITIONAL_CALL	0
0x0010150d	0xStack[0x8]	READ	1
0x00101510	0xStack[0xc]	READ	1
0x00101513	0xStack[0x4]	READ	1
0x00101516	0xStack[-0x8]	WRITE	0
0x0010151b	0x00101524	CONDITIONAL_JUMP	0
0x00101522	0x00101580	CONDITIONAL_JUMP	0
0x00101527	0x00101530	CONDITIONAL_JUMP	0
0x0010152b	0x00101575	UNCONDITIONAL_JUMP	0
0x00101535	0x00101553	CONDITIONAL_JUMP	0
0x00101540	0xStack[0x4]	READ	1
0x00101549	0xStack[-0x8]	READ	1
0x0010154e	0xStack[0x4]	WRITE	0
0x0010155a	0xStack[0x4]	READ	1
0x00101566	0x001015f1	CONDITIONAL_JUMP	0
0x00101570	0xStack[0x4]	READ_WRITE	0
0x00101575	0xStack[0x4]	READ	1
0x0010157c	0x001015f1	UNCONDITIONAL_JUMP	0
0x00101582	0xStack[-0x8]	READ	1
0x00101587	0xStack[0x4]	WRITE	0
0x0010158e	0x0010159c	CONDITIONAL_JUMP	0
0x00101598	0x001015ec	UNCONDITIONAL_JUMP	0
0x001015a1	0x001015bd	CONDITIONAL_JUMP	0
0x001015a6	0xStack[-0x10]	WRITE	0
0x001015a9	0xStack[0x4]	READ	1
0x001015b1	0xStack[-0x10]	READ	1
0x001015b8	0xStack[0x4]	READ_WRITE	0
0x001015bd	0xStack[0x4]	READ	1
0x001015c3	0xStack[-0x14]	WRITE	0
0x001015d0	0xStack[-0x14]	READ	1
0x001015da	0x001015f0	CONDITIONAL_JUMP	0
0x001015e0	0xStack[0x4]	READ_WRITE	0
0x001015e4	0xStack[0x4]	READ	1
0x001015f1	0xStack[-0x8]	READ	1
0x001015f4	0xStack[-0x24]	DATA	0
0x00101603	0xStack[0x8]	READ	1
0x00101609	0xStack[0x4]	READ	1
0x0010160d	0x00101630	UNCONDITIONAL_CALL	0
0x0010161b	0xStack[0x8]	READ	1
0x00101621	0xStack[0x4]	READ	1
0x00101625	0x00101630	UNCONDITIONAL_CALL	0
0x00101639	0xStack[0x4]	READ	1
0x0010163c	0xStack[0xc]	READ	1
0x0010163f	0xStack[-0x8]	WRITE	0
0x00101642	0xStack[0x8]	READ	1
0x0010164a	0xStack[0x8]	READ	1
0x00101657	0x00101798	CONDITIONAL_JUMP	0
0x00101663	0x001019b1	CONDITIONAL_JUMP	0
0x00101669	0x001019af	COMPUTED_JUMP	-1
0x00101669	0x0010178f	COMPUTED_JUMP	-1
0x00101669	0x0010178c	COMPUTED_JUMP	-1
0x00101669	0x0010176e	COMPUTED_JUMP	-1
0x00101669	0x00101784	COMPUTED_JUMP	-1
0x00101669	0x0010177b	COMPUTED_JUMP	-1
0x00101669	0x00101778	COMPUTED_JUMP	-1
0x00101669	0x0010176b	COMPUTED_JUMP	-1
0x00101669	0x00101768	COMPUTED_JUMP	-1
0x00101669	0x0010175f	COMPUTED_JUMP	-1
0x00101669	0x0010175c	COMPUTED_JUMP	-1
0x00101669	0x001016ff	COMPUTED_JUMP	-1
0x00101669	0x00101754	COMPUTED_JUMP	-1
0x00101669	0x0010174b	COMPUTED_JUMP	-1
0x00101669	0x00101748	COMPUTED_JUMP	-1
0x00101669	0x001016fc	COMPUTED_JUMP	-1
0x00101669	0x00101740	COMPUTED_JUMP	-1
0x00101669	0x00101737	COMPUTED_JUMP	-1
0x00101669	0x00101734	COMPUTED_JUMP	-1
0x00101669	0x001016f9	COMPUTED_JUMP	-1
0x00101669	0x0010172c	COMPUTED_JUMP	-1
0x00101669	0x00101723	COMPUTED_JUMP	-1
0x00101669	0x00101720	COMPUTED_JUMP	-1
0x00101669	0x001016f6	COMPUTED_JUMP	-1
0x00101669	0x00101718	COMPUTED_JUMP	-1
0x00101669	0x0010170f	COMPUTED_JUMP	-1
0x00101669	0x0010170c	COMPUTED_JUMP	-1
0x00101669	0x001016f3	COMPUTED_JUMP	-1
0x00101669	0x00101704	COMPUTED_JUMP	-1
0x00101669	0x001016ef	COMPUTED_JUMP	-1
0x00101669	0x001016ec	COMPUTED_JUMP	-1
0x00101669	0x00101670	DATA	0
0x00101670	0x001019af	DATA	0
0x00101674	0x0010178f	DATA	0
0x00101678	0x0010178c	DATA	0
0x0010167c	0x0010176e	DATA	0
0x00101680	0x00101784	DATA	0
0x00101684	0x0010177b	DATA	0
0x00101688	0x00101778	DATA	0
0x0010168c	0x0010176b	DATA	0
0x00101690	0x00101768	DATA	0
0x00101694	0x0010175f	DATA	0
0x00101698	0x0010175c	DATA	0
0x0010169c	0x001016ff	DATA	0
0x001016a0	0x00101754	DATA	0
0x001016a4	0x0010174b	DATA	0
0x001016a8	0x00101748	DATA	0
0x001016ac	0x001016fc	DATA	0
0x001016b0	0x00101740	DATA	0
0x001016b4	0x00101737	DATA	0
0x001016b8	0x00101734	DATA	0
0x001016bc	0x001016f9	DATA	0
0x001016c0	0x0010172c	DATA	0
0x001016c4	0x00101723	DATA	0
0x001016c8	0x00101720	DATA	0
0x001016cc	0x001016f6	DATA	0
0x001016d0	0x00101718	DATA	0
0x001016d4	0x0010170f	DATA	0
0x001016d8	0x0010170c	DATA	0
0x001016dc	0x001016f3	DATA	0
0x001016e0	0x00101704	DATA	0
0x001016e4	0x001016ef	DATA	0
0x001016e8	0x001016ec	DATA	0
0x00101702	0x0010176b	UNCONDITIONAL_JUMP	0
0x00101707	0x001016f3	UNCONDITIONAL_JUMP	0
0x00101713	0x001016f6	UNCONDITIONAL_JUMP	0
0x0010171b	0x001016f6	UNCONDITIONAL_JUMP	0
0x00101727	0x001016f9	UNCONDITIONAL_JUMP	0
0x0010172f	0x001016f9	UNCONDITIONAL_JUMP	0
0x0010173b	0x001016fc	UNCONDITIONAL_JUMP	0
0x00101743	0x001016fc	UNCONDITIONAL_JUMP	0
0x0010174f	0x001016ff	UNCONDITIONAL_JUMP	0
0x00101757	0x001016ff	UNCONDITIONAL_JUMP	0
0x00101763	0x0010176b	UNCONDITIONAL_JUMP	0
0x00101770	0x001019b1	UNCONDITIONAL_JUMP	0
0x0010177f	0x0010176e	UNCONDITIONAL_JUMP	0
0x00101787	0x0010176e	UNCONDITIONAL_JUMP	0
0x00101792	0x001019b1	UNCONDITIONAL_JUMP	0
0x00101798	0xStack[-0x8]	READ	1
0x0010179e	0x001018e6	CONDITIONAL_JUMP	0
0x001017b3	0x001018e2	CONDITIONAL_JUMP	0
0x001017b9	0x001018c4	COMPUTED_JUMP	-1
0x001017b9	0x001018c7	COMPUTED_JUMP	-1
0x001017b9	0x001018d0	COMPUTED_JUMP	-1
0x001017b9	0x001018be	COMPUTED_JUMP	-1
0x001017b9	0x001018d8	COMPUTED_JUMP	-1
0x001017b9	0x001018db	COMPUTED_JUMP	-1
0x001017b9	0x001018e0	COMPUTED_JUMP	-1
0x001017b9	0x001017c0	DATA	0
0x001017c0	0x001018e0	DATA	0
0x001017c4	0x001018db	DATA	0
0x001017c8	0x001018d8	DATA	0
0x001017cc	0x001018be	DATA	0
0x001017d0	0x001018d0	DATA	0
0x001017d4	0x001018c7	DATA	0
0x001017d8	0x001018c4	DATA	0
0x001017dc	0x001018bb	DATA	0
0x001017e0	0x001018b8	DATA	0
0x001017e4	0x001018af	DATA	0
0x001017e8	0x001018ac	DATA	0
0x001017ec	0x0010184f	DATA	0
0x001017f0	0x001018a4	DATA	0
0x001017f4	0x0010189b	DATA	0
0x001017f8	0x00101898	DATA	0
0x001017fc	0x0010184c	DATA	0
0x00101800	0x00101890	DATA	0
0x00101804	0x00101887	DATA	0
0x00101808	0x00101884	DATA	0
0x0010180c	0x00101849	DATA	0
0x00101810	0x0010187c	DATA	0
0x00101814	0x00101873	DATA	0
0x00101818	0x00101870	DATA	0
0x0010181c	0x00101846	DATA	0
0x00101820	0x00101868	DATA	0
0x00101824	0x0010185f	DATA	0
0x00101828	0x0010185c	DATA	0
0x0010182c	0x00101843	DATA	0
0x00101830	0x00101854	DATA	0
0x00101834	0x0010183f	DATA	0
0x00101838	0x0010183c	DATA	0
0x00101852	0x001018bb	UNCONDITIONAL_JUMP	0
0x00101857	0x00101843	UNCONDITIONAL_JUMP	0
0x00101863	0x00101846	UNCONDITIONAL_JUMP	0
0x0010186b	0x00101846	UNCONDITIONAL_JUMP	0
0x00101877	0x00101849	UNCONDITIONAL_JUMP	0
0x0010187f	0x00101849	UNCONDITIONAL_JUMP	0
0x0010188b	0x0010184c	UNCONDITIONAL_JUMP	0
0x00101893	0x0010184c	UNCONDITIONAL_JUMP	0
0x0010189f	0x0010184f	UNCONDITIONAL_JUMP	0
0x001018a7	0x0010184f	UNCONDITIONAL_JUMP	0
0x001018b3	0x001018bb	UNCONDITIONAL_JUMP	0
0x001018c0	0x001018e2	UNCONDITIONAL_JUMP	0
0x001018cb	0x001018be	UNCONDITIONAL_JUMP	0
0x001018d3	0x001018be	UNCONDITIONAL_JUMP	0
0x001018de	0x001018e2	UNCONDITIONAL_JUMP	0
0x001018f2	0x00101996	CONDITIONAL_JUMP	0
0x001018f8	0x0010198b	COMPUTED_JUMP	-1
0x001018f8	0x00101988	COMPUTED_JUMP	-1
0x001018f8	0x00101985	COMPUTED_JUMP	-1
0x001018f8	0x00101982	COMPUTED_JUMP	-1
0x001018f8	0x0010197f	COMPUTED_JUMP	-1
0x001018f8	0x0010197c	COMPUTED_JUMP	-1
0x001018f8	0x00101979	COMPUTED_JUMP	-1
0x001018f8	0x00101976	COMPUTED_JUMP	-1
0x001018f8	0x00101900	DATA	0
0x00101900	0x0010198b	DATA	0
0x00101910	0x00101988	DATA	0
0x00101920	0x00101985	DATA	0
0x00101930	0x00101982	DATA	0
0x00101940	0x0010197f	DATA	0
0x00101950	0x0010197c	DATA	0
0x00101960	0x00101979	DATA	0
0x00101970	0x00101976	DATA	0
0x00101991	0x00101974	CONDITIONAL_JUMP	0
0x00101999	0x001019ac	CONDITIONAL_JUMP	0
0x0010199b	0x001019a4	CONDITIONAL_JUMP	0
0x001019a0	0x001019af	CONDITIONAL_JUMP	0
0x001019a2	0x001019b1	UNCONDITIONAL_JUMP	0
0x001019a7	0x001019b1	CONDITIONAL_JUMP	0
0x001019b1	0xStack[-0x8]	READ	1
0x001019b4	0xStack[-0x14]	DATA	0
0x001019c3	0xStack[0x4]	READ	1
0x001019c6	0xStack[0xc]	READ	1
0x001019c9	0xStack[0x8]	READ	1
0x001019ea	0x001019cc	CONDITIONAL_JUMP	0
0x001019f5	0xStack[0xc]	READ	1
0x001019fd	0xStack[0x4]	READ	1
0x00101a00	0xStack[0x8]	READ	1
0x00101a05	0xStack[-0xc]	DATA	0
0x00101a14	0xStack[0x4]	READ	1
0x00101a17	0xStack[0x8]	READ	1
0x00101a23	0x00101a30	CONDITIONAL_JUMP	0
0x00101a28	0x00101a1c	CONDITIONAL_JUMP	0
0x00101a2c	0x00101a32	UNCONDITIONAL_JUMP	0
0x00101a32	0xStack[-0x8]	READ	1
0x00101a42	0xStack[0x4]	READ	1
0x00101a45	0xStack[0x8]	READ	1
0x00101a53	0x00101a57	CONDITIONAL_JUMP	0
0x00101a5c	0x00101aeb	CONDITIONAL_JUMP	0
0x00101a6a	0x00101a6e	CONDITIONAL_JUMP	0
0x00101a73	0x00101aeb	CONDITIONAL_JUMP	0
0x00101a7d	0x00101a81	CONDITIONAL_JUMP	0
0x00101a86	0x00101aeb	CONDITIONAL_JUMP	0
0x00101a90	0x00101a94	CONDITIONAL_JUMP	0
0x00101a99	0x00101aeb	CONDITIONAL_JUMP	0
0x00101aa3	0x00101aa7	CONDITIONAL_JUMP	0
0x00101aac	0x00101aeb	CONDITIONAL_JUMP	0
0x00101ab6	0x00101aba	CONDITIONAL_JUMP	0
0x00101abf	0x00101aeb	CONDITIONAL_JUMP	0
0x00101ac9	0x00101acd	CONDITIONAL_JUMP	0
0x00101ad2	0x00101aeb	CONDITIONAL_JUMP	0
0x00101adc	0x00101ae0	CONDITIONAL_JUMP	0
0x00101ae5	0x00101a4c	CONDITIONAL_JUMP	0
0x00101aed	0xStack[-0x10]	DATA	0
0x00101afb	0xStack[0x4]	READ	1
0x00101b00	0x00101b35	UNCONDITIONAL_JUMP	0
0x00101b09	0x00101b3c	CONDITIONAL_JUMP	0
0x00101b10	0x00101b3c	CONDITIONAL_JUMP	0
0x00101b17	0x00101b3c	CONDITIONAL_JUMP	0
0x00101b1e	0x00101b3c	CONDITIONAL_JUMP	0
0x00101b25	0x00101b3c	CONDITIONAL_JUMP	0
0x00101b2c	0x00101b3c	CONDITIONAL_JUMP	0
0x00101b33	0x00101b3c	CONDITIONAL_JUMP	0
0x00101b3a	0x00101b04	CONDITIONAL_JUMP	0
0x00101b4c	0xStack[0x8]	READ	1
0x00101b4f	0xStack[0x4]	READ	1
0x00101b5c	0x00101bb4	CONDITIONAL_JUMP	0
0x00101b66	0x00101bb4	CONDITIONAL_JUMP	0
0x00101b70	0x00101bb4	CONDITIONAL_JUMP	0
0x00101b7a	0x00101bb4	CONDITIONAL_JUMP	0
0x00101b84	0x00101bb4	CONDITIONAL_JUMP	0
0x00101b8e	0x00101bb4	CONDITIONAL_JUMP	0
0x00101b98	0x00101bb4	CONDITIONAL_JUMP	0
0x00101ba2	0x00101bb4	CONDITIONAL_JUMP	0
0x00101bb2	0x00101b60	CONDITIONAL_JUMP	0
0x00101bb6	0xStack[-0x8]	READ	1
0x00101bc5	0xStack[0x4]	READ	1
0x00101bc8	0xStack[0x8]	READ	1
0x00101bcd	0xStack[0xc]	READ	1
0x00101bd2	0x00101cad	CONDITIONAL_JUMP	0
0x00101bdc	0x00101c68	CONDITIONAL_JUMP	0
0x00101be9	0x00101cad	CONDITIONAL_JUMP	0
0x00101bf3	0x00101c68	CONDITIONAL_JUMP	0
0x00101bfc	0x00101cad	CONDITIONAL_JUMP	0
0x00101c06	0x00101c68	CONDITIONAL_JUMP	0
0x00101c0f	0x00101cad	CONDITIONAL_JUMP	0
0x00101c19	0x00101c68	CONDITIONAL_JUMP	0
0x00101c22	0x00101cad	CONDITIONAL_JUMP	0
0x00101c2c	0x00101c68	CONDITIONAL_JUMP	0
0x00101c35	0x00101cad	CONDITIONAL_JUMP	0
0x00101c3b	0x00101c68	CONDITIONAL_JUMP	0
0x00101c44	0x00101cad	CONDITIONAL_JUMP	0
0x00101c4a	0x00101c68	CONDITIONAL_JUMP	0
0x00101c53	0x00101cad	CONDITIONAL_JUMP	0
0x00101c59	0x00101c68	CONDITIONAL_JUMP	0
0x00101c62	0x00101bd8	CONDITIONAL_JUMP	0
0x00101c6a	0x00101cad	CONDITIONAL_JUMP	0
0x00101c73	0x00101c94	CONDITIONAL_JUMP	0
0x00101c78	0x00101c89	CONDITIONAL_JUMP	0
0x00101c7d	0x00101c84	CONDITIONAL_JUMP	0
0x00101c90	0x00101cad	CONDITIONAL_JUMP	0
0x00101cab	0x00101c94	CONDITIONAL_JUMP	0
0x00101caf	0xStack[-0xc]	DATA	0
0x00101cbc	0xStack[0x8]	READ	1
0x00101cbf	0xStack[0x4]	READ	1
0x00101cc8	0x00101d04	CONDITIONAL_JUMP	0
0x00101cd1	0x00101d04	CONDITIONAL_JUMP	0
0x00101cd8	0x00101d04	CONDITIONAL_JUMP	0
0x00101cdf	0x00101d04	CONDITIONAL_JUMP	0
0x00101ce6	0x00101d04	CONDITIONAL_JUMP	0
0x00101ced	0x00101d04	CONDITIONAL_JUMP	0
0x00101cf4	0x00101d04	CONDITIONAL_JUMP	0
0x00101cfb	0x00101d04	CONDITIONAL_JUMP	0
0x00101d02	0x00101ccc	CONDITIONAL_JUMP	0
0x00101d0d	0x00101d64	CONDITIONAL_JUMP	0
0x00101d16	0x00101d64	CONDITIONAL_JUMP	0
0x00101d20	0x00101d64	CONDITIONAL_JUMP	0
0x00101d2a	0x00101d64	CONDITIONAL_JUMP	0
0x00101d34	0x00101d64	CONDITIONAL_JUMP	0
0x00101d3e	0x00101d64	CONDITIONAL_JUMP	0
0x00101d48	0x00101d64	CONDITIONAL_JUMP	0
0x00101d52	0x00101d64	CONDITIONAL_JUMP	0
0x00101d62	0x00101d10	CONDITIONAL_JUMP	0
0x00101d66	0xStack[-0x8]	READ	1
0x00101d76	0xStack[0x8]	READ	1
0x00101d79	0xStack[0xc]	READ	1
0x00101d7c	0xStack[0x4]	READ	1
0x00101d85	0x00101dc0	CONDITIONAL_JUMP	0
0x00101d8d	0x00101dc0	CONDITIONAL_JUMP	0
0x00101d94	0x00101dc0	CONDITIONAL_JUMP	0
0x00101d9b	0x00101dc0	CONDITIONAL_JUMP	0
0x00101da2	0x00101dc0	CONDITIONAL_JUMP	0
0x00101da9	0x00101dc0	CONDITIONAL_JUMP	0
0x00101db0	0x00101dc0	CONDITIONAL_JUMP	0
0x00101db7	0x00101dc0	CONDITIONAL_JUMP	0
0x00101dbe	0x00101d88	CONDITIONAL_JUMP	0
0x00101dc9	0x00101e6d	CONDITIONAL_JUMP	0
0x00101dd9	0x00101e53	CONDITIONAL_JUMP	0
0x00101de2	0x00101e6d	CONDITIONAL_JUMP	0
0x00101ded	0x00101e53	CONDITIONAL_JUMP	0
0x00101df7	0x00101e6d	CONDITIONAL_JUMP	0
0x00101dfe	0x00101e53	CONDITIONAL_JUMP	0
0x00101e08	0x00101e6d	CONDITIONAL_JUMP	0
0x00101e0f	0x00101e53	CONDITIONAL_JUMP	0
0x00101e19	0x00101e6d	CONDITIONAL_JUMP	0
0x00101e20	0x00101e53	CONDITIONAL_JUMP	0
0x00101e2a	0x00101e6d	CONDITIONAL_JUMP	0
0x00101e31	0x00101e53	CONDITIONAL_JUMP	0
0x00101e3b	0x00101e6d	CONDITIONAL_JUMP	0
0x00101e42	0x00101e53	CONDITIONAL_JUMP	0
0x00101e4c	0x00101e6d	CONDITIONAL_JUMP	0
0x00101e51	0x00101e5c	CONDITIONAL_JUMP	0
0x00101e57	0x00101e6d	UNCONDITIONAL_JUMP	0
0x00101e67	0x00101dd4	CONDITIONAL_JUMP	0
0x00101e6f	0xStack[-0x10]	DATA	0
0x00101e7f	0xStack[0x4]	READ	1
0x00101e82	0xStack[0x8]	READ	1
0x00101e88	0x00101eed	CONDITIONAL_JUMP	0
0x00101e90	0x00101eed	CONDITIONAL_JUMP	0
0x00101e98	0x00101eed	CONDITIONAL_JUMP	0
0x00101e9c	0x00101eed	CONDITIONAL_JUMP	0
0x00101ea4	0x00101eed	CONDITIONAL_JUMP	0
0x00101ea8	0x00101eed	CONDITIONAL_JUMP	0
0x00101eb0	0x00101eed	CONDITIONAL_JUMP	0
0x00101eb4	0x00101eed	CONDITIONAL_JUMP	0
0x00101ebc	0x00101eed	CONDITIONAL_JUMP	0
0x00101ec0	0x00101eed	CONDITIONAL_JUMP	0
0x00101ec8	0x00101eed	CONDITIONAL_JUMP	0
0x00101ecc	0x00101eed	CONDITIONAL_JUMP	0
0x00101ed4	0x00101eed	CONDITIONAL_JUMP	0
0x00101ed8	0x00101eed	CONDITIONAL_JUMP	0
0x00101ee0	0x00101eed	CONDITIONAL_JUMP	0
0x00101ee4	0x00101eed	CONDITIONAL_JUMP	0
0x00101eeb	0x00101e8c	CONDITIONAL_JUMP	0
0x00101f00	0xStack[0x4]	READ	1
0x00101f03	0xStack[0x8]	READ	1
0x00101f06	0xStack[0xc]	READ	1
0x00101f09	0x00101f98	UNCONDITIONAL_JUMP	0
0x00101f14	0x00101fa5	CONDITIONAL_JUMP	0
0x00101f1f	0x00101fa9	CONDITIONAL_JUMP	0
0x00101f29	0x00101fa5	CONDITIONAL_JUMP	0
0x00101f2d	0x00101fa5	CONDITIONAL_JUMP	0
0x00101f34	0x00101fa9	CONDITIONAL_JUMP	0
0x00101f3a	0x00101fa5	CONDITIONAL_JUMP	0
0x00101f3e	0x00101fa5	CONDITIONAL_JUMP	0
0x00101f45	0x00101fa9	CONDITIONAL_JUMP	0
0x00101f4b	0x00101fa5	CONDITIONAL_JUMP	0
0x00101f4f	0x00101fa5	CONDITIONAL_JUMP	0
0x00101f56	0x00101fa9	CONDITIONAL_JUMP	0
0x00101f5c	0x00101fa5	CONDITIONAL_JUMP	0
0x00101f60	0x00101fa5	CONDITIONAL_JUMP	0
0x00101f67	0x00101fa9	CONDITIONAL_JUMP	0
0x00101f6d	0x00101fa5	CONDITIONAL_JUMP	0
0x00101f71	0x00101fa5	CONDITIONAL_JUMP	0
0x00101f78	0x00101fa9	CONDITIONAL_JUMP	0
0x00101f7e	0x00101fa5	CONDITIONAL_JUMP	0
0x00101f82	0x00101fa5	CONDITIONAL_JUMP	0
0x00101f89	0x00101fa9	CONDITIONAL_JUMP	0
0x00101f8f	0x00101fa5	CONDITIONAL_JUMP	0
0x00101f93	0x00101fa5	CONDITIONAL_JUMP	0
0x00101f9a	0x00101fa9	CONDITIONAL_JUMP	0
0x00101f9f	0x00101f10	CONDITIONAL_JUMP	0
0x00101fa7	0x00101fb0	CONDITIONAL_JUMP	0
0x00101fab	0x00101fba	UNCONDITIONAL_JUMP	0
0x00101fba	0xStack[-0x8]	READ	1
0x00101fc8	0xStack[0x4]	READ	1
0x00101fcb	0xStack[0x8]	READ	1
0x00101fd7	0x00101fe4	CONDITIONAL_JUMP	0
0x00101fdc	0x00101fd0	CONDITIONAL_JUMP	0
0x00101fe0	0x00101fe6	UNCONDITIONAL_JUMP	0
0x00101fe6	0xStack[-0x8]	READ	1
0x00101ff3	0xStack[0x4]	READ	1
0x00101ff8	0x00102000	CONDITIONAL_JUMP	0
0x00102007	0x001020a3	CONDITIONAL_JUMP	0
0x00102018	0x001020a3	CONDITIONAL_JUMP	0
0x00102026	0x001020a3	CONDITIONAL_JUMP	0
0x00102030	0x001020a3	CONDITIONAL_JUMP	0
0x0010203a	0x001020a3	CONDITIONAL_JUMP	0
0x00102044	0x001020a3	CONDITIONAL_JUMP	0
0x0010204e	0x001020a3	CONDITIONAL_JUMP	0
0x00102058	0x001020a3	CONDITIONAL_JUMP	0
0x00102062	0x00102010	CONDITIONAL_JUMP	0
0x00102064	0x001020a3	UNCONDITIONAL_JUMP	0
0x0010206e	0x001020a8	CONDITIONAL_JUMP	0
0x00102076	0x001020a8	CONDITIONAL_JUMP	0
0x0010207e	0x001020a8	CONDITIONAL_JUMP	0
0x00102086	0x001020a8	CONDITIONAL_JUMP	0
0x0010208e	0x001020a8	CONDITIONAL_JUMP	0
0x00102096	0x001020a8	CONDITIONAL_JUMP	0
0x0010209e	0x001020a8	CONDITIONAL_JUMP	0
0x001020a6	0x00102068	CONDITIONAL_JUMP	0
0x001020b5	0x001e875c	READ	1
0x001020c0	0x0010211c	CONDITIONAL_JUMP	0
0x001020c9	0x0010211c	CONDITIONAL_JUMP	0
0x001020d0	0x001e8758	READ	1
0x001020dc	0xStack[-0x8]	WRITE	0
0x001020ec	0x0010210c	CONDITIONAL_JUMP	0
0x001020ee	0x001020f8	CONDITIONAL_JUMP	0
0x001020f2	0x00102128	CONDITIONAL_JUMP	0
0x001020f4	0x0010211c	UNCONDITIONAL_JUMP	0
0x001020fb	0x0010211c	CONDITIONAL_JUMP	0
0x001020ff	0xStack[-0x8]	READ	1
0x00102108	0x00102128	UNCONDITIONAL_JUMP	0
0x00102110	0xStack[-0x8]	READ	1
0x00102119	0x00102128	UNCONDITIONAL_JUMP	0
0x0010211c	0x001e875c	READ	1
0x00102125	0x00102143	UNCONDITIONAL_JUMP	0
0x00102128	0x001e875c	READ	1
0x0010212f	0x0010213c	CONDITIONAL_JUMP	0
0x00102138	0x00102143	UNCONDITIONAL_JUMP	0
0x00102143	0xStack[-0x14]	DATA	0
0x0010215c	0x001e875c	READ	1
0x00102164	0xStack[-0xb8]	WRITE	0
0x0010216a	0xStack[-0xbc]	WRITE	0
0x00102174	0xStack[-0xc0]	WRITE	0
0x00102182	0x001021df	CONDITIONAL_JUMP	0
0x00102187	0x0018d1cc	UNCONDITIONAL_CALL	0
0x00102191	0x0010219a	CONDITIONAL_JUMP	0
0x00102193	0x0010219a	CONDITIONAL_JUMP	0
0x00102198	0x001021d0	CONDITIONAL_JUMP	0
0x0010219a	0x001e875c	READ	1
0x001021a3	0x0010290a	UNCONDITIONAL_JUMP	0
0x001021ac	0x001e875c	READ	1
0x001021b5	0x0010290a	UNCONDITIONAL_JUMP	0
0x001021bc	0x001e875c	READ	1
0x001021c1	0xStack[-0xbc]	READ	1
0x001021ca	0x0010290a	UNCONDITIONAL_JUMP	0
0x001021d0	0xStack[-0xc0]	READ_WRITE	0
0x001021d6	0xStack[-0xb8]	READ	1
0x001021df	0x001e875c	READ	1
0x001021eb	0xStack[-0xb8]	READ	1
0x001021f4	0x001028f9	CONDITIONAL_JUMP	0
0x001021fa	0x001e8758	READ	1
0x0010220a	0x00102214	CONDITIONAL_JUMP	0
0x0010220e	0x0010281c	CONDITIONAL_JUMP	0
0x00102214	0xStack[-0xb8]	READ	1
0x0010221e	0x0010281c	CONDITIONAL_JUMP	0
0x00102224	0x001028f9	UNCONDITIONAL_JUMP	0
0x0010222c	0xStack[-0xcc]	WRITE	0
0x00102236	0xStack[-0xd0]	WRITE	0
0x00102240	0xStack[-0xc0]	READ	1
0x00102247	0xStack[-0xb8]	READ	1
0x00102252	0xStack[-0xb8]	READ	1
0x0010225c	0xStack[-0xb8]	READ	1
0x00102266	0xStack[-0xb8]	READ	1
0x0010226f	0x0018d1d8	UNCONDITIONAL_CALL	0
0x00102279	0x00102290	CONDITIONAL_JUMP	0
0x0010227b	0x0010281c	CONDITIONAL_JUMP	0
0x00102284	0x0010281c	CONDITIONAL_JUMP	0
0x0010228a	0x001028df	UNCONDITIONAL_JUMP	0
0x00102290	0xStack[-0xb8]	READ	1
0x0010229c	0x0010281c	CONDITIONAL_JUMP	0
0x001022a2	0x001022e8	COMPUTED_JUMP	-1
0x001022a2	0x00102374	COMPUTED_JUMP	-1
0x001022a2	0x0010231c	COMPUTED_JUMP	-1
0x001022a2	0x0010281c	COMPUTED_JUMP	-1
0x001022a2	0x00102348	COMPUTED_JUMP	-1
0x001022a2	0x00102418	COMPUTED_JUMP	-1
0x001022a2	0x0010256c	COMPUTED_JUMP	-1
0x001022a2	0x0010264c	COMPUTED_JUMP	-1
0x001022a2	0x0010268c	COMPUTED_JUMP	-1
0x001022a2	0x001026fc	COMPUTED_JUMP	-1
0x001022a2	0x0010276c	COMPUTED_JUMP	-1
0x001022a2	0x001022ac	DATA	0
0x001022ac	0x001022e8	DATA	0
0x001022b0	0x00102374	DATA	0
0x001022b4	0x0010231c	DATA	0
0x001022b8	0x0010281c	DATA	0
0x001022bc	0x00102348	DATA	0
0x001022c0	0x00102418	DATA	0
0x001022c4	0x0010281c	DATA	0
0x001022c8	0x0010281c	DATA	0
0x001022cc	0x0010281c	DATA	0
0x001022d0	0x0010256c	DATA	0
0x001022d4	0x0010264c	DATA	0
0x001022d8	0x0010268c	DATA	0
0x001022dc	0x001026fc	DATA	0
0x001022e0	0x0010281c	DATA	0
0x001022e4	0x0010276c	DATA	0
0x001022e8	0x001e8758	READ	1
0x001022f4	0x00102300	CONDITIONAL_JUMP	0
0x001022fc	0x0010230f	UNCONDITIONAL_JUMP	0
0x00102300	0xStack[-0xae]	WRITE	0
0x00102309	0xStack[-0xae]	DATA	0
0x00102314	0x00102834	UNCONDITIONAL_JUMP	0
0x0010231c	0xStack[-0xb8]	READ	1
0x00102326	0x0010281c	CONDITIONAL_JUMP	0
0x00102330	0x0010281c	CONDITIONAL_JUMP	0
0x00102338	0xStack[-0x24]	DATA	0
0x0010233c	0x001dee68	DATA	0
0x00102341	0x00102671	UNCONDITIONAL_JUMP	0
0x00102348	0xStack[-0x14]	DATA	0
0x0010234c	0xStack[-0xb8]	READ	1
0x00102356	0x00102918	UNCONDITIONAL_CALL	0
0x00102360	0x0010281c	CONDITIONAL_JUMP	0
0x0010236d	0x00102834	UNCONDITIONAL_JUMP	0
0x00102374	0xStack[-0xb8]	READ	1
0x0010237e	0x00107374	UNCONDITIONAL_CALL	0
0x0010238a	0x001021ac	CONDITIONAL_JUMP	0
0x00102398	0x00102396	CONDITIONAL_JUMP	0
0x001023a6	0x00102394	CONDITIONAL_JUMP	0
0x001023ac	0x001021a8	CONDITIONAL_JUMP	0
0x001023b6	0x00167238	UNCONDITIONAL_CALL	0
0x001023c2	0x001e89ec	READ	1
0x001023d2	0x001e89e4	READ	1
0x001023d9	0x00174518	UNCONDITIONAL_CALL	0
0x001023e2	0x0017c2c4	UNCONDITIONAL_CALL	0
0x001023e8	0x00166ea0	UNCONDITIONAL_CALL	0
0x001023f2	0xStack[-0xcc]	WRITE	0
0x001023f8	0x001e89ec	READ	1
0x00102409	0xStack[-0xd0]	WRITE	0
0x00102412	0x00102834	UNCONDITIONAL_JUMP	0
0x00102418	0xStack[-0xb8]	READ	1
0x00102422	0x00107374	UNCONDITIONAL_CALL	0
0x0010242e	0x001021ac	CONDITIONAL_JUMP	0
0x0010243a	0xStack[-0xb8]	READ	1
0x00102443	0xStack[-0xd8]	WRITE	0
0x0010244b	0x0010281c	CONDITIONAL_JUMP	0
0x00102459	0x0010281c	CONDITIONAL_JUMP	0
0x00102461	0xStack[-0xd8]	READ	1
0x00102468	0x001747a8	UNCONDITIONAL_CALL	0
0x0010246d	0x001e89ec	READ	1
0x00102472	0xStack[-0xd8]	READ	1
0x0010247f	0x001e89e4	READ	1
0x00102486	0x00174518	UNCONDITIONAL_CALL	0
0x0010248b	0xStack[-0xc4]	WRITE	0
0x00102493	0xStack[-0xd8]	READ	1
0x00102499	0x001e89ec	READ	1
0x001024a6	0xStack[-0xc8]	WRITE	0
0x001024b3	0xStack[-0xd8]	READ	1
0x001024bc	0xStack[-0xc4]	READ	1
0x001024c4	0x001e89e4	READ	1
0x001024cb	0x00176888	UNCONDITIONAL_CALL	0
0x001024d5	0x00102504	CONDITIONAL_JUMP	0
0x001024d7	0x001e89ec	READ	1
0x001024dc	0xStack[-0xd8]	READ	1
0x001024ea	0x001e89e4	READ	1
0x001024f1	0x001745b4	UNCONDITIONAL_CALL	0
0x001024f7	0x001747d8	UNCONDITIONAL_CALL	0
0x001024fc	0x0010281c	UNCONDITIONAL_JUMP	0
0x00102505	0x001747d8	UNCONDITIONAL_CALL	0
0x0010250a	0xStack[-0xc8]	READ	1
0x00102510	0xStack[-0xd8]	READ	1
0x00102516	0xStack[-0xd8]	READ	1
0x0010251f	0xStack[-0xc8]	READ	1
0x00102528	0xStack[-0xc8]	READ	1
0x00102532	0x00102540	CONDITIONAL_JUMP	0
0x00102536	0x00102540	CONDITIONAL_JUMP	0
0x0010253e	0x00102534	CONDITIONAL_JUMP	0
0x00102544	0x00101600	UNCONDITIONAL_CALL	0
0x00102549	0xStack[-0xc4]	READ	1
0x0010254f	0xStack[-0xcc]	WRITE	0
0x00102555	0xStack[-0xc8]	READ	1
0x0010255b	0xStack[-0xd0]	WRITE	0
0x00102564	0x00102834	UNCONDITIONAL_JUMP	0
0x0010256c	0xStack[-0xb8]	READ	1
0x00102577	0x0010257e	CONDITIONAL_JUMP	0
0x0010257e	0xStack[-0xb8]	READ	1
0x00102588	0x00107374	UNCONDITIONAL_CALL	0
0x00102594	0x001021ac	CONDITIONAL_JUMP	0
0x0010259e	0x001025bc	CONDITIONAL_JUMP	0
0x001025a2	0xStack[-0x54]	DATA	0
0x001025a6	0x00101600	UNCONDITIONAL_CALL	0
0x001025ab	0xStack[-0x40]	WRITE	0
0x001025b5	0x0010263f	UNCONDITIONAL_JUMP	0
0x001025c0	0xStack[-0x54]	WRITE	0
0x001025c7	0xStack[-0x50]	WRITE	0
0x001025ce	0xStack[-0x4c]	WRITE	0
0x001025d5	0xStack[-0x48]	WRITE	0
0x001025db	0xStack[-0x3c]	WRITE	0
0x001025e3	0x001025f0	CONDITIONAL_JUMP	0
0x001025e5	0xStack[-0x40]	WRITE	0
0x001025ec	0x0010263f	UNCONDITIONAL_JUMP	0
0x001025fa	0x00102608	CONDITIONAL_JUMP	0
0x001025fc	0xStack[-0x44]	WRITE	0
0x00102603	0x00102612	UNCONDITIONAL_JUMP	0
0x0010260f	0xStack[-0x44]	WRITE	0
0x00102614	0xStack[-0x38]	DATA	0
0x0010261c	0x001013cc	UNCONDITIONAL_CALL	0
0x00102621	0xStack[-0x28]	WRITE	0
0x0010262c	0x00102638	CONDITIONAL_JUMP	0
0x0010262e	0xStack[-0x40]	WRITE	0
0x00102635	0x0010263f	UNCONDITIONAL_JUMP	0
0x00102638	0xStack[-0x40]	WRITE	0
0x0010263f	0xStack[-0x54]	DATA	0
0x00102647	0x00102834	UNCONDITIONAL_JUMP	0
0x0010264c	0xStack[-0xb8]	READ	1
0x00102656	0x0010281c	CONDITIONAL_JUMP	0
0x00102660	0x0010281c	CONDITIONAL_JUMP	0
0x00102668	0xStack[-0x24]	DATA	0
0x0010266c	0x001dee74	DATA	0
0x00102671	0x001013cc	UNCONDITIONAL_CALL	0
0x00102676	0xStack[-0x18]	WRITE	0
0x00102687	0x00102834	UNCONDITIONAL_JUMP	0
0x0010268c	0xStack[-0xb8]	READ	1
0x00102696	0x0010281c	CONDITIONAL_JUMP	0
0x001026a0	0x0010281c	CONDITIONAL_JUMP	0
0x001026a6	0x001e8940	READ	1
0x001026ac	0xStack[-0x7c]	WRITE	0
0x001026af	0x001e894c	READ	1
0x001026b5	0xStack[-0x78]	WRITE	0
0x001026b8	0x001e8948	READ	1
0x001026be	0xStack[-0x74]	WRITE	0
0x001026c1	0x001e8944	READ	1
0x001026c7	0xStack[-0x70]	WRITE	0
0x001026ca	0x001dee30	READ	1
0x001026d0	0xStack[-0x6c]	WRITE	0
0x001026d3	0xStack[-0x68]	WRITE	0
0x001026dc	0xStack[-0x7c]	DATA	0
0x001026df	0xStack[-0x64]	DATA	0
0x001026e3	0x001e89c0	DATA	0
0x001026e8	0x001013cc	UNCONDITIONAL_CALL	0
0x001026f7	0x00102834	UNCONDITIONAL_JUMP	0
0x001026fc	0xStack[-0xb8]	READ	1
0x00102706	0x0010281c	CONDITIONAL_JUMP	0
0x00102710	0x0010281c	CONDITIONAL_JUMP	0
0x00102716	0x001e8b18	READ	1
0x0010271c	0xStack[-0x90]	WRITE	0
0x00102722	0x001e8b1c	READ	1
0x00102728	0xStack[-0x8c]	WRITE	0
0x0010272e	0x001e89d0	READ	1
0x00102734	0xStack[-0x88]	WRITE	0
0x0010273a	0x001da000	READ	1
0x00102740	0xStack[-0x84]	WRITE	0
0x00102745	0x001e89e0	READ	1
0x0010274c	0x00102758	CONDITIONAL_JUMP	0
0x00102756	0x00102750	CONDITIONAL_JUMP	0
0x00102758	0xStack[-0x80]	WRITE	0
0x0010275b	0xStack[-0x90]	DATA	0
0x00102766	0x00102834	UNCONDITIONAL_JUMP	0
0x0010276c	0xStack[-0xb8]	READ	1
0x00102775	0x001e89e0	READ	1
0x0010277d	0x0010281c	CONDITIONAL_JUMP	0
0x00102786	0x00102790	CONDITIONAL_JUMP	0
0x0010278e	0x00102784	CONDITIONAL_JUMP	0
0x00102792	0x0010281c	CONDITIONAL_JUMP	0
0x0010279b	0xStack[-0xac]	WRITE	0
0x001027a4	0xStack[-0xa8]	WRITE	0
0x001027ad	0xStack[-0xa4]	WRITE	0
0x001027b6	0xStack[-0xa0]	WRITE	0
0x001027bf	0xStack[-0x9c]	WRITE	0
0x001027ca	0xStack[-0xac]	DATA	0
0x001027d0	0xStack[-0x98]	DATA	0
0x001027d7	0xStack[-0xdc]	WRITE	0
0x001027dd	0x00101bc0	UNCONDITIONAL_CALL	0
0x001027e4	0xStack[-0xdc]	READ	1
0x00102818	0x00102834	UNCONDITIONAL_JUMP	0
0x0010281c	0x001e875c	READ	1
0x00102825	0x0010290a	CONDITIONAL_JUMP	0
0x0010282f	0x0010290a	UNCONDITIONAL_JUMP	0
0x00102834	0xStack[-0xb8]	READ	1
0x0010283f	0x00102843	CONDITIONAL_JUMP	0
0x00102845	0x001028a6	CONDITIONAL_JUMP	0
0x00102847	0xStack[-0xc0]	READ	0
0x0010284e	0x0010288c	CONDITIONAL_JUMP	0
0x00102851	0xStack[-0xb4]	DATA	0
0x00102858	0xStack[-0xb8]	READ	1
0x00102862	0xStack[-0xdc]	WRITE	0
0x00102868	0x00189a5c	UNCONDITIONAL_CALL	0
0x0010286d	0xStack[-0xbc]	WRITE	0
0x00102876	0xStack[-0xdc]	READ	1
0x0010287e	0x001028a6	CONDITIONAL_JUMP	0
0x00102883	0x001013cc	UNCONDITIONAL_CALL	0
0x00102888	0x001028a3	UNCONDITIONAL_JUMP	0
0x0010288d	0xStack[-0xb8]	READ	1
0x00102898	0x00189cec	UNCONDITIONAL_CALL	0
0x0010289d	0xStack[-0xbc]	WRITE	0
0x001028a6	0xStack[-0xcc]	READ	0
0x001028ad	0x001028d2	CONDITIONAL_JUMP	0
0x001028af	0xStack[-0xd0]	READ	1
0x001028b5	0xStack[-0xcc]	READ	1
0x001028bc	0xStack[-0xcc]	READ	1
0x001028c3	0x001e89e4	READ	1
0x001028ca	0x001745b4	UNCONDITIONAL_CALL	0
0x001028d2	0xStack[-0xbc]	READ	0
0x001028d9	0x001021bc	CONDITIONAL_JUMP	0
0x001028df	0xStack[-0xb8]	READ	1
0x001028f1	0x001e875c	READ	1
0x001028f9	0xStack[-0xb8]	READ	1
0x00102904	0x0010222c	CONDITIONAL_JUMP	0
0x0010290a	0xStack[-0xe8]	DATA	0
0x0010291b	0x001de3e4	READ	1
0x00102922	0x0010292b	CONDITIONAL_JUMP	0
0x00102929	0x00102924	CONDITIONAL_JUMP	0
0x00102939	0xStack[0x4]	READ	1
0x00102955	0x00102959	CONDITIONAL_JUMP	0
0x0010295a	0x001e8758	READ	1
0x00102964	0x001013cc	UNCONDITIONAL_CALL	0
0x00102969	0xStack[-0xc]	DATA	0
0x0010297d	0x00107440	UNCONDITIONAL_CALL	0
0x00102982	0x001e8dec	READ	1
0x00102988	0x001dfb90	READ	1
0x00102998	0x001073ac	UNCONDITIONAL_CALL	0
0x0010299d	0x001dfb90	READ	1
0x001029a6	0x0018c0d8	UNCONDITIONAL_CALL	0
0x001029ae	0x0018b544	UNCONDITIONAL_CALL	0
0x001029b3	0x00169124	UNCONDITIONAL_CALL	0
0x001029b8	0x001e8b54	READ	1
0x001029bf	0x00106e0c	UNCONDITIONAL_CALL	0
0x001029e8	0x001e8758	READ	1
0x001029f0	0x0010835c	UNCONDITIONAL_CALL	0
0x001029f5	0x001e8758	READ	1
0x001029fe	0x001e8758	READ	1
0x00102a04	0x001da004	READ	1
0x00102a12	0x001e8758	READ	1
0x00102a28	0x001e8758	READ	1
0x00102a4b	0x00102a28	CONDITIONAL_JUMP	0
0x00102a4d	0x001e8758	READ	1
0x00102a53	0x001da008	READ	1
0x00102a59	0x001da00c	READ	1
0x00102a6a	0x001e8758	READ	1
0x00102a70	0x001da010	READ	1
0x00102a76	0x001da014	READ	1
0x00102a87	0x001e8758	READ	1
0x00102a8d	0x001da018	READ	1
0x00102a93	0x001da01c	READ	1
0x00102aa8	0x001e8e50	WRITE	0
0x00102aa8	0x001e8e54	WRITE	0
0x00102ab3	0x001e8f50	WRITE	0
0x00102ab3	0x001e8f54	WRITE	0
0x00102ac2	0x00102aa8	CONDITIONAL_JUMP	0
0x00102ac6	0x00107964	UNCONDITIONAL_CALL	0
0x00102acb	0x001e9054	WRITE	0
0x00102ad0	0x001e8e30	DATA	1
0x00102ade	0x001e8758	READ	1
0x00102aef	0x001e8758	READ	1
0x00102b00	0x001e8758	READ	1
0x00102b1c	0x001e9054	READ	1
0x00102b26	0x001e8e50	WRITE	0
0x00102b26	0x001e8e30	DATA	1
0x00102b30	0x001e8e34	WRITE	0
0x00102b36	0x001e8e38	WRITE	0
0x00102b36	0x001e9060	DATA	1
0x00102b40	0x001e8e30	WRITE	0
0x00102b4a	0x001e8e40	WRITE	0
0x00102b54	0x001e9060	WRITE	0
0x00102b5e	0x001e9064	WRITE	0
0x00102b64	0x001e9068	WRITE	0
0x00102b6e	0x001e906c	WRITE	0
0x00102b77	0x0017c40c	UNCONDITIONAL_CALL	0
0x00102b83	0xStack[-0xc]	DATA	0
0x00102b87	0xStack[-0x8]	DATA	0
0x00102b8b	0x001e8de8	READ	1
0x00102b92	0x00173fbc	UNCONDITIONAL_CALL	0
0x00102b97	0x001e89e4	WRITE	0
0x00102b9c	0x00160478	UNCONDITIONAL_CALL	0
0x00102ba1	0x0015dfe4	UNCONDITIONAL_CALL	0
0x00102ba8	0x001e8758	READ	1
0x00102bb2	0x0015b54c	UNCONDITIONAL_CALL	0
0x00102bb7	0x001e8758	READ	1
0x00102bc3	0x001e8758	READ	1
0x00102bcc	0x001e9058	WRITE	0
0x00102bdc	0x001e8758	READ	1
0x00102bf0	0x00102bdc	CONDITIONAL_JUMP	0
0x00102bf2	0x00113b5c	UNCONDITIONAL_CALL	0
0x00102bf7	0x00103030	UNCONDITIONAL_CALL	0
0x00102bfc	0x0018b958	UNCONDITIONAL_CALL	0
0x00102c03	0x0011edac	UNCONDITIONAL_CALL	0
0x00102c08	0x00113914	UNCONDITIONAL_CALL	0
0x00102c0e	0x0018b544	UNCONDITIONAL_CALL	0
0x00102c13	0x00102eec	UNCONDITIONAL_CALL	0
0x00102c18	0x0011b28c	UNCONDITIONAL_CALL	0
0x00102c1d	0x001e8758	READ	1
0x00102c2d	0x001e8758	READ	1
0x00102c44	0x001e8e00	READ	0
0x00102c44	0x001e8e20	READ	0
0x00102c4b	0x00102c91	CONDITIONAL_JUMP	0
0x00102c4d	0xStack[-0x10]	DATA	0
0x00102c51	0x001dfb90	READ	1
0x00102c58	0x00166c48	UNCONDITIONAL_CALL	0
0x00102c5d	0x001e9050	READ	1
0x00102c65	0xStack[-0x10]	READ	1
0x00102c69	0x00163450	UNCONDITIONAL_CALL	0
0x00102c6e	0x00164a0c	DATA	0
0x00102c73	0xStack[-0x10]	READ	1
0x00102c77	0x0016847c	UNCONDITIONAL_CALL	0
0x00102c7c	0xStack[-0x10]	READ	1
0x00102c80	0x00168f90	UNCONDITIONAL_CALL	0
0x00102c85	0xStack[-0x10]	READ	1
0x00102c89	0x00167d48	UNCONDITIONAL_CALL	0
0x00102c97	0x00102c44	CONDITIONAL_JUMP	0
0x00102c99	0x00102f14	UNCONDITIONAL_CALL	0
0x00102c9e	0x00163d94	UNCONDITIONAL_CALL	0
0x00102ca7	0x00102ea4	UNCONDITIONAL_CALL	0
0x00102cae	0x00168740	DATA	0
0x00102cb3	0x001dfb90	READ	1
0x00102cba	0x0016848c	UNCONDITIONAL_CALL	0
0x00102cc1	0x0016910c	DATA	0
0x00102cc6	0x001dfb90	READ	1
0x00102ccd	0x0016848c	UNCONDITIONAL_CALL	0
0x00102cd7	0x00164b8c	DATA	0
0x00102cdc	0x001dfb90	READ	1
0x00102ce3	0x0016848c	UNCONDITIONAL_CALL	0
0x00102cea	0x001212d0	DATA	0
0x00102cef	0x001dfb90	READ	1
0x00102cf6	0x0016848c	UNCONDITIONAL_CALL	0
0x00102cfb	0x001cfe44	UNCONDITIONAL_CALL	0
0x00102d00	0x0010307c	DATA	0
0x00102d05	0x001ced0c	UNCONDITIONAL_CALL	0
0x00102d0a	0x00195918	UNCONDITIONAL_CALL	0
0x00102d0f	0x0017e234	UNCONDITIONAL_CALL	0
0x00102d14	0x00191848	UNCONDITIONAL_CALL	0
0x00102d19	0x0011f51c	UNCONDITIONAL_CALL	0
0x00102d1e	0x001e875c	READ	1
0x00102d28	0x00119538	UNCONDITIONAL_CALL	0
0x00102d2d	0x001e8758	READ	1
0x00102d3a	0x001047c8	UNCONDITIONAL_CALL	0
0x00102d41	0x00106984	UNCONDITIONAL_CALL	0
0x00102d46	0xStack[-0x10]	WRITE	0
0x00102d58	0x00107374	UNCONDITIONAL_CALL	0
0x00102d5d	0x001e8de4	WRITE	0
0x00102d62	0x00171e30	UNCONDITIONAL_CALL	0
0x00102d67	0x001e9070	READ	1
0x00102d6e	0x0015a600	UNCONDITIONAL_CALL	0
0x00102d73	0x001e9070	READ	1
0x00102d7c	0xStack[-0x10]	READ	1
0x00102d83	0x00159e08	UNCONDITIONAL_CALL	0
0x00102d88	0x00102e30	DATA	0
0x00102d8d	0xStack[-0x10]	READ	1
0x00102d91	0x0016847c	UNCONDITIONAL_CALL	0
0x00102d96	0xStack[-0x10]	READ	1
0x00102d9a	0x00167d48	UNCONDITIONAL_CALL	0
0x00102da2	0x00160bd4	UNCONDITIONAL_CALL	0
0x00102da9	0x0017a0a4	DATA	0
0x00102dae	0x001dfb90	READ	1
0x00102db5	0x0016848c	UNCONDITIONAL_CALL	0
0x00102dba	0x001e8e24	WRITE	0
0x00102dbf	0x00185900	UNCONDITIONAL_CALL	0
0x00102dc4	0x0016d5b4	UNCONDITIONAL_CALL	0
0x00102dc9	0x001e8758	READ	1
0x00102dda	0x001da020	DATA	1
0x00102de5	0x001da020	READ	0
0x00102de5	0x001da021	READ	0
0x00102df6	0x00102dfa	CONDITIONAL_JUMP	0
0x00102dfb	0x001e8758	READ	1
0x00102e05	0x001da020	DATA	0
0x00102e0a	0x001013cc	UNCONDITIONAL_CALL	0
0x00102e12	0x001e8b54	READ	1
0x00102e19	0x0016727c	UNCONDITIONAL_CALL	0
0x00102e1e	0x001678b4	UNCONDITIONAL_CALL	0
0x00102e23	0xStack[-0x1c]	DATA	0
0x00102e36	0x001da02c	DATA	1
0x00102e41	0x001da02c	READ	0
0x00102e41	0x001da02d	READ	0
0x00102e50	0x00102e54	CONDITIONAL_JUMP	0
0x00102e55	0x001e8758	READ	1
0x00102e5e	0x001da02c	DATA	0
0x00102e63	0x001013cc	UNCONDITIONAL_CALL	0
0x00102e6b	0x001e875c	READ	1
0x00102e71	0x001e8b54	READ	1
0x00102e7f	0x00102e88	CONDITIONAL_JUMP	0
0x00102e86	0x00102e91	UNCONDITIONAL_JUMP	0
0x00102e89	0x0018dc54	UNCONDITIONAL_CALL	0
0x00102e93	0x00105840	UNCONDITIONAL_CALL	0
0x00102e98	0x0018dec0	UNCONDITIONAL_CALL	0
0x00102e9d	0xStack[-0x8]	READ	1
0x00102ea8	0xStack[0x8]	READ	1
0x00102eaf	0x001e8df0	DATA	0
0x00102eb4	0x001631a0	UNCONDITIONAL_CALL	0
0x00102ebe	0x00102ed1	CONDITIONAL_JUMP	0
0x00102ec2	0x00102ea4	DATA	0
0x00102ec7	0x00169784	UNCONDITIONAL_CALL	0
0x00102ed8	0x001691e8	UNCONDITIONAL_CALL	0
0x00102ee0	0x00169944	UNCONDITIONAL_CALL	0
0x00102ee5	0xStack[-0x8]	READ	1
0x00102eef	0x001e8880	DATA	1
0x00102ef6	0x001e8884	DATA	1
0x00102efc	0x001e8888	WRITE	0
0x00102efc	0x001e8880	DATA	0
0x00102efc	0x001e8894	WRITE	0
0x00102efc	0x001e888c	DATA	0
0x00102eff	0x001e8884	WRITE	0
0x00102eff	0x001e8880	DATA	1
0x00102eff	0x001e8890	WRITE	0
0x00102eff	0x001e888c	DATA	1
0x00102f02	0x001e889c	DATA	0
0x00102f0b	0x00102efc	CONDITIONAL_JUMP	0
0x00102f1d	0x001e8760	DATA	1
0x00102f22	0x001e8870	DATA	1
0x00102f28	0x00102f4f	CONDITIONAL_JUMP	0
0x00102f2a	0x001e8764	DATA	1
0x00102f30	0x001e8770	WRITE	0
0x00102f30	0x001e8760	DATA	1
0x00102f30	0x001e87b4	WRITE	0
0x00102f30	0x001e87a4	DATA	1
0x00102f33	0x001e876c	WRITE	0
0x00102f33	0x001e8760	DATA	1
0x00102f33	0x001e87b0	WRITE	0
0x00102f33	0x001e87a4	DATA	1
0x00102f36	0x001e8768	WRITE	0
0x00102f36	0x001e8760	DATA	0
0x00102f36	0x001e87ac	WRITE	0
0x00102f36	0x001e87a4	DATA	0
0x00102f39	0x001e8764	WRITE	0
0x00102f39	0x001e8760	DATA	1
0x00102f39	0x001e87a8	WRITE	0
0x00102f39	0x001e87a4	DATA	1
0x00102f3b	0x001e8760	WRITE	0
0x00102f3b	0x001e87a4	WRITE	0
0x00102f47	0x001e8870	DATA	1
0x00102f4d	0x00102f30	CONDITIONAL_JUMP	0
0x00102f4f	0x001e28a4	READ	1
0x00102f58	0x001e289c	READ	0
0x00102f5e	0xStack[-0x8]	WRITE	0
0x00102f65	0x001e289c	READ	0
0x00102f6b	0x00103024	CONDITIONAL_JUMP	0
0x00102f74	0x001e8870	READ	1
0x00102f8e	0x001e8874	READ	1
0x00102f97	0xStack[-0x8]	READ	0
0x00102f9a	0x00102fa4	CONDITIONAL_JUMP	0
0x00102f9f	0x00102fa6	UNCONDITIONAL_JUMP	0
0x00102fa6	0x001e0d0c	READ	1
0x00102fbb	0x00102fe0	CONDITIONAL_JUMP	0
0x00102fbd	0x001e87ec	READ	1
0x00102fc6	0x001e87e8	DATA	1
0x00102fcd	0x001e87ec	READ	1
0x00102fd5	0x001e87ec	WRITE	0
0x00102fdb	0x00102ffe	UNCONDITIONAL_JUMP	0
0x00102fe0	0x001e8830	READ	1
0x00102fe9	0x001e882c	DATA	1
0x00102ff0	0x001e8830	READ	1
0x00102ff8	0x001e8830	WRITE	0
0x0010300c	0x0011a288	UNCONDITIONAL_CALL	0
0x00103018	0x001e289c	READ	0
0x0010301e	0x00102f74	CONDITIONAL_JUMP	0
0x00103024	0xStack[-0x14]	DATA	0
0x00103034	0x001e8b58	READ	1
0x00103041	0x001de690	READ	1
0x0010304a	0x001e8b58	READ	1
0x00103055	0x00103074	CONDITIONAL_JUMP	0
0x00103058	0x001de6a4	READ	1
0x00103060	0x001de6a4	WRITE	0
0x00103066	0x001de6a8	READ_WRITE	0
0x00103072	0x00103058	CONDITIONAL_JUMP	0
0x00103074	0xStack[-0x8]	READ	1
0x00103090	0x001e875c	READ	1
0x00103098	0x00108310	UNCONDITIONAL_CALL	0
0x0010309f	0x0010317f	CONDITIONAL_JUMP	0
0x001030a5	0x001e90a8	READ	1
0x001030ac	0x001030bd	CONDITIONAL_JUMP	0
0x001030ae	0x001e90a4	WRITE	0
0x001030b3	0x001e90a8	WRITE	0
0x001030c1	0x001030e8	CONDITIONAL_JUMP	0
0x001030c3	0x001e90a4	READ	1
0x001030c8	0xStack[-0x8]	WRITE	0
0x001030cd	0x0010317f	CONDITIONAL_JUMP	0
0x001030d3	0x001e90a4	WRITE	0
0x001030de	0x0011df54	UNCONDITIONAL_CALL	0
0x001030e3	0x0010317f	UNCONDITIONAL_JUMP	0
0x001030e8	0xStack[-0x8]	DATA	0
0x001030f3	0x0011c0f8	UNCONDITIONAL_CALL	0
0x001030fa	0x001e875c	READ	1
0x00103102	0x001e875c	READ	1
0x0010310f	0x0010317f	CONDITIONAL_JUMP	0
0x00103111	0xStack[-0x8]	READ	1
0x00103118	0x00103120	CONDITIONAL_JUMP	0
0x0010311e	0x0010312d	UNCONDITIONAL_JUMP	0
0x00103127	0x00103138	CONDITIONAL_JUMP	0
0x0010312d	0xStack[-0x8]	READ	1
0x00103131	0x0011df54	UNCONDITIONAL_CALL	0
0x00103136	0x0010317f	UNCONDITIONAL_JUMP	0
0x00103138	0x001e90a4	READ	1
0x0010313f	0x00103154	CONDITIONAL_JUMP	0
0x00103141	0x001e90a4	WRITE	0
0x00103148	0x0011df54	UNCONDITIONAL_CALL	0
0x00103150	0x0010315a	UNCONDITIONAL_JUMP	0
0x00103154	0x001e90a4	WRITE	0
0x0010315a	0x001e90a0	READ	1
0x00103161	0x0010316c	CONDITIONAL_JUMP	0
0x00103164	0x00108384	UNCONDITIONAL_CALL	0
0x0010316c	0x001e8758	READ	1
0x00103175	0x00108434	UNCONDITIONAL_CALL	0
0x0010317a	0x001e90a0	WRITE	0
0x0010317f	0xStack[-0x10]	DATA	0
0x00103191	0x001e9080	DATA	1
0x00103196	0x001e90a8	READ	1
0x0010319e	0x001031ef	CONDITIONAL_JUMP	0
0x001031a6	0xStack[-0x44]	DATA	0
0x001031ae	0xStack[-0x58]	WRITE	0
0x001031b3	0x001da5fc	READ	1
0x001031b8	0xStack[-0x3c]	READ	1
0x001031c7	0xStack[-0x34]	READ	0
0x001031ca	0x001031ef	CONDITIONAL_JUMP	0
0x001031cc	0x001e90a8	READ	1
0x001031d2	0x001e90a4	WRITE	0
0x001031d8	0x001e90a8	WRITE	0
0x001031e2	0x001da600	DATA	0
0x001031e7	0x0010c0d8	UNCONDITIONAL_CALL	0
0x001031ef	0x001e90a4	READ	1
0x001031f5	0xStack[-0x50]	WRITE	0
0x001031fa	0x0010341b	CONDITIONAL_JUMP	0
0x0010320a	0xStack[-0x44]	DATA	0
0x00103212	0xStack[-0x58]	WRITE	0
0x00103217	0x001da5f8	READ	1
0x0010321c	0xStack[-0x3c]	READ	1
0x0010322b	0xStack[-0x34]	READ	0
0x0010322e	0x0010325c	CONDITIONAL_JUMP	0
0x00103230	0x001e90a4	READ	1
0x00103236	0x001e90a8	WRITE	0
0x0010323c	0x001e90a4	WRITE	0
0x00103246	0x001da614	DATA	0
0x0010324b	0x0010c0d8	UNCONDITIONAL_CALL	0
0x00103250	0xStack[-0x50]	READ	1
0x00103254	0x00103416	UNCONDITIONAL_JUMP	0
0x00103260	0x001e8758	READ	1
0x0010326a	0x001e9080	WRITE	0
0x0010326a	0x001e9081	WRITE	0
0x00103271	0x00103260	CONDITIONAL_JUMP	0
0x00103273	0x001e8758	READ	1
0x0010327f	0xStack[-0x54]	WRITE	0
0x00103290	0x00103428	UNCONDITIONAL_CALL	0
0x00103295	0x001e908a	WRITE	0
0x001032a7	0x00103428	UNCONDITIONAL_CALL	0
0x001032ac	0x001e908c	WRITE	0
0x001032b0	0xStack[-0x4c]	DATA	0
0x001032b3	0xStack[-0x5c]	WRITE	0
0x001032b7	0x00160844	UNCONDITIONAL_CALL	0
0x001032bc	0x001e8758	READ	1
0x001032ca	0x0010b418	UNCONDITIONAL_CALL	0
0x001032cf	0xStack[-0x48]	READ	1
0x001032d3	0xStack[-0x4c]	READ	1
0x001032d7	0x00103428	UNCONDITIONAL_CALL	0
0x001032dc	0x001e908e	WRITE	0
0x001032e0	0x001e8758	READ	1
0x001032ec	0x001e9090	WRITE	0
0x001032ef	0x001e8758	READ	1
0x001032fc	0x001e9094	WRITE	0
0x00103300	0x001e8758	READ	1
0x0010330d	0x001e9096	WRITE	0
0x0010331d	0xStack[-0x4c]	WRITE	0
0x00103320	0xStack[-0x48]	WRITE	0
0x00103326	0xStack[-0x54]	READ	1
0x0010332a	0xStack[-0x5c]	READ	1
0x0010332e	0x0010b3f8	UNCONDITIONAL_CALL	0
0x00103333	0xStack[-0x4c]	READ	1
0x00103336	0x001dee30	READ	1
0x0010333d	0xStack[-0x48]	READ	1
0x00103341	0x001dee34	READ	0
0x00103350	0x00103370	CONDITIONAL_JUMP	0
0x00103369	0x001e9098	WRITE	0
0x0010336d	0x00103376	UNCONDITIONAL_JUMP	0
0x00103370	0x001e9098	WRITE	0
0x00103376	0x001e9098	READ	1
0x0010337a	0x001e9098	WRITE	0
0x00103380	0xStack[-0x54]	READ	1
0x0010338a	0x00103428	UNCONDITIONAL_CALL	0
0x0010338f	0x001e909a	WRITE	0
0x00103393	0x001e8758	READ	1
0x001033a3	0x001033b4	CONDITIONAL_JUMP	0
0x001033ac	0x001e909c	WRITE	0
0x001033b0	0x001033ba	UNCONDITIONAL_JUMP	0
0x001033b4	0x001e909c	WRITE	0
0x001033ba	0x001e8758	READ	1
0x001033c6	0x001e909e	WRITE	0
0x001033c9	0x001e8758	READ	1
0x001033d2	0xStack[-0x5c]	WRITE	0
0x001033d5	0x001e90a0	READ	1
0x001033db	0x001e8758	READ	1
0x001033ee	0x001e9080	DATA	0
0x001033ef	0xStack[-0x50]	READ	1
0x001033f5	0x0011de7c	UNCONDITIONAL_CALL	0
0x001033fa	0x001e875c	READ	1
0x00103403	0xStack[-0x5c]	READ	1
0x00103406	0x001e8758	READ	1
0x00103412	0xStack[-0x50]	READ	1
0x00103416	0x0011df54	UNCONDITIONAL_CALL	0
0x0010341b	0xStack[-0x68]	DATA	0
0x00103431	0xStack[0x8]	READ	1
0x00103434	0xStack[-0xc]	WRITE	0
0x0010343d	0xStack[0x4]	READ	1
0x00103443	0xStack[-0x8]	WRITE	0
0x00103448	0x00103469	CONDITIONAL_JUMP	0
0x00103456	0xStack[-0x8]	READ_WRITE	0
0x00103459	0x00103469	UNCONDITIONAL_JUMP	0
0x0010345c	0xStack[-0xc]	READ_WRITE	0
0x0010345f	0xStack[-0x8]	READ	1
0x00103465	0xStack[-0x8]	READ_WRITE	0
0x00103469	0xStack[-0x8]	READ	0
0x00103470	0x0010345c	CONDITIONAL_JUMP	0
0x00103474	0x00103489	CONDITIONAL_JUMP	0
0x00103476	0xStack[-0x8]	READ_WRITE	0
0x00103479	0xStack[-0x8]	READ	0
0x00103480	0x00103489	CONDITIONAL_JUMP	0
0x00103482	0xStack[-0x8]	READ_WRITE	0
0x00103486	0xStack[-0xc]	READ_WRITE	0
0x00103489	0xStack[-0xc]	READ	1
0x0010348f	0xStack[-0x8]	READ	1
0x00103492	0xStack[-0x18]	DATA	0
0x001034a4	0xStack[0x8]	READ	1
0x001034a7	0x001e8b54	READ	1
0x001034b5	0x00103526	CONDITIONAL_JUMP	0
0x001034b7	0x001e8758	READ	1
0x001034c1	0x001034e4	CONDITIONAL_JUMP	0
0x001034ca	0x001034e4	CONDITIONAL_JUMP	0
0x001034cc	0x00200000	DATA	1
0x001034d3	0x001e90ac	READ	1
0x001034da	0x001e90ac	WRITE	0
0x001034df	0x001e90ac	READ	1
0x001034e4	0x001e8758	READ	1
0x001034f0	0x001034fb	CONDITIONAL_JUMP	0
0x001034f9	0x00103526	CONDITIONAL_JUMP	0
0x001034fb	0x001dee34	READ	1
0x00103508	0x0010b374	UNCONDITIONAL_CALL	0
0x00103512	0x00103526	CONDITIONAL_JUMP	0
0x00103516	0x001e8758	READ	1
0x0010351e	0x00109870	UNCONDITIONAL_CALL	0
0x00103526	0x001e8758	READ	1
0x0010352e	0x001035db	CONDITIONAL_JUMP	0
0x00103538	0x001035db	CONDITIONAL_JUMP	0
0x00103548	0x00103599	CONDITIONAL_JUMP	0
0x0010354a	0xStack[-0x14]	DATA	0
0x0010354e	0xStack[-0xc]	DATA	0
0x00103553	0x0016a280	UNCONDITIONAL_CALL	0
0x00103558	0xStack[-0x14]	READ	1
0x0010355b	0xStack[-0xc]	READ	1
0x0010355f	0x001e8758	READ	1
0x0010356e	0x00103599	CONDITIONAL_JUMP	0
0x00103575	0x00109870	UNCONDITIONAL_CALL	0
0x0010357a	0x001e8758	READ	1
0x0010358e	0x00103599	CONDITIONAL_JUMP	0
0x00103599	0x001e8758	READ	1
0x001035a5	0x001035b0	CONDITIONAL_JUMP	0
0x001035ae	0x001035db	CONDITIONAL_JUMP	0
0x001035b0	0x001dee34	READ	1
0x001035bd	0x0010b374	UNCONDITIONAL_CALL	0
0x001035c7	0x001035db	CONDITIONAL_JUMP	0
0x001035cb	0x001e8758	READ	1
0x001035d3	0x00109870	UNCONDITIONAL_CALL	0
0x001035dc	0xStack[0x4]	READ	1
0x001035e0	0x001035f0	UNCONDITIONAL_CALL	0
0x001035e5	0xStack[-0x1c]	DATA	0
0x001035f3	0xStack[0x8]	READ	1
0x001035fe	0x00103614	CONDITIONAL_JUMP	0
0x00103600	0x001e8758	READ	1
0x0010360d	0x0010362e	CONDITIONAL_JUMP	0
0x00103610	0x0010362e	UNCONDITIONAL_JUMP	0
0x00103619	0x001e8b54	READ	1
0x00103622	0x0010362e	CONDITIONAL_JUMP	0
0x00103627	0x0010362e	CONDITIONAL_JUMP	0
0x0010362e	0x001e89c4	READ_WRITE	0
0x0010362e	0x001e89c0	READ_WRITE	0
0x0010362e	0x001e89cc	READ_WRITE	0
0x0010362e	0x001e89c8	READ_WRITE	0
0x00103637	0x001e89d0	READ	1
0x0010363d	0x001e8b90	DATA	1
0x00103647	0x0010364b	CONDITIONAL_JUMP	0
0x00103649	0x001e8b90	READ_WRITE	0
0x00103649	0x001e8b94	READ_WRITE	0
0x0010364b	0x001e8b98	DATA	0
0x00103652	0x00103644	CONDITIONAL_JUMP	0
0x0010365d	0xStack[0x4]	READ	1
0x00103660	0xStack[0x8]	READ	1
0x00103665	0xStack[0xc]	READ	1
0x00103669	0x001606d0	UNCONDITIONAL_CALL	0
0x00103675	0x001604b0	UNCONDITIONAL_CALL	0
0x0010367a	0xStack[-0xc]	DATA	0
0x00103687	0xStack[0x8]	READ	1
0x0010368b	0xStack[0x4]	READ	1
0x0010368f	0x001604fc	UNCONDITIONAL_CALL	0
0x001036a1	0xStack[0x4]	READ	1
0x001036a4	0xStack[-0xc]	DATA	0
0x001036a8	0x0010ac84	UNCONDITIONAL_CALL	0
0x001036af	0xStack[-0xc]	READ	1
0x001036b8	0x001036fc	CONDITIONAL_JUMP	0
0x001036bd	0xStack[-0x10]	WRITE	0
0x001036c3	0xStack[-0x10]	WRITE	0
0x001036c9	0xStack[-0x10]	WRITE	0
0x001036cf	0xStack[-0x8]	READ	1
0x001036de	0xStack[-0x10]	READ	1
0x001036e4	0x001dee34	READ	1
0x001036f6	0xStack[-0x14]	WRITE	0
0x001036f9	0x0010371f	UNCONDITIONAL_JUMP	0
0x001036fc	0x001dee30	READ	1
0x0010370e	0xStack[-0x14]	WRITE	0
0x00103717	0x0010371f	CONDITIONAL_JUMP	0
0x0010371c	0xStack[-0x14]	WRITE	0
0x0010371f	0xStack[-0x14]	READ	1
0x00103722	0xStack[-0x20]	DATA	0
0x0010372f	0xStack[0x4]	READ	1
0x00103733	0x001dee30	READ	0
0x00103739	0xStack[0x8]	READ	1
0x0010373e	0x001dee34	READ	1
0x00103751	0x001e875c	READ	1
0x00103759	0x001e8758	READ	1
0x0010378f	0x001037a2	CONDITIONAL_JUMP	0
0x00103791	0x0015b504	UNCONDITIONAL_CALL	0
0x001037aa	0x001037c0	CONDITIONAL_JUMP	0
0x001037b2	0x0015a824	UNCONDITIONAL_CALL	0
0x001037be	0x001037ac	CONDITIONAL_JUMP	0
0x001037c7	0xStack[-0xc]	DATA	0
0x001037d5	0x001e875c	READ	1
0x001037dd	0x001e8758	READ	1
0x001037ea	0x00103819	CONDITIONAL_JUMP	0
0x001037ee	0x0015a75c	UNCONDITIONAL_CALL	0
0x00103819	0xStack[-0xc]	DATA	0
0x00103830	0x001e8758	READ	1
0x0010383b	0x00103996	CONDITIONAL_JUMP	0
0x0010384c	0x001e8758	READ	1
0x0010385f	0x001e8758	READ	1
0x00103870	0x001e8758	READ	1
0x0010387d	0x001e8b54	READ	1
0x00103886	0xStack[-0xf8]	WRITE	0
0x0010388f	0xStack[-0xe4]	WRITE	0
0x00103895	0x001e8758	READ	1
0x001038a4	0x00103996	CONDITIONAL_JUMP	0
0x001038aa	0xStack[-0xf8]	READ	1
0x001038b1	0x00166234	UNCONDITIONAL_CALL	0
0x001038b6	0x001e8b54	READ	1
0x001038bd	0x0018ec48	UNCONDITIONAL_CALL	0
0x001038c2	0x001e875c	READ	1
0x001038cc	0xStack[-0x44]	DATA	0
0x001038cf	0xStack[-0x104]	WRITE	0
0x001038d6	0x0011ea88	UNCONDITIONAL_CALL	0
0x001038db	0xStack[-0x44]	WRITE	0
0x001038e2	0xStack[-0x40]	WRITE	0
0x001038e8	0x001e8758	READ	1
0x001038f5	0x001da62a	DATA	0
0x001038fa	0xStack[-0x64]	DATA	0
0x001038fe	0x0010c188	UNCONDITIONAL_CALL	0
0x00103903	0x001e8758	READ	1
0x0010390d	0xStack[-0xb8]	DATA	0
0x00103913	0xStack[-0x108]	WRITE	0
0x00103921	0xStack[-0x104]	READ	1
0x0010392b	0x0011e204	UNCONDITIONAL_CALL	0
0x00103930	0x001e875c	READ	1
0x00103939	0x001e875c	READ	1
0x00103946	0x001039a0	CONDITIONAL_JUMP	0
0x0010394d	0x0011ea88	UNCONDITIONAL_CALL	0
0x00103952	0xStack[-0x44]	WRITE	0
0x00103959	0xStack[-0x40]	WRITE	0
0x0010395f	0x001e8758	READ	1
0x00103974	0x001da639	DATA	0
0x00103979	0x0011e204	UNCONDITIONAL_CALL	0
0x0010397e	0x001e875c	READ	1
0x00103987	0x001e875c	READ	1
0x00103994	0x001039a0	CONDITIONAL_JUMP	0
0x00103998	0x00103e2e	UNCONDITIONAL_JUMP	0
0x001039a0	0xStack[-0x30]	READ	0
0x001039a5	0x001039b4	CONDITIONAL_JUMP	0
0x001039ac	0x00103e11	UNCONDITIONAL_JUMP	0
0x001039b4	0xStack[-0x44]	DATA	0
0x001039b8	0x0011ea88	UNCONDITIONAL_CALL	0
0x001039bd	0xStack[-0x2c]	WRITE	0
0x001039c4	0xStack[-0xb8]	READ	1
0x001039cd	0x001e8758	READ	1
0x001039de	0x001e8758	READ	1
0x001039eb	0xStack[-0xf8]	READ	1
0x001039f4	0xStack[-0xe8]	WRITE	0
0x001039fa	0xStack[-0xe4]	READ	1
0x00103a03	0xStack[-0x108]	WRITE	0
0x00103a09	0xStack[-0xbc]	WRITE	0
0x00103a13	0xStack[-0xbc]	DATA	0
0x00103a1a	0xStack[-0xb4]	DATA	0
0x00103a20	0xStack[-0x104]	WRITE	0
0x00103a29	0x001e8b54	READ	1
0x00103a30	0x0018e6ac	UNCONDITIONAL_CALL	0
0x00103a3a	0x00103a49	CONDITIONAL_JUMP	0
0x00103a3c	0x001da63e	DATA	0
0x00103a41	0x0010ca6c	UNCONDITIONAL_CALL	0
0x00103a49	0xStack[-0xbc]	READ	1
0x00103a51	0xStack[-0xbc]	WRITE	0
0x00103a57	0xStack[-0xf0]	WRITE	0
0x00103a65	0x00103ab3	CONDITIONAL_JUMP	0
0x00103a67	0xStack[-0x104]	READ	1
0x00103a6d	0xStack[-0x104]	WRITE	0
0x00103a75	0xStack[-0x10c]	WRITE	0
0x00103a80	0xStack[-0x104]	READ	1
0x00103a86	0xStack[-0x10c]	READ	1
0x00103a97	0xStack[-0xf0]	READ	1
0x00103aa1	0xStack[-0xf0]	WRITE	0
0x00103aa7	0xStack[-0x10c]	READ_WRITE	0
0x00103ab1	0x00103a80	CONDITIONAL_JUMP	0
0x00103ab3	0xStack[-0x108]	READ	1
0x00103abf	0xStack[-0xe8]	READ	1
0x00103ac5	0xStack[-0xf0]	READ	1
0x00103acb	0xStack[-0xe8]	READ	1
0x00103ad8	0xStack[-0xec]	WRITE	0
0x00103adf	0xStack[-0xc0]	DATA	0
0x00103ae6	0x001e8de8	READ	1
0x00103aed	0x00173d1c	UNCONDITIONAL_CALL	0
0x00103af2	0xStack[-0xc0]	READ	1
0x00103afe	0x001e8e04	READ	1
0x00103b07	0x001e8e08	READ	1
0x00103b17	0xStack[-0xe8]	READ	1
0x00103b1d	0xStack[-0x108]	READ	1
0x00103b29	0xStack[-0xf4]	WRITE	0
0x00103b33	0x001e89ec	READ	1
0x00103b39	0xStack[-0xec]	READ	1
0x00103b47	0xStack[-0xc4]	WRITE	0
0x00103b54	0xStack[-0x108]	READ	0
0x00103b5b	0x00103c8c	CONDITIONAL_JUMP	0
0x00103b64	0xStack[-0xe0]	DATA	0
0x00103b6b	0xStack[-0xdc]	DATA	0
0x00103b72	0xStack[-0xd8]	DATA	0
0x00103b79	0xStack[-0xd4]	DATA	0
0x00103b80	0xStack[-0xd0]	DATA	0
0x00103b87	0xStack[-0xcc]	DATA	0
0x00103b8e	0xStack[-0xc8]	DATA	0
0x00103b95	0xStack[-0xc4]	DATA	0
0x00103b9c	0xStack[-0xe4]	READ	1
0x00103ba3	0x00178458	UNCONDITIONAL_CALL	0
0x00103bae	0x00103c8c	CONDITIONAL_JUMP	0
0x00103bb4	0xStack[-0xf4]	READ	1
0x00103bba	0xStack[-0xc0]	READ	1
0x00103bcd	0xStack[-0xc4]	READ	1
0x00103bd6	0xStack[-0xc8]	READ	1
0x00103be2	0xStack[-0xc8]	READ	1
0x00103beb	0xStack[-0xd0]	READ	1
0x00103bf4	0xStack[-0xcc]	READ	1
0x00103c04	0xStack[-0xcc]	READ	1
0x00103c0d	0x00103c32	CONDITIONAL_JUMP	0
0x00103c15	0xStack[-0xc8]	READ	1
0x00103c1c	0xStack[-0xc4]	READ	1
0x00103c23	0xStack[-0xe4]	READ	1
0x00103c2a	0x0017c6a4	UNCONDITIONAL_CALL	0
0x00103c32	0xStack[-0xd0]	READ	0
0x00103c39	0x00103c61	CONDITIONAL_JUMP	0
0x00103c42	0xStack[-0xc8]	READ	1
0x00103c49	0xStack[-0xc4]	READ	1
0x00103c50	0xStack[-0xb8]	READ	1
0x00103c59	0x0011de7c	UNCONDITIONAL_CALL	0
0x00103c61	0xStack[-0xf4]	READ_WRITE	0
0x00103c68	0xStack[-0xc8]	READ	1
0x00103c70	0xStack[-0xc4]	READ_WRITE	0
0x00103c76	0xStack[-0x108]	READ_WRITE	0
0x00103c7c	0xStack[-0x108]	READ	0
0x00103c83	0x00103b64	CONDITIONAL_JUMP	0
0x00103c8c	0xStack[-0xf8]	READ	1
0x00103c96	0x00103c94	CONDITIONAL_JUMP	0
0x00103c9d	0xStack[-0xf8]	READ	1
0x00103caa	0x00103c8c	CONDITIONAL_JUMP	0
0x00103caf	0xStack[-0xfc]	WRITE	0
0x00103cb5	0xStack[-0xe8]	READ	0
0x00103cbc	0x00103dc7	CONDITIONAL_JUMP	0
0x00103cc2	0xStack[-0xb4]	DATA	0
0x00103cc8	0xStack[-0x100]	WRITE	0
0x00103cd0	0xStack[-0xf4]	READ	1
0x00103cd6	0xStack[-0xc0]	READ	1
0x00103ce2	0xStack[-0xf0]	READ	1
0x00103cee	0xStack[-0xf4]	READ_WRITE	0
0x00103cf7	0xStack[-0xbc]	READ	0
0x00103cfd	0x00103da5	CONDITIONAL_JUMP	0
0x00103d03	0xStack[-0x100]	READ	1
0x00103d09	0xStack[-0x104]	WRITE	0
0x00103d0f	0xStack[-0x108]	WRITE	0
0x00103d1c	0xStack[-0xc0]	READ	1
0x00103d22	0xStack[-0xf4]	READ	1
0x00103d28	0xStack[-0xac]	DATA	1
0x00103d2f	0xStack[-0xa8]	DATA	1
0x00103d40	0xStack[-0xf4]	WRITE	0
0x00103d46	0xStack[-0x104]	READ	1
0x00103d53	0xStack[-0x104]	READ	1
0x00103d59	0xStack[-0xb4]	DATA	0
0x00103d5c	0xStack[-0xfc]	READ	1
0x00103d63	0x0018e6ac	UNCONDITIONAL_CALL	0
0x00103d68	0xStack[-0x100]	READ	1
0x00103d6e	0xStack[-0x108]	READ	1
0x00103d7f	0xStack[-0xf4]	READ_WRITE	0
0x00103d88	0xStack[-0x104]	READ_WRITE	0
0x00103d92	0xStack[-0x108]	WRITE	0
0x00103d99	0xStack[-0xbc]	READ	0
0x00103d9f	0x00103d1c	CONDITIONAL_JUMP	0
0x00103da5	0xStack[-0xfc]	READ	1
0x00103dae	0xStack[-0xfc]	WRITE	0
0x00103db4	0xStack[-0xe8]	READ_WRITE	0
0x00103dba	0xStack[-0xe8]	READ	0
0x00103dc1	0x00103cd0	CONDITIONAL_JUMP	0
0x00103dc9	0xStack[-0xf8]	READ	1
0x00103dd9	0xStack[-0xec]	READ	1
0x00103de0	0xStack[-0xc0]	READ	1
0x00103de7	0xStack[-0xb8]	READ	1
0x00103df0	0x0011de7c	UNCONDITIONAL_CALL	0
0x00103dfb	0xStack[-0xc0]	READ	1
0x00103e02	0x001e8de8	READ	1
0x00103e09	0x00173e90	UNCONDITIONAL_CALL	0
0x00103e11	0xStack[-0xb8]	READ	1
0x00103e18	0x0011df54	UNCONDITIONAL_CALL	0
0x00103e1d	0x001e875c	READ	1
0x00103e2e	0xStack[-0x118]	DATA	0
0x00103e3f	0x001e875c	READ	1
0x00103e65	0x001e875c	READ	1
0x00103e75	0x00103e84	CONDITIONAL_JUMP	0
0x00103e7c	0x00103ef8	UNCONDITIONAL_CALL	0
0x00103e81	0x00103eee	UNCONDITIONAL_JUMP	0
0x00103e84	0x001e8758	READ	1
0x00103e8f	0x00103ed0	CONDITIONAL_JUMP	0
0x00103e9c	0x00103ed0	CONDITIONAL_JUMP	0
0x00103ea4	0x00103ed0	CONDITIONAL_JUMP	0
0x00103ea8	0x001046f0	UNCONDITIONAL_CALL	0
0x00103eb4	0x00103eee	CONDITIONAL_JUMP	0
0x00103eb6	0x001e8758	READ	1
0x00103ec7	0x00103edc	CONDITIONAL_JUMP	0
0x00103ed0	0x001e875c	READ	1
0x00103ed9	0x00103eee	UNCONDITIONAL_JUMP	0
0x00103ee9	0x0010401c	UNCONDITIONAL_CALL	0
0x00103eee	0xStack[-0xc]	DATA	0
0x00103efd	0x001e875c	READ	1
0x00103f06	0x001e8758	READ	1
0x00103f13	0x00103fee	CONDITIONAL_JUMP	0
0x00103f24	0x00103fee	CONDITIONAL_JUMP	0
0x00103f30	0x00103fee	CONDITIONAL_JUMP	0
0x00103f3e	0x00103f4c	CONDITIONAL_JUMP	0
0x00103f44	0x00104011	UNCONDITIONAL_JUMP	0
0x00103f54	0x00104011	CONDITIONAL_JUMP	0
0x00103f5b	0x001e8b54	READ	1
0x00103f67	0x00104b38	UNCONDITIONAL_CALL	0
0x00103f6c	0x001e8758	READ	1
0x00103f7f	0x00103fee	CONDITIONAL_JUMP	0
0x00103f8c	0x00103fee	CONDITIONAL_JUMP	0
0x00103f90	0x00103fdb	CONDITIONAL_JUMP	0
0x00103f93	0x0011bdd0	UNCONDITIONAL_CALL	0
0x00103f98	0x001e8758	READ	1
0x00103fad	0x00103fb8	CONDITIONAL_JUMP	0
0x00103fb0	0x00107224	UNCONDITIONAL_CALL	0
0x00103fb8	0x001e8758	READ	1
0x00103fca	0x00104948	UNCONDITIONAL_CALL	0
0x00103fcf	0x001e875c	READ	1
0x00103fdb	0x001e8758	READ	1
0x00103fec	0x00103ffc	CONDITIONAL_JUMP	0
0x00103fee	0x001e875c	READ	1
0x00103ff7	0x00104011	UNCONDITIONAL_JUMP	0
0x0010400c	0x0010401c	UNCONDITIONAL_CALL	0
0x00104011	0xStack[-0xc]	DATA	0
0x00104021	0xStack[0x4]	READ	1
0x00104024	0xStack[0x8]	READ	1
0x00104028	0x001e8b54	READ	1
0x00104034	0x00104b38	UNCONDITIONAL_CALL	0
0x00104039	0x001e8758	READ	1
0x00104047	0x001e8758	READ	1
0x00104052	0xStack[0xc]	READ	1
0x0010405f	0x001e8758	READ	1
0x0010406a	0x00104072	CONDITIONAL_JUMP	0
0x00104072	0xStack[-0xc]	DATA	0
0x00104085	0x001e875c	READ	1
0x0010408e	0xStack[-0x20]	WRITE	0
0x00104091	0x001e8758	READ	1
0x00104099	0xStack[-0x2c]	WRITE	0
0x001040a2	0x00104383	CONDITIONAL_JUMP	0
0x001040b3	0x00104383	CONDITIONAL_JUMP	0
0x001040bf	0x00104383	CONDITIONAL_JUMP	0
0x001040c5	0xStack[-0x2c]	READ	1
0x001040ce	0xStack[-0x24]	WRITE	0
0x001040d1	0xStack[-0x20]	READ	1
0x001040da	0x00104468	CONDITIONAL_JUMP	0
0x001040e0	0x00104110	COMPUTED_JUMP	-1
0x001040e0	0x001041c0	COMPUTED_JUMP	-1
0x001040e0	0x001041d8	COMPUTED_JUMP	-1
0x001040e0	0x001041f4	COMPUTED_JUMP	-1
0x001040e0	0x00104208	COMPUTED_JUMP	-1
0x001040e0	0x001042c4	COMPUTED_JUMP	-1
0x001040e0	0x001042d8	COMPUTED_JUMP	-1
0x001040e0	0x001042f4	COMPUTED_JUMP	-1
0x001040e0	0x001040e8	DATA	0
0x001040e8	0x00104110	DATA	0
0x001040ec	0x001041c0	DATA	0
0x001040f0	0x001041d8	DATA	0
0x001040f4	0x001041f4	DATA	0
0x001040f8	0x00104208	DATA	0
0x001040fc	0x001042c4	DATA	0
0x00104100	0x001042d8	DATA	0
0x00104104	0x001042f4	DATA	0
0x00104108	0x001042f4	DATA	0
0x0010410c	0x001042f4	DATA	0
0x00104110	0xStack[-0x20]	READ	1
0x00104116	0xStack[-0x2c]	WRITE	0
0x0010411f	0x001043ca	CONDITIONAL_JUMP	0
0x00104125	0xStack[-0x2c]	READ	1
0x00104129	0x001046f0	UNCONDITIONAL_CALL	0
0x0010412e	0xStack[-0x2c]	WRITE	0
0x00104136	0x0010446c	CONDITIONAL_JUMP	0
0x0010413c	0x001e8758	READ	1
0x00104141	0xStack[-0x20]	READ	1
0x0010414f	0x00104160	CONDITIONAL_JUMP	0
0x00104151	0xStack[-0x2c]	READ	1
0x0010415b	0x00104383	UNCONDITIONAL_JUMP	0
0x00104160	0xStack[-0x24]	READ	1
0x0010416a	0xStack[-0x2c]	READ	1
0x0010416e	0x001e8b54	READ	1
0x0010417a	0x00104b38	UNCONDITIONAL_CALL	0
0x0010417f	0x001e8758	READ	1
0x0010418d	0x001e8758	READ	1
0x001041a3	0x001e8758	READ	1
0x001041ae	0x0010446c	CONDITIONAL_JUMP	0
0x001041ba	0x0010446c	UNCONDITIONAL_JUMP	0
0x001041c0	0x001e875c	READ	1
0x001041c5	0xStack[-0x24]	READ	1
0x001041d0	0x0010446c	UNCONDITIONAL_JUMP	0
0x001041d8	0xStack[-0x24]	READ	1
0x001041e0	0xStack[-0x20]	READ	1
0x001041ec	0x0010446c	UNCONDITIONAL_JUMP	0
0x001041f4	0x001e875c	READ	1
0x00104200	0x0010446c	UNCONDITIONAL_JUMP	0
0x0010420b	0x001e8758	READ	1
0x00104216	0x00104220	CONDITIONAL_JUMP	0
0x0010421e	0x00104226	UNCONDITIONAL_JUMP	0
0x00104226	0xStack[-0x20]	READ	1
0x0010423c	0xStack[-0x1c]	WRITE	0
0x0010423f	0xStack[-0x1c]	DATA	0
0x00104242	0xStack[-0x2c]	WRITE	0
0x0010424c	0x0010454c	UNCONDITIONAL_CALL	0
0x00104253	0x001e875c	READ	1
0x0010425b	0x001e875c	READ	1
0x00104267	0x0010446c	CONDITIONAL_JUMP	0
0x00104275	0xStack[-0x1c]	WRITE	0
0x00104278	0xStack[-0x2c]	READ	1
0x00104282	0x0010454c	UNCONDITIONAL_CALL	0
0x00104289	0x001e875c	READ	1
0x00104291	0x001e875c	READ	1
0x0010429d	0x001042bc	CONDITIONAL_JUMP	0
0x001042a8	0xStack[-0x1c]	WRITE	0
0x001042b2	0x0010454c	UNCONDITIONAL_CALL	0
0x001042b7	0x0010446c	UNCONDITIONAL_JUMP	0
0x001042bf	0x0010446c	UNCONDITIONAL_JUMP	0
0x001042c4	0x001e875c	READ	1
0x001042ce	0x001044b4	UNCONDITIONAL_CALL	0
0x001042d3	0x001042e5	UNCONDITIONAL_JUMP	0
0x001042d8	0xStack[-0x20]	READ	1
0x001042e0	0x001044ec	UNCONDITIONAL_CALL	0
0x001042e7	0x001e875c	READ	1
0x001042ef	0x0010446c	UNCONDITIONAL_JUMP	0
0x001042f9	0x00104383	CONDITIONAL_JUMP	0
0x001042ff	0x001e8758	READ	1
0x0010430a	0x001043ca	CONDITIONAL_JUMP	0
0x00104317	0x001043ca	CONDITIONAL_JUMP	0
0x0010431f	0xStack[-0x18]	DATA	0
0x00104323	0xStack[-0x20]	READ	1
0x0010432a	0x00189a5c	UNCONDITIONAL_CALL	0
0x00104331	0x001e875c	READ	1
0x0010433e	0x0010446c	CONDITIONAL_JUMP	0
0x00104344	0xStack[-0x18]	READ	1
0x0010434c	0x00104374	CONDITIONAL_JUMP	0
0x0010434e	0x00104358	CONDITIONAL_JUMP	0
0x00104354	0x00104360	CONDITIONAL_JUMP	0
0x00104356	0x001043ca	UNCONDITIONAL_JUMP	0
0x0010435c	0x00104394	CONDITIONAL_JUMP	0
0x0010435e	0x001043ca	UNCONDITIONAL_JUMP	0
0x00104360	0xStack[-0x20]	READ	1
0x00104367	0x00104394	CONDITIONAL_JUMP	0
0x0010436d	0x00104394	CONDITIONAL_JUMP	0
0x0010436f	0x00104383	UNCONDITIONAL_JUMP	0
0x00104374	0xStack[-0x20]	READ	1
0x0010437b	0x00104394	CONDITIONAL_JUMP	0
0x00104381	0x00104394	CONDITIONAL_JUMP	0
0x00104383	0x001e875c	READ	1
0x0010438c	0x0010446c	UNCONDITIONAL_JUMP	0
0x00104397	0xStack[-0x18]	DATA	0
0x0010439b	0x00104a08	UNCONDITIONAL_CALL	0
0x001043a2	0x001e875c	READ	1
0x001043af	0x0010446c	CONDITIONAL_JUMP	0
0x001043b5	0xStack[-0x10]	READ	1
0x001043ba	0x001043c4	CONDITIONAL_JUMP	0
0x001043bc	0xStack[-0x14]	READ_WRITE	0
0x001043c1	0xStack[-0x10]	WRITE	0
0x001043c4	0xStack[-0x14]	READ	0
0x001043c8	0x001043d8	CONDITIONAL_JUMP	0
0x001043ca	0x001e875c	READ	1
0x001043d3	0x0010446c	UNCONDITIONAL_JUMP	0
0x001043d8	0xStack[-0x20]	READ	1
0x001043df	0x001043fc	CONDITIONAL_JUMP	0
0x001043e1	0xStack[-0x18]	READ	0
0x001043e6	0x001043fc	CONDITIONAL_JUMP	0
0x001043e8	0xStack[-0x24]	READ	1
0x001043ee	0x001e8758	READ	1
0x00104402	0x001e8758	READ	1
0x00104412	0xStack[-0x20]	READ	1
0x00104419	0xStack[-0x18]	DATA	0
0x00104425	0x001e875c	READ	1
0x00104432	0x0010446c	CONDITIONAL_JUMP	0
0x00104434	0xStack[-0x20]	READ	1
0x0010443b	0x0010446c	CONDITIONAL_JUMP	0
0x0010443d	0xStack[-0x18]	READ	0
0x00104442	0x0010444c	CONDITIONAL_JUMP	0
0x0010444a	0x00104455	UNCONDITIONAL_JUMP	0
0x0010444e	0xStack[-0x20]	READ	1
0x00104456	0x00189cec	UNCONDITIONAL_CALL	0
0x0010445b	0x001e875c	READ	1
0x00104464	0x0010446c	UNCONDITIONAL_JUMP	0
0x0010446c	0xStack[-0x38]	DATA	0
0x0010447b	0xStack[0x4]	READ	1
0x0010447e	0xStack[0x8]	READ	1
0x00104481	0xStack[0xc]	READ	0
0x00104485	0x0010448c	CONDITIONAL_JUMP	0
0x0010448a	0x00104493	UNCONDITIONAL_JUMP	0
0x00104493	0xStack[0xc]	DATA	0
0x0010449f	0x001044a6	CONDITIONAL_JUMP	0
0x001044a8	0x0010454c	UNCONDITIONAL_CALL	0
0x001044b8	0xStack[0x4]	READ	1
0x001044bb	0xStack[0x8]	READ	1
0x001044c3	0x001044d8	CONDITIONAL_JUMP	0
0x001044cc	0x0010454c	UNCONDITIONAL_CALL	0
0x001044d3	0x001044e3	UNCONDITIONAL_JUMP	0
0x001044e3	0xStack[-0x8]	READ	1
0x001044f0	0xStack[0x4]	READ	1
0x001044f8	0x0010450c	CONDITIONAL_JUMP	0
0x001044fd	0xStack[0x8]	READ	1
0x00104507	0x00104544	UNCONDITIONAL_JUMP	0
0x0010450c	0xStack[0x8]	READ	1
0x00104511	0x00104530	CONDITIONAL_JUMP	0
0x00104514	0x00107374	UNCONDITIONAL_CALL	0
0x0010451e	0x00104528	CONDITIONAL_JUMP	0
0x00104525	0x00104544	UNCONDITIONAL_JUMP	0
0x0010452c	0x00104532	UNCONDITIONAL_JUMP	0
0x00104532	0xStack[0x8]	WRITE	0
0x00104535	0xStack[0x8]	DATA	0
0x0010453f	0x0010454c	UNCONDITIONAL_CALL	0
0x00104544	0xStack[-0x8]	READ	1
0x0010454f	0xStack[0x4]	READ	1
0x00104555	0xStack[0xc]	READ	1
0x00104559	0xStack[0x8]	READ	1
0x0010456e	0x001e875c	READ	1
0x00104578	0x001e8758	READ	1
0x00104583	0x0010459a	CONDITIONAL_JUMP	0
0x00104590	0x0010459a	CONDITIONAL_JUMP	0
0x00104598	0x001045a8	CONDITIONAL_JUMP	0
0x0010459a	0x001e875c	READ	1
0x001045a3	0x0010462d	UNCONDITIONAL_JUMP	0
0x001045a9	0x0011bdd0	UNCONDITIONAL_CALL	0
0x001045ae	0x001e8758	READ	1
0x001045c1	0x001045cc	CONDITIONAL_JUMP	0
0x001045c4	0x00107224	UNCONDITIONAL_CALL	0
0x001045cc	0x001e8758	READ	1
0x001045de	0x001045e6	UNCONDITIONAL_JUMP	0
0x001045e6	0x001e8758	READ	1
0x001045f4	0x00104602	CONDITIONAL_JUMP	0
0x00104600	0x001045e0	CONDITIONAL_JUMP	0
0x00104606	0x00104948	UNCONDITIONAL_CALL	0
0x0010460b	0x001e8758	READ	1
0x00104616	0x0010462d	CONDITIONAL_JUMP	0
0x00104618	0x001e875c	READ	1
0x00104621	0x0010462d	CONDITIONAL_JUMP	0
0x00104627	0x0010462d	CONDITIONAL_JUMP	0
0x0010462d	0xStack[-0x10]	DATA	0
0x0010463f	0x001e875c	READ	1
0x00104647	0x001e8758	READ	1
0x00104654	0x0010466b	CONDITIONAL_JUMP	0
0x00104661	0x0010466b	CONDITIONAL_JUMP	0
0x00104669	0x00104678	CONDITIONAL_JUMP	0
0x0010466b	0x001e875c	READ	1
0x00104674	0x001046e9	UNCONDITIONAL_JUMP	0
0x00104680	0x0010468c	CONDITIONAL_JUMP	0
0x00104686	0x0010469c	CONDITIONAL_JUMP	0
0x00104688	0x001046b8	UNCONDITIONAL_JUMP	0
0x0010468c	0xStack[-0x44]	DATA	0
0x00104694	0x0011bc50	UNCONDITIONAL_CALL	0
0x00104699	0x001046a9	UNCONDITIONAL_JUMP	0
0x0010469c	0xStack[-0x44]	DATA	0
0x001046a4	0x0010daa0	UNCONDITIONAL_CALL	0
0x001046ab	0x001e875c	READ	1
0x001046b6	0x001046c5	UNCONDITIONAL_JUMP	0
0x001046b8	0x001da650	DATA	0
0x001046bd	0x0010ca6c	UNCONDITIONAL_CALL	0
0x001046c5	0x001e875c	READ	1
0x001046ce	0x001046e9	CONDITIONAL_JUMP	0
0x001046d6	0xStack[-0x44]	DATA	0
0x001046da	0x00189cec	UNCONDITIONAL_CALL	0
0x001046e1	0x001e875c	READ	1
0x001046e9	0xStack[-0x48]	READ	1
0x001046f4	0xStack[0x4]	READ	1
0x001046fd	0x00104771	CONDITIONAL_JUMP	0
0x00104701	0x001e8b54	READ	1
0x0010470d	0x00104b38	UNCONDITIONAL_CALL	0
0x00104712	0x001e8758	READ	1
0x00104724	0x00104768	CONDITIONAL_JUMP	0
0x00104726	0x001e875c	READ	1
0x0010472e	0x001e8758	READ	1
0x0010473d	0x001e8758	READ	1
0x00104748	0x00104750	CONDITIONAL_JUMP	0
0x00104750	0x001e8758	READ	1
0x00104764	0x0010477f	UNCONDITIONAL_JUMP	0
0x0010476f	0x00104700	CONDITIONAL_JUMP	0
0x00104771	0x001e875c	READ	1
0x0010477f	0xStack[-0x8]	READ	1
0x00104791	0x001e8758	READ	1
0x001047a2	0x001047b1	CONDITIONAL_JUMP	0
0x001047ae	0x001047b1	CONDITIONAL_JUMP	0
0x001047b8	0x001047a0	CONDITIONAL_JUMP	0
0x001047bc	0xStack[-0xc]	DATA	0
0x001047cb	0x001e89dc	WRITE	0
0x001047cb	0x001e89d8	DATA	1
0x001047d5	0x001e89d8	WRITE	0
0x001047d5	0x001e89d8	WRITE	1
0x001047df	0x001da65c	DATA	0
0x001047e8	0x001da658	READ	1
0x001047f2	0x0016a490	UNCONDITIONAL_CALL	0
0x001047f7	0x001e90b0	WRITE	0
0x00104809	0x001e8b54	READ	1
0x00104815	0x00104b38	UNCONDITIONAL_CALL	0
0x0010481a	0x001e8758	READ	1
0x0010482c	0x00104870	CONDITIONAL_JUMP	0
0x0010482e	0x001e875c	READ	1
0x00104836	0x001e8758	READ	1
0x00104845	0x001e8758	READ	1
0x00104850	0x00104858	CONDITIONAL_JUMP	0
0x00104858	0x001e8758	READ	1
0x0010486c	0x00104887	UNCONDITIONAL_JUMP	0
0x00104877	0x00104808	CONDITIONAL_JUMP	0
0x00104879	0x001e875c	READ	1
0x00104889	0x00104890	CONDITIONAL_JUMP	0
0x0010488d	0x001048f8	UNCONDITIONAL_JUMP	0
0x00104890	0x001e90b0	READ	1
0x00104897	0x0016b790	UNCONDITIONAL_CALL	0
0x0010489e	0x001e89dc	READ	1
0x001048a3	0x001e89d8	DATA	1
0x001048a8	0x001048b4	CONDITIONAL_JUMP	0
0x001048aa	0x001e89d8	WRITE	0
0x001048b0	0x001048b6	UNCONDITIONAL_JUMP	0
0x001048b9	0x001e89d8	DATA	1
0x001048bf	0x001e89dc	WRITE	0
0x001048e0	0x001e8758	READ	1
0x001048eb	0x001e8758	READ	1
0x001048f8	0xStack[-0x8]	READ	1
0x00104903	0xStack[0x4]	READ	1
0x00104906	0x001e8758	READ	1
0x00104911	0x00104920	CONDITIONAL_JUMP	0
0x0010491e	0x00104930	CONDITIONAL_JUMP	0
0x00104920	0x001e875c	READ	1
0x00104935	0x00104944	CONDITIONAL_JUMP	0
0x00104937	0x001e875c	READ	1
0x0010494c	0xStack[0x4]	READ	1
0x00104951	0x001049b7	CONDITIONAL_JUMP	0
0x0010495b	0x00104968	CONDITIONAL_JUMP	0
0x00104963	0x001049b7	UNCONDITIONAL_JUMP	0
0x0010496c	0x0010497b	CONDITIONAL_JUMP	0
0x0010496e	0x001da669	DATA	0
0x00104973	0x0010ca6c	UNCONDITIONAL_CALL	0
0x00104980	0x0010498b	CONDITIONAL_JUMP	0
0x0010498f	0x00108384	UNCONDITIONAL_CALL	0
0x0010499c	0x001049ab	CONDITIONAL_JUMP	0
0x0010499e	0x001da675	DATA	0
0x001049a3	0x0010ca6c	UNCONDITIONAL_CALL	0
0x001049b2	0x001049c0	UNCONDITIONAL_CALL	0
0x001049b7	0xStack[-0x8]	READ	1
0x001049c4	0xStack[0x4]	READ	1
0x001049cc	0x001e89d8	DATA	1
0x001049d2	0x001049dc	CONDITIONAL_JUMP	0
0x001049d4	0x001e89dc	WRITE	0
0x001049d9	0x001049df	UNCONDITIONAL_JUMP	0
0x001049df	0x001e89d8	DATA	1
0x001049e4	0x001049f0	CONDITIONAL_JUMP	0
0x001049e6	0x001e89d8	WRITE	0
0x001049ec	0x001049f2	UNCONDITIONAL_JUMP	0
0x001049f3	0x001e90b0	READ	1
0x001049fa	0x0016b84c	UNCONDITIONAL_CALL	0
0x001049ff	0xStack[-0x8]	READ	1
0x00104a11	0xStack[0x4]	READ	1
0x00104a14	0xStack[0x8]	READ	1
0x00104a17	0xStack[0xc]	READ	1
0x00104a1f	0x00104a26	CONDITIONAL_JUMP	0
0x00104a24	0x00104a43	CONDITIONAL_JUMP	0
0x00104a2c	0x001e8758	READ	1
0x00104a35	0xStack[-0x44]	DATA	0
0x00104a41	0x00104a9c	CONDITIONAL_JUMP	0
0x00104a4b	0x00104a60	CONDITIONAL_JUMP	0
0x00104a4d	0x00104a58	CONDITIONAL_JUMP	0
0x00104a52	0x00104a78	CONDITIONAL_JUMP	0
0x00104a54	0x00104a70	UNCONDITIONAL_JUMP	0
0x00104a5c	0x00104a68	CONDITIONAL_JUMP	0
0x00104a5e	0x00104a70	UNCONDITIONAL_JUMP	0
0x00104a66	0x00104a78	UNCONDITIONAL_JUMP	0
0x00104a68	0xStack[-0x2c]	READ	1
0x00104a6e	0x00104a78	UNCONDITIONAL_JUMP	0
0x00104a75	0x00104a9c	UNCONDITIONAL_JUMP	0
0x00104a82	0x00104a8c	CONDITIONAL_JUMP	0
0x00104a88	0x00104a94	CONDITIONAL_JUMP	0
0x00104a8a	0x00104a9a	UNCONDITIONAL_JUMP	0
0x00104a92	0x00104a9a	UNCONDITIONAL_JUMP	0
0x00104a94	0xStack[-0x2c]	READ	1
0x00104a9c	0xStack[-0x50]	DATA	0
0x00104aac	0x001e875c	READ	1
0x00104ab5	0x001e8758	READ	1
0x00104ac2	0x00104ad9	CONDITIONAL_JUMP	0
0x00104acf	0x00104ad9	CONDITIONAL_JUMP	0
0x00104ad7	0x00104ae4	CONDITIONAL_JUMP	0
0x00104ad9	0x001e875c	READ	1
0x00104ae2	0x00104b31	UNCONDITIONAL_JUMP	0
0x00104ae9	0x00104af4	CONDITIONAL_JUMP	0
0x00104aef	0x00104b31	UNCONDITIONAL_JUMP	0
0x00104af9	0x00104b08	CONDITIONAL_JUMP	0
0x00104b01	0x0011c028	UNCONDITIONAL_CALL	0
0x00104b06	0x00104b31	UNCONDITIONAL_JUMP	0
0x00104b0a	0x00104b18	CONDITIONAL_JUMP	0
0x00104b0e	0x00104b1d	CONDITIONAL_JUMP	0
0x00104b14	0x00104b31	UNCONDITIONAL_JUMP	0
0x00104b22	0x0011beb0	UNCONDITIONAL_CALL	0
0x00104b29	0x001e875c	READ	1
0x00104b31	0xStack[-0x8]	READ	1
0x00104b41	0xStack[0x4]	READ	1
0x00104b44	0xStack[0x8]	READ	1
0x00104b4d	0x00104c21	CONDITIONAL_JUMP	0
0x00104b56	0xStack[-0x10]	WRITE	0
0x00104b61	0x0015a75c	UNCONDITIONAL_CALL	0
0x00104b66	0xStack[-0x8]	WRITE	0
0x00104b69	0xStack[-0x10]	READ	1
0x00104b6d	0x0015a75c	UNCONDITIONAL_CALL	0
0x00104b72	0xStack[-0xc]	WRITE	0
0x00104b80	0x00104ba0	CONDITIONAL_JUMP	0
0x00104b83	0xStack[-0x8]	READ	1
0x00104b87	0x0015a824	UNCONDITIONAL_CALL	0
0x00104b8c	0xStack[-0x10]	READ	1
0x00104b90	0xStack[-0xc]	READ	1
0x00104b94	0x0015a824	UNCONDITIONAL_CALL	0
0x00104b99	0x00104c21	UNCONDITIONAL_JUMP	0
0x00104ba3	0xStack[-0x8]	READ	1
0x00104ba7	0x00101600	UNCONDITIONAL_CALL	0
0x00104bac	0xStack[-0x10]	READ	1
0x00104bb0	0xStack[-0xc]	READ	1
0x00104bb4	0x00101600	UNCONDITIONAL_CALL	0
0x00104bbe	0x00104c06	CONDITIONAL_JUMP	0
0x00104bc8	0xStack[-0x8]	READ	1
0x00104bd3	0x001013cc	UNCONDITIONAL_CALL	0
0x00104bd9	0xStack[-0xc]	READ	1
0x00104be4	0x001013cc	UNCONDITIONAL_CALL	0
0x00104bf1	0x0015a824	UNCONDITIONAL_CALL	0
0x00104c01	0x0015a824	UNCONDITIONAL_CALL	0
0x00104c06	0xStack[-0x8]	READ	1
0x00104c0f	0xStack[-0xc]	READ	1
0x00104c18	0xStack[-0x10]	READ	1
0x00104c21	0xStack[-0x1c]	DATA	0
0x00104c2f	0x001e875c	READ	1
0x00104c3e	0x00104c54	UNCONDITIONAL_CALL	0
0x00104c45	0x001e875c	READ	1
0x00104c60	0x001e875c	READ	1
0x00104c68	0xStack[-0xdc]	WRITE	0
0x00104c6e	0x001e8b54	READ	1
0x00104c79	0xStack[-0x108]	WRITE	0
0x00104c7f	0xStack[-0x50]	DATA	0
0x00104c85	0xStack[-0xdc]	READ	1
0x00104c8e	0x0011c9a0	UNCONDITIONAL_CALL	0
0x00104c93	0xStack[-0x10c]	WRITE	0
0x00104c9e	0x00104cbc	CONDITIONAL_JUMP	0
0x00104ca0	0x001e875c	READ	1
0x00104ca5	0xStack[-0x10c]	READ	1
0x00104cae	0xStack[-0x10c]	READ	1
0x00104cb4	0x001057e3	UNCONDITIONAL_JUMP	0
0x00104cbc	0xStack[-0xbc]	DATA	0
0x00104cc8	0x0011c13c	UNCONDITIONAL_CALL	0
0x00104ccd	0xStack[-0x10c]	WRITE	0
0x00104cd8	0x00104ce4	CONDITIONAL_JUMP	0
0x00104cda	0xStack[-0xbc]	READ	1
0x00104ce2	0x00104cf0	CONDITIONAL_JUMP	0
0x00104ce5	0x0011cb84	UNCONDITIONAL_CALL	0
0x00104cea	0x001057cf	UNCONDITIONAL_JUMP	0
0x00104cf0	0xStack[-0xf8]	WRITE	0
0x00104cfa	0xStack[-0xec]	WRITE	0
0x00104d04	0xStack[-0x108]	READ	1
0x00104d11	0xStack[-0xf0]	WRITE	0
0x00104d1b	0xStack[-0xf4]	WRITE	0
0x00104d25	0xStack[-0x44]	DATA	0
0x00104d2f	0xStack[-0x10c]	WRITE	0
0x00104d3a	0x0010578f	CONDITIONAL_JUMP	0
0x00104d40	0xStack[-0xbc]	READ	1
0x00104d4d	0x00104db0	CONDITIONAL_JUMP	0
0x00104d4f	0xStack[-0x3f]	READ	0
0x00104d53	0x00104df8	CONDITIONAL_JUMP	0
0x00104d59	0x001e8b54	READ	1
0x00104d62	0x0015a670	UNCONDITIONAL_CALL	0
0x00104d6c	0x00104d94	CONDITIONAL_JUMP	0
0x00104d6e	0xStack[-0x40]	READ	1
0x00104d75	0x00104d81	CONDITIONAL_JUMP	0
0x00104d77	0xStack[-0x3e]	READ	1
0x00104d7b	0xStack[-0xf0]	WRITE	0
0x00104d84	0x00104df8	CONDITIONAL_JUMP	0
0x00104d86	0xStack[-0x3c]	READ	1
0x00104d8a	0xStack[-0xf4]	WRITE	0
0x00104d90	0x00104df8	UNCONDITIONAL_JUMP	0
0x00104d94	0xStack[-0x108]	READ	1
0x00104d9e	0x001da684	DATA	0
0x00104da3	0x0010c100	UNCONDITIONAL_CALL	0
0x00104dab	0x00104df8	UNCONDITIONAL_JUMP	0
0x00104db0	0xStack[-0x3f]	READ	0
0x00104db4	0x00104df8	CONDITIONAL_JUMP	0
0x00104db6	0xStack[-0xc8]	DATA	0
0x00104dbf	0xStack[-0xdc]	READ	1
0x00104dc8	0x0011c9a0	UNCONDITIONAL_CALL	0
0x00104dcd	0xStack[-0x10c]	WRITE	0
0x00104dd8	0x0010578f	CONDITIONAL_JUMP	0
0x00104dde	0xStack[-0xc8]	READ	1
0x00104de5	0x001da6c7	DATA	0
0x00104dea	0x0010c100	UNCONDITIONAL_CALL	0
0x00104df0	0x0011cb84	UNCONDITIONAL_CALL	0
0x00104df8	0xStack[-0xbc]	READ	1
0x00104dff	0x001059c0	UNCONDITIONAL_CALL	0
0x00104e04	0xStack[-0x10c]	WRITE	0
0x00104e0f	0x0010578f	CONDITIONAL_JUMP	0
0x00104e15	0xStack[-0xb8]	WRITE	0
0x00104e1c	0xStack[-0xcc]	DATA	0
0x00104e2b	0xStack[-0xb8]	DATA	0
0x00104e32	0xStack[-0xbc]	READ	1
0x00104e3b	0x0011de7c	UNCONDITIONAL_CALL	0
0x00104e40	0xStack[-0x10c]	WRITE	0
0x00104e4b	0x0010578f	CONDITIONAL_JUMP	0
0x00104e51	0xStack[-0xcc]	READ	0
0x00104e58	0x00104e67	CONDITIONAL_JUMP	0
0x00104e5a	0xStack[-0xb8]	READ	0
0x00104e61	0x001052e2	CONDITIONAL_JUMP	0
0x00104e67	0xStack[-0xb8]	DATA	0
0x00104e6d	0xStack[-0x100]	WRITE	0
0x00104e73	0xStack[-0x104]	WRITE	0
0x00104e79	0xStack[-0xb8]	READ	1
0x00104e85	0x00104e98	CONDITIONAL_JUMP	0
0x00104e87	0xStack[-0xfc]	WRITE	0
0x00104e91	0x0010501c	UNCONDITIONAL_JUMP	0
0x00104e9e	0x00104eab	CONDITIONAL_JUMP	0
0x00104ea9	0x00104ebc	CONDITIONAL_JUMP	0
0x00104eab	0xStack[-0xfc]	WRITE	0
0x00104eb5	0x0010501c	UNCONDITIONAL_JUMP	0
0x00104ec5	0x00104ed8	CONDITIONAL_JUMP	0
0x00104ec7	0xStack[-0x10c]	WRITE	0
0x00104ed1	0x0010578f	UNCONDITIONAL_JUMP	0
0x00104ed8	0xStack[-0xb8]	READ	0
0x00104ee1	0x001052e2	CONDITIONAL_JUMP	0
0x00104ee7	0xStack[-0xec]	READ	0
0x00104eee	0x001052e2	CONDITIONAL_JUMP	0
0x00104ef4	0xStack[-0xb6]	DATA	0
0x00104efa	0xStack[-0x98]	DATA	0
0x00104f02	0x00104f20	CONDITIONAL_JUMP	0
0x00104f08	0xStack[-0xb6]	DATA	1
0x00104f0c	0x00104f18	CONDITIONAL_JUMP	0
0x00104f10	0x00104f1b	CONDITIONAL_JUMP	0
0x00104f12	0xStack[-0xb6]	DATA	0
0x00104f15	0x00104f20	UNCONDITIONAL_JUMP	0
0x00104f18	0xStack[-0xb5]	DATA	0
0x00104f1e	0x00104f08	CONDITIONAL_JUMP	0
0x00104f20	0xStack[-0xb6]	DATA	0
0x00104f23	0x001052e2	CONDITIONAL_JUMP	0
0x00104f29	0xStack[-0xb6]	DATA	0
0x00104f2f	0xStack[-0xb6]	READ	0
0x00104f36	0x00104f3e	CONDITIONAL_JUMP	0
0x00104f39	0xStack[-0xb5]	DATA	0
0x00104f3c	0x00104f38	CONDITIONAL_JUMP	0
0x00104f40	0xStack[-0xb5]	DATA	0
0x00104f43	0x00104f53	CONDITIONAL_JUMP	0
0x00104f48	0xStack[-0xb5]	DATA	0
0x00104f4b	0x00104f53	CONDITIONAL_JUMP	0
0x00104f4e	0xStack[-0xb4]	DATA	0
0x00104f51	0x00104f48	CONDITIONAL_JUMP	0
0x00104f53	0xStack[-0x70]	WRITE	0
0x00104f57	0xStack[-0xb4]	DATA	0
0x00104f5a	0x00104f7a	CONDITIONAL_JUMP	0
0x00104f5c	0xStack[-0xb4]	DATA	0
0x00104f61	0xStack[-0xb3]	DATA	0
0x00104f64	0x00104f60	CONDITIONAL_JUMP	0
0x00104f66	0xStack[-0xb3]	DATA	0
0x00104f69	0x00104f7a	CONDITIONAL_JUMP	0
0x00104f6d	0xStack[-0x70]	DATA	0
0x00104f72	0x001013cc	UNCONDITIONAL_CALL	0
0x00104f7a	0xStack[-0xec]	WRITE	0
0x00104f84	0xStack[-0xbc]	READ	1
0x00104f8b	0x0011df54	UNCONDITIONAL_CALL	0
0x00104f90	0xStack[-0xbc]	WRITE	0
0x00104f9b	0xStack[-0x50]	DATA	0
0x00104f9f	0x0011ca34	UNCONDITIONAL_CALL	0
0x00104fa4	0xStack[-0x10c]	WRITE	0
0x00104faf	0x0010578f	CONDITIONAL_JUMP	0
0x00104fb5	0xStack[-0xbc]	DATA	0
0x00104fc1	0x0011c13c	UNCONDITIONAL_CALL	0
0x00104fc6	0xStack[-0x10c]	WRITE	0
0x00104fd1	0x0010578f	CONDITIONAL_JUMP	0
0x00104fd7	0xStack[-0xbc]	READ	1
0x00104fe0	0x001e8758	READ	1
0x00104fe9	0xStack[-0x44]	DATA	0
0x00104ff3	0xStack[-0x10c]	WRITE	0
0x00104ffe	0x0010578f	CONDITIONAL_JUMP	0
0x00105004	0x00104df8	UNCONDITIONAL_JUMP	0
0x0010500c	0xStack[-0x10c]	WRITE	0
0x00105016	0x00105240	UNCONDITIONAL_JUMP	0
0x0010501c	0xStack[-0xe0]	WRITE	0
0x00105026	0xStack[-0xe4]	WRITE	0
0x00105030	0xStack[-0xd8]	WRITE	0
0x0010503f	0x001e89e4	READ	1
0x00105046	0x00174518	UNCONDITIONAL_CALL	0
0x0010504b	0xStack[-0xf8]	WRITE	0
0x00105051	0xStack[-0xf8]	READ	1
0x00105057	0xStack[-0xe8]	WRITE	0
0x00105064	0xStack[-0xdc]	READ	1
0x0010506e	0x00105240	CONDITIONAL_JUMP	0
0x00105078	0xStack[-0xec]	READ	0
0x0010507f	0x001050e0	CONDITIONAL_JUMP	0
0x00105081	0xStack[-0xe0]	READ	0
0x00105088	0x0010509c	CONDITIONAL_JUMP	0
0x0010508a	0xStack[-0x50]	READ	1
0x0010508f	0xStack[-0xdc]	READ	1
0x00105099	0x0010510e	UNCONDITIONAL_JUMP	0
0x0010509c	0xStack[-0xe0]	READ	0
0x001050a3	0x001050b4	CONDITIONAL_JUMP	0
0x001050a5	0xStack[-0x70]	READ	0
0x001050a9	0x001050b4	CONDITIONAL_JUMP	0
0x001050ab	0xStack[-0x70]	DATA	0
0x001050b0	0x0010510e	UNCONDITIONAL_JUMP	0
0x001050b4	0xStack[-0xec]	READ	0
0x001050bb	0x001050e0	CONDITIONAL_JUMP	0
0x001050bd	0xStack[-0xe0]	READ	0
0x001050c4	0x001050d5	CONDITIONAL_JUMP	0
0x001050c6	0xStack[-0xe0]	READ	0
0x001050cd	0x001050e0	CONDITIONAL_JUMP	0
0x001050cf	0xStack[-0x70]	READ	0
0x001050d3	0x001050e0	CONDITIONAL_JUMP	0
0x001050d5	0xStack[-0xdc]	READ	1
0x001050dd	0x0010510e	UNCONDITIONAL_JUMP	0
0x001050e0	0xStack[-0xdc]	READ	1
0x001050eb	0x0010510e	CONDITIONAL_JUMP	0
0x001050ee	0xStack[-0x118]	WRITE	0
0x001050f4	0x0018a184	UNCONDITIONAL_CALL	0
0x001050fb	0xStack[-0xdc]	READ	1
0x00105108	0xStack[-0x118]	READ	1
0x00105110	0x0010515f	CONDITIONAL_JUMP	0
0x00105112	0xStack[-0xdc]	READ	1
0x0010511c	0x00105157	CONDITIONAL_JUMP	0
0x00105129	0xStack[-0x118]	WRITE	0
0x0010512f	0x0018a184	UNCONDITIONAL_CALL	0
0x00105139	0xStack[-0x118]	READ	1
0x00105141	0x00105240	CONDITIONAL_JUMP	0
0x00105147	0xStack[-0xdc]	READ	1
0x00105151	0xStack[-0xe4]	READ_WRITE	0
0x00105159	0x00105240	CONDITIONAL_JUMP	0
0x0010515f	0xStack[-0xe0]	READ_WRITE	0
0x00105168	0x0010500c	CONDITIONAL_JUMP	0
0x0010516e	0xStack[-0xd8]	READ	0
0x00105178	0x0010518c	CONDITIONAL_JUMP	0
0x0010517a	0xStack[-0x10c]	WRITE	0
0x00105184	0x0010578f	UNCONDITIONAL_JUMP	0
0x0010518e	0x001051c4	CONDITIONAL_JUMP	0
0x00105190	0xStack[-0xd0]	DATA	0
0x00105197	0xStack[-0xe8]	READ	1
0x001051a0	0xStack[-0x118]	WRITE	0
0x001051a6	0x0018a034	UNCONDITIONAL_CALL	0
0x001051ab	0xStack[-0x10c]	WRITE	0
0x001051b1	0xStack[-0x118]	READ	1
0x001051b7	0xStack[-0xd0]	READ	1
0x001051c0	0x001051f4	UNCONDITIONAL_JUMP	0
0x001051c4	0xStack[-0xd0]	DATA	0
0x001051cb	0xStack[-0xe8]	READ	1
0x001051d4	0xStack[-0x118]	WRITE	0
0x001051da	0x0018a0a4	UNCONDITIONAL_CALL	0
0x001051df	0xStack[-0x10c]	WRITE	0
0x001051e5	0xStack[-0xd0]	READ	1
0x001051ee	0xStack[-0x118]	READ	1
0x001051f4	0xStack[-0xd0]	READ	1
0x001051fc	0xStack[-0xd8]	READ_WRITE	0
0x00105202	0xStack[-0xe8]	READ_WRITE	0
0x00105208	0xStack[-0x10c]	READ	0
0x0010520f	0x0010522b	CONDITIONAL_JUMP	0
0x00105211	0xStack[-0xd8]	READ	0
0x0010521b	0x0010518c	CONDITIONAL_JUMP	0
0x00105221	0xStack[-0x10c]	WRITE	0
0x0010522b	0xStack[-0x10c]	READ	0
0x00105232	0x00105074	CONDITIONAL_JUMP	0
0x00105238	0x0010578f	UNCONDITIONAL_JUMP	0
0x00105240	0xStack[-0xd8]	READ	1
0x0010524b	0xStack[-0xd8]	WRITE	0
0x00105251	0xStack[-0xfc]	READ	0
0x00105258	0x00105314	CONDITIONAL_JUMP	0
0x0010525e	0xStack[-0x84]	DATA	0
0x00105262	0xStack[-0x104]	READ	1
0x00105269	0xStack[-0xbc]	READ	1
0x00105270	0x0015c948	UNCONDITIONAL_CALL	0
0x0010527a	0x00105284	CONDITIONAL_JUMP	0
0x0010527d	0x001054b5	UNCONDITIONAL_JUMP	0
0x00105284	0xStack[-0xcc]	DATA	0
0x0010528f	0xStack[-0x7c]	READ	1
0x00105295	0xStack[-0xb8]	DATA	0
0x0010529c	0xStack[-0xbc]	READ	1
0x001052a5	0x0011de7c	UNCONDITIONAL_CALL	0
0x001052aa	0xStack[-0x10c]	WRITE	0
0x001052b5	0x0010578f	CONDITIONAL_JUMP	0
0x001052bb	0xStack[-0xcc]	READ	0
0x001052c2	0x001052d4	CONDITIONAL_JUMP	0
0x001052c4	0xStack[-0x10c]	WRITE	0
0x001052ce	0x0010578f	UNCONDITIONAL_JUMP	0
0x001052d4	0xStack[-0x100]	READ	1
0x001052da	0xStack[-0xb8]	DATA	0
0x001052e0	0x001052f4	CONDITIONAL_JUMP	0
0x001052e2	0xStack[-0x10c]	WRITE	0
0x001052ec	0x0010578f	UNCONDITIONAL_JUMP	0
0x001052f4	0xStack[-0x98]	DATA	0
0x001052fb	0xStack[-0x78]	READ	1
0x001052ff	0xStack[-0x7c]	READ	1
0x00105303	0xStack[-0x100]	READ	1
0x0010530a	0xStack[-0xbc]	READ	1
0x00105311	0x00105331	UNCONDITIONAL_JUMP	0
0x00105314	0xStack[-0x98]	DATA	0
0x0010531b	0xStack[-0xbc]	READ	1
0x00105329	0xStack[-0x100]	READ	1
0x00105331	0x0015ca74	UNCONDITIONAL_CALL	0
0x0010533b	0x00105344	CONDITIONAL_JUMP	0
0x0010533e	0x001054b5	UNCONDITIONAL_JUMP	0
0x00105344	0xStack[-0x108]	READ	1
0x00105350	0x00105404	CONDITIONAL_JUMP	0
0x0010535b	0x00107898	UNCONDITIONAL_CALL	0
0x00105362	0x001e8758	READ	1
0x0010536b	0x0015b5d0	UNCONDITIONAL_CALL	0
0x0010537a	0xStack[-0xf0]	READ	0
0x00105380	0x0010538e	CONDITIONAL_JUMP	0
0x00105386	0xStack[-0xf4]	READ	0
0x0010538c	0x001053a0	CONDITIONAL_JUMP	0
0x0010538f	0x001083c0	UNCONDITIONAL_CALL	0
0x00105394	0xStack[-0x108]	READ	1
0x001053a0	0xStack[-0x108]	READ	1
0x001053a9	0xStack[-0xf0]	READ	1
0x001053bd	0xStack[-0xf4]	READ	1
0x001053c8	0x001e8758	READ	1
0x001053d1	0x0015b73c	UNCONDITIONAL_CALL	0
0x001053d6	0xStack[-0xf4]	READ	1
0x001053e1	0xStack[-0x108]	READ	1
0x001053f2	0xStack[-0xf0]	READ	1
0x00105400	0x00105412	UNCONDITIONAL_JUMP	0
0x0010540a	0x00156aac	UNCONDITIONAL_CALL	0
0x00105412	0xStack[-0xd4]	WRITE	0
0x0010541e	0x001e0d0c	READ	1
0x00105425	0xStack[-0xd4]	DATA	0
0x0010542c	0x001e8b54	READ	1
0x00105438	0x0017c5b8	UNCONDITIONAL_CALL	0
0x00105442	0x00105465	CONDITIONAL_JUMP	0
0x00105448	0x001e0d0c	READ	1
0x00105451	0x001e8b54	READ	1
0x0010545d	0x0017c6a4	UNCONDITIONAL_CALL	0
0x00105465	0xStack[-0x10c]	READ	0
0x0010546c	0x0010578f	CONDITIONAL_JUMP	0
0x00105472	0xStack[-0xbc]	READ	1
0x00105479	0x0011df54	UNCONDITIONAL_CALL	0
0x0010547e	0xStack[-0xbc]	WRITE	0
0x0010548b	0xStack[-0x88]	READ	0
0x00105492	0x001054c8	CONDITIONAL_JUMP	0
0x00105494	0xStack[-0x90]	READ	1
0x0010549b	0x001e8b54	READ	1
0x001054a7	0x001057f0	UNCONDITIONAL_CALL	0
0x001054b1	0x001054c8	CONDITIONAL_JUMP	0
0x001054b5	0x00105a3c	UNCONDITIONAL_CALL	0
0x001054ba	0xStack[-0x10c]	WRITE	0
0x001054c3	0x0010578f	UNCONDITIONAL_JUMP	0
0x001054c8	0xStack[-0x108]	READ	1
0x001054d6	0xStack[-0x114]	WRITE	0
0x001054dc	0xStack[-0x88]	READ	0
0x001054e3	0x001055e3	CONDITIONAL_JUMP	0
0x001054e9	0xStack[-0xd8]	READ	1
0x001054f2	0xStack[-0x114]	WRITE	0
0x001054f8	0xStack[-0xe0]	READ	1
0x00105505	0xStack[-0x114]	READ	1
0x00105512	0x001e875c	READ	1
0x0010551c	0xStack[-0xe0]	READ	1
0x00105522	0xStack[-0xe4]	READ	1
0x0010552a	0x0018a244	UNCONDITIONAL_CALL	0
0x0010552f	0xStack[-0xf8]	READ	1
0x00105535	0xStack[-0xe8]	WRITE	0
0x00105542	0xStack[-0xd0]	DATA	0
0x00105548	0xStack[-0x110]	WRITE	0
0x00105553	0xStack[-0xe4]	READ	1
0x00105559	0xStack[-0xe0]	READ	0
0x0010555f	0x0010556f	CONDITIONAL_JUMP	0
0x00105564	0x0018a244	UNCONDITIONAL_CALL	0
0x0010556f	0xStack[-0xe0]	READ_WRITE	0
0x00105575	0x001055d8	CONDITIONAL_JUMP	0
0x00105577	0xStack[-0x114]	READ	1
0x0010557f	0x0018a244	UNCONDITIONAL_CALL	0
0x00105588	0xStack[-0x110]	READ	1
0x0010558f	0xStack[-0xe8]	READ	1
0x00105596	0xStack[-0x114]	READ	1
0x0010559e	0x0018a114	UNCONDITIONAL_CALL	0
0x001055a3	0xStack[-0x10c]	WRITE	0
0x001055a9	0xStack[-0xd0]	READ	1
0x001055b1	0xStack[-0x114]	WRITE	0
0x001055b9	0xStack[-0xe8]	READ_WRITE	0
0x001055c2	0xStack[-0x10c]	READ	0
0x001055c9	0x00105588	CONDITIONAL_JUMP	0
0x001055cb	0xStack[-0x10c]	READ	0
0x001055d2	0x00105550	CONDITIONAL_JUMP	0
0x001055db	0x0018a244	UNCONDITIONAL_CALL	0
0x001055e3	0xStack[-0x88]	READ	0
0x001055ea	0x0010560c	CONDITIONAL_JUMP	0
0x001055ec	0x001e875c	READ	1
0x001055fc	0xStack[-0x98]	READ	1
0x00105604	0x0018a244	UNCONDITIONAL_CALL	0
0x0010560c	0x001e875c	READ	1
0x00105613	0xStack[-0x94]	READ	1
0x0010561c	0xStack[-0x108]	READ	1
0x00105628	0x0010565d	CONDITIONAL_JUMP	0
0x00105632	0x00105639	CONDITIONAL_JUMP	0
0x00105647	0xStack[-0x108]	READ	1
0x0010565b	0x0010562c	CONDITIONAL_JUMP	0
0x0010565d	0xStack[-0x108]	READ	1
0x00105691	0xStack[-0xd8]	WRITE	0
0x00105699	0x00105707	CONDITIONAL_JUMP	0
0x0010569c	0xStack[-0x108]	READ	1
0x001056a8	0xStack[-0xd8]	READ	1
0x001056b2	0x001056e9	CONDITIONAL_JUMP	0
0x001056be	0x0011bdd0	UNCONDITIONAL_CALL	0
0x001056c4	0x00104948	UNCONDITIONAL_CALL	0
0x001056c9	0xStack[-0x108]	READ	1
0x001056e9	0xStack[-0x108]	READ	1
0x001056f5	0xStack[-0xd8]	READ	1
0x001056ff	0xStack[-0xd8]	READ_WRITE	0
0x00105705	0x0010569c	CONDITIONAL_JUMP	0
0x00105707	0xStack[-0x108]	READ	1
0x00105715	0x00105742	CONDITIONAL_JUMP	0
0x00105721	0x00105742	CONDITIONAL_JUMP	0
0x00105727	0xStack[-0x108]	READ	1
0x00105734	0x00105742	CONDITIONAL_JUMP	0
0x00105740	0x00105724	CONDITIONAL_JUMP	0
0x00105742	0x001e875c	READ	1
0x0010574b	0xStack[-0x108]	READ	1
0x00105758	0xStack[-0x48]	READ	0
0x0010575c	0x00105765	CONDITIONAL_JUMP	0
0x0010575e	0xStack[-0x48]	WRITE	0
0x00105765	0xStack[-0x48]	READ	1
0x0010576a	0xStack[-0x108]	READ	1
0x00105774	0xStack[-0x50]	READ	1
0x00105778	0x001013cc	UNCONDITIONAL_CALL	0
0x0010577d	0xStack[-0x108]	READ	1
0x0010578f	0xStack[-0x50]	DATA	0
0x00105793	0x0011cb84	UNCONDITIONAL_CALL	0
0x0010579b	0xStack[-0xf8]	READ	0
0x001057a2	0x001057bf	CONDITIONAL_JUMP	0
0x001057a9	0xStack[-0xf8]	READ	1
0x001057b0	0x001e89e4	READ	1
0x001057b7	0x001745b4	UNCONDITIONAL_CALL	0
0x001057bf	0xStack[-0xbc]	READ	1
0x001057c7	0x001057cf	CONDITIONAL_JUMP	0
0x001057ca	0x0011df54	UNCONDITIONAL_CALL	0
0x001057cf	0x001e875c	READ	1
0x001057d4	0xStack[-0x10c]	READ	1
0x001057dd	0xStack[-0x10c]	READ	1
0x001057e3	0xStack[-0x124]	DATA	0
0x001057f7	0xStack[0x4]	READ	1
0x001057fa	0xStack[0x8]	READ	1
0x001057fd	0x001e8758	READ	1
0x0010580a	0x001e8758	READ	1
0x00105810	0x001e89ec	READ	1
0x00105825	0xStack[-0x8]	WRITE	0
0x0010582b	0xStack[-0x8]	DATA	0
0x00105834	0x00174a90	UNCONDITIONAL_CALL	0
0x00105839	0xStack[-0xc]	READ	1
0x0010584c	0x001e2634	READ	0
0x00105853	0x00105871	CONDITIONAL_JUMP	0
0x00105855	0x001da7f0	DATA	0
0x0010585a	0x0010c0d8	UNCONDITIONAL_CALL	0
0x0010585f	0x001da6e9	DATA	0
0x00105864	0x001da6e9	DATA	0
0x00105869	0x00191af8	UNCONDITIONAL_CALL	0
0x00105873	0x001058b2	CONDITIONAL_JUMP	0
0x00105875	0x001e2634	READ	0
0x0010587c	0x001058b2	CONDITIONAL_JUMP	0
0x0010587e	0x001da7ec	READ	0
0x00105885	0x001058b2	CONDITIONAL_JUMP	0
0x00105887	0x001da7ff	DATA	0
0x0010588d	0x001da6e9	DATA	0
0x00105892	0x001da809	DATA	0
0x00105897	0x0010c0d8	UNCONDITIONAL_CALL	0
0x001058a0	0x001da6e9	DATA	0
0x001058a5	0x001da7ff	DATA	0
0x001058aa	0x001013cc	UNCONDITIONAL_CALL	0
0x001058b2	0x001da7ec	READ_WRITE	0
0x001058ba	0x001058e0	CONDITIONAL_JUMP	0
0x001058bd	0x001da6e9	DATA	0
0x001058c2	0x001da82a	DATA	0
0x001058c7	0x0010c0d8	UNCONDITIONAL_CALL	0
0x001058ce	0x001e2634	READ_WRITE	0
0x001058d8	0x001059ae	UNCONDITIONAL_JUMP	0
0x001058e0	0xStack[-0x14]	WRITE	0
0x001058e9	0x001e0d0c	READ	1
0x001058f0	0xStack[-0x14]	DATA	0
0x001058f4	0x001e8b54	READ	1
0x00105900	0x0017c5b8	UNCONDITIONAL_CALL	0
0x00105908	0xStack[-0x14]	READ	0
0x0010590c	0x00105915	CONDITIONAL_JUMP	0
0x0010590e	0xStack[-0x14]	WRITE	0
0x0010591a	0xStack[-0x14]	READ	1
0x0010591e	0x001da6e9	DATA	0
0x00105923	0x00189cec	UNCONDITIONAL_CALL	0
0x00105928	0xStack[-0x14]	READ	1
0x0010592b	0xStack[-0x10]	WRITE	0
0x0010592e	0xStack[-0x14]	READ	1
0x00105938	0xStack[-0x14]	WRITE	0
0x00105941	0x001da769	DATA	0
0x00105946	0x00189cec	UNCONDITIONAL_CALL	0
0x0010594b	0xStack[-0x14]	READ	1
0x0010594e	0xStack[-0xc]	WRITE	0
0x00105951	0xStack[-0x14]	READ	1
0x0010595b	0xStack[-0x14]	WRITE	0
0x0010595e	0xStack[-0x8]	WRITE	0
0x00105968	0xStack[-0x10]	DATA	0
0x0010596c	0x00189cec	UNCONDITIONAL_CALL	0
0x00105971	0xStack[-0x10]	READ	1
0x00105974	0x001e90c0	WRITE	0
0x0010597a	0xStack[-0x14]	READ	1
0x0010597d	0x001e90c4	WRITE	0
0x00105983	0x001e90c8	WRITE	0
0x0010598d	0x001e875c	READ	1
0x00105995	0x001e90c0	DATA	1
0x0010599f	0x00104c54	UNCONDITIONAL_CALL	0
0x001059a6	0x001e875c	READ	1
0x001059b0	0x0010584c	CONDITIONAL_JUMP	0
0x001059b6	0xStack[-0x1c]	DATA	0
0x001059c8	0xStack[0x4]	READ	1
0x001059cb	0x001e8758	READ	1
0x001059d7	0xStack[-0x44]	DATA	0
0x001059e6	0x00105a32	CONDITIONAL_JUMP	0
0x001059f9	0x00105a32	CONDITIONAL_JUMP	0
0x001059fb	0x001e8758	READ	1
0x00105a06	0x00105a1b	CONDITIONAL_JUMP	0
0x00105a19	0x00105a32	CONDITIONAL_JUMP	0
0x00105a1f	0x00105a27	CONDITIONAL_JUMP	0
0x00105a21	0xStack[-0x40]	READ	0
0x00105a25	0x00105a30	CONDITIONAL_JUMP	0
0x00105a2c	0x00105a32	UNCONDITIONAL_JUMP	0
0x00105a32	0xStack[-0x4c]	DATA	0
0x00105a3f	0xStack[0x4]	READ	1
0x00105a45	0x00105ab4	CONDITIONAL_JUMP	0
0x00105a47	0x00105a70	COMPUTED_JUMP	-1
0x00105a47	0x00105a78	COMPUTED_JUMP	-1
0x00105a47	0x00105a84	COMPUTED_JUMP	-1
0x00105a47	0x00105a90	COMPUTED_JUMP	-1
0x00105a47	0x00105ab4	COMPUTED_JUMP	-1
0x00105a47	0x00105a9c	COMPUTED_JUMP	-1
0x00105a47	0x00105aa8	COMPUTED_JUMP	-1
0x00105a47	0x00105a50	DATA	0
0x00105a50	0x00105a70	DATA	0
0x00105a54	0x00105a78	DATA	0
0x00105a58	0x00105a84	DATA	0
0x00105a5c	0x00105a90	DATA	0
0x00105a60	0x00105ab4	DATA	0
0x00105a64	0x00105a9c	DATA	0
0x00105a68	0x00105aa8	DATA	0
0x00105a6c	0x00105ab4	DATA	0
0x00105ac3	0x001e875c	READ	1
0x00105ad2	0x00105ad8	UNCONDITIONAL_CALL	0
0x00105adb	0xStack[0x4]	READ	1
0x00105adf	0x001e8758	READ	1
0x00105ae7	0x00105afc	UNCONDITIONAL_CALL	0
0x00105af2	0x001677c4	UNCONDITIONAL_CALL	0
0x00105afa	0x00105af0	UNCONDITIONAL_JUMP	0
0x00105b05	0xStack[0x4]	READ	1
0x00105b0d	0x00107898	UNCONDITIONAL_CALL	0
0x00105b12	0xStack[-0x28]	WRITE	0
0x00105b15	0xStack[0x4]	READ	1
0x00105b1e	0x001e8b54	READ	0
0x00105b24	0x00105be1	CONDITIONAL_JUMP	0
0x00105b34	0x00105b32	CONDITIONAL_JUMP	0
0x00105b42	0x00105b30	CONDITIONAL_JUMP	0
0x00105b44	0x00105ba0	UNCONDITIONAL_JUMP	0
0x00105b48	0xStack[0x4]	READ	1
0x00105b50	0xStack[0x4]	READ	1
0x00105b5b	0x00105b73	CONDITIONAL_JUMP	0
0x00105b5d	0x001e8b54	READ	1
0x00105b64	0x001060e1	CONDITIONAL_JUMP	0
0x00105b6b	0x001679a8	UNCONDITIONAL_CALL	0
0x00105b73	0x00165328	UNCONDITIONAL_CALL	0
0x00105b78	0x001e8b54	READ	1
0x00105b84	0x001060e1	CONDITIONAL_JUMP	0
0x00105b90	0x00105b8e	CONDITIONAL_JUMP	0
0x00105b9e	0x00105b8c	CONDITIONAL_JUMP	0
0x00105ba0	0xStack[0x4]	READ	1
0x00105ba7	0x00105b48	CONDITIONAL_JUMP	0
0x00105bad	0x00105b48	CONDITIONAL_JUMP	0
0x00105baf	0x001e8b54	READ	1
0x00105bb5	0xStack[0x4]	READ	1
0x00105bc0	0x001e8b54	READ	1
0x00105bc9	0x00166094	UNCONDITIONAL_CALL	0
0x00105bd0	0x001e8b54	READ	1
0x00105bd9	0x0016610c	UNCONDITIONAL_CALL	0
0x00105be1	0xStack[0x4]	READ	1
0x00105be7	0xStack[-0x1c]	WRITE	0
0x00105beb	0x00166234	UNCONDITIONAL_CALL	0
0x00105bf3	0xStack[-0x18]	WRITE	0
0x00105bf6	0xStack[0x4]	READ	1
0x00105c14	0xStack[-0x18]	READ	1
0x00105c20	0x00105c14	CONDITIONAL_JUMP	0
0x00105c22	0xStack[0x4]	READ	1
0x00105c26	0x0010b250	DATA	0
0x00105c2b	0x00103684	UNCONDITIONAL_CALL	0
0x00105c35	0xStack[-0x18]	READ	1
0x00105c3e	0x00105c8a	CONDITIONAL_JUMP	0
0x00105c40	0xStack[-0x18]	READ	1
0x00105c4e	0x00105c74	CONDITIONAL_JUMP	0
0x00105c56	0x00105c74	CONDITIONAL_JUMP	0
0x00105c59	0x0011bdd0	UNCONDITIONAL_CALL	0
0x00105c6c	0x00104948	UNCONDITIONAL_CALL	0
0x00105c74	0xStack[-0x18]	READ	1
0x00105c88	0x00105c40	CONDITIONAL_JUMP	0
0x00105c8a	0xStack[-0x18]	READ	1
0x00105c95	0x00105ca0	CONDITIONAL_JUMP	0
0x00105c98	0x0011df54	UNCONDITIONAL_CALL	0
0x00105ca0	0xStack[-0x18]	READ	1
0x00105cab	0x00105cb6	CONDITIONAL_JUMP	0
0x00105cae	0x0011df54	UNCONDITIONAL_CALL	0
0x00105cb6	0xStack[-0x18]	READ	1
0x00105cc3	0x00103188	UNCONDITIONAL_CALL	0
0x00105ccc	0x00108384	UNCONDITIONAL_CALL	0
0x00105cd1	0xStack[0x4]	READ	1
0x00105ce1	0x00105cec	CONDITIONAL_JUMP	0
0x00105cec	0x001e94e0	READ	1
0x00105cf1	0xStack[0x4]	READ	1
0x00105cf9	0x00105d01	CONDITIONAL_JUMP	0
0x00105d01	0xStack[0x4]	READ	1
0x00105d04	0x001e94e0	DATA	1
0x00105d0b	0x001e94e0	WRITE	0
0x00105d1c	0x001e93e0	DATA	1
0x00105d25	0x00105d4a	CONDITIONAL_JUMP	0
0x00105d2a	0x001e93e0	DATA	0
0x00105d31	0x00105d5b	UNCONDITIONAL_JUMP	0
0x00105d34	0xStack[0x4]	READ	1
0x00105d3d	0x00105d7c	UNCONDITIONAL_JUMP	0
0x00105d43	0xStack[0x4]	READ	0
0x00105d46	0x00105d34	CONDITIONAL_JUMP	0
0x00105d4c	0x00105d40	CONDITIONAL_JUMP	0
0x00105d4e	0x001da847	DATA	0
0x00105d53	0x0010ca6c	UNCONDITIONAL_CALL	0
0x00105d5b	0xStack[0x4]	READ	1
0x00105d63	0x00105d7c	CONDITIONAL_JUMP	0
0x00105d65	0xStack[0x8]	READ	1
0x00105d6c	0x001da84c	DATA	0
0x00105d71	0x0010c0d8	UNCONDITIONAL_CALL	0
0x00105d78	0x00105d78	UNCONDITIONAL_JUMP	0
0x00105d7c	0xStack[0x8]	READ	1
0x00105d80	0xStack[0x4]	READ	1
0x00105d87	0xStack[-0x18]	READ	1
0x00105d90	0xStack[-0x18]	READ	1
0x00105da7	0xStack[-0x18]	READ	1
0x00105dc4	0xStack[-0x1c]	READ	1
0x00105dca	0xStack[-0x20]	WRITE	0
0x00105dd0	0xStack[-0x1c]	READ	1
0x00105dd7	0x00105dd5	CONDITIONAL_JUMP	0
0x00105dde	0xStack[-0x1c]	READ	1
0x00105de8	0x00105dd0	CONDITIONAL_JUMP	0
0x00105dea	0xStack[-0x20]	READ	1
0x00105def	0xStack[-0x2c]	WRITE	0
0x00105df2	0x0018be68	UNCONDITIONAL_CALL	0
0x00105df7	0xStack[-0x24]	WRITE	0
0x00105dfa	0xStack[-0x2c]	READ	1
0x00105dfd	0xStack[-0x20]	READ	0
0x00105e00	0x00105e39	CONDITIONAL_JUMP	0
0x00105e04	0xStack[-0x14]	DATA	0
0x00105e08	0xStack[-0xc]	DATA	0
0x00105e0d	0xStack[-0x2c]	WRITE	0
0x00105e10	0x0016a280	UNCONDITIONAL_CALL	0
0x00105e15	0xStack[-0xc]	READ	1
0x00105e1a	0xStack[-0x8]	READ	1
0x00105e20	0xStack[-0x2c]	READ	1
0x00105e23	0xStack[-0x14]	READ	1
0x00105e28	0xStack[-0x10]	READ	1
0x00105e34	0xStack[-0x20]	READ	0
0x00105e37	0x00105e04	CONDITIONAL_JUMP	0
0x00105e39	0xStack[-0x24]	READ	1
0x00105e3d	0xStack[-0x2c]	WRITE	0
0x00105e40	0x0018b544	UNCONDITIONAL_CALL	0
0x00105e45	0xStack[-0x1c]	READ	1
0x00105e4d	0xStack[-0x1c]	READ	1
0x00105e56	0xStack[-0x2c]	READ	1
0x00105e59	0xStack[-0x1c]	READ	1
0x00105e61	0xStack[-0x1c]	READ	1
0x00105e6f	0xStack[-0x1c]	READ	1
0x00105e76	0x0015a75c	UNCONDITIONAL_CALL	0
0x00105e7b	0xStack[0x4]	READ	1
0x00105e81	0x001e8758	READ	1
0x00105e97	0xStack[-0x18]	READ	1
0x00105ea0	0xStack[0x4]	READ	1
0x00105ea7	0x00108b2c	UNCONDITIONAL_CALL	0
0x00105eaf	0xStack[0x4]	READ	1
0x00105eb6	0x00105ec7	CONDITIONAL_JUMP	0
0x00105eb8	0x001e8de4	READ	1
0x00105ebf	0x0010ab38	UNCONDITIONAL_CALL	0
0x00105ec7	0xStack[0x4]	READ	1
0x00105ed2	0x00105ef6	CONDITIONAL_JUMP	0
0x00105ee4	0x00109870	UNCONDITIONAL_CALL	0
0x00105ef6	0xStack[0x4]	READ	1
0x00105efd	0x00105f70	CONDITIONAL_JUMP	0
0x00105eff	0xStack[-0x28]	READ	1
0x00105f0b	0x00105f4b	CONDITIONAL_JUMP	0
0x00105f14	0x00105f44	CONDITIONAL_JUMP	0
0x00105f17	0x00111b58	UNCONDITIONAL_CALL	0
0x00105f22	0x00105f44	CONDITIONAL_JUMP	0
0x00105f29	0x00105f38	CONDITIONAL_JUMP	0
0x00105f30	0x00109820	UNCONDITIONAL_CALL	0
0x00105f3c	0x0010ddd0	UNCONDITIONAL_CALL	0
0x00105f4b	0xStack[0x4]	READ	1
0x00105f52	0x00105f70	CONDITIONAL_JUMP	0
0x00105f5b	0x00107898	UNCONDITIONAL_CALL	0
0x00105f68	0x00107780	UNCONDITIONAL_CALL	0
0x00105f70	0xStack[0x4]	READ	1
0x00105f78	0x0010600f	CONDITIONAL_JUMP	0
0x00105f85	0x00105f8e	CONDITIONAL_JUMP	0
0x00105f8e	0x001e8de4	READ	1
0x00105f98	0x00105f9d	CONDITIONAL_JUMP	0
0x00105f9d	0x001e8de4	READ	1
0x00105fc0	0x00105fdc	CONDITIONAL_JUMP	0
0x00105fd1	0x00109870	UNCONDITIONAL_CALL	0
0x00105fd9	0x00105ffc	UNCONDITIONAL_JUMP	0
0x00105fe1	0x00105ffc	CONDITIONAL_JUMP	0
0x00105fe7	0x00105ffc	CONDITIONAL_JUMP	0
0x00105fec	0x00109870	UNCONDITIONAL_CALL	0
0x00105ff4	0x00109870	UNCONDITIONAL_CALL	0
0x00105ffd	0x00107304	UNCONDITIONAL_CALL	0
0x00106009	0x00105f80	CONDITIONAL_JUMP	0
0x0010600f	0xStack[0x4]	READ	1
0x0010601e	0x00106047	CONDITIONAL_JUMP	0
0x00106023	0x00109870	UNCONDITIONAL_CALL	0
0x00106028	0xStack[0x4]	READ	1
0x0010602f	0x0010ab38	UNCONDITIONAL_CALL	0
0x00106034	0xStack[0x4]	READ	1
0x00106047	0x001e8758	READ	1
0x00106053	0x00106073	CONDITIONAL_JUMP	0
0x0010605f	0x001e8758	READ	1
0x0010606b	0x0015b514	UNCONDITIONAL_CALL	0
0x00106073	0x001e8758	READ	1
0x00106080	0x00106098	CONDITIONAL_JUMP	0
0x0010608a	0x0015a824	UNCONDITIONAL_CALL	0
0x00106096	0x00106084	CONDITIONAL_JUMP	0
0x0010609a	0xStack[0x4]	READ	1
0x001060a1	0x00109870	UNCONDITIONAL_CALL	0
0x001060a6	0xStack[0x4]	READ	1
0x001060ad	0x0010ab38	UNCONDITIONAL_CALL	0
0x001060b2	0xStack[0x4]	READ	1
0x001060c3	0xStack[-0x1c]	READ	1
0x001060c7	0x00165cc0	UNCONDITIONAL_CALL	0
0x001060cc	0x001e8b54	READ	1
0x001060d4	0xStack[-0x1c]	READ	1
0x001060da	0x001060e1	CONDITIONAL_JUMP	0
0x001060dc	0x001678b4	UNCONDITIONAL_CALL	0
0x001060e1	0xStack[-0x38]	DATA	0
0x001060f5	0x001e875c	READ	1
0x001060fd	0x001060ec	DATA	0
0x00106105	0xStack[-0x50]	DATA	0
0x00106108	0xStack[-0x54]	WRITE	0
0x0010610c	0xStack[-0x4c]	DATA	0
0x00106114	0x001061fc	UNCONDITIONAL_CALL	0
0x00106120	0x0010612b	CONDITIONAL_JUMP	0
0x00106123	0x0019293c	UNCONDITIONAL_CALL	0
0x00106130	0x00106140	CONDITIONAL_JUMP	0
0x00106136	0x00189cec	UNCONDITIONAL_CALL	0
0x00106145	0x00106158	CONDITIONAL_JUMP	0
0x0010614a	0xStack[-0x54]	READ	1
0x0010614e	0x00189cec	UNCONDITIONAL_CALL	0
0x00106159	0x0019293c	UNCONDITIONAL_CALL	0
0x0010615e	0xStack[-0x60]	DATA	0
0x0010616e	0x00106168	DATA	0
0x00106175	0xStack[-0x8]	DATA	0
0x0010617d	0x001061fc	UNCONDITIONAL_CALL	0
0x00106184	0x001e875c	READ	1
0x00106189	0xStack[-0x8]	READ	1
0x00106190	0x0019293c	UNCONDITIONAL_CALL	0
0x001061a5	0x001e875c	READ	1
0x001061b0	0x0010619c	DATA	0
0x001061bb	0xStack[-0x4c]	DATA	0
0x001061c3	0x001061fc	UNCONDITIONAL_CALL	0
0x001061cf	0x001061da	CONDITIONAL_JUMP	0
0x001061d2	0x0019293c	UNCONDITIONAL_CALL	0
0x001061dc	0x001061ec	CONDITIONAL_JUMP	0
0x001061e2	0x00189cec	UNCONDITIONAL_CALL	0
0x001061ed	0x0019293c	UNCONDITIONAL_CALL	0
0x001061f2	0xStack[-0x58]	DATA	0
0x00106205	0xStack[0xc]	READ	1
0x00106208	0xStack[0x10]	READ	1
0x0010620b	0x001e875c	READ	1
0x00106214	0x00106268	CONDITIONAL_JUMP	0
0x00106216	0x00165318	UNCONDITIONAL_CALL	0
0x00106221	0x0010625c	CONDITIONAL_JUMP	0
0x00106223	0x001e8758	READ	1
0x0010623b	0x00106247	CONDITIONAL_JUMP	0
0x0010623f	0x0019293c	UNCONDITIONAL_CALL	0
0x00106247	0x001e875c	READ	1
0x00106252	0x0019293c	UNCONDITIONAL_CALL	0
0x0010625a	0x00106272	UNCONDITIONAL_JUMP	0
0x0010625c	0x001e875c	READ	1
0x00106265	0x00106272	UNCONDITIONAL_JUMP	0
0x00106272	0x001e8758	READ	1
0x00106279	0xStack[-0x8]	WRITE	0
0x00106281	0x0010642f	CONDITIONAL_JUMP	0
0x0010628a	0x00106298	CONDITIONAL_JUMP	0
0x00106292	0x00106424	CONDITIONAL_JUMP	0
0x00106298	0x001e875c	READ	1
0x001062a8	0x001063d4	CONDITIONAL_JUMP	0
0x001062b3	0x001062be	CONDITIONAL_JUMP	0
0x001062b5	0xStack[-0x8]	READ	0
0x001062b8	0x00106424	CONDITIONAL_JUMP	0
0x001062be	0x001e875c	READ	1
0x001062d6	0xStack[0x8]	READ	0
0x001062da	0x001062ee	CONDITIONAL_JUMP	0
0x001062e1	0x0010631b	CONDITIONAL_JUMP	0
0x001062e3	0xStack[0x8]	READ	1
0x001062f3	0x0010631b	CONDITIONAL_JUMP	0
0x001062f6	0x001e8758	READ	1
0x00106301	0x00108b2c	UNCONDITIONAL_CALL	0
0x0010630c	0x0015a824	UNCONDITIONAL_CALL	0
0x0010631c	0x0010765c	UNCONDITIONAL_CALL	0
0x00106322	0x001079b8	UNCONDITIONAL_CALL	0
0x00106341	0x0010634c	CONDITIONAL_JUMP	0
0x0010634c	0x001e9150	READ	1
0x00106355	0x001e9150	WRITE	0
0x00106360	0x00106368	CONDITIONAL_JUMP	0
0x0010636d	0x00106375	CONDITIONAL_JUMP	0
0x0010637b	0x00106383	CONDITIONAL_JUMP	0
0x001063ce	0x001064fb	UNCONDITIONAL_JUMP	0
0x001063d8	0x00106424	CONDITIONAL_JUMP	0
0x001063de	0x00106424	CONDITIONAL_JUMP	0
0x001063e6	0x00106424	CONDITIONAL_JUMP	0
0x001063eb	0x001063f3	CONDITIONAL_JUMP	0
0x001063ed	0xStack[0x4]	READ	0
0x001063f1	0x00106424	CONDITIONAL_JUMP	0
0x001063f8	0x001063ff	CONDITIONAL_JUMP	0
0x001063fa	0xStack[-0x8]	READ	0
0x001063fd	0x00106424	CONDITIONAL_JUMP	0
0x00106405	0x001e875c	READ	1
0x00106416	0x001064a8	CONDITIONAL_JUMP	0
0x0010641f	0x001064ab	UNCONDITIONAL_JUMP	0
0x00106429	0x00106288	CONDITIONAL_JUMP	0
0x0010642f	0xStack[-0x8]	READ	1
0x0010643a	0x001064b8	CONDITIONAL_JUMP	0
0x0010643e	0x001e875c	READ	1
0x0010644e	0x0010646c	CONDITIONAL_JUMP	0
0x0010645f	0x0010ab38	UNCONDITIONAL_CALL	0
0x00106466	0x001064fb	UNCONDITIONAL_JUMP	0
0x00106470	0x001064b8	CONDITIONAL_JUMP	0
0x00106476	0x001064b8	CONDITIONAL_JUMP	0
0x0010647d	0x001064b8	CONDITIONAL_JUMP	0
0x00106481	0x0010648b	CONDITIONAL_JUMP	0
0x00106483	0xStack[0x4]	READ	1
0x00106489	0x001064b8	CONDITIONAL_JUMP	0
0x00106490	0x001e875c	READ	1
0x001064a1	0x001064a8	CONDITIONAL_JUMP	0
0x001064a6	0x001064ab	UNCONDITIONAL_JUMP	0
0x001064b4	0x001064fb	UNCONDITIONAL_JUMP	0
0x001064b8	0x001e875c	READ	1
0x001064c4	0x001064d0	CONDITIONAL_JUMP	0
0x001064cb	0x001064fb	UNCONDITIONAL_JUMP	0
0x001064d0	0xStack[0x4]	READ	1
0x001064d6	0x001064e4	CONDITIONAL_JUMP	0
0x001064e1	0x001064fb	UNCONDITIONAL_JUMP	0
0x001064e8	0xStack[0x14]	READ	1
0x001064ee	0x001e8758	READ	1
0x001064f6	0x0010a708	UNCONDITIONAL_CALL	0
0x001064fb	0xStack[-0x14]	DATA	0
0x00106511	0x001e875c	READ	1
0x00106519	0xStack[-0xc]	WRITE	0
0x0010651c	0xStack[-0x10]	WRITE	0
0x00106523	0x001e8758	READ	1
0x0010652f	0x001066f3	CONDITIONAL_JUMP	0
0x0010653c	0xStack[-0xc]	READ	1
0x00106541	0x001066e8	CONDITIONAL_JUMP	0
0x00106547	0xStack[-0x10]	READ_WRITE	0
0x0010654f	0x00106674	CONDITIONAL_JUMP	0
0x00106555	0x001e875c	READ	1
0x0010656b	0x00189cec	UNCONDITIONAL_CALL	0
0x00106572	0x001e875c	READ	1
0x0010657a	0x001e875c	READ	1
0x00106586	0x00106794	CONDITIONAL_JUMP	0
0x00106597	0x001065bf	CONDITIONAL_JUMP	0
0x0010659a	0x001e8758	READ	1
0x001065a5	0x00108b2c	UNCONDITIONAL_CALL	0
0x001065b0	0x0015a824	UNCONDITIONAL_CALL	0
0x001065c0	0x0010765c	UNCONDITIONAL_CALL	0
0x001065c6	0x001079b8	UNCONDITIONAL_CALL	0
0x001065e5	0x001065f0	CONDITIONAL_JUMP	0
0x001065f0	0x001e9150	READ	1
0x001065f9	0x001e9150	WRITE	0
0x00106604	0x0010660c	CONDITIONAL_JUMP	0
0x00106611	0x00106619	CONDITIONAL_JUMP	0
0x0010661f	0x00106627	CONDITIONAL_JUMP	0
0x0010666c	0x00106796	UNCONDITIONAL_JUMP	0
0x00106678	0x001066e8	CONDITIONAL_JUMP	0
0x0010667e	0x001066e8	CONDITIONAL_JUMP	0
0x00106686	0x001066e8	CONDITIONAL_JUMP	0
0x0010668b	0x00106693	CONDITIONAL_JUMP	0
0x00106691	0x001066e8	CONDITIONAL_JUMP	0
0x00106698	0x0010669e	CONDITIONAL_JUMP	0
0x0010669c	0x001066e8	CONDITIONAL_JUMP	0
0x001066a4	0x001e875c	READ	1
0x001066b5	0x001066bc	CONDITIONAL_JUMP	0
0x001066ba	0x001066bf	UNCONDITIONAL_JUMP	0
0x001066c4	0xStack[-0x8]	WRITE	0
0x001066c9	0xStack[-0xc]	READ	1
0x001066d0	0xStack[-0x8]	DATA	0
0x001066d4	0x00189cec	UNCONDITIONAL_CALL	0
0x001066db	0x001e875c	READ	1
0x001066e3	0x00106794	UNCONDITIONAL_JUMP	0
0x001066ed	0x00106538	CONDITIONAL_JUMP	0
0x001066f3	0xStack[-0x10]	READ	0
0x001066f7	0x00106708	CONDITIONAL_JUMP	0
0x001066f9	0x001e875c	READ	1
0x00106702	0x0010666a	UNCONDITIONAL_JUMP	0
0x00106708	0xStack[-0xc]	READ	1
0x0010670f	0x0010672c	CONDITIONAL_JUMP	0
0x00106711	0x001e875c	READ	1
0x00106716	0xStack[-0x8]	WRITE	0
0x0010672a	0x001066d0	UNCONDITIONAL_JUMP	0
0x0010672c	0x001e875c	READ	1
0x00106735	0x00186f88	UNCONDITIONAL_CALL	0
0x0010673f	0x0010677c	CONDITIONAL_JUMP	0
0x00106741	0x001e8758	READ	1
0x00106759	0x0010676c	CONDITIONAL_JUMP	0
0x0010675b	0x001e875c	READ	1
0x00106764	0x0010666a	UNCONDITIONAL_JUMP	0
0x0010676c	0x001e875c	READ	1
0x00106775	0x0010666a	UNCONDITIONAL_JUMP	0
0x0010677e	0x001e8758	READ	1
0x00106786	0x0010a588	UNCONDITIONAL_CALL	0
0x0010678e	0x00106523	UNCONDITIONAL_JUMP	0
0x00106796	0xStack[-0x1c]	DATA	0
0x001067a4	0x00108310	UNCONDITIONAL_CALL	0
0x001067ab	0x001067b4	CONDITIONAL_JUMP	0
0x001067b2	0x00106810	UNCONDITIONAL_JUMP	0
0x001067b4	0x001e8758	READ	1
0x001067c0	0x001067c8	CONDITIONAL_JUMP	0
0x001067cd	0x001067d5	CONDITIONAL_JUMP	0
0x001067db	0x001067e3	CONDITIONAL_JUMP	0
0x001067fc	0x00106808	CONDITIONAL_JUMP	0
0x00106803	0x00107504	UNCONDITIONAL_CALL	0
0x00106810	0xStack[-0x8]	READ	1
0x0010681d	0x00106838	UNCONDITIONAL_CALL	0
0x0010682d	0x00106838	UNCONDITIONAL_CALL	0
0x00106841	0x001078dc	UNCONDITIONAL_CALL	0
0x00106846	0xStack[-0x8]	WRITE	0
0x0010684b	0x001e8758	READ	1
0x0010685a	0x0010689a	CONDITIONAL_JUMP	0
0x0010685c	0x001e94e4	READ	1
0x00106864	0x00106876	CONDITIONAL_JUMP	0
0x0010686c	0x0010686f	CONDITIONAL_JUMP	0
0x00106874	0x00106868	CONDITIONAL_JUMP	0
0x00106876	0x001e94e0	READ	1
0x0010687e	0x0010689a	CONDITIONAL_JUMP	0
0x00106880	0x001e8758	READ	1
0x00106890	0x00106893	CONDITIONAL_JUMP	0
0x00106898	0x0010688c	CONDITIONAL_JUMP	0
0x0010689a	0x001e9150	READ	1
0x001068a2	0x001068d3	CONDITIONAL_JUMP	0
0x001068a4	0x001073d0	UNCONDITIONAL_CALL	0
0x001068ad	0x001068c0	CONDITIONAL_JUMP	0
0x001068af	0x001da864	DATA	0
0x001068b4	0x0010cb24	UNCONDITIONAL_CALL	0
0x001068bc	0x001068cf	UNCONDITIONAL_JUMP	0
0x001068c0	0x001e9150	READ	1
0x001068c9	0x001e9150	WRITE	0
0x001068d1	0x001068e7	CONDITIONAL_JUMP	0
0x001068d3	0x001e8758	READ	1
0x001068e0	0x001068fc	CONDITIONAL_JUMP	0
0x001068e5	0x001068fc	CONDITIONAL_JUMP	0
0x001068e7	0xStack[-0x8]	READ	1
0x001068eb	0x00107900	UNCONDITIONAL_CALL	0
0x001068f0	0x001e875c	READ	1
0x001068f9	0x0010696c	UNCONDITIONAL_JUMP	0
0x001068fc	0x001e8758	READ	1
0x00106903	0xStack[-0x8]	READ	1
0x00106907	0xStack[0x4]	READ	1
0x0010690c	0x001069a8	UNCONDITIONAL_CALL	0
0x00106914	0x001e8b54	READ	1
0x0010691b	0x0018ea90	UNCONDITIONAL_CALL	0
0x00106946	0x00160844	UNCONDITIONAL_CALL	0
0x0010695a	0x001e875c	READ	1
0x00106967	0x00167d48	UNCONDITIONAL_CALL	0
0x0010696c	0x001e875c	READ	1
0x00106978	0xStack[-0x14]	DATA	0
0x00106988	0xStack[0x4]	READ	1
0x0010698b	0x001078dc	UNCONDITIONAL_CALL	0
0x00106992	0x001e8758	READ	1
0x0010699a	0x001069a8	UNCONDITIONAL_CALL	0
0x0010699f	0xStack[-0x8]	READ	1
0x001069b1	0xStack[0x4]	READ	1
0x001069ba	0xStack[-0x8]	WRITE	0
0x001069bd	0x001e94e8	READ_WRITE	0
0x001069c3	0x001e94e8	READ	0
0x001069cd	0x001069e3	CONDITIONAL_JUMP	0
0x001069cf	0x001e94e8	WRITE	0
0x001069d9	0x001da86c	WRITE	0
0x001069e3	0x001da86c	READ	1
0x001069e8	0x001e94e8	READ	0
0x001069ee	0x00106a84	CONDITIONAL_JUMP	0
0x001069f4	0xStack[-0x14]	WRITE	0
0x001069fb	0x001da86c	WRITE	0
0x00106a05	0x001e94e4	READ	1
0x00106a0b	0x00106a6b	UNCONDITIONAL_JUMP	0
0x00106a14	0x001e94e8	READ	1
0x00106a1c	0x00106a26	CONDITIONAL_JUMP	0
0x00106a24	0x00106a36	CONDITIONAL_JUMP	0
0x00106a27	0x001e94e8	WRITE	0
0x00106a2d	0x001da86c	READ	1
0x00106a34	0x001069c3	CONDITIONAL_JUMP	0
0x00106a3a	0x001e94e8	READ	0
0x00106a40	0x00106a4f	CONDITIONAL_JUMP	0
0x00106a42	0x001da86c	READ	0
0x00106a48	0x00106a4f	CONDITIONAL_JUMP	0
0x00106a4a	0x001da86c	WRITE	0
0x00106a53	0x001e94e8	READ	0
0x00106a59	0x00106a68	CONDITIONAL_JUMP	0
0x00106a5b	0x001da86c	READ	0
0x00106a61	0x00106a68	CONDITIONAL_JUMP	0
0x00106a63	0x001da86c	WRITE	0
0x00106a6d	0x00106a10	CONDITIONAL_JUMP	0
0x00106a6f	0xStack[-0x14]	READ	0
0x00106a73	0x00106a84	CONDITIONAL_JUMP	0
0x00106a75	0xStack[-0x14]	WRITE	0
0x00106a7c	0x001e94e0	READ	1
0x00106a82	0x00106a6b	UNCONDITIONAL_JUMP	0
0x00106a84	0x001e94e8	READ	1
0x00106a8b	0xStack[0xc]	READ	1
0x00106a8f	0x00107914	UNCONDITIONAL_CALL	0
0x00106a99	0x001069bd	CONDITIONAL_JUMP	0
0x00106a9f	0x001e9150	READ	1
0x00106aa7	0x00106ad0	CONDITIONAL_JUMP	0
0x00106aa9	0x001073d0	UNCONDITIONAL_CALL	0
0x00106ab2	0x00106ac1	CONDITIONAL_JUMP	0
0x00106ab4	0x001da870	DATA	0
0x00106ab9	0x0010ca6c	UNCONDITIONAL_CALL	0
0x00106ac1	0x001e9150	READ	1
0x00106aca	0x001e9150	WRITE	0
0x00106ad3	0x001e9150	WRITE	0
0x00106b20	0x00107898	UNCONDITIONAL_CALL	0
0x00106b25	0xStack[-0x14]	WRITE	0
0x00106b2c	0xStack[0xc]	READ	1
0x00106b33	0xStack[-0x14]	READ	1
0x00106b3a	0xStack[0xc]	READ	1
0x00106b41	0xStack[-0x14]	READ	1
0x00106b48	0xStack[0xc]	READ	1
0x00106b4f	0xStack[-0x14]	READ	1
0x00106b55	0xStack[0xc]	READ	1
0x00106b74	0xStack[0xc]	READ	1
0x00106b97	0x00106b9c	CONDITIONAL_JUMP	0
0x00106bee	0x001073ac	UNCONDITIONAL_CALL	0
0x00106bf6	0xStack[-0x8]	READ	1
0x00106c01	0x00106c07	CONDITIONAL_JUMP	0
0x00106c07	0xStack[-0x8]	READ	1
0x00106c12	0x00106c18	CONDITIONAL_JUMP	0
0x00106c18	0xStack[-0x8]	READ	1
0x00106c3f	0x0017be44	UNCONDITIONAL_CALL	0
0x00106c44	0xStack[-0xc]	WRITE	0
0x00106c47	0xStack[-0x10]	WRITE	0
0x00106c51	0x00106c7f	UNCONDITIONAL_JUMP	0
0x00106c5d	0xStack[-0x10]	READ	1
0x00106c65	0x00106c7c	CONDITIONAL_JUMP	0
0x00106c6c	0x00106c78	CONDITIONAL_JUMP	0
0x00106c75	0x00106c7c	UNCONDITIONAL_JUMP	0
0x00106c7c	0xStack[-0x10]	READ_WRITE	0
0x00106c85	0xStack[-0x10]	READ	1
0x00106c8e	0x00106c54	CONDITIONAL_JUMP	0
0x00106c9c	0x0015b54c	UNCONDITIONAL_CALL	0
0x00106ca1	0xStack[-0xc]	READ	1
0x00106ca5	0x00106db4	UNCONDITIONAL_CALL	0
0x00106caa	0xStack[-0x14]	READ	1
0x00106cb0	0xStack[0xc]	READ	1
0x00106cb6	0xStack[-0x14]	READ	1
0x00106cbc	0x001e94e4	READ	1
0x00106cc5	0x001e94e4	READ	1
0x00106cd0	0x001e94e4	DATA	1
0x00106cd7	0x001e94e4	WRITE	0
0x00106ce1	0x0018b60c	UNCONDITIONAL_CALL	0
0x00106ced	0xStack[-0xc]	READ	1
0x00106cf0	0xStack[-0x20]	DATA	0
0x00106cff	0x001da879	DATA	0
0x00106d15	0x0016a490	UNCONDITIONAL_CALL	0
0x00106d1a	0x001e94ec	WRITE	0
0x00106d1f	0x001da880	DATA	0
0x00106d35	0x0016a490	UNCONDITIONAL_CALL	0
0x00106d3a	0x001e94f0	WRITE	0
0x00106d49	0xStack[0x4]	READ	1
0x00106d54	0x00106d84	CONDITIONAL_JUMP	0
0x00106d65	0x0015a824	UNCONDITIONAL_CALL	0
0x00106d72	0x0015a824	UNCONDITIONAL_CALL	0
0x00106d85	0x001e94ec	READ	1
0x00106d8c	0x0016b84c	UNCONDITIONAL_CALL	0
0x00106d91	0xStack[-0xc]	DATA	0
0x00106d9f	0xStack[0x4]	READ	1
0x00106da3	0x001e94f0	READ	1
0x00106da9	0x0016b84c	UNCONDITIONAL_CALL	0
0x00106db7	0xStack[0x4]	READ	1
0x00106dcf	0xStack[0x4]	READ	1
0x00106dde	0x00101600	UNCONDITIONAL_CALL	0
0x00106dec	0xStack[0x4]	READ	1
0x00106df8	0x00101600	UNCONDITIONAL_CALL	0
0x00106e04	0xStack[-0x8]	READ	1
0x00106e0f	0xStack[0x4]	READ	1
0x00106e18	0x001e875c	WRITE	0
0x00106e24	0x001e8758	WRITE	0
0x00106e43	0x001e875c	READ	1
0x00106e48	0x001e0d0c	READ	1
0x00106e61	0x001e875c	READ	1
0x00106e69	0xStack[-0x14]	WRITE	0
0x00106e6e	0xStack[-0xc]	WRITE	0
0x00106e71	0xStack[-0x14]	READ	1
0x00106e77	0xStack[-0x30]	WRITE	0
0x00106e7a	0xStack[-0x14]	READ	1
0x00106e80	0xStack[-0x1c]	WRITE	0
0x00106e83	0xStack[-0x14]	READ	1
0x00106e89	0xStack[-0x20]	WRITE	0
0x00106e8c	0xStack[-0x8]	DATA	0
0x00106e90	0xStack[-0x14]	READ	1
0x00106e97	0x0011de44	UNCONDITIONAL_CALL	0
0x00106e9e	0x001e875c	READ	1
0x00106ea6	0x001e875c	READ	1
0x00106eb3	0x001071c1	CONDITIONAL_JUMP	0
0x00106eb9	0xStack[-0x8]	READ	1
0x00106ebc	0xStack[-0x2c]	WRITE	0
0x00106ec4	0x00106ef1	CONDITIONAL_JUMP	0
0x00106ec6	0xStack[-0x2c]	READ	1
0x00106ecc	0x001e89ec	READ	1
0x00106ed5	0xStack[-0xc]	READ_WRITE	0
0x00106ed8	0xStack[-0x30]	READ	1
0x00106edd	0xStack[-0x30]	WRITE	0
0x00106ee0	0xStack[-0x20]	READ	1
0x00106ee9	0x00106efc	CONDITIONAL_JUMP	0
0x00106eef	0x00106efc	CONDITIONAL_JUMP	0
0x00106ef5	0x001071c1	UNCONDITIONAL_JUMP	0
0x00106efc	0xStack[-0x20]	READ	1
0x00106f02	0x00106f11	CONDITIONAL_JUMP	0
0x00106f04	0xStack[-0x8]	READ	1
0x00106f0b	0x0010719e	CONDITIONAL_JUMP	0
0x00106f11	0x001e8b54	READ	1
0x00106f1c	0xStack[-0x18]	WRITE	0
0x00106f21	0xStack[-0xc]	READ	1
0x00106f24	0xStack[-0x30]	READ	1
0x00106f2b	0xStack[-0x18]	READ	1
0x00106f2f	0x001765fc	UNCONDITIONAL_CALL	0
0x00106f39	0x0010719e	CONDITIONAL_JUMP	0
0x00106f45	0x00106f50	CONDITIONAL_JUMP	0
0x00106f4a	0x0010703c	CONDITIONAL_JUMP	0
0x00106f57	0xStack[-0x24]	WRITE	0
0x00106f65	0x001e2f58	DATA	1
0x00106f6c	0x0010ccb0	DATA	1
0x00106f72	0x0010719e	CONDITIONAL_JUMP	0
0x00106f78	0x0010cca4	DATA	1
0x00106f7e	0x0010719e	CONDITIONAL_JUMP	0
0x00106f86	0x0010719e	CONDITIONAL_JUMP	0
0x00106f8e	0xStack[-0x14]	READ	1
0x00106f94	0x00106fca	CONDITIONAL_JUMP	0
0x00106f96	0xStack[-0x24]	READ	1
0x00106f9a	0xStack[-0x28]	WRITE	0
0x00106fa0	0xStack[-0x20]	READ	1
0x00106fa4	0xStack[-0x1c]	READ	1
0x00106faa	0xStack[-0x28]	READ	1
0x00106fb6	0x0010719e	CONDITIONAL_JUMP	0
0x00106fbc	0x001e0d0c	READ	1
0x00106fc2	0xStack[-0x14]	READ	1
0x00106fc8	0x00106fa0	CONDITIONAL_JUMP	0
0x00106fca	0xStack[-0x14]	READ	1
0x00106fd1	0x0010719e	CONDITIONAL_JUMP	0
0x00106fd7	0xStack[-0x30]	READ	1
0x00106fdb	0xStack[-0xc]	READ	1
0x00106fdf	0xStack[-0x18]	READ	1
0x00106fe3	0x0017c620	UNCONDITIONAL_CALL	0
0x00106fef	0x0010719e	CONDITIONAL_JUMP	0
0x00106ff5	0xStack[-0x30]	READ	1
0x00106ff9	0xStack[-0x1c]	READ	1
0x00106ffd	0xStack[-0x20]	READ	1
0x00107002	0xStack[-0x24]	READ	1
0x00107007	0x0017c17c	UNCONDITIONAL_CALL	0
0x00107010	0xStack[-0x30]	READ	1
0x00107014	0xStack[-0xc]	DATA	0
0x0010701b	0xStack[-0x18]	READ	1
0x0010701f	0x00174a90	UNCONDITIONAL_CALL	0
0x0010702b	0x00107131	CONDITIONAL_JUMP	0
0x00107032	0x00178c64	UNCONDITIONAL_CALL	0
0x00107037	0x0010719e	UNCONDITIONAL_JUMP	0
0x0010703f	0x0010719e	CONDITIONAL_JUMP	0
0x0010704a	0x0017d1e4	UNCONDITIONAL_CALL	0
0x0010705a	0x00107072	CONDITIONAL_JUMP	0
0x0010705c	0x001e8758	READ	1
0x00107067	0x001e8758	READ	1
0x00107072	0xStack[-0x14]	READ	1
0x00107079	0x001070b4	CONDITIONAL_JUMP	0
0x0010707b	0xStack[-0x30]	READ	1
0x0010707f	0xStack[-0xc]	READ	1
0x00107083	0xStack[-0x18]	READ	1
0x00107087	0x0017c620	UNCONDITIONAL_CALL	0
0x0010708c	0xStack[-0x1c]	READ	1
0x00107093	0xStack[-0x30]	READ	1
0x00107097	0xStack[-0xc]	DATA	0
0x0010709b	0xStack[-0x18]	READ	1
0x0010709f	0x0017c4f4	UNCONDITIONAL_CALL	0
0x001070ab	0x00107131	CONDITIONAL_JUMP	0
0x001070b1	0x00107119	UNCONDITIONAL_JUMP	0
0x001070b6	0xStack[-0x30]	READ	1
0x001070bd	0x0018f644	UNCONDITIONAL_CALL	0
0x001070c6	0x001746a0	UNCONDITIONAL_CALL	0
0x001070cd	0xStack[-0x10]	WRITE	0
0x001070d4	0xStack[-0x1c]	READ	1
0x001070db	0xStack[-0x30]	READ	1
0x001070df	0xStack[-0x10]	DATA	0
0x001070e4	0x0017c4f4	UNCONDITIONAL_CALL	0
0x001070f0	0x00107113	CONDITIONAL_JUMP	0
0x001070f8	0xStack[-0x30]	READ	1
0x001070fc	0xStack[-0xc]	READ	1
0x00107101	0xStack[-0x18]	READ	1
0x00107105	0x00176888	UNCONDITIONAL_CALL	0
0x00107111	0x00107128	CONDITIONAL_JUMP	0
0x00107114	0x001747d8	UNCONDITIONAL_CALL	0
0x00107119	0x001e875c	READ	1
0x00107121	0x001071c1	UNCONDITIONAL_JUMP	0
0x00107129	0x001747d8	UNCONDITIONAL_CALL	0
0x00107131	0xStack[-0x20]	READ	1
0x00107137	0x00107168	CONDITIONAL_JUMP	0
0x0010713d	0xStack[-0x30]	READ	1
0x00107141	0xStack[-0xc]	READ	1
0x00107145	0xStack[-0x18]	READ	1
0x00107149	0x0017c6a4	UNCONDITIONAL_CALL	0
0x00107155	0x00107168	CONDITIONAL_JUMP	0
0x00107157	0xStack[-0x30]	READ	1
0x0010715b	0xStack[-0xc]	READ	1
0x0010715f	0xStack[-0x18]	READ	1
0x00107163	0x00107199	UNCONDITIONAL_JUMP	0
0x00107168	0xStack[-0x14]	READ	1
0x0010716f	0x001071ac	CONDITIONAL_JUMP	0
0x00107173	0xStack[-0x30]	READ	1
0x00107177	0xStack[-0xc]	READ	1
0x0010717b	0xStack[-0x18]	READ	1
0x0010717f	0x0017c664	UNCONDITIONAL_CALL	0
0x0010718b	0x001071ac	CONDITIONAL_JUMP	0
0x0010718d	0xStack[-0x30]	READ	1
0x00107191	0xStack[-0xc]	READ	1
0x00107195	0xStack[-0x18]	READ	1
0x00107199	0x0017c620	UNCONDITIONAL_CALL	0
0x0010719e	0x001e875c	READ	1
0x001071a7	0x001071c1	UNCONDITIONAL_JUMP	0
0x001071ac	0x001e8758	READ	1
0x001071b7	0xStack[-0x14]	READ	1
0x001071c1	0xStack[-0x3c]	DATA	0
0x001071d8	0x001e875c	READ	1
0x001071e6	0x001e89ec	READ	1
0x001071ed	0x001071f3	CONDITIONAL_JUMP	0
0x001071f1	0x001071fc	CONDITIONAL_JUMP	0
0x001071f7	0x0010721c	UNCONDITIONAL_JUMP	0
0x001071fe	0x001e8b54	READ	1
0x0010720a	0x0017c620	UNCONDITIONAL_CALL	0
0x00107211	0x0010721c	CONDITIONAL_JUMP	0
0x00107213	0x001e875c	READ	1
0x0010721c	0xStack[-0x8]	READ	1
0x00107227	0xStack[0x4]	READ	1
0x0010722a	0x001e8758	READ	1
0x00107260	0x001e875c	READ	1
0x00107269	0x001e89ec	READ	1
0x00107278	0x001e8758	READ	1
0x00107283	0x0010728c	CONDITIONAL_JUMP	0
0x00107289	0x001072f2	UNCONDITIONAL_JUMP	0
0x0010728c	0x001e8b54	READ	1
0x00107298	0x0015b5d0	UNCONDITIONAL_CALL	0
0x001072a3	0xStack[-0x8]	DATA	0
0x001072a9	0x001749c4	UNCONDITIONAL_CALL	0
0x001072b3	0x001072ec	CONDITIONAL_JUMP	0
0x001072b5	0xStack[-0x8]	READ	1
0x001072bb	0xStack[-0xc]	WRITE	0
0x001072bf	0x0015b73c	UNCONDITIONAL_CALL	0
0x001072c8	0xStack[-0xc]	READ	1
0x001072cc	0xStack[-0xc]	DATA	0
0x001072d1	0x0017c5b8	UNCONDITIONAL_CALL	0
0x001072db	0x001072f2	CONDITIONAL_JUMP	0
0x001072de	0x001da889	DATA	0
0x001072e3	0x0010c100	UNCONDITIONAL_CALL	0
0x001072e8	0x001072f2	UNCONDITIONAL_JUMP	0
0x001072ed	0x0015b73c	UNCONDITIONAL_CALL	0
0x001072f2	0xStack[-0x14]	DATA	0
0x00107308	0xStack[0x4]	READ	1
0x0010731d	0x00107332	CONDITIONAL_JUMP	0
0x0010731f	0x00107327	UNCONDITIONAL_JUMP	0
0x00107329	0x00107338	CONDITIONAL_JUMP	0
0x00107330	0x00107324	CONDITIONAL_JUMP	0
0x00107334	0x00107310	UNCONDITIONAL_JUMP	0
0x00107338	0xStack[-0x8]	READ	1
0x00107343	0xStack[0x4]	READ	1
0x00107346	0x001e8758	READ	1
0x0010734f	0x0010736b	CONDITIONAL_JUMP	0
0x00107359	0x00107364	CONDITIONAL_JUMP	0
0x00107369	0x00107354	CONDITIONAL_JUMP	0
0x00107377	0xStack[0x4]	READ	1
0x0010737f	0x001e93e0	DATA	1
0x00107388	0x001073a3	CONDITIONAL_JUMP	0
0x00107392	0x0010739c	CONDITIONAL_JUMP	0
0x001073a1	0x0010738c	CONDITIONAL_JUMP	0
0x001073af	0xStack[0x4]	READ	1
0x001073b9	0x001e93e0	DATA	1
0x001073c3	0x001e93e0	DATA	0
0x001073d3	0x001e56c0	READ	1
0x001073d8	0x001de684	READ	0
0x001073de	0x001073f8	CONDITIONAL_JUMP	0
0x001073e1	0x001e56c0	WRITE	0
0x001073e6	0x001e94f8	READ	1
0x001073ed	0x0016b790	UNCONDITIONAL_CALL	0
0x00107403	0x001e9150	READ	0
0x0010740a	0x00107439	CONDITIONAL_JUMP	0
0x0010740c	0x001e56c0	READ_WRITE	0
0x00107412	0x001e9150	READ	1
0x0010741a	0x001e9150	WRITE	0
0x00107421	0x001e94f8	READ	1
0x00107428	0x0016b84c	UNCONDITIONAL_CALL	0
0x00107430	0x001e9150	READ	0
0x00107437	0x0010740c	CONDITIONAL_JUMP	0
0x00107444	0x001da8a6	DATA	0
0x0010744d	0x001de684	READ	1
0x0010745d	0x0016a490	UNCONDITIONAL_CALL	0
0x00107462	0x001e94f8	WRITE	0
0x00107467	0x001e56c0	WRITE	0
0x00107471	0x001e9150	WRITE	0
0x0010747e	0x001de684	READ	0
0x00107485	0x0010748c	CONDITIONAL_JUMP	0
0x00107489	0x001074a1	UNCONDITIONAL_JUMP	0
0x0010748c	0x001e56c0	WRITE	0
0x00107497	0x0016b790	UNCONDITIONAL_CALL	0
0x001074a7	0x00101600	UNCONDITIONAL_CALL	0
0x001074ac	0x001e94e4	WRITE	0
0x001074b9	0x001e94e4	DATA	1
0x001074c0	0x001e8dec	WRITE	0
0x001074c6	0x001e94e0	WRITE	0
0x001074d0	0xStack[-0x8]	READ	1
0x001074db	0xStack[0x4]	READ	1
0x001074e3	0x001e8e50	DATA	1
0x001074ec	0x001074fb	CONDITIONAL_JUMP	0
0x001074f3	0x001074fd	CONDITIONAL_JUMP	0
0x001074f9	0x001074f0	CONDITIONAL_JUMP	0
0x0010750a	0xStack[0x4]	READ	1
0x0010750d	0xStack[0x8]	READ	1
0x00107513	0x001e8e50	DATA	1
0x0010751c	0x0010752e	CONDITIONAL_JUMP	0
0x00107520	0xStack[0x8]	READ	1
0x00107526	0x00107588	CONDITIONAL_JUMP	0
0x0010752c	0x00107520	CONDITIONAL_JUMP	0
0x00107535	0x00107898	UNCONDITIONAL_CALL	0
0x00107541	0x001075d0	CONDITIONAL_JUMP	0
0x00107549	0x0015a75c	UNCONDITIONAL_CALL	0
0x00107553	0xStack[0xc]	READ	0
0x00107557	0x0010758c	CONDITIONAL_JUMP	0
0x0010755b	0x0015a75c	UNCONDITIONAL_CALL	0
0x00107583	0x0010759a	UNCONDITIONAL_JUMP	0
0x0010758a	0x00107530	UNCONDITIONAL_JUMP	0
0x0010759a	0xStack[0x8]	READ	1
0x001075a0	0xStack[0x8]	READ	1
0x001075a6	0x001e8e50	DATA	1
0x001075af	0x001e8e50	DATA	0
0x001075c4	0x001075db	UNCONDITIONAL_JUMP	0
0x001075cd	0x0010762b	UNCONDITIONAL_JUMP	0
0x001075d9	0x00107651	CONDITIONAL_JUMP	0
0x001075df	0x001075f9	CONDITIONAL_JUMP	0
0x001075e5	0x00107780	UNCONDITIONAL_CALL	0
0x001075f1	0x00107780	UNCONDITIONAL_CALL	0
0x001075ff	0x0010761e	CONDITIONAL_JUMP	0
0x00107608	0x001075c8	CONDITIONAL_JUMP	0
0x0010760f	0x00107898	UNCONDITIONAL_CALL	0
0x0010761c	0x00107604	CONDITIONAL_JUMP	0
0x0010761e	0x001da8b6	DATA	0
0x00107623	0x0010ca6c	UNCONDITIONAL_CALL	0
0x00107632	0x0010763a	CONDITIONAL_JUMP	0
0x00107635	0x001076d8	UNCONDITIONAL_CALL	0
0x00107651	0xStack[-0x10]	DATA	0
0x00107661	0xStack[0x4]	READ	1
0x00107669	0x00107898	UNCONDITIONAL_CALL	0
0x0010767d	0x001076a6	CONDITIONAL_JUMP	0
0x00107684	0x00107690	CONDITIONAL_JUMP	0
0x0010768b	0x001076b3	UNCONDITIONAL_JUMP	0
0x00107695	0x00107898	UNCONDITIONAL_CALL	0
0x001076a4	0x00107680	CONDITIONAL_JUMP	0
0x001076a6	0x001da8da	DATA	0
0x001076ab	0x0010ca6c	UNCONDITIONAL_CALL	0
0x001076ba	0x001076c2	CONDITIONAL_JUMP	0
0x001076bd	0x001076d8	UNCONDITIONAL_CALL	0
0x001076cf	0xStack[-0xc]	DATA	0
0x001076dd	0xStack[0x4]	READ	1
0x001076e6	0x001e8e50	DATA	1
0x001076f5	0x00107726	CONDITIONAL_JUMP	0
0x001076f8	0x00111b58	UNCONDITIONAL_CALL	0
0x00107703	0x00107726	CONDITIONAL_JUMP	0
0x00107714	0x00107726	UNCONDITIONAL_JUMP	0
0x00107718	0x001e8e50	DATA	1
0x0010771c	0x00107724	CONDITIONAL_JUMP	0
0x00107720	0x001e8e50	DATA	1
0x00107722	0x00107738	UNCONDITIONAL_JUMP	0
0x00107726	0x001e8e50	DATA	1
0x00107729	0x00107718	CONDITIONAL_JUMP	0
0x0010772b	0x001da8fc	DATA	0
0x00107730	0x0010ca6c	UNCONDITIONAL_CALL	0
0x00107745	0x0010776f	CONDITIONAL_JUMP	0
0x0010774f	0x00107761	CONDITIONAL_JUMP	0
0x00107752	0x00111b58	UNCONDITIONAL_CALL	0
0x00107767	0x0015a824	UNCONDITIONAL_CALL	0
0x00107772	0x0015a824	UNCONDITIONAL_CALL	0
0x00107777	0xStack[-0xc]	DATA	0
0x00107786	0xStack[0x4]	READ	1
0x00107789	0xStack[0x8]	READ	1
0x00107797	0x00107898	UNCONDITIONAL_CALL	0
0x001077a4	0x001077cf	CONDITIONAL_JUMP	0
0x001077a9	0x001077cf	CONDITIONAL_JUMP	0
0x001077ab	0xStack[0xc]	READ	0
0x001077af	0x001077b8	CONDITIONAL_JUMP	0
0x001077b4	0x001077cf	UNCONDITIONAL_JUMP	0
0x001077c4	0x001077cf	CONDITIONAL_JUMP	0
0x001077c7	0x0010782c	UNCONDITIONAL_CALL	0
0x001077d4	0x00107822	CONDITIONAL_JUMP	0
0x001077dd	0x00107898	UNCONDITIONAL_CALL	0
0x001077ea	0x0010781b	CONDITIONAL_JUMP	0
0x001077ef	0x0010781b	CONDITIONAL_JUMP	0
0x001077f5	0x0010781b	CONDITIONAL_JUMP	0
0x001077f7	0xStack[0xc]	READ	0
0x001077fb	0x00107804	CONDITIONAL_JUMP	0
0x00107800	0x0010781b	UNCONDITIONAL_JUMP	0
0x00107810	0x0010781b	CONDITIONAL_JUMP	0
0x00107813	0x0010782c	UNCONDITIONAL_CALL	0
0x00107820	0x001077d8	CONDITIONAL_JUMP	0
0x00107822	0xStack[-0x10]	DATA	0
0x00107831	0xStack[0x4]	READ	1
0x00107839	0x0010788c	CONDITIONAL_JUMP	0
0x00107840	0x00107878	CONDITIONAL_JUMP	0
0x00107847	0x0010788c	CONDITIONAL_JUMP	0
0x0010784f	0x00109870	UNCONDITIONAL_CALL	0
0x00107857	0x00109870	UNCONDITIONAL_CALL	0
0x00107864	0x00107898	UNCONDITIONAL_CALL	0
0x00107871	0x0010784c	CONDITIONAL_JUMP	0
0x00107873	0x0010788c	UNCONDITIONAL_JUMP	0
0x0010787d	0x00107898	UNCONDITIONAL_CALL	0
0x0010788a	0x0010783c	CONDITIONAL_JUMP	0
0x0010788c	0xStack[-0xc]	DATA	0
0x0010789f	0xStack[0x4]	READ	1
0x001078a7	0x001e8f50	DATA	1
0x001078b0	0x001078bf	CONDITIONAL_JUMP	0
0x001078b6	0x001078d4	CONDITIONAL_JUMP	0
0x001078bd	0x001078b4	CONDITIONAL_JUMP	0
0x001078c0	0x001da924	DATA	0
0x001078c5	0xStack[-0x54]	DATA	0
0x001078c9	0x0010c188	UNCONDITIONAL_CALL	0
0x001078cf	0x0010ca6c	UNCONDITIONAL_CALL	0
0x001078d4	0xStack[-0x58]	READ	1
0x001078e3	0x0015a75c	UNCONDITIONAL_CALL	0
0x001078ea	0x001d10bc	DATA	1
0x001078f5	0x001d10bc	READ	1
0x001078f5	0x001d10c0	READ	1
0x001078f7	0xStack[-0xc]	DATA	0
0x00107905	0xStack[0x4]	READ	1
0x00107909	0x0015a824	UNCONDITIONAL_CALL	0
0x00107918	0xStack[0x4]	READ	1
0x0010791b	0xStack[0x8]	READ	1
0x00107923	0x001e8f50	DATA	1
0x0010792c	0x0010793f	CONDITIONAL_JUMP	0
0x00107932	0x00107938	CONDITIONAL_JUMP	0
0x00107936	0x0010795c	UNCONDITIONAL_JUMP	0
0x0010793d	0x00107930	CONDITIONAL_JUMP	0
0x00107946	0x001e8f50	DATA	1
0x00107950	0x001e8f50	DATA	0
0x0010795c	0xStack[-0x8]	READ	1
0x00107968	0xStack[0x4]	READ	1
0x00107970	0x001e8f50	DATA	1
0x00107979	0x00107987	CONDITIONAL_JUMP	0
0x0010797e	0x001079ac	CONDITIONAL_JUMP	0
0x00107985	0x0010797c	CONDITIONAL_JUMP	0
0x00107989	0x0015a75c	UNCONDITIONAL_CALL	0
0x00107997	0x001e8f50	DATA	1
0x001079a1	0x001e8f50	DATA	0
0x001079aa	0x001079ae	UNCONDITIONAL_JUMP	0
0x001079ae	0xStack[-0x8]	READ	1
0x001079c0	0xStack[0x4]	READ	1
0x001079cd	0x001e8f50	DATA	1
0x001079d3	0x001e8f50	DATA	0
0x001079da	0x00107a01	CONDITIONAL_JUMP	0
0x001079dc	0x001e8f50	DATA	1
0x001079e4	0x001079f8	CONDITIONAL_JUMP	0
0x001079e9	0x001e8f50	DATA	1
0x001079ee	0x0015a824	UNCONDITIONAL_CALL	0
0x001079f3	0x00107a1a	UNCONDITIONAL_JUMP	0
0x001079ff	0x001079dc	CONDITIONAL_JUMP	0
0x00107a06	0x001da956	DATA	0
0x00107a0b	0xStack[-0x54]	DATA	0
0x00107a0f	0x0010c188	UNCONDITIONAL_CALL	0
0x00107a15	0x0010ca6c	UNCONDITIONAL_CALL	0
0x00107a1a	0xStack[-0x5c]	DATA	0
0x00107a27	0xStack[0x4]	READ	1
0x00107a2c	0x00107a34	CONDITIONAL_JUMP	0
0x00107a43	0xStack[0x4]	READ	1
0x00107a48	0x00107a50	CONDITIONAL_JUMP	0
0x00107a5f	0xStack[0x4]	READ	1
0x00107a64	0x00107a6c	CONDITIONAL_JUMP	0
0x00107a7c	0x001e875c	READ	1
0x00107a84	0x001e8b54	READ	1
0x00107a8f	0x001e8758	READ	1
0x00107aa5	0x001e8758	READ	1
0x00107abe	0xStack[-0x8]	READ	1
0x00107acb	0x001e8b54	READ	1
0x00107ad6	0x001e8758	READ	1
0x00107af3	0x001e875c	READ	1
0x00107afe	0x00107b0d	CONDITIONAL_JUMP	0
0x00107b00	0x001e8758	READ	1
0x00107b10	0x00107374	UNCONDITIONAL_CALL	0
0x00107b19	0x00107b28	CONDITIONAL_JUMP	0
0x00107b1b	0x001e875c	READ	1
0x00107b28	0x001e875c	READ	1
0x00107b3b	0x001e875c	READ	1
0x00107b41	0x001e8758	READ	1
0x00107b50	0x001e875c	READ	1
0x00107b56	0x001e8758	READ	1
0x00107b6f	0x001e875c	READ	1
0x00107b75	0x001e8758	READ	1
0x00107b84	0x001e875c	READ	1
0x00107b8a	0x001e8758	READ	1
0x00107ba3	0x001e875c	READ	1
0x00107ba9	0x001e8758	READ	1
0x00107bc7	0x001e875c	READ	1
0x00107bd5	0x00107c08	CONDITIONAL_JUMP	0
0x00107bd7	0x001e8758	READ	1
0x00107bed	0x001e8758	READ	1
0x00107c0f	0x001e875c	READ	1
0x00107c25	0x001e875c	READ	1
0x00107c2d	0x001e8758	READ	1
0x00107c3d	0x00107c4e	CONDITIONAL_JUMP	0
0x00107c45	0x00107c4e	CONDITIONAL_JUMP	0
0x00107c4c	0x00107c40	CONDITIONAL_JUMP	0
0x00107c51	0x001e8758	READ	1
0x00107c60	0x00107c70	CONDITIONAL_JUMP	0
0x00107c62	0x001e875c	READ	1
0x00107c6b	0x00107cf0	UNCONDITIONAL_JUMP	0
0x00107c72	0x001e8758	READ	1
0x00107c7e	0x00107c90	CONDITIONAL_JUMP	0
0x00107c8e	0x00107cd0	UNCONDITIONAL_JUMP	0
0x00107c90	0xStack[-0x44]	DATA	0
0x00107c93	0xStack[-0x48]	WRITE	0
0x00107ca1	0x00107cbf	CONDITIONAL_JUMP	0
0x00107ca7	0xStack[-0x44]	DATA	0
0x00107cb8	0xStack[-0x48]	READ	1
0x00107cbd	0x00107ca4	CONDITIONAL_JUMP	0
0x00107ccd	0xStack[-0x44]	DATA	0
0x00107cd1	0x00189cec	UNCONDITIONAL_CALL	0
0x00107cd8	0x001e875c	READ	1
0x00107ce0	0x001e875c	READ	1
0x00107ce9	0x00107cf0	CONDITIONAL_JUMP	0
0x00107cf0	0xStack[-0x54]	DATA	0
0x00107d01	0x001e875c	READ	1
0x00107d0c	0x00107d1b	CONDITIONAL_JUMP	0
0x00107d0e	0x001e8758	READ	1
0x00107d1e	0x00107374	UNCONDITIONAL_CALL	0
0x00107d2a	0x00107d38	CONDITIONAL_JUMP	0
0x00107d2c	0x001e875c	READ	1
0x00107d35	0x00107d74	UNCONDITIONAL_JUMP	0
0x00107d38	0x001e8758	READ	1
0x00107d48	0x00107d68	CONDITIONAL_JUMP	0
0x00107d4d	0x00107d68	CONDITIONAL_JUMP	0
0x00107d50	0x00107340	UNCONDITIONAL_CALL	0
0x00107d5a	0x00107d68	CONDITIONAL_JUMP	0
0x00107d5c	0x001e875c	READ	1
0x00107d65	0x00107d74	UNCONDITIONAL_JUMP	0
0x00107d6f	0x00107504	UNCONDITIONAL_CALL	0
0x00107d74	0xStack[-0xc]	DATA	0
0x00107d85	0x001e875c	READ	1
0x00107d92	0x00107da4	CONDITIONAL_JUMP	0
0x00107d94	0x001e8758	READ	1
0x00107da0	0x00107da6	UNCONDITIONAL_JUMP	0
0x00107da6	0x001e8758	READ	1
0x00107db2	0x00107dc7	CONDITIONAL_JUMP	0
0x00107db8	0x00107dc7	CONDITIONAL_JUMP	0
0x00107dba	0x00108310	UNCONDITIONAL_CALL	0
0x00107dc1	0x00107e56	CONDITIONAL_JUMP	0
0x00107dcd	0x00107de0	CONDITIONAL_JUMP	0
0x00107dcf	0x001e8758	READ	1
0x00107ddb	0x00107de2	UNCONDITIONAL_JUMP	0
0x00107de2	0x001e8758	READ	1
0x00107dee	0x00107dff	CONDITIONAL_JUMP	0
0x00107df4	0x00107dff	CONDITIONAL_JUMP	0
0x00107df6	0x00108310	UNCONDITIONAL_CALL	0
0x00107dfd	0x00107e56	CONDITIONAL_JUMP	0
0x00107dff	0x001e8758	READ	1
0x00107e08	0x0015b5d0	UNCONDITIONAL_CALL	0
0x00107e0d	0x001e8758	READ	1
0x00107e16	0x001083c0	UNCONDITIONAL_CALL	0
0x00107e1d	0x001e8758	READ	1
0x00107e25	0x001e8758	READ	1
0x00107e30	0x001e8758	READ	1
0x00107e3c	0x001e8758	READ	1
0x00107e48	0x001e8758	READ	1
0x00107e51	0x0015b73c	UNCONDITIONAL_CALL	0
0x00107e56	0xStack[-0xc]	DATA	0
0x00107e69	0x001e875c	READ	1
0x00107e71	0x001e8758	READ	1
0x00107e88	0x00107898	UNCONDITIONAL_CALL	0
0x00107e8d	0xStack[-0x8]	WRITE	0
0x00107e96	0x00107ea8	CONDITIONAL_JUMP	0
0x00107e98	0x001e875c	READ	1
0x00107ea1	0x00107f3d	UNCONDITIONAL_JUMP	0
0x00107ea8	0xStack[-0x8]	READ	1
0x00107eaf	0x00108310	UNCONDITIONAL_CALL	0
0x00107eb6	0x00107ed0	CONDITIONAL_JUMP	0
0x00107ebb	0x00107ed4	CONDITIONAL_JUMP	0
0x00107ec0	0x00107ed4	CONDITIONAL_JUMP	0
0x00107ec2	0x001e875c	READ	1
0x00107ecb	0x00107f3d	UNCONDITIONAL_JUMP	0
0x00107ed4	0x001e875c	READ	1
0x00107edd	0x001e8758	READ	1
0x00107ee6	0x0015b5d0	UNCONDITIONAL_CALL	0
0x00107eeb	0x001e8758	READ	1
0x00107ef4	0x001083c0	UNCONDITIONAL_CALL	0
0x00107efb	0x001e8758	READ	1
0x00107f03	0x001e8758	READ	1
0x00107f0b	0xStack[-0x8]	READ	1
0x00107f16	0x001e8758	READ	1
0x00107f28	0x001e8758	READ	1
0x00107f31	0x0015b73c	UNCONDITIONAL_CALL	0
0x00107f36	0xStack[-0x8]	READ	1
0x00107f3d	0xStack[-0x14]	DATA	0
0x00107f51	0x001e875c	READ	1
0x00107f59	0x001e8758	READ	1
0x00107f70	0x00107898	UNCONDITIONAL_CALL	0
0x00107f75	0xStack[-0x8]	WRITE	0
0x00107f7e	0x00107f90	CONDITIONAL_JUMP	0
0x00107f80	0x001e875c	READ	1
0x00107f89	0x00108018	UNCONDITIONAL_JUMP	0
0x00107f90	0xStack[-0x8]	READ	1
0x00107f97	0x00108310	UNCONDITIONAL_CALL	0
0x00107f9e	0x00107fb8	CONDITIONAL_JUMP	0
0x00107fa3	0x00107fbc	CONDITIONAL_JUMP	0
0x00107fa8	0x00107fbc	CONDITIONAL_JUMP	0
0x00107faa	0x001e875c	READ	1
0x00107fb3	0x00108018	UNCONDITIONAL_JUMP	0
0x00107fbc	0x001e875c	READ	1
0x00107fc5	0x001e8758	READ	1
0x00107fce	0x0015b5d0	UNCONDITIONAL_CALL	0
0x00107fd3	0x001e8758	READ	1
0x00107fdc	0x001083c0	UNCONDITIONAL_CALL	0
0x00107fe3	0x001e8758	READ	1
0x00107feb	0x001e8758	READ	1
0x00107ff7	0x001e8758	READ	1
0x00108003	0x001e8758	READ	1
0x0010800c	0x0015b73c	UNCONDITIONAL_CALL	0
0x00108011	0xStack[-0x8]	READ	1
0x00108018	0xStack[-0x14]	DATA	0
0x00108029	0x001e875c	READ	1
0x00108036	0x00108048	CONDITIONAL_JUMP	0
0x00108038	0x001e8758	READ	1
0x00108044	0x0010804a	UNCONDITIONAL_JUMP	0
0x0010804a	0x001e8758	READ	1
0x00108056	0x0010806b	CONDITIONAL_JUMP	0
0x0010805c	0x0010806b	CONDITIONAL_JUMP	0
0x0010805e	0x00108310	UNCONDITIONAL_CALL	0
0x00108065	0x00108116	CONDITIONAL_JUMP	0
0x00108071	0x00108084	CONDITIONAL_JUMP	0
0x00108073	0x001e8758	READ	1
0x0010807f	0x00108086	UNCONDITIONAL_JUMP	0
0x00108086	0x001e8758	READ	1
0x00108092	0x001080a3	CONDITIONAL_JUMP	0
0x00108098	0x001080a3	CONDITIONAL_JUMP	0
0x0010809a	0x00108310	UNCONDITIONAL_CALL	0
0x001080a1	0x00108116	CONDITIONAL_JUMP	0
0x001080a3	0x001e8758	READ	1
0x001080ac	0x0015b5d0	UNCONDITIONAL_CALL	0
0x001080b1	0x001e8758	READ	1
0x001080ba	0x001083c0	UNCONDITIONAL_CALL	0
0x001080c1	0x001e8758	READ	1
0x001080c9	0x001e8758	READ	1
0x001080db	0x001080fc	CONDITIONAL_JUMP	0
0x001080df	0x00108220	UNCONDITIONAL_CALL	0
0x001080e8	0x00108274	UNCONDITIONAL_CALL	0
0x001080ed	0x001e8758	READ	1
0x001080fc	0x001e8758	READ	1
0x00108108	0x001e8758	READ	1
0x00108111	0x0015b73c	UNCONDITIONAL_CALL	0
0x00108116	0xStack[-0xc]	DATA	0
0x00108129	0x001e875c	READ	1
0x00108131	0x00108310	UNCONDITIONAL_CALL	0
0x00108138	0x00108213	CONDITIONAL_JUMP	0
0x00108141	0x00108154	CONDITIONAL_JUMP	0
0x00108143	0x001e875c	READ	1
0x0010814c	0x00108213	UNCONDITIONAL_JUMP	0
0x00108154	0x001e8758	READ	1
0x0010815d	0x00108434	UNCONDITIONAL_CALL	0
0x00108162	0xStack[-0x48]	WRITE	0
0x0010816f	0xStack[-0x44]	DATA	0
0x00108177	0x00189a5c	UNCONDITIONAL_CALL	0
0x0010817e	0x001e875c	READ	1
0x00108186	0x001e875c	READ	1
0x00108192	0x001081a0	CONDITIONAL_JUMP	0
0x00108194	0xStack[-0x48]	READ	1
0x00108198	0x00108384	UNCONDITIONAL_CALL	0
0x0010819d	0x00108213	UNCONDITIONAL_JUMP	0
0x001081a2	0xStack[-0x48]	READ	1
0x001081b5	0x001081d3	CONDITIONAL_JUMP	0
0x001081b8	0xStack[-0x44]	DATA	1
0x001081d1	0x001081b8	CONDITIONAL_JUMP	0
0x001081d3	0x001e8758	READ	1
0x001081db	0xStack[-0x48]	READ	1
0x001081e2	0x00108384	UNCONDITIONAL_CALL	0
0x001081e7	0x001e8758	READ	1
0x001081f9	0x0010820c	UNCONDITIONAL_JUMP	0
0x00108204	0x001e8758	READ	1
0x00108211	0x001081fc	CONDITIONAL_JUMP	0
0x00108213	0xStack[-0x54]	DATA	0
0x00108224	0xStack[0x4]	READ	1
0x00108228	0x001e8758	READ	1
0x00108238	0x0010826a	CONDITIONAL_JUMP	0
0x0010823f	0x00108256	CONDITIONAL_JUMP	0
0x00108246	0x0010823c	CONDITIONAL_JUMP	0
0x00108248	0x0010826a	UNCONDITIONAL_JUMP	0
0x00108256	0x001e8758	READ	1
0x00108263	0x0010824c	CONDITIONAL_JUMP	0
0x0010826a	0xStack[-0x8]	READ	1
0x00108277	0xStack[0x4]	READ	1
0x0010827b	0x001e8758	READ	1
0x00108286	0x001082b3	UNCONDITIONAL_JUMP	0
0x0010828e	0x00108298	CONDITIONAL_JUMP	0
0x0010829c	0x001082a8	CONDITIONAL_JUMP	0
0x001082ab	0x001e8758	READ	1
0x001082b8	0x00108288	CONDITIONAL_JUMP	0
0x001082c8	0xStack[0x4]	READ	1
0x001082cc	0x001e8758	READ	1
0x001082d8	0x001082e4	CONDITIONAL_JUMP	0
0x001082df	0x00108307	UNCONDITIONAL_JUMP	0
0x001082ec	0x00108305	CONDITIONAL_JUMP	0
0x001082f7	0x00108305	CONDITIONAL_JUMP	0
0x001082fc	0x001082da	CONDITIONAL_JUMP	0
0x00108303	0x001082f0	CONDITIONAL_JUMP	0
0x00108307	0xStack[-0x8]	READ	1
0x00108313	0x001e8b54	READ	1
0x00108321	0x0010832c	CONDITIONAL_JUMP	0
0x0010832c	0x001e8758	READ	1
0x0010833a	0x0010834c	CONDITIONAL_JUMP	0
0x0010833c	0x001e875c	READ	1
0x00108362	0x0015a75c	UNCONDITIONAL_CALL	0
0x0010836c	0x00101600	UNCONDITIONAL_CALL	0
0x00108374	0x001da98c	READ_WRITE	0
0x0010837c	0xStack[-0x8]	READ	1
0x00108389	0xStack[0x4]	READ	1
0x0010838c	0x0018c0d8	UNCONDITIONAL_CALL	0
0x001083a1	0x001083b1	CONDITIONAL_JUMP	0
0x001083a6	0x0015a824	UNCONDITIONAL_CALL	0
0x001083ab	0x001da98c	READ_WRITE	0
0x001083b2	0x0018b544	UNCONDITIONAL_CALL	0
0x001083b7	0xStack[-0xc]	DATA	0
0x001083c8	0x0015a75c	UNCONDITIONAL_CALL	0
0x001083d2	0x00101600	UNCONDITIONAL_CALL	0
0x001083da	0x001da98c	READ_WRITE	0
0x001083e5	0xStack[0x4]	READ	1
0x001083f2	0x0018c0d8	UNCONDITIONAL_CALL	0
0x001083f9	0xStack[0x4]	READ	1
0x0010840a	0x0010841d	CONDITIONAL_JUMP	0
0x0010840e	0xStack[0x4]	READ	1
0x00108412	0x0015a824	UNCONDITIONAL_CALL	0
0x00108417	0x001da98c	READ_WRITE	0
0x0010841e	0x0018b544	UNCONDITIONAL_CALL	0
0x0010842a	0xStack[-0x10]	DATA	0
0x0010843a	0xStack[0x4]	READ	1
0x0010843f	0x0015a75c	UNCONDITIONAL_CALL	0
0x00108449	0x00101600	UNCONDITIONAL_CALL	0
0x00108451	0x001da98c	READ_WRITE	0
0x0010846a	0xStack[-0x10]	DATA	0
0x00108478	0x001e8758	READ	1
0x00108484	0x00107898	UNCONDITIONAL_CALL	0
0x00108496	0x001084a5	CONDITIONAL_JUMP	0
0x00108499	0x001074d8	UNCONDITIONAL_CALL	0
0x001084a3	0x001084b0	CONDITIONAL_JUMP	0
0x001084a5	0x001e875c	READ	1
0x001084ae	0x001084c9	UNCONDITIONAL_JUMP	0
0x001084b8	0x00107504	UNCONDITIONAL_CALL	0
0x001084bd	0x001e875c	READ	1
0x001084c9	0xStack[-0x8]	READ	1
0x001084d9	0x001e875c	READ	1
0x001084e2	0x001e8758	READ	1
0x001084ed	0x001084f8	CONDITIONAL_JUMP	0
0x001084f3	0x001085d0	UNCONDITIONAL_JUMP	0
0x001084fd	0x00107898	UNCONDITIONAL_CALL	0
0x0010850b	0x00108570	CONDITIONAL_JUMP	0
0x00108513	0x00108570	CONDITIONAL_JUMP	0
0x00108516	0x00107374	UNCONDITIONAL_CALL	0
0x00108522	0x00108531	CONDITIONAL_JUMP	0
0x00108525	0x00107340	UNCONDITIONAL_CALL	0
0x0010852f	0x00108540	CONDITIONAL_JUMP	0
0x00108531	0x001e875c	READ	1
0x0010853a	0x001085d0	UNCONDITIONAL_JUMP	0
0x00108545	0x00107898	UNCONDITIONAL_CALL	0
0x0010854a	0xStack[-0x8]	WRITE	0
0x0010855c	0x001085b6	CONDITIONAL_JUMP	0
0x00108562	0x00108573	CONDITIONAL_JUMP	0
0x00108564	0x001e875c	READ	1
0x0010856d	0x001085d0	UNCONDITIONAL_JUMP	0
0x00108570	0xStack[-0x8]	WRITE	0
0x00108573	0xStack[-0x8]	READ	1
0x0010857f	0x001085b6	CONDITIONAL_JUMP	0
0x00108586	0x00108594	CONDITIONAL_JUMP	0
0x0010858f	0x001085c4	UNCONDITIONAL_JUMP	0
0x0010859a	0x001085c4	CONDITIONAL_JUMP	0
0x0010859d	0x001074d8	UNCONDITIONAL_CALL	0
0x001085a9	0x001085b6	CONDITIONAL_JUMP	0
0x001085b4	0x001085c4	CONDITIONAL_JUMP	0
0x001085b6	0x001e875c	READ	1
0x001085bf	0x001085d0	UNCONDITIONAL_JUMP	0
0x001085cb	0x00107504	UNCONDITIONAL_CALL	0
0x001085d0	0xStack[-0x14]	DATA	0
0x001085e0	0x001e875c	READ	1
0x001085f2	0x00108638	CONDITIONAL_JUMP	0
0x001085f4	0x00108600	CONDITIONAL_JUMP	0
0x001085f8	0x0010860c	CONDITIONAL_JUMP	0
0x001085fa	0x001086b8	UNCONDITIONAL_JUMP	0
0x00108603	0x00108678	CONDITIONAL_JUMP	0
0x00108605	0x001086b8	UNCONDITIONAL_JUMP	0
0x00108611	0x0010861c	CONDITIONAL_JUMP	0
0x00108613	0x001e8758	READ	1
0x0010861a	0x00108624	UNCONDITIONAL_JUMP	0
0x0010861d	0x00107374	UNCONDITIONAL_CALL	0
0x00108626	0x001086c4	CONDITIONAL_JUMP	0
0x00108630	0x001086c4	UNCONDITIONAL_JUMP	0
0x0010863c	0x0010864c	CONDITIONAL_JUMP	0
0x0010863e	0x001e8758	READ	1
0x0010864c	0x001e94e4	READ	1
0x00108654	0x001086c4	CONDITIONAL_JUMP	0
0x00108662	0x0010866e	CONDITIONAL_JUMP	0
0x0010866a	0x0010866e	CONDITIONAL_JUMP	0
0x00108673	0x0010865c	CONDITIONAL_JUMP	0
0x00108675	0x001086c4	UNCONDITIONAL_JUMP	0
0x0010867c	0x0010868d	CONDITIONAL_JUMP	0
0x0010867e	0x001e8758	READ	1
0x0010868d	0x001e94e4	READ	1
0x00108695	0x001086c4	CONDITIONAL_JUMP	0
0x001086a2	0x001086ae	CONDITIONAL_JUMP	0
0x001086aa	0x001086ae	CONDITIONAL_JUMP	0
0x001086b3	0x0010869c	CONDITIONAL_JUMP	0
0x001086b5	0x001086c4	UNCONDITIONAL_JUMP	0
0x001086b8	0x001e875c	READ	1
0x001086c1	0x001086dc	UNCONDITIONAL_JUMP	0
0x001086c7	0x001086d4	CONDITIONAL_JUMP	0
0x001086c9	0x001e875c	READ	1
0x001086d2	0x001086dc	UNCONDITIONAL_JUMP	0
0x001086d4	0x001e875c	READ	1
0x001086dc	0xStack[-0x8]	READ	1
0x001086ea	0x001e875c	READ	1
0x001086f9	0x00108748	CONDITIONAL_JUMP	0
0x001086fb	0x00108708	CONDITIONAL_JUMP	0
0x001086ff	0x00108714	CONDITIONAL_JUMP	0
0x00108701	0x001087c8	UNCONDITIONAL_JUMP	0
0x0010870b	0x00108788	CONDITIONAL_JUMP	0
0x0010870d	0x001087c8	UNCONDITIONAL_JUMP	0
0x00108719	0x00108724	CONDITIONAL_JUMP	0
0x0010871b	0x001e8758	READ	1
0x00108722	0x0010872f	UNCONDITIONAL_JUMP	0
0x00108725	0x00107374	UNCONDITIONAL_CALL	0
0x00108731	0x001087d4	CONDITIONAL_JUMP	0
0x0010873c	0x001087ec	UNCONDITIONAL_CALL	0
0x00108742	0x001087d4	UNCONDITIONAL_JUMP	0
0x0010874c	0x0010875c	CONDITIONAL_JUMP	0
0x0010874e	0x001e8758	READ	1
0x0010875c	0x001e94e4	READ	1
0x00108764	0x001087d4	CONDITIONAL_JUMP	0
0x0010876f	0x0010877f	CONDITIONAL_JUMP	0
0x00108776	0x001087ec	UNCONDITIONAL_CALL	0
0x00108784	0x00108768	CONDITIONAL_JUMP	0
0x00108786	0x001087d4	UNCONDITIONAL_JUMP	0
0x0010878c	0x0010879d	CONDITIONAL_JUMP	0
0x0010878e	0x001e8758	READ	1
0x0010879d	0x001e94e4	READ	1
0x001087a5	0x001087d4	CONDITIONAL_JUMP	0
0x001087af	0x001087bf	CONDITIONAL_JUMP	0
0x001087b6	0x001087ec	UNCONDITIONAL_CALL	0
0x001087c4	0x001087a8	CONDITIONAL_JUMP	0
0x001087c6	0x001087d4	UNCONDITIONAL_JUMP	0
0x001087c8	0x001e875c	READ	1
0x001087d1	0x001087e1	UNCONDITIONAL_JUMP	0
0x001087d6	0x001087e1	CONDITIONAL_JUMP	0
0x001087d8	0x001e875c	READ	1
0x001087e1	0xStack[-0x10]	DATA	0
0x001087f2	0xStack[0x8]	READ	1
0x001087f5	0x001e8758	READ	1
0x00108804	0x00108830	CONDITIONAL_JUMP	0
0x0010880d	0x00108830	CONDITIONAL_JUMP	0
0x0010880f	0xStack[0x4]	READ	1
0x00108819	0x00108830	CONDITIONAL_JUMP	0
0x0010881e	0x00108830	CONDITIONAL_JUMP	0
0x00108820	0x001e875c	READ	1
0x00108829	0x00108900	UNCONDITIONAL_JUMP	0
0x00108833	0x0010883a	CONDITIONAL_JUMP	0
0x0010883d	0x00108844	CONDITIONAL_JUMP	0
0x00108844	0xStack[0x4]	READ	1
0x0010884d	0x00108878	CONDITIONAL_JUMP	0
0x0010884f	0x00108310	UNCONDITIONAL_CALL	0
0x00108856	0x00108878	CONDITIONAL_JUMP	0
0x00108858	0x001e875c	READ	1
0x00108861	0x00108900	UNCONDITIONAL_JUMP	0
0x00108868	0x001e875c	READ	1
0x00108871	0x001088fc	UNCONDITIONAL_JUMP	0
0x00108878	0xStack[0x4]	READ	1
0x001088a3	0x001669b0	UNCONDITIONAL_CALL	0
0x001088b0	0x001088ae	CONDITIONAL_JUMP	0
0x001088be	0x001088ac	CONDITIONAL_JUMP	0
0x001088c3	0x001088f5	UNCONDITIONAL_JUMP	0
0x001088cb	0x001088de	CONDITIONAL_JUMP	0
0x001088d6	0x00168870	UNCONDITIONAL_CALL	0
0x001088e2	0x00168784	UNCONDITIONAL_CALL	0
0x001088ec	0x00108868	CONDITIONAL_JUMP	0
0x001088fa	0x001088c8	CONDITIONAL_JUMP	0
0x00108900	0xStack[-0x10]	DATA	0
0x00108915	0x001e875c	READ	1
0x00108923	0x00108930	CONDITIONAL_JUMP	0
0x00108929	0x00108a3b	UNCONDITIONAL_JUMP	0
0x00108930	0x001e8758	READ	1
0x0010893f	0xStack[-0xc]	DATA	0
0x00108947	0x00189a5c	UNCONDITIONAL_CALL	0
0x0010894c	0x001e875c	READ	1
0x00108955	0x001e875c	READ	1
0x00108962	0x00108a3b	CONDITIONAL_JUMP	0
0x0010896b	0xStack[-0xc]	READ	0
0x0010896e	0x00108975	CONDITIONAL_JUMP	0
0x00108970	0xStack[-0x8]	READ	0
0x00108973	0x00108982	CONDITIONAL_JUMP	0
0x00108975	0x00108310	UNCONDITIONAL_CALL	0
0x0010897c	0x00108a3b	CONDITIONAL_JUMP	0
0x00108985	0x00108a30	CONDITIONAL_JUMP	0
0x0010898b	0xStack[-0xc]	READ	1
0x0010898e	0xStack[-0x14]	WRITE	0
0x00108995	0x001089e0	CONDITIONAL_JUMP	0
0x00108997	0x001e8758	READ	1
0x001089a7	0x001e89ec	READ	1
0x001089b3	0xStack[-0x10]	WRITE	0
0x001089b6	0xStack[-0x14]	READ	1
0x001089c6	0xStack[-0x10]	DATA	0
0x001089ca	0x001e8b54	READ	1
0x001089d7	0x0017c5b8	UNCONDITIONAL_CALL	0
0x001089dc	0x00108a20	UNCONDITIONAL_JUMP	0
0x001089e0	0x001e8758	READ	1
0x001089f0	0x001e89ec	READ	1
0x001089fc	0xStack[-0x10]	WRITE	0
0x00108a05	0xStack[-0x14]	READ	1
0x00108a0e	0x001e8b54	READ	1
0x00108a1b	0x0017c620	UNCONDITIONAL_CALL	0
0x00108a22	0x00108a30	CONDITIONAL_JUMP	0
0x00108a24	0x001e875c	READ	1
0x00108a2e	0x00108a3b	UNCONDITIONAL_JUMP	0
0x00108a30	0xStack[-0xc]	READ	1
0x00108a33	0xStack[-0x8]	READ	1
0x00108a3b	0xStack[-0x20]	DATA	0
0x00108a4b	0x001e875c	READ	1
0x00108a59	0x00108a64	CONDITIONAL_JUMP	0
0x00108a6a	0x001e8758	READ	1
0x00108a77	0x00189cec	UNCONDITIONAL_CALL	0
0x00108a7e	0x001e875c	READ	1
0x00108a93	0x001e875c	READ	1
0x00108aa1	0x00108af8	CONDITIONAL_JUMP	0
0x00108aa5	0x00108b04	CONDITIONAL_JUMP	0
0x00108aa7	0xStack[-0x14]	DATA	0
0x00108aab	0xStack[-0xc]	DATA	0
0x00108aaf	0x001e8b54	READ	1
0x00108ab6	0x0016a280	UNCONDITIONAL_CALL	0
0x00108abb	0x001e8758	READ	1
0x00108ac0	0xStack[-0xc]	READ	1
0x00108ac9	0xStack[-0x8]	READ	1
0x00108ad2	0x001e8758	READ	1
0x00108ad7	0xStack[-0x14]	READ	1
0x00108ae0	0xStack[-0x10]	READ	1
0x00108ae9	0x001e8758	READ	1
0x00108af6	0x00108b0c	UNCONDITIONAL_JUMP	0
0x00108af8	0x001e8758	READ	1
0x00108b02	0x00108b0c	UNCONDITIONAL_JUMP	0
0x00108b08	0x00108b22	UNCONDITIONAL_JUMP	0
0x00108b13	0x00189cec	UNCONDITIONAL_CALL	0
0x00108b1a	0x001e875c	READ	1
0x00108b22	0xStack[-0x18]	READ	1
0x00108b32	0xStack[0x4]	READ	1
0x00108b35	0xStack[0x8]	READ	1
0x00108b3a	0x0010b3f8	UNCONDITIONAL_CALL	0
0x00108b47	0x0010b3f8	UNCONDITIONAL_CALL	0
0x00108b52	0x00108b57	CONDITIONAL_JUMP	0
0x00108b64	0x00108b77	CONDITIONAL_JUMP	0
0x00108b75	0x00108b68	CONDITIONAL_JUMP	0
0x00108b77	0xStack[-0x10]	DATA	0
0x00108b8d	0xStack[0xc]	READ	1
0x00108b91	0xStack[0x8]	READ	1
0x00108b95	0xStack[0x4]	READ	1
0x00108b99	0x0018cf7c	UNCONDITIONAL_CALL	0
0x00108ba1	0xStack[0x8]	READ	1
0x00108baa	0x00108c74	CONDITIONAL_JUMP	0
0x00108bb0	0x001da990	READ	0
0x00108bb7	0x00108c74	CONDITIONAL_JUMP	0
0x00108bbd	0x001e8764	READ	0
0x00108bc4	0x00108c74	CONDITIONAL_JUMP	0
0x00108bca	0x001da990	WRITE	0
0x00108bd4	0x001e90a4	READ	1
0x00108bdb	0x00108bf0	CONDITIONAL_JUMP	0
0x00108bdd	0x001e90a4	WRITE	0
0x00108be8	0x0011df54	UNCONDITIONAL_CALL	0
0x00108bf0	0x00119294	UNCONDITIONAL_CALL	0
0x00108bf5	0x00108ca0	UNCONDITIONAL_CALL	0
0x00108bfa	0x0011ef78	UNCONDITIONAL_CALL	0
0x00108bff	0xStack[-0x8]	WRITE	0
0x00108c0a	0x001e289c	READ	1
0x00108c12	0x001e289c	READ	1
0x00108c18	0x001e8870	READ	1
0x00108c24	0x00108c3a	CONDITIONAL_JUMP	0
0x00108c30	0x00108c33	CONDITIONAL_JUMP	0
0x00108c38	0x00108c28	CONDITIONAL_JUMP	0
0x00108c3c	0x00108c74	CONDITIONAL_JUMP	0
0x00108c3f	0x001da994	DATA	0
0x00108c44	0x0010c0d8	UNCONDITIONAL_CALL	0
0x00108c4c	0xStack[-0x8]	READ	0
0x00108c4f	0x00108c53	CONDITIONAL_JUMP	0
0x00108c53	0xStack[-0x8]	WRITE	0
0x00108c66	0x0018d1e4	UNCONDITIONAL_CALL	0
0x00108c72	0x00108c08	CONDITIONAL_JUMP	0
0x00108c74	0xStack[0xc]	READ	1
0x00108c78	0xStack[0x8]	READ	1
0x00108c7c	0xStack[0x4]	READ	1
0x00108c80	0x0018cfb8	UNCONDITIONAL_CALL	0
0x00108c85	0xStack[0xc]	READ	1
0x00108c89	0xStack[0x8]	READ	1
0x00108c8d	0xStack[0x4]	READ	1
0x00108c91	0x0018cfc8	UNCONDITIONAL_CALL	0
0x00108c96	0xStack[-0x14]	DATA	0
0x00108ca5	0x00108e80	UNCONDITIONAL_CALL	0
0x00108caa	0x00108d40	UNCONDITIONAL_CALL	0
0x00108caf	0x0015ed8c	UNCONDITIONAL_CALL	0
0x00108cb4	0x001797c8	UNCONDITIONAL_CALL	0
0x00108cb9	0x001090e4	UNCONDITIONAL_CALL	0
0x00108cbe	0x001792dc	UNCONDITIONAL_CALL	0
0x00108cc3	0x0017d778	UNCONDITIONAL_CALL	0
0x00108cc8	0x001e97a4	READ	1
0x00108cd1	0x00108d0b	CONDITIONAL_JUMP	0
0x00108cd8	0x001da998	DATA	0
0x00108cdd	0x0010c0d8	UNCONDITIONAL_CALL	0
0x00108ce5	0x00119484	UNCONDITIONAL_CALL	0
0x00108cef	0x00108cf8	CONDITIONAL_JUMP	0
0x00108cf1	0x001da9ab	DATA	0
0x00108cf6	0x00108cfd	UNCONDITIONAL_JUMP	0
0x00108cf8	0x001da9b3	DATA	0
0x00108cfd	0x0010c0d8	UNCONDITIONAL_CALL	0
0x00108d09	0x00108cd4	CONDITIONAL_JUMP	0
0x00108d0b	0x001e97a0	READ	1
0x00108d12	0x0011df54	UNCONDITIONAL_CALL	0
0x00108d17	0x001e97a4	READ	1
0x00108d1e	0x00119484	UNCONDITIONAL_CALL	0
0x00108d28	0x00108d34	CONDITIONAL_JUMP	0
0x00108d2a	0x001da9b9	DATA	0
0x00108d2f	0x0010c0d8	UNCONDITIONAL_CALL	0
0x00108d34	0xStack[-0xc]	DATA	0
0x00108d51	0x0018f644	UNCONDITIONAL_CALL	0
0x00108d5a	0x001746a0	UNCONDITIONAL_CALL	0
0x00108d5f	0xStack[-0x8]	WRITE	0
0x00108d68	0x001e9608	READ	1
0x00108d6f	0x00108d6d	CONDITIONAL_JUMP	0
0x00108d76	0x001e9608	READ_WRITE	0
0x00108d81	0x00108d68	CONDITIONAL_JUMP	0
0x00108d83	0x00108dc7	UNCONDITIONAL_JUMP	0
0x00108d88	0x001e9610	DATA	1
0x00108d8e	0x00108d98	CONDITIONAL_JUMP	0
0x00108d90	0x001e975c	READ	1
0x00108d96	0x00108dcd	UNCONDITIONAL_JUMP	0
0x00108d9a	0x001e9608	READ_WRITE	0
0x00108da1	0x001618b4	UNCONDITIONAL_CALL	0
0x00108dac	0x001e9608	READ	1
0x00108db3	0x00108db1	CONDITIONAL_JUMP	0
0x00108dba	0x001e9608	READ_WRITE	0
0x00108dc5	0x00108dac	CONDITIONAL_JUMP	0
0x00108dc7	0x001e9600	READ	1
0x00108dcd	0x001e9600	DATA	1
0x00108dd3	0x00108d88	CONDITIONAL_JUMP	0
0x00108dd7	0x001e9608	READ_WRITE	0
0x00108ddd	0x001e9610	DATA	1
0x00108de2	0x001e9768	DATA	1
0x00108de8	0x001e9768	READ	1
0x00108dec	0x00108dea	CONDITIONAL_JUMP	0
0x00108df3	0x001e9768	READ_WRITE	0
0x00108dfa	0x00108de8	CONDITIONAL_JUMP	0
0x00108dfc	0x00108e5c	UNCONDITIONAL_JUMP	0
0x00108e01	0x001e9610	DATA	0
0x00108e02	0x00161504	UNCONDITIONAL_CALL	0
0x00108e0d	0x001e8de8	READ	0
0x00108e13	0x00108e5c	CONDITIONAL_JUMP	0
0x00108e15	0xStack[-0x8]	READ	0
0x00108e18	0x00108e5c	CONDITIONAL_JUMP	0
0x00108e1a	0xStack[-0x8]	READ	1
0x00108e21	0x001747a8	UNCONDITIONAL_CALL	0
0x00108e2b	0x001e9768	READ_WRITE	0
0x00108e3a	0x001765ac	UNCONDITIONAL_CALL	0
0x00108e3f	0x001e9768	DATA	1
0x00108e48	0x001e9768	READ	1
0x00108e4c	0x00108e4a	CONDITIONAL_JUMP	0
0x00108e53	0x001e9768	READ_WRITE	0
0x00108e5a	0x00108e48	CONDITIONAL_JUMP	0
0x00108e5c	0x001e973c	READ	1
0x00108e62	0x001e9744	READ	0
0x00108e69	0x00108e00	CONDITIONAL_JUMP	0
0x00108e6d	0x001e9768	READ_WRITE	0
0x00108e73	0xStack[-0x14]	DATA	0
0x00108e89	0x001e8b54	READ	1
0x00108e96	0x00107374	UNCONDITIONAL_CALL	0
0x00108ea2	0x00108eb4	CONDITIONAL_JUMP	0
0x00108ea6	0x00108eb4	CONDITIONAL_JUMP	0
0x00108eac	0x0016649c	UNCONDITIONAL_CALL	0
0x00108eb6	0x00107374	UNCONDITIONAL_CALL	0
0x00108ec2	0x00108ed4	CONDITIONAL_JUMP	0
0x00108ec6	0x00108ed4	CONDITIONAL_JUMP	0
0x00108ecc	0x0016649c	UNCONDITIONAL_CALL	0
0x00108ed4	0x001da9ce	DATA	0
0x00108ed9	0x0010c0d8	UNCONDITIONAL_CALL	0
0x00108ede	0x001e94e4	READ	1
0x00108ee9	0x00108f0f	CONDITIONAL_JUMP	0
0x00108ef1	0x00108f08	CONDITIONAL_JUMP	0
0x00108ef7	0x00108f08	CONDITIONAL_JUMP	0
0x00108efb	0x00108f08	CONDITIONAL_JUMP	0
0x00108f00	0x00109870	UNCONDITIONAL_CALL	0
0x00108f0d	0x00108eec	CONDITIONAL_JUMP	0
0x00108f16	0x00160518	UNCONDITIONAL_CALL	0
0x00108f22	0x00160518	UNCONDITIONAL_CALL	0
0x00108f27	0x001e94e4	READ	1
0x00108f32	0x00108f57	CONDITIONAL_JUMP	0
0x00108f39	0x00108f50	CONDITIONAL_JUMP	0
0x00108f3f	0x00108f50	CONDITIONAL_JUMP	0
0x00108f43	0x00108f50	CONDITIONAL_JUMP	0
0x00108f48	0x00109870	UNCONDITIONAL_CALL	0
0x00108f55	0x00108f34	CONDITIONAL_JUMP	0
0x00108f5e	0x00160518	UNCONDITIONAL_CALL	0
0x00108f63	0x001e94e4	READ	1
0x00108f6e	0x00108fc0	CONDITIONAL_JUMP	0
0x00108f75	0x00108f81	CONDITIONAL_JUMP	0
0x00108f7b	0x00108f81	CONDITIONAL_JUMP	0
0x00108f7f	0x00108f88	CONDITIONAL_JUMP	0
0x00108f84	0x00108f6c	UNCONDITIONAL_JUMP	0
0x00108f8c	0x00108f98	CONDITIONAL_JUMP	0
0x00108f8e	0x00165328	UNCONDITIONAL_CALL	0
0x00108f93	0x00108fb6	UNCONDITIONAL_JUMP	0
0x00108f98	0x001e8b54	READ	1
0x00108fa1	0x001da9e5	DATA	0
0x00108fa6	0x0010c0d8	UNCONDITIONAL_CALL	0
0x00108fae	0x00105afc	UNCONDITIONAL_CALL	0
0x00108fb6	0x001e94e4	READ	1
0x00108fbc	0x00108f6c	UNCONDITIONAL_JUMP	0
0x00108fc0	0x001da9e7	DATA	0
0x00108fc5	0x0010c0d8	UNCONDITIONAL_CALL	0
0x00108fca	0x001e94e4	READ	1
0x00108fd5	0x001090b4	CONDITIONAL_JUMP	0
0x00108fe1	0xStack[-0xc]	WRITE	0
0x00108fea	0xStack[-0xc]	READ	1
0x00108ff3	0x0010904c	CONDITIONAL_JUMP	0
0x00109003	0x00109039	CONDITIONAL_JUMP	0
0x0010900b	0x00109039	CONDITIONAL_JUMP	0
0x0010900e	0xStack[-0x8]	WRITE	0
0x00109011	0x0011bdd0	UNCONDITIONAL_CALL	0
0x00109016	0xStack[-0x8]	READ	1
0x00109027	0x00104948	UNCONDITIONAL_CALL	0
0x0010902c	0xStack[-0xc]	WRITE	0
0x00109036	0xStack[-0x8]	READ	1
0x0010904a	0x00108ff8	CONDITIONAL_JUMP	0
0x00109054	0x00109076	CONDITIONAL_JUMP	0
0x00109061	0xStack[-0x8]	WRITE	0
0x00109064	0x0011df54	UNCONDITIONAL_CALL	0
0x00109069	0xStack[-0xc]	WRITE	0
0x00109073	0xStack[-0x8]	READ	1
0x0010907e	0x0010909a	CONDITIONAL_JUMP	0
0x0010908b	0x0011df54	UNCONDITIONAL_CALL	0
0x00109090	0xStack[-0xc]	WRITE	0
0x0010909a	0xStack[-0xc]	READ	0
0x0010909e	0x001090ac	CONDITIONAL_JUMP	0
0x001090a0	0x001e94e4	READ	1
0x001090a6	0x00108fd3	UNCONDITIONAL_JUMP	0
0x001090af	0x00108fd3	UNCONDITIONAL_JUMP	0
0x001090b8	0x001e9798	DATA	0
0x001090bd	0x001631a0	UNCONDITIONAL_CALL	0
0x001090c9	0x00160518	UNCONDITIONAL_CALL	0
0x001090ce	0x001da9e9	DATA	0
0x001090d3	0x0010c0d8	UNCONDITIONAL_CALL	0
0x001090d8	0xStack[-0x18]	DATA	0
0x001090e9	0x001e89d8	READ	1
0x001090ef	0x001e89d8	DATA	1
0x001090f5	0x0010911e	CONDITIONAL_JUMP	0
0x001090ff	0x00109114	CONDITIONAL_JUMP	0
0x00109105	0x00104948	UNCONDITIONAL_CALL	0
0x00109112	0x00109104	CONDITIONAL_JUMP	0
0x00109116	0x001e89d8	DATA	1
0x0010911c	0x001090f8	CONDITIONAL_JUMP	0
0x0010911e	0xStack[-0xc]	DATA	0
0x00109131	0x001e875c	READ	1
0x00109139	0xStack[-0x14]	WRITE	0
0x00109144	0x00109150	CONDITIONAL_JUMP	0
0x00109149	0x00109150	CONDITIONAL_JUMP	0
0x0010914e	0x00109160	CONDITIONAL_JUMP	0
0x00109150	0x001e875c	READ	1
0x00109159	0x0010923d	UNCONDITIONAL_JUMP	0
0x00109160	0xStack[-0x10]	DATA	0
0x00109163	0xStack[-0x14]	READ	1
0x0010916a	0x001091d6	CONDITIONAL_JUMP	0
0x0010916c	0x001e8758	READ	1
0x00109175	0xStack[-0x10]	WRITE	0
0x0010917f	0xStack[-0xc]	WRITE	0
0x0010918d	0xStack[-0x8]	WRITE	0
0x0010919a	0x001091a3	CONDITIONAL_JUMP	0
0x0010919c	0xStack[-0x8]	WRITE	0
0x001091a9	0x001091af	CONDITIONAL_JUMP	0
0x001091ab	0xStack[-0x8]	READ_WRITE	0
0x001091b1	0xStack[-0x14]	READ	1
0x001091b9	0x00189cec	UNCONDITIONAL_CALL	0
0x001091c0	0x001e875c	READ	1
0x001091c8	0x001e875c	READ	1
0x001091d4	0x0010923d	CONDITIONAL_JUMP	0
0x001091d6	0xStack[-0x14]	READ	1
0x001091de	0x0010923d	CONDITIONAL_JUMP	0
0x001091e4	0x00189a5c	UNCONDITIONAL_CALL	0
0x001091eb	0x001e875c	READ	1
0x001091f3	0x001e875c	READ	1
0x00109200	0x0010923d	CONDITIONAL_JUMP	0
0x00109205	0x00109220	CONDITIONAL_JUMP	0
0x00109207	0xStack[-0x10]	DATA	0
0x0010920a	0x00109220	CONDITIONAL_JUMP	0
0x0010920c	0x001e8758	READ	1
0x00109217	0x00109220	CONDITIONAL_JUMP	0
0x0010921d	0x0010923d	UNCONDITIONAL_JUMP	0
0x00109222	0x00109248	UNCONDITIONAL_CALL	0
0x00109227	0x001e8758	READ	1
0x0010922c	0x001e875c	READ	1
0x0010923d	0xStack[-0x20]	DATA	0
0x00109251	0xStack[0x4]	READ	1
0x0010925e	0x001e8758	READ	1
0x00109265	0x0018c0d8	UNCONDITIONAL_CALL	0
0x00109274	0x00109272	CONDITIONAL_JUMP	0
0x00109282	0x00109270	CONDITIONAL_JUMP	0
0x00109284	0x001e8758	READ	1
0x00109289	0xStack[0x8]	READ	1
0x0010928e	0xStack[0x4]	READ	1
0x00109295	0x001e8758	READ	1
0x0010929b	0xStack[-0x8]	WRITE	0
0x0010929e	0xStack[0x8]	READ	1
0x001092aa	0x001092b8	CONDITIONAL_JUMP	0
0x001092b3	0x001092bf	UNCONDITIONAL_JUMP	0
0x001092bf	0xStack[0x4]	READ	1
0x001092c2	0xStack[-0x8]	READ	1
0x001092cc	0xStack[0x8]	READ	1
0x001092d3	0x001092e4	CONDITIONAL_JUMP	0
0x001092d5	0x001e8758	READ	1
0x001092e0	0x001092f4	UNCONDITIONAL_JUMP	0
0x001092e4	0x001e8758	READ	1
0x001092f4	0xStack[0x8]	READ	1
0x001092fb	0x0010930c	CONDITIONAL_JUMP	0
0x001092fd	0x001e8758	READ	1
0x00109308	0x0010931c	UNCONDITIONAL_JUMP	0
0x0010930c	0x001e8758	READ	1
0x0010931c	0xStack[0x8]	READ	1
0x00109324	0x00109336	CONDITIONAL_JUMP	0
0x0010932a	0x0010939c	CONDITIONAL_JUMP	0
0x0010932e	0x0010939c	CONDITIONAL_JUMP	0
0x00109330	0xStack[0x4]	READ	0
0x00109334	0x0010939c	CONDITIONAL_JUMP	0
0x00109343	0x0010938f	CONDITIONAL_JUMP	0
0x0010934b	0xStack[-0x8]	WRITE	0
0x00109354	0x00109352	CONDITIONAL_JUMP	0
0x00109362	0x00109350	CONDITIONAL_JUMP	0
0x00109364	0xStack[-0x8]	READ	1
0x0010936b	0x00109388	CONDITIONAL_JUMP	0
0x00109371	0xStack[-0xc]	WRITE	0
0x0010937a	0xStack[-0xc]	READ	1
0x00109383	0xStack[-0x8]	READ	0
0x00109386	0x00109374	CONDITIONAL_JUMP	0
0x00109399	0x001093cb	UNCONDITIONAL_JUMP	0
0x001093a3	0xStack[0x8]	READ	1
0x001093a9	0x001093c8	CONDITIONAL_JUMP	0
0x001093af	0x001093c1	CONDITIONAL_JUMP	0
0x001093b1	0x001e8758	READ	1
0x001093b6	0xStack[0x4]	READ	1
0x001093c4	0x001093cb	UNCONDITIONAL_JUMP	0
0x001093d0	0x0018b60c	UNCONDITIONAL_CALL	0
0x001093d5	0xStack[-0x18]	DATA	0
0x001093e6	0x001e875c	READ	1
0x001093ee	0x001e8758	READ	1
0x001093f5	0x0018c0d8	UNCONDITIONAL_CALL	0
0x001093fa	0x001e875c	READ	1
0x0010940a	0x001e8758	READ	1
0x00109415	0x00109420	CONDITIONAL_JUMP	0
0x0010941e	0x00109427	UNCONDITIONAL_JUMP	0
0x0010942c	0x0018b60c	UNCONDITIONAL_CALL	0
0x00109431	0xStack[-0x10]	DATA	0
0x00109441	0x001e875c	READ	1
0x00109449	0x001e8758	READ	1
0x00109450	0x0018c0d8	UNCONDITIONAL_CALL	0
0x00109455	0x001e875c	READ	1
0x00109462	0x001e8758	READ	1
0x0010946d	0x00109478	CONDITIONAL_JUMP	0
0x00109476	0x0010947f	UNCONDITIONAL_JUMP	0
0x00109482	0x0018b60c	UNCONDITIONAL_CALL	0
0x00109487	0xStack[-0xc]	DATA	0
0x00109495	0x0019293c	UNCONDITIONAL_CALL	0
0x001094a4	0x001e875c	READ	1
0x001094ac	0x001e8758	READ	1
0x001094c5	0x001e8758	READ	1
0x001094d0	0x001094dc	CONDITIONAL_JUMP	0
0x001094d9	0x001094e3	UNCONDITIONAL_JUMP	0
0x001094e6	0x00109490	DATA	0
0x001094ed	0x001e8758	DATA	0
0x001094f2	0x0010a708	UNCONDITIONAL_CALL	0
0x001094f7	0xStack[-0x8]	READ	1
0x00109507	0x001e875c	READ	1
0x00109515	0x00109544	CONDITIONAL_JUMP	0
0x0010951a	0x001e8758	READ	1
0x00109527	0x00189cec	UNCONDITIONAL_CALL	0
0x0010952c	0x001e875c	READ	1
0x00109535	0x001e875c	READ	1
0x00109542	0x00109583	CONDITIONAL_JUMP	0
0x00109548	0x00109583	CONDITIONAL_JUMP	0
0x0010954c	0xStack[-0xc]	DATA	0
0x00109551	0x00189a5c	UNCONDITIONAL_CALL	0
0x00109556	0x001e875c	READ	1
0x0010955f	0x001e875c	READ	1
0x00109569	0x00109583	CONDITIONAL_JUMP	0
0x0010956b	0x001e8758	READ	1
0x00109571	0xStack[-0xc]	READ	1
0x00109574	0xStack[-0x8]	READ	1
0x00109583	0xStack[-0x10]	READ	1
0x00109595	0x001e875c	READ	1
0x001095a3	0x001095b0	CONDITIONAL_JUMP	0
0x001095a9	0x001096de	UNCONDITIONAL_JUMP	0
0x001095b4	0x001096a8	CONDITIONAL_JUMP	0
0x001095bb	0x00107374	UNCONDITIONAL_CALL	0
0x001095c0	0xStack[-0x8]	WRITE	0
0x001095c8	0x001095d8	CONDITIONAL_JUMP	0
0x001095ca	0x001e875c	READ	1
0x001095d3	0x001096de	UNCONDITIONAL_JUMP	0
0x001095d8	0x001e8758	READ	1
0x001095e4	0x00109674	CONDITIONAL_JUMP	0
0x001095ea	0xStack[-0x8]	READ	1
0x001095f2	0x00107898	UNCONDITIONAL_CALL	0
0x001095f9	0x00108310	UNCONDITIONAL_CALL	0
0x00109603	0x00109666	CONDITIONAL_JUMP	0
0x00109605	0x001e8758	READ	1
0x00109618	0x00109666	CONDITIONAL_JUMP	0
0x00109621	0x00109666	CONDITIONAL_JUMP	0
0x0010962a	0x00109666	CONDITIONAL_JUMP	0
0x0010962f	0x00109666	CONDITIONAL_JUMP	0
0x00109635	0x00109689	CONDITIONAL_JUMP	0
0x00109637	0xStack[-0x8]	READ	1
0x0010963f	0x00107898	UNCONDITIONAL_CALL	0
0x00109647	0x001e8758	READ	1
0x00109653	0x00107898	UNCONDITIONAL_CALL	0
0x00109664	0x00109689	CONDITIONAL_JUMP	0
0x00109666	0x001e875c	READ	1
0x0010966f	0x00109694	UNCONDITIONAL_JUMP	0
0x0010967e	0x00109694	CONDITIONAL_JUMP	0
0x00109680	0xStack[-0x8]	READ	1
0x00109687	0x00109694	CONDITIONAL_JUMP	0
0x00109689	0x001e875c	READ	1
0x00109692	0x001096de	UNCONDITIONAL_JUMP	0
0x00109699	0x001096de	CONDITIONAL_JUMP	0
0x0010969c	0xStack[-0x8]	READ	1
0x001096a0	0x00109870	UNCONDITIONAL_CALL	0
0x001096a5	0x001096de	UNCONDITIONAL_JUMP	0
0x001096ab	0x001096b4	CONDITIONAL_JUMP	0
0x001096af	0x001096bc	CONDITIONAL_JUMP	0
0x001096b1	0x001096c4	UNCONDITIONAL_JUMP	0
0x001096b9	0x001096cf	UNCONDITIONAL_JUMP	0
0x001096c1	0x001096cf	UNCONDITIONAL_JUMP	0
0x001096cf	0x00109720	UNCONDITIONAL_CALL	0
0x001096d6	0x001e875c	READ	1
0x001096de	0xStack[-0x14]	DATA	0
0x001096eb	0x001e875c	READ	1
0x001096fa	0x00109704	CONDITIONAL_JUMP	0
0x0010970a	0x00109720	UNCONDITIONAL_CALL	0
0x00109711	0x001e875c	READ	1
0x00109729	0xStack[0x8]	READ	1
0x0010972c	0xStack[-0x8]	WRITE	0
0x00109733	0xStack[0xc]	READ	0
0x00109737	0x00109750	CONDITIONAL_JUMP	0
0x0010973b	0x00109750	CONDITIONAL_JUMP	0
0x0010973d	0x001e8758	READ	1
0x0010974a	0x001097e6	CONDITIONAL_JUMP	0
0x00109752	0x001e94e4	READ	1
0x0010975a	0x001097db	CONDITIONAL_JUMP	0
0x00109762	0x0010976a	CONDITIONAL_JUMP	0
0x00109764	0xStack[0xc]	READ	0
0x00109768	0x001097d4	CONDITIONAL_JUMP	0
0x0010976f	0x001097d4	CONDITIONAL_JUMP	0
0x00109775	0x001097d4	CONDITIONAL_JUMP	0
0x00109777	0xStack[0xc]	READ	0
0x0010977b	0x00109786	CONDITIONAL_JUMP	0
0x0010977d	0x001e8758	READ	1
0x00109784	0x001097d4	CONDITIONAL_JUMP	0
0x00109786	0x001e8758	READ	1
0x00109795	0x001097c0	CONDITIONAL_JUMP	0
0x0010979b	0x001097c0	CONDITIONAL_JUMP	0
0x0010979d	0xStack[0x4]	READ	0
0x001097a1	0x001097b0	CONDITIONAL_JUMP	0
0x001097a4	0x00107340	UNCONDITIONAL_CALL	0
0x001097ae	0x001097c0	CONDITIONAL_JUMP	0
0x001097b0	0xStack[0xc]	READ	0
0x001097b4	0x001097d4	CONDITIONAL_JUMP	0
0x001097b6	0xStack[-0x8]	WRITE	0
0x001097bd	0x001097d4	UNCONDITIONAL_JUMP	0
0x001097c1	0xStack[0x4]	READ	0
0x001097c5	0x001097d4	CONDITIONAL_JUMP	0
0x001097c7	0xStack[0x4]	READ	1
0x001097cc	0x00109870	UNCONDITIONAL_CALL	0
0x001097d9	0x0010975c	CONDITIONAL_JUMP	0
0x001097db	0xStack[-0x8]	READ	1
0x001097e0	0x001097eb	CONDITIONAL_JUMP	0
0x001097e4	0x001097eb	CONDITIONAL_JUMP	0
0x001097eb	0xStack[-0x14]	DATA	0
0x001097fb	0xStack[0x4]	READ	1
0x00109800	0x0010981b	CONDITIONAL_JUMP	0
0x00109803	0x001074d8	UNCONDITIONAL_CALL	0
0x0010980d	0x0010981b	CONDITIONAL_JUMP	0
0x00109811	0xStack[0x8]	READ	1
0x00109816	0x00109820	UNCONDITIONAL_CALL	0
0x00109826	0xStack[0x4]	READ	1
0x00109829	0xStack[0x8]	READ	1
0x0010982c	0xStack[0xc]	READ	1
0x00109831	0x00109864	CONDITIONAL_JUMP	0
0x00109838	0x00109864	CONDITIONAL_JUMP	0
0x0010983e	0x00109846	CONDITIONAL_JUMP	0
0x00109844	0x00109850	CONDITIONAL_JUMP	0
0x00109848	0x00109870	UNCONDITIONAL_CALL	0
0x00109855	0x00107898	UNCONDITIONAL_CALL	0
0x00109862	0x0010983c	CONDITIONAL_JUMP	0
0x00109864	0xStack[-0x10]	DATA	0
0x00109879	0xStack[0x4]	READ	1
0x0010987c	0xStack[0x8]	READ	0
0x00109880	0x00109bc8	CONDITIONAL_JUMP	0
0x00109886	0xStack[0x8]	READ	1
0x00109893	0xStack[-0x14]	WRITE	0
0x0010989b	0x00109bc8	CONDITIONAL_JUMP	0
0x001098a5	0x00109bc8	CONDITIONAL_JUMP	0
0x001098af	0x001098bc	CONDITIONAL_JUMP	0
0x001098b1	0xStack[-0xc]	WRITE	0
0x001098b8	0x0010990e	UNCONDITIONAL_JUMP	0
0x001098c0	0x001098cb	CONDITIONAL_JUMP	0
0x001098c2	0xStack[-0x14]	READ	0
0x001098c9	0x001098d7	CONDITIONAL_JUMP	0
0x001098cb	0xStack[-0x14]	READ	1
0x001098d1	0x00109bc8	CONDITIONAL_JUMP	0
0x001098db	0x001098e6	CONDITIONAL_JUMP	0
0x001098dd	0xStack[-0x14]	READ	0
0x001098e4	0x001098f8	CONDITIONAL_JUMP	0
0x001098e6	0xStack[-0x14]	READ	1
0x001098ec	0x001098f8	CONDITIONAL_JUMP	0
0x001098ee	0xStack[-0xc]	WRITE	0
0x001098f5	0x0010990e	UNCONDITIONAL_JUMP	0
0x001098f8	0xStack[-0xc]	WRITE	0
0x001098ff	0xStack[-0x14]	READ	1
0x00109905	0x0010990e	CONDITIONAL_JUMP	0
0x00109907	0xStack[-0xc]	WRITE	0
0x0010990e	0xStack[0x8]	READ	0
0x00109912	0x0010996b	CONDITIONAL_JUMP	0
0x00109914	0xStack[-0x14]	READ	1
0x0010991a	0xStack[0x8]	READ	1
0x00109923	0x0010996b	CONDITIONAL_JUMP	0
0x00109925	0x0010994c	COMPUTED_JUMP	-1
0x00109925	0x0010996b	COMPUTED_JUMP	-1
0x00109925	0x00109964	COMPUTED_JUMP	-1
0x00109925	0x00109958	COMPUTED_JUMP	-1
0x00109925	0x0010992c	DATA	0
0x0010992c	0x0010994c	DATA	0
0x00109930	0x0010996b	DATA	0
0x00109934	0x00109964	DATA	0
0x00109938	0x00109964	DATA	0
0x0010993c	0x00109958	DATA	0
0x00109940	0x0010996b	DATA	0
0x00109944	0x00109964	DATA	0
0x00109948	0x00109964	DATA	0
0x00109950	0x0010996b	CONDITIONAL_JUMP	0
0x00109952	0xStack[-0xc]	READ	0
0x00109956	0x0010996b	CONDITIONAL_JUMP	0
0x0010995f	0x0010996b	UNCONDITIONAL_JUMP	0
0x0010996b	0xStack[-0xc]	READ	0
0x0010996f	0x00109bc8	CONDITIONAL_JUMP	0
0x00109975	0x0018c0d8	UNCONDITIONAL_CALL	0
0x0010997a	0xStack[-0x8]	WRITE	0
0x0010997d	0x001e8b54	READ	1
0x00109983	0xStack[-0x10]	WRITE	0
0x00109989	0x00109990	CONDITIONAL_JUMP	0
0x0010998b	0xStack[-0x10]	READ	1
0x0010998e	0x001099d6	UNCONDITIONAL_JUMP	0
0x00109998	0x00109996	CONDITIONAL_JUMP	0
0x001099a6	0x00109994	CONDITIONAL_JUMP	0
0x001099b0	0x001099c8	CONDITIONAL_JUMP	0
0x001099b7	0xStack[-0x8]	READ	1
0x001099bb	0x0018b544	UNCONDITIONAL_CALL	0
0x001099c0	0x00109bc8	UNCONDITIONAL_JUMP	0
0x001099c9	0x00167238	UNCONDITIONAL_CALL	0
0x001099d6	0xStack[0x8]	READ	0
0x001099da	0x00109a02	CONDITIONAL_JUMP	0
0x001099e0	0x00109a02	CONDITIONAL_JUMP	0
0x001099f0	0x00168870	UNCONDITIONAL_CALL	0
0x001099fa	0x00168784	UNCONDITIONAL_CALL	0
0x00109a06	0x00109a18	CONDITIONAL_JUMP	0
0x00109a0c	0x00109ba4	CONDITIONAL_JUMP	0
0x00109a12	0x00109bb1	UNCONDITIONAL_JUMP	0
0x00109a18	0xStack[-0xc]	READ	0
0x00109a1c	0x00109a3c	CONDITIONAL_JUMP	0
0x00109a1e	0xStack[0x8]	READ	0
0x00109a22	0x00109ba4	CONDITIONAL_JUMP	0
0x00109a29	0x0016663c	UNCONDITIONAL_CALL	0
0x00109a35	0x00109ba4	UNCONDITIONAL_JUMP	0
0x00109a3c	0xStack[0x8]	READ	1
0x00109a45	0x00109ba4	CONDITIONAL_JUMP	0
0x00109a4b	0x00109b45	COMPUTED_JUMP	-1
0x00109a4b	0x00109ba4	COMPUTED_JUMP	-1
0x00109a4b	0x00109b30	COMPUTED_JUMP	-1
0x00109a4b	0x00109aa4	COMPUTED_JUMP	-1
0x00109a4b	0x00109b94	COMPUTED_JUMP	-1
0x00109a4b	0x00109a54	DATA	0
0x00109a54	0x00109b45	DATA	0
0x00109a58	0x00109ba4	DATA	0
0x00109a5c	0x00109ba4	DATA	0
0x00109a60	0x00109ba4	DATA	0
0x00109a64	0x00109ba4	DATA	0
0x00109a68	0x00109ba4	DATA	0
0x00109a6c	0x00109ba4	DATA	0
0x00109a70	0x00109b30	DATA	0
0x00109a74	0x00109aa4	DATA	0
0x00109a78	0x00109aa4	DATA	0
0x00109a7c	0x00109b94	DATA	0
0x00109a80	0x00109b30	DATA	0
0x00109a84	0x00109aa4	DATA	0
0x00109a88	0x00109aa4	DATA	0
0x00109a8c	0x00109b30	DATA	0
0x00109a90	0x00109ba4	DATA	0
0x00109a94	0x00109ba4	DATA	0
0x00109a98	0x00109ba4	DATA	0
0x00109a9c	0x00109ba4	DATA	0
0x00109aa0	0x00109b30	DATA	0
0x00109aa4	0xStack[0x8]	READ	0
0x00109aa8	0x00109acc	CONDITIONAL_JUMP	0
0x00109aaa	0x001e8de4	READ	1
0x00109ab2	0x00109acc	CONDITIONAL_JUMP	0
0x00109ab7	0x00109870	UNCONDITIONAL_CALL	0
0x00109abc	0xStack[-0x14]	READ	1
0x00109ac7	0x00109bb1	UNCONDITIONAL_JUMP	0
0x00109ad0	0x00109b00	CONDITIONAL_JUMP	0
0x00109ad2	0xStack[-0x14]	READ	1
0x00109ade	0x00109bb1	CONDITIONAL_JUMP	0
0x00109ae4	0xStack[0x8]	READ	1
0x00109af0	0x00109870	UNCONDITIONAL_CALL	0
0x00109af6	0x0010a06c	UNCONDITIONAL_CALL	0
0x00109afb	0x00109bae	UNCONDITIONAL_JUMP	0
0x00109b00	0x001e8758	READ	1
0x00109b07	0x00109bb1	CONDITIONAL_JUMP	0
0x00109b11	0x00109bb1	CONDITIONAL_JUMP	0
0x00109b17	0x001e90ac	READ	1
0x00109b1e	0x001e90ac	WRITE	0
0x00109b23	0x001e90ac	READ	1
0x00109b28	0x00109bb1	UNCONDITIONAL_JUMP	0
0x00109b30	0xStack[-0x14]	READ	1
0x00109b38	0x00109bb1	UNCONDITIONAL_JUMP	0
0x00109b3d	0x0016663c	UNCONDITIONAL_CALL	0
0x00109b49	0x00109b3c	CONDITIONAL_JUMP	0
0x00109b56	0x00109b6a	CONDITIONAL_JUMP	0
0x00109b59	0x00167d48	UNCONDITIONAL_CALL	0
0x00109b68	0x00109b58	CONDITIONAL_JUMP	0
0x00109b6f	0x0016303c	UNCONDITIONAL_CALL	0
0x00109b74	0xStack[-0x8]	READ	1
0x00109b78	0x0018b544	UNCONDITIONAL_CALL	0
0x00109b80	0xStack[-0x10]	READ	0
0x00109b83	0x00109bc8	CONDITIONAL_JUMP	0
0x00109b86	0x001584d4	UNCONDITIONAL_CALL	0
0x00109b8c	0x00166ea0	UNCONDITIONAL_CALL	0
0x00109b91	0x00109bc8	UNCONDITIONAL_JUMP	0
0x00109b95	0x0016663c	UNCONDITIONAL_CALL	0
0x00109ba1	0x00109bb1	UNCONDITIONAL_JUMP	0
0x00109ba9	0x0016303c	UNCONDITIONAL_CALL	0
0x00109bb1	0xStack[-0x8]	READ	1
0x00109bb5	0x0018b544	UNCONDITIONAL_CALL	0
0x00109bbd	0xStack[-0x10]	READ	0
0x00109bc0	0x00109bc8	CONDITIONAL_JUMP	0
0x00109bc3	0x00167184	UNCONDITIONAL_CALL	0
0x00109bc8	0xStack[-0x20]	DATA	0
0x00109bdd	0x001e8758	READ	1
0x00109be4	0x001e8750	READ	0
0x00109beb	0x00109bfa	CONDITIONAL_JUMP	0
0x00109bed	0x001da9f5	DATA	0
0x00109bf2	0x0010ca6c	UNCONDITIONAL_CALL	0
0x00109c04	0x00109c02	CONDITIONAL_JUMP	0
0x00109c12	0x00109c00	CONDITIONAL_JUMP	0
0x00109c14	0x00109c68	UNCONDITIONAL_JUMP	0
0x00109c22	0x00109c3a	CONDITIONAL_JUMP	0
0x00109c24	0x001e8b54	READ	1
0x00109c2b	0x0010a046	CONDITIONAL_JUMP	0
0x00109c32	0x001679a8	UNCONDITIONAL_CALL	0
0x00109c3a	0x00165328	UNCONDITIONAL_CALL	0
0x00109c3f	0x001e8b54	READ	1
0x00109c4b	0x0010a051	CONDITIONAL_JUMP	0
0x00109c58	0x00109c56	CONDITIONAL_JUMP	0
0x00109c66	0x00109c54	CONDITIONAL_JUMP	0
0x00109c6c	0x00109c18	CONDITIONAL_JUMP	0
0x00109c72	0x00109c18	CONDITIONAL_JUMP	0
0x00109c74	0x001e875c	READ	1
0x00109c7f	0x00109c9a	CONDITIONAL_JUMP	0
0x00109c91	0x001e875c	READ	1
0x00109c9a	0x001e875c	READ	1
0x00109cb0	0xStack[-0x44]	WRITE	0
0x00109cb6	0xStack[-0x48]	WRITE	0
0x00109cb9	0x00109cc2	CONDITIONAL_JUMP	0
0x00109cc2	0xStack[-0x44]	READ	1
0x00109cc8	0x00109cd0	CONDITIONAL_JUMP	0
0x00109cd2	0x0010a034	CONDITIONAL_JUMP	0
0x00109cd8	0xStack[0x4]	READ	0
0x00109cdc	0x00109ce8	CONDITIONAL_JUMP	0
0x00109cde	0xStack[-0x48]	READ	0
0x00109ce2	0x0010a04c	CONDITIONAL_JUMP	0
0x00109ceb	0x00109cf2	CONDITIONAL_JUMP	0
0x00109cf5	0xStack[-0x48]	WRITE	0
0x00109d01	0xStack[-0x40]	WRITE	0
0x00109d0a	0x00109d20	CONDITIONAL_JUMP	0
0x00109d0c	0xStack[-0x48]	READ	1
0x00109d12	0x001e875c	READ	1
0x00109d18	0xStack[-0x40]	READ	1
0x00109d20	0xStack[-0x40]	READ	1
0x00109d28	0xStack[-0x48]	READ	1
0x00109d39	0x00109ef8	CONDITIONAL_JUMP	0
0x00109d45	0x00109870	UNCONDITIONAL_CALL	0
0x00109d4a	0x001e8b54	READ	1
0x00109d54	0x0018ec48	UNCONDITIONAL_CALL	0
0x00109d68	0x00109d66	CONDITIONAL_JUMP	0
0x00109d76	0x00109d64	CONDITIONAL_JUMP	0
0x00109d83	0x00109d8a	CONDITIONAL_JUMP	0
0x00109d90	0x00109dc0	CONDITIONAL_JUMP	0
0x00109d93	0x00166094	UNCONDITIONAL_CALL	0
0x00109daa	0x0016610c	UNCONDITIONAL_CALL	0
0x00109daf	0x001e8b54	READ	1
0x00109db6	0x001679a8	UNCONDITIONAL_CALL	0
0x00109dbe	0x00109dcc	UNCONDITIONAL_JUMP	0
0x00109dd8	0x0010ab38	UNCONDITIONAL_CALL	0
0x00109ddd	0x00165328	UNCONDITIONAL_CALL	0
0x00109dec	0x00109dea	CONDITIONAL_JUMP	0
0x00109dfa	0x00109de8	CONDITIONAL_JUMP	0
0x00109e09	0x00109e74	CONDITIONAL_JUMP	0
0x00109e11	0xStack[-0x48]	WRITE	0
0x00109e18	0x001e8b54	READ	1
0x00109e1f	0x0016303c	UNCONDITIONAL_CALL	0
0x00109e27	0x001e8b54	READ	1
0x00109e35	0x001e8b54	READ	1
0x00109e3e	0x00166094	UNCONDITIONAL_CALL	0
0x00109e45	0x001e8b54	READ	1
0x00109e4e	0x0016610c	UNCONDITIONAL_CALL	0
0x00109e56	0xStack[-0x3c]	DATA	0
0x00109e59	0x001e875c	READ	1
0x00109e6a	0xStack[-0x48]	READ	1
0x00109e6e	0x00105ad8	UNCONDITIONAL_CALL	0
0x00109e74	0x001e8b54	READ	1
0x00109e80	0x0010a04c	CONDITIONAL_JUMP	0
0x00109e8a	0x00109eb4	CONDITIONAL_JUMP	0
0x00109e8c	0xStack[-0x40]	READ	0
0x00109e93	0x00109ea8	CONDITIONAL_JUMP	0
0x00109e95	0x001e875c	READ	1
0x00109e9a	0xStack[-0x40]	READ	1
0x00109ea0	0x00109c74	UNCONDITIONAL_JUMP	0
0x00109ea8	0xStack[-0x40]	READ	1
0x00109eae	0x00109c74	UNCONDITIONAL_JUMP	0
0x00109eb7	0xStack[-0x48]	WRITE	0
0x00109ebc	0x00109c74	CONDITIONAL_JUMP	0
0x00109ece	0xStack[-0x40]	WRITE	0
0x00109ed4	0x00109ef8	CONDITIONAL_JUMP	0
0x00109edc	0x00109eec	CONDITIONAL_JUMP	0
0x00109ede	0x001e875c	READ	1
0x00109ee6	0x00109c74	UNCONDITIONAL_JUMP	0
0x00109eec	0xStack[-0x40]	READ	1
0x00109ef2	0x00109c74	UNCONDITIONAL_JUMP	0
0x00109ef8	0x001e8758	READ	1
0x00109efd	0xStack[-0x48]	READ	1
0x00109f07	0x0010a018	CONDITIONAL_JUMP	0
0x00109f0d	0x00109f18	CONDITIONAL_JUMP	0
0x00109f11	0x00109f28	CONDITIONAL_JUMP	0
0x00109f13	0x0010a058	UNCONDITIONAL_JUMP	0
0x00109f1b	0x0010a018	CONDITIONAL_JUMP	0
0x00109f21	0x0010a058	UNCONDITIONAL_JUMP	0
0x00109f2d	0x00109f4c	CONDITIONAL_JUMP	0
0x00109f2f	0x001e875c	READ	1
0x00109f38	0x001e875c	READ	1
0x00109f3e	0xStack[-0x40]	READ	1
0x00109f46	0x00109c74	UNCONDITIONAL_JUMP	0
0x00109f4c	0xStack[-0x48]	READ	1
0x00109f55	0x0010a058	CONDITIONAL_JUMP	0
0x00109f5b	0x00109c74	COMPUTED_JUMP	-1
0x00109f5b	0x00109fb4	COMPUTED_JUMP	-1
0x00109f5b	0x00109f98	COMPUTED_JUMP	-1
0x00109f5b	0x0010a058	COMPUTED_JUMP	-1
0x00109f5b	0x00109f64	DATA	0
0x00109f64	0x00109c74	DATA	0
0x00109f68	0x00109fb4	DATA	0
0x00109f6c	0x00109f98	DATA	0
0x00109f70	0x00109c74	DATA	0
0x00109f74	0x00109c74	DATA	0
0x00109f78	0x00109f98	DATA	0
0x00109f7c	0x00109f98	DATA	0
0x00109f80	0x00109c74	DATA	0
0x00109f84	0x0010a058	DATA	0
0x00109f88	0x0010a058	DATA	0
0x00109f8c	0x0010a058	DATA	0
0x00109f90	0x0010a058	DATA	0
0x00109f94	0x00109c74	DATA	0
0x00109f98	0x001e8de4	READ	1
0x00109fa0	0x00109fb4	CONDITIONAL_JUMP	0
0x00109fa5	0x00109870	UNCONDITIONAL_CALL	0
0x00109fad	0x00109c74	UNCONDITIONAL_JUMP	0
0x00109fb8	0x00109c74	CONDITIONAL_JUMP	0
0x00109fc4	0x00109870	UNCONDITIONAL_CALL	0
0x00109fca	0x0010a06c	UNCONDITIONAL_CALL	0
0x00109fde	0x00165328	UNCONDITIONAL_CALL	0
0x00109fec	0x00109fea	CONDITIONAL_JUMP	0
0x00109ffa	0x00109fe8	CONDITIONAL_JUMP	0
0x0010a003	0x001e8b54	READ	1
0x0010a00f	0x00109c74	CONDITIONAL_JUMP	0
0x0010a015	0x0010a04c	UNCONDITIONAL_JUMP	0
0x0010a01c	0x00109c74	CONDITIONAL_JUMP	0
0x0010a022	0x001daa09	DATA	0
0x0010a027	0x0010c0d8	UNCONDITIONAL_CALL	0
0x0010a02f	0x00109c74	UNCONDITIONAL_JUMP	0
0x0010a038	0x001e875c	READ	1
0x0010a048	0x0010a060	UNCONDITIONAL_JUMP	0
0x0010a056	0x0010a060	UNCONDITIONAL_JUMP	0
0x0010a05d	0xStack[-0x48]	READ	1
0x0010a060	0xStack[-0x54]	DATA	0
0x0010a070	0xStack[0x4]	READ	1
0x0010a077	0x001668a4	UNCONDITIONAL_CALL	0
0x0010a088	0x0010ab38	UNCONDITIONAL_CALL	0
0x0010a08d	0xStack[-0x8]	READ	1
0x0010a09d	0x001e8758	READ	1
0x0010a0a4	0x001e8750	READ	0
0x0010a0ab	0x0010a0ba	CONDITIONAL_JUMP	0
0x0010a0ad	0x001daa10	DATA	0
0x0010a0b2	0x0010ca6c	UNCONDITIONAL_CALL	0
0x0010a0c4	0x0010a0c2	CONDITIONAL_JUMP	0
0x0010a0d2	0x0010a0c0	CONDITIONAL_JUMP	0
0x0010a0d4	0x0010a12c	UNCONDITIONAL_JUMP	0
0x0010a0e5	0x0010a0fd	CONDITIONAL_JUMP	0
0x0010a0e7	0x001e8b54	READ	1
0x0010a0ee	0x0010a348	CONDITIONAL_JUMP	0
0x0010a0f5	0x001679a8	UNCONDITIONAL_CALL	0
0x0010a0fd	0x00165328	UNCONDITIONAL_CALL	0
0x0010a102	0x001e8b54	READ	1
0x0010a10e	0x0010a348	CONDITIONAL_JUMP	0
0x0010a11c	0x0010a11a	CONDITIONAL_JUMP	0
0x0010a12a	0x0010a118	CONDITIONAL_JUMP	0
0x0010a130	0x0010a0d8	CONDITIONAL_JUMP	0
0x0010a136	0x0010a0d8	CONDITIONAL_JUMP	0
0x0010a148	0x0010a2bc	CONDITIONAL_JUMP	0
0x0010a154	0x0010a167	CONDITIONAL_JUMP	0
0x0010a156	0x001e875c	READ	1
0x0010a161	0x0010a2bc	CONDITIONAL_JUMP	0
0x0010a167	0x001e875c	READ	1
0x0010a170	0x0010a177	CONDITIONAL_JUMP	0
0x0010a172	0x0010ab14	UNCONDITIONAL_CALL	0
0x0010a177	0x001e8758	READ	1
0x0010a180	0xStack[-0xc]	WRITE	0
0x0010a185	0x0010a250	CONDITIONAL_JUMP	0
0x0010a18e	0x0010a195	CONDITIONAL_JUMP	0
0x0010a193	0x0010a1a4	CONDITIONAL_JUMP	0
0x0010a195	0x001daa23	DATA	0
0x0010a19c	0x0010c1c0	UNCONDITIONAL_CALL	0
0x0010a1a4	0x001e875c	READ	1
0x0010a1ad	0x0018c0d8	UNCONDITIONAL_CALL	0
0x0010a1b6	0x0010a1d6	CONDITIONAL_JUMP	0
0x0010a1be	0x0010a1d4	CONDITIONAL_JUMP	0
0x0010a1c0	0x001e8758	READ	1
0x0010a1dc	0x0010a1f4	CONDITIONAL_JUMP	0
0x0010a1de	0x001e8758	READ	1
0x0010a1e9	0xStack[-0x8]	WRITE	0
0x0010a1f2	0x0010a1fa	UNCONDITIONAL_JUMP	0
0x0010a1f7	0xStack[-0x8]	WRITE	0
0x0010a1fa	0x001e8758	READ	1
0x0010a21b	0x0010a226	CONDITIONAL_JUMP	0
0x0010a21d	0x001e875c	READ	1
0x0010a22b	0x0018b60c	UNCONDITIONAL_CALL	0
0x0010a230	0x001e8758	READ	1
0x0010a23b	0xStack[-0x8]	READ	1
0x0010a240	0xStack[-0xc]	READ	1
0x0010a244	0x001934ec	UNCONDITIONAL_CALL	0
0x0010a249	0x0010a348	UNCONDITIONAL_JUMP	0
0x0010a25d	0x0010a310	CONDITIONAL_JUMP	0
0x0010a263	0x0010a2c8	COMPUTED_JUMP	-1
0x0010a263	0x0010a310	COMPUTED_JUMP	-1
0x0010a263	0x0010a2bc	COMPUTED_JUMP	-1
0x0010a263	0x0010a26c	DATA	0
0x0010a26c	0x0010a2c8	DATA	0
0x0010a270	0x0010a2c8	DATA	0
0x0010a274	0x0010a2c8	DATA	0
0x0010a278	0x0010a2c8	DATA	0
0x0010a27c	0x0010a2c8	DATA	0
0x0010a280	0x0010a2c8	DATA	0
0x0010a284	0x0010a310	DATA	0
0x0010a288	0x0010a2c8	DATA	0
0x0010a28c	0x0010a2c8	DATA	0
0x0010a290	0x0010a2c8	DATA	0
0x0010a294	0x0010a310	DATA	0
0x0010a298	0x0010a310	DATA	0
0x0010a29c	0x0010a310	DATA	0
0x0010a2a0	0x0010a310	DATA	0
0x0010a2a4	0x0010a2bc	DATA	0
0x0010a2a8	0x0010a2bc	DATA	0
0x0010a2ac	0x0010a310	DATA	0
0x0010a2b0	0x0010a310	DATA	0
0x0010a2b4	0x0010a2bc	DATA	0
0x0010a2b8	0x0010a2bc	DATA	0
0x0010a2c1	0x0010a348	UNCONDITIONAL_JUMP	0
0x0010a2c8	0x001e875c	READ	1
0x0010a2d0	0x001e8b54	READ	1
0x0010a2de	0x001e8b54	READ	1
0x0010a2e7	0x00166094	UNCONDITIONAL_CALL	0
0x0010a2ee	0x001e8b54	READ	1
0x0010a2f7	0x0016610c	UNCONDITIONAL_CALL	0
0x0010a2ff	0x00103824	UNCONDITIONAL_CALL	0
0x0010a306	0x0010a33f	CONDITIONAL_JUMP	0
0x0010a30e	0x0010a33f	UNCONDITIONAL_JUMP	0
0x0010a310	0x001e8b54	READ	1
0x0010a31e	0x001e8b54	READ	1
0x0010a327	0x00166094	UNCONDITIONAL_CALL	0
0x0010a32e	0x001e8b54	READ	1
0x0010a337	0x0016610c	UNCONDITIONAL_CALL	0
0x0010a340	0x00105ad8	UNCONDITIONAL_CALL	0
0x0010a348	0xStack[-0x18]	DATA	0
0x0010a357	0x001e875c	READ	1
0x0010a364	0x001e8758	READ	1
0x0010a36f	0x00189cec	UNCONDITIONAL_CALL	0
0x0010a376	0x001e875c	READ	1
0x0010a38a	0xStack[0x10]	READ	1
0x0010a38f	0xStack[0x8]	READ	0
0x0010a393	0x0010a43c	CONDITIONAL_JUMP	0
0x0010a39d	0x0010a43c	CONDITIONAL_JUMP	0
0x0010a3aa	0x0010a3b8	CONDITIONAL_JUMP	0
0x0010a3b4	0x0010a38f	UNCONDITIONAL_JUMP	0
0x0010a3b8	0xStack[0x8]	READ	0
0x0010a3bb	0x0010a3c0	CONDITIONAL_JUMP	0
0x0010a3bd	0xStack[0x8]	READ	1
0x0010a3c6	0x0010a404	CONDITIONAL_JUMP	0
0x0010a3c8	0x0010a3d0	CONDITIONAL_JUMP	0
0x0010a3cc	0x0010a3d5	CONDITIONAL_JUMP	0
0x0010a3ce	0x0010a424	UNCONDITIONAL_JUMP	0
0x0010a3d3	0x0010a424	CONDITIONAL_JUMP	0
0x0010a3d5	0xStack[0xc]	READ	0
0x0010a3d9	0x0010a3ec	CONDITIONAL_JUMP	0
0x0010a3df	0xStack[0x4]	READ	1
0x0010a3e3	0x00189cec	UNCONDITIONAL_CALL	0
0x0010a3e8	0x0010a3f9	UNCONDITIONAL_JUMP	0
0x0010a3ed	0xStack[0x4]	READ	1
0x0010a3f4	0x00189a5c	UNCONDITIONAL_CALL	0
0x0010a3fe	0x0010a424	CONDITIONAL_JUMP	0
0x0010a400	0x0010a43c	UNCONDITIONAL_JUMP	0
0x0010a404	0xStack[0xc]	READ	0
0x0010a408	0x0010a414	CONDITIONAL_JUMP	0
0x0010a40e	0xStack[0x4]	READ	1
0x0010a411	0x0010a41b	UNCONDITIONAL_JUMP	0
0x0010a415	0xStack[0x4]	READ	1
0x0010a41c	0x00189c1c	UNCONDITIONAL_CALL	0
0x0010a42f	0xStack[0x4]	READ_WRITE	0
0x0010a432	0xStack[0x8]	READ_WRITE	0
0x0010a435	0x0010a38f	UNCONDITIONAL_JUMP	0
0x0010a43c	0xStack[-0x10]	DATA	0
0x0010a44e	0xStack[0x4]	READ	1
0x0010a451	0xStack[0x8]	READ	1
0x0010a458	0x0010a467	CONDITIONAL_JUMP	0
0x0010a45a	0x001daa4e	DATA	0
0x0010a45f	0x0010ca6c	UNCONDITIONAL_CALL	0
0x0010a46d	0x0010a475	CONDITIONAL_JUMP	0
0x0010a473	0x0010a480	CONDITIONAL_JUMP	0
0x0010a47b	0x0010a454	UNCONDITIONAL_JUMP	0
0x0010a486	0x0010a4a4	CONDITIONAL_JUMP	0
0x0010a488	0x0010a490	CONDITIONAL_JUMP	0
0x0010a48c	0x0010a498	CONDITIONAL_JUMP	0
0x0010a48e	0x0010a4c0	UNCONDITIONAL_JUMP	0
0x0010a493	0x0010a4ac	CONDITIONAL_JUMP	0
0x0010a495	0x0010a4c0	UNCONDITIONAL_JUMP	0
0x0010a49c	0x0018a288	UNCONDITIONAL_CALL	0
0x0010a4a1	0x0010a4b5	UNCONDITIONAL_JUMP	0
0x0010a4aa	0x0010a4c0	UNCONDITIONAL_JUMP	0
0x0010a4b0	0x0018a2cc	UNCONDITIONAL_CALL	0
0x0010a4b7	0x0010a4c0	CONDITIONAL_JUMP	0
0x0010a4be	0x0010a4cd	UNCONDITIONAL_JUMP	0
0x0010a4cd	0xStack[-0x10]	DATA	0
0x0010a4de	0xStack[0x4]	READ	1
0x0010a4e5	0x0010a578	CONDITIONAL_JUMP	0
0x0010a4ef	0x0010a4fe	CONDITIONAL_JUMP	0
0x0010a4f1	0x001daa55	DATA	0
0x0010a4f6	0x0010ca6c	UNCONDITIONAL_CALL	0
0x0010a504	0x0010a51c	CONDITIONAL_JUMP	0
0x0010a517	0x0010a4eb	CONDITIONAL_JUMP	0
0x0010a519	0x0010a578	UNCONDITIONAL_JUMP	0
0x0010a522	0x0010a540	CONDITIONAL_JUMP	0
0x0010a524	0x0010a52c	CONDITIONAL_JUMP	0
0x0010a528	0x0010a534	CONDITIONAL_JUMP	0
0x0010a52a	0x0010a554	UNCONDITIONAL_JUMP	0
0x0010a52f	0x0010a548	CONDITIONAL_JUMP	0
0x0010a531	0x0010a554	UNCONDITIONAL_JUMP	0
0x0010a537	0x0018a1c4	UNCONDITIONAL_CALL	0
0x0010a53e	0x0010a560	UNCONDITIONAL_JUMP	0
0x0010a545	0x0010a560	UNCONDITIONAL_JUMP	0
0x0010a54b	0x0018a204	UNCONDITIONAL_CALL	0
0x0010a552	0x0010a560	UNCONDITIONAL_JUMP	0
0x0010a556	0x001daa5d	DATA	0
0x0010a55b	0x0010ca6c	UNCONDITIONAL_CALL	0
0x0010a562	0x0010a578	CONDITIONAL_JUMP	0
0x0010a574	0x0010a57d	UNCONDITIONAL_JUMP	0
0x0010a57d	0xStack[-0x10]	DATA	0
0x0010a58e	0xStack[0x8]	READ	1
0x0010a591	0x001e8758	READ	1
0x0010a598	0x0018c0d8	UNCONDITIONAL_CALL	0
0x0010a5a1	0x0010a5ab	CONDITIONAL_JUMP	0
0x0010a5b7	0xStack[0x4]	READ	1
0x0010a5bb	0x00162f20	UNCONDITIONAL_CALL	0
0x0010a5c6	0x0010a6a0	CONDITIONAL_JUMP	0
0x0010a5ce	0x0010a62c	CONDITIONAL_JUMP	0
0x0010a5d0	0x001e8b54	READ	1
0x0010a5dc	0x0010a60c	CONDITIONAL_JUMP	0
0x0010a5ea	0x0010a62c	CONDITIONAL_JUMP	0
0x0010a5f0	0x0010a5fe	CONDITIONAL_JUMP	0
0x0010a5fc	0x0010a62c	CONDITIONAL_JUMP	0
0x0010a600	0x00109bd4	UNCONDITIONAL_CALL	0
0x0010a60a	0x0010a62c	CONDITIONAL_JUMP	0
0x0010a610	0x001e8b54	READ	1
0x0010a617	0x0016303c	UNCONDITIONAL_CALL	0
0x0010a61c	0x0018b60c	UNCONDITIONAL_CALL	0
0x0010a624	0x0010a6dc	UNCONDITIONAL_JUMP	0
0x0010a62c	0x0018b60c	UNCONDITIONAL_CALL	0
0x0010a631	0x001e8758	READ	1
0x0010a63c	0x001e8750	READ	0
0x0010a643	0x0010a652	CONDITIONAL_JUMP	0
0x0010a645	0x001daa77	DATA	0
0x0010a64a	0x0010c0d8	UNCONDITIONAL_CALL	0
0x0010a654	0x00163a18	UNCONDITIONAL_CALL	0
0x0010a65e	0x0010a6d0	CONDITIONAL_JUMP	0
0x0010a660	0x001e8b54	READ	1
0x0010a66c	0x0010a6dc	CONDITIONAL_JUMP	0
0x0010a67a	0x0010a6d0	CONDITIONAL_JUMP	0
0x0010a680	0x0010a68e	CONDITIONAL_JUMP	0
0x0010a68c	0x0010a6d0	CONDITIONAL_JUMP	0
0x0010a690	0x00109bd4	UNCONDITIONAL_CALL	0
0x0010a69a	0x0010a6dc	CONDITIONAL_JUMP	0
0x0010a69c	0x0010a6d0	UNCONDITIONAL_JUMP	0
0x0010a6a0	0x0018b60c	UNCONDITIONAL_CALL	0
0x0010a6a5	0x001e8758	READ	1
0x0010a6b0	0x001e8750	READ	0
0x0010a6b7	0x0010a6c6	CONDITIONAL_JUMP	0
0x0010a6b9	0x001daa8e	DATA	0
0x0010a6be	0x0010c0d8	UNCONDITIONAL_CALL	0
0x0010a6c8	0x00163a18	UNCONDITIONAL_CALL	0
0x0010a6d1	0x0018c1a8	UNCONDITIONAL_CALL	0
0x0010a6d8	0x0010a6fc	UNCONDITIONAL_JUMP	0
0x0010a6e2	0x0010a6ec	CONDITIONAL_JUMP	0
0x0010a6e9	0x0010a6fc	UNCONDITIONAL_JUMP	0
0x0010a6ec	0x001e875c	READ	1
0x0010a6f5	0x00186fb0	UNCONDITIONAL_CALL	0
0x0010a6fc	0xStack[-0x10]	DATA	0
0x0010a711	0xStack[0x8]	READ	1
0x0010a714	0xStack[0xc]	READ	1
0x0010a717	0x001e8758	READ	1
0x0010a71e	0x0018c0d8	UNCONDITIONAL_CALL	0
0x0010a723	0xStack[-0x8]	WRITE	0
0x0010a728	0x0010a732	CONDITIONAL_JUMP	0
0x0010a73e	0xStack[0x4]	READ	1
0x0010a742	0x00162f20	UNCONDITIONAL_CALL	0
0x0010a74d	0x0010a824	CONDITIONAL_JUMP	0
0x0010a755	0x0010a7b0	CONDITIONAL_JUMP	0
0x0010a757	0x001e8b54	READ	1
0x0010a763	0x0010a793	CONDITIONAL_JUMP	0
0x0010a771	0x0010a7b0	CONDITIONAL_JUMP	0
0x0010a777	0x0010a785	CONDITIONAL_JUMP	0
0x0010a783	0x0010a7b0	CONDITIONAL_JUMP	0
0x0010a787	0x00109bd4	UNCONDITIONAL_CALL	0
0x0010a791	0x0010a7b0	CONDITIONAL_JUMP	0
0x0010a797	0x001e8b54	READ	1
0x0010a79e	0x0016303c	UNCONDITIONAL_CALL	0
0x0010a7a3	0x0018b60c	UNCONDITIONAL_CALL	0
0x0010a7ab	0x0010a860	UNCONDITIONAL_JUMP	0
0x0010a7b0	0x0018b60c	UNCONDITIONAL_CALL	0
0x0010a7b5	0x001e8758	READ	1
0x0010a7c0	0x001e8750	READ	0
0x0010a7c7	0x0010a7d6	CONDITIONAL_JUMP	0
0x0010a7c9	0x001daa77	DATA	0
0x0010a7ce	0x0010c0d8	UNCONDITIONAL_CALL	0
0x0010a7d7	0x00163a18	UNCONDITIONAL_CALL	0
0x0010a7e1	0x0010a853	CONDITIONAL_JUMP	0
0x0010a7e3	0x001e8b54	READ	1
0x0010a7ef	0x0010a860	CONDITIONAL_JUMP	0
0x0010a7fd	0x0010a853	CONDITIONAL_JUMP	0
0x0010a803	0x0010a811	CONDITIONAL_JUMP	0
0x0010a80f	0x0010a853	CONDITIONAL_JUMP	0
0x0010a813	0x00109bd4	UNCONDITIONAL_CALL	0
0x0010a81d	0x0010a860	CONDITIONAL_JUMP	0
0x0010a81f	0x0010a853	UNCONDITIONAL_JUMP	0
0x0010a824	0x0018b60c	UNCONDITIONAL_CALL	0
0x0010a829	0x001e8758	READ	1
0x0010a834	0x001e8750	READ	0
0x0010a83b	0x0010a84a	CONDITIONAL_JUMP	0
0x0010a83d	0x001daa8e	DATA	0
0x0010a842	0x0010c0d8	UNCONDITIONAL_CALL	0
0x0010a84b	0x00163a18	UNCONDITIONAL_CALL	0
0x0010a853	0xStack[-0x8]	READ	1
0x0010a857	0x0018c1a8	UNCONDITIONAL_CALL	0
0x0010a85e	0x0010a88c	UNCONDITIONAL_JUMP	0
0x0010a862	0x0010a86d	CONDITIONAL_JUMP	0
0x0010a865	0x0018d4e0	UNCONDITIONAL_CALL	0
0x0010a873	0x0010a87c	CONDITIONAL_JUMP	0
0x0010a87a	0x0010a88c	UNCONDITIONAL_JUMP	0
0x0010a87c	0x001e875c	READ	1
0x0010a885	0x00186fb0	UNCONDITIONAL_CALL	0
0x0010a88c	0xStack[-0x14]	DATA	0
0x0010a8a1	0xStack[0x8]	READ	1
0x0010a8a4	0xStack[0x10]	READ	1
0x0010a8a7	0x001e8758	READ	1
0x0010a8ae	0x0018c0d8	UNCONDITIONAL_CALL	0
0x0010a8b3	0xStack[-0x8]	WRITE	0
0x0010a8b8	0x0010a8c2	CONDITIONAL_JUMP	0
0x0010a8ce	0xStack[0x4]	READ	1
0x0010a8d2	0x00162f20	UNCONDITIONAL_CALL	0
0x0010a8dd	0x0010a9d0	CONDITIONAL_JUMP	0
0x0010a8e5	0x0010a940	CONDITIONAL_JUMP	0
0x0010a8e7	0x001e8b54	READ	1
0x0010a8f3	0x0010a923	CONDITIONAL_JUMP	0
0x0010a901	0x0010a940	CONDITIONAL_JUMP	0
0x0010a907	0x0010a915	CONDITIONAL_JUMP	0
0x0010a913	0x0010a940	CONDITIONAL_JUMP	0
0x0010a917	0x00109bd4	UNCONDITIONAL_CALL	0
0x0010a921	0x0010a940	CONDITIONAL_JUMP	0
0x0010a927	0x001e8b54	READ	1
0x0010a92e	0x0016303c	UNCONDITIONAL_CALL	0
0x0010a933	0x0018b60c	UNCONDITIONAL_CALL	0
0x0010a93b	0x0010aa24	UNCONDITIONAL_JUMP	0
0x0010a942	0x0010a953	CONDITIONAL_JUMP	0
0x0010a945	0x00103698	UNCONDITIONAL_CALL	0
0x0010a94b	0x00162e7c	UNCONDITIONAL_CALL	0
0x0010a953	0x0018b60c	UNCONDITIONAL_CALL	0
0x0010a958	0x001e8758	READ	1
0x0010a963	0x001e8750	READ	0
0x0010a96a	0x0010a979	CONDITIONAL_JUMP	0
0x0010a96c	0x001daa77	DATA	0
0x0010a971	0x0010c0d8	UNCONDITIONAL_CALL	0
0x0010a979	0xStack[0xc]	READ	1
0x0010a97d	0x00163a18	UNCONDITIONAL_CALL	0
0x0010a987	0x0010aa15	CONDITIONAL_JUMP	0
0x0010a98d	0x001e8b54	READ	1
0x0010a999	0x0010aa24	CONDITIONAL_JUMP	0
0x0010a9ab	0x0010aa15	CONDITIONAL_JUMP	0
0x0010a9b1	0x0010a9bf	CONDITIONAL_JUMP	0
0x0010a9bd	0x0010aa15	CONDITIONAL_JUMP	0
0x0010a9c1	0x00109bd4	UNCONDITIONAL_CALL	0
0x0010a9cb	0x0010aa24	CONDITIONAL_JUMP	0
0x0010a9cd	0x0010aa15	UNCONDITIONAL_JUMP	0
0x0010a9d2	0x0010a9e3	CONDITIONAL_JUMP	0
0x0010a9d5	0x00103698	UNCONDITIONAL_CALL	0
0x0010a9db	0x00162e7c	UNCONDITIONAL_CALL	0
0x0010a9e3	0x0018b60c	UNCONDITIONAL_CALL	0
0x0010a9e8	0x001e8758	READ	1
0x0010a9f3	0x001e8750	READ	0
0x0010a9fa	0x0010aa09	CONDITIONAL_JUMP	0
0x0010a9fc	0x001daa8e	DATA	0
0x0010aa01	0x0010c0d8	UNCONDITIONAL_CALL	0
0x0010aa09	0xStack[0xc]	READ	1
0x0010aa0d	0x00163a18	UNCONDITIONAL_CALL	0
0x0010aa15	0xStack[-0x8]	READ	1
0x0010aa19	0x0018c1a8	UNCONDITIONAL_CALL	0
0x0010aa20	0x0010aa58	UNCONDITIONAL_JUMP	0
0x0010aa24	0xStack[0xc]	READ	0
0x0010aa28	0x0010aa36	CONDITIONAL_JUMP	0
0x0010aa2a	0xStack[0xc]	READ	1
0x0010aa2e	0x0018d4e0	UNCONDITIONAL_CALL	0
0x0010aa3c	0x0010aa48	CONDITIONAL_JUMP	0
0x0010aa43	0x0010aa58	UNCONDITIONAL_JUMP	0
0x0010aa48	0x001e875c	READ	1
0x0010aa51	0x00186fb0	UNCONDITIONAL_CALL	0
0x0010aa58	0xStack[-0x14]	DATA	0
0x0010aa6a	0xStack[-0x40]	WRITE	0
0x0010aa71	0x001e875c	READ	1
0x0010aa7c	0x0010aaa1	CONDITIONAL_JUMP	0
0x0010aa83	0xStack[0x14]	READ	1
0x0010aa87	0xStack[0x10]	READ	1
0x0010aa8b	0x001e8758	READ	1
0x0010aa94	0x001daaa5	DATA	0
0x0010aa99	0x0010c100	UNCONDITIONAL_CALL	0
0x0010aaa3	0xStack[-0x3c]	DATA	0
0x0010aaa7	0x001e875c	READ	1
0x0010aab0	0x001013cc	UNCONDITIONAL_CALL	0
0x0010aab5	0x001e875c	READ	1
0x0010aabe	0x00186f88	UNCONDITIONAL_CALL	0
0x0010aac8	0x0010aadc	CONDITIONAL_JUMP	0
0x0010aaca	0xStack[0xc]	READ	1
0x0010aace	0xStack[0x8]	READ	1
0x0010aad2	0xStack[0x4]	READ	1
0x0010aada	0x0010aae3	UNCONDITIONAL_JUMP	0
0x0010aadc	0xStack[-0x40]	WRITE	0
0x0010aae5	0x001e875c	READ	1
0x0010aaee	0xStack[-0x3c]	DATA	0
0x0010aaf2	0x001013cc	UNCONDITIONAL_CALL	0
0x0010aaf7	0x001e875c	READ	1
0x0010ab03	0x0010ab0a	CONDITIONAL_JUMP	0
0x0010ab05	0x0010ab14	UNCONDITIONAL_CALL	0
0x0010ab0a	0xStack[-0x40]	READ	1
0x0010ab17	0x001e875c	READ	1
0x0010ab20	0x001e8758	READ	1
0x0010ab29	0x001daabf	DATA	0
0x0010ab2e	0x0010c100	UNCONDITIONAL_CALL	0
0x0010ab3d	0xStack[0x4]	READ	1
0x0010ab40	0x0018c0d8	UNCONDITIONAL_CALL	0
0x0010ab4c	0x001631a0	UNCONDITIONAL_CALL	0
0x0010ab52	0x0018b544	UNCONDITIONAL_CALL	0
0x0010ab57	0xStack[-0xc]	DATA	0
0x0010ab65	0xStack[0x4]	READ	1
0x0010ab68	0x0018c0d8	UNCONDITIONAL_CALL	0
0x0010ab74	0x001631a0	UNCONDITIONAL_CALL	0
0x0010ab7a	0x0018b544	UNCONDITIONAL_CALL	0
0x0010ab7f	0xStack[-0xc]	DATA	0
0x0010ab8b	0x001e9500	DATA	1
0x0010ab92	0x001e95f8	DATA	1
0x0010ab98	0x001e9504	WRITE	0
0x0010ab98	0x001e9500	DATA	1
0x0010ab98	0x001e950c	WRITE	0
0x0010ab98	0x001e9508	DATA	1
0x0010ab9e	0x001e9500	WRITE	0
0x0010ab9e	0x001e9508	WRITE	0
0x0010aba0	0x001e9510	DATA	0
0x0010aba8	0x0010ab98	CONDITIONAL_JUMP	0
0x0010abb8	0x001e875c	READ	1
0x0010abc3	0x0010abe3	CONDITIONAL_JUMP	0
0x0010abc5	0xStack[-0xc]	DATA	0
0x0010abc9	0x00160844	UNCONDITIONAL_CALL	0
0x0010abd4	0x00189cec	UNCONDITIONAL_CALL	0
0x0010abdb	0x001e875c	READ	1
0x0010abe3	0xStack[-0x14]	DATA	0
0x0010abf3	0x001e875c	READ	1
0x0010abff	0x0010ac2b	CONDITIONAL_JUMP	0
0x0010ac03	0xStack[-0xc]	DATA	0
0x0010ac08	0x00189a5c	UNCONDITIONAL_CALL	0
0x0010ac0f	0x001e875c	READ	1
0x0010ac17	0x001e875c	READ	1
0x0010ac23	0x0010ac2b	CONDITIONAL_JUMP	0
0x0010ac26	0x0010ac34	UNCONDITIONAL_CALL	0
0x0010ac2b	0xStack[-0x10]	READ	1
0x0010ac3d	0xStack[0x4]	READ	1
0x0010ac40	0x00108310	UNCONDITIONAL_CALL	0
0x0010ac47	0x0010ac7a	CONDITIONAL_JUMP	0
0x0010ac49	0xStack[-0xc]	DATA	0
0x0010ac4d	0x0010ac84	UNCONDITIONAL_CALL	0
0x0010ac54	0xStack[-0xc]	READ	1
0x0010ac57	0x001e97a8	READ_WRITE	0
0x0010ac5d	0x001e97ac	WRITE	0
0x0010ac6e	0x001e97b4	READ	1
0x0010ac75	0x0015beec	UNCONDITIONAL_CALL	0
0x0010ac7a	0xStack[-0x18]	DATA	0
0x0010ac8a	0xStack[0x4]	READ	1
0x0010ac8d	0x001dee50	READ	1
0x0010aca2	0x0010ac94	CONDITIONAL_JUMP	0
0x0010aca9	0xStack[-0x10]	DATA	0
0x0010acbd	0x001e875c	READ	1
0x0010acc6	0x00108310	UNCONDITIONAL_CALL	0
0x0010accd	0x0010ad31	CONDITIONAL_JUMP	0
0x0010acd1	0xStack[-0xc]	DATA	0
0x0010acd8	0x00189a5c	UNCONDITIONAL_CALL	0
0x0010acdd	0x001e875c	READ	1
0x0010ace6	0x001e875c	READ	1
0x0010acf3	0x0010ad31	CONDITIONAL_JUMP	0
0x0010acf5	0xStack[-0xc]	READ	1
0x0010acf8	0xStack[-0x8]	READ	1
0x0010acfb	0xStack[-0x14]	DATA	0
0x0010ad01	0x001e97b4	READ	1
0x0010ad08	0x0015bf58	UNCONDITIONAL_CALL	0
0x0010ad14	0x0010ad31	CONDITIONAL_JUMP	0
0x0010ad16	0xStack[-0x14]	READ	1
0x0010ad19	0xStack[-0x1c]	WRITE	0
0x0010ad1c	0xStack[-0x10]	READ	1
0x0010ad1f	0xStack[-0x18]	WRITE	0
0x0010ad28	0xStack[-0x1c]	DATA	0
0x0010ad2c	0x00189cec	UNCONDITIONAL_CALL	0
0x0010ad31	0xStack[-0x28]	DATA	0
0x0010ad45	0xStack[0x4]	READ	1
0x0010ad4e	0x0010ad54	CONDITIONAL_JUMP	0
0x0010ad52	0x0010ad68	CONDITIONAL_JUMP	0
0x0010ad54	0x001daad6	DATA	0
0x0010ad59	0x0010c0d8	UNCONDITIONAL_CALL	0
0x0010ad61	0x0010ae97	UNCONDITIONAL_JUMP	0
0x0010ad68	0xStack[-0xc]	DATA	0
0x0010ad6c	0x00160844	UNCONDITIONAL_CALL	0
0x0010ad71	0xStack[-0xc]	READ	1
0x0010ad74	0x001e97a8	WRITE	0
0x0010ad7a	0x001e97ac	WRITE	0
0x0010ad84	0x001e97a8	READ	1
0x0010ad93	0x0010ad97	CONDITIONAL_JUMP	0
0x0010ad9c	0x0010ada6	CONDITIONAL_JUMP	0
0x0010ada0	0x0010aea1	CONDITIONAL_JUMP	0
0x0010adac	0x0010ae04	CONDITIONAL_JUMP	0
0x0010adae	0x001dab00	DATA	0
0x0010adb3	0x0010c0d8	UNCONDITIONAL_CALL	0
0x0010adb8	0xStack[-0xc]	WRITE	0
0x0010adbb	0xStack[-0x8]	WRITE	0
0x0010adc5	0x00108310	UNCONDITIONAL_CALL	0
0x0010adcc	0x0010ae6a	CONDITIONAL_JUMP	0
0x0010add2	0xStack[-0x14]	DATA	0
0x0010add6	0x0010ac84	UNCONDITIONAL_CALL	0
0x0010addb	0xStack[-0xc]	READ	1
0x0010ade0	0xStack[-0x14]	READ	1
0x0010ade3	0x001e97a8	READ_WRITE	0
0x0010ade9	0x001e97ac	WRITE	0
0x0010adf3	0xStack[-0x24]	WRITE	0
0x0010adf6	0xStack[-0x8]	READ	1
0x0010adf9	0xStack[-0x20]	WRITE	0
0x0010adfc	0xStack[-0x20]	READ	0
0x0010adff	0xStack[-0x24]	READ	0
0x0010ae02	0x0010ae5b	UNCONDITIONAL_JUMP	0
0x0010ae09	0x0010ae80	CONDITIONAL_JUMP	0
0x0010ae0b	0x001dab20	DATA	0
0x0010ae10	0x0010c0d8	UNCONDITIONAL_CALL	0
0x0010ae15	0xStack[-0xc]	WRITE	0
0x0010ae18	0xStack[-0x8]	WRITE	0
0x0010ae22	0x00108310	UNCONDITIONAL_CALL	0
0x0010ae29	0x0010ae6a	CONDITIONAL_JUMP	0
0x0010ae2b	0xStack[-0x14]	DATA	0
0x0010ae2f	0x0010ac84	UNCONDITIONAL_CALL	0
0x0010ae34	0xStack[-0xc]	READ	1
0x0010ae39	0xStack[-0x14]	READ	1
0x0010ae3c	0x001e97a8	READ_WRITE	0
0x0010ae42	0x001e97ac	WRITE	0
0x0010ae4c	0xStack[-0x1c]	WRITE	0
0x0010ae4f	0xStack[-0x8]	READ	1
0x0010ae52	0xStack[-0x18]	WRITE	0
0x0010ae55	0xStack[-0x18]	READ	0
0x0010ae58	0xStack[-0x1c]	READ	0
0x0010ae5b	0x001e97b4	READ	1
0x0010ae62	0x0015beec	UNCONDITIONAL_CALL	0
0x0010ae6a	0xStack[-0xc]	READ	1
0x0010ae6d	0xStack[-0x8]	READ	1
0x0010ae70	0x001e97a8	WRITE	0
0x0010ae76	0x001e97ac	WRITE	0
0x0010ae7c	0x0010ae97	UNCONDITIONAL_JUMP	0
0x0010ae8a	0x001dab4e	DATA	0
0x0010ae8f	0x0010c0d8	UNCONDITIONAL_CALL	0
0x0010ae97	0x001dab6a	DATA	0
0x0010ae9c	0x0010c0d8	UNCONDITIONAL_CALL	0
0x0010aea1	0xStack[-0x30]	DATA	0
0x0010aeb5	0x001e875c	READ	1
0x0010aebd	0xStack[-0x20]	WRITE	0
0x0010aec3	0x0010aed0	CONDITIONAL_JUMP	0
0x0010aec9	0x0010afba	UNCONDITIONAL_JUMP	0
0x0010aed0	0x0018bf38	UNCONDITIONAL_CALL	0
0x0010aed5	0xStack[-0x24]	WRITE	0
0x0010aed8	0xStack[-0x20]	READ	1
0x0010aedf	0x0010af68	CONDITIONAL_JUMP	0
0x0010aee5	0x001dee50	READ	1
0x0010aef3	0xStack[-0x28]	WRITE	0
0x0010aef6	0xStack[-0x28]	READ	1
0x0010aefc	0xStack[-0x2c]	WRITE	0
0x0010af01	0x0010aeec	CONDITIONAL_JUMP	0
0x0010af03	0xStack[-0x1c]	WRITE	0
0x0010af06	0xStack[-0x18]	WRITE	0
0x0010af09	0x001e8758	READ	1
0x0010af13	0xStack[-0x14]	WRITE	0
0x0010af19	0xStack[-0x10]	WRITE	0
0x0010af1f	0xStack[-0xc]	WRITE	0
0x0010af25	0xStack[-0x8]	WRITE	0
0x0010af28	0xStack[-0xc]	READ	1
0x0010af2d	0x0010af35	CONDITIONAL_JUMP	0
0x0010af2f	0xStack[-0x8]	READ	0
0x0010af33	0x0010af95	CONDITIONAL_JUMP	0
0x0010af35	0xStack[-0x2c]	READ	0
0x0010af38	0x0010af44	CONDITIONAL_JUMP	0
0x0010af3a	0x0010af54	CONDITIONAL_JUMP	0
0x0010af3c	0xStack[-0x28]	READ	1
0x0010af3f	0xStack[-0x8]	READ	0
0x0010af42	0x0010af54	CONDITIONAL_JUMP	0
0x0010af44	0xStack[-0x8]	WRITE	0
0x0010af4b	0xStack[-0xc]	WRITE	0
0x0010af52	0x0010af95	UNCONDITIONAL_JUMP	0
0x0010af54	0xStack[-0x1c]	DATA	0
0x0010af58	0xStack[-0xc]	DATA	0
0x0010af5c	0x0010b418	UNCONDITIONAL_CALL	0
0x0010af64	0x0010af95	UNCONDITIONAL_JUMP	0
0x0010af6b	0x001e8758	READ	1
0x0010af77	0xStack[-0x14]	WRITE	0
0x0010af80	0xStack[-0x10]	WRITE	0
0x0010af89	0xStack[-0xc]	WRITE	0
0x0010af92	0xStack[-0x8]	WRITE	0
0x0010af95	0xStack[-0x24]	READ	1
0x0010af99	0x0018b544	UNCONDITIONAL_CALL	0
0x0010afa0	0xStack[-0x20]	READ	1
0x0010afa7	0xStack[-0x14]	DATA	0
0x0010afab	0x00189cec	UNCONDITIONAL_CALL	0
0x0010afb2	0x001e875c	READ	1
0x0010afba	0xStack[-0x38]	DATA	0
0x0010afcd	0x001e875c	READ	1
0x0010afd6	0xStack[-0x38]	WRITE	0
0x0010afd9	0x001e8758	READ	1
0x0010afe0	0xStack[-0x40]	WRITE	0
0x0010afe6	0x0010aff4	CONDITIONAL_JUMP	0
0x0010afec	0x0010b243	UNCONDITIONAL_JUMP	0
0x0010aff4	0xStack[-0x38]	READ	1
0x0010affa	0xStack[-0x3c]	WRITE	0
0x0010affd	0xStack[-0x38]	READ	1
0x0010b005	0x0010b119	CONDITIONAL_JUMP	0
0x0010b00e	0x001e875c	READ	1
0x0010b016	0xStack[-0x44]	WRITE	0
0x0010b01c	0x0010b028	CONDITIONAL_JUMP	0
0x0010b022	0x0010b119	UNCONDITIONAL_JUMP	0
0x0010b028	0x0018bf38	UNCONDITIONAL_CALL	0
0x0010b02d	0xStack[-0x48]	WRITE	0
0x0010b030	0xStack[-0x44]	READ	1
0x0010b037	0x0010b0c4	CONDITIONAL_JUMP	0
0x0010b03d	0x001dee50	READ	1
0x0010b04b	0xStack[-0x54]	WRITE	0
0x0010b04e	0xStack[-0x54]	READ	1
0x0010b054	0xStack[-0x58]	WRITE	0
0x0010b059	0x0010b044	CONDITIONAL_JUMP	0
0x0010b05b	0xStack[-0x2c]	WRITE	0
0x0010b05e	0xStack[-0x54]	READ	1
0x0010b061	0xStack[-0x28]	WRITE	0
0x0010b064	0x001e8758	READ	1
0x0010b06e	0xStack[-0x24]	WRITE	0
0x0010b074	0xStack[-0x20]	WRITE	0
0x0010b07a	0xStack[-0x1c]	WRITE	0
0x0010b080	0xStack[-0x18]	WRITE	0
0x0010b083	0xStack[-0x1c]	READ	1
0x0010b088	0x0010b090	CONDITIONAL_JUMP	0
0x0010b08a	0xStack[-0x18]	READ	0
0x0010b08e	0x0010b0f1	CONDITIONAL_JUMP	0
0x0010b090	0xStack[-0x58]	READ	0
0x0010b093	0x0010b09f	CONDITIONAL_JUMP	0
0x0010b095	0x0010b0b0	CONDITIONAL_JUMP	0
0x0010b097	0xStack[-0x54]	READ	1
0x0010b09a	0xStack[-0x18]	READ	0
0x0010b09d	0x0010b0b0	CONDITIONAL_JUMP	0
0x0010b09f	0xStack[-0x18]	WRITE	0
0x0010b0a6	0xStack[-0x1c]	WRITE	0
0x0010b0ad	0x0010b0f1	UNCONDITIONAL_JUMP	0
0x0010b0b0	0xStack[-0x2c]	DATA	0
0x0010b0b4	0xStack[-0x1c]	DATA	0
0x0010b0b8	0x0010b418	UNCONDITIONAL_CALL	0
0x0010b0c0	0x0010b0f1	UNCONDITIONAL_JUMP	0
0x0010b0c7	0x001e8758	READ	1
0x0010b0d3	0xStack[-0x24]	WRITE	0
0x0010b0dc	0xStack[-0x20]	WRITE	0
0x0010b0e5	0xStack[-0x1c]	WRITE	0
0x0010b0ee	0xStack[-0x18]	WRITE	0
0x0010b0f1	0xStack[-0x48]	READ	1
0x0010b0f5	0x0018b544	UNCONDITIONAL_CALL	0
0x0010b0fc	0xStack[-0x44]	READ	1
0x0010b103	0xStack[-0x24]	DATA	0
0x0010b107	0x00189cec	UNCONDITIONAL_CALL	0
0x0010b10e	0x001e875c	READ	1
0x0010b119	0xStack[-0x3c]	READ	0
0x0010b11d	0x0010b243	CONDITIONAL_JUMP	0
0x0010b125	0xStack[-0x14]	DATA	0
0x0010b129	0xStack[-0x3c]	READ	1
0x0010b12d	0x00189a5c	UNCONDITIONAL_CALL	0
0x0010b134	0x001e875c	READ	1
0x0010b13c	0x001e875c	READ	1
0x0010b148	0x0010b243	CONDITIONAL_JUMP	0
0x0010b14e	0xStack[-0xc]	DATA	0
0x0010b152	0x0010b334	UNCONDITIONAL_CALL	0
0x0010b15c	0x0010b16b	CONDITIONAL_JUMP	0
0x0010b15f	0x0010b334	UNCONDITIONAL_CALL	0
0x0010b169	0x0010b17c	CONDITIONAL_JUMP	0
0x0010b16b	0x001e875c	READ	1
0x0010b174	0x0010b243	UNCONDITIONAL_JUMP	0
0x0010b17c	0x0018bf38	UNCONDITIONAL_CALL	0
0x0010b183	0xStack[-0x38]	READ	1
0x0010b18a	0x0010b210	CONDITIONAL_JUMP	0
0x0010b190	0x001dee50	READ	1
0x0010b19a	0xStack[-0x50]	WRITE	0
0x0010b1a0	0xStack[-0x4c]	WRITE	0
0x0010b1a6	0xStack[-0x50]	READ	0
0x0010b1a9	0x0010b198	CONDITIONAL_JUMP	0
0x0010b1ab	0xStack[-0x34]	WRITE	0
0x0010b1ae	0xStack[-0x30]	WRITE	0
0x0010b1b1	0xStack[-0x40]	READ	1
0x0010b1b5	0x0010b250	DATA	0
0x0010b1ba	0x00103684	UNCONDITIONAL_CALL	0
0x0010b1c2	0xStack[-0xc]	READ	0
0x0010b1c6	0x0010b1ce	CONDITIONAL_JUMP	0
0x0010b1c8	0xStack[-0x8]	READ	0
0x0010b1cc	0x0010b1f3	CONDITIONAL_JUMP	0
0x0010b1ce	0xStack[-0x34]	DATA	0
0x0010b1d2	0xStack[-0xc]	DATA	0
0x0010b1d6	0x0010b3f8	UNCONDITIONAL_CALL	0
0x0010b1dc	0x00103698	UNCONDITIONAL_CALL	0
0x0010b1e2	0xStack[-0x40]	READ	1
0x0010b1e6	0x0010b250	DATA	0
0x0010b1eb	0x00103658	UNCONDITIONAL_CALL	0
0x0010b1f3	0xStack[-0x14]	READ	1
0x0010b1f6	0xStack[-0x40]	READ	1
0x0010b1fc	0xStack[-0x10]	READ	1
0x0010b202	0xStack[-0xc]	READ	1
0x0010b208	0xStack[-0x8]	READ	1
0x0010b20e	0x0010b23d	UNCONDITIONAL_JUMP	0
0x0010b213	0x001e8758	READ	1
0x0010b219	0xStack[-0x14]	READ	1
0x0010b222	0xStack[-0x10]	READ	1
0x0010b22b	0xStack[-0xc]	READ	1
0x0010b234	0xStack[-0x8]	READ	1
0x0010b23e	0x0018b544	UNCONDITIONAL_CALL	0
0x0010b243	0xStack[-0x64]	DATA	0
0x0010b259	0xStack[0x4]	READ	1
0x0010b25f	0x00109870	UNCONDITIONAL_CALL	0
0x0010b26b	0x0010b288	CONDITIONAL_JUMP	0
0x0010b271	0x0010b288	CONDITIONAL_JUMP	0
0x0010b281	0x0010b328	UNCONDITIONAL_JUMP	0
0x0010b288	0x001dee50	READ	1
0x0010b29e	0x0010b290	CONDITIONAL_JUMP	0
0x0010b2a0	0xStack[-0xc]	WRITE	0
0x0010b2a3	0xStack[-0x8]	WRITE	0
0x0010b2a6	0x0018bf38	UNCONDITIONAL_CALL	0
0x0010b2ad	0xStack[-0xc]	READ	1
0x0010b2b6	0x0010b2cc	CONDITIONAL_JUMP	0
0x0010b2b8	0xStack[-0xc]	READ	1
0x0010b2bb	0xStack[-0x8]	READ	1
0x0010b2c8	0x0010b301	UNCONDITIONAL_JUMP	0
0x0010b2cd	0x0018b544	UNCONDITIONAL_CALL	0
0x0010b2d8	0x0018bf38	UNCONDITIONAL_CALL	0
0x0010b2e4	0x0010b3f8	UNCONDITIONAL_CALL	0
0x0010b2ec	0xStack[-0xc]	READ	1
0x0010b2f4	0x0010b300	CONDITIONAL_JUMP	0
0x0010b2f6	0x0010b31c	CONDITIONAL_JUMP	0
0x0010b2f8	0xStack[-0x8]	READ	1
0x0010b2fe	0x0010b31c	CONDITIONAL_JUMP	0
0x0010b301	0x00103698	UNCONDITIONAL_CALL	0
0x0010b308	0x0010b250	DATA	0
0x0010b30d	0x00103658	UNCONDITIONAL_CALL	0
0x0010b313	0x0018b544	UNCONDITIONAL_CALL	0
0x0010b318	0x0010b328	UNCONDITIONAL_JUMP	0
0x0010b31d	0x0018b544	UNCONDITIONAL_CALL	0
0x0010b325	0x0010b2d8	UNCONDITIONAL_JUMP	0
0x0010b328	0xStack[-0x18]	DATA	0
0x0010b337	0xStack[0x4]	READ	1
0x0010b342	0x0010b34e	CONDITIONAL_JUMP	0
0x0010b34c	0x0010b358	CONDITIONAL_JUMP	0
0x0010b35a	0x0010b36d	CONDITIONAL_JUMP	0
0x0010b35e	0x0010b36d	CONDITIONAL_JUMP	0
0x0010b360	0x001dee34	READ	1
0x0010b368	0x0010b36d	CONDITIONAL_JUMP	0
0x0010b378	0xStack[0x4]	READ	1
0x0010b37b	0xStack[0x8]	READ	1
0x0010b383	0x0010b39c	CONDITIONAL_JUMP	0
0x0010b389	0x0010b390	CONDITIONAL_JUMP	0
0x0010b38d	0x0010b3b8	UNCONDITIONAL_JUMP	0
0x0010b3aa	0x0010b3b0	CONDITIONAL_JUMP	0
0x0010b3ae	0x0010b3b8	CONDITIONAL_JUMP	0
0x0010b3b5	0x0010b3f1	UNCONDITIONAL_JUMP	0
0x0010b3bb	0x0010b3c3	CONDITIONAL_JUMP	0
0x0010b3c1	0x0010b3e8	CONDITIONAL_JUMP	0
0x0010b3d6	0x0010b3ef	CONDITIONAL_JUMP	0
0x0010b3e4	0x0010b3ef	UNCONDITIONAL_JUMP	0
0x0010b3f1	0xStack[-0x8]	READ	1
0x0010b3fb	0xStack[0x4]	READ	1
0x0010b3fe	0xStack[0x8]	READ	1
0x0010b40c	0x0010b438	UNCONDITIONAL_CALL	0
0x0010b41b	0xStack[0x4]	READ	1
0x0010b41e	0xStack[0x8]	READ	1
0x0010b42c	0x0010b438	UNCONDITIONAL_CALL	0
0x0010b43b	0xStack[0x4]	READ	1
0x0010b442	0x0010b44d	CONDITIONAL_JUMP	0
0x0010b454	0x0010b45f	CONDITIONAL_JUMP	0
0x0010b46d	0x001e875c	READ	1
0x0010b475	0xStack[-0x28]	DATA	0
0x0010b47e	0x001dab89	DATA	0
0x0010b483	0x0018a114	UNCONDITIONAL_CALL	0
0x0010b48a	0x001e875c	READ	1
0x0010b492	0x001e875c	READ	1
0x0010b49e	0x0010b5f6	CONDITIONAL_JUMP	0
0x0010b4ad	0x001e8ce0	DATA	0
0x0010b4b2	0x0018a114	UNCONDITIONAL_CALL	0
0x0010b4b9	0x001e875c	READ	1
0x0010b4c1	0x001e875c	READ	1
0x0010b4cd	0x0010b5f6	CONDITIONAL_JUMP	0
0x0010b4d5	0x001dab92	DATA	0
0x0010b4da	0xStack[-0x24]	DATA	0
0x0010b4de	0x0010c188	UNCONDITIONAL_CALL	0
0x0010b4ed	0x0018a114	UNCONDITIONAL_CALL	0
0x0010b4f4	0x001e875c	READ	1
0x0010b4fc	0x001e875c	READ	1
0x0010b508	0x0010b5f6	CONDITIONAL_JUMP	0
0x0010b510	0x001dab95	DATA	0
0x0010b516	0x0010c188	UNCONDITIONAL_CALL	0
0x0010b525	0x0018a114	UNCONDITIONAL_CALL	0
0x0010b52c	0x001e875c	READ	1
0x0010b534	0x001e875c	READ	1
0x0010b540	0x0010b5f6	CONDITIONAL_JUMP	0
0x0010b546	0x001e8e08	READ	1
0x0010b54e	0x0010b5ac	CONDITIONAL_JUMP	0
0x0010b550	0x0010b560	CONDITIONAL_JUMP	0
0x0010b555	0x0010b570	CONDITIONAL_JUMP	0
0x0010b55a	0x0010b584	CONDITIONAL_JUMP	0
0x0010b55c	0x0010b5d4	UNCONDITIONAL_JUMP	0
0x0010b565	0x0010b598	CONDITIONAL_JUMP	0
0x0010b56c	0x0010b5c0	CONDITIONAL_JUMP	0
0x0010b56e	0x0010b5d4	UNCONDITIONAL_JUMP	0
0x0010b57b	0x001dab98	DATA	0
0x0010b580	0x0010b5e7	UNCONDITIONAL_JUMP	0
0x0010b58f	0x001dab9f	DATA	0
0x0010b594	0x0010b5e7	UNCONDITIONAL_JUMP	0
0x0010b5a3	0x001daba6	DATA	0
0x0010b5a8	0x0010b5e7	UNCONDITIONAL_JUMP	0
0x0010b5b7	0x001dabaf	DATA	0
0x0010b5bc	0x0010b5e7	UNCONDITIONAL_JUMP	0
0x0010b5cb	0x001dabb6	DATA	0
0x0010b5d0	0x0010b5e7	UNCONDITIONAL_JUMP	0
0x0010b5d4	0xStack[-0x28]	DATA	0
0x0010b5e2	0x001dabbf	DATA	0
0x0010b5e7	0x0018a114	UNCONDITIONAL_CALL	0
0x0010b5ee	0x001e875c	READ	1
0x0010b5f6	0xStack[-0x34]	DATA	0
0x0010b603	0x001e875c	READ	1
0x0010b608	0x001e8cd4	READ	1
0x0010b61c	0x001e875c	READ	1
0x0010b624	0x00108310	UNCONDITIONAL_CALL	0
0x0010b62b	0x0010b635	CONDITIONAL_JUMP	0
0x0010b62f	0x001e8cd4	WRITE	0
0x0010b635	0xStack[-0x8]	READ	1
0x0010b63f	0x001e875c	READ	1
0x0010b64a	0x001e8de0	READ	1
0x0010b653	0x0010b657	CONDITIONAL_JUMP	0
0x0010b65b	0x001e8ce0	DATA	0
0x0010b660	0x00189cec	UNCONDITIONAL_CALL	0
0x0010b667	0x001e875c	READ	1
0x0010b678	0x001e875c	READ	1
0x0010b680	0x00108310	UNCONDITIONAL_CALL	0
0x0010b687	0x0010b6cc	CONDITIONAL_JUMP	0
0x0010b691	0x0010b6a0	CONDITIONAL_JUMP	0
0x0010b693	0x001e875c	READ	1
0x0010b69c	0x0010b6cc	UNCONDITIONAL_JUMP	0
0x0010b6a0	0x001e8de0	WRITE	0
0x0010b6a9	0x001e8ce0	DATA	0
0x0010b6b1	0x00189a5c	UNCONDITIONAL_CALL	0
0x0010b6b8	0x001e875c	READ	1
0x0010b6c0	0x001e8de0	READ	1
0x0010b6c5	0x001e8ce0	DATA	0
0x0010b6cc	0xStack[-0x8]	READ	1
0x0010b6d7	0x001e875c	READ	1
0x0010b6e2	0x001e8cc0	READ	1
0x0010b6eb	0x0010b6ef	CONDITIONAL_JUMP	0
0x0010b6f3	0x001e8bc0	DATA	0
0x0010b6f8	0x00189cec	UNCONDITIONAL_CALL	0
0x0010b6ff	0x001e875c	READ	1
0x0010b710	0x001e875c	READ	1
0x0010b718	0x00108310	UNCONDITIONAL_CALL	0
0x0010b71f	0x0010b764	CONDITIONAL_JUMP	0
0x0010b729	0x0010b738	CONDITIONAL_JUMP	0
0x0010b72b	0x001e875c	READ	1
0x0010b734	0x0010b764	UNCONDITIONAL_JUMP	0
0x0010b738	0x001e8cc0	WRITE	0
0x0010b741	0x001e8bc0	DATA	0
0x0010b749	0x00189a5c	UNCONDITIONAL_CALL	0
0x0010b750	0x001e875c	READ	1
0x0010b758	0x001e8cc0	READ	1
0x0010b75d	0x001e8bc0	DATA	0
0x0010b764	0xStack[-0x8]	READ	1
0x0010b772	0xStack[-0x44]	WRITE	0
0x0010b776	0x00108310	UNCONDITIONAL_CALL	0
0x0010b77d	0x0010b7c8	CONDITIONAL_JUMP	0
0x0010b77f	0x001e875c	READ	1
0x0010b78b	0x0010b7ab	CONDITIONAL_JUMP	0
0x0010b791	0xStack[-0x44]	DATA	0
0x0010b799	0x0018a0a4	UNCONDITIONAL_CALL	0
0x0010b7a0	0x001e875c	READ	1
0x0010b7ab	0x001e875c	READ	1
0x0010b7b5	0x0010b7c8	CONDITIONAL_JUMP	0
0x0010b7b7	0xStack[-0x44]	DATA	0
0x0010b7c3	0x00108b84	UNCONDITIONAL_CALL	0
0x0010b7d5	0x001e875c	READ	1
0x0010b7dd	0xStack[-0x10]	WRITE	0
0x0010b7e3	0x0010b814	CONDITIONAL_JUMP	0
0x0010b7e5	0x001e8758	READ	1
0x0010b7f0	0x001e8758	READ	1
0x0010b7fd	0x001e8758	READ	1
0x0010b80d	0x0010b9dd	UNCONDITIONAL_JUMP	0
0x0010b814	0xStack[-0x10]	READ	1
0x0010b81b	0x00107374	UNCONDITIONAL_CALL	0
0x0010b827	0x0010b838	CONDITIONAL_JUMP	0
0x0010b829	0x001e875c	READ	1
0x0010b832	0x0010b9dd	UNCONDITIONAL_JUMP	0
0x0010b83b	0xStack[-0x8]	WRITE	0
0x0010b83e	0xStack[-0x10]	READ	1
0x0010b846	0x0010b890	CONDITIONAL_JUMP	0
0x0010b848	0x001e8758	READ	1
0x0010b856	0x0010b85e	CONDITIONAL_JUMP	0
0x0010b85c	0x0010b829	CONDITIONAL_JUMP	0
0x0010b863	0x0010b829	CONDITIONAL_JUMP	0
0x0010b86c	0x0010b829	CONDITIONAL_JUMP	0
0x0010b873	0x001e8758	READ	1
0x0010b886	0x00109870	UNCONDITIONAL_CALL	0
0x0010b88b	0x0010b9dd	UNCONDITIONAL_JUMP	0
0x0010b890	0xStack[-0x8]	READ	1
0x0010b897	0x0010b829	CONDITIONAL_JUMP	0
0x0010b89d	0x0010b829	CONDITIONAL_JUMP	0
0x0010b89f	0x001e8758	READ	1
0x0010b8a9	0x0010b829	CONDITIONAL_JUMP	0
0x0010b8b3	0x0010b829	CONDITIONAL_JUMP	0
0x0010b8bc	0x0010b910	CONDITIONAL_JUMP	0
0x0010b8be	0x0010b8cc	CONDITIONAL_JUMP	0
0x0010b8c3	0x0010b91c	CONDITIONAL_JUMP	0
0x0010b8c5	0x0010b9d4	UNCONDITIONAL_JUMP	0
0x0010b8cf	0x0010b91c	CONDITIONAL_JUMP	0
0x0010b8d4	0x0010b9d4	CONDITIONAL_JUMP	0
0x0010b8e2	0x0010b8f4	CONDITIONAL_JUMP	0
0x0010b8e4	0x001e875c	READ	1
0x0010b8ed	0x0010b9dd	UNCONDITIONAL_JUMP	0
0x0010b909	0x0010b9aa	UNCONDITIONAL_JUMP	0
0x0010b914	0x0010b9aa	UNCONDITIONAL_JUMP	0
0x0010b91c	0xStack[-0x8]	READ	1
0x0010b922	0xStack[-0x14]	WRITE	0
0x0010b92d	0xStack[-0xc]	WRITE	0
0x0010b930	0xStack[-0x10]	READ	1
0x0010b939	0x0010b941	CONDITIONAL_JUMP	0
0x0010b93b	0xStack[-0xc]	READ	1
0x0010b941	0xStack[-0x10]	READ	1
0x0010b948	0x0010b9d4	CONDITIONAL_JUMP	0
0x0010b95e	0x0010b96d	CONDITIONAL_JUMP	0
0x0010b960	0xStack[-0x14]	READ	1
0x0010b96d	0xStack[-0x10]	READ	1
0x0010b976	0xStack[-0x10]	READ	1
0x0010b988	0x0010b998	CONDITIONAL_JUMP	0
0x0010b98a	0xStack[-0x14]	READ	1
0x0010b998	0xStack[-0x10]	READ	1
0x0010b99e	0x0010b9aa	CONDITIONAL_JUMP	0
0x0010b9a0	0xStack[-0xc]	READ	1
0x0010b9b3	0x0010b9c8	CONDITIONAL_JUMP	0
0x0010b9b9	0x0010b9c8	CONDITIONAL_JUMP	0
0x0010b9c0	0x0016303c	UNCONDITIONAL_CALL	0
0x0010b9c8	0xStack[-0x8]	READ	1
0x0010b9cc	0x0016663c	UNCONDITIONAL_CALL	0
0x0010b9d1	0x0010b9dd	UNCONDITIONAL_JUMP	0
0x0010b9d4	0x001e875c	READ	1
0x0010b9dd	0xStack[-0x20]	DATA	0
0x0010b9ed	0xStack[0x4]	READ	1
0x0010b9f0	0xStack[0x8]	READ	1
0x0010b9f6	0x0010ba56	CONDITIONAL_JUMP	0
0x0010ba08	0x0010ba1e	CONDITIONAL_JUMP	0
0x0010ba0a	0x001dabca	DATA	0
0x0010ba0f	0x0010c0d8	UNCONDITIONAL_CALL	0
0x0010ba14	0x001dabd7	DATA	0
0x0010ba19	0x0010ca6c	UNCONDITIONAL_CALL	0
0x0010ba27	0x0010ba2f	CONDITIONAL_JUMP	0
0x0010ba2d	0x0010ba56	CONDITIONAL_JUMP	0
0x0010ba38	0x0010ba36	CONDITIONAL_JUMP	0
0x0010ba46	0x0010ba34	CONDITIONAL_JUMP	0
0x0010ba56	0xStack[-0xc]	DATA	0
0x0010ba69	0xStack[0x8]	READ	1
0x0010ba6c	0xStack[0xc]	READ	1
0x0010ba72	0x0010bb7d	CONDITIONAL_JUMP	0
0x0010ba78	0x001dac08	WRITE	0
0x0010ba7e	0xStack[0x10]	READ	1
0x0010ba81	0x001dac04	WRITE	0
0x0010ba8e	0x001dac0c	WRITE	0
0x0010ba96	0x001dac10	WRITE	0
0x0010baa0	0xStack[0x4]	READ	1
0x0010baa3	0xStack[-0x8]	WRITE	0
0x0010baa9	0x0010bac4	CONDITIONAL_JUMP	0
0x0010baac	0xStack[0x4]	READ	1
0x0010bab0	0x0010bb88	UNCONDITIONAL_CALL	0
0x0010bab5	0xStack[0x4]	READ	1
0x0010bab8	0x001dac0c	READ	1
0x0010bac1	0x0010bac7	UNCONDITIONAL_JUMP	0
0x0010bac4	0xStack[-0x8]	READ	1
0x0010bac7	0xStack[0x4]	READ	1
0x0010baca	0x0010badc	UNCONDITIONAL_JUMP	0
0x0010bace	0x001dac04	READ	1
0x0010bada	0x0010bade	CONDITIONAL_JUMP	0
0x0010bade	0x001dac08	READ	1
0x0010bae6	0x0010bacc	CONDITIONAL_JUMP	0
0x0010bae8	0xStack[0x4]	READ	0
0x0010baeb	0x0010bb10	CONDITIONAL_JUMP	0
0x0010baed	0xStack[0x4]	READ	1
0x0010baf2	0x001dac08	READ	1
0x0010bafa	0x0010bb10	CONDITIONAL_JUMP	0
0x0010bafe	0xStack[-0x10]	WRITE	0
0x0010bb06	0xStack[-0x10]	READ	1
0x0010bb0e	0x0010bafc	CONDITIONAL_JUMP	0
0x0010bb10	0xStack[0x4]	READ	1
0x0010bb13	0x0010bb70	UNCONDITIONAL_JUMP	0
0x0010bb19	0x001dac08	READ	1
0x0010bb20	0x001dac04	READ	1
0x0010bb25	0xStack[-0xc]	WRITE	0
0x0010bb2d	0xStack[-0xc]	READ	1
0x0010bb32	0x0010bb18	CONDITIONAL_JUMP	0
0x0010bb34	0x001dac08	READ	1
0x0010bb3d	0x0010bb6e	CONDITIONAL_JUMP	0
0x0010bb45	0x0010bb6e	CONDITIONAL_JUMP	0
0x0010bb4a	0xStack[-0x10]	WRITE	0
0x0010bb51	0x0010bb5a	UNCONDITIONAL_JUMP	0
0x0010bb5a	0x001dac08	READ	1
0x0010bb62	0x0010bb54	CONDITIONAL_JUMP	0
0x0010bb64	0xStack[-0x10]	READ	1
0x0010bb6c	0x0010bb48	CONDITIONAL_JUMP	0
0x0010bb70	0x001dac08	READ	1
0x0010bb78	0xStack[-0x8]	READ	0
0x0010bb7b	0x0010bb18	CONDITIONAL_JUMP	0
0x0010bb7d	0xStack[-0x1c]	DATA	0
0x0010bb91	0xStack[0x8]	READ	1
0x0010bb94	0xStack[0x4]	READ	1
0x0010bb9b	0x001dac08	READ	0
0x0010bba5	0xStack[-0x18]	WRITE	0
0x0010bba8	0x001dac08	READ	1
0x0010bbb0	0xStack[0x4]	READ	1
0x0010bbb5	0xStack[-0x8]	WRITE	0
0x0010bbb8	0x001dac10	READ	0
0x0010bbbe	0x0010bc32	CONDITIONAL_JUMP	0
0x0010bbc1	0xStack[0x4]	READ	1
0x0010bbc5	0x001dac04	READ	1
0x0010bbd5	0x0010bbda	CONDITIONAL_JUMP	0
0x0010bbd7	0xStack[0x4]	READ	1
0x0010bbda	0xStack[0x8]	READ	1
0x0010bbdd	0x001dac08	READ	1
0x0010bbe5	0x001dac04	READ	1
0x0010bbf1	0x0010bc10	CONDITIONAL_JUMP	0
0x0010bbf3	0xStack[0x4]	READ	1
0x0010bbf8	0x0010bbfc	CONDITIONAL_JUMP	0
0x0010bc00	0x001dac04	READ	1
0x0010bc0c	0x0010bc10	CONDITIONAL_JUMP	0
0x0010bc12	0x0010bc32	CONDITIONAL_JUMP	0
0x0010bc14	0x001dac08	READ	1
0x0010bc1a	0xStack[-0x18]	WRITE	0
0x0010bc22	0xStack[-0x10]	WRITE	0
0x0010bc2d	0xStack[-0x18]	READ_WRITE	0
0x0010bc30	0x0010bc20	CONDITIONAL_JUMP	0
0x0010bc32	0xStack[0x4]	READ	1
0x0010bc35	0xStack[0x8]	READ	1
0x0010bc38	0x001dac08	READ	1
0x0010bc3e	0x0010bc5c	UNCONDITIONAL_JUMP	0
0x0010bc40	0xStack[-0x8]	READ	1
0x0010bc45	0x001dac04	READ	1
0x0010bc54	0x0010bc9a	CONDITIONAL_JUMP	0
0x0010bc56	0x001dac08	READ	1
0x0010bc5c	0xStack[-0x8]	READ	0
0x0010bc5f	0x0010bc40	CONDITIONAL_JUMP	0
0x0010bc61	0x0010bc9a	UNCONDITIONAL_JUMP	0
0x0010bc65	0xStack[-0x8]	READ	1
0x0010bc69	0x001dac04	READ	1
0x0010bc78	0x0010bc94	CONDITIONAL_JUMP	0
0x0010bc7a	0x001dac08	READ	1
0x0010bc7f	0xStack[-0x18]	WRITE	0
0x0010bc86	0xStack[-0x8]	READ	0
0x0010bc89	0x0010bcd4	CONDITIONAL_JUMP	0
0x0010bc8f	0x0010bcb2	UNCONDITIONAL_JUMP	0
0x0010bc94	0x001dac08	READ	1
0x0010bc9a	0xStack[-0x8]	READ	0
0x0010bc9d	0x0010bc64	CONDITIONAL_JUMP	0
0x0010bc9f	0xStack[-0x8]	READ	0
0x0010bca2	0x0010bcdc	CONDITIONAL_JUMP	0
0x0010bca4	0xStack[-0x8]	READ	1
0x0010bca7	0xStack[-0x8]	WRITE	0
0x0010bcac	0x001dac08	READ	1
0x0010bcb2	0x001dac08	READ	1
0x0010bcb8	0xStack[-0x18]	WRITE	0
0x0010bcbe	0xStack[-0x10]	WRITE	0
0x0010bcc9	0xStack[-0x18]	READ_WRITE	0
0x0010bccc	0x0010bcbc	CONDITIONAL_JUMP	0
0x0010bcd0	0x0010bc5c	UNCONDITIONAL_JUMP	0
0x0010bcd6	0xStack[-0x8]	WRITE	0
0x0010bcd9	0x0010bcb2	UNCONDITIONAL_JUMP	0
0x0010bcdc	0xStack[-0x8]	READ	1
0x0010bce1	0x001dac08	READ	1
0x0010bce9	0xStack[0x4]	READ	1
0x0010bcec	0xStack[0x8]	READ	1
0x0010bcf3	0x0010bd18	CONDITIONAL_JUMP	0
0x0010bcf5	0x001dac0c	READ	0
0x0010bcfb	0x0010bd10	CONDITIONAL_JUMP	0
0x0010bcfe	0xStack[0x4]	READ	1
0x0010bd02	0xStack[-0x1c]	WRITE	0
0x0010bd05	0x0010bb88	UNCONDITIONAL_CALL	0
0x0010bd0d	0xStack[-0x1c]	READ	1
0x0010bd10	0xStack[0x4]	WRITE	0
0x0010bd15	0x0010bd30	UNCONDITIONAL_JUMP	0
0x0010bd18	0x001dac0c	READ	0
0x0010bd1e	0x0010bd2d	CONDITIONAL_JUMP	0
0x0010bd20	0xStack[0x8]	READ	1
0x0010bd25	0x0010bb88	UNCONDITIONAL_CALL	0
0x0010bd2d	0xStack[0x8]	WRITE	0
0x0010bd30	0x001dac0c	READ	0
0x0010bd36	0x0010bb98	CONDITIONAL_JUMP	0
0x0010bd3c	0xStack[-0x28]	DATA	0
0x0010bd4b	0x001e97b8	READ	0
0x0010bd52	0x0010bd60	CONDITIONAL_JUMP	0
0x0010bd60	0x001e97c4	WRITE	0
0x0010bd6a	0x001e8758	READ	1
0x0010bd75	0x001e97c8	WRITE	0
0x0010bd7c	0x0010bf90	DATA	0
0x0010bd81	0x00169784	UNCONDITIONAL_CALL	0
0x0010bd86	0x001e97cc	WRITE	0
0x0010bd8b	0x001e97b8	WRITE	0
0x0010bd95	0x001dac14	READ	1
0x0010bda0	0x0010bdcb	CONDITIONAL_JUMP	0
0x0010bdb8	0x001dac14	READ	1
0x0010bdc9	0x0010bdb8	CONDITIONAL_JUMP	0
0x0010bdd8	0x001e97b8	WRITE	0
0x0010bde2	0x001e97cc	READ	1
0x0010bde8	0x001e97cc	WRITE	0
0x0010bdf3	0x00169bbc	UNCONDITIONAL_CALL	0
0x0010bdf9	0x001697c4	UNCONDITIONAL_CALL	0
0x0010bdfe	0x001e97c0	WRITE	0
0x0010be08	0x0018c0d8	UNCONDITIONAL_CALL	0
0x0010be0d	0x001e97c4	READ	1
0x0010be13	0x001e97c4	WRITE	0
0x0010be1e	0x0018b544	UNCONDITIONAL_CALL	0
0x0010be28	0x0010be30	CONDITIONAL_JUMP	0
0x0010be2b	0x00166ea0	UNCONDITIONAL_CALL	0
0x0010be30	0x001e97c8	WRITE	0
0x0010be3a	0xStack[-0x8]	READ	1
0x0010be4d	0xStack[0x8]	READ	1
0x0010be50	0xStack[-0x8]	WRITE	0
0x0010be57	0x0018c0d8	UNCONDITIONAL_CALL	0
0x0010be5e	0x0010be94	UNCONDITIONAL_JUMP	0
0x0010be60	0x001e97c0	READ	1
0x0010be67	0x0010be7c	CONDITIONAL_JUMP	0
0x0010be6a	0x0018b544	UNCONDITIONAL_CALL	0
0x0010be74	0x0010bf17	UNCONDITIONAL_JUMP	0
0x0010be7e	0x001e97c0	WRITE	0
0x0010be85	0x001dac14	READ	1
0x0010be8c	0x0010a588	UNCONDITIONAL_CALL	0
0x0010be94	0x001dac14	READ	1
0x0010bea0	0x0010be60	CONDITIONAL_JUMP	0
0x0010bea3	0x0018b544	UNCONDITIONAL_CALL	0
0x0010bea8	0x001e97c0	READ_WRITE	0
0x0010beb6	0x0010bf14	CONDITIONAL_JUMP	0
0x0010beb8	0x001dac14	READ	1
0x0010bec6	0x0010becf	CONDITIONAL_JUMP	0
0x0010bed4	0x0010bed8	CONDITIONAL_JUMP	0
0x0010beda	0x0010bf14	CONDITIONAL_JUMP	0
0x0010bee5	0x0010a384	UNCONDITIONAL_CALL	0
0x0010beea	0xStack[-0x8]	WRITE	0
0x0010bef2	0x0010bf14	CONDITIONAL_JUMP	0
0x0010bef4	0x001dac14	READ	1
0x0010bf02	0x0010bf0b	CONDITIONAL_JUMP	0
0x0010bf09	0x0010beb2	CONDITIONAL_JUMP	0
0x0010bf12	0x0010beb2	UNCONDITIONAL_JUMP	0
0x0010bf14	0xStack[-0x8]	READ	1
0x0010bf17	0xStack[-0x14]	DATA	0
0x0010bf29	0xStack[0x8]	READ	1
0x0010bf2c	0x0018c0d8	UNCONDITIONAL_CALL	0
0x0010bf36	0x0010bf61	CONDITIONAL_JUMP	0
0x0010bf38	0x001dac14	READ	1
0x0010bf44	0x0010bf54	CONDITIONAL_JUMP	0
0x0010bf47	0x0018b544	UNCONDITIONAL_CALL	0
0x0010bf51	0x0010bf69	UNCONDITIONAL_JUMP	0
0x0010bf54	0x001e97c4	DATA	0
0x0010bf59	0x0010d740	UNCONDITIONAL_CALL	0
0x0010bf62	0x0018b544	UNCONDITIONAL_CALL	0
0x0010bf69	0xStack[-0xc]	DATA	0
0x0010bf77	0x001e97b8	READ	0
0x0010bf7e	0x0010bf8b	CONDITIONAL_JUMP	0
0x0010bf80	0x001e97cc	READ	1
0x0010bf86	0x0016982c	UNCONDITIONAL_CALL	0
0x0010bf94	0x001e97b8	READ	0
0x0010bf9b	0x0010c006	CONDITIONAL_JUMP	0
0x0010bf9d	0x0018c0d8	UNCONDITIONAL_CALL	0
0x0010bfa2	0x001e97c4	READ	1
0x0010bfa8	0x001e97c4	WRITE	0
0x0010bfb3	0x0018b544	UNCONDITIONAL_CALL	0
0x0010bfbd	0x0010bfd0	CONDITIONAL_JUMP	0
0x0010bfc2	0x0010d7e4	UNCONDITIONAL_CALL	0
0x0010bfc8	0x00167184	UNCONDITIONAL_CALL	0
0x0010bfd0	0x001e97c0	READ	0
0x0010bfd7	0x0010bfea	CONDITIONAL_JUMP	0
0x0010bfdb	0x001e97c8	READ	1
0x0010bfe2	0x001097f8	UNCONDITIONAL_CALL	0
0x0010bfea	0x001e97c0	READ	0
0x0010bff1	0x0010c006	CONDITIONAL_JUMP	0
0x0010bff3	0x001dac14	READ	1
0x0010bffa	0x0010ab38	UNCONDITIONAL_CALL	0
0x0010bfff	0x001e97c0	READ_WRITE	0
0x0010c006	0xStack[-0x8]	READ	1
0x0010c015	0xStack[0x4]	READ	1
0x0010c018	0xStack[0x8]	READ	1
0x0010c020	0x0010c0ac	CONDITIONAL_JUMP	0
0x0010c026	0x0010c03c	CONDITIONAL_JUMP	0
0x0010c02d	0x0010c090	CONDITIONAL_JUMP	0
0x0010c034	0x0010c074	CONDITIONAL_JUMP	0
0x0010c036	0x0010c0c4	UNCONDITIONAL_JUMP	0
0x0010c041	0x0010c04c	CONDITIONAL_JUMP	0
0x0010c048	0x0010c0b8	CONDITIONAL_JUMP	0
0x0010c04a	0x0010c0c4	UNCONDITIONAL_JUMP	0
0x0010c04c	0x0018c0d8	UNCONDITIONAL_CALL	0
0x0010c053	0x001dac14	READ	1
0x0010c05f	0x0018b544	UNCONDITIONAL_CALL	0
0x0010c066	0x0010c06e	CONDITIONAL_JUMP	0
0x0010c070	0x0010c0cc	UNCONDITIONAL_JUMP	0
0x0010c077	0x0010c084	CONDITIONAL_JUMP	0
0x0010c079	0x001e97c0	READ_WRITE	0
0x0010c080	0x0010c0cc	UNCONDITIONAL_JUMP	0
0x0010c084	0x001e97c0	READ_WRITE	0
0x0010c08b	0x0010c0cc	UNCONDITIONAL_JUMP	0
0x0010c093	0x0010c0a0	CONDITIONAL_JUMP	0
0x0010c095	0x001e97c0	READ_WRITE	0
0x0010c09c	0x0010c0cc	UNCONDITIONAL_JUMP	0
0x0010c0a0	0x001e97c0	READ_WRITE	0
0x0010c0a7	0x0010c0cc	UNCONDITIONAL_JUMP	0
0x0010c0ae	0x001e97c8	WRITE	0
0x0010c0b4	0x0010c0cc	UNCONDITIONAL_JUMP	0
0x0010c0b8	0x001e97c8	READ	1
0x0010c0c0	0x0010c0cc	UNCONDITIONAL_JUMP	0
0x0010c0c9	0x0010c0ce	UNCONDITIONAL_JUMP	0
0x0010c0ce	0xStack[-0xc]	DATA	0
0x0010c0db	0xStack[0x8]	DATA	0
0x0010c0e3	0xStack[0x4]	READ	1
0x0010c0e7	0x0010c290	UNCONDITIONAL_CALL	0
0x0010c0f1	0x0010c0f8	CONDITIONAL_JUMP	0
0x0010c0f3	0x0010bf74	UNCONDITIONAL_CALL	0
0x0010c104	0x001e8758	READ	1
0x0010c111	0x0010c12d	CONDITIONAL_JUMP	0
0x0010c116	0x00110848	UNCONDITIONAL_CALL	0
0x0010c11b	0xStack[0x8]	DATA	0
0x0010c122	0xStack[0x4]	READ	1
0x0010c126	0x0010c290	UNCONDITIONAL_CALL	0
0x0010c12d	0xStack[-0x8]	READ	1
0x0010c139	0xStack[0x4]	READ	1
0x0010c143	0x0010c248	UNCONDITIONAL_CALL	0
0x0010c14d	0x0010c154	CONDITIONAL_JUMP	0
0x0010c14f	0x001e97d0	DATA	1
0x0010c156	0x001e97d0	DATA	0
0x0010c157	0x00110848	UNCONDITIONAL_CALL	0
0x0010c161	0x0010c168	CONDITIONAL_JUMP	0
0x0010c168	0xStack[0xc]	DATA	0
0x0010c16b	0x001e97d0	DATA	0
0x0010c16e	0xStack[0x8]	READ	1
0x0010c172	0x0010c290	UNCONDITIONAL_CALL	0
0x0010c177	0x0010bf74	UNCONDITIONAL_CALL	0
0x0010c17e	0xStack[-0xc]	DATA	0
0x0010c18f	0xStack[0x4]	READ	1
0x0010c192	0xStack[-0x8]	WRITE	0
0x0010c195	0xStack[0xc]	DATA	0
0x0010c198	0xStack[-0x8]	DATA	0
0x0010c19f	0xStack[0x8]	READ	1
0x0010c1a3	0x0010c290	UNCONDITIONAL_CALL	0
0x0010c1a8	0xStack[-0x8]	READ	1
0x0010c1ae	0xStack[-0x8]	READ_WRITE	0
0x0010c1b1	0xStack[-0x8]	READ	1
0x0010c1b6	0xStack[-0xc]	READ	1
0x0010c1c6	0xStack[0x4]	READ	1
0x0010c1c9	0xStack[0x8]	READ	1
0x0010c1cc	0x0018c0d8	UNCONDITIONAL_CALL	0
0x0010c1d4	0x0010c248	UNCONDITIONAL_CALL	0
0x0010c1d9	0xStack[0xc]	DATA	0
0x0010c1e2	0x0010c290	UNCONDITIONAL_CALL	0
0x0010c1e8	0x0018b544	UNCONDITIONAL_CALL	0
0x0010c1f0	0x001e97b8	READ	0
0x0010c1f7	0x0010c207	CONDITIONAL_JUMP	0
0x0010c1ff	0x0010c290	UNCONDITIONAL_CALL	0
0x0010c207	0x0010bf74	UNCONDITIONAL_CALL	0
0x0010c20d	0x0018b544	UNCONDITIONAL_CALL	0
0x0010c214	0xStack[-0x10]	DATA	0
0x0010c227	0xStack[0xc]	READ	1
0x0010c22b	0xStack[0x8]	READ	1
0x0010c22f	0x0010c290	UNCONDITIONAL_CALL	0
0x0010c239	0x0010c240	CONDITIONAL_JUMP	0
0x0010c23b	0x0010bf74	UNCONDITIONAL_CALL	0
0x0010c24c	0xStack[0x4]	READ	1
0x0010c251	0x0010cb98	UNCONDITIONAL_CALL	0
0x0010c261	0x0010c9a8	UNCONDITIONAL_CALL	0
0x0010c268	0x0010cb98	UNCONDITIONAL_CALL	0
0x0010c26d	0xStack[-0x8]	READ	1
0x0010c277	0xStack[0x10]	DATA	0
0x0010c27a	0xStack[0x8]	READ	1
0x0010c27e	0xStack[0x4]	READ	1
0x0010c283	0xStack[0xc]	READ	1
0x0010c287	0x0010c290	UNCONDITIONAL_CALL	0
0x0010c299	0xStack[-0x10]	WRITE	0
0x0010c2a0	0xStack[-0x14]	WRITE	0
0x0010c2a7	0xStack[0x4]	READ	1
0x0010c2ae	0xStack[0x4]	WRITE	0
0x0010c2b4	0x0010c2e0	CONDITIONAL_JUMP	0
0x0010c2ba	0x0010c964	CONDITIONAL_JUMP	0
0x0010c2c0	0xStack[0x10]	READ	1
0x0010c2c4	0xStack[0xc]	READ	1
0x0010c2c9	0x0010cbac	UNCONDITIONAL_CALL	0
0x0010c2d1	0xStack[0x4]	READ	1
0x0010c2d8	0xStack[0x4]	WRITE	0
0x0010c2de	0x0010c2b8	CONDITIONAL_JUMP	0
0x0010c2e0	0xStack[0x4]	READ	1
0x0010c2e7	0xStack[0x4]	WRITE	0
0x0010c2ed	0x0010c2f6	CONDITIONAL_JUMP	0
0x0010c2ef	0xStack[-0x10]	WRITE	0
0x0010c2f8	0x0010c30f	UNCONDITIONAL_JUMP	0
0x0010c305	0xStack[0x4]	READ	1
0x0010c30c	0xStack[0x4]	WRITE	0
0x0010c315	0x0010c2fc	CONDITIONAL_JUMP	0
0x0010c31d	0x0010c2a7	CONDITIONAL_JUMP	0
0x0010c31f	0x0010c688	COMPUTED_JUMP	-1
0x0010c31f	0x0010c2a7	COMPUTED_JUMP	-1
0x0010c31f	0x0010c698	COMPUTED_JUMP	-1
0x0010c31f	0x0010c484	COMPUTED_JUMP	-1
0x0010c31f	0x0010c958	COMPUTED_JUMP	-1
0x0010c31f	0x0010c8d0	COMPUTED_JUMP	-1
0x0010c31f	0x0010c490	COMPUTED_JUMP	-1
0x0010c31f	0x0010c6d8	COMPUTED_JUMP	-1
0x0010c31f	0x0010c478	COMPUTED_JUMP	-1
0x0010c31f	0x0010c500	COMPUTED_JUMP	-1
0x0010c31f	0x0010c4c0	COMPUTED_JUMP	-1
0x0010c31f	0x0010c2e0	COMPUTED_JUMP	-1
0x0010c31f	0x0010c650	COMPUTED_JUMP	-1
0x0010c31f	0x0010c328	DATA	0
0x0010c328	0x0010c688	DATA	0
0x0010c32c	0x0010c2a7	DATA	0
0x0010c330	0x0010c2a7	DATA	0
0x0010c334	0x0010c2a7	DATA	0
0x0010c338	0x0010c2a7	DATA	0
0x0010c33c	0x0010c2a7	DATA	0
0x0010c340	0x0010c2a7	DATA	0
0x0010c344	0x0010c2a7	DATA	0
0x0010c348	0x0010c2a7	DATA	0
0x0010c34c	0x0010c2a7	DATA	0
0x0010c350	0x0010c2a7	DATA	0
0x0010c354	0x0010c2a7	DATA	0
0x0010c358	0x0010c2a7	DATA	0
0x0010c35c	0x0010c2a7	DATA	0
0x0010c360	0x0010c2a7	DATA	0
0x0010c364	0x0010c2a7	DATA	0
0x0010c368	0x0010c2a7	DATA	0
0x0010c36c	0x0010c2a7	DATA	0
0x0010c370	0x0010c2a7	DATA	0
0x0010c374	0x0010c2a7	DATA	0
0x0010c378	0x0010c2a7	DATA	0
0x0010c37c	0x0010c2a7	DATA	0
0x0010c380	0x0010c2a7	DATA	0
0x0010c384	0x0010c2a7	DATA	0
0x0010c388	0x0010c2a7	DATA	0
0x0010c38c	0x0010c2a7	DATA	0
0x0010c390	0x0010c2a7	DATA	0
0x0010c394	0x0010c2a7	DATA	0
0x0010c398	0x0010c2a7	DATA	0
0x0010c39c	0x0010c2a7	DATA	0
0x0010c3a0	0x0010c698	DATA	0
0x0010c3a4	0x0010c484	DATA	0
0x0010c3a8	0x0010c2a7	DATA	0
0x0010c3ac	0x0010c2a7	DATA	0
0x0010c3b0	0x0010c2a7	DATA	0
0x0010c3b4	0x0010c2a7	DATA	0
0x0010c3b8	0x0010c2a7	DATA	0
0x0010c3bc	0x0010c2a7	DATA	0
0x0010c3c0	0x0010c2a7	DATA	0
0x0010c3c4	0x0010c958	DATA	0
0x0010c3c8	0x0010c2a7	DATA	0
0x0010c3cc	0x0010c8d0	DATA	0
0x0010c3d0	0x0010c490	DATA	0
0x0010c3d4	0x0010c2a7	DATA	0
0x0010c3d8	0x0010c2a7	DATA	0
0x0010c3dc	0x0010c6d8	DATA	0
0x0010c3e0	0x0010c2a7	DATA	0
0x0010c3e4	0x0010c2a7	DATA	0
0x0010c3e8	0x0010c2a7	DATA	0
0x0010c3ec	0x0010c2a7	DATA	0
0x0010c3f0	0x0010c2a7	DATA	0
0x0010c3f4	0x0010c478	DATA	0
0x0010c3f8	0x0010c2a7	DATA	0
0x0010c3fc	0x0010c2a7	DATA	0
0x0010c400	0x0010c2a7	DATA	0
0x0010c404	0x0010c2a7	DATA	0
0x0010c408	0x0010c2a7	DATA	0
0x0010c40c	0x0010c2a7	DATA	0
0x0010c410	0x0010c2a7	DATA	0
0x0010c414	0x0010c2a7	DATA	0
0x0010c418	0x0010c2a7	DATA	0
0x0010c41c	0x0010c500	DATA	0
0x0010c420	0x0010c4c0	DATA	0
0x0010c424	0x0010c484	DATA	0
0x0010c428	0x0010c2a7	DATA	0
0x0010c42c	0x0010c2a7	DATA	0
0x0010c430	0x0010c2a7	DATA	0
0x0010c434	0x0010c2a7	DATA	0
0x0010c438	0x0010c2a7	DATA	0
0x0010c43c	0x0010c2a7	DATA	0
0x0010c440	0x0010c2a7	DATA	0
0x0010c444	0x0010c2e0	DATA	0
0x0010c448	0x0010c2a7	DATA	0
0x0010c44c	0x0010c8d0	DATA	0
0x0010c450	0x0010c490	DATA	0
0x0010c454	0x0010c2a7	DATA	0
0x0010c458	0x0010c2a7	DATA	0
0x0010c45c	0x0010c6d8	DATA	0
0x0010c460	0x0010c650	DATA	0
0x0010c464	0x0010c2a7	DATA	0
0x0010c468	0x0010c484	DATA	0
0x0010c46c	0x0010c2a7	DATA	0
0x0010c470	0x0010c2a7	DATA	0
0x0010c474	0x0010c478	DATA	0
0x0010c478	0xStack[-0x8]	WRITE	0
0x0010c47f	0x0010c497	UNCONDITIONAL_JUMP	0
0x0010c484	0xStack[-0x8]	WRITE	0
0x0010c48b	0x0010c497	UNCONDITIONAL_JUMP	0
0x0010c490	0xStack[-0x8]	WRITE	0
0x0010c498	0xStack[-0x10]	READ	1
0x0010c49c	0xStack[0x10]	READ	1
0x0010c4a0	0xStack[0xc]	READ	1
0x0010c4a4	0xStack[-0x8]	READ	1
0x0010c4a8	0xStack[0x8]	READ_WRITE	0
0x0010c4ac	0xStack[0x8]	READ	1
0x0010c4b3	0x0010c9a8	UNCONDITIONAL_CALL	0
0x0010c4bb	0x0010c2a7	UNCONDITIONAL_JUMP	0
0x0010c4c0	0xStack[0x8]	READ_WRITE	0
0x0010c4c4	0xStack[0x8]	READ	1
0x0010c4ca	0xStack[-0x8]	WRITE	0
0x0010c4d4	0xStack[-0x8]	READ	1
0x0010c4e0	0x0010c4f3	CONDITIONAL_JUMP	0
0x0010c4e2	0xStack[0x10]	READ	1
0x0010c4e6	0xStack[0xc]	READ	1
0x0010c4eb	0x0010cbac	UNCONDITIONAL_CALL	0
0x0010c4f6	0x0010c4d4	CONDITIONAL_JUMP	0
0x0010c4f8	0x0010c2a7	UNCONDITIONAL_JUMP	0
0x0010c500	0xStack[0x8]	READ_WRITE	0
0x0010c504	0xStack[0x8]	READ	1
0x0010c50a	0xStack[-0x8]	WRITE	0
0x0010c50d	0xStack[0x8]	READ_WRITE	0
0x0010c511	0xStack[0x8]	READ	1
0x0010c51b	0xStack[0x10]	READ	1
0x0010c51f	0xStack[0xc]	READ	1
0x0010c528	0xStack[-0x8]	READ	1
0x0010c52c	0x0010c9a8	UNCONDITIONAL_CALL	0
0x0010c531	0xStack[-0xc]	WRITE	0
0x0010c53b	0xStack[-0x8]	READ	0
0x0010c53f	0x0010c2a7	CONDITIONAL_JUMP	0
0x0010c545	0x0010c636	UNCONDITIONAL_JUMP	0
0x0010c54f	0x0010c5d8	CONDITIONAL_JUMP	0
0x0010c555	0xStack[-0xc]	READ_WRITE	0
0x0010c558	0xStack[-0xc]	READ	0
0x0010c55c	0x0010c570	CONDITIONAL_JUMP	0
0x0010c55e	0xStack[0x10]	READ	1
0x0010c562	0xStack[0xc]	READ	1
0x0010c568	0x0010cbac	UNCONDITIONAL_CALL	0
0x0010c57a	0x0010c59c	CONDITIONAL_JUMP	0
0x0010c57c	0xStack[0x10]	READ	1
0x0010c580	0xStack[0xc]	READ	1
0x0010c585	0xStack[-0x1c]	WRITE	0
0x0010c588	0x0010cbac	UNCONDITIONAL_CALL	0
0x0010c594	0xStack[-0x1c]	READ	1
0x0010c59a	0x0010c57c	CONDITIONAL_JUMP	0
0x0010c5a0	0xStack[0x10]	READ	1
0x0010c5a4	0xStack[0xc]	READ	1
0x0010c5ad	0xStack[-0x8]	READ	1
0x0010c5b4	0xStack[-0x20]	WRITE	0
0x0010c5c7	0xStack[-0x20]	READ	1
0x0010c5ca	0xStack[-0x20]	WRITE	0
0x0010c5ce	0x0010c9a8	UNCONDITIONAL_CALL	0
0x0010c5d6	0x0010c636	UNCONDITIONAL_JUMP	0
0x0010c5db	0xStack[-0x8]	READ	1
0x0010c5e1	0x0010c630	CONDITIONAL_JUMP	0
0x0010c5e3	0xStack[0x10]	READ	1
0x0010c5e7	0xStack[0xc]	READ	1
0x0010c5f0	0xStack[-0xc]	READ	0
0x0010c5f4	0x0010c5fb	CONDITIONAL_JUMP	0
0x0010c5fc	0x0010cbac	UNCONDITIONAL_CALL	0
0x0010c601	0xStack[-0xc]	WRITE	0
0x0010c611	0x0010c636	CONDITIONAL_JUMP	0
0x0010c614	0xStack[0x10]	READ	1
0x0010c618	0xStack[0xc]	READ	1
0x0010c61d	0x0010cbac	UNCONDITIONAL_CALL	0
0x0010c62c	0x0010c614	CONDITIONAL_JUMP	0
0x0010c62e	0x0010c636	UNCONDITIONAL_JUMP	0
0x0010c634	0x0010c630	CONDITIONAL_JUMP	0
0x0010c63c	0x0010c54c	CONDITIONAL_JUMP	0
0x0010c642	0xStack[0x10]	READ	1
0x0010c646	0xStack[0xc]	READ	1
0x0010c64a	0x0010c8a7	UNCONDITIONAL_JUMP	0
0x0010c650	0xStack[0x8]	READ_WRITE	0
0x0010c654	0xStack[0x8]	READ	1
0x0010c660	0x0010c2a7	CONDITIONAL_JUMP	0
0x0010c668	0xStack[0x10]	READ	1
0x0010c66c	0xStack[0xc]	READ	1
0x0010c671	0x0010cbac	UNCONDITIONAL_CALL	0
0x0010c67f	0x0010c668	CONDITIONAL_JUMP	0
0x0010c681	0x0010c2a7	UNCONDITIONAL_JUMP	0
0x0010c688	0xStack[0x10]	READ	1
0x0010c68c	0xStack[0xc]	READ	1
0x0010c692	0x0010c8a9	UNCONDITIONAL_JUMP	0
0x0010c698	0xStack[0x8]	READ_WRITE	0
0x0010c69c	0xStack[0x8]	READ	1
0x0010c6a2	0xStack[-0x8]	WRITE	0
0x0010c6ac	0xStack[-0x8]	READ	1
0x0010c6b8	0x0010c6cb	CONDITIONAL_JUMP	0
0x0010c6ba	0xStack[0x10]	READ	1
0x0010c6be	0xStack[0xc]	READ	1
0x0010c6c3	0x0010cbac	UNCONDITIONAL_CALL	0
0x0010c6ce	0x0010c6ac	CONDITIONAL_JUMP	0
0x0010c6d0	0x0010c2a7	UNCONDITIONAL_JUMP	0
0x0010c6d8	0xStack[0x8]	READ_WRITE	0
0x0010c6dc	0xStack[0x8]	READ	1
0x0010c6e2	0xStack[-0x8]	WRITE	0
0x0010c6e5	0xStack[0x8]	READ_WRITE	0
0x0010c6e9	0xStack[0x8]	READ	1
0x0010c6f2	0x0010c720	CONDITIONAL_JUMP	0
0x0010c6f4	0xStack[0x10]	READ	1
0x0010c6f8	0xStack[0xc]	READ	1
0x0010c6fc	0x001dac18	DATA	0
0x0010c701	0x0010c974	UNCONDITIONAL_CALL	0
0x0010c70a	0xStack[0x10]	READ	1
0x0010c70e	0xStack[0xc]	READ	1
0x0010c714	0xStack[-0x8]	READ	1
0x0010c718	0x0010c9a8	UNCONDITIONAL_CALL	0
0x0010c720	0xStack[-0xc]	WRITE	0
0x0010c72a	0x0010c736	CONDITIONAL_JUMP	0
0x0010c72c	0xStack[-0x8]	READ	0
0x0010c730	0x0010c2a7	CONDITIONAL_JUMP	0
0x0010c736	0xStack[0x10]	READ	1
0x0010c73a	0xStack[0xc]	READ	1
0x0010c740	0x0010cbac	UNCONDITIONAL_CALL	0
0x0010c745	0xStack[-0x18]	WRITE	0
0x0010c74e	0x0010c89f	CONDITIONAL_JUMP	0
0x0010c758	0xStack[-0x8]	READ	1
0x0010c75b	0xStack[-0x18]	READ	1
0x0010c765	0x0010c78c	CONDITIONAL_JUMP	0
0x0010c76b	0x0010c792	UNCONDITIONAL_JUMP	0
0x0010c770	0xStack[0x10]	READ	1
0x0010c774	0xStack[0xc]	READ	1
0x0010c77c	0x0010c974	UNCONDITIONAL_CALL	0
0x0010c784	0x0010c871	UNCONDITIONAL_JUMP	0
0x0010c792	0xStack[-0xc]	READ	0
0x0010c796	0x0010c7bf	CONDITIONAL_JUMP	0
0x0010c79c	0x0010c7ad	CONDITIONAL_JUMP	0
0x0010c7a1	0x0010c7ad	CONDITIONAL_JUMP	0
0x0010c7a7	0x0010c813	CONDITIONAL_JUMP	0
0x0010c7ab	0x0010c7bf	CONDITIONAL_JUMP	0
0x0010c7ad	0xStack[0x10]	READ	1
0x0010c7b1	0xStack[0xc]	READ	1
0x0010c7b7	0x0010cbac	UNCONDITIONAL_CALL	0
0x0010c7c3	0x0010c813	CONDITIONAL_JUMP	0
0x0010c7c9	0x0010c7d4	CONDITIONAL_JUMP	0
0x0010c7ce	0x0010c7d4	CONDITIONAL_JUMP	0
0x0010c7d2	0x0010c7ef	CONDITIONAL_JUMP	0
0x0010c7d4	0xStack[0x10]	READ	1
0x0010c7d8	0xStack[0xc]	READ	1
0x0010c7e0	0x0010c974	UNCONDITIONAL_CALL	0
0x0010c7e5	0xStack[-0xc]	WRITE	0
0x0010c7f3	0x0010c7fa	CONDITIONAL_JUMP	0
0x0010c7f8	0x0010c813	CONDITIONAL_JUMP	0
0x0010c7fa	0xStack[0x10]	READ	1
0x0010c7fe	0xStack[0xc]	READ	1
0x0010c804	0x0010cbac	UNCONDITIONAL_CALL	0
0x0010c809	0xStack[-0xc]	WRITE	0
0x0010c818	0x0010c84a	CONDITIONAL_JUMP	0
0x0010c81c	0xStack[0x10]	READ	1
0x0010c820	0xStack[0xc]	READ	1
0x0010c824	0x0010c274	UNCONDITIONAL_CALL	0
0x0010c829	0xStack[-0xc]	WRITE	0
0x0010c836	0x0010c88c	CONDITIONAL_JUMP	0
0x0010c838	0xStack[0x10]	READ	1
0x0010c83c	0xStack[0xc]	READ	1
0x0010c842	0x0010cbac	UNCONDITIONAL_CALL	0
0x0010c84e	0x0010c88c	CONDITIONAL_JUMP	0
0x0010c850	0xStack[-0xc]	WRITE	0
0x0010c85d	0x0010c877	CONDITIONAL_JUMP	0
0x0010c862	0x0010c770	CONDITIONAL_JUMP	0
0x0010c86f	0x0010c860	CONDITIONAL_JUMP	0
0x0010c875	0x0010c88c	CONDITIONAL_JUMP	0
0x0010c877	0xStack[0x10]	READ	1
0x0010c87b	0xStack[0xc]	READ	1
0x0010c87f	0x001dac1b	DATA	0
0x0010c884	0x0010c974	UNCONDITIONAL_CALL	0
0x0010c88f	0xStack[-0x18]	READ_WRITE	0
0x0010c893	0xStack[-0x18]	READ	1
0x0010c899	0x0010c758	CONDITIONAL_JUMP	0
0x0010c89f	0xStack[0x10]	READ	1
0x0010c8a3	0xStack[0xc]	READ	1
0x0010c8a9	0x0010cbac	UNCONDITIONAL_CALL	0
0x0010c8b1	0x0010c2a7	UNCONDITIONAL_JUMP	0
0x0010c8b8	0xStack[0x10]	READ	1
0x0010c8bc	0xStack[0xc]	READ	1
0x0010c8c4	0x0010c974	UNCONDITIONAL_CALL	0
0x0010c8cc	0x0010c900	UNCONDITIONAL_JUMP	0
0x0010c8d0	0xStack[0x8]	READ_WRITE	0
0x0010c8d4	0xStack[0x8]	READ	1
0x0010c8da	0xStack[-0x8]	WRITE	0
0x0010c8dd	0xStack[0x8]	READ_WRITE	0
0x0010c8e1	0xStack[0x8]	READ	1
0x0010c8eb	0x0010c906	CONDITIONAL_JUMP	0
0x0010c8f0	0xStack[-0x8]	READ	1
0x0010c8f5	0x0010c8b8	CONDITIONAL_JUMP	0
0x0010c8fe	0x0010c8f0	CONDITIONAL_JUMP	0
0x0010c904	0x0010c91b	CONDITIONAL_JUMP	0
0x0010c906	0xStack[0x10]	READ	1
0x0010c90a	0xStack[0xc]	READ	1
0x0010c90e	0x001dac1f	DATA	0
0x0010c913	0x0010c974	UNCONDITIONAL_CALL	0
0x0010c91e	0x0010c92a	CONDITIONAL_JUMP	0
0x0010c924	0x0010c2a7	CONDITIONAL_JUMP	0
0x0010c92a	0xStack[0x10]	READ	1
0x0010c92e	0xStack[0xc]	READ	1
0x0010c934	0x0010cbac	UNCONDITIONAL_CALL	0
0x0010c93d	0xStack[0x10]	READ	1
0x0010c941	0xStack[0xc]	READ	1
0x0010c947	0xStack[-0x8]	READ	1
0x0010c94b	0x0010c9a8	UNCONDITIONAL_CALL	0
0x0010c953	0x0010c2a7	UNCONDITIONAL_JUMP	0
0x0010c958	0xStack[-0x14]	WRITE	0
0x0010c95f	0x0010c2a7	UNCONDITIONAL_JUMP	0
0x0010c964	0xStack[-0x14]	READ	1
0x0010c967	0xStack[-0x2c]	DATA	0
0x0010c97a	0xStack[0x4]	READ	1
0x0010c97d	0xStack[0x8]	READ	1
0x0010c980	0xStack[0xc]	READ	1
0x0010c983	0x0010c996	UNCONDITIONAL_JUMP	0
0x0010c98e	0x0010cbac	UNCONDITIONAL_CALL	0
0x0010c99b	0x0010c988	CONDITIONAL_JUMP	0
0x0010c99d	0xStack[-0x10]	DATA	0
0x0010c9b1	0xStack[0x4]	READ	1
0x0010c9b4	0xStack[0x8]	READ	1
0x0010c9b7	0xStack[0x18]	READ	1
0x0010c9bd	0x0010c9dd	CONDITIONAL_JUMP	0
0x0010c9c1	0x0010c9dd	CONDITIONAL_JUMP	0
0x0010c9c3	0xStack[0x10]	READ	1
0x0010c9c7	0xStack[0xc]	READ	1
0x0010c9cd	0xStack[-0x14]	WRITE	0
0x0010c9d0	0x0010cbac	UNCONDITIONAL_CALL	0
0x0010c9d5	0xStack[-0x14]	READ	1
0x0010c9dd	0xStack[-0x10]	DATA	0
0x0010c9e4	0x001dac23	DATA	1
0x0010c9ea	0xStack[-0x10]	DATA	0
0x0010c9ef	0x0010c9e0	CONDITIONAL_JUMP	0
0x0010c9f3	0x0010ca2f	CONDITIONAL_JUMP	0
0x0010c9f5	0xStack[-0x10]	DATA	0
0x0010ca02	0x0010ca2f	CONDITIONAL_JUMP	0
0x0010ca04	0xStack[0x14]	READ	0
0x0010ca08	0x0010ca18	CONDITIONAL_JUMP	0
0x0010ca0a	0xStack[0x10]	READ	1
0x0010ca0e	0xStack[0xc]	READ	1
0x0010ca14	0x0010ca22	UNCONDITIONAL_JUMP	0
0x0010ca18	0xStack[0x10]	READ	1
0x0010ca1c	0xStack[0xc]	READ	1
0x0010ca22	0x0010cbac	UNCONDITIONAL_CALL	0
0x0010ca2d	0x0010ca04	CONDITIONAL_JUMP	0
0x0010ca2f	0xStack[-0x10]	DATA	0
0x0010ca34	0xStack[0x10]	READ	1
0x0010ca38	0xStack[0xc]	READ	1
0x0010ca3d	0xStack[-0x10]	DATA	1
0x0010ca41	0x0010cbac	UNCONDITIONAL_CALL	0
0x0010ca4b	0x0010ca34	CONDITIONAL_JUMP	0
0x0010ca4d	0xStack[-0x20]	DATA	0
0x0010ca5b	0x001e9858	WRITE	0
0x0010ca71	0xStack[0x4]	READ	1
0x0010ca78	0x001e9858	READ	1
0x0010ca7f	0x0010ca7d	CONDITIONAL_JUMP	0
0x0010ca86	0x001e9858	READ_WRITE	0
0x0010ca91	0x0010ca78	CONDITIONAL_JUMP	0
0x0010ca93	0x001e9860	READ	0
0x0010ca9a	0x0010cabc	CONDITIONAL_JUMP	0
0x0010ca9c	0x001e985c	READ	0
0x0010caa3	0x0010caac	CONDITIONAL_JUMP	0
0x0010caa8	0x0010cacc	UNCONDITIONAL_JUMP	0
0x0010caae	0x001e9858	READ_WRITE	0
0x0010cab4	0x0018cea0	UNCONDITIONAL_CALL	0
0x0010cab9	0x0010cacc	UNCONDITIONAL_JUMP	0
0x0010cabc	0x001e9860	WRITE	0
0x0010cac2	0x001e985c	WRITE	0
0x0010cace	0x001e9858	READ_WRITE	0
0x0010cad5	0x001e985c	READ	1
0x0010cadc	0x001dac34	DATA	0
0x0010cae1	0x0010c0d8	UNCONDITIONAL_CALL	0
0x0010cae6	0x001e5659	DATA	0
0x0010caeb	0x001dac48	DATA	0
0x0010caf0	0x0010c0d8	UNCONDITIONAL_CALL	0
0x0010caf5	0x001e2634	READ	1
0x0010cafc	0x001dac53	DATA	0
0x0010cb01	0x001dac60	DATA	0
0x0010cb06	0x0018cca4	UNCONDITIONAL_CALL	0
0x0010cb0e	0x001dac66	DATA	0
0x0010cb16	0x00108b84	UNCONDITIONAL_CALL	0
0x0010cb1b	0xStack[-0xc]	DATA	0
0x0010cb28	0xStack[0x4]	READ	1
0x0010cb2c	0x001dac67	DATA	0
0x0010cb31	0x0010c0d8	UNCONDITIONAL_CALL	0
0x0010cb37	0x001dac7a	DATA	0
0x0010cb3e	0x0010c1c0	UNCONDITIONAL_CALL	0
0x0010cb43	0xStack[-0x8]	READ	1
0x0010cb4f	0xStack[0x4]	READ	1
0x0010cb6c	0xStack[0x8]	READ	1
0x0010cb70	0x001dac8d	DATA	0
0x0010cb75	0x0010c0d8	UNCONDITIONAL_CALL	0
0x0010cb87	0xStack[0x4]	READ	1
0x0010cb8b	0x0010cbac	UNCONDITIONAL_CALL	0
0x0010cb9f	0xStack[0x4]	READ	1
0x0010cba3	0x0010cbac	UNCONDITIONAL_CALL	0
0x0010cbb2	0xStack[0x4]	READ	1
0x0010cbb5	0xStack[0xc]	READ	1
0x0010cbb8	0xStack[0x8]	READ	1
0x0010cbbe	0x0010cbff	CONDITIONAL_JUMP	0
0x0010cbc0	0x0018b7ac	UNCONDITIONAL_CALL	0
0x0010cbc9	0x0010cbf6	CONDITIONAL_JUMP	0
0x0010cbd4	0x0010cbf6	CONDITIONAL_JUMP	0
0x0010cbd9	0x0010cbe6	CONDITIONAL_JUMP	0
0x0010cbde	0x00110014	UNCONDITIONAL_CALL	0
0x0010cbe8	0x00110014	UNCONDITIONAL_CALL	0
0x0010cbee	0x0010df2c	UNCONDITIONAL_CALL	0
0x0010cbf7	0x0018b544	UNCONDITIONAL_CALL	0
0x0010cbff	0xStack[0x8]	READ	1
0x0010cc05	0x0010cc78	CONDITIONAL_JUMP	0
0x0010cc09	0x0010cc78	CONDITIONAL_JUMP	0
0x0010cc0e	0x0010cc78	CONDITIONAL_JUMP	0
0x0010cc13	0x0010cc78	CONDITIONAL_JUMP	0
0x0010cc15	0x001dac14	READ	1
0x0010cc20	0x0010cc4b	CONDITIONAL_JUMP	0
0x0010cc38	0x001dac14	READ	1
0x0010cc49	0x0010cc38	CONDITIONAL_JUMP	0
0x0010cc4b	0x001dac14	READ	1
0x0010cc5d	0x001dac14	READ	1
0x0010cc68	0x0010cc71	CONDITIONAL_JUMP	0
0x0010cc6f	0x0010cc78	CONDITIONAL_JUMP	0
0x0010cc78	0xStack[0x8]	READ	1
0x0010cc7e	0x0010cc8a	CONDITIONAL_JUMP	0
0x0010cc82	0x0010cc8a	CONDITIONAL_JUMP	0
0x0010cc85	0x00194bc8	UNCONDITIONAL_CALL	0
0x0010cc8a	0xStack[0x8]	READ	1
0x0010cc90	0x0010cc9a	CONDITIONAL_JUMP	0
0x0010cc9a	0xStack[-0x10]	DATA	0
0x0010ccbf	0x001e875c	READ	1
0x0010ccd7	0x001e8758	READ	1
0x0010cce2	0x0010cce9	CONDITIONAL_JUMP	0
0x0010cce7	0x0010ccf2	CONDITIONAL_JUMP	0
0x0010cce9	0x001e875c	READ	1
0x0010ccfb	0x00156aac	UNCONDITIONAL_CALL	0
0x0010cd07	0xStack[0x8]	READ	1
0x0010cd0a	0xStack[0x4]	READ	1
0x0010cd0f	0x0010cd13	CONDITIONAL_JUMP	0
0x0010cd1b	0xStack[0x8]	READ	1
0x0010cd1e	0xStack[0x4]	READ	1
0x0010cd23	0x0010cd27	CONDITIONAL_JUMP	0
0x0010cd2f	0xStack[0x8]	READ	1
0x0010cd32	0xStack[0x4]	READ	1
0x0010cd37	0x0010cd3b	CONDITIONAL_JUMP	0
0x0010cd43	0xStack[0x8]	READ	1
0x0010cd46	0xStack[0x4]	READ	1
0x0010cd4b	0x0010cd4f	CONDITIONAL_JUMP	0
0x0010cd5a	0x001e875c	READ	1
0x0010cd65	0xStack[-0x24]	WRITE	0
0x0010cd6b	0xStack[-0x20]	WRITE	0
0x0010cd6e	0xStack[-0x24]	DATA	0
0x0010cd71	0xStack[-0x1c]	WRITE	0
0x0010cd74	0xStack[-0x18]	WRITE	0
0x0010cd7d	0xStack[-0x1c]	DATA	0
0x0010cd81	0x0010ceac	UNCONDITIONAL_CALL	0
0x0010cd96	0x001e875c	READ	1
0x0010cda2	0x0010cdac	CONDITIONAL_JUMP	0
0x0010cda8	0x0010cdf3	UNCONDITIONAL_JUMP	0
0x0010cdac	0xStack[-0x9c]	DATA	0
0x0010cdb2	0xStack[-0x1c]	WRITE	0
0x0010cdb8	0xStack[-0x18]	WRITE	0
0x0010cdcb	0x00189a5c	UNCONDITIONAL_CALL	0
0x0010cdd2	0x001e875c	READ	1
0x0010cdda	0x001e875c	READ	1
0x0010cde6	0x0010cdf3	CONDITIONAL_JUMP	0
0x0010cdea	0xStack[-0x1c]	DATA	0
0x0010cdee	0x0010ceac	UNCONDITIONAL_CALL	0
0x0010cdf3	0xStack[-0xa0]	READ	1
0x0010ce06	0x001e875c	READ	1
0x0010ce0e	0xStack[-0x24]	DATA	0
0x0010ce11	0xStack[-0x1c]	WRITE	0
0x0010ce14	0xStack[-0x18]	WRITE	0
0x0010ce1e	0xStack[-0x24]	WRITE	0
0x0010ce24	0xStack[-0x20]	WRITE	0
0x0010ce29	0xStack[-0x1c]	DATA	0
0x0010ce2d	0x0010ceac	UNCONDITIONAL_CALL	0
0x0010ce42	0x001e875c	READ	1
0x0010ce4e	0x0010ce58	CONDITIONAL_JUMP	0
0x0010ce54	0x0010ce9f	UNCONDITIONAL_JUMP	0
0x0010ce58	0xStack[-0x9c]	DATA	0
0x0010ce5e	0xStack[-0x1c]	WRITE	0
0x0010ce64	0xStack[-0x18]	WRITE	0
0x0010ce77	0x00189a5c	UNCONDITIONAL_CALL	0
0x0010ce7e	0x001e875c	READ	1
0x0010ce86	0x001e875c	READ	1
0x0010ce92	0x0010ce9f	CONDITIONAL_JUMP	0
0x0010ce96	0xStack[-0x1c]	DATA	0
0x0010ce9a	0x0010ceac	UNCONDITIONAL_CALL	0
0x0010ce9f	0xStack[-0xa0]	READ	1
0x0010ceb4	0xStack[-0x8]	WRITE	0
0x0010cebb	0x001e875c	READ	1
0x0010cec3	0x001e8758	READ	1
0x0010ced1	0x0010cf04	CONDITIONAL_JUMP	0
0x0010cedc	0xStack[-0x18]	WRITE	0
0x0010cee1	0x0010cf04	CONDITIONAL_JUMP	0
0x0010cee9	0x0010cf04	CONDITIONAL_JUMP	0
0x0010ceeb	0xStack[-0x18]	READ	1
0x0010cef1	0xStack[0x8]	READ	0
0x0010cef5	0x0010cf00	CONDITIONAL_JUMP	0
0x0010cef9	0x0010cf14	CONDITIONAL_JUMP	0
0x0010cefb	0x0010cf04	UNCONDITIONAL_JUMP	0
0x0010cf02	0x0010cf14	CONDITIONAL_JUMP	0
0x0010cf04	0x001e875c	READ	1
0x0010cf0d	0x0010d046	UNCONDITIONAL_JUMP	0
0x0010cf14	0xStack[0x4]	READ	1
0x0010cf27	0xStack[-0xc]	WRITE	0
0x0010cf33	0x0010cf5c	CONDITIONAL_JUMP	0
0x0010cf3d	0x0010cfcc	CONDITIONAL_JUMP	0
0x0010cf43	0xStack[0x4]	READ	1
0x0010cf4c	0x0010cfcc	CONDITIONAL_JUMP	0
0x0010cf51	0xStack[-0xc]	READ	1
0x0010cf55	0xStack[-0xc]	WRITE	0
0x0010cf5a	0x0010cf38	CONDITIONAL_JUMP	0
0x0010cf5c	0xStack[0x4]	READ	1
0x0010cf62	0xStack[-0x10]	WRITE	0
0x0010cf65	0xStack[0x4]	READ	1
0x0010cf6b	0xStack[-0x14]	WRITE	0
0x0010cf6e	0xStack[-0x18]	READ	1
0x0010cf74	0xStack[0x4]	READ	1
0x0010cf7a	0x001e875c	READ	1
0x0010cf83	0x00186f88	UNCONDITIONAL_CALL	0
0x0010cf8d	0x0010cfd8	CONDITIONAL_JUMP	0
0x0010cf8f	0xStack[-0x10]	READ	1
0x0010cf95	0x0010d005	CONDITIONAL_JUMP	0
0x0010cf97	0x001e8758	READ	1
0x0010cfb0	0x0010cfc0	CONDITIONAL_JUMP	0
0x0010cfb2	0x001e875c	READ	1
0x0010cfbb	0x0010d005	UNCONDITIONAL_JUMP	0
0x0010cfc0	0x001e875c	READ	1
0x0010cfc9	0x0010d005	UNCONDITIONAL_JUMP	0
0x0010cfcc	0x001e875c	READ	1
0x0010cfd5	0x0010d046	UNCONDITIONAL_JUMP	0
0x0010cfd8	0xStack[-0x8]	READ	1
0x0010cfdc	0xStack[-0x8]	WRITE	0
0x0010cfdf	0xStack[-0x8]	READ	1
0x0010cfe2	0xStack[-0x18]	READ	1
0x0010cfe8	0xStack[0x4]	READ	1
0x0010cfec	0xStack[0x8]	READ	1
0x0010cff0	0xStack[-0x18]	READ	1
0x0010cffa	0x001e875c	READ	1
0x0010d005	0x001e875c	READ	1
0x0010d00a	0xStack[-0x10]	READ	1
0x0010d00d	0xStack[0x4]	READ	1
0x0010d016	0xStack[-0x14]	READ	1
0x0010d01c	0xStack[-0x18]	READ	1
0x0010d022	0x001e875c	READ	1
0x0010d02b	0x0010d046	CONDITIONAL_JUMP	0
0x0010d036	0x0013ba10	UNCONDITIONAL_CALL	0
0x0010d040	0x0010cf65	CONDITIONAL_JUMP	0
0x0010d046	0xStack[-0x20]	DATA	0
0x0010d05c	0x001e875c	READ	1
0x0010d062	0xStack[-0x8c]	WRITE	0
0x0010d06b	0xStack[-0x88]	WRITE	0
0x0010d071	0x001e8758	READ	1
0x0010d077	0xStack[-0x94]	WRITE	0
0x0010d085	0x0010d09c	CONDITIONAL_JUMP	0
0x0010d092	0x0010d09c	CONDITIONAL_JUMP	0
0x0010d09a	0x0010d0ac	CONDITIONAL_JUMP	0
0x0010d09c	0x001e875c	READ	1
0x0010d0a5	0x0010d280	UNCONDITIONAL_JUMP	0
0x0010d0b0	0x0010d0c4	CONDITIONAL_JUMP	0
0x0010d0b2	0xStack[-0x8c]	READ	1
0x0010d0bc	0x0010d280	UNCONDITIONAL_JUMP	0
0x0010d0c4	0xStack[-0x88]	READ	1
0x0010d0d3	0x0010d0ec	CONDITIONAL_JUMP	0
0x0010d0d5	0xStack[-0x94]	READ	1
0x0010d0e5	0x0010d280	UNCONDITIONAL_JUMP	0
0x0010d0f2	0x0010d10c	CONDITIONAL_JUMP	0
0x0010d0f4	0xStack[-0x94]	READ	1
0x0010d104	0x0010d280	UNCONDITIONAL_JUMP	0
0x0010d116	0xStack[-0x94]	WRITE	0
0x0010d121	0x0010d134	CONDITIONAL_JUMP	0
0x0010d123	0xStack[-0x8c]	READ	1
0x0010d12d	0x0010d280	UNCONDITIONAL_JUMP	0
0x0010d136	0x0010d17c	CONDITIONAL_JUMP	0
0x0010d138	0xStack[-0x94]	READ	0
0x0010d13f	0x0010d1ac	CONDITIONAL_JUMP	0
0x0010d141	0xStack[-0x94]	READ	1
0x0010d148	0xStack[-0x84]	DATA	0
0x0010d14c	0xStack[-0x88]	READ	1
0x0010d156	0x00189a5c	UNCONDITIONAL_CALL	0
0x0010d15d	0x001e875c	READ	1
0x0010d165	0x001e875c	READ	1
0x0010d171	0x0010d280	CONDITIONAL_JUMP	0
0x0010d177	0x0010d1b8	UNCONDITIONAL_JUMP	0
0x0010d182	0x0010d1a4	CONDITIONAL_JUMP	0
0x0010d184	0xStack[-0x94]	READ	0
0x0010d18b	0x0010d1a4	CONDITIONAL_JUMP	0
0x0010d18d	0xStack[-0x94]	READ	1
0x0010d194	0xStack[-0x84]	DATA	0
0x0010d198	0x00101600	UNCONDITIONAL_CALL	0
0x0010d1a0	0x0010d1b8	UNCONDITIONAL_JUMP	0
0x0010d1aa	0x0010d1b8	CONDITIONAL_JUMP	0
0x0010d1ac	0xStack[-0x88]	READ	1
0x0010d1b5	0xStack[-0x84]	WRITE	0
0x0010d1be	0x0010d1f4	CONDITIONAL_JUMP	0
0x0010d1c0	0x0010d1cc	CONDITIONAL_JUMP	0
0x0010d1c8	0x0010d204	CONDITIONAL_JUMP	0
0x0010d1ca	0x0010d21c	UNCONDITIONAL_JUMP	0
0x0010d1d2	0x0010d1e0	CONDITIONAL_JUMP	0
0x0010d1da	0x0010d210	CONDITIONAL_JUMP	0
0x0010d1dc	0x0010d21c	UNCONDITIONAL_JUMP	0
0x0010d1e0	0xStack[-0x84]	READ	1
0x0010d1e7	0x00104478	UNCONDITIONAL_CALL	0
0x0010d1ec	0x0010d276	UNCONDITIONAL_JUMP	0
0x0010d1f4	0xStack[-0x84]	READ	1
0x0010d1fb	0x00104478	UNCONDITIONAL_CALL	0
0x0010d200	0x0010d276	UNCONDITIONAL_JUMP	0
0x0010d204	0xStack[-0x84]	READ	1
0x0010d209	0x001044ec	UNCONDITIONAL_CALL	0
0x0010d20e	0x0010d276	UNCONDITIONAL_JUMP	0
0x0010d210	0xStack[-0x84]	DATA	0
0x0010d215	0x001044b4	UNCONDITIONAL_CALL	0
0x0010d21a	0x0010d276	UNCONDITIONAL_JUMP	0
0x0010d21f	0xStack[-0x84]	DATA	0
0x0010d222	0xStack[-0x90]	WRITE	0
0x0010d232	0x001e875c	READ	1
0x0010d23a	0x001e875c	READ	1
0x0010d246	0x0010d280	CONDITIONAL_JUMP	0
0x0010d24e	0x0010d280	CONDITIONAL_JUMP	0
0x0010d250	0xStack[-0x94]	READ	0
0x0010d257	0x0010d280	CONDITIONAL_JUMP	0
0x0010d259	0xStack[-0x94]	READ	1
0x0010d260	0xStack[-0x88]	READ	1
0x0010d26a	0xStack[-0x90]	READ	1
0x0010d271	0x00189cec	UNCONDITIONAL_CALL	0
0x0010d278	0x001e875c	READ	1
0x0010d280	0xStack[-0xa0]	DATA	0
0x0010d299	0x001e875c	READ	1
0x0010d2a2	0xStack[-0x10]	WRITE	0
0x0010d2ab	0xStack[-0x14]	WRITE	0
0x0010d2ae	0xStack[-0x14]	READ	1
0x0010d2b1	0x001d10dc	DATA	1
0x0010d2bc	0x001d10dc	READ	1
0x0010d2bc	0x001d10e0	READ	1
0x0010d2be	0xStack[-0x10]	READ	1
0x0010d2c7	0x0010d2cf	CONDITIONAL_JUMP	0
0x0010d2cf	0xStack[-0x10]	READ	1
0x0010d2e1	0x0010d306	CONDITIONAL_JUMP	0
0x0010d2eb	0xStack[-0x14]	READ	1
0x0010d2f0	0x00189a5c	UNCONDITIONAL_CALL	0
0x0010d300	0x0010d3df	CONDITIONAL_JUMP	0
0x0010d306	0xStack[-0x10]	READ	1
0x0010d30e	0x0010d336	CONDITIONAL_JUMP	0
0x0010d320	0x00189a5c	UNCONDITIONAL_CALL	0
0x0010d330	0x0010d3df	CONDITIONAL_JUMP	0
0x0010d336	0xStack[-0x10]	READ	1
0x0010d33e	0x0010d362	CONDITIONAL_JUMP	0
0x0010d350	0x00189a5c	UNCONDITIONAL_CALL	0
0x0010d360	0x0010d3df	CONDITIONAL_JUMP	0
0x0010d362	0xStack[-0x10]	READ	1
0x0010d36a	0x0010d3df	CONDITIONAL_JUMP	0
0x0010d376	0x00189a5c	UNCONDITIONAL_CALL	0
0x0010d386	0x0010d3df	CONDITIONAL_JUMP	0
0x0010d389	0x0010b334	UNCONDITIONAL_CALL	0
0x0010d393	0x0010d3a4	CONDITIONAL_JUMP	0
0x0010d39f	0x0010d3df	UNCONDITIONAL_JUMP	0
0x0010d3ab	0x0010d3c4	CONDITIONAL_JUMP	0
0x0010d3b4	0x0010d3c4	CONDITIONAL_JUMP	0
0x0010d3c0	0x0010d3df	UNCONDITIONAL_JUMP	0
0x0010d3c4	0xStack[-0xc]	DATA	0
0x0010d3c8	0x0010ac84	UNCONDITIONAL_CALL	0
0x0010d3ce	0xStack[-0x14]	READ	1
0x0010d3d7	0x0010b3f8	UNCONDITIONAL_CALL	0
0x0010d3df	0x0010d3f0	UNCONDITIONAL_CALL	0
0x0010d3e4	0xStack[-0x20]	DATA	0
0x0010d3f9	0x001e875c	READ	1
0x0010d40f	0x0010d436	CONDITIONAL_JUMP	0
0x0010d411	0x00165318	UNCONDITIONAL_CALL	0
0x0010d41c	0x0010d42c	CONDITIONAL_JUMP	0
0x0010d428	0x0010d436	UNCONDITIONAL_JUMP	0
0x0010d43d	0x0010d568	CONDITIONAL_JUMP	0
0x0010d443	0x001e9864	READ	1
0x0010d449	0xStack[-0x14]	WRITE	0
0x0010d44c	0x001e8758	READ	1
0x0010d462	0x0010d614	UNCONDITIONAL_CALL	0
0x0010d469	0x001e875c	READ	1
0x0010d471	0x001e875c	READ	1
0x0010d485	0x0010d568	CONDITIONAL_JUMP	0
0x0010d48b	0x001e875c	READ	1
0x0010d494	0x0010d568	CONDITIONAL_JUMP	0
0x0010d4a1	0x0010d568	CONDITIONAL_JUMP	0
0x0010d4a7	0x0018c0d8	UNCONDITIONAL_CALL	0
0x0010d4ac	0xStack[-0x10]	WRITE	0
0x0010d4b3	0x0010d4ec	CONDITIONAL_JUMP	0
0x0010d4b5	0xStack[-0xc]	DATA	0
0x0010d4b9	0x0010ac84	UNCONDITIONAL_CALL	0
0x0010d4be	0xStack[-0xc]	READ	1
0x0010d4cc	0x0010d4db	CONDITIONAL_JUMP	0
0x0010d4ce	0x0010d4ec	CONDITIONAL_JUMP	0
0x0010d4d6	0xStack[-0x8]	READ	0
0x0010d4d9	0x0010d4ec	CONDITIONAL_JUMP	0
0x0010d4db	0xStack[-0x10]	READ	1
0x0010d4df	0x0018b544	UNCONDITIONAL_CALL	0
0x0010d4e7	0x0010d568	UNCONDITIONAL_JUMP	0
0x0010d4f4	0x0010d501	CONDITIONAL_JUMP	0
0x0010d4f6	0xStack[-0x14]	READ	1
0x0010d4f9	0x001e9864	READ	0
0x0010d4ff	0x0010d51c	CONDITIONAL_JUMP	0
0x0010d509	0xStack[-0x10]	READ	1
0x0010d50d	0x0018b544	UNCONDITIONAL_CALL	0
0x0010d515	0x0010d443	UNCONDITIONAL_JUMP	0
0x0010d532	0x0010d554	CONDITIONAL_JUMP	0
0x0010d53b	0x0010d3f0	DATA	0
0x0010d542	0x001e9868	DATA	0
0x0010d547	0x0010a898	UNCONDITIONAL_CALL	0
0x0010d54f	0x0010d568	UNCONDITIONAL_JUMP	0
0x0010d554	0x0010d3f0	DATA	0
0x0010d55b	0x001e9868	DATA	0
0x0010d560	0x0010a708	UNCONDITIONAL_CALL	0
0x0010d579	0x0010d5f0	CONDITIONAL_JUMP	0
0x0010d580	0x0010d59d	CONDITIONAL_JUMP	0
0x0010d58f	0x00189cec	UNCONDITIONAL_CALL	0
0x0010d5a2	0x0010d5c2	CONDITIONAL_JUMP	0
0x0010d5b4	0x00189cec	UNCONDITIONAL_CALL	0
0x0010d5c7	0x0010d5e7	CONDITIONAL_JUMP	0
0x0010d5d9	0x00189cec	UNCONDITIONAL_CALL	0
0x0010d5ee	0x0010d5fe	CONDITIONAL_JUMP	0
0x0010d5f0	0x001e875c	READ	1
0x0010d605	0x0019293c	UNCONDITIONAL_CALL	0
0x0010d60a	0xStack[-0x20]	DATA	0
0x0010d61d	0xStack[-0x14]	WRITE	0
0x0010d624	0xStack[-0x8]	WRITE	0
0x0010d62b	0xStack[-0x1c]	WRITE	0
0x0010d634	0xStack[-0x8]	READ	1
0x0010d637	0x001daca8	DATA	1
0x0010d63e	0xStack[-0x10]	WRITE	0
0x0010d641	0xStack[-0xc]	WRITE	0
0x0010d648	0xStack[0xc]	READ	1
0x0010d64b	0xStack[-0xc]	READ	0
0x0010d64e	0x0010d715	CONDITIONAL_JUMP	0
0x0010d654	0xStack[-0x1c]	READ	1
0x0010d657	0xStack[-0x18]	WRITE	0
0x0010d65c	0xStack[-0xc]	READ	1
0x0010d662	0xStack[-0x18]	READ	1
0x0010d668	0xStack[0x4]	READ	1
0x0010d670	0x0010d705	CONDITIONAL_JUMP	0
0x0010d676	0xStack[-0x20]	WRITE	0
0x0010d686	0x0010d68c	CONDITIONAL_JUMP	0
0x0010d68a	0x0010d6f8	UNCONDITIONAL_JUMP	0
0x0010d68c	0xStack[-0xc]	READ	1
0x0010d68f	0xStack[-0x20]	READ	1
0x0010d692	0xStack[0xc]	READ	0
0x0010d695	0x0010d705	CONDITIONAL_JUMP	0
0x0010d697	0x001e8758	READ	1
0x0010d6a2	0x0010d705	CONDITIONAL_JUMP	0
0x0010d6af	0x0010d6bc	CONDITIONAL_JUMP	0
0x0010d6b1	0x001e875c	READ	1
0x0010d6ba	0x0010d705	UNCONDITIONAL_JUMP	0
0x0010d6bf	0xStack[-0x10]	READ	1
0x0010d6ce	0x0010d6f4	CONDITIONAL_JUMP	0
0x0010d6d5	0xStack[-0x18]	READ	1
0x0010d6eb	0xStack[0x8]	READ	1
0x0010d6f1	0xStack[-0x14]	READ_WRITE	0
0x0010d6f6	0x0010d705	CONDITIONAL_JUMP	0
0x0010d6f8	0xStack[-0x20]	READ_WRITE	0
0x0010d6fb	0xStack[-0x20]	READ	0
0x0010d6ff	0x0010d680	CONDITIONAL_JUMP	0
0x0010d705	0xStack[-0xc]	READ_WRITE	0
0x0010d709	0xStack[0xc]	READ	1
0x0010d70c	0xStack[-0xc]	READ	0
0x0010d70f	0x0010d65c	CONDITIONAL_JUMP	0
0x0010d715	0xStack[-0x1c]	READ_WRITE	0
0x0010d719	0xStack[-0x8]	READ_WRITE	0
0x0010d71c	0xStack[-0x8]	READ	0
0x0010d720	0x0010d634	CONDITIONAL_JUMP	0
0x0010d726	0xStack[-0x14]	READ	1
0x0010d729	0xStack[-0x2c]	DATA	0
0x0010d745	0xStack[0x4]	READ	1
0x0010d748	0x0018c0d8	UNCONDITIONAL_CALL	0
0x0010d751	0x0010d78c	CONDITIONAL_JUMP	0
0x0010d75a	0x0010d774	CONDITIONAL_JUMP	0
0x0010d75c	0x001e9868	DATA	1
0x0010d763	0x0010d774	CONDITIONAL_JUMP	0
0x0010d766	0x0018b544	UNCONDITIONAL_CALL	0
0x0010d770	0x0010d7a5	UNCONDITIONAL_JUMP	0
0x0010d77b	0x0018b544	UNCONDITIONAL_CALL	0
0x0010d781	0x00166ea0	UNCONDITIONAL_CALL	0
0x0010d789	0x0010d795	UNCONDITIONAL_JUMP	0
0x0010d78d	0x0018b544	UNCONDITIONAL_CALL	0
0x0010d795	0x001e8b54	READ	1
0x0010d79c	0x00167238	UNCONDITIONAL_CALL	0
0x0010d7a5	0xStack[-0xc]	DATA	0
0x0010d7b4	0xStack[0x4]	READ	1
0x0010d7b9	0x0010d7c8	CONDITIONAL_JUMP	0
0x0010d7bb	0x001dacb4	DATA	0
0x0010d7c0	0x0010ca6c	UNCONDITIONAL_CALL	0
0x0010d7cc	0x0010d7d4	CONDITIONAL_JUMP	0
0x0010d7cf	0x00167184	UNCONDITIONAL_CALL	0
0x0010d7da	0xStack[-0x8]	READ	1
0x0010d7e9	0xStack[0x4]	READ	1
0x0010d7ec	0xStack[0x8]	READ	0
0x0010d7f0	0x0010d805	CONDITIONAL_JUMP	0
0x0010d7f2	0x001e9864	READ_WRITE	0
0x0010d7f8	0x001e9868	DATA	0
0x0010d7fd	0x0010ab38	UNCONDITIONAL_CALL	0
0x0010d807	0x0010d846	CONDITIONAL_JUMP	0
0x0010d810	0x0010d846	CONDITIONAL_JUMP	0
0x0010d812	0x0018c0d8	UNCONDITIONAL_CALL	0
0x0010d819	0x001e9868	DATA	1
0x0010d820	0x0010d82f	CONDITIONAL_JUMP	0
0x0010d827	0x0016303c	UNCONDITIONAL_CALL	0
0x0010d837	0x0010d840	CONDITIONAL_JUMP	0
0x0010d841	0x0018b544	UNCONDITIONAL_CALL	0
0x0010d846	0xStack[-0xc]	DATA	0
0x0010d853	0xStack[0x4]	READ	1
0x0010d856	0xStack[0xc]	READ	1
0x0010d859	0x001e8758	READ	1
0x0010d864	0x0010d872	CONDITIONAL_JUMP	0
0x0010d86c	0x0010d872	CONDITIONAL_JUMP	0
0x0010d872	0x00115068	DATA	1
0x0010d877	0xStack[0x8]	READ	0
0x0010d87b	0x0010d882	CONDITIONAL_JUMP	0
0x0010d87d	0x00115550	DATA	1
0x0010d88d	0x00115550	COMPUTED_CALL	0
0x0010d88d	0x00115068	COMPUTED_CALL	0
0x0010d899	0xStack[0x4]	READ	1
0x0010d89c	0xStack[0x8]	READ	1
0x0010d89f	0xStack[0xc]	READ	1
0x0010d8ab	0x0010d8f8	CONDITIONAL_JUMP	0
0x0010d8ad	0x0010d8d8	CONDITIONAL_JUMP	0
0x0010d8b5	0x0010d904	CONDITIONAL_JUMP	0
0x0010d8b7	0x0010d8c8	CONDITIONAL_JUMP	0
0x0010d8bf	0x0010d91c	CONDITIONAL_JUMP	0
0x0010d8c1	0x0010d964	UNCONDITIONAL_JUMP	0
0x0010d8ce	0x0010d93c	CONDITIONAL_JUMP	0
0x0010d8d0	0x0010d964	UNCONDITIONAL_JUMP	0
0x0010d8de	0x0010d950	CONDITIONAL_JUMP	0
0x0010d8e0	0x0010d8ec	CONDITIONAL_JUMP	0
0x0010d8e8	0x0010d934	CONDITIONAL_JUMP	0
0x0010d8ea	0x0010d964	UNCONDITIONAL_JUMP	0
0x0010d8f2	0x0010d948	CONDITIONAL_JUMP	0
0x0010d8f4	0x0010d964	UNCONDITIONAL_JUMP	0
0x0010d8fe	0x0010d99f	UNCONDITIONAL_JUMP	0
0x0010d907	0x0010d914	CONDITIONAL_JUMP	0
0x0010d90f	0x0010d8fc	UNCONDITIONAL_JUMP	0
0x0010d91a	0x0010d8fc	UNCONDITIONAL_JUMP	0
0x0010d91f	0x0010d92c	CONDITIONAL_JUMP	0
0x0010d927	0x0010d8fc	UNCONDITIONAL_JUMP	0
0x0010d932	0x0010d8fc	UNCONDITIONAL_JUMP	0
0x0010d938	0x0010d94c	UNCONDITIONAL_JUMP	0
0x0010d943	0x0010d8fc	UNCONDITIONAL_JUMP	0
0x0010d94e	0x0010d8fc	UNCONDITIONAL_JUMP	0
0x0010d95f	0x0010d8fc	UNCONDITIONAL_JUMP	0
0x0010d971	0x0010d980	CONDITIONAL_JUMP	0
0x0010d976	0x0011f060	UNCONDITIONAL_CALL	0
0x0010d97b	0x0010d99f	UNCONDITIONAL_JUMP	0
0x0010d983	0x0010d990	CONDITIONAL_JUMP	0
0x0010d987	0x00121d6c	UNCONDITIONAL_CALL	0
0x0010d98c	0x0010d99f	UNCONDITIONAL_JUMP	0
0x0010d99f	0xStack[-0xc]	DATA	0
0x0010d9ae	0xStack[0x4]	READ	1
0x0010d9b1	0xStack[0x8]	READ	1
0x0010d9b7	0x0018b958	UNCONDITIONAL_CALL	0
0x0010d9c1	0x0010d9e0	CONDITIONAL_JUMP	0
0x0010d9c3	0x0010d9d4	CONDITIONAL_JUMP	0
0x0010d9c7	0x0010da64	CONDITIONAL_JUMP	0
0x0010d9cd	0x0010da8c	UNCONDITIONAL_JUMP	0
0x0010d9d7	0x0010da10	CONDITIONAL_JUMP	0
0x0010d9d9	0x0010da8c	UNCONDITIONAL_JUMP	0
0x0010d9e5	0x0010d9ff	CONDITIONAL_JUMP	0
0x0010d9eb	0x0010d9ff	CONDITIONAL_JUMP	0
0x0010d9f2	0x0010d9ff	CONDITIONAL_JUMP	0
0x0010d9f9	0x0010da80	CONDITIONAL_JUMP	0
0x0010da00	0x0018b544	UNCONDITIONAL_CALL	0
0x0010da0a	0x0010da94	UNCONDITIONAL_JUMP	0
0x0010da2a	0x0010da2e	CONDITIONAL_JUMP	0
0x0010da30	0x0010da41	CONDITIONAL_JUMP	0
0x0010da36	0x0010da4e	CONDITIONAL_JUMP	0
0x0010da3f	0x0010da4e	CONDITIONAL_JUMP	0
0x0010da45	0x0010da4e	CONDITIONAL_JUMP	0
0x0010da4c	0x0010da5c	CONDITIONAL_JUMP	0
0x0010da4f	0x0018b544	UNCONDITIONAL_CALL	0
0x0010da59	0x0010da94	UNCONDITIONAL_JUMP	0
0x0010da5f	0x0010da83	UNCONDITIONAL_JUMP	0
0x0010da69	0x0010da71	CONDITIONAL_JUMP	0
0x0010da6f	0x0010da80	CONDITIONAL_JUMP	0
0x0010da72	0x0018b544	UNCONDITIONAL_CALL	0
0x0010da7c	0x0010da94	UNCONDITIONAL_JUMP	0
0x0010da84	0x001163f8	UNCONDITIONAL_CALL	0
0x0010da8d	0x0018b544	UNCONDITIONAL_CALL	0
0x0010da94	0xStack[-0x10]	DATA	0
0x0010daa5	0xStack[0x4]	READ	1
0x0010daa8	0xStack[0x8]	READ	1
0x0010daae	0x00101600	UNCONDITIONAL_CALL	0
0x0010dac3	0xStack[-0xc]	DATA	0
0x0010dad0	0xStack[0x4]	READ	1
0x0010dada	0x0010dae2	CONDITIONAL_JUMP	0
0x0010dadd	0x00114db8	UNCONDITIONAL_CALL	0
0x0010dae9	0xStack[-0x8]	READ	1
0x0010daf9	0xStack[0x4]	READ	1
0x0010db01	0xStack[-0xc]	WRITE	0
0x0010db07	0xStack[-0x8]	WRITE	0
0x0010db10	0xStack[-0x8]	READ	1
0x0010db1c	0xStack[-0x8]	WRITE	0
0x0010db22	0x0010db10	CONDITIONAL_JUMP	0
0x0010db24	0xStack[-0xc]	READ	1
0x0010db2a	0x0010dd5b	CONDITIONAL_JUMP	0
0x0010db36	0x0010db80	CONDITIONAL_JUMP	0
0x0010db3b	0xStack[-0x8]	WRITE	0
0x0010db41	0x0010db5c	CONDITIONAL_JUMP	0
0x0010db4b	0xStack[-0x8]	READ	1
0x0010db5f	0xStack[-0x8]	WRITE	0
0x0010db65	0x0010db80	CONDITIONAL_JUMP	0
0x0010db6f	0xStack[-0x8]	READ	1
0x0010db86	0x0010dbf4	CONDITIONAL_JUMP	0
0x0010db8b	0xStack[-0x8]	WRITE	0
0x0010db91	0x0010dbac	CONDITIONAL_JUMP	0
0x0010db9b	0xStack[-0x8]	READ	1
0x0010dbaf	0xStack[-0x8]	WRITE	0
0x0010dbb5	0x0010dbd0	CONDITIONAL_JUMP	0
0x0010dbbf	0xStack[-0x8]	READ	1
0x0010dbd3	0xStack[-0x8]	WRITE	0
0x0010dbd9	0x0010dbf4	CONDITIONAL_JUMP	0
0x0010dbe3	0xStack[-0x8]	READ	1
0x0010dbfa	0x0010dc44	CONDITIONAL_JUMP	0
0x0010dbff	0xStack[-0x8]	WRITE	0
0x0010dc05	0x0010dc20	CONDITIONAL_JUMP	0
0x0010dc0f	0xStack[-0x8]	READ	1
0x0010dc23	0xStack[-0x8]	WRITE	0
0x0010dc29	0x0010dc44	CONDITIONAL_JUMP	0
0x0010dc33	0xStack[-0x8]	READ	1
0x0010dc44	0xStack[-0xc]	READ	1
0x0010dc4d	0x0010dc57	CONDITIONAL_JUMP	0
0x0010dc55	0x0010dc5e	CONDITIONAL_JUMP	0
0x0010dc64	0x0010dc6d	CONDITIONAL_JUMP	0
0x0010dc6d	0xStack[-0xc]	READ	1
0x0010dc73	0x0010dd09	CONDITIONAL_JUMP	0
0x0010dc7c	0xStack[-0x8]	WRITE	0
0x0010dc82	0x0010dc9d	CONDITIONAL_JUMP	0
0x0010dc8c	0xStack[-0x8]	READ	1
0x0010dca0	0xStack[-0x8]	WRITE	0
0x0010dca6	0x0010dcc1	CONDITIONAL_JUMP	0
0x0010dcb0	0xStack[-0x8]	READ	1
0x0010dcc4	0xStack[-0x8]	WRITE	0
0x0010dcca	0x0010dce5	CONDITIONAL_JUMP	0
0x0010dcd4	0xStack[-0x8]	READ	1
0x0010dce8	0xStack[-0x8]	WRITE	0
0x0010dcee	0x0010dd09	CONDITIONAL_JUMP	0
0x0010dcf8	0xStack[-0x8]	READ	1
0x0010dd09	0xStack[-0xc]	READ	1
0x0010dd12	0x0010dd43	CONDITIONAL_JUMP	0
0x0010dd14	0xStack[-0x8]	WRITE	0
0x0010dd1c	0xStack[-0x8]	READ	1
0x0010dd25	0xStack[-0x8]	READ	1
0x0010dd3a	0xStack[-0x8]	READ_WRITE	0
0x0010dd3d	0xStack[-0x8]	READ	0
0x0010dd41	0x0010dd1c	CONDITIONAL_JUMP	0
0x0010dd4a	0x00101000	DATA	1
0x0010dd4f	0x0010dd5b	CONDITIONAL_JUMP	0
0x0010dd5b	0xStack[-0x18]	DATA	0
0x0010dd6c	0xStack[0x4]	READ	1
0x0010dd70	0x00111b58	UNCONDITIONAL_CALL	0
0x0010dd75	0x001daf2c	READ	1
0x0010dd7e	0x001daf30	READ	1
0x0010dd87	0x001daf34	READ	1
0x0010dd90	0x001daf38	READ	1
0x0010dda8	0x0010daf0	UNCONDITIONAL_CALL	0
0x0010ddad	0xStack[-0x8]	READ	1
0x0010ddb8	0xStack[0x4]	READ	1
0x0010ddbc	0x0010ddd0	UNCONDITIONAL_CALL	0
0x0010ddc4	0x0010de30	UNCONDITIONAL_CALL	0
0x0010ddc9	0xStack[-0x8]	READ	1
0x0010ddd5	0xStack[0x4]	READ	1
0x0010ddd8	0x0018b7ac	UNCONDITIONAL_CALL	0
0x0010dddf	0x0010de12	UNCONDITIONAL_JUMP	0
0x0010dde8	0x0010ddfa	CONDITIONAL_JUMP	0
0x0010ddeb	0x00111b58	UNCONDITIONAL_CALL	0
0x0010ddf8	0x0010de21	CONDITIONAL_JUMP	0
0x0010de0a	0x0010a588	UNCONDITIONAL_CALL	0
0x0010de16	0x0010dde4	CONDITIONAL_JUMP	0
0x0010de1f	0x0010dde4	CONDITIONAL_JUMP	0
0x0010de22	0x0018b544	UNCONDITIONAL_CALL	0
0x0010de27	0xStack[-0xc]	DATA	0
0x0010de39	0xStack[0x4]	READ	1
0x0010de3c	0xStack[0x8]	READ	1
0x0010de3f	0x0018b7ac	UNCONDITIONAL_CALL	0
0x0010de44	0xStack[-0x8]	WRITE	0
0x0010de4d	0x0010de6a	CONDITIONAL_JUMP	0
0x0010de55	0x00112db0	UNCONDITIONAL_CALL	0
0x0010de5f	0x0010de54	CONDITIONAL_JUMP	0
0x0010de62	0x0010ab38	UNCONDITIONAL_CALL	0
0x0010de70	0x0010dea9	CONDITIONAL_JUMP	0
0x0010de76	0x0010ab38	UNCONDITIONAL_CALL	0
0x0010de8e	0x001e2f4c	DATA	1
0x0010de9d	0x00112db0	UNCONDITIONAL_CALL	0
0x0010dea7	0x0010de9c	CONDITIONAL_JUMP	0
0x0010deaf	0x0010ded0	CONDITIONAL_JUMP	0
0x0010deb5	0x00112db0	UNCONDITIONAL_CALL	0
0x0010debf	0x0010deb4	CONDITIONAL_JUMP	0
0x0010ded0	0xStack[-0x8]	READ	1
0x0010ded4	0x0018b544	UNCONDITIONAL_CALL	0
0x0010ded9	0xStack[-0x14]	DATA	0
0x0010dee9	0xStack[0x4]	READ	1
0x0010deec	0x0018b7ac	UNCONDITIONAL_CALL	0
0x0010def5	0x0010df04	CONDITIONAL_JUMP	0
0x0010def7	0x001daf3a	DATA	0
0x0010defc	0x0010ca6c	UNCONDITIONAL_CALL	0
0x0010df13	0x001db008	DATA	1
0x0010df1c	0x0018b544	UNCONDITIONAL_CALL	0
0x0010df21	0xStack[-0xc]	DATA	0
0x0010df31	0xStack[0x4]	READ	1
0x0010df34	0x0018b7ac	UNCONDITIONAL_CALL	0
0x0010df42	0x0010df51	CONDITIONAL_JUMP	0
0x0010df49	0x0010df51	CONDITIONAL_JUMP	0
0x0010df52	0x0018b544	UNCONDITIONAL_CALL	0
0x0010df57	0xStack[-0xc]	DATA	0
0x0010df69	0xStack[0x4]	READ	1
0x0010df6c	0xStack[0x8]	READ	1
0x0010df70	0x00111b58	UNCONDITIONAL_CALL	0
0x0010df75	0xStack[-0x14]	WRITE	0
0x0010df7c	0xStack[-0x18]	WRITE	0
0x0010df88	0x0010e07e	CONDITIONAL_JUMP	0
0x0010df8e	0x0010e008	CONDITIONAL_JUMP	0
0x0010df96	0x0010e07e	CONDITIONAL_JUMP	0
0x0010df9c	0x0010dfd4	CONDITIONAL_JUMP	0
0x0010dfa4	0x0010e07e	CONDITIONAL_JUMP	0
0x0010dfaa	0x0010dfc0	CONDITIONAL_JUMP	0
0x0010dfb2	0x0010e07e	CONDITIONAL_JUMP	0
0x0010dfb8	0x0010e0ac	UNCONDITIONAL_JUMP	0
0x0010dfc6	0x0010e07e	CONDITIONAL_JUMP	0
0x0010dfcc	0x0010e0ac	UNCONDITIONAL_JUMP	0
0x0010dfda	0x0010e0ac	CONDITIONAL_JUMP	0
0x0010dfe6	0x0010e07e	CONDITIONAL_JUMP	0
0x0010dff2	0x0010e0ac	CONDITIONAL_JUMP	0
0x0010dffe	0x0010e0ac	CONDITIONAL_JUMP	0
0x0010e004	0x0010e07e	UNCONDITIONAL_JUMP	0
0x0010e00e	0x0010e07e	CONDITIONAL_JUMP	0
0x0010e010	0x0010e040	CONDITIONAL_JUMP	0
0x0010e018	0x0010e07e	CONDITIONAL_JUMP	0
0x0010e01a	0x0010e02c	CONDITIONAL_JUMP	0
0x0010e022	0x0010e07e	CONDITIONAL_JUMP	0
0x0010e024	0x0010e0ac	UNCONDITIONAL_JUMP	0
0x0010e032	0x0010e0ac	CONDITIONAL_JUMP	0
0x0010e03a	0x0010e0ac	CONDITIONAL_JUMP	0
0x0010e03c	0x0010e07e	UNCONDITIONAL_JUMP	0
0x0010e046	0x0010e0ac	CONDITIONAL_JUMP	0
0x0010e04e	0x0010e07e	CONDITIONAL_JUMP	0
0x0010e056	0x0010e0ac	CONDITIONAL_JUMP	0
0x0010e05e	0x0010e0ac	CONDITIONAL_JUMP	0
0x0010e060	0x0010e07e	UNCONDITIONAL_JUMP	0
0x0010e06a	0x001097f8	UNCONDITIONAL_CALL	0
0x0010e071	0x001e8df0	DATA	0
0x0010e076	0x0010a588	UNCONDITIONAL_CALL	0
0x0010e07e	0x001e8758	READ	1
0x0010e085	0xStack[-0x34]	WRITE	0
0x0010e090	0x0010e0ac	CONDITIONAL_JUMP	0
0x0010e098	0x0010e0ac	CONDITIONAL_JUMP	0
0x0010e09e	0x0010e0ac	CONDITIONAL_JUMP	0
0x0010e0a4	0x0010e0ac	CONDITIONAL_JUMP	0
0x0010e0aa	0x0010e064	CONDITIONAL_JUMP	0
0x0010e0b2	0x0010e3c0	CONDITIONAL_JUMP	0
0x0010e0b8	0x0010e1bc	CONDITIONAL_JUMP	0
0x0010e0c4	0x0010e844	CONDITIONAL_JUMP	0
0x0010e0ca	0x0010e144	CONDITIONAL_JUMP	0
0x0010e0d2	0x0010e2e8	CONDITIONAL_JUMP	0
0x0010e0d8	0x0010e110	CONDITIONAL_JUMP	0
0x0010e0e0	0x0010e7c0	CONDITIONAL_JUMP	0
0x0010e0e6	0x0010e0fc	CONDITIONAL_JUMP	0
0x0010e0ee	0x0010e548	CONDITIONAL_JUMP	0
0x0010e0f4	0x0010ec7c	UNCONDITIONAL_JUMP	0
0x0010e102	0x0010e798	CONDITIONAL_JUMP	0
0x0010e108	0x0010ec7c	UNCONDITIONAL_JUMP	0
0x0010e116	0x0010e8bc	CONDITIONAL_JUMP	0
0x0010e11c	0x0010e130	CONDITIONAL_JUMP	0
0x0010e124	0x0010e3d4	CONDITIONAL_JUMP	0
0x0010e12a	0x0010ec7c	UNCONDITIONAL_JUMP	0
0x0010e136	0x0010e874	CONDITIONAL_JUMP	0
0x0010e13c	0x0010ec7c	UNCONDITIONAL_JUMP	0
0x0010e14a	0x0010e7f4	CONDITIONAL_JUMP	0
0x0010e150	0x0010e17c	CONDITIONAL_JUMP	0
0x0010e158	0x0010e834	CONDITIONAL_JUMP	0
0x0010e164	0x0010ec7c	CONDITIONAL_JUMP	0
0x0010e170	0x0010ec7c	CONDITIONAL_JUMP	0
0x0010e176	0x0010e5a0	UNCONDITIONAL_JUMP	0
0x0010e182	0x0010e9a8	CONDITIONAL_JUMP	0
0x0010e188	0x0010e19c	CONDITIONAL_JUMP	0
0x0010e190	0x0010e80c	CONDITIONAL_JUMP	0
0x0010e196	0x0010ec7c	UNCONDITIONAL_JUMP	0
0x0010e1a2	0x0010ec7c	CONDITIONAL_JUMP	0
0x0010e1ae	0x0010ec7c	CONDITIONAL_JUMP	0
0x0010e1b4	0x0010ea48	UNCONDITIONAL_JUMP	0
0x0010e1c2	0x0010e2d4	CONDITIONAL_JUMP	0
0x0010e1c8	0x0010e250	CONDITIONAL_JUMP	0
0x0010e1d4	0x0010e9f8	CONDITIONAL_JUMP	0
0x0010e1da	0x0010e210	CONDITIONAL_JUMP	0
0x0010e1e2	0x0010e3ac	CONDITIONAL_JUMP	0
0x0010e1e8	0x0010e1fc	CONDITIONAL_JUMP	0
0x0010e1f0	0x0010e398	CONDITIONAL_JUMP	0
0x0010e1f6	0x0010ec7c	UNCONDITIONAL_JUMP	0
0x0010e202	0x0010ec28	CONDITIONAL_JUMP	0
0x0010e208	0x0010ec7c	UNCONDITIONAL_JUMP	0
0x0010e216	0x0010e4b8	CONDITIONAL_JUMP	0
0x0010e21c	0x0010e230	CONDITIONAL_JUMP	0
0x0010e224	0x0010e4f0	CONDITIONAL_JUMP	0
0x0010e22a	0x0010ec7c	UNCONDITIONAL_JUMP	0
0x0010e236	0x0010e494	CONDITIONAL_JUMP	0
0x0010e242	0x0010e2dc	CONDITIONAL_JUMP	0
0x0010e248	0x0010ec7c	UNCONDITIONAL_JUMP	0
0x0010e256	0x0010e770	CONDITIONAL_JUMP	0
0x0010e25c	0x0010e294	CONDITIONAL_JUMP	0
0x0010e264	0x0010e95c	CONDITIONAL_JUMP	0
0x0010e26a	0x0010e280	CONDITIONAL_JUMP	0
0x0010e272	0x0010e4b0	CONDITIONAL_JUMP	0
0x0010e278	0x0010ec7c	UNCONDITIONAL_JUMP	0
0x0010e286	0x0010e8ac	CONDITIONAL_JUMP	0
0x0010e28c	0x0010ec7c	UNCONDITIONAL_JUMP	0
0x0010e29a	0x0010e820	CONDITIONAL_JUMP	0
0x0010e2a0	0x0010e2b4	CONDITIONAL_JUMP	0
0x0010e2a8	0x0010e7e8	CONDITIONAL_JUMP	0
0x0010e2ae	0x0010ec7c	UNCONDITIONAL_JUMP	0
0x0010e2ba	0x0010e9e4	CONDITIONAL_JUMP	0
0x0010e2c6	0x0010ea34	CONDITIONAL_JUMP	0
0x0010e2cc	0x0010ec7c	UNCONDITIONAL_JUMP	0
0x0010e2d7	0x0010e8b0	UNCONDITIONAL_JUMP	0
0x0010e2e0	0x0010e99c	UNCONDITIONAL_JUMP	0
0x0010e2e8	0xStack[0xc]	READ	1
0x0010e2ed	0x001db1c8	READ	0
0x0010e2f3	0x0010e30a	CONDITIONAL_JUMP	0
0x0010e2fb	0xStack[-0x38]	WRITE	0
0x0010e2fe	0x001dafe8	DATA	0
0x0010e2fe	0x0010cca4	DATA	1
0x0010e308	0x0010e314	CONDITIONAL_JUMP	0
0x0010e30f	0x0010ec86	UNCONDITIONAL_JUMP	0
0x0010e31a	0x0010ec84	CONDITIONAL_JUMP	0
0x0010e320	0x0018b7ac	UNCONDITIONAL_CALL	0
0x0010e325	0xStack[-0x1c]	WRITE	0
0x0010e333	0x001dafec	DATA	1
0x0010e346	0xStack[-0x18]	READ	1
0x0010e34a	0xStack[-0x38]	READ	1
0x0010e34d	0x001dafe8	DATA	1
0x0010e355	0xStack[-0x38]	WRITE	0
0x0010e35d	0x0010e390	CONDITIONAL_JUMP	0
0x0010e375	0x001dafe8	DATA	1
0x0010e37d	0xStack[-0x1c]	READ	1
0x0010e381	0x0018b544	UNCONDITIONAL_CALL	0
0x0010e386	0xStack[-0x38]	READ	1
0x0010e389	0x0010ec86	UNCONDITIONAL_JUMP	0
0x0010e393	0x0010ec1a	UNCONDITIONAL_JUMP	0
0x0010e398	0x0018b7ac	UNCONDITIONAL_CALL	0
0x0010e39d	0xStack[-0x1c]	WRITE	0
0x0010e3a4	0x0010e539	UNCONDITIONAL_JUMP	0
0x0010e3ac	0x0018b7ac	UNCONDITIONAL_CALL	0
0x0010e3b1	0xStack[-0x1c]	WRITE	0
0x0010e3bb	0x0010ec1a	UNCONDITIONAL_JUMP	0
0x0010e3c0	0x0018b7ac	UNCONDITIONAL_CALL	0
0x0010e3c5	0xStack[-0x1c]	WRITE	0
0x0010e3cf	0x0010e539	UNCONDITIONAL_JUMP	0
0x0010e3d4	0xStack[0xc]	READ	1
0x0010e3d9	0xStack[-0x38]	WRITE	0
0x0010e3de	0x0010e3ec	CONDITIONAL_JUMP	0
0x0010e3e0	0xStack[-0x38]	WRITE	0
0x0010e3e7	0x0010e3f0	UNCONDITIONAL_JUMP	0
0x0010e3ec	0xStack[-0x38]	READ_WRITE	0
0x0010e3f0	0x0018b7ac	UNCONDITIONAL_CALL	0
0x0010e3f5	0xStack[-0x20]	WRITE	0
0x0010e3f8	0xStack[-0x38]	READ	1
0x0010e401	0x0010e41e	CONDITIONAL_JUMP	0
0x0010e409	0x00112db0	UNCONDITIONAL_CALL	0
0x0010e413	0x0010e408	CONDITIONAL_JUMP	0
0x0010e416	0x0010ab38	UNCONDITIONAL_CALL	0
0x0010e41e	0xStack[-0x38]	READ	1
0x0010e424	0x0010e465	CONDITIONAL_JUMP	0
0x0010e42a	0x0010ab38	UNCONDITIONAL_CALL	0
0x0010e440	0xStack[-0x34]	WRITE	0
0x0010e443	0xStack[-0x38]	READ	1
0x0010e448	0xStack[-0x34]	READ	1
0x0010e44b	0x001e2f4c	DATA	1
0x0010e459	0x00112db0	UNCONDITIONAL_CALL	0
0x0010e463	0x0010e458	CONDITIONAL_JUMP	0
0x0010e465	0xStack[-0x38]	READ	1
0x0010e46b	0x0010e48c	CONDITIONAL_JUMP	0
0x0010e471	0x00112db0	UNCONDITIONAL_CALL	0
0x0010e47b	0x0010e470	CONDITIONAL_JUMP	0
0x0010e48c	0xStack[-0x20]	READ	1
0x0010e48f	0x0010e53c	UNCONDITIONAL_JUMP	0
0x0010e494	0x0018b7ac	UNCONDITIONAL_CALL	0
0x0010e499	0xStack[-0x1c]	WRITE	0
0x0010e49c	0xStack[-0x14]	READ	1
0x0010e4a0	0x0010ec90	UNCONDITIONAL_CALL	0
0x0010e4a5	0xStack[0xc]	READ	1
0x0010e4aa	0x0010ec1a	UNCONDITIONAL_JUMP	0
0x0010e4b3	0x0010e99c	UNCONDITIONAL_JUMP	0
0x0010e4b8	0x0018b7ac	UNCONDITIONAL_CALL	0
0x0010e4bd	0xStack[-0x1c]	WRITE	0
0x0010e4c6	0x0010ec1a	CONDITIONAL_JUMP	0
0x0010e4df	0x001e2f4c	DATA	1
0x0010e4eb	0x0010ec1a	UNCONDITIONAL_JUMP	0
0x0010e4f0	0x0018b7ac	UNCONDITIONAL_CALL	0
0x0010e4f5	0xStack[-0x1c]	WRITE	0
0x0010e4fe	0x0010e506	CONDITIONAL_JUMP	0
0x0010e504	0x0010e539	CONDITIONAL_JUMP	0
0x0010e513	0x0018b7ac	UNCONDITIONAL_CALL	0
0x0010e521	0x0010e530	CONDITIONAL_JUMP	0
0x0010e528	0x0010e530	CONDITIONAL_JUMP	0
0x0010e531	0x0018b544	UNCONDITIONAL_CALL	0
0x0010e539	0xStack[-0x1c]	READ	1
0x0010e53d	0x0018b544	UNCONDITIONAL_CALL	0
0x0010e542	0x0010ec84	UNCONDITIONAL_JUMP	0
0x0010e548	0x001e8758	READ	1
0x0010e555	0x0010e578	CONDITIONAL_JUMP	0
0x0010e557	0xStack[0x10]	READ	1
0x0010e55d	0x0010e942	CONDITIONAL_JUMP	0
0x0010e569	0x0010e578	CONDITIONAL_JUMP	0
0x0010e570	0x0010ec86	UNCONDITIONAL_JUMP	0
0x0010e578	0x0018b7ac	UNCONDITIONAL_CALL	0
0x0010e57d	0xStack[-0x1c]	WRITE	0
0x0010e58b	0xStack[0xc]	READ	1
0x0010e592	0x001daffc	DATA	1
0x0010e59a	0x0010ec1a	UNCONDITIONAL_JUMP	0
0x0010e5a0	0xStack[0xc]	READ	1
0x0010e5a9	0xStack[0xc]	READ	1
0x0010e5b2	0xStack[0xc]	READ	1
0x0010e5ba	0xStack[0xc]	READ	1
0x0010e5cc	0xStack[0xc]	READ	1
0x0010e5d5	0xStack[-0x38]	WRITE	0
0x0010e5d8	0x0018b7ac	UNCONDITIONAL_CALL	0
0x0010e5dd	0xStack[-0x1c]	WRITE	0
0x0010e5e5	0x0010e5fe	CONDITIONAL_JUMP	0
0x0010e5e7	0xStack[-0x38]	READ	1
0x0010e5f0	0x0010e5fe	CONDITIONAL_JUMP	0
0x0010e5f8	0x0010e69c	CONDITIONAL_JUMP	0
0x0010e5fe	0x0018b7ac	UNCONDITIONAL_CALL	0
0x0010e605	0x0010e636	UNCONDITIONAL_JUMP	0
0x0010e60c	0x0010e61e	CONDITIONAL_JUMP	0
0x0010e60f	0x00111b58	UNCONDITIONAL_CALL	0
0x0010e61c	0x0010e645	CONDITIONAL_JUMP	0
0x0010e62e	0x0010a588	UNCONDITIONAL_CALL	0
0x0010e63a	0x0010e608	CONDITIONAL_JUMP	0
0x0010e643	0x0010e608	CONDITIONAL_JUMP	0
0x0010e646	0x0018b544	UNCONDITIONAL_CALL	0
0x0010e64e	0x0018b7ac	UNCONDITIONAL_CALL	0
0x0010e653	0xStack[-0x24]	WRITE	0
0x0010e65d	0x00112db0	UNCONDITIONAL_CALL	0
0x0010e667	0x0010e65c	CONDITIONAL_JUMP	0
0x0010e66a	0x0010ab38	UNCONDITIONAL_CALL	0
0x0010e675	0x00112db0	UNCONDITIONAL_CALL	0
0x0010e67f	0x0010e674	CONDITIONAL_JUMP	0
0x0010e690	0xStack[-0x24]	READ	1
0x0010e694	0x0018b544	UNCONDITIONAL_CALL	0
0x0010e699	0x0010e709	UNCONDITIONAL_JUMP	0
0x0010e6a1	0xStack[-0x38]	READ	1
0x0010e6a9	0x0010e70c	CONDITIONAL_JUMP	0
0x0010e6ad	0x0010e6f4	CONDITIONAL_JUMP	0
0x0010e6b4	0x00113500	UNCONDITIONAL_CALL	0
0x0010e6bb	0xStack[-0x10]	WRITE	0
0x0010e6c1	0xStack[-0xc]	WRITE	0
0x0010e6c7	0xStack[-0x8]	WRITE	0
0x0010e6db	0xStack[-0x10]	READ	1
0x0010e6e1	0xStack[-0xc]	READ	1
0x0010e6e7	0xStack[-0x8]	READ	1
0x0010e6f0	0x0010e70c	UNCONDITIONAL_JUMP	0
0x0010e6fc	0xStack[-0x38]	READ_WRITE	0
0x0010e704	0x001111b0	UNCONDITIONAL_CALL	0
0x0010e70c	0xStack[-0x38]	READ	1
0x0010e712	0xStack[-0x14]	READ	1
0x0010e729	0x0010daf0	UNCONDITIONAL_CALL	0
0x0010e735	0x0010ec1a	CONDITIONAL_JUMP	0
0x0010e742	0x0018b7ac	UNCONDITIONAL_CALL	0
0x0010e750	0x0010e75f	CONDITIONAL_JUMP	0
0x0010e757	0x0010e75f	CONDITIONAL_JUMP	0
0x0010e760	0x0018b544	UNCONDITIONAL_CALL	0
0x0010e768	0x0010ec1a	UNCONDITIONAL_JUMP	0
0x0010e773	0xStack[0xc]	READ	1
0x0010e792	0x0010ec84	UNCONDITIONAL_JUMP	0
0x0010e798	0x0018b7ac	UNCONDITIONAL_CALL	0
0x0010e79d	0xStack[-0x1c]	WRITE	0
0x0010e7a0	0xStack[0xc]	READ	1
0x0010e7a6	0x0010e7b4	CONDITIONAL_JUMP	0
0x0010e7af	0x0010ec1a	UNCONDITIONAL_JUMP	0
0x0010e7bb	0x0010ec1a	UNCONDITIONAL_JUMP	0
0x0010e7c0	0x0018b7ac	UNCONDITIONAL_CALL	0
0x0010e7c5	0xStack[-0x1c]	WRITE	0
0x0010e7c8	0xStack[0xc]	READ	1
0x0010e7ce	0x0010e7dc	CONDITIONAL_JUMP	0
0x0010e7d7	0x0010ec1a	UNCONDITIONAL_JUMP	0
0x0010e7e3	0x0010ec1a	UNCONDITIONAL_JUMP	0
0x0010e7ea	0xStack[0xc]	READ	1
0x0010e7f1	0x0010e829	UNCONDITIONAL_JUMP	0
0x0010e7fa	0xStack[0xc]	READ	1
0x0010e7fe	0x001013cc	UNCONDITIONAL_CALL	0
0x0010e803	0xStack[-0x14]	READ	1
0x0010e806	0x0010e89e	UNCONDITIONAL_JUMP	0
0x0010e812	0xStack[0xc]	READ	1
0x0010e816	0x001013cc	UNCONDITIONAL_CALL	0
0x0010e81b	0xStack[-0x14]	READ	1
0x0010e81e	0x0010e89e	UNCONDITIONAL_JUMP	0
0x0010e822	0xStack[0xc]	READ	1
0x0010e82a	0x001013cc	UNCONDITIONAL_CALL	0
0x0010e82f	0x0010ec84	UNCONDITIONAL_JUMP	0
0x0010e834	0xStack[0xc]	READ	1
0x0010e83f	0x0010e851	UNCONDITIONAL_JUMP	0
0x0010e844	0xStack[0xc]	READ	1
0x0010e851	0xStack[-0x14]	READ	1
0x0010e868	0x0010daf0	UNCONDITIONAL_CALL	0
0x0010e86d	0x0010ec84	UNCONDITIONAL_JUMP	0
0x0010e87b	0xStack[0xc]	READ	1
0x0010e888	0xStack[-0x14]	READ	1
0x0010e89f	0x0010daf0	UNCONDITIONAL_CALL	0
0x0010e8a4	0x0010ec84	UNCONDITIONAL_JUMP	0
0x0010e8b0	0xStack[0xc]	READ	1
0x0010e8b5	0x0010ec84	UNCONDITIONAL_JUMP	0
0x0010e8bc	0x001e8758	READ	1
0x0010e8c4	0xStack[-0x28]	WRITE	0
0x0010e8c7	0xStack[0xc]	READ	1
0x0010e8cc	0xStack[-0x38]	WRITE	0
0x0010e8d3	0x0010e930	CONDITIONAL_JUMP	0
0x0010e8d6	0x001074d8	UNCONDITIONAL_CALL	0
0x0010e8e2	0x00107898	UNCONDITIONAL_CALL	0
0x0010e8e7	0xStack[-0x38]	READ	0
0x0010e8eb	0x0010e8f1	CONDITIONAL_JUMP	0
0x0010e8ef	0x0010e8fc	CONDITIONAL_JUMP	0
0x0010e8f6	0x0010ec86	UNCONDITIONAL_JUMP	0
0x0010e902	0xStack[-0x14]	READ	1
0x0010e908	0x0010e98e	CONDITIONAL_JUMP	0
0x0010e90e	0xStack[-0x28]	READ	1
0x0010e915	0x0010e98e	CONDITIONAL_JUMP	0
0x0010e91a	0x0010e942	CONDITIONAL_JUMP	0
0x0010e91c	0xStack[-0x14]	READ	1
0x0010e92a	0x0010ec84	UNCONDITIONAL_JUMP	0
0x0010e938	0x0010e94c	CONDITIONAL_JUMP	0
0x0010e93a	0xStack[0x10]	READ	1
0x0010e940	0x0010e94c	CONDITIONAL_JUMP	0
0x0010e947	0x0010ec86	UNCONDITIONAL_JUMP	0
0x0010e94c	0xStack[-0x38]	READ	1
0x0010e954	0x0010ec84	UNCONDITIONAL_JUMP	0
0x0010e95c	0x001e8758	READ	1
0x0010e968	0x0010e998	CONDITIONAL_JUMP	0
0x0010e96f	0x00107898	UNCONDITIONAL_CALL	0
0x0010e97a	0xStack[-0x14]	READ	1
0x0010e980	0x0010e98e	CONDITIONAL_JUMP	0
0x0010e986	0x0010e98e	CONDITIONAL_JUMP	0
0x0010e98c	0x0010e998	CONDITIONAL_JUMP	0
0x0010e993	0x0010ec86	UNCONDITIONAL_JUMP	0
0x0010e99c	0xStack[0xc]	READ	1
0x0010e9a1	0x0010ec84	UNCONDITIONAL_JUMP	0
0x0010e9aa	0xStack[0xc]	READ	1
0x0010e9b2	0x001012fc	UNCONDITIONAL_CALL	0
0x0010e9bc	0x0010ec84	CONDITIONAL_JUMP	0
0x0010e9c2	0xStack[0xc]	READ	1
0x0010e9d7	0x001097f8	UNCONDITIONAL_CALL	0
0x0010e9dc	0x0010ec84	UNCONDITIONAL_JUMP	0
0x0010e9e4	0xStack[0xc]	READ	1
0x0010e9f2	0x0010ec84	UNCONDITIONAL_JUMP	0
0x0010e9f8	0x001e97d0	DATA	1
0x0010e9fe	0x0010ea26	CONDITIONAL_JUMP	0
0x0010ea00	0x001e98bc	READ	1
0x0010ea1d	0x001e2f48	DATA	1
0x0010ea26	0x001e98bc	WRITE	0
0x0010ea2c	0x0010ec84	UNCONDITIONAL_JUMP	0
0x0010ea34	0xStack[0xc]	READ	1
0x0010ea38	0xStack[-0x14]	READ	1
0x0010ea3c	0x001117e8	UNCONDITIONAL_CALL	0
0x0010ea41	0x0010ec84	UNCONDITIONAL_JUMP	0
0x0010ea48	0xStack[0xc]	READ	1
0x0010ea4b	0xStack[-0x2c]	WRITE	0
0x0010ea4e	0x0018b7ac	UNCONDITIONAL_CALL	0
0x0010ea53	0xStack[-0x1c]	WRITE	0
0x0010ea5a	0x0010ea64	CONDITIONAL_JUMP	0
0x0010ea6d	0x0010eb24	CONDITIONAL_JUMP	0
0x0010ea73	0x0018b7ac	UNCONDITIONAL_CALL	0
0x0010ea78	0xStack[-0x38]	WRITE	0
0x0010ea7b	0x0010eaae	UNCONDITIONAL_JUMP	0
0x0010ea84	0x0010ea96	CONDITIONAL_JUMP	0
0x0010ea87	0x00111b58	UNCONDITIONAL_CALL	0
0x0010ea94	0x0010eabd	CONDITIONAL_JUMP	0
0x0010eaa6	0x0010a588	UNCONDITIONAL_CALL	0
0x0010eab2	0x0010ea80	CONDITIONAL_JUMP	0
0x0010eabb	0x0010ea80	CONDITIONAL_JUMP	0
0x0010eabd	0xStack[-0x38]	READ	1
0x0010eac1	0x0018b544	UNCONDITIONAL_CALL	0
0x0010eacf	0x0010eb24	CONDITIONAL_JUMP	0
0x0010ead1	0x0018b7ac	UNCONDITIONAL_CALL	0
0x0010ead6	0xStack[-0x30]	WRITE	0
0x0010eadc	0xStack[-0x38]	WRITE	0
0x0010eae0	0xStack[-0x38]	READ	1
0x0010eae4	0x00112db0	UNCONDITIONAL_CALL	0
0x0010eaee	0x0010eae0	CONDITIONAL_JUMP	0
0x0010eaf1	0x0010ab38	UNCONDITIONAL_CALL	0
0x0010eafd	0x00112db0	UNCONDITIONAL_CALL	0
0x0010eb07	0x0010eafc	CONDITIONAL_JUMP	0
0x0010eb18	0xStack[-0x30]	READ	1
0x0010eb1c	0x0018b544	UNCONDITIONAL_CALL	0
0x0010eb24	0xStack[-0x2c]	READ	1
0x0010eb2c	0x0010eb57	CONDITIONAL_JUMP	0
0x0010eb34	0x0010eb57	CONDITIONAL_JUMP	0
0x0010eb36	0xStack[-0x14]	READ	1
0x0010eb3e	0x0010eb57	CONDITIONAL_JUMP	0
0x0010eb43	0x0010eb57	CONDITIONAL_JUMP	0
0x0010eb4f	0x001111b0	UNCONDITIONAL_CALL	0
0x0010eb65	0xStack[-0x2c]	READ	1
0x0010eb71	0xStack[-0x38]	WRITE	0
0x0010eb7a	0x0010ebd9	CONDITIONAL_JUMP	0
0x0010eb7e	0x0010ebd9	CONDITIONAL_JUMP	0
0x0010eb82	0x0010eb98	CONDITIONAL_JUMP	0
0x0010eb8d	0x001111b0	UNCONDITIONAL_CALL	0
0x0010eb95	0x0010ebd9	UNCONDITIONAL_JUMP	0
0x0010eb9d	0x00113500	UNCONDITIONAL_CALL	0
0x0010eba4	0xStack[-0x10]	WRITE	0
0x0010ebaa	0xStack[-0xc]	WRITE	0
0x0010ebb0	0xStack[-0x8]	WRITE	0
0x0010ebc4	0xStack[-0x10]	READ	1
0x0010ebca	0xStack[-0xc]	READ	1
0x0010ebd0	0xStack[-0x8]	READ	1
0x0010ebd9	0xStack[-0x38]	READ	0
0x0010ebdd	0x0010ec04	CONDITIONAL_JUMP	0
0x0010ebdf	0xStack[-0x14]	READ	1
0x0010ebeb	0xStack[-0x2c]	READ	1
0x0010ebf9	0x0010ec04	CONDITIONAL_JUMP	0
0x0010ebfc	0x001111b0	UNCONDITIONAL_CALL	0
0x0010ec04	0xStack[-0x2c]	READ	1
0x0010ec08	0xStack[-0x14]	READ	1
0x0010ec0c	0x00111474	UNCONDITIONAL_CALL	0
0x0010ec11	0xStack[-0x14]	READ	1
0x0010ec15	0x0010daf0	UNCONDITIONAL_CALL	0
0x0010ec1a	0xStack[-0x1c]	READ	1
0x0010ec1e	0x0018b544	UNCONDITIONAL_CALL	0
0x0010ec23	0x0010ec84	UNCONDITIONAL_JUMP	0
0x0010ec28	0x0018b7ac	UNCONDITIONAL_CALL	0
0x0010ec2f	0x0010ec62	UNCONDITIONAL_JUMP	0
0x0010ec38	0x0010ec4a	CONDITIONAL_JUMP	0
0x0010ec3b	0x00111b58	UNCONDITIONAL_CALL	0
0x0010ec48	0x0010ec71	CONDITIONAL_JUMP	0
0x0010ec5a	0x0010a588	UNCONDITIONAL_CALL	0
0x0010ec66	0x0010ec34	CONDITIONAL_JUMP	0
0x0010ec6f	0x0010ec34	CONDITIONAL_JUMP	0
0x0010ec72	0x0018b544	UNCONDITIONAL_CALL	0
0x0010ec77	0x0010ec84	UNCONDITIONAL_JUMP	0
0x0010ec81	0x0010ec86	UNCONDITIONAL_JUMP	0
0x0010ec86	0xStack[-0x44]	DATA	0
0x0010ec95	0xStack[0x4]	READ	1
0x0010ec9e	0x0010eca6	CONDITIONAL_JUMP	0
0x0010eca1	0x0010f260	UNCONDITIONAL_CALL	0
0x0010ecad	0x0010ecbb	CONDITIONAL_JUMP	0
0x0010ecb7	0x0010ecbb	CONDITIONAL_JUMP	0
0x0010ecbd	0xStack[-0xc]	DATA	0
0x0010ecd1	0xStack[0x4]	READ	1
0x0010ecd4	0xStack[0x8]	READ	1
0x0010ecd8	0x00111b58	UNCONDITIONAL_CALL	0
0x0010ecdf	0x0018b7ac	UNCONDITIONAL_CALL	0
0x0010ece4	0xStack[-0x8]	WRITE	0
0x0010eced	0x0010ecf8	CONDITIONAL_JUMP	0
0x0010ecf2	0x0010ed48	CONDITIONAL_JUMP	0
0x0010ecf4	0x0010ed72	UNCONDITIONAL_JUMP	0
0x0010ecfe	0x0010ed09	CONDITIONAL_JUMP	0
0x0010ed01	0x0010f260	UNCONDITIONAL_CALL	0
0x0010ed10	0x0010ed1e	CONDITIONAL_JUMP	0
0x0010ed1a	0x0010ed1e	CONDITIONAL_JUMP	0
0x0010ed20	0x0010ed80	CONDITIONAL_JUMP	0
0x0010ed27	0x0010ed2f	CONDITIONAL_JUMP	0
0x0010ed2d	0x0010ed80	CONDITIONAL_JUMP	0
0x0010ed33	0x0010d740	UNCONDITIONAL_CALL	0
0x0010ed3d	0x0010ed72	CONDITIONAL_JUMP	0
0x0010ed46	0x0010ed72	UNCONDITIONAL_JUMP	0
0x0010ed4e	0x001daeac	DATA	1
0x0010ed59	0x0010ed80	CONDITIONAL_JUMP	0
0x0010ed5f	0x0010d740	UNCONDITIONAL_CALL	0
0x0010ed69	0x0010ed72	CONDITIONAL_JUMP	0
0x0010ed72	0xStack[-0x8]	READ	1
0x0010ed76	0x0018b544	UNCONDITIONAL_CALL	0
0x0010ed7d	0x0010ed8e	UNCONDITIONAL_JUMP	0
0x0010ed80	0xStack[-0x8]	READ	1
0x0010ed84	0x0018b544	UNCONDITIONAL_CALL	0
0x0010ed8e	0xStack[-0x14]	DATA	0
0x0010eda1	0xStack[0x8]	READ	1
0x0010eda4	0xStack[0x4]	READ	1
0x0010eda8	0xStack[-0x8]	WRITE	0
0x0010edad	0x00111b58	UNCONDITIONAL_CALL	0
0x0010edb2	0xStack[-0xc]	WRITE	0
0x0010edb5	0x001e8758	READ	1
0x0010edc1	0x00107898	UNCONDITIONAL_CALL	0
0x0010edcf	0x0010ee44	CONDITIONAL_JUMP	0
0x0010edda	0x0010eec2	CONDITIONAL_JUMP	0
0x0010ede4	0x0010eec2	CONDITIONAL_JUMP	0
0x0010edea	0xStack[-0xc]	READ	1
0x0010edf1	0x0010eec2	CONDITIONAL_JUMP	0
0x0010edfb	0x0010eec2	CONDITIONAL_JUMP	0
0x0010ee01	0x001e8758	READ	1
0x0010ee0c	0x001e8758	READ	1
0x0010ee11	0xStack[-0x8]	READ	1
0x0010ee3f	0x0010eebb	UNCONDITIONAL_JUMP	0
0x0010ee48	0x0010eec2	CONDITIONAL_JUMP	0
0x0010ee4a	0x001e8758	READ	1
0x0010ee55	0x001e8758	READ	1
0x0010ee5a	0xStack[-0x8]	READ	1
0x0010ee6b	0xStack[-0xc]	READ	1
0x0010ee81	0x0010eea8	CONDITIONAL_JUMP	0
0x0010ee8b	0x00107504	UNCONDITIONAL_CALL	0
0x0010ee93	0xStack[-0xc]	READ	1
0x0010eea4	0x0010eeb8	UNCONDITIONAL_JUMP	0
0x0010eeac	0x0010eebb	CONDITIONAL_JUMP	0
0x0010eeb3	0x00107504	UNCONDITIONAL_CALL	0
0x0010eec2	0xStack[-0x8]	READ	1
0x0010eeca	0x0018b7ac	UNCONDITIONAL_CALL	0
0x0010eede	0x0010ef2c	CONDITIONAL_JUMP	0
0x0010eee7	0x0018b544	UNCONDITIONAL_CALL	0
0x0010eeec	0xStack[-0xc]	READ	1
0x0010ef08	0x00101600	UNCONDITIONAL_CALL	0
0x0010ef14	0x0010ef35	CONDITIONAL_JUMP	0
0x0010ef17	0x0010ddd0	UNCONDITIONAL_CALL	0
0x0010ef1f	0x0010de30	UNCONDITIONAL_CALL	0
0x0010ef27	0x0010ef35	UNCONDITIONAL_JUMP	0
0x0010ef2d	0x0018b544	UNCONDITIONAL_CALL	0
0x0010ef35	0xStack[-0xc]	READ	1
0x0010ef39	0x0010daf0	UNCONDITIONAL_CALL	0
0x0010ef40	0xStack[-0x18]	DATA	0
0x0010ef50	0xStack[0x4]	READ	1
0x0010ef54	0x0010ddd0	UNCONDITIONAL_CALL	0
0x0010ef5c	0x0010de30	UNCONDITIONAL_CALL	0
0x0010ef65	0xStack[-0x8]	READ	1
0x0010ef75	0xStack[0x4]	READ	1
0x0010ef79	0x00111b58	UNCONDITIONAL_CALL	0
0x0010ef7e	0xStack[-0x8]	WRITE	0
0x0010ef84	0x001e98bc	READ	0
0x0010ef8a	0x0010efba	CONDITIONAL_JUMP	0
0x0010ef8c	0x001e98bc	WRITE	0
0x0010ef8c	0x001e97d0	DATA	1
0x0010efae	0x001e2f48	DATA	1
0x0010efba	0x0018b7ac	UNCONDITIONAL_CALL	0
0x0010efc5	0x00112db0	UNCONDITIONAL_CALL	0
0x0010efcf	0x0010efc4	CONDITIONAL_JUMP	0
0x0010efd2	0x0010ab38	UNCONDITIONAL_CALL	0
0x0010efde	0x0010ab38	UNCONDITIONAL_CALL	0
0x0010eff7	0x001e2f4c	DATA	1
0x0010f005	0x00112db0	UNCONDITIONAL_CALL	0
0x0010f00f	0x0010f004	CONDITIONAL_JUMP	0
0x0010f015	0x00112db0	UNCONDITIONAL_CALL	0
0x0010f01f	0x0010f014	CONDITIONAL_JUMP	0
0x0010f031	0x0018b544	UNCONDITIONAL_CALL	0
0x0010f039	0x001e8758	READ	1
0x0010f044	0x0010f057	CONDITIONAL_JUMP	0
0x0010f046	0xStack[-0x8]	READ	1
0x0010f057	0x001e8758	READ	1
0x0010f062	0x0010f06d	CONDITIONAL_JUMP	0
0x0010f088	0x0018b7ac	UNCONDITIONAL_CALL	0
0x0010f093	0x0010d7b0	UNCONDITIONAL_CALL	0
0x0010f09c	0x0010d7b0	UNCONDITIONAL_CALL	0
0x0010f0a2	0x0018b544	UNCONDITIONAL_CALL	0
0x0010f0a7	0xStack[-0x14]	DATA	0
0x0010f0ba	0xStack[0x4]	READ	1
0x0010f0bd	0xStack[0x8]	READ	1
0x0010f0c1	0x00111b58	UNCONDITIONAL_CALL	0
0x0010f0d0	0x0010f138	CONDITIONAL_JUMP	0
0x0010f0d6	0x0010f138	CONDITIONAL_JUMP	0
0x0010f0da	0x0010f10c	CONDITIONAL_JUMP	0
0x0010f0e2	0x0018b7ac	UNCONDITIONAL_CALL	0
0x0010f0f0	0x0010f0ff	CONDITIONAL_JUMP	0
0x0010f0f7	0x0010f0ff	CONDITIONAL_JUMP	0
0x0010f100	0x0018b544	UNCONDITIONAL_CALL	0
0x0010f105	0x0010f21a	UNCONDITIONAL_JUMP	0
0x0010f10f	0x0010f21a	CONDITIONAL_JUMP	0
0x0010f128	0x001e2f4c	DATA	1
0x0010f131	0x0010f21a	UNCONDITIONAL_JUMP	0
0x0010f13a	0x0010f210	CONDITIONAL_JUMP	0
0x0010f14d	0x0010f21a	CONDITIONAL_JUMP	0
0x0010f158	0x0010f21a	CONDITIONAL_JUMP	0
0x0010f15f	0x001111b0	UNCONDITIONAL_CALL	0
0x0010f16b	0x0010f21a	CONDITIONAL_JUMP	0
0x0010f178	0x001097f8	UNCONDITIONAL_CALL	0
0x0010f184	0x001097f8	UNCONDITIONAL_CALL	0
0x0010f18c	0x0018b7ac	UNCONDITIONAL_CALL	0
0x0010f199	0x00112db0	UNCONDITIONAL_CALL	0
0x0010f1a3	0x0010f198	CONDITIONAL_JUMP	0
0x0010f1a6	0x0010ab38	UNCONDITIONAL_CALL	0
0x0010f1b2	0x0010ab38	UNCONDITIONAL_CALL	0
0x0010f1cb	0x001e2f4c	DATA	1
0x0010f1d9	0x00112db0	UNCONDITIONAL_CALL	0
0x0010f1e3	0x0010f1d8	CONDITIONAL_JUMP	0
0x0010f1e9	0x00112db0	UNCONDITIONAL_CALL	0
0x0010f1f3	0x0010f1e8	CONDITIONAL_JUMP	0
0x0010f205	0x0018b544	UNCONDITIONAL_CALL	0
0x0010f20c	0x0010f21f	UNCONDITIONAL_JUMP	0
0x0010f215	0x0010ab38	UNCONDITIONAL_CALL	0
0x0010f21f	0xStack[-0x10]	DATA	0
0x0010f231	0xStack[0x4]	READ	1
0x0010f234	0xStack[0x8]	READ	1
0x0010f238	0x00111b58	UNCONDITIONAL_CALL	0
0x0010f23f	0x0010f250	CONDITIONAL_JUMP	0
0x0010f24a	0x0010f254	CONDITIONAL_JUMP	0
0x0010f24e	0x0010f256	UNCONDITIONAL_JUMP	0
0x0010f256	0xStack[-0xc]	DATA	0
0x0010f268	0xStack[0x4]	READ	1
0x0010f272	0x00100000	DATA	1
0x0010f27b	0xStack[-0x10]	WRITE	0
0x0010f281	0xStack[-0xc]	WRITE	0
0x0010f287	0xStack[-0x8]	WRITE	0
0x0010f29e	0xStack[-0x10]	DATA	0
0x0010f2a5	0x00112db0	UNCONDITIONAL_CALL	0
0x0010f2af	0x0010f2c0	CONDITIONAL_JUMP	0
0x0010f2b3	0x0010f2d0	UNCONDITIONAL_CALL	0
0x0010f2bb	0x0010f2a4	UNCONDITIONAL_JUMP	0
0x0010f2c7	0xStack[-0x18]	DATA	0
0x0010f2d9	0xStack[0x8]	READ	1
0x0010f2dd	0x00111b58	UNCONDITIONAL_CALL	0
0x0010f2eb	0x0010f499	CONDITIONAL_JUMP	0
0x0010f2f9	0x0010f357	CONDITIONAL_JUMP	0
0x0010f303	0x00100000	DATA	1
0x0010f30c	0xStack[-0x10]	WRITE	0
0x0010f312	0xStack[-0xc]	WRITE	0
0x0010f318	0xStack[-0x8]	WRITE	0
0x0010f32f	0xStack[-0x10]	DATA	0
0x0010f335	0x00112db0	UNCONDITIONAL_CALL	0
0x0010f33f	0x0010f350	CONDITIONAL_JUMP	0
0x0010f343	0x0010f2d0	UNCONDITIONAL_CALL	0
0x0010f34b	0x0010f334	UNCONDITIONAL_JUMP	0
0x0010f357	0x001e8b18	READ_WRITE	0
0x0010f35d	0xStack[0x7]	READ	0
0x0010f361	0x0010f3fc	CONDITIONAL_JUMP	0
0x0010f36b	0x0010f3fc	CONDITIONAL_JUMP	0
0x0010f377	0x0010f398	CONDITIONAL_JUMP	0
0x0010f37e	0x001daf42	DATA	0
0x0010f385	0x0010c1c0	UNCONDITIONAL_CALL	0
0x0010f38b	0x001111b0	UNCONDITIONAL_CALL	0
0x0010f393	0x0010f3cc	UNCONDITIONAL_JUMP	0
0x0010f399	0xStack[0x4]	READ	1
0x0010f39d	0x0011315c	UNCONDITIONAL_CALL	0
0x0010f3a7	0x0010f3cc	CONDITIONAL_JUMP	0
0x0010f3aa	0x00111180	UNCONDITIONAL_CALL	0
0x0010f3b4	0x0010f3bf	CONDITIONAL_JUMP	0
0x0010f3b7	0x001111b0	UNCONDITIONAL_CALL	0
0x0010f3c0	0xStack[0x4]	READ	1
0x0010f3c4	0x00111094	UNCONDITIONAL_CALL	0
0x0010f3de	0x0010f409	CONDITIONAL_JUMP	0
0x0010f3e5	0x0010f3f3	CONDITIONAL_JUMP	0
0x0010f3ec	0x0010f409	CONDITIONAL_JUMP	0
0x0010f3f1	0x0010f409	CONDITIONAL_JUMP	0
0x0010f3fa	0x0010f409	UNCONDITIONAL_JUMP	0
0x0010f3fd	0xStack[0x4]	READ	1
0x0010f401	0x0010f69c	UNCONDITIONAL_CALL	0
0x0010f415	0x0010f476	CONDITIONAL_JUMP	0
0x0010f41c	0x0010f422	CONDITIONAL_JUMP	0
0x0010f420	0x0010f476	CONDITIONAL_JUMP	0
0x0010f424	0x0010f46f	CONDITIONAL_JUMP	0
0x0010f42c	0x0010f46f	CONDITIONAL_JUMP	0
0x0010f436	0x0011315c	UNCONDITIONAL_CALL	0
0x0010f440	0x0010f46f	CONDITIONAL_JUMP	0
0x0010f449	0x0018b7ac	UNCONDITIONAL_CALL	0
0x0010f457	0x0010f466	CONDITIONAL_JUMP	0
0x0010f45e	0x0010f466	CONDITIONAL_JUMP	0
0x0010f467	0x0018b544	UNCONDITIONAL_CALL	0
0x0010f476	0x0018b7ac	UNCONDITIONAL_CALL	0
0x0010f484	0x0010f493	CONDITIONAL_JUMP	0
0x0010f48b	0x0010f493	CONDITIONAL_JUMP	0
0x0010f494	0x0018b544	UNCONDITIONAL_CALL	0
0x0010f499	0xStack[-0x1c]	DATA	0
0x0010f4ad	0xStack[0x4]	READ	1
0x0010f4b0	0xStack[0x8]	READ	1
0x0010f4b3	0xStack[0xc]	READ	1
0x0010f4b7	0x00111b58	UNCONDITIONAL_CALL	0
0x0010f4bc	0xStack[-0x14]	WRITE	0
0x0010f4c6	0x0010f690	CONDITIONAL_JUMP	0
0x0010f4d4	0x0010f533	CONDITIONAL_JUMP	0
0x0010f4de	0x00100000	DATA	1
0x0010f4e7	0xStack[-0x10]	WRITE	0
0x0010f4ed	0xStack[-0xc]	WRITE	0
0x0010f4f3	0xStack[-0x8]	WRITE	0
0x0010f50a	0xStack[-0x10]	DATA	0
0x0010f50d	0xStack[-0x18]	WRITE	0
0x0010f510	0xStack[-0x18]	READ	1
0x0010f514	0x00112db0	UNCONDITIONAL_CALL	0
0x0010f51e	0x0010f52c	CONDITIONAL_JUMP	0
0x0010f522	0x0010f2d0	UNCONDITIONAL_CALL	0
0x0010f52a	0x0010f510	UNCONDITIONAL_JUMP	0
0x0010f533	0x001e8b18	READ_WRITE	0
0x0010f53d	0x0010f5e8	CONDITIONAL_JUMP	0
0x0010f54d	0x0010f56e	CONDITIONAL_JUMP	0
0x0010f556	0x0010f55a	CONDITIONAL_JUMP	0
0x0010f55f	0x001daf5c	DATA	0
0x0010f566	0x0010c1c0	UNCONDITIONAL_CALL	0
0x0010f571	0x0011325c	UNCONDITIONAL_CALL	0
0x0010f581	0x0010f59c	CONDITIONAL_JUMP	0
0x0010f583	0xStack[-0x14]	READ	1
0x0010f587	0x00111180	UNCONDITIONAL_CALL	0
0x0010f591	0x0010f59c	CONDITIONAL_JUMP	0
0x0010f594	0x001111b0	UNCONDITIONAL_CALL	0
0x0010f5ac	0x0010f5c2	CONDITIONAL_JUMP	0
0x0010f5b4	0x0011325c	UNCONDITIONAL_CALL	0
0x0010f5b9	0x001e8b1c	READ_WRITE	0
0x0010f5c2	0xStack[-0x14]	READ	1
0x0010f5c9	0x0010f600	CONDITIONAL_JUMP	0
0x0010f5cf	0x0010f5dd	CONDITIONAL_JUMP	0
0x0010f5d6	0x0010f600	CONDITIONAL_JUMP	0
0x0010f5db	0x0010f600	CONDITIONAL_JUMP	0
0x0010f5e4	0x0010f600	UNCONDITIONAL_JUMP	0
0x0010f5e9	0x0010f600	CONDITIONAL_JUMP	0
0x0010f5ec	0xStack[-0x14]	READ	1
0x0010f5f5	0x0010f69c	UNCONDITIONAL_CALL	0
0x0010f5fe	0x0010f5ec	CONDITIONAL_JUMP	0
0x0010f60c	0x0010f66d	CONDITIONAL_JUMP	0
0x0010f613	0x0010f619	CONDITIONAL_JUMP	0
0x0010f617	0x0010f66d	CONDITIONAL_JUMP	0
0x0010f61b	0x0010f666	CONDITIONAL_JUMP	0
0x0010f623	0x0010f666	CONDITIONAL_JUMP	0
0x0010f62d	0x0011315c	UNCONDITIONAL_CALL	0
0x0010f637	0x0010f666	CONDITIONAL_JUMP	0
0x0010f640	0x0018b7ac	UNCONDITIONAL_CALL	0
0x0010f64e	0x0010f65d	CONDITIONAL_JUMP	0
0x0010f655	0x0010f65d	CONDITIONAL_JUMP	0
0x0010f65e	0x0018b544	UNCONDITIONAL_CALL	0
0x0010f66d	0x0018b7ac	UNCONDITIONAL_CALL	0
0x0010f67b	0x0010f68a	CONDITIONAL_JUMP	0
0x0010f682	0x0010f68a	CONDITIONAL_JUMP	0
0x0010f68b	0x0018b544	UNCONDITIONAL_CALL	0
0x0010f690	0xStack[-0x24]	DATA	0
0x0010f6a5	0xStack[0x4]	READ	1
0x0010f6a8	0xStack[0x8]	READ	1
0x0010f6b0	0xStack[-0x8]	WRITE	0
0x0010f6b6	0xStack[-0xc]	WRITE	0
0x0010f6c0	0x0010f7e9	CONDITIONAL_JUMP	0
0x0010f6d1	0x0010f790	CONDITIONAL_JUMP	0
0x0010f6d9	0x0010f790	CONDITIONAL_JUMP	0
0x0010f6e5	0x0010ffd4	CONDITIONAL_JUMP	0
0x0010f6f1	0x0010f780	CONDITIONAL_JUMP	0
0x0010f6f7	0x0018b7ac	UNCONDITIONAL_CALL	0
0x0010f705	0x00112db0	UNCONDITIONAL_CALL	0
0x0010f70f	0x0010f704	CONDITIONAL_JUMP	0
0x0010f712	0x0010ab38	UNCONDITIONAL_CALL	0
0x0010f71e	0x0010ab38	UNCONDITIONAL_CALL	0
0x0010f737	0x001e2f4c	DATA	1
0x0010f745	0x00112db0	UNCONDITIONAL_CALL	0
0x0010f74f	0x0010f744	CONDITIONAL_JUMP	0
0x0010f755	0x00112db0	UNCONDITIONAL_CALL	0
0x0010f75f	0x0010f754	CONDITIONAL_JUMP	0
0x0010f771	0x0018b544	UNCONDITIONAL_CALL	0
0x0010f77b	0x0010faac	UNCONDITIONAL_JUMP	0
0x0010f780	0xStack[-0xc]	READ	1
0x0010f783	0x00100000	DATA	1
0x0010f789	0x0010f7c0	CONDITIONAL_JUMP	0
0x0010f78b	0x0010f7e9	UNCONDITIONAL_JUMP	0
0x0010f795	0x0010f7a2	CONDITIONAL_JUMP	0
0x0010f797	0xStack[-0xc]	READ	1
0x0010f79a	0x00200000	DATA	1
0x0010f7a0	0x0010f7a9	CONDITIONAL_JUMP	0
0x0010f7a7	0x0010f7e9	CONDITIONAL_JUMP	0
0x0010f7a9	0xStack[-0xc]	READ	1
0x0010f7b2	0x0010ffd4	CONDITIONAL_JUMP	0
0x0010f7b8	0x00100000	DATA	1
0x0010f7be	0x0010f7e4	CONDITIONAL_JUMP	0
0x0010f7c6	0x0011315c	UNCONDITIONAL_CALL	0
0x0010f7d1	0x0011315c	UNCONDITIONAL_CALL	0
0x0010f7df	0x0010f7e9	UNCONDITIONAL_JUMP	0
0x0010f7ed	0x0010f809	CONDITIONAL_JUMP	0
0x0010f7ef	0xStack[-0x8]	READ	0
0x0010f7f6	0x0010f809	CONDITIONAL_JUMP	0
0x0010f7f8	0xStack[-0xc]	READ	1
0x0010f801	0x0010f809	CONDITIONAL_JUMP	0
0x0010f811	0x0010f821	CONDITIONAL_JUMP	0
0x0010f827	0x0010fbb1	CONDITIONAL_JUMP	0
0x0010f831	0x0010fbb1	CONDITIONAL_JUMP	0
0x0010f849	0x0010fbb1	CONDITIONAL_JUMP	0
0x0010f84f	0xStack[-0xc]	READ	1
0x0010f857	0x00101000	DATA	1
0x0010f85c	0x0010f879	CONDITIONAL_JUMP	0
0x0010f864	0x0010f879	CONDITIONAL_JUMP	0
0x0010f86c	0x0011315c	UNCONDITIONAL_CALL	0
0x0010f879	0xStack[-0xc]	READ	1
0x0010f87f	0x0010f964	CONDITIONAL_JUMP	0
0x0010f88a	0x0010f964	CONDITIONAL_JUMP	0
0x0010f893	0x0010f8cc	CONDITIONAL_JUMP	0
0x0010f895	0xStack[-0x8]	READ	1
0x0010f89b	0x0010f8be	CONDITIONAL_JUMP	0
0x0010f8a3	0x0010f8b4	CONDITIONAL_JUMP	0
0x0010f8a6	0x001daf76	DATA	0
0x0010f8ab	0x00111150	UNCONDITIONAL_CALL	0
0x0010f8b0	0x0010f8be	UNCONDITIONAL_JUMP	0
0x0010f8b4	0xStack[0x8]	READ	1
0x0010f8b9	0x00111094	UNCONDITIONAL_CALL	0
0x0010f8c5	0x0010ffd4	UNCONDITIONAL_JUMP	0
0x0010f8d1	0x0010f964	CONDITIONAL_JUMP	0
0x0010f8da	0x0010f964	CONDITIONAL_JUMP	0
0x0010f8e0	0xStack[-0x8]	READ	1
0x0010f8e9	0x00110000	CONDITIONAL_JUMP	0
0x0010f8ef	0x0018b7ac	UNCONDITIONAL_CALL	0
0x0010f8f4	0xStack[-0x10]	WRITE	0
0x0010f8fb	0x0010ab38	UNCONDITIONAL_CALL	0
0x0010f914	0x001e2f4c	DATA	1
0x0010f921	0x00112db0	UNCONDITIONAL_CALL	0
0x0010f92b	0x0010f920	CONDITIONAL_JUMP	0
0x0010f92d	0xStack[-0x10]	READ	1
0x0010f931	0x0018b544	UNCONDITIONAL_CALL	0
0x0010f939	0xStack[0x8]	READ	1
0x0010f93e	0x00111094	UNCONDITIONAL_CALL	0
0x0010f94d	0x0010f958	CONDITIONAL_JUMP	0
0x0010f94f	0xStack[0x8]	READ	1
0x0010f953	0x00110fdc	UNCONDITIONAL_CALL	0
0x0010f95f	0x00110007	UNCONDITIONAL_JUMP	0
0x0010f964	0xStack[-0xc]	READ	1
0x0010f96a	0x0010fabc	CONDITIONAL_JUMP	0
0x0010f975	0x0010fabc	CONDITIONAL_JUMP	0
0x0010f97e	0x0010f989	CONDITIONAL_JUMP	0
0x0010f983	0x0010fa40	CONDITIONAL_JUMP	0
0x0010f989	0xStack[-0x8]	READ	0
0x0010f98d	0x0010fa18	CONDITIONAL_JUMP	0
0x0010f993	0x0018b7ac	UNCONDITIONAL_CALL	0
0x0010f998	0xStack[-0x14]	WRITE	0
0x0010f9a1	0x00112db0	UNCONDITIONAL_CALL	0
0x0010f9ab	0x0010f9a0	CONDITIONAL_JUMP	0
0x0010f9ae	0x0010ab38	UNCONDITIONAL_CALL	0
0x0010f9ba	0x0010ab38	UNCONDITIONAL_CALL	0
0x0010f9d3	0x001e2f4c	DATA	1
0x0010f9e1	0x00112db0	UNCONDITIONAL_CALL	0
0x0010f9eb	0x0010f9e0	CONDITIONAL_JUMP	0
0x0010f9f1	0x00112db0	UNCONDITIONAL_CALL	0
0x0010f9fb	0x0010f9f0	CONDITIONAL_JUMP	0
0x0010fa0c	0xStack[-0x14]	READ	1
0x0010fa10	0x0018b544	UNCONDITIONAL_CALL	0
0x0010fa18	0xStack[0x8]	READ	1
0x0010fa1d	0x00111094	UNCONDITIONAL_CALL	0
0x0010fa2f	0x0010fa3b	CONDITIONAL_JUMP	0
0x0010fa34	0x0010fa3b	CONDITIONAL_JUMP	0
0x0010fa3c	0x0010faac	UNCONDITIONAL_JUMP	0
0x0010fa45	0x0010fabc	CONDITIONAL_JUMP	0
0x0010fa4a	0x0010fabc	CONDITIONAL_JUMP	0
0x0010fa4c	0xStack[-0x8]	READ	0
0x0010fa50	0x0010faa0	CONDITIONAL_JUMP	0
0x0010fa52	0x0018b7ac	UNCONDITIONAL_CALL	0
0x0010fa57	0xStack[-0x18]	WRITE	0
0x0010fa61	0x00112db0	UNCONDITIONAL_CALL	0
0x0010fa6b	0x0010fa60	CONDITIONAL_JUMP	0
0x0010fa6e	0x0010ab38	UNCONDITIONAL_CALL	0
0x0010fa79	0x00112db0	UNCONDITIONAL_CALL	0
0x0010fa83	0x0010fa78	CONDITIONAL_JUMP	0
0x0010fa94	0xStack[-0x18]	READ	1
0x0010fa98	0x0018b544	UNCONDITIONAL_CALL	0
0x0010faa0	0xStack[0x8]	READ	1
0x0010faa5	0x00111094	UNCONDITIONAL_CALL	0
0x0010fab1	0x001097f8	UNCONDITIONAL_CALL	0
0x0010fab6	0x0010ffd4	UNCONDITIONAL_JUMP	0
0x0010fabc	0xStack[-0xc]	READ	1
0x0010fac5	0x0010fb28	CONDITIONAL_JUMP	0
0x0010facc	0x0010fb28	CONDITIONAL_JUMP	0
0x0010fad1	0x0010fb18	CONDITIONAL_JUMP	0
0x0010fad9	0x0010fafc	CONDITIONAL_JUMP	0
0x0010faee	0x001e2f4c	DATA	1
0x0010faf7	0x00110007	UNCONDITIONAL_JUMP	0
0x0010fb01	0x00110007	CONDITIONAL_JUMP	0
0x0010fb0a	0x00110007	CONDITIONAL_JUMP	0
0x0010fb10	0x0010ffd4	UNCONDITIONAL_JUMP	0
0x0010fb1d	0x0010fb28	CONDITIONAL_JUMP	0
0x0010fb22	0x0010fff9	CONDITIONAL_JUMP	0
0x0010fb2b	0x0010fb54	CONDITIONAL_JUMP	0
0x0010fb2d	0xStack[-0xc]	READ	1
0x0010fb36	0x0010ffd4	CONDITIONAL_JUMP	0
0x0010fb3c	0xStack[-0x8]	READ	1
0x0010fb42	0x0010fb4c	CONDITIONAL_JUMP	0
0x0010fb4a	0x0010fb69	CONDITIONAL_JUMP	0
0x0010fb51	0x0010fb69	UNCONDITIONAL_JUMP	0
0x0010fb57	0x0010fb69	CONDITIONAL_JUMP	0
0x0010fb59	0xStack[-0xc]	READ	1
0x0010fb62	0x0010fb69	CONDITIONAL_JUMP	0
0x0010fb69	0xStack[-0x8]	READ	1
0x0010fb6f	0x0010fbda	CONDITIONAL_JUMP	0
0x0010fb74	0x0010fbda	CONDITIONAL_JUMP	0
0x0010fb7f	0x0010fbbc	CONDITIONAL_JUMP	0
0x0010fb81	0xStack[0x8]	READ	1
0x0010fb86	0x001133fc	UNCONDITIONAL_CALL	0
0x0010fb8f	0x00110dfc	UNCONDITIONAL_CALL	0
0x0010fb97	0x001dafeb	READ	1
0x0010fb9f	0x0010fba4	CONDITIONAL_JUMP	0
0x0010fbb1	0xStack[-0x8]	READ	0
0x0010fbb5	0x0010fbe0	CONDITIONAL_JUMP	0
0x0010fbb7	0x0010fe90	UNCONDITIONAL_JUMP	0
0x0010fbc2	0x0010fbcc	CONDITIONAL_JUMP	0
0x0010fbc7	0x0010fbda	UNCONDITIONAL_JUMP	0
0x0010fbcf	0x0010fbda	CONDITIONAL_JUMP	0
0x0010fbda	0xStack[-0x8]	READ	0
0x0010fbde	0x0010fc5c	CONDITIONAL_JUMP	0
0x0010fbe6	0x0010fc20	CONDITIONAL_JUMP	0
0x0010fbee	0x001dae6c	DATA	1
0x0010fbf9	0x0010fc11	CONDITIONAL_JUMP	0
0x0010fbfb	0xStack[-0xc]	READ	1
0x0010fc04	0x0010fc11	CONDITIONAL_JUMP	0
0x0010fc09	0x00110014	UNCONDITIONAL_CALL	0
0x0010fc16	0x001daf79	DATA	0
0x0010fc1b	0x0010fecf	UNCONDITIONAL_JUMP	0
0x0010fc22	0x0011315c	UNCONDITIONAL_CALL	0
0x0010fc2c	0x0010ffd4	CONDITIONAL_JUMP	0
0x0010fc32	0xStack[0x8]	READ	1
0x0010fc36	0x00111180	UNCONDITIONAL_CALL	0
0x0010fc40	0x0010fc4b	CONDITIONAL_JUMP	0
0x0010fc43	0x001111b0	UNCONDITIONAL_CALL	0
0x0010fc4b	0xStack[0x8]	READ	1
0x0010fc50	0x00111094	UNCONDITIONAL_CALL	0
0x0010fc55	0x0010ffd4	UNCONDITIONAL_JUMP	0
0x0010fc60	0x0010fc98	CONDITIONAL_JUMP	0
0x0010fc67	0x0010fe90	CONDITIONAL_JUMP	0
0x0010fc70	0x0010fc77	CONDITIONAL_JUMP	0
0x0010fc75	0x0010fc98	CONDITIONAL_JUMP	0
0x0010fc77	0xStack[0x8]	READ	1
0x0010fc7c	0x001133fc	UNCONDITIONAL_CALL	0
0x0010fc85	0x00110dfc	UNCONDITIONAL_CALL	0
0x0010fc93	0x0010fe90	UNCONDITIONAL_JUMP	0
0x0010fc9d	0x0010fe90	CONDITIONAL_JUMP	0
0x0010fca6	0x0010fd10	CONDITIONAL_JUMP	0
0x0010fcab	0x0010ffd4	CONDITIONAL_JUMP	0
0x0010fcb1	0xStack[0x8]	READ	1
0x0010fcb6	0x001133fc	UNCONDITIONAL_CALL	0
0x0010fcc1	0x00110dfc	UNCONDITIONAL_CALL	0
0x0010fcc9	0xStack[-0x8]	READ	1
0x0010fcd2	0x0010ffd4	CONDITIONAL_JUMP	0
0x0010fcdc	0x0010ffd4	CONDITIONAL_JUMP	0
0x0010fce5	0x0010ffd4	CONDITIONAL_JUMP	0
0x0010fcec	0x001133fc	UNCONDITIONAL_CALL	0
0x0010fcf8	0x0010ffd4	CONDITIONAL_JUMP	0
0x0010fcfe	0xStack[0x8]	READ	1
0x0010fd03	0x00110dfc	UNCONDITIONAL_CALL	0
0x0010fd08	0x0010ffd4	UNCONDITIONAL_JUMP	0
0x0010fd15	0x0010fe90	CONDITIONAL_JUMP	0
0x0010fd1e	0x0010fdac	CONDITIONAL_JUMP	0
0x0010fd24	0xStack[-0xc]	READ	1
0x0010fd2a	0x0010fd68	CONDITIONAL_JUMP	0
0x0010fd2c	0xStack[-0x8]	READ	1
0x0010fd35	0x0010fd68	CONDITIONAL_JUMP	0
0x0010fd3f	0x0010fd68	CONDITIONAL_JUMP	0
0x0010fd43	0x0010fd9d	CONDITIONAL_JUMP	0
0x0010fd48	0xStack[0x8]	READ	1
0x0010fd4d	0x001133fc	UNCONDITIONAL_CALL	0
0x0010fd56	0x00110dfc	UNCONDITIONAL_CALL	0
0x0010fd61	0x0010fd48	CONDITIONAL_JUMP	0
0x0010fd63	0x0010fd9d	UNCONDITIONAL_JUMP	0
0x0010fd68	0xStack[0x8]	READ	1
0x0010fd6d	0x00111094	UNCONDITIONAL_CALL	0
0x0010fd75	0xStack[-0xc]	READ	1
0x0010fd7b	0x0010fd8c	CONDITIONAL_JUMP	0
0x0010fd7d	0xStack[0x8]	READ	1
0x0010fd83	0x00111094	UNCONDITIONAL_CALL	0
0x0010fd8d	0x00112db0	UNCONDITIONAL_CALL	0
0x0010fd97	0x0010fd8c	CONDITIONAL_JUMP	0
0x0010fda4	0x0010ffd4	UNCONDITIONAL_JUMP	0
0x0010fdb1	0x0010fe90	CONDITIONAL_JUMP	0
0x0010fdba	0x0010fe74	CONDITIONAL_JUMP	0
0x0010fdc0	0xStack[-0xc]	READ	1
0x0010fdc6	0xStack[-0x1c]	WRITE	0
0x0010fdcd	0x001133fc	UNCONDITIONAL_CALL	0
0x0010fdda	0x0010fde1	CONDITIONAL_JUMP	0
0x0010fddf	0x0010fdf0	CONDITIONAL_JUMP	0
0x0010fde1	0xStack[0x8]	READ	1
0x0010fde6	0x00110dfc	UNCONDITIONAL_CALL	0
0x0010fdee	0x0010fdcc	UNCONDITIONAL_JUMP	0
0x0010fdf3	0x0010ffd4	CONDITIONAL_JUMP	0
0x0010fdf9	0xStack[0x8]	READ	1
0x0010fdfe	0x00110dfc	UNCONDITIONAL_CALL	0
0x0010fe04	0x001133fc	UNCONDITIONAL_CALL	0
0x0010fe11	0x0010ffd4	CONDITIONAL_JUMP	0
0x0010fe1c	0x001dacec	DATA	1
0x0010fe25	0x0010fe5e	UNCONDITIONAL_JUMP	0
0x0010fe28	0xStack[-0x1c]	READ	0
0x0010fe2c	0x0010fe40	CONDITIONAL_JUMP	0
0x0010fe33	0x001dacec	DATA	1
0x0010fe3e	0x0010fe68	CONDITIONAL_JUMP	0
0x0010fe40	0xStack[0x8]	READ	1
0x0010fe45	0x00110dfc	UNCONDITIONAL_CALL	0
0x0010fe4b	0x001133fc	UNCONDITIONAL_CALL	0
0x0010fe58	0x0010ffd4	CONDITIONAL_JUMP	0
0x0010fe61	0x0010fe68	CONDITIONAL_JUMP	0
0x0010fe66	0x0010fe28	CONDITIONAL_JUMP	0
0x0010fe6a	0x0011315c	UNCONDITIONAL_CALL	0
0x0010fe6f	0x0010ffd4	UNCONDITIONAL_JUMP	0
0x0010fe79	0x0010fe90	CONDITIONAL_JUMP	0
0x0010fe7e	0x0010fe90	CONDITIONAL_JUMP	0
0x0010fe80	0xStack[0x8]	READ	1
0x0010fe84	0x00110fdc	UNCONDITIONAL_CALL	0
0x0010fe89	0x0010ffd4	UNCONDITIONAL_JUMP	0
0x0010fe9a	0x0010fedc	CONDITIONAL_JUMP	0
0x0010fe9c	0xStack[-0xc]	READ	1
0x0010fea5	0x0010fec5	CONDITIONAL_JUMP	0
0x0010fead	0x001dae6c	DATA	1
0x0010feb8	0x0010fec5	CONDITIONAL_JUMP	0
0x0010febd	0x00110014	UNCONDITIONAL_CALL	0
0x0010feca	0x001daf96	DATA	0
0x0010fed1	0x0010c1c0	UNCONDITIONAL_CALL	0
0x0010fed6	0x0010ffd4	UNCONDITIONAL_JUMP	0
0x0010fede	0x0011315c	UNCONDITIONAL_CALL	0
0x0010fee8	0x0010ffd4	CONDITIONAL_JUMP	0
0x0010fef1	0x0010ff0b	CONDITIONAL_JUMP	0
0x0010fef9	0x0010ff03	CONDITIONAL_JUMP	0
0x0010ff01	0x0010ff24	CONDITIONAL_JUMP	0
0x0010ff09	0x0010ff24	CONDITIONAL_JUMP	0
0x0010ff14	0x00113500	UNCONDITIONAL_CALL	0
0x0010ff1a	0x001111b0	UNCONDITIONAL_CALL	0
0x0010ff22	0x0010ff34	UNCONDITIONAL_JUMP	0
0x0010ff2c	0x0010ff34	CONDITIONAL_JUMP	0
0x0010ff47	0x0010ffd4	CONDITIONAL_JUMP	0
0x0010ff52	0x0010ff65	CONDITIONAL_JUMP	0
0x0010ff54	0xStack[0x8]	READ	1
0x0010ff5a	0x0010ff65	CONDITIONAL_JUMP	0
0x0010ff6d	0x0010ff82	CONDITIONAL_JUMP	0
0x0010ff7a	0x00110014	UNCONDITIONAL_CALL	0
0x0010ff86	0xStack[0x8]	READ	1
0x0010ff8b	0x00111094	UNCONDITIONAL_CALL	0
0x0010ff98	0x0010ffd4	CONDITIONAL_JUMP	0
0x0010ff9d	0x0010ffd4	CONDITIONAL_JUMP	0
0x0010ff9f	0xStack[-0x8]	READ	1
0x0010ffa5	0x0010ffd4	CONDITIONAL_JUMP	0
0x0010ffb7	0x0010ffbb	CONDITIONAL_JUMP	0
0x0010ffbf	0x0010ffd4	CONDITIONAL_JUMP	0
0x0010ffc7	0x00110014	UNCONDITIONAL_CALL	0
0x0010ffd2	0x0010ffc4	CONDITIONAL_JUMP	0
0x0010ffd4	0xStack[-0xc]	READ	1
0x0010ffda	0x00110007	CONDITIONAL_JUMP	0
0x0010ffdc	0xStack[-0x8]	READ	1
0x0010ffe5	0x0010fff9	CONDITIONAL_JUMP	0
0x0010ffeb	0x0010fff9	CONDITIONAL_JUMP	0
0x0010fff2	0x00110007	CONDITIONAL_JUMP	0
0x0010fff7	0x00110007	CONDITIONAL_JUMP	0
0x00110007	0xStack[-0x28]	DATA	0
0x0011001d	0xStack[0x4]	READ	1
0x00110020	0xStack[0x8]	READ	1
0x00110024	0x00111b58	UNCONDITIONAL_CALL	0
0x00110029	0xStack[-0x8]	WRITE	0
0x0011002c	0xStack[0x8]	READ	1
0x00110032	0xStack[-0xc]	WRITE	0
0x00110038	0x00200020	DATA	1
0x0011003e	0x0011004a	CONDITIONAL_JUMP	0
0x00110048	0x0011007c	CONDITIONAL_JUMP	0
0x0011004a	0xStack[-0xc]	READ	1
0x00110053	0x0011038b	CONDITIONAL_JUMP	0
0x00110059	0xStack[0x8]	READ	1
0x00110061	0x0011315c	UNCONDITIONAL_CALL	0
0x00110068	0x00110185	CONDITIONAL_JUMP	0
0x0011006e	0x001e8b1c	READ_WRITE	0
0x00110074	0x0011038b	UNCONDITIONAL_JUMP	0
0x0011007c	0xStack[-0xc]	READ	1
0x00110085	0x00110093	CONDITIONAL_JUMP	0
0x00110091	0x0011009c	CONDITIONAL_JUMP	0
0x00110099	0x0011009f	UNCONDITIONAL_JUMP	0
0x001100a2	0x001100b0	CONDITIONAL_JUMP	0
0x001100a4	0xStack[-0xc]	READ	1
0x001100aa	0x0011038b	CONDITIONAL_JUMP	0
0x001100b3	0x00110128	CONDITIONAL_JUMP	0
0x001100b5	0xStack[-0xc]	READ	1
0x001100c2	0x00110128	CONDITIONAL_JUMP	0
0x001100c4	0xStack[0x8]	READ	1
0x001100cb	0x00110128	CONDITIONAL_JUMP	0
0x001100da	0xStack[-0xc]	READ	1
0x001100e3	0x0011010b	CONDITIONAL_JUMP	0
0x001100e5	0x0018b7ac	UNCONDITIONAL_CALL	0
0x001100f3	0x001dafb2	DATA	0
0x001100f8	0x0011325c	UNCONDITIONAL_CALL	0
0x001100ff	0x001e8b1c	READ_WRITE	0
0x00110106	0x0018b544	UNCONDITIONAL_CALL	0
0x0011010d	0xStack[0x8]	READ	1
0x0011011a	0x00110390	CONDITIONAL_JUMP	0
0x00110120	0x0011038b	UNCONDITIONAL_JUMP	0
0x00110128	0x001e8b1c	READ_WRITE	0
0x0011012e	0xStack[-0xc]	READ	1
0x00110134	0x00110197	CONDITIONAL_JUMP	0
0x00110136	0x001dafbc	DATA	1
0x0011013b	0x001dafbb	READ	0
0x00110142	0x0011016b	CONDITIONAL_JUMP	0
0x00110144	0x001dafbc	READ	1
0x00110144	0x001dafbe	READ	1
0x0011014a	0x00110164	CONDITIONAL_JUMP	0
0x0011014c	0xStack[0x8]	READ	1
0x00110152	0x00110014	UNCONDITIONAL_CALL	0
0x0011015c	0x00110185	CONDITIONAL_JUMP	0
0x0011015e	0x001dafbb	READ	1
0x00110162	0x0011016b	UNCONDITIONAL_JUMP	0
0x00110164	0x001dafbd	READ	1
0x00110169	0x00110144	CONDITIONAL_JUMP	0
0x00110171	0x0011018c	CONDITIONAL_JUMP	0
0x00110173	0xStack[0x8]	READ	1
0x00110179	0x00110014	UNCONDITIONAL_CALL	0
0x00110183	0x00110197	CONDITIONAL_JUMP	0
0x00110187	0x00110390	UNCONDITIONAL_JUMP	0
0x00110192	0x00110197	CONDITIONAL_JUMP	0
0x0011019a	0x001101cc	CONDITIONAL_JUMP	0
0x0011019c	0xStack[-0xc]	READ	1
0x001101a5	0x001101b0	CONDITIONAL_JUMP	0
0x001101a7	0xStack[-0x8]	READ	1
0x001101ae	0x001101cc	CONDITIONAL_JUMP	0
0x001101b0	0xStack[0x8]	READ	1
0x001101b6	0x00110014	UNCONDITIONAL_CALL	0
0x001101c0	0x001101cc	CONDITIONAL_JUMP	0
0x001101c7	0x00110390	UNCONDITIONAL_JUMP	0
0x001101cc	0xStack[-0xc]	READ	1
0x001101d5	0x001101eb	CONDITIONAL_JUMP	0
0x001101d7	0xStack[0x8]	READ	1
0x001101df	0x0011315c	UNCONDITIONAL_CALL	0
0x001101e9	0x00110185	CONDITIONAL_JUMP	0
0x001101eb	0xStack[0x8]	READ	1
0x001101f4	0x001dad14	READ	1
0x00110200	0x00110355	CONDITIONAL_JUMP	0
0x00110206	0x0011022c	COMPUTED_JUMP	-1
0x00110206	0x00110355	COMPUTED_JUMP	-1
0x00110206	0x00110234	COMPUTED_JUMP	-1
0x00110206	0x00110244	COMPUTED_JUMP	-1
0x00110206	0x00110298	COMPUTED_JUMP	-1
0x00110206	0x001102c8	COMPUTED_JUMP	-1
0x00110206	0x001102dc	COMPUTED_JUMP	-1
0x00110206	0x00110210	DATA	0
0x00110210	0x0011022c	DATA	0
0x00110214	0x00110355	DATA	0
0x00110218	0x00110234	DATA	0
0x0011021c	0x00110244	DATA	0
0x00110220	0x00110298	DATA	0
0x00110224	0x001102c8	DATA	0
0x00110228	0x001102dc	DATA	0
0x0011022d	0x00110355	UNCONDITIONAL_JUMP	0
0x00110236	0x00110355	CONDITIONAL_JUMP	0
0x0011023d	0x00110355	UNCONDITIONAL_JUMP	0
0x00110244	0xStack[-0xc]	READ	1
0x00110250	0x0011025c	CONDITIONAL_JUMP	0
0x00110255	0x00110280	CONDITIONAL_JUMP	0
0x00110257	0x00110353	UNCONDITIONAL_JUMP	0
0x0011025e	0x00110353	CONDITIONAL_JUMP	0
0x0011026f	0x00110353	CONDITIONAL_JUMP	0
0x0011027a	0x00110353	UNCONDITIONAL_JUMP	0
0x00110280	0x001dee30	READ	1
0x00110293	0x00110353	UNCONDITIONAL_JUMP	0
0x00110298	0xStack[-0xc]	READ	1
0x001102a5	0x001102ba	CONDITIONAL_JUMP	0
0x001102b6	0x001102ba	CONDITIONAL_JUMP	0
0x001102c2	0x00110355	UNCONDITIONAL_JUMP	0
0x001102c8	0xStack[-0xc]	READ	1
0x001102ce	0x00110355	CONDITIONAL_JUMP	0
0x001102d9	0x00110355	UNCONDITIONAL_JUMP	0
0x001102dc	0xStack[0x8]	READ	1
0x001102eb	0x00110314	CONDITIONAL_JUMP	0
0x001102ed	0x001102f8	CONDITIONAL_JUMP	0
0x001102f2	0x00110300	CONDITIONAL_JUMP	0
0x001102f4	0x00110353	UNCONDITIONAL_JUMP	0
0x001102fb	0x0011032c	CONDITIONAL_JUMP	0
0x001102fd	0x00110353	UNCONDITIONAL_JUMP	0
0x00110300	0x001dee30	READ	1
0x0011030f	0x0011028e	UNCONDITIONAL_JUMP	0
0x00110314	0x001dee30	READ	1
0x00110325	0x0011028e	UNCONDITIONAL_JUMP	0
0x00110330	0x00110351	CONDITIONAL_JUMP	0
0x00110335	0x00110351	CONDITIONAL_JUMP	0
0x00110337	0xStack[0x8]	READ	1
0x00110343	0x0011315c	UNCONDITIONAL_CALL	0
0x0011034f	0x00110340	CONDITIONAL_JUMP	0
0x00110355	0xStack[0x8]	READ	1
0x0011035d	0x0011038b	CONDITIONAL_JUMP	0
0x00110366	0x0011038b	CONDITIONAL_JUMP	0
0x00110368	0xStack[-0x8]	READ	1
0x00110378	0x0011038b	CONDITIONAL_JUMP	0
0x0011037a	0xStack[0x8]	READ	1
0x00110386	0x0011315c	UNCONDITIONAL_CALL	0
0x00110390	0xStack[-0x18]	DATA	0
0x001103a5	0xStack[0x4]	READ	1
0x001103a9	0x00111b58	UNCONDITIONAL_CALL	0
0x001103ae	0xStack[-0x2c]	WRITE	0
0x001103b1	0xStack[-0x38]	WRITE	0
0x001103bb	0xStack[-0x3c]	WRITE	0
0x001103c5	0xStack[-0x34]	WRITE	0
0x001103c8	0x0018b7ac	UNCONDITIONAL_CALL	0
0x001103cf	0xStack[-0x34]	READ	1
0x001103d8	0x00110433	CONDITIONAL_JUMP	0
0x001103e1	0x00100000	DATA	1
0x001103ea	0xStack[-0x10]	WRITE	0
0x001103f0	0xStack[-0xc]	WRITE	0
0x001103f6	0xStack[-0x8]	WRITE	0
0x0011040d	0xStack[-0x10]	DATA	0
0x00110411	0x00112db0	UNCONDITIONAL_CALL	0
0x0011041b	0x0011042c	CONDITIONAL_JUMP	0
0x0011041f	0x0010f2d0	UNCONDITIONAL_CALL	0
0x00110427	0x00110410	UNCONDITIONAL_JUMP	0
0x00110434	0x0018b544	UNCONDITIONAL_CALL	0
0x0011043c	0x00110477	UNCONDITIONAL_JUMP	0
0x00110443	0x00110500	CONDITIONAL_JUMP	0
0x0011044c	0x0011046c	CONDITIONAL_JUMP	0
0x0011044e	0x001e8758	READ	1
0x00110459	0x001106d4	CONDITIONAL_JUMP	0
0x00110464	0x0011083b	UNCONDITIONAL_JUMP	0
0x0011046f	0x0010a588	UNCONDITIONAL_CALL	0
0x0011047c	0x00110488	CONDITIONAL_JUMP	0
0x0011047e	0xStack[-0x2c]	READ	1
0x00110486	0x00110440	CONDITIONAL_JUMP	0
0x00110488	0x001e8758	READ	1
0x00110493	0x001104dc	CONDITIONAL_JUMP	0
0x0011049a	0x00107898	UNCONDITIONAL_CALL	0
0x001104a1	0x001e8758	READ	1
0x001104af	0x0011052c	CONDITIONAL_JUMP	0
0x001104bd	0x0011052c	CONDITIONAL_JUMP	0
0x001104c3	0x00110500	CONDITIONAL_JUMP	0
0x001104c9	0x00110500	CONDITIONAL_JUMP	0
0x001104cf	0x00110500	CONDITIONAL_JUMP	0
0x001104d5	0x00110500	CONDITIONAL_JUMP	0
0x001104da	0x00110510	UNCONDITIONAL_JUMP	0
0x001104e2	0x0011052c	CONDITIONAL_JUMP	0
0x001104ec	0x0011052c	CONDITIONAL_JUMP	0
0x001104f2	0x00110500	CONDITIONAL_JUMP	0
0x001104f8	0x00110500	CONDITIONAL_JUMP	0
0x001104fe	0x0011050c	CONDITIONAL_JUMP	0
0x00110505	0x0011083b	UNCONDITIONAL_JUMP	0
0x00110510	0x001097f8	UNCONDITIONAL_CALL	0
0x00110517	0x001e8df0	DATA	0
0x0011051c	0x0010a588	UNCONDITIONAL_CALL	0
0x00110524	0x001103c2	UNCONDITIONAL_JUMP	0
0x0011052c	0x0018b7ac	UNCONDITIONAL_CALL	0
0x00110533	0xStack[-0x34]	READ	0
0x00110537	0x00110684	CONDITIONAL_JUMP	0
0x0011053d	0xStack[-0x2c]	READ	1
0x00110548	0xStack[-0x30]	WRITE	0
0x0011054d	0x0011055c	CONDITIONAL_JUMP	0
0x00110551	0x00110690	CONDITIONAL_JUMP	0
0x00110557	0x001106f8	UNCONDITIONAL_JUMP	0
0x00110572	0x001105ec	CONDITIONAL_JUMP	0
0x00110578	0x00110690	CONDITIONAL_JUMP	0
0x00110580	0x001106f8	CONDITIONAL_JUMP	0
0x00110586	0xStack[-0x3c]	READ	0
0x0011058a	0x001105a0	CONDITIONAL_JUMP	0
0x0011058c	0xStack[-0x3c]	WRITE	0
0x00110593	0xStack[-0x18]	DATA	0
0x00110597	0x0010ac84	UNCONDITIONAL_CALL	0
0x0011059c	0x001105dd	UNCONDITIONAL_JUMP	0
0x001105a0	0xStack[-0x40]	READ	0
0x001105a3	0x001105b0	CONDITIONAL_JUMP	0
0x001105a5	0xStack[-0x18]	DATA	0
0x001105a9	0x0010ac84	UNCONDITIONAL_CALL	0
0x001105ae	0x001105dd	UNCONDITIONAL_JUMP	0
0x001105b0	0xStack[-0x20]	DATA	0
0x001105b4	0x0010ac84	UNCONDITIONAL_CALL	0
0x001105b9	0xStack[-0x20]	READ	1
0x001105bc	0xStack[-0x18]	READ	1
0x001105d3	0xStack[-0x1c]	READ	1
0x001105d6	0xStack[-0x14]	READ	1
0x001105e0	0xStack[-0x30]	READ	1
0x001105e5	0xStack[-0x40]	WRITE	0
0x001105e8	0x00110640	UNCONDITIONAL_JUMP	0
0x001105ef	0x001106f8	CONDITIONAL_JUMP	0
0x001105f5	0xStack[-0x3c]	READ	0
0x001105f9	0x00110610	CONDITIONAL_JUMP	0
0x001105fb	0xStack[-0x3c]	WRITE	0
0x00110602	0xStack[-0x18]	DATA	0
0x00110606	0x0010ac84	UNCONDITIONAL_CALL	0
0x0011060b	0x0011063d	UNCONDITIONAL_JUMP	0
0x00110610	0xStack[-0x28]	DATA	0
0x00110614	0x0010ac84	UNCONDITIONAL_CALL	0
0x00110619	0xStack[-0x28]	READ	1
0x0011061c	0xStack[-0x18]	READ	1
0x00110633	0xStack[-0x24]	READ	1
0x00110636	0xStack[-0x14]	READ	1
0x00110642	0x001106f8	CONDITIONAL_JUMP	0
0x0011064a	0x001dee30	READ	1
0x00110660	0xStack[-0x30]	READ	1
0x00110664	0x0010ab38	DATA	0
0x00110669	0x00103684	UNCONDITIONAL_CALL	0
0x0011066f	0xStack[-0x30]	READ	1
0x00110673	0x0010ab38	DATA	0
0x00110678	0x00103658	UNCONDITIONAL_CALL	0
0x00110680	0x00110690	UNCONDITIONAL_JUMP	0
0x00110687	0xStack[-0x30]	WRITE	0
0x0011068e	0x001106f8	CONDITIONAL_JUMP	0
0x00110696	0x001106a2	CONDITIONAL_JUMP	0
0x00110698	0xStack[-0x2c]	READ	1
0x001106a0	0x001106a7	CONDITIONAL_JUMP	0
0x001106a9	0x001106c0	CONDITIONAL_JUMP	0
0x001106af	0x001106c0	CONDITIONAL_JUMP	0
0x001106b2	0x0018b544	UNCONDITIONAL_CALL	0
0x001106b9	0x0011083b	UNCONDITIONAL_JUMP	0
0x001106c4	0x001106e0	CONDITIONAL_JUMP	0
0x001106c7	0x0018b544	UNCONDITIONAL_CALL	0
0x001106cc	0x0011044e	UNCONDITIONAL_JUMP	0
0x001106d9	0x0011083b	UNCONDITIONAL_JUMP	0
0x001106e3	0x0010a588	UNCONDITIONAL_CALL	0
0x001106e9	0x0018b544	UNCONDITIONAL_CALL	0
0x001106f1	0x001103c2	UNCONDITIONAL_JUMP	0
0x001106f9	0x0018b544	UNCONDITIONAL_CALL	0
0x00110708	0xStack[-0x30]	READ	1
0x0011070c	0x00112db0	UNCONDITIONAL_CALL	0
0x00110718	0x001107b4	CONDITIONAL_JUMP	0
0x00110721	0x0011076c	CONDITIONAL_JUMP	0
0x00110726	0x0011075c	CONDITIONAL_JUMP	0
0x00110728	0xStack[-0x34]	READ	0
0x0011072c	0x0011075c	CONDITIONAL_JUMP	0
0x0011072e	0xStack[-0x2c]	READ	1
0x00110735	0x0011075c	CONDITIONAL_JUMP	0
0x0011073e	0x001097f8	UNCONDITIONAL_CALL	0
0x00110748	0x001107b4	CONDITIONAL_JUMP	0
0x0011074d	0x0010a588	UNCONDITIONAL_CALL	0
0x00110755	0x001103bb	UNCONDITIONAL_JUMP	0
0x0011075f	0x0011076c	CONDITIONAL_JUMP	0
0x00110764	0x0011076c	CONDITIONAL_JUMP	0
0x00110766	0xStack[-0x34]	READ	0
0x0011076a	0x001107b4	CONDITIONAL_JUMP	0
0x0011076c	0xStack[0x8]	READ	1
0x00110771	0x0010a448	UNCONDITIONAL_CALL	0
0x00110776	0xStack[-0x38]	WRITE	0
0x0011077e	0x001107b4	CONDITIONAL_JUMP	0
0x00110780	0xStack[0x8]	READ	1
0x00110787	0x001107b4	CONDITIONAL_JUMP	0
0x00110789	0xStack[-0x34]	READ	0
0x0011078d	0x001107ac	CONDITIONAL_JUMP	0
0x00110792	0x001107b4	CONDITIONAL_JUMP	0
0x0011079a	0x001107a4	CONDITIONAL_JUMP	0
0x001107a2	0x001107ac	CONDITIONAL_JUMP	0
0x001107aa	0x001107b4	CONDITIONAL_JUMP	0
0x001107ae	0x00110708	UNCONDITIONAL_JUMP	0
0x001107ba	0x00110838	CONDITIONAL_JUMP	0
0x001107bc	0x0018b7ac	UNCONDITIONAL_CALL	0
0x001107cb	0x0018b544	UNCONDITIONAL_CALL	0
0x001107e0	0x00110838	CONDITIONAL_JUMP	0
0x001107e8	0x00110838	CONDITIONAL_JUMP	0
0x001107f2	0x0011315c	UNCONDITIONAL_CALL	0
0x001107fc	0x00110838	CONDITIONAL_JUMP	0
0x001107fe	0x0018b7ac	UNCONDITIONAL_CALL	0
0x0011080d	0x0018b544	UNCONDITIONAL_CALL	0
0x00110815	0x0018b7ac	UNCONDITIONAL_CALL	0
0x00110823	0x00110832	CONDITIONAL_JUMP	0
0x0011082a	0x00110832	CONDITIONAL_JUMP	0
0x00110833	0x0018b544	UNCONDITIONAL_CALL	0
0x00110838	0xStack[-0x38]	READ	1
0x0011083b	0xStack[-0x4c]	DATA	0
0x00110851	0xStack[0x4]	READ	1
0x0011085a	0x001dae6c	DATA	1
0x00110862	0x0018b7ac	UNCONDITIONAL_CALL	0
0x00110867	0xStack[-0x8]	WRITE	0
0x00110875	0x001108cf	CONDITIONAL_JUMP	0
0x00110879	0x001108cf	CONDITIONAL_JUMP	0
0x0011087c	0x0018b7ac	UNCONDITIONAL_CALL	0
0x0011088a	0x00110899	CONDITIONAL_JUMP	0
0x00110891	0x00110899	CONDITIONAL_JUMP	0
0x0011089a	0x0018b544	UNCONDITIONAL_CALL	0
0x001108a2	0xStack[0x8]	READ	0
0x001108a6	0x001108b8	CONDITIONAL_JUMP	0
0x001108a8	0xStack[-0x8]	READ	1
0x001108ac	0x0018b544	UNCONDITIONAL_CALL	0
0x001108b3	0x001108dd	UNCONDITIONAL_JUMP	0
0x001108c2	0x0010a588	UNCONDITIONAL_CALL	0
0x001108cd	0x0011087c	CONDITIONAL_JUMP	0
0x001108cf	0xStack[-0x8]	READ	1
0x001108d3	0x0018b544	UNCONDITIONAL_CALL	0
0x001108dd	0xStack[-0x14]	DATA	0
0x001108f1	0xStack[0x4]	READ	1
0x001108f5	0x00111b58	UNCONDITIONAL_CALL	0
0x001108fa	0xStack[-0x6c]	WRITE	0
0x001108fd	0xStack[0x4]	READ	1
0x00110906	0x001dae6c	DATA	1
0x0011090e	0xStack[-0x70]	WRITE	0
0x00110911	0xStack[0x8]	READ	1
0x00110917	0xStack[-0x74]	WRITE	0
0x0011091a	0xStack[-0x78]	WRITE	0
0x00110924	0xStack[0x4]	READ	1
0x0011092c	0x00110986	CONDITIONAL_JUMP	0
0x0011092e	0xStack[-0x6c]	READ	1
0x00110936	0x00110986	CONDITIONAL_JUMP	0
0x0011093b	0x001109db	CONDITIONAL_JUMP	0
0x00110944	0x00110964	CONDITIONAL_JUMP	0
0x00110946	0x001e8758	READ	1
0x00110951	0x00110dec	CONDITIONAL_JUMP	0
0x0011095c	0x00110df1	UNCONDITIONAL_JUMP	0
0x00110966	0xStack[0x4]	READ	1
0x0011096a	0x0010a588	UNCONDITIONAL_CALL	0
0x00110972	0xStack[0x4]	READ	1
0x0011097a	0x00110986	CONDITIONAL_JUMP	0
0x0011097c	0xStack[-0x6c]	READ	1
0x00110984	0x00110938	CONDITIONAL_JUMP	0
0x00110986	0x001e8758	READ	1
0x00110992	0x001109f0	CONDITIONAL_JUMP	0
0x00110999	0x00107898	UNCONDITIONAL_CALL	0
0x001109a1	0xStack[0x4]	READ	1
0x001109b0	0x00110a3c	CONDITIONAL_JUMP	0
0x001109b6	0x001e8758	READ	1
0x001109c1	0x00110a3c	CONDITIONAL_JUMP	0
0x001109c7	0x00110a3c	CONDITIONAL_JUMP	0
0x001109cd	0x00110a3c	CONDITIONAL_JUMP	0
0x001109d3	0x00110a3c	CONDITIONAL_JUMP	0
0x001109d9	0x001109e8	CONDITIONAL_JUMP	0
0x001109e0	0x00110df1	UNCONDITIONAL_JUMP	0
0x001109eb	0x00110a21	UNCONDITIONAL_JUMP	0
0x001109f4	0xStack[0x4]	READ	1
0x001109fb	0x00110a3c	CONDITIONAL_JUMP	0
0x00110a03	0x00110a3c	CONDITIONAL_JUMP	0
0x00110a09	0x00110a3c	CONDITIONAL_JUMP	0
0x00110a0f	0x00110a3c	CONDITIONAL_JUMP	0
0x00110a15	0x00110a3c	CONDITIONAL_JUMP	0
0x00110a1b	0x00110a3c	CONDITIONAL_JUMP	0
0x00110a21	0x001097f8	UNCONDITIONAL_CALL	0
0x00110a28	0x001e8df0	DATA	0
0x00110a2d	0x0010a588	UNCONDITIONAL_CALL	0
0x00110a35	0x00110924	UNCONDITIONAL_JUMP	0
0x00110a3c	0xStack[0x8]	READ	1
0x00110a43	0x00110d1a	CONDITIONAL_JUMP	0
0x00110a4c	0xStack[0x8]	READ	1
0x00110a56	0x00110a7c	CONDITIONAL_JUMP	0
0x00110a62	0x00110d0d	CONDITIONAL_JUMP	0
0x00110a68	0x001dafc6	DATA	0
0x00110a6d	0x0010ca6c	UNCONDITIONAL_CALL	0
0x00110a7f	0x00110a86	CONDITIONAL_JUMP	0
0x00110a86	0xStack[-0x68]	DATA	0
0x00110a89	0xStack[0x8]	READ	1
0x00110a91	0x0010a384	UNCONDITIONAL_CALL	0
0x00110a96	0xStack[-0x78]	WRITE	0
0x00110a9e	0x00110d1a	CONDITIONAL_JUMP	0
0x00110aa4	0xStack[-0x70]	READ	1
0x00110aa7	0xStack[0x4]	READ	1
0x00110aad	0x00110d48	CONDITIONAL_JUMP	0
0x00110abb	0x00110d0d	CONDITIONAL_JUMP	0
0x00110ac1	0x00200024	DATA	1
0x00110ac9	0x00110b7c	CONDITIONAL_JUMP	0
0x00110acf	0xStack[-0x6c]	READ	1
0x00110ad6	0x00110b7c	CONDITIONAL_JUMP	0
0x00110ade	0x00110d0d	CONDITIONAL_JUMP	0
0x00110ae4	0xStack[-0x68]	DATA	1
0x00110ae8	0xStack[0x4]	READ	1
0x00110af1	0x00110014	UNCONDITIONAL_CALL	0
0x00110afb	0x00110b5c	CONDITIONAL_JUMP	0
0x00110afd	0x0018b7ac	UNCONDITIONAL_CALL	0
0x00110b04	0xStack[0x4]	READ	1
0x00110b0e	0x00110b1d	CONDITIONAL_JUMP	0
0x00110b15	0x00110b1d	CONDITIONAL_JUMP	0
0x00110b1e	0x0018b544	UNCONDITIONAL_CALL	0
0x00110b28	0x001e8df0	DATA	0
0x00110b2d	0x0010a588	UNCONDITIONAL_CALL	0
0x00110b32	0xStack[0x4]	READ	1
0x00110b3e	0x00110924	CONDITIONAL_JUMP	0
0x00110b44	0xStack[0x8]	READ	1
0x00110b56	0x00110924	UNCONDITIONAL_JUMP	0
0x00110b5d	0xStack[-0x70]	READ	1
0x00110b60	0xStack[0x4]	READ	1
0x00110b66	0x00110d48	CONDITIONAL_JUMP	0
0x00110b6e	0x00110ae4	CONDITIONAL_JUMP	0
0x00110b74	0x00110d0d	UNCONDITIONAL_JUMP	0
0x00110b7c	0xStack[0x4]	READ	1
0x00110b86	0x00110d05	CONDITIONAL_JUMP	0
0x00110b8c	0xStack[-0x6c]	READ	1
0x00110b97	0x00110d05	CONDITIONAL_JUMP	0
0x00110ba7	0x00110d05	CONDITIONAL_JUMP	0
0x00110bb4	0x00110d05	CONDITIONAL_JUMP	0
0x00110bbc	0xStack[-0x68]	DATA	0
0x00110bc1	0x00110bbc	CONDITIONAL_JUMP	0
0x00110bc3	0x00110d05	UNCONDITIONAL_JUMP	0
0x00110bc8	0xStack[0x4]	READ	1
0x00110bcb	0x00200020	DATA	1
0x00110bd2	0x00110bdd	CONDITIONAL_JUMP	0
0x00110bd4	0xStack[-0x6c]	READ	1
0x00110bdb	0x00110be4	CONDITIONAL_JUMP	0
0x00110bdf	0x00110c74	UNCONDITIONAL_JUMP	0
0x00110be6	0x001dacec	DATA	0
0x00110bed	0x00142fa0	UNCONDITIONAL_CALL	0
0x00110bfb	0x00110c74	CONDITIONAL_JUMP	0
0x00110bfd	0xStack[0x4]	READ	1
0x00110c05	0xStack[-0x68]	DATA	1
0x00110c09	0x00110014	UNCONDITIONAL_CALL	0
0x00110c13	0x00110c6c	CONDITIONAL_JUMP	0
0x00110c15	0x0018b7ac	UNCONDITIONAL_CALL	0
0x00110c1c	0xStack[0x4]	READ	1
0x00110c26	0x00110c35	CONDITIONAL_JUMP	0
0x00110c2d	0x00110c35	CONDITIONAL_JUMP	0
0x00110c36	0x0018b544	UNCONDITIONAL_CALL	0
0x00110c40	0x001e8df0	DATA	0
0x00110c45	0x0010a588	UNCONDITIONAL_CALL	0
0x00110c4f	0x00110924	CONDITIONAL_JUMP	0
0x00110c55	0xStack[0x8]	READ	1
0x00110c67	0x00110924	UNCONDITIONAL_JUMP	0
0x00110c6e	0x00110cf4	UNCONDITIONAL_JUMP	0
0x00110c74	0xStack[0x4]	READ	1
0x00110c7b	0xStack[0x4]	READ	1
0x00110c84	0x0011325c	UNCONDITIONAL_CALL	0
0x00110c8b	0xStack[0x4]	READ	1
0x00110c95	0x001e8b1c	READ_WRITE	0
0x00110ca0	0x00110cf4	CONDITIONAL_JUMP	0
0x00110ca2	0x0018b7ac	UNCONDITIONAL_CALL	0
0x00110ca9	0xStack[0x4]	READ	1
0x00110cb3	0x00110cc2	CONDITIONAL_JUMP	0
0x00110cba	0x00110cc2	CONDITIONAL_JUMP	0
0x00110cc3	0x0018b544	UNCONDITIONAL_CALL	0
0x00110ccd	0x001e8df0	DATA	0
0x00110cd2	0x0010a588	UNCONDITIONAL_CALL	0
0x00110cd7	0xStack[0x8]	READ	1
0x00110cec	0x00110924	UNCONDITIONAL_JUMP	0
0x00110cf4	0xStack[0x4]	READ	1
0x00110cfb	0x00110d48	CONDITIONAL_JUMP	0
0x00110cfd	0xStack[-0x70]	READ	1
0x00110d03	0x00110d48	CONDITIONAL_JUMP	0
0x00110d07	0x00110bc8	CONDITIONAL_JUMP	0
0x00110d0d	0xStack[0x8]	READ	1
0x00110d14	0x00110a4c	CONDITIONAL_JUMP	0
0x00110d1a	0x0018b7ac	UNCONDITIONAL_CALL	0
0x00110d21	0xStack[0x4]	READ	1
0x00110d2b	0x00110d3a	CONDITIONAL_JUMP	0
0x00110d32	0x00110d3a	CONDITIONAL_JUMP	0
0x00110d3b	0x0018b544	UNCONDITIONAL_CALL	0
0x00110d40	0xStack[-0x78]	READ	1
0x00110d43	0x00110df1	UNCONDITIONAL_JUMP	0
0x00110d48	0x0018b7ac	UNCONDITIONAL_CALL	0
0x00110d51	0x00110d65	CONDITIONAL_JUMP	0
0x00110d53	0xStack[0x8]	READ	1
0x00110d65	0x0018b7ac	UNCONDITIONAL_CALL	0
0x00110d6c	0xStack[0x4]	READ	1
0x00110d76	0x00110d85	CONDITIONAL_JUMP	0
0x00110d7d	0x00110d85	CONDITIONAL_JUMP	0
0x00110d86	0x0018b544	UNCONDITIONAL_CALL	0
0x00110d8e	0xStack[-0x70]	READ	1
0x00110d91	0xStack[0x4]	READ	1
0x00110d97	0x00110da4	CONDITIONAL_JUMP	0
0x00110d9a	0x0018b544	UNCONDITIONAL_CALL	0
0x00110d9f	0x00110921	UNCONDITIONAL_JUMP	0
0x00110da4	0xStack[0x4]	READ	1
0x00110dad	0x00110dc8	CONDITIONAL_JUMP	0
0x00110db0	0x0018b544	UNCONDITIONAL_CALL	0
0x00110db5	0xStack[-0x74]	READ	1
0x00110db8	0xStack[0x8]	READ	1
0x00110dbe	0x00110946	CONDITIONAL_JUMP	0
0x00110dc6	0x00110df1	UNCONDITIONAL_JUMP	0
0x00110dca	0xStack[0x4]	READ	1
0x00110dd2	0xStack[0x4]	READ	1
0x00110dd9	0x0010a588	UNCONDITIONAL_CALL	0
0x00110ddf	0x0018b544	UNCONDITIONAL_CALL	0
0x00110de7	0x00110924	UNCONDITIONAL_JUMP	0
0x00110df1	0xStack[-0x84]	DATA	0
0x00110e05	0xStack[0x4]	READ	1
0x00110e08	0xStack[0x8]	READ	1
0x00110e12	0x00110f99	CONDITIONAL_JUMP	0
0x00110e1c	0x00110f99	CONDITIONAL_JUMP	0
0x00110e32	0x00110f60	CONDITIONAL_JUMP	0
0x00110e3c	0x00110ea8	CONDITIONAL_JUMP	0
0x00110e47	0x00110e92	CONDITIONAL_JUMP	0
0x00110e4f	0x001dacec	DATA	1
0x00110e5b	0x00110f54	CONDITIONAL_JUMP	0
0x00110e61	0x00110e84	COMPUTED_JUMP	-1
0x00110e61	0x00110e88	COMPUTED_JUMP	-1
0x00110e61	0x00110ea0	COMPUTED_JUMP	-1
0x00110e61	0x00110e68	DATA	0
0x00110e68	0x00110e84	DATA	0
0x00110e6c	0x00110e88	DATA	0
0x00110e70	0x00110e88	DATA	0
0x00110e74	0x00110e88	DATA	0
0x00110e78	0x00110ea0	DATA	0
0x00110e7c	0x00110e88	DATA	0
0x00110e80	0x00110e88	DATA	0
0x00110e86	0x00110e94	UNCONDITIONAL_JUMP	0
0x00110e8c	0x00110f96	CONDITIONAL_JUMP	0
0x00110e95	0x00110fa4	UNCONDITIONAL_CALL	0
0x00110e9a	0x00110f96	UNCONDITIONAL_JUMP	0
0x00110ea6	0x00110eb8	CONDITIONAL_JUMP	0
0x00110ea8	0xStack[0x8]	READ	1
0x00110eac	0x00110fdc	UNCONDITIONAL_CALL	0
0x00110eb1	0x00110f99	UNCONDITIONAL_JUMP	0
0x00110eb8	0x0018b7ac	UNCONDITIONAL_CALL	0
0x00110ebd	0xStack[-0xc]	WRITE	0
0x00110ec4	0x00200000	DATA	1
0x00110edc	0xStack[-0x8]	DATA	0
0x00110edf	0xStack[-0x10]	WRITE	0
0x00110ee4	0xStack[-0x10]	READ	1
0x00110eea	0x00113390	UNCONDITIONAL_CALL	0
0x00110ef6	0x00110f0c	CONDITIONAL_JUMP	0
0x00110ef8	0xStack[0x8]	READ	1
0x00110efc	0xStack[-0x8]	READ	1
0x00110f00	0x00111094	UNCONDITIONAL_CALL	0
0x00110f08	0x00110ee4	UNCONDITIONAL_JUMP	0
0x00110f1a	0xStack[-0xc]	READ	1
0x00110f1e	0x0018b544	UNCONDITIONAL_CALL	0
0x00110f38	0x00110f3f	CONDITIONAL_JUMP	0
0x00110f40	0x00110f96	CONDITIONAL_JUMP	0
0x00110f47	0x00110014	UNCONDITIONAL_CALL	0
0x00110f50	0x00110f44	CONDITIONAL_JUMP	0
0x00110f52	0x00110f96	UNCONDITIONAL_JUMP	0
0x00110f54	0x001dafce	DATA	0
0x00110f59	0x0010ca6c	UNCONDITIONAL_CALL	0
0x00110f65	0x00110f88	CONDITIONAL_JUMP	0
0x00110f6b	0x00110f7f	CONDITIONAL_JUMP	0
0x00110f70	0x00110014	UNCONDITIONAL_CALL	0
0x00110f7f	0xStack[0x8]	READ	1
0x00110f84	0x00110f91	UNCONDITIONAL_JUMP	0
0x00110f88	0xStack[0x8]	READ	1
0x00110f91	0x00111094	UNCONDITIONAL_CALL	0
0x00110f99	0xStack[-0x1c]	DATA	0
0x00110faa	0xStack[0x4]	READ	1
0x00110fad	0xStack[0x8]	READ	1
0x00110fb0	0x001dafd9	DATA	1
0x00110fb9	0x00110fc0	CONDITIONAL_JUMP	0
0x00110fbb	0x001dafd5	DATA	1
0x00110fc1	0x00110fd1	CONDITIONAL_JUMP	0
0x00110fc5	0x001dafd5	DATA	0
0x00110fc5	0x001dafd9	DATA	0
0x00110fc6	0x00111150	UNCONDITIONAL_CALL	0
0x00110fcf	0x00110fc4	CONDITIONAL_JUMP	0
0x00110fd1	0xStack[-0x10]	DATA	0
0x00110fe5	0xStack[0x4]	READ	1
0x00110fef	0x00111000	CONDITIONAL_JUMP	0
0x00110ff8	0x00111094	UNCONDITIONAL_CALL	0
0x00111003	0x00110014	UNCONDITIONAL_CALL	0
0x00111008	0x0018b7ac	UNCONDITIONAL_CALL	0
0x0011100d	0xStack[-0xc]	WRITE	0
0x00111017	0xStack[-0x8]	DATA	0
0x00111022	0x00113390	UNCONDITIONAL_CALL	0
0x0011102e	0x00111044	CONDITIONAL_JUMP	0
0x00111030	0xStack[0x4]	READ	1
0x00111034	0xStack[-0x8]	READ	1
0x00111038	0x00111094	UNCONDITIONAL_CALL	0
0x00111040	0x0011101c	UNCONDITIONAL_JUMP	0
0x00111048	0xStack[-0x8]	DATA	0
0x0011104f	0x00113390	UNCONDITIONAL_CALL	0
0x0011105b	0x00111070	CONDITIONAL_JUMP	0
0x0011105d	0xStack[0x4]	READ	1
0x00111061	0xStack[-0x8]	READ	1
0x00111065	0x00111094	UNCONDITIONAL_CALL	0
0x0011106d	0x0011104c	UNCONDITIONAL_JUMP	0
0x00111077	0xStack[-0xc]	READ	1
0x0011107b	0x0018b544	UNCONDITIONAL_CALL	0
0x00111089	0xStack[-0x18]	DATA	0
0x0011109a	0xStack[0x4]	READ	1
0x0011109d	0xStack[0x8]	READ	1
0x001110a6	0x001110af	CONDITIONAL_JUMP	0
0x001110b4	0x001110c5	CONDITIONAL_JUMP	0
0x001110ba	0x00111143	CONDITIONAL_JUMP	0
0x001110c3	0x00111143	CONDITIONAL_JUMP	0
0x001110c9	0x00111143	CONDITIONAL_JUMP	0
0x001110d0	0x00111113	CONDITIONAL_JUMP	0
0x001110d8	0x001110e2	CONDITIONAL_JUMP	0
0x001110e0	0x001110e7	CONDITIONAL_JUMP	0
0x001110e5	0x00111113	CONDITIONAL_JUMP	0
0x001110ea	0x00110014	UNCONDITIONAL_CALL	0
0x001110fb	0x00111104	CONDITIONAL_JUMP	0
0x00111102	0x00111113	UNCONDITIONAL_JUMP	0
0x00111108	0x00111110	CONDITIONAL_JUMP	0
0x0011110d	0x00111113	UNCONDITIONAL_JUMP	0
0x0011111c	0x0011112f	CONDITIONAL_JUMP	0
0x00111122	0x0011113c	CONDITIONAL_JUMP	0
0x00111128	0x0011113c	CONDITIONAL_JUMP	0
0x0011112d	0x0011113c	CONDITIONAL_JUMP	0
0x00111135	0x0011113c	CONDITIONAL_JUMP	0
0x0011113a	0x00111143	CONDITIONAL_JUMP	0
0x0011113e	0x00110014	UNCONDITIONAL_CALL	0
0x00111143	0xStack[-0x10]	DATA	0
0x00111155	0xStack[0x4]	READ	1
0x00111158	0xStack[0x8]	READ	1
0x0011115b	0x0011116d	UNCONDITIONAL_JUMP	0
0x00111165	0x00110014	UNCONDITIONAL_CALL	0
0x00111172	0x00111160	CONDITIONAL_JUMP	0
0x00111174	0xStack[-0xc]	DATA	0
0x00111183	0xStack[0x4]	READ	1
0x0011118c	0x001111a4	CONDITIONAL_JUMP	0
0x00111194	0x001111a4	CONDITIONAL_JUMP	0
0x0011119a	0x001111a4	CONDITIONAL_JUMP	0
0x001111b5	0xStack[0x4]	READ	1
0x001111b8	0x0018b7ac	UNCONDITIONAL_CALL	0
0x001111c4	0x001111e8	CONDITIONAL_JUMP	0
0x001111d0	0x0010d7e4	UNCONDITIONAL_CALL	0
0x001111d9	0x0010d7b0	UNCONDITIONAL_CALL	0
0x001111e9	0x0018b544	UNCONDITIONAL_CALL	0
0x001111f5	0x00111206	CONDITIONAL_JUMP	0
0x001111fe	0x001097f8	UNCONDITIONAL_CALL	0
0x00111207	0x0010ab38	UNCONDITIONAL_CALL	0
0x0011120c	0xStack[-0xc]	DATA	0
0x0011121d	0xStack[0x4]	READ	1
0x00111222	0x0011129f	CONDITIONAL_JUMP	0
0x00111224	0x001db1c8	READ	0
0x0011122a	0x0011129f	CONDITIONAL_JUMP	0
0x00111234	0x001dafe8	DATA	1
0x00111239	0x001dafe8	DATA	0
0x00111239	0x0010cca4	DATA	1
0x00111243	0x0011129f	CONDITIONAL_JUMP	0
0x00111245	0x001dafec	DATA	0
0x00111245	0x0010cca4	DATA	1
0x0011124d	0x0011129f	CONDITIONAL_JUMP	0
0x0011124f	0x001daff0	DATA	0
0x0011124f	0x0010cca4	DATA	1
0x00111257	0x0011129f	CONDITIONAL_JUMP	0
0x00111259	0x001daff4	DATA	0
0x00111259	0x0010cca4	DATA	1
0x00111261	0x0011129f	CONDITIONAL_JUMP	0
0x00111263	0x001daff8	DATA	0
0x00111263	0x0010cca4	DATA	1
0x0011126b	0x0011129f	CONDITIONAL_JUMP	0
0x0011126d	0x001daffc	DATA	0
0x0011126d	0x0010cca4	DATA	1
0x00111275	0x0011129f	CONDITIONAL_JUMP	0
0x00111277	0x001db000	DATA	0
0x00111277	0x0010cca4	DATA	1
0x0011127f	0x0011129f	CONDITIONAL_JUMP	0
0x00111281	0x001db008	DATA	0
0x00111281	0x0010cca4	DATA	1
0x00111289	0x0011129f	CONDITIONAL_JUMP	0
0x0011128b	0x001db00c	DATA	0
0x0011128b	0x0010cca4	DATA	1
0x00111293	0x0011129f	CONDITIONAL_JUMP	0
0x00111295	0x001db010	DATA	0
0x00111295	0x0010cca4	DATA	1
0x0011129d	0x001112a8	CONDITIONAL_JUMP	0
0x001112a4	0x00111304	UNCONDITIONAL_JUMP	0
0x001112a8	0x0018b7ac	UNCONDITIONAL_CALL	0
0x001112ad	0xStack[0x8]	READ	1
0x001112b0	0x001db014	DATA	0
0x001112b4	0xStack[0xc]	READ	1
0x001112b7	0x001dafe8	DATA	0
0x001112bd	0xStack[0x10]	READ	1
0x001112c0	0x001dafec	DATA	0
0x001112c4	0xStack[0x14]	READ	1
0x001112c7	0x001daff0	DATA	0
0x001112cb	0xStack[0x18]	READ	1
0x001112ce	0x001daff4	DATA	0
0x001112d2	0xStack[0x1c]	READ	1
0x001112d5	0x001daff8	DATA	0
0x001112d9	0xStack[0x20]	READ	1
0x001112dc	0x001daffc	DATA	0
0x001112e0	0xStack[0x24]	READ	1
0x001112e3	0x001db000	DATA	0
0x001112e7	0xStack[0x28]	READ	1
0x001112ea	0x001db008	DATA	0
0x001112ee	0xStack[0x2c]	READ	1
0x001112f1	0x001db00c	DATA	0
0x001112f5	0xStack[0x30]	READ	1
0x001112f8	0x001db010	DATA	0
0x001112fd	0x0018b544	UNCONDITIONAL_CALL	0
0x00111304	0xStack[-0xc]	DATA	0
0x00111314	0xStack[0x4]	READ	1
0x00111319	0x0011138d	CONDITIONAL_JUMP	0
0x0011131b	0x001db1c8	READ	0
0x00111321	0x0011138d	CONDITIONAL_JUMP	0
0x00111323	0x0018b7ac	UNCONDITIONAL_CALL	0
0x00111330	0x001dafe8	DATA	1
0x00111335	0x001dafe8	DATA	0
0x00111335	0x0010cca4	DATA	1
0x0011133f	0x001dafec	DATA	0
0x0011133f	0x0010cca4	DATA	1
0x00111347	0x001daff0	DATA	0
0x00111347	0x0010cca4	DATA	1
0x0011134f	0x001daff4	DATA	0
0x0011134f	0x0010cca4	DATA	1
0x00111357	0x001daff8	DATA	0
0x00111357	0x0010cca4	DATA	1
0x0011135f	0x001daffc	DATA	0
0x0011135f	0x0010cca4	DATA	1
0x00111367	0x001db000	DATA	0
0x00111367	0x0010cca4	DATA	1
0x0011136f	0x001db008	DATA	0
0x0011136f	0x0010cca4	DATA	1
0x00111377	0x001db00c	DATA	0
0x00111377	0x0010cca4	DATA	1
0x0011137f	0x001db010	DATA	0
0x0011137f	0x0010cca4	DATA	1
0x00111388	0x0018b544	UNCONDITIONAL_CALL	0
0x0011138d	0xStack[-0x8]	READ	1
0x00111397	0xStack[0x4]	READ	1
0x0011139f	0x001113a4	CONDITIONAL_JUMP	0
0x001113ab	0xStack[0x4]	READ	1
0x001113bb	0x001e2f4c	DATA	1
0x001113ce	0xStack[0x4]	READ	1
0x001113d1	0xStack[0x8]	READ	1
0x001113d4	0x0018b7ac	UNCONDITIONAL_CALL	0
0x001113de	0x001113e8	CONDITIONAL_JUMP	0
0x001113e3	0x00111404	CONDITIONAL_JUMP	0
0x001113e5	0x0011141b	UNCONDITIONAL_JUMP	0
0x001113ec	0x0010d740	UNCONDITIONAL_CALL	0
0x001113f6	0x0011141b	CONDITIONAL_JUMP	0
0x001113ff	0x0011141b	UNCONDITIONAL_JUMP	0
0x00111408	0x0010d740	UNCONDITIONAL_CALL	0
0x00111412	0x0011141b	CONDITIONAL_JUMP	0
0x0011141c	0x0018b544	UNCONDITIONAL_CALL	0
0x00111421	0xStack[-0x10]	DATA	0
0x00111431	0xStack[0x4]	READ	1
0x00111434	0x0018b7ac	UNCONDITIONAL_CALL	0
0x00111440	0x00111464	CONDITIONAL_JUMP	0
0x0011144c	0x0010d7e4	UNCONDITIONAL_CALL	0
0x0011145c	0x0010d7b0	UNCONDITIONAL_CALL	0
0x00111465	0x0018b544	UNCONDITIONAL_CALL	0
0x0011146a	0xStack[-0xc]	DATA	0
0x0011147d	0xStack[0x4]	READ	1
0x00111482	0xStack[0x8]	READ	1
0x0011148a	0xStack[-0x18]	WRITE	0
0x00111490	0xStack[-0x8]	WRITE	0
0x00111493	0xStack[0x8]	READ	1
0x00111499	0xStack[-0xc]	WRITE	0
0x001114a6	0x001114d0	CONDITIONAL_JUMP	0
0x001114ae	0x001114d0	CONDITIONAL_JUMP	0
0x001114b0	0xStack[-0x18]	READ	0
0x001114b4	0x001114d0	CONDITIONAL_JUMP	0
0x001114b6	0xStack[-0xc]	READ	1
0x001114c3	0x001114d0	CONDITIONAL_JUMP	0
0x001114ca	0x001115d5	UNCONDITIONAL_JUMP	0
0x001114d3	0x001114db	CONDITIONAL_JUMP	0
0x001114de	0x001114e6	CONDITIONAL_JUMP	0
0x001114e9	0x001114f1	CONDITIONAL_JUMP	0
0x001114f3	0x001114fb	CONDITIONAL_JUMP	0
0x001114fe	0x00111506	CONDITIONAL_JUMP	0
0x00111509	0x00111511	CONDITIONAL_JUMP	0
0x00111511	0xStack[-0x8]	READ	1
0x0011151a	0x00111522	CONDITIONAL_JUMP	0
0x00111522	0xStack[-0x8]	READ	1
0x00111527	0x0011153a	CONDITIONAL_JUMP	0
0x0011152c	0x00111534	CONDITIONAL_JUMP	0
0x00111531	0x00111545	UNCONDITIONAL_JUMP	0
0x0011153d	0x00111545	CONDITIONAL_JUMP	0
0x00111545	0xStack[-0x18]	READ	1
0x0011154a	0x0011154f	CONDITIONAL_JUMP	0
0x0011154f	0xStack[-0x18]	READ	1
0x00111554	0x00111559	CONDITIONAL_JUMP	0
0x00111559	0xStack[-0x18]	READ	0
0x0011155d	0x00111562	CONDITIONAL_JUMP	0
0x00111562	0xStack[-0xc]	READ	1
0x0011156b	0xStack[-0x10]	WRITE	0
0x0011156e	0x00111573	CONDITIONAL_JUMP	0
0x00111573	0xStack[-0xc]	READ	1
0x0011157b	0xStack[-0x14]	WRITE	0
0x00111583	0x00111598	CONDITIONAL_JUMP	0
0x00111585	0x001115d5	CONDITIONAL_JUMP	0
0x0011158c	0x001115a0	CONDITIONAL_JUMP	0
0x00111593	0x001115a8	CONDITIONAL_JUMP	0
0x00111595	0x001115d5	UNCONDITIONAL_JUMP	0
0x0011159b	0x001115d5	UNCONDITIONAL_JUMP	0
0x001115a3	0x001115d5	UNCONDITIONAL_JUMP	0
0x001115ab	0xStack[-0x10]	READ	0
0x001115af	0x001115d5	CONDITIONAL_JUMP	0
0x001115b1	0xStack[-0x8]	READ	1
0x001115ba	0x001115c4	CONDITIONAL_JUMP	0
0x001115c2	0x001115ca	UNCONDITIONAL_JUMP	0
0x001115c4	0x00200000	DATA	1
0x001115cd	0x001115d5	CONDITIONAL_JUMP	0
0x001115d5	0xStack[-0xc]	READ	1
0x001115db	0x001115e4	CONDITIONAL_JUMP	0
0x001115e0	0x00111609	UNCONDITIONAL_JUMP	0
0x001115e4	0xStack[-0x18]	READ	0
0x001115e8	0x00111606	CONDITIONAL_JUMP	0
0x001115ea	0xStack[-0xc]	READ	1
0x001115f3	0x001115fc	CONDITIONAL_JUMP	0
0x001115f8	0x00111609	UNCONDITIONAL_JUMP	0
0x001115fc	0xStack[-0xc]	READ	1
0x00111604	0x00111609	CONDITIONAL_JUMP	0
0x00111609	0xStack[-0xc]	READ	1
0x00111612	0x00111617	CONDITIONAL_JUMP	0
0x00111617	0xStack[-0xc]	READ	1
0x0011161d	0x00111622	CONDITIONAL_JUMP	0
0x00111622	0xStack[-0xc]	READ	1
0x0011162b	0x00111633	CONDITIONAL_JUMP	0
0x00111633	0xStack[-0xc]	READ	0
0x00111638	0x0011163d	CONDITIONAL_JUMP	0
0x0011163d	0xStack[-0xc]	READ	1
0x00111645	0x0011164d	CONDITIONAL_JUMP	0
0x00111650	0x00111658	CONDITIONAL_JUMP	0
0x0011165b	0x00111663	CONDITIONAL_JUMP	0
0x00111666	0x0011166e	CONDITIONAL_JUMP	0
0x00111668	0x00100000	DATA	1
0x00111671	0x00111679	CONDITIONAL_JUMP	0
0x00111673	0x00200000	DATA	1
0x0011167c	0x00111681	CONDITIONAL_JUMP	0
0x00111684	0x0011168c	CONDITIONAL_JUMP	0
0x0011168c	0xStack[-0x8]	READ	1
0x00111697	0xStack[-0x18]	READ	1
0x0011169c	0x001116a4	CONDITIONAL_JUMP	0
0x001116a4	0xStack[-0x18]	READ	1
0x001116a9	0x001116ae	CONDITIONAL_JUMP	0
0x001116ae	0xStack[-0x18]	READ	1
0x001116b3	0x001116bb	CONDITIONAL_JUMP	0
0x001116bb	0xStack[-0x18]	READ	1
0x001116c1	0x001116c9	CONDITIONAL_JUMP	0
0x001116c9	0xStack[-0x18]	READ	1
0x001116cf	0x001116d7	CONDITIONAL_JUMP	0
0x001116d7	0xStack[-0x18]	READ	1
0x001116dd	0x001116e5	CONDITIONAL_JUMP	0
0x001116e5	0xStack[-0x18]	READ	1
0x001116ea	0x001116ef	CONDITIONAL_JUMP	0
0x001116ef	0xStack[-0x18]	READ	1
0x001116f5	0x001116fa	CONDITIONAL_JUMP	0
0x001116fa	0xStack[-0x18]	READ	1
0x00111702	0x00111707	CONDITIONAL_JUMP	0
0x00111707	0xStack[-0x18]	READ	1
0x0011170f	0x00111717	CONDITIONAL_JUMP	0
0x00111717	0xStack[-0x18]	READ	1
0x00111720	0xStack[0x4]	READ	1
0x0011172a	0xStack[0x4]	READ	1
0x00111730	0xStack[0x8]	READ	1
0x00111739	0xStack[0x8]	READ	1
0x00111742	0xStack[0x8]	READ	1
0x0011174b	0xStack[0x8]	READ	1
0x00111754	0xStack[0x8]	READ	1
0x0011175d	0xStack[0x8]	READ	1
0x00111766	0xStack[0x8]	READ	1
0x0011176f	0xStack[0x8]	READ	1
0x00111778	0xStack[0x8]	READ	1
0x00111781	0xStack[0x8]	READ	1
0x0011178a	0xStack[0x8]	READ	1
0x00111793	0xStack[0x8]	READ	1
0x0011179c	0xStack[0x8]	READ	1
0x001117a5	0xStack[0x8]	READ	1
0x001117ae	0xStack[0x8]	READ	1
0x001117b7	0xStack[0x8]	READ	1
0x001117c0	0xStack[0x8]	READ	1
0x001117c6	0xStack[0x4]	READ	1
0x001117cc	0xStack[0x8]	READ	1
0x001117d5	0xStack[0x8]	READ	1
0x001117de	0xStack[-0x28]	DATA	0
0x001117f1	0xStack[0x4]	READ	1
0x001117f6	0xStack[-0x8]	WRITE	0
0x001117fc	0xStack[-0x14]	WRITE	0
0x001117ff	0xStack[0x4]	READ	1
0x00111807	0xStack[-0xc]	WRITE	0
0x00111818	0x00111824	CONDITIONAL_JUMP	0
0x0011181f	0x00111933	UNCONDITIONAL_JUMP	0
0x0011182a	0x00111831	CONDITIONAL_JUMP	0
0x00111837	0x0011183c	CONDITIONAL_JUMP	0
0x00111842	0x00111847	CONDITIONAL_JUMP	0
0x0011184d	0x00111852	CONDITIONAL_JUMP	0
0x00111858	0x0011185d	CONDITIONAL_JUMP	0
0x00111863	0x00111868	CONDITIONAL_JUMP	0
0x0011186e	0x00111877	CONDITIONAL_JUMP	0
0x00111870	0xStack[-0xc]	WRITE	0
0x00111877	0xStack[-0x14]	READ	1
0x00111880	0x00111888	CONDITIONAL_JUMP	0
0x00111885	0x0011189b	UNCONDITIONAL_JUMP	0
0x0011188e	0x00111893	CONDITIONAL_JUMP	0
0x00111899	0x0011189f	CONDITIONAL_JUMP	0
0x0011189b	0xStack[-0xc]	READ_WRITE	0
0x0011189f	0xStack[-0x14]	READ	1
0x001118a4	0x001118a9	CONDITIONAL_JUMP	0
0x001118af	0x001118b4	CONDITIONAL_JUMP	0
0x001118ba	0x001118bf	CONDITIONAL_JUMP	0
0x001118bf	0xStack[-0x14]	READ	0
0x001118c6	0x001118ec	CONDITIONAL_JUMP	0
0x001118cb	0xStack[-0x14]	READ	1
0x001118d4	0x001118d9	CONDITIONAL_JUMP	0
0x001118d9	0xStack[-0x14]	READ	1
0x001118dc	0x00200000	DATA	1
0x001118e1	0x00111933	CONDITIONAL_JUMP	0
0x001118e3	0xStack[-0xc]	READ_WRITE	0
0x001118e7	0x00111933	UNCONDITIONAL_JUMP	0
0x001118f2	0x001118f7	CONDITIONAL_JUMP	0
0x001118ff	0xStack[-0x10]	WRITE	0
0x00111908	0x00111920	CONDITIONAL_JUMP	0
0x0011190a	0x00111933	CONDITIONAL_JUMP	0
0x00111912	0x00111928	CONDITIONAL_JUMP	0
0x0011191a	0x00111930	CONDITIONAL_JUMP	0
0x0011191c	0x00111933	UNCONDITIONAL_JUMP	0
0x00111923	0x00111933	UNCONDITIONAL_JUMP	0
0x0011192b	0x00111933	UNCONDITIONAL_JUMP	0
0x00111933	0xStack[-0x14]	READ	1
0x0011193b	0xStack[-0x10]	WRITE	0
0x00111941	0x00111960	CONDITIONAL_JUMP	0
0x00111943	0x0011194c	CONDITIONAL_JUMP	0
0x00111947	0x00111970	CONDITIONAL_JUMP	0
0x00111949	0x00111976	UNCONDITIONAL_JUMP	0
0x0011194c	0xStack[-0x10]	READ	0
0x00111953	0x00111976	CONDITIONAL_JUMP	0
0x00111955	0xStack[-0x10]	READ	0
0x0011195c	0x00111968	CONDITIONAL_JUMP	0
0x0011195e	0x00111976	UNCONDITIONAL_JUMP	0
0x00111963	0x00111976	UNCONDITIONAL_JUMP	0
0x0011196e	0x00111976	UNCONDITIONAL_JUMP	0
0x0011197c	0x00111981	CONDITIONAL_JUMP	0
0x00111987	0x0011198c	CONDITIONAL_JUMP	0
0x0011198c	0xStack[-0x14]	READ	1
0x00111995	0x0011199a	CONDITIONAL_JUMP	0
0x0011199d	0x001119a2	CONDITIONAL_JUMP	0
0x001119a8	0x001119b0	CONDITIONAL_JUMP	0
0x001119b6	0x001119bb	CONDITIONAL_JUMP	0
0x001119c1	0x001119c6	CONDITIONAL_JUMP	0
0x001119c6	0x00100000	DATA	1
0x001119cc	0x001119d1	CONDITIONAL_JUMP	0
0x001119d1	0x00200000	DATA	1
0x001119d7	0x001119dc	CONDITIONAL_JUMP	0
0x001119dc	0xStack[-0x14]	READ	1
0x001119e1	0x001119e6	CONDITIONAL_JUMP	0
0x001119e6	0xStack[-0x14]	READ	1
0x001119ef	0x001119f4	CONDITIONAL_JUMP	0
0x001119f4	0xStack[-0x14]	READ	1
0x001119fc	0xStack[-0xc]	READ_WRITE	0
0x001119ff	0xStack[-0x14]	READ	1
0x00111a08	0x00111a0d	CONDITIONAL_JUMP	0
0x00111a13	0x00111a18	CONDITIONAL_JUMP	0
0x00111a18	0xStack[-0x14]	READ	1
0x00111a20	0x00111a25	CONDITIONAL_JUMP	0
0x00111a25	0xStack[-0x14]	READ	1
0x00111a2e	0x00111a33	CONDITIONAL_JUMP	0
0x00111a33	0xStack[-0x14]	READ	1
0x00111a3b	0x00111a40	CONDITIONAL_JUMP	0
0x00111a40	0xStack[-0x14]	READ	1
0x00111a49	0x00111a4e	CONDITIONAL_JUMP	0
0x00111a54	0x00111a59	CONDITIONAL_JUMP	0
0x00111a5f	0x00111a64	CONDITIONAL_JUMP	0
0x00111a64	0xStack[-0x14]	READ	1
0x00111a69	0x00111a71	CONDITIONAL_JUMP	0
0x00111a71	0xStack[-0x14]	READ	1
0x00111a7a	0x00111a82	CONDITIONAL_JUMP	0
0x00111a82	0xStack[-0x14]	READ	1
0x00111a8a	0xStack[-0x10]	WRITE	0
0x00111a8d	0xStack[0x8]	READ	1
0x00111a92	0xStack[-0xc]	READ	1
0x00111a98	0xStack[-0x10]	READ	1
0x00111aa1	0xStack[-0x8]	READ	1
0x00111aaa	0xStack[-0x8]	READ	1
0x00111ab3	0xStack[-0x8]	READ	1
0x00111abc	0xStack[-0x8]	READ	1
0x00111ac5	0xStack[-0x8]	READ	1
0x00111ace	0xStack[-0x8]	READ	1
0x00111ad7	0xStack[-0x8]	READ	1
0x00111ae0	0xStack[-0x8]	READ	1
0x00111ae9	0xStack[-0x8]	READ	1
0x00111af2	0xStack[-0x8]	READ	1
0x00111afb	0xStack[-0x8]	READ	1
0x00111b04	0xStack[-0x8]	READ	1
0x00111b0d	0xStack[-0x8]	READ	1
0x00111b16	0xStack[-0x8]	READ	1
0x00111b1f	0xStack[-0x8]	READ	1
0x00111b28	0xStack[-0x8]	READ	1
0x00111b31	0xStack[0x4]	READ	1
0x00111b3a	0xStack[0x4]	READ	1
0x00111b43	0xStack[0x4]	READ	1
0x00111b4c	0xStack[-0x20]	DATA	0
0x00111b5e	0xStack[0x4]	READ	1
0x00111b61	0x0018b7ac	UNCONDITIONAL_CALL	0
0x00111b6a	0x00111b79	CONDITIONAL_JUMP	0
0x00111b6c	0x001dafdb	DATA	0
0x00111b71	0x0010ca6c	UNCONDITIONAL_CALL	0
0x00111b79	0x001e56c4	DATA	1
0x00111b7e	0x001e56c4	READ	1
0x00111b86	0x00111ba4	CONDITIONAL_JUMP	0
0x00111b8a	0x00111b96	CONDITIONAL_JUMP	0
0x00111b94	0x00111b88	CONDITIONAL_JUMP	0
0x00111b98	0x00111ba4	CONDITIONAL_JUMP	0
0x00111b9f	0x00111bd3	UNCONDITIONAL_JUMP	0
0x00111ba6	0x0015a75c	UNCONDITIONAL_CALL	0
0x00111bd3	0x001e56c4	READ	1
0x00111bdc	0x001e56c4	WRITE	0
0x00111be3	0x0018b544	UNCONDITIONAL_CALL	0
0x00111bea	0xStack[-0x10]	DATA	0
0x00111c05	0x001e98c0	DATA	0
0x00111c0a	0x0015b54c	UNCONDITIONAL_CALL	0
0x00111c18	0xStack[0x4]	READ	1
0x00111c1f	0x001e56c8	DATA	1
0x00111c25	0x001e56d0	DATA	1
0x00111c29	0x00111c30	CONDITIONAL_JUMP	0
0x00111c2d	0x00111c7c	UNCONDITIONAL_JUMP	0
0x00111c30	0x001e98c0	DATA	0
0x00111c35	0x0015b5d0	UNCONDITIONAL_CALL	0
0x00111c3d	0x001e56d0	DATA	1
0x00111c41	0x00111c70	CONDITIONAL_JUMP	0
0x00111c48	0x0015a75c	UNCONDITIONAL_CALL	0
0x00111c4d	0x001e56d0	DATA	1
0x00111c56	0x00101600	UNCONDITIONAL_CALL	0
0x00111c5d	0x0015a75c	UNCONDITIONAL_CALL	0
0x00111c62	0x001e56d4	DATA	1
0x00111c68	0x00101600	UNCONDITIONAL_CALL	0
0x00111c70	0x001e98c0	DATA	0
0x00111c75	0x0015b73c	UNCONDITIONAL_CALL	0
0x00111c7c	0xStack[-0x8]	READ	1
0x00111c8a	0xStack[0x4]	READ	1
0x00111c96	0x00111ca4	CONDITIONAL_JUMP	0
0x00111c9d	0x00111da9	UNCONDITIONAL_JUMP	0
0x00111ca8	0x001e56c8	DATA	1
0x00111cae	0x001e56d0	DATA	1
0x00111cb2	0x00111cb8	CONDITIONAL_JUMP	0
0x00111cb6	0x00111d07	UNCONDITIONAL_JUMP	0
0x00111cb8	0x001e98c0	DATA	0
0x00111cbd	0x0015b5d0	UNCONDITIONAL_CALL	0
0x00111cc5	0x001e56d0	DATA	1
0x00111cc9	0x00111cf8	CONDITIONAL_JUMP	0
0x00111cd0	0x0015a75c	UNCONDITIONAL_CALL	0
0x00111cd5	0x001e56d0	DATA	1
0x00111cde	0x00101600	UNCONDITIONAL_CALL	0
0x00111ce5	0x0015a75c	UNCONDITIONAL_CALL	0
0x00111cea	0x001e56d4	DATA	1
0x00111cf0	0x00101600	UNCONDITIONAL_CALL	0
0x00111cf8	0x001e98c0	DATA	0
0x00111cfd	0x0015b73c	UNCONDITIONAL_CALL	0
0x00111d07	0x001e56d0	DATA	1
0x00111d0a	0x001e56c8	DATA	1
0x00111d12	0x00111d30	CONDITIONAL_JUMP	0
0x00111d16	0x00111d48	CONDITIONAL_JUMP	0
0x00111d18	0x001e8758	READ	1
0x00111d25	0x00111d48	CONDITIONAL_JUMP	0
0x00111d2c	0x00111da9	UNCONDITIONAL_JUMP	0
0x00111d31	0x0010dd68	UNCONDITIONAL_CALL	0
0x00111d4c	0x00111d52	CONDITIONAL_JUMP	0
0x00111d52	0xStack[0x8]	READ	1
0x00111d58	0x00111d74	CONDITIONAL_JUMP	0
0x00111d61	0x00111d7b	UNCONDITIONAL_JUMP	0
0x00111d6c	0x0010a588	UNCONDITIONAL_CALL	0
0x00111d79	0x00111d64	CONDITIONAL_JUMP	0
0x00111d8a	0x001dafe8	DATA	1
0x00111d99	0x00111d9f	CONDITIONAL_JUMP	0
0x00111d9b	0x001e56cc	DATA	1
0x00111da2	0x0011203c	UNCONDITIONAL_CALL	0
0x00111da9	0xStack[-0x10]	DATA	0
0x00111db9	0xStack[0x4]	READ	1
0x00111dc0	0x001e56c8	DATA	1
0x00111dc6	0x001e56d0	DATA	1
0x00111dc9	0x001e56cc	DATA	1
0x00111dcd	0x00111df2	CONDITIONAL_JUMP	0
0x00111dda	0x001dafec	DATA	1
0x00111de3	0x0010ef6c	UNCONDITIONAL_CALL	0
0x00111de8	0x001e56cc	DATA	1
0x00111df5	0x0011203c	UNCONDITIONAL_CALL	0
0x00111dfa	0xStack[-0xc]	DATA	0
0x00111e0d	0xStack[0x4]	READ	1
0x00111e14	0x001e56c8	DATA	1
0x00111e19	0x001e56d0	DATA	1
0x00111e1d	0x001e56d4	DATA	1
0x00111e21	0xStack[-0x8]	WRITE	0
0x00111e26	0xStack[-0x8]	READ	1
0x00111e2c	0x00111f58	CONDITIONAL_JUMP	0
0x00111e32	0x00111eaa	UNCONDITIONAL_JUMP	0
0x00111e3e	0x00111ebb	CONDITIONAL_JUMP	0
0x00111e44	0x00111e6c	CONDITIONAL_JUMP	0
0x00111e4b	0x00107898	UNCONDITIONAL_CALL	0
0x00111e57	0x00111e7e	CONDITIONAL_JUMP	0
0x00111e5d	0x00111e7e	CONDITIONAL_JUMP	0
0x00111e66	0x00111e88	CONDITIONAL_JUMP	0
0x00111e68	0x00111e7e	UNCONDITIONAL_JUMP	0
0x00111e70	0x00111e7e	CONDITIONAL_JUMP	0
0x00111e76	0x00111e7e	CONDITIONAL_JUMP	0
0x00111e7c	0x00111e88	CONDITIONAL_JUMP	0
0x00111e83	0x00111f84	UNCONDITIONAL_JUMP	0
0x00111e8a	0x001e8758	READ	1
0x00111e96	0x001097f8	UNCONDITIONAL_CALL	0
0x00111e9d	0x001e8df0	DATA	0
0x00111ea2	0x0010a588	UNCONDITIONAL_CALL	0
0x00111eaa	0x001e8758	READ	1
0x00111eb5	0x00111e34	CONDITIONAL_JUMP	0
0x00111ec0	0x00111f08	CONDITIONAL_JUMP	0
0x00111ec6	0x00111eec	CONDITIONAL_JUMP	0
0x00111ec8	0x001e8758	READ	1
0x00111ed3	0x00111ee0	CONDITIONAL_JUMP	0
0x00111eda	0x00111f84	UNCONDITIONAL_JUMP	0
0x00111ee5	0x00111f84	UNCONDITIONAL_JUMP	0
0x00111ef2	0x0010a588	UNCONDITIONAL_CALL	0
0x00111efa	0x00111e26	UNCONDITIONAL_JUMP	0
0x00111f05	0x00111f39	UNCONDITIONAL_JUMP	0
0x00111f0b	0x00111f39	CONDITIONAL_JUMP	0
0x00111f10	0xStack[0x8]	READ	1
0x00111f17	0x00111f39	CONDITIONAL_JUMP	0
0x00111f1e	0x00112db0	UNCONDITIONAL_CALL	0
0x00111f27	0x0010a448	UNCONDITIONAL_CALL	0
0x00111f31	0x00111f00	CONDITIONAL_JUMP	0
0x00111f37	0x00111f10	CONDITIONAL_JUMP	0
0x00111f3d	0x00111f4b	CONDITIONAL_JUMP	0
0x00111f43	0x00112db0	UNCONDITIONAL_CALL	0
0x00111f4f	0x00111f7a	CONDITIONAL_JUMP	0
0x00111f53	0x00111f84	UNCONDITIONAL_JUMP	0
0x00111f5c	0x00111f7a	CONDITIONAL_JUMP	0
0x00111f68	0xStack[0x8]	READ	1
0x00111f6d	0x001daff0	DATA	1
0x00111f7d	0x0011203c	UNCONDITIONAL_CALL	0
0x00111f84	0xStack[-0x14]	DATA	0
0x00111f93	0xStack[0x4]	READ	1
0x00111f9a	0x001e56d0	DATA	1
0x00111fa4	0x00111fc4	CONDITIONAL_JUMP	0
0x00111fb0	0xStack[0x8]	READ	1
0x00111fb5	0x001daff4	DATA	1
0x00111fd3	0xStack[0x4]	READ	1
0x00111fda	0x001e56d0	DATA	1
0x00111fea	0xStack[0x8]	READ	1
0x00111fef	0x001db010	DATA	1
0x00112000	0xStack[0x4]	READ	1
0x0011200d	0x001e56d4	DATA	1
0x00112016	0x00112034	CONDITIONAL_JUMP	0
0x0011201c	0x00112034	CONDITIONAL_JUMP	0
0x00112022	0x0011202c	CONDITIONAL_JUMP	0
0x0011202f	0x0011203c	UNCONDITIONAL_CALL	0
0x00112034	0xStack[-0x8]	READ	1
0x00112042	0xStack[0x4]	READ	1
0x0011204f	0x001e56d4	DATA	1
0x00112058	0x001120e1	CONDITIONAL_JUMP	0
0x0011205e	0xStack[0x8]	READ	1
0x00112064	0x001120a1	CONDITIONAL_JUMP	0
0x00112066	0x0018b7ac	UNCONDITIONAL_CALL	0
0x00112072	0x0011208f	CONDITIONAL_JUMP	0
0x0011207b	0x0010d7e4	UNCONDITIONAL_CALL	0
0x00112084	0x0010d7b0	UNCONDITIONAL_CALL	0
0x00112090	0x0018b544	UNCONDITIONAL_CALL	0
0x00112099	0x0010ab38	UNCONDITIONAL_CALL	0
0x001120a1	0xStack[0x8]	READ	1
0x001120a7	0x001120e1	CONDITIONAL_JUMP	0
0x001120a9	0x0018b7ac	UNCONDITIONAL_CALL	0
0x001120b5	0x001120d2	CONDITIONAL_JUMP	0
0x001120be	0x0010d7e4	UNCONDITIONAL_CALL	0
0x001120c7	0x0010d7b0	UNCONDITIONAL_CALL	0
0x001120d3	0x0018b544	UNCONDITIONAL_CALL	0
0x001120dc	0x0010ab38	UNCONDITIONAL_CALL	0
0x001120e1	0xStack[-0x10]	DATA	0
0x001120f1	0xStack[0x4]	READ	1
0x001120fd	0x0011210c	CONDITIONAL_JUMP	0
0x00112104	0x001121d5	UNCONDITIONAL_JUMP	0
0x00112110	0x001e56c8	DATA	1
0x00112116	0x001e56d0	DATA	1
0x0011211a	0x00112120	CONDITIONAL_JUMP	0
0x0011211e	0x0011216f	UNCONDITIONAL_JUMP	0
0x00112120	0x001e98c0	DATA	0
0x00112125	0x0015b5d0	UNCONDITIONAL_CALL	0
0x0011212d	0x001e56d0	DATA	1
0x00112131	0x00112160	CONDITIONAL_JUMP	0
0x00112138	0x0015a75c	UNCONDITIONAL_CALL	0
0x0011213d	0x001e56d0	DATA	1
0x00112146	0x00101600	UNCONDITIONAL_CALL	0
0x0011214d	0x0015a75c	UNCONDITIONAL_CALL	0
0x00112152	0x001e56d4	DATA	1
0x00112158	0x00101600	UNCONDITIONAL_CALL	0
0x00112160	0x001e98c0	DATA	0
0x00112165	0x0015b73c	UNCONDITIONAL_CALL	0
0x0011216f	0x001e56d0	DATA	1
0x00112176	0x001121d0	CONDITIONAL_JUMP	0
0x00112178	0x00111ffc	DATA	1
0x0011218c	0x001db00c	DATA	1
0x001121a9	0x001e56d4	DATA	1
0x001121cd	0x001121d5	UNCONDITIONAL_JUMP	0
0x001121d5	0xStack[-0xc]	DATA	0
0x001121e9	0xStack[0x4]	READ	1
0x001121f2	0x001e56d4	DATA	1
0x001121f8	0x001e56c8	DATA	1
0x001121fe	0x001e56d0	DATA	1
0x00112201	0xStack[-0x8]	WRITE	0
0x00112211	0x001db00c	DATA	1
0x0011221c	0x001e56cc	DATA	1
0x00112220	0x00112279	CONDITIONAL_JUMP	0
0x00112222	0x001e56c8	DATA	1
0x0011222a	0x0011ddec	UNCONDITIONAL_CALL	0
0x00112232	0x001e56c8	DATA	1
0x0011223c	0x001e56c8	DATA	1
0x00112242	0x001e56d0	DATA	1
0x00112245	0x001e56cc	DATA	1
0x00112249	0x0011226e	CONDITIONAL_JUMP	0
0x00112256	0x001dafec	DATA	1
0x0011225f	0x0010ef6c	UNCONDITIONAL_CALL	0
0x00112264	0x001e56cc	DATA	1
0x00112271	0x0011203c	UNCONDITIONAL_CALL	0
0x00112279	0x0018b7ac	UNCONDITIONAL_CALL	0
0x00112284	0x00112292	CONDITIONAL_JUMP	0
0x0011228a	0x0010d7b0	UNCONDITIONAL_CALL	0
0x00112296	0x001122a4	CONDITIONAL_JUMP	0
0x0011229c	0x0010d7b0	UNCONDITIONAL_CALL	0
0x001122a5	0x0018b544	UNCONDITIONAL_CALL	0
0x001122aa	0xStack[-0x8]	READ	1
0x001122b5	0x00111b58	UNCONDITIONAL_CALL	0
0x001122c1	0xStack[-0x14]	DATA	0
0x001122d8	0xStack[0x4]	READ	1
0x001122df	0x001e56c8	DATA	1
0x001122e4	0x001e56d0	DATA	1
0x001122e8	0x001e56d4	DATA	1
0x001122ee	0xStack[-0x84]	DATA	0
0x001122f1	0xStack[-0x88]	WRITE	0
0x001122fc	0x001123f4	CONDITIONAL_JUMP	0
0x00112305	0x001123b8	CONDITIONAL_JUMP	0
0x00112310	0x001123b8	CONDITIONAL_JUMP	0
0x00112316	0xStack[0x8]	READ	1
0x00112320	0x0010a448	UNCONDITIONAL_CALL	0
0x0011232c	0x001124fe	CONDITIONAL_JUMP	0
0x00112336	0x001123ab	CONDITIONAL_JUMP	0
0x0011233b	0xStack[-0x84]	WRITE	0
0x00112341	0xStack[-0x83]	WRITE	0
0x00112347	0xStack[-0x82]	WRITE	0
0x0011234d	0xStack[-0x81]	WRITE	0
0x00112354	0xStack[-0x80]	WRITE	0
0x0011235a	0xStack[-0x7e]	DATA	0
0x00112362	0x001013cc	UNCONDITIONAL_CALL	0
0x00112369	0xStack[-0x78]	DATA	0
0x00112371	0x001013cc	UNCONDITIONAL_CALL	0
0x00112379	0xStack[-0x70]	WRITE	0
0x00112380	0xStack[-0x6c]	WRITE	0
0x00112386	0xStack[0x8]	READ	1
0x00112394	0x00112398	CONDITIONAL_JUMP	0
0x00112398	0xStack[0x8]	READ	1
0x0011239f	0xStack[-0x88]	READ	1
0x001123a6	0x0010a384	UNCONDITIONAL_CALL	0
0x001123b1	0x001124fe	UNCONDITIONAL_JUMP	0
0x001123bb	0x001123e8	CONDITIONAL_JUMP	0
0x001123c2	0x001123e8	CONDITIONAL_JUMP	0
0x001123c4	0xStack[0x8]	READ	1
0x001123ce	0x0010a448	UNCONDITIONAL_CALL	0
0x001123d7	0x001124fe	CONDITIONAL_JUMP	0
0x001123e3	0x001124fe	UNCONDITIONAL_JUMP	0
0x001123ec	0x001123f4	CONDITIONAL_JUMP	0
0x001123f2	0x00112440	CONDITIONAL_JUMP	0
0x001123f8	0x00112404	CONDITIONAL_JUMP	0
0x001123ff	0x001124fe	UNCONDITIONAL_JUMP	0
0x00112407	0x0011242c	CONDITIONAL_JUMP	0
0x00112409	0x001e8758	READ	1
0x00112414	0x00112420	CONDITIONAL_JUMP	0
0x0011241b	0x001124fe	UNCONDITIONAL_JUMP	0
0x00112425	0x001124fe	UNCONDITIONAL_JUMP	0
0x00112432	0x0010a588	UNCONDITIONAL_CALL	0
0x0011243a	0x001122f8	UNCONDITIONAL_JUMP	0
0x00112443	0x00112455	CONDITIONAL_JUMP	0
0x00112445	0xStack[0x8]	READ	1
0x0011244b	0x0010a448	UNCONDITIONAL_CALL	0
0x00112455	0xStack[0x8]	READ	1
0x0011245d	0x001124a4	CONDITIONAL_JUMP	0
0x00112461	0x001124a4	CONDITIONAL_JUMP	0
0x00112463	0xStack[-0x68]	DATA	0
0x0011246b	0x00112472	CONDITIONAL_JUMP	0
0x00112478	0x00112eac	UNCONDITIONAL_CALL	0
0x00112482	0x001124a4	CONDITIONAL_JUMP	0
0x00112484	0xStack[0x8]	READ	1
0x0011248c	0x0010a384	UNCONDITIONAL_CALL	0
0x00112496	0xStack[0x8]	READ	1
0x0011249e	0x001124a4	CONDITIONAL_JUMP	0
0x001124a2	0x00112468	CONDITIONAL_JUMP	0
0x001124aa	0x001daeac	DATA	1
0x001124b5	0x001124fc	CONDITIONAL_JUMP	0
0x001124bc	0x001124cf	CONDITIONAL_JUMP	0
0x001124c7	0x0010ab38	UNCONDITIONAL_CALL	0
0x001124d4	0x001124fc	CONDITIONAL_JUMP	0
0x001124e0	0x0010d7e4	UNCONDITIONAL_CALL	0
0x001124e9	0x00166ea0	UNCONDITIONAL_CALL	0
0x001124fe	0xStack[-0x94]	DATA	0
0x00112515	0xStack[0x8]	READ	1
0x00112518	0xStack[0x4]	READ	1
0x00112525	0x001e56d4	DATA	1
0x0011252e	0x00112607	CONDITIONAL_JUMP	0
0x00112536	0x00112544	CONDITIONAL_JUMP	0
0x00112540	0x00112547	UNCONDITIONAL_JUMP	0
0x0011254f	0x00112556	CONDITIONAL_JUMP	0
0x00112559	0x0011255e	CONDITIONAL_JUMP	0
0x0011255e	0xStack[0x4]	READ	1
0x0011256b	0x001e56d4	DATA	1
0x00112574	0x00112607	CONDITIONAL_JUMP	0
0x00112580	0x001125c4	CONDITIONAL_JUMP	0
0x00112582	0x0018b7ac	UNCONDITIONAL_CALL	0
0x00112587	0xStack[-0x8]	WRITE	0
0x0011258f	0x001125ac	CONDITIONAL_JUMP	0
0x00112598	0x0010d7e4	UNCONDITIONAL_CALL	0
0x001125a1	0x0010d7b0	UNCONDITIONAL_CALL	0
0x001125ac	0xStack[-0x8]	READ	1
0x001125b0	0x0018b544	UNCONDITIONAL_CALL	0
0x001125b5	0xStack[0x4]	READ	1
0x001125bc	0x0010ab38	UNCONDITIONAL_CALL	0
0x001125ca	0x00112607	CONDITIONAL_JUMP	0
0x001125cc	0x0018b7ac	UNCONDITIONAL_CALL	0
0x001125d8	0x001125f5	CONDITIONAL_JUMP	0
0x001125e1	0x0010d7e4	UNCONDITIONAL_CALL	0
0x001125ea	0x0010d7b0	UNCONDITIONAL_CALL	0
0x001125f6	0x0018b544	UNCONDITIONAL_CALL	0
0x001125fb	0xStack[0x4]	READ	1
0x00112602	0x0010ab38	UNCONDITIONAL_CALL	0
0x00112607	0xStack[-0x14]	DATA	0
0x00112619	0xStack[0x8]	READ	1
0x0011261c	0xStack[0x4]	READ	1
0x00112623	0x001e56c8	DATA	1
0x00112628	0x001e56d0	DATA	1
0x0011262c	0x001e56d4	DATA	1
0x00112635	0x001126c7	CONDITIONAL_JUMP	0
0x0011263e	0x00112658	CONDITIONAL_JUMP	0
0x00112640	0x0011264c	CONDITIONAL_JUMP	0
0x00112644	0x00112689	CONDITIONAL_JUMP	0
0x00112646	0x001126f8	UNCONDITIONAL_JUMP	0
0x0011264f	0x001126b8	CONDITIONAL_JUMP	0
0x00112651	0x001126f8	UNCONDITIONAL_JUMP	0
0x00112658	0x0018b7ac	UNCONDITIONAL_CALL	0
0x00112663	0x00112680	CONDITIONAL_JUMP	0
0x00112669	0x00112680	CONDITIONAL_JUMP	0
0x0011266e	0x00112680	CONDITIONAL_JUMP	0
0x00112671	0x0018b544	UNCONDITIONAL_CALL	0
0x0011267b	0x001126fa	UNCONDITIONAL_JUMP	0
0x00112681	0x0018b544	UNCONDITIONAL_CALL	0
0x0011268d	0x001126a5	CONDITIONAL_JUMP	0
0x00112693	0x0011269b	CONDITIONAL_JUMP	0
0x00112699	0x001126c7	CONDITIONAL_JUMP	0
0x0011269d	0x001126a5	CONDITIONAL_JUMP	0
0x001126a3	0x001126c7	CONDITIONAL_JUMP	0
0x001126a9	0x0010d740	UNCONDITIONAL_CALL	0
0x001126b0	0x001126f8	CONDITIONAL_JUMP	0
0x001126b5	0x001126f8	UNCONDITIONAL_JUMP	0
0x001126ba	0x001126e8	CONDITIONAL_JUMP	0
0x001126bf	0x001126d0	CONDITIONAL_JUMP	0
0x001126c5	0x001126e8	CONDITIONAL_JUMP	0
0x001126cc	0x001126fa	UNCONDITIONAL_JUMP	0
0x001126dc	0x001126c7	CONDITIONAL_JUMP	0
0x001126e0	0x001126e8	CONDITIONAL_JUMP	0
0x001126e6	0x001126c7	CONDITIONAL_JUMP	0
0x001126ec	0x0010d740	UNCONDITIONAL_CALL	0
0x001126f3	0x001126f8	CONDITIONAL_JUMP	0
0x001126fa	0xStack[-0xc]	DATA	0
0x0011270d	0xStack[0x4]	READ	1
0x00112714	0x001e56c8	DATA	1
0x00112719	0x001e56d0	DATA	1
0x0011271d	0xStack[0x8]	READ	1
0x00112722	0xStack[-0x6c]	WRITE	0
0x00112729	0xStack[-0x70]	WRITE	0
0x00112730	0x001e56d4	DATA	1
0x00112734	0xStack[-0x74]	WRITE	0
0x0011273b	0x001128c4	CONDITIONAL_JUMP	0
0x00112741	0xStack[-0x74]	READ	1
0x00112747	0x001128b1	CONDITIONAL_JUMP	0
0x00112751	0x001128c4	CONDITIONAL_JUMP	0
0x00112757	0x001127e3	UNCONDITIONAL_JUMP	0
0x0011275f	0xStack[-0x78]	WRITE	0
0x00112768	0x001127f1	CONDITIONAL_JUMP	0
0x0011276e	0xStack[0x8]	READ	1
0x00112773	0xStack[-0x6c]	WRITE	0
0x0011277b	0x0011278c	CONDITIONAL_JUMP	0
0x0011277e	0xStack[0x8]	READ	1
0x00112787	0x001127e3	UNCONDITIONAL_JUMP	0
0x0011278e	0x001127d3	CONDITIONAL_JUMP	0
0x00112795	0x0011279c	CONDITIONAL_JUMP	0
0x001127a1	0xStack[-0x78]	READ	1
0x001127a6	0x001127aa	CONDITIONAL_JUMP	0
0x001127aa	0xStack[-0x68]	DATA	0
0x001127ad	0xStack[0x8]	READ	1
0x001127b5	0x0010a384	UNCONDITIONAL_CALL	0
0x001127bf	0x00112929	CONDITIONAL_JUMP	0
0x001127c9	0x00112924	CONDITIONAL_JUMP	0
0x001127d1	0x001127e1	CONDITIONAL_JUMP	0
0x001127d9	0x0011325c	UNCONDITIONAL_CALL	0
0x001127e3	0xStack[0x8]	READ	1
0x001127eb	0x0011275c	CONDITIONAL_JUMP	0
0x001127f7	0x0011315c	UNCONDITIONAL_CALL	0
0x001127fd	0x001111b0	UNCONDITIONAL_CALL	0
0x00112803	0x0010ab38	UNCONDITIONAL_CALL	0
0x0011280a	0x00112929	UNCONDITIONAL_JUMP	0
0x00112810	0xStack[0x8]	READ	1
0x00112815	0xStack[-0x6c]	WRITE	0
0x0011281a	0x001128ab	CONDITIONAL_JUMP	0
0x00112825	0x00112834	CONDITIONAL_JUMP	0
0x00112828	0xStack[0x8]	READ	1
0x00112831	0x001128b1	UNCONDITIONAL_JUMP	0
0x00112839	0x00112840	CONDITIONAL_JUMP	0
0x00112840	0xStack[-0x68]	DATA	0
0x00112843	0xStack[0x8]	READ	1
0x0011284b	0x0010a384	UNCONDITIONAL_CALL	0
0x00112855	0x00112929	CONDITIONAL_JUMP	0
0x0011285f	0x00112924	CONDITIONAL_JUMP	0
0x00112865	0x001128ab	UNCONDITIONAL_JUMP	0
0x00112874	0x0011288c	CONDITIONAL_JUMP	0
0x00112878	0x00112880	CONDITIONAL_JUMP	0
0x0011287e	0x0011288c	CONDITIONAL_JUMP	0
0x00112881	0x0010ab38	UNCONDITIONAL_CALL	0
0x00112889	0x001128c4	UNCONDITIONAL_JUMP	0
0x00112897	0xStack[-0x68]	DATA	1
0x0011289c	0x001daffc	DATA	1
0x001128a4	0xStack[-0x70]	READ_WRITE	0
0x001128ad	0x00112868	CONDITIONAL_JUMP	0
0x001128b1	0xStack[0x8]	READ	1
0x001128b9	0x00112810	CONDITIONAL_JUMP	0
0x001128c1	0x00112929	UNCONDITIONAL_JUMP	0
0x001128c8	0x001128d4	CONDITIONAL_JUMP	0
0x001128cf	0x00112929	UNCONDITIONAL_JUMP	0
0x001128d4	0xStack[-0x74]	READ	1
0x001128da	0x00112910	CONDITIONAL_JUMP	0
0x001128dc	0xStack[-0x6c]	READ	1
0x001128e4	0xStack[0x8]	READ	1
0x001128ed	0xStack[-0x70]	READ	0
0x001128f1	0x001128bf	CONDITIONAL_JUMP	0
0x001128f3	0x001e8758	READ	1
0x001128fe	0x00112908	CONDITIONAL_JUMP	0
0x00112905	0x00112929	UNCONDITIONAL_JUMP	0
0x0011290d	0x00112929	UNCONDITIONAL_JUMP	0
0x00112916	0x0010a588	UNCONDITIONAL_CALL	0
0x0011291e	0x00112737	UNCONDITIONAL_JUMP	0
0x00112929	0xStack[-0x84]	DATA	0
0x0011293d	0xStack[0x8]	READ	1
0x00112940	0xStack[0x4]	READ	1
0x00112944	0xStack[-0x8]	WRITE	0
0x00112948	0xStack[-0x8]	READ	1
0x0011294f	0x001e56d0	DATA	1
0x00112955	0x001e56d4	DATA	1
0x00112961	0x001129ac	CONDITIONAL_JUMP	0
0x00112963	0xStack[0xc]	READ	1
0x00112969	0x00112988	CONDITIONAL_JUMP	0
0x0011296e	0x0011297a	CONDITIONAL_JUMP	0
0x00112975	0x0011203c	UNCONDITIONAL_CALL	0
0x00112981	0x00112c3e	UNCONDITIONAL_JUMP	0
0x0011298c	0x0011299d	CONDITIONAL_JUMP	0
0x00112991	0x0011299d	CONDITIONAL_JUMP	0
0x00112998	0x0011203c	UNCONDITIONAL_CALL	0
0x001129a4	0x00112c3e	UNCONDITIONAL_JUMP	0
0x001129ac	0xStack[-0x8]	READ	1
0x001129bb	0x001e2f38	DATA	0
0x001129bb	0x001120ec	DATA	1
0x001129c6	0x00112b44	CONDITIONAL_JUMP	0
0x001129d2	0x00112a64	CONDITIONAL_JUMP	0
0x001129d8	0x00112a1c	CONDITIONAL_JUMP	0
0x001129e0	0x00112ae8	CONDITIONAL_JUMP	0
0x001129e6	0x001129fc	CONDITIONAL_JUMP	0
0x001129ee	0x00112ad0	CONDITIONAL_JUMP	0
0x001129f4	0x00112b44	UNCONDITIONAL_JUMP	0
0x00112a02	0x00112a88	CONDITIONAL_JUMP	0
0x00112a0e	0x00112aac	CONDITIONAL_JUMP	0
0x00112a14	0x00112b44	UNCONDITIONAL_JUMP	0
0x00112a22	0x00112a50	CONDITIONAL_JUMP	0
0x00112a2a	0x00112ae8	CONDITIONAL_JUMP	0
0x00112a36	0x00112b44	CONDITIONAL_JUMP	0
0x00112a42	0x00112b44	CONDITIONAL_JUMP	0
0x00112a48	0x00112ae8	UNCONDITIONAL_JUMP	0
0x00112a56	0x00112b08	CONDITIONAL_JUMP	0
0x00112a5c	0x00112b44	UNCONDITIONAL_JUMP	0
0x00112a64	0xStack[0xc]	READ	1
0x00112a6a	0x00112a80	CONDITIONAL_JUMP	0
0x00112a70	0x00112b10	CONDITIONAL_JUMP	0
0x00112a7a	0x00112c3e	UNCONDITIONAL_JUMP	0
0x00112a83	0x00112c3e	UNCONDITIONAL_JUMP	0
0x00112a88	0xStack[0xc]	READ	1
0x00112a8e	0x00112aa0	CONDITIONAL_JUMP	0
0x00112a94	0x00112b10	CONDITIONAL_JUMP	0
0x00112a9a	0x00112c3e	UNCONDITIONAL_JUMP	0
0x00112aa6	0x00112c3e	UNCONDITIONAL_JUMP	0
0x00112aac	0xStack[0xc]	READ	1
0x00112ab2	0x00112abc	CONDITIONAL_JUMP	0
0x00112ab7	0x00112abf	UNCONDITIONAL_JUMP	0
0x00112ac2	0x0010de30	UNCONDITIONAL_CALL	0
0x00112ac9	0x00112da3	UNCONDITIONAL_JUMP	0
0x00112ad0	0xStack[0xc]	READ	1
0x00112ad6	0x00112ae0	CONDITIONAL_JUMP	0
0x00112adb	0x00112c3e	UNCONDITIONAL_JUMP	0
0x00112ae3	0x00112c3e	UNCONDITIONAL_JUMP	0
0x00112aeb	0xStack[-0x14]	WRITE	0
0x00112af0	0xStack[-0x14]	READ	1
0x00112af4	0xStack[-0x10]	WRITE	0
0x00112af7	0x00112db0	UNCONDITIONAL_CALL	0
0x00112aff	0xStack[-0x10]	READ	1
0x00112b04	0x00112af0	CONDITIONAL_JUMP	0
0x00112b06	0x00112b44	UNCONDITIONAL_JUMP	0
0x00112b08	0xStack[0xc]	READ	1
0x00112b0e	0x00112b1c	CONDITIONAL_JUMP	0
0x00112b15	0x00112da3	UNCONDITIONAL_JUMP	0
0x00112b20	0x00112b2d	CONDITIONAL_JUMP	0
0x00112b25	0x0010de30	UNCONDITIONAL_CALL	0
0x00112b2d	0xStack[0xc]	READ	1
0x00112b38	0x001097f8	UNCONDITIONAL_CALL	0
0x00112b3f	0x00112da3	UNCONDITIONAL_JUMP	0
0x00112b4e	0xStack[0x10]	READ	1
0x00112b52	0xStack[0xc]	READ	1
0x00112b58	0x001daff8	DATA	1
0x00112b5e	0xStack[-0x10]	WRITE	0
0x00112b63	0xStack[-0xc]	WRITE	0
0x00112b69	0xStack[-0x10]	READ	1
0x00112b6e	0x00112b78	CONDITIONAL_JUMP	0
0x00112b70	0xStack[-0xc]	READ	1
0x00112b73	0x00112da3	UNCONDITIONAL_JUMP	0
0x00112b78	0xStack[0x10]	READ	1
0x00112b7c	0xStack[0xc]	READ	1
0x00112b82	0xStack[-0x10]	WRITE	0
0x00112b85	0x0010df60	UNCONDITIONAL_CALL	0
0x00112b8a	0xStack[-0xc]	WRITE	0
0x00112b9a	0xStack[-0x10]	READ	1
0x00112b9d	0x001db014	DATA	0
0x00112ba4	0x00112bd0	CONDITIONAL_JUMP	0
0x00112ba7	0x001dafec	DATA	1
0x00112bad	0xStack[-0x10]	WRITE	0
0x00112bb7	0xStack[-0x8]	READ	1
0x00112bbc	0x001dafe8	READ	1
0x00112bc1	0x0010ed98	COMPUTED_CALL	0
0x00112bc3	0xStack[-0xc]	WRITE	0
0x00112bcd	0xStack[-0x10]	READ	1
0x00112bd0	0xStack[-0xc]	READ	0
0x00112bd4	0x00112c4f	CONDITIONAL_JUMP	0
0x00112bd9	0x00112c48	CONDITIONAL_JUMP	0
0x00112be4	0x00112c48	CONDITIONAL_JUMP	0
0x00112be8	0x00112c3e	CONDITIONAL_JUMP	0
0x00112bf7	0x001e56d4	DATA	1
0x00112c00	0x00112c3e	CONDITIONAL_JUMP	0
0x00112c02	0x0018b7ac	UNCONDITIONAL_CALL	0
0x00112c07	0xStack[-0x14]	WRITE	0
0x00112c0f	0x00112c2c	CONDITIONAL_JUMP	0
0x00112c18	0x0010d7e4	UNCONDITIONAL_CALL	0
0x00112c21	0x0010d7b0	UNCONDITIONAL_CALL	0
0x00112c2c	0xStack[-0x14]	READ	1
0x00112c30	0x0018b544	UNCONDITIONAL_CALL	0
0x00112c39	0x0010ab38	UNCONDITIONAL_CALL	0
0x00112c40	0x00112da3	UNCONDITIONAL_JUMP	0
0x00112c48	0xStack[-0xc]	WRITE	0
0x00112c53	0x00112ca4	CONDITIONAL_JUMP	0
0x00112c58	0x00112ca4	CONDITIONAL_JUMP	0
0x00112c60	0x00112c7c	CONDITIONAL_JUMP	0
0x00112c68	0x00112ca0	CONDITIONAL_JUMP	0
0x00112c70	0x00112ca4	CONDITIONAL_JUMP	0
0x00112c78	0x00112ca4	CONDITIONAL_JUMP	0
0x00112c7a	0x00112ca0	UNCONDITIONAL_JUMP	0
0x00112c82	0x00112ca0	CONDITIONAL_JUMP	0
0x00112c84	0x00112c90	CONDITIONAL_JUMP	0
0x00112c8c	0x00112ca0	CONDITIONAL_JUMP	0
0x00112c8e	0x00112ca4	UNCONDITIONAL_JUMP	0
0x00112c96	0x00112ca4	CONDITIONAL_JUMP	0
0x00112c9e	0x00112ca4	CONDITIONAL_JUMP	0
0x00112ca4	0xStack[-0x14]	WRITE	0
0x00112caf	0x00112cd6	CONDITIONAL_JUMP	0
0x00112cb2	0x00111b58	UNCONDITIONAL_CALL	0
0x00112cbe	0x00112cd6	CONDITIONAL_JUMP	0
0x00112ccd	0x00112cd6	CONDITIONAL_JUMP	0
0x00112ccf	0xStack[-0x14]	WRITE	0
0x00112cd9	0x00112d3c	CONDITIONAL_JUMP	0
0x00112cdb	0xStack[-0x14]	READ	0
0x00112cdf	0x00112da0	CONDITIONAL_JUMP	0
0x00112cfc	0x001e56d4	DATA	1
0x00112d05	0x00112da0	CONDITIONAL_JUMP	0
0x00112d0b	0x0018b7ac	UNCONDITIONAL_CALL	0
0x00112d10	0xStack[-0x14]	WRITE	0
0x00112d18	0x00112d35	CONDITIONAL_JUMP	0
0x00112d21	0x0010d7e4	UNCONDITIONAL_CALL	0
0x00112d2a	0x0010d7b0	UNCONDITIONAL_CALL	0
0x00112d35	0xStack[-0x14]	READ	1
0x00112d39	0x00112d92	UNCONDITIONAL_JUMP	0
0x00112d3c	0xStack[-0x14]	READ	0
0x00112d40	0x00112da0	CONDITIONAL_JUMP	0
0x00112d59	0x001e56d4	DATA	1
0x00112d62	0x00112da0	CONDITIONAL_JUMP	0
0x00112d64	0x0018b7ac	UNCONDITIONAL_CALL	0
0x00112d69	0xStack[-0x14]	WRITE	0
0x00112d71	0x00112d8e	CONDITIONAL_JUMP	0
0x00112d7a	0x0010d7e4	UNCONDITIONAL_CALL	0
0x00112d83	0x0010d7b0	UNCONDITIONAL_CALL	0
0x00112d8e	0xStack[-0x14]	READ	1
0x00112d92	0x0018b544	UNCONDITIONAL_CALL	0
0x00112d9b	0x0010ab38	UNCONDITIONAL_CALL	0
0x00112da0	0xStack[-0xc]	READ	1
0x00112da3	0xStack[-0x20]	DATA	0
0x00112db9	0xStack[0x4]	READ	1
0x00112dbc	0x0018b7ac	UNCONDITIONAL_CALL	0
0x00112dc1	0xStack[-0x8]	WRITE	0
0x00112dc7	0x00112de8	CONDITIONAL_JUMP	0
0x00112de2	0x00112e95	UNCONDITIONAL_JUMP	0
0x00112df8	0xStack[-0xc]	WRITE	0
0x00112dfb	0xStack[-0xc]	READ	1
0x00112dfe	0x00112e03	CONDITIONAL_JUMP	0
0x00112e10	0xStack[-0xc]	READ	1
0x00112e1a	0x00112e22	CONDITIONAL_JUMP	0
0x00112e30	0x00112e50	CONDITIONAL_JUMP	0
0x00112e46	0x001de6a4	READ	1
0x00112e4e	0x00112e6c	UNCONDITIONAL_JUMP	0
0x00112e55	0x00112e95	CONDITIONAL_JUMP	0
0x00112e60	0x001de6a4	READ	1
0x00112e6c	0x001de6a4	WRITE	0
0x00112e71	0x001de6a8	READ_WRITE	0
0x00112e78	0x001e98cc	READ	0
0x00112e7f	0x00112e95	CONDITIONAL_JUMP	0
0x00112e81	0x001e98cc	DATA	0
0x00112e86	0x0010ab38	UNCONDITIONAL_CALL	0
0x00112e8b	0x001e98cc	WRITE	0
0x00112e95	0xStack[-0x8]	READ	1
0x00112e99	0x0018b544	UNCONDITIONAL_CALL	0
0x00112ea0	0xStack[-0x18]	DATA	0
0x00112eb5	0xStack[0x4]	READ	1
0x00112eb8	0xStack[0xc]	READ	1
0x00112ebd	0x00112ec8	CONDITIONAL_JUMP	0
0x00112ec1	0x00112fe4	UNCONDITIONAL_JUMP	0
0x00112ec8	0x0018b7ac	UNCONDITIONAL_CALL	0
0x00112ecd	0xStack[-0x8]	WRITE	0
0x00112ed3	0x00112efc	CONDITIONAL_JUMP	0
0x00112ee9	0xStack[-0x8]	READ	1
0x00112eed	0x0018b544	UNCONDITIONAL_CALL	0
0x00112ef4	0x00112fe4	UNCONDITIONAL_JUMP	0
0x00112efc	0xStack[0x8]	READ	1
0x00112eff	0xStack[-0xc]	WRITE	0
0x00112f15	0x00112f19	CONDITIONAL_JUMP	0
0x00112f1d	0x00112f21	CONDITIONAL_JUMP	0
0x00112f22	0xStack[0x8]	READ	1
0x00112f27	0x001013cc	UNCONDITIONAL_CALL	0
0x00112f37	0xStack[0x8]	READ_WRITE	0
0x00112f3f	0x00112f88	CONDITIONAL_JUMP	0
0x00112f55	0x001de6a4	READ	1
0x00112f5d	0x001de6a4	WRITE	0
0x00112f62	0x001de6a8	READ_WRITE	0
0x00112f69	0x001e98cc	READ	0
0x00112f70	0x00112fd5	CONDITIONAL_JUMP	0
0x00112f72	0x001e98cc	DATA	0
0x00112f77	0x0010ab38	UNCONDITIONAL_CALL	0
0x00112f7c	0x001e98cc	WRITE	0
0x00112f86	0x00112fd5	UNCONDITIONAL_JUMP	0
0x00112f8d	0x00112fcd	CONDITIONAL_JUMP	0
0x00112f98	0x001de6a4	READ	1
0x00112fa4	0x001de6a4	WRITE	0
0x00112fa9	0x001de6a8	READ_WRITE	0
0x00112fb0	0x001e98cc	READ	0
0x00112fb7	0x00112fcd	CONDITIONAL_JUMP	0
0x00112fb9	0x001e98cc	DATA	0
0x00112fbe	0x0010ab38	UNCONDITIONAL_CALL	0
0x00112fc3	0x001e98cc	WRITE	0
0x00112fcf	0x00112f04	CONDITIONAL_JUMP	0
0x00112fd5	0xStack[-0x8]	READ	1
0x00112fd9	0x0018b544	UNCONDITIONAL_CALL	0
0x00112fde	0xStack[0x8]	READ	1
0x00112fe1	0xStack[-0xc]	READ	1
0x00112fe4	0xStack[-0x18]	DATA	0
0x00112ff9	0xStack[0x4]	READ	1
0x00112ffc	0x0018b7ac	UNCONDITIONAL_CALL	0
0x00113001	0xStack[-0x8]	WRITE	0
0x00113008	0x00113018	CONDITIONAL_JUMP	0
0x0011300e	0x00113049	UNCONDITIONAL_JUMP	0
0x00113015	0x00113049	UNCONDITIONAL_JUMP	0
0x00113027	0x0011302b	CONDITIONAL_JUMP	0
0x0011302b	0xStack[0x8]	READ	0
0x0011302f	0x00113049	CONDITIONAL_JUMP	0
0x00113038	0x00113049	CONDITIONAL_JUMP	0
0x0011303f	0xStack[0x8]	READ	0
0x00113042	0x00113010	CONDITIONAL_JUMP	0
0x00113047	0x0011303c	CONDITIONAL_JUMP	0
0x00113049	0xStack[-0x8]	READ	1
0x0011304d	0x0018b544	UNCONDITIONAL_CALL	0
0x00113054	0xStack[-0x14]	DATA	0
0x00113069	0xStack[0x4]	READ	1
0x0011306c	0xStack[0x8]	READ	1
0x0011306f	0x0018b7ac	UNCONDITIONAL_CALL	0
0x00113074	0xStack[-0x8]	WRITE	0
0x0011307a	0x00113149	CONDITIONAL_JUMP	0
0x00113082	0x00113130	CONDITIONAL_JUMP	0
0x0011308b	0x00113135	CONDITIONAL_JUMP	0
0x001130a1	0x001130a8	CONDITIONAL_JUMP	0
0x001130a5	0x001130ab	UNCONDITIONAL_JUMP	0
0x001130b0	0x001130f4	CONDITIONAL_JUMP	0
0x001130be	0x001de6a4	READ	1
0x001130c6	0x001de6a4	WRITE	0
0x001130cc	0x001de6a8	READ_WRITE	0
0x001130d3	0x001e98cc	READ	0
0x001130da	0x00113080	CONDITIONAL_JUMP	0
0x001130dc	0x001e98cc	DATA	0
0x001130e1	0x0010ab38	UNCONDITIONAL_CALL	0
0x001130e6	0x001e98cc	WRITE	0
0x001130f0	0x00113080	UNCONDITIONAL_JUMP	0
0x001130fc	0x00113149	CONDITIONAL_JUMP	0
0x001130fe	0x001de6a4	READ	1
0x00113106	0x001de6a4	WRITE	0
0x0011310c	0x001de6a8	READ_WRITE	0
0x00113113	0x001e98cc	READ	0
0x0011311a	0x00113130	CONDITIONAL_JUMP	0
0x0011311c	0x001e98cc	DATA	0
0x00113121	0x0010ab38	UNCONDITIONAL_CALL	0
0x00113126	0x001e98cc	WRITE	0
0x00113133	0x00113149	CONDITIONAL_JUMP	0
0x00113149	0xStack[-0x8]	READ	1
0x0011314d	0x0018b544	UNCONDITIONAL_CALL	0
0x00113152	0xStack[-0x14]	DATA	0
0x00113165	0x0018b7ac	UNCONDITIONAL_CALL	0
0x0011316c	0xStack[0x8]	READ	1
0x00113174	0x0011317b	CONDITIONAL_JUMP	0
0x00113179	0x001131c8	CONDITIONAL_JUMP	0
0x0011317b	0x001de6a4	READ	1
0x00113183	0x00113198	CONDITIONAL_JUMP	0
0x00113186	0x0018b544	UNCONDITIONAL_CALL	0
0x00113190	0x00113252	UNCONDITIONAL_JUMP	0
0x0011319a	0x001de6a4	WRITE	0
0x001131a0	0x001de6a8	READ_WRITE	0
0x001131b3	0x00101600	UNCONDITIONAL_CALL	0
0x001131bb	0xStack[0x8]	READ	1
0x001131c4	0x00113202	UNCONDITIONAL_JUMP	0
0x001131cb	0x00113202	CONDITIONAL_JUMP	0
0x001131cd	0x001de6a4	READ	1
0x001131d7	0x001131e8	CONDITIONAL_JUMP	0
0x001131da	0x0018b544	UNCONDITIONAL_CALL	0
0x001131e4	0x00113252	UNCONDITIONAL_JUMP	0
0x001131ec	0x001de6a4	WRITE	0
0x001131f2	0x001de6a8	READ_WRITE	0
0x00113202	0xStack[0x4]	READ	1
0x00113208	0x0011323c	CONDITIONAL_JUMP	0
0x00113216	0x0011321b	CONDITIONAL_JUMP	0
0x0011321e	0xStack[-0x8]	WRITE	0
0x0011322f	0xStack[-0x8]	READ	1
0x0011323c	0xStack[0x4]	READ	1
0x00113241	0xStack[0x8]	READ	1
0x0011324b	0x0018b544	UNCONDITIONAL_CALL	0
0x00113252	0xStack[-0x14]	DATA	0
0x00113265	0xStack[0x8]	READ	1
0x0011326a	0x00113274	CONDITIONAL_JUMP	0
0x0011326e	0x00113353	UNCONDITIONAL_JUMP	0
0x00113274	0xStack[-0xc]	WRITE	0
0x00113277	0x0018b7ac	UNCONDITIONAL_CALL	0
0x0011327c	0xStack[-0x8]	WRITE	0
0x0011327f	0xStack[0xc]	READ	1
0x00113287	0x00113292	CONDITIONAL_JUMP	0
0x0011328c	0x00113337	CONDITIONAL_JUMP	0
0x00113292	0x001de6a4	READ	1
0x0011329a	0x0011333b	CONDITIONAL_JUMP	0
0x001132a2	0x001de6a4	WRITE	0
0x001132a8	0x001de6a8	READ_WRITE	0
0x001132b5	0x00101600	UNCONDITIONAL_CALL	0
0x001132c3	0xStack[0xc]	READ	1
0x001132cc	0x00113337	UNCONDITIONAL_JUMP	0
0x001132d6	0x0011330c	CONDITIONAL_JUMP	0
0x001132d8	0x001de6a4	READ	1
0x001132e2	0x0011333b	CONDITIONAL_JUMP	0
0x001132e8	0x001de6a4	WRITE	0
0x001132ee	0x001de6a8	READ_WRITE	0
0x001132fb	0x00101600	UNCONDITIONAL_CALL	0
0x0011331e	0x00113322	CONDITIONAL_JUMP	0
0x00113324	0xStack[0x4]	READ	1
0x00113328	0x001013cc	UNCONDITIONAL_CALL	0
0x0011332d	0xStack[0x4]	READ_WRITE	0
0x00113339	0x001132d0	CONDITIONAL_JUMP	0
0x0011333b	0xStack[0xc]	READ	1
0x00113341	0xStack[-0xc]	READ	1
0x00113348	0xStack[-0x8]	READ	1
0x0011334c	0x0018b544	UNCONDITIONAL_CALL	0
0x00113353	0xStack[-0x18]	DATA	0
0x00113363	0xStack[0x4]	READ	1
0x00113366	0xStack[0x8]	READ	1
0x0011336c	0x00113388	CONDITIONAL_JUMP	0
0x00113372	0x00113388	CONDITIONAL_JUMP	0
0x00113376	0x00113384	CONDITIONAL_JUMP	0
0x00113396	0xStack[0x4]	READ	1
0x00113399	0xStack[0x8]	READ	1
0x0011339c	0xStack[0xc]	READ	1
0x001133a2	0x001133f0	CONDITIONAL_JUMP	0
0x001133a8	0x001133f0	CONDITIONAL_JUMP	0
0x001133ad	0x001133b5	CONDITIONAL_JUMP	0
0x001133c6	0x001133cb	CONDITIONAL_JUMP	0
0x001133df	0x001133e9	CONDITIONAL_JUMP	0
0x001133eb	0x001133f2	UNCONDITIONAL_JUMP	0
0x001133f2	0xStack[-0x10]	DATA	0
0x00113405	0xStack[0x4]	READ	1
0x00113408	0x0018b7ac	UNCONDITIONAL_CALL	0
0x0011340d	0xStack[-0x8]	WRITE	0
0x00113413	0x00113424	CONDITIONAL_JUMP	0
0x00113415	0xStack[-0xc]	WRITE	0
0x0011341c	0x001134e7	UNCONDITIONAL_JUMP	0
0x00113434	0xStack[-0xc]	WRITE	0
0x00113443	0x00113448	CONDITIONAL_JUMP	0
0x0011345c	0x00113465	CONDITIONAL_JUMP	0
0x0011345e	0xStack[-0xc]	READ_WRITE	0
0x0011346f	0x0011349c	CONDITIONAL_JUMP	0
0x00113485	0x001de6a4	READ	1
0x0011348d	0x001de6a4	WRITE	0
0x00113493	0x001de6a8	READ_WRITE	0
0x0011349a	0x001134e7	UNCONDITIONAL_JUMP	0
0x001134a9	0x001134e7	CONDITIONAL_JUMP	0
0x001134b6	0x001134c2	CONDITIONAL_JUMP	0
0x001134c0	0x001134bc	CONDITIONAL_JUMP	0
0x001134cc	0x001de6a4	READ	1
0x001134d4	0x001de6a4	WRITE	0
0x001134da	0x001de6a8	READ_WRITE	0
0x001134e7	0xStack[-0x8]	READ	1
0x001134eb	0x0018b544	UNCONDITIONAL_CALL	0
0x001134f0	0xStack[-0xc]	READ	1
0x001134f3	0xStack[-0x18]	DATA	0
0x00113509	0xStack[0x4]	READ	1
0x0011350c	0x0018b7ac	UNCONDITIONAL_CALL	0
0x00113511	0xStack[0x8]	READ	1
0x00113517	0x00113548	CONDITIONAL_JUMP	0
0x0011353e	0x0018b544	UNCONDITIONAL_CALL	0
0x00113543	0x0011373c	UNCONDITIONAL_JUMP	0
0x00113549	0x0018b544	UNCONDITIONAL_CALL	0
0x00113551	0x0018b7ac	UNCONDITIONAL_CALL	0
0x00113556	0xStack[-0xc]	WRITE	0
0x0011355c	0x00113580	CONDITIONAL_JUMP	0
0x0011355e	0xStack[-0x10]	WRITE	0
0x00113579	0x00113635	UNCONDITIONAL_JUMP	0
0x00113583	0xStack[-0x1c]	WRITE	0
0x00113589	0xStack[-0x10]	WRITE	0
0x00113598	0x0011359d	CONDITIONAL_JUMP	0
0x001135b3	0x001135bc	CONDITIONAL_JUMP	0
0x001135b5	0xStack[-0x10]	READ_WRITE	0
0x001135bc	0xStack[-0x1c]	READ	1
0x001135cd	0x001135f0	CONDITIONAL_JUMP	0
0x001135e3	0x001de6a4	READ	1
0x001135eb	0x0011360c	UNCONDITIONAL_JUMP	0
0x001135f5	0x00113635	CONDITIONAL_JUMP	0
0x00113600	0x001de6a4	READ	1
0x0011360c	0x001de6a4	WRITE	0
0x00113611	0x001de6a8	READ_WRITE	0
0x00113618	0x001e98cc	READ	0
0x0011361f	0x00113635	CONDITIONAL_JUMP	0
0x00113621	0x001e98cc	DATA	0
0x00113626	0x0010ab38	UNCONDITIONAL_CALL	0
0x0011362b	0x001e98cc	WRITE	0
0x00113635	0xStack[-0xc]	READ	1
0x00113639	0x0018b544	UNCONDITIONAL_CALL	0
0x0011363e	0xStack[-0x10]	READ	1
0x00113641	0xStack[-0x8]	WRITE	0
0x00113649	0x0011373c	CONDITIONAL_JUMP	0
0x0011364f	0x0018b7ac	UNCONDITIONAL_CALL	0
0x00113654	0xStack[-0x14]	WRITE	0
0x00113657	0xStack[0x8]	READ	1
0x0011365f	0x00113666	CONDITIONAL_JUMP	0
0x00113664	0x001136ac	CONDITIONAL_JUMP	0
0x00113666	0x001de6a4	READ	1
0x0011366e	0x0011367c	CONDITIONAL_JUMP	0
0x00113670	0xStack[-0x14]	READ	1
0x00113674	0x00113549	UNCONDITIONAL_JUMP	0
0x0011367e	0x001de6a4	WRITE	0
0x00113684	0x001de6a8	READ_WRITE	0
0x00113697	0x00101600	UNCONDITIONAL_CALL	0
0x0011369f	0xStack[0x8]	READ	1
0x001136a8	0x001136e2	UNCONDITIONAL_JUMP	0
0x001136af	0x001136e2	CONDITIONAL_JUMP	0
0x001136b1	0x001de6a4	READ	1
0x001136bb	0x001136c8	CONDITIONAL_JUMP	0
0x001136bd	0xStack[-0x14]	READ	1
0x001136c1	0x00113549	UNCONDITIONAL_JUMP	0
0x001136cc	0x001de6a4	WRITE	0
0x001136d2	0x001de6a8	READ_WRITE	0
0x001136e2	0xStack[-0x8]	READ	1
0x001136e8	0x00113722	CONDITIONAL_JUMP	0
0x001136ef	0xStack[-0x1c]	WRITE	0
0x001136f9	0x001136fe	CONDITIONAL_JUMP	0
0x00113701	0xStack[-0x18]	WRITE	0
0x00113712	0xStack[-0x18]	READ	1
0x00113715	0xStack[-0x1c]	READ	1
0x00113722	0xStack[-0x8]	READ	1
0x00113727	0xStack[0x8]	READ	1
0x00113730	0xStack[-0x14]	READ	1
0x00113734	0x00113549	UNCONDITIONAL_JUMP	0
0x0011373c	0xStack[-0x28]	DATA	0
0x0011374c	0x001e8758	READ	1
0x00113759	0x00113780	CONDITIONAL_JUMP	0
0x00113768	0xStack[0x8]	READ	1
0x00113774	0x001e2f38	DATA	1
0x0011377d	0x00113785	UNCONDITIONAL_JUMP	0
0x00113785	0xStack[-0x8]	READ	1
0x00113790	0x001e8758	READ	1
0x0011379d	0x001137c4	CONDITIONAL_JUMP	0
0x001137ac	0xStack[0x8]	READ	1
0x001137b8	0x001e2f40	DATA	1
0x001137c1	0x001137c9	UNCONDITIONAL_JUMP	0
0x001137c9	0xStack[-0x8]	READ	1
0x001137d4	0x001e8758	READ	1
0x001137e1	0x00113808	CONDITIONAL_JUMP	0
0x001137f0	0xStack[0x8]	READ	1
0x001137fc	0x001e2f44	DATA	1
0x00113805	0x0011380d	UNCONDITIONAL_JUMP	0
0x0011380d	0xStack[-0x8]	READ	1
0x00113819	0xStack[0x8]	READ	1
0x00113822	0x00113880	CONDITIONAL_JUMP	0
0x00113824	0x001e8758	READ	1
0x00113830	0x00107898	UNCONDITIONAL_CALL	0
0x00113840	0x00113855	CONDITIONAL_JUMP	0
0x0011385c	0x001e8758	READ	1
0x0011386b	0x001e8758	READ	1
0x0011387b	0x001138bd	UNCONDITIONAL_JUMP	0
0x00113880	0x001e8758	READ	1
0x0011388d	0x001138b8	CONDITIONAL_JUMP	0
0x0011389c	0xStack[0x10]	READ	1
0x001138a0	0xStack[0xc]	READ	1
0x001138ad	0x001e2f48	DATA	1
0x001138b6	0x001138bd	UNCONDITIONAL_JUMP	0
0x001138bd	0xStack[-0xc]	DATA	0
0x001138cc	0x001e8758	READ	1
0x001138d9	0x00113900	CONDITIONAL_JUMP	0
0x001138e8	0xStack[0x8]	READ	1
0x001138f4	0x001e2f54	DATA	1
0x001138fd	0x0011390b	UNCONDITIONAL_JUMP	0
0x00113900	0x001e875c	READ	1
0x0011390b	0xStack[-0x8]	READ	1
0x00113919	0x001e98d0	READ	1
0x0011391f	0x001db2d4	WRITE	0
0x00113925	0x001e98d0	WRITE	0
0x00113925	0x001db2b8	DATA	1
0x0011392f	0x001dbcd0	WRITE	0
0x0011392f	0x001db2b8	DATA	1
0x00113939	0x001e98d0	WRITE	0
0x00113939	0x001dbcb4	DATA	1
0x00113943	0x001dbcb4	DATA	1
0x0011394a	0x00113978	CONDITIONAL_JUMP	0
0x0011394c	0x001dbcbc	READ	1
0x0011394c	0x001db2c0	READ	1
0x00113951	0x00113955	CONDITIONAL_JUMP	0
0x00113955	0x001dbcc8	READ	1
0x00113955	0x001db2cc	READ	1
0x00113958	0x001dbccc	READ	0
0x00113958	0x001db2d0	READ	0
0x0011395b	0x00113971	CONDITIONAL_JUMP	0
0x00113960	0x001dbb84	READ	1
0x00113960	0x001dbbb4	READ	1
0x00113960	0x001db248	READ	1
0x00113965	0x00113969	CONDITIONAL_JUMP	0
0x00113967	0x00125f54	COMPUTED_CALL	0
0x00113967	0x0012b2a4	COMPUTED_CALL	0
0x0011396c	0x001dbccc	READ	0
0x0011396f	0x00113960	CONDITIONAL_JUMP	0
0x00113971	0x001dbcd0	READ	1
0x00113971	0x001db2d4	READ	1
0x00113976	0x0011394c	CONDITIONAL_JUMP	0
0x00113978	0x0011ed58	UNCONDITIONAL_CALL	0
0x0011397d	0x00113b08	UNCONDITIONAL_CALL	0
0x00113982	0x00113ab0	UNCONDITIONAL_CALL	0
0x00113987	0xStack[-0xc]	DATA	0
0x00113994	0xStack[0x4]	READ	1
0x00113997	0xStack[0x8]	READ	1
0x0011399a	0x001e98d0	READ	1
0x001139a1	0x001139d8	CONDITIONAL_JUMP	0
0x001139a6	0x001139b8	CONDITIONAL_JUMP	0
0x001139ad	0x001139a4	CONDITIONAL_JUMP	0
0x001139af	0x001139d8	UNCONDITIONAL_JUMP	0
0x001139b6	0x001139da	UNCONDITIONAL_JUMP	0
0x001139c0	0x001139d8	CONDITIONAL_JUMP	0
0x001139ca	0x001139d1	CONDITIONAL_JUMP	0
0x001139cf	0x001139b4	CONDITIONAL_JUMP	0
0x001139d6	0x001139c4	CONDITIONAL_JUMP	0
0x001139da	0xStack[-0x8]	READ	1
0x001139ed	0xStack[0x4]	READ	1
0x001139f0	0xStack[0xc]	READ	1
0x001139f7	0x00113a0f	CONDITIONAL_JUMP	0
0x001139f9	0x001e98d0	READ	1
0x00113a00	0x00113a0f	CONDITIONAL_JUMP	0
0x00113a06	0x00113a18	CONDITIONAL_JUMP	0
0x00113a0d	0x00113a04	CONDITIONAL_JUMP	0
0x00113a11	0x00113a5b	UNCONDITIONAL_JUMP	0
0x00113a16	0x00113a5b	UNCONDITIONAL_JUMP	0
0x00113a20	0x00113a59	CONDITIONAL_JUMP	0
0x00113a22	0xStack[-0x8]	WRITE	0
0x00113a2f	0xStack[0x8]	READ	0
0x00113a32	0x00113a3b	CONDITIONAL_JUMP	0
0x00113a39	0x00113a14	CONDITIONAL_JUMP	0
0x00113a3e	0x00113a51	CONDITIONAL_JUMP	0
0x00113a44	0x00113a51	CONDITIONAL_JUMP	0
0x00113a49	0x00113a51	CONDITIONAL_JUMP	0
0x00113a4d	0x00113a51	CONDITIONAL_JUMP	0
0x00113a54	0xStack[-0x8]	READ	0
0x00113a57	0x00113a28	CONDITIONAL_JUMP	0
0x00113a5b	0xStack[-0x14]	DATA	0
0x00113a6e	0xStack[0x8]	READ	1
0x00113a71	0x001e98d0	READ	1
0x00113a79	0x00113aa6	CONDITIONAL_JUMP	0
0x00113a82	0x00113a9f	CONDITIONAL_JUMP	0
0x00113a89	0x00113a97	CONDITIONAL_JUMP	0
0x00113a8e	0xStack[0x4]	READ	1
0x00113a9d	0x00113a84	CONDITIONAL_JUMP	0
0x00113aa4	0x00113a7c	CONDITIONAL_JUMP	0
0x00113aa6	0xStack[-0x10]	DATA	0
0x00113ab5	0x001e98d0	READ	1
0x00113abd	0x00113ae0	CONDITIONAL_JUMP	0
0x00113ac6	0x00113ad9	CONDITIONAL_JUMP	0
0x00113acd	0x00113ad1	CONDITIONAL_JUMP	0
0x00113ad7	0x00113ac8	CONDITIONAL_JUMP	0
0x00113ade	0x00113ac0	CONDITIONAL_JUMP	0
0x00113ae0	0x001dee30	READ	1
0x00113ae8	0x001dee30	READ	1
0x00113af3	0x00113ab0	DATA	0
0x00113af8	0x00103658	UNCONDITIONAL_CALL	0
0x00113afd	0xStack[-0xc]	DATA	0
0x00113b0d	0x001e98d0	READ	1
0x00113b15	0x00113b38	CONDITIONAL_JUMP	0
0x00113b1e	0x00113b31	CONDITIONAL_JUMP	0
0x00113b25	0x00113b29	CONDITIONAL_JUMP	0
0x00113b2f	0x00113b20	CONDITIONAL_JUMP	0
0x00113b36	0x00113b18	CONDITIONAL_JUMP	0
0x00113b38	0x001dee30	READ	1
0x00113b48	0x00113b08	DATA	0
0x00113b4d	0x00103658	UNCONDITIONAL_CALL	0
0x00113b52	0xStack[-0xc]	DATA	0
0x00113b61	0x001e0d0c	READ	1
0x00113b6d	0x00113b80	CONDITIONAL_JUMP	0
0x00113b7c	0x00113b85	UNCONDITIONAL_JUMP	0
0x00113b85	0x0018b970	UNCONDITIONAL_CALL	0
0x00113b96	0x00113bd0	UNCONDITIONAL_CALL	0
0x00113ba0	0x00113bbc	CONDITIONAL_JUMP	0
0x00113ba7	0x00113bd0	UNCONDITIONAL_CALL	0
0x00113bb1	0x00113bbc	CONDITIONAL_JUMP	0
0x00113bb4	0x0018b544	UNCONDITIONAL_CALL	0
0x00113bb9	0x00113bc6	UNCONDITIONAL_JUMP	0
0x00113bbc	0x001db1cc	DATA	0
0x00113bc1	0x0010ca6c	UNCONDITIONAL_CALL	0
0x00113bc6	0xStack[-0xc]	DATA	0
0x00113bd6	0xStack[0x4]	READ	1
0x00113bd9	0xStack[0x8]	READ	1
0x00113bde	0x001e0d0c	READ	1
0x00113be5	0x001e89ec	READ	1
0x00113bf1	0x001e8e20	READ	1
0x00113bf8	0x001742a0	UNCONDITIONAL_CALL	0
0x00113c04	0x00113c10	CONDITIONAL_JUMP	0
0x00113c08	0x00113ccc	UNCONDITIONAL_JUMP	0
0x00113c13	0x00113c30	CONDITIONAL_JUMP	0
0x00113c15	0x00113c20	CONDITIONAL_JUMP	0
0x00113c19	0x00113c74	CONDITIONAL_JUMP	0
0x00113c1b	0x00113cca	UNCONDITIONAL_JUMP	0
0x00113c23	0x00113cc4	CONDITIONAL_JUMP	0
0x00113c29	0x00113cca	UNCONDITIONAL_JUMP	0
0x00113c32	0x001e0d0c	READ	1
0x00113c42	0x00113c6a	CONDITIONAL_JUMP	0
0x00113c4b	0x001e91c0	READ	1
0x00113c53	0x001e91c0	WRITE	0
0x00113c5f	0x001e916c	READ_WRITE	0
0x00113c68	0x00113c44	CONDITIONAL_JUMP	0
0x00113c6a	0x001e9164	READ_WRITE	0
0x00113c70	0x00113cca	UNCONDITIONAL_JUMP	0
0x00113c76	0x001e0d0c	READ	1
0x00113c84	0x00113cca	CONDITIONAL_JUMP	0
0x00113c98	0x001e917e	READ_WRITE	0
0x00113c9f	0x001e9160	READ_WRITE	0
0x00113ca6	0x00113ed0	UNCONDITIONAL_CALL	0
0x00113cbd	0x00113c8c	CONDITIONAL_JUMP	0
0x00113cbf	0x00113cca	UNCONDITIONAL_JUMP	0
0x00113cc4	0x001e9168	READ_WRITE	0
0x00113ccc	0xStack[-0x10]	DATA	0
0x00113ce9	0xStack[-0x8]	WRITE	0
0x00113cf0	0x001e89ec	READ	1
0x00113cf5	0x001e0d0c	READ	1
0x00113d02	0x001e8e20	READ	1
0x00113d09	0x001742a0	UNCONDITIONAL_CALL	0
0x00113d15	0x00113d68	CONDITIONAL_JUMP	0
0x00113d17	0x001e0d0c	READ	1
0x00113d22	0x00113d5b	CONDITIONAL_JUMP	0
0x00113d34	0x001e917e	READ_WRITE	0
0x00113d3b	0x001e9160	READ_WRITE	0
0x00113d42	0x00113ed0	UNCONDITIONAL_CALL	0
0x00113d59	0x00113d28	CONDITIONAL_JUMP	0
0x00113d5d	0x00113d68	CONDITIONAL_JUMP	0
0x00113d64	0x00113db4	UNCONDITIONAL_JUMP	0
0x00113d68	0xStack[0x4]	READ	0
0x00113d6c	0x00113d77	CONDITIONAL_JUMP	0
0x00113d6e	0xStack[-0x8]	READ_WRITE	0
0x00113d71	0xStack[-0x8]	READ	0
0x00113d75	0x00113d7c	CONDITIONAL_JUMP	0
0x00113d79	0x00113db4	UNCONDITIONAL_JUMP	0
0x00113d7c	0x001e98d0	READ	1
0x00113d84	0x00113da8	CONDITIONAL_JUMP	0
0x00113d8e	0x00113da1	CONDITIONAL_JUMP	0
0x00113d95	0x00113d99	CONDITIONAL_JUMP	0
0x00113d9f	0x00113d90	CONDITIONAL_JUMP	0
0x00113da6	0x00113d88	CONDITIONAL_JUMP	0
0x00113da8	0x001e9178	READ_WRITE	0
0x00113dae	0x00113cf0	UNCONDITIONAL_JUMP	0
0x00113db4	0xStack[-0x14]	DATA	0
0x00113dc6	0xStack[0x8]	READ	1
0x00113dc9	0x0018b970	UNCONDITIONAL_CALL	0
0x00113dd0	0x001e93d4	READ	1
0x00113dd8	0x00113e18	CONDITIONAL_JUMP	0
0x00113ddf	0x00113dee	CONDITIONAL_JUMP	0
0x00113de1	0x001db1d3	DATA	0
0x00113de6	0x0010ca6c	UNCONDITIONAL_CALL	0
0x00113df2	0x001e917c	READ_WRITE	0
0x00113df9	0x001e917c	DATA	0
0x00113e03	0x001e93d4	WRITE	0
0x00113e16	0x00113e27	UNCONDITIONAL_JUMP	0
0x00113e19	0xStack[0x4]	READ	1
0x00113e1d	0x00113f6c	UNCONDITIONAL_CALL	0
0x00113e28	0x0018b544	UNCONDITIONAL_CALL	0
0x00113e2f	0xStack[-0x10]	DATA	0
0x00113e42	0xStack[0x8]	READ	1
0x00113e45	0x0018b970	UNCONDITIONAL_CALL	0
0x00113e4c	0x001e93d4	READ	1
0x00113e54	0x00113e94	CONDITIONAL_JUMP	0
0x00113e5b	0x00113e6a	CONDITIONAL_JUMP	0
0x00113e5d	0x001db1d8	DATA	0
0x00113e62	0x0010ca6c	UNCONDITIONAL_CALL	0
0x00113e6e	0x001e917c	READ_WRITE	0
0x00113e75	0x001e917c	DATA	0
0x00113e7f	0x001e93d4	WRITE	0
0x00113e92	0x00113ea3	UNCONDITIONAL_JUMP	0
0x00113e95	0xStack[0x4]	READ	1
0x00113e99	0x00113f6c	UNCONDITIONAL_CALL	0
0x00113ea4	0x0018b544	UNCONDITIONAL_CALL	0
0x00113eae	0x00113ec4	CONDITIONAL_JUMP	0
0x00113eb8	0x00101600	UNCONDITIONAL_CALL	0
0x00113ebf	0x00113ec6	UNCONDITIONAL_JUMP	0
0x00113ec6	0xStack[-0x10]	DATA	0
0x00113ed6	0xStack[0x4]	READ	1
0x00113ed9	0x0018b970	UNCONDITIONAL_CALL	0
0x00113ee5	0x00113ef4	CONDITIONAL_JUMP	0
0x00113ee7	0x001db1dd	DATA	0
0x00113eec	0x0010ca6c	UNCONDITIONAL_CALL	0
0x00113ef8	0x001e917c	DATA	0
0x00113f00	0x001e917c	READ_WRITE	0
0x00113f11	0x00113f1c	CONDITIONAL_JUMP	0
0x00113f14	0x00114a48	UNCONDITIONAL_CALL	0
0x00113f1e	0x001e93d4	READ	1
0x00113f34	0x001e93d4	WRITE	0
0x00113f3b	0x0018b544	UNCONDITIONAL_CALL	0
0x00113f43	0x001e9154	READ	0
0x00113f4a	0x00113f60	CONDITIONAL_JUMP	0
0x00113f4c	0x001e9154	WRITE	0
0x00113f56	0x001e93d4	DATA	0
0x00113f5b	0x0010ab38	UNCONDITIONAL_CALL	0
0x00113f62	0xStack[-0x10]	DATA	0
0x00113f78	0xStack[-0x8]	WRITE	0
0x00113f80	0x001e89ec	READ	1
0x00113f85	0x001e0d0c	READ	1
0x00113f92	0x001e8e20	READ	1
0x00113f99	0x001742a0	UNCONDITIONAL_CALL	0
0x00113fa5	0x00113fef	CONDITIONAL_JUMP	0
0x00113fa7	0x001e0d0c	READ	1
0x00113fb2	0x00113feb	CONDITIONAL_JUMP	0
0x00113fc4	0x001e917e	READ_WRITE	0
0x00113fcb	0x001e9160	READ_WRITE	0
0x00113fd2	0x00113ed0	UNCONDITIONAL_CALL	0
0x00113fe9	0x00113fb8	CONDITIONAL_JUMP	0
0x00113fed	0x00114068	CONDITIONAL_JUMP	0
0x00113fef	0xStack[0x4]	READ	0
0x00113ff3	0x00114034	CONDITIONAL_JUMP	0
0x00113ff5	0xStack[-0x8]	READ_WRITE	0
0x00113ff8	0xStack[-0x8]	READ	0
0x00113ffc	0x00114034	CONDITIONAL_JUMP	0
0x00113ffe	0x001e98d0	READ	1
0x00114006	0x00114028	CONDITIONAL_JUMP	0
0x0011400e	0x00114021	CONDITIONAL_JUMP	0
0x00114015	0x00114019	CONDITIONAL_JUMP	0
0x0011401f	0x00114010	CONDITIONAL_JUMP	0
0x00114026	0x00114008	CONDITIONAL_JUMP	0
0x00114028	0x001e9178	READ_WRITE	0
0x0011402e	0x00113f80	UNCONDITIONAL_JUMP	0
0x00114034	0xStack[0x4]	READ	0
0x00114038	0x0011405c	CONDITIONAL_JUMP	0
0x0011403a	0x001e9174	READ_WRITE	0
0x00114040	0x001e9154	READ_WRITE	0
0x00114048	0x001e93d4	DATA	0
0x0011404d	0x0010a588	UNCONDITIONAL_CALL	0
0x00114055	0x00113f78	UNCONDITIONAL_JUMP	0
0x0011405c	0x001e9170	READ_WRITE	0
0x00114064	0x001140d5	UNCONDITIONAL_JUMP	0
0x00114068	0x0018b970	UNCONDITIONAL_CALL	0
0x0011406f	0x001e93d4	READ	1
0x00114077	0x001140c0	CONDITIONAL_JUMP	0
0x0011407e	0x0011408d	CONDITIONAL_JUMP	0
0x00114080	0x001db1e3	DATA	0
0x00114085	0x0010ca6c	UNCONDITIONAL_CALL	0
0x0011408d	0xStack[0x8]	READ	1
0x00114095	0x001e917c	READ_WRITE	0
0x0011409c	0xStack[0x8]	READ	1
0x0011409f	0x001e917c	DATA	0
0x001140a9	0x001e93d4	WRITE	0
0x001140bc	0x001140cd	UNCONDITIONAL_JUMP	0
0x001140c0	0x001db1e8	DATA	0
0x001140c5	0x0010ca6c	UNCONDITIONAL_CALL	0
0x001140ce	0x0018b544	UNCONDITIONAL_CALL	0
0x001140d5	0xStack[-0x14]	DATA	0
0x001140e9	0xStack[0x4]	READ	1
0x001140ee	0x00114199	CONDITIONAL_JUMP	0
0x001140f4	0x0018b970	UNCONDITIONAL_CALL	0
0x001140f9	0xStack[-0x8]	WRITE	0
0x001140fc	0x0018b970	UNCONDITIONAL_CALL	0
0x00114108	0x00114117	CONDITIONAL_JUMP	0
0x0011410a	0x001db1ef	DATA	0
0x0011410f	0x0010ca6c	UNCONDITIONAL_CALL	0
0x0011411b	0x001e917c	DATA	0
0x00114123	0x001e917c	READ_WRITE	0
0x00114134	0x0011413f	CONDITIONAL_JUMP	0
0x00114137	0x00114a48	UNCONDITIONAL_CALL	0
0x00114141	0x001e93d4	READ	1
0x00114157	0x001e93d4	WRITE	0
0x0011415e	0x0018b544	UNCONDITIONAL_CALL	0
0x00114166	0x001e9154	READ	0
0x0011416d	0x00114186	CONDITIONAL_JUMP	0
0x0011416f	0x001e9154	WRITE	0
0x00114179	0x001e93d4	DATA	0
0x0011417e	0x0010ab38	UNCONDITIONAL_CALL	0
0x0011418a	0x001140fc	CONDITIONAL_JUMP	0
0x00114190	0xStack[-0x8]	READ	1
0x00114194	0x0018b544	UNCONDITIONAL_CALL	0
0x00114199	0xStack[-0x14]	DATA	0
0x001141ad	0xStack[0x4]	READ	1
0x001141b0	0xStack[0x8]	READ	1
0x001141b3	0xStack[0xc]	READ	0
0x001141b7	0x001143d1	CONDITIONAL_JUMP	0
0x001141bf	0x001141c7	CONDITIONAL_JUMP	0
0x001141c1	0xStack[0xc]	READ	0
0x001141c5	0x001141f5	CONDITIONAL_JUMP	0
0x001141c7	0x001db1f5	DATA	0
0x001141cc	0x0010ca6c	UNCONDITIONAL_CALL	0
0x001141da	0x001141e9	CONDITIONAL_JUMP	0
0x001141dc	0x001db1fc	DATA	0
0x001141e1	0x0010ca6c	UNCONDITIONAL_CALL	0
0x001141ef	0x001141f9	CONDITIONAL_JUMP	0
0x001141f7	0x001141d8	CONDITIONAL_JUMP	0
0x001141f9	0xStack[-0x8]	DATA	0
0x001141fc	0xStack[-0xc]	WRITE	0
0x001141ff	0xStack[-0x8]	WRITE	0
0x00114206	0xStack[0xc]	READ	0
0x0011420a	0x00114318	CONDITIONAL_JUMP	0
0x00114212	0x00114230	CONDITIONAL_JUMP	0
0x00114214	0xStack[0xc]	READ	0
0x0011421b	0x00114318	CONDITIONAL_JUMP	0
0x00114221	0x001db203	DATA	0
0x00114226	0x0010ca6c	UNCONDITIONAL_CALL	0
0x00114230	0x0018b970	UNCONDITIONAL_CALL	0
0x00114235	0xStack[-0x10]	WRITE	0
0x00114238	0x001e93d4	READ	1
0x00114240	0x00114288	CONDITIONAL_JUMP	0
0x00114247	0x00114256	CONDITIONAL_JUMP	0
0x00114249	0x001db20a	DATA	0
0x0011424e	0x0010ca6c	UNCONDITIONAL_CALL	0
0x0011425e	0x001e917c	READ_WRITE	0
0x00114269	0x001e917c	DATA	0
0x00114273	0x001e93d4	WRITE	0
0x00114286	0x00114299	UNCONDITIONAL_JUMP	0
0x0011428f	0x00113f6c	UNCONDITIONAL_CALL	0
0x00114299	0xStack[-0x10]	READ	1
0x0011429d	0x0018b544	UNCONDITIONAL_CALL	0
0x001142a2	0xStack[-0xc]	READ	1
0x001142a5	0xStack[-0x8]	DATA	0
0x001142ac	0x00114320	CONDITIONAL_JUMP	0
0x001142b4	0xStack[0xc]	READ	1
0x001142b9	0x001142bd	CONDITIONAL_JUMP	0
0x001142c5	0x001142dc	CONDITIONAL_JUMP	0
0x001142cb	0x001142dc	CONDITIONAL_JUMP	0
0x001142d0	0x00114ac8	UNCONDITIONAL_CALL	0
0x001142d8	0x001142f4	UNCONDITIONAL_JUMP	0
0x001142ef	0x001013cc	UNCONDITIONAL_CALL	0
0x001142f7	0xStack[0xc]	READ	0
0x001142fe	0x00114307	CONDITIONAL_JUMP	0
0x00114304	0xStack[0xc]	READ_WRITE	0
0x0011430b	0xStack[-0xc]	WRITE	0
0x0011430e	0xStack[0xc]	READ	0
0x00114312	0x00114210	CONDITIONAL_JUMP	0
0x00114318	0xStack[-0x8]	READ	1
0x0011431b	0x001143d3	UNCONDITIONAL_JUMP	0
0x00114320	0xStack[-0x8]	READ	1
0x00114325	0x001143d1	CONDITIONAL_JUMP	0
0x0011432b	0x0018b970	UNCONDITIONAL_CALL	0
0x00114330	0xStack[-0x14]	WRITE	0
0x00114334	0x0018b970	UNCONDITIONAL_CALL	0
0x00114340	0x0011434f	CONDITIONAL_JUMP	0
0x00114342	0x001db1ef	DATA	0
0x00114347	0x0010ca6c	UNCONDITIONAL_CALL	0
0x00114353	0x001e917c	DATA	0
0x0011435b	0x001e917c	READ_WRITE	0
0x0011436c	0x00114377	CONDITIONAL_JUMP	0
0x0011436f	0x00114a48	UNCONDITIONAL_CALL	0
0x00114379	0x001e93d4	READ	1
0x0011438f	0x001e93d4	WRITE	0
0x00114396	0x0018b544	UNCONDITIONAL_CALL	0
0x0011439e	0x001e9154	READ	0
0x001143a5	0x001143be	CONDITIONAL_JUMP	0
0x001143a7	0x001e9154	WRITE	0
0x001143b1	0x001e93d4	DATA	0
0x001143b6	0x0010ab38	UNCONDITIONAL_CALL	0
0x001143c2	0x00114334	CONDITIONAL_JUMP	0
0x001143c8	0xStack[-0x14]	READ	1
0x001143cc	0x0018b544	UNCONDITIONAL_CALL	0
0x001143d3	0xStack[-0x20]	DATA	0
0x001143e9	0xStack[0x4]	READ	1
0x001143ec	0xStack[0x8]	READ	1
0x001143f2	0x001144d8	CONDITIONAL_JUMP	0
0x001143fd	0x001143f8	CONDITIONAL_JUMP	0
0x001143ff	0x001144d8	UNCONDITIONAL_JUMP	0
0x0011440a	0x00114421	CONDITIONAL_JUMP	0
0x00114417	0xStack[-0xc]	WRITE	0
0x0011441f	0x00114428	CONDITIONAL_JUMP	0
0x00114423	0x001144e0	UNCONDITIONAL_JUMP	0
0x00114428	0xStack[-0xc]	READ	1
0x00114438	0x001013cc	UNCONDITIONAL_CALL	0
0x00114448	0x0018b970	UNCONDITIONAL_CALL	0
0x0011444d	0xStack[-0x8]	WRITE	0
0x00114455	0x00114464	CONDITIONAL_JUMP	0
0x00114457	0x001db1dd	DATA	0
0x0011445c	0x0010ca6c	UNCONDITIONAL_CALL	0
0x00114468	0x001e917c	DATA	0
0x00114470	0x001e917c	READ_WRITE	0
0x00114481	0x0011448c	CONDITIONAL_JUMP	0
0x00114484	0x00114a48	UNCONDITIONAL_CALL	0
0x0011448e	0x001e93d4	READ	1
0x001144a4	0x001e93d4	WRITE	0
0x001144aa	0xStack[-0x8]	READ	1
0x001144ae	0x0018b544	UNCONDITIONAL_CALL	0
0x001144b6	0x001e9154	READ	0
0x001144bd	0x001144d6	CONDITIONAL_JUMP	0
0x001144bf	0x001e9154	WRITE	0
0x001144c9	0x001e93d4	DATA	0
0x001144ce	0x0010ab38	UNCONDITIONAL_CALL	0
0x001144da	0x00114404	CONDITIONAL_JUMP	0
0x001144e0	0xStack[-0x18]	DATA	0
0x001144f2	0xStack[0x4]	READ	1
0x001144f5	0xStack[0x8]	READ	1
0x001144fc	0x00114598	CONDITIONAL_JUMP	0
0x00114504	0x0011452c	CONDITIONAL_JUMP	0
0x0011450a	0x00114598	CONDITIONAL_JUMP	0
0x00114519	0x0011455c	CONDITIONAL_JUMP	0
0x00114527	0x00114598	CONDITIONAL_JUMP	0
0x00114529	0x00114508	UNCONDITIONAL_JUMP	0
0x00114535	0x00114545	CONDITIONAL_JUMP	0
0x00114543	0x00114538	CONDITIONAL_JUMP	0
0x0011454e	0x00114570	CONDITIONAL_JUMP	0
0x00114557	0x00114598	UNCONDITIONAL_JUMP	0
0x00114566	0x00114598	UNCONDITIONAL_JUMP	0
0x0011456c	0x00114592	UNCONDITIONAL_JUMP	0
0x00114576	0x00114592	CONDITIONAL_JUMP	0
0x0011457e	0x00114568	CONDITIONAL_JUMP	0
0x00114586	0x00114578	CONDITIONAL_JUMP	0
0x00114588	0x00114592	UNCONDITIONAL_JUMP	0
0x00114596	0x0011458c	CONDITIONAL_JUMP	0
0x00114598	0xStack[-0x10]	DATA	0
0x001145ad	0xStack[0x4]	READ	1
0x001145b0	0xStack[0x8]	READ	1
0x001145b9	0x001145d4	CONDITIONAL_JUMP	0
0x001145bf	0x001145d4	CONDITIONAL_JUMP	0
0x001145c9	0xStack[0x8]	READ_WRITE	0
0x001145cc	0x00114660	UNCONDITIONAL_JUMP	0
0x001145d4	0xStack[0x8]	READ	0
0x001145d8	0x00114800	CONDITIONAL_JUMP	0
0x001145de	0x0018b970	UNCONDITIONAL_CALL	0
0x001145e5	0x001e93d4	READ	1
0x001145ed	0x00114638	CONDITIONAL_JUMP	0
0x001145f4	0x00114603	CONDITIONAL_JUMP	0
0x001145f6	0x001db20f	DATA	0
0x001145fb	0x0010ca6c	UNCONDITIONAL_CALL	0
0x0011460b	0x001e917c	READ_WRITE	0
0x00114616	0x001e917c	DATA	0
0x00114620	0x001e93d4	WRITE	0
0x00114633	0x00114649	UNCONDITIONAL_JUMP	0
0x0011463f	0x00113f6c	UNCONDITIONAL_CALL	0
0x0011464a	0x0018b544	UNCONDITIONAL_CALL	0
0x00114654	0x00114800	CONDITIONAL_JUMP	0
0x00114668	0xStack[-0x8]	WRITE	0
0x00114670	0xStack[-0x14]	WRITE	0
0x00114673	0xStack[0x8]	READ	1
0x0011467d	0xStack[-0x8]	READ	1
0x00114684	0x00114688	CONDITIONAL_JUMP	0
0x00114688	0xStack[-0x14]	READ	0
0x0011468b	0x00114690	CONDITIONAL_JUMP	0
0x0011468d	0xStack[-0x14]	READ	1
0x0011469f	0x001013cc	UNCONDITIONAL_CALL	0
0x001146a4	0xStack[0x8]	READ_WRITE	0
0x001146bc	0x001146c8	CONDITIONAL_JUMP	0
0x001146c1	0x00114758	UNCONDITIONAL_JUMP	0
0x001146c8	0x0018b970	UNCONDITIONAL_CALL	0
0x001146cd	0xStack[-0xc]	WRITE	0
0x001146d5	0x001146e4	CONDITIONAL_JUMP	0
0x001146d7	0x001db1dd	DATA	0
0x001146dc	0x0010ca6c	UNCONDITIONAL_CALL	0
0x001146e8	0x001e917c	DATA	0
0x001146f0	0x001e917c	READ_WRITE	0
0x00114701	0x0011470c	CONDITIONAL_JUMP	0
0x00114704	0x00114a48	UNCONDITIONAL_CALL	0
0x0011470e	0x001e93d4	READ	1
0x00114724	0x001e93d4	WRITE	0
0x0011472a	0xStack[-0xc]	READ	1
0x0011472e	0x0018b544	UNCONDITIONAL_CALL	0
0x00114736	0x001e9154	READ	0
0x0011473d	0x00114756	CONDITIONAL_JUMP	0
0x0011473f	0x001e9154	WRITE	0
0x00114749	0x001e93d4	DATA	0
0x0011474e	0x0010ab38	UNCONDITIONAL_CALL	0
0x00114758	0xStack[0x8]	READ	0
0x0011475c	0x001147f4	CONDITIONAL_JUMP	0
0x00114764	0x0011466c	CONDITIONAL_JUMP	0
0x0011476a	0x0018b970	UNCONDITIONAL_CALL	0
0x00114776	0x00114785	CONDITIONAL_JUMP	0
0x00114778	0x001db1dd	DATA	0
0x0011477d	0x0010ca6c	UNCONDITIONAL_CALL	0
0x00114789	0x001e917c	DATA	0
0x00114791	0x001e917c	READ_WRITE	0
0x001147a2	0x001147ad	CONDITIONAL_JUMP	0
0x001147a5	0x00114a48	UNCONDITIONAL_CALL	0
0x001147ad	0x001e93d4	READ	1
0x001147c3	0x001e93d4	WRITE	0
0x001147ca	0x0018b544	UNCONDITIONAL_CALL	0
0x001147d2	0x001e9154	READ	0
0x001147d9	0x00114800	CONDITIONAL_JUMP	0
0x001147db	0x001e9154	WRITE	0
0x001147e5	0x001e93d4	DATA	0
0x001147ea	0x0010ab38	UNCONDITIONAL_CALL	0
0x001147f2	0x00114800	UNCONDITIONAL_JUMP	0
0x001147f8	0x001148b3	UNCONDITIONAL_JUMP	0
0x00114804	0x001148b1	CONDITIONAL_JUMP	0
0x0011480a	0x0018b970	UNCONDITIONAL_CALL	0
0x0011480f	0xStack[-0x10]	WRITE	0
0x00114814	0x0018b970	UNCONDITIONAL_CALL	0
0x00114820	0x0011482f	CONDITIONAL_JUMP	0
0x00114822	0x001db1ef	DATA	0
0x00114827	0x0010ca6c	UNCONDITIONAL_CALL	0
0x00114833	0x001e917c	DATA	0
0x0011483b	0x001e917c	READ_WRITE	0
0x0011484c	0x00114857	CONDITIONAL_JUMP	0
0x0011484f	0x00114a48	UNCONDITIONAL_CALL	0
0x00114859	0x001e93d4	READ	1
0x0011486f	0x001e93d4	WRITE	0
0x00114876	0x0018b544	UNCONDITIONAL_CALL	0
0x0011487e	0x001e9154	READ	0
0x00114885	0x0011489e	CONDITIONAL_JUMP	0
0x00114887	0x001e9154	WRITE	0
0x00114891	0x001e93d4	DATA	0
0x00114896	0x0010ab38	UNCONDITIONAL_CALL	0
0x001148a2	0x00114814	CONDITIONAL_JUMP	0
0x001148a8	0xStack[-0x10]	READ	1
0x001148ac	0x0018b544	UNCONDITIONAL_CALL	0
0x001148b3	0xStack[-0x20]	DATA	0
0x001148c9	0xStack[0x4]	READ	1
0x001148cc	0x0018b970	UNCONDITIONAL_CALL	0
0x001148d1	0xStack[-0x8]	WRITE	0
0x001148d4	0x001e91c0	READ	0
0x001148db	0x00114940	CONDITIONAL_JUMP	0
0x001148dd	0x001e89ec	READ	1
0x001148e2	0x001e0d0c	READ	1
0x001148ef	0x001e8e20	READ	1
0x001148f6	0x001742a0	UNCONDITIONAL_CALL	0
0x00114900	0x00114940	CONDITIONAL_JUMP	0
0x00114902	0x001e0d0c	READ	1
0x0011490f	0x00114938	CONDITIONAL_JUMP	0
0x0011491b	0x001e91c0	READ	1
0x00114923	0x001e91c0	WRITE	0
0x0011492d	0x001e916c	READ_WRITE	0
0x00114936	0x00114914	CONDITIONAL_JUMP	0
0x00114938	0x001e9164	READ_WRITE	0
0x00114940	0x001e91c0	READ	1
0x00114948	0x0011497c	CONDITIONAL_JUMP	0
0x0011494c	0x001e91bc	READ	1
0x00114955	0x001e91d0	DATA	0
0x0011495b	0x001e916c	READ_WRITE	0
0x00114963	0x001e91c0	WRITE	0
0x0011497c	0xStack[-0x8]	READ	1
0x00114980	0x0018b544	UNCONDITIONAL_CALL	0
0x0011498f	0xStack[-0x14]	DATA	0
0x001149a1	0x0018b970	UNCONDITIONAL_CALL	0
0x001149a8	0x001e93d4	READ	1
0x001149b0	0x001149f4	CONDITIONAL_JUMP	0
0x001149b7	0x001149c6	CONDITIONAL_JUMP	0
0x001149b9	0x001db214	DATA	0
0x001149be	0x0010ca6c	UNCONDITIONAL_CALL	0
0x001149cc	0x001e917c	READ_WRITE	0
0x001149d3	0x001e917e	READ_WRITE	0
0x001149dc	0x001e93d4	WRITE	0
0x001149ef	0x00114a04	UNCONDITIONAL_JUMP	0
0x001149f6	0xStack[0x14]	READ	1
0x001149fa	0x00113f6c	UNCONDITIONAL_CALL	0
0x00114a05	0x0018b544	UNCONDITIONAL_CALL	0
0x00114a0c	0x00114a3c	CONDITIONAL_JUMP	0
0x00114a0e	0xStack[0xc]	READ	1
0x00114a16	0xStack[0x10]	READ	1
0x00114a24	0xStack[0x4]	READ	1
0x00114a2a	0xStack[0x8]	READ	1
0x00114a39	0x00114a3e	UNCONDITIONAL_JUMP	0
0x00114a3e	0xStack[-0xc]	DATA	0
0x00114a4c	0xStack[0x4]	READ	1
0x00114a57	0x00114a64	CONDITIONAL_JUMP	0
0x00114a5d	0x00114aa8	CONDITIONAL_JUMP	0
0x00114a5f	0x00114ab4	UNCONDITIONAL_JUMP	0
0x00114a73	0x001e91bc	READ	1
0x00114a7c	0x001e91d0	DATA	1
0x00114a86	0x001e91d0	DATA	0
0x00114a8f	0x00114abe	CONDITIONAL_JUMP	0
0x00114a91	0x001e91c0	READ	1
0x00114a99	0x001e91c0	WRITE	0
0x00114a9f	0x001e916c	READ_WRITE	0
0x00114aa5	0x00114abe	UNCONDITIONAL_JUMP	0
0x00114ab1	0x00114abe	UNCONDITIONAL_JUMP	0
0x00114ab4	0x001db219	DATA	0
0x00114ab9	0x0010ca6c	UNCONDITIONAL_CALL	0
0x00114abe	0xStack[-0x8]	READ	1
0x00114ace	0xStack[0x4]	READ	1
0x00114ad1	0xStack[0x8]	READ	1
0x00114adc	0x00114ae8	CONDITIONAL_JUMP	0
0x00114ae2	0x00114b0c	CONDITIONAL_JUMP	0
0x00114ae4	0x00114b64	UNCONDITIONAL_JUMP	0
0x00114afa	0x001e91bc	READ	1
0x00114b03	0x001e91d0	DATA	0
0x00114b09	0x00114b6e	UNCONDITIONAL_JUMP	0
0x00114b14	0x0015a75c	UNCONDITIONAL_CALL	0
0x00114b32	0xStack[0xc]	READ	1
0x00114b36	0x001013cc	UNCONDITIONAL_CALL	0
0x00114b44	0xStack[0xc]	READ	1
0x00114b50	0x00114b78	DATA	1
0x00114b61	0x00114b6e	UNCONDITIONAL_JUMP	0
0x00114b64	0x001db220	DATA	0
0x00114b69	0x0010ca6c	UNCONDITIONAL_CALL	0
0x00114b6e	0xStack[-0x10]	DATA	0
0x00114b7b	0xStack[0x4]	READ	1
0x00114b82	0x0015a824	UNCONDITIONAL_CALL	0
0x00114b90	0xStack[0x4]	READ	1
0x00114b93	0xStack[0x8]	READ	1
0x00114bcd	0xStack[-0x8]	READ	1
0x00114bda	0xStack[0x4]	READ	1
0x00114bdd	0xStack[0xc]	READ	1
0x00114be0	0xStack[0x10]	READ	0
0x00114be4	0x00114bf8	CONDITIONAL_JUMP	0
0x00114be7	0xStack[0x10]	READ	1
0x00114bec	0x001139e4	UNCONDITIONAL_CALL	0
0x00114bf6	0x00114c04	UNCONDITIONAL_JUMP	0
0x00114bfa	0x00113990	UNCONDITIONAL_CALL	0
0x00114c06	0x00114c10	CONDITIONAL_JUMP	0
0x00114c0d	0x00114c87	UNCONDITIONAL_JUMP	0
0x00114c15	0x00114c20	CONDITIONAL_JUMP	0
0x00114c1c	0x00114c87	UNCONDITIONAL_JUMP	0
0x00114c24	0x00113e3c	UNCONDITIONAL_CALL	0
0x00114c3d	0x001e8758	READ	1
0x00114c4d	0x00114c55	CONDITIONAL_JUMP	0
0x00114c5a	0xStack[0x10]	READ	1
0x00114c6f	0x00114c80	CONDITIONAL_JUMP	0
0x00114c76	0x00114d4c	UNCONDITIONAL_CALL	0
0x00114c7d	0x00114c87	UNCONDITIONAL_JUMP	0
0x00114c80	0xStack[0x8]	READ	1
0x00114c87	0xStack[-0x10]	DATA	0
0x00114c9a	0xStack[0x4]	READ	1
0x00114c9d	0xStack[0x8]	READ	1
0x00114ca0	0x0018b958	UNCONDITIONAL_CALL	0
0x00114cba	0x0018b544	UNCONDITIONAL_CALL	0
0x00114cc1	0xStack[-0x10]	DATA	0
0x00114cd5	0xStack[0x4]	READ	1
0x00114cd8	0xStack[0x8]	READ	1
0x00114cdb	0x0018b958	UNCONDITIONAL_CALL	0
0x00114ce0	0xStack[-0x8]	WRITE	0
0x00114cfb	0x00114d0c	CONDITIONAL_JUMP	0
0x00114cfd	0xStack[-0x8]	READ	1
0x00114d01	0x0018b544	UNCONDITIONAL_CALL	0
0x00114d08	0x00114d3f	UNCONDITIONAL_JUMP	0
0x00114d10	0x00114d1c	CONDITIONAL_JUMP	0
0x00114d1e	0x00114d22	CONDITIONAL_JUMP	0
0x00114d29	0x00114d30	CONDITIONAL_JUMP	0
0x00114d34	0xStack[-0x8]	READ	1
0x00114d38	0x0018b544	UNCONDITIONAL_CALL	0
0x00114d3f	0xStack[-0x14]	DATA	0
0x00114d50	0xStack[0x4]	READ	1
0x00114d57	0x00114db0	CONDITIONAL_JUMP	0
0x00114d5d	0x00114db0	CONDITIONAL_JUMP	0
0x00114d63	0x00114d97	CONDITIONAL_JUMP	0
0x00114d68	0x00116354	UNCONDITIONAL_CALL	0
0x00114d72	0x00114d90	CONDITIONAL_JUMP	0
0x00114d77	0x00116354	UNCONDITIONAL_CALL	0
0x00114d81	0x00114d90	CONDITIONAL_JUMP	0
0x00114d83	0x001db2dd	DATA	0
0x00114d88	0x0010ca6c	UNCONDITIONAL_CALL	0
0x00114d9b	0x001165cc	UNCONDITIONAL_CALL	0
0x00114da1	0x00115c4c	UNCONDITIONAL_CALL	0
0x00114dab	0x00113ed0	UNCONDITIONAL_CALL	0
0x00114db0	0xStack[-0x8]	READ	1
0x00114dc1	0xStack[0x4]	READ	1
0x00114dc4	0x0018b958	UNCONDITIONAL_CALL	0
0x00114dc9	0xStack[-0x8]	WRITE	0
0x00114dd2	0x00114e01	CONDITIONAL_JUMP	0
0x00114dd7	0x00114dfc	CONDITIONAL_JUMP	0
0x00114de0	0x00114f04	UNCONDITIONAL_CALL	0
0x00114deb	0x00114ddc	CONDITIONAL_JUMP	0
0x00114ded	0x00114dfc	UNCONDITIONAL_JUMP	0
0x00114df4	0x00114f04	UNCONDITIONAL_CALL	0
0x00114dff	0x00114df0	CONDITIONAL_JUMP	0
0x00114e05	0x00114e71	CONDITIONAL_JUMP	0
0x00114e0d	0x00114e51	CONDITIONAL_JUMP	0
0x00114e11	0x00114e22	CONDITIONAL_JUMP	0
0x00114e14	0x00115014	UNCONDITIONAL_CALL	0
0x00114e20	0x00114e51	CONDITIONAL_JUMP	0
0x00114e26	0x00114e51	CONDITIONAL_JUMP	0
0x00114e36	0x00114e51	CONDITIONAL_JUMP	0
0x00114e3b	0x00114e51	CONDITIONAL_JUMP	0
0x00114e43	0x0010a588	UNCONDITIONAL_CALL	0
0x00114e4f	0x00114e40	CONDITIONAL_JUMP	0
0x00114e55	0x00114e71	CONDITIONAL_JUMP	0
0x00114e6d	0x00114e71	CONDITIONAL_JUMP	0
0x00114e75	0x00114e84	CONDITIONAL_JUMP	0
0x00114e77	0x001db2e7	DATA	0
0x00114e7c	0x0010ca6c	UNCONDITIONAL_CALL	0
0x00114e92	0x00114eec	CONDITIONAL_JUMP	0
0x00114e96	0x00114eec	CONDITIONAL_JUMP	0
0x00114e9c	0x00114ed0	CONDITIONAL_JUMP	0
0x00114ea1	0x00116354	UNCONDITIONAL_CALL	0
0x00114eab	0x00114ec9	CONDITIONAL_JUMP	0
0x00114eb0	0x00116354	UNCONDITIONAL_CALL	0
0x00114eba	0x00114ec9	CONDITIONAL_JUMP	0
0x00114ebc	0x001db2dd	DATA	0
0x00114ec1	0x0010ca6c	UNCONDITIONAL_CALL	0
0x00114ed4	0x001165cc	UNCONDITIONAL_CALL	0
0x00114eda	0x00115c4c	UNCONDITIONAL_CALL	0
0x00114ee4	0x00113ed0	UNCONDITIONAL_CALL	0
0x00114eec	0xStack[-0x8]	READ	1
0x00114ef0	0x0018b544	UNCONDITIONAL_CALL	0
0x00114ef7	0xStack[-0x14]	DATA	0
0x00114f07	0xStack[0x4]	READ	1
0x00114f25	0xStack[0x4]	READ	1
0x00114f28	0x0018b958	UNCONDITIONAL_CALL	0
0x00114f33	0x00114f42	CONDITIONAL_JUMP	0
0x00114f35	0x001db2f8	DATA	0
0x00114f3a	0x0010ca6c	UNCONDITIONAL_CALL	0
0x00114f4b	0xStack[0x8]	READ	1
0x00114f5c	0x0018b544	UNCONDITIONAL_CALL	0
0x00114f63	0xStack[-0xc]	DATA	0
0x00114f72	0xStack[0x4]	READ	1
0x00114f79	0x00114f84	CONDITIONAL_JUMP	0
0x00114f80	0x00114fd0	UNCONDITIONAL_JUMP	0
0x00114f84	0x0018b958	UNCONDITIONAL_CALL	0
0x00114f8f	0x00114fb0	CONDITIONAL_JUMP	0
0x00114f98	0x00114fa9	CONDITIONAL_JUMP	0
0x00114f9b	0x00115014	UNCONDITIONAL_CALL	0
0x00114fa7	0x00114fb0	CONDITIONAL_JUMP	0
0x00114fae	0x00114fc8	UNCONDITIONAL_JUMP	0
0x00114fb5	0xStack[0x8]	READ	1
0x00114fc9	0x0018b544	UNCONDITIONAL_CALL	0
0x00114fd0	0xStack[-0x10]	DATA	0
0x00114fe2	0xStack[0x4]	READ	1
0x00114fe5	0xStack[0x8]	READ	1
0x00114fe8	0x0018b958	UNCONDITIONAL_CALL	0
0x00115002	0x0018b544	UNCONDITIONAL_CALL	0
0x00115009	0xStack[-0x10]	DATA	0
0x00115019	0xStack[0x4]	READ	1
0x0011501c	0x0018b958	UNCONDITIONAL_CALL	0
0x00115029	0x00115034	CONDITIONAL_JUMP	0
0x00115030	0x00115056	UNCONDITIONAL_JUMP	0
0x00115036	0x00115040	CONDITIONAL_JUMP	0
0x0011503d	0x00115056	UNCONDITIONAL_JUMP	0
0x00115057	0x0018b544	UNCONDITIONAL_CALL	0
0x0011505e	0xStack[-0xc]	DATA	0
0x00115071	0xStack[-0x8]	WRITE	0
0x00115078	0xStack[-0x10]	WRITE	0
0x0011507f	0xStack[-0x14]	WRITE	0
0x00115086	0xStack[-0x1c]	WRITE	0
0x0011508d	0xStack[0x4]	READ	1
0x00115097	0x001150ec	CONDITIONAL_JUMP	0
0x0011509d	0xStack[0xc]	READ	1
0x001150a3	0x001150ec	CONDITIONAL_JUMP	0
0x001150aa	0x00115543	UNCONDITIONAL_JUMP	0
0x001150b0	0xStack[-0x14]	WRITE	0
0x001150b7	0x0011526b	UNCONDITIONAL_JUMP	0
0x001150c1	0xStack[-0x14]	WRITE	0
0x001150c4	0xStack[0x4]	READ	1
0x001150cd	0x0011526b	UNCONDITIONAL_JUMP	0
0x001150d4	0xStack[-0x14]	WRITE	0
0x001150db	0x0011526b	UNCONDITIONAL_JUMP	0
0x001150e0	0xStack[-0x14]	WRITE	0
0x001150e7	0x0011526b	UNCONDITIONAL_JUMP	0
0x001150ec	0xStack[-0x18]	WRITE	0
0x001150f3	0xStack[0x10]	READ	1
0x001150f9	0x00115110	CONDITIONAL_JUMP	0
0x001150fb	0xStack[0x4]	READ	1
0x00115102	0x00115110	CONDITIONAL_JUMP	0
0x0011510b	0x00115110	CONDITIONAL_JUMP	0
0x0011510d	0xStack[-0x18]	READ_WRITE	0
0x00115110	0x001e8758	READ	1
0x0011511b	0xStack[0x14]	READ	0
0x0011511f	0x0011512b	CONDITIONAL_JUMP	0
0x00115121	0xStack[0x14]	READ	1
0x00115128	0xStack[-0x10]	WRITE	0
0x0011512b	0xStack[0x4]	READ	1
0x00115134	0x0011515b	CONDITIONAL_JUMP	0
0x0011513e	0xStack[0x4]	READ	1
0x00115148	0x0010a588	UNCONDITIONAL_CALL	0
0x00115150	0xStack[0x4]	READ	1
0x00115159	0x0011513c	CONDITIONAL_JUMP	0
0x0011515b	0xStack[0x4]	READ	1
0x00115164	0x0018b958	UNCONDITIONAL_CALL	0
0x0011516b	0xStack[0x4]	READ	1
0x00115172	0xStack[-0x20]	WRITE	0
0x00115179	0x001150b0	CONDITIONAL_JUMP	0
0x0011517f	0xStack[0x4]	READ	1
0x00115189	0x001150bc	CONDITIONAL_JUMP	0
0x00115192	0x001151ab	CONDITIONAL_JUMP	0
0x0011519b	0x001150d4	CONDITIONAL_JUMP	0
0x001151a1	0xStack[0x8]	READ	0
0x001151a5	0x001150e0	CONDITIONAL_JUMP	0
0x001151ab	0xStack[0x10]	READ	0
0x001151af	0x001151bc	CONDITIONAL_JUMP	0
0x001151b6	0x001152c0	UNCONDITIONAL_JUMP	0
0x001151bc	0xStack[0x4]	READ	1
0x001151c3	0xStack[0x4]	READ	1
0x001151cc	0xStack[-0x28]	WRITE	0
0x001151de	0xStack[-0x28]	READ	0
0x001151e1	0x001151e6	CONDITIONAL_JUMP	0
0x001151e3	0xStack[-0x28]	READ	1
0x001151e6	0xStack[-0x10]	READ	0
0x001151e9	0x00115238	CONDITIONAL_JUMP	0
0x001151eb	0xStack[0x4]	READ	1
0x001151f5	0x00115204	CONDITIONAL_JUMP	0
0x001151f7	0xStack[-0x10]	READ	1
0x001151fa	0xStack[0xc]	READ	1
0x00115202	0x00115238	CONDITIONAL_JUMP	0
0x00115204	0xStack[0xc]	READ	1
0x0011520e	0x001152c0	CONDITIONAL_JUMP	0
0x0011521a	0x001152c0	CONDITIONAL_JUMP	0
0x00115225	0x001152c0	CONDITIONAL_JUMP	0
0x0011522b	0xStack[-0x20]	READ	1
0x00115232	0x001152c0	CONDITIONAL_JUMP	0
0x00115238	0xStack[0x4]	READ	1
0x0011523f	0x0011527c	CONDITIONAL_JUMP	0
0x00115241	0xStack[-0x1c]	READ	0
0x00115245	0x0011526b	CONDITIONAL_JUMP	0
0x00115247	0x001e8758	READ	1
0x0011524e	0xStack[-0x14]	WRITE	0
0x00115259	0x0011526b	CONDITIONAL_JUMP	0
0x0011525b	0xStack[0xc]	READ	1
0x00115262	0x0011526b	CONDITIONAL_JUMP	0
0x00115264	0xStack[-0x14]	WRITE	0
0x0011526c	0x0018b544	UNCONDITIONAL_CALL	0
0x00115274	0x001154f3	UNCONDITIONAL_JUMP	0
0x0011527c	0xStack[0x4]	READ	1
0x0011528e	0x001152a5	CONDITIONAL_JUMP	0
0x00115296	0xStack[0x4]	READ	1
0x0011529d	0x0010ab38	UNCONDITIONAL_CALL	0
0x001152a5	0xStack[0x4]	READ	1
0x001152ac	0x00116418	UNCONDITIONAL_CALL	0
0x001152b2	0x0018b544	UNCONDITIONAL_CALL	0
0x001152ba	0x0011512b	UNCONDITIONAL_JUMP	0
0x001152c1	0x0018b544	UNCONDITIONAL_CALL	0
0x001152c6	0xStack[-0x8]	DATA	0
0x001152c9	0xStack[-0xc]	WRITE	0
0x001152cc	0xStack[-0x10]	READ	1
0x001152d4	0x0011546b	CONDITIONAL_JUMP	0
0x001152dc	0x0018b970	UNCONDITIONAL_CALL	0
0x001152e3	0x001e93d4	READ	1
0x001152eb	0x0011532c	CONDITIONAL_JUMP	0
0x001152f2	0x00115301	CONDITIONAL_JUMP	0
0x001152f4	0x001db30b	DATA	0
0x001152f9	0x0010ca6c	UNCONDITIONAL_CALL	0
0x00115307	0x001e917c	READ_WRITE	0
0x0011530e	0x001e917e	READ_WRITE	0
0x00115317	0x001e93d4	WRITE	0
0x0011532a	0x0011533a	UNCONDITIONAL_JUMP	0
0x00115330	0x00113f6c	UNCONDITIONAL_CALL	0
0x0011533b	0x0018b544	UNCONDITIONAL_CALL	0
0x00115343	0xStack[0xc]	READ	1
0x0011534d	0x001153f8	CONDITIONAL_JUMP	0
0x00115359	0x001153f8	CONDITIONAL_JUMP	0
0x0011535f	0x0018b970	UNCONDITIONAL_CALL	0
0x00115364	0xStack[-0x2c]	WRITE	0
0x00115367	0x001e91c0	READ	0
0x0011536e	0x0011537e	CONDITIONAL_JUMP	0
0x00115376	0x00113bd0	UNCONDITIONAL_CALL	0
0x0011537e	0x001e91c0	READ	1
0x00115386	0x001153a7	CONDITIONAL_JUMP	0
0x0011538a	0x001e91bc	READ	1
0x00115393	0x001e91d0	DATA	0
0x00115399	0x001e916c	READ_WRITE	0
0x001153a1	0x001e91c0	WRITE	0
0x001153a7	0xStack[-0x2c]	READ	1
0x001153ab	0x0018b544	UNCONDITIONAL_CALL	0
0x001153b5	0x001153cc	CONDITIONAL_JUMP	0
0x001153c8	0x001153d2	UNCONDITIONAL_JUMP	0
0x001153d8	0x001153f8	CONDITIONAL_JUMP	0
0x001153da	0xStack[0xc]	READ	1
0x001153ea	0x001153ee	CONDITIONAL_JUMP	0
0x001153f4	0x0011542c	UNCONDITIONAL_JUMP	0
0x001153f8	0xStack[0xc]	READ	1
0x00115401	0x0011540c	CONDITIONAL_JUMP	0
0x00115405	0x00115411	CONDITIONAL_JUMP	0
0x00115407	0x00115428	UNCONDITIONAL_JUMP	0
0x0011540f	0x00115428	CONDITIONAL_JUMP	0
0x00115411	0xStack[0xc]	READ	1
0x0011541f	0x0011542a	CONDITIONAL_JUMP	0
0x00115423	0x0011542a	UNCONDITIONAL_JUMP	0
0x0011542c	0xStack[0xc]	READ	1
0x00115439	0x0010a384	UNCONDITIONAL_CALL	0
0x0011543e	0xStack[-0x14]	WRITE	0
0x00115445	0xStack[-0xc]	READ	1
0x00115448	0xStack[-0x8]	DATA	0
0x0011544d	0xStack[-0x14]	READ	0
0x00115451	0x001154f3	CONDITIONAL_JUMP	0
0x00115457	0xStack[-0xc]	WRITE	0
0x0011545a	0xStack[0xc]	READ	1
0x00115461	0x0011546b	CONDITIONAL_JUMP	0
0x00115465	0x001152dc	CONDITIONAL_JUMP	0
0x0011546b	0xStack[-0x18]	READ	0
0x0011546f	0x00115478	CONDITIONAL_JUMP	0
0x00115471	0xStack[0x4]	READ	1
0x00115478	0x0018b958	UNCONDITIONAL_CALL	0
0x0011547f	0xStack[0x4]	READ	1
0x00115485	0xStack[0x14]	READ	1
0x00115489	0xStack[0x8]	READ	1
0x0011548d	0xStack[-0x8]	READ	1
0x00115496	0xStack[0x10]	READ	0
0x0011549a	0x001154a1	CONDITIONAL_JUMP	0
0x001154a2	0xStack[0x4]	READ	1
0x001154ab	0xStack[-0x14]	WRITE	0
0x001154af	0x0018b544	UNCONDITIONAL_CALL	0
0x001154b7	0xStack[-0x18]	READ	0
0x001154bb	0x001154c4	CONDITIONAL_JUMP	0
0x001154bd	0xStack[0x4]	READ	1
0x001154c4	0xStack[0x14]	WRITE	0
0x001154cb	0xStack[-0x10]	WRITE	0
0x001154d2	0xStack[-0x8]	WRITE	0
0x001154d9	0xStack[-0x1c]	WRITE	0
0x001154e0	0xStack[-0x14]	READ	0
0x001154e4	0x001154f3	CONDITIONAL_JUMP	0
0x001154e6	0xStack[0xc]	READ	1
0x001154ed	0x00115164	CONDITIONAL_JUMP	0
0x001154f3	0xStack[0x4]	READ	1
0x00115505	0x0011551c	CONDITIONAL_JUMP	0
0x0011550d	0xStack[0x4]	READ	1
0x00115514	0x0010ab38	UNCONDITIONAL_CALL	0
0x0011551c	0xStack[-0x8]	READ	1
0x00115521	0x0011552c	CONDITIONAL_JUMP	0
0x00115524	0x001140e0	UNCONDITIONAL_CALL	0
0x0011552c	0xStack[-0x14]	READ	0
0x00115530	0x00115540	CONDITIONAL_JUMP	0
0x0011553b	0x00156aac	UNCONDITIONAL_CALL	0
0x00115540	0xStack[-0x14]	READ	1
0x00115543	0xStack[-0x38]	DATA	0
0x00115559	0xStack[0x4]	READ	1
0x0011555c	0xStack[0x8]	READ	1
0x0011555f	0xStack[-0x8]	WRITE	0
0x00115569	0xStack[-0x14]	WRITE	0
0x0011556c	0xStack[0x14]	READ	0
0x00115570	0x0011557b	CONDITIONAL_JUMP	0
0x00115572	0xStack[0x14]	READ	1
0x0011557d	0x00115585	CONDITIONAL_JUMP	0
0x00115585	0xStack[0x10]	READ	1
0x0011558b	0x00115614	CONDITIONAL_JUMP	0
0x00115595	0x00113dc0	UNCONDITIONAL_CALL	0
0x0011559e	0xStack[0x10]	READ	1
0x001155a9	0xStack[-0x14]	READ	1
0x001155b1	0xStack[-0x8]	WRITE	0
0x001155b9	0x001155ff	CONDITIONAL_JUMP	0
0x001155bc	0xStack[0xc]	READ	1
0x001155c8	0x001155cc	CONDITIONAL_JUMP	0
0x001155cc	0xStack[0xc]	READ	1
0x001155d9	0x0010a384	UNCONDITIONAL_CALL	0
0x001155de	0xStack[-0x8]	WRITE	0
0x001155e2	0x00113ed0	UNCONDITIONAL_CALL	0
0x001155ec	0xStack[0xc]	READ	1
0x001155f3	0x001155ff	CONDITIONAL_JUMP	0
0x001155f5	0xStack[-0x8]	READ	0
0x001155f9	0x001155ff	CONDITIONAL_JUMP	0
0x001155fd	0x001155bc	CONDITIONAL_JUMP	0
0x00115601	0x00115609	CONDITIONAL_JUMP	0
0x00115604	0x001140e0	UNCONDITIONAL_CALL	0
0x00115609	0xStack[-0x8]	READ	1
0x0011560c	0x00115bff	UNCONDITIONAL_JUMP	0
0x0011561a	0x00115639	CONDITIONAL_JUMP	0
0x00115629	0x0010a588	UNCONDITIONAL_CALL	0
0x00115637	0x00115620	CONDITIONAL_JUMP	0
0x0011563d	0x0018b958	UNCONDITIONAL_CALL	0
0x00115642	0xStack[-0xc]	WRITE	0
0x0011564a	0x00115718	CONDITIONAL_JUMP	0
0x00115657	0x0011566c	CONDITIONAL_JUMP	0
0x0011565e	0xStack[-0x8]	WRITE	0
0x00115667	0x00115bd0	UNCONDITIONAL_JUMP	0
0x00115672	0x00115bd0	CONDITIONAL_JUMP	0
0x0011567a	0x00115694	CONDITIONAL_JUMP	0
0x00115683	0x00115694	CONDITIONAL_JUMP	0
0x00115685	0xStack[-0x8]	WRITE	0
0x0011568c	0x00115bd0	UNCONDITIONAL_JUMP	0
0x00115694	0xStack[0xc]	READ	1
0x0011569b	0x00115bd0	CONDITIONAL_JUMP	0
0x001156a5	0x001156d8	CONDITIONAL_JUMP	0
0x001156a7	0x001e8758	READ	1
0x001156ae	0xStack[-0x8]	WRITE	0
0x001156b9	0x00115bd0	CONDITIONAL_JUMP	0
0x001156c3	0x00115bd0	CONDITIONAL_JUMP	0
0x001156c9	0xStack[-0x8]	WRITE	0
0x001156d0	0x00115bd0	UNCONDITIONAL_JUMP	0
0x001156e7	0x001156fb	CONDITIONAL_JUMP	0
0x001156f3	0x0010ab38	UNCONDITIONAL_CALL	0
0x001156ff	0x00116418	UNCONDITIONAL_CALL	0
0x00115704	0xStack[-0xc]	READ	1
0x00115708	0x0018b544	UNCONDITIONAL_CALL	0
0x00115710	0x00115614	UNCONDITIONAL_JUMP	0
0x00115718	0x001e8758	READ	1
0x00115728	0x00115737	CONDITIONAL_JUMP	0
0x0011572a	0x001db310	DATA	0
0x0011572f	0x0010ca6c	UNCONDITIONAL_CALL	0
0x0011573a	0xStack[-0x18]	WRITE	0
0x0011573d	0xStack[-0x14]	READ	1
0x00115744	0x0011585e	CONDITIONAL_JUMP	0
0x0011574f	0x0011575e	CONDITIONAL_JUMP	0
0x00115751	0x001db31a	DATA	0
0x00115756	0x0010ca6c	UNCONDITIONAL_CALL	0
0x0011575e	0xStack[0x10]	READ	1
0x00115764	0x00115784	CONDITIONAL_JUMP	0
0x00115768	0x0011577c	CONDITIONAL_JUMP	0
0x00115772	0x001141a4	UNCONDITIONAL_CALL	0
0x0011577e	0x0011585e	UNCONDITIONAL_JUMP	0
0x0011579e	0x001157a8	CONDITIONAL_JUMP	0
0x001157aa	0x001157c0	CONDITIONAL_JUMP	0
0x001157bb	0x00115850	UNCONDITIONAL_JUMP	0
0x001157c0	0x0018b970	UNCONDITIONAL_CALL	0
0x001157cc	0x001157db	CONDITIONAL_JUMP	0
0x001157ce	0x001db325	DATA	0
0x001157d3	0x0010ca6c	UNCONDITIONAL_CALL	0
0x001157df	0x001e917c	DATA	0
0x001157e7	0x001e917c	READ_WRITE	0
0x001157f8	0x00115803	CONDITIONAL_JUMP	0
0x001157fb	0x00114a48	UNCONDITIONAL_CALL	0
0x00115808	0x001e93d4	READ	1
0x0011581e	0x001e93d4	WRITE	0
0x00115825	0x0018b544	UNCONDITIONAL_CALL	0
0x0011582d	0x001e9154	READ	0
0x00115834	0x0011584d	CONDITIONAL_JUMP	0
0x00115836	0x001e9154	WRITE	0
0x00115840	0x001e93d4	DATA	0
0x00115845	0x0010ab38	UNCONDITIONAL_CALL	0
0x00115852	0x0011598e	CONDITIONAL_JUMP	0
0x00115858	0xStack[-0x18]	READ	1
0x00115860	0x0011598e	CONDITIONAL_JUMP	0
0x0011586b	0x0011598e	CONDITIONAL_JUMP	0
0x00115871	0xStack[-0x14]	READ	1
0x00115878	0x00115887	CONDITIONAL_JUMP	0
0x0011587a	0x001db32b	DATA	0
0x0011587f	0x0010ca6c	UNCONDITIONAL_CALL	0
0x00115887	0xStack[0x10]	READ	1
0x0011588d	0x001158b4	CONDITIONAL_JUMP	0
0x0011588f	0xStack[0x14]	READ	0
0x00115893	0x001158aa	CONDITIONAL_JUMP	0
0x0011589d	0x001141a4	UNCONDITIONAL_CALL	0
0x001158a2	0xStack[0x14]	READ	1
0x001158ac	0x0011598e	UNCONDITIONAL_JUMP	0
0x001158ce	0x001158d8	CONDITIONAL_JUMP	0
0x001158d8	0xStack[0x14]	READ	0
0x001158dc	0x001158f4	CONDITIONAL_JUMP	0
0x001158de	0xStack[0x14]	READ	1
0x001158ee	0x00115981	UNCONDITIONAL_JUMP	0
0x001158f4	0x0018b970	UNCONDITIONAL_CALL	0
0x00115900	0x0011590f	CONDITIONAL_JUMP	0
0x00115902	0x001db335	DATA	0
0x00115907	0x0010ca6c	UNCONDITIONAL_CALL	0
0x00115913	0x001e917c	DATA	0
0x0011591b	0x001e917c	READ_WRITE	0
0x0011592c	0x00115937	CONDITIONAL_JUMP	0
0x0011592f	0x00114a48	UNCONDITIONAL_CALL	0
0x0011593c	0x001e93d4	READ	1
0x00115952	0x001e93d4	WRITE	0
0x00115959	0x0018b544	UNCONDITIONAL_CALL	0
0x00115961	0x001e9154	READ	0
0x00115968	0x00115981	CONDITIONAL_JUMP	0
0x0011596a	0x001e9154	WRITE	0
0x00115974	0x001e93d4	DATA	0
0x00115979	0x0010ab38	UNCONDITIONAL_CALL	0
0x00115986	0x0011598e	CONDITIONAL_JUMP	0
0x00115988	0xStack[-0x18]	READ	1
0x0011598e	0xStack[-0x1c]	WRITE	0
0x00115995	0xStack[-0x10]	WRITE	0
0x0011599c	0x00115b43	UNCONDITIONAL_JUMP	0
0x001159ae	0x001159bd	CONDITIONAL_JUMP	0
0x001159b0	0x001db33b	DATA	0
0x001159b5	0x0010ca6c	UNCONDITIONAL_CALL	0
0x001159bd	0xStack[0xc]	READ	1
0x001159ce	0x001159de	CONDITIONAL_JUMP	0
0x001159d5	0xStack[-0x10]	READ	1
0x001159da	0x001159de	CONDITIONAL_JUMP	0
0x001159e2	0xStack[-0x1c]	READ	1
0x001159e7	0x001159eb	CONDITIONAL_JUMP	0
0x001159eb	0xStack[-0xc]	READ	1
0x001159ef	0x0018b544	UNCONDITIONAL_CALL	0
0x001159f4	0xStack[0xc]	READ	1
0x00115a00	0xStack[-0x1c]	READ	1
0x00115a04	0x0010a384	UNCONDITIONAL_CALL	0
0x00115a09	0xStack[-0x8]	WRITE	0
0x00115a0c	0x0018b958	UNCONDITIONAL_CALL	0
0x00115a11	0xStack[-0xc]	WRITE	0
0x00115a1b	0xStack[-0x1c]	READ	1
0x00115a23	0x00115b08	CONDITIONAL_JUMP	0
0x00115a29	0xStack[0x10]	READ	0
0x00115a2d	0x00115a40	CONDITIONAL_JUMP	0
0x00115a31	0xStack[-0x1c]	WRITE	0
0x00115a38	0x00115b1f	UNCONDITIONAL_JUMP	0
0x00115a43	0xStack[-0x18]	WRITE	0
0x00115a5c	0x00115a66	CONDITIONAL_JUMP	0
0x00115a66	0x0018b970	UNCONDITIONAL_CALL	0
0x00115a6b	0xStack[-0x20]	WRITE	0
0x00115a73	0x00115a82	CONDITIONAL_JUMP	0
0x00115a75	0x001db345	DATA	0
0x00115a7a	0x0010ca6c	UNCONDITIONAL_CALL	0
0x00115a86	0x001e917c	DATA	0
0x00115a8e	0x001e917c	READ_WRITE	0
0x00115a9f	0x00115aaa	CONDITIONAL_JUMP	0
0x00115aa2	0x00114a48	UNCONDITIONAL_CALL	0
0x00115aaf	0x001e93d4	READ	1
0x00115ac5	0x001e93d4	WRITE	0
0x00115acb	0xStack[-0x20]	READ	1
0x00115acf	0x0018b544	UNCONDITIONAL_CALL	0
0x00115ad7	0x001e9154	READ	0
0x00115ade	0x00115af7	CONDITIONAL_JUMP	0
0x00115ae0	0x001e9154	WRITE	0
0x00115aea	0x001e93d4	DATA	0
0x00115aef	0x0010ab38	UNCONDITIONAL_CALL	0
0x00115afc	0x00115b1f	CONDITIONAL_JUMP	0
0x00115afe	0xStack[-0x18]	READ	1
0x00115b04	0x00115b1f	UNCONDITIONAL_JUMP	0
0x00115b08	0xStack[0x10]	READ	0
0x00115b0c	0x00115b14	CONDITIONAL_JUMP	0
0x00115b0e	0xStack[-0x1c]	READ_WRITE	0
0x00115b11	0x00115b1f	UNCONDITIONAL_JUMP	0
0x00115b26	0x00115b43	CONDITIONAL_JUMP	0
0x00115b28	0xStack[0x10]	READ	0
0x00115b2c	0x00115b40	CONDITIONAL_JUMP	0
0x00115b35	0x00115b43	CONDITIONAL_JUMP	0
0x00115b3b	0x00115b5a	UNCONDITIONAL_JUMP	0
0x00115b40	0xStack[-0x10]	READ_WRITE	0
0x00115b45	0x00115b5a	CONDITIONAL_JUMP	0
0x00115b47	0xStack[0xc]	READ	1
0x00115b4e	0x00115b5a	CONDITIONAL_JUMP	0
0x00115b50	0xStack[-0x8]	READ	0
0x00115b54	0x001159a4	CONDITIONAL_JUMP	0
0x00115b5a	0xStack[0x10]	READ	1
0x00115b60	0x00115bd0	CONDITIONAL_JUMP	0
0x00115b64	0x00115b70	CONDITIONAL_JUMP	0
0x00115b66	0xStack[-0x18]	READ	1
0x00115b6c	0x00115b85	UNCONDITIONAL_JUMP	0
0x00115b70	0xStack[-0x14]	READ	1
0x00115b77	0x00115b85	CONDITIONAL_JUMP	0
0x00115b7d	0x00116ccc	UNCONDITIONAL_CALL	0
0x00115b85	0xStack[-0x14]	READ	1
0x00115b8c	0x00115ba5	CONDITIONAL_JUMP	0
0x00115b92	0x00115ba5	CONDITIONAL_JUMP	0
0x00115ba5	0xStack[-0x8]	READ	0
0x00115ba9	0x00115bd0	CONDITIONAL_JUMP	0
0x00115bab	0xStack[0x14]	READ	0
0x00115baf	0x00115bd0	CONDITIONAL_JUMP	0
0x00115bb1	0xStack[0x14]	READ	1
0x00115bb8	0x00115bd0	CONDITIONAL_JUMP	0
0x00115bba	0xStack[-0x14]	READ	1
0x00115bc5	0x00115bd0	CONDITIONAL_JUMP	0
0x00115bca	0xStack[-0x8]	WRITE	0
0x00115bdf	0x00115bf3	CONDITIONAL_JUMP	0
0x00115beb	0x0010ab38	UNCONDITIONAL_CALL	0
0x00115bf3	0xStack[-0xc]	READ	1
0x00115bf7	0x0018b544	UNCONDITIONAL_CALL	0
0x00115bfc	0xStack[-0x8]	READ	1
0x00115bff	0xStack[-0x2c]	DATA	0
0x00115c12	0xStack[0x4]	READ	1
0x00115c18	0xStack[0x8]	READ	1
0x00115c1f	0x00115c2a	CONDITIONAL_JUMP	0
0x00115c22	0x00115c4c	UNCONDITIONAL_CALL	0
0x00115c2d	0x00115c40	CONDITIONAL_JUMP	0
0x00115c3d	0x00115c42	UNCONDITIONAL_JUMP	0
0x00115c42	0xStack[-0x10]	DATA	0
0x00115c55	0xStack[0x4]	READ	1
0x00115c5e	0xStack[-0x20]	WRITE	0
0x00115c65	0x00115c87	CONDITIONAL_JUMP	0
0x00115c73	0xStack[-0x24]	WRITE	0
0x00115c76	0x0010a588	UNCONDITIONAL_CALL	0
0x00115c7e	0xStack[-0x24]	READ	1
0x00115c85	0x00115c6c	CONDITIONAL_JUMP	0
0x00115c8b	0xStack[-0x24]	WRITE	0
0x00115c8e	0x0018b970	UNCONDITIONAL_CALL	0
0x00115c96	0x001163e0	UNCONDITIONAL_CALL	0
0x00115c9e	0xStack[-0x24]	READ	1
0x00115cb2	0x00115ccc	CONDITIONAL_JUMP	0
0x00115cbe	0xStack[-0x24]	WRITE	0
0x00115cc1	0x0010ab38	UNCONDITIONAL_CALL	0
0x00115cc9	0xStack[-0x24]	READ	1
0x00115ccc	0xStack[-0x1c]	DATA	0
0x00115cde	0x00101600	UNCONDITIONAL_CALL	0
0x00115ce4	0x0018b544	UNCONDITIONAL_CALL	0
0x00115cec	0xStack[-0x20]	READ	1
0x00115cf3	0x00115d08	CONDITIONAL_JUMP	0
0x00115cfd	0x00115d08	CONDITIONAL_JUMP	0
0x00115cff	0xStack[-0x10]	READ	1
0x00115d08	0xStack[-0x1c]	DATA	0
0x00115d0c	0x001165cc	UNCONDITIONAL_CALL	0
0x00115d11	0xStack[-0x30]	DATA	0
0x00115d22	0xStack[0x4]	READ	1
0x00115d25	0xStack[0xc]	READ	1
0x00115d2a	0xStack[0x10]	READ	1
0x00115d2d	0xStack[0x8]	READ	0
0x00115d34	0x00115d60	CONDITIONAL_JUMP	0
0x00115d3b	0x00115eb8	CONDITIONAL_JUMP	0
0x00115d46	0x00115eb8	CONDITIONAL_JUMP	0
0x00115d4c	0xStack[0x10]	DATA	0
0x00115d51	0xStack[0x8]	READ	1
0x00115d5a	0x00115ec9	UNCONDITIONAL_JUMP	0
0x00115d63	0x00115dd7	CONDITIONAL_JUMP	0
0x00115d65	0x00115d88	CONDITIONAL_JUMP	0
0x00115d6a	0x00115dd7	CONDITIONAL_JUMP	0
0x00115d6c	0x00115d78	CONDITIONAL_JUMP	0
0x00115d71	0x00115dd7	CONDITIONAL_JUMP	0
0x00115d73	0x00115eb8	UNCONDITIONAL_JUMP	0
0x00115d7b	0x00115dd7	CONDITIONAL_JUMP	0
0x00115d80	0x00115dd7	CONDITIONAL_JUMP	0
0x00115d82	0x00115eb8	UNCONDITIONAL_JUMP	0
0x00115d8e	0x00115dd7	CONDITIONAL_JUMP	0
0x00115d90	0x00115da4	CONDITIONAL_JUMP	0
0x00115d95	0x00115dd7	CONDITIONAL_JUMP	0
0x00115d9d	0x00115dc0	CONDITIONAL_JUMP	0
0x00115d9f	0x00115eb8	UNCONDITIONAL_JUMP	0
0x00115daa	0x00115eb8	CONDITIONAL_JUMP	0
0x00115db6	0x00115eb8	CONDITIONAL_JUMP	0
0x00115dbc	0x00115e04	UNCONDITIONAL_JUMP	0
0x00115dc2	0x00115e0f	CONDITIONAL_JUMP	0
0x00115dc9	0x00115e0f	CONDITIONAL_JUMP	0
0x00115dd9	0x00115e0f	CONDITIONAL_JUMP	0
0x00115de0	0x00115e0f	CONDITIONAL_JUMP	0
0x00115de9	0x00115df4	CONDITIONAL_JUMP	0
0x00115def	0x00115ebd	UNCONDITIONAL_JUMP	0
0x00115dfd	0x00115ebd	UNCONDITIONAL_JUMP	0
0x00115e06	0x00115e0f	CONDITIONAL_JUMP	0
0x00115e0d	0x00115e1c	CONDITIONAL_JUMP	0
0x00115e14	0x00115ebd	UNCONDITIONAL_JUMP	0
0x00115e25	0x00115ebd	CONDITIONAL_JUMP	0
0x00115e2b	0x00115e4c	COMPUTED_JUMP	-1
0x00115e2b	0x00115e78	COMPUTED_JUMP	-1
0x00115e2b	0x00115e88	COMPUTED_JUMP	-1
0x00115e2b	0x00115e98	COMPUTED_JUMP	-1
0x00115e2b	0x00115ea8	COMPUTED_JUMP	-1
0x00115e2b	0x00115e34	DATA	0
0x00115e34	0x00115e4c	DATA	0
0x00115e38	0x00115e4c	DATA	0
0x00115e3c	0x00115e78	DATA	0
0x00115e40	0x00115e88	DATA	0
0x00115e44	0x00115e98	DATA	0
0x00115e48	0x00115ea8	DATA	0
0x00115e59	0x00115e60	CONDITIONAL_JUMP	0
0x00115e5e	0x00115e63	UNCONDITIONAL_JUMP	0
0x00115e64	0x00116594	UNCONDITIONAL_CALL	0
0x00115e6e	0x00115ebd	CONDITIONAL_JUMP	0
0x00115e75	0x00115ebd	UNCONDITIONAL_JUMP	0
0x00115e83	0x00115ebd	UNCONDITIONAL_JUMP	0
0x00115e93	0x00115ebd	UNCONDITIONAL_JUMP	0
0x00115ea3	0x00115ebd	UNCONDITIONAL_JUMP	0
0x00115eb3	0x00115ebd	UNCONDITIONAL_JUMP	0
0x00115ebf	0x00115ec7	CONDITIONAL_JUMP	0
0x00115ec2	0x00113ed0	UNCONDITIONAL_CALL	0
0x00115ec9	0xStack[-0x10]	DATA	0
0x00115eda	0xStack[0x4]	READ	1
0x00115edd	0xStack[0x8]	READ	1
0x00115ee0	0xStack[0xc]	READ	1
0x00115ee3	0xStack[0x10]	READ	1
0x00115eec	0x00115f18	CONDITIONAL_JUMP	0
0x00115ef3	0x00115f0c	CONDITIONAL_JUMP	0
0x00115efa	0x00115f0c	CONDITIONAL_JUMP	0
0x00115f04	0x001160ac	UNCONDITIONAL_JUMP	0
0x00115f11	0x001160ac	UNCONDITIONAL_JUMP	0
0x00115f1c	0x00113dc0	UNCONDITIONAL_CALL	0
0x00115f32	0x00116020	CONDITIONAL_JUMP	0
0x00115f38	0x00115f9c	CONDITIONAL_JUMP	0
0x00115f3d	0x00116020	CONDITIONAL_JUMP	0
0x00115f43	0x00115f70	CONDITIONAL_JUMP	0
0x00115f48	0x00116020	CONDITIONAL_JUMP	0
0x00115f4e	0x00115f60	CONDITIONAL_JUMP	0
0x00115f53	0x00116020	CONDITIONAL_JUMP	0
0x00115f59	0x00116098	UNCONDITIONAL_JUMP	0
0x00115f63	0x00116020	CONDITIONAL_JUMP	0
0x00115f69	0x00116098	UNCONDITIONAL_JUMP	0
0x00115f73	0x00116020	CONDITIONAL_JUMP	0
0x00115f79	0x00115f8c	CONDITIONAL_JUMP	0
0x00115f7e	0x00116020	CONDITIONAL_JUMP	0
0x00115f84	0x00116098	UNCONDITIONAL_JUMP	0
0x00115f92	0x00115ff8	CONDITIONAL_JUMP	0
0x00115f94	0x00116098	UNCONDITIONAL_JUMP	0
0x00115fa2	0x00116074	CONDITIONAL_JUMP	0
0x00115fa8	0x00115fd0	CONDITIONAL_JUMP	0
0x00115fb0	0x0011605c	CONDITIONAL_JUMP	0
0x00115fb6	0x00116068	CONDITIONAL_JUMP	0
0x00115fc2	0x00116050	CONDITIONAL_JUMP	0
0x00115fc8	0x00116098	UNCONDITIONAL_JUMP	0
0x00115fd6	0x0011608c	CONDITIONAL_JUMP	0
0x00115fdc	0x00116080	CONDITIONAL_JUMP	0
0x00115fe8	0x0011603c	CONDITIONAL_JUMP	0
0x00115ff0	0x00116030	CONDITIONAL_JUMP	0
0x00115ff2	0x00116098	UNCONDITIONAL_JUMP	0
0x00116018	0x001160a8	UNCONDITIONAL_JUMP	0
0x0011602c	0x001160a8	UNCONDITIONAL_JUMP	0
0x00116039	0x001160a8	UNCONDITIONAL_JUMP	0
0x0011604c	0x001160a8	UNCONDITIONAL_JUMP	0
0x0011605a	0x001160a8	UNCONDITIONAL_JUMP	0
0x00116066	0x001160a8	UNCONDITIONAL_JUMP	0
0x00116072	0x001160a8	UNCONDITIONAL_JUMP	0
0x0011607e	0x001160a8	UNCONDITIONAL_JUMP	0
0x0011608a	0x001160a8	UNCONDITIONAL_JUMP	0
0x00116096	0x001160a8	UNCONDITIONAL_JUMP	0
0x00116099	0x00113ed0	UNCONDITIONAL_CALL	0
0x001160a3	0x001160ac	UNCONDITIONAL_JUMP	0
0x001160ac	0xStack[-0x10]	DATA	0
0x001160bc	0xStack[0x4]	READ	1
0x001160c6	0x001160d8	CONDITIONAL_JUMP	0
0x001160ce	0x001097f8	UNCONDITIONAL_CALL	0
0x001160d3	0x001160f3	UNCONDITIONAL_JUMP	0
0x001160db	0x001160f6	CONDITIONAL_JUMP	0
0x001160df	0x00107374	UNCONDITIONAL_CALL	0
0x001160e9	0x001160f6	CONDITIONAL_JUMP	0
0x001160ee	0x00109870	UNCONDITIONAL_CALL	0
0x001160fb	0x00116117	CONDITIONAL_JUMP	0
0x00116105	0x0010d7e4	UNCONDITIONAL_CALL	0
0x0011610e	0x0010d7b0	UNCONDITIONAL_CALL	0
0x00116117	0xStack[-0x8]	READ	1
0x00116123	0xStack[0x4]	READ	1
0x00116138	0x0010ab38	UNCONDITIONAL_CALL	0
0x00116149	0xStack[0x4]	READ	1
0x00116151	0x0011618e	CONDITIONAL_JUMP	0
0x00116156	0x00116354	UNCONDITIONAL_CALL	0
0x00116160	0x0011616f	CONDITIONAL_JUMP	0
0x00116162	0x001db350	DATA	0
0x00116167	0x0010ca6c	UNCONDITIONAL_CALL	0
0x00116173	0x001162f8	UNCONDITIONAL_CALL	0
0x0011617d	0x0011649c	UNCONDITIONAL_CALL	0
0x00116186	0x0010ab38	UNCONDITIONAL_CALL	0
0x0011619e	0x0010ab38	UNCONDITIONAL_CALL	0
0x001161a8	0x0011649c	UNCONDITIONAL_CALL	0
0x001161b2	0x0011649c	UNCONDITIONAL_CALL	0
0x001161b7	0xStack[-0xc]	DATA	0
0x001161c4	0xStack[0x4]	READ	1
0x001161d7	0x0010ab38	UNCONDITIONAL_CALL	0
0x001161e1	0x0011649c	UNCONDITIONAL_CALL	0
0x001161eb	0x0011649c	UNCONDITIONAL_CALL	0
0x001161f0	0xStack[-0x8]	READ	1
0x001161fc	0xStack[0x4]	READ	1
0x0011620f	0x0010ab38	UNCONDITIONAL_CALL	0
0x00116219	0x0011649c	UNCONDITIONAL_CALL	0
0x00116223	0x0011649c	UNCONDITIONAL_CALL	0
0x00116228	0xStack[-0x8]	READ	1
0x00116236	0xStack[0x4]	READ	1
0x00116255	0x001162ec	CONDITIONAL_JUMP	0
0x0011625f	0x00113e3c	UNCONDITIONAL_CALL	0
0x0011626b	0x001162ec	CONDITIONAL_JUMP	0
0x001162b0	0x001162f8	UNCONDITIONAL_CALL	0
0x001162cb	0x001162e8	CONDITIONAL_JUMP	0
0x001162d1	0x001162de	CONDITIONAL_JUMP	0
0x001162d6	0x00116354	UNCONDITIONAL_CALL	0
0x001162df	0x00113ed0	UNCONDITIONAL_CALL	0
0x001162e4	0x001162ec	UNCONDITIONAL_JUMP	0
0x001162ea	0x001162ee	UNCONDITIONAL_JUMP	0
0x001162ee	0xStack[-0x10]	DATA	0
0x001162fd	0xStack[0x4]	READ	1
0x00116300	0xStack[0x8]	READ	1
0x00116303	0xStack[0xc]	READ	1
0x0011630d	0x0011632c	CONDITIONAL_JUMP	0
0x00116316	0x00116320	CONDITIONAL_JUMP	0
0x0011631e	0x00116318	CONDITIONAL_JUMP	0
0x00116329	0x00116349	UNCONDITIONAL_JUMP	0
0x00116333	0x00116340	CONDITIONAL_JUMP	0
0x0011633e	0x00116338	CONDITIONAL_JUMP	0
0x00116349	0xStack[-0xc]	DATA	0
0x0011635a	0xStack[0x4]	READ	1
0x0011635d	0xStack[0x8]	READ	1
0x0011636a	0x00116374	CONDITIONAL_JUMP	0
0x0011636f	0x00116377	UNCONDITIONAL_JUMP	0
0x00116379	0x00116384	CONDITIONAL_JUMP	0
0x0011637d	0x00116394	CONDITIONAL_JUMP	0
0x00116381	0x00116368	UNCONDITIONAL_JUMP	0
0x00116386	0x00116398	CONDITIONAL_JUMP	0
0x00116392	0x001163a2	UNCONDITIONAL_JUMP	0
0x00116396	0x001163bc	UNCONDITIONAL_JUMP	0
0x001163bc	0xStack[-0x10]	DATA	0
0x001163cb	0xStack[0x4]	READ	1
0x001163d7	0x0011649c	UNCONDITIONAL_CALL	0
0x001163e3	0xStack[0x4]	READ	1
0x001163ef	0x0011649c	UNCONDITIONAL_CALL	0
0x001163fc	0xStack[0x4]	READ	1
0x00116403	0x0010d740	UNCONDITIONAL_CALL	0
0x0011640a	0x00116410	CONDITIONAL_JUMP	0
0x00116410	0xStack[-0x8]	READ	1
0x0011641b	0xStack[0x4]	READ	1
0x00116425	0x0010a588	UNCONDITIONAL_CALL	0
0x00116435	0xStack[0x4]	READ	1
0x00116438	0x0018b970	UNCONDITIONAL_CALL	0
0x00116444	0x00116463	CONDITIONAL_JUMP	0
0x0011644e	0x0010d7e4	UNCONDITIONAL_CALL	0
0x00116457	0x0010d7b0	UNCONDITIONAL_CALL	0
0x00116464	0x0018b544	UNCONDITIONAL_CALL	0
0x00116472	0x00116492	CONDITIONAL_JUMP	0
0x0011647a	0x001db34c	READ	0
0x00116481	0x0011648c	CONDITIONAL_JUMP	0
0x00116484	0x0010ab60	UNCONDITIONAL_CALL	0
0x00116489	0x00116492	UNCONDITIONAL_JUMP	0
0x0011648d	0x0010ab38	UNCONDITIONAL_CALL	0
0x00116492	0xStack[-0xc]	DATA	0
0x001164a2	0xStack[0x4]	READ	1
0x001164a5	0xStack[0x8]	READ	1
0x001164a8	0x0018b970	UNCONDITIONAL_CALL	0
0x001164b4	0x001164d3	CONDITIONAL_JUMP	0
0x001164be	0x0010d7e4	UNCONDITIONAL_CALL	0
0x001164c7	0x0010d7b0	UNCONDITIONAL_CALL	0
0x001164d4	0x0018b544	UNCONDITIONAL_CALL	0
0x001164e2	0x00116505	CONDITIONAL_JUMP	0
0x001164ea	0x001db34c	READ	0
0x001164f1	0x001164fc	CONDITIONAL_JUMP	0
0x001164f4	0x0010ab60	UNCONDITIONAL_CALL	0
0x001164f9	0x00116502	UNCONDITIONAL_JUMP	0
0x001164fd	0x0010ab38	UNCONDITIONAL_CALL	0
0x00116509	0x0011653f	CONDITIONAL_JUMP	0
0x00116512	0x00116524	CONDITIONAL_JUMP	0
0x0011651a	0x001097f8	UNCONDITIONAL_CALL	0
0x0011651f	0x0011653f	UNCONDITIONAL_JUMP	0
0x00116527	0x0011653f	CONDITIONAL_JUMP	0
0x0011652b	0x00107374	UNCONDITIONAL_CALL	0
0x00116535	0x0011653f	CONDITIONAL_JUMP	0
0x0011653a	0x00109870	UNCONDITIONAL_CALL	0
0x0011653f	0xStack[-0x10]	DATA	0
0x00116551	0xStack[0x4]	READ	1
0x00116554	0xStack[0x8]	READ	1
0x0011655c	0x00116594	UNCONDITIONAL_CALL	0
0x00116566	0x00116586	CONDITIONAL_JUMP	0
0x00116568	0xStack[0xc]	READ	1
0x00116570	0x00116594	UNCONDITIONAL_CALL	0
0x0011657a	0x00116580	CONDITIONAL_JUMP	0
0x0011657e	0x0011658b	UNCONDITIONAL_JUMP	0
0x00116581	0x001165cc	UNCONDITIONAL_CALL	0
0x0011658b	0xStack[-0xc]	DATA	0
0x00116597	0xStack[0x4]	READ	1
0x0011659a	0xStack[0x8]	READ	1
0x001165a2	0x001165ac	CONDITIONAL_JUMP	0
0x001165b7	0x001165be	CONDITIONAL_JUMP	0
0x001165d1	0xStack[0x4]	READ	1
0x001165d5	0x00116a64	UNCONDITIONAL_CALL	0
0x001165e6	0x0018b970	UNCONDITIONAL_CALL	0
0x001165f4	0x00116602	CONDITIONAL_JUMP	0
0x001165fa	0x0010d7b0	UNCONDITIONAL_CALL	0
0x00116603	0x0018b544	UNCONDITIONAL_CALL	0
0x00116608	0xStack[-0xc]	DATA	0
0x00116617	0xStack[0x4]	READ	1
0x0011661a	0xStack[0x8]	READ	1
0x0011661f	0x0011664b	CONDITIONAL_JUMP	0
0x00116626	0x00116643	CONDITIONAL_JUMP	0
0x0011662c	0x0011663e	CONDITIONAL_JUMP	0
0x00116637	0x00116630	CONDITIONAL_JUMP	0
0x00116639	0x0011663e	UNCONDITIONAL_JUMP	0
0x00116641	0x0011663c	CONDITIONAL_JUMP	0
0x00116646	0x00116970	UNCONDITIONAL_CALL	0
0x00116655	0xStack[0x4]	READ	1
0x00116658	0xStack[0x8]	READ	1
0x0011665d	0x001166b7	CONDITIONAL_JUMP	0
0x00116664	0x00116675	CONDITIONAL_JUMP	0
0x0011666a	0x00116675	CONDITIONAL_JUMP	0
0x00116673	0x0011666c	CONDITIONAL_JUMP	0
0x0011668f	0x00116699	CONDITIONAL_JUMP	0
0x0011669b	0x001166a4	CONDITIONAL_JUMP	0
0x001166a0	0x001166a7	UNCONDITIONAL_JUMP	0
0x001166b2	0x00116970	UNCONDITIONAL_CALL	0
0x001166b7	0xStack[-0xc]	DATA	0
0x001166c9	0xStack[0x4]	READ	1
0x001166cc	0xStack[-0xc]	WRITE	0
0x001166d3	0xStack[0xc]	READ	1
0x001166d8	0x001166e9	CONDITIONAL_JUMP	0
0x001166e0	0xStack[-0xc]	READ_WRITE	0
0x001166e7	0x001166dc	CONDITIONAL_JUMP	0
0x001166e9	0xStack[0x10]	READ	0
0x001166ed	0x001166f9	CONDITIONAL_JUMP	0
0x001166ef	0xStack[0x10]	READ	1
0x001166f6	0xStack[-0xc]	READ_WRITE	0
0x00116712	0x00116716	CONDITIONAL_JUMP	0
0x00116716	0xStack[-0xc]	READ	0
0x00116719	0x0011678a	CONDITIONAL_JUMP	0
0x0011671b	0x0018b970	UNCONDITIONAL_CALL	0
0x00116720	0xStack[-0x8]	WRITE	0
0x00116723	0x001e93d4	READ	1
0x0011672b	0x0011676c	CONDITIONAL_JUMP	0
0x00116732	0x00116741	CONDITIONAL_JUMP	0
0x00116734	0x001db35e	DATA	0
0x00116739	0x0010ca6c	UNCONDITIONAL_CALL	0
0x00116747	0x001e917c	READ_WRITE	0
0x0011674e	0x001e918c	READ_WRITE	0
0x00116757	0x001e93d4	WRITE	0
0x0011676a	0x0011677a	UNCONDITIONAL_JUMP	0
0x00116770	0x00113f6c	UNCONDITIONAL_CALL	0
0x0011677a	0xStack[-0x8]	READ	1
0x0011677e	0x0018b544	UNCONDITIONAL_CALL	0
0x00116788	0x00116794	CONDITIONAL_JUMP	0
0x0011678c	0x00116881	UNCONDITIONAL_JUMP	0
0x00116797	0xStack[0x8]	READ	1
0x0011679f	0xStack[0x8]	READ	1
0x001167a9	0xStack[0x8]	READ	1
0x001167b3	0xStack[0x8]	READ	1
0x001167c3	0xStack[0x10]	READ	0
0x001167c7	0x0011681f	CONDITIONAL_JUMP	0
0x001167c9	0xStack[0x10]	READ	1
0x001167d3	0x0011681f	CONDITIONAL_JUMP	0
0x001167da	0x001141a4	UNCONDITIONAL_CALL	0
0x001167e6	0x001167f8	CONDITIONAL_JUMP	0
0x001167e9	0x001140e0	UNCONDITIONAL_CALL	0
0x001167f0	0x00116881	UNCONDITIONAL_JUMP	0
0x00116814	0x0011681f	CONDITIONAL_JUMP	0
0x00116839	0x00116843	CONDITIONAL_JUMP	0
0x00116848	0x00116860	CONDITIONAL_JUMP	0
0x0011684e	0x00116859	CONDITIONAL_JUMP	0
0x00116857	0x00116850	CONDITIONAL_JUMP	0
0x0011685c	0x00116863	UNCONDITIONAL_JUMP	0
0x00116867	0x0011686b	CONDITIONAL_JUMP	0
0x0011686b	0xStack[0xc]	READ	0
0x0011686f	0x0011687c	CONDITIONAL_JUMP	0
0x00116872	0xStack[0xc]	READ	1
0x00116877	0x00116970	UNCONDITIONAL_CALL	0
0x00116881	0xStack[-0x18]	DATA	0
0x00116895	0xStack[0x4]	READ	1
0x0011689a	0xStack[0xc]	READ	0
0x0011689e	0x001168ad	CONDITIONAL_JUMP	0
0x001168a0	0x001db363	DATA	0
0x001168a5	0x0010ca6c	UNCONDITIONAL_CALL	0
0x001168ad	0xStack[0x8]	READ	1
0x001168b2	0x001168c0	CONDITIONAL_JUMP	0
0x001168be	0x001168b4	CONDITIONAL_JUMP	0
0x001168c0	0xStack[0xc]	READ	1
0x001168d3	0xStack[-0x8]	WRITE	0
0x001168e1	0xStack[-0x8]	READ	0
0x001168e4	0x001168e9	CONDITIONAL_JUMP	0
0x001168e6	0xStack[-0x8]	READ	1
0x001168eb	0x00116902	CONDITIONAL_JUMP	0
0x001168f0	0xStack[0xc]	READ	1
0x001168f4	0x001141a4	UNCONDITIONAL_CALL	0
0x00116900	0x00116908	CONDITIONAL_JUMP	0
0x00116904	0x00116965	UNCONDITIONAL_JUMP	0
0x00116922	0x0011692c	CONDITIONAL_JUMP	0
0x00116931	0x0011694c	CONDITIONAL_JUMP	0
0x00116937	0x00116945	CONDITIONAL_JUMP	0
0x00116943	0x0011693c	CONDITIONAL_JUMP	0
0x00116948	0x0011694f	UNCONDITIONAL_JUMP	0
0x0011694f	0xStack[0x8]	READ	0
0x00116953	0x00116960	CONDITIONAL_JUMP	0
0x00116956	0xStack[0x8]	READ	1
0x0011695b	0x00116970	UNCONDITIONAL_CALL	0
0x00116965	0xStack[-0x14]	DATA	0
0x00116979	0xStack[0x8]	READ	1
0x0011697c	0xStack[0xc]	READ	1
0x00116981	0x00116a58	CONDITIONAL_JUMP	0
0x0011698e	0x001169a0	CONDITIONAL_JUMP	0
0x00116991	0x00113ed0	UNCONDITIONAL_CALL	0
0x0011699b	0x0011697f	UNCONDITIONAL_JUMP	0
0x001169a2	0x00116a10	CONDITIONAL_JUMP	0
0x001169a7	0xStack[-0x10]	WRITE	0
0x001169ad	0x00116a10	CONDITIONAL_JUMP	0
0x001169b2	0xStack[-0x8]	WRITE	0
0x001169b8	0x00116a10	CONDITIONAL_JUMP	0
0x001169be	0xStack[-0xc]	WRITE	0
0x001169c1	0xStack[-0x10]	READ	1
0x001169ce	0x00116a10	CONDITIONAL_JUMP	0
0x001169d8	0x00116a10	CONDITIONAL_JUMP	0
0x001169db	0xStack[-0x10]	READ	1
0x001169e3	0xStack[-0x8]	READ	1
0x001169e9	0x001013cc	UNCONDITIONAL_CALL	0
0x001169fa	0xStack[0x4]	READ	1
0x00116a01	0x00113ed0	UNCONDITIONAL_CALL	0
0x00116a0b	0x0011697f	UNCONDITIONAL_JUMP	0
0x00116a14	0xStack[0x4]	READ	1
0x00116a2d	0x00116a37	CONDITIONAL_JUMP	0
0x00116a39	0x00116a40	CONDITIONAL_JUMP	0
0x00116a3d	0x00116a46	UNCONDITIONAL_JUMP	0
0x00116a40	0xStack[0x4]	READ	1
0x00116a50	0x0011697f	UNCONDITIONAL_JUMP	0
0x00116a58	0xStack[-0x1c]	DATA	0
0x00116a68	0xStack[0x4]	READ	1
0x00116a6f	0x00116a8d	CONDITIONAL_JUMP	0
0x00116a71	0x001db372	DATA	0
0x00116a76	0x0010ca6c	UNCONDITIONAL_CALL	0
0x00116a85	0x00116ab8	UNCONDITIONAL_CALL	0
0x00116a92	0x00116a80	CONDITIONAL_JUMP	0
0x00116a98	0x00116aa7	CONDITIONAL_JUMP	0
0x00116a9f	0x00116aa7	CONDITIONAL_JUMP	0
0x00116aa5	0x00116ab1	CONDITIONAL_JUMP	0
0x00116aa7	0x001db37a	DATA	0
0x00116aac	0x0010ca6c	UNCONDITIONAL_CALL	0
0x00116ab1	0xStack[-0x8]	READ	1
0x00116ac1	0xStack[0x4]	READ	1
0x00116ac7	0xStack[-0x8]	WRITE	0
0x00116ad0	0x00116bc2	CONDITIONAL_JUMP	0
0x00116ad9	0xStack[-0x8]	WRITE	0
0x00116adc	0x00116bc2	UNCONDITIONAL_JUMP	0
0x00116ae6	0x00116b00	CONDITIONAL_JUMP	0
0x00116ae8	0xStack[-0x8]	READ	0
0x00116aec	0x00116afb	CONDITIONAL_JUMP	0
0x00116aee	0x001db384	DATA	0
0x00116af3	0x0010ca6c	UNCONDITIONAL_CALL	0
0x00116afb	0xStack[-0x8]	READ	1
0x00116afe	0x00116ad6	UNCONDITIONAL_JUMP	0
0x00116b07	0xStack[0x8]	READ	0
0x00116b0a	0x00116ca4	CONDITIONAL_JUMP	0
0x00116b10	0xStack[0x8]	READ_WRITE	0
0x00116b28	0x00116b32	CONDITIONAL_JUMP	0
0x00116b32	0x0018b970	UNCONDITIONAL_CALL	0
0x00116b37	0xStack[-0xc]	WRITE	0
0x00116b3f	0x00116b4e	CONDITIONAL_JUMP	0
0x00116b41	0x001db38b	DATA	0
0x00116b46	0x0010ca6c	UNCONDITIONAL_CALL	0
0x00116b52	0x001e917c	DATA	0
0x00116b5a	0x001e917c	READ_WRITE	0
0x00116b6b	0x00116b76	CONDITIONAL_JUMP	0
0x00116b6e	0x00114a48	UNCONDITIONAL_CALL	0
0x00116b78	0x001e93d4	READ	1
0x00116b8e	0x001e93d4	WRITE	0
0x00116b94	0xStack[-0xc]	READ	1
0x00116b98	0x0018b544	UNCONDITIONAL_CALL	0
0x00116ba0	0x001e9154	READ	0
0x00116ba7	0x00116bc0	CONDITIONAL_JUMP	0
0x00116ba9	0x001e9154	WRITE	0
0x00116bb3	0x001e93d4	DATA	0
0x00116bb8	0x0010ab38	UNCONDITIONAL_CALL	0
0x00116bc2	0xStack[0x8]	READ	0
0x00116bc6	0x00116ae4	CONDITIONAL_JUMP	0
0x00116bcc	0x00116c83	UNCONDITIONAL_JUMP	0
0x00116be9	0x00116bf3	CONDITIONAL_JUMP	0
0x00116bf3	0x0018b970	UNCONDITIONAL_CALL	0
0x00116bf8	0xStack[-0x10]	WRITE	0
0x00116c00	0x00116c0f	CONDITIONAL_JUMP	0
0x00116c02	0x001db391	DATA	0
0x00116c07	0x0010ca6c	UNCONDITIONAL_CALL	0
0x00116c13	0x001e917c	DATA	0
0x00116c1b	0x001e917c	READ_WRITE	0
0x00116c2c	0x00116c37	CONDITIONAL_JUMP	0
0x00116c2f	0x00114a48	UNCONDITIONAL_CALL	0
0x00116c39	0x001e93d4	READ	1
0x00116c4f	0x001e93d4	WRITE	0
0x00116c55	0xStack[-0x10]	READ	1
0x00116c59	0x0018b544	UNCONDITIONAL_CALL	0
0x00116c61	0x001e9154	READ	0
0x00116c68	0x00116c81	CONDITIONAL_JUMP	0
0x00116c6a	0x001e9154	WRITE	0
0x00116c74	0x001e93d4	DATA	0
0x00116c79	0x0010ab38	UNCONDITIONAL_CALL	0
0x00116c85	0x00116cbc	CONDITIONAL_JUMP	0
0x00116c8e	0x00116bd4	CONDITIONAL_JUMP	0
0x00116c96	0x00116cbc	CONDITIONAL_JUMP	0
0x00116c9b	0xStack[-0x8]	READ	1
0x00116ca1	0x00116cc2	UNCONDITIONAL_JUMP	0
0x00116ca4	0xStack[0x8]	READ	1
0x00116cac	0xStack[0x8]	READ	1
0x00116cb2	0xStack[0x8]	READ	1
0x00116cb9	0x00116c83	UNCONDITIONAL_JUMP	0
0x00116cbc	0xStack[-0x8]	READ	1
0x00116cc2	0xStack[-0x1c]	DATA	0
0x00116cd5	0xStack[0x4]	READ	1
0x00116cdd	0x00116da7	CONDITIONAL_JUMP	0
0x00116d05	0x00116d0f	CONDITIONAL_JUMP	0
0x00116d0f	0x0018b970	UNCONDITIONAL_CALL	0
0x00116d14	0xStack[-0x8]	WRITE	0
0x00116d1c	0x00116d2b	CONDITIONAL_JUMP	0
0x00116d1e	0x001db397	DATA	0
0x00116d23	0x0010ca6c	UNCONDITIONAL_CALL	0
0x00116d2f	0x001e917c	DATA	0
0x00116d37	0x001e917c	READ_WRITE	0
0x00116d48	0x00116d53	CONDITIONAL_JUMP	0
0x00116d4b	0x00114a48	UNCONDITIONAL_CALL	0
0x00116d55	0x001e93d4	READ	1
0x00116d6b	0x001e93d4	WRITE	0
0x00116d71	0xStack[-0x8]	READ	1
0x00116d75	0x0018b544	UNCONDITIONAL_CALL	0
0x00116d7d	0x001e9154	READ	0
0x00116d84	0x00116d9d	CONDITIONAL_JUMP	0
0x00116d86	0x001e9154	WRITE	0
0x00116d90	0x001e93d4	DATA	0
0x00116d95	0x0010ab38	UNCONDITIONAL_CALL	0
0x00116da1	0x00116cec	CONDITIONAL_JUMP	0
0x00116da7	0xStack[-0x14]	DATA	0
0x00116dbd	0x001e875c	READ	1
0x00116dc5	0x00104800	UNCONDITIONAL_CALL	0
0x00116dce	0x00116e4b	CONDITIONAL_JUMP	0
0x00116ddd	0x001dacdc	DATA	1
0x00116dec	0xStack[-0x8]	DATA	0
0x00116df3	0x00114bd4	UNCONDITIONAL_CALL	0
0x00116dfa	0x001e875c	READ	1
0x00116e02	0x001e875c	READ	1
0x00116e0c	0x00116e30	CONDITIONAL_JUMP	0
0x00116e0e	0xStack[-0x8]	READ	1
0x00116e14	0x001e8758	READ	1
0x00116e1a	0x001e875c	READ	1
0x00116e2b	0x00116e4b	UNCONDITIONAL_JUMP	0
0x00116e30	0x001e8758	READ	1
0x00116e4b	0xStack[-0x14]	DATA	0
0x00116e60	0x001e875c	READ	1
0x00116e6b	0x001180e8	UNCONDITIONAL_CALL	0
0x00116e77	0x00116ec4	CONDITIONAL_JUMP	0
0x00116e83	0xStack[-0x8]	DATA	0
0x00116e87	0x0011807c	UNCONDITIONAL_CALL	0
0x00116e8e	0x001e875c	READ	1
0x00116e96	0x001e875c	READ	1
0x00116ea2	0x00116ec4	CONDITIONAL_JUMP	0
0x00116ea4	0xStack[-0x8]	READ	1
0x00116eac	0x00114c94	UNCONDITIONAL_CALL	0
0x00116eb3	0x001e875c	READ	1
0x00116ebb	0xStack[-0x8]	READ	1
0x00116ebf	0x001140e0	UNCONDITIONAL_CALL	0
0x00116ec4	0xStack[-0x10]	DATA	0
0x00116ed4	0x001e875c	READ	1
0x00116edf	0x001180e8	UNCONDITIONAL_CALL	0
0x00116ee9	0x00116f02	CONDITIONAL_JUMP	0
0x00116ef3	0x00114ccc	UNCONDITIONAL_CALL	0
0x00116efa	0x001e875c	READ	1
0x00116f02	0xStack[-0x8]	READ	1
0x00116f15	0x001e875c	READ	1
0x00116f21	0x00116f74	CONDITIONAL_JUMP	0
0x00116f25	0xStack[-0x8]	DATA	0
0x00116f2d	0x00189a5c	UNCONDITIONAL_CALL	0
0x00116f34	0x001e875c	READ	1
0x00116f3c	0x001e875c	READ	1
0x00116f48	0x001170f0	CONDITIONAL_JUMP	0
0x00116f50	0xStack[-0x8]	READ	1
0x00116f58	0x0017bd28	UNCONDITIONAL_CALL	0
0x00116f62	0x00116f74	CONDITIONAL_JUMP	0
0x00116f64	0x001e875c	READ	1
0x00116f6d	0x001170f0	UNCONDITIONAL_JUMP	0
0x00116f77	0x001180e8	UNCONDITIONAL_CALL	0
0x00116f83	0x001170f0	CONDITIONAL_JUMP	0
0x00116f89	0x0018b958	UNCONDITIONAL_CALL	0
0x00116f8e	0xStack[-0xc]	WRITE	0
0x00116f98	0x00116fa8	CONDITIONAL_JUMP	0
0x00116f9a	0x001e875c	READ	1
0x00116fa3	0x001170e7	UNCONDITIONAL_JUMP	0
0x00116fac	0x00116fcc	CONDITIONAL_JUMP	0
0x00116fb3	0x00116fff	CONDITIONAL_JUMP	0
0x00116fb5	0x001e875c	READ	1
0x00116fbe	0x001170e7	UNCONDITIONAL_JUMP	0
0x00116fca	0x00116fff	UNCONDITIONAL_JUMP	0
0x00116fd1	0x00116fff	CONDITIONAL_JUMP	0
0x00116fd8	0x00117006	CONDITIONAL_JUMP	0
0x00116fe4	0x00116fc4	CONDITIONAL_JUMP	0
0x00116fe9	0x0010a588	UNCONDITIONAL_CALL	0
0x00116ff6	0x00116fff	CONDITIONAL_JUMP	0
0x00116ffd	0x00116fe0	CONDITIONAL_JUMP	0
0x00117004	0x0011701c	CONDITIONAL_JUMP	0
0x00117006	0x001e875c	READ	1
0x00117017	0x001170e7	UNCONDITIONAL_JUMP	0
0x0011701c	0x00104800	UNCONDITIONAL_CALL	0
0x00117025	0x00117048	CONDITIONAL_JUMP	0
0x00117027	0x001e875c	READ	1
0x0011702f	0x001e8758	READ	1
0x00117042	0x001170e7	UNCONDITIONAL_JUMP	0
0x0011704e	0x00116354	UNCONDITIONAL_CALL	0
0x00117058	0x00117067	CONDITIONAL_JUMP	0
0x0011705a	0x001db39d	DATA	0
0x0011705f	0x0010ca6c	UNCONDITIONAL_CALL	0
0x00117074	0x001dacdc	DATA	1
0x0011707e	0x001e8758	READ	1
0x00117084	0x001e875c	READ	1
0x00117099	0x00113dc0	UNCONDITIONAL_CALL	0
0x001170a2	0x00114f20	UNCONDITIONAL_CALL	0
0x001170ae	0x001170e1	CONDITIONAL_JUMP	0
0x001170b4	0xStack[-0x8]	READ	0
0x001170b7	0x001170bc	CONDITIONAL_JUMP	0
0x001170b9	0xStack[-0x8]	WRITE	0
0x001170bc	0xStack[-0x8]	READ	1
0x001170ca	0x00189cec	UNCONDITIONAL_CALL	0
0x001170d5	0xStack[-0x8]	DATA	0
0x001170d9	0x00189cec	UNCONDITIONAL_CALL	0
0x001170e2	0x001140e0	UNCONDITIONAL_CALL	0
0x001170e7	0xStack[-0xc]	READ	1
0x001170eb	0x0018b544	UNCONDITIONAL_CALL	0
0x001170f0	0xStack[-0x18]	DATA	0
0x00117103	0x001e875c	READ	1
0x0011710e	0x001180e8	UNCONDITIONAL_CALL	0
0x00117118	0x0011724e	CONDITIONAL_JUMP	0
0x00117121	0xStack[-0x10]	WRITE	0
0x00117124	0xStack[-0x10]	READ	1
0x00117133	0x00117144	CONDITIONAL_JUMP	0
0x00117135	0x001e875c	READ	1
0x0011713e	0x0011724e	UNCONDITIONAL_JUMP	0
0x0011714e	0xStack[-0x8]	DATA	0
0x00117152	0x0011807c	UNCONDITIONAL_CALL	0
0x00117159	0x001e875c	READ	1
0x00117161	0x001e875c	READ	1
0x0011716d	0x0011724e	CONDITIONAL_JUMP	0
0x00117173	0xStack[-0x8]	READ	1
0x00117177	0xStack[-0x10]	READ	1
0x0011717b	0x00114f6c	UNCONDITIONAL_CALL	0
0x00117182	0x001e875c	READ	1
0x0011718a	0x001e875c	READ	1
0x00117197	0x0011723e	CONDITIONAL_JUMP	0
0x0011719d	0xStack[-0x10]	READ	1
0x001171ac	0x001171b8	CONDITIONAL_JUMP	0
0x001171b2	0x00117245	UNCONDITIONAL_JUMP	0
0x001171b8	0x0018b958	UNCONDITIONAL_CALL	0
0x001171bd	0xStack[-0xc]	WRITE	0
0x001171c0	0x001e875c	READ	1
0x001171c9	0x00186f88	UNCONDITIONAL_CALL	0
0x001171d3	0x001171e8	CONDITIONAL_JUMP	0
0x001171d5	0x001e875c	READ	1
0x001171de	0x00117232	CONDITIONAL_JUMP	0
0x001171e4	0x00117232	UNCONDITIONAL_JUMP	0
0x001171e8	0xStack[-0x10]	READ	1
0x001171ef	0x0011721b	CONDITIONAL_JUMP	0
0x001171f6	0x0011721b	CONDITIONAL_JUMP	0
0x00117203	0x0010a588	UNCONDITIONAL_CALL	0
0x0011720b	0xStack[-0x10]	READ	1
0x00117212	0x0011721b	CONDITIONAL_JUMP	0
0x00117219	0x00117200	CONDITIONAL_JUMP	0
0x0011721b	0x001e875c	READ	1
0x00117220	0xStack[-0x10]	READ	1
0x00117229	0xStack[-0x10]	READ	1
0x00117232	0xStack[-0xc]	READ	1
0x00117236	0x0018b544	UNCONDITIONAL_CALL	0
0x0011723e	0xStack[-0x10]	READ	1
0x00117245	0xStack[-0x8]	READ	1
0x00117249	0x001140e0	UNCONDITIONAL_CALL	0
0x0011724e	0xStack[-0x14]	READ	1
0x00117261	0x001e875c	READ	1
0x00117271	0x0017bd28	UNCONDITIONAL_CALL	0
0x0011727b	0x0011728c	CONDITIONAL_JUMP	0
0x0011727d	0x001e875c	READ	1
0x00117286	0x0011743b	UNCONDITIONAL_JUMP	0
0x00117294	0xStack[-0x8]	DATA	0
0x0011729b	0x00114bd4	UNCONDITIONAL_CALL	0
0x001172a2	0x001e875c	READ	1
0x001172aa	0x001e875c	READ	1
0x001172b6	0x0011743b	CONDITIONAL_JUMP	0
0x001172c4	0xStack[-0xc]	DATA	0
0x001172cb	0x00114bd4	UNCONDITIONAL_CALL	0
0x001172d2	0x001e875c	READ	1
0x001172da	0x001e875c	READ	1
0x001172e6	0x00117432	CONDITIONAL_JUMP	0
0x001172ec	0x00104800	UNCONDITIONAL_CALL	0
0x001172f5	0x00117426	CONDITIONAL_JUMP	0
0x001172fb	0x001e875c	READ	1
0x00117303	0xStack[-0x14]	WRITE	0
0x00117313	0x001dacdc	DATA	1
0x0011731a	0xStack[-0x8]	READ	1
0x00117320	0x001e875c	READ	1
0x00117328	0x001e8758	READ	1
0x00117337	0x00104800	UNCONDITIONAL_CALL	0
0x00117340	0x0011740b	CONDITIONAL_JUMP	0
0x00117353	0x001dacdc	DATA	1
0x0011735a	0xStack[-0xc]	READ	1
0x00117360	0x001e875c	READ	1
0x00117368	0x001e8758	READ	1
0x00117377	0x001e875c	READ	1
0x0011737f	0xStack[-0x10]	WRITE	0
0x00117382	0xStack[-0xc]	READ	1
0x00117386	0xStack[-0x8]	READ	1
0x0011738a	0x00114fdc	UNCONDITIONAL_CALL	0
0x00117391	0x001e875c	READ	1
0x00117399	0x001e875c	READ	1
0x001173a5	0x001173f0	CONDITIONAL_JUMP	0
0x001173ab	0x001173d2	CONDITIONAL_JUMP	0
0x001173ad	0xStack[-0x8]	READ	1
0x001173b1	0xStack[-0xc]	READ	1
0x001173b5	0x00114fdc	UNCONDITIONAL_CALL	0
0x001173bc	0x001e875c	READ	1
0x001173c4	0x001e875c	READ	1
0x001173d0	0x001173f0	CONDITIONAL_JUMP	0
0x001173d2	0x001e875c	READ	1
0x001173e4	0xStack[-0x14]	DATA	0
0x001173e8	0x00189cec	UNCONDITIONAL_CALL	0
0x001173ed	0x0011743b	UNCONDITIONAL_JUMP	0
0x001173f6	0x001e8758	READ	1
0x001173fb	0xStack[-0x10]	READ	1
0x00117411	0x001e8758	READ	1
0x00117416	0xStack[-0x14]	READ	1
0x00117426	0xStack[-0xc]	READ	1
0x0011742a	0x00114db8	UNCONDITIONAL_CALL	0
0x00117432	0xStack[-0x8]	READ	1
0x00117436	0x00114db8	UNCONDITIONAL_CALL	0
0x0011743b	0xStack[-0x20]	DATA	0
0x0011744e	0x001e875c	READ	1
0x00117459	0xStack[-0x1c]	WRITE	0
0x0011745f	0xStack[-0x18]	WRITE	0
0x00117462	0xStack[-0x24]	DATA	0
0x00117465	0xStack[-0x14]	WRITE	0
0x00117468	0xStack[-0x10]	WRITE	0
0x00117472	0xStack[-0x24]	WRITE	0
0x00117478	0xStack[-0x20]	WRITE	0
0x0011747b	0xStack[-0xc]	WRITE	0
0x00117482	0xStack[-0x8]	WRITE	0
0x0011748d	0xStack[-0x1c]	DATA	0
0x00117494	0x00117590	UNCONDITIONAL_CALL	0
0x001174a6	0x001e875c	READ	1
0x001174ae	0xStack[-0x1c]	WRITE	0
0x001174b5	0xStack[-0x18]	WRITE	0
0x001174bc	0xStack[-0x24]	DATA	0
0x001174bf	0xStack[-0x14]	WRITE	0
0x001174c2	0xStack[-0x10]	WRITE	0
0x001174cc	0xStack[-0x24]	WRITE	0
0x001174d2	0xStack[-0x20]	WRITE	0
0x001174d5	0xStack[-0xc]	WRITE	0
0x001174dc	0xStack[-0x8]	WRITE	0
0x001174e7	0xStack[-0x1c]	DATA	0
0x001174ee	0x00117590	UNCONDITIONAL_CALL	0
0x00117504	0x001e875c	READ	1
0x0011750e	0xStack[-0x1c]	DATA	0
0x00117516	0x00189a5c	UNCONDITIONAL_CALL	0
0x0011751d	0x001e875c	READ	1
0x00117525	0x001e875c	READ	1
0x00117532	0x00117580	CONDITIONAL_JUMP	0
0x00117534	0xStack[-0x10]	READ	1
0x0011753a	0x00117544	CONDITIONAL_JUMP	0
0x00117540	0x00117580	UNCONDITIONAL_JUMP	0
0x00117548	0xStack[-0x9c]	DATA	0
0x0011754f	0xStack[-0x14]	READ	1
0x00117553	0x00189a5c	UNCONDITIONAL_CALL	0
0x0011755a	0x001e875c	READ	1
0x00117562	0x001e875c	READ	1
0x0011756e	0x00117580	CONDITIONAL_JUMP	0
0x00117570	0xStack[-0x14]	WRITE	0
0x0011757b	0x00117590	UNCONDITIONAL_CALL	0
0x00117580	0xStack[-0xa8]	DATA	0
0x00117599	0xStack[0x4]	READ	1
0x0011759d	0x001180e8	UNCONDITIONAL_CALL	0
0x001175a2	0xStack[-0x28]	WRITE	0
0x001175aa	0x00117711	CONDITIONAL_JUMP	0
0x001175b0	0xStack[0x8]	READ	1
0x001175b6	0xStack[-0x1c]	WRITE	0
0x001175b9	0xStack[0x8]	READ	1
0x001175bf	0xStack[-0x18]	WRITE	0
0x001175c2	0xStack[-0x10]	WRITE	0
0x001175c9	0xStack[-0x14]	WRITE	0
0x001175d0	0xStack[-0x8]	WRITE	0
0x001175d7	0xStack[-0xc]	WRITE	0
0x001175dd	0xStack[0x8]	READ	1
0x001175e8	0x00117626	CONDITIONAL_JUMP	0
0x001175f4	0x0011769c	CONDITIONAL_JUMP	0
0x001175fa	0x00117617	CONDITIONAL_JUMP	0
0x00117602	0x0017bd28	UNCONDITIONAL_CALL	0
0x0011760c	0x001176a8	CONDITIONAL_JUMP	0
0x00117614	0xStack[-0x8]	READ_WRITE	0
0x0011761e	0xStack[0x8]	READ	1
0x00117624	0x001175f0	CONDITIONAL_JUMP	0
0x00117626	0xStack[0x8]	READ	1
0x0011762d	0x00117660	CONDITIONAL_JUMP	0
0x00117636	0xStack[-0x20]	DATA	0
0x0011763a	0x0011807c	UNCONDITIONAL_CALL	0
0x00117641	0x001e875c	READ	1
0x00117649	0x001e875c	READ	1
0x00117655	0x00117711	CONDITIONAL_JUMP	0
0x0011765b	0x00117667	UNCONDITIONAL_JUMP	0
0x00117660	0xStack[-0x20]	WRITE	0
0x00117667	0xStack[0x8]	READ	1
0x0011766f	0x001176b4	CONDITIONAL_JUMP	0
0x00117678	0xStack[-0x24]	DATA	0
0x0011767c	0x0011807c	UNCONDITIONAL_CALL	0
0x00117683	0x001e875c	READ	1
0x0011768b	0x001e875c	READ	1
0x00117697	0x00117704	CONDITIONAL_JUMP	0
0x00117699	0x001176bb	UNCONDITIONAL_JUMP	0
0x0011769c	0x001e875c	READ	1
0x001176a5	0x00117711	UNCONDITIONAL_JUMP	0
0x001176a8	0x001e875c	READ	1
0x001176b1	0x00117711	UNCONDITIONAL_JUMP	0
0x001176b4	0xStack[-0x24]	WRITE	0
0x001176bb	0xStack[-0x8]	READ	1
0x001176be	0xStack[-0x24]	READ	1
0x001176c2	0xStack[0xc]	READ	1
0x001176c6	0xStack[-0x1c]	DATA	0
0x001176ca	0xStack[-0x20]	READ	1
0x001176ce	0xStack[-0x28]	READ	1
0x001176d5	0x00115068	UNCONDITIONAL_CALL	0
0x001176dc	0x001e875c	READ	1
0x001176e6	0x001e875c	READ	1
0x001176eb	0xStack[-0x8]	READ	1
0x001176f4	0xStack[-0x24]	READ	1
0x001176f9	0x00117704	CONDITIONAL_JUMP	0
0x001176fc	0x001140e0	UNCONDITIONAL_CALL	0
0x00117704	0xStack[-0x20]	READ	1
0x00117709	0x00117711	CONDITIONAL_JUMP	0
0x0011770c	0x001140e0	UNCONDITIONAL_CALL	0
0x00117711	0xStack[-0x34]	DATA	0
0x00117723	0x001e875c	READ	1
0x00117730	0x00117750	CONDITIONAL_JUMP	0
0x00117734	0xStack[-0x20]	DATA	0
0x00117739	0x00189a5c	UNCONDITIONAL_CALL	0
0x00117740	0x001e875c	READ	1
0x0011774b	0x00117757	UNCONDITIONAL_JUMP	0
0x00117750	0xStack[-0x18]	WRITE	0
0x00117757	0x001e875c	READ	1
0x00117760	0x001177ab	CONDITIONAL_JUMP	0
0x00117765	0xStack[-0x1c]	WRITE	0
0x00117768	0xStack[-0x20]	READ	1
0x0011776b	0xStack[-0x18]	WRITE	0
0x0011776e	0xStack[-0x28]	DATA	0
0x00117771	0xStack[-0x14]	WRITE	0
0x00117774	0xStack[-0x10]	WRITE	0
0x0011777e	0xStack[-0x28]	WRITE	0
0x00117784	0xStack[-0x24]	WRITE	0
0x00117787	0xStack[-0xc]	WRITE	0
0x0011778e	0xStack[-0x8]	WRITE	0
0x0011779f	0xStack[-0x1c]	DATA	0
0x001177a6	0x001178dc	UNCONDITIONAL_CALL	0
0x001177ab	0xStack[-0x2c]	READ	1
0x001177ba	0x001e875c	READ	1
0x001177c2	0xStack[-0x1c]	WRITE	0
0x001177c9	0xStack[-0x18]	WRITE	0
0x001177d0	0xStack[-0x24]	DATA	0
0x001177d3	0xStack[-0x14]	WRITE	0
0x001177d6	0xStack[-0x10]	WRITE	0
0x001177e0	0xStack[-0x24]	WRITE	0
0x001177e6	0xStack[-0x20]	WRITE	0
0x001177e9	0xStack[-0xc]	WRITE	0
0x001177f0	0xStack[-0x8]	WRITE	0
0x001177ff	0xStack[-0x1c]	DATA	0
0x00117806	0x001178dc	UNCONDITIONAL_CALL	0
0x0011781b	0x001e875c	READ	1
0x00117825	0xStack[-0x1c]	DATA	0
0x0011782d	0x00189a5c	UNCONDITIONAL_CALL	0
0x00117834	0x001e875c	READ	1
0x0011783c	0x001e875c	READ	1
0x00117849	0x001178cf	CONDITIONAL_JUMP	0
0x0011784f	0xStack[-0x10]	READ	1
0x00117855	0x00117860	CONDITIONAL_JUMP	0
0x0011785b	0x001178cf	UNCONDITIONAL_JUMP	0
0x00117864	0xStack[-0x9c]	DATA	0
0x0011786b	0xStack[-0x14]	READ	1
0x0011786f	0x00189a5c	UNCONDITIONAL_CALL	0
0x00117876	0x001e875c	READ	1
0x0011787e	0x001e875c	READ	1
0x0011788a	0x001178cf	CONDITIONAL_JUMP	0
0x0011788c	0xStack[-0x14]	WRITE	0
0x0011788f	0xStack[-0xc]	READ	1
0x00117894	0x001178b4	CONDITIONAL_JUMP	0
0x00117898	0xStack[-0x8]	READ	1
0x0011789d	0x0017bd28	UNCONDITIONAL_CALL	0
0x001178a7	0x001178b4	CONDITIONAL_JUMP	0
0x001178a9	0x001e875c	READ	1
0x001178b2	0x001178cf	UNCONDITIONAL_JUMP	0
0x001178c3	0xStack[-0x1c]	DATA	0
0x001178ca	0x001178dc	UNCONDITIONAL_CALL	0
0x001178cf	0xStack[-0xa4]	DATA	0
0x001178e5	0xStack[0x4]	READ	1
0x001178e9	0x001180e8	UNCONDITIONAL_CALL	0
0x001178ee	0xStack[-0x2c]	WRITE	0
0x001178f6	0x00117a95	CONDITIONAL_JUMP	0
0x001178fc	0xStack[0x8]	READ	1
0x00117902	0xStack[-0x1c]	WRITE	0
0x00117905	0xStack[0x8]	READ	1
0x0011790b	0xStack[-0x18]	WRITE	0
0x0011790e	0xStack[-0x10]	WRITE	0
0x00117915	0xStack[-0x14]	WRITE	0
0x0011791c	0xStack[-0x8]	WRITE	0
0x00117923	0xStack[0x8]	READ	1
0x0011792e	0x00117970	CONDITIONAL_JUMP	0
0x00117938	0x00117a2c	CONDITIONAL_JUMP	0
0x0011793e	0x00117961	CONDITIONAL_JUMP	0
0x00117946	0xStack[-0x30]	WRITE	0
0x00117949	0x0017bd28	UNCONDITIONAL_CALL	0
0x00117951	0xStack[-0x30]	READ	1
0x00117956	0x00117a38	CONDITIONAL_JUMP	0
0x0011795e	0xStack[-0x8]	READ_WRITE	0
0x00117968	0xStack[0x8]	READ	1
0x0011796e	0x00117934	CONDITIONAL_JUMP	0
0x00117970	0xStack[-0x8]	READ	1
0x00117973	0xStack[-0x28]	WRITE	0
0x00117976	0xStack[-0x24]	DATA	0
0x0011797a	0xStack[0xc]	READ	1
0x0011797e	0xStack[-0x1c]	DATA	0
0x00117982	0xStack[-0x20]	DATA	0
0x00117986	0xStack[-0x2c]	READ	1
0x0011798d	0x00115550	UNCONDITIONAL_CALL	0
0x00117994	0x001e875c	READ	1
0x0011799c	0x001e875c	READ	1
0x001179a1	0xStack[-0x28]	READ	1
0x001179a4	0xStack[-0x8]	READ	1
0x001179ad	0xStack[0x8]	READ	1
0x001179b3	0x00117a03	CONDITIONAL_JUMP	0
0x001179b8	0xStack[-0x28]	WRITE	0
0x001179bd	0x001179c6	CONDITIONAL_JUMP	0
0x001179bf	0xStack[-0x20]	READ	1
0x001179c4	0x001179d0	CONDITIONAL_JUMP	0
0x001179c6	0xStack[-0x28]	WRITE	0
0x001179cd	0x001179f1	UNCONDITIONAL_JUMP	0
0x001179d6	0x001179db	CONDITIONAL_JUMP	0
0x001179d8	0xStack[-0x28]	WRITE	0
0x001179db	0xStack[-0x28]	READ	1
0x001179df	0xStack[0x8]	READ	1
0x001179e9	0x00189cec	UNCONDITIONAL_CALL	0
0x001179f3	0xStack[0x10]	READ	1
0x001179f7	0xStack[-0x28]	DATA	0
0x001179fb	0x00189cec	UNCONDITIONAL_CALL	0
0x00117a03	0xStack[0x8]	READ	1
0x00117a0a	0x00117a78	CONDITIONAL_JUMP	0
0x00117a0f	0xStack[-0x28]	WRITE	0
0x00117a12	0xStack[-0x28]	READ	1
0x00117a17	0x00117a20	CONDITIONAL_JUMP	0
0x00117a19	0xStack[-0x24]	READ	1
0x00117a1e	0x00117a44	CONDITIONAL_JUMP	0
0x00117a20	0xStack[-0x28]	WRITE	0
0x00117a27	0x00117a66	UNCONDITIONAL_JUMP	0
0x00117a2c	0x001e875c	READ	1
0x00117a35	0x00117a95	UNCONDITIONAL_JUMP	0
0x00117a38	0x001e875c	READ	1
0x00117a41	0x00117a95	UNCONDITIONAL_JUMP	0
0x00117a4a	0x00117a4f	CONDITIONAL_JUMP	0
0x00117a4c	0xStack[-0x28]	WRITE	0
0x00117a4f	0xStack[-0x28]	READ	1
0x00117a53	0xStack[0x8]	READ	1
0x00117a5e	0x00189cec	UNCONDITIONAL_CALL	0
0x00117a68	0xStack[0x14]	READ	1
0x00117a6c	0xStack[-0x28]	DATA	0
0x00117a70	0x00189cec	UNCONDITIONAL_CALL	0
0x00117a78	0xStack[-0x24]	READ	1
0x00117a7d	0x00117a88	CONDITIONAL_JUMP	0
0x00117a80	0x001140e0	UNCONDITIONAL_CALL	0
0x00117a88	0xStack[-0x20]	READ	1
0x00117a8d	0x00117a95	CONDITIONAL_JUMP	0
0x00117a90	0x001140e0	UNCONDITIONAL_CALL	0
0x00117a95	0xStack[-0x3c]	DATA	0
0x00117aa4	0x001e875c	READ	1
0x00117aaf	0x001180e8	UNCONDITIONAL_CALL	0
0x00117ab9	0x00117ad2	CONDITIONAL_JUMP	0
0x00117ac3	0x00115c0c	UNCONDITIONAL_CALL	0
0x00117aca	0x001e875c	READ	1
0x00117ad2	0xStack[-0x8]	READ	1
0x00117ae2	0x001e875c	READ	1
0x00117aef	0x001180e8	UNCONDITIONAL_CALL	0
0x00117afb	0x00117b90	CONDITIONAL_JUMP	0
0x00117b05	0x00117b14	CONDITIONAL_JUMP	0
0x00117b07	0x001e875c	READ	1
0x00117b10	0x00117b90	UNCONDITIONAL_JUMP	0
0x00117b18	0x00117b74	CONDITIONAL_JUMP	0
0x00117b1e	0x00113dc0	UNCONDITIONAL_CALL	0
0x00117b2a	0x00117b38	CONDITIONAL_JUMP	0
0x00117b2c	0x001e875c	READ	1
0x00117b35	0x00117b90	UNCONDITIONAL_JUMP	0
0x00117b46	0x00189a5c	UNCONDITIONAL_CALL	0
0x00117b4d	0x001e875c	READ	1
0x00117b55	0x001e875c	READ	1
0x00117b61	0x00117b6c	CONDITIONAL_JUMP	0
0x00117b64	0x00113ed0	UNCONDITIONAL_CALL	0
0x00117b69	0x00117b90	UNCONDITIONAL_JUMP	0
0x00117b81	0x00115d1c	UNCONDITIONAL_CALL	0
0x00117b88	0x001e875c	READ	1
0x00117b90	0xStack[-0x10]	DATA	0
0x00117ba5	0x001e875c	READ	1
0x00117bad	0xStack[-0xc]	WRITE	0
0x00117bb7	0x001180e8	UNCONDITIONAL_CALL	0
0x00117bc3	0x00117ca1	CONDITIONAL_JUMP	0
0x00117bcd	0x00117bfc	CONDITIONAL_JUMP	0
0x00117bd1	0xStack[-0x8]	DATA	0
0x00117bd9	0x00189a5c	UNCONDITIONAL_CALL	0
0x00117be0	0x001e875c	READ	1
0x00117be8	0x001e875c	READ	1
0x00117bf4	0x00117ca1	CONDITIONAL_JUMP	0
0x00117bfa	0x00117c03	UNCONDITIONAL_JUMP	0
0x00117bfc	0xStack[-0x8]	WRITE	0
0x00117c03	0xStack[-0xc]	DATA	0
0x00117c13	0x00115ed4	UNCONDITIONAL_CALL	0
0x00117c1a	0x001e875c	READ	1
0x00117c22	0x001e875c	READ	1
0x00117c2e	0x00117c94	CONDITIONAL_JUMP	0
0x00117c34	0x00117c94	CONDITIONAL_JUMP	0
0x00117c36	0xStack[-0x8]	READ	1
0x00117c3b	0x00117c94	CONDITIONAL_JUMP	0
0x00117c3d	0xStack[-0xc]	READ	1
0x00117c42	0x00117ca1	CONDITIONAL_JUMP	0
0x00117c4a	0x00117c4f	CONDITIONAL_JUMP	0
0x00117c4c	0xStack[-0x8]	WRITE	0
0x00117c4f	0xStack[-0x8]	READ	1
0x00117c5b	0x00189cec	UNCONDITIONAL_CALL	0
0x00117c62	0x001e875c	READ	1
0x00117c6a	0x001e875c	READ	1
0x00117c76	0x00117c94	CONDITIONAL_JUMP	0
0x00117c7e	0xStack[-0x8]	DATA	0
0x00117c82	0x00189cec	UNCONDITIONAL_CALL	0
0x00117c89	0x001e875c	READ	1
0x00117c94	0xStack[-0xc]	READ	1
0x00117c99	0x00117ca1	CONDITIONAL_JUMP	0
0x00117c9c	0x00113ed0	UNCONDITIONAL_CALL	0
0x00117ca1	0xStack[-0x18]	DATA	0
0x00117cb9	0xStack[-0x8]	DATA	0
0x00117cbf	0x00114bd4	UNCONDITIONAL_CALL	0
0x00117cc6	0x001e875c	READ	1
0x00117cce	0x001e875c	READ	1
0x00117cda	0x00117e55	CONDITIONAL_JUMP	0
0x00117ce4	0xStack[-0xc]	DATA	0
0x00117cea	0x00114bd4	UNCONDITIONAL_CALL	0
0x00117cf1	0x001e875c	READ	1
0x00117cf9	0x001e875c	READ	1
0x00117d05	0x00117e4c	CONDITIONAL_JUMP	0
0x00117d0b	0x00104800	UNCONDITIONAL_CALL	0
0x00117d14	0x00117e40	CONDITIONAL_JUMP	0
0x00117d1a	0x001e875c	READ	1
0x00117d22	0xStack[-0x10]	WRITE	0
0x00117d2c	0x001e8758	READ	1
0x00117d37	0x00117d40	CONDITIONAL_JUMP	0
0x00117d46	0x001dacdc	DATA	1
0x00117d4d	0xStack[-0x8]	READ	1
0x00117d53	0x001e8758	READ	1
0x00117d59	0x001e875c	READ	1
0x00117d6a	0x00104800	UNCONDITIONAL_CALL	0
0x00117d73	0x00117e25	CONDITIONAL_JUMP	0
0x00117d80	0x001e8758	READ	1
0x00117d8b	0x00117d94	CONDITIONAL_JUMP	0
0x00117d9a	0x001dacdc	DATA	1
0x00117da1	0xStack[-0xc]	READ	1
0x00117da7	0x001e8758	READ	1
0x00117dad	0x001e875c	READ	1
0x00117dbe	0x001e875c	READ	1
0x00117dc9	0x001e875c	READ	1
0x00117dce	0xStack[-0x10]	READ	1
0x00117dd4	0xStack[-0x8]	READ	1
0x00117dd8	0xStack[-0xc]	READ	1
0x00117ddc	0x00118868	UNCONDITIONAL_CALL	0
0x00117de3	0x001e875c	READ	1
0x00117df0	0x00117e04	CONDITIONAL_JUMP	0
0x00117df2	0xStack[-0xc]	READ	1
0x00117df9	0xStack[-0x8]	READ	1
0x00117e00	0x00117e55	UNCONDITIONAL_JUMP	0
0x00117e0a	0x001e8758	READ	1
0x00117e10	0x001e875c	READ	1
0x00117e2b	0x001e8758	READ	1
0x00117e36	0xStack[-0x10]	READ	1
0x00117e40	0xStack[-0xc]	READ	1
0x00117e44	0x00114db8	UNCONDITIONAL_CALL	0
0x00117e4c	0xStack[-0x8]	READ	1
0x00117e50	0x00114db8	UNCONDITIONAL_CALL	0
0x00117e55	0xStack[-0x1c]	DATA	0
0x00117e69	0x001e875c	READ	1
0x00117e74	0x001180e8	UNCONDITIONAL_CALL	0
0x00117e80	0x00117f59	CONDITIONAL_JUMP	0
0x00117e88	0xStack[-0x8]	DATA	0
0x00117e8b	0xStack[-0xc]	WRITE	0
0x00117e93	0x00189a5c	UNCONDITIONAL_CALL	0
0x00117e9a	0x001e875c	READ	1
0x00117ea2	0x001e875c	READ	1
0x00117eae	0x00117f59	CONDITIONAL_JUMP	0
0x00117ebb	0x00113e3c	UNCONDITIONAL_CALL	0
0x00117ec7	0x00117ed8	CONDITIONAL_JUMP	0
0x00117ec9	0x001e875c	READ	1
0x00117ed2	0x00117f59	UNCONDITIONAL_JUMP	0
0x00117eea	0x001e875c	READ	1
0x00117ef2	0x001e875c	READ	1
0x00117efe	0x00117f53	CONDITIONAL_JUMP	0
0x00117f04	0xStack[-0x8]	READ	0
0x00117f07	0x00117f0c	CONDITIONAL_JUMP	0
0x00117f09	0xStack[-0x8]	WRITE	0
0x00117f0c	0xStack[-0x8]	READ	1
0x00117f1a	0x00189cec	UNCONDITIONAL_CALL	0
0x00117f21	0x001e875c	READ	1
0x00117f29	0x001e875c	READ	1
0x00117f35	0x00117f53	CONDITIONAL_JUMP	0
0x00117f3d	0xStack[-0xc]	READ	1
0x00117f41	0x00189cec	UNCONDITIONAL_CALL	0
0x00117f48	0x001e875c	READ	1
0x00117f54	0x001140e0	UNCONDITIONAL_CALL	0
0x00117f59	0xStack[-0x18]	DATA	0
0x00117f6d	0x001e875c	READ	1
0x00117f78	0x001180e8	UNCONDITIONAL_CALL	0
0x00117f82	0x0011806f	CONDITIONAL_JUMP	0
0x00117f8f	0x00117fa0	CONDITIONAL_JUMP	0
0x00117f91	0x001e875c	READ	1
0x00117f9a	0x0011806f	UNCONDITIONAL_JUMP	0
0x00117fa4	0x00113e3c	UNCONDITIONAL_CALL	0
0x00117fb0	0x00117fc0	CONDITIONAL_JUMP	0
0x00117fb2	0x001e875c	READ	1
0x00117fbb	0x0011806f	UNCONDITIONAL_JUMP	0
0x00117fc2	0xStack[-0x8]	DATA	0
0x00117fc5	0xStack[-0xc]	WRITE	0
0x00117fcd	0x00189a5c	UNCONDITIONAL_CALL	0
0x00117fd4	0x001e875c	READ	1
0x00117fdc	0x001e875c	READ	1
0x00117fe8	0x0011806f	CONDITIONAL_JUMP	0
0x00118000	0x001e875c	READ	1
0x00118008	0x001e875c	READ	1
0x00118014	0x00118069	CONDITIONAL_JUMP	0
0x0011801a	0xStack[-0x8]	READ	0
0x0011801d	0x00118022	CONDITIONAL_JUMP	0
0x0011801f	0xStack[-0x8]	WRITE	0
0x00118022	0xStack[-0x8]	READ	1
0x00118030	0x00189cec	UNCONDITIONAL_CALL	0
0x00118037	0x001e875c	READ	1
0x0011803f	0x001e875c	READ	1
0x0011804b	0x00118069	CONDITIONAL_JUMP	0
0x00118053	0xStack[-0xc]	READ	1
0x00118057	0x00189cec	UNCONDITIONAL_CALL	0
0x0011805e	0x001e875c	READ	1
0x0011806a	0x001140e0	UNCONDITIONAL_CALL	0
0x0011806f	0xStack[-0x18]	DATA	0
0x00118082	0xStack[0x4]	READ	1
0x00118085	0xStack[0xc]	READ	1
0x0011808b	0x00118094	CONDITIONAL_JUMP	0
0x00118092	0x001180dc	UNCONDITIONAL_JUMP	0
0x00118094	0xStack[0x10]	READ	1
0x0011809a	0x00113dc0	UNCONDITIONAL_CALL	0
0x001180a6	0x001180b0	CONDITIONAL_JUMP	0
0x001180ad	0x001180dc	UNCONDITIONAL_JUMP	0
0x001180bb	0xStack[0x8]	READ	1
0x001180bf	0x00189a5c	UNCONDITIONAL_CALL	0
0x001180cb	0x001180d8	CONDITIONAL_JUMP	0
0x001180ce	0x00113ed0	UNCONDITIONAL_CALL	0
0x001180d3	0x001180da	UNCONDITIONAL_JUMP	0
0x001180dc	0xStack[-0x10]	DATA	0
0x001180eb	0xStack[0x4]	READ	1
0x001180ef	0x00104900	UNCONDITIONAL_CALL	0
0x001180f6	0x00118100	CONDITIONAL_JUMP	0
0x00118105	0x00118112	CONDITIONAL_JUMP	0
0x00118107	0x001e875c	READ	1
0x00118121	0xStack[0x4]	READ	1
0x00118124	0xStack[0x8]	READ	1
0x0011812a	0xStack[-0x10]	WRITE	0
0x00118134	0x00118140	CONDITIONAL_JUMP	0
0x0011813b	0x001185eb	UNCONDITIONAL_JUMP	0
0x00118143	0x00118164	CONDITIONAL_JUMP	0
0x00118145	0xStack[0x14]	READ	0
0x00118149	0x00118164	CONDITIONAL_JUMP	0
0x0011814b	0xStack[0x14]	READ	1
0x00118153	0x00118164	CONDITIONAL_JUMP	0
0x00118155	0xStack[-0x10]	WRITE	0
0x0011815c	0x001185d9	UNCONDITIONAL_JUMP	0
0x00118166	0x00118170	CONDITIONAL_JUMP	0
0x0011816a	0x0011820a	CONDITIONAL_JUMP	0
0x00118173	0x001185cc	CONDITIONAL_JUMP	0
0x00118179	0x001181d0	COMPUTED_JUMP	-1
0x00118179	0x001181e8	COMPUTED_JUMP	-1
0x00118179	0x001181f4	COMPUTED_JUMP	-1
0x00118179	0x00118200	COMPUTED_JUMP	-1
0x00118179	0x00118218	COMPUTED_JUMP	-1
0x00118179	0x00118248	COMPUTED_JUMP	-1
0x00118179	0x0011823c	COMPUTED_JUMP	-1
0x00118179	0x001182a4	COMPUTED_JUMP	-1
0x00118179	0x001182b8	COMPUTED_JUMP	-1
0x00118179	0x00118328	COMPUTED_JUMP	-1
0x00118179	0x001184e0	COMPUTED_JUMP	-1
0x00118179	0x001185cc	COMPUTED_JUMP	-1
0x00118179	0x001184f0	COMPUTED_JUMP	-1
0x00118179	0x00118136	COMPUTED_JUMP	-1
0x00118179	0x00118155	COMPUTED_JUMP	-1
0x00118179	0x001185d9	COMPUTED_JUMP	-1
0x00118179	0x00118590	COMPUTED_JUMP	-1
0x00118179	0x00118224	COMPUTED_JUMP	-1
0x00118179	0x00118180	DATA	0
0x00118180	0x001181d0	DATA	0
0x00118184	0x001181e8	DATA	0
0x00118188	0x001181f4	DATA	0
0x0011818c	0x00118200	DATA	0
0x00118190	0x00118218	DATA	0
0x00118194	0x00118248	DATA	0
0x00118198	0x0011823c	DATA	0
0x0011819c	0x001182a4	DATA	0
0x001181a0	0x001182b8	DATA	0
0x001181a4	0x00118328	DATA	0
0x001181a8	0x001184e0	DATA	0
0x001181ac	0x001185cc	DATA	0
0x001181b0	0x001184f0	DATA	0
0x001181b4	0x00118136	DATA	0
0x001181b8	0x00118155	DATA	0
0x001181bc	0x001185d9	DATA	0
0x001181c0	0x00118590	DATA	0
0x001181c4	0x00118224	DATA	0
0x001181c8	0x001185cc	DATA	0
0x001181cc	0x001185d9	DATA	0
0x001181d2	0x00118368	CONDITIONAL_JUMP	0
0x001181d9	0x001185f8	UNCONDITIONAL_CALL	0
0x001181de	0xStack[-0x10]	WRITE	0
0x001181e1	0x001185d6	UNCONDITIONAL_JUMP	0
0x001181e9	0x0011867c	UNCONDITIONAL_CALL	0
0x001181ee	0x001185d6	UNCONDITIONAL_JUMP	0
0x001181f4	0xStack[0x10]	READ	1
0x001181f9	0x00118708	UNCONDITIONAL_CALL	0
0x001181fe	0x0011822e	UNCONDITIONAL_JUMP	0
0x00118204	0x001185d9	CONDITIONAL_JUMP	0
0x0011820a	0xStack[-0x10]	WRITE	0
0x00118211	0x001185d9	UNCONDITIONAL_JUMP	0
0x00118218	0xStack[0x10]	READ	1
0x0011821d	0x001187a8	UNCONDITIONAL_CALL	0
0x00118222	0x0011822e	UNCONDITIONAL_JUMP	0
0x00118224	0xStack[0x10]	READ	1
0x00118229	0x00118868	UNCONDITIONAL_CALL	0
0x0011822e	0xStack[-0x10]	WRITE	0
0x00118234	0x001185d9	UNCONDITIONAL_JUMP	0
0x0011823d	0x001188d4	UNCONDITIONAL_CALL	0
0x00118242	0x001185d6	UNCONDITIONAL_JUMP	0
0x0011824d	0x0011826c	CONDITIONAL_JUMP	0
0x00118254	0x0011826c	CONDITIONAL_JUMP	0
0x0011825a	0xStack[0x10]	READ	1
0x00118265	0x001185ad	UNCONDITIONAL_JUMP	0
0x0011826c	0xStack[0x10]	READ	1
0x00118278	0x001db3a4	READ	1
0x00118281	0x001db3a8	READ	1
0x0011828b	0x001db3ac	READ	1
0x00118295	0x001db3b0	READ	1
0x0011829f	0x001185d9	UNCONDITIONAL_JUMP	0
0x001182a5	0x001163c8	UNCONDITIONAL_CALL	0
0x001182ab	0x0011895c	UNCONDITIONAL_CALL	0
0x001182b3	0x001185d9	UNCONDITIONAL_JUMP	0
0x001182bf	0x001182d4	CONDITIONAL_JUMP	0
0x001182c5	0x0011831c	CONDITIONAL_JUMP	0
0x001182c7	0x001db3b4	DATA	0
0x001182cc	0x0010ca6c	UNCONDITIONAL_CALL	0
0x001182d9	0x001185d9	CONDITIONAL_JUMP	0
0x0011830c	0x0011649c	UNCONDITIONAL_CALL	0
0x00118314	0x001185d9	UNCONDITIONAL_JUMP	0
0x0011831c	0x001db3bb	DATA	0
0x00118321	0x001185d1	UNCONDITIONAL_JUMP	0
0x00118328	0xStack[0x14]	READ	0
0x0011832c	0x00118345	CONDITIONAL_JUMP	0
0x0011832e	0xStack[0x14]	READ	1
0x00118332	0x00118ac8	UNCONDITIONAL_CALL	0
0x00118337	0xStack[-0x10]	WRITE	0
0x0011833f	0x001185d9	CONDITIONAL_JUMP	0
0x0011834c	0x0011842c	CONDITIONAL_JUMP	0
0x00118356	0x001184d4	CONDITIONAL_JUMP	0
0x0011835c	0xStack[0x10]	READ	0
0x00118360	0x00118390	CONDITIONAL_JUMP	0
0x00118366	0x00118374	CONDITIONAL_JUMP	0
0x00118368	0xStack[-0x10]	WRITE	0
0x0011836f	0x001185d9	UNCONDITIONAL_JUMP	0
0x00118374	0xStack[0x10]	READ	1
0x00118379	0x001187a8	UNCONDITIONAL_CALL	0
0x0011837e	0xStack[-0x10]	WRITE	0
0x00118386	0x001185d9	CONDITIONAL_JUMP	0
0x0011838c	0x001183a4	UNCONDITIONAL_JUMP	0
0x00118394	0x001183a4	CONDITIONAL_JUMP	0
0x00118396	0xStack[-0x10]	WRITE	0
0x0011839d	0x001185d9	UNCONDITIONAL_JUMP	0
0x001183ae	0x001183b8	CONDITIONAL_JUMP	0
0x001183b3	0xStack[-0x14]	WRITE	0
0x001183b6	0x001183bf	UNCONDITIONAL_JUMP	0
0x001183b8	0x001db3a4	DATA	1
0x001183b8	0xStack[-0x14]	WRITE	0
0x001183d9	0x001183dd	CONDITIONAL_JUMP	0
0x001183df	0x00118410	CONDITIONAL_JUMP	0
0x001183e1	0xStack[0x14]	READ	1
0x001183e5	0xStack[0xc]	READ	1
0x001183e9	0xStack[-0x14]	READ	1
0x001183f1	0x001166c0	UNCONDITIONAL_CALL	0
0x001183fb	0x00118410	CONDITIONAL_JUMP	0
0x001183ff	0x0011649c	UNCONDITIONAL_CALL	0
0x00118404	0xStack[0xc]	WRITE	0
0x0011840e	0x00118417	UNCONDITIONAL_JUMP	0
0x00118410	0xStack[-0x10]	WRITE	0
0x00118417	0xStack[0x10]	READ	0
0x0011841b	0x001185d9	CONDITIONAL_JUMP	0
0x00118422	0x001188d4	UNCONDITIONAL_CALL	0
0x00118427	0x001185d6	UNCONDITIONAL_JUMP	0
0x00118430	0x00118440	CONDITIONAL_JUMP	0
0x00118432	0xStack[-0x10]	WRITE	0
0x00118439	0x001185d9	UNCONDITIONAL_JUMP	0
0x00118444	0x00118453	CONDITIONAL_JUMP	0
0x00118446	0x001db3c2	DATA	0
0x0011844b	0x0010ca6c	UNCONDITIONAL_CALL	0
0x00118458	0xStack[0x14]	READ	0
0x0011845c	0x00118474	CONDITIONAL_JUMP	0
0x0011845e	0xStack[0x14]	READ	1
0x00118462	0xStack[0xc]	READ	1
0x0011846a	0x0011688c	UNCONDITIONAL_CALL	0
0x00118472	0x00118484	UNCONDITIONAL_JUMP	0
0x00118474	0xStack[0xc]	READ	1
0x0011847c	0x00116614	UNCONDITIONAL_CALL	0
0x001184bf	0x0011649c	UNCONDITIONAL_CALL	0
0x001184c4	0xStack[0xc]	WRITE	0
0x001184ce	0x001185d9	UNCONDITIONAL_JUMP	0
0x001184d4	0x001db3c9	DATA	0
0x001184d9	0x001185d1	UNCONDITIONAL_JUMP	0
0x001184e3	0x00118964	UNCONDITIONAL_CALL	0
0x001184eb	0x001185d9	UNCONDITIONAL_JUMP	0
0x001184f4	0xStack[-0x1c]	WRITE	0
0x001184f7	0xStack[0xc]	READ	1
0x00118501	0x00118515	CONDITIONAL_JUMP	0
0x00118508	0x00118515	CONDITIONAL_JUMP	0
0x00118515	0xStack[0xc]	READ	1
0x00118521	0x00118532	CONDITIONAL_JUMP	0
0x00118523	0x001e98e0	READ	1
0x0011852c	0x001e98e0	READ_WRITE	0
0x00118535	0xStack[0xc]	READ	1
0x00118547	0x001e8758	READ	1
0x00118557	0x001e8758	READ	1
0x0011856e	0xStack[-0xc]	DATA	0
0x00118572	0x0010ac84	UNCONDITIONAL_CALL	0
0x00118577	0xStack[-0xc]	READ	1
0x0011857a	0xStack[0xc]	READ	1
0x00118580	0xStack[-0xc]	READ	1
0x00118586	0xStack[-0xc]	READ	1
0x0011858e	0x001185eb	UNCONDITIONAL_JUMP	0
0x00118595	0x001185d9	CONDITIONAL_JUMP	0
0x0011859c	0x001185d9	CONDITIONAL_JUMP	0
0x001185a2	0xStack[0x10]	READ	1
0x001185ae	0xStack[0x10]	READ	1
0x001185bf	0x001013cc	UNCONDITIONAL_CALL	0
0x001185c7	0x001185d9	UNCONDITIONAL_JUMP	0
0x001185cc	0x001db3d0	DATA	0
0x001185d1	0x0010ca6c	UNCONDITIONAL_CALL	0
0x001185d9	0xStack[0xc]	READ	0
0x001185dd	0x001185e8	CONDITIONAL_JUMP	0
0x001185df	0xStack[0xc]	READ	1
0x001185e3	0x001140e0	UNCONDITIONAL_CALL	0
0x001185e8	0xStack[-0x10]	READ	1
0x001185eb	0xStack[-0x28]	DATA	0
0x001185fd	0xStack[0x4]	READ	1
0x00118607	0x00118614	CONDITIONAL_JUMP	0
0x0011860d	0x00118624	CONDITIONAL_JUMP	0
0x0011860f	0x00118640	UNCONDITIONAL_JUMP	0
0x00118614	0x001db3e0	READ	1
0x0011861b	0x001db3dc	READ	1
0x00118621	0x00118631	UNCONDITIONAL_JUMP	0
0x00118624	0x001db3e8	READ	1
0x0011862b	0x001db3e4	READ	1
0x00118633	0x0011654c	UNCONDITIONAL_CALL	0
0x0011863d	0x0011864f	UNCONDITIONAL_JUMP	0
0x00118642	0x001db3ec	DATA	0
0x00118647	0x0010ca6c	UNCONDITIONAL_CALL	0
0x00118651	0x00118670	CONDITIONAL_JUMP	0
0x00118655	0x0015a75c	UNCONDITIONAL_CALL	0
0x0011865f	0x00101600	UNCONDITIONAL_CALL	0
0x0011866b	0x00118672	UNCONDITIONAL_JUMP	0
0x00118672	0xStack[-0xc]	DATA	0
0x00118680	0xStack[0x4]	READ	1
0x00118688	0x001186a4	CONDITIONAL_JUMP	0
0x00118695	0x0011df54	UNCONDITIONAL_CALL	0
0x001186a8	0x001186c6	CONDITIONAL_JUMP	0
0x001186ab	0x001188d4	UNCONDITIONAL_CALL	0
0x001186b3	0x001186c6	UNCONDITIONAL_JUMP	0
0x001186be	0x00118964	UNCONDITIONAL_CALL	0
0x001186ca	0x001186b8	CONDITIONAL_JUMP	0
0x001186cf	0x001161f8	UNCONDITIONAL_CALL	0
0x001186e1	0x001140e0	UNCONDITIONAL_CALL	0
0x001186e9	0x0015a824	UNCONDITIONAL_CALL	0
0x001186f1	0x001e98dc	READ	0
0x001186f8	0x001186ff	CONDITIONAL_JUMP	0
0x001186fa	0x00118b48	UNCONDITIONAL_CALL	0
0x001186ff	0xStack[-0x8]	READ	1
0x00118711	0xStack[0x8]	READ	1
0x00118719	0xStack[0x4]	READ	1
0x00118720	0x0011872c	CONDITIONAL_JUMP	0
0x0011872a	0x00118734	CONDITIONAL_JUMP	0
0x00118731	0x0011879e	UNCONDITIONAL_JUMP	0
0x00118739	0xStack[-0x44]	DATA	0
0x0011873d	0x0011ea88	UNCONDITIONAL_CALL	0
0x00118742	0xStack[-0x44]	WRITE	0
0x00118749	0xStack[-0x40]	WRITE	0
0x0011874f	0xStack[-0x48]	DATA	0
0x0011875e	0x0011e204	UNCONDITIONAL_CALL	0
0x00118768	0x00118778	CONDITIONAL_JUMP	0
0x0011876d	0x0011879e	CONDITIONAL_JUMP	0
0x00118774	0x0011879e	UNCONDITIONAL_JUMP	0
0x00118778	0xStack[-0x48]	READ	1
0x0011877b	0xStack[0x4]	READ	1
0x00118783	0xStack[0x4]	READ	1
0x00118791	0x001141a4	UNCONDITIONAL_CALL	0
0x00118796	0xStack[0x4]	READ	1
0x0011879e	0xStack[-0x54]	DATA	0
0x001187b1	0xStack[0x4]	READ	1
0x001187b4	0xStack[0x8]	READ	1
0x001187c8	0x001187d4	CONDITIONAL_JUMP	0
0x001187cf	0x0011885d	UNCONDITIONAL_JUMP	0
0x001187d8	0xStack[-0x8]	DATA	0
0x001187e6	0x0011c0f8	UNCONDITIONAL_CALL	0
0x001187f0	0x0011885d	CONDITIONAL_JUMP	0
0x001187f2	0xStack[-0x8]	READ	1
0x001187f9	0x00118804	CONDITIONAL_JUMP	0
0x00118800	0x0011884e	UNCONDITIONAL_JUMP	0
0x00118809	0x0011883a	CONDITIONAL_JUMP	0
0x00118811	0x0011881c	CONDITIONAL_JUMP	0
0x00118818	0x0011884e	UNCONDITIONAL_JUMP	0
0x00118823	0x00118844	CONDITIONAL_JUMP	0
0x00118829	0x0011883a	CONDITIONAL_JUMP	0
0x0011882c	0x00116230	UNCONDITIONAL_CALL	0
0x00118838	0x00118844	CONDITIONAL_JUMP	0
0x0011883f	0x0011884e	UNCONDITIONAL_JUMP	0
0x00118846	0x00118868	UNCONDITIONAL_CALL	0
0x0011884e	0xStack[-0x8]	READ	1
0x00118852	0xStack[-0xc]	WRITE	0
0x00118855	0x0011df54	UNCONDITIONAL_CALL	0
0x0011885a	0xStack[-0xc]	READ	1
0x0011885d	0xStack[-0x18]	DATA	0
0x0011886e	0xStack[0x4]	READ	1
0x00118871	0xStack[0x8]	READ	1
0x0011887d	0x00118888	CONDITIONAL_JUMP	0
0x00118884	0x001188c8	UNCONDITIONAL_JUMP	0
0x00118895	0x001188a8	CONDITIONAL_JUMP	0
0x0011889b	0x001188bc	CONDITIONAL_JUMP	0
0x001188a6	0x001188b1	UNCONDITIONAL_JUMP	0
0x001188ac	0x00116144	UNCONDITIONAL_CALL	0
0x001188b2	0x00116144	UNCONDITIONAL_CALL	0
0x001188b7	0x001188c6	UNCONDITIONAL_JUMP	0
0x001188bc	0x001db404	DATA	0
0x001188c1	0x0010ca6c	UNCONDITIONAL_CALL	0
0x001188c8	0xStack[-0x10]	DATA	0
0x001188d9	0xStack[0x4]	READ	1
0x001188e1	0x00118951	CONDITIONAL_JUMP	0
0x001188f3	0x0011893c	CONDITIONAL_JUMP	0
0x001188f9	0x00118951	CONDITIONAL_JUMP	0
0x00118900	0x0011890c	CONDITIONAL_JUMP	0
0x00118908	0x0011892c	UNCONDITIONAL_JUMP	0
0x00118910	0x0011891f	CONDITIONAL_JUMP	0
0x00118912	0x001db411	DATA	0
0x00118917	0x0010ca6c	UNCONDITIONAL_CALL	0
0x00118924	0x0011890c	CONDITIONAL_JUMP	0
0x00118939	0x00118951	UNCONDITIONAL_JUMP	0
0x0011893d	0x001161f8	UNCONDITIONAL_CALL	0
0x0011894c	0x001161f8	UNCONDITIONAL_CALL	0
0x00118951	0xStack[-0xc]	DATA	0
0x0011896a	0xStack[0x4]	READ	1
0x0011896f	0xStack[0x8]	READ	1
0x0011897c	0x001189f0	CONDITIONAL_JUMP	0
0x0011898e	0x001189d8	CONDITIONAL_JUMP	0
0x00118994	0x001189f0	CONDITIONAL_JUMP	0
0x0011899b	0x001189a8	CONDITIONAL_JUMP	0
0x001189a3	0x001189c8	UNCONDITIONAL_JUMP	0
0x001189ac	0x001189bb	CONDITIONAL_JUMP	0
0x001189ae	0x001db411	DATA	0
0x001189b3	0x0010ca6c	UNCONDITIONAL_CALL	0
0x001189c0	0x001189a8	CONDITIONAL_JUMP	0
0x001189d5	0x001189f0	UNCONDITIONAL_JUMP	0
0x001189d9	0x001161f8	UNCONDITIONAL_CALL	0
0x001189e8	0x001161f8	UNCONDITIONAL_CALL	0
0x001189f4	0x00118a14	CONDITIONAL_JUMP	0
0x00118a01	0x001140e0	UNCONDITIONAL_CALL	0
0x00118a09	0x0015a824	UNCONDITIONAL_CALL	0
0x00118a0f	0x00114d4c	UNCONDITIONAL_CALL	0
0x00118a14	0xStack[-0x10]	DATA	0
0x00118a29	0xStack[0x4]	READ	1
0x00118a33	0xStack[-0x8]	WRITE	0
0x00118a3b	0x00104788	UNCONDITIONAL_CALL	0
0x00118a40	0xStack[-0x8]	READ	0
0x00118a43	0x00118a70	CONDITIONAL_JUMP	0
0x00118a47	0xStack[-0x8]	READ	0
0x00118a4a	0x00118a66	CONDITIONAL_JUMP	0
0x00118a4f	0x00118d38	UNCONDITIONAL_CALL	0
0x00118a61	0xStack[-0x8]	READ	0
0x00118a64	0x00118a4c	CONDITIONAL_JUMP	0
0x00118a6b	0x00118abc	UNCONDITIONAL_JUMP	0
0x00118a72	0xStack[-0x8]	READ	0
0x00118a75	0x00118aba	CONDITIONAL_JUMP	0
0x00118a7a	0x001046f0	UNCONDITIONAL_CALL	0
0x00118a86	0x00118a95	CONDITIONAL_JUMP	0
0x00118a88	0x001db420	DATA	0
0x00118a8d	0x0010ca6c	UNCONDITIONAL_CALL	0
0x00118a97	0x001e8758	READ	1
0x00118aa9	0x001e98dc	READ_WRITE	0
0x00118ab5	0xStack[-0x8]	READ	0
0x00118ab8	0x00118a78	CONDITIONAL_JUMP	0
0x00118abc	0xStack[-0x14]	DATA	0
0x00118ad1	0xStack[0x4]	READ	1
0x00118ae6	0x00118b0d	CONDITIONAL_JUMP	0
0x00118aee	0xStack[-0x8]	WRITE	0
0x00118af1	0x00104900	UNCONDITIONAL_CALL	0
0x00118af9	0xStack[-0x8]	READ	1
0x00118afe	0x00118b08	CONDITIONAL_JUMP	0
0x00118b05	0x00118b3d	UNCONDITIONAL_JUMP	0
0x00118b0b	0x00118ae8	CONDITIONAL_JUMP	0
0x00118b16	0x00118b3b	CONDITIONAL_JUMP	0
0x00118b1b	0x00104900	UNCONDITIONAL_CALL	0
0x00118b2d	0x001e98dc	READ_WRITE	0
0x00118b39	0x00118b18	CONDITIONAL_JUMP	0
0x00118b3d	0xStack[-0x14]	DATA	0
0x00118b4c	0x001e98d8	READ	0
0x00118b53	0x00118c86	CONDITIONAL_JUMP	0
0x00118b59	0x001e98d8	WRITE	0
0x00118b63	0x001e98d4	WRITE	0
0x00118b6d	0x001e89d8	READ	1
0x00118b73	0x001e89d8	DATA	1
0x00118b79	0x00118b8c	CONDITIONAL_JUMP	0
0x00118b82	0x001e89d8	DATA	1
0x00118b88	0x00118b7c	CONDITIONAL_JUMP	0
0x00118b8c	0x001e89d8	READ	1
0x00118b92	0x001e89d8	DATA	1
0x00118b98	0x00118c27	CONDITIONAL_JUMP	0
0x00118ba7	0x00118c19	CONDITIONAL_JUMP	0
0x00118bae	0x00118bc0	CONDITIONAL_JUMP	0
0x00118bb5	0x001e98d4	READ_WRITE	0
0x00118bbb	0x00118bcf	UNCONDITIONAL_JUMP	0
0x00118bc2	0x00118c19	CONDITIONAL_JUMP	0
0x00118bc8	0x00118c19	CONDITIONAL_JUMP	0
0x00118bd4	0x00118c19	CONDITIONAL_JUMP	0
0x00118bdb	0x00118c19	CONDITIONAL_JUMP	0
0x00118be0	0x001db2b8	DATA	1
0x00118be7	0x00118c19	CONDITIONAL_JUMP	0
0x00118bed	0x00118c19	CONDITIONAL_JUMP	0
0x00118bf3	0x00118c08	CONDITIONAL_JUMP	0
0x00118bf9	0x00116418	UNCONDITIONAL_CALL	0
0x00118c01	0x00118b63	UNCONDITIONAL_JUMP	0
0x00118c08	0x00118d1c	DATA	0
0x00118c11	0x00118cac	UNCONDITIONAL_CALL	0
0x00118c1b	0x001e89d8	DATA	1
0x00118c21	0x00118ba0	CONDITIONAL_JUMP	0
0x00118c27	0x001e98d4	READ	0
0x00118c2e	0x00118b8c	CONDITIONAL_JUMP	0
0x00118c34	0x001e89d8	READ	1
0x00118c3a	0x001e89d8	DATA	1
0x00118c40	0x00118c7c	CONDITIONAL_JUMP	0
0x00118c4c	0x00118c72	CONDITIONAL_JUMP	0
0x00118c52	0x00118c72	CONDITIONAL_JUMP	0
0x00118c57	0x00118c6c	CONDITIONAL_JUMP	0
0x00118c5d	0x00118d38	UNCONDITIONAL_CALL	0
0x00118c6a	0x00118c5c	CONDITIONAL_JUMP	0
0x00118c6c	0x001e89d8	READ	1
0x00118c74	0x001e89d8	DATA	1
0x00118c7a	0x00118c44	CONDITIONAL_JUMP	0
0x00118c7c	0x001e98d8	WRITE	0
0x00118c86	0xStack[-0x8]	READ	1
0x00118c93	0xStack[0x4]	READ	1
0x00118c98	0x00118ca5	CONDITIONAL_JUMP	0
0x00118c9a	0x00118d38	DATA	0
0x00118ca0	0x00118cac	UNCONDITIONAL_CALL	0
0x00118cb5	0xStack[0x4]	READ	1
0x00118cba	0x00118d11	CONDITIONAL_JUMP	0
0x00118cc0	0x00118d0a	CONDITIONAL_JUMP	0
0x00118cc9	0x00118d04	CONDITIONAL_JUMP	0
0x00118cd2	0x00118d04	CONDITIONAL_JUMP	0
0x00118cd8	0xStack[-0xc]	WRITE	0
0x00118ce4	0x00118d0a	CONDITIONAL_JUMP	0
0x00118cee	0xStack[-0x8]	WRITE	0
0x00118cf1	0xStack[0x8]	READ	1
0x00118cfa	0xStack[-0x8]	READ	1
0x00118cfd	0xStack[-0xc]	READ	0
0x00118d00	0x00118ce8	CONDITIONAL_JUMP	0
0x00118d02	0x00118d0a	UNCONDITIONAL_JUMP	0
0x00118d08	0x00118cc4	CONDITIONAL_JUMP	0
0x00118d0f	0x00118cbc	CONDITIONAL_JUMP	0
0x00118d11	0xStack[-0x18]	DATA	0
0x00118d1f	0xStack[0x4]	READ	1
0x00118d26	0x00118d32	CONDITIONAL_JUMP	0
0x00118d28	0x001e98d4	READ_WRITE	0
0x00118d3b	0xStack[0x4]	READ	1
0x00118d42	0x001e98dc	READ_WRITE	0
0x00118d49	0x00104948	UNCONDITIONAL_CALL	0
0x00118d5d	0x001e875c	READ	1
0x00118d65	0xStack[-0x14]	WRITE	0
0x00118d6c	0xStack[-0x18]	DATA	0
0x00118d76	0x00118d7b	CONDITIONAL_JUMP	0
0x00118d78	0xStack[-0x14]	DATA	0
0x00118d84	0x0011c0f8	UNCONDITIONAL_CALL	0
0x00118d8b	0x001e875c	READ	1
0x00118d93	0x001e875c	READ	1
0x00118d9f	0x00119289	CONDITIONAL_JUMP	0
0x00118da5	0xStack[-0x18]	READ	0
0x00118da9	0x00118e64	CONDITIONAL_JUMP	0
0x00118daf	0xStack[-0x14]	READ	1
0x00118db4	0x00118dbf	CONDITIONAL_JUMP	0
0x00118db7	0x0011df54	UNCONDITIONAL_CALL	0
0x00118dbf	0xStack[-0x18]	READ	1
0x00118dc9	0x00118e94	CONDITIONAL_JUMP	0
0x00118dcf	0x0011b754	UNCONDITIONAL_CALL	0
0x00118dd4	0xStack[-0x18]	READ	1
0x00118ddc	0x00118de8	CONDITIONAL_JUMP	0
0x00118de2	0x00118de8	CONDITIONAL_JUMP	0
0x00118de5	0x00118e19	UNCONDITIONAL_JUMP	0
0x00118de8	0xStack[-0x18]	READ	1
0x00118def	0x00118e08	CONDITIONAL_JUMP	0
0x00118df2	0x0011df54	UNCONDITIONAL_CALL	0
0x00118df7	0x001e875c	READ	1
0x00118e00	0x00119289	UNCONDITIONAL_JUMP	0
0x00118e0c	0x00118e2c	CONDITIONAL_JUMP	0
0x00118e12	0x00118eb8	CONDITIONAL_JUMP	0
0x00118e19	0x0011df54	UNCONDITIONAL_CALL	0
0x00118e1e	0x001e875c	READ	1
0x00118e27	0x00119289	UNCONDITIONAL_JUMP	0
0x00118e2f	0x001e8758	READ	1
0x00118e4b	0x00118eb8	CONDITIONAL_JUMP	0
0x00118e4d	0xStack[-0x18]	READ	1
0x00118e51	0x0011df54	UNCONDITIONAL_CALL	0
0x00118e56	0x001e875c	READ	1
0x00118e5e	0x00119289	UNCONDITIONAL_JUMP	0
0x00118e6a	0x00118e88	CONDITIONAL_JUMP	0
0x00118e6c	0xStack[-0x14]	READ	1
0x00118e71	0x00118e79	CONDITIONAL_JUMP	0
0x00118e74	0x0011df54	UNCONDITIONAL_CALL	0
0x00118e79	0x001e875c	READ	1
0x00118e82	0x00119289	UNCONDITIONAL_JUMP	0
0x00118e88	0xStack[-0x14]	READ	1
0x00118e92	0x00118ea8	CONDITIONAL_JUMP	0
0x00118e95	0x0011df54	UNCONDITIONAL_CALL	0
0x00118e9a	0x001e875c	READ	1
0x00118ea3	0x00119289	UNCONDITIONAL_JUMP	0
0x00118eae	0xStack[-0x18]	WRITE	0
0x00118eb1	0xStack[-0x14]	WRITE	0
0x00118ebc	0x00118f58	CONDITIONAL_JUMP	0
0x00118ec2	0xStack[-0x10]	DATA	0
0x00118ecb	0x0011c9a0	UNCONDITIONAL_CALL	0
0x00118ed2	0x001e875c	READ	1
0x00118eda	0x001e875c	READ	1
0x00118ee6	0x00119280	CONDITIONAL_JUMP	0
0x00118eec	0x001db640	DATA	1
0x00118ef1	0x001db6f4	READ	0
0x00118ef7	0x00118f1e	CONDITIONAL_JUMP	0
0x00118efc	0x001db640	READ	1
0x00118efc	0x001db648	READ	1
0x00118f00	0x00118f13	CONDITIONAL_JUMP	0
0x00118f02	0x001db6f0	DATA	0
0x00118f02	0x001db6ec	DATA	0
0x00118f03	0xStack[-0xc]	READ	1
0x00118f07	0x00101e7c	UNCONDITIONAL_CALL	0
0x00118f11	0x00118f1e	CONDITIONAL_JUMP	0
0x00118f16	0x001db6f4	READ	0
0x00118f1c	0x00118efc	CONDITIONAL_JUMP	0
0x00118f1e	0x001db6f4	READ	0
0x00118f24	0x00118f48	CONDITIONAL_JUMP	0
0x00118f26	0x001e875c	READ	1
0x00118f2f	0xStack[-0x18]	READ	1
0x00118f33	0x0011df54	UNCONDITIONAL_CALL	0
0x00118f38	0xStack[-0x10]	DATA	0
0x00118f3c	0x0011cb84	UNCONDITIONAL_CALL	0
0x00118f41	0x00119289	UNCONDITIONAL_JUMP	0
0x00118f48	0xStack[-0x10]	DATA	0
0x00118f4c	0x0011cb84	UNCONDITIONAL_CALL	0
0x00118f54	0x00118f84	UNCONDITIONAL_JUMP	0
0x00118f5d	0x00118f75	CONDITIONAL_JUMP	0
0x00118f5f	0x001db450	DATA	1
0x00118f69	0x001db640	DATA	1
0x00118f6f	0x001db644	DATA	1
0x00118f73	0x00118f84	CONDITIONAL_JUMP	0
0x00118f75	0x001e875c	READ	1
0x00118f7e	0x00119280	UNCONDITIONAL_JUMP	0
0x00118f84	0xStack[-0x1c]	WRITE	0
0x00118f8f	0x00119078	CONDITIONAL_JUMP	0
0x00118f95	0x001e97a4	READ	1
0x00118f9d	0x00118fc2	CONDITIONAL_JUMP	0
0x00118f9f	0xStack[-0x18]	READ	1
0x00118faa	0x00118fb8	CONDITIONAL_JUMP	0
0x00118fb0	0x00118fb8	CONDITIONAL_JUMP	0
0x00118fb6	0x00118fbe	CONDITIONAL_JUMP	0
0x00118fbc	0x00118fa8	CONDITIONAL_JUMP	0
0x00118fc0	0x00118fd0	CONDITIONAL_JUMP	0
0x00118fc2	0x001e875c	READ	1
0x00118fcb	0x00119280	UNCONDITIONAL_JUMP	0
0x00118fd1	0x0011991c	UNCONDITIONAL_CALL	0
0x00118fd8	0x001e875c	READ	1
0x00118fe0	0x001e875c	READ	1
0x00118fec	0x00119280	CONDITIONAL_JUMP	0
0x00118ff2	0xStack[-0x10]	DATA	0
0x00118ffc	0x0011c9a0	UNCONDITIONAL_CALL	0
0x00119003	0x001e875c	READ	1
0x0011900b	0x001e875c	READ	1
0x00119017	0x00119030	CONDITIONAL_JUMP	0
0x00119019	0xStack[-0x18]	READ	1
0x0011901d	0x0011df54	UNCONDITIONAL_CALL	0
0x00119023	0x00119940	UNCONDITIONAL_CALL	0
0x00119028	0x00119289	UNCONDITIONAL_JUMP	0
0x00119034	0x00119064	CONDITIONAL_JUMP	0
0x00119036	0x001db464	DATA	0
0x0011903b	0x0010c0d8	UNCONDITIONAL_CALL	0
0x00119040	0x001e875c	READ	1
0x0011904a	0x00119940	UNCONDITIONAL_CALL	0
0x0011904f	0xStack[-0x18]	READ	1
0x00119053	0x0011df54	UNCONDITIONAL_CALL	0
0x00119059	0x0011cb84	UNCONDITIONAL_CALL	0
0x0011905e	0x00119289	UNCONDITIONAL_JUMP	0
0x00119067	0xStack[-0x20]	WRITE	0
0x00119073	0x001191d1	UNCONDITIONAL_JUMP	0
0x00119078	0xStack[-0x20]	WRITE	0
0x0011907f	0xStack[-0x10]	DATA	0
0x00119089	0x0011c9a0	UNCONDITIONAL_CALL	0
0x00119090	0x001e875c	READ	1
0x00119098	0x001e875c	READ	1
0x001190a4	0x00119280	CONDITIONAL_JUMP	0
0x001190af	0x0015a75c	UNCONDITIONAL_CALL	0
0x001190bc	0x001db654	READ	1
0x001190e4	0x001e8758	READ	1
0x001190ff	0x00119130	CONDITIONAL_JUMP	0
0x00119101	0xStack[-0xc]	READ	1
0x00119109	0x00101fc4	UNCONDITIONAL_CALL	0
0x00119113	0x0011911c	CONDITIONAL_JUMP	0
0x00119118	0x00119104	UNCONDITIONAL_JUMP	0
0x00119126	0x00101bc0	UNCONDITIONAL_CALL	0
0x0011912e	0x00119186	UNCONDITIONAL_JUMP	0
0x00119135	0xStack[-0xc]	READ	1
0x0011913d	0x00101bc0	UNCONDITIONAL_CALL	0
0x00119142	0xStack[-0x18]	READ	1
0x00119148	0x001de480	DATA	1
0x0011914f	0x00119186	CONDITIONAL_JUMP	0
0x00119151	0x0011916c	UNCONDITIONAL_JUMP	0
0x00119161	0x0010a588	UNCONDITIONAL_CALL	0
0x00119169	0xStack[-0x18]	READ	1
0x00119173	0x00119154	CONDITIONAL_JUMP	0
0x00119175	0xStack[-0x18]	READ	1
0x0011917f	0xStack[-0x1c]	WRITE	0
0x0011918b	0x001191a8	CONDITIONAL_JUMP	0
0x0011918f	0x001db47d	DATA	0
0x00119195	0x00101efc	UNCONDITIONAL_CALL	0
0x0011919f	0x001191a8	CONDITIONAL_JUMP	0
0x001191b0	0x001191b6	CONDITIONAL_JUMP	0
0x001191bb	0xStack[-0x18]	READ	1
0x001191bf	0x00119794	UNCONDITIONAL_CALL	0
0x001191c6	0x001e875c	READ	1
0x001191d1	0x001e875c	READ	1
0x001191da	0x001191f9	CONDITIONAL_JUMP	0
0x001191e3	0xStack[-0xc]	READ	1
0x001191ee	0x001e875c	READ	1
0x001191f9	0xStack[-0x1c]	READ	0
0x001191fd	0x00119226	CONDITIONAL_JUMP	0
0x001191ff	0xStack[-0x18]	READ	1
0x00119212	0x00119226	CONDITIONAL_JUMP	0
0x0011921e	0x0010ab38	UNCONDITIONAL_CALL	0
0x00119226	0xStack[-0x10]	DATA	0
0x0011922a	0x0011cb84	UNCONDITIONAL_CALL	0
0x0011922f	0x001e875c	READ	1
0x0011923b	0x00119254	CONDITIONAL_JUMP	0
0x0011923e	0x00119940	UNCONDITIONAL_CALL	0
0x0011924a	0x00119289	CONDITIONAL_JUMP	0
0x00119250	0x00119280	UNCONDITIONAL_JUMP	0
0x00119258	0x0011926c	CONDITIONAL_JUMP	0
0x0011925a	0xStack[-0x20]	READ	1
0x00119261	0x00119940	UNCONDITIONAL_CALL	0
0x00119269	0x00119280	UNCONDITIONAL_JUMP	0
0x0011926d	0x00119870	UNCONDITIONAL_CALL	0
0x00119278	0x0015a824	UNCONDITIONAL_CALL	0
0x00119280	0xStack[-0x18]	READ	1
0x00119284	0x0011df54	UNCONDITIONAL_CALL	0
0x00119289	0xStack[-0x2c]	DATA	0
0x00119298	0x0015f468	UNCONDITIONAL_CALL	0
0x0011929d	0x001db640	DATA	1
0x001192a2	0x001db6f4	READ	0
0x001192a8	0x001192c8	CONDITIONAL_JUMP	0
0x001192ac	0x001db644	READ	1
0x001192ac	0x001db64c	READ	1
0x001192ac	0x001dc560	DATA	0
0x001192b1	0x001192bd	CONDITIONAL_JUMP	0
0x001192b5	0x001de3d8	READ	1
0x001192b5	0x001dc570	READ	1
0x001192b8	0x001439e4	COMPUTED_CALL	0
0x001192b8	0x00131094	COMPUTED_CALL	0
0x001192c0	0x001db6f4	READ	0
0x001192c6	0x001192ac	CONDITIONAL_JUMP	0
0x001192c8	0xStack[-0x8]	READ	1
0x001192d7	0x001e875c	READ	1
0x001192df	0xStack[-0x8]	DATA	0
0x001192ec	0x0011c0f8	UNCONDITIONAL_CALL	0
0x001192f3	0x001e875c	READ	1
0x001192fb	0x001e875c	READ	1
0x00119307	0x00119322	CONDITIONAL_JUMP	0
0x0011930d	0xStack[-0x8]	READ	1
0x00119314	0x0011937c	UNCONDITIONAL_CALL	0
0x00119319	0xStack[-0x8]	READ	1
0x0011931d	0x0011df54	UNCONDITIONAL_CALL	0
0x00119322	0xStack[-0xc]	READ	1
0x00119333	0x001e875c	READ	1
0x0011933b	0xStack[-0x8]	DATA	0
0x00119342	0x0011de44	UNCONDITIONAL_CALL	0
0x00119349	0x001e875c	READ	1
0x00119351	0x001e875c	READ	1
0x0011935d	0x00119372	CONDITIONAL_JUMP	0
0x00119363	0xStack[-0x8]	READ	1
0x0011936d	0x0011937c	UNCONDITIONAL_CALL	0
0x00119372	0xStack[-0xc]	READ	1
0x00119384	0xStack[0x4]	READ	1
0x00119389	0xStack[-0x44]	DATA	0
0x0011938d	0x00101600	UNCONDITIONAL_CALL	0
0x0011939e	0x001e875c	READ	1
0x001193a6	0x001e875c	READ	1
0x001193b2	0x001193ca	CONDITIONAL_JUMP	0
0x001193b6	0xStack[0x8]	READ	1
0x001193bb	0x00189cec	UNCONDITIONAL_CALL	0
0x001193c2	0x001e875c	READ	1
0x001193ca	0xStack[-0x4c]	DATA	0
0x001193db	0x001e875c	READ	1
0x001193e3	0xStack[-0x8]	DATA	0
0x001193f0	0x0011c0f8	UNCONDITIONAL_CALL	0
0x001193f7	0x001e875c	READ	1
0x001193ff	0x001e875c	READ	1
0x0011940c	0x0011947a	CONDITIONAL_JUMP	0
0x0011940e	0xStack[-0x8]	READ	1
0x00119415	0x00119428	CONDITIONAL_JUMP	0
0x0011941b	0xStack[-0x8]	READ	1
0x0011941f	0x0011df54	UNCONDITIONAL_CALL	0
0x00119424	0x0011947a	UNCONDITIONAL_JUMP	0
0x0011942c	0x0011df54	UNCONDITIONAL_CALL	0
0x00119431	0x001e8758	READ	1
0x00119447	0x00119460	CONDITIONAL_JUMP	0
0x00119449	0x00108310	UNCONDITIONAL_CALL	0
0x00119450	0x00119460	CONDITIONAL_JUMP	0
0x00119452	0x001e875c	READ	1
0x0011945b	0x0011947a	UNCONDITIONAL_JUMP	0
0x00119460	0x0015ed8c	UNCONDITIONAL_CALL	0
0x00119465	0x001797c8	UNCONDITIONAL_CALL	0
0x0011946b	0x00119484	UNCONDITIONAL_CALL	0
0x00119472	0x001e875c	READ	1
0x0011947a	0xStack[-0xc]	READ	1
0x0011948a	0xStack[0x4]	READ	1
0x00119491	0x0011991c	UNCONDITIONAL_CALL	0
0x0011949d	0x001194e8	CONDITIONAL_JUMP	0
0x0011949f	0x0011b754	UNCONDITIONAL_CALL	0
0x001194bd	0x001194c8	CONDITIONAL_JUMP	0
0x001194c0	0x00119940	UNCONDITIONAL_CALL	0
0x001194c5	0x001194e6	UNCONDITIONAL_JUMP	0
0x001194ca	0x001194db	CONDITIONAL_JUMP	0
0x001194cd	0x0011df54	UNCONDITIONAL_CALL	0
0x001194d3	0x00119870	UNCONDITIONAL_CALL	0
0x001194e1	0x0015a824	UNCONDITIONAL_CALL	0
0x001194e8	0xStack[-0x10]	DATA	0
0x001194f9	0xStack[0x4]	READ	1
0x001194fc	0x001db640	DATA	1
0x00119501	0x001db6f4	READ	0
0x00119507	0x0011952b	CONDITIONAL_JUMP	0
0x0011950c	0x001db640	READ	1
0x0011950c	0x001db648	READ	1
0x0011950e	0x001db6f0	DATA	0
0x0011950e	0x001db6ec	DATA	0
0x00119510	0x00101e7c	UNCONDITIONAL_CALL	0
0x0011951a	0x00119520	CONDITIONAL_JUMP	0
0x0011951c	0x001db640	DATA	0
0x0011951e	0x0011952d	UNCONDITIONAL_JUMP	0
0x00119523	0x001db6f4	READ	0
0x00119529	0x0011950c	CONDITIONAL_JUMP	0
0x0011952d	0xStack[-0xc]	DATA	0
0x00119548	0x0015a75c	UNCONDITIONAL_CALL	0
0x0011954d	0x001e97a4	WRITE	0
0x00119555	0x001db640	DATA	1
0x0011955a	0x001db6f4	READ	0
0x00119560	0x00119583	CONDITIONAL_JUMP	0
0x00119564	0x001db640	READ	1
0x00119564	0x001db648	READ	1
0x00119566	0x001db6f0	DATA	0
0x00119566	0x001db6ec	DATA	0
0x00119567	0x001e98f0	DATA	0
0x0011956c	0x00101e7c	UNCONDITIONAL_CALL	0
0x00119576	0x001195f0	CONDITIONAL_JUMP	0
0x0011957b	0x001db6f4	READ	0
0x00119581	0x00119564	CONDITIONAL_JUMP	0
0x00119587	0x001195f4	CONDITIONAL_JUMP	0
0x00119589	0x001e97a4	READ	1
0x00119594	0x001db644	READ	1
0x00119597	0x001de3c8	DATA	1
0x001195bc	0x001e8758	READ	1
0x001195d3	0x001e9900	DATA	0
0x001195d8	0x001e99b0	DATA	0
0x001195e8	0x0011967d	UNCONDITIONAL_JUMP	0
0x001195f2	0x00119585	UNCONDITIONAL_JUMP	0
0x001195f4	0x001db640	DATA	1
0x001195f9	0x001db6f4	READ	0
0x001195ff	0x0011967d	CONDITIONAL_JUMP	0
0x00119601	0x001db644	DATA	1
0x00119608	0x001db644	READ	0
0x00119608	0x001db64c	READ	0
0x0011960b	0x0011966f	CONDITIONAL_JUMP	0
0x0011960d	0x001e97a4	READ	1
0x00119619	0x001db644	READ	1
0x00119619	0x001db64c	READ	1
0x0011961b	0x001de3c8	DATA	1
0x0011961b	0x001dc560	DATA	1
0x00119640	0x001e8758	READ	1
0x00119656	0x001e9900	DATA	0
0x0011965b	0x001e99b0	DATA	0
0x00119661	0x001de3e0	READ	1
0x00119664	0x001430a8	COMPUTED_CALL	0
0x0011966d	0x00119699	CONDITIONAL_JUMP	0
0x00119675	0x001db6f4	READ	0
0x0011967b	0x00119608	CONDITIONAL_JUMP	0
0x0011967f	0x00119699	CONDITIONAL_JUMP	0
0x00119682	0x001db48d	DATA	0
0x00119687	0x0010c0d8	UNCONDITIONAL_CALL	0
0x0011968c	0x001db4a6	DATA	0
0x00119691	0x0010ca6c	UNCONDITIONAL_CALL	0
0x00119699	0x001e97a4	READ	1
0x001196a1	0x001e97a0	DATA	0
0x001196a7	0x001de3d0	READ	1
0x001196aa	0x001438cc	COMPUTED_CALL	0
0x001196b3	0x001196c2	CONDITIONAL_JUMP	0
0x001196b5	0x001db4c7	DATA	0
0x001196ba	0x0010ca6c	UNCONDITIONAL_CALL	0
0x001196c2	0x001e8758	READ	1
0x001196c7	0x001e97a0	READ	1
0x001196d3	0x001e8758	READ	1
0x001196e2	0x001e8758	READ	1
0x001196f1	0x001e9990	READ	0
0x001196f8	0x0011975d	CONDITIONAL_JUMP	0
0x001196fa	0xStack[-0x8]	DATA	0
0x00119704	0x001e9990	DATA	0
0x00119709	0x0011c0f8	UNCONDITIONAL_CALL	0
0x00119713	0x0011975d	CONDITIONAL_JUMP	0
0x00119715	0xStack[-0x8]	READ	1
0x00119718	0x001e97a0	WRITE	0
0x0011971e	0x001e8758	READ	1
0x0011972a	0x0011df54	UNCONDITIONAL_CALL	0
0x0011972f	0x001e8758	READ	1
0x0011973b	0x0011df54	UNCONDITIONAL_CALL	0
0x00119740	0x001e8758	READ	1
0x00119745	0x001e97a0	READ	1
0x00119751	0x001e97a0	READ	1
0x0011975d	0x001e99b0	READ	1
0x00119763	0x001e9988	WRITE	0
0x00119769	0x001db650	READ	0
0x0011976c	0x001e98f0	DATA	0
0x00119771	0x00101b48	UNCONDITIONAL_CALL	0
0x00119776	0x001e9984	WRITE	0
0x00119780	0x001e9980	WRITE	0
0x0011978a	0xStack[-0x14]	DATA	0
0x0011979a	0xStack[0x4]	READ	1
0x0011979d	0xStack[0x8]	READ	1
0x001197a0	0xStack[0xc]	READ	1
0x001197a4	0x0011991c	UNCONDITIONAL_CALL	0
0x001197ae	0x00119865	CONDITIONAL_JUMP	0
0x001197b6	0x001197fc	CONDITIONAL_JUMP	0
0x001197bc	0x001197d0	CONDITIONAL_JUMP	0
0x001197bf	0x00119940	UNCONDITIONAL_CALL	0
0x001197c9	0x00119865	UNCONDITIONAL_JUMP	0
0x001197d3	0x001197ec	CONDITIONAL_JUMP	0
0x001197e5	0x00160844	UNCONDITIONAL_CALL	0
0x001197ea	0x001197ef	UNCONDITIONAL_JUMP	0
0x001197ef	0x001e97a4	READ	1
0x001197fa	0x00119808	UNCONDITIONAL_JUMP	0
0x001197fc	0x001e97a4	WRITE	0
0x00119811	0x0011981c	CONDITIONAL_JUMP	0
0x00119817	0x00119820	UNCONDITIONAL_JUMP	0
0x00119826	0x00119830	CONDITIONAL_JUMP	0
0x0011982c	0x00119834	UNCONDITIONAL_JUMP	0
0x0011983a	0x00119844	CONDITIONAL_JUMP	0
0x00119840	0x00119848	UNCONDITIONAL_JUMP	0
0x0011984e	0x00119858	CONDITIONAL_JUMP	0
0x00119854	0x0011985c	UNCONDITIONAL_JUMP	0
0x00119865	0xStack[-0x10]	DATA	0
0x00119876	0xStack[0x4]	READ	1
0x00119879	0x001e97a4	READ	0
0x0011987f	0x0011988e	CONDITIONAL_JUMP	0
0x00119881	0x001db4ed	DATA	0
0x00119886	0x0010ca6c	UNCONDITIONAL_CALL	0
0x0011988e	0x001e97a4	READ	1
0x00119896	0x00119906	CONDITIONAL_JUMP	0
0x0011989c	0x00119900	CONDITIONAL_JUMP	0
0x001198a9	0x001198f0	CONDITIONAL_JUMP	0
0x001198b2	0x001198c9	CONDITIONAL_JUMP	0
0x001198b8	0x001198da	CONDITIONAL_JUMP	0
0x001198c7	0x001198b4	CONDITIONAL_JUMP	0
0x001198cb	0x001198da	CONDITIONAL_JUMP	0
0x001198cd	0x001db509	DATA	0
0x001198d2	0x0010ca6c	UNCONDITIONAL_CALL	0
0x001198e6	0x00160844	UNCONDITIONAL_CALL	0
0x001198ee	0x001198f7	UNCONDITIONAL_JUMP	0
0x001198f8	0x00119940	UNCONDITIONAL_CALL	0
0x001198fd	0x00119910	UNCONDITIONAL_JUMP	0
0x00119904	0x00119898	CONDITIONAL_JUMP	0
0x00119906	0x001db52f	DATA	0
0x0011990b	0x0010ca6c	UNCONDITIONAL_CALL	0
0x00119910	0xStack[-0x10]	DATA	0
0x0011991f	0xStack[0x4]	READ	1
0x00119927	0x00119934	CONDITIONAL_JUMP	0
0x00119944	0xStack[0x4]	READ	1
0x0011994b	0x0011995a	CONDITIONAL_JUMP	0
0x0011994d	0x001db549	DATA	0
0x00119952	0x0010ca6c	UNCONDITIONAL_CALL	0
0x00119967	0x00119974	CONDITIONAL_JUMP	0
0x0011996f	0x0010ab38	UNCONDITIONAL_CALL	0
0x00119974	0xStack[-0x8]	READ	1
0x00119980	0xStack[0x4]	READ	1
0x00119983	0x001e97a4	READ	1
0x0011998b	0x001199a3	CONDITIONAL_JUMP	0
0x00119993	0x0011999d	CONDITIONAL_JUMP	0
0x0011999b	0x001199a3	CONDITIONAL_JUMP	0
0x001199a1	0x00119990	CONDITIONAL_JUMP	0
0x001199a5	0xStack[-0x8]	READ	1
0x001199b5	0xStack[0x4]	READ	1
0x001199b8	0xStack[0x8]	READ	1
0x001199bb	0x001e97a4	READ	1
0x001199c3	0x00119a0e	CONDITIONAL_JUMP	0
0x001199cb	0xStack[-0x48]	DATA	0
0x001199da	0x00119a13	CONDITIONAL_JUMP	0
0x001199dc	0xStack[-0x48]	READ	1
0x001199e2	0x001e8758	READ	1
0x001199eb	0xStack[-0x44]	DATA	0
0x001199fa	0x00119a13	CONDITIONAL_JUMP	0
0x001199fc	0xStack[-0x38]	READ	0
0x001199ff	0x00119a08	CONDITIONAL_JUMP	0
0x00119a05	0x00119a13	UNCONDITIONAL_JUMP	0
0x00119a0c	0x001199c8	CONDITIONAL_JUMP	0
0x00119a13	0xStack[-0x54]	DATA	0
0x00119a27	0x00119a4a	UNCONDITIONAL_JUMP	0
0x00119a43	0x001e58c8	READ_WRITE	0
0x00119a4a	0x001db6f4	READ	1
0x00119a4f	0x001db640	DATA	1
0x00119a59	0x00119a2c	CONDITIONAL_JUMP	0
0x00119a5d	0x001e58c8	DATA	0
0x00119a62	0x00119af4	UNCONDITIONAL_CALL	0
0x00119a6f	0x00119a80	CONDITIONAL_JUMP	0
0x00119a71	0xStack[0x4]	READ	1
0x00119a75	0x00119a94	UNCONDITIONAL_CALL	0
0x00119a7c	0x00119a86	UNCONDITIONAL_JUMP	0
0x00119a88	0xStack[-0xc]	DATA	0
0x00119a97	0xStack[0x4]	READ	1
0x00119a9a	0x001db640	DATA	1
0x00119a9f	0x001db6f4	READ	1
0x00119aa7	0x00119ab8	CONDITIONAL_JUMP	0
0x00119aac	0x001db644	READ	0
0x00119aac	0x001db64c	READ	0
0x00119aaf	0x00119ab8	CONDITIONAL_JUMP	0
0x00119ab6	0x00119aac	CONDITIONAL_JUMP	0
0x00119ab8	0x001db640	DATA	1
0x00119acf	0xStack[0x4]	READ	1
0x00119ad2	0xStack[0x8]	READ	1
0x00119ad8	0x001db644	DATA	1
0x00119ae2	0x00119aef	CONDITIONAL_JUMP	0
0x00119ae5	0x001e58c8	DATA	0
0x00119aea	0x00119b5c	UNCONDITIONAL_CALL	0
0x00119afd	0xStack[0x4]	READ	1
0x00119b04	0xStack[0x8]	READ	1
0x00119b09	0x00119b4c	CONDITIONAL_JUMP	0
0x00119b0b	0xStack[-0x8]	WRITE	0
0x00119b13	0x00119b46	CONDITIONAL_JUMP	0
0x00119b2c	0x00119b40	CONDITIONAL_JUMP	0
0x00119b3c	0x00119b51	UNCONDITIONAL_JUMP	0
0x00119b44	0x00119b24	CONDITIONAL_JUMP	0
0x00119b47	0xStack[-0x8]	READ	0
0x00119b4a	0x00119b10	CONDITIONAL_JUMP	0
0x00119b51	0xStack[-0x14]	DATA	0
0x00119b60	0xStack[0x4]	READ	1
0x00119b63	0xStack[0x8]	READ	1
0x00119b68	0x00119b82	CONDITIONAL_JUMP	0
0x00119b82	0xStack[-0x8]	READ	1
0x00119b90	0xStack[0xc]	READ	1
0x00119b93	0x001e99c0	READ_WRITE	0
0x00119b9b	0x00119baa	CONDITIONAL_JUMP	0
0x00119b9d	0x001db554	DATA	0
0x00119ba2	0x0010ca6c	UNCONDITIONAL_CALL	0
0x00119bab	0xStack[0x8]	READ	1
0x00119baf	0xStack[0x4]	READ	1
0x00119bb3	0x0011a3e8	UNCONDITIONAL_CALL	0
0x00119bc1	0x00119bd0	CONDITIONAL_JUMP	0
0x00119bc3	0x001e99c4	READ_WRITE	0
0x00119bcb	0x00119c08	UNCONDITIONAL_JUMP	0
0x00119bda	0x00119be9	CONDITIONAL_JUMP	0
0x00119bdc	0x001db562	DATA	0
0x00119be1	0x0010ca6c	UNCONDITIONAL_CALL	0
0x00119bf5	0x001e8758	READ	1
0x00119c01	0x0011aa80	UNCONDITIONAL_CALL	0
0x00119c08	0xStack[-0x8]	READ	1
0x00119c16	0xStack[0x4]	READ	1
0x00119c19	0xStack[0x10]	READ	1
0x00119c1c	0x001e99c8	READ_WRITE	0
0x00119c24	0xStack[0x8]	READ	1
0x00119c29	0x0011a394	UNCONDITIONAL_CALL	0
0x00119c33	0x00119c8a	CONDITIONAL_JUMP	0
0x00119c35	0xStack[0xc]	READ	1
0x00119c39	0xStack[0x8]	READ	1
0x00119c3e	0x0011a3e8	UNCONDITIONAL_CALL	0
0x00119c4c	0x00119c84	CONDITIONAL_JUMP	0
0x00119c58	0x00119c67	CONDITIONAL_JUMP	0
0x00119c5a	0x001db568	DATA	0
0x00119c5f	0x0010ca6c	UNCONDITIONAL_CALL	0
0x00119c73	0x001e8758	READ	1
0x00119c81	0x00119c8a	UNCONDITIONAL_JUMP	0
0x00119c84	0x001e99cc	READ_WRITE	0
0x00119c8c	0x00119cf6	CONDITIONAL_JUMP	0
0x00119c90	0x0011a394	UNCONDITIONAL_CALL	0
0x00119c9a	0x00119cf6	CONDITIONAL_JUMP	0
0x00119c9c	0xStack[0x14]	READ	1
0x00119ca2	0x0011a3e8	UNCONDITIONAL_CALL	0
0x00119cb0	0x00119cc0	CONDITIONAL_JUMP	0
0x00119cb3	0x0011a288	UNCONDITIONAL_CALL	0
0x00119cb8	0x001e99d0	READ_WRITE	0
0x00119cbe	0x00119cf3	UNCONDITIONAL_JUMP	0
0x00119ccd	0x00119cdc	CONDITIONAL_JUMP	0
0x00119ccf	0x001db56f	DATA	0
0x00119cd4	0x0010ca6c	UNCONDITIONAL_CALL	0
0x00119ce8	0x001e8758	READ	1
0x00119cf8	0x00119d74	CONDITIONAL_JUMP	0
0x00119cfa	0x001e99c0	READ_WRITE	0
0x00119d00	0xStack[0xc]	READ	0
0x00119d04	0x00119d13	CONDITIONAL_JUMP	0
0x00119d06	0x001db554	DATA	0
0x00119d0b	0x0010ca6c	UNCONDITIONAL_CALL	0
0x00119d13	0xStack[0xc]	READ	1
0x00119d17	0xStack[0x8]	READ	1
0x00119d1c	0x0011a3e8	UNCONDITIONAL_CALL	0
0x00119d2a	0x00119d38	CONDITIONAL_JUMP	0
0x00119d2c	0x001e99c4	READ_WRITE	0
0x00119d34	0x00119d7c	UNCONDITIONAL_JUMP	0
0x00119d42	0x00119d51	CONDITIONAL_JUMP	0
0x00119d44	0x001db562	DATA	0
0x00119d49	0x0010ca6c	UNCONDITIONAL_CALL	0
0x00119d5d	0x001e8758	READ	1
0x00119d69	0x0011aa80	UNCONDITIONAL_CALL	0
0x00119d70	0x00119d7c	UNCONDITIONAL_JUMP	0
0x00119d75	0x0011aa80	UNCONDITIONAL_CALL	0
0x00119d7c	0xStack[-0x10]	DATA	0
0x00119d8d	0xStack[0x4]	READ	1
0x00119d90	0xStack[0x8]	READ	1
0x00119d95	0x00119df7	CONDITIONAL_JUMP	0
0x00119d99	0x0011a394	UNCONDITIONAL_CALL	0
0x00119da3	0x00119df7	CONDITIONAL_JUMP	0
0x00119da5	0xStack[0xc]	READ	1
0x00119dab	0x0011a3e8	UNCONDITIONAL_CALL	0
0x00119db9	0x00119dc4	CONDITIONAL_JUMP	0
0x00119dbc	0x0011a288	UNCONDITIONAL_CALL	0
0x00119dc1	0x00119df7	UNCONDITIONAL_JUMP	0
0x00119dd1	0x00119de0	CONDITIONAL_JUMP	0
0x00119dd3	0x001db579	DATA	0
0x00119dd8	0x0010ca6c	UNCONDITIONAL_CALL	0
0x00119dec	0x001e8758	READ	1
0x00119df7	0xStack[-0xc]	DATA	0
0x00119e09	0xStack[0x4]	READ	1
0x00119e0c	0xStack[-0x8]	WRITE	0
0x00119e13	0xStack[0xc]	READ	1
0x00119e18	0x0011a394	UNCONDITIONAL_CALL	0
0x00119e22	0x00119fe4	CONDITIONAL_JUMP	0
0x00119e28	0x001e99c8	READ_WRITE	0
0x00119e30	0xStack[0xc]	READ	1
0x00119e35	0x0011a394	UNCONDITIONAL_CALL	0
0x00119e3f	0x00119e96	CONDITIONAL_JUMP	0
0x00119e41	0xStack[0x10]	READ	1
0x00119e45	0xStack[0xc]	READ	1
0x00119e4a	0x0011a3e8	UNCONDITIONAL_CALL	0
0x00119e58	0x00119e90	CONDITIONAL_JUMP	0
0x00119e64	0x00119e73	CONDITIONAL_JUMP	0
0x00119e66	0x001db568	DATA	0
0x00119e6b	0x0010ca6c	UNCONDITIONAL_CALL	0
0x00119e7f	0x001e8758	READ	1
0x00119e8d	0x00119e96	UNCONDITIONAL_JUMP	0
0x00119e90	0x001e99cc	READ_WRITE	0
0x00119e96	0xStack[0x18]	READ	0
0x00119e9a	0x00119f0a	CONDITIONAL_JUMP	0
0x00119e9c	0xStack[0x18]	READ	1
0x00119ea1	0x0011a394	UNCONDITIONAL_CALL	0
0x00119eab	0x00119f0a	CONDITIONAL_JUMP	0
0x00119ead	0xStack[0x1c]	READ	1
0x00119eb1	0xStack[0x18]	READ	1
0x00119eb6	0x0011a3e8	UNCONDITIONAL_CALL	0
0x00119ec4	0x00119ed4	CONDITIONAL_JUMP	0
0x00119ec7	0x0011a288	UNCONDITIONAL_CALL	0
0x00119ecc	0x001e99d0	READ_WRITE	0
0x00119ed2	0x00119f07	UNCONDITIONAL_JUMP	0
0x00119ee1	0x00119ef0	CONDITIONAL_JUMP	0
0x00119ee3	0x001db56f	DATA	0
0x00119ee8	0x0010ca6c	UNCONDITIONAL_CALL	0
0x00119efc	0x001e8758	READ	1
0x00119f0c	0x00119f8c	CONDITIONAL_JUMP	0
0x00119f0e	0x001e99c0	READ_WRITE	0
0x00119f14	0xStack[0x10]	READ	0
0x00119f18	0x00119f27	CONDITIONAL_JUMP	0
0x00119f1a	0x001db554	DATA	0
0x00119f1f	0x0010ca6c	UNCONDITIONAL_CALL	0
0x00119f27	0xStack[0x10]	READ	1
0x00119f2b	0xStack[0xc]	READ	1
0x00119f30	0x0011a3e8	UNCONDITIONAL_CALL	0
0x00119f3e	0x00119f4c	CONDITIONAL_JUMP	0
0x00119f40	0x001e99c4	READ_WRITE	0
0x00119f48	0x00119f87	UNCONDITIONAL_JUMP	0
0x00119f56	0x00119f65	CONDITIONAL_JUMP	0
0x00119f58	0x001db562	DATA	0
0x00119f5d	0x0010ca6c	UNCONDITIONAL_CALL	0
0x00119f71	0x001e8758	READ	1
0x00119f7d	0x0011aa80	UNCONDITIONAL_CALL	0
0x00119f89	0x00119f97	UNCONDITIONAL_JUMP	0
0x00119f8d	0x0011aa80	UNCONDITIONAL_CALL	0
0x00119f9a	0x00119fcc	CONDITIONAL_JUMP	0
0x00119f9c	0xStack[0x14]	READ	1
0x00119fa0	0xStack[0x8]	READ	1
0x00119fab	0x00191460	UNCONDITIONAL_CALL	0
0x00119fb0	0xStack[0x20]	READ	1
0x00119fba	0x0011a288	UNCONDITIONAL_CALL	0
0x00119fbf	0xStack[0x10]	READ	1
0x00119fc5	0x0011a15d	UNCONDITIONAL_JUMP	0
0x00119fcd	0x0011a288	UNCONDITIONAL_CALL	0
0x00119fd6	0xStack[0x20]	READ	1
0x00119fdd	0x0011a15d	UNCONDITIONAL_JUMP	0
0x00119fe4	0xStack[-0x48]	DATA	0
0x00119fe7	0xStack[-0x8]	WRITE	0
0x00119ff0	0x0011b244	UNCONDITIONAL_CALL	0
0x00119ff9	0xStack[-0x2a]	WRITE	0
0x00119ffd	0xStack[-0x48]	WRITE	0
0x0011a004	0xStack[0xc]	READ	1
0x0011a007	0xStack[-0x24]	WRITE	0
0x0011a00a	0x001e0d0c	READ	1
0x0011a010	0xStack[-0x30]	WRITE	0
0x0011a013	0x001e0d0c	READ	1
0x0011a019	0xStack[-0x34]	WRITE	0
0x0011a01c	0xStack[-0x2c]	WRITE	0
0x0011a022	0xStack[-0x20]	WRITE	0
0x0011a029	0xStack[0x8]	READ	1
0x0011a02f	0xStack[-0x28]	WRITE	0
0x0011a032	0xStack[-0xc]	WRITE	0
0x0011a039	0x001e8758	READ	1
0x0011a044	0xStack[0xc]	READ	1
0x0011a049	0x0011a04e	CONDITIONAL_JUMP	0
0x0011a059	0x001e8880	DATA	1
0x0011a060	0x001e8884	DATA	1
0x0011a063	0xStack[-0x44]	WRITE	0
0x0011a066	0xStack[-0x40]	WRITE	0
0x0011a069	0x001e8884	DATA	1
0x0011a06f	0x001e8884	DATA	1
0x0011a072	0xStack[-0x8]	READ	1
0x0011a081	0xStack[0x18]	READ	0
0x0011a085	0x0011a0f2	CONDITIONAL_JUMP	0
0x0011a087	0xStack[0x18]	READ	1
0x0011a08c	0x0011a394	UNCONDITIONAL_CALL	0
0x0011a096	0x0011a0f2	CONDITIONAL_JUMP	0
0x0011a098	0xStack[0x1c]	READ	1
0x0011a09c	0xStack[0x18]	READ	1
0x0011a0a1	0x0011a3e8	UNCONDITIONAL_CALL	0
0x0011a0af	0x0011a0bc	CONDITIONAL_JUMP	0
0x0011a0b2	0x0011a288	UNCONDITIONAL_CALL	0
0x0011a0b7	0x0011a0ef	UNCONDITIONAL_JUMP	0
0x0011a0c9	0x0011a0d8	CONDITIONAL_JUMP	0
0x0011a0cb	0x001db579	DATA	0
0x0011a0d0	0x0010ca6c	UNCONDITIONAL_CALL	0
0x0011a0e4	0x001e8758	READ	1
0x0011a0f2	0xStack[-0x48]	DATA	0
0x0011a0f6	0x0011aa80	UNCONDITIONAL_CALL	0
0x0011a0fe	0xStack[-0x48]	READ	0
0x0011a102	0x0011a130	CONDITIONAL_JUMP	0
0x0011a104	0xStack[-0x40]	READ	1
0x0011a107	0xStack[-0x44]	READ	1
0x0011a10a	0x001e8884	DATA	1
0x0011a10d	0xStack[-0x44]	READ	1
0x0011a110	0xStack[-0x40]	READ	1
0x0011a117	0x0011b26c	UNCONDITIONAL_CALL	0
0x0011a11c	0xStack[0x20]	READ	1
0x0011a125	0xStack[0x10]	READ	1
0x0011a128	0xStack[-0x20]	READ	1
0x0011a12b	0x0011a15d	UNCONDITIONAL_JUMP	0
0x0011a130	0xStack[-0x2c]	READ	1
0x0011a134	0xStack[0x20]	READ	1
0x0011a139	0xStack[0x10]	READ	1
0x0011a13c	0xStack[-0x20]	READ	1
0x0011a13f	0xStack[0x14]	WRITE	0
0x0011a142	0xStack[-0x40]	READ	1
0x0011a145	0xStack[-0x44]	READ	1
0x0011a148	0x001e8884	DATA	1
0x0011a14b	0xStack[-0x44]	READ	1
0x0011a14e	0xStack[-0x40]	READ	1
0x0011a155	0x0011b26c	UNCONDITIONAL_CALL	0
0x0011a15a	0xStack[0x14]	READ	1
0x0011a15d	0xStack[-0x54]	DATA	0
0x0011a16e	0xStack[0x4]	READ	1
0x0011a185	0x0011a192	CONDITIONAL_JUMP	0
0x0011a187	0x001e8758	READ	1
0x0011a198	0x0011a1a7	CONDITIONAL_JUMP	0
0x0011a19a	0x001db583	DATA	0
0x0011a19f	0x0010ca6c	UNCONDITIONAL_CALL	0
0x0011a1bc	0x0011a1cc	CONDITIONAL_JUMP	0
0x0011a1bf	0x0011aa80	UNCONDITIONAL_CALL	0
0x0011a1c5	0x0011a288	UNCONDITIONAL_CALL	0
0x0011a1ca	0x0011a1d3	UNCONDITIONAL_JUMP	0
0x0011a1ce	0x0011a1d3	CONDITIONAL_JUMP	0
0x0011a1d3	0xStack[-0x10]	DATA	0
0x0011a1e3	0xStack[0x4]	READ	1
0x0011a1ea	0x0011a1f7	CONDITIONAL_JUMP	0
0x0011a1ec	0x001e8758	READ	1
0x0011a1fe	0x0011a288	UNCONDITIONAL_CALL	0
0x0011a20e	0xStack[0x4]	READ	1
0x0011a22d	0x0011a23a	CONDITIONAL_JUMP	0
0x0011a22f	0x001e8758	READ	1
0x0011a240	0x0011a24f	CONDITIONAL_JUMP	0
0x0011a242	0x001db583	DATA	0
0x0011a247	0x0010ca6c	UNCONDITIONAL_CALL	0
0x0011a264	0x0011a274	CONDITIONAL_JUMP	0
0x0011a267	0x0011aa80	UNCONDITIONAL_CALL	0
0x0011a26d	0x0011a288	UNCONDITIONAL_CALL	0
0x0011a272	0x0011a27b	UNCONDITIONAL_JUMP	0
0x0011a276	0x0011a27b	CONDITIONAL_JUMP	0
0x0011a27b	0xStack[-0x10]	DATA	0
0x0011a28d	0xStack[0x4]	READ	1
0x0011a293	0x0011a29e	CONDITIONAL_JUMP	0
0x0011a296	0x0010ab38	UNCONDITIONAL_CALL	0
0x0011a29e	0x001e8760	READ	1
0x0011a2a5	0x0011a2bb	CONDITIONAL_JUMP	0
0x0011a2a9	0x001e8760	WRITE	0
0x0011a2ae	0x001e8760	DATA	0
0x0011a2b3	0x0010ab38	UNCONDITIONAL_CALL	0
0x0011a2c9	0x0011a2d3	CONDITIONAL_JUMP	0
0x0011a2d7	0x0011a2f1	CONDITIONAL_JUMP	0
0x0011a2de	0x0011a2e8	CONDITIONAL_JUMP	0
0x0011a2e4	0x0011a2f1	UNCONDITIONAL_JUMP	0
0x0011a2e9	0x0011b26c	UNCONDITIONAL_CALL	0
0x0011a2f1	0x0018c0d8	UNCONDITIONAL_CALL	0
0x0011a2fc	0x0011a320	CONDITIONAL_JUMP	0
0x0011a2fe	0x001e8838	READ	1
0x0011a306	0x001e8838	READ	1
0x0011a30f	0x001e8838	WRITE	0
0x0011a315	0x001e882c	DATA	1
0x0011a31c	0x0011a37c	UNCONDITIONAL_JUMP	0
0x0011a327	0x0011a34c	CONDITIONAL_JUMP	0
0x0011a329	0x001e87f4	READ	1
0x0011a331	0x001e87f4	READ	1
0x0011a33a	0x001e87f4	WRITE	0
0x0011a340	0x001e87e8	DATA	1
0x0011a347	0x0011a37c	UNCONDITIONAL_JUMP	0
0x0011a351	0x0011a35c	CONDITIONAL_JUMP	0
0x0011a353	0x001e8760	DATA	1
0x0011a358	0x0011a36a	UNCONDITIONAL_JUMP	0
0x0011a35c	0x001e87a4	DATA	1
0x0011a363	0x0011a36a	CONDITIONAL_JUMP	0
0x0011a365	0x001e87e8	DATA	1
0x0011a36a	0x001e8770	READ	1
0x0011a36a	0x001e87f8	READ	1
0x0011a36a	0x001e87b4	READ	1
0x0011a370	0x001e8770	READ	1
0x0011a370	0x001e87f8	READ	1
0x0011a370	0x001e87b4	READ	1
0x0011a376	0x001e8770	WRITE	0
0x0011a376	0x001e87f8	WRITE	0
0x0011a376	0x001e87b4	WRITE	0
0x0011a379	0x001e8760	DATA	1
0x0011a379	0x001e87e8	DATA	1
0x0011a379	0x001e87a4	DATA	1
0x0011a383	0x0018b544	UNCONDITIONAL_CALL	0
0x0011a388	0xStack[-0xc]	DATA	0
0x0011a398	0xStack[0x4]	READ	1
0x0011a39b	0xStack[0x8]	READ	1
0x0011a3a2	0x0011a3a7	CONDITIONAL_JUMP	0
0x0011a3b2	0x001e8880	DATA	1
0x0011a3b9	0x001e8884	DATA	1
0x0011a3be	0x0011a3df	CONDITIONAL_JUMP	0
0x0011a3c3	0x0011a3d8	CONDITIONAL_JUMP	0
0x0011a3c8	0x0011a3d8	CONDITIONAL_JUMP	0
0x0011a3ce	0x0011a3d8	CONDITIONAL_JUMP	0
0x0011a3d5	0x0011a3e1	UNCONDITIONAL_JUMP	0
0x0011a3dd	0x0011a3c0	CONDITIONAL_JUMP	0
0x0011a3e1	0xStack[-0x8]	READ	1
0x0011a3ee	0xStack[0x4]	READ	0
0x0011a3f2	0x0011a415	CONDITIONAL_JUMP	0
0x0011a3f4	0xStack[0xc]	READ	1
0x0011a3f8	0xStack[0x8]	READ	1
0x0011a3fe	0x001db58a	DATA	0
0x0011a403	0x0010c0d8	UNCONDITIONAL_CALL	0
0x0011a408	0x001db5aa	DATA	0
0x0011a40d	0x0010ca6c	UNCONDITIONAL_CALL	0
0x0011a415	0xStack[0x8]	READ	1
0x0011a41a	0x0011a41f	CONDITIONAL_JUMP	0
0x0011a422	0xStack[0x4]	READ	1
0x0011a42b	0x001e8880	DATA	1
0x0011a432	0x001e8884	DATA	1
0x0011a437	0x0011a4db	CONDITIONAL_JUMP	0
0x0011a440	0xStack[0x8]	READ	1
0x0011a446	0x0011a4d0	CONDITIONAL_JUMP	0
0x0011a44c	0xStack[0x4]	READ	1
0x0011a452	0x0011a4d0	CONDITIONAL_JUMP	0
0x0011a458	0x0011a4d0	CONDITIONAL_JUMP	0
0x0011a45a	0x0018c0d8	UNCONDITIONAL_CALL	0
0x0011a465	0x0011a480	CONDITIONAL_JUMP	0
0x0011a46e	0x0010a588	UNCONDITIONAL_CALL	0
0x0011a474	0x0018b544	UNCONDITIONAL_CALL	0
0x0011a47c	0x0011a432	UNCONDITIONAL_JUMP	0
0x0011a481	0x0018b544	UNCONDITIONAL_CALL	0
0x0011a486	0x0018b97c	UNCONDITIONAL_CALL	0
0x0011a4a3	0x0018b544	UNCONDITIONAL_CALL	0
0x0011a4ab	0xStack[0xc]	READ	1
0x0011a4b1	0x0011a4c5	CONDITIONAL_JUMP	0
0x0011a4b5	0x0011a5e4	UNCONDITIONAL_CALL	0
0x0011a4bf	0x0011a432	CONDITIONAL_JUMP	0
0x0011a4cb	0x0011a549	UNCONDITIONAL_JUMP	0
0x0011a4d5	0x0011a440	CONDITIONAL_JUMP	0
0x0011a4db	0x0011a924	UNCONDITIONAL_CALL	0
0x0011a4e3	0x001934d8	UNCONDITIONAL_CALL	0
0x0011a4fa	0xStack[0x4]	READ	1
0x0011a4ff	0x0011b244	UNCONDITIONAL_CALL	0
0x0011a504	0xStack[0x4]	READ	1
0x0011a50f	0xStack[0x8]	READ	1
0x0011a522	0x001e8884	DATA	1
0x0011a52b	0x001e8884	DATA	1
0x0011a531	0x001e8884	DATA	1
0x0011a534	0xStack[0xc]	READ	1
0x0011a539	0x0011a5e4	UNCONDITIONAL_CALL	0
0x0011a543	0x0011a432	CONDITIONAL_JUMP	0
0x0011a54b	0xStack[-0x10]	DATA	0
0x0011a55d	0xStack[0x4]	READ	1
0x0011a566	0x0011a575	CONDITIONAL_JUMP	0
0x0011a568	0x001db5c8	DATA	0
0x0011a56d	0x0010ca6c	UNCONDITIONAL_CALL	0
0x0011a575	0x0011a924	UNCONDITIONAL_CALL	0
0x0011a583	0x001934d8	UNCONDITIONAL_CALL	0
0x0011a59b	0x0011b26c	UNCONDITIONAL_CALL	0
0x0011a5ad	0x001e87ec	READ	1
0x0011a5b6	0x001e87e8	DATA	1
0x0011a5bd	0x001e87ec	READ	1
0x0011a5c5	0x001e87ec	WRITE	0
0x0011a5cd	0x0011a5e4	UNCONDITIONAL_CALL	0
0x0011a5d7	0x0011a575	CONDITIONAL_JUMP	0
0x0011a5db	0xStack[-0xc]	DATA	0
0x0011a5ed	0xStack[0x4]	READ	1
0x0011a5f3	0xStack[0x8]	READ	0
0x0011a5f6	0x0011a604	CONDITIONAL_JUMP	0
0x0011a5fd	0x0011a919	UNCONDITIONAL_JUMP	0
0x0011a609	0x0011a658	CONDITIONAL_JUMP	0
0x0011a61b	0x0011a62a	CONDITIONAL_JUMP	0
0x0011a61d	0x001db583	DATA	0
0x0011a622	0x0010ca6c	UNCONDITIONAL_CALL	0
0x0011a63c	0x0011a64c	CONDITIONAL_JUMP	0
0x0011a63f	0x0011aa80	UNCONDITIONAL_CALL	0
0x0011a645	0x0011a288	UNCONDITIONAL_CALL	0
0x0011a64a	0x0011a64f	UNCONDITIONAL_JUMP	0
0x0011a651	0x0011a919	UNCONDITIONAL_JUMP	0
0x0011a658	0xStack[0x8]	READ	0
0x0011a65b	0x0011a684	CONDITIONAL_JUMP	0
0x0011a663	0x0011a672	CONDITIONAL_JUMP	0
0x0011a665	0x001db5de	DATA	0
0x0011a66a	0x0010ca6c	UNCONDITIONAL_CALL	0
0x0011a672	0xStack[0x8]	READ	1
0x0011a677	0x0019335c	UNCONDITIONAL_CALL	0
0x0011a67c	0x0011a919	UNCONDITIONAL_JUMP	0
0x0011a68e	0x0011a6cc	CONDITIONAL_JUMP	0
0x0011a690	0xStack[0x8]	READ	1
0x0011a695	0x0019335c	UNCONDITIONAL_CALL	0
0x0011a69a	0x0011a919	UNCONDITIONAL_JUMP	0
0x0011a6a7	0x0010a588	UNCONDITIONAL_CALL	0
0x0011a6ad	0x0018b544	UNCONDITIONAL_CALL	0
0x0011a6b5	0x0011a726	UNCONDITIONAL_JUMP	0
0x0011a6b9	0x0011aa80	UNCONDITIONAL_CALL	0
0x0011a6bf	0x0011a288	UNCONDITIONAL_CALL	0
0x0011a6c7	0x0011a726	UNCONDITIONAL_JUMP	0
0x0011a6d8	0xStack[-0x14]	WRITE	0
0x0011a6e0	0x0011a6ef	CONDITIONAL_JUMP	0
0x0011a6e2	0x001db5e7	DATA	0
0x0011a6e7	0x0010ca6c	UNCONDITIONAL_CALL	0
0x0011a6f2	0xStack[-0x8]	WRITE	0
0x0011a6f5	0xStack[0x8]	READ	1
0x0011a6f9	0xStack[-0x14]	READ	0
0x0011a6fc	0xStack[-0x8]	READ	1
0x0011a703	0xStack[-0xc]	WRITE	0
0x0011a706	0xStack[-0x8]	READ	1
0x0011a70b	0x0011a710	CONDITIONAL_JUMP	0
0x0011a71c	0x001e8880	DATA	1
0x0011a723	0xStack[-0x10]	WRITE	0
0x0011a726	0xStack[-0x10]	READ	1
0x0011a729	0x001e8884	DATA	1
0x0011a72e	0x0011a90f	CONDITIONAL_JUMP	0
0x0011a736	0x0011a903	CONDITIONAL_JUMP	0
0x0011a742	0x0011a903	CONDITIONAL_JUMP	0
0x0011a74c	0x0011a903	CONDITIONAL_JUMP	0
0x0011a757	0x0011a903	CONDITIONAL_JUMP	0
0x0011a760	0xStack[-0xc]	READ	0
0x0011a763	0x0011a903	CONDITIONAL_JUMP	0
0x0011a76a	0xStack[-0x14]	READ	0
0x0011a76f	0xStack[-0x8]	READ	0
0x0011a772	0x0011a903	CONDITIONAL_JUMP	0
0x0011a778	0x0018c0d8	UNCONDITIONAL_CALL	0
0x0011a783	0x0011a6a0	CONDITIONAL_JUMP	0
0x0011a78a	0x0018b544	UNCONDITIONAL_CALL	0
0x0011a78f	0x0018b97c	UNCONDITIONAL_CALL	0
0x0011a7ac	0x0018b544	UNCONDITIONAL_CALL	0
0x0011a7bc	0x0011a800	CONDITIONAL_JUMP	0
0x0011a7ce	0x0011a7dd	CONDITIONAL_JUMP	0
0x0011a7d0	0x001db583	DATA	0
0x0011a7d5	0x0010ca6c	UNCONDITIONAL_CALL	0
0x0011a7f2	0x0011a6b8	CONDITIONAL_JUMP	0
0x0011a7fb	0x0011a726	UNCONDITIONAL_JUMP	0
0x0011a80b	0x0011a816	CONDITIONAL_JUMP	0
0x0011a80e	0x0010ab38	UNCONDITIONAL_CALL	0
0x0011a816	0x001e8760	READ	1
0x0011a81d	0x0011a833	CONDITIONAL_JUMP	0
0x0011a821	0x001e8760	WRITE	0
0x0011a826	0x001e8760	DATA	0
0x0011a82b	0x0010ab38	UNCONDITIONAL_CALL	0
0x0011a841	0x0011a84b	CONDITIONAL_JUMP	0
0x0011a84f	0x0011a869	CONDITIONAL_JUMP	0
0x0011a856	0x0011a860	CONDITIONAL_JUMP	0
0x0011a85c	0x0011a869	UNCONDITIONAL_JUMP	0
0x0011a861	0x0011b26c	UNCONDITIONAL_CALL	0
0x0011a869	0x0018c0d8	UNCONDITIONAL_CALL	0
0x0011a874	0x0011a898	CONDITIONAL_JUMP	0
0x0011a876	0x001e8838	READ	1
0x0011a87e	0x001e8838	READ	1
0x0011a887	0x001e8838	WRITE	0
0x0011a88d	0x001e882c	DATA	1
0x0011a894	0x0011a8f4	UNCONDITIONAL_JUMP	0
0x0011a89f	0x0011a8c4	CONDITIONAL_JUMP	0
0x0011a8a1	0x001e87f4	READ	1
0x0011a8a9	0x001e87f4	READ	1
0x0011a8b2	0x001e87f4	WRITE	0
0x0011a8b8	0x001e87e8	DATA	1
0x0011a8bf	0x0011a8f4	UNCONDITIONAL_JUMP	0
0x0011a8c9	0x0011a8d4	CONDITIONAL_JUMP	0
0x0011a8cb	0x001e8760	DATA	1
0x0011a8d0	0x0011a8e2	UNCONDITIONAL_JUMP	0
0x0011a8d4	0x001e87a4	DATA	1
0x0011a8db	0x0011a8e2	CONDITIONAL_JUMP	0
0x0011a8dd	0x001e87e8	DATA	1
0x0011a8e2	0x001e8770	READ	1
0x0011a8e2	0x001e87f8	READ	1
0x0011a8e2	0x001e87b4	READ	1
0x0011a8e8	0x001e8770	READ	1
0x0011a8e8	0x001e87f8	READ	1
0x0011a8e8	0x001e87b4	READ	1
0x0011a8ee	0x001e8770	WRITE	0
0x0011a8ee	0x001e87f8	WRITE	0
0x0011a8ee	0x001e87b4	WRITE	0
0x0011a8f1	0x001e8760	DATA	1
0x0011a8f1	0x001e87e8	DATA	1
0x0011a8f1	0x001e87a4	DATA	1
0x0011a8fb	0x0018b544	UNCONDITIONAL_CALL	0
0x0011a906	0xStack[-0x10]	READ	0
0x0011a909	0x0011a734	CONDITIONAL_JUMP	0
0x0011a90f	0xStack[0x8]	READ	1
0x0011a914	0x0019335c	UNCONDITIONAL_CALL	0
0x0011a919	0xStack[-0x20]	DATA	0
0x0011a92a	0x0018c0d8	UNCONDITIONAL_CALL	0
0x0011a931	0x001e87e8	DATA	1
0x0011a936	0x001e8760	DATA	1
0x0011a93c	0x0011a950	CONDITIONAL_JUMP	0
0x0011a940	0x001e87f4	READ	0
0x0011a940	0x001e87b0	READ	0
0x0011a943	0x0011a950	CONDITIONAL_JUMP	0
0x0011a948	0x001e8760	DATA	1
0x0011a94e	0x0011a940	CONDITIONAL_JUMP	0
0x0011a950	0x001e8760	DATA	1
0x0011a956	0x0011a978	CONDITIONAL_JUMP	0
0x0011a958	0x001e8760	READ_WRITE	0
0x0011a961	0x001e8760	DATA	0
0x0011a966	0x0010a588	UNCONDITIONAL_CALL	0
0x0011a96c	0x0018b544	UNCONDITIONAL_CALL	0
0x0011a974	0x0011a92a	UNCONDITIONAL_JUMP	0
0x0011a979	0x0018b544	UNCONDITIONAL_CALL	0
0x0011a97e	0x001e87b0	READ	1
0x0011a981	0x0018b97c	UNCONDITIONAL_CALL	0
0x0011a99e	0x0018b544	UNCONDITIONAL_CALL	0
0x0011a9ab	0x0011aa28	CONDITIONAL_JUMP	0
0x0011a9c9	0x0011a9d6	CONDITIONAL_JUMP	0
0x0011a9cb	0x001e8758	READ	1
0x0011a9dc	0x0011a9eb	CONDITIONAL_JUMP	0
0x0011a9de	0x001db583	DATA	0
0x0011a9e3	0x0010ca6c	UNCONDITIONAL_CALL	0
0x0011aa00	0x0011aa18	CONDITIONAL_JUMP	0
0x0011aa03	0x0011aa80	UNCONDITIONAL_CALL	0
0x0011aa09	0x0011a288	UNCONDITIONAL_CALL	0
0x0011aa11	0x0011a92a	UNCONDITIONAL_JUMP	0
0x0011aa1a	0x0011a92a	CONDITIONAL_JUMP	0
0x0011aa23	0x0011a92a	UNCONDITIONAL_JUMP	0
0x0011aa30	0xStack[-0x10]	DATA	0
0x0011aa42	0x0018b97c	UNCONDITIONAL_CALL	0
0x0011aa47	0x001e87e8	DATA	1
0x0011aa4c	0x001e8760	DATA	1
0x0011aa52	0x0011aa6f	CONDITIONAL_JUMP	0
0x0011aa54	0x001e87f4	READ	1
0x0011aa54	0x001e87b0	READ	1
0x0011aa59	0x0011aa64	CONDITIONAL_JUMP	0
0x0011aa62	0x0011aa5c	CONDITIONAL_JUMP	0
0x0011aa67	0x001e8760	DATA	1
0x0011aa6d	0x0011aa54	CONDITIONAL_JUMP	0
0x0011aa70	0x0018b544	UNCONDITIONAL_CALL	0
0x0011aa77	0xStack[-0x8]	READ	1
0x0011aa85	0xStack[0x4]	READ	1
0x0011aa88	0x0018c0d8	UNCONDITIONAL_CALL	0
0x0011aa92	0x0011aaa4	CONDITIONAL_JUMP	0
0x0011aa97	0x0010a588	UNCONDITIONAL_CALL	0
0x0011aaa2	0x0011aa94	CONDITIONAL_JUMP	0
0x0011aaa5	0x0018b544	UNCONDITIONAL_CALL	0
0x0011aaaa	0x001e875c	READ	1
0x0011aab6	0x0011aac8	CONDITIONAL_JUMP	0
0x0011aab9	0x0011b1c4	UNCONDITIONAL_CALL	0
0x0011aac0	0x001e875c	READ	1
0x0011aac8	0xStack[-0xc]	DATA	0
0x0011aad9	0xStack[0x4]	READ	1
0x0011aadf	0x0011aaee	CONDITIONAL_JUMP	0
0x0011aae1	0x001db60d	DATA	0
0x0011aae6	0x0010ca6c	UNCONDITIONAL_CALL	0
0x0011aaf4	0x00200000	DATA	1
0x0011aaf9	0x0011ab10	CONDITIONAL_JUMP	0
0x0011ab08	0x0011ac1e	UNCONDITIONAL_JUMP	0
0x0011ab13	0x0011ac14	CONDITIONAL_JUMP	0
0x0011ab1b	0x0011ab26	CONDITIONAL_JUMP	0
0x0011ab1e	0x0010ab38	UNCONDITIONAL_CALL	0
0x0011ab26	0x001e8760	READ	1
0x0011ab2d	0x0011ab43	CONDITIONAL_JUMP	0
0x0011ab31	0x001e8760	WRITE	0
0x0011ab36	0x001e8760	DATA	0
0x0011ab3b	0x0010ab38	UNCONDITIONAL_CALL	0
0x0011ab51	0x0011ab5b	CONDITIONAL_JUMP	0
0x0011ab5f	0x0011ab79	CONDITIONAL_JUMP	0
0x0011ab66	0x0011ab70	CONDITIONAL_JUMP	0
0x0011ab6c	0x0011ab79	UNCONDITIONAL_JUMP	0
0x0011ab71	0x0011b26c	UNCONDITIONAL_CALL	0
0x0011ab79	0x0018c0d8	UNCONDITIONAL_CALL	0
0x0011ab84	0x0011aba8	CONDITIONAL_JUMP	0
0x0011ab86	0x001e8838	READ	1
0x0011ab8e	0x001e8838	READ	1
0x0011ab97	0x001e8838	WRITE	0
0x0011ab9d	0x001e882c	DATA	1
0x0011aba4	0x0011ac04	UNCONDITIONAL_JUMP	0
0x0011abaf	0x0011abd4	CONDITIONAL_JUMP	0
0x0011abb1	0x001e87f4	READ	1
0x0011abb9	0x001e87f4	READ	1
0x0011abc2	0x001e87f4	WRITE	0
0x0011abc8	0x001e87e8	DATA	1
0x0011abcf	0x0011ac04	UNCONDITIONAL_JUMP	0
0x0011abd9	0x0011abe4	CONDITIONAL_JUMP	0
0x0011abdb	0x001e8760	DATA	1
0x0011abe0	0x0011abf2	UNCONDITIONAL_JUMP	0
0x0011abe4	0x001e87a4	DATA	1
0x0011abeb	0x0011abf2	CONDITIONAL_JUMP	0
0x0011abed	0x001e87e8	DATA	1
0x0011abf2	0x001e8770	READ	1
0x0011abf2	0x001e87f8	READ	1
0x0011abf2	0x001e87b4	READ	1
0x0011abf8	0x001e8770	READ	1
0x0011abf8	0x001e87f8	READ	1
0x0011abf8	0x001e87b4	READ	1
0x0011abfe	0x001e8770	WRITE	0
0x0011abfe	0x001e87f8	WRITE	0
0x0011abfe	0x001e87b4	WRITE	0
0x0011ac01	0x001e8760	DATA	1
0x0011ac01	0x001e87e8	DATA	1
0x0011ac01	0x001e87a4	DATA	1
0x0011ac0b	0x0018b544	UNCONDITIONAL_CALL	0
0x0011ac10	0x0011ac1e	UNCONDITIONAL_JUMP	0
0x0011ac19	0x0010ab38	UNCONDITIONAL_CALL	0
0x0011ac1e	0xStack[-0xc]	DATA	0
0x0011ac31	0xStack[0x4]	READ	1
0x0011ac40	0xStack[-0x14]	WRITE	0
0x0011ac48	0x0011ac57	CONDITIONAL_JUMP	0
0x0011ac4a	0x001db619	DATA	0
0x0011ac4f	0x0010ca6c	UNCONDITIONAL_CALL	0
0x0011ac57	0xStack[0x8]	READ	1
0x0011ac5a	0xStack[-0xc]	WRITE	0
0x0011ac5d	0xStack[0xc]	READ	1
0x0011ac62	0xStack[-0x14]	READ	0
0x0011ac65	0xStack[-0xc]	READ	1
0x0011ac6c	0xStack[-0x10]	WRITE	0
0x0011ac6f	0xStack[-0xc]	READ	1
0x0011ac74	0x0011ac79	CONDITIONAL_JUMP	0
0x0011ac7c	0xStack[0x4]	READ	1
0x0011ac85	0x001e8880	DATA	1
0x0011ac8c	0xStack[-0x8]	WRITE	0
0x0011ac8f	0xStack[-0x8]	READ	1
0x0011ac92	0x001e8884	DATA	1
0x0011ac97	0x0011adbd	CONDITIONAL_JUMP	0
0x0011aca0	0xStack[0x4]	READ	1
0x0011aca6	0x0011adb1	CONDITIONAL_JUMP	0
0x0011acb0	0x0011adb1	CONDITIONAL_JUMP	0
0x0011acbb	0x0011adb1	CONDITIONAL_JUMP	0
0x0011acc4	0xStack[-0x10]	READ	0
0x0011acc7	0x0011adb1	CONDITIONAL_JUMP	0
0x0011acce	0xStack[-0x14]	READ	0
0x0011acd3	0xStack[-0xc]	READ	0
0x0011acd6	0x0011adb1	CONDITIONAL_JUMP	0
0x0011acdc	0x0018c0d8	UNCONDITIONAL_CALL	0
0x0011ace7	0x0011ad00	CONDITIONAL_JUMP	0
0x0011acf0	0x0010a588	UNCONDITIONAL_CALL	0
0x0011acf6	0x0018b544	UNCONDITIONAL_CALL	0
0x0011acfe	0x0011ac8f	UNCONDITIONAL_JUMP	0
0x0011ad03	0x0011ada8	CONDITIONAL_JUMP	0
0x0011ad0a	0x0018b544	UNCONDITIONAL_CALL	0
0x0011ad0f	0x0018b97c	UNCONDITIONAL_CALL	0
0x0011ad2c	0x0018b544	UNCONDITIONAL_CALL	0
0x0011ad48	0x0011ad55	CONDITIONAL_JUMP	0
0x0011ad4a	0x001e8758	READ	1
0x0011ad5b	0x0011ad6a	CONDITIONAL_JUMP	0
0x0011ad5d	0x001db583	DATA	0
0x0011ad62	0x0010ca6c	UNCONDITIONAL_CALL	0
0x0011ad7f	0x0011ad98	CONDITIONAL_JUMP	0
0x0011ad82	0x0011aa80	UNCONDITIONAL_CALL	0
0x0011ad88	0x0011a288	UNCONDITIONAL_CALL	0
0x0011ad90	0x0011ac8f	UNCONDITIONAL_JUMP	0
0x0011ad9a	0x0011ac8f	CONDITIONAL_JUMP	0
0x0011ada3	0x0011ac8f	UNCONDITIONAL_JUMP	0
0x0011ada9	0x0018b544	UNCONDITIONAL_CALL	0
0x0011adb4	0xStack[-0x8]	READ	0
0x0011adb7	0x0011aca0	CONDITIONAL_JUMP	0
0x0011adbd	0xStack[-0x20]	DATA	0
0x0011add1	0xStack[0x8]	READ	1
0x0011add5	0xStack[-0x8]	WRITE	0
0x0011add9	0xStack[0xc]	READ	1
0x0011addd	0xStack[-0xc]	WRITE	0
0x0011ade1	0x0018c0d8	UNCONDITIONAL_CALL	0
0x0011ade8	0x001e8760	DATA	1
0x0011aded	0x001e882c	DATA	1
0x0011adf3	0x0011aefa	CONDITIONAL_JUMP	0
0x0011adfc	0x001e876c	READ	1
0x0011adfc	0x001e87b0	READ	1
0x0011ae01	0x0011aeeb	CONDITIONAL_JUMP	0
0x0011ae08	0xStack[-0x8]	READ	0
0x0011ae0d	0x0011ae21	CONDITIONAL_JUMP	0
0x0011ae0f	0xStack[-0xc]	READ	1
0x0011ae17	0xStack[-0x8]	READ	0
0x0011ae1b	0x0011aee0	CONDITIONAL_JUMP	0
0x0011ae26	0x0011aee0	CONDITIONAL_JUMP	0
0x0011ae2c	0xStack[0x4]	READ	1
0x0011ae32	0x0011ae3c	CONDITIONAL_JUMP	0
0x0011ae36	0x0011aee0	CONDITIONAL_JUMP	0
0x0011ae41	0x0018b97c	UNCONDITIONAL_CALL	0
0x0011ae5e	0x0018b544	UNCONDITIONAL_CALL	0
0x0011ae64	0x0018b544	UNCONDITIONAL_CALL	0
0x0011ae80	0x0011ae8d	CONDITIONAL_JUMP	0
0x0011ae82	0x001e8758	READ	1
0x0011ae93	0x0011aea2	CONDITIONAL_JUMP	0
0x0011ae95	0x001db583	DATA	0
0x0011ae9a	0x0010ca6c	UNCONDITIONAL_CALL	0
0x0011aeb7	0x0011aed0	CONDITIONAL_JUMP	0
0x0011aeba	0x0011aa80	UNCONDITIONAL_CALL	0
0x0011aec0	0x0011a288	UNCONDITIONAL_CALL	0
0x0011aec8	0x0011ade1	UNCONDITIONAL_JUMP	0
0x0011aed2	0x0011ade1	CONDITIONAL_JUMP	0
0x0011aedb	0x0011ade1	UNCONDITIONAL_JUMP	0
0x0011aee5	0x0011ae08	CONDITIONAL_JUMP	0
0x0011aeee	0x001e882c	DATA	1
0x0011aef4	0x0011adfc	CONDITIONAL_JUMP	0
0x0011aefb	0x0018b544	UNCONDITIONAL_CALL	0
0x0011af00	0xStack[-0x18]	DATA	0
0x0011af11	0xStack[0x4]	READ	1
0x0011af17	0x0011af22	CONDITIONAL_JUMP	0
0x0011af1a	0x0010ab38	UNCONDITIONAL_CALL	0
0x0011af22	0x001e8760	READ	1
0x0011af29	0x0011af3f	CONDITIONAL_JUMP	0
0x0011af2d	0x001e8760	WRITE	0
0x0011af32	0x001e8760	DATA	0
0x0011af37	0x0010ab38	UNCONDITIONAL_CALL	0
0x0011af4d	0x0011af57	CONDITIONAL_JUMP	0
0x0011af5b	0x0011af75	CONDITIONAL_JUMP	0
0x0011af62	0x0011af6c	CONDITIONAL_JUMP	0
0x0011af68	0x0011af75	UNCONDITIONAL_JUMP	0
0x0011af6d	0x0011b26c	UNCONDITIONAL_CALL	0
0x0011af75	0x0018c0d8	UNCONDITIONAL_CALL	0
0x0011af80	0x0011afa4	CONDITIONAL_JUMP	0
0x0011af82	0x001e8838	READ	1
0x0011af8a	0x001e8838	READ	1
0x0011af93	0x001e8838	WRITE	0
0x0011af99	0x001e882c	DATA	1
0x0011afa0	0x0011b000	UNCONDITIONAL_JUMP	0
0x0011afab	0x0011afd0	CONDITIONAL_JUMP	0
0x0011afad	0x001e87f4	READ	1
0x0011afb5	0x001e87f4	READ	1
0x0011afbe	0x001e87f4	WRITE	0
0x0011afc4	0x001e87e8	DATA	1
0x0011afcb	0x0011b000	UNCONDITIONAL_JUMP	0
0x0011afd5	0x0011afe0	CONDITIONAL_JUMP	0
0x0011afd7	0x001e8760	DATA	1
0x0011afdc	0x0011afee	UNCONDITIONAL_JUMP	0
0x0011afe0	0x001e87a4	DATA	1
0x0011afe7	0x0011afee	CONDITIONAL_JUMP	0
0x0011afe9	0x001e87e8	DATA	1
0x0011afee	0x001e8770	READ	1
0x0011afee	0x001e87f8	READ	1
0x0011afee	0x001e87b4	READ	1
0x0011aff4	0x001e8770	READ	1
0x0011aff4	0x001e87f8	READ	1
0x0011aff4	0x001e87b4	READ	1
0x0011affa	0x001e8770	WRITE	0
0x0011affa	0x001e87f8	WRITE	0
0x0011affa	0x001e87b4	WRITE	0
0x0011affd	0x001e8760	DATA	1
0x0011affd	0x001e87e8	DATA	1
0x0011affd	0x001e87a4	DATA	1
0x0011b007	0x0018b544	UNCONDITIONAL_CALL	0
0x0011b010	0x0011b26c	UNCONDITIONAL_CALL	0
0x0011b015	0xStack[-0xc]	DATA	0
0x0011b026	0x0018c0d8	UNCONDITIONAL_CALL	0
0x0011b02d	0x001e8760	DATA	1
0x0011b032	0x001e882c	DATA	1
0x0011b037	0x0011b145	CONDITIONAL_JUMP	0
0x0011b040	0x001e876c	READ	1
0x0011b040	0x001e87b0	READ	1
0x0011b045	0x0011b137	CONDITIONAL_JUMP	0
0x0011b04c	0xStack[0x4]	READ	1
0x0011b052	0x0011b05c	CONDITIONAL_JUMP	0
0x0011b056	0x0011b12c	CONDITIONAL_JUMP	0
0x0011b061	0x0011b110	CONDITIONAL_JUMP	0
0x0011b067	0x0011af0c	DATA	1
0x0011b06e	0x00200100	DATA	1
0x0011b074	0x0018b97c	UNCONDITIONAL_CALL	0
0x0011b091	0x0018b544	UNCONDITIONAL_CALL	0
0x0011b097	0x0018b544	UNCONDITIONAL_CALL	0
0x0011b0b3	0x0011b0c0	CONDITIONAL_JUMP	0
0x0011b0b5	0x001e8758	READ	1
0x0011b0c6	0x0011b0d5	CONDITIONAL_JUMP	0
0x0011b0c8	0x001db583	DATA	0
0x0011b0cd	0x0010ca6c	UNCONDITIONAL_CALL	0
0x0011b0ea	0x0011b100	CONDITIONAL_JUMP	0
0x0011b0ed	0x0011aa80	UNCONDITIONAL_CALL	0
0x0011b0f3	0x0011a288	UNCONDITIONAL_CALL	0
0x0011b0fb	0x0011b026	UNCONDITIONAL_JUMP	0
0x0011b102	0x0011b026	CONDITIONAL_JUMP	0
0x0011b10b	0x0011b026	UNCONDITIONAL_JUMP	0
0x0011b118	0x0011b26c	UNCONDITIONAL_CALL	0
0x0011b11e	0x0018b544	UNCONDITIONAL_CALL	0
0x0011b126	0x0011b026	UNCONDITIONAL_JUMP	0
0x0011b131	0x0011b04c	CONDITIONAL_JUMP	0
0x0011b13a	0x001e882c	DATA	1
0x0011b13f	0x0011b040	CONDITIONAL_JUMP	0
0x0011b146	0x0018b544	UNCONDITIONAL_CALL	0
0x0011b14b	0xStack[-0x10]	DATA	0
0x0011b15d	0xStack[0x4]	READ	1
0x0011b160	0x0018c0d8	UNCONDITIONAL_CALL	0
0x0011b167	0x001e8760	DATA	1
0x0011b16c	0x001e882c	DATA	1
0x0011b171	0x0011b1b5	CONDITIONAL_JUMP	0
0x0011b174	0x001e876c	READ	1
0x0011b174	0x001e87b0	READ	1
0x0011b179	0x0011b1ab	CONDITIONAL_JUMP	0
0x0011b17f	0x0011b185	CONDITIONAL_JUMP	0
0x0011b183	0x0011b1a4	CONDITIONAL_JUMP	0
0x0011b192	0x0011b26c	UNCONDITIONAL_CALL	0
0x0011b198	0x0018b544	UNCONDITIONAL_CALL	0
0x0011b1a0	0x0011b160	UNCONDITIONAL_JUMP	0
0x0011b1a9	0x0011b17c	CONDITIONAL_JUMP	0
0x0011b1ae	0x001e882c	DATA	1
0x0011b1b3	0x0011b174	CONDITIONAL_JUMP	0
0x0011b1b6	0x0018b544	UNCONDITIONAL_CALL	0
0x0011b1bb	0xStack[-0xc]	DATA	0
0x0011b1c7	0xStack[0x4]	READ	1
0x0011b1cf	0x0011b1e4	CONDITIONAL_JUMP	0
0x0011b1d7	0x0011b1e4	CONDITIONAL_JUMP	0
0x0011b1ec	0xStack[0x4]	READ	1
0x0011b1ef	0x001e8880	DATA	1
0x0011b1f4	0x001e8940	DATA	1
0x0011b1fa	0x0011b23a	CONDITIONAL_JUMP	0
0x0011b1fc	0x001e8884	READ	1
0x0011b1fc	0x001e8890	READ	1
0x0011b201	0x0011b22f	CONDITIONAL_JUMP	0
0x0011b207	0x0011b228	CONDITIONAL_JUMP	0
0x0011b211	0x0011b228	CONDITIONAL_JUMP	0
0x0011b21c	0x0011b26c	UNCONDITIONAL_CALL	0
0x0011b224	0x0011b1ef	UNCONDITIONAL_JUMP	0
0x0011b22d	0x0011b204	CONDITIONAL_JUMP	0
0x0011b232	0x001e8940	DATA	1
0x0011b238	0x0011b1fc	CONDITIONAL_JUMP	0
0x0011b23a	0xStack[-0x8]	READ	1
0x0011b249	0xStack[0x4]	READ	1
0x0011b24c	0xStack[0x8]	READ	1
0x0011b253	0x0011b25b	CONDITIONAL_JUMP	0
0x0011b256	0x0011b26c	UNCONDITIONAL_CALL	0
0x0011b262	0xStack[-0xc]	DATA	0
0x0011b26f	0xStack[0x4]	READ	1
0x0011b277	0x0011b286	CONDITIONAL_JUMP	0
0x0011b281	0x0011df54	UNCONDITIONAL_CALL	0
0x0011b290	0x001e9be8	WRITE	0
0x0011b290	0x001e9be0	DATA	1
0x0011b29a	0x001e9bec	WRITE	0
0x0011b29a	0x001e9be0	DATA	1
0x0011b2a6	0x001de69c	READ	0
0x0011b2ac	0x0011b2f2	CONDITIONAL_JUMP	0
0x0011b2b0	0x001e9bf0	READ	1
0x0011b2b7	0x001e9be8	READ	1
0x0011b2bd	0x001e9be8	WRITE	0
0x0011b2c2	0x001e9be0	DATA	1
0x0011b2c5	0x001e9bec	WRITE	0
0x0011b2c8	0x001e9be0	DATA	1
0x0011b2ea	0x001de69c	READ	0
0x0011b2f0	0x0011b2b0	CONDITIONAL_JUMP	0
0x0011b2f2	0x001e99e0	DATA	1
0x0011b2f9	0x001e9bd8	DATA	1
0x0011b300	0x001e99e4	WRITE	0
0x0011b300	0x001e99e0	DATA	1
0x0011b300	0x001e99ec	WRITE	0
0x0011b300	0x001e99e8	DATA	1
0x0011b306	0x001e99e0	WRITE	0
0x0011b306	0x001e99e8	WRITE	0
0x0011b308	0x001e99f0	DATA	0
0x0011b310	0x0011b300	CONDITIONAL_JUMP	0
0x0011b312	0xStack[-0x8]	READ	1
0x0011b325	0xStack[0x4]	READ	1
0x0011b328	0x001db6f8	READ	0
0x0011b32f	0x0011b4be	CONDITIONAL_JUMP	0
0x0011b337	0xStack[0x8]	READ	1
0x0011b34c	0x0011b35c	CONDITIONAL_JUMP	0
0x0011b34e	0x001e9c10	READ_WRITE	0
0x0011b354	0x0011b4be	UNCONDITIONAL_JUMP	0
0x0011b35c	0xStack[0x8]	READ	1
0x0011b370	0xStack[-0x8]	WRITE	0
0x0011b373	0xStack[0x10]	READ	1
0x0011b377	0xStack[-0x8]	READ	1
0x0011b37c	0xStack[0x8]	READ	1
0x0011b381	0x0011b8dc	UNCONDITIONAL_CALL	0
0x0011b38d	0x0011b39c	CONDITIONAL_JUMP	0
0x0011b38f	0x001e9c0c	READ_WRITE	0
0x0011b395	0x0011b4be	UNCONDITIONAL_JUMP	0
0x0011b39c	0x001e9be8	READ	1
0x0011b3a2	0x001e9be0	DATA	1
0x0011b3a8	0x0011b3b8	CONDITIONAL_JUMP	0
0x0011b3aa	0x001e9c18	READ_WRITE	0
0x0011b3b0	0x0011b4be	UNCONDITIONAL_JUMP	0
0x0011b3dd	0x0011b3fb	CONDITIONAL_JUMP	0
0x0011b3e3	0x0011b3eb	CONDITIONAL_JUMP	0
0x0011b3e5	0x001e9c20	READ_WRITE	0
0x0011b3f0	0x0011b3fb	CONDITIONAL_JUMP	0
0x0011b3f3	0x0011df54	UNCONDITIONAL_CALL	0
0x0011b400	0x0011b40b	CONDITIONAL_JUMP	0
0x0011b403	0x0011df54	UNCONDITIONAL_CALL	0
0x0011b410	0x0011b41b	CONDITIONAL_JUMP	0
0x0011b413	0x00108384	UNCONDITIONAL_CALL	0
0x0011b41f	0x0011b432	CONDITIONAL_JUMP	0
0x0011b42a	0x0015a824	UNCONDITIONAL_CALL	0
0x0011b439	0xStack[0xc]	READ	1
0x0011b44d	0xStack[0x8]	READ	1
0x0011b451	0x001013cc	UNCONDITIONAL_CALL	0
0x0011b467	0xStack[0x10]	READ	1
0x0011b46f	0x0011b474	CONDITIONAL_JUMP	0
0x0011b474	0x001e9bec	READ	1
0x0011b488	0xStack[-0x8]	READ	1
0x0011b492	0x001e99e0	DATA	1
0x0011b49a	0x001e99e0	DATA	1
0x0011b4a3	0x001e99e0	DATA	1
0x0011b4ac	0x001e99e0	DATA	0
0x0011b4b2	0x001e9c20	READ_WRITE	0
0x0011b4b8	0x001e9c08	READ_WRITE	0
0x0011b4be	0xStack[-0x14]	DATA	0
0x0011b4ce	0xStack[0x4]	READ	1
0x0011b4d1	0xStack[0x8]	READ	1
0x0011b4ea	0x0011b50c	CONDITIONAL_JUMP	0
0x0011b503	0x0011b8dc	UNCONDITIONAL_CALL	0
0x0011b508	0x0011b50e	UNCONDITIONAL_JUMP	0
0x0011b50e	0xStack[-0x10]	DATA	0
0x0011b521	0xStack[0x4]	READ	1
0x0011b524	0xStack[0xc]	READ	1
0x0011b52c	0x0011b603	CONDITIONAL_JUMP	0
0x0011b548	0x0011b574	CONDITIONAL_JUMP	0
0x0011b556	0xStack[0x8]	READ	1
0x0011b561	0xStack[0x8]	READ	1
0x0011b565	0x0011b8dc	UNCONDITIONAL_CALL	0
0x0011b56f	0x0011b576	UNCONDITIONAL_JUMP	0
0x0011b578	0x0011b603	CONDITIONAL_JUMP	0
0x0011b582	0x0011b5b5	CONDITIONAL_JUMP	0
0x0011b588	0xStack[0xc]	READ	1
0x0011b58e	0x0011b5a4	CONDITIONAL_JUMP	0
0x0011b598	0x001012fc	UNCONDITIONAL_CALL	0
0x0011b5a2	0x0011b603	CONDITIONAL_JUMP	0
0x0011b5ad	0x0015a824	UNCONDITIONAL_CALL	0
0x0011b5b6	0x0015a75c	UNCONDITIONAL_CALL	0
0x0011b5c3	0x0011b603	CONDITIONAL_JUMP	0
0x0011b5d2	0xStack[0xc]	READ	1
0x0011b5d8	0x001013cc	UNCONDITIONAL_CALL	0
0x0011b5ef	0x001e9bec	READ	1
0x0011b603	0xStack[-0x14]	DATA	0
0x0011b616	0xStack[0x8]	READ	1
0x0011b619	0x001db6f8	READ	0
0x0011b620	0x0011b62c	CONDITIONAL_JUMP	0
0x0011b624	0x0011b6e5	UNCONDITIONAL_JUMP	0
0x0011b642	0x0011b654	CONDITIONAL_JUMP	0
0x0011b644	0x001e9c14	READ_WRITE	0
0x0011b64c	0x0011b6e5	UNCONDITIONAL_JUMP	0
0x0011b660	0xStack[0x4]	READ	1
0x0011b668	0xStack[0xc]	READ	1
0x0011b66f	0xStack[0x4]	READ	1
0x0011b673	0x0011b8dc	UNCONDITIONAL_CALL	0
0x0011b67c	0x0011b688	CONDITIONAL_JUMP	0
0x0011b67e	0x001e9c04	READ_WRITE	0
0x0011b686	0x0011b6e5	UNCONDITIONAL_JUMP	0
0x0011b688	0x001e9c00	READ_WRITE	0
0x0011b6a0	0x001e9bec	READ	1
0x0011b6b4	0x001e99e0	DATA	1
0x0011b6c0	0x0011b6e2	CONDITIONAL_JUMP	0
0x0011b6e5	0xStack[-0x10]	DATA	0
0x0011b6f6	0xStack[0x8]	READ	1
0x0011b70f	0x0011b748	CONDITIONAL_JUMP	0
0x0011b71d	0xStack[0x4]	READ	1
0x0011b72d	0xStack[0x4]	READ	1
0x0011b731	0x0011b8dc	UNCONDITIONAL_CALL	0
0x0011b73b	0x0011b748	CONDITIONAL_JUMP	0
0x0011b73e	0x0011b830	UNCONDITIONAL_CALL	0
0x0011b746	0x0011b728	UNCONDITIONAL_JUMP	0
0x0011b748	0xStack[-0x10]	DATA	0
0x0011b758	0x001e9c1c	READ_WRITE	0
0x0011b75e	0x001e99e0	DATA	1
0x0011b763	0x001e9be0	DATA	1
0x0011b768	0x0011b7a2	CONDITIONAL_JUMP	0
0x0011b76c	0x001e99e0	READ	1
0x0011b76c	0x001e99e8	READ	1
0x0011b770	0x0011b798	CONDITIONAL_JUMP	0
0x0011b776	0x0011b77e	CONDITIONAL_JUMP	0
0x0011b77c	0x0011b78b	CONDITIONAL_JUMP	0
0x0011b77e	0x001db6fc	DATA	0
0x0011b783	0x0010ca6c	UNCONDITIONAL_CALL	0
0x0011b78c	0x0011b830	UNCONDITIONAL_CALL	0
0x0011b794	0x0011b75e	UNCONDITIONAL_JUMP	0
0x0011b798	0x001e99e8	DATA	0
0x0011b79b	0x001e9be0	DATA	1
0x0011b7a0	0x0011b76c	CONDITIONAL_JUMP	0
0x0011b7a2	0xStack[-0x8]	READ	1
0x0011b7b0	0xStack[0x4]	READ	1
0x0011b7b6	0x001e9be8	READ	1
0x0011b7bb	0x001e9be0	DATA	1
0x0011b7c0	0x0011b7ea	CONDITIONAL_JUMP	0
0x0011b7c7	0x0011b7ce	CONDITIONAL_JUMP	0
0x0011b7cc	0x0011b7e0	CONDITIONAL_JUMP	0
0x0011b7cf	0x0011b830	UNCONDITIONAL_CALL	0
0x0011b7dc	0x0011b7ea	UNCONDITIONAL_JUMP	0
0x0011b7e3	0x001e9be0	DATA	1
0x0011b7e8	0x0011b7c4	CONDITIONAL_JUMP	0
0x0011b7ec	0x0011b7b4	CONDITIONAL_JUMP	0
0x0011b7ee	0xStack[-0x8]	READ	1
0x0011b7fb	0x001e9be8	READ	1
0x0011b800	0x001e9be0	DATA	1
0x0011b805	0x0011b82a	CONDITIONAL_JUMP	0
0x0011b80c	0x0011b820	CONDITIONAL_JUMP	0
0x0011b80f	0x0011b830	UNCONDITIONAL_CALL	0
0x0011b823	0x001e9be0	DATA	1
0x0011b828	0x0011b808	CONDITIONAL_JUMP	0
0x0011b834	0xStack[0x4]	READ	1
0x0011b85c	0x0011df54	UNCONDITIONAL_CALL	0
0x0011b86c	0x0011df54	UNCONDITIONAL_CALL	0
0x0011b880	0x0011b892	CONDITIONAL_JUMP	0
0x0011b883	0x00108384	UNCONDITIONAL_CALL	0
0x0011b896	0x0011b8b0	CONDITIONAL_JUMP	0
0x0011b8a1	0x0015a824	UNCONDITIONAL_CALL	0
0x0011b8b0	0x001e9be8	READ	1
0x0011b8b5	0x001e9be8	WRITE	0
0x0011b8c1	0x001e9be0	DATA	1
0x0011b8cd	0x001e9c20	READ_WRITE	0
0x0011b8d3	0xStack[-0x8]	READ	1
0x0011b8e2	0xStack[0x14]	READ	1
0x0011b8e5	0xStack[0x10]	READ	1
0x0011b8ef	0x001e99e0	DATA	1
0x0011b8f5	0x001e99e0	DATA	1
0x0011b8fd	0x0011b976	CONDITIONAL_JUMP	0
0x0011b900	0xStack[0x4]	READ	1
0x0011b906	0x0011b970	CONDITIONAL_JUMP	0
0x0011b90c	0xStack[0xc]	READ	0
0x0011b90f	0x0011b970	CONDITIONAL_JUMP	0
0x0011b911	0xStack[0x8]	READ	1
0x0011b919	0x0011b970	CONDITIONAL_JUMP	0
0x0011b91b	0xStack[0xc]	READ	1
0x0011b91f	0xStack[0x8]	READ	1
0x0011b927	0x001012fc	UNCONDITIONAL_CALL	0
0x0011b931	0x0011b970	CONDITIONAL_JUMP	0
0x0011b936	0x0011b969	CONDITIONAL_JUMP	0
0x0011b93d	0x0011b969	CONDITIONAL_JUMP	0
0x0011b947	0x0011b970	CONDITIONAL_JUMP	0
0x0011b951	0x0011b970	CONDITIONAL_JUMP	0
0x0011b95d	0x001012fc	UNCONDITIONAL_CALL	0
0x0011b967	0x0011b970	CONDITIONAL_JUMP	0
0x0011b96b	0x0011b978	UNCONDITIONAL_JUMP	0
0x0011b974	0x0011b900	CONDITIONAL_JUMP	0
0x0011b978	0xStack[-0x10]	DATA	0
0x0011b98d	0xStack[0x4]	READ	1
0x0011b990	0xStack[0xc]	READ	1
0x0011b996	0xStack[0x8]	READ	0
0x0011b99a	0x0011b9b4	CONDITIONAL_JUMP	0
0x0011b99d	0x0011ea5c	UNCONDITIONAL_CALL	0
0x0011b9a7	0x0011b9b4	CONDITIONAL_JUMP	0
0x0011b9ae	0x0011ba47	UNCONDITIONAL_JUMP	0
0x0011b9b7	0xStack[-0x8]	WRITE	0
0x0011b9bf	0xStack[-0xc]	WRITE	0
0x0011b9c5	0x0011b9c8	CONDITIONAL_JUMP	0
0x0011b9cd	0x0011b9d2	CONDITIONAL_JUMP	0
0x0011b9d7	0x0011b9dc	CONDITIONAL_JUMP	0
0x0011b9dc	0xStack[-0xc]	READ	0
0x0011b9e0	0x0011b9e6	CONDITIONAL_JUMP	0
0x0011b9ea	0x0011ba14	CONDITIONAL_JUMP	0
0x0011b9f2	0x0011ba14	CONDITIONAL_JUMP	0
0x0011b9f4	0x001e8758	READ	1
0x0011b9ff	0x0011ba14	CONDITIONAL_JUMP	0
0x0011ba06	0xStack[0x8]	READ	1
0x0011ba0c	0x0015efdc	UNCONDITIONAL_CALL	0
0x0011ba11	0x0011ba27	UNCONDITIONAL_JUMP	0
0x0011ba1c	0xStack[0x8]	READ	1
0x0011ba29	0x0011ba47	CONDITIONAL_JUMP	0
0x0011ba2f	0x0011ba37	CONDITIONAL_JUMP	0
0x0011ba35	0x0011ba45	CONDITIONAL_JUMP	0
0x0011ba37	0xStack[-0x8]	READ	1
0x0011ba47	0xStack[-0x18]	DATA	0
0x0011ba5b	0xStack[-0x48]	WRITE	0
0x0011ba62	0xStack[0x4]	READ	1
0x0011ba68	0xStack[-0x50]	WRITE	0
0x0011ba6b	0xStack[-0x50]	READ	1
0x0011ba75	0x0011bbfc	CONDITIONAL_JUMP	0
0x0011ba7b	0x0011baa8	COMPUTED_JUMP	-1
0x0011ba7b	0x0011bb24	COMPUTED_JUMP	-1
0x0011ba7b	0x0011bbfc	COMPUTED_JUMP	-1
0x0011ba7b	0x0011bb80	COMPUTED_JUMP	-1
0x0011ba7b	0x0011ba84	DATA	0
0x0011ba84	0x0011baa8	DATA	0
0x0011ba88	0x0011bb24	DATA	0
0x0011ba8c	0x0011bbfc	DATA	0
0x0011ba90	0x0011bb80	DATA	0
0x0011ba94	0x0011bbfc	DATA	0
0x0011ba98	0x0011bbfc	DATA	0
0x0011ba9c	0x0011bbfc	DATA	0
0x0011baa0	0x0011bb24	DATA	0
0x0011baa4	0x0011bb80	DATA	0
0x0011baa8	0xStack[0x8]	READ	0
0x0011baaf	0x0011bb24	CONDITIONAL_JUMP	0
0x0011bab1	0xStack[0x4]	READ	1
0x0011babd	0xStack[-0x4c]	WRITE	0
0x0011bac0	0xStack[0xc]	READ	1
0x0011bac8	0x0011badc	CONDITIONAL_JUMP	0
0x0011baca	0x0011bad4	CONDITIONAL_JUMP	0
0x0011bace	0x0011bb00	CONDITIONAL_JUMP	0
0x0011bad0	0x0011baf4	UNCONDITIONAL_JUMP	0
0x0011bad7	0x0011bae8	CONDITIONAL_JUMP	0
0x0011bad9	0x0011baf4	UNCONDITIONAL_JUMP	0
0x0011bae3	0x0011bb00	UNCONDITIONAL_JUMP	0
0x0011baef	0x0011bb00	UNCONDITIONAL_JUMP	0
0x0011baf9	0x0011bc06	UNCONDITIONAL_JUMP	0
0x0011bb00	0xStack[-0x4c]	READ	0
0x0011bb04	0x0011bb14	CONDITIONAL_JUMP	0
0x0011bb06	0xStack[0xc]	READ	1
0x0011bb0f	0x0011bb1d	UNCONDITIONAL_JUMP	0
0x0011bb14	0xStack[0xc]	READ	1
0x0011bb1f	0x0011bc06	UNCONDITIONAL_JUMP	0
0x0011bb24	0xStack[0x8]	READ	1
0x0011bb2c	0x0011bbfc	CONDITIONAL_JUMP	0
0x0011bb37	0x0011bc03	CONDITIONAL_JUMP	0
0x0011bb42	0x0011bbfc	CONDITIONAL_JUMP	0
0x0011bb48	0xStack[-0x50]	READ	1
0x0011bb4e	0x001e8758	READ	1
0x0011bb57	0xStack[-0x44]	DATA	0
0x0011bb61	0xStack[-0x48]	WRITE	0
0x0011bb66	0x0011bc03	CONDITIONAL_JUMP	0
0x0011bb6c	0xStack[0x4]	READ	1
0x0011bb6f	0xStack[0xc]	READ	1
0x0011bb72	0xStack[-0x2c]	READ	1
0x0011bb7a	0x0011bc03	UNCONDITIONAL_JUMP	0
0x0011bb80	0x001e875c	READ	1
0x0011bb8c	0x001e875c	READ	1
0x0011bb95	0x00186f88	UNCONDITIONAL_CALL	0
0x0011bb9f	0x0011bbd4	CONDITIONAL_JUMP	0
0x0011bba1	0x001e8758	READ	1
0x0011bbba	0x0011bbc8	CONDITIONAL_JUMP	0
0x0011bbbc	0xStack[-0x48]	WRITE	0
0x0011bbc3	0x0011bc03	UNCONDITIONAL_JUMP	0
0x0011bbc8	0x001e875c	READ	1
0x0011bbd1	0x0011bc03	UNCONDITIONAL_JUMP	0
0x0011bbd4	0xStack[-0x50]	READ	1
0x0011bbda	0xStack[0x4]	READ	1
0x0011bbe5	0xStack[0xc]	READ	1
0x0011bbe9	0xStack[0x8]	READ	1
0x0011bbed	0xStack[-0x50]	READ	1
0x0011bbf6	0xStack[-0x48]	WRITE	0
0x0011bbf9	0x0011bc03	UNCONDITIONAL_JUMP	0
0x0011bbfc	0xStack[-0x48]	WRITE	0
0x0011bc03	0xStack[-0x48]	READ	1
0x0011bc06	0xStack[-0x54]	READ	1
0x0011bc14	0xStack[0x4]	READ	1
0x0011bc20	0x0011bc2e	CONDITIONAL_JUMP	0
0x0011bc22	0x0011bc44	CONDITIONAL_JUMP	0
0x0011bc27	0x0011bc44	CONDITIONAL_JUMP	0
0x0011bc2c	0x0011bc44	CONDITIONAL_JUMP	0
0x0011bc35	0xStack[0x8]	READ	1
0x0011bc3f	0x0011bc49	UNCONDITIONAL_JUMP	0
0x0011bc49	0xStack[-0x8]	READ	1
0x0011bc58	0xStack[0x4]	READ	1
0x0011bc5b	0xStack[0x8]	READ	1
0x0011bc61	0x001e8758	READ	1
0x0011bc6a	0xStack[-0x44]	DATA	0
0x0011bc76	0x0011bd61	CONDITIONAL_JUMP	0
0x0011bc7c	0xStack[-0x40]	READ	1
0x0011bc84	0xStack[-0x3e]	READ	1
0x0011bc8c	0xStack[-0x3c]	READ	1
0x0011bc94	0xStack[-0x38]	READ	1
0x0011bc9b	0xStack[-0x34]	READ	1
0x0011bca1	0xStack[-0x30]	READ	1
0x0011bca9	0xStack[-0x2c]	READ	1
0x0011bcaf	0xStack[-0x28]	READ	1
0x0011bcb5	0xStack[-0x24]	READ	1
0x0011bcc7	0x0011bccf	CONDITIONAL_JUMP	0
0x0011bccd	0x0011bce8	CONDITIONAL_JUMP	0
0x0011bccf	0xStack[-0x1c]	READ	1
0x0011bcd4	0x0011bce0	CONDITIONAL_JUMP	0
0x0011bcd6	0x0011bce8	CONDITIONAL_JUMP	0
0x0011bcd8	0xStack[-0x18]	READ	1
0x0011bcde	0x0011bce8	CONDITIONAL_JUMP	0
0x0011bce3	0x0011bcee	UNCONDITIONAL_JUMP	0
0x0011bce8	0xStack[-0x1c]	READ	1
0x0011bcf5	0xStack[-0x14]	READ	1
0x0011bd02	0xStack[-0xc]	READ	1
0x0011bd0a	0xStack[-0x8]	READ	1
0x0011bd21	0x001de480	DATA	1
0x0011bd26	0x0011bd40	CONDITIONAL_JUMP	0
0x0011bd3b	0x0011bd5f	UNCONDITIONAL_JUMP	0
0x0011bd40	0x001dca20	DATA	1
0x0011bd45	0x0011bd5f	CONDITIONAL_JUMP	0
0x0011bd50	0x0011bd5f	CONDITIONAL_JUMP	0
0x0011bd61	0xStack[-0x4c]	DATA	0
0x0011bd71	0xStack[0x4]	READ	1
0x0011bd7c	0x0011bd95	CONDITIONAL_JUMP	0
0x0011bd85	0x0011bd95	CONDITIONAL_JUMP	0
0x0011bd8d	0x0011c028	UNCONDITIONAL_CALL	0
0x0011bd9f	0x0011e474	UNCONDITIONAL_CALL	0
0x0011bda6	0x001e875c	READ	1
0x0011bdb6	0x0011bdbe	CONDITIONAL_JUMP	0
0x0011bdb9	0x0011df54	UNCONDITIONAL_CALL	0
0x0011bdbe	0x001e875c	READ	1
0x0011bdc7	0xStack[-0xc]	DATA	0
0x0011bdd9	0xStack[0x4]	READ	1
0x0011bddc	0x001e8758	READ	1
0x0011bdec	0x0011bea4	CONDITIONAL_JUMP	0
0x0011bdf2	0xStack[-0x20]	WRITE	0
0x0011be05	0xStack[-0x1c]	WRITE	0
0x0011be08	0x001e8758	READ	1
0x0011be15	0x0011be5c	CONDITIONAL_JUMP	0
0x0011be18	0x001e8758	READ	1
0x0011be29	0x0011be59	CONDITIONAL_JUMP	0
0x0011be37	0x0011be59	CONDITIONAL_JUMP	0
0x0011be39	0xStack[-0x1c]	READ	1
0x0011be3f	0x0011be50	CONDITIONAL_JUMP	0
0x0011be41	0xStack[-0x20]	WRITE	0
0x0011be4e	0x0011be59	UNCONDITIONAL_JUMP	0
0x0011be5a	0x0011be18	CONDITIONAL_JUMP	0
0x0011be5c	0xStack[-0x20]	READ	0
0x0011be60	0x0011bea4	CONDITIONAL_JUMP	0
0x0011be62	0xStack[-0x18]	WRITE	0
0x0011be68	0xStack[-0x16]	WRITE	0
0x0011be6e	0xStack[-0x14]	WRITE	0
0x0011be75	0xStack[-0x10]	WRITE	0
0x0011be7c	0xStack[-0x1c]	READ	1
0x0011be82	0x001e8758	READ	1
0x0011be95	0xStack[-0x18]	DATA	0
0x0011be9f	0x0011bea6	UNCONDITIONAL_JUMP	0
0x0011bea6	0xStack[-0x2c]	DATA	0
0x0011beb7	0xStack[0x4]	READ	1
0x0011bec0	0x0011becc	CONDITIONAL_JUMP	0
0x0011bec2	0xStack[0x8]	READ	0
0x0011bec6	0x0011c01f	CONDITIONAL_JUMP	0
0x0011bece	0x0011beda	CONDITIONAL_JUMP	0
0x0011bed0	0xStack[0x8]	READ	0
0x0011bed4	0x0011c01f	CONDITIONAL_JUMP	0
0x0011beda	0xStack[-0x8]	WRITE	0
0x0011bee1	0xStack[0x4]	READ	1
0x0011bee7	0xStack[-0xc]	WRITE	0
0x0011beea	0xStack[0x8]	READ	0
0x0011beee	0x0011befa	CONDITIONAL_JUMP	0
0x0011bef0	0xStack[-0x8]	READ	1
0x0011bef4	0xStack[-0x8]	WRITE	0
0x0011bef7	0xStack[-0x8]	READ	1
0x0011befa	0x001e875c	READ	1
0x0011bf03	0x00186f88	UNCONDITIONAL_CALL	0
0x0011bf0d	0x0011bf7c	CONDITIONAL_JUMP	0
0x0011bf0f	0x001e8758	READ	1
0x0011bf28	0x0011bf34	CONDITIONAL_JUMP	0
0x0011bf2f	0x0011c021	UNCONDITIONAL_JUMP	0
0x0011bf34	0x001e875c	READ	1
0x0011bf3d	0x0011c01f	UNCONDITIONAL_JUMP	0
0x0011bf44	0xStack[0x4]	READ	1
0x0011bf4b	0x0011bf5c	CONDITIONAL_JUMP	0
0x0011bf53	0x0011c028	UNCONDITIONAL_CALL	0
0x0011bf58	0x0011bf79	UNCONDITIONAL_JUMP	0
0x0011bf5c	0xStack[0x8]	READ	0
0x0011bf60	0x0011bfb5	CONDITIONAL_JUMP	0
0x0011bf62	0xStack[-0xc]	READ	1
0x0011bf69	0xStack[-0x8]	READ	1
0x0011bf6d	0xStack[-0xc]	READ	1
0x0011bf74	0x0010a588	UNCONDITIONAL_CALL	0
0x0011bf7c	0xStack[-0xc]	READ	1
0x0011bf83	0x0011bf44	CONDITIONAL_JUMP	0
0x0011bf85	0xStack[0x8]	READ	1
0x0011bf8b	0x0011bfd0	CONDITIONAL_JUMP	0
0x0011bf8d	0xStack[-0xc]	READ	1
0x0011bf96	0x0011bfd0	CONDITIONAL_JUMP	0
0x0011bf98	0xStack[0x4]	READ	1
0x0011bf9f	0x0011bfb0	CONDITIONAL_JUMP	0
0x0011bfa7	0x0011c028	UNCONDITIONAL_CALL	0
0x0011bfac	0x0011bf79	UNCONDITIONAL_JUMP	0
0x0011bfb3	0x0011bfbc	CONDITIONAL_JUMP	0
0x0011bfba	0x0011c021	UNCONDITIONAL_JUMP	0
0x0011bfbe	0xStack[-0xc]	READ	1
0x0011bfc7	0xStack[-0xc]	READ	1
0x0011bfcd	0x0011bf73	UNCONDITIONAL_JUMP	0
0x0011bfd0	0xStack[0x4]	READ	1
0x0011bfd7	0x0011bfe3	CONDITIONAL_JUMP	0
0x0011bfd9	0x001db720	DATA	0
0x0011bfde	0x0010ca6c	UNCONDITIONAL_CALL	0
0x0011bfe3	0xStack[0x8]	READ	0
0x0011bfe7	0x0011bffe	CONDITIONAL_JUMP	0
0x0011bfe9	0xStack[-0xc]	READ	1
0x0011bff4	0xStack[0x4]	READ	1
0x0011bffe	0xStack[0x8]	READ	0
0x0011c002	0x0011c01f	CONDITIONAL_JUMP	0
0x0011c004	0xStack[0x4]	READ	1
0x0011c00b	0x0011c01f	CONDITIONAL_JUMP	0
0x0011c00d	0xStack[-0xc]	READ	1
0x0011c018	0xStack[0x4]	READ	1
0x0011c021	0xStack[-0x10]	READ	1
0x0011c02e	0xStack[0x4]	READ	1
0x0011c034	0xStack[0x8]	READ	1
0x0011c03c	0x0011c0eb	CONDITIONAL_JUMP	0
0x0011c044	0x0011c0eb	CONDITIONAL_JUMP	0
0x0011c052	0x0011c09d	CONDITIONAL_JUMP	0
0x0011c05a	0x0011c069	CONDITIONAL_JUMP	0
0x0011c05c	0x001db72d	DATA	0
0x0011c061	0x0010ca6c	UNCONDITIONAL_CALL	0
0x0011c079	0x0011c093	CONDITIONAL_JUMP	0
0x0011c085	0x0011c093	CONDITIONAL_JUMP	0
0x0011c08b	0x0010ab38	UNCONDITIONAL_CALL	0
0x0011c093	0xStack[0x4]	READ	1
0x0011c0a3	0x0011c0eb	CONDITIONAL_JUMP	0
0x0011c0ab	0x0011c0ba	CONDITIONAL_JUMP	0
0x0011c0ad	0x001db744	DATA	0
0x0011c0b2	0x0010ca6c	UNCONDITIONAL_CALL	0
0x0011c0ca	0x0011c0e1	CONDITIONAL_JUMP	0
0x0011c0d6	0x0011c0e1	CONDITIONAL_JUMP	0
0x0011c0dc	0x0010ab38	UNCONDITIONAL_CALL	0
0x0011c0e1	0xStack[0x4]	READ	1
0x0011c0eb	0xStack[-0x10]	DATA	0
0x0011c0ff	0xStack[-0x10]	DATA	0
0x0011c103	0xStack[0x8]	READ	1
0x0011c107	0xStack[0x4]	READ	1
0x0011c10b	0x0011c9a0	UNCONDITIONAL_CALL	0
0x0011c115	0x0011c135	CONDITIONAL_JUMP	0
0x0011c117	0xStack[0x14]	READ	1
0x0011c11b	0xStack[0x10]	READ	1
0x0011c11f	0xStack[0xc]	READ	1
0x0011c124	0x0011c13c	UNCONDITIONAL_CALL	0
0x0011c12a	0xStack[-0x14]	WRITE	0
0x0011c12d	0x0011cb84	UNCONDITIONAL_CALL	0
0x0011c132	0xStack[-0x14]	READ	1
0x0011c135	0xStack[-0x18]	READ	1
0x0011c148	0xStack[-0x11c]	WRITE	0
0x0011c152	0xStack[-0x118]	WRITE	0
0x0011c15c	0x001e8758	READ	1
0x0011c167	0xStack[-0x124]	WRITE	0
0x0011c171	0xStack[-0x104]	WRITE	0
0x0011c178	0xStack[0x4]	READ	1
0x0011c17f	0x0011c1d4	CONDITIONAL_JUMP	0
0x0011c188	0x0011c1d0	CONDITIONAL_JUMP	0
0x0011c18a	0xStack[-0x124]	READ	1
0x0011c191	0x0011df54	UNCONDITIONAL_CALL	0
0x0011c197	0x0011cb58	UNCONDITIONAL_CALL	0
0x0011c19c	0x001e8758	READ	1
0x0011c1ac	0x0011c1b8	CONDITIONAL_JUMP	0
0x0011c1ae	0xStack[-0x124]	WRITE	0
0x0011c1b4	0x0011c1c4	UNCONDITIONAL_JUMP	0
0x0011c1b8	0x001e97a0	READ	1
0x0011c1be	0xStack[-0x124]	WRITE	0
0x0011c1c4	0xStack[-0x124]	READ	1
0x0011c1ce	0x0011c1ec	UNCONDITIONAL_JUMP	0
0x0011c1d2	0x0011c1ec	CONDITIONAL_JUMP	0
0x0011c1d4	0x001e8758	READ	1
0x0011c1df	0x0011c1ec	CONDITIONAL_JUMP	0
0x0011c1e6	0x0011c750	UNCONDITIONAL_JUMP	0
0x0011c1ec	0xStack[-0x124]	READ	1
0x0011c1f6	0x0011c204	CONDITIONAL_JUMP	0
0x0011c1fd	0x0011c714	UNCONDITIONAL_JUMP	0
0x0011c206	0xStack[-0x104]	DATA	0
0x0011c20d	0xStack[0x4]	READ	1
0x0011c211	0x0011cb0c	UNCONDITIONAL_CALL	0
0x0011c21b	0x0011c714	CONDITIONAL_JUMP	0
0x0011c221	0xStack[-0x104]	READ	0
0x0011c228	0x0011c278	CONDITIONAL_JUMP	0
0x0011c22a	0xStack[0xc]	READ	0
0x0011c22e	0x0011c248	CONDITIONAL_JUMP	0
0x0011c230	0xStack[-0x124]	READ	1
0x0011c237	0x0011df54	UNCONDITIONAL_CALL	0
0x0011c241	0x0011c750	UNCONDITIONAL_JUMP	0
0x0011c248	0x001db77d	DATA	0
0x0011c24d	0xStack[0x4]	READ	1
0x0011c251	0x0011ca34	UNCONDITIONAL_CALL	0
0x0011c259	0xStack[0x10]	READ	0
0x0011c25d	0x0011c26c	CONDITIONAL_JUMP	0
0x0011c25f	0xStack[-0x124]	READ	1
0x0011c265	0x0011c6c7	UNCONDITIONAL_JUMP	0
0x0011c26c	0xStack[-0x124]	READ	1
0x0011c272	0x0011c6d6	UNCONDITIONAL_JUMP	0
0x0011c27a	0x001db77f	DATA	1
0x0011c289	0x001db77f	READ	0
0x0011c289	0x001db780	READ	0
0x0011c28b	0x0011c374	CONDITIONAL_JUMP	0
0x0011c291	0x001e8758	READ	1
0x0011c29c	0xStack[-0x124]	READ	0
0x0011c2a2	0x0011c303	CONDITIONAL_JUMP	0
0x0011c2a4	0xStack[-0x124]	READ	0
0x0011c2ab	0x0011c2cd	CONDITIONAL_JUMP	0
0x0011c2af	0x0011c2cd	CONDITIONAL_JUMP	0
0x0011c2b1	0xStack[-0x124]	READ	1
0x0011c2bd	0x0011c2cd	CONDITIONAL_JUMP	0
0x0011c2cb	0x0011c303	CONDITIONAL_JUMP	0
0x0011c2cd	0x001e97a0	READ	1
0x0011c2d2	0xStack[-0x124]	READ	0
0x0011c2d8	0x0011c303	CONDITIONAL_JUMP	0
0x0011c2da	0xStack[-0x124]	READ	0
0x0011c2e1	0x0011c318	CONDITIONAL_JUMP	0
0x0011c2e5	0x0011c318	CONDITIONAL_JUMP	0
0x0011c2e7	0xStack[-0x124]	READ	1
0x0011c2f3	0x0011c318	CONDITIONAL_JUMP	0
0x0011c301	0x0011c318	CONDITIONAL_JUMP	0
0x0011c303	0xStack[-0x124]	READ	1
0x0011c309	0xStack[-0x118]	WRITE	0
0x0011c313	0x0011c5d4	UNCONDITIONAL_JUMP	0
0x0011c318	0xStack[-0x124]	READ	1
0x0011c322	0x0011c374	CONDITIONAL_JUMP	0
0x0011c324	0xStack[-0x118]	WRITE	0
0x0011c330	0xStack[-0x124]	WRITE	0
0x0011c33a	0xStack[-0x118]	READ	1
0x0011c341	0x0011df54	UNCONDITIONAL_CALL	0
0x0011c349	0xStack[-0x124]	READ	1
0x0011c353	0x0011c364	CONDITIONAL_JUMP	0
0x0011c355	0xStack[-0x118]	WRITE	0
0x0011c35f	0x0011c5d4	UNCONDITIONAL_JUMP	0
0x0011c364	0xStack[-0x118]	WRITE	0
0x0011c36e	0x0011c291	UNCONDITIONAL_JUMP	0
0x0011c374	0xStack[-0x124]	READ	1
0x0011c37e	0x0011c41a	CONDITIONAL_JUMP	0
0x0011c387	0x001e8758	READ	1
0x0011c39e	0x0011c714	CONDITIONAL_JUMP	0
0x0011c3a9	0x0011c41a	CONDITIONAL_JUMP	0
0x0011c3b1	0xStack[-0x104]	DATA	0
0x0011c3bc	0x00101efc	UNCONDITIONAL_CALL	0
0x0011c3c6	0x0011c410	CONDITIONAL_JUMP	0
0x0011c3cd	0x0011c3e4	CONDITIONAL_JUMP	0
0x0011c3d7	0x0010a588	UNCONDITIONAL_CALL	0
0x0011c3df	0x0011c374	UNCONDITIONAL_JUMP	0
0x0011c3e7	0xStack[-0x108]	DATA	0
0x0011c3f9	0x0011c714	CONDITIONAL_JUMP	0
0x0011c3ff	0xStack[-0x108]	READ	1
0x0011c405	0xStack[-0x118]	WRITE	0
0x0011c40b	0x0011c5d4	UNCONDITIONAL_JUMP	0
0x0011c418	0x0011c3ac	CONDITIONAL_JUMP	0
0x0011c41a	0xStack[-0x124]	READ	1
0x0011c425	0xStack[0x4]	READ	1
0x0011c429	0x001e8758	READ	1
0x0011c432	0xStack[-0x108]	DATA	0
0x0011c439	0xStack[-0x104]	DATA	0
0x0011c446	0xStack[-0x108]	READ	1
0x0011c44c	0xStack[-0x118]	WRITE	0
0x0011c457	0x0011c4ac	CONDITIONAL_JUMP	0
0x0011c459	0xStack[-0x118]	WRITE	0
0x0011c467	0x0011c714	CONDITIONAL_JUMP	0
0x0011c46d	0xStack[0xc]	READ	0
0x0011c471	0x0011c714	CONDITIONAL_JUMP	0
0x0011c47a	0x0011c714	CONDITIONAL_JUMP	0
0x0011c482	0x0011ca34	UNCONDITIONAL_CALL	0
0x0011c487	0xStack[-0x124]	READ	1
0x0011c48d	0xStack[0xc]	READ	1
0x0011c492	0xStack[0x10]	READ	0
0x0011c496	0x0011c6dc	CONDITIONAL_JUMP	0
0x0011c49c	0xStack[0x10]	READ	1
0x0011c4a5	0x0011c6dc	UNCONDITIONAL_JUMP	0
0x0011c4ac	0xStack[-0x118]	READ	1
0x0011c4b2	0x0011c509	UNCONDITIONAL_JUMP	0
0x0011c4b9	0x0011c4d0	CONDITIONAL_JUMP	0
0x0011c4c3	0x0010a588	UNCONDITIONAL_CALL	0
0x0011c4cb	0x0011c4ac	UNCONDITIONAL_JUMP	0
0x0011c4d0	0xStack[-0x118]	READ	1
0x0011c4dc	0xStack[-0x108]	DATA	0
0x0011c4ee	0x0011c714	CONDITIONAL_JUMP	0
0x0011c4f5	0x0011df54	UNCONDITIONAL_CALL	0
0x0011c4fa	0xStack[-0x108]	READ	1
0x0011c500	0xStack[-0x118]	WRITE	0
0x0011c50e	0x0011c4b4	CONDITIONAL_JUMP	0
0x0011c510	0xStack[-0x118]	READ	1
0x0011c51a	0x0011c5d4	CONDITIONAL_JUMP	0
0x0011c520	0xStack[0x8]	READ	0
0x0011c524	0x0011c533	CONDITIONAL_JUMP	0
0x0011c526	0xStack[0x4]	READ	1
0x0011c52d	0x0011c628	CONDITIONAL_JUMP	0
0x0011c533	0xStack[-0x11c]	READ_WRITE	0
0x0011c539	0xStack[-0x11c]	READ	0
0x0011c540	0x0011c54c	CONDITIONAL_JUMP	0
0x0011c547	0x0011c714	UNCONDITIONAL_JUMP	0
0x0011c54c	0xStack[-0x114]	DATA	0
0x0011c553	0xStack[-0x124]	READ	1
0x0011c55a	0xStack[-0x104]	DATA	0
0x0011c561	0xStack[-0x118]	READ	1
0x0011c568	0x0011c760	UNCONDITIONAL_CALL	0
0x0011c572	0x0011c714	CONDITIONAL_JUMP	0
0x0011c578	0xStack[-0x10c]	READ	0
0x0011c57f	0x0011c58f	CONDITIONAL_JUMP	0
0x0011c581	0x001db782	DATA	0
0x0011c587	0x0011ca34	UNCONDITIONAL_CALL	0
0x0011c590	0xStack[0x4]	READ	1
0x0011c594	0x0011ca60	UNCONDITIONAL_CALL	0
0x0011c59a	0xStack[-0x120]	WRITE	0
0x0011c5a0	0x0011cb84	UNCONDITIONAL_CALL	0
0x0011c5a8	0xStack[-0x120]	READ	1
0x0011c5b0	0x0011c714	CONDITIONAL_JUMP	0
0x0011c5b6	0xStack[-0x118]	READ	1
0x0011c5bd	0x0011df54	UNCONDITIONAL_CALL	0
0x0011c5c2	0xStack[-0x118]	WRITE	0
0x0011c5cf	0x0011c171	UNCONDITIONAL_JUMP	0
0x0011c5d4	0xStack[0x4]	READ	1
0x0011c5db	0x0011c628	CONDITIONAL_JUMP	0
0x0011c5dd	0x001e8758	READ	1
0x0011c5e8	0x0011c61b	CONDITIONAL_JUMP	0
0x0011c5f0	0x0011c5fa	CONDITIONAL_JUMP	0
0x0011c5f8	0x0011c5f4	CONDITIONAL_JUMP	0
0x0011c5fd	0x0011c61b	CONDITIONAL_JUMP	0
0x0011c5ff	0xStack[-0x118]	READ	1
0x0011c609	0x0011c61b	CONDITIONAL_JUMP	0
0x0011c60b	0xStack[0x4]	READ	1
0x0011c61b	0xStack[0x4]	READ	1
0x0011c622	0x0011c6e0	CONDITIONAL_JUMP	0
0x0011c628	0xStack[-0x104]	DATA	0
0x0011c62f	0xStack[0x4]	READ	1
0x0011c633	0x0011ca34	UNCONDITIONAL_CALL	0
0x0011c63b	0xStack[0xc]	READ	0
0x0011c63f	0x0011c6ac	CONDITIONAL_JUMP	0
0x0011c641	0xStack[-0x118]	READ	1
0x0011c647	0xStack[-0x124]	READ	0
0x0011c64d	0x0011c678	CONDITIONAL_JUMP	0
0x0011c64f	0xStack[-0x124]	READ	0
0x0011c656	0x0011c69c	CONDITIONAL_JUMP	0
0x0011c65a	0x0011c69c	CONDITIONAL_JUMP	0
0x0011c65c	0xStack[-0x124]	READ	1
0x0011c668	0x0011c69c	CONDITIONAL_JUMP	0
0x0011c676	0x0011c69c	CONDITIONAL_JUMP	0
0x0011c678	0xStack[-0x124]	READ	1
0x0011c67f	0x0011df54	UNCONDITIONAL_CALL	0
0x0011c684	0xStack[-0x118]	READ	1
0x0011c68b	0x0011df54	UNCONDITIONAL_CALL	0
0x0011c695	0x0011c750	UNCONDITIONAL_JUMP	0
0x0011c69c	0xStack[-0x124]	READ	1
0x0011c6a2	0xStack[0xc]	READ	1
0x0011c6a7	0x0011c6bb	UNCONDITIONAL_JUMP	0
0x0011c6ac	0xStack[-0x124]	READ	1
0x0011c6b3	0x0011df54	UNCONDITIONAL_CALL	0
0x0011c6bb	0xStack[0x10]	READ	0
0x0011c6bf	0x0011c6d0	CONDITIONAL_JUMP	0
0x0011c6c1	0xStack[-0x118]	READ	1
0x0011c6c7	0xStack[0x10]	READ	1
0x0011c6cc	0x0011c6dc	UNCONDITIONAL_JUMP	0
0x0011c6d0	0xStack[-0x118]	READ	1
0x0011c6d7	0x0011df54	UNCONDITIONAL_CALL	0
0x0011c6de	0x0011c750	UNCONDITIONAL_JUMP	0
0x0011c6e0	0xStack[0x4]	READ	1
0x0011c6e4	0x0011cb58	UNCONDITIONAL_CALL	0
0x0011c6e9	0xStack[-0x124]	READ	1
0x0011c6f0	0x0011df54	UNCONDITIONAL_CALL	0
0x0011c6f5	0xStack[-0x118]	READ	1
0x0011c6fb	0xStack[-0x124]	WRITE	0
0x0011c701	0xStack[-0x118]	WRITE	0
0x0011c70e	0x0011c1ec	UNCONDITIONAL_JUMP	0
0x0011c714	0xStack[-0x118]	READ	0
0x0011c71b	0x0011c738	CONDITIONAL_JUMP	0
0x0011c71d	0xStack[-0x118]	READ	1
0x0011c724	0xStack[-0x120]	WRITE	0
0x0011c72a	0x0011df54	UNCONDITIONAL_CALL	0
0x0011c732	0xStack[-0x120]	READ	1
0x0011c738	0xStack[-0x124]	READ	1
0x0011c73f	0xStack[-0x120]	WRITE	0
0x0011c745	0x0011df54	UNCONDITIONAL_CALL	0
0x0011c74a	0xStack[-0x120]	READ	1
0x0011c750	0xStack[-0x130]	DATA	0
0x0011c76c	0xStack[0x10]	READ	1
0x0011c772	0x0011c97c	UNCONDITIONAL_CALL	0
0x0011c777	0xStack[0xc]	READ	1
0x0011c77b	0xStack[0x8]	READ	1
0x0011c77f	0x0011b4c8	UNCONDITIONAL_CALL	0
0x0011c78b	0x0011c7b0	CONDITIONAL_JUMP	0
0x0011c791	0x0011c7b0	CONDITIONAL_JUMP	0
0x0011c79f	0x001013cc	UNCONDITIONAL_CALL	0
0x0011c7ab	0x0011c81d	UNCONDITIONAL_JUMP	0
0x0011c7b2	0xStack[-0x24]	WRITE	0
0x0011c7b5	0xStack[-0x20]	WRITE	0
0x0011c7bc	0xStack[-0x24]	DATA	0
0x0011c7bf	0xStack[-0x1c]	WRITE	0
0x0011c7c2	0xStack[-0x18]	WRITE	0
0x0011c7c9	0xStack[-0x14]	WRITE	0
0x0011c7d0	0xStack[-0x10]	WRITE	0
0x0011c7d7	0xStack[-0x8]	WRITE	0
0x0011c7de	0xStack[0x4]	READ	1
0x0011c7e4	0x001e8758	READ	1
0x0011c7ed	0xStack[-0x1c]	DATA	0
0x0011c7fe	0xStack[-0x8]	READ	1
0x0011c809	0x0011c967	CONDITIONAL_JUMP	0
0x0011c810	0xStack[0xc]	READ	1
0x0011c814	0xStack[0x8]	READ	1
0x0011c818	0x0011b518	UNCONDITIONAL_CALL	0
0x0011c82f	0x00101fc4	UNCONDITIONAL_CALL	0
0x0011c839	0x0011c963	CONDITIONAL_JUMP	0
0x0011c841	0x0011c84c	CONDITIONAL_JUMP	0
0x0011c847	0x0011c84c	CONDITIONAL_JUMP	0
0x0011c84a	0x0011c82c	UNCONDITIONAL_JUMP	0
0x0011c84e	0x0011c963	CONDITIONAL_JUMP	0
0x0011c854	0xStack[-0x30]	DATA	0
0x0011c858	0x0011c97c	UNCONDITIONAL_CALL	0
0x0011c864	0x0011c944	CONDITIONAL_JUMP	0
0x0011c86a	0xStack[-0x130]	DATA	0
0x0011c870	0xStack[-0x134]	WRITE	0
0x0011c876	0xStack[-0x12f]	DATA	0
0x0011c87c	0xStack[-0x138]	WRITE	0
0x0011c88a	0x0011c8ad	CONDITIONAL_JUMP	0
0x0011c88c	0x001db784	DATA	0
0x0011c892	0x0011cabc	UNCONDITIONAL_CALL	0
0x0011c89e	0x0011c957	CONDITIONAL_JUMP	0
0x0011c8a5	0x0011cb58	UNCONDITIONAL_CALL	0
0x0011c8ad	0xStack[-0x134]	READ	1
0x0011c8b5	0x0011cb0c	UNCONDITIONAL_CALL	0
0x0011c8c1	0x0011c957	CONDITIONAL_JUMP	0
0x0011c8c7	0xStack[-0x130]	READ	0
0x0011c8ce	0x0011c924	CONDITIONAL_JUMP	0
0x0011c8d0	0x001db75c	DATA	1
0x0011c8d5	0x001db75c	READ	0
0x0011c8dc	0x0011c918	CONDITIONAL_JUMP	0
0x0011c8e0	0x001db75c	READ	1
0x0011c8e0	0x001db768	READ	1
0x0011c8e2	0x001db774	DATA	0
0x0011c8e3	0xStack[-0x138]	READ	1
0x0011c8ea	0x00101e7c	UNCONDITIONAL_CALL	0
0x0011c8f4	0x0011c8fe	CONDITIONAL_JUMP	0
0x0011c8f9	0x001db768	READ	0
0x0011c8fc	0x0011c8e0	CONDITIONAL_JUMP	0
0x0011c8fe	0x001db768	READ	0
0x0011c8fe	0x001db75c	READ	0
0x0011c901	0x0011c918	CONDITIONAL_JUMP	0
0x0011c903	0x001db76c	READ	1
0x0011c903	0x001db760	READ	1
0x0011c906	0x001e9c30	READ	0
0x0011c909	0x0011c920	CONDITIONAL_JUMP	0
0x0011c90b	0x001db770	READ	1
0x0011c90b	0x001db764	READ	1
0x0011c910	0x0011c918	CONDITIONAL_JUMP	0
0x0011c913	0x0011c92b	UNCONDITIONAL_JUMP	0
0x0011c91d	0x0011c957	UNCONDITIONAL_JUMP	0
0x0011c921	0x0011c92b	UNCONDITIONAL_JUMP	0
0x0011c924	0xStack[-0x134]	READ	1
0x0011c92c	0x0011cabc	UNCONDITIONAL_CALL	0
0x0011c938	0x0011c957	CONDITIONAL_JUMP	0
0x0011c93e	0x0011c884	CONDITIONAL_JUMP	0
0x0011c946	0x0011c957	CONDITIONAL_JUMP	0
0x0011c948	0xStack[-0x30]	READ	1
0x0011c94d	0x0011ca34	UNCONDITIONAL_CALL	0
0x0011c957	0xStack[-0x30]	DATA	0
0x0011c95b	0x0011cb84	UNCONDITIONAL_CALL	0
0x0011c965	0x0011c96d	CONDITIONAL_JUMP	0
0x0011c968	0x0011cb84	UNCONDITIONAL_CALL	0
0x0011c96f	0xStack[-0x144]	DATA	0
0x0011c980	0xStack[0x4]	READ	1
0x0011c988	0x0015a75c	UNCONDITIONAL_CALL	0
0x0011c999	0xStack[-0x8]	READ	1
0x0011c9a6	0xStack[0x4]	READ	1
0x0011c9a9	0xStack[0x8]	READ	1
0x0011c9ac	0xStack[0xc]	READ	1
0x0011c9b4	0x0015a75c	UNCONDITIONAL_CALL	0
0x0011c9ca	0x0011c9e4	CONDITIONAL_JUMP	0
0x0011c9da	0x0018a0a4	UNCONDITIONAL_CALL	0
0x0011c9df	0x0011c9f7	UNCONDITIONAL_JUMP	0
0x0011c9f2	0x0018a034	UNCONDITIONAL_CALL	0
0x0011c9fe	0x0011ca1a	CONDITIONAL_JUMP	0
0x0011ca07	0x0011ca1a	CONDITIONAL_JUMP	0
0x0011ca13	0x0011ca1a	CONDITIONAL_JUMP	0
0x0011ca1f	0x0011ca27	CONDITIONAL_JUMP	0
0x0011ca22	0x0011cb84	UNCONDITIONAL_CALL	0
0x0011ca29	0xStack[-0x10]	DATA	0
0x0011ca38	0xStack[0x4]	READ	1
0x0011ca3b	0xStack[0x8]	READ	1
0x0011ca4e	0x0018a034	UNCONDITIONAL_CALL	0
0x0011ca56	0xStack[-0x8]	READ	1
0x0011ca66	0xStack[0x4]	READ	1
0x0011ca69	0xStack[0x8]	READ	1
0x0011ca7a	0x0011caac	CONDITIONAL_JUMP	0
0x0011ca86	0x001014ec	UNCONDITIONAL_CALL	0
0x0011ca96	0x001013cc	UNCONDITIONAL_CALL	0
0x0011caa8	0x0011cab1	UNCONDITIONAL_JUMP	0
0x0011cab1	0xStack[-0x10]	DATA	0
0x0011cac2	0xStack[0x4]	READ	1
0x0011cac5	0xStack[0x8]	READ	1
0x0011cae6	0x0011cafc	CONDITIONAL_JUMP	0
0x0011caf0	0x001013cc	UNCONDITIONAL_CALL	0
0x0011cafa	0x0011cb01	UNCONDITIONAL_JUMP	0
0x0011cb01	0xStack[-0x10]	DATA	0
0x0011cb12	0xStack[0x4]	READ	1
0x0011cb15	0xStack[0x8]	READ	1
0x0011cb25	0x0011cb41	CONDITIONAL_JUMP	0
0x0011cb2c	0x0011cb41	CONDITIONAL_JUMP	0
0x0011cb2f	0x0011cb38	CONDITIONAL_JUMP	0
0x0011cb36	0x0011cb4c	UNCONDITIONAL_JUMP	0
0x0011cb3f	0x0011cb28	CONDITIONAL_JUMP	0
0x0011cb4c	0xStack[-0x10]	DATA	0
0x0011cb5b	0xStack[0x4]	READ	1
0x0011cb62	0x0011cb7e	CONDITIONAL_JUMP	0
0x0011cb6a	0x0011cb7e	CONDITIONAL_JUMP	0
0x0011cb7c	0x0011cb64	CONDITIONAL_JUMP	0
0x0011cb88	0xStack[0x4]	READ	1
0x0011cb93	0x0015a824	UNCONDITIONAL_CALL	0
0x0011cb9e	0xStack[-0x8]	READ	1
0x0011cbae	0x001e875c	READ	1
0x0011cbb6	0xStack[-0x8]	DATA	0
0x0011cbbd	0x0011cc68	UNCONDITIONAL_CALL	0
0x0011cbc4	0x001e875c	READ	1
0x0011cbcc	0x001e875c	READ	1
0x0011cbd8	0x0011cbf9	CONDITIONAL_JUMP	0
0x0011cbda	0x001e8758	READ	1
0x0011cbe6	0x0011df54	UNCONDITIONAL_CALL	0
0x0011cbeb	0x001e8758	READ	1
0x0011cbf0	0xStack[-0x8]	READ	1
0x0011cc07	0x001e875c	READ	1
0x0011cc0f	0x00108310	UNCONDITIONAL_CALL	0
0x0011cc16	0x0011cc5f	CONDITIONAL_JUMP	0
0x0011cc18	0xStack[-0x8]	DATA	0
0x0011cc1f	0x0011cc68	UNCONDITIONAL_CALL	0
0x0011cc26	0x001e875c	READ	1
0x0011cc2e	0x001e875c	READ	1
0x0011cc3a	0x0011cc5f	CONDITIONAL_JUMP	0
0x0011cc3c	0x001e8758	READ	1
0x0011cc49	0x0011cc51	CONDITIONAL_JUMP	0
0x0011cc4c	0x0011df54	UNCONDITIONAL_CALL	0
0x0011cc51	0x001e8758	READ	1
0x0011cc56	0xStack[-0x8]	READ	1
0x0011cc5f	0xStack[-0xc]	READ	1
0x0011cc70	0xStack[0x8]	READ	1
0x0011cc73	0xStack[-0x8]	DATA	0
0x0011cc7d	0xStack[0x4]	READ	1
0x0011cc81	0x0011c0f8	UNCONDITIONAL_CALL	0
0x0011cc8b	0x0011ccd5	CONDITIONAL_JUMP	0
0x0011cc8d	0xStack[-0x8]	READ	1
0x0011cc94	0x0011cca0	CONDITIONAL_JUMP	0
0x0011cc9b	0x0011ccbc	UNCONDITIONAL_JUMP	0
0x0011cca3	0x001e8758	READ	1
0x0011ccba	0x0011ccd0	CONDITIONAL_JUMP	0
0x0011ccbc	0xStack[-0x8]	READ	1
0x0011ccc0	0xStack[-0xc]	WRITE	0
0x0011ccc3	0x0011df54	UNCONDITIONAL_CALL	0
0x0011ccc8	0xStack[-0xc]	READ	1
0x0011cccb	0x0011ccd5	UNCONDITIONAL_JUMP	0
0x0011ccd0	0xStack[-0x8]	READ	1
0x0011ccd5	0xStack[-0x14]	DATA	0
0x0011cce5	0x001e875c	READ	1
0x0011cced	0x001e8758	READ	1
0x0011ccf9	0x00107898	UNCONDITIONAL_CALL	0
0x0011cd23	0x0011cd6c	UNCONDITIONAL_CALL	0
0x0011cd2a	0x001e875c	READ	1
0x0011cd36	0xStack[-0xc]	DATA	0
0x0011cd43	0x001e875c	READ	1
0x0011cd57	0x0011cd6c	UNCONDITIONAL_CALL	0
0x0011cd5e	0x001e875c	READ	1
0x0011cd75	0xStack[0x8]	READ	1
0x0011cd78	0x00104800	UNCONDITIONAL_CALL	0
0x0011cd81	0x0011cd94	CONDITIONAL_JUMP	0
0x0011cd83	0x001e875c	READ	1
0x0011cd8c	0x0011ce5d	UNCONDITIONAL_JUMP	0
0x0011cd94	0x001e875c	READ	1
0x0011cd9c	0xStack[-0xc]	WRITE	0
0x0011cd9f	0xStack[-0x8]	DATA	0
0x0011cda3	0x001e8758	READ	1
0x0011cdb6	0xStack[0xc]	READ	1
0x0011cdbd	0xStack[0x4]	READ	1
0x0011cdc1	0x0011df9c	UNCONDITIONAL_CALL	0
0x0011cdcd	0x0011cdfc	CONDITIONAL_JUMP	0
0x0011cdcf	0x001e8758	READ	1
0x0011cdda	0xStack[-0xc]	READ	1
0x0011cde8	0x00108384	UNCONDITIONAL_CALL	0
0x0011cdf4	0x001049c0	UNCONDITIONAL_CALL	0
0x0011cdf9	0x0011ce5b	UNCONDITIONAL_JUMP	0
0x0011ce07	0x001e8758	READ	1
0x0011ce12	0x0011ce26	CONDITIONAL_JUMP	0
0x0011ce14	0xStack[-0x8]	READ	1
0x0011ce1b	0x0011ce26	CONDITIONAL_JUMP	0
0x0011ce2c	0xStack[-0x8]	READ	1
0x0011ce32	0x001db710	DATA	1
0x0011ce39	0xStack[-0x8]	READ	1
0x0011ce40	0x0011ce4a	CONDITIONAL_JUMP	0
0x0011ce4a	0x001e8758	READ	1
0x0011ce55	0xStack[-0xc]	READ	1
0x0011ce5d	0xStack[-0x18]	DATA	0
0x0011ce6f	0x001e875c	READ	1
0x0011ce7d	0x0011ce85	CONDITIONAL_JUMP	0
0x0011ce92	0x0011cea1	CONDITIONAL_JUMP	0
0x0011ce94	0x00108310	UNCONDITIONAL_CALL	0
0x0011ce9b	0x0011cf73	CONDITIONAL_JUMP	0
0x0011cea1	0xStack[-0x44]	DATA	0
0x0011cea5	0x0011ea88	UNCONDITIONAL_CALL	0
0x0011ceb5	0x001db430	DATA	1
0x0011cebc	0xStack[-0x44]	WRITE	0
0x0011cec6	0x001e8758	READ	1
0x0011ced8	0xStack[-0x40]	WRITE	0
0x0011cedf	0xStack[-0x44]	READ	1
0x0011cee5	0x0011cf3c	CONDITIONAL_JUMP	0
0x0011cee7	0x0011cf30	COMPUTED_JUMP	-1
0x0011cee7	0x0011cf3c	COMPUTED_JUMP	-1
0x0011cee7	0x0011cf18	COMPUTED_JUMP	-1
0x0011cee7	0x0011cf24	COMPUTED_JUMP	-1
0x0011cee7	0x0011cef0	DATA	0
0x0011cef0	0x0011cf30	DATA	0
0x0011cef4	0x0011cf3c	DATA	0
0x0011cef8	0x0011cf18	DATA	0
0x0011cefc	0x0011cf24	DATA	0
0x0011cf00	0x0011cf24	DATA	0
0x0011cf04	0x0011cf3c	DATA	0
0x0011cf08	0x0011cf3c	DATA	0
0x0011cf0c	0x0011cf24	DATA	0
0x0011cf10	0x0011cf3c	DATA	0
0x0011cf14	0x0011cf24	DATA	0
0x0011cf18	0x001e875c	READ	1
0x0011cf21	0x0011cf73	UNCONDITIONAL_JUMP	0
0x0011cf28	0xStack[-0xc]	WRITE	0
0x0011cf2c	0x0011cf3c	UNCONDITIONAL_JUMP	0
0x0011cf30	0x001e875c	READ	1
0x0011cf39	0x0011cf73	UNCONDITIONAL_JUMP	0
0x0011cf3c	0xStack[-0x48]	DATA	0
0x0011cf44	0xStack[-0x44]	DATA	0
0x0011cf4d	0x0011e204	UNCONDITIONAL_CALL	0
0x0011cf54	0x001e875c	READ	1
0x0011cf5c	0x001e875c	READ	1
0x0011cf68	0x0011cf73	CONDITIONAL_JUMP	0
0x0011cf6a	0xStack[-0x48]	READ	1
0x0011cf6e	0x0011df54	UNCONDITIONAL_CALL	0
0x0011cf73	0xStack[-0x4c]	READ	1
0x0011cf84	0x001e875c	READ	1
0x0011cf8c	0xStack[-0x44]	DATA	0
0x0011cf90	0x0011ea88	UNCONDITIONAL_CALL	0
0x0011cf95	0xStack[-0x44]	WRITE	0
0x0011cfa3	0x001e8758	READ	1
0x0011cfb5	0xStack[-0x40]	WRITE	0
0x0011cfb9	0xStack[-0x48]	DATA	0
0x0011cfc7	0x0011e204	UNCONDITIONAL_CALL	0
0x0011cfce	0x001e875c	READ	1
0x0011cfd6	0x001e875c	READ	1
0x0011cfe2	0x0011cfed	CONDITIONAL_JUMP	0
0x0011cfe4	0xStack[-0x48]	READ	1
0x0011cfe8	0x0011df54	UNCONDITIONAL_CALL	0
0x0011cfed	0xStack[-0x50]	DATA	0
0x0011cffb	0x001e875c	READ	1
0x0011d00c	0x0011e510	UNCONDITIONAL_CALL	0
0x0011d013	0x001e875c	READ	1
0x0011d023	0x001e875c	READ	1
0x0011d034	0x0011e658	UNCONDITIONAL_CALL	0
0x0011d03b	0x001e875c	READ	1
0x0011d051	0x001e875c	READ	1
0x0011d059	0xStack[-0x5c]	DATA	0
0x0011d063	0x0011c9a0	UNCONDITIONAL_CALL	0
0x0011d06a	0x001e875c	READ	1
0x0011d072	0x001e875c	READ	1
0x0011d07e	0x0011d14a	CONDITIONAL_JUMP	0
0x0011d086	0xStack[-0x60]	DATA	0
0x0011d08d	0x0011c13c	UNCONDITIONAL_CALL	0
0x0011d094	0x001e875c	READ	1
0x0011d09c	0x001e875c	READ	1
0x0011d0a9	0x0011d0b8	CONDITIONAL_JUMP	0
0x0011d0ac	0x0011cb84	UNCONDITIONAL_CALL	0
0x0011d0b1	0x0011d14a	UNCONDITIONAL_JUMP	0
0x0011d0b8	0xStack[-0x60]	READ	1
0x0011d0c2	0x0011d0cc	CONDITIONAL_JUMP	0
0x0011d0c8	0x0011d138	UNCONDITIONAL_JUMP	0
0x0011d0cc	0xStack[-0x50]	DATA	0
0x0011d0d5	0x0011c9a0	UNCONDITIONAL_CALL	0
0x0011d0dc	0x001e875c	READ	1
0x0011d0e4	0xStack[-0x44]	DATA	0
0x0011d0e8	0x0011ea88	UNCONDITIONAL_CALL	0
0x0011d0ed	0xStack[-0x40]	WRITE	0
0x0011d0f3	0x001e875c	READ	1
0x0011d0ff	0x0011d138	CONDITIONAL_JUMP	0
0x0011d101	0xStack[-0x60]	READ	1
0x0011d107	0xStack[-0x64]	WRITE	0
0x0011d10a	0x001e8758	READ	1
0x0011d113	0xStack[-0x4c]	READ	1
0x0011d118	0xStack[-0x58]	READ	1
0x0011d11d	0xStack[-0x64]	READ	1
0x0011d127	0x001e875c	READ	1
0x0011d130	0x0011cb84	UNCONDITIONAL_CALL	0
0x0011d138	0xStack[-0x5c]	DATA	0
0x0011d13c	0x0011cb84	UNCONDITIONAL_CALL	0
0x0011d141	0xStack[-0x60]	READ	1
0x0011d145	0x0011df54	UNCONDITIONAL_CALL	0
0x0011d14a	0xStack[-0x70]	DATA	0
0x0011d157	0x001e875c	READ	1
0x0011d166	0x0011e83c	UNCONDITIONAL_CALL	0
0x0011d16d	0x001e875c	READ	1
0x0011d17f	0x001e875c	READ	1
0x0011d18e	0x0011e83c	UNCONDITIONAL_CALL	0
0x0011d195	0x001e875c	READ	1
0x0011d1ad	0x001e875c	READ	1
0x0011d1b5	0xStack[-0x20]	DATA	0
0x0011d1bc	0x0011de44	UNCONDITIONAL_CALL	0
0x0011d1c3	0x001e875c	READ	1
0x0011d1cb	0x001e875c	READ	1
0x0011d1d8	0x0011d2b8	CONDITIONAL_JUMP	0
0x0011d1de	0xStack[-0x20]	READ	1
0x0011d1e5	0x0011d1f0	CONDITIONAL_JUMP	0
0x0011d1eb	0x0011d2b8	UNCONDITIONAL_JUMP	0
0x0011d1f3	0xStack[-0x28]	WRITE	0
0x0011d1f9	0xStack[-0x24]	WRITE	0
0x0011d1fc	0xStack[-0x28]	DATA	0
0x0011d1ff	0xStack[-0x1c]	WRITE	0
0x0011d202	0xStack[-0x18]	WRITE	0
0x0011d209	0xStack[-0x20]	READ	1
0x0011d20f	0xStack[-0x14]	WRITE	0
0x0011d212	0xStack[-0x10]	WRITE	0
0x0011d21c	0xStack[-0x8]	WRITE	0
0x0011d21f	0xStack[-0x14]	READ	0
0x0011d223	0x0011d25c	CONDITIONAL_JUMP	0
0x0011d22f	0xStack[-0x1c]	DATA	0
0x0011d23b	0x001e875c	READ	1
0x0011d243	0xStack[-0x8]	READ	1
0x0011d24c	0x0011d27a	CONDITIONAL_JUMP	0
0x0011d24e	0xStack[-0x20]	READ	1
0x0011d258	0x0011d1f0	UNCONDITIONAL_JUMP	0
0x0011d260	0xStack[-0x1c]	DATA	0
0x0011d268	0x0011d2c4	UNCONDITIONAL_CALL	0
0x0011d26f	0x001e875c	READ	1
0x0011d27a	0x001e875c	READ	1
0x0011d283	0x0011d2b8	CONDITIONAL_JUMP	0
0x0011d28b	0xStack[-0x20]	READ	1
0x0011d292	0x00189cec	UNCONDITIONAL_CALL	0
0x0011d299	0x001e875c	READ	1
0x0011d2a1	0x001e875c	READ	1
0x0011d2a9	0xStack[-0x8]	READ	1
0x0011d2af	0xStack[-0x20]	READ	1
0x0011d2b2	0xStack[-0x14]	READ	1
0x0011d2b8	0xStack[-0x34]	DATA	0
0x0011d2d0	0xStack[0x4]	READ	1
0x0011d2d8	0x0011d542	CONDITIONAL_JUMP	0
0x0011d2de	0xStack[0x8]	READ	1
0x0011d2e4	0xStack[-0x11c]	WRITE	0
0x0011d2ef	0xStack[0x8]	READ	1
0x0011d2f5	0xStack[-0x110]	WRITE	0
0x0011d2fb	0xStack[-0x11c]	READ	0
0x0011d302	0x0011d542	CONDITIONAL_JUMP	0
0x0011d30a	0xStack[-0x120]	WRITE	0
0x0011d310	0xStack[-0x110]	READ	0
0x0011d316	0x0011d3a0	CONDITIONAL_JUMP	0
0x0011d320	0xStack[-0x120]	READ	0
0x0011d327	0x0011d542	CONDITIONAL_JUMP	0
0x0011d32d	0xStack[-0x120]	READ	1
0x0011d344	0xStack[-0x124]	WRITE	0
0x0011d34a	0xStack[-0x124]	READ	1
0x0011d353	0xStack[-0x106]	WRITE	0
0x0011d378	0x0011d384	CONDITIONAL_JUMP	0
0x0011d380	0x0011d386	UNCONDITIONAL_JUMP	0
0x0011d386	0xStack[-0x120]	READ	1
0x0011d392	0xStack[-0x120]	WRITE	0
0x0011d398	0xStack[-0x110]	READ	0
0x0011d39e	0x0011d320	CONDITIONAL_JUMP	0
0x0011d3a0	0xStack[-0x120]	READ	0
0x0011d3a7	0x0011d542	CONDITIONAL_JUMP	0
0x0011d3ad	0xStack[-0x11c]	READ	1
0x0011d3b3	0xStack[-0x118]	WRITE	0
0x0011d3ba	0x0015a75c	UNCONDITIONAL_CALL	0
0x0011d3bf	0xStack[-0x114]	WRITE	0
0x0011d3c5	0xStack[-0x114]	READ	1
0x0011d3d0	0xStack[-0x118]	READ	0
0x0011d3d7	0x0011d4ff	CONDITIONAL_JUMP	0
0x0011d3e6	0xStack[-0x120]	READ	1
0x0011d3ef	0xStack[-0x128]	WRITE	0
0x0011d403	0xStack[-0x124]	WRITE	0
0x0011d409	0xStack[-0x124]	READ	1
0x0011d41b	0x00101b48	UNCONDITIONAL_CALL	0
0x0011d420	0xStack[-0x120]	READ	1
0x0011d42c	0xStack[-0x120]	WRITE	0
0x0011d437	0x0011d4cc	CONDITIONAL_JUMP	0
0x0011d450	0xStack[-0x124]	WRITE	0
0x0011d456	0xStack[-0x124]	READ	1
0x0011d45f	0xStack[-0x106]	WRITE	0
0x0011d488	0x0011d49c	CONDITIONAL_JUMP	0
0x0011d498	0x0011d4b9	UNCONDITIONAL_JUMP	0
0x0011d4bd	0xStack[-0x11c]	READ_WRITE	0
0x0011d4c3	0xStack[-0x110]	READ_WRITE	0
0x0011d4c9	0x0011d4ec	UNCONDITIONAL_JUMP	0
0x0011d4dd	0xStack[-0x11c]	READ_WRITE	0
0x0011d4e3	0xStack[-0x110]	READ_WRITE	0
0x0011d4e9	0x0011d4ff	UNCONDITIONAL_JUMP	0
0x0011d4f2	0xStack[-0x11c]	READ	0
0x0011d4f9	0x0011d3e0	CONDITIONAL_JUMP	0
0x0011d4ff	0xStack[0x8]	READ	1
0x0011d508	0xStack[-0x11c]	READ	1
0x0011d50f	0xStack[-0x114]	READ	1
0x0011d516	0x0010a384	UNCONDITIONAL_CALL	0
0x0011d51d	0xStack[-0x118]	READ	1
0x0011d525	0x0015a824	UNCONDITIONAL_CALL	0
0x0011d52c	0x0011d548	CONDITIONAL_JUMP	0
0x0011d52e	0xStack[-0x110]	READ	1
0x0011d53c	0xStack[0x8]	READ	1
0x0011d544	0x0011d54a	UNCONDITIONAL_JUMP	0
0x0011d54a	0xStack[-0x134]	DATA	0
0x0011d561	0x001e875c	READ	1
0x0011d569	0xStack[-0x8]	DATA	0
0x0011d570	0x0011de44	UNCONDITIONAL_CALL	0
0x0011d577	0x001e875c	READ	1
0x0011d57f	0x001e875c	READ	1
0x0011d58d	0x0011d5a0	CONDITIONAL_JUMP	0
0x0011d591	0x0011d684	CONDITIONAL_JUMP	0
0x0011d59b	0x0011d684	UNCONDITIONAL_JUMP	0
0x0011d5a0	0xStack[-0x8]	READ	1
0x0011d5aa	0x0011d597	CONDITIONAL_JUMP	0
0x0011d5b2	0x0011d5d0	CONDITIONAL_JUMP	0
0x0011d5b4	0x0011d5c4	CONDITIONAL_JUMP	0
0x0011d5b8	0x0011d644	CONDITIONAL_JUMP	0
0x0011d5be	0x0011d66c	UNCONDITIONAL_JUMP	0
0x0011d5c7	0x0011d5f4	CONDITIONAL_JUMP	0
0x0011d5c9	0x0011d66c	UNCONDITIONAL_JUMP	0
0x0011d5d0	0x001e8758	READ	1
0x0011d5db	0x0011d5e5	CONDITIONAL_JUMP	0
0x0011d5e3	0x0011d657	CONDITIONAL_JUMP	0
0x0011d5e5	0xStack[-0x8]	READ	1
0x0011d5ee	0x0011d675	UNCONDITIONAL_JUMP	0
0x0011d5f7	0x001e8758	READ	1
0x0011d600	0xStack[-0x48]	DATA	0
0x0011d60c	0x001e875c	READ	1
0x0011d614	0x001e875c	READ	1
0x0011d61e	0x0011d684	CONDITIONAL_JUMP	0
0x0011d620	0x001e8758	READ	1
0x0011d62b	0x0011d635	CONDITIONAL_JUMP	0
0x0011d630	0xStack[-0x30]	READ	1
0x0011d633	0x0011d657	CONDITIONAL_JUMP	0
0x0011d635	0xStack[-0x8]	READ	1
0x0011d63b	0xStack[-0x30]	READ	1
0x0011d641	0x0011d675	UNCONDITIONAL_JUMP	0
0x0011d644	0x001e8758	READ	1
0x0011d64f	0x0011d660	CONDITIONAL_JUMP	0
0x0011d655	0x0011d660	CONDITIONAL_JUMP	0
0x0011d65b	0x0011d684	UNCONDITIONAL_JUMP	0
0x0011d660	0xStack[-0x8]	READ	1
0x0011d669	0x0011d675	UNCONDITIONAL_JUMP	0
0x0011d66c	0x001e875c	READ	1
0x0011d675	0x001e875c	READ	1
0x0011d67b	0xStack[-0x8]	READ	1
0x0011d684	0xStack[-0x54]	DATA	0
0x0011d699	0x001e875c	READ	1
0x0011d6a1	0xStack[-0x8]	DATA	0
0x0011d6ae	0x0011c0f8	UNCONDITIONAL_CALL	0
0x0011d6b5	0x001e875c	READ	1
0x0011d6bd	0x001e875c	READ	1
0x0011d6c9	0x0011d783	CONDITIONAL_JUMP	0
0x0011d6cf	0x001e8758	READ	1
0x0011d6df	0xStack[-0xc]	WRITE	0
0x0011d6ea	0x001e8758	READ	1
0x0011d701	0x0011d75e	CONDITIONAL_JUMP	0
0x0011d705	0x0011d70c	CONDITIONAL_JUMP	0
0x0011d70e	0x0011d72f	CONDITIONAL_JUMP	0
0x0011d710	0xStack[-0x8]	READ	1
0x0011d714	0x0011ea5c	UNCONDITIONAL_CALL	0
0x0011d71e	0x0011d72c	CONDITIONAL_JUMP	0
0x0011d720	0x001e875c	READ	1
0x0011d729	0x0011d75e	UNCONDITIONAL_JUMP	0
0x0011d733	0x0011d738	CONDITIONAL_JUMP	0
0x0011d738	0xStack[-0x8]	READ	1
0x0011d73e	0x001e8758	READ	1
0x0011d753	0x001e875c	READ	1
0x0011d75e	0xStack[-0x8]	READ	1
0x0011d762	0x0011df54	UNCONDITIONAL_CALL	0
0x0011d767	0x001e8758	READ	1
0x0011d773	0x001e8758	READ	1
0x0011d77b	0xStack[-0xc]	READ	1
0x0011d783	0xStack[-0x18]	DATA	0
0x0011d793	0x001e875c	READ	1
0x0011d79e	0x0011d7d8	UNCONDITIONAL_CALL	0
0x0011d7a5	0x001e875c	READ	1
0x0011d7b7	0x001e875c	READ	1
0x0011d7c2	0x0011d7d8	UNCONDITIONAL_CALL	0
0x0011d7c9	0x001e875c	READ	1
0x0011d7e0	0xStack[0x4]	READ	1
0x0011d7e3	0xStack[-0x48]	DATA	0
0x0011d7e9	0xStack[0x8]	READ	1
0x0011d7f2	0x0011c0f8	UNCONDITIONAL_CALL	0
0x0011d7fc	0x0011d82d	CONDITIONAL_JUMP	0
0x0011d7fe	0xStack[-0x44]	DATA	0
0x0011d802	0xStack[-0x48]	READ	1
0x0011d806	0x0011bc50	UNCONDITIONAL_CALL	0
0x0011d80b	0xStack[-0x48]	READ	1
0x0011d80f	0xStack[-0x4c]	WRITE	0
0x0011d812	0x0011df54	UNCONDITIONAL_CALL	0
0x0011d81a	0xStack[-0x4c]	READ	1
0x0011d81f	0x0011d82d	CONDITIONAL_JUMP	0
0x0011d828	0x00189cec	UNCONDITIONAL_CALL	0
0x0011d82d	0xStack[-0x54]	DATA	0
0x0011d840	0x001e875c	READ	1
0x0011d848	0xStack[-0x20]	DATA	0
0x0011d855	0x0011c0f8	UNCONDITIONAL_CALL	0
0x0011d85c	0x001e875c	READ	1
0x0011d864	0x001e875c	READ	1
0x0011d870	0x0011d8eb	CONDITIONAL_JUMP	0
0x0011d872	0xStack[-0x20]	READ	1
0x0011d879	0x0011d884	CONDITIONAL_JUMP	0
0x0011d87f	0x0011d8d4	UNCONDITIONAL_JUMP	0
0x0011d887	0xStack[-0x28]	WRITE	0
0x0011d88d	0xStack[-0x24]	WRITE	0
0x0011d890	0xStack[-0x28]	DATA	0
0x0011d893	0xStack[-0x1c]	WRITE	0
0x0011d896	0xStack[-0x18]	WRITE	0
0x0011d89d	0xStack[-0x14]	WRITE	0
0x0011d8a4	0xStack[-0x10]	WRITE	0
0x0011d8ae	0xStack[-0x8]	WRITE	0
0x0011d8b4	0x001e8758	READ	1
0x0011d8bd	0xStack[-0x1c]	DATA	0
0x0011d8c9	0x001e875c	READ	1
0x0011d8d4	0xStack[-0x20]	READ	1
0x0011d8d8	0x0011df54	UNCONDITIONAL_CALL	0
0x0011d8dd	0x001e875c	READ	1
0x0011d8e5	0xStack[-0x8]	READ	1
0x0011d8eb	0xStack[-0x30]	DATA	0
0x0011d8fc	0x001e875c	READ	1
0x0011d904	0xStack[-0x44]	DATA	0
0x0011d908	0x0011ea88	UNCONDITIONAL_CALL	0
0x0011d914	0xStack[-0x40]	WRITE	0
0x0011d91e	0x0011dc54	UNCONDITIONAL_CALL	0
0x0011d925	0x001e875c	READ	1
0x0011d92d	0xStack[-0x4c]	DATA	0
0x0011d940	0x001e875c	READ	1
0x0011d948	0xStack[-0x44]	DATA	0
0x0011d94c	0x0011ea88	UNCONDITIONAL_CALL	0
0x0011d958	0xStack[-0x40]	WRITE	0
0x0011d960	0x0011dcbc	UNCONDITIONAL_CALL	0
0x0011d967	0x001e875c	READ	1
0x0011d96f	0xStack[-0x4c]	DATA	0
0x0011d980	0x001e875c	READ	1
0x0011d988	0xStack[-0x44]	DATA	0
0x0011d98c	0x0011ea88	UNCONDITIONAL_CALL	0
0x0011d995	0xStack[-0x3e]	WRITE	0
0x0011d99d	0xStack[-0x3c]	WRITE	0
0x0011d9a7	0x0011dc54	UNCONDITIONAL_CALL	0
0x0011d9ae	0x001e875c	READ	1
0x0011d9b6	0xStack[-0x4c]	DATA	0
0x0011d9c8	0x001e875c	READ	1
0x0011d9d0	0xStack[-0x44]	DATA	0
0x0011d9d4	0x0011ea88	UNCONDITIONAL_CALL	0
0x0011d9dd	0xStack[-0x3e]	WRITE	0
0x0011d9e5	0xStack[-0x3c]	WRITE	0
0x0011d9ed	0x0011dcbc	UNCONDITIONAL_CALL	0
0x0011d9f4	0x001e875c	READ	1
0x0011d9fc	0xStack[-0x4c]	DATA	0
0x0011da10	0x001e875c	READ	1
0x0011da1b	0xStack[-0x14]	DATA	0
0x0011da23	0x00189a5c	UNCONDITIONAL_CALL	0
0x0011da28	0x001e875c	READ	1
0x0011da31	0x001e875c	READ	1
0x0011da3e	0x0011da75	CONDITIONAL_JUMP	0
0x0011da40	0xStack[-0x54]	DATA	0
0x0011da44	0x0011ea88	UNCONDITIONAL_CALL	0
0x0011da49	0xStack[-0x14]	READ	1
0x0011da4c	0xStack[-0x10]	READ	1
0x0011da4f	0xStack[-0x34]	WRITE	0
0x0011da52	0xStack[-0x30]	WRITE	0
0x0011da55	0xStack[-0xc]	READ	1
0x0011da58	0xStack[-0x8]	READ	1
0x0011da5b	0xStack[-0x2c]	WRITE	0
0x0011da5e	0xStack[-0x28]	WRITE	0
0x0011da67	0x0011dc54	UNCONDITIONAL_CALL	0
0x0011da6c	0x001e875c	READ	1
0x0011da75	0xStack[-0x5c]	DATA	0
0x0011da89	0x001e875c	READ	1
0x0011da91	0x001e8758	READ	1
0x0011da9d	0x00107898	UNCONDITIONAL_CALL	0
0x0011daa4	0xStack[-0x4c]	DATA	0
0x0011daa8	0x0010ac84	UNCONDITIONAL_CALL	0
0x0011daad	0xStack[-0x44]	DATA	0
0x0011dab1	0x0011ea88	UNCONDITIONAL_CALL	0
0x0011dab6	0x001e8758	READ	1
0x0011dac4	0x0011dae4	CONDITIONAL_JUMP	0
0x0011daca	0x0011dae4	CONDITIONAL_JUMP	0
0x0011dacc	0xStack[-0x4c]	READ	1
0x0011dacf	0xStack[-0x1c]	WRITE	0
0x0011dad2	0xStack[-0x24]	WRITE	0
0x0011dad5	0xStack[-0x48]	READ	1
0x0011dad8	0xStack[-0x18]	WRITE	0
0x0011dadb	0xStack[-0x20]	WRITE	0
0x0011dae2	0x0011db25	UNCONDITIONAL_JUMP	0
0x0011dae6	0xStack[-0x54]	DATA	0
0x0011daee	0x00189a5c	UNCONDITIONAL_CALL	0
0x0011daf5	0x001e875c	READ	1
0x0011dafd	0x001e875c	READ	1
0x0011db09	0x0011db61	CONDITIONAL_JUMP	0
0x0011db0b	0xStack[-0x54]	READ	1
0x0011db0e	0xStack[-0x24]	WRITE	0
0x0011db11	0xStack[-0x50]	READ	1
0x0011db14	0xStack[-0x1c]	WRITE	0
0x0011db17	0xStack[-0x18]	WRITE	0
0x0011db1e	0xStack[-0x20]	WRITE	0
0x0011db25	0xStack[-0x44]	DATA	0
0x0011db2e	0x0011dc54	UNCONDITIONAL_CALL	0
0x0011db39	0x001e875c	READ	1
0x0011db3f	0x001e8758	READ	1
0x0011db4a	0x0011db57	CONDITIONAL_JUMP	0
0x0011db4f	0x0011db57	CONDITIONAL_JUMP	0
0x0011db55	0x0011db5c	CONDITIONAL_JUMP	0
0x0011db59	0x0011db5e	UNCONDITIONAL_JUMP	0
0x0011db61	0xStack[-0x60]	DATA	0
0x0011db74	0x001e875c	READ	1
0x0011db80	0x0011db88	CONDITIONAL_JUMP	0
0x0011db86	0x0011dbac	UNCONDITIONAL_JUMP	0
0x0011db88	0xStack[-0x44]	DATA	0
0x0011db8c	0x0011ea88	UNCONDITIONAL_CALL	0
0x0011db94	0xStack[-0x2c]	WRITE	0
0x0011db9d	0x0011dc54	UNCONDITIONAL_CALL	0
0x0011dba4	0x001e875c	READ	1
0x0011dbac	0xStack[-0x4c]	DATA	0
0x0011dbc1	0x001e875c	READ	1
0x0011dbcd	0x0011dbd8	CONDITIONAL_JUMP	0
0x0011dbd3	0x0011dc4a	UNCONDITIONAL_JUMP	0
0x0011dbd8	0xStack[-0x8]	DATA	0
0x0011dbdf	0x0011de44	UNCONDITIONAL_CALL	0
0x0011dbe6	0x001e875c	READ	1
0x0011dbee	0x001e875c	READ	1
0x0011dbfb	0x0011dc4a	CONDITIONAL_JUMP	0
0x0011dbfd	0xStack[-0x8]	READ	1
0x0011dc07	0x0011dc10	CONDITIONAL_JUMP	0
0x0011dc0d	0x0011dc4a	UNCONDITIONAL_JUMP	0
0x0011dc17	0x0011dc20	CONDITIONAL_JUMP	0
0x0011dc1d	0x0011dc4a	UNCONDITIONAL_JUMP	0
0x0011dc20	0xStack[-0x48]	DATA	0
0x0011dc24	0x0011ea88	UNCONDITIONAL_CALL	0
0x0011dc2c	0xStack[-0x30]	WRITE	0
0x0011dc32	0xStack[-0x8]	READ	1
0x0011dc42	0x001e875c	READ	1
0x0011dc4a	0xStack[-0x54]	DATA	0
0x0011dc5b	0xStack[-0x8]	DATA	0
0x0011dc61	0xStack[0x8]	READ	1
0x0011dc67	0xStack[0x4]	READ	1
0x0011dc6b	0x0011c0f8	UNCONDITIONAL_CALL	0
0x0011dc75	0x0011dcb5	CONDITIONAL_JUMP	0
0x0011dc77	0xStack[-0x8]	READ	1
0x0011dc81	0x0011dc8c	CONDITIONAL_JUMP	0
0x0011dc88	0x0011dca6	UNCONDITIONAL_JUMP	0
0x0011dc8f	0x001e8758	READ	1
0x0011dc99	0xStack[0xc]	READ	1
0x0011dca6	0xStack[-0x8]	READ	1
0x0011dcaa	0xStack[-0xc]	WRITE	0
0x0011dcad	0x0011df54	UNCONDITIONAL_CALL	0
0x0011dcb2	0xStack[-0xc]	READ	1
0x0011dcb5	0xStack[-0x10]	READ	1
0x0011dcc3	0xStack[-0x8]	DATA	0
0x0011dcc7	0xStack[0x4]	READ	1
0x0011dccb	0x0011de44	UNCONDITIONAL_CALL	0
0x0011dcd5	0x0011dd01	CONDITIONAL_JUMP	0
0x0011dcd7	0xStack[-0x8]	READ	1
0x0011dce4	0x0011dcf0	CONDITIONAL_JUMP	0
0x0011dceb	0x0011dd01	UNCONDITIONAL_JUMP	0
0x0011dcf7	0xStack[0x8]	READ	1
0x0011dd01	0xStack[-0xc]	READ	1
0x0011dd0e	0x001e875c	READ	1
0x0011dd16	0xStack[-0x8]	DATA	0
0x0011dd1d	0x0011de44	UNCONDITIONAL_CALL	0
0x0011dd29	0x0011dd55	CONDITIONAL_JUMP	0
0x0011dd2b	0xStack[-0x8]	READ	1
0x0011dd32	0x0015f638	UNCONDITIONAL_CALL	0
0x0011dd3e	0x0011dd55	CONDITIONAL_JUMP	0
0x0011dd40	0xStack[-0x8]	READ	1
0x0011dd55	0x001e875c	READ	1
0x0011dd67	0x001e875c	READ	1
0x0011dd70	0x001e8758	READ	1
0x0011dd7f	0x001e8758	READ	1
0x0011dd9d	0x00108310	UNCONDITIONAL_CALL	0
0x0011dda4	0x0011dde3	CONDITIONAL_JUMP	0
0x0011dda6	0x001e8758	READ	1
0x0011ddb2	0x0011dde3	CONDITIONAL_JUMP	0
0x0011ddbc	0x0011ddec	UNCONDITIONAL_CALL	0
0x0011ddc3	0x001e8758	READ	1
0x0011ddde	0x001097f8	UNCONDITIONAL_CALL	0
0x0011dde3	0xStack[-0xc]	DATA	0
0x0011ddf0	0xStack[0x4]	READ	1
0x0011ddf4	0x001e89d8	READ	1
0x0011ddfa	0x001e89d8	DATA	1
0x0011de00	0x0011de3a	CONDITIONAL_JUMP	0
0x0011de09	0x0011de30	CONDITIONAL_JUMP	0
0x0011de10	0x0011de30	CONDITIONAL_JUMP	0
0x0011de17	0x0011de30	CONDITIONAL_JUMP	0
0x0011de1f	0x0011de26	CONDITIONAL_JUMP	0
0x0011de24	0x0011de30	CONDITIONAL_JUMP	0
0x0011de2a	0x0011de30	CONDITIONAL_JUMP	0
0x0011de32	0x001e89d8	DATA	1
0x0011de38	0x0011de04	CONDITIONAL_JUMP	0
0x0011de3a	0xStack[-0x8]	READ	1
0x0011de48	0xStack[0x8]	READ	1
0x0011de4b	0xStack[0x4]	READ	1
0x0011de4f	0x00104900	UNCONDITIONAL_CALL	0
0x0011de56	0x0011de60	CONDITIONAL_JUMP	0
0x0011de5d	0x0011de75	UNCONDITIONAL_JUMP	0
0x0011de65	0x0011de70	CONDITIONAL_JUMP	0
0x0011de6b	0x0011de75	UNCONDITIONAL_JUMP	0
0x0011de75	0xStack[-0x8]	READ	1
0x0011de85	0xStack[0x4]	READ	1
0x0011de88	0xStack[0x8]	READ	1
0x0011de8b	0xStack[0x10]	READ	1
0x0011de91	0x0011dea8	CONDITIONAL_JUMP	0
0x0011de9a	0x0011dea8	CONDITIONAL_JUMP	0
0x0011dea1	0x0011df49	UNCONDITIONAL_JUMP	0
0x0011dea8	0xStack[0xc]	READ	1
0x0011deab	0xStack[-0x24]	WRITE	0
0x0011deae	0xStack[-0x20]	WRITE	0
0x0011deb1	0xStack[-0x24]	DATA	0
0x0011deb4	0xStack[-0x1c]	WRITE	0
0x0011deb7	0xStack[-0x18]	WRITE	0
0x0011debe	0xStack[0x14]	READ	1
0x0011dec1	0xStack[-0x14]	WRITE	0
0x0011dec4	0xStack[0x18]	READ	1
0x0011dec7	0xStack[-0x10]	WRITE	0
0x0011deca	0xStack[-0x8]	WRITE	0
0x0011ded1	0x0011df08	CONDITIONAL_JUMP	0
0x0011ded3	0x001e8758	READ	1
0x0011dede	0x0011df08	CONDITIONAL_JUMP	0
0x0011dee1	0x0015e1c4	UNCONDITIONAL_CALL	0
0x0011dee6	0x001e8758	READ	1
0x0011deef	0xStack[0x1c]	READ	1
0x0011def4	0xStack[-0x1c]	DATA	0
0x0011def9	0x0015efdc	UNCONDITIONAL_CALL	0
0x0011df01	0x0015e2ac	UNCONDITIONAL_CALL	0
0x0011df06	0x0011df25	UNCONDITIONAL_JUMP	0
0x0011df0b	0x001e8758	READ	1
0x0011df14	0xStack[0x1c]	READ	1
0x0011df19	0xStack[-0x1c]	DATA	0
0x0011df25	0xStack[0x20]	READ	0
0x0011df29	0x0011df38	CONDITIONAL_JUMP	0
0x0011df2b	0xStack[-0x8]	READ	1
0x0011df2e	0xStack[0x20]	READ	1
0x0011df33	0x0011df47	UNCONDITIONAL_JUMP	0
0x0011df38	0xStack[-0x8]	READ	0
0x0011df3c	0x0011df47	CONDITIONAL_JUMP	0
0x0011df40	0x0011df47	CONDITIONAL_JUMP	0
0x0011df49	0xStack[-0x30]	DATA	0
0x0011df58	0xStack[0x4]	READ	1
0x0011df60	0x0011df6f	CONDITIONAL_JUMP	0
0x0011df62	0x001db786	DATA	0
0x0011df67	0x0010ca6c	UNCONDITIONAL_CALL	0
0x0011df7f	0x0011df94	CONDITIONAL_JUMP	0
0x0011df84	0x001e8758	READ	1
0x0011df94	0xStack[-0x8]	READ	1
0x0011dfa8	0xStack[0xc]	READ	1
0x0011dfab	0xStack[-0x90]	WRITE	0
0x0011dfbb	0x0011dfc7	CONDITIONAL_JUMP	0
0x0011dfbd	0xStack[-0x90]	WRITE	0
0x0011dfcf	0xStack[-0x8c]	WRITE	0
0x0011dfd5	0x0011dfde	CONDITIONAL_JUMP	0
0x0011dfd7	0xStack[-0x90]	READ_WRITE	0
0x0011dfe4	0x0011e050	CONDITIONAL_JUMP	0
0x0011dfe6	0xStack[-0x44]	DATA	0
0x0011dfea	0x0011ea88	UNCONDITIONAL_CALL	0
0x0011dfef	0xStack[-0x44]	WRITE	0
0x0011dff6	0xStack[0x10]	READ	1
0x0011dffa	0xStack[-0x40]	WRITE	0
0x0011e007	0x0011e010	CONDITIONAL_JUMP	0
0x0011e009	0xStack[-0x2c]	WRITE	0
0x0011e018	0x0011e01b	CONDITIONAL_JUMP	0
0x0011e021	0xStack[-0x48]	DATA	0
0x0011e025	0xStack[-0x90]	READ	1
0x0011e02e	0xStack[0x8]	READ	1
0x0011e032	0xStack[0x4]	READ	1
0x0011e036	0x0011e204	UNCONDITIONAL_CALL	0
0x0011e042	0x0011e120	CONDITIONAL_JUMP	0
0x0011e048	0x0011e1f6	UNCONDITIONAL_JUMP	0
0x0011e050	0xStack[-0x48]	DATA	0
0x0011e058	0xStack[0x8]	READ	1
0x0011e05c	0xStack[0x4]	READ	1
0x0011e060	0x0011c0f8	UNCONDITIONAL_CALL	0
0x0011e06c	0x0011e1f6	CONDITIONAL_JUMP	0
0x0011e072	0xStack[-0x8c]	READ	0
0x0011e079	0x0011e0d4	CONDITIONAL_JUMP	0
0x0011e07b	0xStack[-0x48]	READ	1
0x0011e084	0x0011e090	CONDITIONAL_JUMP	0
0x0011e08b	0x0011e1ac	UNCONDITIONAL_JUMP	0
0x0011e097	0x0011e0ac	CONDITIONAL_JUMP	0
0x0011e09f	0x0011e0ac	CONDITIONAL_JUMP	0
0x0011e0a6	0x0011e1ac	UNCONDITIONAL_JUMP	0
0x0011e0ac	0xStack[-0x48]	READ	1
0x0011e0b3	0x0011e0d4	CONDITIONAL_JUMP	0
0x0011e0b6	0x0017e104	UNCONDITIONAL_CALL	0
0x0011e0bb	0xStack[-0x48]	READ	1
0x0011e0c5	0x0011e0d4	CONDITIONAL_JUMP	0
0x0011e0cc	0x0011e1ac	UNCONDITIONAL_JUMP	0
0x0011e0d4	0xStack[-0x48]	READ	1
0x0011e0da	0x001e8758	READ	1
0x0011e0e3	0xStack[-0x90]	READ	1
0x0011e0f7	0x0011e1ac	CONDITIONAL_JUMP	0
0x0011e0fd	0xStack[-0x48]	READ	1
0x0011e107	0x0011e120	CONDITIONAL_JUMP	0
0x0011e112	0x0011e120	CONDITIONAL_JUMP	0
0x0011e119	0x0011e1ac	UNCONDITIONAL_JUMP	0
0x0011e120	0xStack[-0x48]	READ	1
0x0011e127	0x0011e130	CONDITIONAL_JUMP	0
0x0011e12e	0x0011e1ac	UNCONDITIONAL_JUMP	0
0x0011e133	0x001e8758	READ	1
0x0011e13d	0xStack[-0x48]	DATA	0
0x0011e14c	0x0011e1ac	CONDITIONAL_JUMP	0
0x0011e154	0x0011e18a	CONDITIONAL_JUMP	0
0x0011e15c	0xStack[-0x88]	DATA	0
0x0011e163	0x0011ea88	UNCONDITIONAL_CALL	0
0x0011e168	0xStack[-0x70]	WRITE	0
0x0011e16f	0xStack[-0x48]	READ	1
0x0011e175	0x001e8758	READ	1
0x0011e18c	0x0011e1ac	CONDITIONAL_JUMP	0
0x0011e194	0x0011e1a8	CONDITIONAL_JUMP	0
0x0011e196	0xStack[-0x48]	READ	1
0x0011e19d	0x0011e1a8	CONDITIONAL_JUMP	0
0x0011e1a0	0x0015e1c4	UNCONDITIONAL_CALL	0
0x0011e1aa	0x0011e1ec	CONDITIONAL_JUMP	0
0x0011e1ac	0xStack[-0x48]	READ	1
0x0011e1b4	0x0011e1c3	CONDITIONAL_JUMP	0
0x0011e1b6	0x001db786	DATA	0
0x0011e1bb	0x0010ca6c	UNCONDITIONAL_CALL	0
0x0011e1d3	0x0011e1f4	CONDITIONAL_JUMP	0
0x0011e1d8	0x001e8758	READ	1
0x0011e1e8	0x0011e1f4	UNCONDITIONAL_JUMP	0
0x0011e1ec	0xStack[-0x48]	READ	1
0x0011e1ef	0xStack[0x14]	READ	1
0x0011e1f6	0xStack[-0xa0]	DATA	0
0x0011e20d	0xStack[0x18]	READ	1
0x0011e210	0xStack[-0x14]	WRITE	0
0x0011e21d	0xStack[-0x10]	DATA	0
0x0011e221	0xStack[0x8]	READ	1
0x0011e225	0xStack[0x4]	READ	1
0x0011e229	0x0011c9a0	UNCONDITIONAL_CALL	0
0x0011e235	0x0011e467	CONDITIONAL_JUMP	0
0x0011e23b	0xStack[0x10]	READ	0
0x0011e23f	0x0011e254	CONDITIONAL_JUMP	0
0x0011e241	0xStack[0xc]	READ	1
0x0011e247	0x0011e254	CONDITIONAL_JUMP	0
0x0011e24b	0xStack[-0x14]	DATA	0
0x0011e252	0x0011e25f	UNCONDITIONAL_JUMP	0
0x0011e255	0xStack[-0x14]	DATA	0
0x0011e25b	0xStack[-0x10]	DATA	0
0x0011e25f	0x0011c13c	UNCONDITIONAL_CALL	0
0x0011e26b	0x0011e27c	CONDITIONAL_JUMP	0
0x0011e26d	0xStack[-0x10]	DATA	0
0x0011e271	0x0011cb84	UNCONDITIONAL_CALL	0
0x0011e276	0x0011e465	UNCONDITIONAL_JUMP	0
0x0011e280	0x0011e294	CONDITIONAL_JUMP	0
0x0011e286	0x0011e294	CONDITIONAL_JUMP	0
0x0011e28d	0x0011e467	UNCONDITIONAL_JUMP	0
0x0011e294	0xStack[-0x14]	READ	1
0x0011e29e	0x0011e2f8	CONDITIONAL_JUMP	0
0x0011e2a4	0x0011e2ed	CONDITIONAL_JUMP	0
0x0011e2af	0x0011e2f8	CONDITIONAL_JUMP	0
0x0011e2b6	0x0011e2c5	CONDITIONAL_JUMP	0
0x0011e2b8	0x001db786	DATA	0
0x0011e2bd	0x0010ca6c	UNCONDITIONAL_CALL	0
0x0011e2d5	0x0011e2ed	CONDITIONAL_JUMP	0
0x0011e2da	0x001e8758	READ	1
0x0011e2f2	0x0011e41d	UNCONDITIONAL_JUMP	0
0x0011e2f8	0xStack[0x10]	READ	0
0x0011e2fc	0x0011e364	CONDITIONAL_JUMP	0
0x0011e302	0x0011e364	CONDITIONAL_JUMP	0
0x0011e304	0xStack[0x14]	READ	0
0x0011e308	0x0011e326	CONDITIONAL_JUMP	0
0x0011e30e	0x0011e326	CONDITIONAL_JUMP	0
0x0011e311	0x0017e104	UNCONDITIONAL_CALL	0
0x0011e31f	0x0011e326	CONDITIONAL_JUMP	0
0x0011e32d	0x0011e33c	CONDITIONAL_JUMP	0
0x0011e32f	0x001db786	DATA	0
0x0011e334	0x0010ca6c	UNCONDITIONAL_CALL	0
0x0011e34c	0x0011e364	CONDITIONAL_JUMP	0
0x0011e351	0x001e8758	READ	1
0x0011e366	0x0011e41d	CONDITIONAL_JUMP	0
0x0011e36c	0xStack[0xc]	READ	1
0x0011e372	0x0011e3ec	CONDITIONAL_JUMP	0
0x0011e378	0x0011e3c0	CONDITIONAL_JUMP	0
0x0011e37f	0x0011e38e	CONDITIONAL_JUMP	0
0x0011e381	0x001db786	DATA	0
0x0011e386	0x0010ca6c	UNCONDITIONAL_CALL	0
0x0011e39e	0x0011e3b6	CONDITIONAL_JUMP	0
0x0011e3a3	0x001e8758	READ	1
0x0011e3bb	0x0011e41d	UNCONDITIONAL_JUMP	0
0x0011e3c0	0xStack[-0x14]	READ	1
0x0011e3c6	0xStack[-0x18]	WRITE	0
0x0011e3c9	0x001e8758	READ	1
0x0011e3d3	0xStack[0xc]	READ	1
0x0011e3d7	0xStack[-0xc]	READ	1
0x0011e3dc	0xStack[-0x18]	READ	1
0x0011e3e9	0x0011e41d	UNCONDITIONAL_JUMP	0
0x0011e3ec	0xStack[-0x14]	READ	1
0x0011e3f2	0xStack[-0x18]	WRITE	0
0x0011e3f5	0x001e8758	READ	1
0x0011e3ff	0xStack[0x14]	READ	1
0x0011e403	0xStack[0x10]	READ	1
0x0011e407	0xStack[0xc]	READ	1
0x0011e40b	0xStack[-0xc]	READ	1
0x0011e410	0xStack[-0x18]	READ	1
0x0011e41d	0xStack[-0x10]	DATA	0
0x0011e421	0x0011cb84	UNCONDITIONAL_CALL	0
0x0011e426	0xStack[-0x14]	READ	1
0x0011e431	0x0011e440	CONDITIONAL_JUMP	0
0x0011e433	0x001db786	DATA	0
0x0011e438	0x0010ca6c	UNCONDITIONAL_CALL	0
0x0011e450	0x0011e465	CONDITIONAL_JUMP	0
0x0011e455	0x001e8758	READ	1
0x0011e467	0xStack[-0x24]	DATA	0
0x0011e47a	0xStack[0x4]	READ	1
0x0011e47d	0xStack[0x8]	READ	1
0x0011e484	0x0011e48f	CONDITIONAL_JUMP	0
0x0011e487	0x0015e2ac	UNCONDITIONAL_CALL	0
0x0011e492	0x001e8758	READ	1
0x0011e49c	0xStack[0xc]	READ	1
0x0011e4b0	0x0011e501	CONDITIONAL_JUMP	0
0x0011e4b7	0x0011e501	CONDITIONAL_JUMP	0
0x0011e4c2	0x001e875c	READ	1
0x0011e4d4	0x0013ba10	UNCONDITIONAL_CALL	0
0x0011e4de	0x0011e501	CONDITIONAL_JUMP	0
0x0011e4ec	0x001e875c	READ	1
0x0011e4f5	0x0015f638	UNCONDITIONAL_CALL	0
0x0011e4ff	0x0011e4cc	CONDITIONAL_JUMP	0
0x0011e503	0xStack[-0x10]	DATA	0
0x0011e519	0xStack[0x8]	READ	1
0x0011e51c	0xStack[-0x18]	WRITE	0
0x0011e523	0xStack[-0x14]	WRITE	0
0x0011e52a	0xStack[-0x10]	DATA	0
0x0011e52e	0xStack[0xc]	READ	1
0x0011e533	0x0011c9a0	UNCONDITIONAL_CALL	0
0x0011e53f	0x0011e64e	CONDITIONAL_JUMP	0
0x0011e545	0xStack[-0x14]	DATA	0
0x0011e54d	0xStack[0xc]	READ	1
0x0011e551	0xStack[0x4]	READ	1
0x0011e555	0x0011c0f8	UNCONDITIONAL_CALL	0
0x0011e561	0x0011e5bd	CONDITIONAL_JUMP	0
0x0011e565	0xStack[-0x18]	DATA	0
0x0011e56c	0x0011c13c	UNCONDITIONAL_CALL	0
0x0011e578	0x0011e5bd	CONDITIONAL_JUMP	0
0x0011e57a	0xStack[-0x14]	READ	1
0x0011e57d	0xStack[-0x18]	READ	1
0x0011e586	0x0011e590	CONDITIONAL_JUMP	0
0x0011e58d	0x0011e5bd	UNCONDITIONAL_JUMP	0
0x0011e594	0x0011e5a0	CONDITIONAL_JUMP	0
0x0011e59b	0x0011e5bd	UNCONDITIONAL_JUMP	0
0x0011e5a3	0x001e8758	READ	1
0x0011e5ad	0xStack[-0xc]	READ	1
0x0011e5bd	0xStack[-0x10]	DATA	0
0x0011e5c1	0x0011cb84	UNCONDITIONAL_CALL	0
0x0011e5c9	0xStack[-0x14]	READ	1
0x0011e5ce	0x0011e60c	CONDITIONAL_JUMP	0
0x0011e5d5	0x0011e5e4	CONDITIONAL_JUMP	0
0x0011e5d7	0x001db786	DATA	0
0x0011e5dc	0x0010ca6c	UNCONDITIONAL_CALL	0
0x0011e5f4	0x0011e60c	CONDITIONAL_JUMP	0
0x0011e5f9	0x001e8758	READ	1
0x0011e60c	0xStack[-0x18]	READ	1
0x0011e611	0x0011e64c	CONDITIONAL_JUMP	0
0x0011e618	0x0011e627	CONDITIONAL_JUMP	0
0x0011e61a	0x001db786	DATA	0
0x0011e61f	0x0010ca6c	UNCONDITIONAL_CALL	0
0x0011e637	0x0011e64c	CONDITIONAL_JUMP	0
0x0011e63c	0x001e8758	READ	1
0x0011e64e	0xStack[-0x24]	DATA	0
0x0011e661	0xStack[-0x24]	WRITE	0
0x0011e668	0xStack[-0x28]	WRITE	0
0x0011e66f	0xStack[-0x20]	WRITE	0
0x0011e676	0xStack[-0x10]	DATA	0
0x0011e67a	0xStack[0xc]	READ	1
0x0011e67e	0xStack[0x4]	READ	1
0x0011e682	0x0011c9a0	UNCONDITIONAL_CALL	0
0x0011e68e	0x0011e82f	CONDITIONAL_JUMP	0
0x0011e694	0xStack[-0x1c]	DATA	0
0x0011e698	0xStack[0xc]	READ	1
0x0011e69c	0xStack[0x8]	READ	1
0x0011e6a0	0x0011c9a0	UNCONDITIONAL_CALL	0
0x0011e6ac	0x0011e6bc	CONDITIONAL_JUMP	0
0x0011e6af	0x0011cb84	UNCONDITIONAL_CALL	0
0x0011e6b4	0x0011e82d	UNCONDITIONAL_JUMP	0
0x0011e6bc	0xStack[-0x24]	DATA	0
0x0011e6c0	0xStack[-0x20]	DATA	0
0x0011e6c7	0x0011c13c	UNCONDITIONAL_CALL	0
0x0011e6d3	0x0011e752	CONDITIONAL_JUMP	0
0x0011e6d5	0xStack[-0x24]	READ	0
0x0011e6d9	0x0011e6e4	CONDITIONAL_JUMP	0
0x0011e6e0	0x0011e752	UNCONDITIONAL_JUMP	0
0x0011e6e6	0xStack[-0x28]	DATA	0
0x0011e6ed	0x0011c13c	UNCONDITIONAL_CALL	0
0x0011e6f9	0x0011e752	CONDITIONAL_JUMP	0
0x0011e6fb	0xStack[-0x24]	READ	1
0x0011e6fe	0xStack[-0x28]	READ	1
0x0011e707	0x0011e710	CONDITIONAL_JUMP	0
0x0011e70e	0x0011e752	UNCONDITIONAL_JUMP	0
0x0011e714	0x0011e720	CONDITIONAL_JUMP	0
0x0011e71b	0x0011e752	UNCONDITIONAL_JUMP	0
0x0011e721	0x0017e104	UNCONDITIONAL_CALL	0
0x0011e726	0xStack[-0x20]	READ	1
0x0011e72c	0xStack[-0x2c]	WRITE	0
0x0011e72f	0x001e8758	READ	1
0x0011e738	0xStack[-0x18]	READ	1
0x0011e73c	0xStack[-0x28]	READ	1
0x0011e740	0xStack[-0xc]	READ	1
0x0011e745	0xStack[-0x2c]	READ	1
0x0011e752	0xStack[-0x10]	DATA	0
0x0011e756	0x0011cb84	UNCONDITIONAL_CALL	0
0x0011e75b	0xStack[-0x1c]	DATA	0
0x0011e75f	0x0011cb84	UNCONDITIONAL_CALL	0
0x0011e767	0xStack[-0x24]	READ	1
0x0011e76c	0x0011e7aa	CONDITIONAL_JUMP	0
0x0011e773	0x0011e782	CONDITIONAL_JUMP	0
0x0011e775	0x001db786	DATA	0
0x0011e77a	0x0010ca6c	UNCONDITIONAL_CALL	0
0x0011e792	0x0011e7aa	CONDITIONAL_JUMP	0
0x0011e797	0x001e8758	READ	1
0x0011e7aa	0xStack[-0x20]	READ	1
0x0011e7af	0x0011e7ed	CONDITIONAL_JUMP	0
0x0011e7b6	0x0011e7c5	CONDITIONAL_JUMP	0
0x0011e7b8	0x001db786	DATA	0
0x0011e7bd	0x0010ca6c	UNCONDITIONAL_CALL	0
0x0011e7d5	0x0011e7ed	CONDITIONAL_JUMP	0
0x0011e7da	0x001e8758	READ	1
0x0011e7ed	0xStack[-0x28]	READ	1
0x0011e7f2	0x0011e82d	CONDITIONAL_JUMP	0
0x0011e7f9	0x0011e808	CONDITIONAL_JUMP	0
0x0011e7fb	0x001db786	DATA	0
0x0011e800	0x0010ca6c	UNCONDITIONAL_CALL	0
0x0011e818	0x0011e82d	CONDITIONAL_JUMP	0
0x0011e81d	0x001e8758	READ	1
0x0011e82f	0xStack[-0x38]	DATA	0
0x0011e845	0xStack[-0x10]	DATA	0
0x0011e849	0xStack[0x8]	READ	1
0x0011e84d	0xStack[0x4]	READ	1
0x0011e851	0x0011c9a0	UNCONDITIONAL_CALL	0
0x0011e85d	0x0011ea52	CONDITIONAL_JUMP	0
0x0011e863	0xStack[-0x18]	WRITE	0
0x0011e86a	0xStack[-0x18]	DATA	0
0x0011e86e	0xStack[-0x14]	DATA	0
0x0011e875	0x0011c13c	UNCONDITIONAL_CALL	0
0x0011e881	0x0011e890	CONDITIONAL_JUMP	0
0x0011e884	0x0011cb84	UNCONDITIONAL_CALL	0
0x0011e889	0x0011ea50	UNCONDITIONAL_JUMP	0
0x0011e890	0xStack[-0x18]	READ	1
0x0011e895	0x0011e8a4	CONDITIONAL_JUMP	0
0x0011e89c	0x0011e9c5	UNCONDITIONAL_JUMP	0
0x0011e8ab	0x0011e8b8	CONDITIONAL_JUMP	0
0x0011e8b2	0x0011e9c5	UNCONDITIONAL_JUMP	0
0x0011e8bc	0x0011e8c8	CONDITIONAL_JUMP	0
0x0011e8c3	0x0011e9c5	UNCONDITIONAL_JUMP	0
0x0011e8c9	0x0017e104	UNCONDITIONAL_CALL	0
0x0011e8ce	0xStack[-0x18]	READ	1
0x0011e8d8	0x0011e954	CONDITIONAL_JUMP	0
0x0011e8da	0xStack[0xc]	READ	0
0x0011e8de	0x0011e94c	CONDITIONAL_JUMP	0
0x0011e8e4	0x0011e8f0	CONDITIONAL_JUMP	0
0x0011e8eb	0x0011e9c5	UNCONDITIONAL_JUMP	0
0x0011e8f5	0x0011e904	CONDITIONAL_JUMP	0
0x0011e8f7	0x001db786	DATA	0
0x0011e8fc	0x0010ca6c	UNCONDITIONAL_CALL	0
0x0011e914	0x0011e92c	CONDITIONAL_JUMP	0
0x0011e919	0x001e8758	READ	1
0x0011e92c	0xStack[-0x18]	WRITE	0
0x0011e933	0xStack[-0x14]	READ	1
0x0011e939	0x001e8758	READ	1
0x0011e942	0xStack[-0xc]	READ	1
0x0011e94a	0x0011e9b4	UNCONDITIONAL_JUMP	0
0x0011e951	0x0011e9c5	UNCONDITIONAL_JUMP	0
0x0011e954	0xStack[0xc]	READ	0
0x0011e958	0x0011e9c0	CONDITIONAL_JUMP	0
0x0011e95f	0x0011e96e	CONDITIONAL_JUMP	0
0x0011e961	0x001db786	DATA	0
0x0011e966	0x0010ca6c	UNCONDITIONAL_CALL	0
0x0011e97e	0x0011e996	CONDITIONAL_JUMP	0
0x0011e983	0x001e8758	READ	1
0x0011e996	0xStack[-0x18]	WRITE	0
0x0011e99d	0xStack[-0x14]	READ	1
0x0011e9a3	0x001e8758	READ	1
0x0011e9ac	0xStack[-0xc]	READ	1
0x0011e9bb	0x0011e9c5	UNCONDITIONAL_JUMP	0
0x0011e9c5	0xStack[-0x10]	DATA	0
0x0011e9c9	0x0011cb84	UNCONDITIONAL_CALL	0
0x0011e9d1	0xStack[-0x18]	READ	1
0x0011e9d6	0x0011ea14	CONDITIONAL_JUMP	0
0x0011e9dd	0x0011e9ec	CONDITIONAL_JUMP	0
0x0011e9df	0x001db786	DATA	0
0x0011e9e4	0x0010ca6c	UNCONDITIONAL_CALL	0
0x0011e9fc	0x0011ea14	CONDITIONAL_JUMP	0
0x0011ea01	0x001e8758	READ	1
0x0011ea14	0xStack[-0x14]	READ	1
0x0011ea1c	0x0011ea2b	CONDITIONAL_JUMP	0
0x0011ea1e	0x001db786	DATA	0
0x0011ea23	0x0010ca6c	UNCONDITIONAL_CALL	0
0x0011ea3b	0x0011ea50	CONDITIONAL_JUMP	0
0x0011ea40	0x001e8758	READ	1
0x0011ea52	0xStack[-0x24]	DATA	0
0x0011ea60	0xStack[0x4]	READ	1
0x0011ea6e	0x0011ea7f	CONDITIONAL_JUMP	0
0x0011ea73	0x0011ea7f	CONDITIONAL_JUMP	0
0x0011ea7c	0x0011ea7f	CONDITIONAL_JUMP	0
0x0011ea81	0xStack[-0x8]	READ	1
0x0011ea8b	0xStack[0x4]	READ	1
0x0011ea9c	0x0011ea94	CONDITIONAL_JUMP	0
0x0011eaad	0x001e875c	READ	1
0x0011eab5	0xStack[-0x5c]	DATA	0
0x0011eabd	0x001199ac	UNCONDITIONAL_CALL	0
0x0011eac4	0x001e875c	READ	1
0x0011eacc	0x001e875c	READ	1
0x0011ead8	0x0011eb46	CONDITIONAL_JUMP	0
0x0011eada	0xStack[-0x5c]	READ	1
0x0011eae0	0xStack[-0x44]	DATA	0
0x0011eaec	0x001e875c	READ	1
0x0011eaf4	0x001e875c	READ	1
0x0011eb00	0x0011eb46	CONDITIONAL_JUMP	0
0x0011eb04	0xStack[-0x58]	DATA	0
0x0011eb08	0x00101600	UNCONDITIONAL_CALL	0
0x0011eb0d	0xStack[-0x34]	READ	1
0x0011eb10	0xStack[-0x40]	READ	1
0x0011eb1c	0x0011eb24	CONDITIONAL_JUMP	0
0x0011eb27	0xStack[-0x58]	WRITE	0
0x0011eb2a	0xStack[-0x2c]	READ	1
0x0011eb2d	0xStack[-0x54]	WRITE	0
0x0011eb37	0x00189cec	UNCONDITIONAL_CALL	0
0x0011eb3e	0x001e875c	READ	1
0x0011eb46	0xStack[-0x68]	DATA	0
0x0011eb59	0xStack[0x8]	READ	1
0x0011eb5c	0xStack[0xc]	READ	1
0x0011eb60	0xStack[-0x8]	WRITE	0
0x0011eb64	0xStack[-0xc]	WRITE	0
0x0011eb6b	0xStack[0x18]	READ	1
0x0011eb72	0x0011eb7c	CONDITIONAL_JUMP	0
0x0011eb76	0x0011ed04	UNCONDITIONAL_JUMP	0
0x0011eb7c	0xStack[0x18]	READ	1
0x0011eb85	0x0011ebb4	CONDITIONAL_JUMP	0
0x0011eb87	0xStack[0x10]	READ	0
0x0011eb9b	0x0017bd28	UNCONDITIONAL_CALL	0
0x0011eba5	0x0011ebb4	CONDITIONAL_JUMP	0
0x0011ebac	0x0011ed04	UNCONDITIONAL_JUMP	0
0x0011ebb4	0x0018b97c	UNCONDITIONAL_CALL	0
0x0011ebb9	0xStack[-0x10]	WRITE	0
0x0011ebbc	0x0011ebcf	UNCONDITIONAL_JUMP	0
0x0011ebc7	0x0010a588	UNCONDITIONAL_CALL	0
0x0011ebd3	0x0011ebc0	CONDITIONAL_JUMP	0
0x0011ebd5	0xStack[-0x10]	READ	1
0x0011ebd9	0x0018b544	UNCONDITIONAL_CALL	0
0x0011ebe4	0x001e8758	READ	1
0x0011ebfa	0x0011ecdf	CONDITIONAL_JUMP	0
0x0011ec00	0xStack[0x10]	READ	1
0x0011ec08	0xStack[-0x8]	READ	1
0x0011ec10	0xStack[0x18]	READ	1
0x0011ec18	0xStack[0x1c]	READ	0
0x0011ec25	0xStack[0x14]	READ	1
0x0011ec30	0xStack[0x18]	READ	1
0x0011ec37	0x0011ec44	CONDITIONAL_JUMP	0
0x0011ec3f	0x0011ec62	UNCONDITIONAL_JUMP	0
0x0011ec44	0x001e8758	READ	1
0x0011ec56	0xStack[-0xc]	WRITE	0
0x0011ec5a	0x0017bd68	UNCONDITIONAL_CALL	0
0x0011ec64	0xStack[0x4]	READ	1
0x0011ec69	0x0011ed10	UNCONDITIONAL_CALL	0
0x0011ec71	0xStack[0x18]	READ	1
0x0011ec78	0x0011ec99	CONDITIONAL_JUMP	0
0x0011ec7a	0xStack[0x10]	READ	1
0x0011ec7f	0xStack[-0xc]	READ	1
0x0011ec83	0x0017bd9c	UNCONDITIONAL_CALL	0
0x0011ec88	0x001e8758	READ	1
0x0011ec99	0x0018b97c	UNCONDITIONAL_CALL	0
0x0011eca1	0x0011ecac	CONDITIONAL_JUMP	0
0x0011eca4	0x0010ab38	UNCONDITIONAL_CALL	0
0x0011ecac	0xStack[-0x10]	READ	1
0x0011ecb0	0x0018b544	UNCONDITIONAL_CALL	0
0x0011ecbe	0xStack[0x18]	READ	1
0x0011ecce	0x0011ecdf	CONDITIONAL_JUMP	0
0x0011ecd3	0x0011ecdf	CONDITIONAL_JUMP	0
0x0011ecd9	0x0011ec00	CONDITIONAL_JUMP	0
0x0011ece3	0x0011b1c4	UNCONDITIONAL_CALL	0
0x0011ecef	0x0011ed04	CONDITIONAL_JUMP	0
0x0011ecf3	0x0011ed04	CONDITIONAL_JUMP	0
0x0011ecf5	0xStack[0x18]	READ	1
0x0011ecfe	0x0011eb6b	UNCONDITIONAL_JUMP	0
0x0011ed04	0xStack[-0x1c]	DATA	0
0x0011ed16	0xStack[0x4]	READ	1
0x0011ed19	0xStack[0x8]	READ	1
0x0011ed1c	0xStack[0xc]	READ	1
0x0011ed29	0x0011ed4d	CONDITIONAL_JUMP	0
0x0011ed2b	0x0018b97c	UNCONDITIONAL_CALL	0
0x0011ed35	0x0011ed47	CONDITIONAL_JUMP	0
0x0011ed3a	0x0010a588	UNCONDITIONAL_CALL	0
0x0011ed45	0x0011ed38	CONDITIONAL_JUMP	0
0x0011ed48	0x0018b544	UNCONDITIONAL_CALL	0
0x0011ed4d	0xStack[-0x10]	DATA	0
0x0011ed5b	0x001db790	DATA	1
0x0011ed60	0x001db818	DATA	1
0x0011ed65	0x0011ed81	CONDITIONAL_JUMP	0
0x0011ed68	0x001db790	READ	0
0x0011ed68	0x001db798	READ	0
0x0011ed6b	0x0011ed77	CONDITIONAL_JUMP	0
0x0011ed6d	0x001db798	WRITE	0
0x0011ed6d	0x0011ed88	DATA	1
0x0011ed73	0x001db798	READ	1
0x0011ed75	0x001db798	WRITE	0
0x0011ed75	0x0011ed88	DATA	1
0x0011ed77	0x001db7a0	DATA	0
0x0011ed7a	0x001db818	DATA	1
0x0011ed7f	0x0011ed68	CONDITIONAL_JUMP	0
0x0011ed8b	0xStack[0x8]	READ	1
0x0011edba	0x001e89e0	READ	1
0x0011edc2	0x0011ee1e	CONDITIONAL_JUMP	0
0x0011edc4	0xStack[0x4]	READ	1
0x0011edd1	0x0011ee17	CONDITIONAL_JUMP	0
0x0011edd4	0xStack[0x4]	READ	1
0x0011eddd	0x0011ee10	CONDITIONAL_JUMP	0
0x0011ede6	0x001012fc	UNCONDITIONAL_CALL	0
0x0011edf0	0x0011ee0b	CONDITIONAL_JUMP	0
0x0011edf6	0x0011ee10	CONDITIONAL_JUMP	0
0x0011edff	0x001012fc	UNCONDITIONAL_CALL	0
0x0011ee09	0x0011ee10	CONDITIONAL_JUMP	0
0x0011ee0d	0x0011ee20	UNCONDITIONAL_JUMP	0
0x0011ee15	0x0011edd4	CONDITIONAL_JUMP	0
0x0011ee1c	0x0011edcc	CONDITIONAL_JUMP	0
0x0011ee20	0xStack[-0x10]	DATA	0
0x0011ee32	0xStack[0x4]	READ	1
0x0011ee35	0x001e89e0	READ	1
0x0011ee3d	0x0011ee82	CONDITIONAL_JUMP	0
0x0011ee44	0x0011ee7b	CONDITIONAL_JUMP	0
0x0011ee4b	0x0011ee7b	CONDITIONAL_JUMP	0
0x0011ee56	0x0011ee74	CONDITIONAL_JUMP	0
0x0011ee62	0x001012fc	UNCONDITIONAL_CALL	0
0x0011ee6c	0x0011ee74	CONDITIONAL_JUMP	0
0x0011ee70	0x0011ee84	UNCONDITIONAL_JUMP	0
0x0011ee79	0x0011ee50	CONDITIONAL_JUMP	0
0x0011ee80	0x0011ee40	CONDITIONAL_JUMP	0
0x0011ee84	0xStack[-0x10]	DATA	0
0x0011ee99	0xStack[0x4]	READ	1
0x0011eea2	0x0011eeac	CONDITIONAL_JUMP	0
0x0011eea4	0x0011eeec	UNCONDITIONAL_JUMP	0
0x0011eeaa	0x0011eeee	UNCONDITIONAL_JUMP	0
0x0011eeac	0x001db794	DATA	1
0x0011eeb3	0xStack[-0x8]	WRITE	0
0x0011eeb6	0x001e89e0	READ	1
0x0011eebe	0x0011eeec	CONDITIONAL_JUMP	0
0x0011eec5	0x0011eee5	CONDITIONAL_JUMP	0
0x0011eece	0x0011eede	CONDITIONAL_JUMP	0
0x0011eed2	0xStack[-0x8]	READ	1
0x0011eedc	0x0011eea8	CONDITIONAL_JUMP	0
0x0011eee3	0x0011eec8	CONDITIONAL_JUMP	0
0x0011eeea	0x0011eec0	CONDITIONAL_JUMP	0
0x0011eeee	0xStack[-0x14]	DATA	0
0x0011eefb	0x001e89e0	READ	1
0x0011ef09	0xStack[0x4]	READ	1
0x0011ef15	0x0011ef2a	CONDITIONAL_JUMP	0
0x0011ef1b	0x00113a68	UNCONDITIONAL_CALL	0
0x0011ef28	0x0011ef18	CONDITIONAL_JUMP	0
0x0011ef2e	0x0011ef3c	UNCONDITIONAL_CALL	0
0x0011ef33	0xStack[-0xc]	DATA	0
0x0011ef41	0xStack[0x4]	READ	1
0x0011ef46	0x0011ef54	UNCONDITIONAL_JUMP	0
0x0011ef4c	0x001140e0	UNCONDITIONAL_CALL	0
0x0011ef58	0x0011ef48	CONDITIONAL_JUMP	0
0x0011ef6e	0xStack[-0xc]	DATA	0
0x0011ef7e	0x0018b958	UNCONDITIONAL_CALL	0
0x0011ef85	0x001e89e0	READ	1
0x0011ef8d	0x0011efc1	CONDITIONAL_JUMP	0
0x0011ef99	0x0011efae	CONDITIONAL_JUMP	0
0x0011ef9f	0x00113a68	UNCONDITIONAL_CALL	0
0x0011efac	0x0011ef9c	CONDITIONAL_JUMP	0
0x0011efb2	0x0011ef3c	UNCONDITIONAL_CALL	0
0x0011efbf	0x0011ef90	CONDITIONAL_JUMP	0
0x0011efc2	0x0018b544	UNCONDITIONAL_CALL	0
0x0011efc7	0xStack[-0x10]	DATA	0
0x0011efdd	0xStack[0x4]	READ	1
0x0011efe7	0x0011effd	CONDITIONAL_JUMP	0
0x0011eff0	0x0011f00a	CONDITIONAL_JUMP	0
0x0011eff6	0x0011effd	CONDITIONAL_JUMP	0
0x0011effb	0x0011efec	CONDITIONAL_JUMP	0
0x0011f001	0x0011f00a	CONDITIONAL_JUMP	0
0x0011f008	0x0011f010	CONDITIONAL_JUMP	0
0x0011f00c	0x0011f054	UNCONDITIONAL_JUMP	0
0x0011f016	0xStack[-0x8]	WRITE	0
0x0011f019	0x001e89e0	READ	1
0x0011f021	0x0011f052	CONDITIONAL_JUMP	0
0x0011f02d	0x001012fc	UNCONDITIONAL_CALL	0
0x0011f037	0x0011f04b	CONDITIONAL_JUMP	0
0x0011f040	0x0011f04b	CONDITIONAL_JUMP	0
0x0011f046	0xStack[-0x8]	READ	0
0x0011f049	0x0011f052	CONDITIONAL_JUMP	0
0x0011f050	0x0011f024	CONDITIONAL_JUMP	0
0x0011f054	0xStack[-0x14]	DATA	0
0x0011f069	0xStack[0x8]	READ	1
0x0011f072	0x0011f0a8	CONDITIONAL_JUMP	0
0x0011f074	0x0011f080	CONDITIONAL_JUMP	0
0x0011f07c	0x0011f0a8	CONDITIONAL_JUMP	0
0x0011f07e	0x0011f0c4	UNCONDITIONAL_JUMP	0
0x0011f086	0x0011f094	CONDITIONAL_JUMP	0
0x0011f08e	0x0011f0b5	CONDITIONAL_JUMP	0
0x0011f090	0x0011f0c4	UNCONDITIONAL_JUMP	0
0x0011f094	0xStack[0xc]	READ	1
0x0011f09d	0x0011f30c	UNCONDITIONAL_CALL	0
0x0011f0a2	0x0011f302	UNCONDITIONAL_JUMP	0
0x0011f0a8	0x00108310	UNCONDITIONAL_CALL	0
0x0011f0af	0x0011f2b9	CONDITIONAL_JUMP	0
0x0011f0b5	0xStack[0xc]	READ	1
0x0011f0ba	0x00122d1c	UNCONDITIONAL_CALL	0
0x0011f0bf	0x0011f302	UNCONDITIONAL_JUMP	0
0x0011f0c4	0xStack[0xc]	READ	1
0x0011f0c7	0xStack[-0x8]	WRITE	0
0x0011f0ca	0xStack[0xc]	READ	1
0x0011f0d4	0x0011f0e9	CONDITIONAL_JUMP	0
0x0011f0dc	0x0011f144	CONDITIONAL_JUMP	0
0x0011f0e2	0x0011f0e9	CONDITIONAL_JUMP	0
0x0011f0e7	0x0011f0d8	CONDITIONAL_JUMP	0
0x0011f0ed	0x0011f144	CONDITIONAL_JUMP	0
0x0011f0ef	0xStack[-0x8]	READ	1
0x0011f0f7	0x0011f144	CONDITIONAL_JUMP	0
0x0011f0ff	0xStack[-0xc]	WRITE	0
0x0011f102	0x001e89e0	READ	1
0x0011f10a	0x0011f13e	CONDITIONAL_JUMP	0
0x0011f10e	0xStack[-0x8]	READ	1
0x0011f112	0xStack[-0x8]	READ	1
0x0011f119	0x001012fc	UNCONDITIONAL_CALL	0
0x0011f123	0x0011f137	CONDITIONAL_JUMP	0
0x0011f12c	0x0011f137	CONDITIONAL_JUMP	0
0x0011f132	0xStack[-0xc]	READ	0
0x0011f135	0x0011f13e	CONDITIONAL_JUMP	0
0x0011f13c	0x0011f10c	CONDITIONAL_JUMP	0
0x0011f142	0x0011f150	CONDITIONAL_JUMP	0
0x0011f149	0x0011f302	UNCONDITIONAL_JUMP	0
0x0011f156	0x0011f29c	CONDITIONAL_JUMP	0
0x0011f15c	0x0011f1a0	CONDITIONAL_JUMP	0
0x0011f164	0x0011f288	CONDITIONAL_JUMP	0
0x0011f16a	0x0011f180	CONDITIONAL_JUMP	0
0x0011f172	0x0011f204	CONDITIONAL_JUMP	0
0x0011f178	0x0011f2d8	UNCONDITIONAL_JUMP	0
0x0011f186	0x0011f2d8	CONDITIONAL_JUMP	0
0x0011f192	0x0011f2d8	CONDITIONAL_JUMP	0
0x0011f198	0x0011f2b0	UNCONDITIONAL_JUMP	0
0x0011f1a6	0x0011f1f4	CONDITIONAL_JUMP	0
0x0011f1a8	0x0011f1c4	CONDITIONAL_JUMP	0
0x0011f1b0	0x0011f29c	CONDITIONAL_JUMP	0
0x0011f1bc	0x0011f1e4	CONDITIONAL_JUMP	0
0x0011f1be	0x0011f2d8	UNCONDITIONAL_JUMP	0
0x0011f1ca	0x0011f29c	CONDITIONAL_JUMP	0
0x0011f1d6	0x0011f29c	CONDITIONAL_JUMP	0
0x0011f1dc	0x0011f2d8	UNCONDITIONAL_JUMP	0
0x0011f1e8	0xStack[-0x8]	READ	1
0x0011f1ef	0x0011f300	UNCONDITIONAL_JUMP	0
0x0011f1f7	0xStack[-0x8]	READ	1
0x0011f1fd	0x0011f300	UNCONDITIONAL_JUMP	0
0x0011f204	0x00108310	UNCONDITIONAL_CALL	0
0x0011f20b	0x0011f2b9	CONDITIONAL_JUMP	0
0x0011f215	0x0011f25e	CONDITIONAL_JUMP	0
0x0011f217	0xStack[-0x8]	READ	1
0x0011f21e	0x0011f25e	CONDITIONAL_JUMP	0
0x0011f220	0x0018b970	UNCONDITIONAL_CALL	0
0x0011f225	0xStack[-0x10]	WRITE	0
0x0011f231	0x0011f246	CONDITIONAL_JUMP	0
0x0011f237	0x00113a68	UNCONDITIONAL_CALL	0
0x0011f244	0x0011f234	CONDITIONAL_JUMP	0
0x0011f24a	0x0011ef3c	UNCONDITIONAL_CALL	0
0x0011f252	0xStack[-0x10]	READ	1
0x0011f256	0x0018b544	UNCONDITIONAL_CALL	0
0x0011f267	0xStack[-0x8]	READ	1
0x0011f279	0xStack[0xc]	READ	1
0x0011f27f	0x00120be8	UNCONDITIONAL_CALL	0
0x0011f284	0x0011f300	UNCONDITIONAL_JUMP	0
0x0011f288	0x00108310	UNCONDITIONAL_CALL	0
0x0011f28f	0x0011f2b9	CONDITIONAL_JUMP	0
0x0011f291	0xStack[-0x8]	READ	1
0x0011f29a	0x0011f300	UNCONDITIONAL_JUMP	0
0x0011f2a0	0x0011f2e2	CONDITIONAL_JUMP	0
0x0011f2a2	0xStack[0xc]	READ	1
0x0011f2a8	0x00120be8	UNCONDITIONAL_CALL	0
0x0011f2ad	0x0011f302	UNCONDITIONAL_JUMP	0
0x0011f2b0	0x00108310	UNCONDITIONAL_CALL	0
0x0011f2b7	0x0011f2c4	CONDITIONAL_JUMP	0
0x0011f2b9	0x001e875c	READ	1
0x0011f2c2	0x0011f302	UNCONDITIONAL_JUMP	0
0x0011f2c8	0x0011f2e2	CONDITIONAL_JUMP	0
0x0011f2ca	0xStack[0xc]	READ	1
0x0011f2d0	0x00120be8	UNCONDITIONAL_CALL	0
0x0011f2d5	0x0011f302	UNCONDITIONAL_JUMP	0
0x0011f2d8	0xStack[0x4]	READ	1
0x0011f2e0	0x0011f2ec	CONDITIONAL_JUMP	0
0x0011f2e7	0x0011f302	UNCONDITIONAL_JUMP	0
0x0011f2ed	0xStack[0xc]	READ	1
0x0011f2f4	0xStack[0x4]	READ	1
0x0011f2fd	0x0011f302	UNCONDITIONAL_JUMP	0
0x0011f302	0xStack[-0x20]	DATA	0
0x0011f315	0xStack[0x8]	READ	1
0x0011f318	0xStack[-0x28]	WRITE	0
0x0011f31b	0x001e89e0	READ	1
0x0011f321	0xStack[-0x2c]	WRITE	0
0x0011f326	0xStack[-0x3c]	WRITE	0
0x0011f330	0xStack[-0x16]	DATA	0
0x0011f333	0xStack[-0x30]	WRITE	0
0x0011f339	0x0011f411	CONDITIONAL_JUMP	0
0x0011f33f	0xStack[-0x24]	DATA	0
0x0011f342	0xStack[-0x34]	WRITE	0
0x0011f348	0xStack[-0x2c]	READ	0
0x0011f34c	0x0011f411	CONDITIONAL_JUMP	0
0x0011f354	0xStack[-0x34]	READ	1
0x0011f358	0xStack[-0x2c]	READ	1
0x0011f35e	0x001013cc	UNCONDITIONAL_CALL	0
0x0011f363	0xStack[-0x34]	READ	1
0x0011f369	0xStack[-0x30]	READ	1
0x0011f36e	0x0011f37b	CONDITIONAL_JUMP	0
0x0011f370	0xStack[-0x24]	DATA	0
0x0011f373	0x0011f37b	CONDITIONAL_JUMP	0
0x0011f376	0xStack[-0x30]	READ	0
0x0011f379	0x0011f370	CONDITIONAL_JUMP	0
0x0011f37b	0xStack[-0x2c]	READ	1
0x0011f384	0xStack[-0x23]	DATA	0
0x0011f386	0xStack[-0x22]	WRITE	0
0x0011f38a	0xStack[-0x2c]	READ	1
0x0011f392	0x0011f3fa	CONDITIONAL_JUMP	0
0x0011f396	0xStack[-0x14]	DATA	0
0x0011f39a	0x00101600	UNCONDITIONAL_CALL	0
0x0011f3a2	0xStack[-0x34]	READ	1
0x0011f3a6	0x00189cec	UNCONDITIONAL_CALL	0
0x0011f3ab	0xStack[-0x3c]	WRITE	0
0x0011f3b3	0x0011f411	CONDITIONAL_JUMP	0
0x0011f3bb	0x0011f3ff	UNCONDITIONAL_JUMP	0
0x0011f3c2	0x0011f3ff	CONDITIONAL_JUMP	0
0x0011f3c6	0xStack[-0x14]	WRITE	0
0x0011f3cc	0xStack[-0x10]	WRITE	0
0x0011f3d2	0xStack[-0xc]	WRITE	0
0x0011f3d8	0xStack[-0x8]	WRITE	0
0x0011f3de	0xStack[-0x34]	READ	1
0x0011f3e2	0x00189cec	UNCONDITIONAL_CALL	0
0x0011f3e7	0xStack[-0x3c]	WRITE	0
0x0011f3ef	0x0011f3ff	CONDITIONAL_JUMP	0
0x0011f3fd	0x0011f3c0	CONDITIONAL_JUMP	0
0x0011f3ff	0xStack[-0x2c]	READ	1
0x0011f405	0xStack[-0x2c]	WRITE	0
0x0011f40b	0x0011f348	CONDITIONAL_JUMP	0
0x0011f411	0xStack[-0x28]	READ	1
0x0011f416	0xStack[-0x3c]	READ	1
0x0011f419	0xStack[-0x48]	DATA	0
0x0011f427	0xStack[0x4]	READ	1
0x0011f444	0x001209ec	UNCONDITIONAL_CALL	0
0x0011f454	0xStack[0x4]	READ	1
0x0011f457	0xStack[0x8]	READ	1
0x0011f45a	0xStack[0xc]	READ	1
0x0011f461	0x0011f470	CONDITIONAL_JUMP	0
0x0011f464	0x00120a6c	UNCONDITIONAL_CALL	0
0x0011f46e	0x0011f498	UNCONDITIONAL_JUMP	0
0x0011f472	0x00123e8c	UNCONDITIONAL_CALL	0
0x0011f47b	0x00120d60	UNCONDITIONAL_CALL	0
0x0011f483	0x00120dc4	UNCONDITIONAL_CALL	0
0x0011f489	0x00120d70	UNCONDITIONAL_CALL	0
0x0011f491	0x00120dd4	UNCONDITIONAL_CALL	0
0x0011f498	0xStack[-0x8]	READ	1
0x0011f4a6	0xStack[0x8]	READ	1
0x0011f4a9	0xStack[0xc]	READ	1
0x0011f4ae	0x001d1212	DATA	0
0x0011f4b4	0x00101e7c	UNCONDITIONAL_CALL	0
0x0011f4be	0x0011f4d8	CONDITIONAL_JUMP	0
0x0011f4c0	0xStack[0x4]	READ	1
0x0011f4c4	0x00120d50	UNCONDITIONAL_CALL	0
0x0011f4cc	0xStack[0x4]	READ	1
0x0011f4d0	0x00120db0	UNCONDITIONAL_CALL	0
0x0011f4d5	0x0011f50d	UNCONDITIONAL_JUMP	0
0x0011f4d8	0x001d1255	DATA	0
0x0011f4de	0x00101e7c	UNCONDITIONAL_CALL	0
0x0011f4e8	0x0011f4f9	CONDITIONAL_JUMP	0
0x0011f4ea	0x001d1255	DATA	0
0x0011f4f0	0x00101e7c	UNCONDITIONAL_CALL	0
0x0011f4f7	0x0011f508	CONDITIONAL_JUMP	0
0x0011f4fe	0x0011f50d	CONDITIONAL_JUMP	0
0x0011f505	0x0011f50d	UNCONDITIONAL_JUMP	0
0x0011f50f	0xStack[-0x10]	DATA	0
0x0011f530	0x001d11ac	DATA	0
0x0011f537	0x001db81c	DATA	0
0x0011f53c	0x0011f4a0	DATA	0
0x0011f541	0x0011f43c	DATA	0
0x0011f546	0x0011f450	DATA	0
0x0011f54f	0x00120e8c	UNCONDITIONAL_CALL	0
0x0011f554	0x001e9c74	WRITE	0
0x0011f563	0xStack[0x4]	READ	1
0x0011f567	0x00120cf4	UNCONDITIONAL_CALL	0
0x0011f573	0xStack[0x4]	READ	1
0x0011f577	0x00120cf4	UNCONDITIONAL_CALL	0
0x0011f583	0xStack[0x4]	READ	1
0x0011f587	0x00120cf4	UNCONDITIONAL_CALL	0
0x0011f597	0xStack[0x4]	READ	1
0x0011f59b	0x00120cf4	UNCONDITIONAL_CALL	0
0x0011f5b1	0xStack[0x4]	READ	1
0x0011f5b4	0xStack[0x8]	READ	1
0x0011f5b7	0xStack[0xc]	READ	1
0x0011f5bb	0x00120cf4	UNCONDITIONAL_CALL	0
0x0011f5c6	0xStack[-0x10]	WRITE	0
0x0011f5c9	0x001d1222	DATA	0
0x0011f5cf	0x00101e7c	UNCONDITIONAL_CALL	0
0x0011f5d9	0x0011f5fc	CONDITIONAL_JUMP	0
0x0011f5df	0x0011f6e0	CONDITIONAL_JUMP	0
0x0011f5e6	0x00120cf4	UNCONDITIONAL_CALL	0
0x0011f5f1	0x00124154	UNCONDITIONAL_CALL	0
0x0011f5f6	0x0011f6fa	UNCONDITIONAL_JUMP	0
0x0011f5fc	0x001d1212	DATA	0
0x0011f602	0x00101e7c	UNCONDITIONAL_CALL	0
0x0011f60c	0x0011f684	CONDITIONAL_JUMP	0
0x0011f612	0x0011f6e0	CONDITIONAL_JUMP	0
0x0011f618	0x0018b970	UNCONDITIONAL_CALL	0
0x0011f620	0x00120d50	UNCONDITIONAL_CALL	0
0x0011f629	0x00120db0	UNCONDITIONAL_CALL	0
0x0011f62e	0xStack[-0x10]	READ	1
0x0011f632	0x00120cb8	UNCONDITIONAL_CALL	0
0x0011f63b	0x00120cf4	UNCONDITIONAL_CALL	0
0x0011f64a	0x00120d50	UNCONDITIONAL_CALL	0
0x0011f655	0x0011f67b	CONDITIONAL_JUMP	0
0x0011f65c	0x00120cf4	UNCONDITIONAL_CALL	0
0x0011f669	0x00120cf4	UNCONDITIONAL_CALL	0
0x0011f673	0x00122134	UNCONDITIONAL_CALL	0
0x0011f67c	0x0018b544	UNCONDITIONAL_CALL	0
0x0011f681	0x0011f6f8	UNCONDITIONAL_JUMP	0
0x0011f684	0x001d1255	DATA	0
0x0011f68a	0x00101e7c	UNCONDITIONAL_CALL	0
0x0011f694	0x0011f6a8	CONDITIONAL_JUMP	0
0x0011f696	0x001d1263	DATA	0
0x0011f69c	0x00101e7c	UNCONDITIONAL_CALL	0
0x0011f6a6	0x0011f6e8	CONDITIONAL_JUMP	0
0x0011f6ad	0x0011f6e0	CONDITIONAL_JUMP	0
0x0011f6af	0xStack[-0xc]	WRITE	0
0x0011f6b3	0xStack[-0xb]	WRITE	0
0x0011f6b7	0xStack[-0xa]	WRITE	0
0x0011f6c1	0xStack[-0x9]	WRITE	0
0x0011f6c7	0xStack[-0x8]	WRITE	0
0x0011f6cd	0xStack[-0x7]	WRITE	0
0x0011f6d0	0xStack[-0xc]	DATA	0
0x0011f6d5	0xStack[-0x10]	READ	1
0x0011f6d9	0x00120bc0	UNCONDITIONAL_CALL	0
0x0011f6de	0x0011f6fa	UNCONDITIONAL_JUMP	0
0x0011f6e5	0x0011f6fa	UNCONDITIONAL_JUMP	0
0x0011f6ea	0xStack[-0x10]	READ	1
0x0011f6ee	0x00120bc0	UNCONDITIONAL_CALL	0
0x0011f6f3	0x0011f6fa	UNCONDITIONAL_JUMP	0
0x0011f6fa	0xStack[-0x1c]	DATA	0
0x0011f710	0xStack[0x8]	READ	1
0x0011f713	0xStack[0x4]	READ	1
0x0011f717	0x00120cf4	UNCONDITIONAL_CALL	0
0x0011f722	0x0011f950	CONDITIONAL_JUMP	0
0x0011f728	0xStack[-0x6]	DATA	0
0x0011f730	0xStack[0xc]	READ	1
0x0011f734	0x00120aac	UNCONDITIONAL_CALL	0
0x0011f739	0xStack[-0x6]	READ	1
0x0011f746	0xStack[-0x6]	WRITE	0
0x0011f753	0x0011f8a1	CONDITIONAL_JUMP	0
0x0011f75d	0xStack[-0x210]	WRITE	0
0x0011f764	0x0011f950	CONDITIONAL_JUMP	0
0x0011f770	0xStack[0xc]	READ	1
0x0011f774	0x00120a9c	UNCONDITIONAL_CALL	0
0x0011f77e	0x0011f950	CONDITIONAL_JUMP	0
0x0011f784	0xStack[-0xc]	DATA	0
0x0011f78e	0xStack[0xc]	READ	1
0x0011f792	0x00120aac	UNCONDITIONAL_CALL	0
0x0011f797	0xStack[-0xc]	READ	1
0x0011f7a2	0xStack[-0x6]	WRITE	0
0x0011f7aa	0x0011f7b6	CONDITIONAL_JUMP	0
0x0011f7b0	0x0011f950	CONDITIONAL_JUMP	0
0x0011f7b6	0xStack[-0xa]	READ	1
0x0011f7c0	0xStack[-0x210]	READ	1
0x0011f7c7	0xStack[-0x214]	WRITE	0
0x0011f7d4	0xStack[0xc]	READ	1
0x0011f7d8	0x00120a9c	UNCONDITIONAL_CALL	0
0x0011f7e2	0x0011f950	CONDITIONAL_JUMP	0
0x0011f7ee	0xStack[0xc]	READ	1
0x0011f7f2	0x00120a5c	UNCONDITIONAL_CALL	0
0x0011f7fc	0xStack[-0x210]	READ	0
0x0011f805	0x0011f84c	CONDITIONAL_JUMP	0
0x0011f807	0xStack[-0x20c]	DATA	0
0x0011f80d	0xStack[-0x218]	WRITE	0
0x0011f818	0xStack[-0x214]	READ	1
0x0011f822	0xStack[0xc]	READ	1
0x0011f826	0x00120aac	UNCONDITIONAL_CALL	0
0x0011f82b	0xStack[-0x214]	READ	1
0x0011f83b	0x001013cc	UNCONDITIONAL_CALL	0
0x0011f842	0xStack[-0x218]	READ	1
0x0011f849	0x0011f88b	UNCONDITIONAL_JUMP	0
0x0011f84c	0xStack[-0x20c]	DATA	0
0x0011f853	0xStack[-0x214]	READ	1
0x0011f85c	0xStack[0xc]	READ	1
0x0011f860	0x00120aac	UNCONDITIONAL_CALL	0
0x0011f86d	0xStack[-0x214]	READ	1
0x0011f879	0x001013cc	UNCONDITIONAL_CALL	0
0x0011f87e	0xStack[-0x214]	READ	1
0x0011f88b	0x001013cc	UNCONDITIONAL_CALL	0
0x0011f895	0xStack[0xc]	READ	1
0x0011f899	0x00120b5c	UNCONDITIONAL_CALL	0
0x0011f8a1	0xStack[-0x6]	READ	1
0x0011f8a9	0x0011f8b8	CONDITIONAL_JUMP	0
0x0011f8af	0x0011f8e8	CONDITIONAL_JUMP	0
0x0011f8b1	0x0011f950	UNCONDITIONAL_JUMP	0
0x0011f8ba	0xStack[0xc]	READ	1
0x0011f8be	0x00120b2c	UNCONDITIONAL_CALL	0
0x0011f8c3	0xStack[0x4]	READ	1
0x0011f8c7	0x00120d70	UNCONDITIONAL_CALL	0
0x0011f8ce	0xStack[0x4]	READ	1
0x0011f8d2	0x00120dd4	UNCONDITIONAL_CALL	0
0x0011f8d7	0xStack[0xc]	READ	1
0x0011f8db	0xStack[0x4]	READ	1
0x0011f8df	0x00123e8c	UNCONDITIONAL_CALL	0
0x0011f8e4	0x0011f958	UNCONDITIONAL_JUMP	0
0x0011f8e8	0xStack[0x4]	READ	1
0x0011f8ec	0x00120d70	UNCONDITIONAL_CALL	0
0x0011f8f3	0xStack[0x4]	READ	1
0x0011f8f7	0x00120dd4	UNCONDITIONAL_CALL	0
0x0011f8fc	0xStack[0x4]	READ	1
0x0011f900	0x00120d50	UNCONDITIONAL_CALL	0
0x0011f90b	0x0011f944	CONDITIONAL_JUMP	0
0x0011f90f	0xStack[0xc]	READ	1
0x0011f913	0x00120b2c	UNCONDITIONAL_CALL	0
0x0011f918	0xStack[0xc]	READ	1
0x0011f91c	0xStack[0x4]	READ	1
0x0011f920	0x00120cf4	UNCONDITIONAL_CALL	0
0x0011f92c	0xStack[0x4]	READ	1
0x0011f930	0x00120cf4	UNCONDITIONAL_CALL	0
0x0011f939	0xStack[0x4]	READ	1
0x0011f93d	0x001226cc	UNCONDITIONAL_CALL	0
0x0011f942	0x0011f958	UNCONDITIONAL_JUMP	0
0x0011f944	0xStack[0xc]	READ	1
0x0011f948	0x00120a6c	UNCONDITIONAL_CALL	0
0x0011f94d	0x0011f958	UNCONDITIONAL_JUMP	0
0x0011f955	0x0011f95a	UNCONDITIONAL_JUMP	0
0x0011f95a	0xStack[-0x224]	DATA	0
0x0011f96d	0x0011f97c	DATA	0
0x0011f972	0x00120ff4	UNCONDITIONAL_CALL	0
0x0011f985	0xStack[0x8]	READ	1
0x0011f989	0x00120d20	UNCONDITIONAL_CALL	0
0x0011f990	0x001db81f	DATA	1
0x0011f99d	0x001db81f	READ	0
0x0011f99d	0x001db820	READ	0
0x0011f99f	0x0011f9ab	CONDITIONAL_JUMP	0
0x0011f9a5	0x001db81f	READ	1
0x0011f9a5	0x001db820	READ	1
0x0011f9b0	0x0011fa3c	CONDITIONAL_JUMP	0
0x0011f9b8	0x0015a75c	UNCONDITIONAL_CALL	0
0x0011f9c0	0x00120d14	UNCONDITIONAL_CALL	0
0x0011f9c5	0xStack[-0x8]	WRITE	0
0x0011f9c9	0x00120d04	UNCONDITIONAL_CALL	0
0x0011f9dd	0x001d11c0	DATA	0
0x0011f9e3	0xStack[-0x8]	READ	1
0x0011f9e7	0x0011f5a8	DATA	0
0x0011f9ec	0x0011fb48	DATA	0
0x0011f9f1	0x0011fa48	DATA	0
0x0011f9f6	0x0011f704	DATA	0
0x0011f9fd	0x00120e8c	UNCONDITIONAL_CALL	0
0x0011fa08	0x00120cf4	UNCONDITIONAL_CALL	0
0x0011fa14	0x00120cf4	UNCONDITIONAL_CALL	0
0x0011fa1d	0x001d121a	DATA	0
0x0011fa23	0x00120bc0	UNCONDITIONAL_CALL	0
0x0011fa28	0x001db82d	DATA	0
0x0011fa2e	0xStack[-0x8]	READ	1
0x0011fa32	0x001db83b	DATA	0
0x0011fa37	0x0010c0d8	UNCONDITIONAL_CALL	0
0x0011fa3c	0xStack[-0x14]	DATA	0
0x0011fa51	0xStack[0x4]	READ	1
0x0011fa54	0xStack[0x8]	READ	1
0x0011fa57	0xStack[0xc]	READ	1
0x0011fa5b	0x00120cf4	UNCONDITIONAL_CALL	0
0x0011fa66	0xStack[-0x20]	WRITE	0
0x0011fa6e	0x0011fa78	CONDITIONAL_JUMP	0
0x0011fa73	0x0011fa90	CONDITIONAL_JUMP	0
0x0011fa75	0x0011fadc	UNCONDITIONAL_JUMP	0
0x0011fa7a	0xStack[-0x14]	DATA	0
0x0011fa82	0x001013cc	UNCONDITIONAL_CALL	0
0x0011fa87	0xStack[-0x8]	READ	1
0x0011fa8e	0x0011fad1	UNCONDITIONAL_JUMP	0
0x0011fa93	0xStack[-0x18]	WRITE	0
0x0011fa96	0xStack[-0x1c]	DATA	0
0x0011fa9a	0xStack[-0x14]	DATA	0
0x0011fa9e	0xStack[-0x18]	DATA	0
0x0011faa4	0x00120cf4	UNCONDITIONAL_CALL	0
0x0011fab1	0x00120cf4	UNCONDITIONAL_CALL	0
0x0011fabb	0x00122250	UNCONDITIONAL_CALL	0
0x0011fac5	0x0011facc	CONDITIONAL_JUMP	0
0x0011fac9	0x0011fb3c	UNCONDITIONAL_JUMP	0
0x0011fad5	0xStack[-0x8]	WRITE	0
0x0011fad9	0x0011faec	UNCONDITIONAL_JUMP	0
0x0011fadd	0x00120a6c	UNCONDITIONAL_CALL	0
0x0011fae7	0x0011fb3c	UNCONDITIONAL_JUMP	0
0x0011faef	0x00120b44	UNCONDITIONAL_CALL	0
0x0011faf4	0xStack[-0x14]	DATA	0
0x0011faf7	0xStack[-0x8]	DATA	0
0x0011fb00	0x00120aec	UNCONDITIONAL_CALL	0
0x0011fb07	0xStack[-0x20]	READ	1
0x0011fb0b	0x00120b98	UNCONDITIONAL_CALL	0
0x0011fb17	0x0011fb2c	CONDITIONAL_JUMP	0
0x0011fb1a	0x00120d60	UNCONDITIONAL_CALL	0
0x0011fb22	0x00120dc4	UNCONDITIONAL_CALL	0
0x0011fb27	0x0011fb3a	UNCONDITIONAL_JUMP	0
0x0011fb2d	0x00120d80	UNCONDITIONAL_CALL	0
0x0011fb35	0x00120de4	UNCONDITIONAL_CALL	0
0x0011fb3c	0xStack[-0x2c]	DATA	0
0x0011fb4c	0xStack[0x4]	READ	1
0x0011fb50	0x00120cf4	UNCONDITIONAL_CALL	0
0x0011fb5c	0x00120cd8	UNCONDITIONAL_CALL	0
0x0011fb68	0x0011fb78	CONDITIONAL_JUMP	0
0x0011fb6d	0x00120b2c	UNCONDITIONAL_CALL	0
0x0011fb74	0x0011fb7a	UNCONDITIONAL_JUMP	0
0x0011fb7a	0xStack[-0x8]	READ	1
0x0011fb8a	0xStack[0x4]	READ	1
0x0011fb8d	0xStack[0x8]	READ	1
0x0011fb94	0x001cbb1c	UNCONDITIONAL_CALL	0
0x0011fba1	0x001cbb1c	UNCONDITIONAL_CALL	0
0x0011fba8	0xStack[-0x10]	DATA	0
0x0011fbb8	0xStack[0x8]	READ	1
0x0011fbbb	0xStack[0xc]	READ	1
0x0011fbc4	0x0011fbd1	CONDITIONAL_JUMP	0
0x0011fbce	0x0011fbd1	CONDITIONAL_JUMP	0
0x0011fbd3	0xStack[-0x8]	READ	1
0x0011fbe5	0xStack[0x4]	READ	1
0x0011fbe8	0xStack[0xc]	READ	1
0x0011fbef	0x00120cf4	UNCONDITIONAL_CALL	0
0x0011fbfa	0xStack[-0x30]	WRITE	0
0x0011fc02	0x0011fc10	CONDITIONAL_JUMP	0
0x0011fc07	0x0011fc84	CONDITIONAL_JUMP	0
0x0011fc09	0x0011fd50	UNCONDITIONAL_JUMP	0
0x0011fc12	0xStack[-0x22]	DATA	0
0x0011fc17	0x001013cc	UNCONDITIONAL_CALL	0
0x0011fc29	0x001db89c	WRITE	0
0x0011fc3c	0x0011fd60	CONDITIONAL_JUMP	0
0x0011fc42	0x001db8a0	DATA	0
0x0011fc4b	0xStack[0x8]	READ	1
0x0011fc4f	0x00120aec	UNCONDITIONAL_CALL	0
0x0011fc58	0x00120cf4	UNCONDITIONAL_CALL	0
0x0011fc63	0x0011fc78	CONDITIONAL_JUMP	0
0x0011fc65	0xStack[-0x1c]	READ_WRITE	0
0x0011fc69	0xStack[-0x16]	WRITE	0
0x0011fc6d	0xStack[-0x15]	WRITE	0
0x0011fc71	0x0011fd60	UNCONDITIONAL_JUMP	0
0x0011fc78	0xStack[-0x1c]	READ_WRITE	0
0x0011fc7c	0x0011fd60	UNCONDITIONAL_JUMP	0
0x0011fc87	0xStack[-0x28]	WRITE	0
0x0011fc8a	0xStack[-0x2c]	DATA	0
0x0011fc8e	0xStack[-0x22]	DATA	0
0x0011fc92	0xStack[-0x28]	DATA	0
0x0011fc96	0xStack[0x8]	READ	1
0x0011fc9b	0x00120cf4	UNCONDITIONAL_CALL	0
0x0011fca8	0x00120cf4	UNCONDITIONAL_CALL	0
0x0011fcb5	0x00122250	UNCONDITIONAL_CALL	0
0x0011fcbf	0x0011fcc8	CONDITIONAL_JUMP	0
0x0011fcc3	0x0011fdd0	UNCONDITIONAL_JUMP	0
0x0011fcc9	0x00120cf4	UNCONDITIONAL_CALL	0
0x0011fcd4	0x0011fd38	CONDITIONAL_JUMP	0
0x0011fcd8	0xStack[-0x22]	READ	0
0x0011fcdc	0x0011fcdf	CONDITIONAL_JUMP	0
0x0011fce1	0x0011fcf4	CONDITIONAL_JUMP	0
0x0011fce3	0xStack[-0x1c]	READ_WRITE	0
0x0011fce7	0xStack[-0x16]	WRITE	0
0x0011fceb	0xStack[-0x15]	WRITE	0
0x0011fcef	0x0011fd3c	UNCONDITIONAL_JUMP	0
0x0011fcf5	0x00120cf4	UNCONDITIONAL_CALL	0
0x0011fd00	0xStack[-0x22]	READ	0
0x0011fd04	0x0011fd3c	CONDITIONAL_JUMP	0
0x0011fd08	0x001cb464	UNCONDITIONAL_CALL	0
0x0011fd14	0x0011fd19	CONDITIONAL_JUMP	0
0x0011fd1b	0x0011fd38	CONDITIONAL_JUMP	0
0x0011fd23	0xStack[-0x16]	DATA	0
0x0011fd28	0x001013cc	UNCONDITIONAL_CALL	0
0x0011fd2d	0xStack[-0x1c]	READ_WRITE	0
0x0011fd34	0x0011fd3c	UNCONDITIONAL_JUMP	0
0x0011fd38	0xStack[-0x1c]	READ_WRITE	0
0x0011fd45	0x001db89c	WRITE	0
0x0011fd4b	0x0011fd60	UNCONDITIONAL_JUMP	0
0x0011fd50	0xStack[0x8]	READ	1
0x0011fd54	0x00120a6c	UNCONDITIONAL_CALL	0
0x0011fd5e	0x0011fdd0	UNCONDITIONAL_JUMP	0
0x0011fd62	0xStack[0x8]	READ	1
0x0011fd66	0x00120b44	UNCONDITIONAL_CALL	0
0x0011fd6b	0x001db896	DATA	0
0x0011fd74	0xStack[0x8]	READ	1
0x0011fd78	0x00120aec	UNCONDITIONAL_CALL	0
0x0011fd81	0x00120cf4	UNCONDITIONAL_CALL	0
0x0011fd8c	0xStack[-0x24]	WRITE	0
0x0011fd8f	0xStack[-0x23]	WRITE	0
0x0011fd93	0xStack[-0x24]	DATA	0
0x0011fd97	0xStack[0x8]	READ	1
0x0011fd9b	0xStack[-0x30]	READ	1
0x0011fd9f	0x00120b98	UNCONDITIONAL_CALL	0
0x0011fdab	0x0011fdc0	CONDITIONAL_JUMP	0
0x0011fdae	0x00120d80	UNCONDITIONAL_CALL	0
0x0011fdb6	0x00120de4	UNCONDITIONAL_CALL	0
0x0011fdbb	0x0011fdce	UNCONDITIONAL_JUMP	0
0x0011fdc1	0x00120d60	UNCONDITIONAL_CALL	0
0x0011fdc9	0x00120dc4	UNCONDITIONAL_CALL	0
0x0011fdd0	0xStack[-0x3c]	DATA	0
0x0011fde5	0xStack[0x8]	READ	1
0x0011fde8	0xStack[0x10]	READ	1
0x0011fdeb	0xStack[0x4]	READ	1
0x0011fdef	0x00120cf4	UNCONDITIONAL_CALL	0
0x0011fdfc	0x0011fe08	CONDITIONAL_JUMP	0
0x0011fe03	0x0012044e	UNCONDITIONAL_JUMP	0
0x0011fe08	0xStack[0xc]	READ	1
0x0011fe0c	0x00120a9c	UNCONDITIONAL_CALL	0
0x0011fe19	0x0011fe4a	CONDITIONAL_JUMP	0
0x0011fe24	0x0011fe4a	CONDITIONAL_JUMP	0
0x0011fe28	0x001db896	DATA	0
0x0011fe2d	0xStack[0xc]	READ	1
0x0011fe31	0x00120a5c	UNCONDITIONAL_CALL	0
0x0011fe3c	0x001012fc	UNCONDITIONAL_CALL	0
0x0011fe48	0x0011fe60	CONDITIONAL_JUMP	0
0x0011fe4b	0xStack[0xc]	READ	1
0x0011fe50	0xStack[0x4]	READ	1
0x0011fe54	0x001207bc	UNCONDITIONAL_CALL	0
0x0011fe5b	0x0012044e	UNCONDITIONAL_JUMP	0
0x0011fe60	0xStack[-0x6]	DATA	0
0x0011fe68	0xStack[0xc]	READ	1
0x0011fe6c	0x00120aac	UNCONDITIONAL_CALL	0
0x0011fe73	0xStack[0xc]	READ	1
0x0011fe77	0x00120b2c	UNCONDITIONAL_CALL	0
0x0011fe7f	0xStack[-0x6]	READ	1
0x0011fe87	0xStack[-0x6]	WRITE	0
0x0011fe96	0x0011feb0	CONDITIONAL_JUMP	0
0x0011fe99	0xStack[0xc]	READ	1
0x0011fe9e	0xStack[0x4]	READ	1
0x0011fea2	0x001207bc	UNCONDITIONAL_CALL	0
0x0011fea9	0x0012044e	UNCONDITIONAL_JUMP	0
0x0011feb5	0x0011fec8	CONDITIONAL_JUMP	0
0x0011febc	0x00120150	CONDITIONAL_JUMP	0
0x0011fec2	0x00120438	UNCONDITIONAL_JUMP	0
0x0011fec8	0xStack[0x4]	READ	1
0x0011fecc	0x00120d70	UNCONDITIONAL_CALL	0
0x0011fed4	0xStack[-0x54]	WRITE	0
0x0011fed9	0x00120dd4	UNCONDITIONAL_CALL	0
0x0011fedf	0x00120d50	UNCONDITIONAL_CALL	0
0x0011feec	0x0012013d	CONDITIONAL_JUMP	0
0x0011fef3	0x00120cf4	UNCONDITIONAL_CALL	0
0x0011ff00	0x0012013d	CONDITIONAL_JUMP	0
0x0011ff07	0x00120cf4	UNCONDITIONAL_CALL	0
0x0011ff17	0xStack[-0x10]	WRITE	0
0x0011ff1e	0xStack[-0xc]	WRITE	0
0x0011ff22	0xStack[-0x10]	READ_WRITE	0
0x0011ff2a	0x0012013d	CONDITIONAL_JUMP	0
0x0011ff39	0xStack[-0x54]	WRITE	0
0x0011ff3f	0x0012013d	CONDITIONAL_JUMP	0
0x0011ff45	0xStack[-0x10]	DATA	0
0x0011ff48	0xStack[-0x50]	WRITE	0
0x0011ff4e	0xStack[-0x40]	WRITE	0
0x0011ff51	0xStack[0x4]	READ	1
0x0011ff54	0xStack[-0x58]	WRITE	0
0x0011ff57	0xStack[-0x54]	READ	1
0x0011ff60	0x0012013d	CONDITIONAL_JUMP	0
0x0011ff69	0x0012013d	CONDITIONAL_JUMP	0
0x0011ff6f	0xStack[-0x50]	READ	1
0x0011ff74	0x001cb464	UNCONDITIONAL_CALL	0
0x0011ff7b	0xStack[-0x1c]	WRITE	0
0x0011ff83	0x0011ffd0	CONDITIONAL_JUMP	0
0x0011ff8f	0xStack[-0x54]	WRITE	0
0x0011ff93	0xStack[-0x40]	READ	1
0x0011ff97	0x001013cc	UNCONDITIONAL_CALL	0
0x0011ff9c	0xStack[-0x1c]	READ	1
0x0011ffa3	0xStack[-0x1c]	READ	1
0x0011ffb3	0xStack[-0x54]	WRITE	0
0x0011ffb6	0xStack[-0x54]	READ	1
0x0011ffc1	0xStack[-0x1c]	READ	1
0x0011ffca	0x0012013d	UNCONDITIONAL_JUMP	0
0x0011ffd1	0x001cb3ac	UNCONDITIONAL_CALL	0
0x0011ffde	0x001200b8	CONDITIONAL_JUMP	0
0x0011ffe4	0xStack[-0x44]	WRITE	0
0x0011ffe9	0x001cbaa0	UNCONDITIONAL_CALL	0
0x0011ffee	0xStack[-0x18]	WRITE	0
0x0011fff1	0xStack[-0x14]	WRITE	0
0x0011fff8	0xStack[-0x1c]	DATA	0
0x0011fffc	0xStack[-0x18]	DATA	0
0x00120001	0x001cbab8	UNCONDITIONAL_CALL	0
0x0012000b	0x0012009f	CONDITIONAL_JUMP	0
0x00120011	0xStack[-0x1c]	READ	1
0x0012002d	0xStack[-0x54]	WRITE	0
0x00120030	0x001e9c80	DATA	1
0x00120037	0xStack[-0x54]	WRITE	0
0x0012003c	0xStack[-0x54]	READ	1
0x0012003f	0x001e9c80	DATA	1
0x0012003f	0x001e9c94	DATA	1
0x00120041	0x00120051	CONDITIONAL_JUMP	0
0x00120043	0xStack[-0x58]	READ	0
0x00120047	0x0012005b	CONDITIONAL_JUMP	0
0x00120049	0xStack[-0x58]	READ	1
0x0012004c	0x001e9c90	DATA	1
0x0012004c	0x001e9ca4	DATA	1
0x0012004f	0x0012005b	CONDITIONAL_JUMP	0
0x00120052	0xStack[-0x54]	READ_WRITE	0
0x00120059	0x0012003c	CONDITIONAL_JUMP	0
0x0012005e	0x00120067	CONDITIONAL_JUMP	0
0x00120060	0xStack[-0x54]	WRITE	0
0x00120067	0xStack[-0x54]	READ	0
0x0012006b	0x00120076	CONDITIONAL_JUMP	0
0x0012006d	0xStack[-0x1c]	READ	1
0x00120074	0x0011fff8	CONDITIONAL_JUMP	0
0x00120076	0xStack[-0x1c]	READ	1
0x0012007b	0x001cb8ac	UNCONDITIONAL_CALL	0
0x00120082	0xStack[-0x1c]	WRITE	0
0x0012008a	0x0011fff8	CONDITIONAL_JUMP	0
0x00120093	0x0015a824	UNCONDITIONAL_CALL	0
0x00120098	0xStack[-0x44]	WRITE	0
0x0012009f	0xStack[-0x44]	READ	0
0x001200a3	0x001200b8	CONDITIONAL_JUMP	0
0x001200a5	0x001db870	DATA	0
0x001200aa	0x0010c0d8	UNCONDITIONAL_CALL	0
0x001200b2	0x0012013d	UNCONDITIONAL_JUMP	0
0x001200ba	0x0015a75c	UNCONDITIONAL_CALL	0
0x001200c1	0xStack[-0x1c]	WRITE	0
0x001200c4	0xStack[-0x10]	READ	1
0x001200c9	0xStack[-0xc]	READ	1
0x001200d8	0xStack[-0x40]	READ	1
0x001200e4	0xStack[-0x54]	WRITE	0
0x001200e8	0xStack[-0x40]	READ	1
0x001200ec	0x001013cc	UNCONDITIONAL_CALL	0
0x001200f1	0xStack[-0x1c]	READ	1
0x001200f8	0xStack[-0x1c]	READ	1
0x00120108	0xStack[-0x54]	WRITE	0
0x0012010b	0xStack[-0x54]	READ	1
0x00120116	0xStack[-0x1c]	READ	1
0x0012011c	0xStack[-0x1c]	READ	1
0x00120121	0x001cb5c8	UNCONDITIONAL_CALL	0
0x00120128	0xStack[-0x1c]	WRITE	0
0x00120130	0x0012013d	CONDITIONAL_JUMP	0
0x00120135	0x0015a824	UNCONDITIONAL_CALL	0
0x0012013d	0xStack[0xc]	READ	1
0x00120141	0xStack[0x4]	READ	1
0x00120145	0x00123e8c	UNCONDITIONAL_CALL	0
0x0012014a	0x0012044c	UNCONDITIONAL_JUMP	0
0x00120150	0xStack[0x4]	READ	1
0x00120154	0x00120d70	UNCONDITIONAL_CALL	0
0x0012015c	0xStack[-0x54]	WRITE	0
0x00120161	0x00120dd4	UNCONDITIONAL_CALL	0
0x00120167	0x00120d50	UNCONDITIONAL_CALL	0
0x00120174	0x0012042c	CONDITIONAL_JUMP	0
0x0012017b	0x00120cf4	UNCONDITIONAL_CALL	0
0x00120188	0x001201aa	CONDITIONAL_JUMP	0
0x0012018c	0xStack[-0x3c]	DATA	0
0x00120191	0x001013cc	UNCONDITIONAL_CALL	0
0x00120196	0xStack[0xc]	READ	1
0x0012019a	0x00120a5c	UNCONDITIONAL_CALL	0
0x001201a4	0xStack[-0x48]	WRITE	0
0x001201aa	0x001db89e	DATA	0
0x001201b3	0xStack[0xc]	READ	1
0x001201b7	0x00120aec	UNCONDITIONAL_CALL	0
0x001201bd	0xStack[0x4]	READ	1
0x001201c1	0x00120cf4	UNCONDITIONAL_CALL	0
0x001201cf	0xStack[0x4]	READ	1
0x001201d3	0x00120cf4	UNCONDITIONAL_CALL	0
0x001201e0	0xStack[-0x54]	WRITE	0
0x001201e4	0xStack[0x4]	READ	1
0x001201e8	0x001226cc	UNCONDITIONAL_CALL	0
0x001201f1	0x00120cf4	UNCONDITIONAL_CALL	0
0x001201fe	0x0012044c	CONDITIONAL_JUMP	0
0x00120205	0x00120cf4	UNCONDITIONAL_CALL	0
0x00120212	0xStack[-0x34]	READ	1
0x00120215	0xStack[-0x10]	WRITE	0
0x00120218	0xStack[-0x30]	READ	1
0x0012021c	0xStack[-0xc]	WRITE	0
0x00120220	0xStack[-0x10]	READ_WRITE	0
0x00120224	0xStack[-0x34]	READ	0
0x00120228	0x0012044c	CONDITIONAL_JUMP	0
0x0012022e	0xStack[-0x2e]	READ	1
0x00120237	0xStack[-0x54]	WRITE	0
0x0012023d	0x0012044c	CONDITIONAL_JUMP	0
0x00120243	0xStack[-0x10]	DATA	0
0x00120246	0xStack[-0x50]	WRITE	0
0x00120249	0xStack[-0x2e]	DATA	0
0x0012024c	0xStack[0x4]	READ	1
0x0012024f	0xStack[-0x58]	WRITE	0
0x00120258	0x0012044c	CONDITIONAL_JUMP	0
0x00120261	0x0012044c	CONDITIONAL_JUMP	0
0x00120269	0x001cb464	UNCONDITIONAL_CALL	0
0x00120270	0xStack[-0x1c]	WRITE	0
0x00120278	0x001202b8	CONDITIONAL_JUMP	0
0x0012027a	0xStack[-0x2e]	READ	1
0x00120286	0x001013cc	UNCONDITIONAL_CALL	0
0x0012028b	0xStack[-0x1c]	READ	1
0x00120292	0xStack[-0x1c]	READ	1
0x001202b0	0x0012044c	UNCONDITIONAL_JUMP	0
0x001202b9	0x001cb3ac	UNCONDITIONAL_CALL	0
0x001202c6	0x001203b0	CONDITIONAL_JUMP	0
0x001202cc	0xStack[-0x4c]	WRITE	0
0x001202d1	0x001cbaa0	UNCONDITIONAL_CALL	0
0x001202d6	0xStack[-0x18]	WRITE	0
0x001202d9	0xStack[-0x14]	WRITE	0
0x001202e0	0xStack[-0x1c]	DATA	0
0x001202e4	0xStack[-0x18]	DATA	0
0x001202e9	0x001cbab8	UNCONDITIONAL_CALL	0
0x001202f3	0x0012039a	CONDITIONAL_JUMP	0
0x001202f9	0xStack[-0x1c]	READ	1
0x001202ff	0xStack[-0x50]	WRITE	0
0x00120302	0xStack[-0x50]	READ	1
0x00120319	0xStack[-0x54]	WRITE	0
0x0012031c	0x001e9c80	DATA	1
0x00120323	0xStack[-0x54]	WRITE	0
0x00120328	0xStack[-0x50]	READ	1
0x0012032b	0xStack[-0x50]	WRITE	0
0x00120330	0xStack[-0x50]	READ	1
0x00120333	0xStack[-0x54]	READ	1
0x00120336	0x001e9c80	DATA	1
0x00120336	0x001e9c94	DATA	1
0x00120338	0x00120348	CONDITIONAL_JUMP	0
0x0012033a	0xStack[-0x58]	READ	0
0x0012033e	0x00120352	CONDITIONAL_JUMP	0
0x00120340	0xStack[-0x58]	READ	1
0x00120343	0x001e9c90	DATA	1
0x00120343	0x001e9ca4	DATA	1
0x00120346	0x00120352	CONDITIONAL_JUMP	0
0x00120349	0xStack[-0x54]	READ_WRITE	0
0x00120350	0x00120330	CONDITIONAL_JUMP	0
0x00120355	0x0012035e	CONDITIONAL_JUMP	0
0x00120357	0xStack[-0x54]	WRITE	0
0x0012035e	0xStack[-0x54]	READ	0
0x00120362	0x00120371	CONDITIONAL_JUMP	0
0x00120364	0xStack[-0x1c]	READ	1
0x0012036b	0x001202e0	CONDITIONAL_JUMP	0
0x00120371	0xStack[-0x1c]	READ	1
0x00120376	0x001cb8ac	UNCONDITIONAL_CALL	0
0x0012037d	0xStack[-0x1c]	WRITE	0
0x00120385	0x001202e0	CONDITIONAL_JUMP	0
0x0012038e	0x0015a824	UNCONDITIONAL_CALL	0
0x00120393	0xStack[-0x4c]	WRITE	0
0x0012039a	0xStack[-0x4c]	READ	0
0x0012039e	0x001203b0	CONDITIONAL_JUMP	0
0x001203a0	0x001db870	DATA	0
0x001203a5	0x0010c0d8	UNCONDITIONAL_CALL	0
0x001203aa	0x0012044c	UNCONDITIONAL_JUMP	0
0x001203b2	0x0015a75c	UNCONDITIONAL_CALL	0
0x001203b9	0xStack[-0x1c]	WRITE	0
0x001203bc	0xStack[-0x10]	READ	1
0x001203c1	0xStack[-0xc]	READ	1
0x001203c9	0xStack[-0x48]	READ	1
0x001203cf	0xStack[-0x2e]	DATA	1
0x001203d8	0xStack[-0x54]	WRITE	0
0x001203dd	0x001013cc	UNCONDITIONAL_CALL	0
0x001203e2	0xStack[-0x1c]	READ	1
0x001203e9	0xStack[-0x1c]	READ	1
0x001203f9	0xStack[-0x54]	WRITE	0
0x001203fc	0xStack[-0x54]	READ	1
0x0012040a	0xStack[-0x1c]	READ	1
0x0012040f	0x001cb5c8	UNCONDITIONAL_CALL	0
0x00120416	0xStack[-0x1c]	WRITE	0
0x0012041e	0x0012044c	CONDITIONAL_JUMP	0
0x00120423	0x0015a824	UNCONDITIONAL_CALL	0
0x00120428	0x0012044c	UNCONDITIONAL_JUMP	0
0x0012042c	0xStack[0xc]	READ	1
0x00120430	0x00120a6c	UNCONDITIONAL_CALL	0
0x00120435	0x0012044c	UNCONDITIONAL_JUMP	0
0x00120439	0xStack[0xc]	READ	1
0x0012043e	0xStack[0x4]	READ	1
0x00120442	0x001207bc	UNCONDITIONAL_CALL	0
0x00120449	0x0012044e	UNCONDITIONAL_JUMP	0
0x0012044e	0xStack[-0x64]	DATA	0
0x00120461	0xStack[0x4]	READ	1
0x00120464	0xStack[-0xc]	WRITE	0
0x00120467	0xStack[0x8]	READ	1
0x0012046b	0x00120d20	UNCONDITIONAL_CALL	0
0x00120472	0x001db8a8	DATA	1
0x0012047f	0x001db8a8	READ	0
0x0012047f	0x001db8a9	READ	0
0x00120481	0x0012048d	CONDITIONAL_JUMP	0
0x00120487	0x001db8a8	READ	1
0x00120487	0x001db8a9	READ	1
0x00120492	0x0012060a	CONDITIONAL_JUMP	0
0x00120498	0xStack[0x8]	READ	1
0x0012049c	0x00120d04	UNCONDITIONAL_CALL	0
0x001204a6	0xStack[-0xc]	READ	1
0x001204ab	0x0012060a	CONDITIONAL_JUMP	0
0x001204b1	0xStack[0x8]	READ	1
0x001204b5	0x00120d14	UNCONDITIONAL_CALL	0
0x001204ba	0xStack[-0x8]	WRITE	0
0x001204bd	0xStack[0x8]	READ	1
0x001204c1	0x00120d30	UNCONDITIONAL_CALL	0
0x001204cc	0xStack[-0xc]	READ	1
0x001204d4	0x001204db	CONDITIONAL_JUMP	0
0x001204d6	0x001db8a4	READ	1
0x001204dd	0x001204e1	CONDITIONAL_JUMP	0
0x001204e5	0x0015a75c	UNCONDITIONAL_CALL	0
0x001204f5	0x001d11e8	DATA	0
0x001204fb	0xStack[-0x8]	READ	1
0x001204ff	0x00120648	DATA	0
0x00120504	0x0012075c	DATA	0
0x00120509	0x0011fbdc	DATA	0
0x0012050e	0x0011fddc	DATA	0
0x00120515	0x00120e8c	UNCONDITIONAL_CALL	0
0x00120520	0x00120cf4	UNCONDITIONAL_CALL	0
0x0012052e	0xStack[-0xc]	READ	1
0x00120535	0x0012057c	CONDITIONAL_JUMP	0
0x00120538	0x00120cf4	UNCONDITIONAL_CALL	0
0x00120544	0x00120cf4	UNCONDITIONAL_CALL	0
0x00120552	0x001d11e4	READ	1
0x00120559	0x001d11e0	READ	1
0x0012055f	0x001cbc00	DATA	0
0x00120560	0x001d11dc	READ	1
0x00120566	0x0011fbb4	DATA	0
0x00120567	0x001d11d8	READ	1
0x0012056d	0x0011fb84	DATA	0
0x0012056e	0x001cafec	UNCONDITIONAL_CALL	0
0x00120579	0x00120588	UNCONDITIONAL_JUMP	0
0x0012057d	0x00120cf4	UNCONDITIONAL_CALL	0
0x00120588	0xStack[-0xc]	READ	1
0x00120591	0x001205a4	CONDITIONAL_JUMP	0
0x00120594	0x00120cf4	UNCONDITIONAL_CALL	0
0x001205a0	0x001205c2	UNCONDITIONAL_JUMP	0
0x001205a9	0x001205ad	CONDITIONAL_JUMP	0
0x001205ae	0x00120cf4	UNCONDITIONAL_CALL	0
0x001205c3	0x00120cf4	UNCONDITIONAL_CALL	0
0x001205cb	0xStack[0x8]	READ	1
0x001205d2	0x00120cf4	UNCONDITIONAL_CALL	0
0x001205de	0x001d121a	DATA	0
0x001205e3	0xStack[0x8]	READ	1
0x001205e7	0x00120bc0	UNCONDITIONAL_CALL	0
0x001205ed	0xStack[-0x8]	READ	1
0x001205f1	0x001db8ba	DATA	0
0x001205f6	0x0010c0d8	UNCONDITIONAL_CALL	0
0x001205fc	0xStack[-0x8]	READ	1
0x00120600	0x001db8e2	DATA	0
0x00120605	0x0010c0d8	UNCONDITIONAL_CALL	0
0x0012060a	0xStack[-0x18]	DATA	0
0x0012061b	0xStack[0x8]	READ	1
0x0012061e	0xStack[0xc]	READ	1
0x00120621	0xStack[0x10]	READ	1
0x00120624	0xStack[0x4]	READ	1
0x00120627	0xStack[-0x14]	WRITE	0
0x0012062a	0xStack[-0x10]	WRITE	0
0x0012062d	0xStack[-0xc]	WRITE	0
0x00120630	0xStack[-0x8]	WRITE	0
0x00120633	0xStack[-0x14]	DATA	0
0x00120637	0x00120458	DATA	0
0x0012063c	0x00120ff4	UNCONDITIONAL_CALL	0
0x00120641	0xStack[-0x18]	READ	1
0x0012064e	0xStack[0x4]	READ	1
0x00120651	0xStack[0x8]	READ	1
0x00120655	0x00120cf4	UNCONDITIONAL_CALL	0
0x00120660	0x001d1222	DATA	0
0x00120666	0x00101e7c	UNCONDITIONAL_CALL	0
0x00120670	0x00120698	CONDITIONAL_JUMP	0
0x00120672	0xStack[0xc]	READ	1
0x00120679	0x001206b7	CONDITIONAL_JUMP	0
0x0012067c	0x00120cf4	UNCONDITIONAL_CALL	0
0x00120688	0xStack[0xc]	READ	1
0x0012068d	0x00124154	UNCONDITIONAL_CALL	0
0x00120692	0x00120752	UNCONDITIONAL_JUMP	0
0x00120698	0x001d1212	DATA	0
0x0012069e	0x00101e7c	UNCONDITIONAL_CALL	0
0x001206a8	0x00120740	CONDITIONAL_JUMP	0
0x001206ae	0xStack[0xc]	READ	1
0x001206b5	0x001206c4	CONDITIONAL_JUMP	0
0x001206bc	0x00120752	UNCONDITIONAL_JUMP	0
0x001206c5	0x00120d50	UNCONDITIONAL_CALL	0
0x001206d1	0x00120db0	UNCONDITIONAL_CALL	0
0x001206d7	0x00120cb8	UNCONDITIONAL_CALL	0
0x001206e1	0x001206f5	CONDITIONAL_JUMP	0
0x001206e4	0x00120d50	UNCONDITIONAL_CALL	0
0x001206ed	0x00120db0	UNCONDITIONAL_CALL	0
0x001206f6	0x00120cf4	UNCONDITIONAL_CALL	0
0x001206fe	0xStack[0xc]	READ	1
0x00120708	0x00120d50	UNCONDITIONAL_CALL	0
0x00120713	0x00120750	CONDITIONAL_JUMP	0
0x00120715	0xStack[0xc]	READ	1
0x0012071d	0x00120cf4	UNCONDITIONAL_CALL	0
0x0012072a	0x00120cf4	UNCONDITIONAL_CALL	0
0x00120737	0x00122134	UNCONDITIONAL_CALL	0
0x0012073c	0x00120750	UNCONDITIONAL_JUMP	0
0x00120740	0xStack[0xc]	READ	1
0x00120746	0x00120bc0	UNCONDITIONAL_CALL	0
0x0012074b	0x00120752	UNCONDITIONAL_JUMP	0
0x00120752	0xStack[-0x10]	DATA	0
0x00120762	0xStack[0x4]	READ	1
0x00120766	0x00120cf4	UNCONDITIONAL_CALL	0
0x00120772	0x00120d30	UNCONDITIONAL_CALL	0
0x0012077a	0x00120cd8	UNCONDITIONAL_CALL	0
0x00120786	0x0012078c	CONDITIONAL_JUMP	0
0x0012078a	0x001207b2	UNCONDITIONAL_JUMP	0
0x0012078f	0x00120b2c	UNCONDITIONAL_CALL	0
0x00120795	0x00120a9c	UNCONDITIONAL_CALL	0
0x0012079f	0x001207b0	CONDITIONAL_JUMP	0
0x001207a2	0x00120a9c	UNCONDITIONAL_CALL	0
0x001207ab	0x00120b5c	UNCONDITIONAL_CALL	0
0x001207b2	0xStack[-0x10]	DATA	0
0x001207c2	0xStack[0x4]	READ	1
0x001207c5	0xStack[0x10]	READ	1
0x001207c8	0xStack[0xc]	READ	1
0x001207cc	0x00120a5c	UNCONDITIONAL_CALL	0
0x001207d3	0xStack[0xc]	READ	1
0x001207d7	0x00120a9c	UNCONDITIONAL_CALL	0
0x001207e2	0x00120940	CONDITIONAL_JUMP	0
0x001207eb	0x00120940	CONDITIONAL_JUMP	0
0x001207f8	0x00120940	CONDITIONAL_JUMP	0
0x00120805	0x001208a4	CONDITIONAL_JUMP	0
0x0012080f	0x001208a4	CONDITIONAL_JUMP	0
0x00120816	0x00120d70	UNCONDITIONAL_CALL	0
0x0012081e	0x00120dd4	UNCONDITIONAL_CALL	0
0x00120830	0x001013cc	UNCONDITIONAL_CALL	0
0x00120840	0x00120860	CONDITIONAL_JUMP	0
0x00120861	0x00120950	UNCONDITIONAL_CALL	0
0x0012086d	0x00120888	CONDITIONAL_JUMP	0
0x0012086f	0xStack[0xc]	READ	1
0x00120873	0x00120a9c	UNCONDITIONAL_CALL	0
0x0012087e	0x00120888	CONDITIONAL_JUMP	0
0x00120889	0xStack[0xc]	READ	1
0x0012088d	0xStack[0x8]	READ	1
0x00120891	0x00120968	UNCONDITIONAL_CALL	0
0x0012089b	0x0012091c	CONDITIONAL_JUMP	0
0x0012089d	0x0012092c	UNCONDITIONAL_JUMP	0
0x001208a6	0x00120940	CONDITIONAL_JUMP	0
0x001208b0	0x00120940	CONDITIONAL_JUMP	0
0x001208b7	0x00120d70	UNCONDITIONAL_CALL	0
0x001208bf	0x00120dd4	UNCONDITIONAL_CALL	0
0x001208d1	0x001013cc	UNCONDITIONAL_CALL	0
0x001208e1	0x00120901	CONDITIONAL_JUMP	0
0x00120902	0x00120950	UNCONDITIONAL_CALL	0
0x00120908	0xStack[0xc]	READ	1
0x0012090c	0xStack[0x8]	READ	1
0x00120910	0x00120968	UNCONDITIONAL_CALL	0
0x0012091a	0x0012092c	CONDITIONAL_JUMP	0
0x0012091d	0x00120d80	UNCONDITIONAL_CALL	0
0x00120925	0x00120de4	UNCONDITIONAL_CALL	0
0x0012092a	0x0012093a	UNCONDITIONAL_JUMP	0
0x0012092d	0x00120d60	UNCONDITIONAL_CALL	0
0x00120935	0x00120dc4	UNCONDITIONAL_CALL	0
0x0012093c	0x00120945	UNCONDITIONAL_JUMP	0
0x00120945	0xStack[-0x10]	DATA	0
0x00120953	0xStack[0x4]	READ	1
0x0012096e	0xStack[0x8]	READ	1
0x00120971	0xStack[0x4]	READ	1
0x00120975	0x00120cd8	UNCONDITIONAL_CALL	0
0x00120981	0x00120990	CONDITIONAL_JUMP	0
0x00120984	0x00120a6c	UNCONDITIONAL_CALL	0
0x0012098e	0x001209e0	UNCONDITIONAL_JUMP	0
0x00120991	0x00120a9c	UNCONDITIONAL_CALL	0
0x00120998	0x00120a5c	UNCONDITIONAL_CALL	0
0x001209a2	0x00120a5c	UNCONDITIONAL_CALL	0
0x001209ab	0x001013cc	UNCONDITIONAL_CALL	0
0x001209b1	0x00120a9c	UNCONDITIONAL_CALL	0
0x001209b9	0x00120a9c	UNCONDITIONAL_CALL	0
0x001209c4	0x00120b5c	UNCONDITIONAL_CALL	0
0x001209cd	0x00120a6c	UNCONDITIONAL_CALL	0
0x001209d2	0xStack[0xc]	READ	1
0x001209d7	0xStack[0x4]	READ	1
0x001209db	0x00120b98	UNCONDITIONAL_CALL	0
0x001209e0	0xStack[-0x10]	DATA	0
0x001209f2	0xStack[0x4]	READ	1
0x001209f9	0x0015a75c	UNCONDITIONAL_CALL	0
0x00120a05	0x00120a29	CONDITIONAL_JUMP	0
0x00120a0d	0x00120b84	DATA	0
0x00120a14	0x00120a38	UNCONDITIONAL_CALL	0
0x00120a1e	0x00120a2b	CONDITIONAL_JUMP	0
0x00120a24	0x0015a824	UNCONDITIONAL_CALL	0
0x00120a2b	0xStack[-0x10]	DATA	0
0x00120a3d	0xStack[0x8]	READ	1
0x00120a41	0xStack[0x4]	READ	1
0x00120a45	0xStack[0x10]	READ	1
0x00120a49	0xStack[0xc]	READ	1
0x00120a4d	0x0011499c	UNCONDITIONAL_CALL	0
0x00120a54	0x00120a58	CONDITIONAL_JUMP	0
0x00120a5f	0xStack[0x4]	READ	1
0x00120a6f	0xStack[0x4]	READ	1
0x00120a73	0x001140e0	UNCONDITIONAL_CALL	0
0x00120a7f	0xStack[0x4]	READ	1
0x00120a90	0x00113ed0	UNCONDITIONAL_CALL	0
0x00120a9f	0xStack[0x4]	READ	1
0x00120ab2	0xStack[0x4]	READ	1
0x00120ab5	0xStack[0x8]	READ	1
0x00120ab8	0xStack[0xc]	READ	1
0x00120ac4	0x00120adc	CONDITIONAL_JUMP	0
0x00120acc	0xStack[0x10]	READ	1
0x00120ad3	0x001013cc	UNCONDITIONAL_CALL	0
0x00120ada	0x00120ae1	UNCONDITIONAL_JUMP	0
0x00120ae1	0xStack[-0x10]	DATA	0
0x00120af2	0xStack[0x4]	READ	1
0x00120af5	0xStack[0x8]	READ	1
0x00120af8	0xStack[0xc]	READ	1
0x00120b04	0x00120b1c	CONDITIONAL_JUMP	0
0x00120b0f	0xStack[0x10]	READ	1
0x00120b13	0x001013cc	UNCONDITIONAL_CALL	0
0x00120b1a	0x00120b21	UNCONDITIONAL_JUMP	0
0x00120b21	0xStack[-0x10]	DATA	0
0x00120b2f	0xStack[0x4]	READ	1
0x00120b32	0xStack[0x8]	READ	1
0x00120b47	0xStack[0x4]	READ	1
0x00120b4a	0xStack[0x8]	READ	1
0x00120b5f	0xStack[0x4]	READ	1
0x00120b62	0xStack[0x8]	READ	1
0x00120b73	0xStack[0x4]	READ	1
0x00120b76	0xStack[0x8]	READ	1
0x00120b87	0xStack[0x4]	READ	1
0x00120b8e	0x0015a824	UNCONDITIONAL_CALL	0
0x00120b9b	0xStack[0x4]	READ	1
0x00120ba3	0x00120bb4	CONDITIONAL_JUMP	0
0x00120ba5	0xStack[0xc]	READ	1
0x00120ba9	0xStack[0x8]	READ	1
0x00120bc3	0xStack[0x4]	READ	1
0x00120bcb	0x00120bdc	CONDITIONAL_JUMP	0
0x00120bcd	0xStack[0xc]	READ	1
0x00120bd1	0xStack[0x8]	READ	1
0x00120bf0	0xStack[0x4]	READ	1
0x00120bf3	0xStack[0x8]	READ	1
0x00120bf6	0xStack[0xc]	READ	1
0x00120c00	0x00120c0c	CONDITIONAL_JUMP	0
0x00120c07	0x00120cad	UNCONDITIONAL_JUMP	0
0x00120c12	0x00120c80	CONDITIONAL_JUMP	0
0x00120c14	0x00120c28	CONDITIONAL_JUMP	0
0x00120c1c	0x00120c54	CONDITIONAL_JUMP	0
0x00120c24	0x00120c70	CONDITIONAL_JUMP	0
0x00120c26	0x00120c98	UNCONDITIONAL_JUMP	0
0x00120c2e	0x00120c60	CONDITIONAL_JUMP	0
0x00120c30	0x00120c3c	CONDITIONAL_JUMP	0
0x00120c38	0x00120c8c	CONDITIONAL_JUMP	0
0x00120c3a	0x00120c98	UNCONDITIONAL_JUMP	0
0x00120c42	0x00120c98	CONDITIONAL_JUMP	0
0x00120c48	0x001d1222	DATA	0
0x00120c50	0x00120cad	UNCONDITIONAL_JUMP	0
0x00120c55	0x001d1212	DATA	0
0x00120c5d	0x00120cad	UNCONDITIONAL_JUMP	0
0x00120c64	0x001d121a	DATA	0
0x00120c6c	0x00120cad	UNCONDITIONAL_JUMP	0
0x00120c74	0x001d1209	DATA	0
0x00120c7c	0x00120cad	UNCONDITIONAL_JUMP	0
0x00120c81	0x001d1255	DATA	0
0x00120c89	0x00120cad	UNCONDITIONAL_JUMP	0
0x00120c8d	0x001d1263	DATA	0
0x00120c95	0x00120cad	UNCONDITIONAL_JUMP	0
0x00120c98	0xStack[-0xc]	WRITE	0
0x00120c9b	0xStack[-0x8]	WRITE	0
0x00120c9e	0xStack[-0xc]	DATA	0
0x00120ca2	0x001d122b	DATA	0
0x00120cad	0xStack[-0x14]	DATA	0
0x00120cbb	0xStack[0x4]	READ	1
0x00120cc3	0x00120ccc	CONDITIONAL_JUMP	0
0x00120cdb	0xStack[0x4]	READ	1
0x00120ce3	0x00120cec	CONDITIONAL_JUMP	0
0x00120cf7	0xStack[0x4]	READ	1
0x00120d07	0xStack[0x4]	READ	1
0x00120d17	0xStack[0x4]	READ	1
0x00120d23	0xStack[0x4]	READ	1
0x00120d33	0xStack[0x4]	READ	1
0x00120d43	0xStack[0x4]	READ	1
0x00120d53	0xStack[0x4]	READ	1
0x00120d63	0xStack[0x4]	READ	1
0x00120d73	0xStack[0x4]	READ	1
0x00120d83	0xStack[0x4]	READ	1
0x00120d93	0xStack[0x4]	READ	1
0x00120da3	0xStack[0x4]	READ	1
0x00120db3	0xStack[0x4]	READ	1
0x00120db6	0xStack[0x8]	READ	1
0x00120dc7	0xStack[0x4]	READ	1
0x00120dca	0xStack[0x8]	READ	1
0x00120dd7	0xStack[0x4]	READ	1
0x00120dda	0xStack[0x8]	READ	1
0x00120de7	0xStack[0x4]	READ	1
0x00120dea	0xStack[0x8]	READ	1
0x00120df7	0xStack[0x4]	READ	1
0x00120dfa	0xStack[0x8]	READ	1
0x00120e07	0xStack[0x4]	READ	1
0x00120e0a	0xStack[0x8]	READ	1
0x00120e17	0x001e89e0	READ	1
0x00120e23	0xStack[0x4]	READ	1
0x00120e33	0xStack[0x4]	READ	1
0x00120e36	0x001d1271	DATA	1
0x00120e3c	0x001d1271	DATA	1
0x00120e5c	0x0012125c	DATA	1
0x00120e63	0x0012125c	DATA	1
0x00120e6a	0x0012125c	DATA	1
0x00120e71	0x0012125c	DATA	1
0x00120e78	0x00121268	DATA	1
0x00120e95	0xStack[0x2c]	READ	1
0x00120e9a	0x001e89e0	READ	1
0x00120ea2	0x00120ebc	CONDITIONAL_JUMP	0
0x00120ea4	0x001d1271	DATA	1
0x00120eaa	0x00120eb5	CONDITIONAL_JUMP	0
0x00120eaf	0x00120fbc	CONDITIONAL_JUMP	0
0x00120eba	0x00120ea4	CONDITIONAL_JUMP	0
0x00120ebe	0x00120ed4	CONDITIONAL_JUMP	0
0x00120ec2	0x0015a75c	UNCONDITIONAL_CALL	0
0x00120ecc	0x00101600	UNCONDITIONAL_CALL	0
0x00120ed4	0xStack[0x18]	READ	1
0x00120ed9	0xStack[0x20]	READ	1
0x00120edf	0xStack[0x1c]	READ	1
0x00120ee7	0xStack[0x24]	READ	1
0x00120eef	0xStack[0x28]	READ	1
0x00120f05	0x001db818	READ	1
0x00120f0e	0xStack[0x4]	READ	1
0x00120f14	0xStack[0xc]	READ	1
0x00120f1a	0xStack[0x14]	READ	1
0x00120f20	0xStack[0x8]	READ	1
0x00120f26	0xStack[0x10]	READ	1
0x00120f2c	0xStack[0x30]	READ	1
0x00120f5a	0x00120f83	CONDITIONAL_JUMP	0
0x00120f5c	0x001e89e0	DATA	1
0x00120f61	0x001e89e0	READ	0
0x00120f68	0x00120f7c	CONDITIONAL_JUMP	0
0x00120f6c	0x001e89e0	READ	1
0x00120f71	0x00120f7c	CONDITIONAL_JUMP	0
0x00120f7a	0x00120f6c	CONDITIONAL_JUMP	0
0x00120f7c	0x001e89e0	READ	1
0x00120f81	0x001e89e0	WRITE	0
0x00120f87	0x00120fe7	CONDITIONAL_JUMP	0
0x00120f89	0x001e58d8	READ	1
0x00120f91	0x00120fa7	CONDITIONAL_JUMP	0
0x00120fa5	0x00120f94	CONDITIONAL_JUMP	0
0x00120fa7	0x001e8cd4	READ	0
0x00120fae	0x00120fe7	CONDITIONAL_JUMP	0
0x00120fb0	0xStack[-0xc]	DATA	0
0x00120fb8	0x00120fc4	CONDITIONAL_JUMP	0
0x00120fba	0x00120fe7	UNCONDITIONAL_JUMP	0
0x00120fbd	0x00120ebc	UNCONDITIONAL_JUMP	0
0x00120fc5	0x001d121a	DATA	0
0x00120fcf	0x00120fe7	CONDITIONAL_JUMP	0
0x00120fd1	0xStack[-0xc]	READ	1
0x00120fd4	0xStack[-0xa]	READ_WRITE	0
0x00120fd7	0xStack[-0xb]	READ	1
0x00120fda	0xStack[-0x9]	READ_WRITE	0
0x00120fdd	0xStack[-0xa]	READ	1
0x00120fe2	0x001e8cd4	WRITE	0
0x00120fe9	0xStack[-0x18]	DATA	0
0x00120ffa	0xStack[0x4]	READ	1
0x00120ffd	0xStack[0x8]	READ	1
0x00121000	0x001e58d8	DATA	1
0x00121007	0x0015a75c	UNCONDITIONAL_CALL	0
0x0012101d	0x001e58d8	READ	0
0x00121024	0x00121033	CONDITIONAL_JUMP	0
0x00121028	0x001e58d8	READ	1
0x00121031	0x00121028	CONDITIONAL_JUMP	0
0x00121033	0x001e58d8	WRITE	0
0x00121035	0x001e89e0	READ	1
0x0012103d	0x00121054	CONDITIONAL_JUMP	0
0x00121044	0x0012104d	CONDITIONAL_JUMP	0
0x00121052	0x00121040	CONDITIONAL_JUMP	0
0x00121054	0xStack[-0x10]	DATA	0
0x00121066	0xStack[0x8]	READ	1
0x00121069	0xStack[0xc]	READ	1
0x0012106c	0x001e89e0	READ	1
0x00121074	0x0012109c	CONDITIONAL_JUMP	0
0x0012107d	0x00121095	CONDITIONAL_JUMP	0
0x00121083	0x00121095	CONDITIONAL_JUMP	0
0x00121087	0xStack[0x4]	READ	1
0x00121093	0x001210ac	CONDITIONAL_JUMP	0
0x0012109a	0x00121078	CONDITIONAL_JUMP	0
0x0012109d	0x00120a6c	UNCONDITIONAL_CALL	0
0x001210a7	0x001210ae	UNCONDITIONAL_JUMP	0
0x001210ae	0xStack[-0x10]	DATA	0
0x001210c3	0xStack[0x4]	READ	1
0x001210c8	0x00121128	CONDITIONAL_JUMP	0
0x001210cc	0xStack[0xc]	READ	0
0x001210cf	0x0012111c	CONDITIONAL_JUMP	0
0x001210d8	0xStack[0xc]	READ	0
0x001210db	0x0012111c	CONDITIONAL_JUMP	0
0x001210e2	0xStack[0xc]	READ	1
0x001210e7	0xStack[-0x8]	WRITE	0
0x001210ee	0xStack[0x10]	READ	0
0x001210f1	0x001210f6	CONDITIONAL_JUMP	0
0x001210f3	0xStack[0x10]	READ	1
0x001210f7	0xStack[0x8]	READ	1
0x001210fb	0xStack[-0x8]	READ	1
0x001210ff	0x001013cc	UNCONDITIONAL_CALL	0
0x00121104	0xStack[0x8]	READ_WRITE	0
0x00121107	0xStack[0xc]	READ_WRITE	0
0x0012110a	0xStack[0x10]	READ_WRITE	0
0x00121110	0xStack[0x10]	READ	0
0x00121114	0x0012111c	CONDITIONAL_JUMP	0
0x00121118	0x0012112d	UNCONDITIONAL_JUMP	0
0x00121126	0x001210cc	CONDITIONAL_JUMP	0
0x0012112d	0xStack[-0x14]	DATA	0
0x00121141	0xStack[-0xc]	WRITE	0
0x00121148	0xStack[0x8]	READ	1
0x0012114d	0x0012115d	CONDITIONAL_JUMP	0
0x00121154	0xStack[-0xc]	READ_WRITE	0
0x0012115b	0x00121150	CONDITIONAL_JUMP	0
0x0012115d	0xStack[0x4]	READ	1
0x00121164	0xStack[-0xc]	READ	0
0x00121167	0x0012117c	CONDITIONAL_JUMP	0
0x00121169	0xStack[0x8]	READ	1
0x0012116d	0x001140e0	UNCONDITIONAL_CALL	0
0x00121177	0x00121252	UNCONDITIONAL_JUMP	0
0x0012117c	0xStack[0x4]	READ	1
0x00121185	0xStack[-0x8]	WRITE	0
0x0012118d	0x001211a4	CONDITIONAL_JUMP	0
0x0012118f	0xStack[0x8]	READ	1
0x00121193	0x001140e0	UNCONDITIONAL_CALL	0
0x0012119d	0x00121252	UNCONDITIONAL_JUMP	0
0x001211a4	0xStack[-0x8]	READ	1
0x001211a8	0x00120a5c	UNCONDITIONAL_CALL	0
0x001211ad	0xStack[-0x10]	WRITE	0
0x001211b0	0xStack[-0x14]	WRITE	0
0x001211b7	0xStack[-0xc]	READ	1
0x001211ba	0xStack[-0x18]	WRITE	0
0x001211c2	0xStack[0x8]	READ	1
0x001211c7	0x00121222	CONDITIONAL_JUMP	0
0x001211cc	0xStack[-0x14]	READ	0
0x001211cf	0x00121216	CONDITIONAL_JUMP	0
0x001211d8	0xStack[-0x14]	READ	0
0x001211db	0x00121216	CONDITIONAL_JUMP	0
0x001211e2	0xStack[-0x14]	READ	1
0x001211e7	0xStack[-0x1c]	WRITE	0
0x001211ee	0xStack[-0x18]	READ	0
0x001211f1	0x001211f6	CONDITIONAL_JUMP	0
0x001211f3	0xStack[-0x18]	READ	1
0x001211f7	0xStack[-0x10]	READ	1
0x001211fb	0xStack[-0x1c]	READ	1
0x001211ff	0x001013cc	UNCONDITIONAL_CALL	0
0x00121204	0xStack[-0x10]	READ_WRITE	0
0x00121207	0xStack[-0x14]	READ_WRITE	0
0x0012120a	0xStack[-0x18]	READ_WRITE	0
0x00121210	0xStack[-0x18]	READ	0
0x00121214	0x00121222	CONDITIONAL_JUMP	0
0x00121220	0x001211cc	CONDITIONAL_JUMP	0
0x00121222	0xStack[-0x8]	READ	1
0x00121226	0x00120a9c	UNCONDITIONAL_CALL	0
0x0012122b	0xStack[-0xc]	READ	1
0x0012122f	0xStack[-0x8]	READ	1
0x00121233	0x00120b5c	UNCONDITIONAL_CALL	0
0x00121238	0xStack[0x8]	READ	1
0x0012123c	0x001140e0	UNCONDITIONAL_CALL	0
0x00121241	0xStack[0xc]	READ	1
0x00121245	0xStack[-0x8]	READ	1
0x00121249	0xStack[0x4]	READ	1
0x00121252	0xStack[-0x28]	DATA	0
0x00121277	0x0018b958	UNCONDITIONAL_CALL	0
0x0012127c	0x001ea9e0	READ	0
0x00121283	0x001212b4	CONDITIONAL_JUMP	0
0x00121285	0x001ea9e0	READ	1
0x0012128c	0x0012129a	CONDITIONAL_JUMP	0
0x00121290	0x001ea9e0	WRITE	0
0x00121295	0x00126058	UNCONDITIONAL_CALL	0
0x0012129a	0x001ea9e0	READ	1
0x001212a1	0x0012127c	CONDITIONAL_JUMP	0
0x001212a5	0x001ea9e0	WRITE	0
0x001212aa	0x00121654	UNCONDITIONAL_CALL	0
0x001212af	0x0012127c	UNCONDITIONAL_JUMP	0
0x001212b6	0x001ea9e4	DATA	0
0x001212bb	0x00162f20	UNCONDITIONAL_CALL	0
0x001212c0	0x00121274	DATA	0
0x001212c5	0x00163a18	UNCONDITIONAL_CALL	0
0x001212d4	0x001e8b54	READ	1
0x001212db	0x00166a5c	UNCONDITIONAL_CALL	0
0x001212e0	0x001ea9dc	READ	1
0x001212e8	0x00163450	UNCONDITIONAL_CALL	0
0x001212ed	0x00121274	DATA	0
0x001212f2	0x00163a18	UNCONDITIONAL_CALL	0
0x001212f7	0xStack[-0x8]	READ	1
0x00121306	0xStack[0x4]	READ	1
0x0012130d	0x00113e3c	UNCONDITIONAL_CALL	0
0x00121319	0x00121328	CONDITIONAL_JUMP	0
0x00121320	0x001213b0	UNCONDITIONAL_JUMP	0
0x00121331	0x00116594	UNCONDITIONAL_CALL	0
0x0012133b	0x001213a5	CONDITIONAL_JUMP	0
0x00121346	0x00116594	UNCONDITIONAL_CALL	0
0x00121350	0x0012139c	CONDITIONAL_JUMP	0
0x00121371	0xStack[0x8]	READ	1
0x00121379	0x001ea9f0	READ	1
0x00121381	0x001ea9f0	DATA	1
0x00121388	0x001ea9f0	READ	1
0x00121391	0x001ea9f0	WRITE	0
0x00121398	0x001213b0	UNCONDITIONAL_JUMP	0
0x0012139d	0x001165cc	UNCONDITIONAL_CALL	0
0x001213a6	0x00113ed0	UNCONDITIONAL_CALL	0
0x001213b0	0xStack[-0x10]	DATA	0
0x001213c1	0xStack[0x4]	READ	1
0x001213cc	0x001213d7	CONDITIONAL_JUMP	0
0x001213cf	0x00121ba0	UNCONDITIONAL_CALL	0
0x001213df	0x00114d4c	UNCONDITIONAL_CALL	0
0x001213fb	0x00121408	CONDITIONAL_JUMP	0
0x00121400	0x001140e0	UNCONDITIONAL_CALL	0
0x00121408	0x001dbf54	READ	0
0x0012140e	0x00121415	CONDITIONAL_JUMP	0
0x00121410	0x0012c1ec	UNCONDITIONAL_CALL	0
0x0012141a	0x00121428	CONDITIONAL_JUMP	0
0x00121420	0x00128190	UNCONDITIONAL_CALL	0
0x0012142d	0x001140e0	UNCONDITIONAL_CALL	0
0x00121432	0xStack[-0xc]	DATA	0
0x00121441	0xStack[0x4]	READ	1
0x0012144f	0x001214bc	CONDITIONAL_JUMP	0
0x00121456	0x00121461	CONDITIONAL_JUMP	0
0x00121459	0x00121ba0	UNCONDITIONAL_CALL	0
0x00121469	0x00114d4c	UNCONDITIONAL_CALL	0
0x00121485	0x00121492	CONDITIONAL_JUMP	0
0x0012148a	0x001140e0	UNCONDITIONAL_CALL	0
0x00121492	0x001dbf54	READ	0
0x00121498	0x0012149f	CONDITIONAL_JUMP	0
0x0012149a	0x0012c1ec	UNCONDITIONAL_CALL	0
0x001214a4	0x001214b2	CONDITIONAL_JUMP	0
0x001214aa	0x00128190	UNCONDITIONAL_CALL	0
0x001214b7	0x001140e0	UNCONDITIONAL_CALL	0
0x001214bc	0xStack[-0xc]	DATA	0
0x001214cd	0xStack[0x4]	READ	1
0x001214d0	0xStack[0x8]	READ	1
0x001214d8	0x001e89e0	READ	0
0x001214df	0x00121501	CONDITIONAL_JUMP	0
0x001214e7	0x00121508	CONDITIONAL_JUMP	0
0x001214ec	0x00121508	CONDITIONAL_JUMP	0
0x001214f2	0x00121510	CONDITIONAL_JUMP	0
0x001214f5	0x0011edb4	UNCONDITIONAL_CALL	0
0x001214ff	0x00121510	CONDITIONAL_JUMP	0
0x00121506	0x00121525	UNCONDITIONAL_JUMP	0
0x0012150d	0x00121525	UNCONDITIONAL_JUMP	0
0x0012151a	0x001013cc	UNCONDITIONAL_CALL	0
0x00121525	0xStack[-0xc]	DATA	0
0x00121534	0xStack[0x4]	READ	1
0x00121537	0xStack[0x8]	READ	1
0x00121544	0x001013cc	UNCONDITIONAL_CALL	0
0x0012154d	0xStack[-0x8]	READ	1
0x00121557	0x001ea9f4	WRITE	0
0x00121557	0x001ea9f0	DATA	1
0x00121561	0x001ea9f0	WRITE	0
0x00121561	0x001ea9f0	WRITE	1
0x0012156b	0x001e8a7c	WRITE	0
0x00121582	0xStack[0xc]	READ	1
0x00121585	0xStack[0x10]	READ	1
0x0012158c	0x00113dc0	UNCONDITIONAL_CALL	0
0x00121598	0x001215a8	CONDITIONAL_JUMP	0
0x0012159a	0xStack[0x4]	READ	1
0x0012159e	0x001140e0	UNCONDITIONAL_CALL	0
0x001215a3	0x0012164a	UNCONDITIONAL_JUMP	0
0x001215a8	0xStack[0x4]	READ	1
0x001215e6	0xStack[0x8]	READ	1
0x001215ed	0x0018b970	UNCONDITIONAL_CALL	0
0x001215f4	0x001e8a7c	READ	1
0x001215f9	0x001e8a78	READ	0
0x001215ff	0x0012160c	CONDITIONAL_JUMP	0
0x00121602	0x001140e0	UNCONDITIONAL_CALL	0
0x0012160a	0x00121633	UNCONDITIONAL_JUMP	0
0x00121613	0x001e8a74	READ	1
0x0012161a	0x00121624	CONDITIONAL_JUMP	0
0x0012161c	0x001e8a70	WRITE	0
0x00121622	0x00121627	UNCONDITIONAL_JUMP	0
0x00121627	0x001e8a74	WRITE	0
0x0012162d	0x001e8a78	READ_WRITE	0
0x00121634	0x0018b544	UNCONDITIONAL_CALL	0
0x00121639	0x001ea9e0	READ_WRITE	0
0x00121640	0x001ea9e4	DATA	0
0x00121645	0x0010ab38	UNCONDITIONAL_CALL	0
0x0012164a	0xStack[-0x10]	DATA	0
0x0012165d	0x0018b970	UNCONDITIONAL_CALL	0
0x00121664	0x001e8a70	READ	1
0x0012166a	0xStack[-0x8]	WRITE	0
0x0012166f	0x00121697	CONDITIONAL_JUMP	0
0x00121674	0x001e8a70	WRITE	0
0x0012167b	0x00121687	CONDITIONAL_JUMP	0
0x0012167d	0x001e8a74	WRITE	0
0x00121687	0xStack[-0x8]	READ	1
0x00121691	0x001e8a78	READ_WRITE	0
0x00121698	0x0018b544	UNCONDITIONAL_CALL	0
0x001216a0	0xStack[-0x8]	READ	0
0x001216a4	0x00121808	CONDITIONAL_JUMP	0
0x001216aa	0xStack[-0x8]	READ	1
0x001216b0	0xStack[-0xc]	WRITE	0
0x001216b3	0xStack[-0x10]	WRITE	0
0x001216ba	0x001ea9f0	READ	1
0x001216c0	0x001ea9f0	DATA	1
0x001216c6	0x00121799	CONDITIONAL_JUMP	0
0x001216cc	0xStack[-0xc]	READ	1
0x001216d6	0x0012178b	CONDITIONAL_JUMP	0
0x001216e3	0x001216ef	CONDITIONAL_JUMP	0
0x001216e9	0x0012178b	CONDITIONAL_JUMP	0
0x001216f3	0x0012170e	CONDITIONAL_JUMP	0
0x001216f7	0xStack[-0xc]	READ	1
0x00121702	0x001012fc	UNCONDITIONAL_CALL	0
0x0012170c	0x0012178b	CONDITIONAL_JUMP	0
0x00121712	0x0012172d	CONDITIONAL_JUMP	0
0x00121716	0xStack[-0xc]	READ	1
0x00121721	0x001012fc	UNCONDITIONAL_CALL	0
0x0012172b	0x0012178b	CONDITIONAL_JUMP	0
0x0012172d	0xStack[-0x10]	READ	0
0x00121731	0x00121785	CONDITIONAL_JUMP	0
0x0012173a	0xStack[-0x8]	READ	1
0x00121740	0x001141a4	UNCONDITIONAL_CALL	0
0x0012174c	0x00121785	CONDITIONAL_JUMP	0
0x00121751	0xStack[-0xc]	READ	1
0x00121758	0xStack[-0x10]	READ	1
0x0012175f	0x001166c0	UNCONDITIONAL_CALL	0
0x00121769	0x00121778	CONDITIONAL_JUMP	0
0x0012176c	0x001140e0	UNCONDITIONAL_CALL	0
0x00121774	0x00121785	UNCONDITIONAL_JUMP	0
0x00121779	0xStack[-0x10]	READ	1
0x0012177d	0x0011649c	UNCONDITIONAL_CALL	0
0x00121788	0xStack[-0x10]	WRITE	0
0x0012178d	0x001ea9f0	DATA	1
0x00121793	0x001216cc	CONDITIONAL_JUMP	0
0x00121799	0xStack[-0x10]	READ	0
0x0012179d	0x001217f4	CONDITIONAL_JUMP	0
0x001217a1	0xStack[-0x8]	READ	1
0x001217a7	0xStack[-0xc]	READ	1
0x001217ae	0xStack[-0x10]	READ	1
0x001217b5	0x001166c0	UNCONDITIONAL_CALL	0
0x001217bf	0x001217d4	CONDITIONAL_JUMP	0
0x001217c1	0xStack[-0x8]	READ	1
0x001217c7	0x001140e0	UNCONDITIONAL_CALL	0
0x001217cf	0x001217e1	UNCONDITIONAL_JUMP	0
0x001217d5	0xStack[-0x10]	READ	1
0x001217d9	0x0011649c	UNCONDITIONAL_CALL	0
0x001217e1	0xStack[-0x8]	READ	1
0x001217e5	0x00113ed0	UNCONDITIONAL_CALL	0
0x001217ed	0x0012165d	UNCONDITIONAL_JUMP	0
0x001217f4	0xStack[-0x8]	READ	1
0x001217f8	0x001140e0	UNCONDITIONAL_CALL	0
0x00121800	0x0012165d	UNCONDITIONAL_JUMP	0
0x00121808	0xStack[-0x1c]	DATA	0
0x00121822	0xStack[0x8]	READ	1
0x00121825	0xStack[0x10]	READ	1
0x00121828	0xStack[0x14]	READ	1
0x0012182b	0xStack[0x4]	READ	1
0x00121836	0x00121844	CONDITIONAL_JUMP	0
0x0012183d	0x00121a32	UNCONDITIONAL_JUMP	0
0x00121846	0x0012185c	CONDITIONAL_JUMP	0
0x0012184d	0x0012185c	CONDITIONAL_JUMP	0
0x00121854	0x00121a21	UNCONDITIONAL_JUMP	0
0x0012185e	0x00121868	CONDITIONAL_JUMP	0
0x00121862	0x0012191e	CONDITIONAL_JUMP	0
0x0012186b	0x00121a14	CONDITIONAL_JUMP	0
0x00121871	0x001218c0	COMPUTED_JUMP	-1
0x00121871	0x001218e4	COMPUTED_JUMP	-1
0x00121871	0x00121918	COMPUTED_JUMP	-1
0x00121871	0x0012184f	COMPUTED_JUMP	-1
0x00121871	0x001218f8	COMPUTED_JUMP	-1
0x00121871	0x0012193c	COMPUTED_JUMP	-1
0x00121871	0x0012195c	COMPUTED_JUMP	-1
0x00121871	0x00121838	COMPUTED_JUMP	-1
0x00121871	0x0012196c	COMPUTED_JUMP	-1
0x00121871	0x001219c4	COMPUTED_JUMP	-1
0x00121871	0x00121a14	COMPUTED_JUMP	-1
0x00121871	0x001219e4	COMPUTED_JUMP	-1
0x00121871	0x001219e8	COMPUTED_JUMP	-1
0x00121871	0x001219f8	COMPUTED_JUMP	-1
0x00121871	0x00121878	DATA	0
0x00121878	0x001218c0	DATA	0
0x0012187c	0x001218e4	DATA	0
0x00121880	0x00121918	DATA	0
0x00121884	0x0012184f	DATA	0
0x00121888	0x001218f8	DATA	0
0x0012188c	0x0012184f	DATA	0
0x00121890	0x0012193c	DATA	0
0x00121894	0x0012195c	DATA	0
0x00121898	0x00121838	DATA	0
0x0012189c	0x0012196c	DATA	0
0x001218a0	0x001219c4	DATA	0
0x001218a4	0x00121a14	DATA	0
0x001218a8	0x001219e4	DATA	0
0x001218ac	0x00121838	DATA	0
0x001218b0	0x0012184f	DATA	0
0x001218b4	0x001219e8	DATA	0
0x001218b8	0x001219f8	DATA	0
0x001218bc	0x0012184f	DATA	0
0x001218c0	0xStack[0x4]	READ	1
0x001218c7	0x001218d4	CONDITIONAL_JUMP	0
0x001218ce	0x00121a21	UNCONDITIONAL_JUMP	0
0x001218d6	0x0012191e	CONDITIONAL_JUMP	0
0x001218d9	0xStack[0x4]	READ	1
0x001218dd	0x00121300	UNCONDITIONAL_CALL	0
0x001218e2	0x00121932	UNCONDITIONAL_JUMP	0
0x001218e6	0x00121992	CONDITIONAL_JUMP	0
0x001218ed	0x001213bc	UNCONDITIONAL_CALL	0
0x001218f2	0x00121a1e	UNCONDITIONAL_JUMP	0
0x001218fc	0x00121976	CONDITIONAL_JUMP	0
0x00121900	0x00121530	UNCONDITIONAL_CALL	0
0x00121905	0xStack[0x4]	READ	1
0x00121909	0x00116144	UNCONDITIONAL_CALL	0
0x00121911	0x00121a21	UNCONDITIONAL_JUMP	0
0x0012191c	0x00121928	CONDITIONAL_JUMP	0
0x00121923	0x00121a21	UNCONDITIONAL_JUMP	0
0x00121929	0xStack[0x4]	READ	1
0x0012192d	0x001214c8	UNCONDITIONAL_CALL	0
0x00121937	0x00121a21	UNCONDITIONAL_JUMP	0
0x00121940	0x00121992	CONDITIONAL_JUMP	0
0x00121943	0x0012143c	UNCONDITIONAL_CALL	0
0x00121948	0xStack[0x4]	READ	1
0x0012194c	0x001161f8	UNCONDITIONAL_CALL	0
0x00121954	0x00121a21	UNCONDITIONAL_JUMP	0
0x0012195c	0xStack[0x4]	READ	1
0x00121960	0x001163c8	UNCONDITIONAL_CALL	0
0x00121965	0x00121a1e	UNCONDITIONAL_JUMP	0
0x0012196e	0x0012198c	CONDITIONAL_JUMP	0
0x00121974	0x00121980	CONDITIONAL_JUMP	0
0x0012197b	0x00121a21	UNCONDITIONAL_JUMP	0
0x00121982	0x00121530	UNCONDITIONAL_CALL	0
0x0012198a	0x0012199c	UNCONDITIONAL_JUMP	0
0x00121990	0x0012199c	CONDITIONAL_JUMP	0
0x00121997	0x00121a21	UNCONDITIONAL_JUMP	0
0x0012199c	0xStack[0x4]	READ	1
0x001219a3	0xStack[0xc]	READ	1
0x001219ae	0xStack[0xc]	WRITE	0
0x001219ba	0x00121a21	CONDITIONAL_JUMP	0
0x001219c0	0x00121a21	UNCONDITIONAL_JUMP	0
0x001219c5	0x0012143c	UNCONDITIONAL_CALL	0
0x001219ca	0xStack[0x4]	READ	1
0x001219ce	0x00114d4c	UNCONDITIONAL_CALL	0
0x001219d3	0xStack[0x4]	READ	1
0x001219d7	0x001161f8	UNCONDITIONAL_CALL	0
0x001219df	0x00121a21	UNCONDITIONAL_JUMP	0
0x001219e6	0x00121a32	UNCONDITIONAL_JUMP	0
0x001219f3	0x00121a03	UNCONDITIONAL_JUMP	0
0x00121a04	0x001013cc	UNCONDITIONAL_CALL	0
0x00121a12	0x00121a21	UNCONDITIONAL_JUMP	0
0x00121a14	0x001db940	DATA	0
0x00121a19	0x0010ca6c	UNCONDITIONAL_CALL	0
0x00121a21	0xStack[0xc]	READ	0
0x00121a25	0x00121a30	CONDITIONAL_JUMP	0
0x00121a27	0xStack[0xc]	READ	1
0x00121a2b	0x001140e0	UNCONDITIONAL_CALL	0
0x00121a32	0xStack[-0x10]	DATA	0
0x00121a45	0xStack[0x4]	READ	1
0x00121a4b	0xStack[0x4]	READ	1
0x00121a52	0xStack[-0x20]	WRITE	0
0x00121a55	0xStack[0x4]	READ	1
0x00121a5c	0x00121a6e	CONDITIONAL_JUMP	0
0x00121a62	0x00121a6e	CONDITIONAL_JUMP	0
0x00121a68	0x00121b94	CONDITIONAL_JUMP	0
0x00121a6e	0xStack[-0x20]	READ	0
0x00121a72	0x00121b94	CONDITIONAL_JUMP	0
0x00121a78	0xStack[-0x20]	READ	1
0x00121a82	0xStack[-0xc]	DATA	0
0x00121a87	0x001db790	DATA	1
0x00121a8f	0x001db794	DATA	1
0x00121a95	0xStack[-0x14]	WRITE	0
0x00121a98	0xStack[-0xc]	READ	1
0x00121a9b	0xStack[-0x10]	WRITE	0
0x00121a9e	0x001e9870	DATA	1
0x00121a9e	0xStack[-0x24]	WRITE	0
0x00121aa5	0xStack[-0x18]	WRITE	0
0x00121aac	0x0018b958	UNCONDITIONAL_CALL	0
0x00121ab1	0xStack[-0x1c]	WRITE	0
0x00121ab7	0xStack[-0x10]	READ	1
0x00121abd	0xStack[-0x24]	READ	1
0x00121ac0	0x001e9870	DATA	1
0x00121ac0	0x001e9890	DATA	1
0x00121ac5	0x00121b46	CONDITIONAL_JUMP	0
0x00121acd	0xStack[-0x10]	READ	1
0x00121ad2	0x00121b40	CONDITIONAL_JUMP	0
0x00121ad8	0x00121b40	CONDITIONAL_JUMP	0
0x00121ae1	0x00121b40	CONDITIONAL_JUMP	0
0x00121ae3	0xStack[-0x18]	READ	0
0x00121ae7	0x00121b08	CONDITIONAL_JUMP	0
0x00121aed	0xStack[-0x20]	READ	0
0x00121af0	0x00121b40	CONDITIONAL_JUMP	0
0x00121af7	0xStack[-0x14]	READ	1
0x00121b01	0x00121b1b	CONDITIONAL_JUMP	0
0x00121b03	0x00121b40	UNCONDITIONAL_JUMP	0
0x00121b0f	0x001012fc	UNCONDITIONAL_CALL	0
0x00121b19	0x00121b40	CONDITIONAL_JUMP	0
0x00121b1f	0xStack[-0x1c]	READ	1
0x00121b23	0x0018b544	UNCONDITIONAL_CALL	0
0x00121b28	0x001eaa50	DATA	1
0x00121b2e	0x00121b37	CONDITIONAL_JUMP	0
0x00121b30	0x001e98b8	READ_WRITE	0
0x00121b37	0xStack[0x4]	READ	1
0x00121b3c	0x00121b94	UNCONDITIONAL_JUMP	0
0x00121b44	0x00121ac8	CONDITIONAL_JUMP	0
0x00121b46	0xStack[-0x18]	READ	0
0x00121b4a	0x00121b68	CONDITIONAL_JUMP	0
0x00121b4c	0xStack[-0x18]	WRITE	0
0x00121b53	0xStack[-0x8]	READ	1
0x00121b56	0xStack[-0x10]	WRITE	0
0x00121b59	0x001e9890	DATA	1
0x00121b59	0xStack[-0x24]	WRITE	0
0x00121b60	0x00121ab7	UNCONDITIONAL_JUMP	0
0x00121b68	0x001eaa50	DATA	1
0x00121b6e	0x00121b84	CONDITIONAL_JUMP	0
0x00121b70	0x001eaa50	DATA	1
0x00121b75	0xStack[-0x10]	WRITE	0
0x00121b7c	0x00121ab7	UNCONDITIONAL_JUMP	0
0x00121b84	0xStack[-0x1c]	READ	1
0x00121b88	0x0018b544	UNCONDITIONAL_CALL	0
0x00121b8d	0x001e98b6	READ_WRITE	0
0x00121b94	0xStack[-0x30]	DATA	0
0x00121ba4	0xStack[0x4]	READ	1
0x00121ba9	0x00121bb8	CONDITIONAL_JUMP	0
0x00121bab	0x001db950	DATA	0
0x00121bb0	0x0010ca6c	UNCONDITIONAL_CALL	0
0x00121bc3	0x00121bd5	CONDITIONAL_JUMP	0
0x00121bc5	0x001eaa4c	READ_WRITE	0
0x00121bd0	0x00113ed0	UNCONDITIONAL_CALL	0
0x00121bd5	0xStack[-0x8]	READ	1
0x00121be5	0xStack[0x4]	READ	1
0x00121be8	0xStack[0x8]	READ	1
0x00121bec	0x0011ee90	UNCONDITIONAL_CALL	0
0x00121bf6	0x00121c04	CONDITIONAL_JUMP	0
0x00121bf8	0x001e98b0	READ_WRITE	0
0x00121bff	0x00121d61	UNCONDITIONAL_JUMP	0
0x00121c06	0xStack[-0x14]	WRITE	0
0x00121c0c	0xStack[-0x10]	WRITE	0
0x00121c12	0xStack[-0xc]	WRITE	0
0x00121c18	0xStack[-0x8]	WRITE	0
0x00121c1b	0xStack[-0x18]	WRITE	0
0x00121c22	0xStack[-0x18]	DATA	0
0x00121c26	0x00121a3c	UNCONDITIONAL_CALL	0
0x00121c2b	0xStack[-0x18]	READ	1
0x00121c33	0x00121c4b	CONDITIONAL_JUMP	0
0x00121c3b	0xStack[0x10]	READ	1
0x00121c3f	0x001012fc	UNCONDITIONAL_CALL	0
0x00121c49	0x00121c58	CONDITIONAL_JUMP	0
0x00121c4c	0x0011edb4	UNCONDITIONAL_CALL	0
0x00121c56	0x00121c6c	CONDITIONAL_JUMP	0
0x00121c58	0x001e98b0	READ_WRITE	0
0x00121c61	0x00121d61	CONDITIONAL_JUMP	0
0x00121c67	0x00121d44	UNCONDITIONAL_JUMP	0
0x00121c6e	0x00121cb2	CONDITIONAL_JUMP	0
0x00121c77	0x001eaa50	DATA	0
0x00121c7c	0x001db794	DATA	1
0x00121c8a	0x00121cae	CONDITIONAL_JUMP	0
0x00121c97	0x00121cac	CONDITIONAL_JUMP	0
0x00121c99	0x001eaa4c	READ_WRITE	0
0x00121ca4	0x00113ed0	UNCONDITIONAL_CALL	0
0x00121cb0	0x00121cd4	CONDITIONAL_JUMP	0
0x00121cb2	0xStack[0xc]	READ	1
0x00121cc2	0x00122050	UNCONDITIONAL_CALL	0
0x00121cc7	0x001e98b2	READ_WRITE	0
0x00121cce	0x00121d61	UNCONDITIONAL_JUMP	0
0x00121cda	0x00121d2c	CONDITIONAL_JUMP	0
0x00121cde	0x00121d08	CONDITIONAL_JUMP	0
0x00121ce0	0xStack[0xc]	READ	1
0x00121ce6	0x00121d08	CONDITIONAL_JUMP	0
0x00121cf4	0x00122050	UNCONDITIONAL_CALL	0
0x00121cf9	0x001e98b2	READ_WRITE	0
0x00121d03	0x00121d33	UNCONDITIONAL_JUMP	0
0x00121d23	0x001e98b4	READ_WRITE	0
0x00121d2a	0x00121d33	UNCONDITIONAL_JUMP	0
0x00121d2c	0x001e98b0	READ_WRITE	0
0x00121d35	0x00121d44	CONDITIONAL_JUMP	0
0x00121d37	0x001db950	DATA	0
0x00121d3c	0x0010ca6c	UNCONDITIONAL_CALL	0
0x00121d4f	0x00121d61	CONDITIONAL_JUMP	0
0x00121d51	0x001eaa4c	READ_WRITE	0
0x00121d5c	0x00113ed0	UNCONDITIONAL_CALL	0
0x00121d61	0xStack[-0x24]	DATA	0
0x00121d70	0xStack[0x4]	READ	1
0x00121d7c	0x00121d88	CONDITIONAL_JUMP	0
0x00121d83	0x00121da9	UNCONDITIONAL_JUMP	0
0x00121d88	0x00108310	UNCONDITIONAL_CALL	0
0x00121d8f	0x00121da0	CONDITIONAL_JUMP	0
0x00121d91	0xStack[0x8]	READ	1
0x00121d96	0x00121db0	UNCONDITIONAL_CALL	0
0x00121d9b	0x00121da9	UNCONDITIONAL_JUMP	0
0x00121da0	0x001e875c	READ	1
0x00121da9	0xStack[-0x8]	READ	1
0x00121dbb	0xStack[-0x1c]	WRITE	0
0x00121dc2	0xStack[0x8]	READ	1
0x00121dcc	0x00121dd8	CONDITIONAL_JUMP	0
0x00121dd3	0x00122043	UNCONDITIONAL_JUMP	0
0x00121dd8	0xStack[-0xc]	DATA	0
0x00121ddc	0xStack[0x8]	READ	1
0x00121de3	0x001db790	DATA	1
0x00121def	0xStack[0x8]	READ	1
0x00121df6	0x00121e0c	CONDITIONAL_JUMP	0
0x00121df8	0xStack[-0xc]	READ	1
0x00121dfb	0xStack[-0x24]	WRITE	0
0x00121e03	0x001e9870	DATA	1
0x00121e0a	0x00121e1e	UNCONDITIONAL_JUMP	0
0x00121e0c	0xStack[-0x8]	READ	1
0x00121e0f	0xStack[-0x24]	WRITE	0
0x00121e17	0x001e9890	DATA	1
0x00121e1e	0xStack[-0x10]	WRITE	0
0x00121e21	0x001db794	DATA	1
0x00121e28	0xStack[-0x20]	WRITE	0
0x00121e2b	0x0018b970	UNCONDITIONAL_CALL	0
0x00121e30	0xStack[-0x18]	WRITE	0
0x00121e33	0xStack[-0x10]	READ	1
0x00121e36	0xStack[-0x14]	WRITE	0
0x00121e39	0x001e9870	DATA	1
0x00121e3d	0x00121eb1	CONDITIONAL_JUMP	0
0x00121e3f	0xStack[0x8]	READ	1
0x00121e4d	0xStack[-0x24]	READ	1
0x00121e52	0x00121ea8	CONDITIONAL_JUMP	0
0x00121e54	0xStack[0x8]	READ	1
0x00121e5b	0x00121e7c	CONDITIONAL_JUMP	0
0x00121e65	0x00121ea8	CONDITIONAL_JUMP	0
0x00121e6c	0xStack[-0x20]	READ	1
0x00121e76	0x00121e8f	CONDITIONAL_JUMP	0
0x00121e78	0x00121ea8	UNCONDITIONAL_JUMP	0
0x00121e83	0x001012fc	UNCONDITIONAL_CALL	0
0x00121e8d	0x00121ea8	CONDITIONAL_JUMP	0
0x00121e91	0xStack[0x8]	READ	1
0x00121e9c	0x001012fc	UNCONDITIONAL_CALL	0
0x00121ea6	0x00121eb1	CONDITIONAL_JUMP	0
0x00121ea8	0xStack[-0x10]	WRITE	0
0x00121eaf	0x00121e48	CONDITIONAL_JUMP	0
0x00121eb1	0xStack[0x4]	READ	0
0x00121eb8	0x00121f0c	CONDITIONAL_JUMP	0
0x00121eba	0xStack[0x4]	READ	0
0x00121ec1	0x00122037	CONDITIONAL_JUMP	0
0x00121ec9	0x00121ed8	CONDITIONAL_JUMP	0
0x00121ecb	0xStack[-0x1c]	WRITE	0
0x00121ed2	0x00122037	UNCONDITIONAL_JUMP	0
0x00121eda	0xStack[-0x10]	READ	1
0x00121ee4	0x00121efc	CONDITIONAL_JUMP	0
0x00121eea	0x001eaa4c	READ_WRITE	0
0x00121ef6	0x00122037	UNCONDITIONAL_JUMP	0
0x00121efd	0x00113ed0	UNCONDITIONAL_CALL	0
0x00121f05	0x00122037	UNCONDITIONAL_JUMP	0
0x00121f0e	0x00121f1c	CONDITIONAL_JUMP	0
0x00121f10	0xStack[-0x1c]	WRITE	0
0x00121f17	0x00122037	UNCONDITIONAL_JUMP	0
0x00121f1c	0xStack[0x8]	READ	1
0x00121f25	0x00121f50	CONDITIONAL_JUMP	0
0x00121f2b	0x00121f3d	CONDITIONAL_JUMP	0
0x00121f33	0x0011ee2c	UNCONDITIONAL_CALL	0
0x00121f3f	0x00121f88	CONDITIONAL_JUMP	0
0x00121f41	0xStack[0x8]	READ	1
0x00121f48	0x0011edb4	UNCONDITIONAL_CALL	0
0x00121f4d	0x00121f5c	UNCONDITIONAL_JUMP	0
0x00121f50	0xStack[0x8]	READ	1
0x00121f57	0x0011ee2c	UNCONDITIONAL_CALL	0
0x00121f63	0x00121f88	CONDITIONAL_JUMP	0
0x00121f65	0xStack[0x8]	READ	1
0x00121f6c	0x0011ee90	UNCONDITIONAL_CALL	0
0x00121f78	0x00121f88	CONDITIONAL_JUMP	0
0x00121f7a	0xStack[-0x1c]	WRITE	0
0x00121f81	0x00122037	UNCONDITIONAL_JUMP	0
0x00121f8c	0x00113dc0	UNCONDITIONAL_CALL	0
0x00121f98	0x00121fa8	CONDITIONAL_JUMP	0
0x00121f9a	0xStack[-0x1c]	WRITE	0
0x00121fa1	0x00122037	UNCONDITIONAL_JUMP	0
0x00121fa8	0xStack[-0x14]	READ	1
0x00121fab	0x001e9870	DATA	1
0x00121faf	0xStack[-0x14]	READ	1
0x00121fb2	0x001e9870	DATA	1
0x00121fc6	0xStack[-0x24]	READ	1
0x00121fcb	0xStack[0x8]	READ	1
0x00121fd4	0xStack[0x8]	READ	1
0x00121fdd	0xStack[0x8]	READ	1
0x00121fe6	0xStack[0x8]	READ	1
0x00121fef	0xStack[0x8]	READ	1
0x00121ff8	0xStack[0x8]	READ	1
0x00122001	0xStack[0x8]	READ	1
0x0012200a	0xStack[0x8]	READ	1
0x00122013	0xStack[0x8]	READ	1
0x00122037	0xStack[-0x18]	READ	1
0x0012203b	0x0018b544	UNCONDITIONAL_CALL	0
0x00122040	0xStack[-0x1c]	READ	1
0x00122043	0xStack[-0x30]	DATA	0
0x00122059	0xStack[0x4]	READ	1
0x0012205c	0xStack[0x8]	READ	1
0x00122061	0xStack[-0x34]	DATA	0
0x00122065	0x00101600	UNCONDITIONAL_CALL	0
0x0012206c	0xStack[-0x30]	WRITE	0
0x00122072	0xStack[-0x2c]	WRITE	0
0x00122078	0xStack[-0x28]	WRITE	0
0x0012207e	0xStack[-0x24]	WRITE	0
0x00122083	0xStack[-0x20]	WRITE	0
0x00122089	0xStack[-0x1c]	WRITE	0
0x0012208f	0xStack[-0x18]	WRITE	0
0x00122095	0xStack[-0x14]	WRITE	0
0x00122098	0xStack[0x10]	READ	1
0x0012209c	0xStack[-0x10]	WRITE	0
0x001220a1	0xStack[0xc]	READ	1
0x001220a5	0x00121db0	UNCONDITIONAL_CALL	0
0x001220aa	0xStack[-0x40]	DATA	0
0x001220ba	0x001dee30	READ	1
0x001220cb	0x001220b4	DATA	0
0x001220d0	0x00103658	UNCONDITIONAL_CALL	0
0x001220d5	0x001e9c80	DATA	1
0x001220df	0x001e9c8b	DATA	1
0x001220e4	0x001e9c8b	READ	1
0x001220e4	0x001e9c9f	READ	1
0x001220e8	0x0012211a	CONDITIONAL_JUMP	0
0x001220ec	0x0012211a	CONDITIONAL_JUMP	0
0x001220ee	0x001e9c8a	READ	1
0x001220ee	0x001e9c9e	READ	1
0x001220f5	0x001e9c8a	WRITE	0
0x001220f5	0x001e9c9e	WRITE	0
0x001220ff	0x001e9c8b	READ	0
0x001220ff	0x001e9c9f	READ	0
0x00122102	0x0012210c	CONDITIONAL_JUMP	0
0x00122107	0x0012211a	CONDITIONAL_JUMP	0
0x00122109	0x00122111	UNCONDITIONAL_JUMP	0
0x0012210f	0x0012211a	CONDITIONAL_JUMP	0
0x00122111	0x001e9c80	DATA	0
0x00122111	0x001e9c94	DATA	0
0x00122112	0x00122be8	UNCONDITIONAL_CALL	0
0x00122127	0x001220e4	CONDITIONAL_JUMP	0
0x00122129	0xStack[-0x10]	DATA	0
0x00122141	0x00113dc0	UNCONDITIONAL_CALL	0
0x0012214d	0x00122246	CONDITIONAL_JUMP	0
0x00122159	0xStack[-0x14]	WRITE	0
0x00122167	0xStack[-0x14]	DATA	0
0x0012216a	0x001db968	READ	1
0x00122177	0x001013cc	UNCONDITIONAL_CALL	0
0x0012217c	0x001db968	READ	1
0x00122184	0xStack[-0x12]	DATA	0
0x00122188	0x001db969	READ	1
0x0012218f	0x001db976	DATA	1
0x00122196	0x001db976	DATA	0
0x00122197	0x001013cc	UNCONDITIONAL_CALL	0
0x001221b2	0x001db964	DATA	0
0x001221b7	0x001013cc	UNCONDITIONAL_CALL	0
0x001221bf	0x001db968	READ	1
0x001221cb	0xStack[0x8]	READ	1
0x001221cf	0x001013cc	UNCONDITIONAL_CALL	0
0x001221d4	0x001db969	READ	1
0x001221dc	0x001db968	READ	1
0x001221e8	0xStack[0xc]	DATA	0
0x001221ec	0x001013cc	UNCONDITIONAL_CALL	0
0x001221f1	0x001db969	READ	1
0x001221f9	0x001db968	READ	1
0x00122207	0xStack[0x10]	READ	1
0x0012220b	0x001013cc	UNCONDITIONAL_CALL	0
0x00122235	0xStack[-0x14]	WRITE	0
0x0012223d	0xStack[0x4]	READ	1
0x00122241	0x00121138	UNCONDITIONAL_CALL	0
0x00122246	0xStack[-0x20]	DATA	0
0x00122259	0xStack[0x1c]	READ	1
0x00122262	0xStack[0x14]	READ	1
0x00122275	0x001222b0	CONDITIONAL_JUMP	0
0x00122277	0xStack[0x18]	READ	1
0x00122285	0xStack[0x14]	READ	1
0x0012228e	0xStack[0x18]	READ	1
0x00122294	0xStack[0x14]	READ	1
0x0012229d	0xStack[0x14]	READ	1
0x001222ab	0x001226c1	UNCONDITIONAL_JUMP	0
0x001222b1	0x00123d74	UNCONDITIONAL_CALL	0
0x001222bb	0x001222e8	CONDITIONAL_JUMP	0
0x001222bd	0x001db968	READ	1
0x001222c5	0xStack[0x18]	READ	1
0x001222c9	0x001db969	READ	1
0x001222d0	0x001db976	DATA	1
0x001222d7	0x001db976	DATA	0
0x001222d8	0x001013cc	UNCONDITIONAL_CALL	0
0x001222e2	0x001226c1	UNCONDITIONAL_JUMP	0
0x001222e8	0xStack[0x14]	READ	1
0x001222ee	0x0012359c	UNCONDITIONAL_CALL	0
0x001222f8	0xStack[0xc]	READ	1
0x001222fb	0xStack[0x14]	READ	1
0x00122300	0x00122350	CONDITIONAL_JUMP	0
0x00122302	0x001db994	READ	0
0x00122309	0x00122334	CONDITIONAL_JUMP	0
0x0012230b	0xStack[-0x14]	WRITE	0
0x00122313	0xStack[-0x10]	WRITE	0
0x00122316	0xStack[-0x14]	DATA	0
0x0012231a	0xStack[0x10]	READ	1
0x0012231e	0x001e9c74	READ	1
0x00122325	0x0011f450	UNCONDITIONAL_CALL	0
0x0012232c	0x001226c1	UNCONDITIONAL_JUMP	0
0x00122336	0xStack[0x18]	READ	1
0x0012233a	0xStack[0x8]	READ	1
0x0012233e	0x001013cc	UNCONDITIONAL_CALL	0
0x00122348	0x001226c1	UNCONDITIONAL_JUMP	0
0x00122350	0x0018b970	UNCONDITIONAL_CALL	0
0x00122355	0xStack[-0x38]	WRITE	0
0x00122358	0xStack[0x14]	READ	1
0x0012235d	0xStack[-0x40]	WRITE	0
0x00122374	0x001e9c80	DATA	1
0x0012237d	0xStack[-0x40]	READ	1
0x00122380	0x001e9c80	DATA	1
0x00122380	0x001e9c94	DATA	1
0x00122382	0x00122392	CONDITIONAL_JUMP	0
0x00122384	0xStack[0x4]	READ	0
0x00122388	0x0012239b	CONDITIONAL_JUMP	0
0x0012238a	0xStack[0x4]	READ	1
0x0012238d	0x001e9c90	DATA	1
0x0012238d	0x001e9ca4	DATA	1
0x00122390	0x0012239b	CONDITIONAL_JUMP	0
0x00122399	0x00122380	CONDITIONAL_JUMP	0
0x0012239e	0x001223a2	CONDITIONAL_JUMP	0
0x001223a4	0x00122548	CONDITIONAL_JUMP	0
0x001223aa	0xStack[0x4]	READ	1
0x001223b1	0x001223f4	CONDITIONAL_JUMP	0
0x001223b5	0xStack[0x18]	READ	1
0x001223b9	0xStack[0x8]	READ	1
0x001223bd	0x001013cc	UNCONDITIONAL_CALL	0
0x001223c9	0xStack[0x18]	READ	1
0x001223d9	0xStack[0x18]	READ	1
0x001223df	0xStack[-0x38]	READ	1
0x001223e3	0x0018b544	UNCONDITIONAL_CALL	0
0x001223ed	0x001226c1	UNCONDITIONAL_JUMP	0
0x001223f4	0xStack[0x14]	READ	1
0x001223f8	0xStack[0x4]	READ	1
0x001223fc	0x00122c2c	UNCONDITIONAL_CALL	0
0x00122408	0x00122417	CONDITIONAL_JUMP	0
0x0012240a	0x001db998	DATA	0
0x0012240f	0x0010ca6c	UNCONDITIONAL_CALL	0
0x00122417	0xStack[0x10]	READ	1
0x0012241d	0xStack[0xc]	READ	1
0x00122420	0xStack[-0x1c]	WRITE	0
0x00122427	0x00113dc0	UNCONDITIONAL_CALL	0
0x00122433	0x00122535	CONDITIONAL_JUMP	0
0x0012243f	0xStack[-0x34]	WRITE	0
0x0012244d	0xStack[-0x34]	DATA	0
0x00122450	0xStack[-0x3c]	WRITE	0
0x00122453	0x001db968	READ	1
0x00122460	0x001013cc	UNCONDITIONAL_CALL	0
0x00122465	0x001db968	READ	1
0x0012246d	0xStack[-0x32]	DATA	0
0x00122471	0x001db969	READ	1
0x00122478	0x001db976	DATA	1
0x0012247f	0x001db976	DATA	0
0x00122480	0x001013cc	UNCONDITIONAL_CALL	0
0x0012249b	0x001db964	DATA	0
0x001224a0	0x001013cc	UNCONDITIONAL_CALL	0
0x001224a8	0x001db968	READ	1
0x001224b4	0xStack[0x8]	READ	1
0x001224b8	0x001013cc	UNCONDITIONAL_CALL	0
0x001224bd	0x001db969	READ	1
0x001224c5	0x001db968	READ	1
0x001224d1	0xStack[-0x1c]	DATA	0
0x001224d5	0x001013cc	UNCONDITIONAL_CALL	0
0x001224da	0x001db969	READ	1
0x001224e2	0x001db968	READ	1
0x001224f0	0xStack[0x14]	READ	1
0x001224f4	0x001013cc	UNCONDITIONAL_CALL	0
0x0012251e	0xStack[-0x34]	WRITE	0
0x00122524	0xStack[-0x3c]	READ	1
0x00122529	0xStack[0x4]	READ	1
0x0012252d	0x00121138	UNCONDITIONAL_CALL	0
0x00122535	0xStack[-0x38]	READ	1
0x00122539	0x0018b544	UNCONDITIONAL_CALL	0
0x00122540	0x001226c1	UNCONDITIONAL_JUMP	0
0x00122548	0x001e9cb2	DATA	1
0x0012254c	0x001e9cb3	DATA	1
0x00122550	0x00122588	CONDITIONAL_JUMP	0
0x00122554	0xStack[0x18]	READ	1
0x0012255c	0x001013cc	UNCONDITIONAL_CALL	0
0x00122564	0x001e9cb3	DATA	1
0x00122568	0x00122573	CONDITIONAL_JUMP	0
0x0012256a	0xStack[0x1c]	READ	1
0x00122573	0xStack[-0x38]	READ	1
0x00122577	0x0018b544	UNCONDITIONAL_CALL	0
0x00122581	0x001226c1	UNCONDITIONAL_JUMP	0
0x00122588	0x001e9cb4	DATA	1
0x0012258d	0x00122598	CONDITIONAL_JUMP	0
0x00122590	0x001140e0	UNCONDITIONAL_CALL	0
0x00122598	0xStack[0x10]	READ	1
0x0012259b	0x001e9cb4	DATA	1
0x0012259e	0xStack[0xc]	READ	1
0x001225a1	0xStack[-0x2c]	WRITE	0
0x001225a8	0x00113dc0	UNCONDITIONAL_CALL	0
0x001225b4	0x001226b6	CONDITIONAL_JUMP	0
0x001225c0	0xStack[-0x24]	WRITE	0
0x001225ce	0xStack[-0x24]	DATA	0
0x001225d1	0xStack[-0x3c]	WRITE	0
0x001225d4	0x001db968	READ	1
0x001225e1	0x001013cc	UNCONDITIONAL_CALL	0
0x001225e6	0x001db968	READ	1
0x001225ee	0xStack[-0x22]	DATA	0
0x001225f2	0x001db969	READ	1
0x001225f9	0x001db976	DATA	1
0x00122600	0x001db976	DATA	0
0x00122601	0x001013cc	UNCONDITIONAL_CALL	0
0x0012261c	0x001db964	DATA	0
0x00122621	0x001013cc	UNCONDITIONAL_CALL	0
0x00122629	0x001db968	READ	1
0x00122635	0xStack[0x8]	READ	1
0x00122639	0x001013cc	UNCONDITIONAL_CALL	0
0x0012263e	0x001db969	READ	1
0x00122646	0x001db968	READ	1
0x00122652	0xStack[-0x2c]	DATA	0
0x00122656	0x001013cc	UNCONDITIONAL_CALL	0
0x0012265b	0x001db969	READ	1
0x00122663	0x001db968	READ	1
0x00122671	0xStack[0x14]	READ	1
0x00122675	0x001013cc	UNCONDITIONAL_CALL	0
0x0012269f	0xStack[-0x24]	WRITE	0
0x001226a5	0xStack[-0x3c]	READ	1
0x001226aa	0xStack[0x4]	READ	1
0x001226ae	0x00121138	UNCONDITIONAL_CALL	0
0x001226b6	0xStack[-0x38]	READ	1
0x001226ba	0x0018b544	UNCONDITIONAL_CALL	0
0x001226c1	0xStack[-0x4c]	DATA	0
0x001226d5	0xStack[0x4]	READ	1
0x001226d8	0xStack[0x10]	READ	1
0x001226df	0x00122754	CONDITIONAL_JUMP	0
0x001226e6	0x00122754	CONDITIONAL_JUMP	0
0x001226ea	0xStack[-0xc]	DATA	0
0x001226f4	0x001013cc	UNCONDITIONAL_CALL	0
0x001226f9	0xStack[-0xa]	READ	1
0x00122706	0xStack[-0xc]	READ	1
0x00122712	0x00122754	CONDITIONAL_JUMP	0
0x00122718	0x001db968	READ	1
0x0012271f	0x001db969	READ	1
0x00122731	0x00122754	CONDITIONAL_JUMP	0
0x00122738	0x00122741	CONDITIONAL_JUMP	0
0x0012273f	0x00122754	CONDITIONAL_JUMP	0
0x00122742	0xStack[0xc]	READ	1
0x00122746	0xStack[0x8]	READ	1
0x0012274b	0x00122764	UNCONDITIONAL_CALL	0
0x00122750	0x0012275a	UNCONDITIONAL_JUMP	0
0x00122755	0x001140e0	UNCONDITIONAL_CALL	0
0x0012275a	0xStack[-0x18]	DATA	0
0x0012276d	0xStack[-0x4c]	WRITE	0
0x00122776	0xStack[-0x20]	DATA	0
0x0012277a	0xStack[0x10]	READ	1
0x00122781	0x001013cc	UNCONDITIONAL_CALL	0
0x00122788	0xStack[-0x40]	WRITE	0
0x0012278e	0xStack[-0x1e]	READ	1
0x0012279e	0xStack[-0x50]	WRITE	0
0x001227a1	0xStack[-0x1a]	READ	1
0x001227ae	0xStack[-0x54]	WRITE	0
0x001227b1	0x001db968	READ	1
0x001227b7	0xStack[-0x1c]	READ	0
0x001227bb	0x00122bd4	CONDITIONAL_JUMP	0
0x001227c3	0xStack[-0x44]	DATA	0
0x001227c7	0x001db968	READ	1
0x001227d3	0x001013cc	UNCONDITIONAL_CALL	0
0x001227da	0xStack[-0x48]	DATA	0
0x001227de	0x001db968	READ	1
0x001227e5	0x001db969	READ	1
0x001227f3	0x001013cc	UNCONDITIONAL_CALL	0
0x001227f8	0x001db968	READ	1
0x00122800	0xStack[0x8]	READ	1
0x00122804	0xStack[-0x18]	DATA	0
0x00122808	0x001012fc	UNCONDITIONAL_CALL	0
0x00122812	0x00122bd4	CONDITIONAL_JUMP	0
0x0012281a	0x001db980	DATA	0
0x00122820	0x001012fc	UNCONDITIONAL_CALL	0
0x0012282a	0x00122848	CONDITIONAL_JUMP	0
0x0012282c	0xStack[-0x44]	READ	1
0x00122832	0x001db9b2	DATA	0
0x00122839	0x0010c1c0	UNCONDITIONAL_CALL	0
0x00122841	0x00122bd4	UNCONDITIONAL_JUMP	0
0x00122848	0xStack[0xc]	READ	1
0x0012284b	0xStack[-0x44]	READ	0
0x0012284e	0x00122884	CONDITIONAL_JUMP	0
0x00122851	0x001233f4	UNCONDITIONAL_CALL	0
0x00122857	0x001db9e6	DATA	0
0x0012285c	0x001dba18	DATA	0
0x00122863	0x0010c1c0	UNCONDITIONAL_CALL	0
0x00122868	0xStack[0xc]	READ	1
0x0012286b	0xStack[-0x48]	WRITE	0
0x00122871	0xStack[-0x54]	READ	0
0x00122875	0x00122bd4	CONDITIONAL_JUMP	0
0x0012287d	0x001229a8	UNCONDITIONAL_JUMP	0
0x00122884	0x0018b970	UNCONDITIONAL_CALL	0
0x0012288b	0xStack[-0x44]	READ	1
0x001228a0	0x001e9c80	DATA	1
0x001228a9	0xStack[-0x44]	READ	1
0x001228ac	0x001e9c80	DATA	1
0x001228ac	0x001e9c94	DATA	1
0x001228ae	0x001228be	CONDITIONAL_JUMP	0
0x001228b0	0xStack[0x4]	READ	0
0x001228b4	0x001228c7	CONDITIONAL_JUMP	0
0x001228b6	0xStack[0x4]	READ	1
0x001228b9	0x001e9c90	DATA	1
0x001228b9	0x001e9ca4	DATA	1
0x001228bc	0x001228c7	CONDITIONAL_JUMP	0
0x001228c5	0x001228ac	CONDITIONAL_JUMP	0
0x001228ca	0x001228ce	CONDITIONAL_JUMP	0
0x001228d0	0x00122948	CONDITIONAL_JUMP	0
0x001228d2	0x001db968	READ	1
0x001228de	0xStack[-0x18]	DATA	0
0x001228e2	0x001013cc	UNCONDITIONAL_CALL	0
0x001228e7	0x001db968	READ	1
0x001228f2	0x0012290e	CONDITIONAL_JUMP	0
0x00122906	0x00101600	UNCONDITIONAL_CALL	0
0x0012290e	0x001e9cb3	DATA	1
0x00122912	0x001e9cb4	DATA	1
0x00122916	0x0012299f	CONDITIONAL_JUMP	0
0x0012291c	0xStack[-0x30]	WRITE	0
0x00122922	0xStack[-0x44]	READ	1
0x00122925	0xStack[-0x2c]	WRITE	0
0x00122928	0xStack[-0x30]	DATA	0
0x0012292c	0x001e9cb4	DATA	1
0x00122930	0xStack[0x4]	READ	1
0x00122934	0x00121138	UNCONDITIONAL_CALL	0
0x00122939	0x001e9cb4	DATA	1
0x00122943	0x0012299f	UNCONDITIONAL_JUMP	0
0x00122948	0xStack[0xc]	READ	1
0x0012294b	0xStack[-0x48]	READ	0
0x0012294e	0x0012299f	CONDITIONAL_JUMP	0
0x00122950	0xStack[-0x44]	DATA	0
0x00122954	0xStack[0x4]	READ	1
0x00122958	0x00122c2c	UNCONDITIONAL_CALL	0
0x0012295f	0x001db968	READ	1
0x0012296b	0xStack[-0x18]	DATA	0
0x0012296f	0x001013cc	UNCONDITIONAL_CALL	0
0x00122974	0x001db968	READ	1
0x0012297f	0x0012299b	CONDITIONAL_JUMP	0
0x00122993	0x00101600	UNCONDITIONAL_CALL	0
0x001229a0	0x0018b544	UNCONDITIONAL_CALL	0
0x001229a8	0xStack[-0x50]	READ	0
0x001229af	0x001229d0	CONDITIONAL_JUMP	0
0x001229b1	0xStack[-0x50]	READ	0
0x001229b8	0x001229e3	CONDITIONAL_JUMP	0
0x001229bc	0x001229c2	CONDITIONAL_JUMP	0
0x001229be	0x001e9cb3	DATA	1
0x001229c2	0xStack[-0x54]	READ	0
0x001229c6	0x00122bd4	CONDITIONAL_JUMP	0
0x001229cc	0x001229d6	UNCONDITIONAL_JUMP	0
0x001229d0	0xStack[-0x54]	READ	0
0x001229d4	0x001229e3	CONDITIONAL_JUMP	0
0x001229d6	0xStack[0x4]	READ	1
0x001229dd	0x00122bd4	CONDITIONAL_JUMP	0
0x001229e3	0xStack[-0x48]	READ	1
0x001229e6	0xStack[0xc]	READ	0
0x001229e9	0x00122a1c	CONDITIONAL_JUMP	0
0x001229eb	0x001db968	READ	1
0x001229f3	0x001db969	READ	1
0x00122a01	0xStack[-0x18]	DATA	0
0x00122a05	0x001013cc	UNCONDITIONAL_CALL	0
0x00122a0a	0x001db968	READ	1
0x00122a13	0xStack[0x8]	READ	1
0x00122a17	0x00122a9c	UNCONDITIONAL_JUMP	0
0x00122a30	0x001e9c80	DATA	1
0x00122a3c	0x001e9c80	DATA	1
0x00122a3c	0x001e9c94	DATA	1
0x00122a3e	0x00122a4e	CONDITIONAL_JUMP	0
0x00122a40	0xStack[0x4]	READ	0
0x00122a44	0x00122a57	CONDITIONAL_JUMP	0
0x00122a46	0xStack[0x4]	READ	1
0x00122a49	0x001e9c90	DATA	1
0x00122a49	0x001e9ca4	DATA	1
0x00122a4c	0x00122a57	CONDITIONAL_JUMP	0
0x00122a55	0x00122a3c	CONDITIONAL_JUMP	0
0x00122a5a	0x00122a5e	CONDITIONAL_JUMP	0
0x00122a60	0x00122bd4	CONDITIONAL_JUMP	0
0x00122a66	0x001e9cb3	DATA	1
0x00122a6a	0x00122bd4	CONDITIONAL_JUMP	0
0x00122a70	0x001db968	READ	1
0x00122a78	0x001db969	READ	1
0x00122a86	0xStack[-0x18]	DATA	0
0x00122a8a	0x001013cc	UNCONDITIONAL_CALL	0
0x00122a8f	0x001db968	READ	1
0x00122a9c	0x001013cc	UNCONDITIONAL_CALL	0
0x00122aa4	0x001db969	READ	1
0x00122aac	0x001db968	READ	1
0x00122abf	0x001013cc	UNCONDITIONAL_CALL	0
0x00122ac4	0x001db969	READ	1
0x00122acc	0x001db968	READ	1
0x00122ad8	0xStack[-0x48]	DATA	0
0x00122adc	0x001013cc	UNCONDITIONAL_CALL	0
0x00122ae1	0xStack[-0x1a]	WRITE	0
0x00122ae7	0x001db968	READ	1
0x00122aef	0xStack[-0x40]	DATA	0
0x00122af2	0xStack[-0x3e]	DATA	0
0x00122af6	0x001db969	READ	1
0x00122b04	0x001013cc	UNCONDITIONAL_CALL	0
0x00122b0e	0x001db968	READ	1
0x00122b1b	0x001013cc	UNCONDITIONAL_CALL	0
0x00122b23	0xStack[-0x54]	READ	0
0x00122b27	0x00122b38	CONDITIONAL_JUMP	0
0x00122b32	0xStack[-0x1e]	WRITE	0
0x00122b36	0x00122b60	UNCONDITIONAL_JUMP	0
0x00122b38	0xStack[-0x50]	READ	0
0x00122b3f	0x00122b60	CONDITIONAL_JUMP	0
0x00122b41	0xStack[0x4]	READ	1
0x00122b48	0x00122b60	CONDITIONAL_JUMP	0
0x00122b51	0xStack[0x10]	READ	1
0x00122b55	0x001141a4	UNCONDITIONAL_CALL	0
0x00122b5a	0xStack[-0x4c]	WRITE	0
0x00122b60	0x001db964	DATA	1
0x00122b65	0x001db964	DATA	1
0x00122b6b	0x00122b79	CONDITIONAL_JUMP	0
0x00122b6d	0xStack[-0x1a]	READ	1
0x00122b75	0xStack[-0x1a]	WRITE	0
0x00122b7b	0xStack[0x10]	READ	1
0x00122b83	0x001013cc	UNCONDITIONAL_CALL	0
0x00122b88	0xStack[-0x40]	WRITE	0
0x00122b8e	0xStack[-0x40]	DATA	0
0x00122b92	0xStack[0x10]	READ	1
0x00122b96	0xStack[0x4]	READ	1
0x00122b9a	0x00121138	UNCONDITIONAL_CALL	0
0x00122ba2	0xStack[-0x4c]	READ	0
0x00122ba6	0x00122bdd	CONDITIONAL_JUMP	0
0x00122bb1	0xStack[-0x1e]	WRITE	0
0x00122bb7	0xStack[-0x4c]	READ	1
0x00122bbf	0x001013cc	UNCONDITIONAL_CALL	0
0x00122bc5	0xStack[-0x4c]	READ	1
0x00122bc9	0xStack[0x4]	READ	1
0x00122bcd	0x00121138	UNCONDITIONAL_CALL	0
0x00122bd2	0x00122bdd	UNCONDITIONAL_JUMP	0
0x00122bd4	0xStack[0x10]	READ	1
0x00122bd8	0x001140e0	UNCONDITIONAL_CALL	0
0x00122bdd	0xStack[-0x60]	DATA	0
0x00122bed	0xStack[0x4]	READ	1
0x00122bf0	0x0018b970	UNCONDITIONAL_CALL	0
0x00122bfc	0x00122c07	CONDITIONAL_JUMP	0
0x00122bff	0x001140e0	UNCONDITIONAL_CALL	0
0x00122c1d	0x0018b544	UNCONDITIONAL_CALL	0
0x00122c22	0xStack[-0xc]	DATA	0
0x00122c35	0xStack[-0x8]	WRITE	0
0x00122c3e	0x001dba20	READ	0
0x00122c45	0x00122c67	CONDITIONAL_JUMP	0
0x00122c47	0x001dba20	WRITE	0
0x00122c51	0x001dee30	READ	1
0x00122c5a	0x001220b4	DATA	0
0x00122c5f	0x00103658	UNCONDITIONAL_CALL	0
0x00122c67	0xStack[0x8]	READ	1
0x00122c7e	0x001e9c80	DATA	1
0x00122c85	0xStack[-0xc]	WRITE	0
0x00122c90	0x001e9c8b	DATA	1
0x00122c90	0x001e9c9f	DATA	1
0x00122c95	0x00122cfc	CONDITIONAL_JUMP	0
0x00122c99	0x00122cb1	CONDITIONAL_JUMP	0
0x00122c9d	0x00122ca8	CONDITIONAL_JUMP	0
0x00122c9f	0x001e9c9e	DATA	1
0x00122c9f	0x001e9c8a	DATA	1
0x00122ca3	0xStack[-0x8]	READ	0
0x00122ca6	0x00122cb1	CONDITIONAL_JUMP	0
0x00122ca8	0x001e9c8a	DATA	1
0x00122ca8	0x001e9c9e	DATA	1
0x00122cac	0xStack[-0x8]	WRITE	0
0x00122cb1	0xStack[-0xc]	READ_WRITE	0
0x00122cba	0xStack[-0xc]	READ	0
0x00122cbe	0x00122c90	CONDITIONAL_JUMP	0
0x00122cc2	0x00122cc8	CONDITIONAL_JUMP	0
0x00122cc6	0x00122d0f	UNCONDITIONAL_JUMP	0
0x00122cca	0x0018b970	UNCONDITIONAL_CALL	0
0x00122cd1	0x001e9c8c	DATA	1
0x00122cd6	0x00122ce1	CONDITIONAL_JUMP	0
0x00122cd9	0x001140e0	UNCONDITIONAL_CALL	0
0x00122ce1	0x001e9c8c	DATA	1
0x00122ce8	0x001e9c8b	DATA	1
0x00122cec	0x001e9c8a	DATA	1
0x00122cf0	0x001e9c80	DATA	1
0x00122cf7	0x0018b544	UNCONDITIONAL_CALL	0
0x00122cfc	0xStack[0x8]	READ	1
0x00122d01	0x001e9c80	DATA	1
0x00122d01	0x001e9c94	DATA	1
0x00122d03	0x001e9c8b	DATA	1
0x00122d03	0x001e9c9f	DATA	1
0x00122d07	0xStack[0x4]	READ	1
0x00122d0a	0x001e9c90	DATA	1
0x00122d0a	0x001e9ca4	DATA	1
0x00122d0f	0xStack[-0x18]	DATA	0
0x00122d25	0xStack[0x8]	READ	1
0x00122d28	0xStack[-0x8]	WRITE	0
0x00122d31	0x00122d3a	CONDITIONAL_JUMP	0
0x00122d38	0x00122d44	CONDITIONAL_JUMP	0
0x00122d3f	0x00123126	UNCONDITIONAL_JUMP	0
0x00122d44	0xStack[-0x8]	READ	1
0x00122d47	0xStack[-0xc]	WRITE	0
0x00122d4a	0x0018b970	UNCONDITIONAL_CALL	0
0x00122d4f	0xStack[-0x10]	WRITE	0
0x00122d55	0xStack[-0x30]	WRITE	0
0x00122d6c	0x001e9c80	DATA	1
0x00122d75	0xStack[-0x30]	READ	1
0x00122d78	0x001e9c80	DATA	1
0x00122d78	0x001e9c94	DATA	1
0x00122d7a	0x00122d85	CONDITIONAL_JUMP	0
0x00122d83	0x00122d78	CONDITIONAL_JUMP	0
0x00122d88	0x00122d8c	CONDITIONAL_JUMP	0
0x00122d8e	0x00122dd4	CONDITIONAL_JUMP	0
0x00122d90	0xStack[0x4]	READ	0
0x00122d97	0x00122dac	CONDITIONAL_JUMP	0
0x00122d99	0xStack[-0x10]	READ	1
0x00122d9d	0x0018b544	UNCONDITIONAL_CALL	0
0x00122da7	0x00123126	UNCONDITIONAL_JUMP	0
0x00122dac	0xStack[-0x8]	READ	1
0x00122db0	0x0011ee90	UNCONDITIONAL_CALL	0
0x00122dbc	0x00122dd4	CONDITIONAL_JUMP	0
0x00122dbe	0xStack[-0x10]	READ	1
0x00122dc2	0x0018b544	UNCONDITIONAL_CALL	0
0x00122dcc	0x00123126	UNCONDITIONAL_JUMP	0
0x00122dd4	0xStack[0x4]	READ	0
0x00122ddb	0x001230c4	CONDITIONAL_JUMP	0
0x00122de1	0x00122df4	CONDITIONAL_JUMP	0
0x00122de3	0xStack[0x4]	READ	0
0x00122dea	0x00122e08	CONDITIONAL_JUMP	0
0x00122dec	0x0012311b	UNCONDITIONAL_JUMP	0
0x00122df4	0xStack[0x4]	READ	0
0x00122dfb	0x001230fc	CONDITIONAL_JUMP	0
0x00122e01	0x0012311b	UNCONDITIONAL_JUMP	0
0x00122e0a	0x0012309d	CONDITIONAL_JUMP	0
0x00122e13	0xStack[-0x14]	WRITE	0
0x00122e16	0xStack[-0xc]	READ	1
0x00122e1c	0xStack[-0x18]	WRITE	0
0x00122e1f	0xStack[-0x2c]	WRITE	0
0x00122e28	0x001dba20	READ	0
0x00122e2f	0x00122e51	CONDITIONAL_JUMP	0
0x00122e31	0x001dba20	WRITE	0
0x00122e3b	0x001dee30	READ	1
0x00122e44	0x001220b4	DATA	0
0x00122e49	0x00103658	UNCONDITIONAL_CALL	0
0x00122e51	0xStack[-0xc]	READ	1
0x00122e69	0x001e9c80	DATA	1
0x00122e70	0xStack[-0x28]	WRITE	0
0x00122e7c	0x001e9c8b	DATA	1
0x00122e7c	0x001e9c9f	DATA	1
0x00122e81	0x00122ee7	CONDITIONAL_JUMP	0
0x00122e85	0x00122e9d	CONDITIONAL_JUMP	0
0x00122e89	0x00122e94	CONDITIONAL_JUMP	0
0x00122e8b	0x001e9c9e	DATA	1
0x00122e8b	0x001e9c8a	DATA	1
0x00122e8f	0xStack[-0x2c]	READ	0
0x00122e92	0x00122e9d	CONDITIONAL_JUMP	0
0x00122e94	0x001e9c8a	DATA	1
0x00122e94	0x001e9c9e	DATA	1
0x00122e98	0xStack[-0x2c]	WRITE	0
0x00122e9d	0xStack[-0x28]	READ_WRITE	0
0x00122ea6	0xStack[-0x28]	READ	0
0x00122eaa	0x00122e7c	CONDITIONAL_JUMP	0
0x00122eae	0x00122efe	CONDITIONAL_JUMP	0
0x00122eb2	0x0018b970	UNCONDITIONAL_CALL	0
0x00122eb9	0x001e9c8c	DATA	1
0x00122ebe	0x00122ec9	CONDITIONAL_JUMP	0
0x00122ec1	0x001140e0	UNCONDITIONAL_CALL	0
0x00122ec9	0x001e9c8c	DATA	1
0x00122ed0	0x001e9c8b	DATA	1
0x00122ed4	0x001e9c8a	DATA	1
0x00122ed8	0x001e9c80	DATA	1
0x00122edf	0x0018b544	UNCONDITIONAL_CALL	0
0x00122ee7	0xStack[-0x18]	READ	1
0x00122eec	0x001e9c80	DATA	1
0x00122eec	0x001e9c94	DATA	1
0x00122eee	0x001e9c8b	DATA	1
0x00122eee	0x001e9c9f	DATA	1
0x00122ef2	0xStack[-0x14]	READ	1
0x00122ef5	0x001e9c90	DATA	1
0x00122ef5	0x001e9ca4	DATA	1
0x00122efc	0x00122f14	CONDITIONAL_JUMP	0
0x00122efe	0xStack[-0x10]	READ	1
0x00122f02	0x0018b544	UNCONDITIONAL_CALL	0
0x00122f0c	0x00123126	UNCONDITIONAL_JUMP	0
0x00122f14	0xStack[-0x8]	READ	1
0x00122f1b	0x0012309d	CONDITIONAL_JUMP	0
0x00122f21	0xStack[-0x14]	READ	1
0x00122f24	0xStack[-0x1c]	WRITE	0
0x00122f27	0xStack[-0xc]	READ	1
0x00122f2d	0xStack[-0x20]	WRITE	0
0x00122f30	0xStack[-0x24]	WRITE	0
0x00122f37	0xStack[-0x2c]	WRITE	0
0x00122f3e	0x001dba20	READ	0
0x00122f45	0x00122f67	CONDITIONAL_JUMP	0
0x00122f47	0x001dba20	WRITE	0
0x00122f51	0x001dee30	READ	1
0x00122f5a	0x001220b4	DATA	0
0x00122f5f	0x00103658	UNCONDITIONAL_CALL	0
0x00122f67	0xStack[-0xc]	READ	1
0x00122f7f	0x001e9c80	DATA	1
0x00122f86	0xStack[-0x28]	WRITE	0
0x00122f90	0x001e9c8b	DATA	1
0x00122f90	0x001e9c9f	DATA	1
0x00122f95	0x00123005	CONDITIONAL_JUMP	0
0x00122f99	0x00122fb4	CONDITIONAL_JUMP	0
0x00122f9b	0xStack[-0x2c]	READ	0
0x00122f9f	0x00122faa	CONDITIONAL_JUMP	0
0x00122fa1	0x001e9c8a	DATA	1
0x00122fa1	0x001e9c9e	DATA	1
0x00122fa5	0xStack[-0x24]	READ	0
0x00122fa8	0x00122fb4	CONDITIONAL_JUMP	0
0x00122faa	0x001e9c8a	DATA	1
0x00122faa	0x001e9c9e	DATA	1
0x00122fae	0xStack[-0x24]	WRITE	0
0x00122fb1	0xStack[-0x2c]	WRITE	0
0x00122fb4	0xStack[-0x28]	READ_WRITE	0
0x00122fbd	0xStack[-0x28]	READ	0
0x00122fc1	0x00122f90	CONDITIONAL_JUMP	0
0x00122fc3	0xStack[-0x2c]	READ	0
0x00122fc7	0x0012301a	CONDITIONAL_JUMP	0
0x00122fc9	0xStack[-0x2c]	READ	1
0x00122fcc	0x0018b970	UNCONDITIONAL_CALL	0
0x00122fd1	0xStack[-0x2c]	WRITE	0
0x00122fd4	0x001e9c8c	DATA	1
0x00122fd9	0x00122fe4	CONDITIONAL_JUMP	0
0x00122fdc	0x001140e0	UNCONDITIONAL_CALL	0
0x00122fe4	0x001e9c8c	DATA	1
0x00122feb	0x001e9c8b	DATA	1
0x00122fef	0x001e9c8a	DATA	1
0x00122ff3	0x001e9c80	DATA	1
0x00122ff9	0xStack[-0x2c]	READ	1
0x00122ffd	0x0018b544	UNCONDITIONAL_CALL	0
0x00123005	0xStack[-0x20]	READ	1
0x0012300a	0x001e9c80	DATA	1
0x0012300a	0x001e9c94	DATA	1
0x0012300c	0x001e9c8b	DATA	1
0x0012300c	0x001e9c9f	DATA	1
0x00123010	0xStack[-0x1c]	READ	1
0x00123013	0x001e9c90	DATA	1
0x00123013	0x001e9ca4	DATA	1
0x00123018	0x00123064	CONDITIONAL_JUMP	0
0x0012301a	0x0018b970	UNCONDITIONAL_CALL	0
0x00123021	0x001e9c8c	DATA	1
0x00123026	0x00123031	CONDITIONAL_JUMP	0
0x00123029	0x001140e0	UNCONDITIONAL_CALL	0
0x00123031	0x001e9c8c	DATA	1
0x00123038	0x001e9c8b	DATA	1
0x0012303c	0x001e9c8a	DATA	1
0x00123040	0x001e9c80	DATA	1
0x00123047	0x0018b544	UNCONDITIONAL_CALL	0
0x0012304f	0xStack[-0x10]	READ	1
0x00123053	0x0018b544	UNCONDITIONAL_CALL	0
0x0012305d	0x00123126	UNCONDITIONAL_JUMP	0
0x00123064	0x0018b970	UNCONDITIONAL_CALL	0
0x00123069	0xStack[-0x2c]	WRITE	0
0x0012306c	0x001e9c8c	DATA	1
0x00123071	0x0012307c	CONDITIONAL_JUMP	0
0x00123074	0x001140e0	UNCONDITIONAL_CALL	0
0x0012307c	0x001e9c8c	DATA	1
0x00123083	0x001e9c8b	DATA	1
0x00123087	0x001e9c8a	DATA	1
0x0012308b	0x001e9c80	DATA	1
0x00123091	0xStack[-0x2c]	READ	1
0x00123095	0x0018b544	UNCONDITIONAL_CALL	0
0x001230a3	0xStack[-0x8]	READ	1
0x001230aa	0x001013cc	UNCONDITIONAL_CALL	0
0x001230af	0xStack[-0x8]	READ	1
0x001230b9	0x001e9c8b	DATA	1
0x001230bc	0x001e9c8a	DATA	1
0x001230c0	0x00123118	UNCONDITIONAL_JUMP	0
0x001230c4	0x0018b970	UNCONDITIONAL_CALL	0
0x001230cb	0x001e9cb4	DATA	1
0x001230d0	0x001230db	CONDITIONAL_JUMP	0
0x001230d3	0x001140e0	UNCONDITIONAL_CALL	0
0x001230db	0x001e9cb4	DATA	1
0x001230e2	0x001e9cb3	DATA	1
0x001230e6	0x001e9cb2	DATA	1
0x001230ea	0x001e9ca8	DATA	1
0x001230f1	0x0018b544	UNCONDITIONAL_CALL	0
0x001230f9	0x0012311b	UNCONDITIONAL_JUMP	0
0x001230fe	0xStack[-0x8]	READ	1
0x00123109	0x001013cc	UNCONDITIONAL_CALL	0
0x0012310e	0x001e9cb3	DATA	1
0x00123112	0xStack[-0x8]	READ	1
0x0012311b	0xStack[-0x10]	READ	1
0x0012311f	0x0018b544	UNCONDITIONAL_CALL	0
0x00123126	0xStack[-0x3c]	DATA	0
0x00123139	0xStack[0x8]	READ	1
0x0012314c	0x001231de	CONDITIONAL_JUMP	0
0x00123152	0x0018b970	UNCONDITIONAL_CALL	0
0x0012315e	0x0012316d	CONDITIONAL_JUMP	0
0x00123160	0x001dba2c	DATA	0
0x00123165	0x0010ca6c	UNCONDITIONAL_CALL	0
0x00123171	0x001e917c	DATA	0
0x00123179	0x001e917c	READ_WRITE	0
0x0012318a	0x00123195	CONDITIONAL_JUMP	0
0x0012318d	0x00114a48	UNCONDITIONAL_CALL	0
0x00123197	0x001e93d4	READ	1
0x001231ad	0x001e93d4	WRITE	0
0x001231b4	0x0018b544	UNCONDITIONAL_CALL	0
0x001231bc	0x001e9154	READ	0
0x001231c3	0x001231dc	CONDITIONAL_JUMP	0
0x001231c5	0x001e9154	WRITE	0
0x001231cf	0x001e93d4	DATA	0
0x001231d4	0x0010ab38	UNCONDITIONAL_CALL	0
0x001231e3	0xStack[-0x20]	WRITE	0
0x001231eb	0x00123370	CONDITIONAL_JUMP	0
0x001231f1	0xStack[0x4]	READ	1
0x001231f8	0x00123370	CONDITIONAL_JUMP	0
0x001231fe	0xStack[-0x20]	READ	1
0x0012320d	0x00123370	CONDITIONAL_JUMP	0
0x00123213	0x001dba24	READ	0
0x0012321a	0x00123370	CONDITIONAL_JUMP	0
0x0012322c	0x00123370	CONDITIONAL_JUMP	0
0x00123232	0x001e9c80	DATA	1
0x00123237	0x001ea9dc	DATA	1
0x0012323d	0x00123370	CONDITIONAL_JUMP	0
0x00123243	0x001e9c84	DATA	1
0x00123248	0x001e9c8b	READ	0
0x00123248	0x001e9c9f	READ	0
0x0012324c	0x00123264	CONDITIONAL_JUMP	0
0x00123250	0xStack[-0x20]	READ	1
0x00123257	0x001e9c84	DATA	0
0x00123257	0x001e9c98	DATA	0
0x00123258	0x001012fc	UNCONDITIONAL_CALL	0
0x00123262	0x00123272	CONDITIONAL_JUMP	0
0x0012326a	0x001ea9dc	DATA	1
0x00123270	0x00123248	CONDITIONAL_JUMP	0
0x00123272	0x001ea9dc	DATA	1
0x00123278	0x00123370	CONDITIONAL_JUMP	0
0x0012327e	0xStack[-0x1a]	DATA	0
0x00123281	0xStack[-0x24]	WRITE	0
0x00123287	0xStack[-0x20]	READ	1
0x0012328e	0x001013cc	UNCONDITIONAL_CALL	0
0x00123295	0xStack[-0x20]	READ	1
0x0012329c	0x001e9ca8	DATA	0
0x0012329d	0x001013cc	UNCONDITIONAL_CALL	0
0x001232a2	0xStack[0x4]	READ	1
0x001232ad	0x001232c0	CONDITIONAL_JUMP	0
0x001232b3	0x001232e0	CONDITIONAL_JUMP	0
0x001232ba	0x001232b0	CONDITIONAL_JUMP	0
0x001232be	0x001232f8	CONDITIONAL_JUMP	0
0x001232c0	0x001dba28	READ	0
0x001232c7	0x00123370	CONDITIONAL_JUMP	0
0x001232cd	0x001dba32	DATA	0
0x001232d2	0x0010c0d8	UNCONDITIONAL_CALL	0
0x001232da	0x00123370	UNCONDITIONAL_JUMP	0
0x001232e2	0xStack[-0x20]	READ	1
0x001232ed	0x001013cc	UNCONDITIONAL_CALL	0
0x001232f5	0x001232bc	UNCONDITIONAL_JUMP	0
0x001232fa	0xStack[-0x20]	READ	1
0x00123301	0xStack[0x4]	READ	1
0x00123308	0x001013cc	UNCONDITIONAL_CALL	0
0x0012330f	0xStack[-0x24]	READ	1
0x00123317	0x001013cc	UNCONDITIONAL_CALL	0
0x0012331c	0xStack[-0x24]	READ	1
0x0012331f	0xStack[-0xe]	WRITE	0
0x00123331	0xStack[-0x20]	READ	1
0x00123338	0xStack[-0x1c]	WRITE	0
0x0012333e	0x001dba28	READ	0
0x00123345	0x00123360	CONDITIONAL_JUMP	0
0x00123353	0x001dba4d	DATA	0
0x00123358	0x0010c0d8	UNCONDITIONAL_CALL	0
0x00123360	0xStack[-0x1c]	DATA	0
0x00123365	0xStack[0x4]	READ	1
0x0012336e	0x00123376	UNCONDITIONAL_JUMP	0
0x00123371	0x001140e0	UNCONDITIONAL_CALL	0
0x00123376	0xStack[-0x30]	DATA	0
0x00123384	0xStack[0x4]	READ	1
0x00123387	0xStack[0x8]	READ	1
0x0012338a	0x001dba6c	READ	0
0x00123391	0x001233cf	CONDITIONAL_JUMP	0
0x00123393	0x001dba6c	WRITE	0
0x0012339f	0x001233a8	CONDITIONAL_JUMP	0
0x001233a3	0x001233eb	UNCONDITIONAL_JUMP	0
0x001233aa	0x001e58dc	WRITE	0
0x001233b4	0x001e58e0	WRITE	0
0x001233ba	0x001e58dc	DATA	0
0x001233bf	0x001233f4	UNCONDITIONAL_CALL	0
0x001233c5	0x001dba70	DATA	0
0x001233ca	0x0010c0d8	UNCONDITIONAL_CALL	0
0x001233d1	0x001233e6	CONDITIONAL_JUMP	0
0x001233d3	0x001e58dc	READ	1
0x001233db	0x001e58e0	READ	1
0x001233eb	0xStack[-0x8]	READ	1
0x001233f8	0xStack[0x4]	READ	1
0x001233fb	0x001e58e2	DATA	1
0x0012340e	0x001dba87	DATA	1
0x00123414	0x001e58e2	WRITE	0
0x00123414	0x001e58e5	WRITE	0
0x0012341c	0x001dba87	DATA	1
0x00123422	0x001e58e3	WRITE	0
0x00123422	0x001e58e6	WRITE	0
0x00123426	0x001e58e4	WRITE	0
0x00123426	0x001e58e7	WRITE	0
0x0012342e	0x00123404	CONDITIONAL_JUMP	0
0x00123430	0x001e58e7	WRITE	0
0x00123434	0x001e58e2	DATA	1
0x00123439	0xStack[-0x8]	READ	1
0x00123445	0xStack[0x4]	READ	1
0x00123448	0xStack[0x8]	READ	1
0x0012344f	0x00123514	UNCONDITIONAL_CALL	0
0x00123456	0x00123463	CONDITIONAL_JUMP	0
0x0012345a	0x00123463	CONDITIONAL_JUMP	0
0x00123461	0x0012345c	CONDITIONAL_JUMP	0
0x0012346d	0xStack[-0xc]	DATA	0
0x0012347d	0xStack[0x4]	READ	1
0x00123480	0xStack[0x8]	READ	1
0x00123487	0x00123514	UNCONDITIONAL_CALL	0
0x00123492	0x00123514	UNCONDITIONAL_CALL	0
0x001234a1	0xStack[-0xc]	DATA	0
0x001234b3	0xStack[0x4]	READ	1
0x001234b8	0x001234cc	CONDITIONAL_JUMP	0
0x001234bf	0x001234e4	UNCONDITIONAL_JUMP	0
0x001234c9	0x00123501	UNCONDITIONAL_JUMP	0
0x001234dd	0x001234e4	CONDITIONAL_JUMP	0
0x001234e4	0x001eaa60	READ	1
0x001234ec	0x00123501	CONDITIONAL_JUMP	0
0x001234f8	0x001234c4	CONDITIONAL_JUMP	0
0x001234ff	0x001234f0	CONDITIONAL_JUMP	0
0x00123501	0xStack[0x8]	READ	1
0x0012350a	0xStack[-0x8]	WRITE	0
0x0012350d	0xStack[-0xc]	READ	1
0x00123517	0xStack[0x4]	READ	1
0x00123520	0x0012352c	CONDITIONAL_JUMP	0
0x0012352a	0x0012357d	UNCONDITIONAL_JUMP	0
0x00123538	0x00123544	CONDITIONAL_JUMP	0
0x00123542	0x0012357d	UNCONDITIONAL_JUMP	0
0x00123550	0x00123558	CONDITIONAL_JUMP	0
0x00123556	0x0012357d	UNCONDITIONAL_JUMP	0
0x00123564	0x00123578	CONDITIONAL_JUMP	0
0x0012357d	0x001eaa60	READ	1
0x00123584	0x00123594	CONDITIONAL_JUMP	0
0x0012358b	0x0012356c	CONDITIONAL_JUMP	0
0x00123592	0x00123588	CONDITIONAL_JUMP	0
0x0012359f	0xStack[0x4]	READ	1
0x001235a8	0x001235bc	CONDITIONAL_JUMP	0
0x001235b8	0x00123623	UNCONDITIONAL_JUMP	0
0x001235c8	0x001235dc	CONDITIONAL_JUMP	0
0x001235d8	0x00123623	UNCONDITIONAL_JUMP	0
0x001235e8	0x001235f8	CONDITIONAL_JUMP	0
0x001235f4	0x00123623	UNCONDITIONAL_JUMP	0
0x00123604	0x00123618	CONDITIONAL_JUMP	0
0x00123623	0x001eaa60	READ	1
0x0012362a	0x00123638	CONDITIONAL_JUMP	0
0x0012362f	0x0012360c	CONDITIONAL_JUMP	0
0x00123636	0x0012362c	CONDITIONAL_JUMP	0
0x00123643	0xStack[0x4]	READ	1
0x0012364a	0x001dba98	READ	0
0x00123651	0x00123680	CONDITIONAL_JUMP	0
0x00123653	0x001eaa60	READ	1
0x0012365b	0x0012369d	CONDITIONAL_JUMP	0
0x00123668	0x00123674	CONDITIONAL_JUMP	0
0x0012366f	0x00123660	CONDITIONAL_JUMP	0
0x00123671	0x0012369d	UNCONDITIONAL_JUMP	0
0x00123680	0x001eaa60	READ	1
0x00123688	0x0012369d	CONDITIONAL_JUMP	0
0x00123694	0x00123674	CONDITIONAL_JUMP	0
0x0012369b	0x0012368c	CONDITIONAL_JUMP	0
0x001236a7	0xStack[0x4]	READ	1
0x001236ba	0x001236c4	CONDITIONAL_JUMP	0
0x001236c6	0x001236d6	CONDITIONAL_JUMP	0
0x001236cf	0x001236bc	CONDITIONAL_JUMP	0
0x001236d4	0x001236bc	CONDITIONAL_JUMP	0
0x001236e9	0xStack[0x8]	READ	1
0x001236ec	0xStack[0x10]	READ	1
0x001236ef	0xStack[0xc]	READ	1
0x001236f6	0x00123710	CONDITIONAL_JUMP	0
0x001236f8	0x001eaa60	READ	1
0x00123700	0x00123710	CONDITIONAL_JUMP	0
0x00123707	0x00123710	CONDITIONAL_JUMP	0
0x0012370e	0x00123704	CONDITIONAL_JUMP	0
0x00123716	0x00123824	CONDITIONAL_JUMP	0
0x0012371c	0x00123734	CONDITIONAL_JUMP	0
0x00123724	0x00123760	CONDITIONAL_JUMP	0
0x0012372c	0x00123760	CONDITIONAL_JUMP	0
0x0012372e	0x00123844	UNCONDITIONAL_JUMP	0
0x0012373a	0x00123760	CONDITIONAL_JUMP	0
0x0012373c	0x0012374c	CONDITIONAL_JUMP	0
0x00123744	0x00123760	CONDITIONAL_JUMP	0
0x00123746	0x00123844	UNCONDITIONAL_JUMP	0
0x00123752	0x00123854	CONDITIONAL_JUMP	0
0x00123758	0x00123844	UNCONDITIONAL_JUMP	0
0x00123760	0xStack[-0x18]	WRITE	0
0x00123763	0x00108310	UNCONDITIONAL_CALL	0
0x00123768	0xStack[-0x18]	READ	1
0x0012376d	0x00123833	CONDITIONAL_JUMP	0
0x00123775	0x0012378a	CONDITIONAL_JUMP	0
0x00123777	0x001dba9c	DATA	0
0x0012377c	0xStack[-0x18]	WRITE	0
0x0012377f	0x0010ca6c	UNCONDITIONAL_CALL	0
0x0012378c	0x00123854	CONDITIONAL_JUMP	0
0x00123796	0xStack[-0x18]	WRITE	0
0x00123799	0x00113e3c	UNCONDITIONAL_CALL	0
0x001237a1	0xStack[-0x18]	READ	1
0x001237a6	0x001237b4	CONDITIONAL_JUMP	0
0x001237ad	0x00123ad2	UNCONDITIONAL_JUMP	0
0x001237b4	0x001eaa60	READ	1
0x001237bc	0x001237d8	CONDITIONAL_JUMP	0
0x001237c2	0x001237cd	CONDITIONAL_JUMP	0
0x001237cb	0x001237c4	CONDITIONAL_JUMP	0
0x001237d5	0x001237e3	UNCONDITIONAL_JUMP	0
0x001237dd	0x001eaa60	WRITE	0
0x001237ed	0x00123808	CONDITIONAL_JUMP	0
0x001237f3	0x00123801	CONDITIONAL_JUMP	0
0x001237ff	0x001237f8	CONDITIONAL_JUMP	0
0x00123804	0x0012380b	UNCONDITIONAL_JUMP	0
0x00123817	0x00123854	CONDITIONAL_JUMP	0
0x00123819	0x001eaa84	READ_WRITE	0
0x0012381f	0x00123854	UNCONDITIONAL_JUMP	0
0x00123824	0xStack[-0x18]	WRITE	0
0x00123827	0x00108310	UNCONDITIONAL_CALL	0
0x0012382c	0xStack[-0x18]	READ	1
0x00123831	0x00123844	CONDITIONAL_JUMP	0
0x00123833	0x001e875c	READ	1
0x0012383c	0x00123ad2	UNCONDITIONAL_JUMP	0
0x00123846	0x00123854	CONDITIONAL_JUMP	0
0x0012384d	0x00123ad2	UNCONDITIONAL_JUMP	0
0x0012385a	0x00123a4c	CONDITIONAL_JUMP	0
0x00123860	0x001238a4	CONDITIONAL_JUMP	0
0x00123868	0x00123938	CONDITIONAL_JUMP	0
0x0012386e	0x00123884	CONDITIONAL_JUMP	0
0x00123876	0x00123a0c	CONDITIONAL_JUMP	0
0x0012387c	0x00123aa8	UNCONDITIONAL_JUMP	0
0x0012388a	0x001239dc	CONDITIONAL_JUMP	0
0x00123896	0x00123a24	CONDITIONAL_JUMP	0
0x0012389c	0x00123aa8	UNCONDITIONAL_JUMP	0
0x001238aa	0x001238fc	CONDITIONAL_JUMP	0
0x001238ac	0x001238bc	CONDITIONAL_JUMP	0
0x001238b4	0x001238d4	CONDITIONAL_JUMP	0
0x001238b6	0x00123aa8	UNCONDITIONAL_JUMP	0
0x001238c2	0x001238f0	CONDITIONAL_JUMP	0
0x001238ca	0x00123924	CONDITIONAL_JUMP	0
0x001238cc	0x00123aa8	UNCONDITIONAL_JUMP	0
0x001238eb	0x00123ad0	UNCONDITIONAL_JUMP	0
0x001238f4	0x001239e2	CONDITIONAL_JUMP	0
0x001238fa	0x00123906	UNCONDITIONAL_JUMP	0
0x00123900	0x001239e2	CONDITIONAL_JUMP	0
0x0012391e	0x00123ad0	UNCONDITIONAL_JUMP	0
0x00123932	0x00123ad0	UNCONDITIONAL_JUMP	0
0x0012393c	0x001239e2	CONDITIONAL_JUMP	0
0x00123945	0xStack[-0x14]	WRITE	0
0x0012394b	0xStack[-0x10]	WRITE	0
0x00123951	0xStack[-0xc]	WRITE	0
0x00123957	0xStack[-0x8]	WRITE	0
0x00123976	0x001239a8	CONDITIONAL_JUMP	0
0x0012397f	0x00120be8	UNCONDITIONAL_CALL	0
0x00123989	0x001239a8	CONDITIONAL_JUMP	0
0x0012398b	0xStack[-0x14]	READ	1
0x00123991	0xStack[-0x10]	READ	1
0x00123997	0xStack[-0xc]	READ	1
0x0012399d	0xStack[-0x8]	READ	1
0x001239a3	0x00123ad2	UNCONDITIONAL_JUMP	0
0x001239ac	0x00123ad0	CONDITIONAL_JUMP	0
0x001239ba	0xStack[-0x14]	DATA	0
0x001239be	0x00122050	UNCONDITIONAL_CALL	0
0x001239cf	0x00122050	UNCONDITIONAL_CALL	0
0x001239d4	0x00123ad0	UNCONDITIONAL_JUMP	0
0x001239e0	0x001239ec	CONDITIONAL_JUMP	0
0x001239e7	0x00123ad2	UNCONDITIONAL_JUMP	0
0x00123a04	0x00123ad0	UNCONDITIONAL_JUMP	0
0x00123a18	0x00123adc	UNCONDITIONAL_CALL	0
0x00123a1d	0x00123ad2	UNCONDITIONAL_JUMP	0
0x00123a32	0x00123ad0	CONDITIONAL_JUMP	0
0x00123a41	0x00125d70	UNCONDITIONAL_CALL	0
0x00123a46	0x00123ad0	UNCONDITIONAL_JUMP	0
0x00123a58	0x00123a9f	CONDITIONAL_JUMP	0
0x00123a67	0x00123a78	CONDITIONAL_JUMP	0
0x00123a74	0x00123a7d	UNCONDITIONAL_JUMP	0
0x00123a81	0xStack[-0x18]	WRITE	0
0x00123a84	0x00125d70	UNCONDITIONAL_CALL	0
0x00123a8c	0xStack[-0x18]	READ	1
0x00123a91	0x00123ad2	CONDITIONAL_JUMP	0
0x00123a97	0x00123acc	CONDITIONAL_JUMP	0
0x00123a9d	0x00123a64	CONDITIONAL_JUMP	0
0x00123aa4	0x00123ad2	UNCONDITIONAL_JUMP	0
0x00123aaa	0x00123ab2	CONDITIONAL_JUMP	0
0x00123ab0	0x00123abc	CONDITIONAL_JUMP	0
0x00123ab7	0x00123ad2	UNCONDITIONAL_JUMP	0
0x00123abc	0xStack[0xc]	READ	1
0x00123ac2	0x00120be8	UNCONDITIONAL_CALL	0
0x00123ac7	0x00123ad2	UNCONDITIONAL_JUMP	0
0x00123ace	0x00123ad2	UNCONDITIONAL_JUMP	0
0x00123ad2	0xStack[-0x28]	DATA	0
0x00123ae5	0xStack[0x8]	READ	1
0x00123ae8	0xStack[0xc]	READ	1
0x00123af0	0xStack[-0x30]	WRITE	0
0x00123af3	0x0018b970	UNCONDITIONAL_CALL	0
0x00123af8	0xStack[-0x2c]	WRITE	0
0x00123afd	0xStack[-0x14]	WRITE	0
0x00123b03	0xStack[-0x10]	WRITE	0
0x00123b09	0xStack[-0xc]	WRITE	0
0x00123b0f	0xStack[-0x8]	WRITE	0
0x00123b28	0xStack[0x4]	READ	1
0x00123b2f	0x00123b70	CONDITIONAL_JUMP	0
0x00123b38	0x00120be8	UNCONDITIONAL_CALL	0
0x00123b44	0x00123b70	CONDITIONAL_JUMP	0
0x00123b46	0xStack[-0x2c]	READ	1
0x00123b4a	0x0018b544	UNCONDITIONAL_CALL	0
0x00123b4f	0xStack[-0x14]	READ	1
0x00123b54	0xStack[-0x10]	READ	1
0x00123b5a	0xStack[-0xc]	READ	1
0x00123b60	0xStack[-0x8]	READ	1
0x00123b68	0x00123d43	UNCONDITIONAL_JUMP	0
0x00123b72	0xStack[-0x24]	DATA	0
0x00123b76	0x00101600	UNCONDITIONAL_CALL	0
0x00123b7b	0xStack[-0x24]	WRITE	0
0x00123b88	0x00123bfe	CONDITIONAL_JUMP	0
0x00123b8a	0xStack[0x4]	READ	1
0x00123b93	0x00123ba4	CONDITIONAL_JUMP	0
0x00123b9c	0xStack[-0x14]	DATA	0
0x00123ba0	0x00123bf1	UNCONDITIONAL_JUMP	0
0x00123ba6	0x00123bb8	CONDITIONAL_JUMP	0
0x00123baf	0xStack[-0x14]	DATA	0
0x00123bb6	0x00123bf1	UNCONDITIONAL_JUMP	0
0x00123bbb	0x001eaa60	READ	1
0x00123bc3	0x00123bd9	CONDITIONAL_JUMP	0
0x00123bd0	0x00123bd9	CONDITIONAL_JUMP	0
0x00123bd7	0x00123bc8	CONDITIONAL_JUMP	0
0x00123bdd	0xStack[-0x28]	WRITE	0
0x00123be0	0xStack[-0x20]	WRITE	0
0x00123bea	0xStack[-0x14]	DATA	0
0x00123bee	0xStack[-0x24]	DATA	0
0x00123bf2	0x00122050	UNCONDITIONAL_CALL	0
0x00123bfe	0xStack[-0x30]	READ	0
0x00123c02	0x00123c10	CONDITIONAL_JUMP	0
0x00123c0b	0x00123c2f	UNCONDITIONAL_JUMP	0
0x00123c10	0xStack[-0x30]	READ	1
0x00123c1d	0x00123c28	CONDITIONAL_JUMP	0
0x00123c26	0x00123c2f	UNCONDITIONAL_JUMP	0
0x00123c2f	0xStack[-0x30]	READ	1
0x00123c41	0xStack[-0x30]	READ	1
0x00123c47	0xStack[0x4]	READ	1
0x00123c4e	0x00123cba	CONDITIONAL_JUMP	0
0x00123c5b	0x00123c6c	CONDITIONAL_JUMP	0
0x00123c62	0x00123c84	UNCONDITIONAL_JUMP	0
0x00123c69	0x00123ca1	UNCONDITIONAL_JUMP	0
0x00123c7d	0x00123c84	CONDITIONAL_JUMP	0
0x00123c84	0x001eaa60	READ	1
0x00123c8c	0x00123ca1	CONDITIONAL_JUMP	0
0x00123c98	0x00123c64	CONDITIONAL_JUMP	0
0x00123c9f	0x00123c90	CONDITIONAL_JUMP	0
0x00123ca7	0xStack[-0x28]	WRITE	0
0x00123cba	0xStack[0x4]	READ	1
0x00123cc3	0x00123cd0	CONDITIONAL_JUMP	0
0x00123cce	0x00123d1b	UNCONDITIONAL_JUMP	0
0x00123cd2	0x00123ce4	CONDITIONAL_JUMP	0
0x00123cdf	0x00123d1a	UNCONDITIONAL_JUMP	0
0x00123ce7	0x001eaa60	READ	1
0x00123cef	0x00123d05	CONDITIONAL_JUMP	0
0x00123cfc	0x00123d05	CONDITIONAL_JUMP	0
0x00123d03	0x00123cf4	CONDITIONAL_JUMP	0
0x00123d09	0xStack[-0x28]	WRITE	0
0x00123d0c	0xStack[-0x20]	WRITE	0
0x00123d17	0xStack[-0x24]	DATA	0
0x00123d1b	0x00122050	UNCONDITIONAL_CALL	0
0x00123d2e	0xStack[0x4]	READ	1
0x00123d33	0x00123fc0	UNCONDITIONAL_CALL	0
0x00123d38	0xStack[-0x2c]	READ	1
0x00123d3c	0x0018b544	UNCONDITIONAL_CALL	0
0x00123d43	0xStack[-0x3c]	DATA	0
0x00123d53	0xStack[0x4]	READ	1
0x00123d56	0x001eaa60	READ	1
0x00123d5d	0x00123d6c	CONDITIONAL_JUMP	0
0x00123d63	0x00123d6e	CONDITIONAL_JUMP	0
0x00123d6a	0x00123d60	CONDITIONAL_JUMP	0
0x00123d77	0xStack[0x4]	READ	1
0x00123d7a	0x001eaa60	READ	1
0x00123d82	0x00123db3	CONDITIONAL_JUMP	0
0x00123d8b	0x00123dac	CONDITIONAL_JUMP	0
0x00123d90	0x00123da0	CONDITIONAL_JUMP	0
0x00123d99	0x00123da0	CONDITIONAL_JUMP	0
0x00123d9e	0x00123dac	CONDITIONAL_JUMP	0
0x00123db1	0x00123d84	CONDITIONAL_JUMP	0
0x00123db6	0x00123da0	CONDITIONAL_JUMP	0
0x00123dba	0x00123da0	CONDITIONAL_JUMP	0
0x00123dcd	0xStack[0x4]	READ	1
0x00123dd2	0xStack[-0x8]	WRITE	0
0x00123dd5	0xStack[-0x8]	DATA	0
0x00123dd8	0x001e58f4	DATA	1
0x00123de2	0x00123de8	CONDITIONAL_JUMP	0
0x00123de4	0x001e58f8	WRITE	0
0x00123de4	0x001e58f4	WRITE	0
0x00123de8	0xStack[-0x8]	DATA	1
0x00123dec	0x00123e3b	CONDITIONAL_JUMP	0
0x00123df9	0x001e58f4	WRITE	0
0x00123df9	0x001e58f9	WRITE	0
0x00123df9	0x001e58f5	WRITE	0
0x00123dfc	0xStack[-0x8]	DATA	1
0x00123e0b	0xStack[-0xc]	WRITE	0
0x00123e0f	0xStack[-0xc]	READ	1
0x00123e1d	0x00123e23	CONDITIONAL_JUMP	0
0x00123e1f	0x001e58f5	WRITE	0
0x00123e23	0xStack[-0x8]	DATA	1
0x00123e32	0xStack[-0xc]	WRITE	0
0x00123e36	0xStack[-0xc]	READ	1
0x00123e39	0xStack[-0x8]	DATA	0
0x00123e3b	0xStack[-0x8]	DATA	1
0x00123e3f	0x00123e67	CONDITIONAL_JUMP	0
0x00123e4c	0x001e58f6	WRITE	0
0x00123e4c	0x001e58f9	WRITE	0
0x00123e4c	0x001e58f5	WRITE	0
0x00123e4f	0xStack[-0x8]	DATA	1
0x00123e5e	0xStack[-0xc]	WRITE	0
0x00123e62	0xStack[-0xc]	READ	1
0x00123e65	0xStack[-0x8]	DATA	0
0x00123e67	0xStack[-0x8]	DATA	1
0x00123e6c	0x001e58f7	WRITE	0
0x00123e6c	0x001e58f9	WRITE	0
0x00123e74	0x00123de0	CONDITIONAL_JUMP	0
0x00123e7a	0x001e58fa	WRITE	0
0x00123e7d	0x001e58f4	DATA	1
0x00123e82	0xStack[-0x18]	DATA	0
0x00123e95	0xStack[0x8]	READ	1
0x00123e98	0x001ea9e0	READ_WRITE	0
0x00123e9f	0x001ea9e4	DATA	0
0x00123ea4	0x0010ab38	UNCONDITIONAL_CALL	0
0x00123ea9	0x001eaa70	DATA	1
0x00123eae	0x0018b970	UNCONDITIONAL_CALL	0
0x00123eb3	0xStack[-0x8]	WRITE	0
0x00123eb6	0x001eaa7c	READ	1
0x00123ebe	0x001eaa78	READ	0
0x00123ec4	0x00123ed4	CONDITIONAL_JUMP	0
0x00123ec6	0x001eaa80	READ_WRITE	0
0x00123ecc	0x00123fa3	UNCONDITIONAL_JUMP	0
0x00123edd	0x00123ef4	CONDITIONAL_JUMP	0
0x00123eec	0x00123f75	UNCONDITIONAL_JUMP	0
0x00123ef4	0x0018b970	UNCONDITIONAL_CALL	0
0x00123ef9	0xStack[-0xc]	WRITE	0
0x00123efc	0x001e93d4	READ	1
0x00123f04	0x00123f48	CONDITIONAL_JUMP	0
0x00123f0b	0x00123f1a	CONDITIONAL_JUMP	0
0x00123f0d	0x001dbaa7	DATA	0
0x00123f12	0x0010ca6c	UNCONDITIONAL_CALL	0
0x00123f20	0x001e917c	READ_WRITE	0
0x00123f27	0x001e9180	READ_WRITE	0
0x00123f30	0x001e93d4	WRITE	0
0x00123f43	0x00123f56	UNCONDITIONAL_JUMP	0
0x00123f4c	0x00113f6c	UNCONDITIONAL_CALL	0
0x00123f56	0xStack[-0xc]	READ	1
0x00123f5a	0x0018b544	UNCONDITIONAL_CALL	0
0x00123f64	0x00123fa0	CONDITIONAL_JUMP	0
0x00123f77	0x00123fa0	CONDITIONAL_JUMP	0
0x00123f7c	0xStack[0x4]	READ	1
0x00123f89	0x001eaa74	READ	1
0x00123f8e	0x00123f94	CONDITIONAL_JUMP	0
0x00123f90	0x001eaa70	WRITE	0
0x00123f92	0x00123f97	UNCONDITIONAL_JUMP	0
0x00123f97	0x001eaa74	WRITE	0
0x00123f9a	0x001eaa78	READ_WRITE	0
0x00123f9d	0x00123fac	UNCONDITIONAL_JUMP	0
0x00123fa0	0x001eaa80	READ_WRITE	0
0x00123fa4	0x001140e0	UNCONDITIONAL_CALL	0
0x00123fac	0xStack[-0x8]	READ	1
0x00123fb0	0x0018b544	UNCONDITIONAL_CALL	0
0x00123fb5	0xStack[-0x18]	DATA	0
0x00123fc9	0x0018b958	UNCONDITIONAL_CALL	0
0x00123fce	0xStack[-0x28]	WRITE	0
0x00123fd1	0x001eaa60	READ	1
0x00123fd8	0x00124014	CONDITIONAL_JUMP	0
0x00123fdc	0xStack[0x8]	READ	1
0x00123fe2	0x00123feb	CONDITIONAL_JUMP	0
0x00123fe9	0x00123fdc	CONDITIONAL_JUMP	0
0x00123fed	0x00124014	CONDITIONAL_JUMP	0
0x00123ff4	0x00124014	CONDITIONAL_JUMP	0
0x00123ff8	0xStack[0x4]	READ	1
0x00123ffd	0x00124006	CONDITIONAL_JUMP	0
0x00124004	0x00123ff8	CONDITIONAL_JUMP	0
0x00124008	0x00124014	CONDITIONAL_JUMP	0
0x0012400d	0x001240bd	UNCONDITIONAL_JUMP	0
0x00124014	0x001eaa60	READ	1
0x0012401c	0x00124045	CONDITIONAL_JUMP	0
0x00124020	0xStack[0x8]	READ	1
0x00124026	0x0012402f	CONDITIONAL_JUMP	0
0x0012402d	0x00124020	CONDITIONAL_JUMP	0
0x00124031	0x00124045	CONDITIONAL_JUMP	0
0x00124037	0x00113e3c	UNCONDITIONAL_CALL	0
0x00124043	0x00124054	CONDITIONAL_JUMP	0
0x00124045	0xStack[-0x28]	READ	1
0x00124049	0x0018b544	UNCONDITIONAL_CALL	0
0x00124050	0x001240c8	UNCONDITIONAL_JUMP	0
0x00124059	0xStack[0x4]	READ	1
0x0012405e	0xStack[0x8]	READ	1
0x00124077	0xStack[-0x24]	DATA	0
0x0012407a	0xStack[-0x14]	WRITE	0
0x00124080	0xStack[0x4]	READ	1
0x00124083	0xStack[-0x10]	WRITE	0
0x00124086	0xStack[0x8]	READ	1
0x0012408d	0x001240a2	CONDITIONAL_JUMP	0
0x00124096	0x00120be8	UNCONDITIONAL_CALL	0
0x001240a0	0x001240b4	CONDITIONAL_JUMP	0
0x001240a9	0x00113ed0	UNCONDITIONAL_CALL	0
0x001240b0	0x001240ba	UNCONDITIONAL_JUMP	0
0x001240b5	0x0012bf04	UNCONDITIONAL_CALL	0
0x001240bd	0xStack[-0x28]	READ	1
0x001240c1	0x0018b544	UNCONDITIONAL_CALL	0
0x001240c8	0xStack[-0x34]	DATA	0
0x001240dc	0xStack[0x4]	READ	1
0x001240df	0x0018b958	UNCONDITIONAL_CALL	0
0x001240f2	0x00124143	CONDITIONAL_JUMP	0
0x001240f5	0x0012bf78	UNCONDITIONAL_CALL	0
0x00124106	0x00124112	CONDITIONAL_JUMP	0
0x00124110	0x00124108	CONDITIONAL_JUMP	0
0x00124119	0xStack[-0x14]	WRITE	0
0x00124121	0xStack[-0x10]	WRITE	0
0x00124124	0xStack[-0x24]	DATA	0
0x00124131	0x00120be8	UNCONDITIONAL_CALL	0
0x0012413b	0x00113ed0	UNCONDITIONAL_CALL	0
0x00124144	0x0018b544	UNCONDITIONAL_CALL	0
0x00124149	0xStack[-0x2c]	DATA	0
0x0012415d	0xStack[-0x30]	WRITE	0
0x00124166	0xStack[-0x2c]	WRITE	0
0x0012416d	0xStack[0x8]	READ	1
0x00124171	0xStack[0x4]	READ	1
0x00124175	0xStack[-0x24]	DATA	0
0x0012417a	0x00124cb8	UNCONDITIONAL_CALL	0
0x0012417f	0xStack[-0x28]	DATA	0
0x00124184	0xStack[0x4]	READ	1
0x00124188	0x00124338	UNCONDITIONAL_CALL	0
0x00124194	0x001241d8	CONDITIONAL_JUMP	0
0x00124199	0x001242ab	CONDITIONAL_JUMP	0
0x001241a5	0xStack[-0x28]	READ	1
0x001241a9	0x0011f060	UNCONDITIONAL_CALL	0
0x001241b5	0x001241c9	CONDITIONAL_JUMP	0
0x001241b9	0xStack[0x8]	READ	1
0x001241bd	0xStack[-0x14]	DATA	0
0x001241c1	0x001013cc	UNCONDITIONAL_CALL	0
0x001241c9	0xStack[-0x28]	READ	1
0x001241cd	0x00114db8	UNCONDITIONAL_CALL	0
0x001241d2	0x00124329	UNCONDITIONAL_JUMP	0
0x001241d8	0xStack[0xc]	READ	1
0x001241dc	0xStack[0x8]	READ	1
0x001241e0	0xStack[0x4]	READ	1
0x001241e4	0x001244a0	UNCONDITIONAL_CALL	0
0x001241e9	0xStack[-0x30]	WRITE	0
0x001241f1	0x0015a75c	UNCONDITIONAL_CALL	0
0x001241fe	0xStack[-0x34]	WRITE	0
0x00124204	0xStack[-0x2c]	DATA	0
0x00124209	0xStack[0xc]	READ	1
0x0012420e	0xStack[-0x30]	READ	1
0x00124212	0xStack[-0x28]	READ	1
0x00124216	0xStack[0x4]	READ	1
0x0012421a	0x0012470c	UNCONDITIONAL_CALL	0
0x00124226	0x001242af	CONDITIONAL_JUMP	0
0x0012422c	0xStack[-0x34]	READ	1
0x00124233	0x00124264	CONDITIONAL_JUMP	0
0x00124235	0xStack[-0x2c]	READ	0
0x00124239	0x0012424a	CONDITIONAL_JUMP	0
0x0012423c	0x00124a60	UNCONDITIONAL_CALL	0
0x00124248	0x001242af	CONDITIONAL_JUMP	0
0x0012424b	0xStack[-0x30]	READ	1
0x0012424f	0xStack[-0x2c]	READ	1
0x00124253	0x00124ae8	UNCONDITIONAL_CALL	0
0x0012425f	0x001242af	CONDITIONAL_JUMP	0
0x00124261	0x00124208	UNCONDITIONAL_JUMP	0
0x00124264	0xStack[-0x2c]	READ	1
0x00124269	0x0012427b	CONDITIONAL_JUMP	0
0x0012426c	0x00124ad0	UNCONDITIONAL_CALL	0
0x00124271	0xStack[-0x2c]	WRITE	0
0x0012427f	0xStack[-0x28]	READ	1
0x00124283	0xStack[-0x24]	DATA	0
0x00124287	0xStack[0x4]	READ	1
0x0012428b	0x00124c2c	UNCONDITIONAL_CALL	0
0x00124297	0x001242af	CONDITIONAL_JUMP	0
0x0012429b	0xStack[0x8]	READ	1
0x0012429f	0xStack[-0x14]	DATA	0
0x001242a3	0x001013cc	UNCONDITIONAL_CALL	0
0x001242ad	0x001242d5	CONDITIONAL_JUMP	0
0x001242af	0xStack[-0x28]	READ	1
0x001242b4	0x001242d5	CONDITIONAL_JUMP	0
0x001242b6	0xStack[0x4]	READ	1
0x001242bf	0xStack[-0x14]	WRITE	0
0x001242c3	0xStack[-0x24]	DATA	0
0x001242cd	0x0011f060	UNCONDITIONAL_CALL	0
0x001242d5	0xStack[0x4]	READ	1
0x001242e3	0xStack[-0x28]	READ	1
0x001242e8	0x001242f3	CONDITIONAL_JUMP	0
0x001242eb	0x00114db8	UNCONDITIONAL_CALL	0
0x001242f3	0xStack[-0x30]	READ	0
0x001242f7	0x0012430a	CONDITIONAL_JUMP	0
0x001242fe	0xStack[-0x30]	READ	1
0x00124302	0x0015a824	UNCONDITIONAL_CALL	0
0x0012430c	0x0012431c	CONDITIONAL_JUMP	0
0x00124314	0x0015a824	UNCONDITIONAL_CALL	0
0x0012431e	0x00124329	CONDITIONAL_JUMP	0
0x00124320	0xStack[-0x2c]	READ	1
0x00124324	0x00124ad0	UNCONDITIONAL_CALL	0
0x0012432b	0xStack[-0x40]	DATA	0
0x00124341	0xStack[0x4]	READ	1
0x00124344	0xStack[0x8]	READ	1
0x0012434b	0xStack[0xc]	READ	1
0x00124351	0x00114bd4	UNCONDITIONAL_CALL	0
0x0012435d	0x00124370	CONDITIONAL_JUMP	0
0x0012435f	0xStack[0xc]	READ	1
0x00124368	0x00124496	UNCONDITIONAL_JUMP	0
0x00124376	0x001243a4	CONDITIONAL_JUMP	0
0x00124388	0xStack[0xc]	READ	1
0x0012438e	0x0011f060	UNCONDITIONAL_CALL	0
0x0012439a	0x001243e0	CONDITIONAL_JUMP	0
0x0012439c	0x00124496	UNCONDITIONAL_JUMP	0
0x001243ab	0x001243e0	CONDITIONAL_JUMP	0
0x001243b3	0xStack[0xc]	READ	1
0x001243b9	0x0011f060	UNCONDITIONAL_CALL	0
0x001243c2	0x00124496	CONDITIONAL_JUMP	0
0x001243d8	0x00124496	UNCONDITIONAL_JUMP	0
0x001243ed	0xStack[-0x14]	DATA	0
0x001243f1	0x00101600	UNCONDITIONAL_CALL	0
0x001243f6	0xStack[-0x14]	WRITE	0
0x001243fc	0xStack[-0x14]	READ	1
0x00124402	0xStack[-0x10]	READ	1
0x00124408	0xStack[-0xc]	READ	1
0x0012440e	0xStack[-0x8]	READ	1
0x0012441a	0xStack[0xc]	READ	1
0x00124420	0x0011f060	UNCONDITIONAL_CALL	0
0x0012442c	0x00124496	CONDITIONAL_JUMP	0
0x00124432	0x00113dc0	UNCONDITIONAL_CALL	0
0x0012443e	0x00124448	CONDITIONAL_JUMP	0
0x00124445	0x00124496	UNCONDITIONAL_JUMP	0
0x0012446d	0xStack[0xc]	READ	1
0x00124473	0x00114c94	UNCONDITIONAL_CALL	0
0x0012447b	0x001140e0	UNCONDITIONAL_CALL	0
0x00124482	0x00124494	CONDITIONAL_JUMP	0
0x00124484	0xStack[0xc]	READ	1
0x00124491	0x00124496	UNCONDITIONAL_JUMP	0
0x00124496	0xStack[-0x20]	DATA	0
0x001244a9	0xStack[0x8]	READ	1
0x001244ac	0xStack[0xc]	READ	1
0x001244b4	0x0015a75c	UNCONDITIONAL_CALL	0
0x001244c7	0xStack[-0x8]	WRITE	0
0x001244ca	0x00101600	UNCONDITIONAL_CALL	0
0x001244cf	0xStack[-0x8]	READ	1
0x001244d5	0x001eaa88	READ	1
0x001244db	0x001eaa88	READ_WRITE	0
0x0012453c	0x001013cc	UNCONDITIONAL_CALL	0
0x00124544	0x001dbab0	DATA	0
0x00124549	0x001013cc	UNCONDITIONAL_CALL	0
0x0012454e	0xStack[-0x8]	READ	1
0x00124584	0xStack[-0x14]	DATA	0
0x00124599	0xStack[-0x8]	DATA	0
0x0012459c	0xStack[-0xc]	WRITE	0
0x001245a4	0xStack[0x4]	READ	1
0x001245a7	0xStack[-0x10]	WRITE	0
0x001245ac	0x0018b970	UNCONDITIONAL_CALL	0
0x001245b3	0x001e93d4	READ	1
0x001245bb	0x001245fc	CONDITIONAL_JUMP	0
0x001245c2	0x001245d1	CONDITIONAL_JUMP	0
0x001245c4	0x001dbab5	DATA	0
0x001245c9	0x0010ca6c	UNCONDITIONAL_CALL	0
0x001245d7	0x001e917c	READ_WRITE	0
0x001245de	0x001e917e	READ_WRITE	0
0x001245e7	0x001e93d4	WRITE	0
0x001245fa	0x0012460a	UNCONDITIONAL_JUMP	0
0x00124600	0x00113f6c	UNCONDITIONAL_CALL	0
0x0012460b	0x0018b544	UNCONDITIONAL_CALL	0
0x00124619	0x001246ac	CONDITIONAL_JUMP	0
0x0012461f	0x0018b970	UNCONDITIONAL_CALL	0
0x00124624	0xStack[-0x14]	WRITE	0
0x00124627	0x001e91c0	READ	0
0x0012462e	0x0012463e	CONDITIONAL_JUMP	0
0x00124636	0x00113bd0	UNCONDITIONAL_CALL	0
0x0012463e	0x001e91c0	READ	1
0x00124646	0x00124667	CONDITIONAL_JUMP	0
0x0012464a	0x001e91bc	READ	1
0x00124653	0x001e91d0	DATA	0
0x00124659	0x001e916c	READ_WRITE	0
0x00124661	0x001e91c0	WRITE	0
0x00124667	0xStack[-0x14]	READ	1
0x0012466b	0x0018b544	UNCONDITIONAL_CALL	0
0x00124675	0x0012468c	CONDITIONAL_JUMP	0
0x00124688	0x00124692	UNCONDITIONAL_JUMP	0
0x00124698	0x001246ac	CONDITIONAL_JUMP	0
0x001246a5	0x001246b8	CONDITIONAL_JUMP	0
0x001246a7	0x001246b6	UNCONDITIONAL_JUMP	0
0x001246b4	0x001246b8	CONDITIONAL_JUMP	0
0x001246bf	0xStack[-0x10]	READ	1
0x001246c3	0x001013cc	UNCONDITIONAL_CALL	0
0x001246ca	0xStack[-0x10]	READ_WRITE	0
0x001246d1	0xStack[-0xc]	READ	1
0x001246d4	0xStack[-0x8]	DATA	0
0x001246d6	0xStack[-0xc]	WRITE	0
0x001246de	0x001245ac	CONDITIONAL_JUMP	0
0x001246e4	0xStack[-0x8]	READ	1
0x001246f5	0x0018b2ac	UNCONDITIONAL_CALL	0
0x001246fe	0xStack[-0x8]	READ	1
0x00124701	0xStack[-0x20]	DATA	0
0x00124718	0xStack[0xc]	READ	1
0x00124721	0xStack[-0x94]	WRITE	0
0x00124727	0xStack[0x10]	READ	1
0x00124730	0xStack[-0x98]	WRITE	0
0x00124736	0xStack[-0x9c]	WRITE	0
0x00124740	0xStack[-0xa0]	WRITE	0
0x0012474a	0xStack[-0x54]	DATA	0
0x0012474e	0x00160844	UNCONDITIONAL_CALL	0
0x00124753	0xStack[0x14]	READ	1
0x0012475a	0xStack[-0x54]	READ	1
0x0012475d	0xStack[-0x84]	WRITE	0
0x00124760	0xStack[0xc]	READ	1
0x00124766	0xStack[-0x4c]	WRITE	0
0x00124778	0xStack[-0x4a]	WRITE	0
0x0012477c	0xStack[-0x48]	WRITE	0
0x00124783	0xStack[-0x88]	WRITE	0
0x0012478d	0xStack[-0x8c]	WRITE	0
0x00124797	0xStack[-0x90]	WRITE	0
0x001247a4	0xStack[-0x8c]	READ	0
0x001247ab	0x001247d6	CONDITIONAL_JUMP	0
0x001247ad	0xStack[0xc]	READ	1
0x001247b1	0x00124590	UNCONDITIONAL_CALL	0
0x001247b8	0xStack[-0x80]	WRITE	0
0x001247bb	0xStack[-0x4c]	DATA	0
0x001247c0	0xStack[0x4]	READ	1
0x001247c4	0x00121138	UNCONDITIONAL_CALL	0
0x001247d0	0x00124a43	CONDITIONAL_JUMP	0
0x001247d6	0xStack[-0x3c]	DATA	0
0x001247d9	0x001e875c	READ	1
0x001247ea	0x001e875c	READ	1
0x001247f3	0x00186f88	UNCONDITIONAL_CALL	0
0x001247fd	0x00124830	CONDITIONAL_JUMP	0
0x001247ff	0x001e875c	READ	1
0x00124808	0xStack[-0x3c]	DATA	0
0x00124813	0xStack[-0x58]	DATA	0
0x00124817	0x00124de0	DATA	0
0x0012481c	0x00103684	UNCONDITIONAL_CALL	0
0x00124829	0x00124a43	UNCONDITIONAL_JUMP	0
0x00124830	0xStack[0x8]	READ	1
0x00124833	0xStack[-0x58]	WRITE	0
0x00124836	0x001dee30	READ	1
0x0012483d	0xStack[-0x58]	DATA	0
0x00124841	0x00124de0	DATA	0
0x00124846	0x00103658	UNCONDITIONAL_CALL	0
0x00124850	0xStack[0x10]	READ	1
0x00124853	0xStack[-0x78]	WRITE	0
0x00124856	0xStack[-0x74]	WRITE	0
0x0012485d	0xStack[-0x78]	DATA	0
0x00124860	0xStack[-0x70]	WRITE	0
0x00124863	0xStack[-0x6c]	WRITE	0
0x0012486a	0xStack[-0x64]	WRITE	0
0x00124871	0xStack[-0x68]	WRITE	0
0x00124878	0xStack[-0x5c]	WRITE	0
0x00124883	0xStack[-0x70]	DATA	0
0x00124889	0xStack[0x8]	READ	1
0x0012488d	0x00115550	UNCONDITIONAL_CALL	0
0x0012489a	0x001248b4	CONDITIONAL_JUMP	0
0x0012489c	0xStack[-0x58]	READ	1
0x0012489f	0xStack[0x8]	READ	0
0x001248a2	0x001248b4	CONDITIONAL_JUMP	0
0x001248a8	0x00116418	UNCONDITIONAL_CALL	0
0x001248b0	0x00124850	UNCONDITIONAL_JUMP	0
0x001248b6	0x001248e8	CONDITIONAL_JUMP	0
0x001248bb	0x001248e8	CONDITIONAL_JUMP	0
0x001248bd	0x001e875c	READ	1
0x001248c6	0xStack[-0x3c]	DATA	0
0x001248d1	0xStack[-0x58]	DATA	0
0x001248d5	0x00124de0	DATA	0
0x001248da	0x00103684	UNCONDITIONAL_CALL	0
0x001248e2	0x00124a43	UNCONDITIONAL_JUMP	0
0x001248e8	0xStack[-0x58]	READ	0
0x001248ec	0x0012497c	CONDITIONAL_JUMP	0
0x001248f2	0x001e875c	READ	1
0x001248fb	0xStack[-0x3c]	DATA	0
0x00124906	0xStack[-0x8c]	READ	1
0x0012490d	0xStack[-0x8c]	WRITE	0
0x00124913	0xStack[-0x90]	READ_WRITE	0
0x00124919	0xStack[-0x88]	READ	0
0x0012491f	0x00124938	CONDITIONAL_JUMP	0
0x00124924	0x0012492e	CONDITIONAL_JUMP	0
0x00124928	0xStack[-0x88]	WRITE	0
0x0012492e	0xStack[-0x8c]	WRITE	0
0x00124938	0xStack[-0x90]	READ	0
0x0012493f	0x001247a4	CONDITIONAL_JUMP	0
0x00124945	0xStack[0x18]	READ	1
0x0012494b	0x00124960	CONDITIONAL_JUMP	0
0x0012494e	0x00124a60	UNCONDITIONAL_CALL	0
0x0012495a	0x00124a43	CONDITIONAL_JUMP	0
0x00124960	0x001dbaba	DATA	0
0x00124965	0x0010c0d8	UNCONDITIONAL_CALL	0
0x0012496a	0xStack[-0x9c]	WRITE	0
0x00124977	0x001247a4	UNCONDITIONAL_JUMP	0
0x0012497c	0xStack[0x10]	READ	1
0x0012497f	0xStack[-0x84]	READ	1
0x00124985	0x00124850	CONDITIONAL_JUMP	0
0x0012498e	0x00124850	CONDITIONAL_JUMP	0
0x00124996	0xStack[0x14]	READ	1
0x0012499e	0x001012fc	UNCONDITIONAL_CALL	0
0x001249a8	0x00124850	CONDITIONAL_JUMP	0
0x001249ae	0xStack[-0x94]	READ	1
0x001249b8	0x00124a06	CONDITIONAL_JUMP	0
0x001249ba	0xStack[-0x98]	READ	1
0x001249c4	0x00124a06	CONDITIONAL_JUMP	0
0x001249c6	0xStack[-0xa0]	READ	0
0x001249cd	0x001249fc	CONDITIONAL_JUMP	0
0x001249cf	0xStack[-0xa0]	WRITE	0
0x001249d9	0xStack[-0x7c]	WRITE	0
0x001249e0	0x001dee30	READ	1
0x001249eb	0xStack[-0x7c]	DATA	0
0x001249ef	0x00124dfc	DATA	0
0x001249f4	0x00124846	UNCONDITIONAL_JUMP	0
0x001249fc	0xStack[-0x7c]	READ	0
0x00124a00	0x00124850	CONDITIONAL_JUMP	0
0x00124a06	0x001e875c	READ	1
0x00124a0f	0xStack[-0x3c]	DATA	0
0x00124a1a	0xStack[-0x58]	DATA	0
0x00124a1e	0x00124de0	DATA	0
0x00124a23	0x00103684	UNCONDITIONAL_CALL	0
0x00124a2b	0xStack[-0x9c]	READ	0
0x00124a32	0x00124a41	CONDITIONAL_JUMP	0
0x00124a34	0x001dbb2e	DATA	0
0x00124a39	0x0010c0d8	UNCONDITIONAL_CALL	0
0x00124a43	0xStack[-0x7c]	DATA	0
0x00124a47	0x00124dfc	DATA	0
0x00124a4c	0x00103684	UNCONDITIONAL_CALL	0
0x00124a53	0xStack[-0xac]	DATA	0
0x00124a6a	0x001dbaac	READ	0
0x00124a71	0x00124ac6	CONDITIONAL_JUMP	0
0x00124a73	0xStack[-0x3c]	DATA	0
0x00124a76	0x001e875c	READ	1
0x00124a95	0x001dbb42	DATA	0
0x00124a9a	0x001dbb45	DATA	0
0x00124aa3	0x001973c4	UNCONDITIONAL_CALL	0
0x00124aa8	0x001dbaac	WRITE	0
0x00124ab2	0x001e875c	READ	1
0x00124abb	0xStack[-0x3c]	DATA	0
0x00124ac6	0xStack[-0x44]	DATA	0
0x00124ad3	0x001dbaac	WRITE	0
0x00124add	0x0019741c	UNCONDITIONAL_CALL	0
0x00124af1	0xStack[0x8]	READ	1
0x00124afa	0xStack[-0xc]	WRITE	0
0x00124afd	0xStack[0xc]	READ	1
0x00124b06	0xStack[-0x10]	WRITE	0
0x00124b09	0xStack[-0x8]	WRITE	0
0x00124b10	0xStack[-0x14]	WRITE	0
0x00124b17	0xStack[0xc]	READ	1
0x00124b34	0x00124b40	CONDITIONAL_JUMP	0
0x00124b36	0xStack[0xc]	READ	1
0x00124b41	0x001dbb59	DATA	0
0x00124b46	0x0010c0d8	UNCONDITIONAL_CALL	0
0x00124b4d	0xStack[-0x8]	DATA	0
0x00124b58	0x00196eb0	UNCONDITIONAL_CALL	0
0x00124b64	0x00124c20	CONDITIONAL_JUMP	0
0x00124b6a	0xStack[0xc]	READ	1
0x00124b77	0x00124b94	CONDITIONAL_JUMP	0
0x00124b79	0x00124b88	CONDITIONAL_JUMP	0
0x00124b7e	0x00124b9b	CONDITIONAL_JUMP	0
0x00124b80	0x00124c20	UNCONDITIONAL_JUMP	0
0x00124b8b	0x00124c08	CONDITIONAL_JUMP	0
0x00124b8d	0x00124c20	UNCONDITIONAL_JUMP	0
0x00124b94	0xStack[-0x14]	WRITE	0
0x00124b9d	0xStack[-0x14]	READ	1
0x00124ba1	0xStack[-0xc]	READ	1
0x00124ba9	0x00124d1c	UNCONDITIONAL_CALL	0
0x00124bb3	0x00124bbf	CONDITIONAL_JUMP	0
0x00124bb5	0x001dbb5c	DATA	0
0x00124bba	0x0010c0d8	UNCONDITIONAL_CALL	0
0x00124bc1	0xStack[-0xc]	READ	1
0x00124bc8	0x00124be2	CONDITIONAL_JUMP	0
0x00124bd0	0x00124bd6	CONDITIONAL_JUMP	0
0x00124bd4	0x00124bdc	CONDITIONAL_JUMP	0
0x00124bd9	0x00124be2	UNCONDITIONAL_JUMP	0
0x00124be0	0x00124bcc	CONDITIONAL_JUMP	0
0x00124be2	0xStack[0xc]	READ	1
0x00124be8	0xStack[0x8]	READ	1
0x00124bee	0xStack[-0x10]	READ	1
0x00124bf4	0xStack[-0xc]	READ	1
0x00124bfa	0xStack[-0x10]	READ	1
0x00124c03	0x00124c20	UNCONDITIONAL_JUMP	0
0x00124c08	0xStack[0x8]	READ	1
0x00124c22	0xStack[-0x20]	DATA	0
0x00124c32	0xStack[0x4]	READ	1
0x00124c35	0xStack[0x8]	READ	1
0x00124c38	0xStack[0xc]	READ	1
0x00124c4c	0x0011f060	UNCONDITIONAL_CALL	0
0x00124c56	0x00124cac	CONDITIONAL_JUMP	0
0x00124c69	0x00101600	UNCONDITIONAL_CALL	0
0x00124c7b	0x0011f060	UNCONDITIONAL_CALL	0
0x00124c85	0x00124cac	CONDITIONAL_JUMP	0
0x00124c87	0xStack[0x10]	READ	1
0x00124c96	0x0011f060	UNCONDITIONAL_CALL	0
0x00124c9d	0x00124cac	CONDITIONAL_JUMP	0
0x00124cac	0xStack[-0x10]	DATA	0
0x00124cc1	0xStack[-0x28]	WRITE	0
0x00124cc4	0xStack[0x4]	READ	1
0x00124cca	0xStack[-0x24]	DATA	0
0x00124cce	0x00101b48	UNCONDITIONAL_CALL	0
0x00124cd8	0xStack[-0x24]	READ	0
0x00124cdc	0x00124ce6	CONDITIONAL_JUMP	0
0x00124ce1	0xStack[-0x23]	DATA	0
0x00124ce4	0x00124ce0	CONDITIONAL_JUMP	0
0x00124cec	0xStack[-0x23]	DATA	0
0x00124cee	0xStack[-0x22]	WRITE	0
0x00124cf4	0xStack[-0x24]	DATA	0
0x00124cf7	0xStack[-0x14]	DATA	0
0x00124cfb	0xStack[0x8]	READ	1
0x00124cff	0x001013cc	UNCONDITIONAL_CALL	0
0x00124d04	0xStack[-0x28]	READ	1
0x00124d0f	0xStack[-0x28]	READ	1
0x00124d12	0xStack[-0x34]	DATA	0
0x00124d22	0xStack[0x4]	READ	1
0x00124d25	0xStack[0x8]	READ	1
0x00124d28	0xStack[0xc]	READ	1
0x00124d2e	0x00124d3c	CONDITIONAL_JUMP	0
0x00124d32	0x00197104	UNCONDITIONAL_CALL	0
0x00124d37	0x00124d43	UNCONDITIONAL_JUMP	0
0x00124d3e	0x001970c4	UNCONDITIONAL_CALL	0
0x00124d4c	0x00124d74	CONDITIONAL_JUMP	0
0x00124d4e	0x00124d5c	CONDITIONAL_JUMP	0
0x00124d53	0x00124d95	CONDITIONAL_JUMP	0
0x00124d58	0x00124d74	CONDITIONAL_JUMP	0
0x00124d5a	0x00124dcc	UNCONDITIONAL_JUMP	0
0x00124d5f	0x00124db8	CONDITIONAL_JUMP	0
0x00124d61	0x00124d6c	CONDITIONAL_JUMP	0
0x00124d66	0x00124db8	CONDITIONAL_JUMP	0
0x00124d68	0x00124dcc	UNCONDITIONAL_JUMP	0
0x00124d6f	0x00124d7c	CONDITIONAL_JUMP	0
0x00124d71	0x00124dcc	UNCONDITIONAL_JUMP	0
0x00124d77	0x00124dd4	UNCONDITIONAL_JUMP	0
0x00124d7e	0x00124d84	CONDITIONAL_JUMP	0
0x00124d82	0x00124dbc	UNCONDITIONAL_JUMP	0
0x00124d86	0x00194bc8	UNCONDITIONAL_CALL	0
0x00124d8d	0x00194bc8	UNCONDITIONAL_CALL	0
0x00124d97	0x00124da0	CONDITIONAL_JUMP	0
0x00124d9b	0x00124dbc	UNCONDITIONAL_JUMP	0
0x00124da2	0x00194bc8	UNCONDITIONAL_CALL	0
0x00124da9	0x00194bc8	UNCONDITIONAL_CALL	0
0x00124db2	0x00124d2c	UNCONDITIONAL_JUMP	0
0x00124dbc	0x00194bc8	UNCONDITIONAL_CALL	0
0x00124dc4	0x00124d2c	UNCONDITIONAL_JUMP	0
0x00124dcf	0x00124d2c	UNCONDITIONAL_JUMP	0
0x00124dd4	0xStack[-0x10]	DATA	0
0x00124de3	0xStack[0x4]	READ	1
0x00124df2	0x00116430	UNCONDITIONAL_CALL	0
0x00124dff	0xStack[0x4]	READ	1
0x00124e16	0xStack[0x4]	READ	1
0x00124e19	0xStack[0x8]	READ	1
0x00124e1e	0x0015a75c	UNCONDITIONAL_CALL	0
0x00124e2a	0x00124e50	CONDITIONAL_JUMP	0
0x00124e2f	0x00101600	UNCONDITIONAL_CALL	0
0x00124e4d	0x00124e55	UNCONDITIONAL_JUMP	0
0x00124e55	0xStack[-0x10]	DATA	0
0x00124e69	0xStack[0x8]	READ	1
0x00124e6c	0xStack[0x4]	READ	1
0x00124e72	0xStack[-0x8]	WRITE	0
0x00124e75	0xStack[0x4]	READ	1
0x00124e7d	0x001eaa60	READ	0
0x00124e84	0x00124ed1	CONDITIONAL_JUMP	0
0x00124e86	0xStack[0x4]	READ	1
0x00124e8e	0x00124eaa	CONDITIONAL_JUMP	0
0x00124e94	0x00124eaa	CONDITIONAL_JUMP	0
0x00124e98	0x00124f81	CONDITIONAL_JUMP	0
0x00124ea8	0x00124eb4	CONDITIONAL_JUMP	0
0x00124eaf	0x00124fda	UNCONDITIONAL_JUMP	0
0x00124eb8	0x00124ee0	CONDITIONAL_JUMP	0
0x00124ec5	0x0011edb4	UNCONDITIONAL_CALL	0
0x00124ecf	0x00124edc	CONDITIONAL_JUMP	0
0x00124ed6	0x00124fda	UNCONDITIONAL_JUMP	0
0x00124ee7	0x00124f78	CONDITIONAL_JUMP	0
0x00124ef3	0xStack[-0x10]	WRITE	0
0x00124efe	0x00124f24	CONDITIONAL_JUMP	0
0x00124f00	0x001e8758	READ	1
0x00124f0d	0x00124f24	CONDITIONAL_JUMP	0
0x00124f0f	0xStack[-0x8]	READ	1
0x00124f16	0x00124f24	CONDITIONAL_JUMP	0
0x00124f1d	0x00124fda	UNCONDITIONAL_JUMP	0
0x00124f24	0xStack[-0x8]	READ	1
0x00124f2b	0xStack[-0xc]	WRITE	0
0x00124f32	0x00124f4c	CONDITIONAL_JUMP	0
0x00124f34	0xStack[-0x8]	READ	1
0x00124f3e	0x00124f45	CONDITIONAL_JUMP	0
0x00124f43	0x00124f4c	CONDITIONAL_JUMP	0
0x00124f45	0xStack[-0x10]	WRITE	0
0x00124f4c	0xStack[-0x10]	READ	1
0x00124f5a	0x001eab2c	READ	1
0x00124f62	0x00125488	UNCONDITIONAL_CALL	0
0x00124f6c	0x00124f78	CONDITIONAL_JUMP	0
0x00124f73	0x00124fda	UNCONDITIONAL_JUMP	0
0x00124f7b	0xStack[0x4]	READ	1
0x00124f84	0x00124fd1	CONDITIONAL_JUMP	0
0x00124f94	0x00124f9e	CONDITIONAL_JUMP	0
0x00124f9c	0x00124fa4	CONDITIONAL_JUMP	0
0x00124fb4	0xStack[0x4]	READ	1
0x00124fbd	0x001eab2c	READ	1
0x00124fc5	0x00125488	UNCONDITIONAL_CALL	0
0x00124fcf	0x00124f88	CONDITIONAL_JUMP	0
0x00124fd1	0xStack[0x4]	READ	1
0x00124fda	0xStack[-0x1c]	DATA	0
0x00124fed	0xStack[0x8]	READ	1
0x00124ffc	0x00125008	CONDITIONAL_JUMP	0
0x00125003	0x00125238	UNCONDITIONAL_JUMP	0
0x0012500c	0x00125018	CONDITIONAL_JUMP	0
0x00125013	0x00125238	UNCONDITIONAL_JUMP	0
0x0012501d	0x00125184	CONDITIONAL_JUMP	0
0x00125023	0x001eaa60	READ	1
0x0012502b	0x00125050	CONDITIONAL_JUMP	0
0x00125032	0x0012503c	CONDITIONAL_JUMP	0
0x00125037	0x0012504d	UNCONDITIONAL_JUMP	0
0x0012503f	0x00125050	CONDITIONAL_JUMP	0
0x00125048	0x00125050	CONDITIONAL_JUMP	0
0x00125050	0xStack[0x4]	READ	1
0x00125057	0x00125192	CONDITIONAL_JUMP	0
0x00125067	0xStack[-0x8]	WRITE	0
0x0012506c	0x001250a7	CONDITIONAL_JUMP	0
0x00125074	0x0012507f	CONDITIONAL_JUMP	0
0x0012507d	0x001250b3	CONDITIONAL_JUMP	0
0x0012507f	0xStack[-0x8]	READ	1
0x0012508a	0x00125098	CONDITIONAL_JUMP	0
0x0012508d	0x00121ba0	UNCONDITIONAL_CALL	0
0x00125095	0x001250a1	UNCONDITIONAL_JUMP	0
0x0012509a	0xStack[-0x8]	READ	1
0x001250a7	0xStack[0x4]	READ	1
0x001250b1	0x001250d4	CONDITIONAL_JUMP	0
0x001250b7	0x001250bf	CONDITIONAL_JUMP	0
0x001250bd	0x001250d4	CONDITIONAL_JUMP	0
0x001250cc	0x00121a3c	UNCONDITIONAL_CALL	0
0x001250d8	0x00125100	CONDITIONAL_JUMP	0
0x001250df	0x00125100	CONDITIONAL_JUMP	0
0x001250e5	0x00125100	CONDITIONAL_JUMP	0
0x001250e7	0x001eaa60	READ	1
0x001250ef	0x00125104	CONDITIONAL_JUMP	0
0x001250f7	0x00125100	CONDITIONAL_JUMP	0
0x001250fe	0x001250f4	CONDITIONAL_JUMP	0
0x00125102	0x00125143	CONDITIONAL_JUMP	0
0x0012510f	0x0011ee2c	UNCONDITIONAL_CALL	0
0x0012511f	0x00125143	CONDITIONAL_JUMP	0
0x00125125	0x00123514	UNCONDITIONAL_CALL	0
0x0012512b	0x00123d50	UNCONDITIONAL_CALL	0
0x00125137	0x00125143	CONDITIONAL_JUMP	0
0x00125139	0x001eaa60	READ	1
0x00125141	0x00125184	CONDITIONAL_JUMP	0
0x00125152	0x00125190	CONDITIONAL_JUMP	0
0x00125154	0xStack[0x4]	READ	1
0x0012515c	0x00125190	CONDITIONAL_JUMP	0
0x00125165	0x00125190	CONDITIONAL_JUMP	0
0x00125167	0x001eaa60	READ	1
0x0012516f	0x00125184	CONDITIONAL_JUMP	0
0x00125177	0x00125180	CONDITIONAL_JUMP	0
0x0012517e	0x00125174	CONDITIONAL_JUMP	0
0x00125182	0x00125190	CONDITIONAL_JUMP	0
0x00125189	0x00125238	UNCONDITIONAL_JUMP	0
0x00125194	0xStack[0x4]	READ	1
0x001251a1	0x001251a6	CONDITIONAL_JUMP	0
0x001251b0	0xStack[0x4]	READ	1
0x001251b7	0x00125488	UNCONDITIONAL_CALL	0
0x001251c1	0x001251cc	CONDITIONAL_JUMP	0
0x001251c8	0x00125238	UNCONDITIONAL_JUMP	0
0x001251cc	0xStack[0x4]	READ	1
0x001251d9	0x00125204	CONDITIONAL_JUMP	0
0x001251e3	0x00125204	CONDITIONAL_JUMP	0
0x001251ed	0x001251f8	CONDITIONAL_JUMP	0
0x001251f1	0x001251fd	CONDITIONAL_JUMP	0
0x001251f3	0x00125204	UNCONDITIONAL_JUMP	0
0x001251fb	0x00125204	CONDITIONAL_JUMP	0
0x00125202	0x00125238	UNCONDITIONAL_JUMP	0
0x00125204	0xStack[0x4]	READ	1
0x0012520b	0x00125225	CONDITIONAL_JUMP	0
0x00125212	0x0012521c	CONDITIONAL_JUMP	0
0x00125217	0x00124e60	UNCONDITIONAL_CALL	0
0x0012521f	0xStack[0x4]	READ	1
0x00125228	0xStack[0x4]	READ	1
0x00125238	0xStack[-0x14]	DATA	0
0x00125247	0xStack[0x4]	READ	1
0x0012525e	0x00125266	CONDITIONAL_JUMP	0
0x00125261	0x0012526c	UNCONDITIONAL_CALL	0
0x00125270	0xStack[0x4]	READ	1
0x0012527e	0x00114d4c	UNCONDITIONAL_CALL	0
0x0012528b	0x00125296	CONDITIONAL_JUMP	0
0x0012528e	0x00113ed0	UNCONDITIONAL_CALL	0
0x0012529b	0x001252a6	CONDITIONAL_JUMP	0
0x0012529e	0x00121ba0	UNCONDITIONAL_CALL	0
0x001252aa	0x00128190	UNCONDITIONAL_CALL	0
0x001252c4	0x0015a824	UNCONDITIONAL_CALL	0
0x001252c9	0xStack[-0x8]	READ	1
0x001252d5	0xStack[0x4]	READ	1
0x001252d8	0xStack[0x8]	READ	1
0x001252e7	0x00101600	UNCONDITIONAL_CALL	0
0x001252ff	0xStack[-0xc]	DATA	0
0x0012530d	0xStack[0x4]	READ	1
0x00125310	0xStack[0x8]	READ	1
0x0012531f	0x00101600	UNCONDITIONAL_CALL	0
0x00125337	0xStack[-0xc]	DATA	0
0x00125349	0xStack[0x8]	READ	1
0x0012534c	0xStack[0x18]	READ	1
0x0012534f	0xStack[0xc]	READ	1
0x00125353	0xStack[0x14]	READ	1
0x0012535a	0x0012541b	CONDITIONAL_JUMP	0
0x00125364	0x0012541b	CONDITIONAL_JUMP	0
0x0012536d	0xStack[-0x8]	WRITE	0
0x00125372	0x0012541b	CONDITIONAL_JUMP	0
0x0012537e	0x0012538a	CONDITIONAL_JUMP	0
0x00125383	0x0012538a	CONDITIONAL_JUMP	0
0x00125388	0x001253a1	CONDITIONAL_JUMP	0
0x0012538e	0xStack[0x10]	WRITE	0
0x00125398	0x001253a1	CONDITIONAL_JUMP	0
0x0012539a	0x00125464	DATA	1
0x0012539a	0xStack[0x1c]	WRITE	0
0x001253a1	0x001dbdb9	DATA	1
0x001253a8	0xStack[0x4]	READ	1
0x001253af	0x0012541b	CONDITIONAL_JUMP	0
0x001253b4	0xStack[-0x8]	READ	1
0x001253ba	0x001253e6	CONDITIONAL_JUMP	0
0x001253c0	0x001253e6	CONDITIONAL_JUMP	0
0x001253c5	0x001253cd	CONDITIONAL_JUMP	0
0x001253cb	0x001253e6	CONDITIONAL_JUMP	0
0x001253cd	0xStack[0x10]	READ	0
0x001253d1	0x001253db	CONDITIONAL_JUMP	0
0x001253d3	0xStack[0x10]	READ	1
0x001253d9	0x001253e6	CONDITIONAL_JUMP	0
0x001253de	0x001253ec	CONDITIONAL_JUMP	0
0x001253e4	0x001253ec	CONDITIONAL_JUMP	0
0x001253e8	0x00125416	UNCONDITIONAL_JUMP	0
0x001253ee	0x001253f7	CONDITIONAL_JUMP	0
0x001253fb	0xStack[0x1c]	READ	0
0x001253ff	0x00125416	CONDITIONAL_JUMP	0
0x00125402	0xStack[-0x10]	WRITE	0
0x00125405	0xStack[-0xc]	WRITE	0
0x00125408	0xStack[0x1c]	READ	1
0x0012540b	0x00125464	COMPUTED_CALL	0
0x00125410	0xStack[-0xc]	READ	1
0x00125413	0xStack[-0x10]	READ	1
0x00125416	0xStack[0x4]	READ	0
0x00125419	0x001253b4	CONDITIONAL_JUMP	0
0x0012541b	0xStack[-0x1c]	DATA	0
0x0012542d	0xStack[0x4]	READ	1
0x00125435	0x00125458	CONDITIONAL_JUMP	0
0x0012543b	0x0012544b	CONDITIONAL_JUMP	0
0x00125443	0x00121db0	UNCONDITIONAL_CALL	0
0x0012544c	0x00121ba0	UNCONDITIONAL_CALL	0
0x00125458	0xStack[-0xc]	DATA	0
0x00125468	0xStack[0x4]	READ	1
0x00125470	0x0012547f	CONDITIONAL_JUMP	0
0x00125473	0x00121ba0	UNCONDITIONAL_CALL	0
0x0012547f	0xStack[-0x8]	READ	1
0x00125491	0xStack[0xc]	READ	1
0x00125495	0xStack[-0x8]	WRITE	0
0x00125499	0xStack[0x14]	READ	1
0x0012549d	0xStack[-0xc]	WRITE	0
0x001254a1	0xStack[-0x10]	WRITE	0
0x001254ad	0xStack[0x4]	READ	1
0x001254b4	0x00125546	CONDITIONAL_JUMP	0
0x001254bc	0xStack[-0xc]	READ	1
0x001254c4	0x0012553b	CONDITIONAL_JUMP	0
0x001254cd	0x001254dc	CONDITIONAL_JUMP	0
0x001254cf	0xStack[0x10]	READ	0
0x001254d3	0x001254e2	CONDITIONAL_JUMP	0
0x001254d5	0xStack[0x10]	READ	0
0x001254d8	0x0012553b	CONDITIONAL_JUMP	0
0x001254da	0x001254e7	UNCONDITIONAL_JUMP	0
0x001254dc	0xStack[0x10]	READ	0
0x001254e0	0x001254e7	CONDITIONAL_JUMP	0
0x001254ec	0x00125518	CONDITIONAL_JUMP	0
0x001254ee	0xStack[0x8]	READ	0
0x001254f2	0x0012551e	CONDITIONAL_JUMP	0
0x001254f4	0xStack[-0x8]	READ	1
0x001254fc	0x0012553b	CONDITIONAL_JUMP	0
0x0012550c	0x0012553b	CONDITIONAL_JUMP	0
0x0012550e	0xStack[0x8]	READ	0
0x00125511	0x0012553b	CONDITIONAL_JUMP	0
0x00125513	0x0012551f	UNCONDITIONAL_JUMP	0
0x00125518	0xStack[0x8]	READ	0
0x0012551c	0x0012551f	CONDITIONAL_JUMP	0
0x00125521	0x0012552e	CONDITIONAL_JUMP	0
0x00125523	0xStack[0x18]	READ	1
0x0012552c	0x0012553b	CONDITIONAL_JUMP	0
0x00125530	0x0012553b	CONDITIONAL_JUMP	0
0x00125532	0xStack[-0x10]	WRITE	0
0x00125539	0x00125546	CONDITIONAL_JUMP	0
0x0012553d	0xStack[0x4]	READ	0
0x00125540	0x001254bc	CONDITIONAL_JUMP	0
0x00125546	0xStack[-0x10]	READ	1
0x00125549	0xStack[-0x1c]	DATA	0
0x0012555d	0xStack[0x4]	READ	1
0x00125568	0xStack[-0x8]	WRITE	0
0x0012556b	0xStack[0x8]	READ	0
0x0012556f	0x00125577	CONDITIONAL_JUMP	0
0x00125571	0x001eab30	READ_WRITE	0
0x00125577	0xStack[0x4]	READ	1
0x00125580	0x00125715	CONDITIONAL_JUMP	0
0x0012558a	0x001255c4	CONDITIONAL_JUMP	0
0x0012558c	0xStack[0x8]	READ	0
0x00125590	0x001255c4	CONDITIONAL_JUMP	0
0x00125592	0xStack[-0x8]	READ	1
0x0012559a	0x001255c4	CONDITIONAL_JUMP	0
0x0012559f	0x001255c4	CONDITIONAL_JUMP	0
0x001255a7	0x001255c4	CONDITIONAL_JUMP	0
0x001255af	0x001255c4	CONDITIONAL_JUMP	0
0x001255b7	0x001255c4	CONDITIONAL_JUMP	0
0x001255b9	0x001eab38	READ_WRITE	0
0x001255bf	0x00125715	UNCONDITIONAL_JUMP	0
0x001255c4	0xStack[0x4]	READ	1
0x001255d8	0x00125715	CONDITIONAL_JUMP	0
0x001255df	0x00123d74	UNCONDITIONAL_CALL	0
0x001255e9	0x00125715	CONDITIONAL_JUMP	0
0x001255f3	0x00113dc0	UNCONDITIONAL_CALL	0
0x001255ff	0x00125715	CONDITIONAL_JUMP	0
0x0012560d	0x00125618	CONDITIONAL_JUMP	0
0x00125610	0xStack[-0x8]	READ	1
0x00125613	0xStack[-0xc]	WRITE	0
0x00125616	0x00125621	UNCONDITIONAL_JUMP	0
0x00125618	0xStack[-0x8]	READ	1
0x0012561e	0xStack[-0xc]	WRITE	0
0x00125621	0xStack[-0xc]	READ	1
0x0012563d	0xStack[0x8]	READ	0
0x00125641	0x00125650	CONDITIONAL_JUMP	0
0x00125643	0x001dbce0	DATA	0
0x00125648	0x0010ca6c	UNCONDITIONAL_CALL	0
0x00125650	0xStack[0x8]	READ	1
0x00125653	0x001eab3c	DATA	0
0x0012565a	0xStack[0x8]	READ	1
0x0012565f	0xStack[0x8]	READ	0
0x00125663	0x00125670	CONDITIONAL_JUMP	0
0x00125665	0xStack[0x14]	READ	1
0x0012566d	0x00125677	UNCONDITIONAL_JUMP	0
0x00125677	0xStack[0x8]	READ	0
0x0012567b	0x0012568a	CONDITIONAL_JUMP	0
0x0012567d	0xStack[0xc]	READ	1
0x00125683	0xStack[0xc]	WRITE	0
0x0012568a	0xStack[0xc]	READ	1
0x00125690	0xStack[-0xc]	READ	1
0x00125698	0xStack[0x4]	READ	1
0x0012569c	0x001013cc	UNCONDITIONAL_CALL	0
0x001256a1	0xStack[-0x8]	READ	1
0x001256b8	0xStack[-0x8]	READ	1
0x001256c0	0x001256de	CONDITIONAL_JUMP	0
0x001256c2	0xStack[-0x8]	WRITE	0
0x001256cf	0x001256de	CONDITIONAL_JUMP	0
0x001256d1	0x001dbceb	DATA	0
0x001256d6	0x0010ca6c	UNCONDITIONAL_CALL	0
0x001256de	0xStack[-0x8]	READ	1
0x001256e4	0xStack[-0x8]	READ	1
0x001256f3	0xStack[0x4]	READ	1
0x001256f7	0x001013cc	UNCONDITIONAL_CALL	0
0x00125708	0xStack[0x10]	READ	1
0x0012570d	0x00125bd0	UNCONDITIONAL_CALL	0
0x00125715	0xStack[0x4]	READ	1
0x0012571b	0x001140e0	UNCONDITIONAL_CALL	0
0x00125720	0xStack[-0x18]	DATA	0
0x00125735	0xStack[0x4]	READ	1
0x0012573b	0xStack[-0x8]	WRITE	0
0x0012574a	0xStack[-0xc]	WRITE	0
0x00125750	0x00125760	CONDITIONAL_JUMP	0
0x00125752	0x001eab8c	READ_WRITE	0
0x00125758	0x00125bbc	UNCONDITIONAL_JUMP	0
0x00125763	0x0012576c	CONDITIONAL_JUMP	0
0x00125765	0xStack[-0xc]	READ	1
0x0012576a	0x00125772	UNCONDITIONAL_JUMP	0
0x0012576c	0xStack[-0xc]	READ	1
0x00125772	0xStack[0x4]	READ	1
0x00125779	0x00125783	CONDITIONAL_JUMP	0
0x00125781	0x001257a4	CONDITIONAL_JUMP	0
0x00125784	0xStack[0x4]	READ	1
0x00125788	0x001145a4	UNCONDITIONAL_CALL	0
0x0012578d	0xStack[0x4]	WRITE	0
0x00125795	0x001257a4	CONDITIONAL_JUMP	0
0x00125797	0x001eab8c	READ_WRITE	0
0x0012579d	0x00125bc5	UNCONDITIONAL_JUMP	0
0x001257a4	0xStack[0x4]	READ	1
0x001257aa	0xStack[-0x8]	WRITE	0
0x001257ad	0xStack[-0xc]	READ	1
0x001257b1	0xStack[0x4]	READ	1
0x001257b8	0xStack[-0xc]	READ	1
0x001257c1	0xStack[0x4]	READ	1
0x001257c8	0x0018b2ac	UNCONDITIONAL_CALL	0
0x001257d2	0x001257e0	CONDITIONAL_JUMP	0
0x001257d4	0x001eab90	READ_WRITE	0
0x001257da	0x00125bbc	UNCONDITIONAL_JUMP	0
0x001257e0	0xStack[-0xc]	READ	1
0x001257e4	0xStack[0x4]	READ	1
0x001257eb	0xStack[-0xc]	READ	1
0x001257f5	0x00125b8a	CONDITIONAL_JUMP	0
0x00125800	0x001eab9c	DATA	0
0x00125811	0x00125b8a	CONDITIONAL_JUMP	0
0x00125817	0x00125b8a	COMPUTED_JUMP	-1
0x00125817	0x0012586c	COMPUTED_JUMP	-1
0x00125817	0x00125898	COMPUTED_JUMP	-1
0x00125817	0x00125a1c	COMPUTED_JUMP	-1
0x00125817	0x00125918	COMPUTED_JUMP	-1
0x00125817	0x0012587c	COMPUTED_JUMP	-1
0x00125817	0x0012588c	COMPUTED_JUMP	-1
0x00125817	0x00125920	COMPUTED_JUMP	-1
0x00125817	0x0012593c	COMPUTED_JUMP	-1
0x00125817	0x00125990	COMPUTED_JUMP	-1
0x00125817	0x00125ae0	COMPUTED_JUMP	-1
0x00125817	0x00125820	DATA	0
0x00125820	0x00125b8a	DATA	0
0x00125824	0x00125b8a	DATA	0
0x00125828	0x00125b8a	DATA	0
0x0012582c	0x0012586c	DATA	0
0x00125830	0x00125898	DATA	0
0x00125834	0x00125a1c	DATA	0
0x00125838	0x00125b8a	DATA	0
0x0012583c	0x00125b8a	DATA	0
0x00125840	0x00125918	DATA	0
0x00125844	0x00125b8a	DATA	0
0x00125848	0x00125b8a	DATA	0
0x0012584c	0x0012587c	DATA	0
0x00125850	0x0012588c	DATA	0
0x00125854	0x00125920	DATA	0
0x00125858	0x00125b8a	DATA	0
0x0012585c	0x0012593c	DATA	0
0x00125860	0x00125b8a	DATA	0
0x00125864	0x00125990	DATA	0
0x00125868	0x00125ae0	DATA	0
0x0012586f	0x0012590c	CONDITIONAL_JUMP	0
0x00125878	0x001258a1	UNCONDITIONAL_JUMP	0
0x0012587f	0x0012590c	CONDITIONAL_JUMP	0
0x00125888	0x001258a1	UNCONDITIONAL_JUMP	0
0x0012588e	0x0012590c	CONDITIONAL_JUMP	0
0x00125895	0x001258a1	UNCONDITIONAL_JUMP	0
0x0012589a	0x0012590c	CONDITIONAL_JUMP	0
0x001258b0	0x001258c3	CONDITIONAL_JUMP	0
0x001258c1	0x001258d0	CONDITIONAL_JUMP	0
0x001258c3	0x001eab94	READ_WRITE	0
0x001258c9	0x00125bbc	UNCONDITIONAL_JUMP	0
0x001258d3	0x001dbcfc	WRITE	0
0x001258dd	0x001eabf0	DATA	1
0x001258ea	0x001dbb78	DATA	1
0x001258f2	0x00125b8a	CONDITIONAL_JUMP	0
0x001258fc	0x001dbcf8	DATA	0
0x00125907	0x00125b8a	UNCONDITIONAL_JUMP	0
0x0012590c	0x001eab88	READ_WRITE	0
0x00125912	0x00125b8a	UNCONDITIONAL_JUMP	0
0x0012591b	0x001259ed	UNCONDITIONAL_JUMP	0
0x00125923	0x00125a32	CONDITIONAL_JUMP	0
0x0012592c	0x00125d18	UNCONDITIONAL_CALL	0
0x00125937	0x001259ed	UNCONDITIONAL_JUMP	0
0x0012593c	0xStack[-0x8]	READ	1
0x00125943	0x00123514	UNCONDITIONAL_CALL	0
0x0012594d	0x00125989	CONDITIONAL_JUMP	0
0x0012594f	0xStack[0x8]	READ	1
0x00125953	0x00125c80	UNCONDITIONAL_CALL	0
0x0012595f	0x00125989	CONDITIONAL_JUMP	0
0x00125961	0xStack[-0x8]	READ	1
0x00125968	0x0012359c	UNCONDITIONAL_CALL	0
0x00125972	0x00123514	UNCONDITIONAL_CALL	0
0x0012597b	0x001234ac	UNCONDITIONAL_CALL	0
0x00125980	0xStack[-0x8]	READ	1
0x0012598c	0x001259ed	UNCONDITIONAL_JUMP	0
0x00125993	0x00125b8a	CONDITIONAL_JUMP	0
0x00125999	0xStack[0x8]	READ	1
0x0012599d	0x00125c80	UNCONDITIONAL_CALL	0
0x001259a9	0x00125b8a	CONDITIONAL_JUMP	0
0x001259b3	0x00125b8a	CONDITIONAL_JUMP	0
0x001259c4	0xStack[-0x8]	READ	1
0x001259cb	0x001259ed	CONDITIONAL_JUMP	0
0x001259d6	0x001259e0	CONDITIONAL_JUMP	0
0x001259de	0x001259ed	UNCONDITIONAL_JUMP	0
0x001259e2	0x001259ed	CONDITIONAL_JUMP	0
0x001259e7	0xStack[-0x8]	READ	1
0x001259ed	0xStack[-0xc]	READ	1
0x001259f1	0xStack[-0x8]	READ	1
0x001259f8	0x001eab98	READ_WRITE	0
0x00125a01	0x001eab84	READ_WRITE	0
0x00125a01	0x001eab7c	READ_WRITE	0
0x00125a01	0x001eab74	READ_WRITE	0
0x00125a01	0x001eab3c	DATA	0
0x00125a08	0xStack[0x8]	READ	1
0x00125a0c	0xStack[-0x8]	READ	1
0x00125a10	0x00125bd0	UNCONDITIONAL_CALL	0
0x00125a15	0x00125bc5	UNCONDITIONAL_JUMP	0
0x00125a1f	0x00125a32	CONDITIONAL_JUMP	0
0x00125a30	0x00125a40	CONDITIONAL_JUMP	0
0x00125a32	0x001eab94	READ_WRITE	0
0x00125a38	0x00125b8a	UNCONDITIONAL_JUMP	0
0x00125a40	0xStack[-0x8]	READ	1
0x00125a46	0x001dbd1c	WRITE	0
0x00125a4f	0x001dbd0c	WRITE	0
0x00125a57	0x00125a5e	CONDITIONAL_JUMP	0
0x00125a5c	0x00125aac	CONDITIONAL_JUMP	0
0x00125a64	0x00123514	UNCONDITIONAL_CALL	0
0x00125a6d	0x001234ac	UNCONDITIONAL_CALL	0
0x00125a72	0x001dbcfc	WRITE	0
0x00125a77	0x001dbd18	DATA	0
0x00125a7e	0x001dbd08	DATA	0
0x00125a83	0x001dbcf8	DATA	0
0x00125a88	0x00121bdc	UNCONDITIONAL_CALL	0
0x00125a90	0x001dbcfc	WRITE	0
0x00125a96	0x001dbcf8	DATA	0
0x00125a9d	0x00113a68	UNCONDITIONAL_CALL	0
0x00125aa5	0x00125b8a	UNCONDITIONAL_JUMP	0
0x00125aaf	0x001dbcfc	WRITE	0
0x00125ab5	0x001dbd18	DATA	0
0x00125abc	0x001dbd08	DATA	0
0x00125ac1	0x001dbcf8	DATA	0
0x00125ac6	0x00121bdc	UNCONDITIONAL_CALL	0
0x00125acb	0x001dbcf8	DATA	0
0x00125ad2	0x00113a68	UNCONDITIONAL_CALL	0
0x00125ada	0x00125b8a	UNCONDITIONAL_JUMP	0
0x00125ae0	0xStack[0x8]	READ	1
0x00125ae4	0x00125c80	UNCONDITIONAL_CALL	0
0x00125af0	0x00125b8a	CONDITIONAL_JUMP	0
0x00125afc	0x00125b8a	CONDITIONAL_JUMP	0
0x00125b0a	0x00125b8a	CONDITIONAL_JUMP	0
0x00125b16	0x00125b8a	CONDITIONAL_JUMP	0
0x00125b22	0x00125b8a	CONDITIONAL_JUMP	0
0x00125b31	0x00125b8a	CONDITIONAL_JUMP	0
0x00125b3d	0x00123adc	UNCONDITIONAL_CALL	0
0x00125b47	0x00125b58	CONDITIONAL_JUMP	0
0x00125b49	0x001dbd28	DATA	0
0x00125b4e	0x0010c0d8	UNCONDITIONAL_CALL	0
0x00125b56	0x00125b8a	UNCONDITIONAL_JUMP	0
0x00125b58	0xStack[-0x8]	READ	1
0x00125b5f	0x00123dc4	UNCONDITIONAL_CALL	0
0x00125b69	0xStack[0x8]	READ	1
0x00125b74	0x001dbd4b	DATA	0
0x00125b79	0x0010c0d8	UNCONDITIONAL_CALL	0
0x00125b82	0x0010ab38	UNCONDITIONAL_CALL	0
0x00125b8a	0xStack[-0x8]	READ	1
0x00125b90	0x001dbcfc	WRITE	0
0x00125b96	0xStack[-0x8]	READ	1
0x00125b9c	0x001dbd0c	WRITE	0
0x00125ba2	0x001dbd08	DATA	0
0x00125ba7	0x001dbcf8	DATA	0
0x00125bac	0x001dbcf4	DATA	0
0x00125bb1	0xStack[0x4]	READ	1
0x00125bb5	0x0012157c	UNCONDITIONAL_CALL	0
0x00125bba	0x00125bc5	UNCONDITIONAL_JUMP	0
0x00125bbc	0xStack[0x4]	READ	1
0x00125bc0	0x001140e0	UNCONDITIONAL_CALL	0
0x00125bc5	0xStack[-0x18]	DATA	0
0x00125bd9	0xStack[0x4]	READ	1
0x00125bea	0xStack[-0x8]	WRITE	0
0x00125bf6	0x001eaa60	READ	1
0x00125bfe	0x00125c1e	CONDITIONAL_JUMP	0
0x00125c03	0x00125c1a	CONDITIONAL_JUMP	0
0x00125c0c	0x00125c13	CONDITIONAL_JUMP	0
0x00125c11	0x00125c1a	CONDITIONAL_JUMP	0
0x00125c18	0x00125c00	CONDITIONAL_JUMP	0
0x00125c1c	0x00125c36	CONDITIONAL_JUMP	0
0x00125c1e	0xStack[0x8]	READ	1
0x00125c22	0x00125c80	UNCONDITIONAL_CALL	0
0x00125c2e	0x00125c36	CONDITIONAL_JUMP	0
0x00125c30	0x001eaa60	READ	1
0x00125c40	0xStack[-0x8]	READ	0
0x00125c44	0x00125c60	CONDITIONAL_JUMP	0
0x00125c46	0x00126d80	UNCONDITIONAL_CALL	0
0x00125c4d	0xStack[-0x8]	READ	1
0x00125c58	0x00126e1c	UNCONDITIONAL_CALL	0
0x00125c62	0x00125ca4	UNCONDITIONAL_CALL	0
0x00125c6c	0x00125c74	CONDITIONAL_JUMP	0
0x00125c6f	0x00113ed0	UNCONDITIONAL_CALL	0
0x00125c74	0xStack[-0x14]	DATA	0
0x00125c83	0xStack[0x4]	READ	1
0x00125c86	0x001eaa60	READ	1
0x00125c8d	0x00125c9c	CONDITIONAL_JUMP	0
0x00125c93	0x00125c9e	CONDITIONAL_JUMP	0
0x00125c9a	0x00125c90	CONDITIONAL_JUMP	0
0x00125caa	0xStack[0x4]	READ	1
0x00125ce2	0x0018b2ac	UNCONDITIONAL_CALL	0
0x00125d04	0xStack[0x8]	READ	1
0x00125d09	0x00127280	UNCONDITIONAL_CALL	0
0x00125d0e	0xStack[-0x10]	DATA	0
0x00125d20	0xStack[-0xc]	DATA	0
0x00125d24	0x00160844	UNCONDITIONAL_CALL	0
0x00125d29	0xStack[-0xc]	READ	1
0x00125d3b	0xStack[-0x10]	WRITE	0
0x00125d41	0xStack[-0x10]	WRITE	0
0x00125d47	0xStack[-0x10]	WRITE	0
0x00125d4a	0xStack[-0x8]	READ	1
0x00125d59	0xStack[-0x10]	READ	1
0x00125d65	0xStack[-0x18]	DATA	0
0x00125d79	0xStack[0x4]	READ	1
0x00125d7c	0xStack[0x8]	READ	1
0x00125d7f	0xStack[-0x18]	WRITE	0
0x00125d8a	0x00125d90	CONDITIONAL_JUMP	0
0x00125d8e	0x00125da0	CONDITIONAL_JUMP	0
0x00125d92	0x00125f4a	UNCONDITIONAL_JUMP	0
0x00125d98	0xStack[-0x1c]	WRITE	0
0x00125d9b	0x00125dbf	UNCONDITIONAL_JUMP	0
0x00125da0	0x001eaa60	READ	1
0x00125da7	0x00125db8	CONDITIONAL_JUMP	0
0x00125daf	0x00125d98	CONDITIONAL_JUMP	0
0x00125db6	0x00125dac	CONDITIONAL_JUMP	0
0x00125db8	0xStack[-0x1c]	WRITE	0
0x00125dbf	0xStack[-0x1c]	READ	0
0x00125dc3	0x00125dd0	CONDITIONAL_JUMP	0
0x00125dca	0x00125f3e	UNCONDITIONAL_JUMP	0
0x00125dd4	0x00113dc0	UNCONDITIONAL_CALL	0
0x00125de0	0x00125dec	CONDITIONAL_JUMP	0
0x00125de7	0x00125f3e	UNCONDITIONAL_JUMP	0
0x00125e02	0x00101600	UNCONDITIONAL_CALL	0
0x00125e1b	0xStack[-0x18]	READ	0
0x00125e1f	0x00125e40	CONDITIONAL_JUMP	0
0x00125e24	0xStack[-0x1c]	READ	1
0x00125e31	0x00125e43	CONDITIONAL_JUMP	0
0x00125e38	0x00125f3e	UNCONDITIONAL_JUMP	0
0x00125e57	0x0018b2ac	UNCONDITIONAL_CALL	0
0x00125e71	0x001eaa88	READ	1
0x00125e77	0x001eaa88	READ_WRITE	0
0x00125e91	0xStack[-0x1c]	READ	1
0x00125eb7	0x0018b2ac	UNCONDITIONAL_CALL	0
0x00125ec0	0xStack[-0x14]	WRITE	0
0x00125ec6	0xStack[-0x12]	WRITE	0
0x00125ecc	0xStack[-0x10]	WRITE	0
0x00125ed6	0xStack[0xc]	READ	0
0x00125eda	0x00125f03	CONDITIONAL_JUMP	0
0x00125edc	0xStack[0xc]	READ	1
0x00125edf	0x001dee30	READ	1
0x00125ee7	0xStack[-0x1c]	READ	1
0x00125eee	0x0010ab38	DATA	0
0x00125ef3	0x00103658	UNCONDITIONAL_CALL	0
0x00125efb	0x0010a588	UNCONDITIONAL_CALL	0
0x00125f03	0xStack[-0x14]	DATA	0
0x00125f09	0x00121138	UNCONDITIONAL_CALL	0
0x00125f15	0xStack[-0x18]	READ	0
0x00125f19	0x00125f3e	CONDITIONAL_JUMP	0
0x00125f1b	0x001dee30	READ	1
0x00125f22	0xStack[-0x1c]	READ	1
0x00125f29	0x0010ab38	DATA	0
0x00125f2e	0x00103658	UNCONDITIONAL_CALL	0
0x00125f36	0x0010a588	UNCONDITIONAL_CALL	0
0x00125f40	0x00125f48	CONDITIONAL_JUMP	0
0x00125f43	0x001140e0	UNCONDITIONAL_CALL	0
0x00125f4a	0xStack[-0x28]	DATA	0
0x00125f66	0x001139e4	UNCONDITIONAL_CALL	0
0x00125f72	0x00125f81	CONDITIONAL_JUMP	0
0x00125f74	0x001dbd84	DATA	0
0x00125f79	0x0010ca6c	UNCONDITIONAL_CALL	0
0x00125f83	0x001dbb64	DATA	1
0x00125faa	0x001eacef	DATA	1
0x00125fb0	0x001eacef	WRITE	0
0x00125fb0	0x001eacee	WRITE	0
0x00125fb4	0x00125fb0	CONDITIONAL_JUMP	0
0x00125fb6	0x001dbcc8	READ	1
0x00125fbc	0x001dbccc	READ	0
0x00125fc2	0x00126019	CONDITIONAL_JUMP	0
0x00125fc4	0x001dbb6c	DATA	1
0x00125fc8	0x001dbb68	READ	1
0x00125fc8	0x001dbb98	READ	1
0x00125fcb	0x001dbcb4	READ	0
0x00125fce	0x0012600b	CONDITIONAL_JUMP	0
0x00125fd0	0x001dbb6c	READ	1
0x00125fd0	0x001dbb9c	READ	1
0x00125fd6	0x0012600b	CONDITIONAL_JUMP	0
0x00125fdc	0x0012600b	CONDITIONAL_JUMP	0
0x00125fe3	0x001dbb64	DATA	1
0x00126005	0x001eabf0	DATA	0
0x00126011	0x001dbccc	READ	0
0x00126017	0x00125fc8	CONDITIONAL_JUMP	0
0x00126019	0x001eaa94	WRITE	0
0x00126019	0x001eaa90	DATA	1
0x00126023	0x001eaa90	WRITE	0
0x00126023	0x001eaa90	WRITE	1
0x0012602d	0xStack[-0xc]	DATA	0
0x00126031	0x0010ac84	UNCONDITIONAL_CALL	0
0x00126036	0xStack[-0xc]	READ	1
0x0012603a	0x001eaa88	WRITE	0
0x00126041	0x001dbd7c	READ	1
0x00126047	0x001eaa7c	WRITE	0
0x0012604d	0xStack[-0x18]	DATA	0
0x00126061	0xStack[-0xc]	WRITE	0
0x00126068	0x0018b970	UNCONDITIONAL_CALL	0
0x0012606d	0xStack[-0x10]	WRITE	0
0x00126070	0x001eaa70	READ	1
0x00126078	0x00126152	CONDITIONAL_JUMP	0
0x00126081	0x001eaa70	WRITE	0
0x00126088	0x00126094	CONDITIONAL_JUMP	0
0x0012608a	0x001eaa74	WRITE	0
0x0012609b	0x001eaa78	READ_WRITE	0
0x001260a7	0xStack[-0xc]	WRITE	0
0x001260bc	0x00126152	CONDITIONAL_JUMP	0
0x001260c2	0x0018b970	UNCONDITIONAL_CALL	0
0x001260c7	0xStack[-0x14]	WRITE	0
0x001260cf	0x001260de	CONDITIONAL_JUMP	0
0x001260d1	0x001dbda0	DATA	0
0x001260d6	0x0010ca6c	UNCONDITIONAL_CALL	0
0x001260e2	0x001e917c	DATA	0
0x001260ea	0x001e917c	READ_WRITE	0
0x001260fb	0x00126106	CONDITIONAL_JUMP	0
0x001260fe	0x00114a48	UNCONDITIONAL_CALL	0
0x00126108	0x001e93d4	READ	1
0x0012611e	0x001e93d4	WRITE	0
0x00126124	0xStack[-0x14]	READ	1
0x00126128	0x0018b544	UNCONDITIONAL_CALL	0
0x00126130	0x001e9154	READ	0
0x00126137	0x00126150	CONDITIONAL_JUMP	0
0x00126139	0x001e9154	WRITE	0
0x00126143	0x001e93d4	DATA	0
0x00126148	0x0010ab38	UNCONDITIONAL_CALL	0
0x00126152	0xStack[-0x10]	READ	1
0x00126156	0x0018b544	UNCONDITIONAL_CALL	0
0x00126160	0x00126528	CONDITIONAL_JUMP	0
0x00126166	0x001eaa60	READ	0
0x0012616d	0x00126518	CONDITIONAL_JUMP	0
0x00126173	0x001eaab0	READ_WRITE	0
0x0012617d	0x00126186	CONDITIONAL_JUMP	0
0x00126184	0x001261a4	CONDITIONAL_JUMP	0
0x00126189	0x001145a4	UNCONDITIONAL_CALL	0
0x00126195	0x001261a4	CONDITIONAL_JUMP	0
0x00126197	0x001eaabc	READ_WRITE	0
0x0012619d	0x00126068	UNCONDITIONAL_JUMP	0
0x001261b1	0xStack[-0x14]	WRITE	0
0x001261b7	0x001261c4	CONDITIONAL_JUMP	0
0x001261b9	0x001eaac0	READ_WRITE	0
0x001261bf	0x00126518	UNCONDITIONAL_JUMP	0
0x001261c8	0xStack[-0x14]	READ	0
0x001261cb	0x001261f1	CONDITIONAL_JUMP	0
0x001261cd	0xStack[-0x14]	READ	1
0x001261d2	0x001145a4	UNCONDITIONAL_CALL	0
0x001261de	0x001261ec	CONDITIONAL_JUMP	0
0x001261e0	0x001eaac0	READ_WRITE	0
0x001261e6	0x00126068	UNCONDITIONAL_JUMP	0
0x001261f1	0x001dbd8c	READ	0
0x001261f8	0x0012621c	CONDITIONAL_JUMP	0
0x001261fa	0xStack[-0x14]	READ	1
0x001261ff	0x0018b2ac	UNCONDITIONAL_CALL	0
0x0012620e	0x0012621c	CONDITIONAL_JUMP	0
0x00126210	0x001eaab4	READ_WRITE	0
0x00126216	0x00126518	UNCONDITIONAL_JUMP	0
0x00126229	0xStack[-0x14]	READ	0
0x0012622c	0x0012623c	CONDITIONAL_JUMP	0
0x0012622e	0x001eaac4	READ_WRITE	0
0x00126234	0x00126518	UNCONDITIONAL_JUMP	0
0x00126258	0xStack[-0x8]	WRITE	0
0x00126266	0x00126275	CONDITIONAL_JUMP	0
0x00126273	0x00126268	CONDITIONAL_JUMP	0
0x00126277	0x001262b1	CONDITIONAL_JUMP	0
0x00126279	0x0012628c	CONDITIONAL_JUMP	0
0x0012627b	0x001eaab8	READ_WRITE	0
0x00126281	0xStack[-0x8]	READ	1
0x00126284	0x00126518	UNCONDITIONAL_JUMP	0
0x00126295	0x001262a0	CONDITIONAL_JUMP	0
0x0012629e	0x001262b1	UNCONDITIONAL_JUMP	0
0x001262a5	0xStack[-0x8]	READ	1
0x001262a9	0x001144ec	UNCONDITIONAL_CALL	0
0x001262b1	0xStack[-0x8]	READ	1
0x001262b4	0x001dbd80	WRITE	0
0x001262be	0xStack[-0x14]	READ	0
0x001262c2	0x001262d9	CONDITIONAL_JUMP	0
0x001262c4	0xStack[-0xc]	READ	1
0x001262c9	0x0012696c	UNCONDITIONAL_CALL	0
0x001262d3	0x00126068	CONDITIONAL_JUMP	0
0x001262d9	0xStack[-0xc]	READ	1
0x001262e0	0x0012631e	CONDITIONAL_JUMP	0
0x001262e6	0x001262ef	CONDITIONAL_JUMP	0
0x001262ed	0x00126300	CONDITIONAL_JUMP	0
0x001262f2	0x001145a4	UNCONDITIONAL_CALL	0
0x001262fe	0x0012631e	CONDITIONAL_JUMP	0
0x00126309	0x0012631e	CONDITIONAL_JUMP	0
0x00126318	0x00126428	CONDITIONAL_JUMP	0
0x0012631e	0x001eaa60	READ	1
0x00126326	0x0012636d	CONDITIONAL_JUMP	0
0x0012632f	0x00126428	CONDITIONAL_JUMP	0
0x0012633c	0x00126366	CONDITIONAL_JUMP	0
0x00126341	0x00126428	CONDITIONAL_JUMP	0
0x0012634a	0x00126428	CONDITIONAL_JUMP	0
0x00126357	0x00126428	CONDITIONAL_JUMP	0
0x00126360	0x00126428	CONDITIONAL_JUMP	0
0x0012636b	0x0012632c	CONDITIONAL_JUMP	0
0x0012637e	0x0012640c	CONDITIONAL_JUMP	0
0x00126384	0x001dbf54	READ	0
0x0012638b	0x001263c6	CONDITIONAL_JUMP	0
0x00126399	0xStack[-0xc]	READ	1
0x0012639e	0x0012c1f8	UNCONDITIONAL_CALL	0
0x001263a8	0x001263b4	CONDITIONAL_JUMP	0
0x001263af	0x00126519	UNCONDITIONAL_JUMP	0
0x001263c4	0x00126428	CONDITIONAL_JUMP	0
0x001263c6	0x001eaa60	READ	1
0x001263cd	0x001263ff	CONDITIONAL_JUMP	0
0x001263d0	0xStack[-0xc]	READ	1
0x001263d6	0x001263df	CONDITIONAL_JUMP	0
0x001263dd	0x001263d0	CONDITIONAL_JUMP	0
0x001263e1	0x001263ff	CONDITIONAL_JUMP	0
0x001263e8	0x001263ff	CONDITIONAL_JUMP	0
0x001263f2	0x001263fb	CONDITIONAL_JUMP	0
0x001263f9	0x001263f0	CONDITIONAL_JUMP	0
0x001263fd	0x00126428	CONDITIONAL_JUMP	0
0x00126404	0x00126519	UNCONDITIONAL_JUMP	0
0x0012640f	0x00126428	CONDITIONAL_JUMP	0
0x00126413	0x00126428	CONDITIONAL_JUMP	0
0x00126415	0xStack[-0xc]	READ	1
0x0012641a	0x00126e90	UNCONDITIONAL_CALL	0
0x00126422	0x00126068	UNCONDITIONAL_JUMP	0
0x0012642e	0x001264d0	CONDITIONAL_JUMP	0
0x00126434	0x001eaa90	READ	1
0x0012643a	0x001eaa90	DATA	1
0x00126440	0x00126470	CONDITIONAL_JUMP	0
0x0012644c	0x00126466	CONDITIONAL_JUMP	0
0x00126454	0x00126466	CONDITIONAL_JUMP	0
0x0012645c	0x00126466	CONDITIONAL_JUMP	0
0x00126464	0x00126472	CONDITIONAL_JUMP	0
0x00126468	0x001eaa90	DATA	1
0x0012646e	0x00126448	CONDITIONAL_JUMP	0
0x00126472	0xStack[-0x14]	READ	1
0x00126482	0x00126488	CONDITIONAL_JUMP	0
0x00126498	0x0012649f	CONDITIONAL_JUMP	0
0x0012649d	0x001264c0	CONDITIONAL_JUMP	0
0x0012649f	0x001eaac8	READ_WRITE	0
0x001264a7	0x00126534	UNCONDITIONAL_CALL	0
0x001264b3	0x00126068	CONDITIONAL_JUMP	0
0x001264be	0x001264d8	UNCONDITIONAL_JUMP	0
0x001264c2	0x001264d8	CONDITIONAL_JUMP	0
0x001264c5	0x001267c4	UNCONDITIONAL_CALL	0
0x001264cd	0x001264d8	UNCONDITIONAL_JUMP	0
0x001264d0	0xStack[-0x14]	READ	1
0x001264d8	0xStack[-0x8]	WRITE	0
0x001264db	0xStack[-0x8]	DATA	0
0x001264df	0x0015dc34	UNCONDITIONAL_CALL	0
0x001264e9	0x00126068	CONDITIONAL_JUMP	0
0x001264f3	0x001eabf0	DATA	1
0x00126500	0xStack[-0xc]	READ	1
0x00126504	0xStack[-0x8]	READ	1
0x00126508	0x001dbb70	DATA	1
0x00126513	0x00126068	UNCONDITIONAL_JUMP	0
0x00126519	0x001140e0	UNCONDITIONAL_CALL	0
0x00126521	0x00126068	UNCONDITIONAL_JUMP	0
0x00126528	0xStack[-0x20]	DATA	0
0x0012653d	0xStack[0x8]	READ	1
0x00126540	0xStack[0x4]	READ	1
0x00126546	0xStack[-0xc]	WRITE	0
0x00126549	0xStack[0x4]	READ	1
0x00126569	0x00126600	CONDITIONAL_JUMP	0
0x00126573	0x00113dc0	UNCONDITIONAL_CALL	0
0x0012657d	0x001267a8	CONDITIONAL_JUMP	0
0x00126588	0x001eaa90	READ	1
0x00126590	0x001eaa90	DATA	1
0x00126597	0x001eaa90	READ	1
0x0012659f	0x001eaa90	WRITE	0
0x001265bd	0xStack[0x4]	READ	1
0x001265c6	0xStack[0x4]	READ	1
0x001265d1	0x001266b8	UNCONDITIONAL_JUMP	0
0x001265d8	0xStack[-0x10]	READ	1
0x001265e0	0xStack[-0x10]	READ	1
0x001265e8	0xStack[-0x10]	READ	1
0x001265f1	0x001144ec	UNCONDITIONAL_CALL	0
0x001265f9	0x001266b8	UNCONDITIONAL_JUMP	0
0x00126605	0x0012661d	CONDITIONAL_JUMP	0
0x00126607	0xStack[0x4]	READ	1
0x00126614	0x0012661d	CONDITIONAL_JUMP	0
0x0012661b	0x00126610	CONDITIONAL_JUMP	0
0x00126622	0x001266b4	CONDITIONAL_JUMP	0
0x00126632	0xStack[0x4]	READ	1
0x0012663b	0xStack[-0x10]	WRITE	0
0x00126640	0x001266b4	CONDITIONAL_JUMP	0
0x00126646	0xStack[-0x10]	READ	0
0x00126649	0x001267a8	CONDITIONAL_JUMP	0
0x0012664f	0xStack[-0x10]	READ	1
0x00126653	0xStack[0x4]	READ	1
0x00126659	0x001144ec	UNCONDITIONAL_CALL	0
0x0012665e	0xStack[-0x10]	READ	1
0x00126666	0xStack[-0x10]	READ	1
0x0012666e	0x001266b1	UNCONDITIONAL_JUMP	0
0x00126670	0xStack[0x4]	READ	1
0x00126683	0x001266b8	CONDITIONAL_JUMP	0
0x00126687	0xStack[-0x10]	WRITE	0
0x00126691	0xStack[-0x10]	READ	0
0x00126694	0x001265d8	CONDITIONAL_JUMP	0
0x001266a3	0x001140e0	UNCONDITIONAL_CALL	0
0x001266ac	0x00126838	UNCONDITIONAL_CALL	0
0x001266b6	0x00126670	CONDITIONAL_JUMP	0
0x001266bc	0xStack[0x4]	READ	1
0x001266c0	0x00126814	UNCONDITIONAL_CALL	0
0x001266c5	0xStack[-0x10]	WRITE	0
0x001266d4	0x001266f3	CONDITIONAL_JUMP	0
0x001266dc	0xStack[-0x10]	READ	0
0x001266df	0x001267b7	CONDITIONAL_JUMP	0
0x001266e9	0xStack[-0x10]	READ_WRITE	0
0x001266f1	0x001266d8	CONDITIONAL_JUMP	0
0x001266fa	0x00126704	CONDITIONAL_JUMP	0
0x001266fe	0x001267b9	UNCONDITIONAL_JUMP	0
0x0012670c	0xStack[-0xc]	WRITE	0
0x00126719	0x001143e0	UNCONDITIONAL_CALL	0
0x00126721	0x00126735	UNCONDITIONAL_JUMP	0
0x0012672c	0xStack[-0xc]	READ	1
0x00126730	0x001143e0	UNCONDITIONAL_CALL	0
0x0012673a	0x00126724	CONDITIONAL_JUMP	0
0x0012673f	0xStack[0x4]	WRITE	0
0x00126742	0xStack[-0x10]	READ	1
0x0012675b	0x001eaa90	DATA	1
0x00126763	0x001eaa90	WRITE	0
0x0012676a	0x00113ed0	UNCONDITIONAL_CALL	0
0x0012676f	0xStack[0x4]	READ	1
0x00126775	0xStack[-0xc]	WRITE	0
0x00126778	0xStack[0x4]	READ	1
0x001267a0	0xStack[0x4]	READ	1
0x001267a3	0x001267b9	UNCONDITIONAL_JUMP	0
0x001267a8	0x001eaacc	READ_WRITE	0
0x001267ae	0xStack[-0xc]	READ	1
0x001267b2	0x001140e0	UNCONDITIONAL_CALL	0
0x001267b9	0xStack[-0x1c]	DATA	0
0x001267ca	0xStack[0x4]	READ	1
0x001267d2	0x001267f0	CONDITIONAL_JUMP	0
0x001267d8	0x00126838	UNCONDITIONAL_CALL	0
0x001267e2	0x001140e0	UNCONDITIONAL_CALL	0
0x001267ee	0x001267d4	CONDITIONAL_JUMP	0
0x00126804	0x00113ed0	UNCONDITIONAL_CALL	0
0x00126809	0xStack[-0x10]	DATA	0
0x00126818	0xStack[0x4]	READ	1
0x0012681b	0xStack[0x8]	READ	1
0x00126830	0xStack[-0x8]	READ	1
0x0012683b	0xStack[0x4]	READ	1
0x0012685d	0x0018b958	UNCONDITIONAL_CALL	0
0x00126862	0xStack[-0x8]	WRITE	0
0x00126865	0x001eaa90	READ	1
0x0012686d	0x001268d8	CONDITIONAL_JUMP	0
0x00126870	0x001268e4	UNCONDITIONAL_JUMP	0
0x00126880	0x001268d8	CONDITIONAL_JUMP	0
0x00126882	0x001eaad0	READ_WRITE	0
0x00126890	0x001268b6	CONDITIONAL_JUMP	0
0x00126898	0xStack[-0xc]	WRITE	0
0x0012689b	0x00126838	UNCONDITIONAL_CALL	0
0x001268a5	0x001140e0	UNCONDITIONAL_CALL	0
0x001268af	0xStack[-0xc]	READ	1
0x001268b4	0x00126894	CONDITIONAL_JUMP	0
0x001268ca	0xStack[-0xc]	WRITE	0
0x001268cd	0x00113ed0	UNCONDITIONAL_CALL	0
0x001268d5	0xStack[-0xc]	READ	1
0x001268d8	0x001eaa90	DATA	1
0x001268de	0x00126874	CONDITIONAL_JUMP	0
0x001268e0	0xStack[-0x8]	READ	1
0x001268e4	0x0018b544	UNCONDITIONAL_CALL	0
0x001268e9	0xStack[-0x18]	DATA	0
0x001268fa	0x001eaa90	READ	0
0x001268fa	0x001eaa90	READ	1
0x00126904	0x00126960	CONDITIONAL_JUMP	0
0x00126908	0x001eaacc	READ_WRITE	0
0x0012690e	0x001eaa90	READ	1
0x00126919	0x00126938	CONDITIONAL_JUMP	0
0x00126920	0x00126838	UNCONDITIONAL_CALL	0
0x0012692a	0x001140e0	UNCONDITIONAL_CALL	0
0x00126936	0x0012691c	CONDITIONAL_JUMP	0
0x0012694c	0x00113ed0	UNCONDITIONAL_CALL	0
0x00126954	0x001eaa90	READ	0
0x00126954	0x001eaa90	READ	1
0x0012695e	0x00126908	CONDITIONAL_JUMP	0
0x00126960	0xStack[-0x10]	DATA	0
0x00126975	0xStack[-0x14]	WRITE	0
0x0012697c	0xStack[0x4]	READ	1
0x00126982	0xStack[0x4]	READ	1
0x00126991	0xStack[-0x10]	WRITE	0
0x00126996	0x00126c55	CONDITIONAL_JUMP	0
0x0012699f	0xStack[-0x20]	WRITE	0
0x001269a4	0x00126c55	CONDITIONAL_JUMP	0
0x001269ad	0x001269b8	CONDITIONAL_JUMP	0
0x001269af	0xStack[-0xc]	WRITE	0
0x001269b6	0x001269d4	UNCONDITIONAL_JUMP	0
0x001269bc	0xStack[-0xc]	WRITE	0
0x001269c1	0x001269ca	CONDITIONAL_JUMP	0
0x001269c3	0xStack[-0x10]	READ	1
0x001269c8	0x001269d4	CONDITIONAL_JUMP	0
0x001269ca	0xStack[0x4]	READ	1
0x001269ce	0x00126c72	UNCONDITIONAL_JUMP	0
0x001269d4	0xStack[-0x20]	READ	0
0x001269d8	0x00126b44	CONDITIONAL_JUMP	0
0x001269de	0x001269f0	CONDITIONAL_JUMP	0
0x001269e0	0xStack[-0x20]	READ	0
0x001269e4	0x00126ae4	CONDITIONAL_JUMP	0
0x001269ea	0x00126c43	UNCONDITIONAL_JUMP	0
0x001269f0	0xStack[-0x20]	READ	0
0x001269f7	0x00126a06	CONDITIONAL_JUMP	0
0x001269f9	0xStack[-0x20]	READ	0
0x00126a00	0x00126c43	CONDITIONAL_JUMP	0
0x00126a0d	0x00126c6c	CONDITIONAL_JUMP	0
0x00126a13	0xStack[0x4]	READ	1
0x00126a19	0x001dbd94	WRITE	0
0x00126a1f	0x001dbd90	DATA	0
0x00126a24	0x0011edb4	UNCONDITIONAL_CALL	0
0x00126a30	0x00126a44	CONDITIONAL_JUMP	0
0x00126a32	0xStack[-0x20]	READ	0
0x00126a39	0x00126c43	CONDITIONAL_JUMP	0
0x00126a3f	0x00126aad	UNCONDITIONAL_JUMP	0
0x00126a45	0xStack[-0xc]	READ	1
0x00126a4d	0x00126a64	CONDITIONAL_JUMP	0
0x00126a4f	0xStack[0x4]	READ	1
0x00126a57	0x00126d24	UNCONDITIONAL_CALL	0
0x00126a5f	0x00126c43	UNCONDITIONAL_JUMP	0
0x00126a66	0x001dbd94	DATA	0
0x00126a6e	0x001013cc	UNCONDITIONAL_CALL	0
0x00126a76	0xStack[-0x20]	READ	0
0x00126a7d	0x00126a98	CONDITIONAL_JUMP	0
0x00126a7f	0x001dbd94	READ	1
0x00126a86	0x00123514	UNCONDITIONAL_CALL	0
0x00126a8c	0x00123d50	UNCONDITIONAL_CALL	0
0x00126a96	0x00126aad	CONDITIONAL_JUMP	0
0x00126a98	0x001dbd94	READ	1
0x00126a9f	0x00126c9c	UNCONDITIONAL_CALL	0
0x00126aab	0x00126ac0	CONDITIONAL_JUMP	0
0x00126aad	0xStack[-0x14]	WRITE	0
0x00126ab9	0x00126c76	UNCONDITIONAL_JUMP	0
0x00126ac0	0x001dbd94	READ	1
0x00126ac6	0xStack[0x4]	READ	1
0x00126ad3	0x001013cc	UNCONDITIONAL_CALL	0
0x00126adc	0x00126c40	UNCONDITIONAL_JUMP	0
0x00126aeb	0x00126c6c	CONDITIONAL_JUMP	0
0x00126af2	0xStack[-0xc]	READ	1
0x00126afa	0x00126c43	CONDITIONAL_JUMP	0
0x00126b02	0x001dbd94	DATA	0
0x00126b07	0xStack[0x4]	READ	1
0x00126b0e	0x001013cc	UNCONDITIONAL_CALL	0
0x00126b13	0x001dbd94	READ	1
0x00126b1a	0x00126c9c	UNCONDITIONAL_CALL	0
0x00126b26	0x00126c5c	CONDITIONAL_JUMP	0
0x00126b36	0x001013cc	UNCONDITIONAL_CALL	0
0x00126b3f	0x00126c40	UNCONDITIONAL_JUMP	0
0x00126b46	0xStack[0x4]	READ	1
0x00126b49	0xStack[-0x18]	WRITE	0
0x00126b51	0x00126c76	CONDITIONAL_JUMP	0
0x00126b60	0xStack[-0x1c]	WRITE	0
0x00126b68	0x00126b94	CONDITIONAL_JUMP	0
0x00126b87	0x00126c76	CONDITIONAL_JUMP	0
0x00126b8d	0x00126c43	UNCONDITIONAL_JUMP	0
0x00126b98	0xStack[-0x20]	WRITE	0
0x00126ba4	0x00126bc0	CONDITIONAL_JUMP	0
0x00126ba6	0x00126bb4	CONDITIONAL_JUMP	0
0x00126baa	0x00126c1d	CONDITIONAL_JUMP	0
0x00126bac	0x00126c76	UNCONDITIONAL_JUMP	0
0x00126bb7	0x00126bf0	CONDITIONAL_JUMP	0
0x00126bb9	0x00126c76	UNCONDITIONAL_JUMP	0
0x00126bc3	0xStack[-0x1c]	READ	0
0x00126bc6	0x00126c76	CONDITIONAL_JUMP	0
0x00126bcc	0xStack[0x8]	READ	1
0x00126bd0	0x00125c80	UNCONDITIONAL_CALL	0
0x00126bd9	0xStack[-0x20]	READ	1
0x00126be1	0x001013cc	UNCONDITIONAL_CALL	0
0x00126bed	0x00126c1d	UNCONDITIONAL_JUMP	0
0x00126bf3	0xStack[-0x1c]	READ	0
0x00126bf6	0x00126c76	CONDITIONAL_JUMP	0
0x00126bfa	0x001dbd94	DATA	0
0x00126bff	0xStack[-0x20]	READ	1
0x00126c03	0x001013cc	UNCONDITIONAL_CALL	0
0x00126c08	0x001dbd90	DATA	0
0x00126c0d	0x0011edb4	UNCONDITIONAL_CALL	0
0x00126c17	0x00126c43	CONDITIONAL_JUMP	0
0x00126c1d	0x00125d18	UNCONDITIONAL_CALL	0
0x00126c22	0xStack[-0x8]	WRITE	0
0x00126c27	0xStack[-0x18]	READ	1
0x00126c33	0xStack[-0x8]	DATA	0
0x00126c37	0x001013cc	UNCONDITIONAL_CALL	0
0x00126c43	0xStack[-0xc]	READ	1
0x00126c46	0xStack[-0x10]	READ_WRITE	0
0x00126c4b	0xStack[-0x10]	READ	0
0x00126c4f	0x0012699c	CONDITIONAL_JUMP	0
0x00126c57	0x00126c8f	UNCONDITIONAL_JUMP	0
0x00126c5c	0xStack[-0x14]	WRITE	0
0x00126c68	0x00126c76	UNCONDITIONAL_JUMP	0
0x00126c6c	0xStack[0x4]	READ	1
0x00126c78	0xStack[0x8]	READ	1
0x00126c7d	0xStack[-0x14]	READ	1
0x00126c81	0xStack[0x4]	READ	1
0x00126c85	0x00125554	UNCONDITIONAL_CALL	0
0x00126c8f	0xStack[-0x2c]	DATA	0
0x00126ca1	0xStack[0x4]	READ	1
0x00126ca4	0x001eacf4	DATA	1
0x00126ca9	0x001eacf0	READ	1
0x00126cb0	0x00126ce0	CONDITIONAL_JUMP	0
0x00126cb2	0x001eacf8	READ	0
0x00126cb8	0x00126cf2	CONDITIONAL_JUMP	0
0x00126cc2	0x00126cd0	CONDITIONAL_JUMP	0
0x00126cc5	0x00121ba0	UNCONDITIONAL_CALL	0
0x00126ccd	0x00126cd6	UNCONDITIONAL_JUMP	0
0x00126cd6	0x001eacf0	WRITE	0
0x00126ce0	0x001eacf4	WRITE	0
0x00126ce5	0x001eacf8	WRITE	0
0x00126ce8	0x001eacf0	DATA	0
0x00126ced	0x00121a3c	UNCONDITIONAL_CALL	0
0x00126cf2	0x001eacf0	READ	1
0x00126cfa	0x00126d00	CONDITIONAL_JUMP	0
0x00126cfe	0x00126d18	UNCONDITIONAL_JUMP	0
0x00126d00	0x001eaa60	READ	1
0x00126d07	0x00126d18	CONDITIONAL_JUMP	0
0x00126d0f	0x00126d18	CONDITIONAL_JUMP	0
0x00126d16	0x00126d0c	CONDITIONAL_JUMP	0
0x00126d18	0xStack[-0xc]	DATA	0
0x00126d28	0xStack[0x4]	READ	1
0x00126d35	0x00126d50	CONDITIONAL_JUMP	0
0x00126d37	0x001dbdd0	READ	0
0x00126d3e	0x00126d77	CONDITIONAL_JUMP	0
0x00126d41	0x001dbda6	DATA	0
0x00126d46	0x0010c0d8	UNCONDITIONAL_CALL	0
0x00126d4b	0x00126d77	UNCONDITIONAL_JUMP	0
0x00126d51	0x001e5909	DATA	0
0x00126d57	0x001013cc	UNCONDITIONAL_CALL	0
0x00126d62	0x001dbd80	WRITE	0
0x00126d67	0xStack[0x8]	READ	1
0x00126d6a	0x001e590c	DATA	0
0x00126d71	0x001dbd80	READ_WRITE	0
0x00126d77	0xStack[-0x8]	READ	1
0x00126d85	0x001dbd80	READ	0
0x00126d8c	0x00126da0	CONDITIONAL_JUMP	0
0x00126d92	0x00113dc0	UNCONDITIONAL_CALL	0
0x00126d9e	0x00126da4	CONDITIONAL_JUMP	0
0x00126da2	0x00126e10	UNCONDITIONAL_JUMP	0
0x00126da4	0x001dbd80	READ	1
0x00126dbe	0x001e5908	DATA	1
0x00126dc7	0x001e5904	DATA	1
0x00126dcd	0x001e5908	WRITE	0
0x00126ddf	0x001e5908	DATA	0
0x00126de4	0x001013cc	UNCONDITIONAL_CALL	0
0x00126df1	0x001e590c	DATA	1
0x00126df7	0x00126e0e	CONDITIONAL_JUMP	0
0x00126dfc	0x001e5904	DATA	1
0x00126dfc	0x001e5900	DATA	1
0x00126e06	0x001e590c	DATA	1
0x00126e0c	0x00126dfc	CONDITIONAL_JUMP	0
0x00126e10	0xStack[-0xc]	DATA	0
0x00126e22	0xStack[0x8]	READ	1
0x00126e25	0xStack[0x4]	READ	1
0x00126e40	0x00126e5b	CONDITIONAL_JUMP	0
0x00126e53	0x001013cc	UNCONDITIONAL_CALL	0
0x00126e6b	0x001013cc	UNCONDITIONAL_CALL	0
0x00126e7b	0xStack[0x4]	READ	1
0x00126e86	0xStack[-0x10]	DATA	0
0x00126e99	0xStack[0x4]	READ	1
0x00126e9c	0xStack[-0xc]	WRITE	0
0x00126ea3	0xStack[-0x8]	WRITE	0
0x00126eaa	0x001dbdd0	READ	0
0x00126eb1	0x00126ecd	CONDITIONAL_JUMP	0
0x00126ec0	0x001dbddc	DATA	0
0x00126ec5	0x0010c0d8	UNCONDITIONAL_CALL	0
0x00126ed9	0x001dbdd4	READ	0
0x00126ee0	0x00126eeb	CONDITIONAL_JUMP	0
0x00126ee2	0x001eaa84	READ	0
0x00126ee9	0x00126ef4	CONDITIONAL_JUMP	0
0x00126eeb	0x001eaad8	READ_WRITE	0
0x00126ef1	0x00126f04	UNCONDITIONAL_JUMP	0
0x00126ef8	0x001236a4	UNCONDITIONAL_CALL	0
0x00126f02	0x00126f14	CONDITIONAL_JUMP	0
0x00126f09	0x001140e0	UNCONDITIONAL_CALL	0
0x00126f0e	0x00127274	UNCONDITIONAL_JUMP	0
0x00126f19	0x00126f2c	CONDITIONAL_JUMP	0
0x00126f1b	0xStack[-0xc]	WRITE	0
0x00126f24	0x00127261	UNCONDITIONAL_JUMP	0
0x00126f38	0x0010cd04	UNCONDITIONAL_CALL	0
0x00126f45	0x001141a4	UNCONDITIONAL_CALL	0
0x00126f4a	0xStack[-0x10]	WRITE	0
0x00126f50	0x001eacf0	READ	1
0x00126f58	0x00126f90	CONDITIONAL_JUMP	0
0x00126f5a	0x001eacf8	READ	1
0x00126f62	0x00126faf	CONDITIONAL_JUMP	0
0x00126f66	0x00126f90	CONDITIONAL_JUMP	0
0x00126f70	0x00126f80	CONDITIONAL_JUMP	0
0x00126f73	0x00121ba0	UNCONDITIONAL_CALL	0
0x00126f7b	0x00126f86	UNCONDITIONAL_JUMP	0
0x00126f86	0x001eacf0	WRITE	0
0x00126f90	0x001eacf4	WRITE	0
0x00126f9c	0x001eacf8	WRITE	0
0x00126fa2	0x001eacf0	DATA	0
0x00126fa7	0x00121a3c	UNCONDITIONAL_CALL	0
0x00126faf	0x001eacf0	READ	1
0x00126fb6	0x001270a2	CONDITIONAL_JUMP	0
0x00126fbc	0xStack[0x8]	READ	1
0x00126fc2	0x001270a2	CONDITIONAL_JUMP	0
0x00126fcc	0x001270a2	CONDITIONAL_JUMP	0
0x00126fd6	0x001270a2	CONDITIONAL_JUMP	0
0x00126fdc	0x001dbdd8	READ	0
0x00126fe3	0x001270a2	CONDITIONAL_JUMP	0
0x00126ff1	0x001270a2	CONDITIONAL_JUMP	0
0x00126ffc	0xStack[-0x18]	WRITE	0
0x00127004	0xStack[-0x14]	WRITE	0
0x00127008	0x00125c80	UNCONDITIONAL_CALL	0
0x00127014	0x001270a2	CONDITIONAL_JUMP	0
0x0012701a	0xStack[-0x18]	READ	1
0x00127023	0x001270a2	CONDITIONAL_JUMP	0
0x00127025	0x001eacf0	READ	1
0x0012702e	0x00127038	CONDITIONAL_JUMP	0
0x00127033	0xStack[-0x8]	WRITE	0
0x00127036	0x0012703e	UNCONDITIONAL_JUMP	0
0x0012703b	0xStack[-0x8]	WRITE	0
0x0012703e	0xStack[-0xc]	WRITE	0
0x00127047	0x001eacf0	READ	1
0x00127058	0x00127076	CONDITIONAL_JUMP	0
0x0012705a	0x001eaa60	READ	1
0x00127060	0x00127080	UNCONDITIONAL_JUMP	0
0x00127067	0xStack[-0x14]	READ	1
0x0012706f	0x00127080	CONDITIONAL_JUMP	0
0x00127074	0x00127087	CONDITIONAL_JUMP	0
0x0012707b	0x00127087	UNCONDITIONAL_JUMP	0
0x00127085	0x00127064	CONDITIONAL_JUMP	0
0x00127087	0x001dbdd0	READ	0
0x0012708e	0x001270a2	CONDITIONAL_JUMP	0
0x00127090	0xStack[-0x8]	READ	1
0x00127095	0x001dbdfb	DATA	0
0x0012709a	0x0010c0d8	UNCONDITIONAL_CALL	0
0x001270a4	0x001eacf0	DATA	0
0x001270b0	0x00127280	UNCONDITIONAL_CALL	0
0x001270ba	0x001270c4	CONDITIONAL_JUMP	0
0x001270bc	0x001eaad8	READ_WRITE	0
0x001270c2	0x001270f0	UNCONDITIONAL_JUMP	0
0x001270c4	0xStack[-0xc]	READ	0
0x001270c8	0x001270d4	CONDITIONAL_JUMP	0
0x001270ca	0x001eaadc	READ_WRITE	0
0x001270d0	0x001270f0	UNCONDITIONAL_JUMP	0
0x001270d4	0xStack[-0x10]	READ	0
0x001270d8	0x001270e3	CONDITIONAL_JUMP	0
0x001270da	0xStack[-0x10]	READ	1
0x001270de	0x001140e0	UNCONDITIONAL_CALL	0
0x001270e3	0x001eaad4	READ_WRITE	0
0x001270e9	0x00127274	UNCONDITIONAL_JUMP	0
0x001270f0	0xStack[-0x10]	READ	0
0x001270f4	0x00127274	CONDITIONAL_JUMP	0
0x001270fa	0xStack[-0x10]	READ	1
0x00127100	0xStack[-0xc]	WRITE	0
0x0012710a	0x00127261	CONDITIONAL_JUMP	0
0x00127110	0x00127220	COMPUTED_JUMP	-1
0x00127110	0x00127248	COMPUTED_JUMP	-1
0x00127110	0x00127261	COMPUTED_JUMP	-1
0x00127110	0x00127240	COMPUTED_JUMP	-1
0x00127110	0x0012722c	COMPUTED_JUMP	-1
0x00127110	0x00127250	COMPUTED_JUMP	-1
0x00127110	0x0012725c	COMPUTED_JUMP	-1
0x00127110	0x00127118	DATA	0
0x00127118	0x00127220	DATA	0
0x0012711c	0x00127248	DATA	0
0x00127120	0x00127261	DATA	0
0x00127124	0x00127261	DATA	0
0x00127128	0x00127261	DATA	0
0x0012712c	0x00127261	DATA	0
0x00127130	0x00127261	DATA	0
0x00127134	0x00127261	DATA	0
0x00127138	0x00127261	DATA	0
0x0012713c	0x00127261	DATA	0
0x00127140	0x00127261	DATA	0
0x00127144	0x00127261	DATA	0
0x00127148	0x00127261	DATA	0
0x0012714c	0x00127261	DATA	0
0x00127150	0x00127261	DATA	0
0x00127154	0x00127261	DATA	0
0x00127158	0x00127261	DATA	0
0x0012715c	0x00127261	DATA	0
0x00127160	0x00127261	DATA	0
0x00127164	0x00127261	DATA	0
0x00127168	0x00127261	DATA	0
0x0012716c	0x00127261	DATA	0
0x00127170	0x00127261	DATA	0
0x00127174	0x00127261	DATA	0
0x00127178	0x00127261	DATA	0
0x0012717c	0x00127261	DATA	0
0x00127180	0x00127261	DATA	0
0x00127184	0x00127261	DATA	0
0x00127188	0x00127261	DATA	0
0x0012718c	0x00127261	DATA	0
0x00127190	0x00127261	DATA	0
0x00127194	0x00127261	DATA	0
0x00127198	0x00127261	DATA	0
0x0012719c	0x00127261	DATA	0
0x001271a0	0x00127261	DATA	0
0x001271a4	0x00127261	DATA	0
0x001271a8	0x00127261	DATA	0
0x001271ac	0x00127261	DATA	0
0x001271b0	0x00127261	DATA	0
0x001271b4	0x00127261	DATA	0
0x001271b8	0x00127240	DATA	0
0x001271bc	0x00127261	DATA	0
0x001271c0	0x00127261	DATA	0
0x001271c4	0x00127261	DATA	0
0x001271c8	0x00127261	DATA	0
0x001271cc	0x00127261	DATA	0
0x001271d0	0x00127261	DATA	0
0x001271d4	0x00127261	DATA	0
0x001271d8	0x00127261	DATA	0
0x001271dc	0x00127261	DATA	0
0x001271e0	0x0012722c	DATA	0
0x001271e4	0x0012722c	DATA	0
0x001271e8	0x00127261	DATA	0
0x001271ec	0x00127261	DATA	0
0x001271f0	0x00127261	DATA	0
0x001271f4	0x00127250	DATA	0
0x001271f8	0x00127261	DATA	0
0x001271fc	0x00127261	DATA	0
0x00127200	0x00127261	DATA	0
0x00127204	0x00127261	DATA	0
0x00127208	0x00127261	DATA	0
0x0012720c	0x00127261	DATA	0
0x00127210	0x00127261	DATA	0
0x00127214	0x00127261	DATA	0
0x00127218	0x0012725c	DATA	0
0x0012721c	0x0012725c	DATA	0
0x00127220	0xStack[-0xc]	WRITE	0
0x00127227	0x00127261	UNCONDITIONAL_JUMP	0
0x00127230	0x00123640	UNCONDITIONAL_CALL	0
0x0012723c	0x00127261	CONDITIONAL_JUMP	0
0x0012723e	0x0012725c	UNCONDITIONAL_JUMP	0
0x00127245	0x00127261	UNCONDITIONAL_JUMP	0
0x0012724d	0x00127261	UNCONDITIONAL_JUMP	0
0x00127250	0xStack[-0xc]	WRITE	0
0x00127257	0x00127261	UNCONDITIONAL_JUMP	0
0x00127261	0xStack[-0x8]	DATA	0
0x00127265	0xStack[0x8]	READ	1
0x0012726a	0xStack[-0xc]	READ	1
0x0012726f	0x00125554	UNCONDITIONAL_CALL	0
0x00127274	0xStack[-0x24]	DATA	0
0x00127289	0xStack[0x8]	READ	1
0x0012728c	0xStack[-0x34]	WRITE	0
0x00127295	0xStack[0x4]	READ	1
0x00127298	0xStack[-0x40]	WRITE	0
0x0012729b	0xStack[-0x5c]	WRITE	0
0x001272a4	0x001272bd	CONDITIONAL_JUMP	0
0x001272a6	0xStack[-0x30]	DATA	0
0x001272ac	0x001278b4	UNCONDITIONAL_CALL	0
0x001272b1	0xStack[-0x40]	WRITE	0
0x001272b4	0xStack[-0x30]	READ	1
0x001272b7	0xStack[-0x34]	WRITE	0
0x001272bd	0xStack[-0x40]	READ	1
0x001272c3	0xStack[0x10]	READ	1
0x001272c9	0x00127304	CONDITIONAL_JUMP	0
0x001272d9	0x001eaa88	READ	1
0x001272df	0x001eaa88	READ_WRITE	0
0x001272ee	0xStack[-0x34]	READ	1
0x00127301	0x0012730f	UNCONDITIONAL_JUMP	0
0x0012730c	0xStack[-0x34]	WRITE	0
0x0012730f	0xStack[0xc]	READ	0
0x00127313	0x00127326	CONDITIONAL_JUMP	0
0x00127315	0xStack[-0x18]	DATA	0
0x00127318	0xStack[0xc]	WRITE	0
0x0012731e	0x00101600	UNCONDITIONAL_CALL	0
0x00127326	0xStack[0xc]	READ	1
0x0012732c	0xStack[-0x48]	WRITE	0
0x0012732f	0xStack[0xc]	READ	1
0x00127332	0xStack[-0x18]	DATA	1
0x00127336	0x00127373	CONDITIONAL_JUMP	0
0x0012733c	0x00127346	CONDITIONAL_JUMP	0
0x00127341	0xStack[-0x10]	READ	0
0x00127344	0x0012736b	CONDITIONAL_JUMP	0
0x0012734e	0x0012735c	CONDITIONAL_JUMP	0
0x00127351	0x00121ba0	UNCONDITIONAL_CALL	0
0x00127359	0x00127362	UNCONDITIONAL_JUMP	0
0x00127362	0xStack[0xc]	READ	1
0x00127365	0xStack[-0x18]	DATA	0
0x0012736b	0xStack[0xc]	READ	1
0x0012736e	0xStack[-0x18]	DATA	0
0x00127371	0x00127381	CONDITIONAL_JUMP	0
0x00127373	0xStack[-0x48]	READ	1
0x00127376	0xStack[-0x14]	DATA	0
0x0012737e	0xStack[-0x10]	WRITE	0
0x00127381	0xStack[0x10]	READ	1
0x00127387	0x001273c8	CONDITIONAL_JUMP	0
0x00127389	0xStack[-0x48]	READ	1
0x0012738d	0x0011ee2c	UNCONDITIONAL_CALL	0
0x00127399	0x001273c0	CONDITIONAL_JUMP	0
0x0012739f	0x00123514	UNCONDITIONAL_CALL	0
0x001273a5	0x00123d50	UNCONDITIONAL_CALL	0
0x001273b1	0x001273c0	CONDITIONAL_JUMP	0
0x001273b3	0xStack[-0x5c]	WRITE	0
0x001273ba	0x00127859	UNCONDITIONAL_JUMP	0
0x001273c3	0xStack[-0x3c]	WRITE	0
0x001273c6	0x0012742c	UNCONDITIONAL_JUMP	0
0x001273c8	0xStack[0xc]	READ	1
0x001273cb	0xStack[-0x18]	DATA	0
0x001273ce	0x001273e1	CONDITIONAL_JUMP	0
0x001273d1	0x00121a3c	UNCONDITIONAL_CALL	0
0x001273d9	0xStack[0xc]	READ	1
0x001273dc	0xStack[-0x18]	DATA	0
0x001273df	0x001273f0	CONDITIONAL_JUMP	0
0x001273e1	0xStack[0xc]	READ	1
0x001273e4	0xStack[-0x18]	DATA	1
0x001273e9	0xStack[-0x3c]	WRITE	0
0x001273ee	0x00127418	CONDITIONAL_JUMP	0
0x001273f4	0x00123640	UNCONDITIONAL_CALL	0
0x001273fc	0xStack[-0x5c]	WRITE	0
0x00127405	0x00127859	CONDITIONAL_JUMP	0
0x0012740b	0xStack[-0x5c]	WRITE	0
0x00127412	0x00127859	UNCONDITIONAL_JUMP	0
0x0012741b	0xStack[0xc]	READ	1
0x0012741e	0xStack[-0x18]	DATA	1
0x00127424	0x0012742c	CONDITIONAL_JUMP	0
0x00127429	0xStack[-0x48]	WRITE	0
0x0012743b	0x00127544	CONDITIONAL_JUMP	0
0x00127441	0xStack[0xc]	READ	1
0x00127447	0xStack[-0x48]	WRITE	0
0x0012744a	0xStack[0x10]	READ	1
0x00127450	0x0012747c	CONDITIONAL_JUMP	0
0x00127452	0xStack[0x14]	READ	0
0x00127456	0x0012747c	CONDITIONAL_JUMP	0
0x00127458	0xStack[0x14]	READ	1
0x0012745e	0xStack[-0x58]	WRITE	0
0x0012746b	0x00127487	CONDITIONAL_JUMP	0
0x0012746d	0xStack[-0x3c]	WRITE	0
0x00127470	0x00127487	UNCONDITIONAL_JUMP	0
0x0012747a	0x001274a7	UNCONDITIONAL_JUMP	0
0x0012747c	0xStack[-0x58]	WRITE	0
0x0012748b	0x001274a7	CONDITIONAL_JUMP	0
0x0012748d	0x001eaa60	READ	1
0x00127495	0x001274ec	CONDITIONAL_JUMP	0
0x00127498	0xStack[-0x3c]	READ	1
0x0012749e	0x00127474	CONDITIONAL_JUMP	0
0x001274a5	0x00127498	CONDITIONAL_JUMP	0
0x001274a9	0x001274ec	CONDITIONAL_JUMP	0
0x001274b0	0x001274ec	CONDITIONAL_JUMP	0
0x001274ba	0x001274c3	CONDITIONAL_JUMP	0
0x001274c1	0x001274b8	CONDITIONAL_JUMP	0
0x001274c5	0x001274ec	CONDITIONAL_JUMP	0
0x001274c7	0xStack[-0x58]	READ	0
0x001274cb	0x001274d6	CONDITIONAL_JUMP	0
0x001274cd	0xStack[-0x58]	READ	1
0x001274d4	0x001274ec	CONDITIONAL_JUMP	0
0x001274d6	0xStack[-0x48]	READ	1
0x001274da	0xStack[-0x40]	READ	1
0x001274de	0xStack[-0x3c]	READ	1
0x001274e2	0x001281d4	UNCONDITIONAL_CALL	0
0x001274ea	0x0012751c	UNCONDITIONAL_JUMP	0
0x001274ec	0x001dbf54	READ	0
0x001274f3	0x0012751c	CONDITIONAL_JUMP	0
0x001274f5	0xStack[0x10]	READ	1
0x001274fe	0x0012751c	CONDITIONAL_JUMP	0
0x00127500	0xStack[-0x3c]	READ	1
0x00127505	0x0012c1f8	UNCONDITIONAL_CALL	0
0x0012750f	0x0012751c	CONDITIONAL_JUMP	0
0x00127511	0xStack[-0x40]	READ	1
0x00127514	0x0012785c	UNCONDITIONAL_JUMP	0
0x00127520	0x00127531	CONDITIONAL_JUMP	0
0x00127522	0xStack[-0x3c]	READ	1
0x00127525	0x001e9c74	READ	0
0x0012752b	0x001275c0	CONDITIONAL_JUMP	0
0x00127531	0xStack[-0x40]	READ	1
0x00127534	0x0012785c	UNCONDITIONAL_JUMP	0
0x00127542	0x00127563	UNCONDITIONAL_JUMP	0
0x00127548	0x00127563	CONDITIONAL_JUMP	0
0x0012754a	0x001eaa60	READ	1
0x00127552	0x00127563	CONDITIONAL_JUMP	0
0x00127554	0xStack[-0x3c]	READ	1
0x0012755a	0x0012753c	CONDITIONAL_JUMP	0
0x00127561	0x00127554	CONDITIONAL_JUMP	0
0x00127563	0xStack[-0x48]	READ	1
0x00127566	0xStack[-0x10]	READ	1
0x0012756a	0x00123d74	UNCONDITIONAL_CALL	0
0x00127574	0x001275c0	CONDITIONAL_JUMP	0
0x00127576	0xStack[-0x3c]	READ	1
0x0012757d	0x0012758c	CONDITIONAL_JUMP	0
0x0012757f	0xStack[-0x5c]	WRITE	0
0x00127586	0x00127859	UNCONDITIONAL_JUMP	0
0x0012758c	0xStack[0x10]	READ	1
0x00127595	0x001275a4	CONDITIONAL_JUMP	0
0x00127597	0xStack[-0x5c]	WRITE	0
0x0012759e	0x00127859	UNCONDITIONAL_JUMP	0
0x001275a4	0xStack[-0x3c]	READ	1
0x001275af	0x001275cd	CONDITIONAL_JUMP	0
0x001275b1	0xStack[-0x5c]	WRITE	0
0x001275b8	0x00127859	UNCONDITIONAL_JUMP	0
0x001275c0	0xStack[-0x3c]	READ	1
0x001275cb	0x00127618	CONDITIONAL_JUMP	0
0x001275eb	0xStack[-0x34]	READ	1
0x001275ef	0xStack[-0x40]	READ	1
0x001275f3	0x0018b2ac	UNCONDITIONAL_CALL	0
0x001275fc	0xStack[-0x48]	READ	1
0x00127601	0xStack[-0x3c]	READ	1
0x00127605	0x00121138	UNCONDITIONAL_CALL	0
0x0012760a	0xStack[-0x5c]	WRITE	0
0x00127610	0x00127865	UNCONDITIONAL_JUMP	0
0x0012761c	0x001275b1	CONDITIONAL_JUMP	0
0x0012761f	0xStack[-0x34]	READ	1
0x00127624	0xStack[-0x30]	WRITE	0
0x0012762a	0x001275b1	CONDITIONAL_JUMP	0
0x0012762c	0xStack[-0x3c]	READ	1
0x00127635	0xStack[-0x4c]	WRITE	0
0x0012763d	0x0012789c	CONDITIONAL_JUMP	0
0x00127643	0xStack[-0x4c]	READ	1
0x00127647	0x00120a5c	UNCONDITIONAL_CALL	0
0x0012764c	0xStack[-0x50]	WRITE	0
0x0012764f	0xStack[-0x34]	READ	1
0x00127652	0xStack[-0x30]	READ	1
0x00127658	0xStack[-0x50]	READ	1
0x0012765c	0xStack[-0x40]	READ	1
0x00127660	0x001210b8	UNCONDITIONAL_CALL	0
0x00127665	0xStack[-0x2c]	DATA	0
0x00127674	0xStack[-0x34]	READ	1
0x00127678	0xStack[-0x30]	READ	1
0x00127683	0xStack[-0x2a]	WRITE	0
0x00127692	0xStack[-0x26]	WRITE	0
0x00127696	0xStack[-0x22]	WRITE	0
0x0012769e	0xStack[-0x50]	READ	1
0x001276a2	0xStack[-0x2c]	DATA	0
0x001276a6	0x001013cc	UNCONDITIONAL_CALL	0
0x001276ab	0xStack[-0x34]	READ	1
0x001276af	0xStack[-0x4c]	READ	1
0x001276b3	0x0018b2ac	UNCONDITIONAL_CALL	0
0x001276b8	0xStack[-0x22]	WRITE	0
0x001276bc	0xStack[-0x22]	READ	1
0x001276bf	0xStack[-0x50]	READ	1
0x001276c5	0xStack[-0x21]	READ	1
0x001276cb	0xStack[-0x48]	READ	1
0x001276cf	0xStack[-0x4c]	READ	1
0x001276d3	0xStack[-0x3c]	READ	1
0x001276dc	0xStack[-0x5c]	WRITE	0
0x001276e4	0x00127859	CONDITIONAL_JUMP	0
0x001276ea	0xStack[-0x54]	WRITE	0
0x001276f1	0xStack[-0x34]	READ	1
0x001276f4	0xStack[-0x30]	READ	1
0x001276f7	0xStack[-0x44]	WRITE	0
0x00127700	0x00127859	CONDITIONAL_JUMP	0
0x00127708	0xStack[-0x3c]	READ	1
0x00127711	0xStack[-0x4c]	WRITE	0
0x00127719	0x0012789c	CONDITIONAL_JUMP	0
0x00127720	0x00120a5c	UNCONDITIONAL_CALL	0
0x00127725	0xStack[-0x50]	WRITE	0
0x00127728	0xStack[-0x38]	WRITE	0
0x0012772b	0xStack[-0x2c]	DATA	0
0x0012773d	0xStack[-0x34]	READ	0
0x00127741	0x00127768	CONDITIONAL_JUMP	0
0x00127743	0xStack[-0x50]	READ	1
0x00127748	0x001279fc	UNCONDITIONAL_CALL	0
0x00127750	0xStack[-0x54]	WRITE	0
0x0012775b	0xStack[-0x2c]	READ	1
0x00127762	0xStack[-0x2c]	WRITE	0
0x00127768	0xStack[-0x44]	READ	1
0x0012776b	0xStack[-0x34]	READ	1
0x0012777b	0xStack[-0x26]	WRITE	0
0x00127783	0x0012778c	CONDITIONAL_JUMP	0
0x00127788	0xStack[-0x26]	WRITE	0
0x0012778c	0xStack[-0x44]	READ	1
0x0012778f	0xStack[-0x30]	READ	1
0x00127798	0x001277b8	CONDITIONAL_JUMP	0
0x0012779d	0xStack[-0x4c]	READ	1
0x001277a1	0x00120b5c	UNCONDITIONAL_CALL	0
0x001277aa	0xStack[-0x44]	READ	1
0x001277ad	0xStack[-0x30]	WRITE	0
0x001277b3	0x001277be	UNCONDITIONAL_JUMP	0
0x001277b8	0xStack[-0x26]	READ_WRITE	0
0x001277be	0xStack[-0x30]	READ	1
0x001277c1	0xStack[-0x54]	READ	1
0x001277cc	0xStack[-0x2a]	WRITE	0
0x001277d1	0xStack[-0x44]	READ	1
0x001277d5	0xStack[-0x50]	READ	1
0x001277d8	0xStack[-0x54]	READ	1
0x001277dc	0xStack[-0x40]	READ	1
0x001277e0	0x001210b8	UNCONDITIONAL_CALL	0
0x001277e5	0xStack[-0x26]	READ	1
0x001277f0	0xStack[-0x26]	WRITE	0
0x001277f4	0xStack[-0x22]	WRITE	0
0x001277fc	0xStack[-0x38]	READ	1
0x00127800	0xStack[-0x2c]	DATA	0
0x00127804	0x001013cc	UNCONDITIONAL_CALL	0
0x00127809	0xStack[-0x54]	READ	1
0x0012780d	0xStack[-0x4c]	READ	1
0x00127811	0x0018b2ac	UNCONDITIONAL_CALL	0
0x00127816	0xStack[-0x22]	WRITE	0
0x0012781a	0xStack[-0x50]	READ	1
0x00127820	0xStack[-0x22]	READ	1
0x00127825	0xStack[-0x21]	READ	1
0x0012782b	0xStack[-0x48]	READ	1
0x0012782f	0xStack[-0x4c]	READ	1
0x00127833	0xStack[-0x3c]	READ	1
0x0012783c	0xStack[-0x5c]	WRITE	0
0x00127844	0x00127859	CONDITIONAL_JUMP	0
0x00127846	0xStack[-0x30]	READ	1
0x00127849	0xStack[-0x44]	READ_WRITE	0
0x00127850	0xStack[-0x44]	READ	0
0x00127853	0x00127708	CONDITIONAL_JUMP	0
0x00127859	0xStack[0x4]	READ	1
0x0012785d	0x001140e0	UNCONDITIONAL_CALL	0
0x00127865	0xStack[-0x18]	DATA	0
0x00127868	0xStack[0xc]	READ	0
0x0012786b	0x00127896	CONDITIONAL_JUMP	0
0x0012786d	0xStack[0x10]	READ	1
0x00127873	0x00127896	CONDITIONAL_JUMP	0
0x00127875	0xStack[-0x18]	DATA	0
0x0012787a	0x00127896	CONDITIONAL_JUMP	0
0x00127884	0x00127890	CONDITIONAL_JUMP	0
0x00127887	0x00121ba0	UNCONDITIONAL_CALL	0
0x0012788c	0x00127896	UNCONDITIONAL_JUMP	0
0x00127896	0xStack[-0x5c]	READ	1
0x00127899	0x001278a8	UNCONDITIONAL_JUMP	0
0x0012789c	0xStack[-0x5c]	WRITE	0
0x001278a3	0x00127859	UNCONDITIONAL_JUMP	0
0x001278a8	0xStack[-0x68]	DATA	0
0x001278bd	0xStack[0x4]	READ	1
0x001278c0	0xStack[0x8]	READ	1
0x001278c8	0xStack[-0x8]	WRITE	0
0x001278d7	0xStack[-0xc]	WRITE	0
0x001278de	0x001278e3	CONDITIONAL_JUMP	0
0x001278e9	0x001278f6	CONDITIONAL_JUMP	0
0x001278f0	0x001279a4	CONDITIONAL_JUMP	0
0x001278f6	0x0018b970	UNCONDITIONAL_CALL	0
0x001278fb	0xStack[-0x10]	WRITE	0
0x001278fe	0x001e93d4	READ	1
0x00127906	0x00127948	CONDITIONAL_JUMP	0
0x0012790d	0x0012791c	CONDITIONAL_JUMP	0
0x0012790f	0x001dbe10	DATA	0
0x00127914	0x0010ca6c	UNCONDITIONAL_CALL	0
0x00127922	0x001e917c	READ_WRITE	0
0x00127929	0x001e9180	READ_WRITE	0
0x00127932	0x001e93d4	WRITE	0
0x00127945	0x00127956	UNCONDITIONAL_JUMP	0
0x0012794c	0x00113f6c	UNCONDITIONAL_CALL	0
0x00127956	0xStack[-0x10]	READ	1
0x0012795a	0x0018b544	UNCONDITIONAL_CALL	0
0x00127964	0x00127970	CONDITIONAL_JUMP	0
0x00127968	0x001279f1	UNCONDITIONAL_JUMP	0
0x00127982	0xStack[-0xc]	READ	1
0x00127988	0xStack[-0xc]	READ	1
0x0012799d	0x001013cc	UNCONDITIONAL_CALL	0
0x001279a2	0x001279c0	UNCONDITIONAL_JUMP	0
0x001279a4	0xStack[-0xc]	READ	1
0x001279aa	0xStack[-0xc]	READ	1
0x001279bb	0x001014ec	UNCONDITIONAL_CALL	0
0x001279c8	0xStack[-0xc]	READ	1
0x001279d0	0xStack[-0x8]	READ	1
0x001279d7	0x001013cc	UNCONDITIONAL_CALL	0
0x001279dc	0xStack[-0xc]	READ	1
0x001279e2	0xStack[0xc]	READ	1
0x001279e7	0xStack[-0xc]	READ	1
0x001279f1	0xStack[-0x1c]	DATA	0
0x00127a05	0xStack[0x4]	READ	1
0x00127a0b	0xStack[0x8]	READ	1
0x00127a1f	0x00127a61	CONDITIONAL_JUMP	0
0x00127a29	0x00127a61	CONDITIONAL_JUMP	0
0x00127a2e	0x00127a38	CONDITIONAL_JUMP	0
0x00127a35	0x00127a3c	UNCONDITIONAL_JUMP	0
0x00127a3e	0x00127a42	CONDITIONAL_JUMP	0
0x00127a44	0x00127a59	CONDITIONAL_JUMP	0
0x00127a49	0xStack[-0x8]	WRITE	0
0x00127a4c	0x001013cc	UNCONDITIONAL_CALL	0
0x00127a51	0xStack[-0x8]	READ	1
0x00127a5f	0x00127a24	CONDITIONAL_JUMP	0
0x00127a66	0xStack[0x8]	READ	1
0x00127a6c	0x00127a7a	CONDITIONAL_JUMP	0
0x00127a78	0x00127a70	CONDITIONAL_JUMP	0
0x00127a7c	0xStack[-0x14]	DATA	0
0x00127a8e	0xStack[0x8]	READ	1
0x00127a91	0xStack[0x10]	READ	1
0x00127a94	0xStack[0x14]	READ	1
0x00127a9c	0xStack[0xc]	READ	0
0x00127aa0	0x00127b6c	CONDITIONAL_JUMP	0
0x00127aa6	0xStack[0x4]	READ	0
0x00127aaa	0x00127af8	CONDITIONAL_JUMP	0
0x00127aac	0xStack[0x4]	READ	0
0x00127ab0	0x00127b83	CONDITIONAL_JUMP	0
0x00127ab9	0x00127acc	CONDITIONAL_JUMP	0
0x00127ac2	0x00127b90	UNCONDITIONAL_CALL	0
0x00127ac7	0x00127b85	UNCONDITIONAL_JUMP	0
0x00127acf	0x00127b6c	CONDITIONAL_JUMP	0
0x00127ad8	0x00127b6c	CONDITIONAL_JUMP	0
0x00127ae1	0x00127b6c	CONDITIONAL_JUMP	0
0x00127aef	0x00127cc8	UNCONDITIONAL_CALL	0
0x00127af4	0x00127b63	UNCONDITIONAL_JUMP	0
0x00127afb	0x00127b0c	CONDITIONAL_JUMP	0
0x00127afd	0x00127b6c	CONDITIONAL_JUMP	0
0x00127b02	0x00127b6c	CONDITIONAL_JUMP	0
0x00127b07	0x00127b6c	CONDITIONAL_JUMP	0
0x00127b09	0x00127b58	UNCONDITIONAL_JUMP	0
0x00127b10	0x00113dc0	UNCONDITIONAL_CALL	0
0x00127b1f	0x00127b50	CONDITIONAL_JUMP	0
0x00127b46	0x001013cc	UNCONDITIONAL_CALL	0
0x00127b4e	0x00127b71	UNCONDITIONAL_JUMP	0
0x00127b56	0x00127b71	UNCONDITIONAL_JUMP	0
0x00127b5e	0x001280c4	UNCONDITIONAL_CALL	0
0x00127b68	0x00127b71	UNCONDITIONAL_JUMP	0
0x00127b71	0xStack[0x4]	READ	0
0x00127b75	0x00127b83	CONDITIONAL_JUMP	0
0x00127b7b	0x00127b83	CONDITIONAL_JUMP	0
0x00127b7e	0x00113ed0	UNCONDITIONAL_CALL	0
0x00127b85	0xStack[-0x10]	DATA	0
0x00127b99	0xStack[0x4]	READ	1
0x00127ba0	0x00127bab	CONDITIONAL_JUMP	0
0x00127ba3	0x00113ed0	UNCONDITIONAL_CALL	0
0x00127bab	0xStack[0x4]	READ	1
0x00127bb4	0xStack[0x8]	READ	0
0x00127bb8	0x00127cab	CONDITIONAL_JUMP	0
0x00127bbe	0xStack[0x8]	READ	1
0x00127bc8	0x00127bd8	CONDITIONAL_JUMP	0
0x00127bcb	0x00113ed0	UNCONDITIONAL_CALL	0
0x00127bd0	0x00127cab	UNCONDITIONAL_JUMP	0
0x00127bde	0x00127cb0	CONDITIONAL_JUMP	0
0x00127be4	0xStack[0x8]	READ	1
0x00127bf2	0x00127cb0	CONDITIONAL_JUMP	0
0x00127c02	0xStack[0x8]	READ	1
0x00127c0e	0x001014ec	UNCONDITIONAL_CALL	0
0x00127c15	0xStack[0x8]	READ	1
0x00127c1c	0x00101600	UNCONDITIONAL_CALL	0
0x00127c26	0x00127ca3	CONDITIONAL_JUMP	0
0x00127c2c	0x00127ca3	CONDITIONAL_JUMP	0
0x00127c30	0x00127c3c	CONDITIONAL_JUMP	0
0x00127c37	0x00127c49	UNCONDITIONAL_JUMP	0
0x00127c43	0x00127cb0	CONDITIONAL_JUMP	0
0x00127c47	0x00127cb0	CONDITIONAL_JUMP	0
0x00127c53	0x00127c5c	CONDITIONAL_JUMP	0
0x00127c5a	0x00127c9b	CONDITIONAL_JUMP	0
0x00127c5f	0x00127cb0	CONDITIONAL_JUMP	0
0x00127c61	0xStack[0x8]	READ	1
0x00127c74	0xStack[0x8]	READ	1
0x00127c7f	0xStack[-0x8]	WRITE	0
0x00127c82	0x001013cc	UNCONDITIONAL_CALL	0
0x00127c90	0x001014ec	UNCONDITIONAL_CALL	0
0x00127c98	0xStack[-0x8]	READ	1
0x00127ca1	0x00127c28	CONDITIONAL_JUMP	0
0x00127ca3	0xStack[0x8]	READ	1
0x00127ca6	0xStack[0x4]	READ	1
0x00127cad	0x00127cbe	UNCONDITIONAL_JUMP	0
0x00127cb0	0xStack[0x8]	READ	1
0x00127cb4	0x00113ed0	UNCONDITIONAL_CALL	0
0x00127cbe	0xStack[-0x18]	DATA	0
0x00127cd1	0xStack[0xc]	READ	1
0x00127cd4	0xStack[-0x1c]	WRITE	0
0x00127cdb	0xStack[0x8]	READ	1
0x00127ce1	0x00127d91	CONDITIONAL_JUMP	0
0x00127ce7	0x0018b970	UNCONDITIONAL_CALL	0
0x00127cee	0x001e93d4	READ	1
0x00127cf3	0xStack[0x8]	READ	1
0x00127cfa	0x00127d48	CONDITIONAL_JUMP	0
0x00127d01	0x00127d10	CONDITIONAL_JUMP	0
0x00127d03	0x001dbe15	DATA	0
0x00127d08	0x0010ca6c	UNCONDITIONAL_CALL	0
0x00127d10	0xStack[0x8]	READ	1
0x00127d1b	0x001e917c	READ_WRITE	0
0x00127d22	0x001e9198	READ_WRITE	0
0x00127d2d	0x001e93d4	WRITE	0
0x00127d43	0x00127d59	UNCONDITIONAL_JUMP	0
0x00127d4c	0x00113f6c	UNCONDITIONAL_CALL	0
0x00127d51	0xStack[0x8]	READ	1
0x00127d5a	0x0018b544	UNCONDITIONAL_CALL	0
0x00127d62	0xStack[0x8]	READ	1
0x00127d69	0x00127d78	CONDITIONAL_JUMP	0
0x00127d70	0x001280b8	UNCONDITIONAL_JUMP	0
0x00127d91	0xStack[0x8]	READ	1
0x00127d9b	0xStack[0x4]	READ	1
0x00127da4	0x0012808c	CONDITIONAL_JUMP	0
0x00127daa	0x00127dc8	COMPUTED_JUMP	-1
0x00127daa	0x00127e30	COMPUTED_JUMP	-1
0x00127daa	0x00127e54	COMPUTED_JUMP	-1
0x00127daa	0x00127e80	COMPUTED_JUMP	-1
0x00127daa	0x00127fac	COMPUTED_JUMP	-1
0x00127daa	0x00127db4	DATA	0
0x00127db4	0x00127dc8	DATA	0
0x00127db8	0x00127e30	DATA	0
0x00127dbc	0x00127e54	DATA	0
0x00127dc0	0x00127e80	DATA	0
0x00127dc4	0x00127fac	DATA	0
0x00127dca	0x00127fcd	CONDITIONAL_JUMP	0
0x00127dd5	0x00127fcd	CONDITIONAL_JUMP	0
0x00127de3	0x00127df0	CONDITIONAL_JUMP	0
0x00127deb	0x00128093	UNCONDITIONAL_JUMP	0
0x00127df0	0x001eaa60	READ	1
0x00127df7	0x00127e08	CONDITIONAL_JUMP	0
0x00127dff	0x00127e08	CONDITIONAL_JUMP	0
0x00127e06	0x00127dfc	CONDITIONAL_JUMP	0
0x00127e08	0xStack[-0x30]	WRITE	0
0x00127e11	0x00127e19	CONDITIONAL_JUMP	0
0x00127e16	0xStack[-0x30]	WRITE	0
0x00127e19	0xStack[-0x30]	READ	0
0x00127e1d	0x00128059	CONDITIONAL_JUMP	0
0x00127e23	0xStack[-0x30]	READ	1
0x00127e28	0x00128093	UNCONDITIONAL_JUMP	0
0x00127e32	0x00127fcd	CONDITIONAL_JUMP	0
0x00127e3d	0x00127fcd	CONDITIONAL_JUMP	0
0x00127e4c	0x00128093	UNCONDITIONAL_JUMP	0
0x00127e56	0x00127fcd	CONDITIONAL_JUMP	0
0x00127e61	0x00127fcd	CONDITIONAL_JUMP	0
0x00127e6f	0x00127fcd	CONDITIONAL_JUMP	0
0x00127e78	0x00128093	UNCONDITIONAL_JUMP	0
0x00127e82	0x00127fcd	CONDITIONAL_JUMP	0
0x00127e8d	0x00127fcd	CONDITIONAL_JUMP	0
0x00127e96	0xStack[-0x2c]	WRITE	0
0x00127ea7	0x00127fcd	CONDITIONAL_JUMP	0
0x00127ead	0xStack[-0x2c]	READ	1
0x00127eb5	0x00127ef4	CONDITIONAL_JUMP	0
0x00127eb7	0xStack[-0x18]	WRITE	0
0x00127ebe	0xStack[-0x18]	DATA	0
0x00127ec1	0xStack[-0x14]	WRITE	0
0x00127ec9	0xStack[-0x10]	WRITE	0
0x00127ecd	0x00121a3c	UNCONDITIONAL_CALL	0
0x00127ed5	0xStack[-0x18]	READ	1
0x00127eda	0x00128059	CONDITIONAL_JUMP	0
0x00127ee3	0xStack[-0x30]	WRITE	0
0x00127ee7	0x00121ba0	UNCONDITIONAL_CALL	0
0x00127eef	0x00127f1d	UNCONDITIONAL_JUMP	0
0x00127ef4	0x001eaa60	READ	1
0x00127efb	0x00127f0c	CONDITIONAL_JUMP	0
0x00127f03	0x00127f0c	CONDITIONAL_JUMP	0
0x00127f0a	0x00127f00	CONDITIONAL_JUMP	0
0x00127f0c	0xStack[-0x30]	WRITE	0
0x00127f15	0x00127f1d	CONDITIONAL_JUMP	0
0x00127f1a	0xStack[-0x30]	WRITE	0
0x00127f1d	0xStack[-0x30]	READ	0
0x00127f21	0x00128059	CONDITIONAL_JUMP	0
0x00127f2f	0x00127f64	CONDITIONAL_JUMP	0
0x00127f31	0xStack[-0x20]	WRITE	0
0x00127f38	0xStack[-0x30]	READ	1
0x00127f3e	0x00127f49	CONDITIONAL_JUMP	0
0x00127f40	0xStack[-0x2c]	READ	1
0x00127f47	0x00127f4f	CONDITIONAL_JUMP	0
0x00127f4a	0xStack[-0x20]	READ	0
0x00127f4d	0x00127f34	CONDITIONAL_JUMP	0
0x00127f55	0x00127f64	CONDITIONAL_JUMP	0
0x00127f57	0xStack[-0x1c]	WRITE	0
0x00127f5e	0x00128093	UNCONDITIONAL_JUMP	0
0x00127f67	0x00127f78	CONDITIONAL_JUMP	0
0x00127f69	0xStack[-0x1c]	WRITE	0
0x00127f70	0x00128093	UNCONDITIONAL_JUMP	0
0x00127f78	0xStack[-0x30]	READ	1
0x00127f7c	0xStack[-0x2c]	READ	1
0x00127f82	0x00123fc0	UNCONDITIONAL_CALL	0
0x00127f90	0x00127fa0	CONDITIONAL_JUMP	0
0x00127f92	0xStack[-0x1c]	WRITE	0
0x00127f99	0x00128093	UNCONDITIONAL_JUMP	0
0x00127fa4	0x00128093	UNCONDITIONAL_JUMP	0
0x00127fae	0x00127fcd	CONDITIONAL_JUMP	0
0x00127fb5	0x00127fcd	CONDITIONAL_JUMP	0
0x00127fba	0xStack[-0x2c]	WRITE	0
0x00127fcb	0x00127fdc	CONDITIONAL_JUMP	0
0x00127fcd	0xStack[-0x1c]	WRITE	0
0x00127fd4	0x00128093	UNCONDITIONAL_JUMP	0
0x00127fdc	0xStack[-0x2c]	READ	1
0x00127fe4	0x00127ff0	CONDITIONAL_JUMP	0
0x00127fe6	0xStack[-0x30]	WRITE	0
0x00127fed	0x0012801f	UNCONDITIONAL_JUMP	0
0x00127ff0	0x001eaa60	READ	1
0x00127ff7	0x00128008	CONDITIONAL_JUMP	0
0x00127fff	0x00128008	CONDITIONAL_JUMP	0
0x00128006	0x00127ffc	CONDITIONAL_JUMP	0
0x00128008	0xStack[-0x30]	WRITE	0
0x00128011	0x00128019	CONDITIONAL_JUMP	0
0x00128016	0xStack[-0x30]	WRITE	0
0x00128019	0xStack[-0x30]	READ	0
0x0012801d	0x00128059	CONDITIONAL_JUMP	0
0x00128027	0x00128051	CONDITIONAL_JUMP	0
0x00128029	0xStack[-0x24]	WRITE	0
0x0012802c	0xStack[-0x30]	READ	0
0x00128030	0x0012803e	CONDITIONAL_JUMP	0
0x00128036	0xStack[-0x30]	READ	1
0x0012803c	0x0012804b	CONDITIONAL_JUMP	0
0x00128042	0xStack[-0x2c]	READ	1
0x00128049	0x00128051	CONDITIONAL_JUMP	0
0x0012804c	0xStack[-0x24]	READ	0
0x0012804f	0x0012802c	CONDITIONAL_JUMP	0
0x00128057	0x00128064	CONDITIONAL_JUMP	0
0x00128059	0xStack[-0x1c]	WRITE	0
0x00128060	0x00128093	UNCONDITIONAL_JUMP	0
0x00128069	0x001240d4	UNCONDITIONAL_CALL	0
0x00128072	0x0012807d	UNCONDITIONAL_JUMP	0
0x00128083	0x00128074	CONDITIONAL_JUMP	0
0x00128089	0x00128093	UNCONDITIONAL_JUMP	0
0x0012808c	0xStack[-0x1c]	WRITE	0
0x00128096	0x001280b5	CONDITIONAL_JUMP	0
0x0012809f	0x001280b5	CONDITIONAL_JUMP	0
0x001280a1	0xStack[0x8]	READ	1
0x001280a7	0x00113ed0	UNCONDITIONAL_CALL	0
0x001280ac	0xStack[0x8]	READ	1
0x001280b5	0xStack[-0x1c]	READ	1
0x001280b8	0xStack[-0x3c]	DATA	0
0x001280ca	0xStack[0x4]	READ	1
0x001280cd	0xStack[0x8]	READ	1
0x001280d0	0xStack[0xc]	READ	1
0x001280d7	0x00113dc0	UNCONDITIONAL_CALL	0
0x001280e0	0x001280ec	CONDITIONAL_JUMP	0
0x001280e7	0x001280ee	UNCONDITIONAL_JUMP	0
0x001280f1	0x00128148	CONDITIONAL_JUMP	0
0x001280f3	0x00128100	CONDITIONAL_JUMP	0
0x001280f8	0x00128108	CONDITIONAL_JUMP	0
0x001280fa	0x00128180	UNCONDITIONAL_JUMP	0
0x00128103	0x00128160	CONDITIONAL_JUMP	0
0x00128105	0x00128180	UNCONDITIONAL_JUMP	0
0x00128117	0x00128140	CONDITIONAL_JUMP	0
0x0012811d	0x00128140	CONDITIONAL_JUMP	0
0x0012811f	0x001eaa60	READ	1
0x00128126	0x00128140	CONDITIONAL_JUMP	0
0x0012812b	0x00128134	CONDITIONAL_JUMP	0
0x00128132	0x00128128	CONDITIONAL_JUMP	0
0x00128136	0x00128140	CONDITIONAL_JUMP	0
0x0012813d	0x0012817b	UNCONDITIONAL_JUMP	0
0x00128146	0x0012817b	UNCONDITIONAL_JUMP	0
0x00128157	0x00128178	CONDITIONAL_JUMP	0
0x0012815e	0x0012817b	UNCONDITIONAL_JUMP	0
0x0012816f	0x00128178	CONDITIONAL_JUMP	0
0x00128176	0x0012817b	UNCONDITIONAL_JUMP	0
0x0012817d	0x00128185	UNCONDITIONAL_JUMP	0
0x00128185	0xStack[-0x10]	DATA	0
0x00128196	0xStack[0x4]	READ	1
0x0012819b	0x001281c8	CONDITIONAL_JUMP	0
0x001281a9	0x001281c2	CONDITIONAL_JUMP	0
0x001281b1	0x001240d4	UNCONDITIONAL_CALL	0
0x001281c0	0x001281ac	CONDITIONAL_JUMP	0
0x001281c3	0x00113ed0	UNCONDITIONAL_CALL	0
0x001281c8	0xStack[-0x10]	DATA	0
0x001281e0	0xStack[0x8]	READ	1
0x001281e4	0x001141a4	UNCONDITIONAL_CALL	0
0x001281f0	0x00128236	CONDITIONAL_JUMP	0
0x0012821f	0x0018b2ac	UNCONDITIONAL_CALL	0
0x00128228	0xStack[0xc]	READ	1
0x0012822d	0xStack[0x4]	READ	1
0x00128231	0x0011f450	UNCONDITIONAL_CALL	0
0x00128236	0xStack[-0xc]	DATA	0
0x00128243	0xStack[0x4]	READ	1
0x00128250	0x001dbe3e	WRITE	0
0x0012825a	0x001dbe20	WRITE	0
0x00128263	0x001dbe30	WRITE	0
0x00128268	0x001dbe1c	DATA	0
0x0012826d	0x001dbe2c	DATA	0
0x00128272	0x001dbe3c	DATA	0
0x00128278	0x0012157c	UNCONDITIONAL_CALL	0
0x0012828a	0xStack[0x4]	READ	1
0x0012828f	0xStack[0x8]	READ	1
0x0012829d	0x00128340	CONDITIONAL_JUMP	0
0x001282a7	0x00128340	CONDITIONAL_JUMP	0
0x001282b1	0x001282c0	CONDITIONAL_JUMP	0
0x001282be	0x001282b4	CONDITIONAL_JUMP	0
0x001282c4	0x00113dc0	UNCONDITIONAL_CALL	0
0x001282d0	0x001282e0	CONDITIONAL_JUMP	0
0x001282d9	0x001283a4	UNCONDITIONAL_JUMP	0
0x00128310	0x0012832c	CONDITIONAL_JUMP	0
0x00128317	0x00128324	CONDITIONAL_JUMP	0
0x0012831e	0x001283a4	UNCONDITIONAL_JUMP	0
0x0012832a	0x00128333	UNCONDITIONAL_JUMP	0
0x0012833d	0x0012837e	UNCONDITIONAL_JUMP	0
0x0012834a	0x00128378	CONDITIONAL_JUMP	0
0x0012834c	0x001eaa60	READ	1
0x00128353	0x00128364	CONDITIONAL_JUMP	0
0x0012835b	0x00128364	CONDITIONAL_JUMP	0
0x00128362	0x00128358	CONDITIONAL_JUMP	0
0x00128368	0x0012836d	CONDITIONAL_JUMP	0
0x0012836f	0x00128378	CONDITIONAL_JUMP	0
0x00128376	0x001283a4	UNCONDITIONAL_JUMP	0
0x00128382	0xStack[0x8]	READ	1
0x0012839a	0x00127280	UNCONDITIONAL_CALL	0
0x0012839f	0x001283ac	UNCONDITIONAL_JUMP	0
0x001283a5	0x001140e0	UNCONDITIONAL_CALL	0
0x001283ac	0xStack[-0x10]	DATA	0
0x001283be	0xStack[0x8]	READ	1
0x001283c1	0xStack[0x10]	READ	1
0x001283c4	0xStack[0x14]	READ	1
0x001283cc	0xStack[0xc]	READ	0
0x001283d0	0x0012849c	CONDITIONAL_JUMP	0
0x001283d6	0xStack[0x4]	READ	0
0x001283da	0x00128428	CONDITIONAL_JUMP	0
0x001283dc	0xStack[0x4]	READ	0
0x001283e0	0x001284b3	CONDITIONAL_JUMP	0
0x001283e9	0x001283fc	CONDITIONAL_JUMP	0
0x001283f2	0x00127b90	UNCONDITIONAL_CALL	0
0x001283f7	0x001284b5	UNCONDITIONAL_JUMP	0
0x001283ff	0x0012841c	CONDITIONAL_JUMP	0
0x00128404	0x0012841c	CONDITIONAL_JUMP	0
0x00128409	0x0012841c	CONDITIONAL_JUMP	0
0x00128413	0x00127cc8	UNCONDITIONAL_CALL	0
0x00128418	0x00128493	UNCONDITIONAL_JUMP	0
0x00128421	0x0012c1e0	UNCONDITIONAL_CALL	0
0x00128426	0x00128493	UNCONDITIONAL_JUMP	0
0x0012842b	0x0012843c	CONDITIONAL_JUMP	0
0x0012842d	0x0012849c	CONDITIONAL_JUMP	0
0x00128432	0x0012849c	CONDITIONAL_JUMP	0
0x00128437	0x0012849c	CONDITIONAL_JUMP	0
0x00128439	0x00128488	UNCONDITIONAL_JUMP	0
0x00128440	0x00113dc0	UNCONDITIONAL_CALL	0
0x0012844f	0x00128480	CONDITIONAL_JUMP	0
0x00128476	0x001013cc	UNCONDITIONAL_CALL	0
0x0012847e	0x001284a1	UNCONDITIONAL_JUMP	0
0x00128486	0x001284a1	UNCONDITIONAL_JUMP	0
0x0012848e	0x001280c4	UNCONDITIONAL_CALL	0
0x00128498	0x001284a1	UNCONDITIONAL_JUMP	0
0x001284a1	0xStack[0x4]	READ	0
0x001284a5	0x001284b3	CONDITIONAL_JUMP	0
0x001284ab	0x001284b3	CONDITIONAL_JUMP	0
0x001284ae	0x00113ed0	UNCONDITIONAL_CALL	0
0x001284b5	0xStack[-0x10]	DATA	0
0x001284c9	0xStack[0x4]	READ	1
0x001284cd	0xStack[0x8]	READ	1
0x001284d1	0xStack[-0x8]	WRITE	0
0x001284d5	0x001eed60	READ	1
0x001284e7	0x001ead50	DATA	1
0x001284ed	0x001eed60	READ_WRITE	0
0x001284f3	0x001eed60	READ	0
0x001284fa	0x00128506	CONDITIONAL_JUMP	0
0x001284fc	0x001eed60	WRITE	0
0x00128506	0x00125d18	UNCONDITIONAL_CALL	0
0x0012850b	0x001ead50	DATA	0
0x00128511	0x001ead54	DATA	1
0x00128515	0xStack[-0x8]	READ	1
0x00128519	0x001ead56	DATA	1
0x0012851d	0xStack[0xc]	READ	1
0x00128520	0x001ead58	DATA	1
0x00128525	0x00128538	CONDITIONAL_JUMP	0
0x0012852a	0xStack[0xc]	READ	1
0x00128533	0x001ead88	DATA	1
0x00128533	0x001ead8c	DATA	1
0x00128535	0x00128546	UNCONDITIONAL_JUMP	0
0x0012853e	0x00101600	UNCONDITIONAL_CALL	0
0x00128546	0xStack[0x10]	READ	0
0x0012854a	0x0012855c	CONDITIONAL_JUMP	0
0x0012854f	0xStack[0x10]	READ	1
0x00128558	0x001ead5c	DATA	1
0x00128558	0x001ead60	DATA	1
0x0012855a	0x00128567	UNCONDITIONAL_JUMP	0
0x00128562	0x00101600	UNCONDITIONAL_CALL	0
0x00128567	0xStack[0x14]	READ	1
0x0012856b	0x001ead84	DATA	1
0x0012856f	0xStack[-0x14]	DATA	0
0x00128585	0xStack[0x8]	READ	1
0x00128588	0xStack[0xc]	READ	1
0x0012858b	0xStack[0x4]	READ	1
0x00128594	0xStack[-0x8]	WRITE	0
0x00128599	0x00128698	CONDITIONAL_JUMP	0
0x001285a3	0x001285b8	CONDITIONAL_JUMP	0
0x001285af	0x001285b8	CONDITIONAL_JUMP	0
0x001285b3	0xStack[0x4]	READ	0
0x001285b6	0x001285a8	CONDITIONAL_JUMP	0
0x001285bb	0xStack[0x4]	READ	0
0x001285be	0x0012862f	CONDITIONAL_JUMP	0
0x001285d0	0x0012862d	CONDITIONAL_JUMP	0
0x001285d8	0x00128610	CONDITIONAL_JUMP	0
0x001285da	0x001eedec	READ_WRITE	0
0x001285e4	0x001eedf0	READ_WRITE	0
0x001285eb	0x001140e0	UNCONDITIONAL_CALL	0
0x001285f2	0x00128732	UNCONDITIONAL_JUMP	0
0x00128606	0x001144ec	UNCONDITIONAL_CALL	0
0x0012860e	0x00128687	UNCONDITIONAL_JUMP	0
0x00128612	0xStack[-0x10]	WRITE	0
0x00128615	0xStack[-0xc]	WRITE	0
0x00128618	0x001144ec	UNCONDITIONAL_CALL	0
0x0012861d	0xStack[-0x10]	READ	1
0x0012862a	0xStack[-0xc]	READ	1
0x0012862f	0x001eedfc	READ_WRITE	0
0x00128639	0x001eee00	READ_WRITE	0
0x00128642	0xStack[0x4]	READ	0
0x00128645	0x00128687	CONDITIONAL_JUMP	0
0x00128658	0x00128687	CONDITIONAL_JUMP	0
0x00128660	0x001285f8	CONDITIONAL_JUMP	0
0x0012867a	0x001140e0	UNCONDITIONAL_CALL	0
0x00128682	0xStack[0x4]	READ	0
0x00128685	0x00128648	CONDITIONAL_JUMP	0
0x00128698	0xStack[0x4]	READ	1
0x001286a3	0x001286c3	CONDITIONAL_JUMP	0
0x001286a5	0xStack[0x4]	READ	1
0x001286ac	0x001286c3	CONDITIONAL_JUMP	0
0x001286b4	0x001286c3	CONDITIONAL_JUMP	0
0x001286ba	0x001286c8	CONDITIONAL_JUMP	0
0x001286c1	0x001286c8	CONDITIONAL_JUMP	0
0x001286c5	0x00128732	UNCONDITIONAL_JUMP	0
0x001286cc	0xStack[0x4]	READ	1
0x001286ec	0xStack[-0x8]	READ	1
0x001286f3	0x00128700	CONDITIONAL_JUMP	0
0x001286f6	0x001140e0	UNCONDITIONAL_CALL	0
0x001286fe	0x00128710	UNCONDITIONAL_JUMP	0
0x00128701	0xStack[-0x8]	READ	1
0x00128708	0x00116614	UNCONDITIONAL_CALL	0
0x00128710	0xStack[0x4]	READ	0
0x00128713	0x00128720	CONDITIONAL_JUMP	0
0x00128715	0xStack[0x4]	READ	1
0x0012871e	0x001286c8	CONDITIONAL_JUMP	0
0x00128720	0xStack[-0x8]	READ	1
0x00128727	0xStack[-0x8]	READ	1
0x0012872b	0x0011649c	UNCONDITIONAL_CALL	0
0x00128732	0xStack[-0x1c]	DATA	0
0x00128748	0xStack[-0x10]	WRITE	0
0x0012874f	0xStack[-0x34]	WRITE	0
0x00128756	0xStack[-0x1c]	WRITE	0
0x0012875d	0xStack[-0x24]	WRITE	0
0x00128764	0xStack[-0x28]	WRITE	0
0x0012876b	0x001eedd4	READ_WRITE	0
0x00128771	0xStack[0x4]	READ	1
0x00128777	0xStack[-0x8]	WRITE	0
0x00128782	0x0012878f	CONDITIONAL_JUMP	0
0x00128787	0x00126e1c	UNCONDITIONAL_CALL	0
0x0012878f	0xStack[0x4]	READ	1
0x00128797	0x001287b8	CONDITIONAL_JUMP	0
0x0012879c	0x001145a4	UNCONDITIONAL_CALL	0
0x001287a1	0xStack[0x4]	WRITE	0
0x001287a9	0x0012886d	CONDITIONAL_JUMP	0
0x001287af	0xStack[0x4]	READ	1
0x001287b5	0xStack[-0x8]	WRITE	0
0x001287b8	0xStack[-0x8]	READ	1
0x001287e4	0xStack[0x4]	READ	1
0x001287e8	0x0018b2ac	UNCONDITIONAL_CALL	0
0x001287ef	0xStack[-0x2c]	WRITE	0
0x001287f3	0xStack[-0x8]	READ	1
0x001287fd	0xStack[-0x2c]	READ	0
0x00128802	0x00128810	CONDITIONAL_JUMP	0
0x00128804	0x001eede0	READ_WRITE	0
0x0012880a	0x00129a20	UNCONDITIONAL_JUMP	0
0x00128810	0xStack[-0x8]	READ	1
0x00128826	0x0012882c	CONDITIONAL_JUMP	0
0x0012882a	0x00128838	CONDITIONAL_JUMP	0
0x0012882c	0x001eede4	READ_WRITE	0
0x00128832	0x00129a20	UNCONDITIONAL_JUMP	0
0x0012883b	0xStack[-0x8]	READ	1
0x00128845	0x001288ee	CONDITIONAL_JUMP	0
0x0012884b	0xStack[0x4]	READ	1
0x00128857	0x00128881	CONDITIONAL_JUMP	0
0x0012885a	0xStack[0x4]	READ	1
0x0012885e	0x001145a4	UNCONDITIONAL_CALL	0
0x00128863	0xStack[0x4]	WRITE	0
0x0012886b	0x00128878	CONDITIONAL_JUMP	0
0x0012886d	0x001eede8	READ_WRITE	0
0x00128873	0x00129a7c	UNCONDITIONAL_JUMP	0
0x00128878	0xStack[0x4]	READ	1
0x0012887e	0xStack[-0x8]	WRITE	0
0x00128885	0x00113dc0	UNCONDITIONAL_CALL	0
0x0012888a	0xStack[-0x10]	WRITE	0
0x00128892	0x00129a32	CONDITIONAL_JUMP	0
0x0012889c	0xStack[-0x2c]	WRITE	0
0x001288a4	0xStack[0x4]	READ	1
0x001288ad	0xStack[-0x2c]	READ	1
0x001288b2	0xStack[-0x10]	READ	1
0x001288ba	0x001013cc	UNCONDITIONAL_CALL	0
0x001288bf	0xStack[0x4]	READ	1
0x001288c6	0xStack[-0x10]	READ	1
0x001288cd	0xStack[0x4]	READ	1
0x001288dc	0xStack[-0x10]	READ	1
0x001288e6	0x001013cc	UNCONDITIONAL_CALL	0
0x001288ee	0xStack[-0x8]	READ	1
0x001288f5	0xStack[-0x14]	WRITE	0
0x001288f8	0xStack[-0x8]	READ	1
0x00128900	0xStack[-0x8]	READ	1
0x00128922	0xStack[-0x8]	READ	1
0x00128929	0x001dbe44	READ	1
0x0012892f	0x001ead10	DATA	1
0x0012892f	0xStack[-0xc]	WRITE	0
0x00128932	0xStack[-0x8]	READ	1
0x00128939	0x001ead28	READ	0
0x0012893d	0x00128965	CONDITIONAL_JUMP	0
0x0012893f	0xStack[-0x8]	READ	1
0x00128946	0x001ead20	READ	0
0x0012894a	0x00128965	CONDITIONAL_JUMP	0
0x0012894c	0xStack[-0x8]	READ	1
0x00128952	0xStack[-0xc]	READ	1
0x00128955	0x001ead1c	READ	0
0x00128958	0x00128965	CONDITIONAL_JUMP	0
0x0012895a	0xStack[-0x8]	READ	1
0x00128960	0x001ead24	READ	0
0x00128963	0x001289a4	CONDITIONAL_JUMP	0
0x00128967	0xStack[-0x8]	READ	1
0x0012896f	0xStack[-0x8]	READ	1
0x00128976	0xStack[-0x8]	READ	1
0x0012897e	0xStack[-0x8]	READ	1
0x00128985	0x001ead10	DATA	0
0x0012898a	0x00125488	UNCONDITIONAL_CALL	0
0x0012898f	0xStack[-0xc]	WRITE	0
0x00128997	0x0012899e	CONDITIONAL_JUMP	0
0x00128999	0x001dbe44	WRITE	0
0x0012899e	0x001eee58	READ_WRITE	0
0x001289a4	0xStack[-0xc]	READ	0
0x001289a8	0x00129984	CONDITIONAL_JUMP	0
0x001289ae	0xStack[-0xc]	READ	1
0x001289b1	0x001ead30	READ	1
0x001289b4	0xStack[-0x34]	WRITE	0
0x001289b9	0x00129984	CONDITIONAL_JUMP	0
0x001289c6	0x00129a20	CONDITIONAL_JUMP	0
0x001289cc	0xStack[-0xc]	READ	1
0x001289cf	0x001ead2c	READ	1
0x001289d2	0xStack[-0x18]	WRITE	0
0x001289dc	0x00128a4e	CONDITIONAL_JUMP	0
0x001289e1	0x001289f9	CONDITIONAL_JUMP	0
0x001289e3	0xStack[-0x20]	WRITE	0
0x001289e7	0x001eee30	DATA	1
0x001289ec	0xStack[-0x8]	READ	1
0x001289f7	0x001eee30	WRITE	0
0x001289f7	0x001eee34	WRITE	0
0x001289f9	0xStack[-0x18]	READ	1
0x00128a00	0x00128a4e	CONDITIONAL_JUMP	0
0x00128a05	0x00116230	UNCONDITIONAL_CALL	0
0x00128a0a	0xStack[-0x18]	WRITE	0
0x00128a12	0x00129a20	CONDITIONAL_JUMP	0
0x00128a18	0xStack[-0x24]	READ_WRITE	0
0x00128a1e	0xStack[-0xc]	WRITE	0
0x00128a21	0xStack[-0x8]	READ	1
0x00128a2a	0xStack[-0x8]	READ	1
0x00128a35	0x00126d80	UNCONDITIONAL_CALL	0
0x00128a3c	0xStack[-0xc]	READ	1
0x00128a45	0xStack[-0x34]	WRITE	0
0x00128a4e	0xStack[-0x34]	READ	1
0x00128a57	0x001dbe9c	READ	1
0x00128a62	0xStack[-0x10]	READ	0
0x00128a66	0x00128a8a	CONDITIONAL_JUMP	0
0x00128a6d	0x00128a8a	CONDITIONAL_JUMP	0
0x00128a6f	0xStack[-0x8]	READ	1
0x00128a73	0xStack[-0x10]	READ	1
0x00128a77	0xStack[-0x34]	READ	1
0x00128a7b	0x00129a8c	UNCONDITIONAL_CALL	0
0x00128a80	0xStack[-0x10]	WRITE	0
0x00128a8a	0xStack[-0x34]	READ	1
0x00128a92	0x00128c78	CONDITIONAL_JUMP	0
0x00128a98	0xStack[-0x14]	READ	1
0x00128aa1	0x00128c78	CONDITIONAL_JUMP	0
0x00128aaa	0xStack[-0x8]	READ	1
0x00128ab0	0x00128c78	CONDITIONAL_JUMP	0
0x00128abd	0x00128c78	CONDITIONAL_JUMP	0
0x00128ac7	0x00128c78	CONDITIONAL_JUMP	0
0x00128ad3	0x00128c78	CONDITIONAL_JUMP	0
0x00128ae0	0x00128bd0	CONDITIONAL_JUMP	0
0x00128af0	0x00128c78	CONDITIONAL_JUMP	0
0x00128afc	0x00128c78	CONDITIONAL_JUMP	0
0x00128b06	0x00128c78	CONDITIONAL_JUMP	0
0x00128b0c	0x001eee5c	READ_WRITE	0
0x00128b17	0x00128b2c	CONDITIONAL_JUMP	0
0x00128b21	0x00128b2c	CONDITIONAL_JUMP	0
0x00128b24	0x00129b90	UNCONDITIONAL_CALL	0
0x00128b2c	0xStack[-0x8]	READ	1
0x00128b32	0xStack[-0x34]	READ	1
0x00128b38	0x001eee1c	READ_WRITE	0
0x00128b3e	0x001eee20	READ_WRITE	0
0x00128b45	0xStack[-0x18]	READ	1
0x00128b4c	0x00116ab8	UNCONDITIONAL_CALL	0
0x00128b51	0xStack[-0x8]	READ	1
0x00128b5a	0xStack[0x4]	READ	1
0x00128b5e	0x001140e0	UNCONDITIONAL_CALL	0
0x00128b63	0xStack[-0x34]	READ	1
0x00128b6c	0xStack[-0x34]	READ	1
0x00128b72	0x00128b7c	CONDITIONAL_JUMP	0
0x00128b7a	0x00128b91	UNCONDITIONAL_JUMP	0
0x00128b7c	0xStack[-0x34]	READ	1
0x00128b84	0x00128b91	CONDITIONAL_JUMP	0
0x00128b86	0xStack[-0x34]	READ	1
0x00128b91	0xStack[-0x18]	READ	1
0x00128b98	0x00128ba0	CONDITIONAL_JUMP	0
0x00128b9e	0x00128bb3	CONDITIONAL_JUMP	0
0x00128ba0	0xStack[-0x18]	READ	1
0x00128ba7	0xStack[-0x18]	READ	1
0x00128bab	0x0011649c	UNCONDITIONAL_CALL	0
0x00128bb3	0xStack[-0x18]	READ	1
0x00128bbb	0x00129a7c	CONDITIONAL_JUMP	0
0x00128bc1	0xStack[-0x34]	READ	1
0x00128bc5	0x00129d8c	UNCONDITIONAL_CALL	0
0x00128bca	0x00129a7c	UNCONDITIONAL_JUMP	0
0x00128bd0	0xStack[-0x34]	READ	1
0x00128bd6	0xStack[-0x8]	READ	1
0x00128bdc	0x00128c78	CONDITIONAL_JUMP	0
0x00128be2	0xStack[-0x34]	READ	1
0x00128be5	0xStack[-0x34]	READ	1
0x00128bea	0x00128c78	CONDITIONAL_JUMP	0
0x00128bf3	0xStack[-0x18]	READ	1
0x00128bfa	0xStack[-0x18]	READ	1
0x00128c05	0xStack[-0x18]	READ	1
0x00128c0c	0xStack[-0x18]	READ	1
0x00128c19	0x00128c1d	CONDITIONAL_JUMP	0
0x00128c1f	0x00128c78	CONDITIONAL_JUMP	0
0x00128c21	0x001eee60	READ_WRITE	0
0x00128c27	0xStack[-0x8]	READ	1
0x00128c2e	0xStack[-0x34]	READ	1
0x00128c34	0x001eedd8	READ_WRITE	0
0x00128c3a	0xStack[-0x8]	READ	1
0x00128c41	0x001eeddc	READ_WRITE	0
0x00128c47	0xStack[0x4]	READ	1
0x00128c54	0xStack[-0x18]	READ	1
0x00128c5b	0x00116614	UNCONDITIONAL_CALL	0
0x00128c61	0xStack[-0x18]	READ	1
0x00128c65	0x0011649c	UNCONDITIONAL_CALL	0
0x00128c6a	0xStack[-0x34]	READ	1
0x00128c71	0x00129a7c	UNCONDITIONAL_JUMP	0
0x00128c78	0xStack[0x4]	READ	1
0x00128c84	0xStack[-0x18]	READ	1
0x00128c8b	0xStack[-0x18]	READ	1
0x00128c96	0xStack[-0x18]	READ	1
0x00128c9d	0xStack[-0x18]	READ	1
0x00128ca6	0xStack[-0x30]	WRITE	0
0x00128cab	0x00128cb0	CONDITIONAL_JUMP	0
0x00128cad	0xStack[-0x30]	WRITE	0
0x00128cb0	0xStack[-0x30]	READ	0
0x00128cb4	0x00128cbd	CONDITIONAL_JUMP	0
0x00128cb6	0xStack[-0x30]	WRITE	0
0x00128cbd	0xStack[-0x34]	READ	1
0x00128cca	0xStack[-0x30]	READ	1
0x00128cce	0xStack[-0x30]	READ	0
0x00128cd1	0x00128cd8	CONDITIONAL_JUMP	0
0x00128cd8	0xStack[-0x34]	READ	1
0x00128ce7	0x00128d00	CONDITIONAL_JUMP	0
0x00128ce9	0x00128fd0	CONDITIONAL_JUMP	0
0x00128cf3	0x00128fd0	CONDITIONAL_JUMP	0
0x00128cf9	0x00128e68	UNCONDITIONAL_JUMP	0
0x00128d00	0xStack[-0x14]	READ	1
0x00128d06	0x00129a20	CONDITIONAL_JUMP	0
0x00128d0f	0x00129984	CONDITIONAL_JUMP	0
0x00128d18	0x00129a20	CONDITIONAL_JUMP	0
0x00128d1e	0xStack[-0x8]	READ	1
0x00128d25	0x00123d74	UNCONDITIONAL_CALL	0
0x00128d31	0x00129a20	CONDITIONAL_JUMP	0
0x00128d3b	0x00113dc0	UNCONDITIONAL_CALL	0
0x00128d47	0x00129a20	CONDITIONAL_JUMP	0
0x00128d5b	0xStack[-0x8]	READ	1
0x00128d64	0xStack[-0x8]	READ	1
0x00128d6f	0xStack[-0xc]	READ	1
0x00128d77	0x00128d82	CONDITIONAL_JUMP	0
0x00128d79	0xStack[-0x8]	READ	1
0x00128d83	0xStack[-0xc]	READ	1
0x00128d87	0x00124fe4	UNCONDITIONAL_CALL	0
0x00128d93	0x00128da8	CONDITIONAL_JUMP	0
0x00128d99	0x00113ed0	UNCONDITIONAL_CALL	0
0x00128da1	0x00129a20	UNCONDITIONAL_JUMP	0
0x00128da9	0x00113ed0	UNCONDITIONAL_CALL	0
0x00128dae	0xStack[-0x34]	READ	1
0x00128db2	0x0012a45c	UNCONDITIONAL_CALL	0
0x00128db9	0xStack[-0x34]	READ	1
0x00128dc4	0x00128de0	CONDITIONAL_JUMP	0
0x00128dc9	0x0012a6d4	UNCONDITIONAL_CALL	0
0x00128dce	0xStack[-0x34]	WRITE	0
0x00128dd1	0xStack[-0x24]	WRITE	0
0x00128ddb	0x00129a20	UNCONDITIONAL_JUMP	0
0x00128de0	0xStack[-0x10]	READ	0
0x00128de4	0x00128dfa	CONDITIONAL_JUMP	0
0x00128de6	0xStack[-0x8]	READ	1
0x00128dea	0xStack[-0x10]	READ	1
0x00128dee	0xStack[-0x34]	READ	1
0x00128df2	0x00129a8c	UNCONDITIONAL_CALL	0
0x00128dfa	0xStack[-0x28]	READ	0
0x00128dfe	0x00128e0c	CONDITIONAL_JUMP	0
0x00128e00	0xStack[-0x28]	READ	1
0x00128e03	0xStack[-0x34]	READ	1
0x00128e09	0x00128e18	UNCONDITIONAL_JUMP	0
0x00128e0c	0x001eed64	READ	1
0x00128e12	0xStack[-0x34]	READ	1
0x00128e18	0x001eed64	READ_WRITE	0
0x00128e22	0xStack[-0x8]	READ	1
0x00128e28	0xStack[-0x34]	READ	1
0x00128e41	0xStack[-0x34]	READ	1
0x00128e5a	0x001eed74	READ_WRITE	0
0x00128e60	0x00128f71	UNCONDITIONAL_JUMP	0
0x00128e68	0xStack[-0x14]	READ	1
0x00128e6e	0x00128e94	CONDITIONAL_JUMP	0
0x00128e70	0xStack[-0x8]	READ	1
0x00128e78	0xStack[-0x34]	READ	1
0x00128e80	0x00129984	CONDITIONAL_JUMP	0
0x00128e89	0xStack[-0x2c]	WRITE	0
0x00128e8e	0x00129984	CONDITIONAL_JUMP	0
0x00128e94	0xStack[-0x14]	READ	1
0x00128e9d	0x00128ec0	CONDITIONAL_JUMP	0
0x00128ea1	0x00129a20	CONDITIONAL_JUMP	0
0x00128ea9	0xStack[-0x34]	READ	1
0x00128ead	0x0012a6d4	UNCONDITIONAL_CALL	0
0x00128eb2	0xStack[-0x34]	WRITE	0
0x00128eb8	0x00129a20	UNCONDITIONAL_JUMP	0
0x00128ec0	0xStack[-0x34]	READ	1
0x00128ec8	0x00128fd0	CONDITIONAL_JUMP	0
0x00128ece	0xStack[-0x14]	READ	1
0x00128ed7	0x00129a20	CONDITIONAL_JUMP	0
0x00128edf	0x00128efa	CONDITIONAL_JUMP	0
0x00128ee1	0xStack[-0x8]	READ	1
0x00128ef2	0x00128efa	CONDITIONAL_JUMP	0
0x00128ef4	0xStack[-0x34]	READ	1
0x00128efa	0xStack[-0x34]	READ	1
0x00128f03	0xStack[-0x8]	READ	1
0x00128f1a	0xStack[-0x14]	READ	1
0x00128f1f	0x00128f68	CONDITIONAL_JUMP	0
0x00128f21	0xStack[-0x34]	READ	1
0x00128f2c	0x00128f68	CONDITIONAL_JUMP	0
0x00128f2e	0x001eed78	READ_WRITE	0
0x00128f34	0xStack[-0x18]	READ	1
0x00128f38	0x00116144	UNCONDITIONAL_CALL	0
0x00128f3d	0xStack[-0x34]	READ	1
0x00128f4b	0x0012857c	UNCONDITIONAL_CALL	0
0x00128f53	0xStack[-0x34]	READ	1
0x00128f5b	0x00128f71	CONDITIONAL_JUMP	0
0x00128f5e	0x00129b90	UNCONDITIONAL_CALL	0
0x00128f66	0x00128f71	UNCONDITIONAL_JUMP	0
0x00128f68	0xStack[-0x34]	READ	1
0x00128f71	0xStack[-0x8]	READ	1
0x00128f7b	0xStack[-0x34]	READ	1
0x00128f84	0x00128fb4	CONDITIONAL_JUMP	0
0x00128f8d	0xStack[0x4]	READ	1
0x00128f91	0x001144ec	UNCONDITIONAL_CALL	0
0x00128f9a	0xStack[-0x8]	READ	1
0x00128fa1	0xStack[-0x14]	READ_WRITE	0
0x00128fa5	0x001eee04	READ_WRITE	0
0x00128fab	0x001eee08	READ_WRITE	0
0x00128fb4	0xStack[-0x8]	READ	1
0x00128fbb	0xStack[-0x34]	READ	1
0x00128fc1	0xStack[-0x8]	READ	1
0x00128fca	0x00129640	UNCONDITIONAL_JUMP	0
0x00128fd0	0xStack[-0x8]	READ	1
0x00128fd6	0xStack[-0x34]	READ	1
0x00128fe0	0x001290ad	CONDITIONAL_JUMP	0
0x00128fe6	0xStack[-0x14]	READ	1
0x00128feb	0x0012900d	CONDITIONAL_JUMP	0
0x00128fef	0xStack[-0x14]	WRITE	0
0x00128ffe	0x00129008	CONDITIONAL_JUMP	0
0x00129006	0x0012900c	UNCONDITIONAL_JUMP	0
0x00129008	0xStack[-0x14]	READ_WRITE	0
0x0012900d	0xStack[-0x8]	READ	1
0x00129016	0x00129025	CONDITIONAL_JUMP	0
0x00129018	0x00129068	CONDITIONAL_JUMP	0
0x0012901a	0xStack[-0x14]	READ	1
0x00129023	0x00129068	CONDITIONAL_JUMP	0
0x00129025	0x001eedec	READ_WRITE	0
0x0012902b	0xStack[-0x8]	READ	1
0x00129032	0x001eedf0	READ_WRITE	0
0x00129038	0xStack[-0x14]	READ	1
0x0012903e	0x0012995c	CONDITIONAL_JUMP	0
0x00129044	0xStack[-0x8]	READ	1
0x00129050	0x0012995c	CONDITIONAL_JUMP	0
0x0012905b	0xStack[-0x14]	WRITE	0
0x0012905e	0xStack[-0x34]	READ	1
0x00129065	0x00129074	UNCONDITIONAL_JUMP	0
0x00129068	0x001eedf4	READ_WRITE	0
0x0012906e	0x001eedf8	READ_WRITE	0
0x00129075	0xStack[0x4]	READ	1
0x00129079	0x001144ec	UNCONDITIONAL_CALL	0
0x0012907e	0xStack[-0x8]	READ	1
0x00129094	0x001290a0	CONDITIONAL_JUMP	0
0x0012909d	0x001290ad	UNCONDITIONAL_JUMP	0
0x001290a0	0xStack[-0x14]	READ_WRITE	0
0x001290a4	0xStack[-0x8]	READ	1
0x001290ad	0xStack[-0x18]	READ	1
0x001290b4	0x001290e4	CONDITIONAL_JUMP	0
0x001290b6	0xStack[-0x34]	READ	1
0x001290be	0x001290e4	CONDITIONAL_JUMP	0
0x001290c0	0xStack[-0x8]	READ	1
0x001290c8	0x001290e4	CONDITIONAL_JUMP	0
0x001290cb	0x0012a730	UNCONDITIONAL_CALL	0
0x001290d0	0xStack[-0x34]	WRITE	0
0x001290d3	0x001eee0c	READ_WRITE	0
0x001290dc	0x00129984	UNCONDITIONAL_JUMP	0
0x001290e4	0xStack[-0x8]	READ	1
0x001290eb	0xStack[-0x8]	READ	1
0x001290f1	0xStack[-0x30]	WRITE	0
0x001290f4	0xStack[-0x34]	READ	1
0x001290fb	0xStack[-0x34]	READ	1
0x00129101	0xStack[-0x30]	READ	1
0x00129108	0x001291aa	CONDITIONAL_JUMP	0
0x0012910e	0x001eee04	READ_WRITE	0
0x0012911a	0x00129188	CONDITIONAL_JUMP	0
0x0012911c	0x001eee08	READ_WRITE	0
0x00129122	0xStack[-0x14]	READ	1
0x00129128	0x0012915c	CONDITIONAL_JUMP	0
0x0012912f	0x0012915c	CONDITIONAL_JUMP	0
0x00129134	0xStack[-0x8]	READ	1
0x0012913e	0x0012915c	CONDITIONAL_JUMP	0
0x00129146	0xStack[-0x28]	WRITE	0
0x0012914a	0x0012a730	UNCONDITIONAL_CALL	0
0x0012914f	0xStack[-0x34]	WRITE	0
0x00129155	0x00128929	UNCONDITIONAL_JUMP	0
0x0012915c	0xStack[-0x34]	READ	1
0x00129164	0x0012995c	CONDITIONAL_JUMP	0
0x0012916d	0xStack[-0x8]	READ	1
0x00129173	0x0012995c	CONDITIONAL_JUMP	0
0x0012917d	0x001eee10	READ_WRITE	0
0x00129183	0x0012918e	UNCONDITIONAL_JUMP	0
0x00129188	0x001eee08	READ_WRITE	0
0x00129193	0xStack[0x4]	READ	1
0x00129197	0x001144ec	UNCONDITIONAL_CALL	0
0x0012919c	0xStack[-0x8]	READ	1
0x001291a3	0xStack[-0x14]	READ_WRITE	0
0x001291aa	0xStack[-0x14]	READ	1
0x001291af	0x00129224	CONDITIONAL_JUMP	0
0x001291b1	0xStack[-0x34]	READ	1
0x001291c2	0x00129224	CONDITIONAL_JUMP	0
0x001291c4	0x001291ec	COMPUTED_JUMP	-1
0x001291c4	0x001291f8	COMPUTED_JUMP	-1
0x001291c4	0x00129218	COMPUTED_JUMP	-1
0x001291c4	0x001291c4	READ	0
0x001291cc	0x001291ec	DATA	0
0x001291d0	0x001291f8	DATA	0
0x001291d4	0x001291f8	DATA	0
0x001291d8	0x001291f8	DATA	0
0x001291dc	0x00129218	DATA	0
0x001291e0	0x00129218	DATA	0
0x001291e4	0x001291f8	DATA	0
0x001291e8	0x00129218	DATA	0
0x001291ec	0xStack[-0x18]	READ	1
0x001291f5	0x00129201	UNCONDITIONAL_JUMP	0
0x001291f8	0xStack[-0x18]	READ	1
0x00129201	0xStack[-0x34]	READ	1
0x0012920a	0x001eed7c	READ_WRITE	0
0x00129210	0x0012961f	UNCONDITIONAL_JUMP	0
0x00129218	0xStack[-0x34]	READ	1
0x0012921c	0x00129620	UNCONDITIONAL_JUMP	0
0x00129224	0xStack[-0x14]	READ	1
0x00129229	0x00129244	CONDITIONAL_JUMP	0
0x0012922d	0xStack[-0x34]	READ	1
0x00129231	0x0012a6d4	UNCONDITIONAL_CALL	0
0x00129236	0xStack[-0x34]	WRITE	0
0x0012923c	0x00129984	UNCONDITIONAL_JUMP	0
0x00129244	0xStack[-0x14]	READ	1
0x0012924d	0x00129a20	CONDITIONAL_JUMP	0
0x00129253	0xStack[-0x34]	READ	1
0x0012925e	0x00129274	CONDITIONAL_JUMP	0
0x00129260	0x00129640	CONDITIONAL_JUMP	0
0x0012926a	0x00129640	CONDITIONAL_JUMP	0
0x00129270	0x001292ca	UNCONDITIONAL_JUMP	0
0x00129274	0xStack[-0x8]	READ	1
0x0012927a	0xStack[-0x34]	READ	1
0x00129284	0x00129984	CONDITIONAL_JUMP	0
0x0012928a	0xStack[-0x34]	READ	1
0x00129290	0xStack[-0x2c]	WRITE	0
0x00129295	0x00129984	CONDITIONAL_JUMP	0
0x0012929b	0x001eed78	READ_WRITE	0
0x001292a1	0xStack[-0x18]	READ	1
0x001292a5	0x00116144	UNCONDITIONAL_CALL	0
0x001292aa	0xStack[-0x34]	READ	1
0x001292b8	0x0012857c	UNCONDITIONAL_CALL	0
0x001292bd	0xStack[-0x8]	READ	1
0x001292ca	0xStack[-0x8]	READ	1
0x001292d0	0xStack[-0x34]	READ	1
0x001292d8	0x0012941c	CONDITIONAL_JUMP	0
0x001292de	0xStack[-0x8]	READ	1
0x001292e6	0x0012940c	CONDITIONAL_JUMP	0
0x001292f4	0x0012940c	CONDITIONAL_JUMP	0
0x001292fa	0x001eee14	READ_WRITE	0
0x00129300	0xStack[-0x34]	READ	1
0x00129308	0x0012940c	CONDITIONAL_JUMP	0
0x00129311	0xStack[-0x8]	READ	1
0x00129317	0x0012940c	CONDITIONAL_JUMP	0
0x0012931d	0xStack[-0x34]	READ	1
0x00129324	0xStack[-0x2c]	WRITE	0
0x0012932a	0xStack[-0x34]	READ	1
0x00129331	0xStack[-0x2c]	READ	1
0x0012933a	0x001dbe40	READ	1
0x00129342	0x001293e8	CONDITIONAL_JUMP	0
0x00129355	0x0010cd2c	UNCONDITIONAL_CALL	0
0x0012935e	0xStack[-0x34]	READ	1
0x00129365	0xStack[-0x30]	WRITE	0
0x00129376	0x0012937d	CONDITIONAL_JUMP	0
0x0012937d	0xStack[-0x30]	READ	1
0x00129385	0xStack[-0x34]	READ	1
0x00129398	0xStack[-0x8]	READ	1
0x001293a1	0xStack[-0x34]	READ	1
0x001293ad	0x00129d8c	UNCONDITIONAL_CALL	0
0x001293bd	0xStack[-0x2c]	WRITE	0
0x001293c0	0xStack[-0x34]	READ	1
0x001293c3	0xStack[-0x2c]	READ	1
0x001293d9	0x00129a20	CONDITIONAL_JUMP	0
0x001293e2	0x00129a20	UNCONDITIONAL_JUMP	0
0x001293ea	0x00129640	CONDITIONAL_JUMP	0
0x001293f0	0xStack[-0x34]	READ	1
0x001293fc	0x00129d8c	UNCONDITIONAL_CALL	0
0x00129404	0x00129a20	UNCONDITIONAL_JUMP	0
0x0012940c	0xStack[-0x34]	READ	1
0x00129415	0x00129640	UNCONDITIONAL_JUMP	0
0x0012941c	0xStack[-0x34]	READ	1
0x00129423	0x001dbe40	READ	0
0x00129429	0x0012943c	CONDITIONAL_JUMP	0
0x0012942b	0xStack[-0x34]	READ	1
0x00129436	0x0012943c	CONDITIONAL_JUMP	0
0x0012943c	0xStack[-0x34]	READ	1
0x00129445	0xStack[-0x8]	READ	1
0x00129452	0x00129460	CONDITIONAL_JUMP	0
0x00129454	0x001eee18	READ_WRITE	0
0x0012945a	0x0012995c	UNCONDITIONAL_JUMP	0
0x00129462	0xStack[-0x34]	READ	1
0x00129468	0x001eee1c	READ_WRITE	0
0x0012946e	0x001eee20	READ_WRITE	0
0x00129479	0x00129491	CONDITIONAL_JUMP	0
0x0012947b	0xStack[-0x8]	READ	1
0x00129486	0x00129491	CONDITIONAL_JUMP	0
0x00129489	0x00129b90	UNCONDITIONAL_CALL	0
0x00129491	0xStack[-0x34]	READ	1
0x00129497	0xStack[-0x8]	READ	1
0x0012949d	0x001294b4	CONDITIONAL_JUMP	0
0x0012949f	0xStack[-0x34]	READ	1
0x001294a8	0xStack[-0x1c]	WRITE	0
0x001294af	0x001294c9	UNCONDITIONAL_JUMP	0
0x001294b4	0xStack[-0x34]	READ	1
0x001294bc	0x001294c9	CONDITIONAL_JUMP	0
0x001294be	0xStack[-0x34]	READ	1
0x001294c9	0xStack[-0x34]	READ	1
0x001294d4	0xStack[-0x30]	WRITE	0
0x001294dd	0x001294f7	CONDITIONAL_JUMP	0
0x001294ec	0xStack[-0x30]	READ	1
0x001294f4	0xStack[-0x30]	WRITE	0
0x001294fc	0xStack[-0x30]	READ	1
0x001294ff	0xStack[-0x2c]	WRITE	0
0x00129503	0x0010cd2c	UNCONDITIONAL_CALL	0
0x0012950a	0xStack[-0x34]	READ	1
0x00129511	0xStack[-0x18]	READ	1
0x00129520	0x0012953c	CONDITIONAL_JUMP	0
0x0012952f	0x00116ab8	UNCONDITIONAL_CALL	0
0x00129539	0x00129552	UNCONDITIONAL_JUMP	0
0x0012953d	0xStack[-0x18]	READ	1
0x00129544	0x00116ab8	UNCONDITIONAL_CALL	0
0x00129549	0xStack[-0x34]	READ	1
0x00129555	0xStack[-0x18]	READ	1
0x0012955c	0x00129564	CONDITIONAL_JUMP	0
0x00129562	0x00129577	CONDITIONAL_JUMP	0
0x00129564	0xStack[-0x18]	READ	1
0x0012956b	0xStack[-0x18]	READ	1
0x0012956f	0x0011649c	UNCONDITIONAL_CALL	0
0x00129577	0xStack[-0x8]	READ	1
0x0012957d	0xStack[-0x34]	READ	1
0x0012958b	0x00129590	CONDITIONAL_JUMP	0
0x00129590	0xStack[-0x34]	READ	1
0x0012959b	0x001295f0	CONDITIONAL_JUMP	0
0x0012959d	0x001295ac	CONDITIONAL_JUMP	0
0x001295a3	0x001295c0	CONDITIONAL_JUMP	0
0x001295a5	0x00129640	UNCONDITIONAL_JUMP	0
0x001295b0	0x00129618	CONDITIONAL_JUMP	0
0x001295b6	0x00129630	CONDITIONAL_JUMP	0
0x001295b8	0x00129640	UNCONDITIONAL_JUMP	0
0x001295c2	0x00129640	CONDITIONAL_JUMP	0
0x001295c4	0xStack[-0x18]	READ	1
0x001295cb	0x001295e3	CONDITIONAL_JUMP	0
0x001295ce	0x001161f8	UNCONDITIONAL_CALL	0
0x001295d3	0x001eee28	READ	1
0x001295d9	0xStack[-0x34]	READ	1
0x001295e3	0xStack[-0x34]	READ	1
0x001295ec	0x00129640	UNCONDITIONAL_JUMP	0
0x001295f2	0x00129640	CONDITIONAL_JUMP	0
0x001295f4	0xStack[-0x34]	READ	1
0x001295fe	0x0012a9e0	UNCONDITIONAL_CALL	0
0x00129609	0xStack[-0x18]	READ	1
0x0012960d	0x001161f8	UNCONDITIONAL_CALL	0
0x00129615	0x00129640	UNCONDITIONAL_JUMP	0
0x0012961a	0x00129640	CONDITIONAL_JUMP	0
0x0012961c	0xStack[-0x34]	READ	1
0x00129620	0x0012a730	UNCONDITIONAL_CALL	0
0x00129625	0xStack[-0x34]	WRITE	0
0x0012962b	0x00129a20	UNCONDITIONAL_JUMP	0
0x00129630	0xStack[-0x34]	READ	1
0x00129639	0x0012995c	UNCONDITIONAL_JUMP	0
0x00129640	0xStack[-0x14]	READ	1
0x00129645	0x001296e5	CONDITIONAL_JUMP	0
0x0012964b	0xStack[-0x34]	READ	1
0x00129651	0xStack[-0x8]	READ	1
0x0012965b	0x00129685	CONDITIONAL_JUMP	0
0x0012965f	0x001296e5	CONDITIONAL_JUMP	0
0x0012966f	0x00129685	CONDITIONAL_JUMP	0
0x00129673	0x001296e5	CONDITIONAL_JUMP	0
0x00129675	0xStack[-0x34]	READ	1
0x0012967c	0xStack[-0x8]	READ	1
0x00129683	0x001296e5	CONDITIONAL_JUMP	0
0x00129685	0xStack[-0x8]	READ	1
0x0012968d	0x001296ad	CONDITIONAL_JUMP	0
0x00129692	0xStack[-0x34]	READ	1
0x00129698	0x001296ad	CONDITIONAL_JUMP	0
0x0012969e	0xStack[-0x8]	READ	1
0x001296a5	0x001296ad	CONDITIONAL_JUMP	0
0x001296a7	0x001eee24	READ_WRITE	0
0x001296ad	0xStack[-0x8]	READ	1
0x001296b4	0xStack[-0x34]	READ	1
0x001296bb	0xStack[-0x8]	READ	1
0x001296c4	0xStack[-0x8]	READ	1
0x001296ca	0xStack[-0x34]	READ	1
0x001296d8	0x001296de	CONDITIONAL_JUMP	0
0x001296de	0xStack[-0x1c]	WRITE	0
0x001296e5	0xStack[-0x14]	READ	1
0x001296ee	0x001297a8	CONDITIONAL_JUMP	0
0x001296f4	0xStack[-0x8]	READ	1
0x001296fe	0x001297a8	CONDITIONAL_JUMP	0
0x00129704	0xStack[-0x34]	READ	1
0x0012970c	0x001297a8	CONDITIONAL_JUMP	0
0x00129718	0xStack[-0x18]	READ	1
0x00129727	0x00129738	CONDITIONAL_JUMP	0
0x0012972f	0xStack[-0x14]	READ_WRITE	0
0x00129733	0x001297ba	UNCONDITIONAL_JUMP	0
0x00129738	0xStack[-0x8]	READ	1
0x00129740	0xStack[-0x34]	READ	1
0x00129748	0x00129779	CONDITIONAL_JUMP	0
0x00129753	0xStack[-0x18]	READ	1
0x00129760	0x00129766	CONDITIONAL_JUMP	0
0x00129766	0xStack[-0x18]	READ	1
0x0012976a	0x001160b8	UNCONDITIONAL_CALL	0
0x0012976f	0xStack[-0x34]	READ	1
0x00129779	0xStack[-0x8]	READ	1
0x00129780	0xStack[-0x8]	READ	1
0x00129789	0x001297ba	CONDITIONAL_JUMP	0
0x0012978b	0xStack[-0x18]	READ	1
0x00129792	0x001297ba	CONDITIONAL_JUMP	0
0x00129794	0xStack[0x4]	READ	1
0x00129798	0xStack[-0x8]	READ	1
0x0012979d	0x00129b20	UNCONDITIONAL_CALL	0
0x001297a5	0x001297ba	UNCONDITIONAL_JUMP	0
0x001297a8	0xStack[-0x34]	READ	1
0x001297b5	0x001297ba	CONDITIONAL_JUMP	0
0x001297ba	0xStack[-0x8]	READ	1
0x001297c2	0x001297cf	CONDITIONAL_JUMP	0
0x001297c4	0xStack[-0x14]	READ	1
0x001297c9	0x00129864	CONDITIONAL_JUMP	0
0x001297cf	0xStack[-0x34]	READ	1
0x001297da	0x00129864	CONDITIONAL_JUMP	0
0x001297e3	0xStack[-0x8]	READ	1
0x001297e9	0x00129844	CONDITIONAL_JUMP	0
0x001297eb	0xStack[-0x34]	READ	1
0x001297f0	0x00129844	CONDITIONAL_JUMP	0
0x001297f6	0x00129844	CONDITIONAL_JUMP	0
0x00129803	0xStack[-0x8]	READ	1
0x0012980c	0xStack[-0x14]	WRITE	0
0x0012980f	0x001eedd8	READ_WRITE	0
0x00129815	0xStack[-0x8]	READ	1
0x0012981c	0x001eeddc	READ_WRITE	0
0x00129822	0xStack[0x4]	READ	1
0x00129826	0xStack[-0x18]	READ	1
0x0012982d	0x00116614	UNCONDITIONAL_CALL	0
0x00129833	0xStack[-0x18]	READ	1
0x00129837	0x0011649c	UNCONDITIONAL_CALL	0
0x0012983f	0x00129874	UNCONDITIONAL_JUMP	0
0x00129844	0xStack[0x4]	READ	1
0x00129848	0xStack[-0x8]	READ	1
0x0012984c	0xStack[-0x34]	READ	1
0x00129850	0x0012857c	UNCONDITIONAL_CALL	0
0x00129855	0xStack[-0x14]	WRITE	0
0x00129858	0xStack[-0x34]	READ	1
0x00129862	0x00129874	UNCONDITIONAL_JUMP	0
0x00129864	0xStack[0x4]	READ	1
0x00129868	0x001140e0	UNCONDITIONAL_CALL	0
0x0012986d	0xStack[-0x14]	READ_WRITE	0
0x00129874	0xStack[-0x14]	READ	1
0x0012987a	0x00129921	CONDITIONAL_JUMP	0
0x00129880	0xStack[-0x34]	READ	1
0x00129888	0x0012989d	CONDITIONAL_JUMP	0
0x0012988a	0xStack[-0x18]	READ	1
0x0012988e	0x001163e0	UNCONDITIONAL_CALL	0
0x0012989d	0xStack[-0x34]	READ	1
0x001298ae	0x00129921	CONDITIONAL_JUMP	0
0x001298b0	0x001298d8	COMPUTED_JUMP	-1
0x001298b0	0x00129921	COMPUTED_JUMP	-1
0x001298b0	0x001298e4	COMPUTED_JUMP	-1
0x001298b0	0x001298f0	COMPUTED_JUMP	-1
0x001298b0	0x00129918	COMPUTED_JUMP	-1
0x001298b0	0x001298b8	READ	0
0x001298b8	0x001298d8	DATA	0
0x001298bc	0x001298d8	DATA	0
0x001298c0	0x00129921	DATA	0
0x001298c4	0x001298e4	DATA	0
0x001298c8	0x00129921	DATA	0
0x001298cc	0x00129921	DATA	0
0x001298d0	0x001298f0	DATA	0
0x001298d4	0x00129918	DATA	0
0x001298d8	0xStack[-0x34]	READ	1
0x001298e1	0x00129921	UNCONDITIONAL_JUMP	0
0x001298e4	0xStack[-0x34]	READ	1
0x001298ed	0x00129921	UNCONDITIONAL_JUMP	0
0x001298f0	0xStack[-0x34]	READ	1
0x001298fa	0x0012a9e0	UNCONDITIONAL_CALL	0
0x001298ff	0xStack[-0x34]	READ	1
0x00129908	0xStack[-0x18]	READ	1
0x0012990c	0x001161f8	UNCONDITIONAL_CALL	0
0x00129914	0x00129921	UNCONDITIONAL_JUMP	0
0x00129918	0xStack[-0x34]	READ	1
0x00129921	0xStack[-0x18]	READ	1
0x00129928	0x00129944	CONDITIONAL_JUMP	0
0x0012992c	0x001eee30	DATA	0
0x00129931	0xStack[-0x34]	READ	1
0x00129935	0xStack[-0x20]	READ	1
0x0012993c	0x001284c0	UNCONDITIONAL_CALL	0
0x00129944	0xStack[-0x1c]	READ	0
0x00129948	0x00129957	CONDITIONAL_JUMP	0
0x0012994a	0xStack[-0x34]	READ	1
0x00129951	0x00129a7c	CONDITIONAL_JUMP	0
0x00129957	0xStack[-0x34]	READ	1
0x0012995a	0x00129978	UNCONDITIONAL_JUMP	0
0x0012995c	0xStack[-0x14]	READ	1
0x00129962	0x00129a20	CONDITIONAL_JUMP	0
0x00129968	0xStack[0x4]	READ	1
0x0012996c	0x001140e0	UNCONDITIONAL_CALL	0
0x00129971	0xStack[-0x34]	READ	1
0x00129979	0x00129d8c	UNCONDITIONAL_CALL	0
0x0012997e	0x00129a7c	UNCONDITIONAL_JUMP	0
0x00129984	0xStack[-0x10]	READ	0
0x00129988	0x0012999d	CONDITIONAL_JUMP	0
0x0012998a	0xStack[-0x10]	READ	1
0x0012998e	0x00113ed0	UNCONDITIONAL_CALL	0
0x00129993	0xStack[-0x10]	WRITE	0
0x0012999d	0xStack[-0x14]	READ	1
0x001299a6	0x00129a20	CONDITIONAL_JUMP	0
0x001299a8	0xStack[-0x8]	READ	1
0x001299af	0x00123d74	UNCONDITIONAL_CALL	0
0x001299bb	0x00129a20	CONDITIONAL_JUMP	0
0x001299c3	0x001299dc	CONDITIONAL_JUMP	0
0x001299c7	0xStack[-0x8]	READ	1
0x001299d0	0xStack[0x4]	READ	1
0x001299d4	0xStack[-0x8]	READ	1
0x001299d8	0x00129a05	UNCONDITIONAL_JUMP	0
0x001299dc	0xStack[-0x14]	READ	1
0x001299e5	0x001299ee	CONDITIONAL_JUMP	0
0x001299e7	0xStack[-0x8]	READ	1
0x001299f2	0xStack[-0x8]	READ	1
0x001299f9	0xStack[-0x8]	READ	1
0x00129a00	0xStack[0x4]	READ	1
0x00129a05	0xStack[-0x34]	READ	1
0x00129a09	0x0012a504	UNCONDITIONAL_CALL	0
0x00129a11	0xStack[-0x24]	READ	0
0x00129a15	0x00129a7c	CONDITIONAL_JUMP	0
0x00129a17	0xStack[-0x18]	READ	1
0x00129a1b	0x00129a77	UNCONDITIONAL_JUMP	0
0x00129a20	0xStack[-0x10]	READ	0
0x00129a24	0x00129a32	CONDITIONAL_JUMP	0
0x00129a26	0xStack[-0x10]	READ	1
0x00129a2a	0x00113ed0	UNCONDITIONAL_CALL	0
0x00129a32	0xStack[-0x34]	READ	0
0x00129a36	0x00129a61	CONDITIONAL_JUMP	0
0x00129a38	0xStack[-0x34]	READ	1
0x00129a45	0x00129a61	CONDITIONAL_JUMP	0
0x00129a49	0x001eee30	DATA	0
0x00129a4e	0xStack[-0x34]	READ	1
0x00129a52	0xStack[-0x20]	READ	1
0x00129a59	0x001284c0	UNCONDITIONAL_CALL	0
0x00129a61	0xStack[0x4]	READ	1
0x00129a65	0x001140e0	UNCONDITIONAL_CALL	0
0x00129a6d	0xStack[-0x24]	READ	0
0x00129a71	0x00129a7c	CONDITIONAL_JUMP	0
0x00129a73	0xStack[-0x18]	READ	1
0x00129a77	0x00114f04	UNCONDITIONAL_CALL	0
0x00129a7c	0xStack[-0xb4]	DATA	0
0x00129a95	0xStack[0x8]	READ	1
0x00129a9b	0xStack[0x8]	READ	1
0x00129aa4	0x00129b0d	CONDITIONAL_JUMP	0
0x00129aad	0x00129b0d	CONDITIONAL_JUMP	0
0x00129ab2	0x00129abc	CONDITIONAL_JUMP	0
0x00129ab9	0x00129ac4	UNCONDITIONAL_JUMP	0
0x00129ac2	0x00129b0d	CONDITIONAL_JUMP	0
0x00129ac7	0x00129b05	CONDITIONAL_JUMP	0
0x00129acc	0x00129b05	CONDITIONAL_JUMP	0
0x00129ace	0xStack[0xc]	READ	1
0x00129ad5	0x00129b05	CONDITIONAL_JUMP	0
0x00129ad9	0xStack[-0x6]	DATA	0
0x00129ae1	0x001013cc	UNCONDITIONAL_CALL	0
0x00129ae6	0xStack[-0x6]	READ	1
0x00129af4	0xStack[-0x6]	WRITE	0
0x00129af9	0xStack[0x4]	READ	1
0x00129afd	0x00129c60	UNCONDITIONAL_CALL	0
0x00129b0b	0x00129aa8	CONDITIONAL_JUMP	0
0x00129b0d	0xStack[0x8]	READ	1
0x00129b11	0x00113ed0	UNCONDITIONAL_CALL	0
0x00129b16	0xStack[-0x14]	DATA	0
0x00129b26	0xStack[0x4]	READ	1
0x00129b29	0xStack[0x8]	READ	1
0x00129b2c	0xStack[0xc]	READ	1
0x00129b38	0x00129b7c	CONDITIONAL_JUMP	0
0x00129b42	0x00129b70	CONDITIONAL_JUMP	0
0x00129b65	0x001013cc	UNCONDITIONAL_CALL	0
0x00129b6e	0x00129b86	UNCONDITIONAL_JUMP	0
0x00129b76	0x00129b7c	CONDITIONAL_JUMP	0
0x00129b7a	0x00129b3c	CONDITIONAL_JUMP	0
0x00129b7c	0x001dbe48	DATA	0
0x00129b81	0x0010ca6c	UNCONDITIONAL_CALL	0
0x00129b86	0xStack[-0x10]	DATA	0
0x00129b96	0xStack[0x4]	READ	1
0x00129b99	0x001eed8c	READ_WRITE	0
0x00129ba6	0x00129bf4	CONDITIONAL_JUMP	0
0x00129bc3	0x00129bcb	CONDITIONAL_JUMP	0
0x00129bce	0x00129bd3	CONDITIONAL_JUMP	0
0x00129bea	0x00129c0b	CONDITIONAL_JUMP	0
0x00129bf2	0x00129c0b	UNCONDITIONAL_JUMP	0
0x00129c35	0x00129c40	CONDITIONAL_JUMP	0
0x00129c3b	0x00129c4d	UNCONDITIONAL_JUMP	0
0x00129c45	0x00129c4d	CONDITIONAL_JUMP	0
0x00129c53	0xStack[-0x10]	DATA	0
0x00129c69	0xStack[0x8]	READ	1
0x00129c6d	0xStack[0x4]	READ	1
0x00129c7b	0x00129cac	CONDITIONAL_JUMP	0
0x00129c81	0x00129c98	CONDITIONAL_JUMP	0
0x00129c90	0x00121a3c	UNCONDITIONAL_CALL	0
0x00129c9d	0x00129cac	CONDITIONAL_JUMP	0
0x00129c9f	0x001dbe90	READ	1
0x00129ca4	0x00129d80	UNCONDITIONAL_JUMP	0
0x00129cb2	0xStack[-0x8]	WRITE	0
0x00129cc2	0x00129cca	CONDITIONAL_JUMP	0
0x00129cce	0x00123640	UNCONDITIONAL_CALL	0
0x00129cd8	0x00129cec	CONDITIONAL_JUMP	0
0x00129cda	0x001dbe90	READ	1
0x00129ce2	0x0010cd2c	UNCONDITIONAL_CALL	0
0x00129cef	0x00129cfa	CONDITIONAL_JUMP	0
0x00129cf6	0x00129cfa	CONDITIONAL_JUMP	0
0x00129cfd	0x00129d04	CONDITIONAL_JUMP	0
0x00129d04	0xStack[0x4]	READ	1
0x00129d0d	0x00129d14	CONDITIONAL_JUMP	0
0x00129d12	0x00129d77	CONDITIONAL_JUMP	0
0x00129d14	0xStack[-0x8]	READ	1
0x00129d1d	0x00129d24	CONDITIONAL_JUMP	0
0x00129d21	0x00129d46	UNCONDITIONAL_JUMP	0
0x00129d2a	0x0010cd2c	UNCONDITIONAL_CALL	0
0x00129d37	0xStack[-0x8]	READ	1
0x00129d3e	0x00116594	UNCONDITIONAL_CALL	0
0x00129d46	0xStack[0x4]	READ	1
0x00129d4d	0xStack[-0x8]	READ	1
0x00129d56	0x00129d77	CONDITIONAL_JUMP	0
0x00129d5e	0x0010cd2c	UNCONDITIONAL_CALL	0
0x00129d6b	0xStack[-0x8]	READ	1
0x00129d72	0x00116594	UNCONDITIONAL_CALL	0
0x00129d77	0xStack[0x4]	READ	1
0x00129d80	0xStack[-0x14]	DATA	0
0x00129d95	0xStack[0x4]	READ	1
0x00129d9e	0xStack[-0x8]	WRITE	0
0x00129daf	0xStack[-0x24]	WRITE	0
0x00129db4	0x00129dc8	CONDITIONAL_JUMP	0
0x00129dbe	0x00129dc8	CONDITIONAL_JUMP	0
0x00129dc8	0xStack[-0x28]	WRITE	0
0x00129dd5	0xStack[-0x10]	WRITE	0
0x00129de3	0x00129de7	CONDITIONAL_JUMP	0
0x00129dec	0xStack[-0xc]	WRITE	0
0x00129df3	0x00129e10	CONDITIONAL_JUMP	0
0x00129df7	0x00129e04	CONDITIONAL_JUMP	0
0x00129df9	0xStack[-0xc]	WRITE	0
0x00129e00	0x00129e10	UNCONDITIONAL_JUMP	0
0x00129e14	0x001dbe5a	DATA	1
0x00129e1b	0xStack[-0x14]	WRITE	0
0x00129e1e	0xStack[-0x8]	READ	1
0x00129e25	0xStack[-0xc]	READ	0
0x00129e28	0x00129e2d	CONDITIONAL_JUMP	0
0x00129e2a	0xStack[-0xc]	READ	1
0x00129e2f	0xStack[-0x10]	READ	1
0x00129e32	0x00129e48	CONDITIONAL_JUMP	0
0x00129e36	0xStack[-0xc]	READ	0
0x00129e3a	0x00129e48	CONDITIONAL_JUMP	0
0x00129e4c	0xStack[-0x34]	WRITE	0
0x00129e51	0x00129e5d	CONDITIONAL_JUMP	0
0x00129e53	0xStack[-0x34]	READ	1
0x00129e56	0xStack[-0x28]	WRITE	0
0x00129e62	0xStack[-0x8]	READ	1
0x00129e69	0xStack[-0x2c]	WRITE	0
0x00129e73	0x00129e79	CONDITIONAL_JUMP	0
0x00129e75	0xStack[-0x14]	READ_WRITE	0
0x00129e79	0xStack[-0x8]	READ	1
0x00129e86	0xStack[-0x30]	WRITE	0
0x00129e93	0xStack[-0xc]	WRITE	0
0x00129e96	0xStack[-0x30]	READ	1
0x00129e9b	0x00129ea0	CONDITIONAL_JUMP	0
0x00129e9d	0xStack[-0xc]	WRITE	0
0x00129ea2	0x00129ef1	CONDITIONAL_JUMP	0
0x00129ea4	0xStack[-0x34]	READ	0
0x00129ea7	0x00129f80	CONDITIONAL_JUMP	0
0x00129ead	0xStack[-0x24]	READ	0
0x00129eb1	0x00129eb9	CONDITIONAL_JUMP	0
0x00129eb7	0x00129ec7	CONDITIONAL_JUMP	0
0x00129eb9	0xStack[-0x10]	READ	1
0x00129ebe	0xStack[-0x2c]	READ	0
0x00129ec1	0x00129f80	CONDITIONAL_JUMP	0
0x00129ecb	0x00129f80	CONDITIONAL_JUMP	0
0x00129edf	0x00129f80	CONDITIONAL_JUMP	0
0x00129eeb	0x00129f80	CONDITIONAL_JUMP	0
0x00129ef1	0xStack[-0xc]	READ	0
0x00129ef5	0x00129f19	CONDITIONAL_JUMP	0
0x00129efd	0xStack[-0xc]	READ	1
0x00129f0a	0x00129f80	CONDITIONAL_JUMP	0
0x00129f0e	0xStack[-0x8]	READ	1
0x00129f17	0x00129f80	CONDITIONAL_JUMP	0
0x00129f1c	0xStack[-0x30]	WRITE	0
0x00129f22	0x00129f80	CONDITIONAL_JUMP	0
0x00129f24	0xStack[-0x14]	READ	0
0x00129f28	0x00129f80	CONDITIONAL_JUMP	0
0x00129f34	0x00129f80	CONDITIONAL_JUMP	0
0x00129f36	0xStack[-0x14]	READ	1
0x00129f3c	0x00129f4b	CONDITIONAL_JUMP	0
0x00129f3e	0xStack[-0x30]	READ	1
0x00129f44	0x00129f80	CONDITIONAL_JUMP	0
0x00129f49	0x00129f80	CONDITIONAL_JUMP	0
0x00129f4b	0xStack[-0x8]	READ	1
0x00129f53	0x0012a37d	CONDITIONAL_JUMP	0
0x00129f5e	0x0012a37d	CONDITIONAL_JUMP	0
0x00129f69	0x0012a37d	CONDITIONAL_JUMP	0
0x00129f76	0x0012a3bc	UNCONDITIONAL_CALL	0
0x00129f7b	0x0012a37d	UNCONDITIONAL_JUMP	0
0x00129f80	0xStack[-0x1c]	WRITE	0
0x00129f87	0xStack[-0x20]	WRITE	0
0x00129f8e	0xStack[-0x14]	READ	1
0x00129f94	0x00129fbf	CONDITIONAL_JUMP	0
0x00129f9a	0x00129fbf	CONDITIONAL_JUMP	0
0x00129f9c	0xStack[-0x1c]	WRITE	0
0x00129fa3	0xStack[-0x20]	WRITE	0
0x00129fad	0x00129c60	UNCONDITIONAL_CALL	0
0x00129fb9	0x001dbe67	WRITE	0
0x00129fbf	0x0018b970	UNCONDITIONAL_CALL	0
0x00129fc4	0xStack[-0x34]	WRITE	0
0x00129fc7	0x001e93d4	READ	1
0x00129fcd	0xStack[-0x18]	WRITE	0
0x00129fd2	0x0012a018	CONDITIONAL_JUMP	0
0x00129fd9	0x00129fe8	CONDITIONAL_JUMP	0
0x00129fdb	0x001dbe69	DATA	0
0x00129fe0	0x0010ca6c	UNCONDITIONAL_CALL	0
0x00129fe8	0xStack[-0x18]	READ	1
0x00129ff1	0x001e917c	READ_WRITE	0
0x00129ff8	0x001e9180	READ_WRITE	0
0x0012a001	0x001e93d4	WRITE	0
0x0012a014	0x0012a027	UNCONDITIONAL_JUMP	0
0x0012a01c	0x00113f6c	UNCONDITIONAL_CALL	0
0x0012a021	0xStack[-0x18]	WRITE	0
0x0012a027	0xStack[-0x34]	READ	1
0x0012a02b	0x0018b544	UNCONDITIONAL_CALL	0
0x0012a033	0xStack[-0x18]	READ	0
0x0012a037	0x0012a044	CONDITIONAL_JUMP	0
0x0012a03e	0x0012a3b2	UNCONDITIONAL_JUMP	0
0x0012a049	0xStack[-0x1c]	READ	1
0x0012a04c	0xStack[-0x18]	READ	1
0x0012a052	0xStack[-0x20]	READ	1
0x0012a05c	0x0012a0d4	CONDITIONAL_JUMP	0
0x0012a062	0x0012a074	CONDITIONAL_JUMP	0
0x0012a067	0x0012a074	CONDITIONAL_JUMP	0
0x0012a069	0x001eedc4	READ_WRITE	0
0x0012a06f	0x0012a098	UNCONDITIONAL_JUMP	0
0x0012a07a	0x0012a08c	CONDITIONAL_JUMP	0
0x0012a07c	0x001eedb8	READ_WRITE	0
0x0012a082	0x001eedbc	READ_WRITE	0
0x0012a088	0x0012a098	UNCONDITIONAL_JUMP	0
0x0012a08c	0x001eedb0	READ_WRITE	0
0x0012a092	0x001eedb4	READ_WRITE	0
0x0012a099	0xStack[-0x10]	READ	1
0x0012a09d	0xStack[-0x8]	READ	1
0x0012a0a4	0x001141a4	UNCONDITIONAL_CALL	0
0x0012a0a9	0xStack[-0x18]	READ	1
0x0012a0b3	0x0012a0bc	CONDITIONAL_JUMP	0
0x0012a0b7	0x0012a10e	UNCONDITIONAL_JUMP	0
0x0012a0bc	0xStack[-0x10]	READ	1
0x0012a0c1	0xStack[-0x8]	READ	1
0x0012a0ca	0x0012a10e	CONDITIONAL_JUMP	0
0x0012a0cc	0xStack[-0x14]	READ_WRITE	0
0x0012a0d0	0x0012a10e	UNCONDITIONAL_JUMP	0
0x0012a0d8	0x0012a0e4	CONDITIONAL_JUMP	0
0x0012a0da	0x001eedc0	READ_WRITE	0
0x0012a0e0	0x0012a10e	UNCONDITIONAL_JUMP	0
0x0012a0e4	0xStack[-0x14]	READ	1
0x0012a0ea	0x0012a0f4	CONDITIONAL_JUMP	0
0x0012a0ec	0x001eedd0	READ_WRITE	0
0x0012a0f2	0x0012a10e	UNCONDITIONAL_JUMP	0
0x0012a0fc	0x0012a108	CONDITIONAL_JUMP	0
0x0012a0fe	0x001eedc8	READ_WRITE	0
0x0012a104	0x0012a10e	UNCONDITIONAL_JUMP	0
0x0012a108	0x001eedcc	READ_WRITE	0
0x0012a10e	0xStack[-0x18]	READ	1
0x0012a114	0xStack[-0x34]	WRITE	0
0x0012a11b	0x0012a12a	CONDITIONAL_JUMP	0
0x0012a11d	0x001dbe6e	DATA	0
0x0012a122	0x0010ca6c	UNCONDITIONAL_CALL	0
0x0012a12c	0xStack[-0x34]	READ	1
0x0012a134	0x001013cc	UNCONDITIONAL_CALL	0
0x0012a13c	0xStack[-0x14]	READ	1
0x0012a142	0x0012a156	CONDITIONAL_JUMP	0
0x0012a148	0x0012a156	CONDITIONAL_JUMP	0
0x0012a150	0x0012a156	CONDITIONAL_JUMP	0
0x0012a15b	0xStack[-0x34]	READ	1
0x0012a169	0xStack[-0x1c]	READ	0
0x0012a16d	0x0012a19f	CONDITIONAL_JUMP	0
0x0012a16f	0xStack[-0x1c]	READ	1
0x0012a173	0xStack[-0x34]	READ	1
0x0012a17a	0x001dbe65	DATA	0
0x0012a17f	0x001013cc	UNCONDITIONAL_CALL	0
0x0012a184	0xStack[-0x1c]	READ	1
0x0012a19f	0xStack[-0x14]	READ	1
0x0012a1a2	0xStack[-0x34]	READ	1
0x0012a1a8	0xStack[-0x8]	READ	1
0x0012a1b8	0xStack[-0xc]	READ	0
0x0012a1bb	0x0012a1cd	CONDITIONAL_JUMP	0
0x0012a1c1	0xStack[-0xc]	READ	0
0x0012a1c4	0x0012a1cd	CONDITIONAL_JUMP	0
0x0012a1c6	0xStack[-0xc]	WRITE	0
0x0012a1cd	0xStack[-0xc]	READ	0
0x0012a1d4	0x0012a1dd	CONDITIONAL_JUMP	0
0x0012a1d6	0xStack[-0xc]	WRITE	0
0x0012a1e3	0xStack[-0xc]	READ	0
0x0012a1e6	0x0012a1eb	CONDITIONAL_JUMP	0
0x0012a1e8	0xStack[-0xc]	WRITE	0
0x0012a1eb	0xStack[-0xc]	READ	1
0x0012a1f3	0xStack[-0x34]	READ	1
0x0012a1fd	0xStack[-0x30]	WRITE	0
0x0012a209	0x0012a220	CONDITIONAL_JUMP	0
0x0012a20b	0xStack[-0x30]	READ	1
0x0012a21e	0x0012a226	UNCONDITIONAL_JUMP	0
0x0012a226	0xStack[-0x1c]	READ	1
0x0012a22b	0x0012a243	CONDITIONAL_JUMP	0
0x0012a22d	0xStack[-0x1c]	READ	1
0x0012a23c	0xStack[-0x34]	READ	1
0x0012a243	0xStack[-0x20]	READ	1
0x0012a249	0xStack[-0x18]	READ	1
0x0012a24d	0x0018b2ac	UNCONDITIONAL_CALL	0
0x0012a252	0xStack[-0x34]	READ	1
0x0012a260	0x0012a269	CONDITIONAL_JUMP	0
0x0012a267	0x0012a2e8	CONDITIONAL_JUMP	0
0x0012a26c	0xStack[-0x30]	WRITE	0
0x0012a26f	0xStack[-0x14]	READ	1
0x0012a275	0x0012a28f	CONDITIONAL_JUMP	0
0x0012a27a	0x0012a280	CONDITIONAL_JUMP	0
0x0012a280	0xStack[-0x14]	READ	1
0x0012a286	0x0012a28f	CONDITIONAL_JUMP	0
0x0012a29e	0x0012a2bc	CONDITIONAL_JUMP	0
0x0012a2a8	0x0012a2bc	CONDITIONAL_JUMP	0
0x0012a2b0	0xStack[-0x30]	READ	1
0x0012a2b6	0x001eed88	READ_WRITE	0
0x0012a2c1	0x0012a2f9	CONDITIONAL_JUMP	0
0x0012a2c9	0x0012a2f9	CONDITIONAL_JUMP	0
0x0012a2d8	0x0012a2f9	CONDITIONAL_JUMP	0
0x0012a2e6	0x0012a2f9	UNCONDITIONAL_JUMP	0
0x0012a2f4	0x0012a2f9	CONDITIONAL_JUMP	0
0x0012a2f9	0xStack[-0x8]	READ	1
0x0012a300	0x0012a318	CONDITIONAL_JUMP	0
0x0012a304	0xStack[-0x34]	READ	1
0x0012a310	0x001284c0	UNCONDITIONAL_CALL	0
0x0012a318	0xStack[-0x1c]	READ	1
0x0012a323	0xStack[-0x34]	READ	1
0x0012a330	0xStack[-0x8]	READ	1
0x0012a345	0xStack[-0x18]	READ	1
0x0012a349	0x00127280	UNCONDITIONAL_CALL	0
0x0012a353	0x0012a384	CONDITIONAL_JUMP	0
0x0012a358	0x0012a368	CONDITIONAL_JUMP	0
0x0012a35e	0x0012a8b0	UNCONDITIONAL_CALL	0
0x0012a363	0x0012a3b0	UNCONDITIONAL_JUMP	0
0x0012a36b	0x0012a372	CONDITIONAL_JUMP	0
0x0012a370	0x0012a3b2	CONDITIONAL_JUMP	0
0x0012a377	0x0012a3b2	CONDITIONAL_JUMP	0
0x0012a37f	0x0012a3b2	UNCONDITIONAL_JUMP	0
0x0012a384	0x001eedac	READ_WRITE	0
0x0012a38a	0xStack[-0xc]	READ	0
0x0012a38e	0x0012a3a2	CONDITIONAL_JUMP	0
0x0012a390	0xStack[-0xc]	READ	1
0x0012a39d	0x0012a3a2	CONDITIONAL_JUMP	0
0x0012a3a6	0xStack[-0x28]	READ	0
0x0012a3aa	0x00129dc8	CONDITIONAL_JUMP	0
0x0012a3b2	0xStack[-0x40]	DATA	0
0x0012a3c1	0xStack[0x4]	READ	1
0x0012a3dc	0x0012a3e8	CONDITIONAL_JUMP	0
0x0012a3de	0x001dbe79	DATA	0
0x0012a3e3	0x0010ca6c	UNCONDITIONAL_CALL	0
0x0012a3ec	0x001dbea4	DATA	1
0x0012a401	0x0012a40c	CONDITIONAL_JUMP	0
0x0012a409	0x0012a418	UNCONDITIONAL_JUMP	0
0x0012a410	0x0012a418	CONDITIONAL_JUMP	0
0x0012a420	0x0012a428	CONDITIONAL_JUMP	0
0x0012a428	0xStack[-0xc]	DATA	0
0x0012a437	0x001eed64	WRITE	0
0x0012a441	0x001ead14	WRITE	0
0x0012a441	0x001ead10	DATA	1
0x0012a44b	0x001ead10	WRITE	0
0x0012a44b	0x001ead10	WRITE	1
0x0012a460	0xStack[0x4]	READ	1
0x0012a46b	0x0012a492	CONDITIONAL_JUMP	0
0x0012a471	0x00113dc0	UNCONDITIONAL_CALL	0
0x0012a478	0x0012a480	CONDITIONAL_JUMP	0
0x0012a47c	0x0012a4fa	UNCONDITIONAL_JUMP	0
0x0012a4fa	0xStack[-0x8]	READ	1
0x0012a50d	0xStack[0x4]	READ	1
0x0012a510	0xStack[0x8]	READ	1
0x0012a513	0xStack[0xc]	READ	1
0x0012a516	0xStack[-0x8]	WRITE	0
0x0012a51d	0xStack[-0xc]	WRITE	0
0x0012a526	0x0012a555	CONDITIONAL_JUMP	0
0x0012a538	0xStack[-0x14]	WRITE	0
0x0012a545	0xStack[-0x8]	WRITE	0
0x0012a54a	0x0012a54f	CONDITIONAL_JUMP	0
0x0012a54c	0xStack[-0x8]	WRITE	0
0x0012a552	0xStack[-0xc]	WRITE	0
0x0012a557	0x0012a594	CONDITIONAL_JUMP	0
0x0012a55d	0x00113dc0	UNCONDITIONAL_CALL	0
0x0012a569	0x0012a650	CONDITIONAL_JUMP	0
0x0012a589	0xStack[0x18]	WRITE	0
0x0012a590	0x0012a5d0	UNCONDITIONAL_JUMP	0
0x0012a597	0x001140e0	UNCONDITIONAL_CALL	0
0x0012a5ef	0xStack[0x14]	READ	1
0x0012a5f7	0xStack[0x10]	READ	1
0x0012a603	0xStack[0x18]	READ	1
0x0012a609	0xStack[-0x8]	READ	1
0x0012a620	0xStack[-0x10]	WRITE	0
0x0012a623	0x0018b2ac	UNCONDITIONAL_CALL	0
0x0012a62c	0xStack[-0x10]	READ	1
0x0012a637	0x001dbe8c	READ	1
0x0012a644	0xStack[-0xc]	READ	1
0x0012a64b	0x00127280	UNCONDITIONAL_CALL	0
0x0012a650	0xStack[-0x20]	DATA	0
0x0012a661	0xStack[0x4]	READ	1
0x0012a666	0x0015a75c	UNCONDITIONAL_CALL	0
0x0012a672	0x0012a678	CONDITIONAL_JUMP	0
0x0012a676	0x0012a6c9	UNCONDITIONAL_JUMP	0
0x0012a67b	0x00101600	UNCONDITIONAL_CALL	0
0x0012a685	0x001dbe90	READ	1
0x0012a69d	0x001dbe94	READ	1
0x0012a6c9	0xStack[-0xc]	DATA	0
0x0012a6da	0xStack[0x4]	READ	1
0x0012a6dd	0xStack[0x8]	READ	1
0x0012a6eb	0x0012a704	CONDITIONAL_JUMP	0
0x0012a6f4	0x00129d8c	UNCONDITIONAL_CALL	0
0x0012a6f9	0x001eed7c	READ_WRITE	0
0x0012a702	0x0012a70a	UNCONDITIONAL_JUMP	0
0x0012a704	0x001eed80	READ_WRITE	0
0x0012a70d	0x0012a71b	CONDITIONAL_JUMP	0
0x0012a716	0x0012a71b	CONDITIONAL_JUMP	0
0x0012a720	0x0012a730	UNCONDITIONAL_CALL	0
0x0012a725	0xStack[-0x10]	DATA	0
0x0012a739	0xStack[0x4]	READ	1
0x0012a742	0xStack[-0x8]	WRITE	0
0x0012a749	0x0012a776	CONDITIONAL_JUMP	0
0x0012a754	0xStack[-0xc]	WRITE	0
0x0012a766	0xStack[-0xc]	READ	1
0x0012a76a	0x001140e0	UNCONDITIONAL_CALL	0
0x0012a774	0x0012a74c	CONDITIONAL_JUMP	0
0x0012a77b	0x0012a788	CONDITIONAL_JUMP	0
0x0012a780	0x00113ed0	UNCONDITIONAL_CALL	0
0x0012a78b	0x0015a824	UNCONDITIONAL_CALL	0
0x0012a797	0xStack[-0x8]	READ	1
0x0012a79b	0x001161f8	UNCONDITIONAL_CALL	0
0x0012a7a3	0x001dbe44	READ	0
0x0012a7a9	0x0012a7b5	CONDITIONAL_JUMP	0
0x0012a7ab	0x001dbe44	WRITE	0
0x0012a7ab	0x001ead10	DATA	1
0x0012a7b6	0x0012526c	UNCONDITIONAL_CALL	0
0x0012a7bb	0x001eed84	READ_WRITE	0
0x0012a7c3	0xStack[-0x18]	DATA	0
0x0012a7dc	0xStack[0x4]	READ	1
0x0012a7eb	0x0012a808	CONDITIONAL_JUMP	0
0x0012a7f0	0x0012a7fc	CONDITIONAL_JUMP	0
0x0012a7f5	0x0012a7fc	CONDITIONAL_JUMP	0
0x0012a7fa	0x0012a808	CONDITIONAL_JUMP	0
0x0012a805	0x0012a835	UNCONDITIONAL_JUMP	0
0x0012a816	0x0010ab38	UNCONDITIONAL_CALL	0
0x0012a823	0x0011649c	UNCONDITIONAL_CALL	0
0x0012a830	0x0011649c	UNCONDITIONAL_CALL	0
0x0012a835	0xStack[-0x8]	READ	1
0x0012a842	0xStack[0x4]	READ	1
0x0012a845	0xStack[0x8]	READ	1
0x0012a848	0xStack[0xc]	READ	1
0x0012a84b	0x0012a7d8	DATA	1
0x0012a853	0x0012a868	CONDITIONAL_JUMP	0
0x0012a858	0x0012a8a4	CONDITIONAL_JUMP	0
0x0012a85a	0x001dbdb9	DATA	0
0x0012a861	0x0012a86d	CONDITIONAL_JUMP	0
0x0012a863	0x0012a8a4	UNCONDITIONAL_JUMP	0
0x0012a868	0x0012a8b0	DATA	1
0x0012a86f	0x0012a88c	CONDITIONAL_JUMP	0
0x0012a879	0x0012a7d8	DATA	0
0x0012a879	0x0012a8b0	DATA	0
0x0012a888	0x0012a899	UNCONDITIONAL_JUMP	0
0x0012a88c	0x0012a7d8	DATA	0
0x0012a890	0x001eab2c	READ	1
0x0012a89a	0x001ead10	DATA	0
0x0012a89f	0x00125340	UNCONDITIONAL_CALL	0
0x0012a8a4	0xStack[-0x10]	DATA	0
0x0012a8b3	0xStack[0x4]	READ	1
0x0012a8bb	0x0012a8c5	CONDITIONAL_JUMP	0
0x0012a8d1	0x0018b958	UNCONDITIONAL_CALL	0
0x0012a8d8	0x001ead10	READ	1
0x0012a8e0	0x0012a91a	CONDITIONAL_JUMP	0
0x0012a8e2	0x001ead10	DATA	1
0x0012a8e8	0x0012a91a	CONDITIONAL_JUMP	0
0x0012a8f1	0x0012a910	CONDITIONAL_JUMP	0
0x0012a8f8	0x0012a910	CONDITIONAL_JUMP	0
0x0012a901	0x001eed90	READ_WRITE	0
0x0012a908	0x00129d8c	UNCONDITIONAL_CALL	0
0x0012a912	0x001ead10	DATA	1
0x0012a918	0x0012a8ec	CONDITIONAL_JUMP	0
0x0012a91b	0x0018b544	UNCONDITIONAL_CALL	0
0x0012a920	0xStack[-0xc]	DATA	0
0x0012a935	0x0018b958	UNCONDITIONAL_CALL	0
0x0012a93a	0xStack[-0x8]	WRITE	0
0x0012a93d	0x001dbea0	READ	1
0x0012a946	0x001eee28	WRITE	0
0x0012a94c	0x001ead10	READ	1
0x0012a954	0x0012a9cb	CONDITIONAL_JUMP	0
0x0012a956	0x0012a9b9	UNCONDITIONAL_JUMP	0
0x0012a95f	0x0012a9b7	CONDITIONAL_JUMP	0
0x0012a96c	0x0012a99e	CONDITIONAL_JUMP	0
0x0012a97b	0x0012a99e	CONDITIONAL_JUMP	0
0x0012a98b	0xStack[-0xc]	WRITE	0
0x0012a98e	0x0012ac0c	UNCONDITIONAL_CALL	0
0x0012a996	0xStack[-0xc]	READ	1
0x0012a99c	0x0012a9b7	CONDITIONAL_JUMP	0
0x0012a9a2	0x0012a964	CONDITIONAL_JUMP	0
0x0012a9af	0x0012a9b7	CONDITIONAL_JUMP	0
0x0012a9b9	0x001ead10	DATA	1
0x0012a9bf	0x0012a958	CONDITIONAL_JUMP	0
0x0012a9c1	0x001eed64	READ_WRITE	0
0x0012a9cb	0xStack[-0x8]	READ	1
0x0012a9cf	0x0018b544	UNCONDITIONAL_CALL	0
0x0012a9d4	0xStack[-0x18]	DATA	0
0x0012a9e3	0xStack[0x4]	READ	1
0x0012a9f4	0x0012a9ec	CONDITIONAL_JUMP	0
0x0012aa04	0xStack[0x4]	READ	1
0x0012aa07	0xStack[0x8]	READ	1
0x0012aa0d	0x0012ab68	CONDITIONAL_JUMP	0
0x0012aa13	0x0012aa20	CONDITIONAL_JUMP	0
0x0012aa17	0x0012aa60	CONDITIONAL_JUMP	0
0x0012aa19	0x0012ac00	UNCONDITIONAL_JUMP	0
0x0012aa23	0x0012ab84	CONDITIONAL_JUMP	0
0x0012aa2c	0x0012ac00	CONDITIONAL_JUMP	0
0x0012aa37	0x0012aa54	CONDITIONAL_JUMP	0
0x0012aa3d	0x001eee28	READ	0
0x0012aa43	0x0012aa54	CONDITIONAL_JUMP	0
0x0012aa45	0x001dbea0	READ	1
0x0012aa4f	0x0012ac00	UNCONDITIONAL_JUMP	0
0x0012aa55	0x0012a730	UNCONDITIONAL_CALL	0
0x0012aa5a	0x0012abfe	UNCONDITIONAL_JUMP	0
0x0012aa64	0xStack[-0x8]	WRITE	0
0x0012aa6e	0xStack[-0x8]	READ	1
0x0012aa78	0x0012aa8c	CONDITIONAL_JUMP	0
0x0012aa80	0x001eed94	READ_WRITE	0
0x0012aa86	0x0012abf6	UNCONDITIONAL_JUMP	0
0x0012aa8c	0x001eed98	READ_WRITE	0
0x0012aaa5	0x001dbea4	DATA	1
0x0012aac2	0x0012aacc	CONDITIONAL_JUMP	0
0x0012aac8	0x0012aad9	UNCONDITIONAL_JUMP	0
0x0012aad1	0x0012aad9	CONDITIONAL_JUMP	0
0x0012aae6	0x0012ab06	CONDITIONAL_JUMP	0
0x0012aaec	0x00125428	UNCONDITIONAL_CALL	0
0x0012ab1d	0x0012ab21	CONDITIONAL_JUMP	0
0x0012ab24	0xStack[-0x8]	WRITE	0
0x0012ab32	0xStack[-0xc]	WRITE	0
0x0012ab38	0xStack[-0xc]	READ	0
0x0012ab40	0x0012ab47	CONDITIONAL_JUMP	0
0x0012ab5e	0x00129d8c	UNCONDITIONAL_CALL	0
0x0012ab63	0x0012ac00	UNCONDITIONAL_JUMP	0
0x0012ab68	0x001eed9c	READ_WRITE	0
0x0012ab6f	0x0012a3bc	UNCONDITIONAL_CALL	0
0x0012ab79	0x00129d8c	UNCONDITIONAL_CALL	0
0x0012ab82	0x0012ac00	UNCONDITIONAL_JUMP	0
0x0012ab84	0x001eeda0	READ_WRITE	0
0x0012ab92	0x0012abf0	CONDITIONAL_JUMP	0
0x0012ab9e	0x0012abe4	CONDITIONAL_JUMP	0
0x0012aba4	0x0012abe4	CONDITIONAL_JUMP	0
0x0012abaa	0x001dbe9c	READ	1
0x0012abaf	0x001eee28	READ	1
0x0012abb7	0x0012abf0	CONDITIONAL_JUMP	0
0x0012abb9	0x001eeda4	READ_WRITE	0
0x0012abd1	0x0012a504	UNCONDITIONAL_CALL	0
0x0012abd6	0x001dbea0	READ	1
0x0012abe0	0x0012ac00	UNCONDITIONAL_JUMP	0
0x0012abe4	0x001dbe9c	READ	1
0x0012abee	0x0012ac00	UNCONDITIONAL_JUMP	0
0x0012abf0	0x001eeda8	READ_WRITE	0
0x0012abf9	0x0012a6d4	UNCONDITIONAL_CALL	0
0x0012ac02	0xStack[-0x14]	DATA	0
0x0012ac15	0xStack[0x14]	READ	1
0x0012ac1a	0xStack[0x8]	READ	0
0x0012ac1e	0x0012ac38	CONDITIONAL_JUMP	0
0x0012ac21	0xStack[0x10]	READ	1
0x0012ac25	0xStack[0xc]	READ	1
0x0012ac29	0xStack[0x4]	READ	1
0x0012ac2d	0x001236e0	UNCONDITIONAL_CALL	0
0x0012ac32	0x0012b056	UNCONDITIONAL_JUMP	0
0x0012ac3a	0x0012ac50	CONDITIONAL_JUMP	0
0x0012ac41	0x0012ac50	CONDITIONAL_JUMP	0
0x0012ac48	0x0012b056	UNCONDITIONAL_JUMP	0
0x0012ac50	0x0018b958	UNCONDITIONAL_CALL	0
0x0012ac55	0xStack[-0x8]	WRITE	0
0x0012ac58	0xStack[0x4]	READ	1
0x0012ac60	0x0012ac78	CONDITIONAL_JUMP	0
0x0012ac62	0xStack[0x8]	READ	0
0x0012ac66	0x0012ac84	CONDITIONAL_JUMP	0
0x0012ac69	0x0018b544	UNCONDITIONAL_CALL	0
0x0012ac73	0x0012b056	UNCONDITIONAL_JUMP	0
0x0012ac7f	0xStack[-0xc]	WRITE	0
0x0012ac82	0x0012ac8b	UNCONDITIONAL_JUMP	0
0x0012ac84	0xStack[-0xc]	WRITE	0
0x0012ac8b	0xStack[0x8]	READ	0
0x0012ac8f	0x0012b01c	CONDITIONAL_JUMP	0
0x0012ac95	0xStack[0x8]	READ	1
0x0012ac98	0x0012acf0	COMPUTED_JUMP	-1
0x0012ac98	0x0012ad3c	COMPUTED_JUMP	-1
0x0012ac98	0x0012ad60	COMPUTED_JUMP	-1
0x0012ac98	0x0012ad70	COMPUTED_JUMP	-1
0x0012ac98	0x0012ad98	COMPUTED_JUMP	-1
0x0012ac98	0x0012ae58	COMPUTED_JUMP	-1
0x0012ac98	0x0012ae48	COMPUTED_JUMP	-1
0x0012ac98	0x0012ae80	COMPUTED_JUMP	-1
0x0012ac98	0x0012aeac	COMPUTED_JUMP	-1
0x0012ac98	0x0012aeb8	COMPUTED_JUMP	-1
0x0012ac98	0x0012aed8	COMPUTED_JUMP	-1
0x0012ac98	0x0012b01c	COMPUTED_JUMP	-1
0x0012ac98	0x0012aeec	COMPUTED_JUMP	-1
0x0012ac98	0x0012af0c	COMPUTED_JUMP	-1
0x0012ac98	0x0012af70	COMPUTED_JUMP	-1
0x0012ac98	0x0012afe0	COMPUTED_JUMP	-1
0x0012ac98	0x0012aff0	COMPUTED_JUMP	-1
0x0012ac98	0x0012ae3c	COMPUTED_JUMP	-1
0x0012ac98	0x0012b000	COMPUTED_JUMP	-1
0x0012ac98	0x0012aca0	DATA	0
0x0012aca0	0x0012acf0	DATA	0
0x0012aca4	0x0012ad3c	DATA	0
0x0012aca8	0x0012ad60	DATA	0
0x0012acac	0x0012ad70	DATA	0
0x0012acb0	0x0012ad98	DATA	0
0x0012acb4	0x0012ae58	DATA	0
0x0012acb8	0x0012ae48	DATA	0
0x0012acbc	0x0012ae80	DATA	0
0x0012acc0	0x0012aeac	DATA	0
0x0012acc4	0x0012aeb8	DATA	0
0x0012acc8	0x0012aed8	DATA	0
0x0012accc	0x0012b01c	DATA	0
0x0012acd0	0x0012aeec	DATA	0
0x0012acd4	0x0012af0c	DATA	0
0x0012acd8	0x0012af70	DATA	0
0x0012acdc	0x0012afe0	DATA	0
0x0012ace0	0x0012aff0	DATA	0
0x0012ace4	0x0012ae3c	DATA	0
0x0012ace8	0x0012b01c	DATA	0
0x0012acec	0x0012b000	DATA	0
0x0012acf2	0x0012ad00	CONDITIONAL_JUMP	0
0x0012acf9	0x0012b029	UNCONDITIONAL_JUMP	0
0x0012ad00	0xStack[0x4]	READ	1
0x0012ad04	0x0012b13c	UNCONDITIONAL_CALL	0
0x0012ad10	0x0012b029	CONDITIONAL_JUMP	0
0x0012ad16	0xStack[0x4]	READ	1
0x0012ad1d	0x0012ad2c	CONDITIONAL_JUMP	0
0x0012ad24	0x0012ad2c	CONDITIONAL_JUMP	0
0x0012ad2c	0xStack[0x4]	READ	1
0x0012ad35	0x0012b029	UNCONDITIONAL_JUMP	0
0x0012ad41	0x0012ad50	CONDITIONAL_JUMP	0
0x0012ad44	0x0012b1c4	UNCONDITIONAL_CALL	0
0x0012ad4b	0x0012b026	UNCONDITIONAL_JUMP	0
0x0012ad51	0x0012a730	UNCONDITIONAL_CALL	0
0x0012ad58	0x0012b026	UNCONDITIONAL_JUMP	0
0x0012ad60	0xStack[0x10]	READ	1
0x0012ad65	0x00124e60	UNCONDITIONAL_CALL	0
0x0012ad6a	0x0012ae2f	UNCONDITIONAL_JUMP	0
0x0012ad75	0x0012ad84	CONDITIONAL_JUMP	0
0x0012ad7a	0x00124e60	UNCONDITIONAL_CALL	0
0x0012ad86	0x0012b029	CONDITIONAL_JUMP	0
0x0012ad92	0x0012b029	UNCONDITIONAL_JUMP	0
0x0012ad9d	0x0012adb4	CONDITIONAL_JUMP	0
0x0012ada2	0x00124e60	UNCONDITIONAL_CALL	0
0x0012adae	0x0012b029	CONDITIONAL_JUMP	0
0x0012adb4	0xStack[0x10]	READ	1
0x0012adb9	0x00124fe4	UNCONDITIONAL_CALL	0
0x0012adc5	0x0012b029	CONDITIONAL_JUMP	0
0x0012adcc	0x0012a45c	UNCONDITIONAL_CALL	0
0x0012add9	0x0012adec	CONDITIONAL_JUMP	0
0x0012addc	0x00125244	UNCONDITIONAL_CALL	0
0x0012ade6	0x0012b026	UNCONDITIONAL_JUMP	0
0x0012adec	0xStack[0x4]	READ	1
0x0012adf0	0x00116120	UNCONDITIONAL_CALL	0
0x0012adf5	0x001eed70	READ_WRITE	0
0x0012ae07	0x001eed64	READ	1
0x0012ae10	0x001eed64	READ_WRITE	0
0x0012ae2a	0x00129d8c	UNCONDITIONAL_CALL	0
0x0012ae34	0x0012b029	UNCONDITIONAL_JUMP	0
0x0012ae41	0x0012b029	UNCONDITIONAL_JUMP	0
0x0012ae49	0x0012b1c4	UNCONDITIONAL_CALL	0
0x0012ae50	0x0012b026	UNCONDITIONAL_JUMP	0
0x0012ae58	0xStack[0x10]	READ	1
0x0012ae5e	0xStack[0x10]	READ	1
0x0012ae7a	0x0012b029	UNCONDITIONAL_JUMP	0
0x0012ae80	0xStack[0x4]	READ	1
0x0012ae84	0x001163c8	UNCONDITIONAL_CALL	0
0x0012ae8a	0x0012b230	UNCONDITIONAL_CALL	0
0x0012ae96	0x0012b04b	CONDITIONAL_JUMP	0
0x0012ae9d	0x00129d8c	UNCONDITIONAL_CALL	0
0x0012aea4	0x0012b026	UNCONDITIONAL_JUMP	0
0x0012aead	0x00129d8c	UNCONDITIONAL_CALL	0
0x0012aeb2	0x0012b026	UNCONDITIONAL_JUMP	0
0x0012aeb8	0xStack[0xc]	READ	1
0x0012aebc	0xStack[0x4]	READ	1
0x0012aec3	0x00116614	UNCONDITIONAL_CALL	0
0x0012aec9	0x00129d8c	UNCONDITIONAL_CALL	0
0x0012aed3	0x0012b029	UNCONDITIONAL_JUMP	0
0x0012aedb	0x0012a6d4	UNCONDITIONAL_CALL	0
0x0012aee5	0x0012b029	UNCONDITIONAL_JUMP	0
0x0012aeec	0xStack[0x4]	READ	1
0x0012aef3	0xStack[0xc]	READ	1
0x0012aef9	0xStack[-0x8]	READ	1
0x0012aefd	0x0018b544	UNCONDITIONAL_CALL	0
0x0012af04	0x0012b056	UNCONDITIONAL_JUMP	0
0x0012af0c	0xStack[0x4]	READ	1
0x0012af14	0x0012af1c	CONDITIONAL_JUMP	0
0x0012af1a	0x0012af2c	CONDITIONAL_JUMP	0
0x0012af1c	0xStack[0x4]	READ	1
0x0012af23	0x0012af2c	CONDITIONAL_JUMP	0
0x0012af2a	0x0012af38	CONDITIONAL_JUMP	0
0x0012af31	0x0012b029	UNCONDITIONAL_JUMP	0
0x0012af3a	0x0012af48	CONDITIONAL_JUMP	0
0x0012af41	0x0012b029	UNCONDITIONAL_JUMP	0
0x0012af48	0xStack[0xc]	READ	1
0x0012af5a	0xStack[0x10]	READ	1
0x0012af60	0x0012b029	CONDITIONAL_JUMP	0
0x0012af6a	0x0012b029	UNCONDITIONAL_JUMP	0
0x0012af70	0xStack[0x4]	READ	1
0x0012af77	0xStack[0x4]	READ	1
0x0012af90	0x0012af94	CONDITIONAL_JUMP	0
0x0012af99	0x0012afac	CONDITIONAL_JUMP	0
0x0012af9b	0xStack[0xc]	READ	1
0x0012af9f	0x001140e0	UNCONDITIONAL_CALL	0
0x0012afa9	0x0012b026	UNCONDITIONAL_JUMP	0
0x0012afac	0xStack[0xc]	READ	1
0x0012afb0	0xStack[0x4]	READ	1
0x0012afb7	0x00116614	UNCONDITIONAL_CALL	0
0x0012afbc	0xStack[0x4]	READ	1
0x0012afce	0x00129d8c	UNCONDITIONAL_CALL	0
0x0012afdc	0x0012b029	UNCONDITIONAL_JUMP	0
0x0012afe0	0xStack[0x10]	READ	1
0x0012afe5	0x001252d0	UNCONDITIONAL_CALL	0
0x0012afed	0x0012b029	UNCONDITIONAL_JUMP	0
0x0012aff0	0xStack[0x10]	READ	1
0x0012aff5	0x00125308	UNCONDITIONAL_CALL	0
0x0012affd	0x0012b029	UNCONDITIONAL_JUMP	0
0x0012b000	0xStack[0x10]	READ	1
0x0012b005	0x0012a9fc	UNCONDITIONAL_CALL	0
0x0012b00c	0xStack[0x10]	READ	1
0x0012b012	0xStack[0x8]	READ_WRITE	0
0x0012b018	0x0012b029	UNCONDITIONAL_JUMP	0
0x0012b01c	0x001dbed8	DATA	0
0x0012b021	0x0010ca6c	UNCONDITIONAL_CALL	0
0x0012b02b	0x0012b04b	CONDITIONAL_JUMP	0
0x0012b02d	0xStack[0x4]	READ	1
0x0012b034	0x0012b04b	CONDITIONAL_JUMP	0
0x0012b036	0xStack[0x8]	READ	1
0x0012b03d	0xStack[-0xc]	READ	1
0x0012b043	0x001284c0	UNCONDITIONAL_CALL	0
0x0012b04b	0xStack[-0x8]	READ	1
0x0012b04f	0x0018b544	UNCONDITIONAL_CALL	0
0x0012b056	0xStack[-0x1c]	DATA	0
0x0012b069	0xStack[0x4]	READ	1
0x0012b06c	0xStack[0x10]	READ	1
0x0012b06f	0xStack[0x14]	READ	1
0x0012b072	0xStack[-0x8]	WRITE	0
0x0012b079	0xStack[0x8]	READ	1
0x0012b082	0xStack[0xc]	READ	0
0x0012b086	0x0012b0a0	CONDITIONAL_JUMP	0
0x0012b08a	0xStack[0xc]	READ	1
0x0012b08e	0xStack[0x8]	READ	1
0x0012b093	0x00127a88	UNCONDITIONAL_CALL	0
0x0012b098	0x0012b132	UNCONDITIONAL_JUMP	0
0x0012b0a2	0x0012b0ec	CONDITIONAL_JUMP	0
0x0012b0a7	0x0012b12f	CONDITIONAL_JUMP	0
0x0012b0b2	0x0012b0d8	CONDITIONAL_JUMP	0
0x0012b0b6	0x0012b0d8	CONDITIONAL_JUMP	0
0x0012b0bd	0x0012b0d8	CONDITIONAL_JUMP	0
0x0012b0c6	0x0012b0d0	CONDITIONAL_JUMP	0
0x0012b0cc	0x0012b0df	UNCONDITIONAL_JUMP	0
0x0012b0d4	0x0012b0df	UNCONDITIONAL_JUMP	0
0x0012b0d8	0xStack[-0x8]	WRITE	0
0x0012b0e1	0x0012b12f	CONDITIONAL_JUMP	0
0x0012b0e4	0x00113ed0	UNCONDITIONAL_CALL	0
0x0012b0e9	0x0012b12f	UNCONDITIONAL_JUMP	0
0x0012b0f0	0x00113dc0	UNCONDITIONAL_CALL	0
0x0012b102	0x0012b10c	CONDITIONAL_JUMP	0
0x0012b107	0x0012b11c	CONDITIONAL_JUMP	0
0x0012b109	0x0012b128	UNCONDITIONAL_JUMP	0
0x0012b118	0x0012b12f	UNCONDITIONAL_JUMP	0
0x0012b126	0x0012b12f	UNCONDITIONAL_JUMP	0
0x0012b128	0xStack[-0x8]	WRITE	0
0x0012b12f	0xStack[-0x8]	READ	1
0x0012b132	0xStack[-0x14]	DATA	0
0x0012b142	0xStack[0x4]	READ	1
0x0012b14a	0x0012b153	CONDITIONAL_JUMP	0
0x0012b151	0x0012b16e	CONDITIONAL_JUMP	0
0x0012b153	0x001dbee8	READ	1
0x0012b15a	0x001dbee4	READ	1
0x0012b162	0x0011654c	UNCONDITIONAL_CALL	0
0x0012b16c	0x0012b1b8	CONDITIONAL_JUMP	0
0x0012b16e	0x001ead10	DATA	0
0x0012b174	0x00124e10	UNCONDITIONAL_CALL	0
0x0012b17e	0x0012b1b8	CONDITIONAL_JUMP	0
0x0012b184	0x0012a65c	UNCONDITIONAL_CALL	0
0x0012b18e	0x0012b1b0	CONDITIONAL_JUMP	0
0x0012b1a0	0x0012526c	UNCONDITIONAL_CALL	0
0x0012b1ae	0x0012b1b8	UNCONDITIONAL_JUMP	0
0x0012b1b8	0xStack[-0x10]	DATA	0
0x0012b1c9	0xStack[0x4]	READ	1
0x0012b1d7	0x0012b1e4	CONDITIONAL_JUMP	0
0x0012b1da	0x0012a730	UNCONDITIONAL_CALL	0
0x0012b1e1	0x0012b224	UNCONDITIONAL_JUMP	0
0x0012b1e8	0x0012b200	CONDITIONAL_JUMP	0
0x0012b1ef	0x0012b200	CONDITIONAL_JUMP	0
0x0012b1f4	0x0012a6d4	UNCONDITIONAL_CALL	0
0x0012b1fb	0x0012b224	UNCONDITIONAL_JUMP	0
0x0012b201	0x001161c0	UNCONDITIONAL_CALL	0
0x0012b20a	0x00116a64	UNCONDITIONAL_CALL	0
0x0012b210	0x0012b230	UNCONDITIONAL_CALL	0
0x0012b21c	0x0012b224	CONDITIONAL_JUMP	0
0x0012b21f	0x00129d8c	UNCONDITIONAL_CALL	0
0x0012b226	0xStack[-0xc]	DATA	0
0x0012b234	0xStack[0x4]	READ	1
0x0012b23e	0x0012b282	CONDITIONAL_JUMP	0
0x0012b240	0x0012b260	COMPUTED_JUMP	-1
0x0012b240	0x0012b274	COMPUTED_JUMP	-1
0x0012b240	0x0012b27c	COMPUTED_JUMP	-1
0x0012b240	0x0012b248	DATA	0
0x0012b248	0x0012b260	DATA	0
0x0012b24c	0x0012b260	DATA	0
0x0012b250	0x0012b260	DATA	0
0x0012b254	0x0012b274	DATA	0
0x0012b258	0x0012b274	DATA	0
0x0012b25c	0x0012b27c	DATA	0
0x0012b267	0x0012a730	UNCONDITIONAL_CALL	0
0x0012b271	0x0012b282	UNCONDITIONAL_JUMP	0
0x0012b27a	0x0012b282	UNCONDITIONAL_JUMP	0
0x0012b284	0x0012b299	CONDITIONAL_JUMP	0
0x0012b28b	0x0012b299	CONDITIONAL_JUMP	0
0x0012b294	0x001161f8	UNCONDITIONAL_CALL	0
0x0012b29b	0xStack[-0x8]	READ	1
0x0012b2a7	0x001eaae4	WRITE	0
0x0012b2a7	0x001eaae0	DATA	1
0x0012b2b1	0x001eaae0	WRITE	0
0x0012b2b1	0x001eaae0	WRITE	1
0x0012b2c9	0xStack[0x4]	READ	1
0x0012b2cc	0xStack[-0x20]	WRITE	0
0x0012b2d3	0x0012b2dc	CONDITIONAL_JUMP	0
0x0012b2da	0x0012b2fc	CONDITIONAL_JUMP	0
0x0012b2de	0xStack[-0x20]	READ	1
0x0012b2e2	0x001145a4	UNCONDITIONAL_CALL	0
0x0012b2e7	0xStack[-0x20]	WRITE	0
0x0012b2ef	0x0012b2fc	CONDITIONAL_JUMP	0
0x0012b2f1	0x001eab20	READ_WRITE	0
0x0012b2f7	0x0012b631	UNCONDITIONAL_JUMP	0
0x0012b2fc	0xStack[-0x20]	READ	1
0x0012b302	0xStack[-0x1c]	WRITE	0
0x0012b30d	0x0012b31a	CONDITIONAL_JUMP	0
0x0012b312	0x00126e1c	UNCONDITIONAL_CALL	0
0x0012b31a	0xStack[-0x1c]	READ	1
0x0012b32e	0x0012b353	CONDITIONAL_JUMP	0
0x0012b332	0x0012b340	CONDITIONAL_JUMP	0
0x0012b334	0x001eab28	READ_WRITE	0
0x0012b33a	0x0012b628	UNCONDITIONAL_JUMP	0
0x0012b347	0xStack[-0x20]	READ	1
0x0012b34b	0x001144ec	UNCONDITIONAL_CALL	0
0x0012b353	0xStack[-0x18]	DATA	0
0x0012b356	0xStack[-0x1c]	READ	1
0x0012b361	0x001dbeec	READ	0
0x0012b368	0x0012b3bc	CONDITIONAL_JUMP	0
0x0012b36a	0xStack[-0x1c]	READ	1
0x0012b372	0x0012b3bc	CONDITIONAL_JUMP	0
0x0012b385	0xStack[-0x1c]	READ	1
0x0012b394	0xStack[-0x20]	READ	1
0x0012b398	0x0018b2ac	UNCONDITIONAL_CALL	0
0x0012b39d	0xStack[-0x1c]	READ	1
0x0012b3aa	0x0012b3bc	CONDITIONAL_JUMP	0
0x0012b3ac	0x001eab24	READ_WRITE	0
0x0012b3b2	0xStack[-0x20]	READ	1
0x0012b3b6	0x0012b62c	UNCONDITIONAL_JUMP	0
0x0012b3bc	0xStack[-0x1c]	READ	1
0x0012b3d0	0x0012b3e3	CONDITIONAL_JUMP	0
0x0012b3d3	0x00123d74	UNCONDITIONAL_CALL	0
0x0012b3dd	0x0012b504	CONDITIONAL_JUMP	0
0x0012b3e3	0xStack[-0x1c]	READ	1
0x0012b3ea	0x001dbef6	WRITE	0
0x0012b3f1	0xStack[-0x1c]	READ	1
0x0012b3f7	0x001dbef8	WRITE	0
0x0012b3fd	0xStack[-0x20]	READ	1
0x0012b40b	0x001eaae0	READ	1
0x0012b411	0x001eaae0	DATA	1
0x0012b417	0x0012b4d0	CONDITIONAL_JUMP	0
0x0012b420	0xStack[-0x1c]	READ	1
0x0012b42b	0x0012b4c2	CONDITIONAL_JUMP	0
0x0012b436	0x0012b441	CONDITIONAL_JUMP	0
0x0012b43b	0x0012b4c2	CONDITIONAL_JUMP	0
0x0012b446	0x0012b45a	CONDITIONAL_JUMP	0
0x0012b448	0xStack[-0x1c]	READ	1
0x0012b44e	0x0012b4c2	CONDITIONAL_JUMP	0
0x0012b458	0x0012b4c2	CONDITIONAL_JUMP	0
0x0012b45c	0x0012b4b9	CONDITIONAL_JUMP	0
0x0012b465	0xStack[-0x20]	READ	1
0x0012b469	0xStack[-0x24]	WRITE	0
0x0012b46c	0x001141a4	UNCONDITIONAL_CALL	0
0x0012b476	0xStack[-0x24]	READ	1
0x0012b47b	0x0012b4b9	CONDITIONAL_JUMP	0
0x0012b480	0x001dbef4	DATA	0
0x0012b488	0xStack[-0x28]	WRITE	0
0x0012b48c	0xStack[-0x24]	WRITE	0
0x0012b48f	0x001166c0	UNCONDITIONAL_CALL	0
0x0012b497	0xStack[-0x24]	READ	1
0x0012b49c	0x0012b4ac	CONDITIONAL_JUMP	0
0x0012b49f	0x001140e0	UNCONDITIONAL_CALL	0
0x0012b4a7	0x0012b4b9	UNCONDITIONAL_JUMP	0
0x0012b4ac	0xStack[-0x28]	READ	1
0x0012b4b1	0x0011649c	UNCONDITIONAL_CALL	0
0x0012b4c0	0x0012b4d0	CONDITIONAL_JUMP	0
0x0012b4c4	0x001eaae0	DATA	1
0x0012b4ca	0x0012b420	CONDITIONAL_JUMP	0
0x0012b4d2	0x0012b628	CONDITIONAL_JUMP	0
0x0012b4da	0xStack[-0x20]	READ	1
0x0012b4de	0x001dbef4	DATA	0
0x0012b4e7	0xStack[-0x24]	WRITE	0
0x0012b4ea	0x001166c0	UNCONDITIONAL_CALL	0
0x0012b4f2	0xStack[-0x24]	READ	1
0x0012b4f7	0x0012b628	CONDITIONAL_JUMP	0
0x0012b4fe	0x0012b620	UNCONDITIONAL_JUMP	0
0x0012b506	0xStack[-0x1c]	READ	1
0x0012b51b	0x001eaae0	DATA	0
0x0012b520	0x00125488	UNCONDITIONAL_CALL	0
0x0012b52c	0x0012b5d8	CONDITIONAL_JUMP	0
0x0012b532	0xStack[-0x1c]	READ	1
0x0012b53c	0x001eaa60	READ	1
0x0012b544	0x0012b58c	CONDITIONAL_JUMP	0
0x0012b54f	0x0012b585	CONDITIONAL_JUMP	0
0x0012b55d	0x0012b628	CONDITIONAL_JUMP	0
0x0012b565	0x0012b628	CONDITIONAL_JUMP	0
0x0012b577	0x0012b628	CONDITIONAL_JUMP	0
0x0012b57f	0x0012b628	CONDITIONAL_JUMP	0
0x0012b58a	0x0012b548	CONDITIONAL_JUMP	0
0x0012b58c	0xStack[-0x1c]	READ	1
0x0012b595	0x0012b628	CONDITIONAL_JUMP	0
0x0012b59d	0x0012b628	CONDITIONAL_JUMP	0
0x0012b5a4	0x00123d74	UNCONDITIONAL_CALL	0
0x0012b5ae	0x0012b628	CONDITIONAL_JUMP	0
0x0012b5b0	0xStack[-0x1c]	READ	1
0x0012b5b3	0xStack[-0x18]	DATA	0
0x0012b5c2	0xStack[0x8]	READ	1
0x0012b5ca	0xStack[-0x1c]	READ	1
0x0012b5ce	0x00125554	UNCONDITIONAL_CALL	0
0x0012b5d3	0x0012b631	UNCONDITIONAL_JUMP	0
0x0012b5d8	0xStack[-0x1c]	READ	1
0x0012b5df	0x001dbef6	WRITE	0
0x0012b5e6	0xStack[-0x1c]	READ	1
0x0012b5ec	0x001dbef8	WRITE	0
0x0012b5f2	0xStack[-0x20]	READ	1
0x0012b601	0x001dbef4	DATA	0
0x0012b60d	0x001166c0	UNCONDITIONAL_CALL	0
0x0012b617	0x0012b628	CONDITIONAL_JUMP	0
0x0012b621	0x0011649c	UNCONDITIONAL_CALL	0
0x0012b626	0x0012b631	UNCONDITIONAL_JUMP	0
0x0012b628	0xStack[-0x20]	READ	1
0x0012b62c	0x001140e0	UNCONDITIONAL_CALL	0
0x0012b631	0xStack[-0x34]	DATA	0
0x0012b640	0xStack[0x4]	READ	1
0x0012b64b	0x0011649c	UNCONDITIONAL_CALL	0
0x0012b658	0x0011649c	UNCONDITIONAL_CALL	0
0x0012b65d	0xStack[-0x8]	READ	1
0x0012b669	0xStack[0x4]	READ	1
0x0012b66c	0xStack[0x8]	READ	1
0x0012b66f	0xStack[0xc]	READ	1
0x0012b675	0x0012b685	CONDITIONAL_JUMP	0
0x0012b67a	0x0012b6c4	CONDITIONAL_JUMP	0
0x0012b67c	0x001dbdb9	DATA	0
0x0012b683	0x0012b6c4	CONDITIONAL_JUMP	0
0x0012b687	0x0012b6a8	CONDITIONAL_JUMP	0
0x0012b691	0x0012b63c	DATA	0
0x0012b6a4	0x0012b6b9	UNCONDITIONAL_JUMP	0
0x0012b6a8	0x0012b63c	DATA	0
0x0012b6b0	0x001eab2c	READ	1
0x0012b6ba	0x001eaae0	DATA	0
0x0012b6bf	0x00125340	UNCONDITIONAL_CALL	0
0x0012b6c4	0xStack[-0xc]	DATA	0
0x0012b6d9	0xStack[0x8]	READ	1
0x0012b6e2	0x0012b6f0	CONDITIONAL_JUMP	0
0x0012b6ee	0x0012b6e4	CONDITIONAL_JUMP	0
0x0012b6f0	0x0018b970	UNCONDITIONAL_CALL	0
0x0012b6f5	0xStack[-0x8]	WRITE	0
0x0012b6f8	0x001e93d4	READ	1
0x0012b700	0x0012b744	CONDITIONAL_JUMP	0
0x0012b707	0x0012b716	CONDITIONAL_JUMP	0
0x0012b709	0x001dbf04	DATA	0
0x0012b70e	0x0010ca6c	UNCONDITIONAL_CALL	0
0x0012b71c	0x001e917c	READ_WRITE	0
0x0012b723	0x001e9180	READ_WRITE	0
0x0012b72c	0x001e93d4	WRITE	0
0x0012b73f	0x0012b752	UNCONDITIONAL_JUMP	0
0x0012b748	0x00113f6c	UNCONDITIONAL_CALL	0
0x0012b752	0xStack[-0x8]	READ	1
0x0012b756	0x0018b544	UNCONDITIONAL_CALL	0
0x0012b760	0x0012b774	CONDITIONAL_JUMP	0
0x0012b763	0x001140e0	UNCONDITIONAL_CALL	0
0x0012b76d	0x0012b83f	UNCONDITIONAL_JUMP	0
0x0012b7ab	0xStack[0x4]	READ	1
0x0012b7b4	0xStack[0x4]	READ	1
0x0012b7bd	0xStack[0x4]	READ	1
0x0012b7c8	0xStack[0x4]	READ	1
0x0012b7e1	0x001dbeec	READ	0
0x0012b7e8	0x0012b806	CONDITIONAL_JUMP	0
0x0012b7ef	0x0018b2ac	UNCONDITIONAL_CALL	0
0x0012b7fe	0x0012b806	CONDITIONAL_JUMP	0
0x0012b80e	0x001dbef0	READ	1
0x0012b817	0xStack[0x4]	READ	1
0x0012b81e	0xStack[0x4]	READ	1
0x0012b82e	0xStack[0x4]	READ	1
0x0012b83a	0x00127280	UNCONDITIONAL_CALL	0
0x0012b83f	0xStack[-0x14]	DATA	0
0x0012b855	0xStack[0x8]	READ	1
0x0012b858	0xStack[0x14]	READ	1
0x0012b85b	0xStack[0x4]	READ	1
0x0012b866	0x0012b880	CONDITIONAL_JUMP	0
0x0012b869	0xStack[0x10]	READ	1
0x0012b86d	0xStack[0xc]	READ	1
0x0012b871	0xStack[0x4]	READ	1
0x0012b875	0x001236e0	UNCONDITIONAL_CALL	0
0x0012b87a	0x0012bc22	UNCONDITIONAL_JUMP	0
0x0012b880	0xStack[-0x14]	WRITE	0
0x0012b883	0x0018b958	UNCONDITIONAL_CALL	0
0x0012b888	0xStack[-0x8]	WRITE	0
0x0012b88b	0xStack[-0x14]	READ	1
0x0012b890	0x0012b899	CONDITIONAL_JUMP	0
0x0012b897	0x0012b910	CONDITIONAL_JUMP	0
0x0012b89b	0x0012b8a1	CONDITIONAL_JUMP	0
0x0012b89f	0x0012b910	CONDITIONAL_JUMP	0
0x0012b8a4	0x0012bbf8	CONDITIONAL_JUMP	0
0x0012b8aa	0x0012b90c	COMPUTED_JUMP	-1
0x0012b8aa	0x0012b958	COMPUTED_JUMP	-1
0x0012b8aa	0x0012b964	COMPUTED_JUMP	-1
0x0012b8aa	0x0012bbe0	COMPUTED_JUMP	-1
0x0012b8aa	0x0012b978	COMPUTED_JUMP	-1
0x0012b8aa	0x0012b9a4	COMPUTED_JUMP	-1
0x0012b8aa	0x0012b9bc	COMPUTED_JUMP	-1
0x0012b8aa	0x0012bbe8	COMPUTED_JUMP	-1
0x0012b8aa	0x0012b9cc	COMPUTED_JUMP	-1
0x0012b8aa	0x0012bb9c	COMPUTED_JUMP	-1
0x0012b8aa	0x0012bbf8	COMPUTED_JUMP	-1
0x0012b8aa	0x0012bbd0	COMPUTED_JUMP	-1
0x0012b8aa	0x0012bbb0	COMPUTED_JUMP	-1
0x0012b8aa	0x0012bbc0	COMPUTED_JUMP	-1
0x0012b8aa	0x0012b8b4	DATA	0
0x0012b8b4	0x0012b90c	DATA	0
0x0012b8b8	0x0012b958	DATA	0
0x0012b8bc	0x0012b964	DATA	0
0x0012b8c0	0x0012bbe0	DATA	0
0x0012b8c4	0x0012b978	DATA	0
0x0012b8c8	0x0012bbe0	DATA	0
0x0012b8cc	0x0012b9a4	DATA	0
0x0012b8d0	0x0012b9bc	DATA	0
0x0012b8d4	0x0012bbe8	DATA	0
0x0012b8d8	0x0012b9cc	DATA	0
0x0012b8dc	0x0012bb9c	DATA	0
0x0012b8e0	0x0012bbf8	DATA	0
0x0012b8e4	0x0012bbd0	DATA	0
0x0012b8e8	0x0012bbe8	DATA	0
0x0012b8ec	0x0012bbe0	DATA	0
0x0012b8f0	0x0012bbb0	DATA	0
0x0012b8f4	0x0012bbc0	DATA	0
0x0012b8f8	0x0012bbe0	DATA	0
0x0012b8fc	0x0012bbe0	DATA	0
0x0012b900	0x0012bbe0	DATA	0
0x0012b904	0x0012bbe0	DATA	0
0x0012b908	0x0012bbe0	DATA	0
0x0012b90e	0x0012b91c	CONDITIONAL_JUMP	0
0x0012b915	0x0012bc05	UNCONDITIONAL_JUMP	0
0x0012b91c	0x001eaae0	DATA	0
0x0012b921	0xStack[0x4]	READ	1
0x0012b925	0x00124e10	UNCONDITIONAL_CALL	0
0x0012b931	0x0012bc05	CONDITIONAL_JUMP	0
0x0012b937	0x001dbf10	READ	1
0x0012b93e	0x001dbf0c	READ	1
0x0012b945	0xStack[0x4]	READ	1
0x0012b949	0x0011654c	UNCONDITIONAL_CALL	0
0x0012b953	0x0012bc05	UNCONDITIONAL_JUMP	0
0x0012b959	0x0012526c	UNCONDITIONAL_CALL	0
0x0012b95e	0x0012bc02	UNCONDITIONAL_JUMP	0
0x0012b964	0xStack[0x10]	READ	1
0x0012b969	0x00124e60	UNCONDITIONAL_CALL	0
0x0012b973	0x0012bc05	UNCONDITIONAL_JUMP	0
0x0012b97c	0x0012b9de	CONDITIONAL_JUMP	0
0x0012b97e	0xStack[0x10]	READ	1
0x0012b983	0x00124fe4	UNCONDITIONAL_CALL	0
0x0012b98f	0x0012bc05	CONDITIONAL_JUMP	0
0x0012b995	0xStack[0x4]	READ	1
0x0012b999	0x00116144	UNCONDITIONAL_CALL	0
0x0012b99e	0x0012bc02	UNCONDITIONAL_JUMP	0
0x0012b9a8	0x0012ba0a	CONDITIONAL_JUMP	0
0x0012b9ab	0x00125244	UNCONDITIONAL_CALL	0
0x0012b9b0	0xStack[0x4]	READ	1
0x0012b9b7	0x0012bc02	UNCONDITIONAL_JUMP	0
0x0012b9bc	0xStack[0x4]	READ	1
0x0012b9c0	0x001163c8	UNCONDITIONAL_CALL	0
0x0012b9c5	0x0012bc02	UNCONDITIONAL_JUMP	0
0x0012b9cc	0xStack[0x10]	READ	0
0x0012b9d0	0x0012ba04	CONDITIONAL_JUMP	0
0x0012b9d5	0xStack[-0xc]	WRITE	0
0x0012b9dc	0x0012b9e8	CONDITIONAL_JUMP	0
0x0012b9e3	0x0012bc05	UNCONDITIONAL_JUMP	0
0x0012b9e8	0xStack[0x10]	READ	1
0x0012b9ed	0x00124fe4	UNCONDITIONAL_CALL	0
0x0012b9f9	0x0012bc05	CONDITIONAL_JUMP	0
0x0012b9ff	0x0012ba14	UNCONDITIONAL_JUMP	0
0x0012ba08	0x0012ba14	CONDITIONAL_JUMP	0
0x0012ba0f	0x0012bc05	UNCONDITIONAL_JUMP	0
0x0012ba14	0xStack[-0x10]	WRITE	0
0x0012ba1b	0xStack[0xc]	READ	1
0x0012ba20	0x0012ba31	CONDITIONAL_JUMP	0
0x0012ba28	0xStack[-0x10]	READ_WRITE	0
0x0012ba2f	0x0012ba24	CONDITIONAL_JUMP	0
0x0012ba31	0x0018b970	UNCONDITIONAL_CALL	0
0x0012ba38	0x001e93d4	READ	1
0x0012ba40	0x0012ba84	CONDITIONAL_JUMP	0
0x0012ba47	0x0012ba56	CONDITIONAL_JUMP	0
0x0012ba49	0x001dbf04	DATA	0
0x0012ba4e	0x0010ca6c	UNCONDITIONAL_CALL	0
0x0012ba5c	0x001e917c	READ_WRITE	0
0x0012ba63	0x001e9180	READ_WRITE	0
0x0012ba6c	0x001e93d4	WRITE	0
0x0012ba7f	0x0012ba92	UNCONDITIONAL_JUMP	0
0x0012ba88	0x00113f6c	UNCONDITIONAL_CALL	0
0x0012ba93	0x0018b544	UNCONDITIONAL_CALL	0
0x0012ba9d	0x0012bab8	CONDITIONAL_JUMP	0
0x0012ba9f	0xStack[0xc]	READ	1
0x0012baa3	0x001140e0	UNCONDITIONAL_CALL	0
0x0012bab0	0x0012bb7f	UNCONDITIONAL_JUMP	0
0x0012bac5	0xStack[0xc]	READ	1
0x0012bae4	0xStack[-0x10]	READ	1
0x0012bb1e	0x001dbeec	READ	0
0x0012bb25	0x0012bb46	CONDITIONAL_JUMP	0
0x0012bb27	0xStack[-0x10]	READ	1
0x0012bb2f	0x0018b2ac	UNCONDITIONAL_CALL	0
0x0012bb3e	0x0012bb46	CONDITIONAL_JUMP	0
0x0012bb46	0xStack[-0x10]	READ	1
0x0012bb52	0x001dbef0	READ	1
0x0012bb75	0x00127280	UNCONDITIONAL_CALL	0
0x0012bb7f	0xStack[0xc]	WRITE	0
0x0012bb86	0xStack[0x10]	READ	0
0x0012bb8a	0x0012bc05	CONDITIONAL_JUMP	0
0x0012bb8d	0x00125244	UNCONDITIONAL_CALL	0
0x0012bb92	0xStack[-0xc]	READ	1
0x0012bb98	0x0012bc02	UNCONDITIONAL_JUMP	0
0x0012bb9c	0xStack[0x4]	READ	1
0x0012bba0	0x001161f8	UNCONDITIONAL_CALL	0
0x0012bba6	0x0012526c	UNCONDITIONAL_CALL	0
0x0012bbae	0x0012bc05	UNCONDITIONAL_JUMP	0
0x0012bbb0	0xStack[0x10]	READ	1
0x0012bbb5	0x001252d0	UNCONDITIONAL_CALL	0
0x0012bbbd	0x0012bc05	UNCONDITIONAL_JUMP	0
0x0012bbc0	0xStack[0x10]	READ	1
0x0012bbc5	0x00125308	UNCONDITIONAL_CALL	0
0x0012bbcd	0x0012bc05	UNCONDITIONAL_JUMP	0
0x0012bbd0	0xStack[-0x8]	READ	1
0x0012bbd4	0x0018b544	UNCONDITIONAL_CALL	0
0x0012bbdb	0x0012bc22	UNCONDITIONAL_JUMP	0
0x0012bbe5	0x0012bc05	UNCONDITIONAL_JUMP	0
0x0012bbe8	0xStack[-0x8]	READ	1
0x0012bbec	0x0018b544	UNCONDITIONAL_CALL	0
0x0012bbf6	0x0012bc22	UNCONDITIONAL_JUMP	0
0x0012bbf8	0x001dbf14	DATA	0
0x0012bbfd	0x0010ca6c	UNCONDITIONAL_CALL	0
0x0012bc05	0xStack[-0x8]	READ	1
0x0012bc09	0x0018b544	UNCONDITIONAL_CALL	0
0x0012bc11	0xStack[0xc]	READ	0
0x0012bc15	0x0012bc20	CONDITIONAL_JUMP	0
0x0012bc17	0xStack[0xc]	READ	1
0x0012bc1b	0x001140e0	UNCONDITIONAL_CALL	0
0x0012bc22	0xStack[-0x20]	DATA	0
0x0012bc36	0x001e59ac	WRITE	0
0x0012bc49	0x001eee70	READ_WRITE	0
0x0012bc4f	0xStack[0x4]	READ	1
0x0012bc57	0xStack[-0xc]	WRITE	0
0x0012bc62	0xStack[-0x14]	WRITE	0
0x0012bc69	0xStack[-0x10]	WRITE	0
0x0012bc6f	0x0012bc88	CONDITIONAL_JUMP	0
0x0012bc71	0x001eee74	READ_WRITE	0
0x0012bc77	0xStack[0x4]	READ	1
0x0012bc7b	0x001140e0	UNCONDITIONAL_CALL	0
0x0012bc80	0x0012bef8	UNCONDITIONAL_JUMP	0
0x0012bc88	0xStack[-0x14]	READ	1
0x0012bc8e	0xStack[-0x18]	WRITE	0
0x0012bc94	0x0012bca1	CONDITIONAL_JUMP	0
0x0012bc96	0xStack[0x4]	READ	1
0x0012bc9f	0x0012bcc4	CONDITIONAL_JUMP	0
0x0012bca1	0xStack[-0x18]	READ	1
0x0012bca5	0xStack[0x4]	READ	1
0x0012bca9	0x001145a4	UNCONDITIONAL_CALL	0
0x0012bcae	0xStack[0x4]	WRITE	0
0x0012bcb6	0x0012bcc4	CONDITIONAL_JUMP	0
0x0012bcb8	0x001eee74	READ_WRITE	0
0x0012bcbe	0x0012bef8	UNCONDITIONAL_JUMP	0
0x0012bcc4	0xStack[-0x14]	READ	1
0x0012bcc7	0xStack[0x4]	READ	1
0x0012bccd	0xStack[-0x14]	READ	1
0x0012bcd8	0xStack[-0x8]	WRITE	0
0x0012bcdb	0xStack[-0x10]	READ	1
0x0012bcdf	0xStack[0x4]	READ	1
0x0012bce3	0x0018b2ac	UNCONDITIONAL_CALL	0
0x0012bced	0x0012bcfc	CONDITIONAL_JUMP	0
0x0012bcef	0x001eee78	READ_WRITE	0
0x0012bcf5	0x0012be3d	UNCONDITIONAL_JUMP	0
0x0012bcfc	0xStack[-0x14]	READ	1
0x0012bcff	0xStack[0x4]	READ	1
0x0012bd05	0xStack[-0x14]	READ	1
0x0012bd10	0xStack[-0xc]	WRITE	0
0x0012bd13	0xStack[-0x8]	READ	1
0x0012bd1c	0x0012bd2c	CONDITIONAL_JUMP	0
0x0012bd21	0x0012be04	CONDITIONAL_JUMP	0
0x0012bd27	0x0012bec8	UNCONDITIONAL_JUMP	0
0x0012bd2c	0x001eee7c	READ_WRITE	0
0x0012bd32	0xStack[0x8]	READ	1
0x0012bd35	0x001e9c74	READ	0
0x0012bd3b	0x0012bec8	CONDITIONAL_JUMP	0
0x0012bd41	0x001e59ac	READ	1
0x0012bd46	0xStack[-0xc]	READ	1
0x0012bd4c	0x0012bd64	CONDITIONAL_JUMP	0
0x0012bd4e	0x001eee80	READ_WRITE	0
0x0012bd54	0x0012be3d	UNCONDITIONAL_JUMP	0
0x0012bd5f	0x0012bd86	UNCONDITIONAL_JUMP	0
0x0012bd64	0x001eaa60	READ	1
0x0012bd70	0x0012bd86	CONDITIONAL_JUMP	0
0x0012bd80	0x0012bd5c	CONDITIONAL_JUMP	0
0x0012bd84	0x0012bd74	CONDITIONAL_JUMP	0
0x0012bd88	0x0012bec8	CONDITIONAL_JUMP	0
0x0012bd90	0xStack[0x8]	READ	1
0x0012bd96	0x0012bdd6	CONDITIONAL_JUMP	0
0x0012bd9c	0x0012bdd6	CONDITIONAL_JUMP	0
0x0012bda0	0xStack[-0x18]	WRITE	0
0x0012bda3	0x001e59ac	READ	0
0x0012bda9	0x0012bdd6	CONDITIONAL_JUMP	0
0x0012bdab	0x001eaa60	READ	1
0x0012bdb7	0x001eaab0	READ	1
0x0012bdcc	0x001dbf44	WRITE	0
0x0012bdda	0x0012bde4	CONDITIONAL_JUMP	0
0x0012bddf	0x0012bdfa	UNCONDITIONAL_JUMP	0
0x0012bde6	0x0012bdfa	CONDITIONAL_JUMP	0
0x0012bdf4	0x0012bddc	CONDITIONAL_JUMP	0
0x0012bdf8	0x0012bde8	CONDITIONAL_JUMP	0
0x0012bdfc	0x0012bd90	CONDITIONAL_JUMP	0
0x0012bdfe	0x0012bec8	UNCONDITIONAL_JUMP	0
0x0012be04	0x001eee84	READ_WRITE	0
0x0012be0a	0xStack[0x8]	READ	1
0x0012be0d	0x001e9c74	READ	0
0x0012be13	0x0012bec8	CONDITIONAL_JUMP	0
0x0012be19	0xStack[-0x8]	READ	1
0x0012be2d	0x0012be37	CONDITIONAL_JUMP	0
0x0012be2f	0xStack[-0xc]	READ	1
0x0012be35	0x0012be4c	CONDITIONAL_JUMP	0
0x0012be37	0x001eee88	READ_WRITE	0
0x0012be3d	0xStack[0x4]	READ	1
0x0012be41	0x001140e0	UNCONDITIONAL_CALL	0
0x0012be46	0x0012bef8	UNCONDITIONAL_JUMP	0
0x0012be4c	0xStack[-0xc]	READ	1
0x0012be59	0x0012be82	CONDITIONAL_JUMP	0
0x0012be5b	0x001eaa60	READ	1
0x0012be62	0x0012be82	CONDITIONAL_JUMP	0
0x0012be64	0xStack[0x8]	READ	1
0x0012be6a	0x0012be73	CONDITIONAL_JUMP	0
0x0012be71	0x0012be64	CONDITIONAL_JUMP	0
0x0012be75	0x0012be82	CONDITIONAL_JUMP	0
0x0012be7c	0xStack[-0xc]	READ	1
0x0012be82	0x001eaa60	READ	1
0x0012be89	0x0012bec8	CONDITIONAL_JUMP	0
0x0012be8c	0xStack[0x8]	READ	1
0x0012be92	0x0012be9b	CONDITIONAL_JUMP	0
0x0012be99	0x0012be8c	CONDITIONAL_JUMP	0
0x0012be9d	0x0012bec8	CONDITIONAL_JUMP	0
0x0012bea4	0x0012bec8	CONDITIONAL_JUMP	0
0x0012bea6	0xStack[-0x8]	READ	1
0x0012beae	0x0012beb7	CONDITIONAL_JUMP	0
0x0012beb5	0x0012beac	CONDITIONAL_JUMP	0
0x0012beb9	0x0012bec8	CONDITIONAL_JUMP	0
0x0012bec2	0x001eee8c	READ_WRITE	0
0x0012bec8	0xStack[-0xc]	READ	1
0x0012bece	0x001dbf28	WRITE	0
0x0012bed4	0xStack[-0xc]	READ	1
0x0012beda	0x001dbf38	WRITE	0
0x0012bee0	0x001dbf34	DATA	0
0x0012bee5	0x001dbf24	DATA	0
0x0012beea	0x001dbf20	DATA	0
0x0012beef	0xStack[0x4]	READ	1
0x0012bef3	0x0012157c	UNCONDITIONAL_CALL	0
0x0012bef8	0xStack[-0x24]	DATA	0
0x0012bf09	0xStack[0x4]	READ	1
0x0012bf0c	0x0018b958	UNCONDITIONAL_CALL	0
0x0012bf13	0x001e59ac	READ	1
0x0012bf1a	0x0012bf26	CONDITIONAL_JUMP	0
0x0012bf1c	0x001e9c74	READ	1
0x0012bf24	0x0012bf30	CONDITIONAL_JUMP	0
0x0012bf2d	0x0012bf66	UNCONDITIONAL_JUMP	0
0x0012bf31	0x0012c044	UNCONDITIONAL_CALL	0
0x0012bf36	0x001eaa60	READ	1
0x0012bf47	0x001eaab0	READ	1
0x0012bf5c	0x001dbf44	WRITE	0
0x0012bf67	0x0018b544	UNCONDITIONAL_CALL	0
0x0012bf6c	0xStack[-0xc]	DATA	0
0x0012bf87	0x001dbf44	READ	0
0x0012bf8e	0x0012c03a	CONDITIONAL_JUMP	0
0x0012bf94	0x0018b958	UNCONDITIONAL_CALL	0
0x0012bf9b	0x001dbf44	WRITE	0
0x0012bfa5	0x001eaa60	READ	1
0x0012bfab	0xStack[-0xc]	WRITE	0
0x0012bfae	0xStack[-0x8]	WRITE	0
0x0012bfb7	0x001eaa60	READ	0
0x0012bfbe	0x0012c030	CONDITIONAL_JUMP	0
0x0012bfc0	0xStack[-0xc]	READ	1
0x0012bfc9	0xStack[-0xc]	WRITE	0
0x0012bfce	0x0012c009	CONDITIONAL_JUMP	0
0x0012bfd0	0xStack[-0xc]	READ	0
0x0012bfd4	0x0012bfc0	CONDITIONAL_JUMP	0
0x0012bfd6	0x0012c030	UNCONDITIONAL_JUMP	0
0x0012bfdd	0x0012c002	CONDITIONAL_JUMP	0
0x0012bfe8	0x0012bff8	CONDITIONAL_JUMP	0
0x0012bfeb	0x0012c044	UNCONDITIONAL_CALL	0
0x0012bff3	0x0012c002	UNCONDITIONAL_JUMP	0
0x0012bff8	0x001dbf44	WRITE	0
0x0012c002	0xStack[-0x8]	READ	1
0x0012c007	0x0012c014	CONDITIONAL_JUMP	0
0x0012c00c	0xStack[-0x8]	WRITE	0
0x0012c00f	0x0012c030	UNCONDITIONAL_JUMP	0
0x0012c014	0xStack[-0xc]	READ	0
0x0012c018	0x0012c030	CONDITIONAL_JUMP	0
0x0012c01c	0xStack[-0xc]	READ	1
0x0012c025	0xStack[-0xc]	WRITE	0
0x0012c02a	0x0012c009	CONDITIONAL_JUMP	0
0x0012c02e	0x0012c01c	CONDITIONAL_JUMP	0
0x0012c032	0x0012bfd8	CONDITIONAL_JUMP	0
0x0012c035	0x0018b544	UNCONDITIONAL_CALL	0
0x0012c03a	0xStack[-0x10]	READ	1
0x0012c04d	0x0018b970	UNCONDITIONAL_CALL	0
0x0012c054	0x001e93d4	READ	1
0x0012c05c	0x0012c0a0	CONDITIONAL_JUMP	0
0x0012c063	0x0012c072	CONDITIONAL_JUMP	0
0x0012c065	0x001dbf48	DATA	0
0x0012c06a	0x0010ca6c	UNCONDITIONAL_CALL	0
0x0012c078	0x001e917c	READ_WRITE	0
0x0012c07f	0x001e9180	READ_WRITE	0
0x0012c088	0x001e93d4	WRITE	0
0x0012c09b	0x0012c0ae	UNCONDITIONAL_JUMP	0
0x0012c0a4	0x00113f6c	UNCONDITIONAL_CALL	0
0x0012c0af	0x0018b544	UNCONDITIONAL_CALL	0
0x0012c0b9	0x0012c1d4	CONDITIONAL_JUMP	0
0x0012c0bf	0x0018b970	UNCONDITIONAL_CALL	0
0x0012c0c6	0x001e93d4	READ	1
0x0012c0ce	0x0012c110	CONDITIONAL_JUMP	0
0x0012c0d5	0x0012c0e4	CONDITIONAL_JUMP	0
0x0012c0d7	0x001dbf4d	DATA	0
0x0012c0dc	0x0010ca6c	UNCONDITIONAL_CALL	0
0x0012c0ea	0x001e917c	READ_WRITE	0
0x0012c0f1	0x001e9198	READ_WRITE	0
0x0012c0fa	0x001e93d4	WRITE	0
0x0012c10d	0x0012c11e	UNCONDITIONAL_JUMP	0
0x0012c114	0x00113f6c	UNCONDITIONAL_CALL	0
0x0012c11f	0x0018b544	UNCONDITIONAL_CALL	0
0x0012c129	0x0012c138	CONDITIONAL_JUMP	0
0x0012c12c	0x00113ed0	UNCONDITIONAL_CALL	0
0x0012c131	0x0012c1d4	UNCONDITIONAL_JUMP	0
0x0012c151	0xStack[0x4]	READ	1
0x0012c162	0x0018b2ac	UNCONDITIONAL_CALL	0
0x0012c19f	0xStack[0x4]	READ	1
0x0012c1ae	0x001dbf54	READ	0
0x0012c1c3	0x00127280	UNCONDITIONAL_CALL	0
0x0012c1c9	0x00113ed0	UNCONDITIONAL_CALL	0
0x0012c1ce	0x001eee90	READ_WRITE	0
0x0012c1d4	0xStack[-0x14]	DATA	0
0x0012c20a	0xStack[0xc]	READ	1
0x0012c20e	0xStack[0x8]	READ	1
0x0012c212	0xStack[-0x44]	DATA	0
0x0012c216	0xStack[0x4]	READ	1
0x0012c21a	0x0012c4b8	UNCONDITIONAL_CALL	0
0x0012c228	0xStack[0x4]	READ	1
0x0012c22c	0x0017e104	UNCONDITIONAL_CALL	0
0x0012c232	0x0015f8c0	UNCONDITIONAL_CALL	0
0x0012c245	0x0011b7ac	UNCONDITIONAL_CALL	0
0x0012c24b	0x0011b020	UNCONDITIONAL_CALL	0
0x0012c250	0xStack[-0x8]	READ	1
0x0012c25c	0xStack[0x4]	READ	1
0x0012c25f	0xStack[0x8]	READ	1
0x0012c264	0x001337f8	UNCONDITIONAL_CALL	0
0x0012c26a	0x0017e104	UNCONDITIONAL_CALL	0
0x0012c27d	0x0011b7ac	UNCONDITIONAL_CALL	0
0x0012c283	0x0011b020	UNCONDITIONAL_CALL	0
0x0012c288	0xStack[-0x8]	READ	1
0x0012c296	0xStack[0x4]	READ	1
0x0012c299	0xStack[0x8]	READ	1
0x0012c29c	0xStack[0xc]	READ	1
0x0012c29f	0xStack[0x10]	READ	1
0x0012c2a9	0x0012c2ec	CONDITIONAL_JUMP	0
0x0012c2b1	0x0012c2c3	CONDITIONAL_JUMP	0
0x0012c2b9	0x0012c2c3	CONDITIONAL_JUMP	0
0x0012c2c1	0x0012c2ec	CONDITIONAL_JUMP	0
0x0012c2c3	0xStack[0x14]	READ	1
0x0012c2c8	0x001337f8	UNCONDITIONAL_CALL	0
0x0012c2ce	0x0017e104	UNCONDITIONAL_CALL	0
0x0012c2e1	0x0011b7ac	UNCONDITIONAL_CALL	0
0x0012c2e7	0x0011b020	UNCONDITIONAL_CALL	0
0x0012c2ec	0xStack[-0x10]	DATA	0
0x0012c2fc	0xStack[0x4]	READ	1
0x0012c303	0x0012c32d	CONDITIONAL_JUMP	0
0x0012c312	0x0012c32d	CONDITIONAL_JUMP	0
0x0012c31d	0xStack[0x8]	READ	1
0x0012c322	0x0012c6c4	UNCONDITIONAL_CALL	0
0x0012c328	0x0012c380	UNCONDITIONAL_CALL	0
0x0012c32d	0xStack[-0x8]	READ	1
0x0012c33a	0xStack[0x4]	READ	1
0x0012c33d	0xStack[0x8]	READ	1
0x0012c344	0x0012c373	CONDITIONAL_JUMP	0
0x0012c353	0x0012c373	CONDITIONAL_JUMP	0
0x0012c36e	0x0012c380	UNCONDITIONAL_CALL	0
0x0012c373	0xStack[-0x10]	DATA	0
0x0012c388	0xStack[0x4]	READ	1
0x0012c38e	0xStack[-0xc]	DATA	0
0x0012c392	0x0010ac84	UNCONDITIONAL_CALL	0
0x0012c397	0xStack[-0xc]	READ	1
0x0012c39a	0xStack[-0x8]	READ	1
0x0012c3a9	0xStack[-0xc]	READ	1
0x0012c3bb	0x0012c3d4	CONDITIONAL_JUMP	0
0x0012c3cb	0x0012c3eb	CONDITIONAL_JUMP	0
0x0012c3d0	0x0012c3e7	UNCONDITIONAL_JUMP	0
0x0012c3e2	0x0012c3eb	CONDITIONAL_JUMP	0
0x0012c3e9	0x0012c3ed	CONDITIONAL_JUMP	0
0x0012c3f3	0xStack[-0x14]	DATA	0
0x0012c402	0xStack[0x4]	READ	1
0x0012c405	0xStack[0xc]	READ	1
0x0012c40a	0x0015a75c	UNCONDITIONAL_CALL	0
0x0012c413	0x0013454c	DATA	0
0x0012c41f	0x0013412c	DATA	0
0x0012c430	0x0012eef4	UNCONDITIONAL_CALL	0
0x0012c43c	0x0012c4a2	CONDITIONAL_JUMP	0
0x0012c442	0x0012c46c	CONDITIONAL_JUMP	0
0x0012c444	0xStack[0x8]	READ	1
0x0012c44d	0x0012c6c4	UNCONDITIONAL_CALL	0
0x0012c460	0xStack[0x8]	READ	1
0x0012c469	0x0012c4a2	UNCONDITIONAL_JUMP	0
0x0012c46f	0x0012c4a2	CONDITIONAL_JUMP	0
0x0012c472	0x0011b158	UNCONDITIONAL_CALL	0
0x0012c47b	0x0017e104	UNCONDITIONAL_CALL	0
0x0012c481	0x0015f8c0	UNCONDITIONAL_CALL	0
0x0012c494	0x0011b7ac	UNCONDITIONAL_CALL	0
0x0012c49a	0x0011b020	UNCONDITIONAL_CALL	0
0x0012c4a5	0x0015a824	UNCONDITIONAL_CALL	0
0x0012c4ac	0xStack[-0x10]	DATA	0
0x0012c4c1	0xStack[0x4]	READ	1
0x0012c4c7	0xStack[-0x14]	WRITE	0
0x0012c4ca	0xStack[-0xc]	DATA	0
0x0012c4ce	0x0010ac84	UNCONDITIONAL_CALL	0
0x0012c4d3	0xStack[-0xc]	READ	1
0x0012c4d6	0xStack[-0x14]	READ	1
0x0012c4e4	0x0012c4f3	CONDITIONAL_JUMP	0
0x0012c4e6	0x0012c548	CONDITIONAL_JUMP	0
0x0012c4ee	0xStack[-0x8]	READ	0
0x0012c4f1	0x0012c548	CONDITIONAL_JUMP	0
0x0012c4f3	0xStack[0x8]	READ	1
0x0012c4f6	0xStack[-0x14]	READ	1
0x0012c517	0xStack[0x8]	READ	1
0x0012c525	0x0012c53c	CONDITIONAL_JUMP	0
0x0012c52b	0x0012c536	CONDITIONAL_JUMP	0
0x0012c52d	0xStack[-0x14]	READ	1
0x0012c534	0x0012c53c	CONDITIONAL_JUMP	0
0x0012c536	0xStack[0x8]	READ	1
0x0012c53c	0xStack[-0x10]	WRITE	0
0x0012c543	0x0012c6a5	UNCONDITIONAL_JUMP	0
0x0012c54a	0x0015a75c	UNCONDITIONAL_CALL	0
0x0012c54f	0xStack[-0x18]	WRITE	0
0x0012c552	0xStack[0xc]	READ	1
0x0012c556	0xStack[-0x18]	READ	1
0x0012c55a	0x0013454c	DATA	0
0x0012c566	0x0013412c	DATA	0
0x0012c577	0x0012eef4	UNCONDITIONAL_CALL	0
0x0012c583	0x0012c5ee	CONDITIONAL_JUMP	0
0x0012c585	0xStack[-0x18]	READ	1
0x0012c58c	0x0012c5b8	CONDITIONAL_JUMP	0
0x0012c58e	0xStack[0x8]	READ	1
0x0012c592	0xStack[-0x18]	READ	1
0x0012c59a	0x0012c6c4	UNCONDITIONAL_CALL	0
0x0012c5ad	0xStack[0x8]	READ	1
0x0012c5b6	0x0012c5ee	UNCONDITIONAL_JUMP	0
0x0012c5bb	0x0012c5ee	CONDITIONAL_JUMP	0
0x0012c5be	0x0011b158	UNCONDITIONAL_CALL	0
0x0012c5c7	0x0017e104	UNCONDITIONAL_CALL	0
0x0012c5cd	0x0015f8c0	UNCONDITIONAL_CALL	0
0x0012c5e0	0x0011b7ac	UNCONDITIONAL_CALL	0
0x0012c5e6	0x0011b020	UNCONDITIONAL_CALL	0
0x0012c5f0	0xStack[-0x18]	READ	1
0x0012c5f4	0x0015a824	UNCONDITIONAL_CALL	0
0x0012c5f9	0xStack[-0x10]	WRITE	0
0x0012c601	0x0012c6a5	CONDITIONAL_JUMP	0
0x0012c607	0xStack[0x8]	READ	1
0x0012c60d	0xStack[-0x20]	WRITE	0
0x0012c613	0xStack[-0x1c]	WRITE	0
0x0012c620	0x0012c66c	CONDITIONAL_JUMP	0
0x0012c622	0xStack[-0x20]	READ	1
0x0012c62b	0x0012c640	CONDITIONAL_JUMP	0
0x0012c62d	0xStack[-0x1c]	READ	1
0x0012c636	0x0012c640	CONDITIONAL_JUMP	0
0x0012c63e	0x0012c66c	CONDITIONAL_JUMP	0
0x0012c640	0xStack[0x10]	READ	1
0x0012c645	0x001337f8	UNCONDITIONAL_CALL	0
0x0012c64b	0x0017e104	UNCONDITIONAL_CALL	0
0x0012c65e	0x0011b7ac	UNCONDITIONAL_CALL	0
0x0012c664	0x0011b020	UNCONDITIONAL_CALL	0
0x0012c670	0x0012c6a5	CONDITIONAL_JUMP	0
0x0012c67f	0x0012c6a5	CONDITIONAL_JUMP	0
0x0012c68a	0xStack[0x8]	READ	1
0x0012c697	0xStack[0x8]	READ	1
0x0012c6a0	0x0012c380	UNCONDITIONAL_CALL	0
0x0012c6ae	0xStack[0x8]	READ	1
0x0012c6b4	0xStack[-0x10]	READ	1
0x0012c6b7	0xStack[-0x2c]	DATA	0
0x0012c6cd	0xStack[0x4]	READ	1
0x0012c6d0	0xStack[0x8]	READ	1
0x0012c6d3	0xStack[0xc]	READ	1
0x0012c6d9	0xStack[-0xc]	WRITE	0
0x0012c6fc	0x00119a94	UNCONDITIONAL_CALL	0
0x0012c737	0x0012c750	CONDITIONAL_JUMP	0
0x0012c73d	0x0012c748	CONDITIONAL_JUMP	0
0x0012c73f	0xStack[-0xc]	READ	1
0x0012c746	0x0012c750	CONDITIONAL_JUMP	0
0x0012c74b	0x0012c756	UNCONDITIONAL_JUMP	0
0x0012c759	0xStack[-0xc]	READ	1
0x0012c762	0x0012c76a	CONDITIONAL_JUMP	0
0x0012c768	0x0012c773	CONDITIONAL_JUMP	0
0x0012c76a	0xStack[-0xc]	READ	1
0x0012c7aa	0x0012c7b4	CONDITIONAL_JUMP	0
0x0012c7af	0x0012c7c0	CONDITIONAL_JUMP	0
0x0012c7b1	0x0012c7cc	UNCONDITIONAL_JUMP	0
0x0012c7bb	0x0012c7d2	UNCONDITIONAL_JUMP	0
0x0012c7c7	0x0012c7d2	UNCONDITIONAL_JUMP	0
0x0012c7d5	0x0012c7fd	CONDITIONAL_JUMP	0
0x0012c7db	0x0012c7fd	CONDITIONAL_JUMP	0
0x0012c7fd	0xStack[-0x18]	DATA	0
0x0012c818	0xStack[0x4]	READ	1
0x0012c81b	0xStack[0x8]	READ	1
0x0012c82b	0x0012c838	CONDITIONAL_JUMP	0
0x0012c834	0x0012c841	UNCONDITIONAL_JUMP	0
0x0012c849	0x0012c854	CONDITIONAL_JUMP	0
0x0012c852	0x0012c85a	UNCONDITIONAL_JUMP	0
0x0012c862	0x0012c870	CONDITIONAL_JUMP	0
0x0012c86b	0x0012c876	UNCONDITIONAL_JUMP	0
0x0012c8c9	0x0012c8e4	CONDITIONAL_JUMP	0
0x0012c8e4	0xStack[-0x8]	READ	1
0x0012c8f5	0x001e875c	READ	1
0x0012c8fd	0xStack[-0x10]	WRITE	0
0x0012c900	0x00108310	UNCONDITIONAL_CALL	0
0x0012c907	0x0012c918	CONDITIONAL_JUMP	0
0x0012c909	0x001e875c	READ	1
0x0012c912	0x0012cb0c	UNCONDITIONAL_JUMP	0
0x0012c918	0xStack[-0x8]	DATA	0
0x0012c922	0xStack[-0x10]	READ	1
0x0012c928	0x0011c0f8	UNCONDITIONAL_CALL	0
0x0012c92f	0x001e875c	READ	1
0x0012c937	0x001e875c	READ	1
0x0012c943	0x0012cb0c	CONDITIONAL_JUMP	0
0x0012c949	0xStack[-0x8]	READ	1
0x0012c94f	0xStack[-0xc]	DATA	0
0x0012c95b	0x001e875c	READ	1
0x0012c963	0xStack[-0x8]	READ	1
0x0012c96a	0x0011df54	UNCONDITIONAL_CALL	0
0x0012c96f	0x001e875c	READ	1
0x0012c97b	0x0012cb0c	CONDITIONAL_JUMP	0
0x0012c981	0xStack[-0x10]	READ	1
0x0012c988	0x0012c9b4	CONDITIONAL_JUMP	0
0x0012c98a	0xStack[-0xc]	READ	1
0x0012c992	0x0012cb18	UNCONDITIONAL_CALL	0
0x0012c999	0x001e875c	READ	1
0x0012c9a1	0xStack[-0xc]	READ	1
0x0012c9ac	0x0012cb07	UNCONDITIONAL_JUMP	0
0x0012c9b6	0x0015a75c	UNCONDITIONAL_CALL	0
0x0012c9c9	0xStack[-0xc]	READ	1
0x0012c9d2	0xStack[-0x10]	READ	1
0x0012c9d9	0x00189a5c	UNCONDITIONAL_CALL	0
0x0012c9e0	0x001e875c	READ	1
0x0012c9e8	0x001e875c	READ	1
0x0012c9f5	0x0012caf4	CONDITIONAL_JUMP	0
0x0012ca02	0x0012ca10	CONDITIONAL_JUMP	0
0x0012ca08	0x0012caf4	UNCONDITIONAL_JUMP	0
0x0012ca12	0x0012ca39	CONDITIONAL_JUMP	0
0x0012ca18	0x0012cf34	UNCONDITIONAL_CALL	0
0x0012ca1f	0x001e875c	READ	1
0x0012ca27	0x001e875c	READ	1
0x0012ca33	0x0012caf4	CONDITIONAL_JUMP	0
0x0012ca3d	0x0012ca58	CONDITIONAL_JUMP	0
0x0012ca43	0x0012cf34	UNCONDITIONAL_CALL	0
0x0012ca4a	0x001e875c	READ	1
0x0012ca55	0x0012ca61	UNCONDITIONAL_JUMP	0
0x0012ca58	0x001e875c	READ	1
0x0012ca61	0x001e875c	READ	1
0x0012ca6a	0x0012caf4	CONDITIONAL_JUMP	0
0x0012ca70	0x001eee94	DATA	1
0x0012ca75	0x001eee94	READ	0
0x0012ca7c	0x0012cae6	CONDITIONAL_JUMP	0
0x0012ca86	0x001eee94	READ	1
0x0012ca8c	0x001012fc	UNCONDITIONAL_CALL	0
0x0012ca96	0x0012cadc	CONDITIONAL_JUMP	0
0x0012ca98	0x001eee94	READ	1
0x0012ca9d	0xStack[-0x14]	WRITE	0
0x0012caa9	0x0012cadc	CONDITIONAL_JUMP	0
0x0012cab5	0xStack[-0x14]	READ	1
0x0012cabc	0x001012fc	UNCONDITIONAL_CALL	0
0x0012cac6	0x0012cadc	CONDITIONAL_JUMP	0
0x0012cac8	0x001eee94	READ	1
0x0012cacd	0x001eee94	WRITE	0
0x0012cad0	0x0012cf98	UNCONDITIONAL_CALL	0
0x0012cad8	0x0012cae1	UNCONDITIONAL_JUMP	0
0x0012cadc	0x001eee94	READ	0
0x0012cae1	0x001eee94	READ	0
0x0012cae4	0x0012ca80	CONDITIONAL_JUMP	0
0x0012caed	0x001eee94	WRITE	0
0x0012caef	0x0012cb0c	UNCONDITIONAL_JUMP	0
0x0012caff	0x0015a824	UNCONDITIONAL_CALL	0
0x0012cb07	0x0015a824	UNCONDITIONAL_CALL	0
0x0012cb0c	0xStack[-0x20]	DATA	0
0x0012cb1e	0xStack[0x4]	READ	1
0x0012cb21	0xStack[0x8]	READ	1
0x0012cb24	0x001eee94	DATA	1
0x0012cb29	0x001eee94	READ	0
0x0012cb30	0x0012cb8f	CONDITIONAL_JUMP	0
0x0012cb37	0x001eee94	READ	1
0x0012cb3d	0x001012fc	UNCONDITIONAL_CALL	0
0x0012cb47	0x0012cb84	CONDITIONAL_JUMP	0
0x0012cb49	0x001eee94	READ	1
0x0012cb54	0x0012cb84	CONDITIONAL_JUMP	0
0x0012cb64	0x001012fc	UNCONDITIONAL_CALL	0
0x0012cb6e	0x0012cb84	CONDITIONAL_JUMP	0
0x0012cb70	0x001eee94	READ	1
0x0012cb75	0x001eee94	WRITE	0
0x0012cb78	0x0012cf98	UNCONDITIONAL_CALL	0
0x0012cb7f	0x0012cb94	UNCONDITIONAL_JUMP	0
0x0012cb84	0x001eee94	READ	1
0x0012cb8d	0x0012cb34	CONDITIONAL_JUMP	0
0x0012cb94	0xStack[-0x10]	DATA	0
0x0012cba9	0x001e875c	READ	1
0x0012cbb1	0xStack[-0x34]	WRITE	0
0x0012cbb8	0x00108310	UNCONDITIONAL_CALL	0
0x0012cbbf	0x0012cbd0	CONDITIONAL_JUMP	0
0x0012cbc1	0x001e875c	READ	1
0x0012cbca	0x0012cd0e	UNCONDITIONAL_JUMP	0
0x0012cbd8	0x0012cc1c	CONDITIONAL_JUMP	0
0x0012cbda	0xStack[-0x34]	WRITE	0
0x0012cbe2	0x00104900	UNCONDITIONAL_CALL	0
0x0012cbec	0x0012cbf7	CONDITIONAL_JUMP	0
0x0012cbee	0x001db710	DATA	1
0x0012cbf5	0x0012cc08	CONDITIONAL_JUMP	0
0x0012cbf7	0x001e875c	READ	1
0x0012cc00	0x0012cd0e	UNCONDITIONAL_JUMP	0
0x0012cc0b	0xStack[-0x2c]	WRITE	0
0x0012cc0e	0xStack[-0x28]	WRITE	0
0x0012cc15	0x0012cca2	UNCONDITIONAL_JUMP	0
0x0012cc1c	0xStack[-0x2c]	DATA	0
0x0012cc20	0xStack[-0x28]	DATA	0
0x0012cc29	0x0011c0f8	UNCONDITIONAL_CALL	0
0x0012cc30	0x001e875c	READ	1
0x0012cc38	0x001e875c	READ	1
0x0012cc44	0x0012cc69	CONDITIONAL_JUMP	0
0x0012cc50	0x0011c0f8	UNCONDITIONAL_CALL	0
0x0012cc57	0x001e875c	READ	1
0x0012cc5f	0xStack[-0x28]	WRITE	0
0x0012cc69	0x001e875c	READ	1
0x0012cc72	0x0012cd0e	CONDITIONAL_JUMP	0
0x0012cc78	0xStack[-0x2c]	READ	0
0x0012cc7c	0x0012cc97	CONDITIONAL_JUMP	0
0x0012cc7e	0xStack[-0x28]	READ	1
0x0012cc83	0x0012cc8e	CONDITIONAL_JUMP	0
0x0012cc86	0x0011df54	UNCONDITIONAL_CALL	0
0x0012cc8e	0x001e875c	READ	1
0x0012cc97	0x001e875c	READ	1
0x0012cca0	0x0012cd0e	CONDITIONAL_JUMP	0
0x0012cca2	0xStack[-0x2c]	READ	1
0x0012cca6	0xStack[-0x28]	READ	1
0x0012ccaa	0xStack[-0x30]	DATA	0
0x0012ccae	0x0012cd18	UNCONDITIONAL_CALL	0
0x0012ccba	0x0012cce7	CONDITIONAL_JUMP	0
0x0012ccbc	0xStack[-0x30]	READ	1
0x0012ccc0	0xStack[-0x2c]	READ	1
0x0012ccc4	0xStack[-0x24]	DATA	0
0x0012ccc8	0x0012cdf8	UNCONDITIONAL_CALL	0
0x0012ccd4	0x0012cce7	CONDITIONAL_JUMP	0
0x0012ccdd	0x00189cec	UNCONDITIONAL_CALL	0
0x0012cce7	0xStack[-0x34]	READ	0
0x0012cceb	0x0012cd06	CONDITIONAL_JUMP	0
0x0012cced	0xStack[-0x2c]	READ	1
0x0012ccf1	0x0011df54	UNCONDITIONAL_CALL	0
0x0012ccf9	0xStack[-0x28]	READ	1
0x0012ccfe	0x0012cd06	CONDITIONAL_JUMP	0
0x0012cd01	0x0011df54	UNCONDITIONAL_CALL	0
0x0012cd06	0x001e875c	READ	1
0x0012cd0e	0xStack[-0x40]	DATA	0
0x0012cd21	0xStack[0x4]	READ	1
0x0012cd24	0xStack[0xc]	READ	1
0x0012cd2b	0xStack[0x8]	READ	1
0x0012cd30	0x0012cd38	CONDITIONAL_JUMP	0
0x0012cd3b	0xStack[-0x8]	DATA	0
0x0012cd4c	0x0012cdd4	CONDITIONAL_JUMP	0
0x0012cd52	0xStack[-0x8]	READ	1
0x0012cd5d	0x0012cecc	UNCONDITIONAL_CALL	0
0x0012cd64	0xStack[-0x8]	READ	1
0x0012cd6f	0x0015a824	UNCONDITIONAL_CALL	0
0x0012cd7a	0x0012cdd4	CONDITIONAL_JUMP	0
0x0012cd80	0x0012cd8c	CONDITIONAL_JUMP	0
0x0012cd87	0x0012cdd4	UNCONDITIONAL_JUMP	0
0x0012cd8c	0xStack[0x8]	READ	0
0x0012cd90	0x0012cdba	CONDITIONAL_JUMP	0
0x0012cd99	0x001e8758	READ	1
0x0012cda2	0xStack[0x8]	DATA	0
0x0012cda6	0x001dbf5c	DATA	0
0x0012cdb8	0x0012cdd4	CONDITIONAL_JUMP	0
0x0012cdbb	0x0011df54	UNCONDITIONAL_CALL	0
0x0012cdc0	0xStack[0x8]	READ	1
0x0012cdc3	0xStack[0x8]	WRITE	0
0x0012cdcd	0x0012cd38	UNCONDITIONAL_JUMP	0
0x0012cdd5	0x0011df54	UNCONDITIONAL_CALL	0
0x0012cddd	0xStack[0x8]	READ	1
0x0012cde2	0x0012cdea	CONDITIONAL_JUMP	0
0x0012cde5	0x0011df54	UNCONDITIONAL_CALL	0
0x0012cdec	0xStack[-0x14]	DATA	0
0x0012ce01	0xStack[0x4]	READ	1
0x0012ce04	0xStack[0x8]	READ	1
0x0012ce07	0xStack[0xc]	READ	1
0x0012ce0d	0xStack[-0x8]	DATA	0
0x0012ce1c	0x0012ce25	CONDITIONAL_JUMP	0
0x0012ce1e	0xStack[-0x8]	READ	1
0x0012ce23	0x0012ce30	CONDITIONAL_JUMP	0
0x0012ce2a	0x0012cec1	UNCONDITIONAL_JUMP	0
0x0012ce33	0xStack[-0xc]	WRITE	0
0x0012ce43	0x0012ce58	CONDITIONAL_JUMP	0
0x0012ce4c	0x0015a824	UNCONDITIONAL_CALL	0
0x0012ce56	0x0012cec1	UNCONDITIONAL_JUMP	0
0x0012ce5b	0x00101600	UNCONDITIONAL_CALL	0
0x0012ce71	0xStack[-0x8]	READ	1
0x0012ce87	0x001013cc	UNCONDITIONAL_CALL	0
0x0012cea7	0x001013cc	UNCONDITIONAL_CALL	0
0x0012ceaf	0xStack[-0x8]	READ	1
0x0012ceba	0x0015a824	UNCONDITIONAL_CALL	0
0x0012cec1	0xStack[-0x18]	DATA	0
0x0012ced2	0xStack[0x4]	READ	1
0x0012ced5	0xStack[0x8]	READ	1
0x0012ced8	0x001eee94	READ	1
0x0012cee0	0x0012cf27	CONDITIONAL_JUMP	0
0x0012ceeb	0x001012fc	UNCONDITIONAL_CALL	0
0x0012cef5	0x0012cf20	CONDITIONAL_JUMP	0
0x0012cf00	0x0012cf20	CONDITIONAL_JUMP	0
0x0012cf10	0x001012fc	UNCONDITIONAL_CALL	0
0x0012cf1a	0x0012cf20	CONDITIONAL_JUMP	0
0x0012cf1e	0x0012cf29	UNCONDITIONAL_JUMP	0
0x0012cf25	0x0012cee4	CONDITIONAL_JUMP	0
0x0012cf29	0xStack[-0x10]	DATA	0
0x0012cf3a	0xStack[0x4]	READ	1
0x0012cf44	0x0012cf50	CONDITIONAL_JUMP	0
0x0012cf4b	0x0012cf8e	UNCONDITIONAL_JUMP	0
0x0012cf58	0x0012cf68	CONDITIONAL_JUMP	0
0x0012cf63	0x0012cf8e	UNCONDITIONAL_JUMP	0
0x0012cf69	0x0015a75c	UNCONDITIONAL_CALL	0
0x0012cf74	0x00189a5c	UNCONDITIONAL_CALL	0
0x0012cf80	0x0012cf8c	CONDITIONAL_JUMP	0
0x0012cf87	0x0015a824	UNCONDITIONAL_CALL	0
0x0012cf8e	0xStack[-0x10]	DATA	0
0x0012cf9d	0xStack[0x4]	READ	1
0x0012cfa6	0x0012cfbf	CONDITIONAL_JUMP	0
0x0012cfad	0x0012cfbf	CONDITIONAL_JUMP	0
0x0012cfb7	0x0015a824	UNCONDITIONAL_CALL	0
0x0012cfc2	0x0012cfdb	CONDITIONAL_JUMP	0
0x0012cfc9	0x0012cfdb	CONDITIONAL_JUMP	0
0x0012cfd3	0x0015a824	UNCONDITIONAL_CALL	0
0x0012cfe6	0x0015a824	UNCONDITIONAL_CALL	0
0x0012cfee	0x0015a824	UNCONDITIONAL_CALL	0
0x0012cff3	0xStack[-0xc]	DATA	0
0x0012d003	0x001e875c	READ	1
0x0012d00b	0xStack[-0x8]	WRITE	0
0x0012d011	0x001180e8	UNCONDITIONAL_CALL	0
0x0012d016	0xStack[-0x10]	WRITE	0
0x0012d01e	0x0012d030	CONDITIONAL_JUMP	0
0x0012d020	0x001e875c	READ	1
0x0012d029	0x0012d117	UNCONDITIONAL_JUMP	0
0x0012d033	0xStack[-0xc]	WRITE	0
0x0012d036	0x001dbf68	READ	1
0x0012d042	0x0011654c	UNCONDITIONAL_CALL	0
0x0012d047	0xStack[-0x1c]	WRITE	0
0x0012d04f	0x0012d064	CONDITIONAL_JUMP	0
0x0012d051	0x001e875c	READ	1
0x0012d056	0xStack[-0x1c]	READ	1
0x0012d05c	0x0012d117	UNCONDITIONAL_JUMP	0
0x0012d069	0xStack[-0xc]	READ	1
0x0012d06d	0x00137528	UNCONDITIONAL_CALL	0
0x0012d072	0xStack[-0x14]	WRITE	0
0x0012d075	0xStack[-0x18]	WRITE	0
0x0012d082	0x0012d7d4	DATA	0
0x0012d087	0xStack[-0x18]	READ	1
0x0012d090	0xStack[-0x14]	READ	1
0x0012d094	0x00136de4	UNCONDITIONAL_CALL	0
0x0012d09c	0xStack[-0x18]	READ	1
0x0012d0a0	0xStack[-0x18]	WRITE	0
0x0012d0a6	0x0012d080	CONDITIONAL_JUMP	0
0x0012d0a8	0x001e875c	READ	1
0x0012d0b1	0x00186f88	UNCONDITIONAL_CALL	0
0x0012d0bb	0x0012d108	CONDITIONAL_JUMP	0
0x0012d0bd	0x001dbf6c	READ_WRITE	0
0x0012d0c3	0x0012d0e9	CONDITIONAL_JUMP	0
0x0012d0c5	0xStack[-0x18]	WRITE	0
0x0012d0cc	0xStack[-0x18]	READ	1
0x0012d0d5	0x00136e40	UNCONDITIONAL_CALL	0
0x0012d0dd	0xStack[-0x18]	READ	1
0x0012d0e1	0xStack[-0x18]	WRITE	0
0x0012d0e7	0x0012d0cc	CONDITIONAL_JUMP	0
0x0012d0e9	0xStack[-0x14]	READ	1
0x0012d0f5	0x001e875c	READ	1
0x0012d100	0x00105ad8	UNCONDITIONAL_CALL	0
0x0012d108	0x001dbf6c	READ_WRITE	0
0x0012d10e	0xStack[-0x14]	READ	1
0x0012d112	0x00137300	UNCONDITIONAL_CALL	0
0x0012d117	0xStack[-0x20]	READ	1
0x0012d129	0xStack[0xc]	READ	1
0x0012d12d	0xStack[0x4]	READ	1
0x0012d131	0x0012dc2c	UNCONDITIONAL_CALL	0
0x0012d13d	0x0012d150	CONDITIONAL_JUMP	0
0x0012d13f	0xStack[0x8]	READ	1
0x0012d148	0x0012d3a9	UNCONDITIONAL_JUMP	0
0x0012d154	0x0012d174	CONDITIONAL_JUMP	0
0x0012d158	0x0012d180	CONDITIONAL_JUMP	0
0x0012d15e	0xStack[0x10]	READ	1
0x0012d168	0x0012dc70	UNCONDITIONAL_CALL	0
0x0012d172	0x0012d180	CONDITIONAL_JUMP	0
0x0012d179	0x0012d387	UNCONDITIONAL_JUMP	0
0x0012d184	0x0012d19c	CONDITIONAL_JUMP	0
0x0012d186	0x001dbf9d	DATA	0
0x0012d18b	0x0010c0d8	UNCONDITIONAL_CALL	0
0x0012d198	0x0012d1b7	UNCONDITIONAL_JUMP	0
0x0012d19f	0x001e8758	READ	1
0x0012d1a8	0xStack[-0x44]	DATA	0
0x0012d1b9	0x0012d387	CONDITIONAL_JUMP	0
0x0012d1bf	0x001e8758	READ	1
0x0012d1c7	0xStack[-0x3e]	READ	1
0x0012d1cf	0x0012d1e5	CONDITIONAL_JUMP	0
0x0012d1e7	0x0012d387	CONDITIONAL_JUMP	0
0x0012d1ed	0xStack[0x4]	READ	1
0x0012d1f5	0x0012d284	CONDITIONAL_JUMP	0
0x0012d1fb	0xStack[-0x64]	WRITE	0
0x0012d201	0xStack[-0x60]	WRITE	0
0x0012d204	0xStack[-0x64]	DATA	0
0x0012d207	0xStack[-0x5c]	WRITE	0
0x0012d20a	0xStack[-0x58]	WRITE	0
0x0012d211	0xStack[-0x50]	WRITE	0
0x0012d218	0xStack[0x4]	READ	1
0x0012d21e	0xStack[-0x54]	WRITE	0
0x0012d221	0xStack[0x4]	READ	1
0x0012d227	0xStack[-0x48]	WRITE	0
0x0012d22e	0x0012d260	CONDITIONAL_JUMP	0
0x0012d231	0x0015e1c4	UNCONDITIONAL_CALL	0
0x0012d236	0x001e8758	READ	1
0x0012d243	0xStack[-0x5c]	DATA	0
0x0012d248	0x0015efdc	UNCONDITIONAL_CALL	0
0x0012d250	0x0015e2ac	UNCONDITIONAL_CALL	0
0x0012d258	0x0012d352	UNCONDITIONAL_JUMP	0
0x0012d263	0x001e8758	READ	1
0x0012d270	0xStack[-0x5c]	DATA	0
0x0012d27f	0x0012d352	UNCONDITIONAL_JUMP	0
0x0012d284	0xStack[-0x6c]	WRITE	0
0x0012d28b	0xStack[0x4]	READ	1
0x0012d293	0x0012d2a1	CONDITIONAL_JUMP	0
0x0012d298	0xStack[-0x6c]	READ_WRITE	0
0x0012d29f	0x0012d298	CONDITIONAL_JUMP	0
0x0012d2a1	0xStack[-0x6c]	READ	1
0x0012d2ac	0x0015a75c	UNCONDITIONAL_CALL	0
0x0012d2b1	0xStack[-0x68]	WRITE	0
0x0012d2b5	0xStack[0x4]	READ	1
0x0012d2bc	0x0012d3b4	UNCONDITIONAL_CALL	0
0x0012d2c1	0xStack[-0x68]	READ	1
0x0012d2c4	0xStack[-0x5c]	WRITE	0
0x0012d2c7	0xStack[-0x6c]	READ	1
0x0012d2ca	0xStack[-0x58]	WRITE	0
0x0012d2cd	0xStack[-0x50]	WRITE	0
0x0012d2d4	0xStack[0x4]	READ	1
0x0012d2da	0xStack[-0x54]	WRITE	0
0x0012d2dd	0xStack[0x4]	READ	1
0x0012d2e3	0xStack[-0x48]	WRITE	0
0x0012d2ed	0x0012d31c	CONDITIONAL_JUMP	0
0x0012d2f0	0x0015e1c4	UNCONDITIONAL_CALL	0
0x0012d2f5	0x001e8758	READ	1
0x0012d302	0xStack[-0x5c]	DATA	0
0x0012d307	0x0015efdc	UNCONDITIONAL_CALL	0
0x0012d30f	0x0015e2ac	UNCONDITIONAL_CALL	0
0x0012d317	0x0012d33b	UNCONDITIONAL_JUMP	0
0x0012d31f	0x001e8758	READ	1
0x0012d32c	0xStack[-0x5c]	DATA	0
0x0012d33b	0xStack[-0x6c]	READ	1
0x0012d346	0xStack[-0x68]	READ	1
0x0012d34a	0x0015a824	UNCONDITIONAL_CALL	0
0x0012d355	0x001e8758	READ	1
0x0012d36a	0x0012d387	CONDITIONAL_JUMP	0
0x0012d36f	0x001e8758	READ	1
0x0012d378	0xStack[-0x44]	DATA	0
0x0012d387	0xStack[0x8]	READ	1
0x0012d38e	0x0012d3a3	CONDITIONAL_JUMP	0
0x0012d390	0xStack[0x8]	READ	1
0x0012d397	0xStack[-0x44]	DATA	0
0x0012d39b	0x0012c814	UNCONDITIONAL_CALL	0
0x0012d3a4	0x0011df54	UNCONDITIONAL_CALL	0
0x0012d3a9	0xStack[-0x78]	DATA	0
0x0012d3b7	0xStack[0x4]	READ	1
0x0012d3ba	0xStack[0x8]	READ	1
0x0012d3bf	0x0012d3db	CONDITIONAL_JUMP	0
0x0012d3d9	0x0012d3c4	CONDITIONAL_JUMP	0
0x0012d3e9	0xStack[0x4]	READ	1
0x0012d3ef	0xStack[-0x4c]	WRITE	0
0x0012d3f4	0x0012d3fb	CONDITIONAL_JUMP	0
0x0012d3f9	0x0012d40c	CONDITIONAL_JUMP	0
0x0012d3fb	0xStack[0x8]	READ	1
0x0012d404	0x0012d5eb	UNCONDITIONAL_JUMP	0
0x0012d40c	0xStack[-0x44]	DATA	0
0x0012d414	0x0012dbdc	UNCONDITIONAL_CALL	0
0x0012d419	0xStack[-0x40]	READ	1
0x0012d428	0x0012d44c	CONDITIONAL_JUMP	0
0x0012d42a	0xStack[-0x44]	WRITE	0
0x0012d431	0xStack[-0x2c]	READ	1
0x0012d437	0x0012d444	CONDITIONAL_JUMP	0
0x0012d439	0xStack[-0x44]	WRITE	0
0x0012d440	0x0012d461	UNCONDITIONAL_JUMP	0
0x0012d444	0xStack[-0xc]	WRITE	0
0x0012d448	0x0012d461	UNCONDITIONAL_JUMP	0
0x0012d450	0x0012d46c	CONDITIONAL_JUMP	0
0x0012d452	0xStack[-0x44]	WRITE	0
0x0012d459	0xStack[-0x2c]	READ	1
0x0012d45d	0xStack[-0xc]	WRITE	0
0x0012d461	0xStack[-0x2c]	WRITE	0
0x0012d468	0x0012d483	UNCONDITIONAL_JUMP	0
0x0012d470	0x0012d47c	CONDITIONAL_JUMP	0
0x0012d472	0xStack[-0x44]	WRITE	0
0x0012d479	0x0012d483	UNCONDITIONAL_JUMP	0
0x0012d47c	0xStack[-0x44]	WRITE	0
0x0012d483	0xStack[-0x40]	READ_WRITE	0
0x0012d489	0xStack[0xc]	READ	1
0x0012d48e	0x0012dc2c	UNCONDITIONAL_CALL	0
0x0012d49a	0x0012d4ac	CONDITIONAL_JUMP	0
0x0012d49c	0xStack[0x8]	READ	1
0x0012d4a5	0x0012d5eb	UNCONDITIONAL_JUMP	0
0x0012d4ac	0xStack[0xc]	READ	1
0x0012d4b3	0x0012d4d5	CONDITIONAL_JUMP	0
0x0012d4b7	0x0012d4e0	CONDITIONAL_JUMP	0
0x0012d4bf	0xStack[0x10]	READ	1
0x0012d4c9	0x0012dc70	UNCONDITIONAL_CALL	0
0x0012d4d3	0x0012d4e0	CONDITIONAL_JUMP	0
0x0012d4da	0x0012d5e0	UNCONDITIONAL_JUMP	0
0x0012d4e0	0xStack[-0x2c]	READ	0
0x0012d4e4	0x0012d514	CONDITIONAL_JUMP	0
0x0012d4e6	0xStack[0x10]	READ	1
0x0012d4ea	0x001378c4	UNCONDITIONAL_CALL	0
0x0012d4f4	0x0012d514	CONDITIONAL_JUMP	0
0x0012d4fd	0x001e8758	READ	1
0x0012d506	0xStack[-0x48]	DATA	0
0x0012d50a	0xStack[-0x4c]	READ	1
0x0012d512	0x0012d570	UNCONDITIONAL_JUMP	0
0x0012d517	0x001e8758	READ	1
0x0012d520	0xStack[-0x48]	DATA	0
0x0012d52b	0xStack[-0x44]	DATA	0
0x0012d52f	0xStack[-0x4c]	READ	1
0x0012d540	0x0012d57c	CONDITIONAL_JUMP	0
0x0012d542	0xStack[0x10]	READ	1
0x0012d546	0x001378c4	UNCONDITIONAL_CALL	0
0x0012d550	0x0012d5e0	CONDITIONAL_JUMP	0
0x0012d55d	0x001e8758	READ	1
0x0012d568	0xStack[-0x4c]	READ	1
0x0012d577	0x0012d588	UNCONDITIONAL_JUMP	0
0x0012d57c	0xStack[0x10]	READ	1
0x0012d580	0x00137814	UNCONDITIONAL_CALL	0
0x0012d58a	0x0012d5e0	CONDITIONAL_JUMP	0
0x0012d58c	0xStack[-0x48]	READ	1
0x0012d592	0x001e8758	READ	1
0x0012d59b	0xStack[-0x44]	DATA	0
0x0012d5ac	0x0012d5d4	CONDITIONAL_JUMP	0
0x0012d5ae	0xStack[0x8]	READ	1
0x0012d5b6	0x0012c814	UNCONDITIONAL_CALL	0
0x0012d5bb	0xStack[0xc]	READ	1
0x0012d5bf	0xStack[-0x48]	READ	1
0x0012d5c3	0xStack[0x8]	READ	1
0x0012d5ca	0x0012cdf8	UNCONDITIONAL_CALL	0
0x0012d5d4	0xStack[-0x48]	READ	1
0x0012d5d8	0x0011df54	UNCONDITIONAL_CALL	0
0x0012d5e0	0xStack[0x8]	READ	1
0x0012d5e6	0x0011df54	UNCONDITIONAL_CALL	0
0x0012d5eb	0xStack[-0x58]	DATA	0
0x0012d601	0xStack[0x4]	READ	1
0x0012d604	0xStack[0x8]	READ	1
0x0012d607	0xStack[0xc]	READ	1
0x0012d60c	0x0012dc2c	UNCONDITIONAL_CALL	0
0x0012d611	0xStack[-0x2c]	WRITE	0
0x0012d619	0x0012d628	CONDITIONAL_JUMP	0
0x0012d622	0x0012d7c7	UNCONDITIONAL_JUMP	0
0x0012d628	0xStack[-0x2c]	READ	1
0x0012d62f	0x0012d64c	CONDITIONAL_JUMP	0
0x0012d631	0x001dbfc6	DATA	0
0x0012d636	0x0010c0d8	UNCONDITIONAL_CALL	0
0x0012d63b	0xStack[-0x28]	WRITE	0
0x0012d645	0x0012d7b8	UNCONDITIONAL_JUMP	0
0x0012d64c	0xStack[-0x2c]	READ	1
0x0012d652	0x001e8758	READ	1
0x0012d667	0xStack[-0x28]	WRITE	0
0x0012d66f	0x0012d7b8	CONDITIONAL_JUMP	0
0x0012d67a	0x0012d69c	CONDITIONAL_JUMP	0
0x0012d697	0x0012d7b8	UNCONDITIONAL_JUMP	0
0x0012d6a1	0x0012d6a8	CONDITIONAL_JUMP	0
0x0012d6af	0x0015a75c	UNCONDITIONAL_CALL	0
0x0012d6cb	0xStack[-0x30]	WRITE	0
0x0012d6d4	0xStack[-0x24]	WRITE	0
0x0012d6da	0xStack[-0x20]	WRITE	0
0x0012d6dd	0xStack[-0x24]	DATA	0
0x0012d6e0	0xStack[-0x1c]	WRITE	0
0x0012d6e3	0xStack[-0x18]	WRITE	0
0x0012d6ea	0xStack[-0x10]	WRITE	0
0x0012d6f1	0xStack[-0x30]	READ	1
0x0012d6f4	0xStack[-0x14]	WRITE	0
0x0012d6fa	0xStack[-0x8]	WRITE	0
0x0012d6fd	0xStack[-0x2c]	READ	1
0x0012d703	0x001e8758	READ	1
0x0012d70c	0xStack[-0x1c]	DATA	0
0x0012d716	0xStack[-0x28]	WRITE	0
0x0012d71e	0x0012d72c	CONDITIONAL_JUMP	0
0x0012d727	0x0012d7b8	UNCONDITIONAL_JUMP	0
0x0012d72c	0xStack[-0x8]	READ	1
0x0012d731	0x0012d744	CONDITIONAL_JUMP	0
0x0012d742	0x0012d751	UNCONDITIONAL_JUMP	0
0x0012d756	0x0012d763	UNCONDITIONAL_JUMP	0
0x0012d75e	0xStack[-0x30]	READ_WRITE	0
0x0012d766	0x0012d779	CONDITIONAL_JUMP	0
0x0012d76c	0xStack[-0x30]	READ	1
0x0012d772	0x0012d758	CONDITIONAL_JUMP	0
0x0012d777	0x0012d758	CONDITIONAL_JUMP	0
0x0012d77b	0x0012d7b8	CONDITIONAL_JUMP	0
0x0012d782	0xStack[-0x30]	READ	1
0x0012d794	0x0012d7b8	CONDITIONAL_JUMP	0
0x0012d79a	0x0012d7b8	CONDITIONAL_JUMP	0
0x0012d7a5	0x0015a824	UNCONDITIONAL_CALL	0
0x0012d7b3	0x0012d6ab	UNCONDITIONAL_JUMP	0
0x0012d7b8	0xStack[-0x28]	READ	1
0x0012d7be	0xStack[-0x2c]	READ	1
0x0012d7c2	0x0011df54	UNCONDITIONAL_CALL	0
0x0012d7c7	0xStack[-0x3c]	DATA	0
0x0012d7dd	0xStack[-0xc]	WRITE	0
0x0012d7e4	0xStack[-0x10]	WRITE	0
0x0012d7eb	0xStack[-0x14]	WRITE	0
0x0012d7f2	0xStack[-0x18]	WRITE	0
0x0012d7f9	0xStack[-0x1c]	WRITE	0
0x0012d800	0xStack[-0x24]	WRITE	0
0x0012d807	0x001eeea0	READ_WRITE	0
0x0012d80d	0xStack[-0x20]	WRITE	0
0x0012d814	0xStack[0x4]	READ	1
0x0012d81a	0xStack[-0x8]	WRITE	0
0x0012d820	0x0012d850	CONDITIONAL_JUMP	0
0x0012d822	0xStack[0x4]	READ	1
0x0012d829	0x00136f18	UNCONDITIONAL_CALL	0
0x0012d82e	0xStack[-0x20]	WRITE	0
0x0012d835	0xStack[0x4]	READ	1
0x0012d83f	0x00123dc4	UNCONDITIONAL_CALL	0
0x0012d845	0x001dc1a8	DATA	0
0x0012d84a	0x0012d9ff	UNCONDITIONAL_JUMP	0
0x0012d850	0xStack[0x4]	READ	1
0x0012d857	0x0012d88c	CONDITIONAL_JUMP	0
0x0012d861	0x00137060	UNCONDITIONAL_CALL	0
0x0012d866	0xStack[-0x20]	WRITE	0
0x0012d874	0x00123dc4	UNCONDITIONAL_CALL	0
0x0012d87a	0x001dc1cd	DATA	0
0x0012d87f	0x0010c0d8	UNCONDITIONAL_CALL	0
0x0012d884	0x0012dadc	UNCONDITIONAL_JUMP	0
0x0012d88c	0xStack[-0x8]	READ	1
0x0012d892	0x001dbff4	DATA	1
0x0012d899	0xStack[-0x14]	WRITE	0
0x0012d89c	0x001e875c	READ	1
0x0012d8a5	0x001dbf64	READ	0
0x0012d8ac	0x0012d919	CONDITIONAL_JUMP	0
0x0012d8ae	0x001dc1a4	DATA	1
0x0012d8ae	0xStack[-0x34]	WRITE	0
0x0012d8b5	0xStack[-0x2c]	WRITE	0
0x0012d8bc	0xStack[-0x2c]	READ	1
0x0012d8bf	0x001dbff4	DATA	1
0x0012d8c5	0xStack[-0x34]	READ	0
0x0012d8c8	0x0012d902	CONDITIONAL_JUMP	0
0x0012d8ca	0xStack[-0x34]	READ	1
0x0012d8cd	0x001dc1a4	DATA	1
0x0012d8cd	0x001dc354	DATA	1
0x0012d8cd	0xStack[-0x30]	WRITE	0
0x0012d8d4	0x001dbf64	READ	1
0x0012d8da	0x001dbffc	DATA	1
0x0012d8da	0x001dc1ac	DATA	1
0x0012d8da	0x001dc014	DATA	1
0x0012d8df	0x0012d8e3	CONDITIONAL_JUMP	0
0x0012d8e3	0x001dbf64	WRITE	0
0x0012d8e9	0x001dc004	DATA	1
0x0012d8e9	0x001dc1b4	DATA	1
0x0012d8e9	0x001dc01c	DATA	1
0x0012d8ed	0x0012d8f1	CONDITIONAL_JUMP	0
0x0012d8f1	0x001dbf64	WRITE	0
0x0012d8fd	0xStack[-0x30]	READ	0
0x0012d900	0x0012d8d4	CONDITIONAL_JUMP	0
0x0012d902	0x001dc354	DATA	1
0x0012d902	0x001dc504	DATA	1
0x0012d902	0xStack[-0x34]	READ_WRITE	0
0x0012d909	0xStack[-0x2c]	READ_WRITE	0
0x0012d910	0x001dc1a4	DATA	1
0x0012d910	0xStack[-0x34]	READ	0
0x0012d917	0x0012d8bc	CONDITIONAL_JUMP	0
0x0012d919	0x001dbf60	READ	1
0x0012d920	0x0012d92c	CONDITIONAL_JUMP	0
0x0012d924	0x001dbf60	WRITE	0
0x0012d92a	0x0012d940	UNCONDITIONAL_JUMP	0
0x0012d92c	0x001dbf64	READ	1
0x0012d935	0x0015a75c	UNCONDITIONAL_CALL	0
0x0012d940	0xStack[-0xc]	WRITE	0
0x0012d943	0x001dbf64	READ	1
0x0012d94a	0xStack[-0xc]	READ	1
0x0012d94e	0x00101600	UNCONDITIONAL_CALL	0
0x0012d953	0xStack[0x8]	READ	1
0x0012d95a	0xStack[-0x14]	READ	1
0x0012d95d	0x001dbff8	DATA	1
0x0012d96c	0x0012d990	CONDITIONAL_JUMP	0
0x0012d96f	0x00136f60	UNCONDITIONAL_CALL	0
0x0012d974	0xStack[-0x20]	READ_WRITE	0
0x0012d977	0xStack[0x4]	READ	1
0x0012d981	0x00123dc4	UNCONDITIONAL_CALL	0
0x0012d987	0x001dc1f5	DATA	0
0x0012d98c	0x0012d9ff	UNCONDITIONAL_JUMP	0
0x0012d990	0xStack[-0x8]	READ	0
0x0012d994	0x0012da0c	CONDITIONAL_JUMP	0
0x0012d996	0x0010835c	UNCONDITIONAL_CALL	0
0x0012d99b	0xStack[-0x1c]	WRITE	0
0x0012d99e	0x001e8758	READ	1
0x0012d9a6	0xStack[-0x18]	WRITE	0
0x0012d9a9	0xStack[-0x1c]	READ	1
0x0012d9af	0xStack[-0xc]	READ	1
0x0012d9b6	0xStack[-0xc]	READ	1
0x0012d9ba	0x0012cecc	UNCONDITIONAL_CALL	0
0x0012d9bf	0xStack[-0x24]	WRITE	0
0x0012d9c7	0x0012da0c	CONDITIONAL_JUMP	0
0x0012d9ca	0xStack[0x4]	READ	1
0x0012d9ce	0xStack[-0x24]	READ	1
0x0012d9d2	0x0012dcd8	UNCONDITIONAL_CALL	0
0x0012d9dc	0x0012da0c	CONDITIONAL_JUMP	0
0x0012d9de	0xStack[0x8]	READ	1
0x0012d9e2	0x00136fe0	UNCONDITIONAL_CALL	0
0x0012d9e7	0xStack[-0x20]	READ_WRITE	0
0x0012d9ea	0xStack[0x4]	READ	1
0x0012d9f4	0x00123dc4	UNCONDITIONAL_CALL	0
0x0012d9fa	0x001dc216	DATA	0
0x0012d9ff	0x0010c0d8	UNCONDITIONAL_CALL	0
0x0012da07	0x0012dadf	UNCONDITIONAL_JUMP	0
0x0012da0c	0x001dbf64	READ	0
0x0012da13	0x0012da81	CONDITIONAL_JUMP	0
0x0012da15	0x001dc1a4	DATA	1
0x0012da15	0xStack[-0x34]	WRITE	0
0x0012da1c	0xStack[-0x28]	WRITE	0
0x0012da24	0xStack[-0x28]	READ	1
0x0012da27	0x001dbff4	DATA	1
0x0012da2d	0xStack[-0x34]	READ	0
0x0012da30	0x0012da6a	CONDITIONAL_JUMP	0
0x0012da32	0xStack[-0x34]	READ	1
0x0012da35	0x001dc1a4	DATA	1
0x0012da35	0x001dc354	DATA	1
0x0012da35	0xStack[-0x30]	WRITE	0
0x0012da3c	0x001dbf64	READ	1
0x0012da42	0x001dbffc	DATA	1
0x0012da42	0x001dc1ac	DATA	1
0x0012da42	0x001dc014	DATA	1
0x0012da47	0x0012da4b	CONDITIONAL_JUMP	0
0x0012da4b	0x001dbf64	WRITE	0
0x0012da51	0x001dc004	DATA	1
0x0012da51	0x001dc1b4	DATA	1
0x0012da51	0x001dc01c	DATA	1
0x0012da55	0x0012da59	CONDITIONAL_JUMP	0
0x0012da59	0x001dbf64	WRITE	0
0x0012da65	0xStack[-0x30]	READ	0
0x0012da68	0x0012da3c	CONDITIONAL_JUMP	0
0x0012da6a	0x001dc354	DATA	1
0x0012da6a	0x001dc504	DATA	1
0x0012da6a	0xStack[-0x34]	READ_WRITE	0
0x0012da71	0xStack[-0x28]	READ_WRITE	0
0x0012da78	0x001dc1a4	DATA	1
0x0012da78	0xStack[-0x34]	READ	0
0x0012da7f	0x0012da24	CONDITIONAL_JUMP	0
0x0012da81	0x001dbf60	READ	1
0x0012da88	0x0012da94	CONDITIONAL_JUMP	0
0x0012da8c	0x001dbf60	WRITE	0
0x0012da92	0x0012daa8	UNCONDITIONAL_JUMP	0
0x0012da94	0x001dbf64	READ	1
0x0012da9d	0x0015a75c	UNCONDITIONAL_CALL	0
0x0012daa8	0xStack[-0x10]	WRITE	0
0x0012daab	0x001dbf64	READ	1
0x0012dab2	0xStack[-0x10]	READ	1
0x0012dab6	0x00101600	UNCONDITIONAL_CALL	0
0x0012dabb	0xStack[-0x8]	READ	1
0x0012dabe	0x001eeea8	DATA	0
0x0012dac5	0xStack[0x4]	READ	1
0x0012dac9	0xStack[-0x24]	READ	1
0x0012dacd	0xStack[-0x10]	READ	1
0x0012dad1	0xStack[-0xc]	READ	1
0x0012dad5	0xStack[-0x14]	READ	1
0x0012dad8	0x001dbff4	DATA	1
0x0012dadf	0xStack[-0x14]	READ	0
0x0012dae3	0x0012db26	CONDITIONAL_JUMP	0
0x0012dae5	0xStack[0x8]	READ	1
0x0012daeb	0xStack[-0xc]	READ	1
0x0012daef	0xStack[-0x14]	READ	1
0x0012daf2	0x001dbff8	DATA	1
0x0012daf6	0xStack[0x8]	READ	1
0x0012db04	0x0012db26	CONDITIONAL_JUMP	0
0x0012db06	0xStack[0x4]	READ	1
0x0012db10	0x00123dc4	UNCONDITIONAL_CALL	0
0x0012db16	0x001dc24d	DATA	0
0x0012db1b	0x0010c0d8	UNCONDITIONAL_CALL	0
0x0012db20	0xStack[-0x20]	READ_WRITE	0
0x0012db26	0xStack[-0xc]	READ	0
0x0012db2a	0x0012db3d	CONDITIONAL_JUMP	0
0x0012db2c	0x001dbf60	READ	1
0x0012db32	0xStack[-0xc]	READ	1
0x0012db37	0x001dbf60	WRITE	0
0x0012db3d	0xStack[-0x20]	READ	0
0x0012db41	0x0012db82	CONDITIONAL_JUMP	0
0x0012db43	0xStack[-0x10]	READ	1
0x0012db47	0xStack[-0x14]	READ	1
0x0012db4e	0xStack[0x8]	READ	1
0x0012db52	0x00136ec4	UNCONDITIONAL_CALL	0
0x0012db5c	0x0012db82	CONDITIONAL_JUMP	0
0x0012db5e	0xStack[0x4]	READ	1
0x0012db68	0x00123dc4	UNCONDITIONAL_CALL	0
0x0012db6e	0x001dc26f	DATA	0
0x0012db73	0x0010c0d8	UNCONDITIONAL_CALL	0
0x0012db78	0xStack[-0x20]	WRITE	0
0x0012db82	0xStack[-0x10]	READ	0
0x0012db86	0x0012dbaf	CONDITIONAL_JUMP	0
0x0012db88	0xStack[-0x14]	READ	1
0x0012db8e	0x0012ea30	DATA	1
0x0012db93	0x0012db9e	CONDITIONAL_JUMP	0
0x0012db95	0xStack[-0x10]	READ	1
0x0012db9e	0x001dbf60	READ	1
0x0012dba4	0xStack[-0x10]	READ	1
0x0012dba9	0x001dbf60	WRITE	0
0x0012dbaf	0xStack[-0x1c]	READ	0
0x0012dbb3	0x0012dbc9	CONDITIONAL_JUMP	0
0x0012dbb5	0x001e8758	READ	1
0x0012dbba	0xStack[-0x18]	READ	1
0x0012dbc0	0xStack[-0x1c]	READ	1
0x0012dbc4	0x00108384	UNCONDITIONAL_CALL	0
0x0012dbc9	0xStack[-0x20]	READ	1
0x0012dbcc	0x001eeea4	READ_WRITE	0
0x0012dbd2	0xStack[-0x40]	DATA	0
0x0012dbe1	0xStack[0x4]	READ	1
0x0012dbe4	0xStack[0x8]	READ	1
0x0012dbe8	0x0011ea88	UNCONDITIONAL_CALL	0
0x0012dc22	0xStack[-0xc]	DATA	0
0x0012dc33	0xStack[0x4]	READ	1
0x0012dc36	0xStack[0x8]	READ	0
0x0012dc3a	0x0012dc67	CONDITIONAL_JUMP	0
0x0012dc3d	0x0011997c	UNCONDITIONAL_CALL	0
0x0012dc49	0x0012dc67	CONDITIONAL_JUMP	0
0x0012dc52	0xStack[-0x8]	DATA	0
0x0012dc5e	0x0012dc67	CONDITIONAL_JUMP	0
0x0012dc60	0xStack[-0x8]	READ	1
0x0012dc65	0x0012dc69	CONDITIONAL_JUMP	0
0x0012dc69	0xStack[-0xc]	READ	1
0x0012dc79	0xStack[0x8]	READ	1
0x0012dc80	0x0012dccc	CONDITIONAL_JUMP	0
0x0012dc82	0xStack[0x4]	READ	1
0x0012dc8b	0xStack[-0x8]	WRITE	0
0x0012dc97	0x0012dcc4	CONDITIONAL_JUMP	0
0x0012dc99	0xStack[-0x8]	READ	0
0x0012dc9d	0x0012dcb4	CONDITIONAL_JUMP	0
0x0012dca2	0xStack[0x4]	READ	1
0x0012dcb0	0x0012dcb6	UNCONDITIONAL_JUMP	0
0x0012dcb8	0x0012dcc4	CONDITIONAL_JUMP	0
0x0012dcbf	0x0012dcce	UNCONDITIONAL_JUMP	0
0x0012dcca	0x0012dc94	CONDITIONAL_JUMP	0
0x0012dcce	0xStack[-0x14]	DATA	0
0x0012dce1	0xStack[0x8]	READ	1
0x0012dce4	0xStack[0xc]	READ	1
0x0012dce7	0x001dc1a4	READ	0
0x0012dcee	0x0012dd1c	CONDITIONAL_JUMP	0
0x0012dcff	0x0012dd1c	CONDITIONAL_JUMP	0
0x0012dd05	0x00123dc4	UNCONDITIONAL_CALL	0
0x0012dd0b	0x001dc292	DATA	0
0x0012dd10	0x0010c0d8	UNCONDITIONAL_CALL	0
0x0012dd17	0x0012de35	UNCONDITIONAL_JUMP	0
0x0012dd1f	0xStack[0x4]	READ	1
0x0012dd25	0x0012dd29	CONDITIONAL_JUMP	0
0x0012dd2b	0x0012dda5	CONDITIONAL_JUMP	0
0x0012dd30	0x0012de10	CONDITIONAL_JUMP	0
0x0012dd39	0xStack[-0x18]	WRITE	0
0x0012dd40	0x0012ddc0	CONDITIONAL_JUMP	0
0x0012dd48	0xStack[-0x8]	WRITE	0
0x0012dd4b	0xStack[0x4]	READ	1
0x0012dd51	0xStack[-0xc]	WRITE	0
0x0012dd56	0xStack[0x4]	READ	1
0x0012dd5c	0x0012dda5	CONDITIONAL_JUMP	0
0x0012dd62	0xStack[-0x14]	WRITE	0
0x0012dd69	0xStack[-0x10]	WRITE	0
0x0012dd70	0xStack[-0x14]	READ	1
0x0012dd77	0x0012dd9a	CONDITIONAL_JUMP	0
0x0012dd79	0xStack[-0x10]	READ	0
0x0012dd7d	0x0012dd94	CONDITIONAL_JUMP	0
0x0012dd82	0xStack[-0x8]	READ	1
0x0012dd90	0x0012dd96	UNCONDITIONAL_JUMP	0
0x0012dd98	0x0012ddc0	CONDITIONAL_JUMP	0
0x0012dd9e	0xStack[-0xc]	READ	1
0x0012dda3	0x0012dd70	CONDITIONAL_JUMP	0
0x0012dda5	0xStack[0x4]	READ	1
0x0012ddb0	0xStack[0x4]	READ	1
0x0012ddbe	0x0012de14	UNCONDITIONAL_JUMP	0
0x0012ddc0	0xStack[-0x18]	READ	1
0x0012ddcb	0xStack[-0x18]	READ	1
0x0012ddd9	0xStack[-0x18]	READ	1
0x0012ddec	0x0012de14	CONDITIONAL_JUMP	0
0x0012ddfc	0xStack[-0x18]	READ	1
0x0012de0c	0x0012ddf0	CONDITIONAL_JUMP	0
0x0012de0e	0x0012de14	UNCONDITIONAL_JUMP	0
0x0012de12	0x0012de35	UNCONDITIONAL_JUMP	0
0x0012de19	0x0012de28	CONDITIONAL_JUMP	0
0x0012de26	0x0012de1c	CONDITIONAL_JUMP	0
0x0012de35	0xStack[-0x24]	DATA	0
0x0012de49	0xStack[0xc]	READ	1
0x0012de4d	0xStack[0x4]	READ	1
0x0012de51	0x0012dc2c	UNCONDITIONAL_CALL	0
0x0012de5d	0x0012de6c	CONDITIONAL_JUMP	0
0x0012de5f	0xStack[0x8]	READ	1
0x0012de68	0x0012dea7	UNCONDITIONAL_JUMP	0
0x0012de6f	0x001e8758	READ	1
0x0012de79	0xStack[-0x44]	DATA	0
0x0012de8a	0x0012de9c	CONDITIONAL_JUMP	0
0x0012de8c	0xStack[0x8]	READ	1
0x0012de94	0x0012c814	UNCONDITIONAL_CALL	0
0x0012de9c	0xStack[0x8]	READ	1
0x0012dea2	0x0011df54	UNCONDITIONAL_CALL	0
0x0012dea7	0xStack[-0x50]	DATA	0
0x0012deba	0xStack[0xc]	READ	1
0x0012debd	0xStack[0x4]	READ	1
0x0012dec5	0x0012decc	CONDITIONAL_JUMP	0
0x0012deca	0x0012dedc	CONDITIONAL_JUMP	0
0x0012decc	0xStack[0x8]	READ	1
0x0012ded5	0x0012dfb1	UNCONDITIONAL_JUMP	0
0x0012dedd	0xStack[0x4]	READ	1
0x0012dee1	0x0012dc2c	UNCONDITIONAL_CALL	0
0x0012deed	0x0012df00	CONDITIONAL_JUMP	0
0x0012deef	0xStack[0x8]	READ	1
0x0012def8	0x0012dfb1	UNCONDITIONAL_JUMP	0
0x0012df01	0xStack[0x4]	READ	1
0x0012df08	0x0012dc2c	UNCONDITIONAL_CALL	0
0x0012df14	0x0012df28	CONDITIONAL_JUMP	0
0x0012df16	0xStack[0x8]	READ	1
0x0012df20	0x0012dfac	UNCONDITIONAL_JUMP	0
0x0012df2c	0x0012df4c	CONDITIONAL_JUMP	0
0x0012df30	0x0012df54	CONDITIONAL_JUMP	0
0x0012df36	0xStack[0x10]	READ	1
0x0012df40	0x0012dc70	UNCONDITIONAL_CALL	0
0x0012df4a	0x0012df54	CONDITIONAL_JUMP	0
0x0012df51	0x0012dfa0	UNCONDITIONAL_JUMP	0
0x0012df57	0x001e8758	READ	1
0x0012df61	0xStack[0x4]	READ	1
0x0012df77	0x0012df90	CONDITIONAL_JUMP	0
0x0012df79	0xStack[0x10]	READ	1
0x0012df7d	0x001378c4	UNCONDITIONAL_CALL	0
0x0012df87	0x0012dfa0	CONDITIONAL_JUMP	0
0x0012df8b	0x0012dfa0	UNCONDITIONAL_JUMP	0
0x0012df92	0x0012dfa0	CONDITIONAL_JUMP	0
0x0012df94	0xStack[0x10]	READ	1
0x0012df98	0x00137814	UNCONDITIONAL_CALL	0
0x0012dfa0	0xStack[0x8]	READ	1
0x0012dfa6	0x0011df54	UNCONDITIONAL_CALL	0
0x0012dfac	0x0011df54	UNCONDITIONAL_CALL	0
0x0012dfb1	0xStack[-0x10]	DATA	0
0x0012dfc5	0xStack[0x4]	READ	1
0x0012dfc8	0xStack[0x8]	READ	1
0x0012dfd0	0x0012dfd7	CONDITIONAL_JUMP	0
0x0012dfd5	0x0012dfe4	CONDITIONAL_JUMP	0
0x0012dfdd	0x0012e08a	UNCONDITIONAL_JUMP	0
0x0012dfe4	0xStack[0xc]	READ	1
0x0012dfe9	0x0012dc2c	UNCONDITIONAL_CALL	0
0x0012dff5	0x0012e004	CONDITIONAL_JUMP	0
0x0012dffd	0x0012e08a	UNCONDITIONAL_JUMP	0
0x0012e00b	0x001e8758	READ	1
0x0012e014	0xStack[-0x48]	DATA	0
0x0012e027	0x0012e034	CONDITIONAL_JUMP	0
0x0012e029	0xStack[-0x48]	WRITE	0
0x0012e030	0x0012e072	UNCONDITIONAL_JUMP	0
0x0012e034	0xStack[-0x48]	READ	1
0x0012e03a	0x001e8758	READ	1
0x0012e043	0xStack[-0x44]	DATA	0
0x0012e052	0x0012e072	CONDITIONAL_JUMP	0
0x0012e059	0x0012c814	UNCONDITIONAL_CALL	0
0x0012e05e	0xStack[0xc]	READ	1
0x0012e062	0xStack[-0x48]	READ	1
0x0012e06a	0x0012cdf8	UNCONDITIONAL_CALL	0
0x0012e074	0xStack[-0x48]	READ	1
0x0012e079	0x0012e084	CONDITIONAL_JUMP	0
0x0012e07c	0x0011df54	UNCONDITIONAL_CALL	0
0x0012e085	0x0011df54	UNCONDITIONAL_CALL	0
0x0012e08a	0xStack[-0x54]	DATA	0
0x0012e09d	0xStack[0x4]	READ	1
0x0012e0a5	0x0012e0ac	CONDITIONAL_JUMP	0
0x0012e0aa	0x0012e0bc	CONDITIONAL_JUMP	0
0x0012e0ac	0xStack[0x8]	READ	1
0x0012e0b5	0x0012e1f6	UNCONDITIONAL_JUMP	0
0x0012e0bc	0xStack[-0x44]	DATA	0
0x0012e0c4	0x0012dbdc	UNCONDITIONAL_CALL	0
0x0012e0c9	0xStack[-0x44]	WRITE	0
0x0012e0d0	0xStack[0xc]	READ	1
0x0012e0d5	0x0012dc2c	UNCONDITIONAL_CALL	0
0x0012e0e1	0x0012e0f4	CONDITIONAL_JUMP	0
0x0012e0e3	0xStack[0x8]	READ	1
0x0012e0ec	0x0012e1f6	UNCONDITIONAL_JUMP	0
0x0012e0f4	0xStack[0xc]	READ	1
0x0012e0fb	0x0012e11d	CONDITIONAL_JUMP	0
0x0012e0ff	0x0012e128	CONDITIONAL_JUMP	0
0x0012e107	0xStack[0x10]	READ	1
0x0012e111	0x0012dc70	UNCONDITIONAL_CALL	0
0x0012e11b	0x0012e128	CONDITIONAL_JUMP	0
0x0012e122	0x0012e1eb	UNCONDITIONAL_JUMP	0
0x0012e12b	0x001e8758	READ	1
0x0012e135	0xStack[-0x48]	DATA	0
0x0012e138	0xStack[-0x4c]	WRITE	0
0x0012e13c	0xStack[-0x44]	DATA	0
0x0012e13f	0xStack[-0x50]	WRITE	0
0x0012e152	0x0012e1a5	CONDITIONAL_JUMP	0
0x0012e154	0xStack[0x10]	READ	1
0x0012e158	0x001378c4	UNCONDITIONAL_CALL	0
0x0012e162	0x0012e1a5	CONDITIONAL_JUMP	0
0x0012e16b	0x001e8758	READ	1
0x0012e175	0xStack[-0x4c]	READ	1
0x0012e187	0x0012e1eb	CONDITIONAL_JUMP	0
0x0012e18c	0x001e8758	READ	1
0x0012e196	0xStack[-0x50]	READ	1
0x0012e1a7	0x0012e1eb	CONDITIONAL_JUMP	0
0x0012e1a9	0xStack[0x8]	READ	1
0x0012e1b0	0xStack[-0x44]	DATA	0
0x0012e1b4	0x0012c814	UNCONDITIONAL_CALL	0
0x0012e1b9	0xStack[0xc]	READ	1
0x0012e1bd	0xStack[-0x48]	READ	1
0x0012e1c1	0xStack[0x8]	READ	1
0x0012e1c8	0x0012cdf8	UNCONDITIONAL_CALL	0
0x0012e1cf	0xStack[-0x48]	READ	1
0x0012e1d3	0x0011df54	UNCONDITIONAL_CALL	0
0x0012e1dd	0x0012e1eb	CONDITIONAL_JUMP	0
0x0012e1df	0xStack[0x10]	READ	1
0x0012e1e3	0x00137814	UNCONDITIONAL_CALL	0
0x0012e1eb	0xStack[0x8]	READ	1
0x0012e1f1	0x0011df54	UNCONDITIONAL_CALL	0
0x0012e1f6	0xStack[-0x5c]	DATA	0
0x0012e20c	0xStack[0xc]	READ	1
0x0012e212	0xStack[0x4]	READ	1
0x0012e216	0x0012dc2c	UNCONDITIONAL_CALL	0
0x0012e222	0x0012e234	CONDITIONAL_JUMP	0
0x0012e224	0xStack[0x8]	READ	1
0x0012e22d	0x0012e36f	UNCONDITIONAL_JUMP	0
0x0012e238	0x0012e258	CONDITIONAL_JUMP	0
0x0012e23c	0x0012e264	CONDITIONAL_JUMP	0
0x0012e242	0xStack[0x10]	READ	1
0x0012e24c	0x0012dc70	UNCONDITIONAL_CALL	0
0x0012e256	0x0012e264	CONDITIONAL_JUMP	0
0x0012e25d	0x0012e364	UNCONDITIONAL_JUMP	0
0x0012e264	0xStack[-0x44]	DATA	0
0x0012e268	0xStack[0x4]	READ	1
0x0012e26f	0x0012dbdc	UNCONDITIONAL_CALL	0
0x0012e277	0xStack[-0x1c]	READ	0
0x0012e27b	0x0012e2a2	CONDITIONAL_JUMP	0
0x0012e27d	0xStack[-0x18]	READ	0
0x0012e284	0x0012e2a2	CONDITIONAL_JUMP	0
0x0012e286	0xStack[-0x1c]	WRITE	0
0x0012e28d	0xStack[-0x18]	WRITE	0
0x0012e294	0xStack[-0x24]	WRITE	0
0x0012e29b	0xStack[-0x20]	WRITE	0
0x0012e2a6	0x0012e313	CONDITIONAL_JUMP	0
0x0012e2a8	0xStack[-0x2c]	READ	0
0x0012e2ac	0x0012e313	CONDITIONAL_JUMP	0
0x0012e2ae	0xStack[-0x85]	WRITE	0
0x0012e2b8	0x001e8758	READ	1
0x0012e2c1	0xStack[-0x84]	DATA	0
0x0012e2d2	0x0012e364	CONDITIONAL_JUMP	0
0x0012e2d8	0xStack[-0x2c]	READ	1
0x0012e2db	0xStack[-0x6c]	READ	0
0x0012e2de	0x0012e313	CONDITIONAL_JUMP	0
0x0012e2ea	0xStack[-0x85]	DATA	0
0x0012e2f4	0x0011de7c	UNCONDITIONAL_CALL	0
0x0012e301	0x001e8758	READ	1
0x0012e315	0x0012e364	CONDITIONAL_JUMP	0
0x0012e31a	0x001e8758	READ	1
0x0012e324	0xStack[-0x44]	DATA	0
0x0012e335	0x0012e364	CONDITIONAL_JUMP	0
0x0012e33a	0x001e8758	READ	1
0x0012e352	0x0012e364	CONDITIONAL_JUMP	0
0x0012e354	0xStack[0x8]	READ	1
0x0012e35c	0x0012c814	UNCONDITIONAL_CALL	0
0x0012e364	0xStack[0x8]	READ	1
0x0012e36a	0x0011df54	UNCONDITIONAL_CALL	0
0x0012e36f	0xStack[-0x94]	DATA	0
0x0012e385	0xStack[0x8]	READ	1
0x0012e396	0xStack[0xc]	READ	1
0x0012e39a	0xStack[0x4]	READ	1
0x0012e39e	0x0012dc2c	UNCONDITIONAL_CALL	0
0x0012e3aa	0x0012e3b8	CONDITIONAL_JUMP	0
0x0012e3b2	0x0012e51e	UNCONDITIONAL_JUMP	0
0x0012e3bc	0x0012e3d4	CONDITIONAL_JUMP	0
0x0012e3be	0x001dbf74	DATA	0
0x0012e3c3	0x0010c0d8	UNCONDITIONAL_CALL	0
0x0012e3d0	0x0012e3ef	UNCONDITIONAL_JUMP	0
0x0012e3d7	0x001e8758	READ	1
0x0012e3e0	0xStack[-0x44]	DATA	0
0x0012e3f1	0x0012e4f4	CONDITIONAL_JUMP	0
0x0012e3f7	0x001e8758	READ	1
0x0012e3ff	0xStack[-0x50]	WRITE	0
0x0012e402	0xStack[-0x3e]	READ	1
0x0012e406	0xStack[-0x50]	READ	1
0x0012e40d	0x0012e449	CONDITIONAL_JUMP	0
0x0012e425	0x0012e449	CONDITIONAL_JUMP	0
0x0012e42a	0x001e8758	READ	1
0x0012e443	0x0012e4f4	CONDITIONAL_JUMP	0
0x0012e449	0xStack[-0x2c]	READ	1
0x0012e44c	0xStack[0x4]	READ	1
0x0012e452	0x0012e470	CONDITIONAL_JUMP	0
0x0012e45f	0xStack[-0x44]	DATA	0
0x0012e463	0x0012c814	UNCONDITIONAL_CALL	0
0x0012e468	0x0012e513	UNCONDITIONAL_JUMP	0
0x0012e470	0xStack[0x4]	READ	1
0x0012e477	0x0015a75c	UNCONDITIONAL_CALL	0
0x0012e47f	0xStack[0x4]	READ	1
0x0012e488	0xStack[-0x48]	DATA	0
0x0012e490	0xStack[0x4]	READ	1
0x0012e497	0xStack[0x4]	READ	1
0x0012e4a5	0x0011de7c	UNCONDITIONAL_CALL	0
0x0012e4b1	0x0012e4f4	CONDITIONAL_JUMP	0
0x0012e4b6	0x001e8758	READ	1
0x0012e4c0	0xStack[-0x44]	DATA	0
0x0012e4c3	0xStack[-0x4c]	WRITE	0
0x0012e4d4	0x0012e4f4	CONDITIONAL_JUMP	0
0x0012e4da	0xStack[-0x4c]	READ	1
0x0012e4de	0x0012c814	UNCONDITIONAL_CALL	0
0x0012e4e3	0xStack[0x4]	READ	1
0x0012e4e9	0xStack[-0x48]	READ	1
0x0012e4ef	0x0012e513	UNCONDITIONAL_JUMP	0
0x0012e4f9	0x0012e516	CONDITIONAL_JUMP	0
0x0012e500	0x0015a824	UNCONDITIONAL_CALL	0
0x0012e519	0x0011df54	UNCONDITIONAL_CALL	0
0x0012e51e	0xStack[-0x5c]	DATA	0
0x0012e531	0xStack[0x8]	READ	1
0x0012e534	0xStack[0xc]	READ	1
0x0012e538	0xStack[0x4]	READ	1
0x0012e53c	0x0012dc2c	UNCONDITIONAL_CALL	0
0x0012e548	0x0012e558	CONDITIONAL_JUMP	0
0x0012e550	0x0012e5f3	UNCONDITIONAL_JUMP	0
0x0012e55d	0x0015a75c	UNCONDITIONAL_CALL	0
0x0012e56b	0x00101600	UNCONDITIONAL_CALL	0
0x0012e573	0xStack[-0x24]	WRITE	0
0x0012e576	0xStack[-0x20]	WRITE	0
0x0012e57d	0xStack[-0x24]	DATA	0
0x0012e580	0xStack[-0x1c]	WRITE	0
0x0012e583	0xStack[-0x18]	WRITE	0
0x0012e58a	0xStack[-0x10]	WRITE	0
0x0012e591	0xStack[-0x14]	WRITE	0
0x0012e598	0xStack[-0x8]	WRITE	0
0x0012e5a2	0x001e8758	READ	1
0x0012e5ab	0xStack[-0x1c]	DATA	0
0x0012e5bc	0x0012e5e0	CONDITIONAL_JUMP	0
0x0012e5c7	0x0015a824	UNCONDITIONAL_CALL	0
0x0012e5dd	0x0012e5eb	UNCONDITIONAL_JUMP	0
0x0012e5e5	0xStack[-0x8]	READ	1
0x0012e5ee	0x0011df54	UNCONDITIONAL_CALL	0
0x0012e5f3	0xStack[-0x30]	DATA	0
0x0012e606	0xStack[0x4]	READ	1
0x0012e609	0xStack[0xc]	READ	1
0x0012e611	0x0012e618	CONDITIONAL_JUMP	0
0x0012e616	0x0012e628	CONDITIONAL_JUMP	0
0x0012e618	0xStack[0x8]	READ	1
0x0012e621	0x0012e6c7	UNCONDITIONAL_JUMP	0
0x0012e62a	0x0012dc2c	UNCONDITIONAL_CALL	0
0x0012e636	0x0012e648	CONDITIONAL_JUMP	0
0x0012e638	0xStack[0x8]	READ	1
0x0012e641	0x0012e6c7	UNCONDITIONAL_JUMP	0
0x0012e64c	0x0012e66c	CONDITIONAL_JUMP	0
0x0012e650	0x0012e674	CONDITIONAL_JUMP	0
0x0012e656	0xStack[0x10]	READ	1
0x0012e660	0x0012dc70	UNCONDITIONAL_CALL	0
0x0012e66a	0x0012e674	CONDITIONAL_JUMP	0
0x0012e671	0x0012e6bc	UNCONDITIONAL_JUMP	0
0x0012e677	0x001e8758	READ	1
0x0012e693	0x0012e6ac	CONDITIONAL_JUMP	0
0x0012e695	0xStack[0x10]	READ	1
0x0012e699	0x001378c4	UNCONDITIONAL_CALL	0
0x0012e6a3	0x0012e6bc	CONDITIONAL_JUMP	0
0x0012e6a7	0x0012e6bc	UNCONDITIONAL_JUMP	0
0x0012e6ae	0x0012e6bc	CONDITIONAL_JUMP	0
0x0012e6b0	0xStack[0x10]	READ	1
0x0012e6b4	0x00137814	UNCONDITIONAL_CALL	0
0x0012e6bc	0xStack[0x8]	READ	1
0x0012e6c2	0x0011df54	UNCONDITIONAL_CALL	0
0x0012e6c7	0xStack[-0x10]	DATA	0
0x0012e6da	0xStack[0x4]	READ	1
0x0012e6dd	0xStack[0xc]	READ	1
0x0012e6e5	0x0012e6f8	CONDITIONAL_JUMP	0
0x0012e6ea	0x0012e6f8	CONDITIONAL_JUMP	0
0x0012e6f1	0x0012e6f8	CONDITIONAL_JUMP	0
0x0012e6f6	0x0012e708	CONDITIONAL_JUMP	0
0x0012e6f8	0xStack[0x8]	READ	1
0x0012e701	0x0012e7d2	UNCONDITIONAL_JUMP	0
0x0012e70a	0x0012dc2c	UNCONDITIONAL_CALL	0
0x0012e716	0x0012e728	CONDITIONAL_JUMP	0
0x0012e718	0xStack[0x8]	READ	1
0x0012e721	0x0012e7d2	UNCONDITIONAL_JUMP	0
0x0012e72c	0x0012e74c	CONDITIONAL_JUMP	0
0x0012e730	0x0012e754	CONDITIONAL_JUMP	0
0x0012e736	0xStack[0x10]	READ	1
0x0012e740	0x0012dc70	UNCONDITIONAL_CALL	0
0x0012e74a	0x0012e754	CONDITIONAL_JUMP	0
0x0012e751	0x0012e79f	UNCONDITIONAL_JUMP	0
0x0012e759	0x0012dc2c	UNCONDITIONAL_CALL	0
0x0012e765	0x0012e778	CONDITIONAL_JUMP	0
0x0012e767	0xStack[0x8]	READ	1
0x0012e771	0x0011df54	UNCONDITIONAL_CALL	0
0x0012e776	0x0012e7d2	UNCONDITIONAL_JUMP	0
0x0012e77b	0x001e8758	READ	1
0x0012e797	0x0011df54	UNCONDITIONAL_CALL	0
0x0012e7a0	0x0011df54	UNCONDITIONAL_CALL	0
0x0012e7a5	0xStack[0x8]	READ	1
0x0012e7af	0x0012e7bc	CONDITIONAL_JUMP	0
0x0012e7b1	0xStack[0x10]	READ	1
0x0012e7b5	0x00137814	UNCONDITIONAL_CALL	0
0x0012e7ba	0x0012e7d2	UNCONDITIONAL_JUMP	0
0x0012e7bc	0xStack[0x10]	READ	1
0x0012e7c0	0x001378c4	UNCONDITIONAL_CALL	0
0x0012e7c7	0x0012e7d2	CONDITIONAL_JUMP	0
0x0012e7c9	0xStack[0x8]	READ	1
0x0012e7d2	0xStack[-0x10]	DATA	0
0x0012e7e2	0xStack[0x4]	READ	1
0x0012e7e5	0xStack[0xc]	READ	1
0x0012e7ed	0x0012e7f4	CONDITIONAL_JUMP	0
0x0012e7f2	0x0012e804	CONDITIONAL_JUMP	0
0x0012e7f4	0xStack[0x8]	READ	1
0x0012e7fd	0x0012e8a3	UNCONDITIONAL_JUMP	0
0x0012e806	0x0012dc2c	UNCONDITIONAL_CALL	0
0x0012e812	0x0012e824	CONDITIONAL_JUMP	0
0x0012e814	0xStack[0x8]	READ	1
0x0012e81d	0x0012e8a3	UNCONDITIONAL_JUMP	0
0x0012e828	0x0012e848	CONDITIONAL_JUMP	0
0x0012e82c	0x0012e850	CONDITIONAL_JUMP	0
0x0012e832	0xStack[0x10]	READ	1
0x0012e83c	0x0012dc70	UNCONDITIONAL_CALL	0
0x0012e846	0x0012e850	CONDITIONAL_JUMP	0
0x0012e84d	0x0012e898	UNCONDITIONAL_JUMP	0
0x0012e853	0x001e8758	READ	1
0x0012e86f	0x0012e888	CONDITIONAL_JUMP	0
0x0012e871	0xStack[0x10]	READ	1
0x0012e875	0x001378c4	UNCONDITIONAL_CALL	0
0x0012e87f	0x0012e898	CONDITIONAL_JUMP	0
0x0012e883	0x0012e898	UNCONDITIONAL_JUMP	0
0x0012e88a	0x0012e898	CONDITIONAL_JUMP	0
0x0012e88c	0xStack[0x10]	READ	1
0x0012e890	0x00137814	UNCONDITIONAL_CALL	0
0x0012e898	0xStack[0x8]	READ	1
0x0012e89e	0x0011df54	UNCONDITIONAL_CALL	0
0x0012e8a3	0xStack[-0x10]	DATA	0
0x0012e8b9	0xStack[0x8]	READ	1
0x0012e8bc	0xStack[0xc]	READ	1
0x0012e8c0	0xStack[0x4]	READ	1
0x0012e8c4	0x0012dc2c	UNCONDITIONAL_CALL	0
0x0012e8d0	0x0012e8dc	CONDITIONAL_JUMP	0
0x0012e8d8	0x0012e91b	UNCONDITIONAL_JUMP	0
0x0012e8e2	0xStack[-0x44]	DATA	0
0x0012e8f3	0x0012e915	CONDITIONAL_JUMP	0
0x0012e8f5	0x0012c808	UNCONDITIONAL_CALL	0
0x0012e8fd	0xStack[-0x40]	READ	1
0x0012e903	0xStack[-0x3c]	READ	1
0x0012e909	0xStack[-0x38]	READ	1
0x0012e90f	0xStack[-0x34]	READ	1
0x0012e916	0x0011df54	UNCONDITIONAL_CALL	0
0x0012e91b	0xStack[-0x50]	DATA	0
0x0012e931	0xStack[0x4]	READ	1
0x0012e934	0xStack[0xc]	READ	1
0x0012e93c	0x0012e943	CONDITIONAL_JUMP	0
0x0012e941	0x0012e954	CONDITIONAL_JUMP	0
0x0012e943	0xStack[0x8]	READ	1
0x0012e94c	0x0012ea0b	UNCONDITIONAL_JUMP	0
0x0012e954	0xStack[-0x44]	DATA	0
0x0012e95c	0x0012dbdc	UNCONDITIONAL_CALL	0
0x0012e961	0xStack[-0x44]	WRITE	0
0x0012e96a	0x0012dc2c	UNCONDITIONAL_CALL	0
0x0012e976	0x0012e988	CONDITIONAL_JUMP	0
0x0012e978	0xStack[0x8]	READ	1
0x0012e981	0x0012ea0b	UNCONDITIONAL_JUMP	0
0x0012e98c	0x0012e9ac	CONDITIONAL_JUMP	0
0x0012e990	0x0012e9b4	CONDITIONAL_JUMP	0
0x0012e996	0xStack[0x10]	READ	1
0x0012e9a0	0x0012dc70	UNCONDITIONAL_CALL	0
0x0012e9aa	0x0012e9b4	CONDITIONAL_JUMP	0
0x0012e9b1	0x0012ea00	UNCONDITIONAL_JUMP	0
0x0012e9b7	0x001e8758	READ	1
0x0012e9c4	0xStack[-0x44]	DATA	0
0x0012e9da	0x0012e9f0	CONDITIONAL_JUMP	0
0x0012e9dc	0xStack[0x10]	READ	1
0x0012e9e0	0x001378c4	UNCONDITIONAL_CALL	0
0x0012e9ea	0x0012ea00	CONDITIONAL_JUMP	0
0x0012e9ee	0x0012ea00	UNCONDITIONAL_JUMP	0
0x0012e9f2	0x0012ea00	CONDITIONAL_JUMP	0
0x0012e9f4	0xStack[0x10]	READ	1
0x0012e9f8	0x00137814	UNCONDITIONAL_CALL	0
0x0012ea00	0xStack[0x8]	READ	1
0x0012ea06	0x0011df54	UNCONDITIONAL_CALL	0
0x0012ea0b	0xStack[-0x50]	DATA	0
0x0012ea3b	0xStack[0x4]	READ	1
0x0012ea43	0x0012ea53	CONDITIONAL_JUMP	0
0x0012ea4e	0x0015a824	UNCONDITIONAL_CALL	0
0x0012ea5b	0xStack[0x4]	READ	1
0x0012ea62	0x0012ea75	CONDITIONAL_JUMP	0
0x0012ea69	0x0012ea75	CONDITIONAL_JUMP	0
0x0012ea70	0x0015a824	UNCONDITIONAL_CALL	0
0x0012ea7f	0xStack[0x4]	READ	1
0x0012ea87	0x0012ea94	CONDITIONAL_JUMP	0
0x0012ea8f	0x0015a824	UNCONDITIONAL_CALL	0
0x0012eaa1	0xStack[0x8]	READ	1
0x0012eaa4	0xStack[0x4]	READ	1
0x0012eaae	0x0012eac4	CONDITIONAL_JUMP	0
0x0012eab5	0x0012eaca	UNCONDITIONAL_JUMP	0
0x0012eab8	0x00134f94	UNCONDITIONAL_CALL	0
0x0012eabd	0x0012ed40	UNCONDITIONAL_JUMP	0
0x0012eac4	0xStack[0x4]	READ	1
0x0012eaca	0x001eef84	READ_WRITE	0
0x0012ead0	0x001eef30	DATA	1
0x0012ead0	0xStack[-0x8]	WRITE	0
0x0012ead7	0x001dc2c8	READ	1
0x0012eadf	0x001eef54	DATA	1
0x0012eae6	0xStack[-0x8]	READ	0
0x0012eae9	0x0012ec68	CONDITIONAL_JUMP	0
0x0012eaef	0x001eef38	DATA	1
0x0012eaef	0xStack[-0x10]	WRITE	0
0x0012eaf8	0xStack[-0x10]	READ	1
0x0012eafb	0x001eef34	READ	0
0x0012eafb	0x001eef40	READ	0
0x0012eaff	0x0012ec48	CONDITIONAL_JUMP	0
0x0012eb05	0x001eef34	WRITE	0
0x0012eb05	0x001eef40	WRITE	0
0x0012eb0c	0x001eef38	READ	1
0x0012eb0c	0x001eef44	READ	1
0x0012eb10	0x0012eb5c	CONDITIONAL_JUMP	0
0x0012eb1b	0xStack[0x4]	READ	1
0x0012eb1f	0x001353b0	UNCONDITIONAL_CALL	0
0x0012eb24	0x001eef38	WRITE	0
0x0012eb2b	0x0012eb3a	CONDITIONAL_JUMP	0
0x0012eb2d	0x001dc30d	DATA	0
0x0012eb32	0x0010ca6c	UNCONDITIONAL_CALL	0
0x0012eb3a	0xStack[-0x10]	READ	1
0x0012eb3d	0x001eef38	READ	1
0x0012eb4d	0x0012eb6b	UNCONDITIONAL_JUMP	0
0x0012eb50	0x00134f94	UNCONDITIONAL_CALL	0
0x0012eb57	0x0012ec04	UNCONDITIONAL_JUMP	0
0x0012eb5e	0xStack[0x4]	READ	1
0x0012eb63	0x00135544	UNCONDITIONAL_CALL	0
0x0012eb6b	0xStack[0x4]	READ	1
0x0012eb77	0x0012ebec	CONDITIONAL_JUMP	0
0x0012eb7b	0x0012ebec	CONDITIONAL_JUMP	0
0x0012eb7d	0x001dc2c8	READ	1
0x0012eb83	0xStack[-0x14]	WRITE	0
0x0012eb88	0x001ef010	READ	1
0x0012eb95	0x001ef140	DATA	1
0x0012eb9b	0xStack[-0x18]	WRITE	0
0x0012eb9e	0x001ef010	READ_WRITE	0
0x0012eba4	0x001ef010	READ	1
0x0012ebab	0xStack[-0x14]	READ	0
0x0012ebae	0x001ef010	WRITE	0
0x0012ebb4	0x001ef140	DATA	0
0x0012ebbc	0x0012ebc8	CONDITIONAL_JUMP	0
0x0012ebc1	0x0012eb88	CONDITIONAL_JUMP	0
0x0012ebc3	0x0012eb50	UNCONDITIONAL_JUMP	0
0x0012ebc8	0xStack[-0x18]	READ	1
0x0012ebcb	0x001ef144	DATA	1
0x0012ebcf	0x0012ebd9	CONDITIONAL_JUMP	0
0x0012ebd1	0x00134f94	UNCONDITIONAL_CALL	0
0x0012ebd6	0x001ef144	DATA	1
0x0012ebd9	0x001ef140	DATA	0
0x0012ebe2	0xStack[-0x18]	READ	1
0x0012ebe5	0x001ef144	DATA	1
0x0012ebe8	0x0012ec04	UNCONDITIONAL_JUMP	0
0x0012ebed	0x001dc2cc	DATA	0
0x0012ebf2	0x0010c0d8	UNCONDITIONAL_CALL	0
0x0012ebfc	0x0012eb74	UNCONDITIONAL_JUMP	0
0x0012ec04	0xStack[-0x10]	READ	1
0x0012ec07	0x001eef38	READ	1
0x0012ec0b	0x001eef38	READ	1
0x0012ec10	0x0012ec1f	CONDITIONAL_JUMP	0
0x0012ec12	0x001dc320	DATA	0
0x0012ec17	0x0010ca6c	UNCONDITIONAL_CALL	0
0x0012ec1f	0xStack[-0x8]	READ	1
0x0012ec22	0x001eef30	READ_WRITE	0
0x0012ec24	0xStack[0x4]	READ	1
0x0012ec2e	0x0012ec3d	CONDITIONAL_JUMP	0
0x0012ec32	0xStack[-0x10]	READ	1
0x0012ec35	0x001eef38	READ	0
0x0012ec38	0x00135350	UNCONDITIONAL_CALL	0
0x0012ec3d	0xStack[-0x10]	READ	1
0x0012ec40	0x001eef38	READ	1
0x0012ec42	0x0012ed70	UNCONDITIONAL_JUMP	0
0x0012ec48	0x001eef44	DATA	1
0x0012ec48	0xStack[-0x10]	READ_WRITE	0
0x0012ec4c	0x001eef3c	DATA	1
0x0012ec4c	0xStack[-0x8]	READ_WRITE	0
0x0012ec50	0x001dc2c8	READ	1
0x0012ec58	0x001eef54	DATA	1
0x0012ec5f	0xStack[-0x8]	READ	0
0x0012ec62	0x0012eaf8	CONDITIONAL_JUMP	0
0x0012ec68	0x001dc2c4	READ_WRITE	0
0x0012ec77	0xStack[0x4]	READ	1
0x0012ec7b	0x001353b0	UNCONDITIONAL_CALL	0
0x0012ec80	0xStack[-0xc]	WRITE	0
0x0012ec88	0x0012ec97	CONDITIONAL_JUMP	0
0x0012ec8a	0x001dc331	DATA	0
0x0012ec8f	0x0010ca6c	UNCONDITIONAL_CALL	0
0x0012ec97	0xStack[-0xc]	READ	1
0x0012eca8	0xStack[0x4]	READ	1
0x0012ecb3	0x0012ed28	CONDITIONAL_JUMP	0
0x0012ecb7	0x0012ed28	CONDITIONAL_JUMP	0
0x0012ecb9	0x001dc2c8	READ	1
0x0012ecbf	0xStack[-0x18]	WRITE	0
0x0012ecc4	0x001ef010	READ	1
0x0012ecd1	0x001ef140	DATA	1
0x0012ecd7	0xStack[-0x14]	WRITE	0
0x0012ecda	0x001ef010	READ_WRITE	0
0x0012ece0	0x001ef010	READ	1
0x0012ece7	0xStack[-0x18]	READ	0
0x0012ecea	0x001ef010	WRITE	0
0x0012ecf0	0x001ef140	DATA	0
0x0012ecf8	0x0012ed04	CONDITIONAL_JUMP	0
0x0012ecfd	0x0012ecc4	CONDITIONAL_JUMP	0
0x0012ecff	0x0012eab8	UNCONDITIONAL_JUMP	0
0x0012ed04	0xStack[-0x14]	READ	1
0x0012ed07	0x001ef144	DATA	1
0x0012ed0b	0x0012ed15	CONDITIONAL_JUMP	0
0x0012ed0d	0x00134f94	UNCONDITIONAL_CALL	0
0x0012ed12	0x001ef144	DATA	1
0x0012ed15	0x001ef140	DATA	0
0x0012ed1e	0xStack[-0x14]	READ	1
0x0012ed21	0x001ef144	DATA	1
0x0012ed24	0x0012ed40	UNCONDITIONAL_JUMP	0
0x0012ed29	0x001dc2cc	DATA	0
0x0012ed2e	0x0010c0d8	UNCONDITIONAL_CALL	0
0x0012ed38	0x0012ecb0	UNCONDITIONAL_JUMP	0
0x0012ed40	0xStack[-0xc]	READ	1
0x0012ed47	0x0012ed56	CONDITIONAL_JUMP	0
0x0012ed49	0x001dc344	DATA	0
0x0012ed4e	0x0010ca6c	UNCONDITIONAL_CALL	0
0x0012ed56	0xStack[0x4]	READ	1
0x0012ed60	0x0012ed6d	CONDITIONAL_JUMP	0
0x0012ed64	0xStack[-0xc]	READ	1
0x0012ed68	0x00135350	UNCONDITIONAL_CALL	0
0x0012ed6d	0xStack[-0xc]	READ	1
0x0012ed70	0xStack[-0x24]	DATA	0
0x0012ed85	0xStack[0x4]	READ	1
0x0012ed88	0x001dc2c8	READ	1
0x0012ed90	0x001dc2c8	WRITE	0
0x0012ed99	0x0012edbb	CONDITIONAL_JUMP	0
0x0012ed9c	0x001e8758	READ	1
0x0012eda6	0x0012ea98	UNCONDITIONAL_CALL	0
0x0012edb3	0x001dc2c8	READ	0
0x0012edb9	0x0012ed9c	CONDITIONAL_JUMP	0
0x0012edbd	0x001dc2c8	READ	0
0x0012edc3	0x0012ede2	CONDITIONAL_JUMP	0
0x0012edc8	0xStack[-0x18]	DATA	1
0x0012edce	0x0012edd9	CONDITIONAL_JUMP	0
0x0012edd1	0x0012ee3c	UNCONDITIONAL_CALL	0
0x0012edda	0x001dc2c8	READ	0
0x0012ede0	0x0012edc8	CONDITIONAL_JUMP	0
0x0012ede2	0x001dc2c8	READ	1
0x0012edf8	0x0015a75c	UNCONDITIONAL_CALL	0
0x0012ee04	0x001dc2c8	READ	0
0x0012ee0a	0x0012ee32	CONDITIONAL_JUMP	0
0x0012ee11	0x001eef38	READ	1
0x0012ee11	0x001eef44	READ	1
0x0012ee18	0x00135378	UNCONDITIONAL_CALL	0
0x0012ee2a	0x001dc2c8	READ	0
0x0012ee30	0x0012ee10	CONDITIONAL_JUMP	0
0x0012ee32	0xStack[-0x28]	DATA	0
0x0012ee41	0xStack[0x4]	READ	1
0x0012ee4b	0x0012ee9c	CONDITIONAL_JUMP	0
0x0012ee4f	0x0012ee9c	CONDITIONAL_JUMP	0
0x0012ee51	0x001ef140	DATA	1
0x0012ee56	0x001dc2c8	READ	1
0x0012ee63	0x001ef140	DATA	1
0x0012ee6a	0x0012ee78	CONDITIONAL_JUMP	0
0x0012ee6c	0x001ef144	READ	0
0x0012ee6c	0x001ef14c	READ	0
0x0012ee6f	0x0012ee88	CONDITIONAL_JUMP	0
0x0012ee76	0x0012ee6c	CONDITIONAL_JUMP	0
0x0012ee84	0x0012eeac	UNCONDITIONAL_JUMP	0
0x0012ee88	0x001ef148	WRITE	0
0x0012ee8d	0x0012eeac	UNCONDITIONAL_JUMP	0
0x0012ee90	0x001eef40	WRITE	0
0x0012ee97	0x0012eee9	UNCONDITIONAL_JUMP	0
0x0012ee9f	0x001dc2ec	DATA	0
0x0012eea4	0x0010c0d8	UNCONDITIONAL_CALL	0
0x0012eead	0x00135584	UNCONDITIONAL_CALL	0
0x0012eeb8	0x001eef30	DATA	1
0x0012eec0	0x001dc2c8	READ	1
0x0012eec8	0x001eef54	DATA	1
0x0012eed1	0x0012eee0	CONDITIONAL_JUMP	0
0x0012eed4	0x001eef38	READ	0
0x0012eed4	0x001eef44	READ	0
0x0012eed7	0x0012ee90	CONDITIONAL_JUMP	0
0x0012eede	0x0012eed4	CONDITIONAL_JUMP	0
0x0012eee9	0xStack[-0xc]	DATA	0
0x0012eefd	0x001eef88	READ_WRITE	0
0x0012ef03	0xStack[0x8]	READ	1
0x0012ef06	0x001eef90	DATA	0
0x0012ef0d	0xStack[-0xc]	WRITE	0
0x0012ef14	0xStack[-0x10]	WRITE	0
0x0012ef1b	0xStack[-0x1c]	WRITE	0
0x0012ef22	0x001dc41c	DATA	1
0x0012ef2a	0xStack[0x4]	READ	1
0x0012ef32	0xStack[-0x20]	WRITE	0
0x0012ef35	0xStack[-0x24]	WRITE	0
0x0012ef3c	0xStack[0x1c]	READ	1
0x0012ef40	0xStack[0x4]	READ	1
0x0012ef44	0x0012ea98	UNCONDITIONAL_CALL	0
0x0012ef4e	0xStack[0x8]	READ	0
0x0012ef52	0x0012ef60	CONDITIONAL_JUMP	0
0x0012ef57	0x00135330	UNCONDITIONAL_CALL	0
0x0012ef62	0xStack[-0x20]	READ	1
0x0012ef6d	0xStack[-0x18]	WRITE	0
0x0012ef82	0xStack[-0x14]	WRITE	0
0x0012ef88	0xStack[-0x14]	READ	0
0x0012ef8b	0xStack[-0x18]	READ	0
0x0012ef8e	0xStack[0x18]	READ	1
0x0012ef92	0xStack[0x14]	READ	1
0x0012ef96	0xStack[0x10]	READ	1
0x0012ef9a	0xStack[0xc]	READ	1
0x0012ef9e	0xStack[0x8]	READ	1
0x0012efa7	0xStack[-0x28]	WRITE	0
0x0012efb0	0x0012efec	CONDITIONAL_JUMP	0
0x0012efb2	0x0012f09a	COMPUTED_JUMP	-1
0x0012efb2	0x0012efec	COMPUTED_JUMP	-1
0x0012efb2	0x0012efbc	DATA	0
0x0012efbc	0x0012f09a	DATA	0
0x0012efc0	0x0012f09a	DATA	0
0x0012efc4	0x0012f09a	DATA	0
0x0012efc8	0x0012efec	DATA	0
0x0012efcc	0x0012efec	DATA	0
0x0012efd0	0x0012efec	DATA	0
0x0012efd4	0x0012f09a	DATA	0
0x0012efd8	0x0012f09a	DATA	0
0x0012efdc	0x0012efec	DATA	0
0x0012efe0	0x0012f09a	DATA	0
0x0012efe4	0x0012efec	DATA	0
0x0012efe8	0x0012f09a	DATA	0
0x0012efec	0xStack[-0x28]	READ	0
0x0012eff0	0x0012f01c	CONDITIONAL_JUMP	0
0x0012eff2	0xStack[0x4]	READ	1
0x0012f006	0x0012ef60	CONDITIONAL_JUMP	0
0x0012f00c	0xStack[-0x10]	WRITE	0
0x0012f013	0xStack[-0xc]	WRITE	0
0x0012f01a	0x0012f025	UNCONDITIONAL_JUMP	0
0x0012f01c	0xStack[0x4]	READ	1
0x0012f027	0x0012f0a2	CONDITIONAL_JUMP	0
0x0012f029	0xStack[-0x20]	READ	1
0x0012f03e	0x0012f042	CONDITIONAL_JUMP	0
0x0012f042	0xStack[-0x20]	WRITE	0
0x0012f045	0xStack[0x4]	READ	1
0x0012f04e	0x0012f06a	CONDITIONAL_JUMP	0
0x0012f056	0xStack[0x4]	READ	1
0x0012f05d	0x001dc440	DATA	0
0x0012f062	0x0010c0d8	UNCONDITIONAL_CALL	0
0x0012f06a	0xStack[-0x24]	READ	0
0x0012f06e	0x0012f09a	CONDITIONAL_JUMP	0
0x0012f070	0x001e8758	READ	1
0x0012f07d	0x0012f09a	CONDITIONAL_JUMP	0
0x0012f07f	0xStack[-0x24]	WRITE	0
0x0012f086	0xStack[0x4]	READ	1
0x0012f08d	0x001dc46b	DATA	0
0x0012f092	0x0010c100	UNCONDITIONAL_CALL	0
0x0012f09c	0x0012ef60	CONDITIONAL_JUMP	0
0x0012f0a5	0x00135330	UNCONDITIONAL_CALL	0
0x0012f0ad	0xStack[-0x28]	READ	0
0x0012f0b1	0x0012f14c	CONDITIONAL_JUMP	0
0x0012f0b7	0x001eef8c	READ_WRITE	0
0x0012f0bd	0xStack[0x4]	READ	1
0x0012f0c4	0xStack[-0x28]	READ	0
0x0012f0c8	0x0012f295	CONDITIONAL_JUMP	0
0x0012f0ce	0xStack[-0x28]	READ	1
0x0012f0d1	0xStack[-0x10]	WRITE	0
0x0012f0d4	0xStack[-0xc]	WRITE	0
0x0012f0dc	0x00135dbc	UNCONDITIONAL_CALL	0
0x0012f0e4	0xStack[0x4]	READ	1
0x0012f0eb	0xStack[0x8]	READ	1
0x0012f0ee	0x001dc358	DATA	1
0x0012f0f6	0x001dc496	DATA	0
0x0012f0fb	0x0010c0d8	UNCONDITIONAL_CALL	0
0x0012f100	0x001e8758	READ	1
0x0012f110	0x0012f295	CONDITIONAL_JUMP	0
0x0012f116	0xStack[-0x28]	READ	1
0x0012f11a	0x00135dbc	UNCONDITIONAL_CALL	0
0x0012f123	0xStack[0x8]	READ	1
0x0012f126	0x001dc358	DATA	1
0x0012f12e	0x001dc4b7	DATA	0
0x0012f133	0x0010c100	UNCONDITIONAL_CALL	0
0x0012f13b	0x0012f295	UNCONDITIONAL_JUMP	0
0x0012f140	0x001eef40	WRITE	0
0x0012f147	0x0012ef3c	UNCONDITIONAL_JUMP	0
0x0012f14c	0xStack[0x18]	READ	0
0x0012f150	0x0012f248	CONDITIONAL_JUMP	0
0x0012f156	0xStack[0x18]	READ	1
0x0012f15c	0x0012f248	CONDITIONAL_JUMP	0
0x0012f162	0xStack[-0x1c]	READ	0
0x0012f166	0x0012f248	CONDITIONAL_JUMP	0
0x0012f16c	0xStack[0x1c]	READ	1
0x0012f174	0x0012f248	CONDITIONAL_JUMP	0
0x0012f17f	0x0012f248	CONDITIONAL_JUMP	0
0x0012f186	0x00108434	UNCONDITIONAL_CALL	0
0x0012f18b	0xStack[-0x1c]	WRITE	0
0x0012f18e	0xStack[0x1c]	WRITE	0
0x0012f191	0xStack[-0x1c]	READ	1
0x0012f1a6	0x0012f1ec	CONDITIONAL_JUMP	0
0x0012f1aa	0x0012f1ec	CONDITIONAL_JUMP	0
0x0012f1ac	0x001ef140	DATA	1
0x0012f1b1	0x001dc2c8	READ	1
0x0012f1bd	0x001ef140	DATA	1
0x0012f1c5	0x0012f1d4	CONDITIONAL_JUMP	0
0x0012f1c8	0x001ef144	READ	0
0x0012f1c8	0x001ef14c	READ	0
0x0012f1cb	0x0012f1e4	CONDITIONAL_JUMP	0
0x0012f1d2	0x0012f1c8	CONDITIONAL_JUMP	0
0x0012f1e0	0x0012f1fc	UNCONDITIONAL_JUMP	0
0x0012f1e4	0x001ef148	WRITE	0
0x0012f1e9	0x0012f1fc	UNCONDITIONAL_JUMP	0
0x0012f1ef	0x001dc2ec	DATA	0
0x0012f1f4	0x0010c0d8	UNCONDITIONAL_CALL	0
0x0012f1fd	0x00135584	UNCONDITIONAL_CALL	0
0x0012f208	0x001eef30	DATA	1
0x0012f210	0x001dc2c8	READ	1
0x0012f219	0x001eef54	DATA	1
0x0012f222	0x0012f234	CONDITIONAL_JUMP	0
0x0012f224	0x001eef38	READ	0
0x0012f224	0x001eef44	READ	0
0x0012f227	0x0012f140	CONDITIONAL_JUMP	0
0x0012f232	0x0012f224	CONDITIONAL_JUMP	0
0x0012f240	0x0012ef3c	UNCONDITIONAL_JUMP	0
0x0012f248	0xStack[0x4]	READ	1
0x0012f251	0x0012f28c	CONDITIONAL_JUMP	0
0x0012f256	0x0012f26f	CONDITIONAL_JUMP	0
0x0012f25e	0x001dc4d8	DATA	0
0x0012f263	0x0010c0d8	UNCONDITIONAL_CALL	0
0x0012f26f	0xStack[-0x24]	READ	0
0x0012f273	0x0012f295	CONDITIONAL_JUMP	0
0x0012f275	0xStack[0x4]	READ	1
0x0012f27c	0x001dc4ea	DATA	0
0x0012f281	0x0010c100	UNCONDITIONAL_CALL	0
0x0012f289	0x0012f295	UNCONDITIONAL_JUMP	0
0x0012f28f	0xStack[0x4]	READ	1
0x0012f29c	0x0012f2f0	CONDITIONAL_JUMP	0
0x0012f2a0	0x0012f2f0	CONDITIONAL_JUMP	0
0x0012f2a2	0x001ef140	DATA	1
0x0012f2a7	0x001dc2c8	READ	1
0x0012f2b4	0x001ef140	DATA	1
0x0012f2bc	0x0012f2cc	CONDITIONAL_JUMP	0
0x0012f2c0	0x001ef144	READ	0
0x0012f2c0	0x001ef14c	READ	0
0x0012f2c3	0x0012f2dc	CONDITIONAL_JUMP	0
0x0012f2ca	0x0012f2c0	CONDITIONAL_JUMP	0
0x0012f2d8	0x0012f300	UNCONDITIONAL_JUMP	0
0x0012f2dc	0x001ef148	WRITE	0
0x0012f2e1	0x0012f300	UNCONDITIONAL_JUMP	0
0x0012f2e4	0x001eef40	WRITE	0
0x0012f2eb	0x0012f340	UNCONDITIONAL_JUMP	0
0x0012f2f3	0x001dc2ec	DATA	0
0x0012f2f8	0x0010c0d8	UNCONDITIONAL_CALL	0
0x0012f301	0x00135584	UNCONDITIONAL_CALL	0
0x0012f30c	0x001eef30	DATA	1
0x0012f314	0x001dc2c8	READ	1
0x0012f31d	0x001eef54	DATA	1
0x0012f326	0x0012f334	CONDITIONAL_JUMP	0
0x0012f328	0x001eef38	READ	0
0x0012f328	0x001eef44	READ	0
0x0012f32b	0x0012f2e4	CONDITIONAL_JUMP	0
0x0012f332	0x0012f328	CONDITIONAL_JUMP	0
0x0012f340	0xStack[-0x1c]	READ	0
0x0012f344	0x0012f352	CONDITIONAL_JUMP	0
0x0012f346	0xStack[-0x1c]	READ	1
0x0012f34a	0x00108384	UNCONDITIONAL_CALL	0
0x0012f352	0xStack[-0x10]	READ	1
0x0012f357	0x0012f374	CONDITIONAL_JUMP	0
0x0012f359	0xStack[-0xc]	READ	0
0x0012f35d	0x0012f374	CONDITIONAL_JUMP	0
0x0012f360	0x001dc4fc	DATA	0
0x0012f365	0x0010c0d8	UNCONDITIONAL_CALL	0
0x0012f36a	0x001dc520	DATA	0
0x0012f36f	0x0010ca6c	UNCONDITIONAL_CALL	0
0x0012f374	0xStack[-0xc]	READ	1
0x0012f377	0xStack[-0x34]	DATA	0
0x0012f388	0xStack[0x4]	READ	1
0x0012f38b	0xStack[0x8]	READ	1
0x0012f396	0x0012f3a0	CONDITIONAL_JUMP	0
0x0012f39e	0x0012f3a7	UNCONDITIONAL_JUMP	0
0x0012f3af	0x0012f3bc	CONDITIONAL_JUMP	0
0x0012f3b8	0x0012f3c0	UNCONDITIONAL_JUMP	0
0x0012f3c8	0x0012f3d4	CONDITIONAL_JUMP	0
0x0012f3d1	0x0012f3d8	UNCONDITIONAL_JUMP	0
0x0012f3f6	0xStack[-0x8]	READ	1
0x0012f405	0xStack[0x4]	READ	1
0x0012f408	0xStack[0x8]	READ	1
0x0012f40b	0xStack[0xc]	READ	1
0x0012f418	0x001013cc	UNCONDITIONAL_CALL	0
0x0012f420	0xStack[-0xc]	DATA	0
0x0012f42f	0xStack[0x4]	READ	1
0x0012f439	0x0012f458	CONDITIONAL_JUMP	0
0x0012f445	0x0012f458	CONDITIONAL_JUMP	0
0x0012f447	0x001e8758	READ	1
0x0012f46b	0xStack[0x4]	READ	1
0x0012f46e	0xStack[0x8]	READ	1
0x0012f47e	0x0012f483	CONDITIONAL_JUMP	0
0x0012f490	0x0012f4db	UNCONDITIONAL_JUMP	0
0x0012f494	0x001dc528	READ	1
0x0012f49b	0x001dc528	WRITE	0
0x0012f4a1	0x0012f7d0	UNCONDITIONAL_CALL	0
0x0012f4a7	0x0012f720	UNCONDITIONAL_CALL	0
0x0012f4ad	0x0012f820	UNCONDITIONAL_CALL	0
0x0012f4b6	0x0015eae8	UNCONDITIONAL_CALL	0
0x0012f4bf	0x001e90cc	READ	1
0x0012f4c6	0x0016b84c	UNCONDITIONAL_CALL	0
0x0012f4cc	0x001dc52c	READ	1
0x0012f4d3	0x0016b84c	UNCONDITIONAL_CALL	0
0x0012f4db	0x001dc528	READ	1
0x0012f4e3	0x0012f494	CONDITIONAL_JUMP	0
0x0012f4e5	0xStack[-0x8]	READ	1
0x0012f4f5	0xStack[-0x8]	WRITE	0
0x0012f4f9	0xStack[0xc]	READ	1
0x0012f4fd	0xStack[0x4]	READ	1
0x0012f501	0x0012f8a8	UNCONDITIONAL_CALL	0
0x0012f50d	0x0012f654	CONDITIONAL_JUMP	0
0x0012f513	0x001dc528	READ	1
0x0012f51a	0x0012f554	CONDITIONAL_JUMP	0
0x0012f51c	0x001dc2c0	READ	1
0x0012f522	0x001ef024	READ	0
0x0012f528	0x0012f554	CONDITIONAL_JUMP	0
0x0012f52e	0x001dc528	WRITE	0
0x0012f535	0x0012f7d0	UNCONDITIONAL_CALL	0
0x0012f53b	0x0012f720	UNCONDITIONAL_CALL	0
0x0012f541	0x0012f820	UNCONDITIONAL_CALL	0
0x0012f546	0x001ef038	READ_WRITE	0
0x0012f54f	0x0012f5a4	UNCONDITIONAL_JUMP	0
0x0012f554	0x001dc52c	READ	0
0x0012f55b	0x0012f57d	CONDITIONAL_JUMP	0
0x0012f55d	0x001dc530	DATA	0
0x0012f566	0x001e8480	DATA	0
0x0012f570	0x0016a490	UNCONDITIONAL_CALL	0
0x0012f575	0x001dc52c	WRITE	0
0x0012f57d	0x001dc52c	READ	1
0x0012f584	0x0016b790	UNCONDITIONAL_CALL	0
0x0012f596	0x0015e0b4	UNCONDITIONAL_CALL	0
0x0012f59b	0x001ef024	READ_WRITE	0
0x0012f5aa	0xStack[-0xc]	WRITE	0
0x0012f5b3	0x00101600	UNCONDITIONAL_CALL	0
0x0012f5b8	0xStack[-0xc]	READ	1
0x0012f5bf	0x0015eae8	UNCONDITIONAL_CALL	0
0x0012f5df	0xStack[0x4]	READ	1
0x0012f5e3	0x001013cc	UNCONDITIONAL_CALL	0
0x0012f5ee	0x001dca20	DATA	1
0x0012f5f8	0xStack[0x8]	READ	0
0x0012f5fc	0x0012f636	CONDITIONAL_JUMP	0
0x0012f5fe	0xStack[0x8]	READ	1
0x0012f606	0x0012f613	CONDITIONAL_JUMP	0
0x0012f60c	0x0012f613	CONDITIONAL_JUMP	0
0x0012f616	0xStack[0x8]	READ	1
0x0012f61c	0x0012f624	CONDITIONAL_JUMP	0
0x0012f622	0x0012f630	CONDITIONAL_JUMP	0
0x0012f624	0xStack[0x8]	READ	1
0x0012f62b	0x0012f632	UNCONDITIONAL_JUMP	0
0x0012f639	0xStack[0xc]	READ	1
0x0012f640	0x0012f698	UNCONDITIONAL_CALL	0
0x0012f64e	0xStack[-0x8]	READ_WRITE	0
0x0012f657	0xStack[0x8]	READ	0
0x0012f65b	0x0012f68a	CONDITIONAL_JUMP	0
0x0012f65d	0xStack[-0x8]	READ	0
0x0012f661	0x0012f680	CONDITIONAL_JUMP	0
0x0012f665	0xStack[0x8]	READ	1
0x0012f66c	0xStack[0x8]	READ	1
0x0012f678	0x0012c290	UNCONDITIONAL_CALL	0
0x0012f680	0xStack[0x8]	READ	1
0x0012f685	0x0012c2f8	UNCONDITIONAL_CALL	0
0x0012f68c	0xStack[-0x18]	DATA	0
0x0012f69b	0xStack[0x4]	READ	1
0x0012f6d1	0x001ef040	DATA	1
0x0012f70e	0x001ef040	DATA	0
0x0012f715	0x001ef02c	READ_WRITE	0
0x0012f724	0xStack[0x4]	READ	1
0x0012f75c	0x001ef040	DATA	1
0x0012f765	0x0012f7c9	CONDITIONAL_JUMP	0
0x0012f76a	0x0012f7c0	CONDITIONAL_JUMP	0
0x0012f76e	0x0012f7b0	CONDITIONAL_JUMP	0
0x0012f7a6	0x001ef040	DATA	0
0x0012f7ad	0x0012f7b6	UNCONDITIONAL_JUMP	0
0x0012f7b6	0x001ef02c	READ_WRITE	0
0x0012f7bc	0x0012f7c9	UNCONDITIONAL_JUMP	0
0x0012f7c7	0x0012f768	CONDITIONAL_JUMP	0
0x0012f7c9	0xStack[-0x8]	READ	1
0x0012f7d3	0xStack[0x4]	READ	1
0x0012f7da	0x0012f81b	CONDITIONAL_JUMP	0
0x0012f7de	0x0012f7ec	CONDITIONAL_JUMP	0
0x0012f7e0	0x001dc528	WRITE	0
0x0012f7ea	0x0012f808	UNCONDITIONAL_JUMP	0
0x0012f7ec	0x001dc528	READ	0
0x0012f7f2	0x0012f7f9	CONDITIONAL_JUMP	0
0x0012f7f4	0x001dc528	WRITE	0
0x0012f815	0x001ef028	READ_WRITE	0
0x0012f824	0xStack[0x4]	READ	1
0x0012f82c	0x0012f83b	CONDITIONAL_JUMP	0
0x0012f82f	0x00108384	UNCONDITIONAL_CALL	0
0x0012f83b	0xStack[-0x8]	READ	1
0x0012f848	0xStack[0x4]	READ	1
0x0012f85c	0x0012f86b	CONDITIONAL_JUMP	0
0x0012f85f	0x00108384	UNCONDITIONAL_CALL	0
0x0012f86e	0x0012f8a0	CONDITIONAL_JUMP	0
0x0012f870	0x001dc528	READ	1
0x0012f878	0x0012f884	CONDITIONAL_JUMP	0
0x0012f87f	0x0012f894	UNCONDITIONAL_JUMP	0
0x0012f894	0x001dc528	WRITE	0
0x0012f89a	0x001ef028	READ_WRITE	0
0x0012f8a0	0xStack[-0x8]	READ	1
0x0012f8ae	0xStack[0x4]	READ	1
0x0012f8e4	0x001ef040	DATA	1
0x0012f8ed	0x0012f9e3	CONDITIONAL_JUMP	0
0x0012f8fe	0x001012fc	UNCONDITIONAL_CALL	0
0x0012f908	0x0012f9d8	CONDITIONAL_JUMP	0
0x0012f90e	0xStack[0x8]	READ	1
0x0012f914	0x0012f9d8	CONDITIONAL_JUMP	0
0x0012f929	0x0012f988	CONDITIONAL_JUMP	0
0x0012f92f	0x0012f973	CONDITIONAL_JUMP	0
0x0012f933	0x0012f944	CONDITIONAL_JUMP	0
0x0012f935	0x001dc528	WRITE	0
0x0012f93f	0x0012f960	UNCONDITIONAL_JUMP	0
0x0012f944	0x001dc528	READ	0
0x0012f94a	0x0012f951	CONDITIONAL_JUMP	0
0x0012f94c	0x001dc528	WRITE	0
0x0012f96d	0x001ef028	READ_WRITE	0
0x0012f97f	0x001ef034	READ_WRITE	0
0x0012f985	0x0012f98e	UNCONDITIONAL_JUMP	0
0x0012f988	0x001ef014	READ_WRITE	0
0x0012f992	0x0012f9d3	CONDITIONAL_JUMP	0
0x0012f996	0x0012f9a4	CONDITIONAL_JUMP	0
0x0012f998	0x001dc528	WRITE	0
0x0012f9a2	0x0012f9c0	UNCONDITIONAL_JUMP	0
0x0012f9a4	0x001dc528	READ	0
0x0012f9aa	0x0012f9b1	CONDITIONAL_JUMP	0
0x0012f9ac	0x001dc528	WRITE	0
0x0012f9cd	0x001ef028	READ_WRITE	0
0x0012f9d5	0x0012f9e5	UNCONDITIONAL_JUMP	0
0x0012f9dd	0x0012f8f4	CONDITIONAL_JUMP	0
0x0012f9e5	0xStack[-0x10]	DATA	0
0x0012f9f9	0x001ef040	DATA	1
0x0012f9fe	0x001ef140	DATA	1
0x0012fa04	0x0012fb8b	CONDITIONAL_JUMP	0
0x0012fa0c	0x001ef040	READ	1
0x0012fa0c	0x001ef044	READ	1
0x0012fa10	0x0012fb7c	CONDITIONAL_JUMP	0
0x0012fa1b	0xStack[-0x8]	WRITE	0
0x0012fa21	0xStack[0x4]	READ	1
0x0012fa27	0x0012fb71	CONDITIONAL_JUMP	0
0x0012fa62	0x001ef040	DATA	1
0x0012fa6b	0x0012fad1	CONDITIONAL_JUMP	0
0x0012fa72	0x0012fac8	CONDITIONAL_JUMP	0
0x0012fa76	0x0012fab8	CONDITIONAL_JUMP	0
0x0012faae	0x001ef040	DATA	0
0x0012fab5	0x0012fabe	UNCONDITIONAL_JUMP	0
0x0012fabe	0x001ef02c	READ_WRITE	0
0x0012fac4	0x0012fad1	UNCONDITIONAL_JUMP	0
0x0012facf	0x0012fa70	CONDITIONAL_JUMP	0
0x0012fad6	0x0011b020	UNCONDITIONAL_CALL	0
0x0012fadc	0x0011b7ac	UNCONDITIONAL_CALL	0
0x0012fae9	0x0012fb68	CONDITIONAL_JUMP	0
0x0012fb1e	0x001ef040	DATA	1
0x0012fb5b	0x001ef040	DATA	0
0x0012fb62	0x001ef02c	READ_WRITE	0
0x0012fb69	0x0011df54	UNCONDITIONAL_CALL	0
0x0012fb71	0xStack[-0x8]	READ	1
0x0012fb76	0x0012fa18	CONDITIONAL_JUMP	0
0x0012fb7f	0x001ef140	DATA	1
0x0012fb85	0x0012fa0c	CONDITIONAL_JUMP	0
0x0012fb8b	0xStack[-0x14]	DATA	0
0x0012fb9e	0xStack[0x4]	READ	1
0x0012fba1	0x001ef040	DATA	1
0x0012fba6	0x001ef140	DATA	1
0x0012fbac	0x0012fbed	CONDITIONAL_JUMP	0
0x0012fbb0	0x001ef040	READ	1
0x0012fbb0	0x001ef044	READ	1
0x0012fbb4	0x0012fbe2	CONDITIONAL_JUMP	0
0x0012fbbf	0x0012fbdb	CONDITIONAL_JUMP	0
0x0012fbc8	0x0012fbdb	CONDITIONAL_JUMP	0
0x0012fbcc	0x0012fbd2	CONDITIONAL_JUMP	0
0x0012fbd0	0x0012fbdb	CONDITIONAL_JUMP	0
0x0012fbd3	0x001337d0	UNCONDITIONAL_CALL	0
0x0012fbe0	0x0012fbb8	CONDITIONAL_JUMP	0
0x0012fbe5	0x001ef140	DATA	1
0x0012fbeb	0x0012fbb0	CONDITIONAL_JUMP	0
0x0012fbed	0xStack[-0x10]	DATA	0
0x0012fc05	0x0015a75c	UNCONDITIONAL_CALL	0
0x0012fc0e	0x001dc541	DATA	1
0x0012fc16	0x001dc545	DATA	1
0x0012fc1b	0x0012fc2d	CONDITIONAL_JUMP	0
0x0012fc20	0x001dc541	READ	1
0x0012fc20	0x001dc542	READ	1
0x0012fc26	0x001dc545	DATA	1
0x0012fc2b	0x0012fc20	CONDITIONAL_JUMP	0
0x0012fc2d	0x001e59b0	READ	0
0x0012fc34	0x0012fc49	CONDITIONAL_JUMP	0
0x0012fc36	0xStack[-0xc]	DATA	0
0x0012fc3a	0x0010ac84	UNCONDITIONAL_CALL	0
0x0012fc3f	0xStack[-0xc]	READ	1
0x0012fc43	0x001e59b0	WRITE	0
0x0012fc49	0x001e59b0	READ	1
0x0012fc4f	0x001e59b0	READ_WRITE	0
0x0012fc57	0x0012fc6f	CONDITIONAL_JUMP	0
0x0012fc61	0x001dc546	DATA	1
0x0012fc6d	0x0012fc5c	CONDITIONAL_JUMP	0
0x0012fc74	0xStack[-0x14]	DATA	0
0x0012fc84	0xStack[0x4]	READ	1
0x0012fc87	0x0012fca8	UNCONDITIONAL_JUMP	0
0x0012fc8c	0x001e8b54	READ	1
0x0012fc94	0x0012fcb1	CONDITIONAL_JUMP	0
0x0012fca0	0x0010a588	UNCONDITIONAL_CALL	0
0x0012fcaf	0x0012fc8c	CONDITIONAL_JUMP	0
0x0012fcb1	0x001e8b54	READ	1
0x0012fcc2	0xStack[-0x8]	READ	1
0x0012fcd0	0xStack[0x4]	READ	1
0x0012fce1	0x0012fcf0	CONDITIONAL_JUMP	0
0x0012fce3	0x001dc557	DATA	0
0x0012fce8	0x0010ca6c	UNCONDITIONAL_CALL	0
0x0012fcf5	0x0012fd14	CONDITIONAL_JUMP	0
0x0012fd06	0x0012fd14	CONDITIONAL_JUMP	0
0x0012fd0f	0x0010ab38	UNCONDITIONAL_CALL	0
0x0012fd14	0xStack[-0x8]	READ	1
0x0012fd22	0xStack[0x4]	READ	1
0x0012fd25	0xStack[0x8]	READ	1
0x0012fd28	0x0012fda5	UNCONDITIONAL_JUMP	0
0x0012fd2c	0x001e8b54	READ	1
0x0012fd34	0x0012fdb2	CONDITIONAL_JUMP	0
0x0012fd39	0x0012fd48	CONDITIONAL_JUMP	0
0x0012fd3b	0x001ef01c	READ_WRITE	0
0x0012fd46	0x0012fdc5	UNCONDITIONAL_JUMP	0
0x0012fd4f	0x0018c0d8	UNCONDITIONAL_CALL	0
0x0012fd58	0x001dee30	READ	1
0x0012fd61	0x0012fdd0	DATA	0
0x0012fd66	0x00103658	UNCONDITIONAL_CALL	0
0x0012fd6e	0x0010a588	UNCONDITIONAL_CALL	0
0x0012fd74	0x0012fdd0	DATA	0
0x0012fd79	0x00103684	UNCONDITIONAL_CALL	0
0x0012fd83	0x0012fd9c	CONDITIONAL_JUMP	0
0x0012fd85	0x001ef020	READ_WRITE	0
0x0012fd90	0x0018b544	UNCONDITIONAL_CALL	0
0x0012fd9a	0x0012fdc5	UNCONDITIONAL_JUMP	0
0x0012fd9d	0x0018b544	UNCONDITIONAL_CALL	0
0x0012fdac	0x0012fd2c	CONDITIONAL_JUMP	0
0x0012fdb2	0x001e8b54	READ	1
0x0012fdc5	0xStack[-0x10]	DATA	0
0x0012fdd3	0xStack[0x4]	READ	1
0x0012fdd6	0x001ef018	READ_WRITE	0
0x0012fdde	0x0012fde6	CONDITIONAL_JUMP	0
0x0012fde1	0x0010ab38	UNCONDITIONAL_CALL	0
0x0012fdf8	0xStack[0xc]	READ	1
0x0012fdfc	0x001dc5c0	DATA	0
0x0012fe01	0x00191ba0	UNCONDITIONAL_CALL	0
0x0012fe06	0xStack[-0x144]	DATA	0
0x0012fe0d	0x0011c97c	UNCONDITIONAL_CALL	0
0x0012fe12	0xStack[-0x140]	READ	1
0x0012fe21	0xStack[-0x14]	DATA	0
0x0012fe25	0xStack[-0x118]	DATA	0
0x0012fe2c	0x001dc5c5	DATA	1
0x0012fe31	0xStack[0xc]	READ	1
0x0012fe37	0x0012fe3c	CONDITIONAL_JUMP	0
0x0012fe39	0xStack[0xc]	READ	1
0x0012fe3c	0x001dc5c5	DATA	0
0x0012fe3d	0x001306a8	UNCONDITIONAL_CALL	0
0x0012fe4a	0x0012fe7a	CONDITIONAL_JUMP	0
0x0012fe4e	0x0012fe75	CONDITIONAL_JUMP	0
0x0012fe50	0x001dc5ca	DATA	1
0x0012fe55	0xStack[0xc]	READ	1
0x0012fe5b	0x0012fe60	CONDITIONAL_JUMP	0
0x0012fe5d	0xStack[0xc]	READ	1
0x0012fe60	0x001dc5ca	DATA	0
0x0012fe61	0x001dc5bc	READ	1
0x0012fe67	0x001dc57c	DATA	0
0x0012fe68	0x0010c0d8	UNCONDITIONAL_CALL	0
0x0012fe78	0x0012fe20	CONDITIONAL_JUMP	0
0x0012fe7c	0x0012fe9c	CONDITIONAL_JUMP	0
0x0012fe7f	0x001dc5cf	DATA	0
0x0012fe84	0x0010c0d8	UNCONDITIONAL_CALL	0
0x0012fe89	0xStack[-0x144]	DATA	0
0x0012fe90	0x0011cb84	UNCONDITIONAL_CALL	0
0x0012fe97	0x00130335	UNCONDITIONAL_JUMP	0
0x0012fe9e	0x0012fead	CONDITIONAL_JUMP	0
0x0012fea0	0x001dc5f7	DATA	0
0x0012fea5	0x0010c0d8	UNCONDITIONAL_CALL	0
0x0012fead	0xStack[-0x138]	DATA	0
0x0012feb3	0xStack[-0x170]	WRITE	0
0x0012febb	0xStack[-0x118]	DATA	0
0x0012fec1	0xStack[-0x174]	WRITE	0
0x0012fec8	0xStack[-0x14]	DATA	0
0x0012fecc	0x001308b0	UNCONDITIONAL_CALL	0
0x0012fed8	0x0012ff00	CONDITIONAL_JUMP	0
0x0012feda	0xStack[-0x144]	DATA	0
0x0012fee1	0x0011cb84	UNCONDITIONAL_CALL	0
0x0012fee8	0xStack[-0x174]	READ	1
0x0012feef	0x001dc614	DATA	0
0x0012fef4	0x0010c0d8	UNCONDITIONAL_CALL	0
0x0012fefb	0x00130335	UNCONDITIONAL_JUMP	0
0x0012ff06	0xStack[-0x174]	READ	1
0x0012ff0d	0xStack[-0x170]	READ	1
0x0012ff15	0xStack[0x4]	READ	1
0x0012ff19	0xStack[-0x168]	DATA	0
0x0012ff20	0x00130d00	UNCONDITIONAL_CALL	0
0x0012ff2c	0x0012ff44	CONDITIONAL_JUMP	0
0x0012ff2e	0xStack[-0x144]	DATA	0
0x0012ff35	0x0011cb84	UNCONDITIONAL_CALL	0
0x0012ff3c	0x00130335	UNCONDITIONAL_JUMP	0
0x0012ff46	0xStack[0x4]	READ	1
0x0012ff4c	0x00119794	UNCONDITIONAL_CALL	0
0x0012ff58	0x0012ff70	CONDITIONAL_JUMP	0
0x0012ff5a	0xStack[-0x144]	DATA	0
0x0012ff61	0x0011cb84	UNCONDITIONAL_CALL	0
0x0012ff68	0x00130335	UNCONDITIONAL_JUMP	0
0x0012ff70	0xStack[0x4]	READ	1
0x0012ffb1	0xStack[-0x168]	READ	1
0x0012ffbb	0x00119940	UNCONDITIONAL_CALL	0
0x0012ffc0	0xStack[-0x168]	READ	1
0x0012ffc6	0xStack[0x8]	READ	1
0x0012ffcb	0xStack[-0x174]	READ	1
0x0012ffd2	0xStack[0xc]	READ	1
0x0012ffd6	0x00101b48	UNCONDITIONAL_CALL	0
0x0012ffe1	0x00101b48	UNCONDITIONAL_CALL	0
0x0012ffe6	0xStack[-0x164]	WRITE	0
0x0012ffed	0xStack[-0x164]	DATA	0
0x0012fff4	0x001dc63c	DATA	0
0x0012fff9	0x00191ba0	UNCONDITIONAL_CALL	0
0x00130005	0xStack[-0x14]	DATA	0
0x00130009	0xStack[-0x118]	DATA	0
0x00130010	0x001dc644	DATA	1
0x00130015	0xStack[-0x164]	READ	0
0x0013001c	0x00130024	CONDITIONAL_JUMP	0
0x0013001e	0xStack[-0x164]	DATA	0
0x00130024	0x001dc644	DATA	0
0x00130025	0x001306a8	UNCONDITIONAL_CALL	0
0x00130032	0x00130066	CONDITIONAL_JUMP	0
0x00130036	0x00130061	CONDITIONAL_JUMP	0
0x00130038	0x001dc64c	DATA	1
0x0013003d	0xStack[-0x164]	READ	0
0x00130044	0x0013004c	CONDITIONAL_JUMP	0
0x00130046	0xStack[-0x164]	DATA	0
0x0013004c	0x001dc64c	DATA	0
0x0013004d	0x001dc5bc	READ	1
0x00130053	0x001dc57c	DATA	0
0x00130054	0x0010c0d8	UNCONDITIONAL_CALL	0
0x00130064	0x00130004	CONDITIONAL_JUMP	0
0x00130068	0x001300a4	CONDITIONAL_JUMP	0
0x0013006d	0x00130080	CONDITIONAL_JUMP	0
0x0013006f	0x001dc654	DATA	0
0x00130074	0x0010c0d8	UNCONDITIONAL_CALL	0
0x0013007e	0x0013008e	UNCONDITIONAL_JUMP	0
0x00130081	0x001dc67a	DATA	0
0x00130086	0x0010c0d8	UNCONDITIONAL_CALL	0
0x0013008e	0xStack[-0x144]	DATA	0
0x00130095	0x0011cb84	UNCONDITIONAL_CALL	0
0x0013009c	0x00130335	UNCONDITIONAL_JUMP	0
0x001300a6	0x001300b5	CONDITIONAL_JUMP	0
0x001300a8	0x001dc6a2	DATA	0
0x001300ad	0x0010c0d8	UNCONDITIONAL_CALL	0
0x001300b8	0x00101fc4	UNCONDITIONAL_CALL	0
0x001300c4	0x001300cc	CONDITIONAL_JUMP	0
0x001300ca	0x001300d1	UNCONDITIONAL_JUMP	0
0x001300cc	0x001dc6bf	DATA	1
0x001300d1	0xStack[-0x138]	DATA	0
0x001300d7	0xStack[-0x178]	WRITE	0
0x001300df	0xStack[-0x118]	DATA	0
0x001300e5	0xStack[-0x17c]	WRITE	0
0x001300ec	0xStack[-0x14]	DATA	0
0x001300ef	0xStack[-0x180]	WRITE	0
0x001300f6	0x001308b0	UNCONDITIONAL_CALL	0
0x00130102	0x0013012c	CONDITIONAL_JUMP	0
0x00130104	0xStack[-0x144]	DATA	0
0x0013010b	0x0011cb84	UNCONDITIONAL_CALL	0
0x00130112	0xStack[-0x17c]	READ	1
0x00130119	0x001dc6c8	DATA	0
0x0013011e	0x0010c0d8	UNCONDITIONAL_CALL	0
0x00130125	0x00130335	UNCONDITIONAL_JUMP	0
0x0013012c	0x001e97a4	READ	1
0x00130134	0x001e97a0	DATA	0
0x00130146	0x00130155	CONDITIONAL_JUMP	0
0x00130148	0x001dc6f3	DATA	0
0x0013014d	0x0010ca6c	UNCONDITIONAL_CALL	0
0x00130155	0x001e8758	READ	1
0x0013015a	0x001e97a0	READ	1
0x00130166	0x001e8758	READ	1
0x00130175	0x001e8758	READ	1
0x00130184	0xStack[-0x16c]	DATA	0
0x00130192	0x0011c0f8	UNCONDITIONAL_CALL	0
0x0013019e	0x001301a9	CONDITIONAL_JUMP	0
0x001301a0	0xStack[-0x16c]	READ	0
0x001301a7	0x001301d8	CONDITIONAL_JUMP	0
0x001301a9	0x001dc718	DATA	0
0x001301ae	0x0010c0d8	UNCONDITIONAL_CALL	0
0x001301b3	0x001e8758	READ	1
0x001301bf	0x0011df54	UNCONDITIONAL_CALL	0
0x001301c4	0xStack[-0x144]	DATA	0
0x001301cb	0x0011cb84	UNCONDITIONAL_CALL	0
0x001301d2	0x00130335	UNCONDITIONAL_JUMP	0
0x001301d8	0x001e8758	READ	1
0x001301e4	0x0011df54	UNCONDITIONAL_CALL	0
0x001301e9	0x001e97a0	READ	1
0x001301f0	0x0011df54	UNCONDITIONAL_CALL	0
0x001301f5	0x0011b754	UNCONDITIONAL_CALL	0
0x001301ff	0x0015a75c	UNCONDITIONAL_CALL	0
0x0013020c	0x001dc560	DATA	1
0x00130235	0x001e8758	READ	1
0x0013024e	0xStack[-0x17c]	READ	1
0x00130255	0xStack[-0x178]	READ	1
0x0013025c	0xStack[-0x180]	READ	1
0x00130264	0xStack[-0x168]	DATA	0
0x0013026b	0x00130d00	UNCONDITIONAL_CALL	0
0x00130277	0x00130298	CONDITIONAL_JUMP	0
0x00130279	0xStack[-0x144]	DATA	0
0x00130280	0x0011cb84	UNCONDITIONAL_CALL	0
0x0013028b	0x0015a824	UNCONDITIONAL_CALL	0
0x00130292	0x00130335	UNCONDITIONAL_JUMP	0
0x0013029b	0xStack[-0x16c]	READ	1
0x001302a2	0x00119794	UNCONDITIONAL_CALL	0
0x001302ae	0x001302d4	CONDITIONAL_JUMP	0
0x001302b1	0x00130f38	UNCONDITIONAL_CALL	0
0x001302b6	0xStack[-0x144]	DATA	0
0x001302bd	0x0011cb84	UNCONDITIONAL_CALL	0
0x001302c8	0x0015a824	UNCONDITIONAL_CALL	0
0x001302cf	0x00130335	UNCONDITIONAL_JUMP	0
0x001302d4	0xStack[0x4]	READ	1
0x001302f6	0xStack[-0x140]	READ	1
0x001302fd	0xStack[0x4]	READ	1
0x00130304	0x00101bc0	UNCONDITIONAL_CALL	0
0x00130309	0xStack[-0x168]	READ	1
0x00130313	0x00119940	UNCONDITIONAL_CALL	0
0x00130318	0xStack[0x4]	READ	1
0x00130322	0x0012ed7c	UNCONDITIONAL_CALL	0
0x00130327	0xStack[-0x144]	DATA	0
0x0013032e	0x0011cb84	UNCONDITIONAL_CALL	0
0x00130335	0xStack[-0x18c]	DATA	0
0x00130350	0x001dc76c	READ	0
0x00130357	0x00130360	CONDITIONAL_JUMP	0
0x0013035b	0x00130698	UNCONDITIONAL_JUMP	0
0x00130360	0x001dc76c	WRITE	0
0x0013036c	0xStack[-0x14]	DATA	0
0x0013036f	0xStack[-0x8c]	WRITE	0
0x00130376	0x00101600	UNCONDITIONAL_CALL	0
0x0013037d	0x0011eef8	UNCONDITIONAL_CALL	0
0x00130389	0x001303a0	CONDITIONAL_JUMP	0
0x0013038b	0x001dc770	DATA	0
0x00130390	0x0010c0d8	UNCONDITIONAL_CALL	0
0x0013039a	0x00130698	UNCONDITIONAL_JUMP	0
0x001303a0	0x00191d4c	UNCONDITIONAL_CALL	0
0x001303a7	0x001303b6	CONDITIONAL_JUMP	0
0x001303a9	0x001dc782	DATA	0
0x001303ae	0x0010ca6c	UNCONDITIONAL_CALL	0
0x001303b7	0xStack[-0x4c]	DATA	0
0x001303c2	0x001236e0	UNCONDITIONAL_CALL	0
0x001303c7	0xStack[-0x88]	WRITE	0
0x001303d2	0x001303f7	CONDITIONAL_JUMP	0
0x001303d9	0xStack[-0x88]	READ	1
0x001303e0	0x001dc79d	DATA	0
0x001303e5	0x0010c0d8	UNCONDITIONAL_CALL	0
0x001303ea	0x001dc7c4	DATA	0
0x001303ef	0x0010ca6c	UNCONDITIONAL_CALL	0
0x001303f9	0xStack[-0x8c]	READ	1
0x00130400	0xStack[-0x3c]	DATA	0
0x00130404	0x001013cc	UNCONDITIONAL_CALL	0
0x0013040b	0x001e59d8	DATA	0
0x00130411	0x001013cc	UNCONDITIONAL_CALL	0
0x00130416	0xStack[-0x1c]	WRITE	0
0x00130426	0x001236e0	UNCONDITIONAL_CALL	0
0x00130432	0x00130441	CONDITIONAL_JUMP	0
0x00130434	0x001dc7e2	DATA	0
0x00130439	0x0010ca6c	UNCONDITIONAL_CALL	0
0x00130441	0xStack[-0x38]	READ	1
0x00130444	0xStack[-0x50]	WRITE	0
0x00130449	0xStack[-0x18]	DATA	0
0x0013044d	0xStack[-0x50]	DATA	0
0x00130451	0x001013cc	UNCONDITIONAL_CALL	0
0x00130456	0xStack[-0x84]	WRITE	0
0x0013045d	0xStack[-0x80]	WRITE	0
0x00130469	0x0015a75c	UNCONDITIONAL_CALL	0
0x00130470	0xStack[-0x2c]	WRITE	0
0x00130478	0x0015a75c	UNCONDITIONAL_CALL	0
0x0013047f	0xStack[-0x28]	WRITE	0
0x00130487	0xStack[-0x8c]	READ	1
0x0013048d	0xStack[-0x90]	WRITE	0
0x0013049d	0xStack[-0x12]	WRITE	0
0x001304a1	0x001e8758	READ	1
0x001304b4	0xStack[-0x90]	READ	1
0x001304bb	0x001353b0	UNCONDITIONAL_CALL	0
0x001304c7	0x001304d6	CONDITIONAL_JUMP	0
0x001304c9	0x001dc746	DATA	0
0x001304ce	0x0010ca6c	UNCONDITIONAL_CALL	0
0x001304d6	0xStack[-0x68]	WRITE	0
0x001304dd	0xStack[-0x64]	WRITE	0
0x001304e4	0xStack[-0x60]	WRITE	0
0x001304eb	0xStack[-0x1c]	DATA	0
0x001304ee	0xStack[-0x58]	WRITE	0
0x001304f1	0x001388f4	DATA	1
0x001304f1	0xStack[-0x54]	WRITE	0
0x001304f8	0xStack[-0x7c]	DATA	0
0x001304fb	0xStack[-0x78]	WRITE	0
0x001304fe	0xStack[-0x2c]	DATA	0
0x00130501	0xStack[-0x70]	WRITE	0
0x00130504	0x00138930	DATA	1
0x00130504	0xStack[-0x6c]	WRITE	0
0x0013050d	0xStack[-0x80]	READ	0
0x00130510	0xStack[-0x84]	READ	0
0x00130513	0xStack[-0x78]	DATA	0
0x00130517	0x001361f4	DATA	0
0x0013051c	0xStack[-0x68]	DATA	0
0x00130520	0x00136114	DATA	0
0x00130528	0x001355a8	UNCONDITIONAL_CALL	0
0x00130541	0x00130565	CONDITIONAL_JUMP	0
0x00130545	0x00130565	CONDITIONAL_JUMP	0
0x00130547	0x001dc7fd	DATA	0
0x0013054c	0x0010c0d8	UNCONDITIONAL_CALL	0
0x00130553	0x001dc82b	DATA	0
0x00130558	0x0010c0d8	UNCONDITIONAL_CALL	0
0x00130565	0xStack[-0x84]	WRITE	0
0x0013056c	0xStack[-0x80]	WRITE	0
0x00130576	0x00130494	CONDITIONAL_JUMP	0
0x0013057e	0x0013058d	CONDITIONAL_JUMP	0
0x00130580	0x001dc84d	DATA	0
0x00130585	0x0010c0d8	UNCONDITIONAL_CALL	0
0x0013058f	0x001305ac	CONDITIONAL_JUMP	0
0x00130591	0xStack[-0x88]	WRITE	0
0x00130598	0x001dc86a	DATA	0
0x0013059d	0x0010c0d8	UNCONDITIONAL_CALL	0
0x001305a5	0x00130676	UNCONDITIONAL_JUMP	0
0x001305ac	0xStack[-0x2c]	READ	1
0x001305c2	0x001e8de0	WRITE	0
0x001305ce	0x001305d8	CONDITIONAL_JUMP	0
0x001305d0	0x001dc891	DATA	0
0x001305d5	0x00130640	UNCONDITIONAL_JUMP	0
0x001305da	0x001305f8	CONDITIONAL_JUMP	0
0x001305dc	0x001dc8ab	DATA	0
0x001305e1	0x0010c0d8	UNCONDITIONAL_CALL	0
0x001305e6	0xStack[-0x88]	WRITE	0
0x001305f3	0x00130676	UNCONDITIONAL_JUMP	0
0x001305f9	0x001e8ce0	DATA	0
0x001305ff	0x001013cc	UNCONDITIONAL_CALL	0
0x00130607	0x001e8ce0	DATA	0
0x0013060c	0x001dc8c1	DATA	0
0x00130611	0x0010c0d8	UNCONDITIONAL_CALL	0
0x00130616	0xStack[-0x28]	READ	1
0x0013062a	0x001e8cc0	WRITE	0
0x00130639	0x00130654	CONDITIONAL_JUMP	0
0x0013063b	0x001dc8cf	DATA	0
0x00130640	0x0010c0d8	UNCONDITIONAL_CALL	0
0x00130645	0xStack[-0x88]	WRITE	0
0x00130652	0x00130676	UNCONDITIONAL_JUMP	0
0x00130656	0x00130676	CONDITIONAL_JUMP	0
0x00130659	0x001e8bc0	DATA	0
0x0013065f	0x001013cc	UNCONDITIONAL_CALL	0
0x00130664	0x001e8bc0	DATA	0
0x00130669	0x001dc8eb	DATA	0
0x0013066e	0x0010c0d8	UNCONDITIONAL_CALL	0
0x0013067b	0xStack[-0x2c]	READ	1
0x0013067f	0x0015a824	UNCONDITIONAL_CALL	0
0x00130689	0xStack[-0x28]	READ	1
0x0013068d	0x0015a824	UNCONDITIONAL_CALL	0
0x00130692	0xStack[-0x88]	READ	1
0x00130698	0xStack[-0x9c]	DATA	0
0x001306b1	0xStack[-0x54]	WRITE	0
0x001306b8	0xStack[-0x50]	WRITE	0
0x001306bf	0x001e8ce0	DATA	1
0x001306bf	0xStack[-0x1c]	WRITE	0
0x001306c6	0xStack[0x4]	READ	1
0x001306c9	0xStack[-0x18]	WRITE	0
0x001306ce	0xStack[-0x14]	DATA	0
0x001306d2	0x00101600	UNCONDITIONAL_CALL	0
0x001306d7	0x00130344	UNCONDITIONAL_CALL	0
0x001306e1	0x001308a4	CONDITIONAL_JUMP	0
0x001306ec	0x0015a75c	UNCONDITIONAL_CALL	0
0x001306f1	0xStack[-0x14]	WRITE	0
0x001306f9	0x0015a75c	UNCONDITIONAL_CALL	0
0x001306fe	0xStack[-0x8]	WRITE	0
0x00130701	0xStack[-0x58]	WRITE	0
0x00130715	0x001e59da	WRITE	0
0x0013071c	0x001e8758	READ	1
0x0013072f	0x001e59d8	DATA	0
0x00130734	0x001353b0	UNCONDITIONAL_CALL	0
0x00130740	0x0013074f	CONDITIONAL_JUMP	0
0x00130742	0x001dc746	DATA	0
0x00130747	0x0010ca6c	UNCONDITIONAL_CALL	0
0x0013074f	0xStack[-0x34]	WRITE	0
0x00130756	0xStack[-0x30]	WRITE	0
0x0013075d	0xStack[-0x2c]	WRITE	0
0x00130764	0xStack[-0x1c]	DATA	0
0x00130767	0xStack[-0x24]	WRITE	0
0x0013076a	0x001389b4	DATA	1
0x0013076a	0xStack[-0x20]	WRITE	0
0x00130771	0xStack[-0x48]	DATA	0
0x00130774	0xStack[-0x44]	WRITE	0
0x00130777	0xStack[-0x14]	DATA	0
0x0013077a	0xStack[-0x3c]	WRITE	0
0x0013077d	0x00138a0c	DATA	1
0x0013077d	0xStack[-0x38]	WRITE	0
0x00130786	0xStack[-0x50]	READ	0
0x00130789	0xStack[-0x54]	READ	0
0x0013078c	0xStack[-0x44]	DATA	0
0x00130790	0x001361f4	DATA	0
0x00130795	0xStack[-0x34]	DATA	0
0x00130799	0x00136114	DATA	0
0x001307a1	0x001355a8	UNCONDITIONAL_CALL	0
0x001307ba	0x001307c9	CONDITIONAL_JUMP	0
0x001307bc	0xStack[-0x58]	READ_WRITE	0
0x001307bf	0xStack[-0x58]	READ	0
0x001307c3	0x0013070c	CONDITIONAL_JUMP	0
0x001307cb	0x001307ea	CONDITIONAL_JUMP	0
0x001307cd	0xStack[-0x14]	READ	1
0x001307d1	0xStack[0x8]	READ	1
0x001307d5	0x00101b48	UNCONDITIONAL_CALL	0
0x001307da	0xStack[-0x8]	READ	1
0x001307de	0xStack[0x10]	READ	1
0x001307e2	0x00101b48	UNCONDITIONAL_CALL	0
0x001307ef	0xStack[-0x14]	READ	1
0x001307f3	0x0015a824	UNCONDITIONAL_CALL	0
0x001307fd	0xStack[-0x8]	READ	1
0x00130801	0x0015a824	UNCONDITIONAL_CALL	0
0x0013080b	0x00130824	CONDITIONAL_JUMP	0
0x00130815	0x001308a4	CONDITIONAL_JUMP	0
0x0013081d	0x001308a4	UNCONDITIONAL_JUMP	0
0x00130826	0xStack[-0x4c]	DATA	0
0x0013082a	0xStack[-0xc]	DATA	0
0x0013082e	0x001013cc	UNCONDITIONAL_CALL	0
0x00130836	0xStack[0x8]	READ	1
0x0013083c	0x0013084c	CONDITIONAL_JUMP	0
0x0013083e	0xStack[0x10]	READ	1
0x00130844	0x0013084c	CONDITIONAL_JUMP	0
0x00130846	0xStack[-0x4c]	READ	0
0x0013084a	0x00130854	CONDITIONAL_JUMP	0
0x00130851	0x001308a4	UNCONDITIONAL_JUMP	0
0x00130854	0xStack[-0x10]	READ	1
0x0013085a	0x00130870	CONDITIONAL_JUMP	0
0x0013085d	0x001dc8fb	DATA	0
0x00130862	0x0010c0d8	UNCONDITIONAL_CALL	0
0x0013086c	0x001308a4	UNCONDITIONAL_JUMP	0
0x00130872	0xStack[0xc]	READ	1
0x00130876	0x00101600	UNCONDITIONAL_CALL	0
0x0013087b	0xStack[0xc]	READ	1
0x00130883	0xStack[-0x4c]	READ	1
0x0013088c	0xStack[0x10]	READ	1
0x00130890	0xStack[0x8]	READ	1
0x00130894	0xStack[0x4]	READ	1
0x00130898	0x001dc91d	DATA	0
0x0013089d	0x0010c0d8	UNCONDITIONAL_CALL	0
0x001308a4	0xStack[-0x64]	DATA	0
0x001308c5	0xStack[0x4]	READ	1
0x001308c9	0x00135df4	UNCONDITIONAL_CALL	0
0x001308d4	0x001309ac	CONDITIONAL_JUMP	0
0x001308dd	0x001308f8	CONDITIONAL_JUMP	0
0x001308df	0xStack[0xc]	READ	1
0x001308e3	0xStack[0x8]	READ	1
0x001308e7	0x001dc93c	DATA	0
0x001308ec	0x0010c0d8	UNCONDITIONAL_CALL	0
0x001308f4	0x001308bc	UNCONDITIONAL_JUMP	0
0x001308f8	0xStack[0xc]	DATA	0
0x001308fb	0xStack[-0x2c]	WRITE	0
0x001308fe	0xStack[-0x28]	DATA	0
0x00130901	0xStack[-0x30]	WRITE	0
0x00130904	0x001e8758	READ	1
0x00130917	0xStack[0x4]	READ	1
0x0013091b	0x001353b0	UNCONDITIONAL_CALL	0
0x0013092e	0xStack[-0x30]	READ	1
0x00130932	0x00138a90	DATA	0
0x00130937	0xStack[-0x2c]	READ	1
0x0013093b	0x00138814	DATA	0
0x00130947	0xStack[-0x34]	WRITE	0
0x00130961	0xStack[-0x34]	READ	1
0x0013096a	0x00130984	CONDITIONAL_JUMP	0
0x0013096c	0xStack[0xc]	READ	1
0x00130970	0xStack[0x8]	READ	1
0x00130974	0x001dc964	DATA	0
0x00130979	0x0010c0d8	UNCONDITIONAL_CALL	0
0x00130981	0x00130904	UNCONDITIONAL_JUMP	0
0x00130986	0x001309b4	CONDITIONAL_JUMP	0
0x00130991	0xStack[0x4]	READ	1
0x00130998	0xStack[0x10]	READ	1
0x0013099b	0xStack[-0x24]	DATA	0
0x001309a6	0xStack[-0x28]	READ	1
0x001309a9	0x001309b7	UNCONDITIONAL_JUMP	0
0x001309b1	0x001309b7	UNCONDITIONAL_JUMP	0
0x001309b4	0xStack[-0x34]	READ	1
0x001309b7	0xStack[-0x44]	DATA	0
0x001309d0	0xStack[0x4]	READ	1
0x001309d3	0xStack[-0x194]	WRITE	0
0x001309e1	0x001309ec	CONDITIONAL_JUMP	0
0x001309e5	0x00130cf3	UNCONDITIONAL_JUMP	0
0x001309ee	0xStack[-0x188]	DATA	0
0x001309f5	0xStack[0xc]	READ	1
0x001309f9	0x00189a5c	UNCONDITIONAL_CALL	0
0x00130a05	0x00130ce1	CONDITIONAL_JUMP	0
0x00130a0d	0xStack[-0x34]	DATA	0
0x00130a11	0xStack[-0x188]	READ	1
0x00130a18	0x00189a5c	UNCONDITIONAL_CALL	0
0x00130a24	0x00130ce1	CONDITIONAL_JUMP	0
0x00130a2a	0xStack[-0x34]	READ	0
0x00130a2f	0x00130a3c	CONDITIONAL_JUMP	0
0x00130a36	0x00130ce1	UNCONDITIONAL_JUMP	0
0x00130a3e	0xStack[-0x24]	DATA	0
0x00130a42	0xStack[-0x184]	READ	1
0x00130a49	0x00189a5c	UNCONDITIONAL_CALL	0
0x00130a55	0x00130ce1	CONDITIONAL_JUMP	0
0x00130a5b	0xStack[-0x180]	READ	0
0x00130a62	0x00130a8c	CONDITIONAL_JUMP	0
0x00130a64	0xStack[-0x18c]	DATA	0
0x00130a6d	0xStack[-0x54]	DATA	0
0x00130a71	0xStack[-0x16c]	READ	1
0x00130a78	0x0018a0a4	UNCONDITIONAL_CALL	0
0x00130a84	0x00130ce1	CONDITIONAL_JUMP	0
0x00130a8a	0x00130a99	UNCONDITIONAL_JUMP	0
0x00130a8c	0xStack[-0x54]	DATA	0
0x00130a91	0x001310d8	UNCONDITIONAL_CALL	0
0x00130a99	0xStack[-0x17f]	READ	0
0x00130aa0	0x00130ac8	CONDITIONAL_JUMP	0
0x00130aa2	0xStack[-0x190]	DATA	0
0x00130aae	0xStack[-0x154]	DATA	0
0x00130ab5	0xStack[-0x158]	READ	1
0x00130abc	0x0018a0a4	UNCONDITIONAL_CALL	0
0x00130ac4	0x00130ad2	UNCONDITIONAL_JUMP	0
0x00130ac8	0xStack[-0x190]	WRITE	0
0x00130ad2	0xStack[-0x180]	READ	1
0x00130ad9	0xStack[-0x190]	READ	1
0x00130ae0	0xStack[-0x154]	DATA	0
0x00130ae7	0xStack[-0x54]	DATA	0
0x00130aeb	0xStack[-0x24]	DATA	0
0x00130aef	0xStack[-0x34]	DATA	0
0x00130af4	0xStack[-0x194]	DATA	0
0x00130afb	0x00130d00	UNCONDITIONAL_CALL	0
0x00130b07	0x00130cf3	CONDITIONAL_JUMP	0
0x00130b0d	0xStack[-0x194]	READ	1
0x00130b1c	0xStack[-0x180]	READ	1
0x00130b37	0xStack[-0x180]	READ	1
0x00130b4d	0xStack[-0x180]	READ	0
0x00130b54	0x00130b68	CONDITIONAL_JUMP	0
0x00130b56	0xStack[-0x170]	READ	1
0x00130b5f	0xStack[-0x170]	READ	0
0x00130b66	0x00130bb5	CONDITIONAL_JUMP	0
0x00130b68	0xStack[-0x180]	READ	0
0x00130b6f	0x00130b83	CONDITIONAL_JUMP	0
0x00130b71	0xStack[-0x174]	READ	1
0x00130b7a	0xStack[-0x174]	READ	0
0x00130b81	0x00130bb5	CONDITIONAL_JUMP	0
0x00130b83	0xStack[-0x180]	READ	0
0x00130b8a	0x00130ba2	CONDITIONAL_JUMP	0
0x00130b8c	0xStack[-0x178]	READ	1
0x00130b94	0x00130bb5	CONDITIONAL_JUMP	0
0x00130b9b	0x00130b9f	CONDITIONAL_JUMP	0
0x00130ba2	0xStack[-0x180]	READ	0
0x00130ba9	0x00130bcc	CONDITIONAL_JUMP	0
0x00130bab	0xStack[-0x17c]	READ	1
0x00130bb3	0x00130bc0	CONDITIONAL_JUMP	0
0x00130bba	0x00130ce1	UNCONDITIONAL_JUMP	0
0x00130bc5	0x00130bc9	CONDITIONAL_JUMP	0
0x00130bcc	0xStack[-0x17f]	READ	0
0x00130bd3	0x00130c0d	CONDITIONAL_JUMP	0
0x00130bd5	0xStack[-0x168]	READ	1
0x00130bdd	0x00130be8	CONDITIONAL_JUMP	0
0x00130be6	0x00130c0d	UNCONDITIONAL_JUMP	0
0x00130bea	0x00130bfc	CONDITIONAL_JUMP	0
0x00130bf1	0x001dc991	DATA	0
0x00130bf6	0x00130cbf	UNCONDITIONAL_JUMP	0
0x00130c02	0x0010cd2c	UNCONDITIONAL_CALL	0
0x00130c0d	0xStack[-0x17f]	READ	0
0x00130c14	0x00130c51	CONDITIONAL_JUMP	0
0x00130c16	0xStack[-0x164]	READ	1
0x00130c1e	0x00130c2c	CONDITIONAL_JUMP	0
0x00130c27	0x00130c51	UNCONDITIONAL_JUMP	0
0x00130c2f	0x00130c40	CONDITIONAL_JUMP	0
0x00130c36	0x001dc9ab	DATA	0
0x00130c3b	0x00130cbf	UNCONDITIONAL_JUMP	0
0x00130c46	0x0010cd2c	UNCONDITIONAL_CALL	0
0x00130c51	0xStack[-0x17f]	READ	0
0x00130c58	0x00130c91	CONDITIONAL_JUMP	0
0x00130c5a	0xStack[-0x160]	READ	1
0x00130c62	0x00130c70	CONDITIONAL_JUMP	0
0x00130c6b	0x00130c91	UNCONDITIONAL_JUMP	0
0x00130c72	0x00130c80	CONDITIONAL_JUMP	0
0x00130c79	0x001dc9cb	DATA	0
0x00130c7e	0x00130cbf	UNCONDITIONAL_JUMP	0
0x00130c86	0x0010cd2c	UNCONDITIONAL_CALL	0
0x00130c91	0xStack[-0x17f]	READ	0
0x00130c98	0x00130cdd	CONDITIONAL_JUMP	0
0x00130c9a	0xStack[-0x15c]	READ	1
0x00130ca2	0x00130cb0	CONDITIONAL_JUMP	0
0x00130cab	0x00130cdd	UNCONDITIONAL_JUMP	0
0x00130cb3	0x00130ccc	CONDITIONAL_JUMP	0
0x00130cba	0x001dc9e5	DATA	0
0x00130cbf	0x0010c0d8	UNCONDITIONAL_CALL	0
0x00130cc7	0x00130cdd	UNCONDITIONAL_JUMP	0
0x00130cd2	0x0010cd2c	UNCONDITIONAL_CALL	0
0x00130cdf	0x00130cf1	CONDITIONAL_JUMP	0
0x00130ce1	0xStack[-0x194]	READ	1
0x00130ce9	0x00130cf1	CONDITIONAL_JUMP	0
0x00130cec	0x0011df54	UNCONDITIONAL_CALL	0
0x00130cf3	0xStack[-0x1a0]	DATA	0
0x00130d0c	0xStack[0xc]	READ	1
0x00130d13	0x0015a75c	UNCONDITIONAL_CALL	0
0x00130d1d	0x00101600	UNCONDITIONAL_CALL	0
0x00130d22	0xStack[0x20]	READ	1
0x00130d29	0xStack[-0xd0]	WRITE	0
0x00130d34	0xStack[-0xd0]	READ	1
0x00130d3a	0xStack[0x20]	READ	1
0x00130d40	0xStack[-0xd4]	WRITE	0
0x00130d46	0xStack[-0xd4]	READ	1
0x00130d7f	0x001e59b8	DATA	0
0x00130d84	0x00119af4	UNCONDITIONAL_CALL	0
0x00130d92	0xStack[0x14]	READ	1
0x00130d96	0x001013cc	UNCONDITIONAL_CALL	0
0x00130dba	0xStack[0x20]	READ	1
0x00130dc0	0x00130eec	CONDITIONAL_JUMP	0
0x00130dcd	0xStack[0x1c]	READ	1
0x00130dd5	0x00130df1	CONDITIONAL_JUMP	0
0x00130dd8	0x0015a75c	UNCONDITIONAL_CALL	0
0x00130de0	0xStack[0x1c]	READ	1
0x00130de5	0xStack[0x18]	READ	1
0x00130de9	0x001013cc	UNCONDITIONAL_CALL	0
0x00130df4	0xStack[0x8]	READ	1
0x00130e0a	0xStack[0x10]	READ	1
0x00130e0e	0x0012f4ec	UNCONDITIONAL_CALL	0
0x00130e1e	0x00130eec	CONDITIONAL_JUMP	0
0x00130e2d	0x001e8758	READ	1
0x00130e37	0xStack[-0x44]	DATA	0
0x00130e3a	0xStack[-0xcc]	WRITE	0
0x00130e4e	0x00130ef1	CONDITIONAL_JUMP	0
0x00130e55	0x0011df54	UNCONDITIONAL_CALL	0
0x00130e5a	0xStack[-0x88]	DATA	0
0x00130e61	0xStack[-0xcc]	READ	1
0x00130e68	0x0012c814	UNCONDITIONAL_CALL	0
0x00130e6d	0xStack[0x8]	READ	1
0x00130e72	0xStack[0x10]	READ	1
0x00130e76	0x0012f4ec	UNCONDITIONAL_CALL	0
0x00130e84	0xStack[0x8]	READ	1
0x00130e8a	0xStack[-0xc8]	DATA	0
0x00130e91	0xStack[0x8]	READ	1
0x00130ea1	0x00130ef1	CONDITIONAL_JUMP	0
0x00130ea3	0x0012c808	UNCONDITIONAL_CALL	0
0x00130eae	0x0010cd2c	UNCONDITIONAL_CALL	0
0x00130ebd	0xStack[0x8]	READ	1
0x00130ec7	0x001e8758	READ	1
0x00130ed2	0x001e8758	READ	1
0x00130ee0	0xStack[0x4]	READ	1
0x00130ee7	0x00130f29	UNCONDITIONAL_JUMP	0
0x00130ef3	0x00130f14	CONDITIONAL_JUMP	0
0x00130efa	0x00130f09	CONDITIONAL_JUMP	0
0x00130f01	0x0015a824	UNCONDITIONAL_CALL	0
0x00130f0c	0x0015a824	UNCONDITIONAL_CALL	0
0x00130f16	0x00130f1e	CONDITIONAL_JUMP	0
0x00130f19	0x0011df54	UNCONDITIONAL_CALL	0
0x00130f1e	0xStack[0x4]	READ	1
0x00130f29	0xStack[-0xe0]	DATA	0
0x00130f3d	0xStack[0x4]	READ	1
0x00130f47	0x0012fb98	UNCONDITIONAL_CALL	0
0x00130f4d	0x0012f9f0	UNCONDITIONAL_CALL	0
0x00130f59	0x00130f65	CONDITIONAL_JUMP	0
0x00130f63	0x00130f6c	CONDITIONAL_JUMP	0
0x00130f6a	0x00130fb9	UNCONDITIONAL_JUMP	0
0x00130f70	0x0012f720	UNCONDITIONAL_CALL	0
0x00130f7c	0x0012f820	UNCONDITIONAL_CALL	0
0x00130f85	0x0011df54	UNCONDITIONAL_CALL	0
0x00130f8e	0x001e59b8	DATA	0
0x00130f93	0x00119b5c	UNCONDITIONAL_CALL	0
0x00130fa0	0x00130faf	CONDITIONAL_JUMP	0
0x00130fa7	0x0015a824	UNCONDITIONAL_CALL	0
0x00130fb2	0x0015a824	UNCONDITIONAL_CALL	0
0x00130fb9	0xStack[-0xc]	DATA	0
0x00130fc7	0xStack[0x4]	READ	1
0x00130fca	0xStack[0x8]	READ	1
0x00130fed	0xStack[0x8]	READ	1
0x00130ff0	0xStack[0x4]	READ	1
0x00131002	0x001e8758	READ	1
0x0013100b	0xStack[-0x1c]	DATA	0
0x0013100f	0x00134c54	DATA	0
0x00131015	0x0013412c	DATA	0
0x0013101d	0x0012eef4	UNCONDITIONAL_CALL	0
0x00131029	0x00131086	CONDITIONAL_JUMP	0
0x0013102b	0xStack[-0x1c]	READ	1
0x00131030	0x00131086	CONDITIONAL_JUMP	0
0x00131037	0x00131048	CONDITIONAL_JUMP	0
0x00131039	0xStack[-0x18]	READ	1
0x0013103e	0x00131042	CONDITIONAL_JUMP	0
0x00131045	0x0013104e	UNCONDITIONAL_JUMP	0
0x00131048	0xStack[-0x18]	READ	1
0x0013104e	0xStack[-0x14]	READ	1
0x00131054	0xStack[-0x10]	READ	1
0x0013105a	0xStack[-0xc]	READ	1
0x00131060	0xStack[-0x8]	READ	1
0x0013107a	0xStack[0x4]	READ	1
0x00131081	0x001013cc	UNCONDITIONAL_CALL	0
0x00131088	0xStack[-0x28]	DATA	0
0x00131097	0x001e59b4	READ	0
0x0013109e	0x001310bd	CONDITIONAL_JUMP	0
0x001310a0	0x001e59b4	WRITE	0
0x001310aa	0xStack[0x4]	READ	1
0x001310ae	0x0012fb98	UNCONDITIONAL_CALL	0
0x001310b3	0x001e59b4	WRITE	0
0x001310c7	0x001dca05	DATA	0
0x001310cc	0x0010ca6c	UNCONDITIONAL_CALL	0
0x001310e1	0xStack[0x4]	READ	1
0x001310e9	0xStack[0x8]	READ	1
0x001310ec	0xStack[-0x10]	DATA	0
0x001310fb	0xStack[-0x14]	WRITE	0
0x00131102	0x001dca0f	DATA	1
0x00131108	0xStack[-0x10]	DATA	0
0x0013110b	0xStack[-0x14]	READ	1
0x00131112	0x001310f0	CONDITIONAL_JUMP	0
0x00131114	0xStack[-0x10]	DATA	0
0x00131119	0xStack[-0x10]	DATA	1
0x00131120	0x00131118	CONDITIONAL_JUMP	0
0x0013112f	0xStack[-0x10]	DATA	0
0x0013113f	0xStack[-0x14]	WRITE	0
0x00131146	0x001dca0f	DATA	1
0x0013114c	0xStack[-0x10]	DATA	0
0x0013114f	0xStack[-0x14]	READ	1
0x00131156	0x00131134	CONDITIONAL_JUMP	0
0x00131158	0xStack[-0x10]	DATA	0
0x0013115d	0xStack[-0x10]	DATA	1
0x00131164	0x0013115c	CONDITIONAL_JUMP	0
0x00131173	0xStack[-0x10]	DATA	0
0x00131183	0xStack[-0x14]	WRITE	0
0x0013118a	0x001dca0f	DATA	1
0x00131190	0xStack[-0x10]	DATA	0
0x00131193	0xStack[-0x14]	READ	1
0x0013119a	0x00131178	CONDITIONAL_JUMP	0
0x0013119c	0xStack[-0x10]	DATA	0
0x001311a1	0xStack[-0x10]	DATA	1
0x001311a8	0x001311a0	CONDITIONAL_JUMP	0
0x001311b7	0xStack[-0x10]	DATA	0
0x001311cc	0x001dca0f	DATA	1
0x001311d2	0xStack[-0x10]	DATA	0
0x001311da	0x001311bc	CONDITIONAL_JUMP	0
0x001311dc	0xStack[-0x10]	DATA	0
0x001311e1	0xStack[-0x10]	DATA	1
0x001311e8	0x001311e0	CONDITIONAL_JUMP	0
0x001311ed	0xStack[-0x20]	DATA	0
0x00131201	0xStack[0x4]	READ	1
0x00131206	0x001dca1c	READ	0
0x0013120d	0x00131220	CONDITIONAL_JUMP	0
0x0013121e	0x0013126b	CONDITIONAL_JUMP	0
0x00131220	0xStack[0xc]	READ	1
0x00131224	0xStack[-0x44]	DATA	0
0x0013122b	0x0012c3fc	UNCONDITIONAL_CALL	0
0x00131237	0x0013125c	CONDITIONAL_JUMP	0
0x0013123b	0xStack[-0x2c]	READ	1
0x0013123f	0xStack[-0x18]	READ	1
0x00131243	0xStack[-0x1c]	READ	1
0x0013124a	0x0012c290	UNCONDITIONAL_CALL	0
0x00131253	0x0012c334	UNCONDITIONAL_CALL	0
0x00131258	0x0013126b	UNCONDITIONAL_JUMP	0
0x0013125f	0x0013126b	CONDITIONAL_JUMP	0
0x00131261	0x001e875c	READ	1
0x0013126d	0xStack[-0x50]	DATA	0
0x0013127e	0xStack[0x4]	READ	1
0x00131281	0xStack[0x8]	READ	1
0x00131284	0xStack[0xc]	READ	0
0x00131288	0x001312e0	CONDITIONAL_JUMP	0
0x00131291	0x0013129a	CONDITIONAL_JUMP	0
0x00131298	0x001312ac	CONDITIONAL_JUMP	0
0x0013129b	0x001337d0	UNCONDITIONAL_CALL	0
0x001312a2	0x0012c258	UNCONDITIONAL_CALL	0
0x001312a7	0x001312d2	UNCONDITIONAL_JUMP	0
0x001312b2	0x001312e0	CONDITIONAL_JUMP	0
0x001312b4	0x001dca1c	READ	0
0x001312bb	0x001312cc	CONDITIONAL_JUMP	0
0x001312ca	0x001312d2	CONDITIONAL_JUMP	0
0x001312cd	0x001337d0	UNCONDITIONAL_CALL	0
0x001312d8	0x001312e0	CONDITIONAL_JUMP	0
0x001312de	0x001312e2	UNCONDITIONAL_JUMP	0
0x001312e2	0xStack[-0x10]	DATA	0
0x001312f5	0xStack[0x4]	READ	1
0x001312fe	0x0013130c	CONDITIONAL_JUMP	0
0x00131305	0x001313b6	UNCONDITIONAL_JUMP	0
0x0013130f	0xStack[0xc]	READ	0
0x00131313	0x00131321	CONDITIONAL_JUMP	0
0x00131315	0xStack[0xc]	READ	0
0x00131319	0x0013134d	CONDITIONAL_JUMP	0
0x0013131f	0x0013134d	CONDITIONAL_JUMP	0
0x00131321	0xStack[0x14]	READ	1
0x0013132c	0x00131337	CONDITIONAL_JUMP	0
0x0013132f	0x00108384	UNCONDITIONAL_CALL	0
0x00131337	0xStack[0x14]	READ	1
0x00131342	0x0013134d	CONDITIONAL_JUMP	0
0x00131345	0x0017e104	UNCONDITIONAL_CALL	0
0x0013134d	0xStack[0x10]	READ	1
0x00131353	0x00131381	CONDITIONAL_JUMP	0
0x00131355	0xStack[0xc]	READ	0
0x00131359	0x00131381	CONDITIONAL_JUMP	0
0x0013135c	0x0012fc80	UNCONDITIONAL_CALL	0
0x00131361	0xStack[0x14]	READ	1
0x00131365	0xStack[-0x44]	DATA	0
0x0013136a	0x00131a58	UNCONDITIONAL_CALL	0
0x00131376	0x001313a0	CONDITIONAL_JUMP	0
0x00131378	0xStack[-0x2c]	READ	1
0x0013137b	0xStack[0x8]	READ	1
0x00131383	0x001313a0	CONDITIONAL_JUMP	0
0x00131385	0xStack[0x14]	READ	1
0x00131389	0xStack[0x10]	READ	1
0x0013138d	0xStack[0xc]	READ	1
0x00131391	0xStack[0x8]	READ	1
0x00131396	0x001313c0	UNCONDITIONAL_CALL	0
0x001313a0	0xStack[0x10]	READ	1
0x001313a6	0x001313b4	CONDITIONAL_JUMP	0
0x001313a8	0xStack[0xc]	READ	0
0x001313ac	0x001313b4	CONDITIONAL_JUMP	0
0x001313af	0x0012fccc	UNCONDITIONAL_CALL	0
0x001313b6	0xStack[-0x50]	DATA	0
0x001313c9	0xStack[-0x5c]	WRITE	0
0x001313d0	0xStack[-0x60]	WRITE	0
0x001313d7	0xStack[0x8]	READ	1
0x001313df	0x001313e8	CONDITIONAL_JUMP	0
0x001313e3	0x00131755	UNCONDITIONAL_JUMP	0
0x001313e8	0xStack[0x8]	READ	1
0x001313f0	0x001313f6	CONDITIONAL_JUMP	0
0x001313f4	0x00131400	CONDITIONAL_JUMP	0
0x001313fb	0x00131755	UNCONDITIONAL_JUMP	0
0x00131400	0xStack[0xc]	READ	0
0x00131404	0x00131468	CONDITIONAL_JUMP	0
0x00131406	0xStack[0x4]	READ	1
0x0013140d	0x00131468	CONDITIONAL_JUMP	0
0x0013140f	0x001e8758	READ	1
0x0013141a	0x00131468	CONDITIONAL_JUMP	0
0x00131421	0x00109870	UNCONDITIONAL_CALL	0
0x0013142b	0x00131755	UNCONDITIONAL_JUMP	0
0x00131431	0x00131746	UNCONDITIONAL_JUMP	0
0x00131439	0x0011b1c4	UNCONDITIONAL_CALL	0
0x0013143e	0xStack[-0x5c]	WRITE	0
0x00131442	0x0011a288	UNCONDITIONAL_CALL	0
0x0013144a	0x00131749	UNCONDITIONAL_JUMP	0
0x00131451	0x0011a288	UNCONDITIONAL_CALL	0
0x00131456	0xStack[-0x5c]	WRITE	0
0x00131460	0x00131749	UNCONDITIONAL_JUMP	0
0x00131468	0xStack[0x4]	READ	1
0x0013146e	0xStack[-0x54]	WRITE	0
0x00131472	0x0012fc80	UNCONDITIONAL_CALL	0
0x00131477	0xStack[0x4]	READ	1
0x00131491	0x001314a0	CONDITIONAL_JUMP	0
0x00131493	0x001dcaac	DATA	0
0x00131498	0x0010ca6c	UNCONDITIONAL_CALL	0
0x001314a0	0xStack[-0x48]	DATA	0
0x001314a3	0xStack[-0x68]	WRITE	0
0x001314a8	0xStack[0x8]	READ	1
0x001314b2	0xStack[-0x58]	WRITE	0
0x001314b5	0xStack[-0x64]	WRITE	0
0x001314bc	0xStack[0x8]	READ	1
0x001314c4	0x001314c8	CONDITIONAL_JUMP	0
0x001314c8	0xStack[0x4]	READ	1
0x001314ce	0xStack[-0x4c]	DATA	0
0x001314d2	0xStack[-0x68]	READ	1
0x001314d6	0xStack[-0x64]	READ	1
0x001314da	0xStack[0x4]	READ	1
0x001314e6	0xStack[0x4]	READ	1
0x001314ed	0x00131544	CONDITIONAL_JUMP	0
0x001314f0	0x0011a558	UNCONDITIONAL_CALL	0
0x001314fa	0xStack[0xc]	READ	0
0x001314fe	0x0013162b	CONDITIONAL_JUMP	0
0x00131504	0xStack[-0x44]	DATA	0
0x00131508	0xStack[0x14]	READ	1
0x00131511	0xStack[0x8]	READ	1
0x00131518	0xStack[-0x58]	READ	1
0x0013151f	0xStack[0x4]	READ	1
0x00131523	0x001318d4	UNCONDITIONAL_CALL	0
0x00131528	0xStack[-0x5c]	WRITE	0
0x00131530	0x0013162b	CONDITIONAL_JUMP	0
0x00131537	0x0011a288	UNCONDITIONAL_CALL	0
0x0013153f	0x00131749	UNCONDITIONAL_JUMP	0
0x00131544	0xStack[0xc]	READ	0
0x00131548	0x001315f4	CONDITIONAL_JUMP	0
0x0013154e	0xStack[-0x64]	READ	0
0x00131552	0x00131578	CONDITIONAL_JUMP	0
0x00131555	0x0011a558	UNCONDITIONAL_CALL	0
0x00131564	0x00101618	UNCONDITIONAL_CALL	0
0x00131570	0x00131628	UNCONDITIONAL_JUMP	0
0x00131578	0xStack[-0x4c]	READ	1
0x0013157c	0xStack[-0x48]	READ	1
0x00131580	0x0011a394	UNCONDITIONAL_CALL	0
0x0013158a	0x0013159e	CONDITIONAL_JUMP	0
0x0013158e	0xStack[0x14]	READ	1
0x00131592	0xStack[-0x48]	READ	1
0x00131596	0x0012c204	UNCONDITIONAL_CALL	0
0x0013159e	0xStack[-0x54]	READ	1
0x001315a7	0xStack[-0x64]	READ	0
0x001315aa	0x001315e8	CONDITIONAL_JUMP	0
0x001315ac	0xStack[0x4]	READ	1
0x001315b2	0xStack[-0x6c]	WRITE	0
0x001315b5	0xStack[-0x50]	DATA	0
0x001315b9	0xStack[-0x68]	READ	1
0x001315c1	0xStack[0x4]	READ	1
0x001315c5	0xStack[-0x6c]	READ	1
0x001315ce	0xStack[-0x50]	READ	1
0x001315d3	0xStack[-0x4c]	READ	1
0x001315d7	0xStack[-0x48]	READ	1
0x001315db	0x00119c10	UNCONDITIONAL_CALL	0
0x001315e5	0x0013162b	UNCONDITIONAL_JUMP	0
0x001315e9	0xStack[-0x4c]	READ	1
0x001315ed	0xStack[-0x48]	READ	1
0x001315f1	0x00131621	UNCONDITIONAL_JUMP	0
0x001315f4	0xStack[-0x54]	READ	1
0x001315fe	0x00131430	CONDITIONAL_JUMP	0
0x00131606	0x00131618	CONDITIONAL_JUMP	0
0x00131609	0xStack[-0x4c]	READ	1
0x0013160d	0xStack[-0x48]	READ	1
0x00131611	0x0011a3e8	UNCONDITIONAL_CALL	0
0x00131616	0x00131626	UNCONDITIONAL_JUMP	0
0x00131619	0xStack[-0x4c]	READ	1
0x0013161d	0xStack[-0x48]	READ	1
0x00131621	0x00119b8c	UNCONDITIONAL_CALL	0
0x0013162e	0x00131438	CONDITIONAL_JUMP	0
0x00131634	0xStack[0xc]	READ	0
0x00131638	0x00131664	CONDITIONAL_JUMP	0
0x0013163a	0xStack[-0x64]	READ	1
0x0013163d	0xStack[-0x54]	READ	1
0x00131649	0xStack[0x8]	READ	1
0x00131651	0x00131450	CONDITIONAL_JUMP	0
0x00131659	0x00131664	CONDITIONAL_JUMP	0
0x0013165d	0xStack[-0x60]	WRITE	0
0x00131664	0xStack[0x8]	READ	1
0x00131668	0xStack[0xc]	READ	1
0x0013166d	0xStack[-0x58]	READ	1
0x00131674	0x0010a384	UNCONDITIONAL_CALL	0
0x00131679	0xStack[-0x70]	WRITE	0
0x0013167c	0x001e875c	READ	1
0x00131681	0xStack[-0x70]	READ	1
0x0013168a	0xStack[0xc]	READ	0
0x0013168e	0x00131698	CONDITIONAL_JUMP	0
0x00131691	0x0011a288	UNCONDITIONAL_CALL	0
0x00131696	0x00131716	UNCONDITIONAL_JUMP	0
0x00131698	0xStack[0x8]	READ	1
0x0013169e	0xStack[-0x54]	READ	1
0x001316a7	0x001316bf	CONDITIONAL_JUMP	0
0x001316af	0xStack[0x4]	READ	1
0x001316b4	0xStack[-0x70]	WRITE	0
0x001316ba	0x001316bf	CONDITIONAL_JUMP	0
0x001316bf	0xStack[0x4]	READ	1
0x001316c6	0x001316f4	CONDITIONAL_JUMP	0
0x001316c8	0xStack[0x14]	READ	1
0x001316cd	0xStack[0x8]	READ	1
0x001316d6	0xStack[-0x58]	READ	1
0x001316dd	0xStack[0x4]	READ	1
0x001316e1	0x00131760	UNCONDITIONAL_CALL	0
0x001316e6	0xStack[-0x5c]	WRITE	0
0x001316ea	0x0011a288	UNCONDITIONAL_CALL	0
0x001316f2	0x00131719	UNCONDITIONAL_JUMP	0
0x001316f4	0xStack[-0x54]	READ	1
0x001316fb	0xStack[-0x58]	READ	1
0x00131702	0x00131710	CONDITIONAL_JUMP	0
0x00131708	0x0011a208	UNCONDITIONAL_CALL	0
0x0013170d	0x00131716	UNCONDITIONAL_JUMP	0
0x00131711	0x0011a1e0	UNCONDITIONAL_CALL	0
0x00131719	0x001e875c	READ	1
0x00131722	0x00131737	CONDITIONAL_JUMP	0
0x00131724	0xStack[0x8]	READ	1
0x0013172b	0x00131737	CONDITIONAL_JUMP	0
0x0013172d	0xStack[-0x60]	READ	0
0x00131731	0x001314a8	CONDITIONAL_JUMP	0
0x00131737	0xStack[-0x5c]	READ	0
0x0013173b	0x00131749	CONDITIONAL_JUMP	0
0x0013173d	0x001e875c	READ	1
0x00131746	0xStack[-0x5c]	WRITE	0
0x00131749	0xStack[-0x54]	READ	1
0x0013174d	0x0012fccc	UNCONDITIONAL_CALL	0
0x00131752	0xStack[-0x5c]	READ	1
0x00131755	0xStack[-0x7c]	DATA	0
0x0013176c	0xStack[0x4]	READ	1
0x0013177b	0xStack[0x10]	READ	0
0x0013177e	0x00131783	CONDITIONAL_JUMP	0
0x00131780	0xStack[0x10]	READ	1
0x00131783	0xStack[0x8]	READ	1
0x00131786	0xStack[-0xc]	WRITE	0
0x00131789	0xStack[-0x3c]	DATA	0
0x0013178c	0xStack[0x4]	READ	1
0x0013179d	0xStack[0xc]	READ	1
0x001317a0	0xStack[-0x1c]	WRITE	0
0x001317a3	0xStack[-0x14]	WRITE	0
0x001317a6	0xStack[-0x10]	WRITE	0
0x001317a9	0xStack[-0x18]	WRITE	0
0x001317ac	0xStack[0x14]	READ	1
0x001317b0	0xStack[-0x84]	DATA	0
0x001317b4	0x0013454c	DATA	0
0x001317b9	0xStack[-0x3c]	DATA	0
0x001317bd	0x00134154	DATA	0
0x001317c4	0xStack[0x4]	READ	1
0x001317d1	0x0012eef4	UNCONDITIONAL_CALL	0
0x001317dd	0x001317fc	CONDITIONAL_JUMP	0
0x001317df	0xStack[-0x84]	READ	1
0x001317e5	0x001317fc	CONDITIONAL_JUMP	0
0x001317e7	0xStack[0x4]	READ	1
0x001317eb	0x0011b158	UNCONDITIONAL_CALL	0
0x001317f0	0xStack[0x4]	READ	1
0x001317f4	0x0012c224	UNCONDITIONAL_CALL	0
0x001317fc	0xStack[0x10]	READ_WRITE	0
0x001317ff	0xStack[0x8]	READ_WRITE	0
0x00131802	0xStack[0xc]	READ_WRITE	0
0x00131807	0x00131823	CONDITIONAL_JUMP	0
0x00131809	0xStack[0x10]	READ	0
0x0013180d	0x0013176c	CONDITIONAL_JUMP	0
0x00131813	0xStack[-0x80]	DATA	0
0x00131817	0xStack[0x4]	READ	1
0x0013181b	0x0012c2f8	UNCONDITIONAL_CALL	0
0x00131826	0x00131838	CONDITIONAL_JUMP	0
0x00131828	0x00131830	CONDITIONAL_JUMP	0
0x0013182c	0x00131888	CONDITIONAL_JUMP	0
0x0013182e	0x00131854	UNCONDITIONAL_JUMP	0
0x00131833	0x00131854	CONDITIONAL_JUMP	0
0x00131835	0x00131888	UNCONDITIONAL_JUMP	0
0x00131838	0xStack[0x4]	READ	1
0x00131848	0x001dcabc	DATA	0
0x0013184d	0x0010c0d8	UNCONDITIONAL_CALL	0
0x00131852	0x00131888	UNCONDITIONAL_JUMP	0
0x00131854	0xStack[0x4]	READ	1
0x00131865	0x001dcaf1	DATA	0
0x0013186a	0x0010c0d8	UNCONDITIONAL_CALL	0
0x0013186f	0xStack[0x4]	READ	1
0x00131879	0x00131898	UNCONDITIONAL_CALL	0
0x0013187e	0x001dcb13	DATA	0
0x00131883	0x0010c0d8	UNCONDITIONAL_CALL	0
0x0013188a	0xStack[-0x90]	DATA	0
0x001318a1	0xStack[-0x24]	DATA	0
0x001318a5	0xStack[0x4]	READ	1
0x001318a9	0x001013cc	UNCONDITIONAL_CALL	0
0x001318b4	0xStack[-0x20]	DATA	1
0x001318b9	0x001dcb15	DATA	0
0x001318be	0x0010c0d8	UNCONDITIONAL_CALL	0
0x001318ca	0x001318b4	CONDITIONAL_JUMP	0
0x001318cc	0xStack[-0x28]	READ	1
0x001318e0	0xStack[0x4]	READ	1
0x001318ef	0xStack[-0xac]	WRITE	0
0x001318f5	0xStack[0x10]	READ	1
0x001318fa	0x00131902	CONDITIONAL_JUMP	0
0x001318fc	0xStack[-0xac]	WRITE	0
0x00131902	0xStack[0x8]	READ	1
0x00131905	0xStack[-0x3c]	WRITE	0
0x00131908	0xStack[-0x30]	DATA	0
0x0013190b	0xStack[0x4]	READ	1
0x0013191c	0xStack[0xc]	READ	1
0x0013191f	0xStack[-0x10]	WRITE	0
0x00131922	0xStack[-0xac]	READ	1
0x00131928	0xStack[-0x8]	WRITE	0
0x0013192b	0xStack[-0xc]	WRITE	0
0x0013192e	0xStack[0x18]	READ	1
0x00131932	0xStack[-0x88]	DATA	0
0x00131939	0x00134518	DATA	0
0x0013193e	0xStack[-0x30]	DATA	0
0x00131942	0x001344b0	DATA	0
0x00131949	0xStack[0x4]	READ	1
0x00131956	0x0012eef4	UNCONDITIONAL_CALL	0
0x00131962	0x00131a14	CONDITIONAL_JUMP	0
0x00131968	0xStack[-0x88]	READ	1
0x00131971	0x001319f2	CONDITIONAL_JUMP	0
0x00131973	0xStack[0x4]	READ	1
0x00131983	0x001dcb19	DATA	0
0x00131988	0x0010c0d8	UNCONDITIONAL_CALL	0
0x0013198d	0xStack[0x4]	READ	1
0x0013199b	0xStack[-0xa8]	DATA	0
0x001319a3	0x001013cc	UNCONDITIONAL_CALL	0
0x001319b0	0xStack[-0xa4]	DATA	1
0x001319b8	0x001dcb15	DATA	0
0x001319bd	0x0010c0d8	UNCONDITIONAL_CALL	0
0x001319c9	0x001319b0	CONDITIONAL_JUMP	0
0x001319cb	0x001dcb40	DATA	0
0x001319d0	0x0010c0d8	UNCONDITIONAL_CALL	0
0x001319db	0x001319f2	CONDITIONAL_JUMP	0
0x001319dd	0xStack[0x4]	READ	1
0x001319e1	0x0011b158	UNCONDITIONAL_CALL	0
0x001319e6	0xStack[0x4]	READ	1
0x001319ea	0x0012c224	UNCONDITIONAL_CALL	0
0x001319f4	0x00131a14	CONDITIONAL_JUMP	0
0x001319f6	0xStack[-0x40]	READ	1
0x001319f9	0xStack[0x10]	READ_WRITE	0
0x001319fc	0xStack[0x8]	READ_WRITE	0
0x001319ff	0xStack[0xc]	READ_WRITE	0
0x00131a02	0xStack[0x10]	READ	0
0x00131a06	0x00131a14	CONDITIONAL_JUMP	0
0x00131a08	0xStack[-0xac]	READ	0
0x00131a0e	0x001318e0	CONDITIONAL_JUMP	0
0x00131a14	0xStack[0x10]	READ	1
0x00131a17	0xStack[0x14]	READ	1
0x00131a1e	0x00131a31	CONDITIONAL_JUMP	0
0x00131a20	0xStack[0x1c]	READ	1
0x00131a24	0xStack[-0x84]	DATA	0
0x00131a28	0xStack[0x4]	READ	1
0x00131a2c	0x0012c6c4	UNCONDITIONAL_CALL	0
0x00131a33	0xStack[-0xbc]	DATA	0
0x00131a5e	0xStack[0x4]	READ	1
0x00131a61	0xStack[0x8]	READ	1
0x00131a64	0xStack[0xc]	READ	1
0x00131a68	0x001337d0	UNCONDITIONAL_CALL	0
0x00131a72	0x0012c4b8	UNCONDITIONAL_CALL	0
0x00131a77	0xStack[-0x10]	DATA	0
0x00131a8d	0xStack[0x4]	READ	1
0x00131a90	0xStack[0x8]	READ	1
0x00131a95	0x0015a75c	UNCONDITIONAL_CALL	0
0x00131a9a	0xStack[-0x50]	WRITE	0
0x00131aa5	0x00131ac6	CONDITIONAL_JUMP	0
0x00131aab	0x00131ac6	CONDITIONAL_JUMP	0
0x00131ab2	0x00131ac6	CONDITIONAL_JUMP	0
0x00131ab8	0x00131ac6	CONDITIONAL_JUMP	0
0x00131abe	0x00131ac6	CONDITIONAL_JUMP	0
0x00131ac4	0x00131ad0	CONDITIONAL_JUMP	0
0x00131acb	0x00131bf5	UNCONDITIONAL_JUMP	0
0x00131ad1	0x001337d0	UNCONDITIONAL_CALL	0
0x00131adf	0x00131b15	CONDITIONAL_JUMP	0
0x00131ae3	0x0015e534	UNCONDITIONAL_CALL	0
0x00131aed	0x00131af8	CONDITIONAL_JUMP	0
0x00131af0	0x001337d0	UNCONDITIONAL_CALL	0
0x00131b01	0x0011b020	UNCONDITIONAL_CALL	0
0x00131b19	0x00131b46	CONDITIONAL_JUMP	0
0x00131b1f	0x00131b46	CONDITIONAL_JUMP	0
0x00131b21	0xStack[-0x4c]	DATA	0
0x00131b25	0x0010ac84	UNCONDITIONAL_CALL	0
0x00131b2a	0xStack[-0x4c]	READ	1
0x00131b30	0xStack[-0x48]	READ	1
0x00131b36	0xStack[-0x4c]	READ	1
0x00131b46	0xStack[-0x44]	DATA	0
0x00131b49	0xStack[-0x54]	WRITE	0
0x00131b4c	0xStack[-0x24]	DATA	0
0x00131b51	0x0012f384	UNCONDITIONAL_CALL	0
0x00131b60	0x001013cc	UNCONDITIONAL_CALL	0
0x00131b65	0xStack[0xc]	READ	1
0x00131b69	0xStack[-0x50]	READ	1
0x00131b6d	0x0013454c	DATA	0
0x00131b72	0xStack[-0x54]	READ	1
0x00131b76	0x00134960	DATA	0
0x00131b87	0x0012eef4	UNCONDITIONAL_CALL	0
0x00131b93	0x00131be8	CONDITIONAL_JUMP	0
0x00131b99	0x00131bc4	CONDITIONAL_JUMP	0
0x00131ba1	0xStack[-0x50]	READ	1
0x00131bad	0x0012c290	UNCONDITIONAL_CALL	0
0x00131bb2	0xStack[-0x50]	READ	1
0x00131bba	0x0012c2f8	UNCONDITIONAL_CALL	0
0x00131bc2	0x00131bf5	UNCONDITIONAL_JUMP	0
0x00131bd4	0x00131bf5	CONDITIONAL_JUMP	0
0x00131bd7	0x0011b158	UNCONDITIONAL_CALL	0
0x00131bdd	0x0012c224	UNCONDITIONAL_CALL	0
0x00131be5	0x00131bf5	UNCONDITIONAL_JUMP	0
0x00131bf7	0xStack[-0x50]	READ	1
0x00131bfb	0x0015a824	UNCONDITIONAL_CALL	0
0x00131c02	0xStack[-0x60]	DATA	0
0x00131c15	0xStack[0x8]	READ	1
0x00131c18	0xStack[0xc]	READ	1
0x00131c1e	0xStack[-0x44]	DATA	0
0x00131c22	0xStack[0x4]	READ	1
0x00131c26	0x0012c4b8	UNCONDITIONAL_CALL	0
0x00131c2d	0x001e875c	READ	1
0x00131c35	0x001e875c	READ	1
0x00131c3f	0x00131c48	CONDITIONAL_JUMP	0
0x00131c44	0x00131ca6	UNCONDITIONAL_JUMP	0
0x00131c4f	0x00131ca4	CONDITIONAL_JUMP	0
0x00131c51	0xStack[-0x3e]	READ	0
0x00131c55	0x00131c88	CONDITIONAL_JUMP	0
0x00131c5a	0xStack[-0x3c]	READ	1
0x00131c62	0x00131c88	CONDITIONAL_JUMP	0
0x00131c6c	0x00131c85	CONDITIONAL_JUMP	0
0x00131c77	0x00131c85	CONDITIONAL_JUMP	0
0x00131c7c	0x00131c88	CONDITIONAL_JUMP	0
0x00131c83	0x00131c70	CONDITIONAL_JUMP	0
0x00131c88	0xStack[-0x40]	READ	1
0x00131c90	0x00131ca4	CONDITIONAL_JUMP	0
0x00131c92	0x001e875c	READ	1
0x00131ca0	0x00131ca6	UNCONDITIONAL_JUMP	0
0x00131ca6	0xStack[-0x50]	DATA	0
0x00131cb8	0xStack[0x4]	READ	1
0x00131cbf	0x00131ccc	CONDITIONAL_JUMP	0
0x00131cc6	0x00131d54	UNCONDITIONAL_JUMP	0
0x00131cd1	0x0015a75c	UNCONDITIONAL_CALL	0
0x00131cd6	0xStack[-0x8]	WRITE	0
0x00131cd9	0xStack[0xc]	READ	1
0x00131cdd	0xStack[-0x10]	DATA	0
0x00131ce1	0x00134580	DATA	0
0x00131ced	0x0013412c	DATA	0
0x00131cfe	0x0012eef4	UNCONDITIONAL_CALL	0
0x00131d0a	0x00131d44	CONDITIONAL_JUMP	0
0x00131d0c	0xStack[-0x10]	READ	1
0x00131d11	0x00131d30	CONDITIONAL_JUMP	0
0x00131d13	0xStack[0x8]	READ	1
0x00131d19	0xStack[-0xc]	READ	1
0x00131d1d	0xStack[-0x8]	READ	1
0x00131d21	0x0010a384	UNCONDITIONAL_CALL	0
0x00131d2b	0x00131d44	UNCONDITIONAL_JUMP	0
0x00131d33	0x00131d44	CONDITIONAL_JUMP	0
0x00131d36	0x0011b158	UNCONDITIONAL_CALL	0
0x00131d3c	0x0012c224	UNCONDITIONAL_CALL	0
0x00131d49	0xStack[-0x8]	READ	1
0x00131d4d	0x0015a824	UNCONDITIONAL_CALL	0
0x00131d54	0xStack[-0x18]	DATA	0
0x00131d65	0xStack[0x4]	READ	1
0x00131d6c	0x0012fc80	UNCONDITIONAL_CALL	0
0x00131d72	0x00133824	UNCONDITIONAL_CALL	0
0x00131d78	0x0012fccc	UNCONDITIONAL_CALL	0
0x00131d81	0xStack[-0xc]	DATA	0
0x00131d94	0xStack[0x4]	READ	1
0x00131d9d	0x0012f720	UNCONDITIONAL_CALL	0
0x00131da9	0x00131e47	CONDITIONAL_JUMP	0
0x00131dba	0x0012fc80	UNCONDITIONAL_CALL	0
0x00131dc7	0xStack[-0x28]	DATA	0
0x00131dcb	0x0012f400	UNCONDITIONAL_CALL	0
0x00131dd4	0xStack[-0x2c]	DATA	0
0x00131dd8	0x00137c58	DATA	0
0x00131dde	0x001348a8	DATA	0
0x00131df2	0x0012eef4	UNCONDITIONAL_CALL	0
0x00131dfe	0x00131e03	CONDITIONAL_JUMP	0
0x00131e00	0xStack[-0x2c]	READ	1
0x00131e0a	0x0012fccc	UNCONDITIONAL_CALL	0
0x00131e13	0x0011df54	UNCONDITIONAL_CALL	0
0x00131e28	0x0015a824	UNCONDITIONAL_CALL	0
0x00131e38	0x00108384	UNCONDITIONAL_CALL	0
0x00131e48	0x0012f844	UNCONDITIONAL_CALL	0
0x00131e4f	0xStack[-0x34]	DATA	0
0x00131e61	0xStack[0x4]	READ	1
0x00131e66	0xStack[0x10]	READ	1
0x00131e6b	0x0012c204	UNCONDITIONAL_CALL	0
0x00131e77	0x00131fd7	CONDITIONAL_JUMP	0
0x00131e81	0x0012fc80	UNCONDITIONAL_CALL	0
0x00131e86	0xStack[0x10]	READ	1
0x00131e8a	0xStack[0x8]	READ	1
0x00131e8f	0x0011b610	UNCONDITIONAL_CALL	0
0x00131e94	0xStack[0xc]	READ	1
0x00131e9e	0x00131edc	CONDITIONAL_JUMP	0
0x00131ea7	0xStack[0x10]	READ	1
0x00131eba	0x00131f90	CONDITIONAL_JUMP	0
0x00131ec0	0xStack[0xc]	READ	1
0x00131ec6	0x0011df54	UNCONDITIONAL_CALL	0
0x00131ecf	0x0012fccc	UNCONDITIONAL_CALL	0
0x00131ed6	0x00131fd7	UNCONDITIONAL_JUMP	0
0x00131ede	0x0015a75c	UNCONDITIONAL_CALL	0
0x00131ee8	0x00101600	UNCONDITIONAL_CALL	0
0x00131eee	0xStack[0x8]	READ	1
0x00131ef2	0xStack[-0x28]	DATA	0
0x00131ef6	0x0012f400	UNCONDITIONAL_CALL	0
0x00131efb	0xStack[0x10]	READ	1
0x00131f00	0x001348f0	DATA	0
0x00131f06	0x001348a8	DATA	0
0x00131f17	0x0012eef4	UNCONDITIONAL_CALL	0
0x00131f23	0x00131f78	CONDITIONAL_JUMP	0
0x00131f2a	0x00131f3b	CONDITIONAL_JUMP	0
0x00131f2d	0x0011b158	UNCONDITIONAL_CALL	0
0x00131f33	0x0012c224	UNCONDITIONAL_CALL	0
0x00131f3d	0x00131f78	CONDITIONAL_JUMP	0
0x00131f4b	0x0012f4ec	UNCONDITIONAL_CALL	0
0x00131f50	0xStack[0xc]	READ	1
0x00131f58	0x001dcb44	READ	0
0x00131f5f	0x00131f81	CONDITIONAL_JUMP	0
0x00131f61	0xStack[0x10]	READ	1
0x00131f66	0xStack[0x8]	READ	1
0x00131f6b	0x0011b31c	UNCONDITIONAL_CALL	0
0x00131f73	0x00131f81	UNCONDITIONAL_JUMP	0
0x00131f78	0xStack[0xc]	READ	1
0x00131f84	0x0015a824	UNCONDITIONAL_CALL	0
0x00131f8e	0x00131fcc	CONDITIONAL_JUMP	0
0x00131f90	0xStack[0xc]	READ	1
0x00131f95	0xStack[-0x2c]	WRITE	0
0x00131fa1	0x00131fa8	CONDITIONAL_JUMP	0
0x00131fa6	0x00131fcc	CONDITIONAL_JUMP	0
0x00131fa9	0xStack[-0x2c]	READ	1
0x00131fb2	0x00139648	UNCONDITIONAL_CALL	0
0x00131fb9	0xStack[0xc]	READ	1
0x00131fbf	0x0011df54	UNCONDITIONAL_CALL	0
0x00131fc4	0xStack[0xc]	READ	1
0x00131fd0	0x0012fccc	UNCONDITIONAL_CALL	0
0x00131fd7	0xStack[-0x38]	DATA	0
0x00131ff0	0xStack[0x10]	READ	0
0x00131ff4	0x001321c0	CONDITIONAL_JUMP	0
0x00131ffc	0xStack[0x1c]	READ	1
0x00132000	0xStack[0x4]	READ	1
0x00132004	0x0012c204	UNCONDITIONAL_CALL	0
0x00132010	0x00132020	CONDITIONAL_JUMP	0
0x00132012	0xStack[-0x104]	WRITE	0
0x00132018	0x0013219f	UNCONDITIONAL_JUMP	0
0x00132020	0xStack[0x4]	READ	1
0x00132027	0x0012fc80	UNCONDITIONAL_CALL	0
0x0013202c	0xStack[0x1c]	READ	1
0x00132030	0xStack[0x8]	READ	1
0x00132034	0xStack[0x4]	READ	1
0x00132038	0x0011b610	UNCONDITIONAL_CALL	0
0x0013203d	0xStack[0x18]	READ	1
0x00132047	0x00132094	CONDITIONAL_JUMP	0
0x00132050	0xStack[0x1c]	READ	1
0x00132056	0xStack[0x4]	READ	1
0x00132066	0x00132154	CONDITIONAL_JUMP	0
0x0013206c	0xStack[0x18]	READ	1
0x00132072	0x0011df54	UNCONDITIONAL_CALL	0
0x00132077	0xStack[0x4]	READ	1
0x0013207e	0x0012fccc	UNCONDITIONAL_CALL	0
0x00132083	0xStack[-0x104]	WRITE	0
0x0013208c	0x0013219f	UNCONDITIONAL_JUMP	0
0x00132096	0x0015a75c	UNCONDITIONAL_CALL	0
0x001320a0	0x00101600	UNCONDITIONAL_CALL	0
0x001320a5	0xStack[0x4]	READ	1
0x001320a9	0xStack[0x8]	READ	1
0x001320ad	0xStack[-0x6c]	DATA	0
0x001320b1	0x0012f400	UNCONDITIONAL_CALL	0
0x001320b6	0xStack[0x1c]	READ	1
0x001320bb	0x001348f0	DATA	0
0x001320c1	0x001348a8	DATA	0
0x001320c8	0xStack[0x4]	READ	1
0x001320d5	0x0012eef4	UNCONDITIONAL_CALL	0
0x001320e1	0x0013213c	CONDITIONAL_JUMP	0
0x001320e8	0x001320fc	CONDITIONAL_JUMP	0
0x001320ea	0xStack[0x4]	READ	1
0x001320ee	0x0011b158	UNCONDITIONAL_CALL	0
0x001320f4	0x0012c224	UNCONDITIONAL_CALL	0
0x001320fe	0x0013213c	CONDITIONAL_JUMP	0
0x00132100	0xStack[0x4]	READ	1
0x0013210f	0x0012f4ec	UNCONDITIONAL_CALL	0
0x00132114	0xStack[0x18]	READ	1
0x0013211c	0x001dcb44	READ	0
0x00132123	0x00132145	CONDITIONAL_JUMP	0
0x00132125	0xStack[0x1c]	READ	1
0x0013212a	0xStack[0x8]	READ	1
0x0013212e	0xStack[0x4]	READ	1
0x00132132	0x0011b31c	UNCONDITIONAL_CALL	0
0x0013213a	0x00132145	UNCONDITIONAL_JUMP	0
0x0013213c	0xStack[0x18]	READ	1
0x00132148	0x0015a824	UNCONDITIONAL_CALL	0
0x00132152	0x0013218a	CONDITIONAL_JUMP	0
0x00132154	0xStack[0x18]	READ	1
0x00132162	0x00132169	CONDITIONAL_JUMP	0
0x00132167	0x0013218a	CONDITIONAL_JUMP	0
0x00132170	0x00139648	UNCONDITIONAL_CALL	0
0x00132177	0xStack[0x18]	READ	1
0x0013217d	0x0011df54	UNCONDITIONAL_CALL	0
0x00132182	0xStack[0x18]	READ	1
0x0013218a	0xStack[0x4]	READ	1
0x00132191	0x0012fccc	UNCONDITIONAL_CALL	0
0x00132196	0xStack[-0x104]	WRITE	0
0x0013219f	0xStack[-0x104]	READ	0
0x001321a6	0x001321c0	CONDITIONAL_JUMP	0
0x001321a8	0xStack[0x18]	READ	1
0x001321ae	0x0011df54	UNCONDITIONAL_CALL	0
0x001321b8	0x001325d3	UNCONDITIONAL_JUMP	0
0x001321c0	0xStack[0x18]	READ	1
0x001321cb	0x0015a75c	UNCONDITIONAL_CALL	0
0x001321d0	0xStack[-0xf8]	WRITE	0
0x001321d8	0xStack[-0xf8]	READ	1
0x001321df	0x00101600	UNCONDITIONAL_CALL	0
0x001321e4	0xStack[0x4]	READ	1
0x001321e8	0xStack[0x8]	READ	1
0x001321ec	0xStack[-0x48]	DATA	0
0x001321f0	0x0012f400	UNCONDITIONAL_CALL	0
0x001321f6	0x0012f42c	UNCONDITIONAL_CALL	0
0x001321fb	0xStack[0xc]	READ	1
0x0013220a	0x00132214	CONDITIONAL_JUMP	0
0x00132212	0x00132222	UNCONDITIONAL_JUMP	0
0x00132217	0x00132230	CONDITIONAL_JUMP	0
0x00132219	0xStack[0xc]	READ	1
0x00132222	0xStack[0xc]	READ	1
0x0013222c	0x00132256	UNCONDITIONAL_JUMP	0
0x00132233	0x00132248	CONDITIONAL_JUMP	0
0x00132235	0xStack[0xc]	READ	1
0x00132245	0x00132256	UNCONDITIONAL_JUMP	0
0x0013224b	0x00132256	CONDITIONAL_JUMP	0
0x0013224d	0xStack[0xc]	READ	1
0x00132256	0xStack[-0x48]	DATA	0
0x00132259	0xStack[-0x24]	DATA	0
0x0013225d	0xStack[0xc]	READ	1
0x00132261	0x0012f384	UNCONDITIONAL_CALL	0
0x00132266	0xStack[0x4]	READ	1
0x0013226d	0x0012fc80	UNCONDITIONAL_CALL	0
0x00132272	0xStack[0x8]	READ	1
0x00132276	0xStack[0x4]	READ	1
0x0013227a	0x0011b6f0	UNCONDITIONAL_CALL	0
0x0013227f	0xStack[0x1c]	READ	1
0x00132283	0xStack[-0xf8]	READ	1
0x0013228a	0x001348f0	DATA	0
0x00132290	0x001349f8	DATA	0
0x00132297	0xStack[0x4]	READ	1
0x001322a4	0x0012eef4	UNCONDITIONAL_CALL	0
0x001322a9	0xStack[-0x104]	WRITE	0
0x001322bf	0xStack[-0x104]	READ	0
0x001322c6	0x001325b3	CONDITIONAL_JUMP	0
0x001322cc	0xStack[-0xf8]	READ	1
0x001322d4	0xStack[-0x104]	WRITE	0
0x001322dc	0x00132598	CONDITIONAL_JUMP	0
0x001322e6	0xStack[-0xf8]	READ	1
0x001322f0	0xStack[-0xf8]	READ	1
0x001322fa	0x0012f4ec	UNCONDITIONAL_CALL	0
0x001322ff	0xStack[0x18]	READ	1
0x00132307	0xStack[0xc]	READ	1
0x0013230e	0x00132335	CONDITIONAL_JUMP	0
0x00132322	0x0015e534	UNCONDITIONAL_CALL	0
0x00132327	0xStack[0x18]	READ	1
0x0013232d	0x0011b020	UNCONDITIONAL_CALL	0
0x00132335	0x001dcb44	READ	0
0x0013233c	0x00132358	CONDITIONAL_JUMP	0
0x0013233e	0xStack[0x1c]	READ	1
0x00132342	0xStack[0x18]	READ	1
0x00132348	0xStack[0x8]	READ	1
0x0013234c	0xStack[0x4]	READ	1
0x00132350	0x0011b31c	UNCONDITIONAL_CALL	0
0x00132358	0xStack[0xc]	READ	1
0x0013235f	0xStack[-0xfc]	WRITE	0
0x00132366	0xStack[0xc]	READ	1
0x0013236b	0xStack[0x18]	READ	1
0x00132371	0x0012c6c4	UNCONDITIONAL_CALL	0
0x00132379	0xStack[-0xfc]	READ	1
0x00132384	0x00132560	CONDITIONAL_JUMP	0
0x0013238a	0xStack[-0xac]	DATA	0
0x00132391	0x0011ea88	UNCONDITIONAL_CALL	0
0x00132396	0xStack[-0xfc]	READ	1
0x0013239d	0xStack[-0xa4]	WRITE	0
0x001323a4	0xStack[0x18]	READ	1
0x001323ae	0x0015a75c	UNCONDITIONAL_CALL	0
0x001323b3	0xStack[-0x100]	WRITE	0
0x001323bc	0xStack[-0x98]	READ	0
0x001323c4	0x00132541	CONDITIONAL_JUMP	0
0x001323ca	0xStack[-0x90]	READ	0
0x001323d1	0x00132541	CONDITIONAL_JUMP	0
0x001323d7	0xStack[-0x74]	READ	0
0x001323dc	0x00132541	CONDITIONAL_JUMP	0
0x001323e2	0xStack[-0x70]	READ	0
0x001323e6	0x00132541	CONDITIONAL_JUMP	0
0x001323ec	0xStack[-0x7c]	READ	0
0x001323f0	0x00132541	CONDITIONAL_JUMP	0
0x001323f6	0xStack[-0x78]	READ	0
0x001323fa	0x00132541	CONDITIONAL_JUMP	0
0x00132401	0x001337d0	UNCONDITIONAL_CALL	0
0x00132406	0xStack[-0x94]	READ	1
0x00132412	0x0013244e	CONDITIONAL_JUMP	0
0x00132416	0x0015e534	UNCONDITIONAL_CALL	0
0x00132420	0x0013242b	CONDITIONAL_JUMP	0
0x00132423	0x001337d0	UNCONDITIONAL_CALL	0
0x0013242d	0xStack[-0x94]	READ	1
0x00132437	0x0011b020	UNCONDITIONAL_CALL	0
0x0013243f	0xStack[-0x94]	READ	1
0x0013244e	0xStack[-0x84]	READ	0
0x00132452	0x00132491	CONDITIONAL_JUMP	0
0x00132454	0xStack[-0x80]	READ	0
0x00132458	0x00132491	CONDITIONAL_JUMP	0
0x0013245a	0xStack[-0xf4]	DATA	0
0x00132461	0x0010ac84	UNCONDITIONAL_CALL	0
0x00132466	0xStack[-0xf4]	READ	1
0x0013246c	0xStack[-0x8c]	WRITE	0
0x00132472	0xStack[-0xf0]	READ	1
0x00132478	0xStack[-0x88]	WRITE	0
0x0013247e	0xStack[-0xf4]	READ	1
0x00132484	0xStack[-0x84]	WRITE	0
0x00132487	0xStack[-0x80]	WRITE	0
0x00132491	0xStack[-0xcc]	DATA	0
0x00132499	0x0012f384	UNCONDITIONAL_CALL	0
0x001324a0	0xStack[-0xec]	DATA	0
0x001324ae	0x001013cc	UNCONDITIONAL_CALL	0
0x001324b3	0xStack[0x1c]	READ	1
0x001324b7	0xStack[-0x100]	READ	1
0x001324be	0x0013454c	DATA	0
0x001324c4	0x00134960	DATA	0
0x001324d5	0x0012eef4	UNCONDITIONAL_CALL	0
0x001324df	0x00132534	CONDITIONAL_JUMP	0
0x001324e5	0x00132510	CONDITIONAL_JUMP	0
0x001324f6	0x0012c290	UNCONDITIONAL_CALL	0
0x001324fb	0xStack[-0x100]	READ	1
0x00132506	0x0012c2f8	UNCONDITIONAL_CALL	0
0x0013250e	0x00132541	UNCONDITIONAL_JUMP	0
0x00132520	0x00132541	CONDITIONAL_JUMP	0
0x00132523	0x0011b158	UNCONDITIONAL_CALL	0
0x00132529	0x0012c224	UNCONDITIONAL_CALL	0
0x00132531	0x00132541	UNCONDITIONAL_JUMP	0
0x00132543	0xStack[-0x100]	READ	1
0x0013254a	0x0015a824	UNCONDITIONAL_CALL	0
0x00132552	0xStack[-0xfc]	READ	1
0x00132559	0xStack[0xc]	READ	1
0x00132560	0xStack[0x18]	READ	1
0x0013256e	0x00132575	CONDITIONAL_JUMP	0
0x00132573	0x001325b3	CONDITIONAL_JUMP	0
0x0013257c	0x00139648	UNCONDITIONAL_CALL	0
0x00132583	0xStack[0x18]	READ	1
0x00132589	0x0011df54	UNCONDITIONAL_CALL	0
0x0013258e	0xStack[0x18]	READ	1
0x00132596	0x001325b3	UNCONDITIONAL_JUMP	0
0x00132598	0xStack[-0x104]	READ	0
0x0013259f	0x001325b3	CONDITIONAL_JUMP	0
0x001325a1	0xStack[0x4]	READ	1
0x001325a5	0x0011b158	UNCONDITIONAL_CALL	0
0x001325ab	0x0012c224	UNCONDITIONAL_CALL	0
0x001325b3	0xStack[0x4]	READ	1
0x001325ba	0x0012fccc	UNCONDITIONAL_CALL	0
0x001325c1	0xStack[-0xf8]	READ	1
0x001325c8	0x0015a824	UNCONDITIONAL_CALL	0
0x001325cd	0xStack[-0x104]	READ	1
0x001325d3	0xStack[-0x110]	DATA	0
0x001325e9	0xStack[0x4]	READ	1
0x001325ec	0xStack[-0x58]	WRITE	0
0x001325f5	0xStack[0xc]	READ	1
0x001325fa	0x0012c204	UNCONDITIONAL_CALL	0
0x00132606	0x00132752	CONDITIONAL_JUMP	0
0x00132610	0x0012fc80	UNCONDITIONAL_CALL	0
0x00132615	0xStack[0xc]	READ	1
0x00132619	0xStack[0x8]	READ	1
0x0013261e	0x0011b610	UNCONDITIONAL_CALL	0
0x00132623	0xStack[-0x2c]	WRITE	0
0x0013262b	0x00132668	CONDITIONAL_JUMP	0
0x00132634	0xStack[0xc]	READ	1
0x00132647	0x00132716	CONDITIONAL_JUMP	0
0x0013264d	0xStack[-0x2c]	READ	1
0x00132651	0x0011df54	UNCONDITIONAL_CALL	0
0x0013265a	0x0012fccc	UNCONDITIONAL_CALL	0
0x00132662	0x00132752	UNCONDITIONAL_JUMP	0
0x0013266a	0x0015a75c	UNCONDITIONAL_CALL	0
0x00132674	0x00101600	UNCONDITIONAL_CALL	0
0x0013267a	0xStack[0x8]	READ	1
0x0013267e	0xStack[-0x50]	DATA	0
0x00132682	0x0012f400	UNCONDITIONAL_CALL	0
0x00132687	0xStack[0xc]	READ	1
0x0013268c	0x001348f0	DATA	0
0x00132692	0x001348a8	DATA	0
0x001326a3	0x0012eef4	UNCONDITIONAL_CALL	0
0x001326af	0x00132700	CONDITIONAL_JUMP	0
0x001326b6	0x001326c7	CONDITIONAL_JUMP	0
0x001326b9	0x0011b158	UNCONDITIONAL_CALL	0
0x001326bf	0x0012c224	UNCONDITIONAL_CALL	0
0x001326c9	0x00132700	CONDITIONAL_JUMP	0
0x001326d7	0x0012f4ec	UNCONDITIONAL_CALL	0
0x001326dc	0xStack[-0x2c]	WRITE	0
0x001326e2	0x001dcb44	READ	0
0x001326e9	0x00132707	CONDITIONAL_JUMP	0
0x001326eb	0xStack[0xc]	READ	1
0x001326f0	0xStack[0x8]	READ	1
0x001326f5	0x0011b31c	UNCONDITIONAL_CALL	0
0x001326fd	0x00132707	UNCONDITIONAL_JUMP	0
0x00132700	0xStack[-0x2c]	WRITE	0
0x0013270a	0x0015a824	UNCONDITIONAL_CALL	0
0x00132714	0x00132746	CONDITIONAL_JUMP	0
0x00132716	0xStack[-0x2c]	READ	1
0x00132722	0x00132729	CONDITIONAL_JUMP	0
0x00132727	0x00132746	CONDITIONAL_JUMP	0
0x00132730	0x00139648	UNCONDITIONAL_CALL	0
0x00132737	0xStack[-0x2c]	READ	1
0x0013273b	0x0011df54	UNCONDITIONAL_CALL	0
0x00132740	0xStack[-0x2c]	WRITE	0
0x0013274a	0x0012fccc	UNCONDITIONAL_CALL	0
0x00132754	0x0013277c	CONDITIONAL_JUMP	0
0x00132756	0xStack[-0x2c]	READ	1
0x0013275c	0xStack[-0x54]	DATA	0
0x0013276b	0x0013277c	CONDITIONAL_JUMP	0
0x0013276d	0xStack[-0x2c]	READ	1
0x00132770	0xStack[-0x5c]	WRITE	0
0x00132773	0xStack[-0x54]	READ	1
0x00132776	0xStack[-0x2c]	WRITE	0
0x00132779	0x00132783	UNCONDITIONAL_JUMP	0
0x0013277c	0xStack[-0x5c]	WRITE	0
0x00132785	0x00132901	CONDITIONAL_JUMP	0
0x0013278b	0xStack[-0x2c]	READ	0
0x0013278f	0x001328fa	CONDITIONAL_JUMP	0
0x00132799	0x0012fc80	UNCONDITIONAL_CALL	0
0x0013279e	0xStack[-0x2c]	READ	1
0x001327a2	0x0011b7ac	UNCONDITIONAL_CALL	0
0x001327a7	0xStack[-0x2c]	READ	1
0x001327b2	0x00132840	CONDITIONAL_JUMP	0
0x001327bf	0x00132840	CONDITIONAL_JUMP	0
0x001327c1	0x0012fbf8	UNCONDITIONAL_CALL	0
0x001327cc	0x0012fccc	UNCONDITIONAL_CALL	0
0x001327d1	0xStack[0xc]	READ	1
0x001327d7	0xStack[0x8]	READ	1
0x001327dc	0x00132a04	UNCONDITIONAL_CALL	0
0x001327e7	0x0012fc80	UNCONDITIONAL_CALL	0
0x001327f1	0x00132804	CONDITIONAL_JUMP	0
0x001327f9	0x0015a824	UNCONDITIONAL_CALL	0
0x001327fe	0x001328bd	UNCONDITIONAL_JUMP	0
0x00132808	0xStack[-0x2c]	READ	1
0x0013281f	0x0013282a	CONDITIONAL_JUMP	0
0x00132822	0x00108384	UNCONDITIONAL_CALL	0
0x0013282a	0xStack[0xc]	READ	1
0x00132830	0xStack[-0x2c]	READ	1
0x00132839	0x001328c0	UNCONDITIONAL_JUMP	0
0x00132840	0xStack[-0x2c]	READ	1
0x0013284b	0xStack[0x8]	READ	1
0x0013284f	0xStack[-0x28]	DATA	0
0x00132853	0x0012f400	UNCONDITIONAL_CALL	0
0x00132858	0xStack[0xc]	READ	1
0x0013285c	0xStack[-0x58]	DATA	0
0x00132860	0x00137c58	DATA	0
0x00132866	0x001348a8	DATA	0
0x00132877	0x0012eef4	UNCONDITIONAL_CALL	0
0x0013288b	0xStack[-0x2c]	READ	1
0x001328a0	0x001328ac	CONDITIONAL_JUMP	0
0x001328a2	0xStack[-0x58]	READ	0
0x001328a6	0x001328b1	CONDITIONAL_JUMP	0
0x001328a8	0x001328c0	UNCONDITIONAL_JUMP	0
0x001328af	0x001328c0	CONDITIONAL_JUMP	0
0x001328b2	0x0011b158	UNCONDITIONAL_CALL	0
0x001328b8	0x0012c224	UNCONDITIONAL_CALL	0
0x001328c4	0x0012fccc	UNCONDITIONAL_CALL	0
0x001328cc	0xStack[-0x5c]	READ	0
0x001328d0	0x001328e4	CONDITIONAL_JUMP	0
0x001328d6	0xStack[-0x5c]	READ	1
0x001328da	0x0011adc8	UNCONDITIONAL_CALL	0
0x001328df	0xStack[-0x5c]	READ	1
0x001328e2	0x001328f4	UNCONDITIONAL_JUMP	0
0x001328e8	0xStack[-0x2c]	READ	1
0x001328ec	0x0011adc8	UNCONDITIONAL_CALL	0
0x001328f1	0xStack[-0x2c]	READ	1
0x001328f5	0x0011df54	UNCONDITIONAL_CALL	0
0x001328fc	0x00132901	CONDITIONAL_JUMP	0
0x001328fe	0xStack[-0x58]	READ	1
0x00132903	0xStack[-0x68]	DATA	0
0x00132919	0xStack[0x4]	READ	1
0x0013291f	0xStack[-0x4c]	DATA	0
0x0013292e	0x00132936	CONDITIONAL_JUMP	0
0x00132930	0xStack[-0x4c]	READ	1
0x00132933	0xStack[0x4]	WRITE	0
0x00132936	0xStack[-0x48]	DATA	0
0x00132939	0xStack[0x4]	READ	1
0x0013294a	0xStack[0x8]	READ	1
0x0013294e	0xStack[0xc]	READ	1
0x00132952	0xStack[-0x48]	DATA	0
0x00132955	0xStack[-0x28]	DATA	0
0x00132959	0x0012f400	UNCONDITIONAL_CALL	0
0x0013295e	0xStack[0x8]	READ	1
0x00132965	0x0012fc80	UNCONDITIONAL_CALL	0
0x0013296a	0xStack[0x10]	READ	1
0x0013296e	0xStack[-0x50]	DATA	0
0x00132972	0x00137c58	DATA	0
0x00132978	0x00134aac	DATA	0
0x0013297f	0xStack[0x4]	READ	1
0x0013298c	0x0012eef4	UNCONDITIONAL_CALL	0
0x00132993	0xStack[0x8]	READ	1
0x001329a3	0xStack[0x4]	READ	1
0x001329ba	0x0012fccc	UNCONDITIONAL_CALL	0
0x001329c4	0x001329f5	CONDITIONAL_JUMP	0
0x001329c6	0xStack[-0x50]	READ	1
0x001329cc	0x001329f5	CONDITIONAL_JUMP	0
0x001329ce	0xStack[0x4]	READ	1
0x001329d2	0x0011b158	UNCONDITIONAL_CALL	0
0x001329d7	0xStack[0x4]	READ	1
0x001329db	0x0012c224	UNCONDITIONAL_CALL	0
0x001329e3	0xStack[0x8]	READ	1
0x001329e7	0x0011b158	UNCONDITIONAL_CALL	0
0x001329ec	0xStack[0x8]	READ	1
0x001329f0	0x0012c224	UNCONDITIONAL_CALL	0
0x001329f7	0xStack[-0x60]	DATA	0
0x00132a0d	0xStack[0x8]	READ	1
0x00132a12	0x001dcb48	DATA	1
0x00132a21	0x001dcb48	READ	0
0x00132a21	0x001dcb49	READ	0
0x00132a23	0x00132a60	CONDITIONAL_JUMP	0
0x00132a27	0x001dcb4a	DATA	1
0x00132a34	0x001dcb4a	READ	0
0x00132a34	0x001dcb4b	READ	0
0x00132a36	0x00132a60	CONDITIONAL_JUMP	0
0x00132a38	0xStack[0x10]	READ	1
0x00132a3b	0x001dcb4d	DATA	1
0x00132a48	0x001dcb4d	READ	0
0x00132a48	0x001dcb4e	READ	0
0x00132a4a	0x00132a60	CONDITIONAL_JUMP	0
0x00132a4c	0xStack[0x10]	READ	1
0x00132a4f	0x001dcb4f	DATA	1
0x00132a5c	0x001dcb4f	READ	0
0x00132a5c	0x001dcb50	READ	0
0x00132a5e	0x00132a6c	CONDITIONAL_JUMP	0
0x00132a65	0x00132b6a	UNCONDITIONAL_JUMP	0
0x00132a6c	0xStack[0x4]	READ	1
0x00132a73	0x0012fc80	UNCONDITIONAL_CALL	0
0x00132a79	0xStack[0x4]	READ	1
0x00132a7d	0x0011b6f0	UNCONDITIONAL_CALL	0
0x00132a82	0xStack[0x10]	READ	1
0x00132a86	0xStack[0xc]	READ	1
0x00132a8a	0x0011b6f0	UNCONDITIONAL_CALL	0
0x00132a92	0xStack[0x4]	READ	1
0x00132a95	0xStack[0xc]	READ	0
0x00132a98	0x00132aa9	CONDITIONAL_JUMP	0
0x00132a9a	0xStack[0xc]	READ	1
0x00132aa1	0x0012fc80	UNCONDITIONAL_CALL	0
0x00132aa9	0xStack[0x4]	READ	1
0x00132aae	0xStack[-0x4c]	DATA	0
0x00132ab2	0x0012f400	UNCONDITIONAL_CALL	0
0x00132ab7	0xStack[0xc]	READ	1
0x00132abb	0xStack[0x10]	READ	1
0x00132abf	0xStack[-0x28]	DATA	0
0x00132ac3	0x0012f400	UNCONDITIONAL_CALL	0
0x00132ac8	0xStack[0x14]	READ	1
0x00132acc	0xStack[-0x50]	DATA	0
0x00132ad0	0x00137c58	DATA	0
0x00132ad6	0x00134b10	DATA	0
0x00132add	0xStack[0x4]	READ	1
0x00132aea	0x0012eef4	UNCONDITIONAL_CALL	0
0x00132af1	0xStack[0x4]	READ	1
0x00132b01	0xStack[0xc]	READ	1
0x00132b18	0x0012fccc	UNCONDITIONAL_CALL	0
0x00132b20	0xStack[0x4]	READ	1
0x00132b23	0xStack[0xc]	READ	0
0x00132b26	0x00132b37	CONDITIONAL_JUMP	0
0x00132b28	0xStack[0xc]	READ	1
0x00132b2f	0x0012fccc	UNCONDITIONAL_CALL	0
0x00132b39	0x00132b6a	CONDITIONAL_JUMP	0
0x00132b3b	0xStack[-0x50]	READ	1
0x00132b41	0x00132b6a	CONDITIONAL_JUMP	0
0x00132b43	0xStack[0x4]	READ	1
0x00132b47	0x0011b158	UNCONDITIONAL_CALL	0
0x00132b4c	0xStack[0x4]	READ	1
0x00132b50	0x0012c224	UNCONDITIONAL_CALL	0
0x00132b58	0xStack[0xc]	READ	1
0x00132b5c	0x0011b158	UNCONDITIONAL_CALL	0
0x00132b61	0xStack[0xc]	READ	1
0x00132b65	0x0012c224	UNCONDITIONAL_CALL	0
0x00132b6c	0xStack[-0x5c]	DATA	0
0x00132b84	0xStack[0x4]	READ	1
0x00132b87	0xStack[0xc]	READ	1
0x00132b8c	0x0015a75c	UNCONDITIONAL_CALL	0
0x00132b91	0xStack[-0x98]	WRITE	0
0x00132b99	0xStack[-0x98]	READ	1
0x00132ba0	0x00101600	UNCONDITIONAL_CALL	0
0x00132ba6	0xStack[0x8]	READ	1
0x00132baa	0xStack[-0x48]	DATA	0
0x00132bad	0xStack[-0xa4]	WRITE	0
0x00132bb4	0x0012f400	UNCONDITIONAL_CALL	0
0x00132bba	0x0012f42c	UNCONDITIONAL_CALL	0
0x00132bc9	0x0012f468	UNCONDITIONAL_CALL	0
0x00132bd5	0xStack[-0x24]	DATA	0
0x00132bda	0x0012f384	UNCONDITIONAL_CALL	0
0x00132be3	0x0012fc80	UNCONDITIONAL_CALL	0
0x00132be8	0xStack[0x8]	READ	1
0x00132bed	0x0011b6f0	UNCONDITIONAL_CALL	0
0x00132bf2	0xStack[0x14]	READ	1
0x00132bf6	0xStack[-0x98]	READ	1
0x00132bfd	0x001348f0	DATA	0
0x00132c02	0xStack[-0xa4]	READ	1
0x00132c09	0x001349f8	DATA	0
0x00132c1a	0x0012eef4	UNCONDITIONAL_CALL	0
0x00132c1f	0xStack[-0x94]	WRITE	0
0x00132c39	0x0012fccc	UNCONDITIONAL_CALL	0
0x00132c41	0xStack[-0x94]	READ	0
0x00132c48	0x00132eac	CONDITIONAL_JUMP	0
0x00132c4e	0xStack[-0x98]	READ	1
0x00132c56	0xStack[-0x94]	WRITE	0
0x00132c5f	0x00132c70	CONDITIONAL_JUMP	0
0x00132c62	0x0011b158	UNCONDITIONAL_CALL	0
0x00132c68	0x0012c224	UNCONDITIONAL_CALL	0
0x00132c70	0xStack[-0x94]	READ	0
0x00132c77	0x00132eac	CONDITIONAL_JUMP	0
0x00132c81	0xStack[-0x98]	READ	1
0x00132c8a	0xStack[-0x9c]	WRITE	0
0x00132c91	0xStack[-0x98]	READ	1
0x00132c9b	0x0012f4ec	UNCONDITIONAL_CALL	0
0x00132ca0	0xStack[0x10]	READ	1
0x00132cb5	0x001dcb44	READ	0
0x00132cbc	0x00132cd2	CONDITIONAL_JUMP	0
0x00132cbe	0xStack[0x14]	READ	1
0x00132cc5	0xStack[0x8]	READ	1
0x00132cca	0x0011b31c	UNCONDITIONAL_CALL	0
0x00132cd7	0xStack[-0x9c]	READ	1
0x00132cde	0xStack[0x10]	READ	1
0x00132ce4	0x0012c6c4	UNCONDITIONAL_CALL	0
0x00132cf0	0x00132eb5	CONDITIONAL_JUMP	0
0x00132cf7	0x0011ea88	UNCONDITIONAL_CALL	0
0x00132d00	0xStack[0x10]	READ	1
0x00132d0a	0x0015a75c	UNCONDITIONAL_CALL	0
0x00132d0f	0xStack[-0xa0]	WRITE	0
0x00132d1d	0x00132e99	CONDITIONAL_JUMP	0
0x00132d27	0x00132e99	CONDITIONAL_JUMP	0
0x00132d32	0x00132e99	CONDITIONAL_JUMP	0
0x00132d3c	0x00132e99	CONDITIONAL_JUMP	0
0x00132d46	0x00132e99	CONDITIONAL_JUMP	0
0x00132d50	0x00132e99	CONDITIONAL_JUMP	0
0x00132d57	0x001337d0	UNCONDITIONAL_CALL	0
0x00132d65	0x00132d9b	CONDITIONAL_JUMP	0
0x00132d69	0x0015e534	UNCONDITIONAL_CALL	0
0x00132d73	0x00132d7e	CONDITIONAL_JUMP	0
0x00132d76	0x001337d0	UNCONDITIONAL_CALL	0
0x00132d87	0x0011b020	UNCONDITIONAL_CALL	0
0x00132d9f	0x00132dd8	CONDITIONAL_JUMP	0
0x00132da5	0x00132dd8	CONDITIONAL_JUMP	0
0x00132da7	0xStack[-0x90]	DATA	0
0x00132dae	0x0010ac84	UNCONDITIONAL_CALL	0
0x00132db3	0xStack[-0x90]	READ	1
0x00132dbc	0xStack[-0x8c]	READ	1
0x00132dc5	0xStack[-0x90]	READ	1
0x00132dd8	0xStack[-0x68]	DATA	0
0x00132ddd	0x0012f384	UNCONDITIONAL_CALL	0
0x00132de4	0xStack[-0x88]	DATA	0
0x00132dea	0xStack[-0xa4]	WRITE	0
0x00132df8	0x001013cc	UNCONDITIONAL_CALL	0
0x00132dfd	0xStack[0x14]	READ	1
0x00132e01	0xStack[-0xa0]	READ	1
0x00132e08	0x0013454c	DATA	0
0x00132e0d	0xStack[-0xa4]	READ	1
0x00132e14	0x00134960	DATA	0
0x00132e25	0x0012eef4	UNCONDITIONAL_CALL	0
0x00132e2f	0x00132e8c	CONDITIONAL_JUMP	0
0x00132e31	0xStack[-0xa0]	READ	1
0x00132e3b	0x00132e68	CONDITIONAL_JUMP	0
0x00132e4c	0x0012c290	UNCONDITIONAL_CALL	0
0x00132e51	0xStack[-0xa0]	READ	1
0x00132e5c	0x0012c2f8	UNCONDITIONAL_CALL	0
0x00132e64	0x00132e99	UNCONDITIONAL_JUMP	0
0x00132e78	0x00132e99	CONDITIONAL_JUMP	0
0x00132e7b	0x0011b158	UNCONDITIONAL_CALL	0
0x00132e81	0x0012c224	UNCONDITIONAL_CALL	0
0x00132e89	0x00132e99	UNCONDITIONAL_JUMP	0
0x00132e9b	0xStack[-0xa0]	READ	1
0x00132ea2	0x0015a824	UNCONDITIONAL_CALL	0
0x00132eaa	0x00132eb5	UNCONDITIONAL_JUMP	0
0x00132eac	0xStack[0x10]	READ	1
0x00132eb7	0xStack[-0x98]	READ	1
0x00132ebe	0x0015a824	UNCONDITIONAL_CALL	0
0x00132ec3	0xStack[-0x94]	READ	1
0x00132ec9	0xStack[-0xb0]	DATA	0
0x00132ee1	0xStack[0x4]	READ	1
0x00132ee4	0xStack[0xc]	READ	1
0x00132ee8	0xStack[0x8]	READ	1
0x00132eec	0xStack[-0x28]	DATA	0
0x00132ef0	0x0012f400	UNCONDITIONAL_CALL	0
0x00132ef9	0x0012fc80	UNCONDITIONAL_CALL	0
0x00132eff	0x0011b7ac	UNCONDITIONAL_CALL	0
0x00132f05	0xStack[-0x2c]	DATA	0
0x00132f09	0x00137c58	DATA	0
0x00132f0f	0x001348a8	DATA	0
0x00132f20	0x0012eef4	UNCONDITIONAL_CALL	0
0x00132f3b	0x0012fccc	UNCONDITIONAL_CALL	0
0x00132f45	0x00132f5b	CONDITIONAL_JUMP	0
0x00132f47	0xStack[-0x2c]	READ	1
0x00132f4d	0x00132f5b	CONDITIONAL_JUMP	0
0x00132f50	0x0011b158	UNCONDITIONAL_CALL	0
0x00132f56	0x0012c224	UNCONDITIONAL_CALL	0
0x00132f5d	0xStack[-0x38]	DATA	0
0x00132f71	0xStack[0xc]	READ	1
0x00132f74	0xStack[0x10]	READ	1
0x00132f77	0xStack[0x4]	READ	1
0x00132f7b	0xStack[0x8]	READ	1
0x00132f7f	0xStack[-0x4c]	DATA	0
0x00132f83	0x0012f400	UNCONDITIONAL_CALL	0
0x00132f88	0xStack[-0x24]	DATA	0
0x00132f8d	0x0012f384	UNCONDITIONAL_CALL	0
0x00132f92	0xStack[-0x28]	WRITE	0
0x00132f95	0xStack[0x14]	READ	1
0x00132f99	0xStack[-0x50]	DATA	0
0x00132f9d	0x00137c58	DATA	0
0x00132fa3	0x00134b88	DATA	0
0x00132faa	0xStack[0x4]	READ	1
0x00132fb7	0x0012eef4	UNCONDITIONAL_CALL	0
0x00132fbe	0xStack[0x4]	READ	1
0x00132fd3	0x00132fec	CONDITIONAL_JUMP	0
0x00132fd5	0xStack[-0x50]	READ	1
0x00132fdb	0x00132fec	CONDITIONAL_JUMP	0
0x00132fde	0x0011b158	UNCONDITIONAL_CALL	0
0x00132fe3	0xStack[0x4]	READ	1
0x00132fe7	0x0012c224	UNCONDITIONAL_CALL	0
0x00132fee	0xStack[-0x5c]	DATA	0
0x00133001	0xStack[0x4]	READ	1
0x0013300b	0x00133024	CONDITIONAL_JUMP	0
0x0013300d	0xStack[0x8]	READ	1
0x00133019	0x00133024	CONDITIONAL_JUMP	0
0x0013301d	0x00133125	UNCONDITIONAL_JUMP	0
0x00133024	0xStack[0x8]	READ	1
0x00133030	0x0013303c	CONDITIONAL_JUMP	0
0x00133037	0x00133125	UNCONDITIONAL_JUMP	0
0x0013303c	0xStack[0x4]	READ	1
0x0013304d	0x00133051	CONDITIONAL_JUMP	0
0x00133053	0xStack[-0x8]	WRITE	0
0x00133056	0xStack[0x8]	READ	1
0x0013305c	0xStack[-0xc]	WRITE	0
0x00133061	0xStack[-0x2c]	DATA	0
0x00133065	0xStack[0x4]	READ	1
0x0013306f	0x001013cc	UNCONDITIONAL_CALL	0
0x00133074	0xStack[-0x38]	WRITE	0
0x00133078	0x0015a75c	UNCONDITIONAL_CALL	0
0x0013307d	0xStack[-0x30]	WRITE	0
0x00133082	0x00101600	UNCONDITIONAL_CALL	0
0x00133087	0xStack[0xc]	READ	1
0x0013308b	0xStack[-0x44]	DATA	0
0x0013308f	0x0013477c	DATA	0
0x00133095	0x001345b4	DATA	0
0x0013309c	0xStack[0x4]	READ	1
0x001330a9	0x0012eef4	UNCONDITIONAL_CALL	0
0x001330b5	0x00133119	CONDITIONAL_JUMP	0
0x001330b7	0xStack[-0x40]	READ	1
0x001330bd	0x001330d4	CONDITIONAL_JUMP	0
0x001330bf	0xStack[0x4]	READ	1
0x001330c3	0x0011b158	UNCONDITIONAL_CALL	0
0x001330c8	0xStack[0x4]	READ	1
0x001330cc	0x0012c224	UNCONDITIONAL_CALL	0
0x001330d6	0x00133119	CONDITIONAL_JUMP	0
0x001330d8	0xStack[-0x38]	READ	1
0x001330dd	0x00133103	CONDITIONAL_JUMP	0
0x001330df	0xStack[0x8]	READ	1
0x001330e6	0xStack[-0x30]	READ	1
0x001330ea	0x0010a384	UNCONDITIONAL_CALL	0
0x001330f1	0xStack[-0x3c]	READ	1
0x001330f4	0xStack[-0xc]	WRITE	0
0x001330f7	0xStack[-0x3c]	READ	1
0x001330fa	0xStack[0x8]	READ	1
0x00133103	0xStack[-0x34]	READ	0
0x00133107	0x00133119	CONDITIONAL_JUMP	0
0x0013310d	0xStack[0x8]	READ	1
0x0013311a	0xStack[-0x30]	READ	1
0x0013311e	0x0015a824	UNCONDITIONAL_CALL	0
0x00133125	0xStack[-0x50]	DATA	0
0x00133133	0xStack[0x4]	READ	1
0x00133139	0x0013315c	CONDITIONAL_JUMP	0
0x00133148	0x0013315c	CONDITIONAL_JUMP	0
0x00133152	0x0011aad4	UNCONDITIONAL_CALL	0
0x0013315c	0x001e59ec	READ	0
0x00133163	0x001331c0	CONDITIONAL_JUMP	0
0x00133169	0x001331c0	CONDITIONAL_JUMP	0
0x0013316b	0x001ef174	READ	1
0x00133172	0x0013318c	CONDITIONAL_JUMP	0
0x00133178	0x00133185	CONDITIONAL_JUMP	0
0x00133183	0x0013317c	CONDITIONAL_JUMP	0
0x00133188	0x00133192	UNCONDITIONAL_JUMP	0
0x0013318c	0x001ef174	WRITE	0
0x00133199	0x001dcb54	READ	0
0x001331a0	0x001331b0	CONDITIONAL_JUMP	0
0x001331a2	0x001ef174	DATA	0
0x001331a7	0x0010ab60	UNCONDITIONAL_CALL	0
0x001331b0	0x001ef174	DATA	0
0x001331b5	0x0010ab38	UNCONDITIONAL_CALL	0
0x001331c1	0x001332c8	UNCONDITIONAL_CALL	0
0x001331cf	0x001e8b54	READ	1
0x001331db	0x001e8b54	READ	1
0x001331e2	0x00166a5c	UNCONDITIONAL_CALL	0
0x001331e7	0x001e59ec	READ_WRITE	0
0x001331ed	0x001e875c	READ	1
0x001331f6	0x00186f88	UNCONDITIONAL_CALL	0
0x00133200	0x0013327c	CONDITIONAL_JUMP	0
0x00133202	0x001e59ec	READ	1
0x00133209	0x0013323c	CONDITIONAL_JUMP	0
0x0013320b	0x001ef174	READ	1
0x00133212	0x001332c4	CONDITIONAL_JUMP	0
0x0013321e	0x001ef174	WRITE	0
0x00133225	0x0011aad4	UNCONDITIONAL_CALL	0
0x0013322a	0x001ef174	READ	1
0x00133234	0x00133218	CONDITIONAL_JUMP	0
0x0013323d	0x001e59ec	WRITE	0
0x00133242	0x001e59e8	READ_WRITE	0
0x00133248	0x001e59ec	READ	0
0x0013324f	0x001332c4	CONDITIONAL_JUMP	0
0x00133251	0x001ef174	READ	1
0x00133258	0x001332c4	CONDITIONAL_JUMP	0
0x0013325f	0x001ef174	WRITE	0
0x00133266	0x001332c8	UNCONDITIONAL_CALL	0
0x0013326b	0x001ef174	READ	1
0x00133275	0x0013325c	CONDITIONAL_JUMP	0
0x0013327c	0x001e59e8	READ_WRITE	0
0x00133282	0x001ef174	READ	0
0x00133289	0x001332a4	CONDITIONAL_JUMP	0
0x0013328e	0x001ef174	DATA	0
0x00133293	0x0010a588	UNCONDITIONAL_CALL	0
0x0013329b	0x001ef174	READ	0
0x001332a2	0x0013328c	CONDITIONAL_JUMP	0
0x001332a4	0x001e59e8	READ_WRITE	0
0x001332aa	0x001ef174	READ	1
0x001332b2	0x001ef174	WRITE	0
0x001332b9	0x001332c8	UNCONDITIONAL_CALL	0
0x001332c1	0x0013327c	UNCONDITIONAL_JUMP	0
0x001332d4	0xStack[0x4]	READ	1
0x001332dd	0xStack[-0xec]	WRITE	0
0x001332e3	0xStack[-0xf0]	WRITE	0
0x001332ec	0xStack[-0xf0]	READ	1
0x001332fb	0xStack[-0xf4]	WRITE	0
0x00133304	0xStack[0x4]	READ	1
0x0013330a	0x0013354c	CONDITIONAL_JUMP	0
0x00133313	0xStack[-0xf8]	WRITE	0
0x0013331f	0xStack[-0xfc]	WRITE	0
0x00133328	0xStack[-0x100]	WRITE	0
0x0013332e	0xStack[0x4]	READ	1
0x00133334	0xStack[-0x104]	WRITE	0
0x0013333a	0xStack[-0xec]	READ	1
0x00133343	0xStack[-0x108]	WRITE	0
0x00133349	0xStack[-0x44]	DATA	0
0x0013334c	0xStack[-0x10c]	WRITE	0
0x00133354	0xStack[-0xf0]	READ	1
0x00133366	0xStack[-0x110]	WRITE	0
0x0013336c	0xStack[-0x100]	READ	1
0x00133374	0x0013337c	CONDITIONAL_JUMP	0
0x00133376	0xStack[-0x110]	WRITE	0
0x0013337c	0xStack[-0xf8]	READ	1
0x00133382	0xStack[-0x7c]	WRITE	0
0x00133385	0xStack[-0x70]	DATA	0
0x00133388	0xStack[-0xf0]	READ	1
0x0013339c	0xStack[-0xfc]	READ	1
0x001333a2	0xStack[-0x50]	WRITE	0
0x001333a5	0xStack[-0x110]	READ	1
0x001333ab	0xStack[-0x48]	WRITE	0
0x001333ae	0xStack[-0x4c]	WRITE	0
0x001333b1	0xStack[-0x108]	READ	1
0x001333b8	0xStack[-0xc8]	DATA	0
0x001333bf	0x00134518	DATA	0
0x001333c4	0xStack[-0x70]	DATA	0
0x001333c8	0x001344b0	DATA	0
0x001333cf	0xStack[-0xf0]	READ	1
0x001333df	0x0012eef4	UNCONDITIONAL_CALL	0
0x001333eb	0x001334b6	CONDITIONAL_JUMP	0
0x001333f1	0xStack[-0xc8]	READ	1
0x001333fa	0x00133488	CONDITIONAL_JUMP	0
0x00133400	0xStack[-0xf0]	READ	1
0x00133413	0x001dcb19	DATA	0
0x00133418	0x0010c0d8	UNCONDITIONAL_CALL	0
0x0013341d	0xStack[-0xf0]	READ	1
0x0013342e	0xStack[-0xe8]	DATA	0
0x00133436	0x001013cc	UNCONDITIONAL_CALL	0
0x00133440	0xStack[-0xe4]	DATA	1
0x00133448	0x001dcb15	DATA	0
0x0013344d	0x0010c0d8	UNCONDITIONAL_CALL	0
0x00133459	0x00133440	CONDITIONAL_JUMP	0
0x0013345b	0x001dcb40	DATA	0
0x00133460	0x0010c0d8	UNCONDITIONAL_CALL	0
0x0013346b	0x00133488	CONDITIONAL_JUMP	0
0x0013346d	0xStack[-0xf0]	READ	1
0x00133474	0x0011b158	UNCONDITIONAL_CALL	0
0x00133479	0xStack[-0xf0]	READ	1
0x00133480	0x0012c224	UNCONDITIONAL_CALL	0
0x0013348a	0x001334b6	CONDITIONAL_JUMP	0
0x0013348c	0xStack[-0x80]	READ	1
0x0013348f	0xStack[-0x100]	READ_WRITE	0
0x00133495	0xStack[-0xf8]	READ_WRITE	0
0x0013349b	0xStack[-0xfc]	READ_WRITE	0
0x001334a1	0xStack[-0x100]	READ	0
0x001334a8	0x001334b6	CONDITIONAL_JUMP	0
0x001334aa	0xStack[-0x110]	READ	0
0x001334b0	0x00133354	CONDITIONAL_JUMP	0
0x001334b6	0xStack[-0x100]	READ	1
0x001334bc	0xStack[-0x104]	READ	1
0x001334c6	0x001334e5	CONDITIONAL_JUMP	0
0x001334c8	0xStack[-0x10c]	READ	1
0x001334cf	0xStack[-0xc4]	DATA	0
0x001334d6	0xStack[-0xf0]	READ	1
0x001334dd	0x0012c6c4	UNCONDITIONAL_CALL	0
0x001334e7	0xStack[0x4]	READ	1
0x001334f3	0x0013375a	CONDITIONAL_JUMP	0
0x001334fe	0x00133514	CONDITIONAL_JUMP	0
0x0013350c	0x00101600	UNCONDITIONAL_CALL	0
0x00133514	0xStack[0x4]	READ	1
0x0013351d	0x00133756	CONDITIONAL_JUMP	0
0x00133523	0xStack[-0xf4]	READ	1
0x0013352d	0xStack[-0xec]	READ	1
0x00133539	0x00133756	CONDITIONAL_JUMP	0
0x00133544	0x0013375a	UNCONDITIONAL_JUMP	0
0x0013354c	0xStack[-0xec]	READ	1
0x00133559	0x0013374c	CONDITIONAL_JUMP	0
0x0013355f	0xStack[-0xf4]	READ	1
0x00133565	0xStack[0x4]	READ	1
0x00133579	0x0013357d	CONDITIONAL_JUMP	0
0x0013357f	0x0013358e	CONDITIONAL_JUMP	0
0x00133581	0x001dcb58	DATA	0
0x00133586	0x0010ca6c	UNCONDITIONAL_CALL	0
0x0013358e	0xStack[0x4]	READ	1
0x00133594	0xStack[-0x114]	WRITE	0
0x0013359a	0xStack[-0xf4]	READ	1
0x001335a0	0xStack[0x4]	READ	1
0x001335a7	0xStack[-0x118]	WRITE	0
0x001335ad	0xStack[-0x11c]	WRITE	0
0x001335b3	0xStack[-0xec]	READ	1
0x001335bc	0xStack[-0x120]	WRITE	0
0x001335c4	0xStack[-0xf0]	READ	1
0x001335d6	0xStack[-0x11c]	READ	0
0x001335dc	0x001335e4	CONDITIONAL_JUMP	0
0x001335de	0xStack[-0x11c]	READ	1
0x001335e4	0xStack[-0x114]	READ	1
0x001335ea	0xStack[-0x70]	WRITE	0
0x001335ed	0xStack[-0xa0]	DATA	0
0x001335f3	0xStack[-0xf0]	READ	1
0x00133607	0xStack[-0x118]	READ	1
0x0013360d	0xStack[-0x80]	WRITE	0
0x00133610	0xStack[-0x78]	WRITE	0
0x00133613	0xStack[-0x74]	WRITE	0
0x00133616	0xStack[-0x7c]	WRITE	0
0x00133619	0xStack[-0x120]	READ	1
0x00133620	0xStack[-0xe8]	DATA	0
0x00133627	0x0013454c	DATA	0
0x0013362c	0xStack[-0xa0]	DATA	0
0x00133633	0x00134154	DATA	0
0x0013363a	0xStack[-0xf0]	READ	1
0x0013364a	0x0012eef4	UNCONDITIONAL_CALL	0
0x00133656	0x0013367e	CONDITIONAL_JUMP	0
0x00133658	0xStack[-0xe8]	READ	1
0x00133661	0x0013367e	CONDITIONAL_JUMP	0
0x00133663	0xStack[-0xf0]	READ	1
0x0013366a	0x0011b158	UNCONDITIONAL_CALL	0
0x0013366f	0xStack[-0xf0]	READ	1
0x00133676	0x0012c224	UNCONDITIONAL_CALL	0
0x0013367e	0xStack[-0x11c]	READ_WRITE	0
0x00133684	0xStack[-0x114]	READ_WRITE	0
0x0013368a	0xStack[-0x118]	READ_WRITE	0
0x00133692	0x001336b7	CONDITIONAL_JUMP	0
0x00133694	0xStack[-0x11c]	READ	0
0x0013369b	0x001335c4	CONDITIONAL_JUMP	0
0x001336a1	0xStack[-0xe4]	DATA	0
0x001336a8	0xStack[-0xf0]	READ	1
0x001336af	0x0012c2f8	UNCONDITIONAL_CALL	0
0x001336ba	0x001336cc	CONDITIONAL_JUMP	0
0x001336bc	0x001336c4	CONDITIONAL_JUMP	0
0x001336c0	0x0013372d	CONDITIONAL_JUMP	0
0x001336c2	0x001336f0	UNCONDITIONAL_JUMP	0
0x001336c7	0x001336f0	CONDITIONAL_JUMP	0
0x001336c9	0x0013372d	UNCONDITIONAL_JUMP	0
0x001336cc	0xStack[-0xf0]	READ	1
0x001336df	0x001dcabc	DATA	0
0x001336e4	0x0010c0d8	UNCONDITIONAL_CALL	0
0x001336ec	0x0013372d	UNCONDITIONAL_JUMP	0
0x001336f0	0xStack[-0xf0]	READ	1
0x00133704	0x001dcaf1	DATA	0
0x00133709	0x0010c0d8	UNCONDITIONAL_CALL	0
0x0013370e	0xStack[-0xf0]	READ	1
0x0013371b	0x00131898	UNCONDITIONAL_CALL	0
0x00133720	0x001dcb13	DATA	0
0x00133725	0x0010c0d8	UNCONDITIONAL_CALL	0
0x0013372f	0xStack[0x4]	READ	1
0x0013373d	0x00133756	CONDITIONAL_JUMP	0
0x0013373f	0xStack[-0xec]	READ	1
0x00133749	0x00133756	UNCONDITIONAL_JUMP	0
0x0013374c	0xStack[0x4]	READ	1
0x00133758	0x0013377a	CONDITIONAL_JUMP	0
0x0013375d	0x0013377a	CONDITIONAL_JUMP	0
0x0013375f	0xStack[0x4]	READ	1
0x00133765	0xStack[-0xf0]	READ	1
0x0013376f	0x0013377a	CONDITIONAL_JUMP	0
0x00133775	0x0013377a	CONDITIONAL_JUMP	0
0x0013377a	0xStack[0x4]	READ	1
0x0013377e	0x0011aad4	UNCONDITIONAL_CALL	0
0x00133785	0xStack[-0x130]	DATA	0
0x001337af	0xStack[0x8]	READ	1
0x001337b2	0xStack[0x4]	READ	0
0x001337d4	0xStack[0x4]	READ	1
0x001337d8	0x0015f638	UNCONDITIONAL_CALL	0
0x001337e7	0x001337ef	CONDITIONAL_JUMP	0
0x001337ea	0x00133824	UNCONDITIONAL_CALL	0
0x001337ef	0xStack[-0x8]	READ	1
0x001337fc	0xStack[0x4]	READ	1
0x001337ff	0xStack[0x8]	READ	1
0x00133804	0x0015f78c	UNCONDITIONAL_CALL	0
0x00133813	0x0013381b	CONDITIONAL_JUMP	0
0x00133816	0x00133824	UNCONDITIONAL_CALL	0
0x0013381b	0xStack[-0x8]	READ	1
0x0013382a	0xStack[0x4]	READ	1
0x00133835	0x0011adc8	UNCONDITIONAL_CALL	0
0x0013383a	0xStack[0x4]	READ	1
0x00133854	0x00133875	CONDITIONAL_JUMP	0
0x0013385f	0xStack[0x4]	READ	1
0x00133863	0x0011ac28	UNCONDITIONAL_CALL	0
0x00133873	0x00133858	CONDITIONAL_JUMP	0
0x00133879	0xStack[-0x10]	DATA	0
0x00133887	0xStack[0x4]	READ	1
0x0013388a	0xStack[0xc]	READ	1
0x0013388d	0xStack[0x10]	READ	1
0x00133892	0x00133896	CONDITIONAL_JUMP	0
0x00133898	0x001338b8	CONDITIONAL_JUMP	0
0x001338a8	0x001338af	CONDITIONAL_JUMP	0
0x001338b2	0xStack[0x8]	READ	1
0x001338c9	0xStack[-0x20]	WRITE	0
0x001338d0	0xStack[0x8]	READ	1
0x001338e0	0x001338de	CONDITIONAL_JUMP	0
0x001338ee	0x001338dc	CONDITIONAL_JUMP	0
0x001338f0	0xStack[0x8]	READ	1
0x001338ff	0xStack[0x4]	READ	1
0x00133905	0xStack[-0x24]	WRITE	0
0x00133909	0x0012fc80	UNCONDITIONAL_CALL	0
0x0013390e	0xStack[0x4]	READ	1
0x00133923	0x001e0d0c	READ	1
0x00133929	0xStack[-0x2c]	WRITE	0
0x0013392c	0xStack[0x4]	READ	1
0x00133939	0x001339b0	CONDITIONAL_JUMP	0
0x0013393b	0x001e8b54	READ	1
0x00133947	0x00133954	CONDITIONAL_JUMP	0
0x00133949	0x001e8758	READ	1
0x00133951	0x001339b0	UNCONDITIONAL_JUMP	0
0x00133954	0xStack[-0x24]	READ	1
0x0013395c	0x00133964	CONDITIONAL_JUMP	0
0x00133960	0x001339b0	UNCONDITIONAL_JUMP	0
0x00133964	0x001dcb70	DATA	0
0x00133969	0x0010c0d8	UNCONDITIONAL_CALL	0
0x0013396e	0xStack[-0x24]	READ	1
0x00133972	0x0012fccc	UNCONDITIONAL_CALL	0
0x00133977	0xStack[0x8]	READ	1
0x00133984	0x00133982	CONDITIONAL_JUMP	0
0x00133992	0x00133980	CONDITIONAL_JUMP	0
0x00133994	0xStack[0x8]	READ	1
0x001339a8	0x00133dd9	UNCONDITIONAL_JUMP	0
0x001339b3	0xStack[-0x24]	READ	1
0x001339bb	0x001339c6	CONDITIONAL_JUMP	0
0x001339be	0x00108384	UNCONDITIONAL_CALL	0
0x001339c6	0xStack[-0x24]	READ	1
0x001339cc	0xStack[0xc]	READ	1
0x001339cf	0xStack[-0x2c]	READ	1
0x001339d8	0x001339e8	CONDITIONAL_JUMP	0
0x001339da	0xStack[0x8]	READ	1
0x001339de	0x0017b99c	UNCONDITIONAL_CALL	0
0x001339e8	0xStack[0xc]	READ	1
0x001339ef	0xStack[-0x30]	WRITE	0
0x001339f2	0xStack[-0x28]	WRITE	0
0x001339f9	0xStack[-0x2c]	READ	1
0x001339fe	0x00133a02	CONDITIONAL_JUMP	0
0x00133a02	0xStack[-0x24]	READ	1
0x00133a0d	0xStack[0xc]	READ	1
0x00133a10	0xStack[0xc]	READ	1
0x00133a15	0x00133a64	CONDITIONAL_JUMP	0
0x00133a17	0xStack[-0x20]	READ	0
0x00133a1b	0x00133d9f	CONDITIONAL_JUMP	0
0x00133a21	0xStack[-0x24]	READ	1
0x00133a25	0x0012fccc	UNCONDITIONAL_CALL	0
0x00133a2a	0xStack[0x8]	READ	1
0x00133a38	0x00133a36	CONDITIONAL_JUMP	0
0x00133a46	0x00133a34	CONDITIONAL_JUMP	0
0x00133a48	0xStack[0x8]	READ	1
0x00133a5c	0x00133dd9	UNCONDITIONAL_JUMP	0
0x00133a66	0x00133a6a	CONDITIONAL_JUMP	0
0x00133a6a	0xStack[0x4]	READ	1
0x00133a70	0xStack[-0x38]	WRITE	0
0x00133a73	0xStack[-0xc]	DATA	0
0x00133a77	0xStack[-0x8]	DATA	0
0x00133a7b	0xStack[-0x28]	READ	1
0x00133a7f	0xStack[0x4]	READ	1
0x00133a83	0xStack[-0x38]	READ	1
0x00133a8e	0xStack[-0xc]	READ	0
0x00133a92	0x00133ad8	CONDITIONAL_JUMP	0
0x00133a94	0xStack[-0x24]	READ	1
0x00133a98	0x0012fccc	UNCONDITIONAL_CALL	0
0x00133a9d	0xStack[0x8]	READ	1
0x00133aac	0x00133aaa	CONDITIONAL_JUMP	0
0x00133aba	0x00133aa8	CONDITIONAL_JUMP	0
0x00133abc	0xStack[0x8]	READ	1
0x00133ad0	0x00133dd9	UNCONDITIONAL_JUMP	0
0x00133ada	0xStack[-0x24]	READ	1
0x00133ae1	0xStack[-0x8]	READ	1
0x00133ae5	0x0012c204	UNCONDITIONAL_CALL	0
0x00133aea	0xStack[-0x1c]	WRITE	0
0x00133af4	0x001e0d0c	READ	0
0x00133afa	0x00133c1c	CONDITIONAL_JUMP	0
0x00133b00	0xStack[-0x20]	READ	0
0x00133b04	0x00133c1c	CONDITIONAL_JUMP	0
0x00133b0a	0xStack[-0x30]	READ	0
0x00133b0e	0x00133c1c	CONDITIONAL_JUMP	0
0x00133b14	0xStack[-0x24]	READ	1
0x00133b1d	0xStack[-0x28]	READ	1
0x00133b22	0x00133b98	CONDITIONAL_JUMP	0
0x00133b24	0xStack[0x4]	READ	1
0x00133b2a	0xStack[-0x38]	WRITE	0
0x00133b2d	0xStack[-0x10]	DATA	0
0x00133b37	0xStack[0x4]	READ	1
0x00133b3b	0xStack[-0x38]	READ	1
0x00133b46	0x001ef1a0	READ	0
0x00133b4d	0x00133b9f	CONDITIONAL_JUMP	0
0x00133b4f	0xStack[0x4]	READ	1
0x00133b55	0xStack[-0x38]	WRITE	0
0x00133b58	0xStack[-0x14]	DATA	0
0x00133b62	0xStack[0x4]	READ	1
0x00133b66	0xStack[-0x38]	READ	1
0x00133b6e	0xStack[0x4]	READ	1
0x00133b74	0xStack[-0x38]	WRITE	0
0x00133b77	0xStack[-0x18]	DATA	0
0x00133b80	0xStack[-0x34]	WRITE	0
0x00133b84	0xStack[0x4]	READ	1
0x00133b88	0xStack[-0x38]	READ	1
0x00133b93	0x00133bad	UNCONDITIONAL_JUMP	0
0x00133b98	0xStack[-0x10]	WRITE	0
0x00133b9f	0xStack[-0x14]	WRITE	0
0x00133ba6	0xStack[-0x18]	WRITE	0
0x00133bad	0xStack[-0x1c]	DATA	0
0x00133bb2	0xStack[-0x10]	READ	1
0x00133bb8	0xStack[-0xc]	READ	1
0x00133bbc	0xStack[0x8]	READ	1
0x00133bc0	0xStack[-0x8]	READ	1
0x00133bc4	0x00119e00	UNCONDITIONAL_CALL	0
0x00133bce	0xStack[-0x14]	READ	1
0x00133bd3	0x00133be3	CONDITIONAL_JUMP	0
0x00133bd7	0xStack[-0x8]	READ	1
0x00133bdb	0x00119d88	UNCONDITIONAL_CALL	0
0x00133be3	0xStack[-0x18]	READ	1
0x00133be8	0x00133bf8	CONDITIONAL_JUMP	0
0x00133bec	0xStack[-0x8]	READ	1
0x00133bf0	0x00119d88	UNCONDITIONAL_CALL	0
0x00133bf8	0xStack[-0x1c]	READ	0
0x00133bfc	0x00133ce3	CONDITIONAL_JUMP	0
0x00133c02	0xStack[-0x28]	READ	1
0x00133c05	0xStack[-0x24]	READ	1
0x00133c0d	0x00133cd9	CONDITIONAL_JUMP	0
0x00133c15	0x00133cd9	UNCONDITIONAL_JUMP	0
0x00133c1c	0xStack[-0xc]	READ	1
0x00133c20	0xStack[-0x8]	READ	1
0x00133c24	0x0011a394	UNCONDITIONAL_CALL	0
0x00133c2c	0xStack[-0x24]	READ	1
0x00133c35	0xStack[-0x28]	READ	1
0x00133c3a	0x00133c78	CONDITIONAL_JUMP	0
0x00133c3c	0xStack[0x4]	READ	1
0x00133c42	0xStack[-0x38]	WRITE	0
0x00133c45	0xStack[-0x10]	DATA	0
0x00133c4e	0xStack[-0x34]	WRITE	0
0x00133c52	0xStack[0x4]	READ	1
0x00133c56	0xStack[-0x38]	READ	1
0x00133c5f	0xStack[-0x10]	READ	1
0x00133c64	0xStack[-0xc]	READ	1
0x00133c68	0xStack[-0x8]	READ	1
0x00133c6c	0x00119c10	UNCONDITIONAL_CALL	0
0x00133c76	0x00133c8b	UNCONDITIONAL_JUMP	0
0x00133c79	0xStack[-0xc]	READ	1
0x00133c7d	0xStack[-0x8]	READ	1
0x00133c81	0x00119b8c	UNCONDITIONAL_CALL	0
0x00133c8b	0xStack[-0x28]	READ	1
0x00133c8e	0xStack[-0x24]	READ	1
0x00133c97	0x00133ca4	CONDITIONAL_JUMP	0
0x00133c9d	0xStack[-0x1c]	WRITE	0
0x00133ca0	0x00133cd0	UNCONDITIONAL_JUMP	0
0x00133ca5	0xStack[-0x20]	READ	1
0x00133ca8	0xStack[0x8]	READ	1
0x00133caf	0xStack[-0x30]	READ	1
0x00133cb6	0x00191460	UNCONDITIONAL_CALL	0
0x00133cc6	0x00133cd0	CONDITIONAL_JUMP	0
0x00133cd1	0x0011a288	UNCONDITIONAL_CALL	0
0x00133cd9	0xStack[-0x1c]	READ	0
0x00133cdd	0x00133d88	CONDITIONAL_JUMP	0
0x00133ce3	0xStack[0x4]	READ	1
0x00133ce8	0xStack[-0x1c]	READ	1
0x00133cee	0xStack[0x4]	READ	1
0x00133cf8	0x00133d4a	CONDITIONAL_JUMP	0
0x00133cfa	0x001e8b54	READ	1
0x00133d06	0x00133d25	CONDITIONAL_JUMP	0
0x00133d08	0x001e8758	READ	1
0x00133d18	0x001dcb97	DATA	0
0x00133d1d	0x0010c0d8	UNCONDITIONAL_CALL	0
0x00133d25	0xStack[-0x1c]	READ	1
0x00133d2b	0x00133d3c	CONDITIONAL_JUMP	0
0x00133d2d	0x001dcba0	DATA	0
0x00133d32	0x0010c0d8	UNCONDITIONAL_CALL	0
0x00133d3a	0x00133d4a	UNCONDITIONAL_JUMP	0
0x00133d3d	0x001dcbcd	DATA	0
0x00133d42	0x0010c0d8	UNCONDITIONAL_CALL	0
0x00133d4a	0xStack[-0x24]	READ	1
0x00133d4e	0x0012fccc	UNCONDITIONAL_CALL	0
0x00133d53	0xStack[0x8]	READ	1
0x00133d60	0x00133d5e	CONDITIONAL_JUMP	0
0x00133d6e	0x00133d5c	CONDITIONAL_JUMP	0
0x00133d70	0xStack[0x8]	READ	1
0x00133d84	0x00133dd9	UNCONDITIONAL_JUMP	0
0x00133d88	0xStack[-0x2c]	READ_WRITE	0
0x00133d8b	0xStack[-0x20]	READ_WRITE	0
0x00133d8e	0xStack[0xc]	READ_WRITE	0
0x00133d91	0xStack[-0x2c]	READ	0
0x00133d95	0x00133d9f	CONDITIONAL_JUMP	0
0x00133d99	0x001339e8	CONDITIONAL_JUMP	0
0x00133d9f	0xStack[-0x24]	READ	1
0x00133da3	0x0012fccc	UNCONDITIONAL_CALL	0
0x00133da8	0xStack[0x8]	READ	1
0x00133db8	0x00133db6	CONDITIONAL_JUMP	0
0x00133dc6	0x00133db4	CONDITIONAL_JUMP	0
0x00133dc8	0xStack[0x8]	READ	1
0x00133dd9	0xStack[-0x58]	DATA	0
0x00133ded	0xStack[-0x10]	WRITE	0
0x00133df4	0xStack[0x4]	READ	1
0x00133dfa	0x001e8e24	READ	1
0x00133e00	0x001e8b54	READ	0
0x00133e06	0x00133e1a	CONDITIONAL_JUMP	0
0x00133e0c	0x00133e1a	CONDITIONAL_JUMP	0
0x00133e18	0x00133e2a	CONDITIONAL_JUMP	0
0x00133e1d	0x0012fd1c	UNCONDITIONAL_CALL	0
0x00133e28	0x00133e34	CONDITIONAL_JUMP	0
0x00133e2f	0x001340cd	UNCONDITIONAL_JUMP	0
0x00133e34	0xStack[0x4]	READ	1
0x00133e43	0xStack[-0x14]	WRITE	0
0x00133e46	0xStack[0x4]	READ	1
0x00133e50	0x00133e84	CONDITIONAL_JUMP	0
0x00133e52	0x001e8b54	READ	1
0x00133e5e	0x00133e7c	CONDITIONAL_JUMP	0
0x00133e60	0x001dcbea	DATA	0
0x00133e65	0x0010c0d8	UNCONDITIONAL_CALL	0
0x00133e6b	0x0012fccc	UNCONDITIONAL_CALL	0
0x00133e75	0x001340cd	UNCONDITIONAL_JUMP	0
0x00133e7c	0x001e8758	READ	1
0x00133e8c	0x00133e97	CONDITIONAL_JUMP	0
0x00133e8f	0x00108384	UNCONDITIONAL_CALL	0
0x00133e9c	0xStack[0x10]	READ	1
0x00133ea1	0xStack[-0x14]	READ	0
0x00133ea4	0xStack[-0x18]	WRITE	0
0x00133ea9	0xStack[-0x14]	READ	1
0x00133eae	0xStack[0xc]	READ	1
0x00133eb3	0x00133eb7	CONDITIONAL_JUMP	0
0x00133eb7	0xStack[0x4]	READ	1
0x00133ebd	0xStack[-0x20]	WRITE	0
0x00133ec0	0xStack[-0xc]	DATA	0
0x00133ec4	0xStack[-0x8]	DATA	0
0x00133ec9	0xStack[0x4]	READ	1
0x00133ecd	0xStack[-0x20]	READ	1
0x00133edf	0x00133f84	CONDITIONAL_JUMP	0
0x00133ee5	0xStack[0x4]	READ	1
0x00133ef0	0xStack[0x4]	READ	1
0x00133efa	0x00133f71	CONDITIONAL_JUMP	0
0x00133efc	0x001e8b54	READ	1
0x00133f08	0x00133f27	CONDITIONAL_JUMP	0
0x00133f0a	0x001e8758	READ	1
0x00133f1a	0x001dcc12	DATA	0
0x00133f1f	0x0010c0d8	UNCONDITIONAL_CALL	0
0x00133f2f	0x00133f48	CONDITIONAL_JUMP	0
0x00133f31	0x001dcc1b	DATA	0
0x00133f36	0x0010c0d8	UNCONDITIONAL_CALL	0
0x00133f44	0x00133f71	UNCONDITIONAL_JUMP	0
0x00133f4c	0x00133f60	CONDITIONAL_JUMP	0
0x00133f4e	0x001dcc44	DATA	0
0x00133f53	0x0010c0d8	UNCONDITIONAL_CALL	0
0x00133f5b	0x00133f71	UNCONDITIONAL_JUMP	0
0x00133f64	0x001dcc73	DATA	0
0x00133f69	0x0010c0d8	UNCONDITIONAL_CALL	0
0x00133f72	0x0012fccc	UNCONDITIONAL_CALL	0
0x00133f7c	0x001340cd	UNCONDITIONAL_JUMP	0
0x00133f84	0xStack[-0xc]	READ	1
0x00133f89	0x001340b8	CONDITIONAL_JUMP	0
0x00133f8f	0xStack[-0x14]	READ	0
0x00133f92	0x00133fa4	CONDITIONAL_JUMP	0
0x00133f96	0xStack[-0x8]	READ	1
0x00133f9a	0x0011a3e8	UNCONDITIONAL_CALL	0
0x00133f9f	0x00133fb2	UNCONDITIONAL_JUMP	0
0x00133fa4	0xStack[-0x14]	READ	1
0x00133fa9	0xStack[-0x8]	READ	1
0x00133fad	0x00119b8c	UNCONDITIONAL_CALL	0
0x00133fba	0x00134044	CONDITIONAL_JUMP	0
0x00133fc0	0xStack[0x4]	READ	1
0x00133fcc	0xStack[0x4]	READ	1
0x00133fd6	0x0013402d	CONDITIONAL_JUMP	0
0x00133fd8	0x001e8b54	READ	1
0x00133fe4	0x00134003	CONDITIONAL_JUMP	0
0x00133fe6	0x001e8758	READ	1
0x00133ff6	0x001dccb0	DATA	0
0x00133ffb	0x0010c0d8	UNCONDITIONAL_CALL	0
0x0013400b	0x0013401c	CONDITIONAL_JUMP	0
0x0013400d	0x001dccb9	DATA	0
0x00134012	0x0010c0d8	UNCONDITIONAL_CALL	0
0x0013401a	0x0013402d	UNCONDITIONAL_JUMP	0
0x00134020	0x001dcce7	DATA	0
0x00134025	0x0010c0d8	UNCONDITIONAL_CALL	0
0x0013402e	0x0011a288	UNCONDITIONAL_CALL	0
0x00134034	0x0012fccc	UNCONDITIONAL_CALL	0
0x0013403e	0x001340cd	UNCONDITIONAL_JUMP	0
0x00134045	0xStack[-0x18]	READ	1
0x0013404c	0xStack[0x8]	READ	1
0x0013404f	0xStack[-0x10]	READ	1
0x00134053	0x00191478	UNCONDITIONAL_CALL	0
0x00134058	0xStack[0x10]	READ	1
0x00134066	0x0013406e	CONDITIONAL_JUMP	0
0x0013406e	0xStack[0xc]	READ_WRITE	0
0x00134071	0xStack[-0x10]	READ_WRITE	0
0x00134074	0xStack[0x10]	WRITE	0
0x0013407b	0xStack[-0x18]	READ	1
0x00134080	0xStack[-0x14]	READ	0
0x00134083	0x00134094	CONDITIONAL_JUMP	0
0x0013408c	0x0011a208	UNCONDITIONAL_CALL	0
0x00134091	0x0013409a	UNCONDITIONAL_JUMP	0
0x00134095	0x0011a1e0	UNCONDITIONAL_CALL	0
0x0013409d	0xStack[0xc]	READ	0
0x001340a1	0x001340ab	CONDITIONAL_JUMP	0
0x001340a5	0x00133e9c	CONDITIONAL_JUMP	0
0x001340ac	0x0012fccc	UNCONDITIONAL_CALL	0
0x001340b3	0x001340cd	UNCONDITIONAL_JUMP	0
0x001340b8	0x001dcc92	DATA	0
0x001340bd	0x0010c0d8	UNCONDITIONAL_CALL	0
0x001340c3	0x0012fccc	UNCONDITIONAL_CALL	0
0x001340cd	0xStack[-0x3c]	DATA	0
0x001340e0	0xStack[0x4]	READ	1
0x001340e3	0xStack[0x8]	READ	1
0x001340e9	0x001e8758	READ	1
0x001340f2	0xStack[-0x44]	DATA	0
0x001340fe	0x00134114	CONDITIONAL_JUMP	0
0x00134100	0xStack[-0x30]	READ	1
0x0013410d	0x00134112	CONDITIONAL_JUMP	0
0x00134114	0xStack[-0x4c]	DATA	0
0x00134131	0xStack[0x8]	READ	1
0x00134135	0xStack[0x4]	READ	1
0x00134139	0x00137cac	UNCONDITIONAL_CALL	0
0x00134140	0x00134148	CONDITIONAL_JUMP	0
0x00134159	0xStack[0x4]	READ	1
0x0013415c	0xStack[0x8]	READ	1
0x00134163	0x00137cac	UNCONDITIONAL_CALL	0
0x0013416f	0x00134172	CONDITIONAL_JUMP	0
0x00134174	0x001341ec	CONDITIONAL_JUMP	0
0x0013417b	0x001379ec	UNCONDITIONAL_CALL	0
0x00134185	0x001341ec	CONDITIONAL_JUMP	0
0x0013418c	0x001379ec	UNCONDITIONAL_CALL	0
0x00134196	0x001341ec	CONDITIONAL_JUMP	0
0x0013419d	0x001379ec	UNCONDITIONAL_CALL	0
0x001341a7	0x001341ec	CONDITIONAL_JUMP	0
0x001341a9	0x001dd3e4	DATA	1
0x001341b0	0x001341cc	CONDITIONAL_JUMP	0
0x001341b5	0x001341cc	CONDITIONAL_JUMP	0
0x001341c0	0x001383c8	UNCONDITIONAL_CALL	0
0x001341c7	0x001341e3	CONDITIONAL_JUMP	0
0x001341c9	0x001341ec	UNCONDITIONAL_JUMP	0
0x001341da	0x00137d78	UNCONDITIONAL_CALL	0
0x001341e1	0x001341ec	CONDITIONAL_JUMP	0
0x001341e8	0x001341ee	UNCONDITIONAL_JUMP	0
0x001341ee	0xStack[-0xc]	DATA	0
0x001341fd	0xStack[0x4]	READ	1
0x00134200	0xStack[0x8]	READ	1
0x00134206	0x001342d4	CONDITIONAL_JUMP	0
0x0013421e	0x0013439c	CONDITIONAL_JUMP	0
0x001342cf	0x001344a6	UNCONDITIONAL_JUMP	0
0x001342e6	0x0013439c	CONDITIONAL_JUMP	0
0x00134397	0x001344a6	UNCONDITIONAL_JUMP	0
0x0013439e	0x00137c58	UNCONDITIONAL_CALL	0
0x001343a8	0x001344a4	CONDITIONAL_JUMP	0
0x001343b3	0x00137a44	UNCONDITIONAL_CALL	0
0x001343bd	0x001344a4	CONDITIONAL_JUMP	0
0x001343c8	0x00137a44	UNCONDITIONAL_CALL	0
0x001343d2	0x001344a4	CONDITIONAL_JUMP	0
0x001343dd	0x00137a44	UNCONDITIONAL_CALL	0
0x001343e7	0x001344a4	CONDITIONAL_JUMP	0
0x001343f2	0x00137a44	UNCONDITIONAL_CALL	0
0x001343fc	0x001344a4	CONDITIONAL_JUMP	0
0x00134407	0x00137a44	UNCONDITIONAL_CALL	0
0x00134411	0x001344a4	CONDITIONAL_JUMP	0
0x0013441c	0x00137a44	UNCONDITIONAL_CALL	0
0x00134426	0x001344a4	CONDITIONAL_JUMP	0
0x0013442d	0x00137a44	UNCONDITIONAL_CALL	0
0x00134437	0x001344a4	CONDITIONAL_JUMP	0
0x0013443e	0x00137a44	UNCONDITIONAL_CALL	0
0x00134448	0x001344a4	CONDITIONAL_JUMP	0
0x0013444f	0x00137a44	UNCONDITIONAL_CALL	0
0x00134459	0x001344a4	CONDITIONAL_JUMP	0
0x00134460	0x00137a44	UNCONDITIONAL_CALL	0
0x0013446a	0x001344a4	CONDITIONAL_JUMP	0
0x00134471	0x00134924	UNCONDITIONAL_CALL	0
0x0013447b	0x001344a4	CONDITIONAL_JUMP	0
0x00134482	0x00134924	UNCONDITIONAL_CALL	0
0x0013448c	0x001344a4	CONDITIONAL_JUMP	0
0x00134493	0x00134924	UNCONDITIONAL_CALL	0
0x0013449a	0x001344a4	CONDITIONAL_JUMP	0
0x001344a1	0x001344a6	UNCONDITIONAL_JUMP	0
0x001344a6	0xStack[-0xc]	DATA	0
0x001344b5	0xStack[0x4]	READ	1
0x001344b8	0xStack[0x8]	READ	1
0x001344bf	0x00137cac	UNCONDITIONAL_CALL	0
0x001344cb	0x001344ce	CONDITIONAL_JUMP	0
0x001344d0	0x0013450c	CONDITIONAL_JUMP	0
0x001344d7	0x001379ec	UNCONDITIONAL_CALL	0
0x001344e1	0x0013450c	CONDITIONAL_JUMP	0
0x001344e8	0x001379ec	UNCONDITIONAL_CALL	0
0x001344f2	0x0013450c	CONDITIONAL_JUMP	0
0x001344f9	0x001379ec	UNCONDITIONAL_CALL	0
0x00134500	0x0013450c	CONDITIONAL_JUMP	0
0x00134507	0x0013450e	UNCONDITIONAL_JUMP	0
0x0013450e	0xStack[-0xc]	DATA	0
0x0013451b	0xStack[0x8]	READ	1
0x0013451e	0x001379b8	DATA	0
0x00134523	0x001dcd38	DATA	0
0x0013452d	0xStack[0x4]	READ	1
0x00134531	0x00137efc	UNCONDITIONAL_CALL	0
0x00134538	0x00134540	CONDITIONAL_JUMP	0
0x0013454f	0xStack[0x8]	READ	1
0x00134552	0x001379b8	DATA	0
0x00134557	0x001dcd48	DATA	0
0x00134561	0xStack[0x4]	READ	1
0x00134565	0x00137efc	UNCONDITIONAL_CALL	0
0x0013456c	0x00134574	CONDITIONAL_JUMP	0
0x00134583	0xStack[0x8]	READ	1
0x00134586	0x001379b8	DATA	0
0x0013458b	0x001dcd58	DATA	0
0x00134595	0xStack[0x4]	READ	1
0x00134599	0x00137efc	UNCONDITIONAL_CALL	0
0x001345a0	0x001345a8	CONDITIONAL_JUMP	0
0x001345b9	0xStack[0x4]	READ	1
0x001345bc	0xStack[0x8]	READ	1
0x001345c3	0x00137cac	UNCONDITIONAL_CALL	0
0x001345cf	0x001345d2	CONDITIONAL_JUMP	0
0x001345d4	0x001345fc	CONDITIONAL_JUMP	0
0x001345db	0x00137a44	UNCONDITIONAL_CALL	0
0x001345e5	0x001345fc	CONDITIONAL_JUMP	0
0x001345ec	0x00137a44	UNCONDITIONAL_CALL	0
0x001345f3	0x001345fc	CONDITIONAL_JUMP	0
0x001345fa	0x001345fe	UNCONDITIONAL_JUMP	0
0x001345fe	0xStack[-0xc]	DATA	0
0x00134611	0xStack[0x4]	READ	1
0x00134614	0xStack[-0x8]	WRITE	0
0x0013461b	0xStack[-0x18]	WRITE	0
0x00134625	0x00134770	CONDITIONAL_JUMP	0
0x0013462b	0xStack[0x8]	READ	1
0x00134633	0x00137c58	UNCONDITIONAL_CALL	0
0x0013463d	0x00134770	CONDITIONAL_JUMP	0
0x00134643	0xStack[0x8]	READ	1
0x0013464a	0x00134668	CONDITIONAL_JUMP	0
0x00134651	0x00134772	UNCONDITIONAL_JUMP	0
0x00134658	0xStack[0x8]	READ	1
0x00134662	0x0013474a	UNCONDITIONAL_JUMP	0
0x00134671	0xStack[-0x1c]	WRITE	0
0x00134674	0xStack[0x8]	READ	1
0x0013467a	0xStack[-0x14]	WRITE	0
0x0013467d	0xStack[0x8]	READ	1
0x00134683	0xStack[-0x20]	WRITE	0
0x00134686	0xStack[0x8]	READ	1
0x00134691	0x0013474a	CONDITIONAL_JUMP	0
0x0013469f	0x00134770	CONDITIONAL_JUMP	0
0x001346b4	0x00134770	CONDITIONAL_JUMP	0
0x001346ba	0xStack[-0x14]	READ_WRITE	0
0x001346c0	0x00134737	CONDITIONAL_JUMP	0
0x001346c5	0xStack[-0xc]	WRITE	0
0x001346cc	0xStack[-0x10]	WRITE	0
0x001346cf	0xStack[-0x8]	DATA	0
0x001346d4	0x00137bc4	UNCONDITIONAL_CALL	0
0x001346de	0x00134770	CONDITIONAL_JUMP	0
0x001346e6	0x00137a44	UNCONDITIONAL_CALL	0
0x001346f0	0x00134770	CONDITIONAL_JUMP	0
0x001346f7	0xStack[-0x10]	DATA	0
0x001346fb	0xStack[-0xc]	DATA	0
0x00134700	0x00137d78	UNCONDITIONAL_CALL	0
0x0013470a	0x00134770	CONDITIONAL_JUMP	0
0x0013470c	0xStack[-0x14]	DATA	0
0x00134711	0x00137a44	UNCONDITIONAL_CALL	0
0x0013471b	0x00134770	CONDITIONAL_JUMP	0
0x00134726	0xStack[-0x1c]	READ	1
0x0013472c	0xStack[0x8]	READ	1
0x00134731	0x00134658	CONDITIONAL_JUMP	0
0x0013473b	0xStack[-0x20]	READ_WRITE	0
0x00134740	0xStack[-0x20]	READ	0
0x00134744	0x00134698	CONDITIONAL_JUMP	0
0x0013474a	0xStack[-0x18]	DATA	0
0x0013474f	0x00137bc4	UNCONDITIONAL_CALL	0
0x00134759	0x00134770	CONDITIONAL_JUMP	0
0x0013475b	0xStack[0x8]	READ	1
0x00134763	0x00137bc4	UNCONDITIONAL_CALL	0
0x0013476a	0x0013464c	CONDITIONAL_JUMP	0
0x00134772	0xStack[-0x2c]	DATA	0
0x00134785	0xStack[0x4]	READ	1
0x00134788	0xStack[-0xc]	WRITE	0
0x0013478f	0xStack[0x8]	READ	1
0x00134797	0x00137c58	UNCONDITIONAL_CALL	0
0x001347a1	0x0013489c	CONDITIONAL_JUMP	0
0x001347a7	0xStack[0x8]	READ	1
0x001347ae	0x001347bc	CONDITIONAL_JUMP	0
0x001347b5	0x0013489e	UNCONDITIONAL_JUMP	0
0x001347bc	0xStack[0x8]	READ	1
0x001347c8	0xStack[-0x8]	DATA	0
0x001347cd	0x00137bc4	UNCONDITIONAL_CALL	0
0x001347d7	0x0013489c	CONDITIONAL_JUMP	0
0x001347dd	0xStack[-0x8]	READ	0
0x001347e1	0x00134874	CONDITIONAL_JUMP	0
0x001347ea	0x0013489c	CONDITIONAL_JUMP	0
0x001347f2	0x00137a44	UNCONDITIONAL_CALL	0
0x001347fc	0x0013489c	CONDITIONAL_JUMP	0
0x00134807	0x00137b04	UNCONDITIONAL_CALL	0
0x00134811	0x0013489c	CONDITIONAL_JUMP	0
0x0013481b	0xStack[-0x10]	WRITE	0
0x00134827	0x0013489c	CONDITIONAL_JUMP	0
0x0013482f	0x00137cac	UNCONDITIONAL_CALL	0
0x00134839	0x0013489c	CONDITIONAL_JUMP	0
0x0013483b	0xStack[-0xc]	DATA	0
0x00134840	0x00137a44	UNCONDITIONAL_CALL	0
0x0013484a	0x0013489c	CONDITIONAL_JUMP	0
0x00134869	0x0013489c	CONDITIONAL_JUMP	0
0x0013486d	0x001347c8	UNCONDITIONAL_JUMP	0
0x00134874	0xStack[0x8]	READ	1
0x0013487c	0x00137bc4	UNCONDITIONAL_CALL	0
0x00134883	0x0013489c	CONDITIONAL_JUMP	0
0x00134885	0xStack[0x8]	READ	1
0x0013488e	0xStack[-0xc]	READ	1
0x00134899	0x0013489e	UNCONDITIONAL_JUMP	0
0x0013489e	0xStack[-0x1c]	DATA	0
0x001348ad	0xStack[0x4]	READ	1
0x001348b0	0xStack[0x8]	READ	1
0x001348b7	0x00137cac	UNCONDITIONAL_CALL	0
0x001348c3	0x001348c6	CONDITIONAL_JUMP	0
0x001348c8	0x001348e4	CONDITIONAL_JUMP	0
0x001348d4	0x00137fa0	UNCONDITIONAL_CALL	0
0x001348db	0x001348e4	CONDITIONAL_JUMP	0
0x001348e2	0x001348e6	UNCONDITIONAL_JUMP	0
0x001348e6	0xStack[-0xc]	DATA	0
0x001348f3	0xStack[0x8]	READ	1
0x001348f6	0x001379b8	DATA	0
0x001348fb	0x001dcd68	DATA	0
0x00134905	0xStack[0x4]	READ	1
0x00134909	0x00137efc	UNCONDITIONAL_CALL	0
0x00134910	0x00134918	CONDITIONAL_JUMP	0
0x00134929	0xStack[0x4]	READ	1
0x0013492c	0xStack[0x8]	READ	1
0x00134931	0x001379ec	UNCONDITIONAL_CALL	0
0x0013493b	0x00134954	CONDITIONAL_JUMP	0
0x00134942	0x001379ec	UNCONDITIONAL_CALL	0
0x00134949	0x00134954	CONDITIONAL_JUMP	0
0x00134950	0x00134956	UNCONDITIONAL_JUMP	0
0x00134956	0xStack[-0xc]	DATA	0
0x00134965	0xStack[0x4]	READ	1
0x00134968	0xStack[0x8]	READ	1
0x0013496f	0x00137cac	UNCONDITIONAL_CALL	0
0x0013497b	0x0013497e	CONDITIONAL_JUMP	0
0x00134980	0x001349ec	CONDITIONAL_JUMP	0
0x00134987	0x00137a44	UNCONDITIONAL_CALL	0
0x00134991	0x001349ec	CONDITIONAL_JUMP	0
0x00134998	0x00137a44	UNCONDITIONAL_CALL	0
0x001349a2	0x001349ec	CONDITIONAL_JUMP	0
0x001349a9	0x00137a44	UNCONDITIONAL_CALL	0
0x001349b3	0x001349ec	CONDITIONAL_JUMP	0
0x001349ba	0x00137a44	UNCONDITIONAL_CALL	0
0x001349c4	0x001349ec	CONDITIONAL_JUMP	0
0x001349cb	0x00134924	UNCONDITIONAL_CALL	0
0x001349d5	0x001349ec	CONDITIONAL_JUMP	0
0x001349dc	0x00134924	UNCONDITIONAL_CALL	0
0x001349e3	0x001349ec	CONDITIONAL_JUMP	0
0x001349ea	0x001349ee	UNCONDITIONAL_JUMP	0
0x001349ee	0xStack[-0xc]	DATA	0
0x001349fd	0xStack[0x4]	READ	1
0x00134a00	0xStack[0x8]	READ	1
0x00134a07	0x00137cac	UNCONDITIONAL_CALL	0
0x00134a13	0x00134a16	CONDITIONAL_JUMP	0
0x00134a18	0x00134aa0	CONDITIONAL_JUMP	0
0x00134a28	0x00137fa0	UNCONDITIONAL_CALL	0
0x00134a32	0x00134aa0	CONDITIONAL_JUMP	0
0x00134a39	0x00137a44	UNCONDITIONAL_CALL	0
0x00134a43	0x00134aa0	CONDITIONAL_JUMP	0
0x00134a4a	0x00137a44	UNCONDITIONAL_CALL	0
0x00134a54	0x00134aa0	CONDITIONAL_JUMP	0
0x00134a5b	0x00137a44	UNCONDITIONAL_CALL	0
0x00134a65	0x00134aa0	CONDITIONAL_JUMP	0
0x00134a6c	0x00137a44	UNCONDITIONAL_CALL	0
0x00134a76	0x00134aa0	CONDITIONAL_JUMP	0
0x00134a7d	0x00134924	UNCONDITIONAL_CALL	0
0x00134a87	0x00134aa0	CONDITIONAL_JUMP	0
0x00134a8e	0x00134924	UNCONDITIONAL_CALL	0
0x00134a95	0x00134aa0	CONDITIONAL_JUMP	0
0x00134a9c	0x00134aa2	UNCONDITIONAL_JUMP	0
0x00134aa2	0xStack[-0xc]	DATA	0
0x00134ab1	0xStack[0x4]	READ	1
0x00134ab4	0xStack[0x8]	READ	1
0x00134abb	0x00137cac	UNCONDITIONAL_CALL	0
0x00134ac7	0x00134aca	CONDITIONAL_JUMP	0
0x00134acc	0x00134b04	CONDITIONAL_JUMP	0
0x00134ad5	0x00137cac	UNCONDITIONAL_CALL	0
0x00134ae1	0x00134ae4	CONDITIONAL_JUMP	0
0x00134ae6	0x00134b04	CONDITIONAL_JUMP	0
0x00134af2	0x00137fa0	UNCONDITIONAL_CALL	0
0x00134af9	0x00134b04	CONDITIONAL_JUMP	0
0x00134b00	0x00134b06	UNCONDITIONAL_JUMP	0
0x00134b06	0xStack[-0xc]	DATA	0
0x00134b15	0xStack[0x4]	READ	1
0x00134b18	0xStack[0x8]	READ	1
0x00134b1f	0x00137cac	UNCONDITIONAL_CALL	0
0x00134b2b	0x00134b2e	CONDITIONAL_JUMP	0
0x00134b30	0x00134b7c	CONDITIONAL_JUMP	0
0x00134b3c	0x00137fa0	UNCONDITIONAL_CALL	0
0x00134b46	0x00134b7c	CONDITIONAL_JUMP	0
0x00134b4f	0x00137cac	UNCONDITIONAL_CALL	0
0x00134b5b	0x00134b5e	CONDITIONAL_JUMP	0
0x00134b60	0x00134b7c	CONDITIONAL_JUMP	0
0x00134b6c	0x00137fa0	UNCONDITIONAL_CALL	0
0x00134b73	0x00134b7c	CONDITIONAL_JUMP	0
0x00134b7a	0x00134b7e	UNCONDITIONAL_JUMP	0
0x00134b7e	0xStack[-0xc]	DATA	0
0x00134b8d	0xStack[0x4]	READ	1
0x00134b90	0xStack[0x8]	READ	1
0x00134b97	0x00137cac	UNCONDITIONAL_CALL	0
0x00134ba3	0x00134ba6	CONDITIONAL_JUMP	0
0x00134ba8	0x00134c48	CONDITIONAL_JUMP	0
0x00134bb8	0x00137fa0	UNCONDITIONAL_CALL	0
0x00134bc2	0x00134c48	CONDITIONAL_JUMP	0
0x00134bd2	0x00137fa0	UNCONDITIONAL_CALL	0
0x00134bdc	0x00134c48	CONDITIONAL_JUMP	0
0x00134be3	0x00137a44	UNCONDITIONAL_CALL	0
0x00134bed	0x00134c48	CONDITIONAL_JUMP	0
0x00134bf4	0x00137a44	UNCONDITIONAL_CALL	0
0x00134bfe	0x00134c48	CONDITIONAL_JUMP	0
0x00134c05	0x00137a44	UNCONDITIONAL_CALL	0
0x00134c0f	0x00134c48	CONDITIONAL_JUMP	0
0x00134c16	0x00137a44	UNCONDITIONAL_CALL	0
0x00134c20	0x00134c48	CONDITIONAL_JUMP	0
0x00134c27	0x00134924	UNCONDITIONAL_CALL	0
0x00134c31	0x00134c48	CONDITIONAL_JUMP	0
0x00134c38	0x00134924	UNCONDITIONAL_CALL	0
0x00134c3f	0x00134c48	CONDITIONAL_JUMP	0
0x00134c46	0x00134c4a	UNCONDITIONAL_JUMP	0
0x00134c4a	0xStack[-0xc]	DATA	0
0x00134c57	0xStack[0x8]	READ	1
0x00134c5a	0x001379b8	DATA	0
0x00134c5f	0x001dcd78	DATA	0
0x00134c69	0xStack[0x4]	READ	1
0x00134c6d	0x00137efc	UNCONDITIONAL_CALL	0
0x00134c74	0x00134c7c	CONDITIONAL_JUMP	0
0x00134c8d	0xStack[0x4]	READ	1
0x00134c90	0xStack[0x8]	READ	1
0x00134c97	0x00137cac	UNCONDITIONAL_CALL	0
0x00134ca3	0x00134ca6	CONDITIONAL_JUMP	0
0x00134ca8	0x00134cc0	CONDITIONAL_JUMP	0
0x00134caf	0x001341f8	UNCONDITIONAL_CALL	0
0x00134cb6	0x00134cc0	CONDITIONAL_JUMP	0
0x00134cbd	0x00134cc2	UNCONDITIONAL_JUMP	0
0x00134cc2	0xStack[-0xc]	DATA	0
0x00134cd1	0xStack[0x4]	READ	1
0x00134cd4	0xStack[0x8]	READ	1
0x00134cd9	0x001379ec	UNCONDITIONAL_CALL	0
0x00134ce3	0x00134d30	CONDITIONAL_JUMP	0
0x00134cea	0x001379ec	UNCONDITIONAL_CALL	0
0x00134cf4	0x00134d30	CONDITIONAL_JUMP	0
0x00134cfb	0x001379ec	UNCONDITIONAL_CALL	0
0x00134d05	0x00134d30	CONDITIONAL_JUMP	0
0x00134d0c	0x001379ec	UNCONDITIONAL_CALL	0
0x00134d16	0x00134d30	CONDITIONAL_JUMP	0
0x00134d1d	0x001379ec	UNCONDITIONAL_CALL	0
0x00134d24	0x00134d30	CONDITIONAL_JUMP	0
0x00134d2b	0x00134d32	UNCONDITIONAL_JUMP	0
0x00134d32	0xStack[-0xc]	DATA	0
0x00134d45	0xStack[0x4]	READ	1
0x00134d48	0xStack[0x8]	READ	1
0x00134d4d	0x001341f8	UNCONDITIONAL_CALL	0
0x00134d57	0x00134e5c	CONDITIONAL_JUMP	0
0x00134d60	0x00134e3d	CONDITIONAL_JUMP	0
0x00134d6a	0x00134e3d	CONDITIONAL_JUMP	0
0x00134d70	0x0018b970	UNCONDITIONAL_CALL	0
0x00134d75	0xStack[-0x8]	WRITE	0
0x00134d78	0x001e93d4	READ	1
0x00134d80	0x00134dc4	CONDITIONAL_JUMP	0
0x00134d87	0x00134d96	CONDITIONAL_JUMP	0
0x00134d89	0x001dcd0e	DATA	0
0x00134d8e	0x0010ca6c	UNCONDITIONAL_CALL	0
0x00134d9c	0x001e917c	READ_WRITE	0
0x00134da3	0x001e917e	READ_WRITE	0
0x00134dac	0x001e93d4	WRITE	0
0x00134dbf	0x00134dd2	UNCONDITIONAL_JUMP	0
0x00134dc8	0x00113f6c	UNCONDITIONAL_CALL	0
0x00134dd2	0xStack[-0x8]	READ	1
0x00134dd6	0x0018b544	UNCONDITIONAL_CALL	0
0x00134de0	0x00134df0	CONDITIONAL_JUMP	0
0x00134de2	0x001dcd13	DATA	0
0x00134de7	0x0010c0d8	UNCONDITIONAL_CALL	0
0x00134dec	0x00134e5c	UNCONDITIONAL_JUMP	0
0x00134df3	0x00134e98	DATA	1
0x00134e1c	0x00134f7c	DATA	0
0x00134e2a	0x001384bc	UNCONDITIONAL_CALL	0
0x00134e34	0x00134e54	CONDITIONAL_JUMP	0
0x00134e4b	0x00137d78	UNCONDITIONAL_CALL	0
0x00134e52	0x00134e5c	CONDITIONAL_JUMP	0
0x00134e59	0x00134e5e	UNCONDITIONAL_JUMP	0
0x00134e5e	0xStack[-0x14]	DATA	0
0x00134e6b	0xStack[0x8]	READ	1
0x00134e78	0xStack[0x4]	READ	1
0x00134e7c	0x00137d78	UNCONDITIONAL_CALL	0
0x00134e83	0x00134e8c	CONDITIONAL_JUMP	0
0x00134e9d	0xStack[0x4]	READ	1
0x00134ea0	0x0018b970	UNCONDITIONAL_CALL	0
0x00134eab	0x00134ec1	CONDITIONAL_JUMP	0
0x00134eb3	0x0010a588	UNCONDITIONAL_CALL	0
0x00134ebf	0x00134eb0	CONDITIONAL_JUMP	0
0x00134ec2	0x0018b544	UNCONDITIONAL_CALL	0
0x00134edb	0x0011df54	UNCONDITIONAL_CALL	0
0x00134ee0	0x0018b970	UNCONDITIONAL_CALL	0
0x00134ef4	0x00134f03	CONDITIONAL_JUMP	0
0x00134ef6	0x001dcd08	DATA	0
0x00134efb	0x0010ca6c	UNCONDITIONAL_CALL	0
0x00134f08	0x001e917c	DATA	0
0x00134f10	0x001e917c	READ_WRITE	0
0x00134f23	0x00134f2e	CONDITIONAL_JUMP	0
0x00134f26	0x00114a48	UNCONDITIONAL_CALL	0
0x00134f2e	0x001e93d4	READ	1
0x00134f44	0x001e93d4	WRITE	0
0x00134f4b	0x0018b544	UNCONDITIONAL_CALL	0
0x00134f53	0x001e9154	READ	0
0x00134f5a	0x00134f70	CONDITIONAL_JUMP	0
0x00134f5c	0x001e9154	WRITE	0
0x00134f66	0x001e93d4	DATA	0
0x00134f6b	0x0010ab38	UNCONDITIONAL_CALL	0
0x00134f70	0xStack[-0xc]	DATA	0
0x00134f7f	0xStack[0x4]	READ	1
0x00134f8a	0x0010ab38	UNCONDITIONAL_CALL	0
0x00134f9a	0x0015a75c	UNCONDITIONAL_CALL	0
0x00134fa4	0x00101600	UNCONDITIONAL_CALL	0
0x00134fa9	0x001dcd88	DATA	1
0x00134fb6	0x001ef1b0	READ	1
0x00134fbf	0x001ef1b4	READ	1
0x00134fc8	0x001ef1b8	READ	1
0x00134fd3	0xStack[-0x8]	READ	1
0x00134fed	0x001e8758	READ	1
0x00134ffd	0x00135012	CONDITIONAL_JUMP	0
0x00135009	0x00135012	CONDITIONAL_JUMP	0
0x00135010	0x00135004	CONDITIONAL_JUMP	0
0x0013501a	0xStack[-0x28]	WRITE	0
0x0013501d	0x001e8de0	READ	1
0x00135028	0x0013502d	CONDITIONAL_JUMP	0
0x00135033	0xStack[-0x2c]	WRITE	0
0x00135036	0xStack[0x8]	READ	1
0x0013504f	0x0013510c	CONDITIONAL_JUMP	0
0x00135055	0xStack[-0x24]	DATA	0
0x00135059	0x0010ac84	UNCONDITIONAL_CALL	0
0x0013506d	0xStack[-0x2c]	READ	1
0x00135077	0xStack[-0x24]	READ	1
0x00135081	0x001e8de0	READ	1
0x0013508d	0x001e8de0	READ	1
0x00135095	0x001e8ce0	DATA	0
0x0013509a	0x001013cc	UNCONDITIONAL_CALL	0
0x0013509f	0x001e8de0	READ	1
0x001350aa	0x001350af	CONDITIONAL_JUMP	0
0x001350b3	0x001e8758	READ	1
0x001350c6	0x001e8758	READ	1
0x001350d9	0xStack[-0x28]	READ	1
0x001350dc	0x001350e6	UNCONDITIONAL_JUMP	0
0x001350ef	0x001350e0	CONDITIONAL_JUMP	0
0x00135105	0x0013519b	UNCONDITIONAL_JUMP	0
0x00135111	0x0015a75c	UNCONDITIONAL_CALL	0
0x00135120	0xStack[-0x1c]	DATA	0
0x00135124	0x001385f4	UNCONDITIONAL_CALL	0
0x0013512a	0x00135254	UNCONDITIONAL_CALL	0
0x00135134	0x00135148	CONDITIONAL_JUMP	0
0x00135136	0x001dcd9c	DATA	0
0x0013513b	0x0010c0d8	UNCONDITIONAL_CALL	0
0x00135145	0x0013518e	UNCONDITIONAL_JUMP	0
0x00135148	0xStack[-0x18]	READ	1
0x00135151	0xStack[0x4]	READ	1
0x0013515b	0xStack[0x8]	READ	1
0x0013515f	0x001365cc	UNCONDITIONAL_CALL	0
0x00135169	0x0013518c	CONDITIONAL_JUMP	0
0x0013516b	0xStack[0x4]	READ	1
0x00135172	0xStack[0x8]	READ	1
0x00135176	0x001365cc	UNCONDITIONAL_CALL	0
0x00135180	0x0013518c	CONDITIONAL_JUMP	0
0x00135187	0x0013518e	UNCONDITIONAL_JUMP	0
0x00135194	0x0015a824	UNCONDITIONAL_CALL	0
0x0013519b	0xStack[-0x38]	DATA	0
0x001351c5	0xStack[0x4]	READ	1
0x001351c9	0x0015a824	UNCONDITIONAL_CALL	0
0x001351d9	0xStack[0x4]	READ	1
0x001351dc	0xStack[0x8]	READ	1
0x001351e1	0x00137a44	UNCONDITIONAL_CALL	0
0x001351eb	0x00135248	CONDITIONAL_JUMP	0
0x001351f7	0x00137fa0	UNCONDITIONAL_CALL	0
0x00135201	0x00135248	CONDITIONAL_JUMP	0
0x00135208	0x001379c4	UNCONDITIONAL_CALL	0
0x00135212	0x00135248	CONDITIONAL_JUMP	0
0x00135219	0x001379c4	UNCONDITIONAL_CALL	0
0x00135223	0x00135248	CONDITIONAL_JUMP	0
0x00135225	0x001379c4	DATA	0
0x00135237	0x00138134	UNCONDITIONAL_CALL	0
0x0013523e	0x00135248	CONDITIONAL_JUMP	0
0x00135245	0x0013524a	UNCONDITIONAL_JUMP	0
0x0013524a	0xStack[-0xc]	DATA	0
0x0013525c	0xStack[0x4]	READ	1
0x0013525f	0x001e8758	READ	1
0x0013526f	0xStack[-0x54]	WRITE	0
0x00135279	0xStack[-0x58]	WRITE	0
0x0013527c	0x001e8ce0	DATA	1
0x0013527c	0xStack[-0x50]	WRITE	0
0x00135286	0x00135324	CONDITIONAL_JUMP	0
0x0013528c	0xStack[-0x5c]	WRITE	0
0x0013529b	0x001352b3	CONDITIONAL_JUMP	0
0x0013529d	0xStack[-0x5c]	READ	1
0x001352ab	0xStack[-0x5c]	WRITE	0
0x001352b1	0x00135294	CONDITIONAL_JUMP	0
0x001352b3	0xStack[-0x4c]	DATA	0
0x001352b7	0x0010ac84	UNCONDITIONAL_CALL	0
0x001352be	0x00137a44	UNCONDITIONAL_CALL	0
0x001352c8	0x00135324	CONDITIONAL_JUMP	0
0x001352cf	0xStack[-0x50]	DATA	0
0x001352d4	0x00137fa0	UNCONDITIONAL_CALL	0
0x001352de	0x00135324	CONDITIONAL_JUMP	0
0x001352e0	0xStack[-0x54]	DATA	0
0x001352e5	0x001379c4	UNCONDITIONAL_CALL	0
0x001352ef	0x00135324	CONDITIONAL_JUMP	0
0x001352f1	0xStack[-0x58]	DATA	0
0x001352f6	0x001379c4	UNCONDITIONAL_CALL	0
0x00135300	0x00135324	CONDITIONAL_JUMP	0
0x00135302	0x001379c4	DATA	0
0x0013530b	0xStack[-0x5c]	DATA	0
0x0013530f	0xStack[-0x44]	DATA	0
0x00135314	0x00138134	UNCONDITIONAL_CALL	0
0x0013531b	0x00135324	CONDITIONAL_JUMP	0
0x00135322	0x00135326	UNCONDITIONAL_JUMP	0
0x00135326	0xStack[-0x64]	DATA	0
0x00135333	0xStack[0x4]	READ	1
0x00135339	0xStack[0x8]	READ	0
0x0013533d	0x00135348	CONDITIONAL_JUMP	0
0x00135353	0xStack[0x4]	READ	1
0x00135359	0xStack[0x8]	READ	0
0x0013535d	0x0013536c	CONDITIONAL_JUMP	0
0x0013537d	0xStack[0x4]	READ	1
0x00135380	0xStack[0x8]	READ	1
0x00135390	0x001013cc	UNCONDITIONAL_CALL	0
0x0013539e	0x0015a824	UNCONDITIONAL_CALL	0
0x001353a6	0xStack[-0xc]	DATA	0
0x001353b9	0x001e8b54	READ	1
0x001353ca	0x0015a75c	UNCONDITIONAL_CALL	0
0x001353d4	0x00101600	UNCONDITIONAL_CALL	0
0x001353dc	0xStack[-0x40]	WRITE	0
0x001353e2	0x001ef1bc	READ	0
0x001353e9	0x00135400	CONDITIONAL_JUMP	0
0x001353eb	0xStack[-0x3c]	DATA	0
0x001353ef	0x0010ac84	UNCONDITIONAL_CALL	0
0x001353f4	0xStack[-0x38]	READ	1
0x001353f7	0x001ef1bc	WRITE	0
0x00135400	0x001dcdc4	DATA	1
0x0013540a	0x00134f94	UNCONDITIONAL_CALL	0
0x00135412	0xStack[-0x34]	WRITE	0
0x00135419	0xStack[-0x30]	WRITE	0
0x00135420	0xStack[-0x2c]	WRITE	0
0x00135427	0xStack[0x8]	READ	1
0x0013542a	0xStack[-0x28]	WRITE	0
0x0013542d	0xStack[0xc]	READ	1
0x00135430	0xStack[-0x24]	WRITE	0
0x00135433	0xStack[0x14]	READ	1
0x00135437	0xStack[0x10]	READ	1
0x0013543b	0xStack[0x4]	READ	1
0x0013543f	0xStack[-0x40]	READ	1
0x00135443	0x00135544	UNCONDITIONAL_CALL	0
0x0013544d	0x0015a75c	UNCONDITIONAL_CALL	0
0x0013545f	0x00135d8c	DATA	0
0x00135464	0x0011499c	UNCONDITIONAL_CALL	0
0x00135470	0x0013550a	CONDITIONAL_JUMP	0
0x0013547d	0x00138230	UNCONDITIONAL_CALL	0
0x00135482	0xStack[-0x34]	DATA	0
0x00135487	0x00136a6c	UNCONDITIONAL_CALL	0
0x00135491	0x001354a8	CONDITIONAL_JUMP	0
0x00135493	0x001dcddc	DATA	0
0x00135498	0x0010c0d8	UNCONDITIONAL_CALL	0
0x0013549e	0x001140e0	UNCONDITIONAL_CALL	0
0x001354a3	0x00135507	UNCONDITIONAL_JUMP	0
0x001354b5	0x00113ed0	UNCONDITIONAL_CALL	0
0x001354c4	0x00114bd4	UNCONDITIONAL_CALL	0
0x001354ce	0x001354d8	CONDITIONAL_JUMP	0
0x001354d1	0x001dce10	DATA	0
0x001354d6	0x00135502	UNCONDITIONAL_JUMP	0
0x001354dc	0x00135cb4	UNCONDITIONAL_CALL	0
0x001354e6	0x001354fc	CONDITIONAL_JUMP	0
0x001354e8	0x001e8b54	READ	1
0x001354f7	0xStack[-0x40]	READ	1
0x001354fa	0x0013553a	UNCONDITIONAL_JUMP	0
0x001354fd	0x001dce3d	DATA	0
0x00135502	0x0010c0d8	UNCONDITIONAL_CALL	0
0x0013550a	0x001e8b54	READ	1
0x00135522	0x0015a824	UNCONDITIONAL_CALL	0
0x0013552b	0x00108384	UNCONDITIONAL_CALL	0
0x00135533	0x0015a824	UNCONDITIONAL_CALL	0
0x0013553a	0xStack[-0x4c]	DATA	0
0x00135548	0xStack[0x4]	READ	1
0x0013554b	0xStack[0x8]	READ	1
0x0013554e	0xStack[0x10]	READ	1
0x00135554	0xStack[0xc]	READ	1
0x0013557a	0xStack[-0x8]	READ	1
0x00135588	0xStack[0x4]	READ	1
0x00135592	0x00108384	UNCONDITIONAL_CALL	0
0x0013559e	0xStack[-0x8]	READ	1
0x001355b1	0xStack[0x4]	READ	1
0x001355ba	0xStack[-0x48]	WRITE	0
0x001355c0	0xStack[-0x50]	WRITE	0
0x001355c3	0xStack[-0x64]	WRITE	0
0x001355ca	0xStack[-0x68]	WRITE	0
0x001355d1	0x001e8758	READ	1
0x001355d9	0xStack[-0x6c]	WRITE	0
0x001355dc	0x001ef1c0	READ_WRITE	0
0x001355e5	0x00135604	CONDITIONAL_JUMP	0
0x001355e8	0x001ef1d4	READ_WRITE	0
0x001355f3	0xStack[0x4]	READ	1
0x001355f7	0x0010a588	UNCONDITIONAL_CALL	0
0x00135602	0x001355e8	CONDITIONAL_JUMP	0
0x0013560e	0x00135617	CONDITIONAL_JUMP	0
0x00135610	0xStack[-0x50]	WRITE	0
0x00135617	0x001e8758	READ	1
0x00135621	0x0015b5d0	UNCONDITIONAL_CALL	0
0x00135626	0x001e8758	READ	1
0x0013562f	0xStack[-0x58]	WRITE	0
0x00135638	0x001ef1bc	READ	1
0x0013563e	0xStack[-0x60]	WRITE	0
0x00135641	0x001ef1bc	READ_WRITE	0
0x00135647	0x001dee30	READ	1
0x0013564f	0xStack[0x1c]	READ	1
0x00135655	0xStack[0x20]	READ	1
0x00135663	0xStack[-0x5c]	WRITE	0
0x00135669	0x0018b970	UNCONDITIONAL_CALL	0
0x0013566e	0xStack[-0x54]	WRITE	0
0x00135676	0x001356b1	CONDITIONAL_JUMP	0
0x00135681	0x001dee30	READ	1
0x00135689	0x0010ab38	DATA	0
0x0013568e	0x00103658	UNCONDITIONAL_CALL	0
0x00135696	0x0010a588	UNCONDITIONAL_CALL	0
0x0013569b	0xStack[-0x48]	READ	1
0x001356a2	0x00116a64	UNCONDITIONAL_CALL	0
0x001356af	0x0013567c	CONDITIONAL_JUMP	0
0x001356b4	0xStack[-0x54]	READ	1
0x001356b8	0x0018b544	UNCONDITIONAL_CALL	0
0x001356c9	0x00135d94	DATA	0
0x001356ce	0x0011499c	UNCONDITIONAL_CALL	0
0x001356d3	0xStack[-0x78]	WRITE	0
0x001356db	0x00135710	CONDITIONAL_JUMP	0
0x001356f7	0x00135ac6	CONDITIONAL_JUMP	0
0x00135706	0x0010ab38	UNCONDITIONAL_CALL	0
0x0013570b	0x00135ac3	UNCONDITIONAL_JUMP	0
0x00135716	0xStack[-0x60]	READ	1
0x0013571d	0xStack[-0x78]	READ	1
0x00135722	0x00138230	UNCONDITIONAL_CALL	0
0x0013572a	0xStack[-0x64]	READ	0
0x0013572e	0x00135744	CONDITIONAL_JUMP	0
0x00135733	0xStack[-0x64]	READ	1
0x00135740	0x001357b3	UNCONDITIONAL_JUMP	0
0x00135754	0xStack[0x8]	DATA	0
0x00135763	0x0013578c	CONDITIONAL_JUMP	0
0x00135765	0xStack[0x4]	READ	1
0x00135779	0x0013578c	CONDITIONAL_JUMP	0
0x0013577b	0xStack[0x10]	READ	1
0x00135780	0xStack[0xc]	READ	1
0x0013578a	0x001357a4	CONDITIONAL_JUMP	0
0x0013579a	0xStack[-0x78]	READ	1
0x0013579d	0x00135abd	UNCONDITIONAL_JUMP	0
0x001357ad	0xStack[-0x64]	WRITE	0
0x001357b3	0xStack[-0x64]	READ	1
0x001357b7	0xStack[-0x78]	READ	1
0x001357c3	0xStack[-0x48]	READ	1
0x001357c7	0x00136cf8	UNCONDITIONAL_CALL	0
0x001357d4	0x0013580c	CONDITIONAL_JUMP	0
0x001357dd	0x00135ac6	UNCONDITIONAL_JUMP	0
0x001357e4	0x0018b958	UNCONDITIONAL_CALL	0
0x001357e9	0xStack[-0x54]	WRITE	0
0x001357ec	0xStack[-0x48]	READ	1
0x001357f3	0x00116a64	UNCONDITIONAL_CALL	0
0x001357f8	0xStack[-0x54]	READ	1
0x001357fc	0x0018b544	UNCONDITIONAL_CALL	0
0x00135804	0x0013596c	UNCONDITIONAL_JUMP	0
0x0013580c	0xStack[-0x4c]	WRITE	0
0x00135813	0xStack[-0x48]	READ	1
0x00135819	0xStack[-0x70]	WRITE	0
0x0013581c	0x0018b958	UNCONDITIONAL_CALL	0
0x00135821	0xStack[-0x54]	WRITE	0
0x00135824	0x001358bd	UNCONDITIONAL_JUMP	0
0x0013582c	0xStack[-0x5c]	READ	1
0x00135831	0x00135c08	DATA	0
0x00135836	0x00103658	UNCONDITIONAL_CALL	0
0x0013583b	0xStack[-0x48]	READ	1
0x00135845	0xStack[-0x6c]	READ	0
0x00135849	0x00135880	CONDITIONAL_JUMP	0
0x0013584f	0x00135880	CONDITIONAL_JUMP	0
0x00135851	0xStack[-0x6c]	READ	1
0x00135867	0xStack[-0x70]	READ	1
0x0013586b	0x0010a588	UNCONDITIONAL_CALL	0
0x00135872	0xStack[-0x6c]	READ	1
0x0013587b	0x00135896	UNCONDITIONAL_JUMP	0
0x00135884	0xStack[-0x70]	READ	1
0x00135888	0xStack[-0x7c]	WRITE	0
0x0013588b	0x0010a588	UNCONDITIONAL_CALL	0
0x00135893	0xStack[-0x7c]	READ	1
0x00135897	0x00135c08	DATA	0
0x0013589c	0xStack[-0x7c]	WRITE	0
0x0013589f	0x00103684	UNCONDITIONAL_CALL	0
0x001358a7	0xStack[-0x7c]	READ	1
0x001358ac	0x00135a6c	CONDITIONAL_JUMP	0
0x001358b7	0x00135a88	CONDITIONAL_JUMP	0
0x001358bd	0xStack[-0x48]	READ	1
0x001358c5	0x0013582c	CONDITIONAL_JUMP	0
0x001358cb	0xStack[-0x48]	READ	1
0x001358d3	0x001358e8	CONDITIONAL_JUMP	0
0x001358db	0xStack[-0x54]	READ	1
0x001358df	0x0018b544	UNCONDITIONAL_CALL	0
0x001358e4	0x00135960	UNCONDITIONAL_JUMP	0
0x001358e8	0xStack[-0x14]	DATA	0
0x001358ec	0xStack[-0x48]	READ	1
0x001358f0	0x00136c00	UNCONDITIONAL_CALL	0
0x001358fb	0xStack[0x24]	READ	0
0x001358ff	0x0013591b	CONDITIONAL_JUMP	0
0x00135901	0xStack[-0x14]	READ	1
0x00135904	0xStack[0x24]	READ	1
0x00135909	0xStack[-0x10]	READ	1
0x0013590f	0xStack[-0xc]	READ	1
0x00135915	0xStack[-0x8]	READ	1
0x0013591b	0xStack[-0x54]	READ	1
0x0013591f	0x0018b544	UNCONDITIONAL_CALL	0
0x0013592c	0x00135963	CONDITIONAL_JUMP	0
0x0013593e	0x00135944	CONDITIONAL_JUMP	0
0x00135941	0x0013595b	UNCONDITIONAL_JUMP	0
0x0013594b	0x001357e4	CONDITIONAL_JUMP	0
0x00135951	0x001ef1cc	READ_WRITE	0
0x0013595b	0x001140e0	UNCONDITIONAL_CALL	0
0x00135963	0xStack[-0x4c]	READ_WRITE	0
0x00135966	0x0013581c	CONDITIONAL_JUMP	0
0x0013596c	0xStack[-0x4c]	READ	0
0x00135970	0x00135988	CONDITIONAL_JUMP	0
0x00135980	0x00135ac6	UNCONDITIONAL_JUMP	0
0x00135992	0x00138230	UNCONDITIONAL_CALL	0
0x00135997	0x001ef1b0	READ	1
0x0013599d	0xStack[-0x38]	WRITE	0
0x001359a0	0x001ef1b4	READ	1
0x001359a6	0xStack[-0x34]	WRITE	0
0x001359a9	0x001ef1b8	READ	1
0x001359af	0xStack[-0x30]	WRITE	0
0x001359b2	0xStack[0x18]	READ	1
0x001359b5	0xStack[-0x28]	WRITE	0
0x001359b8	0xStack[0x14]	READ	1
0x001359bb	0xStack[-0x24]	WRITE	0
0x001359be	0xStack[-0x44]	DATA	0
0x001359c1	0xStack[-0x78]	WRITE	0
0x001359c6	0x00136720	UNCONDITIONAL_CALL	0
0x001359d0	0x00135aac	CONDITIONAL_JUMP	0
0x001359da	0xStack[-0x78]	READ	1
0x001359de	0x00136ae4	UNCONDITIONAL_CALL	0
0x001359ea	0x00135a3c	CONDITIONAL_JUMP	0
0x001359ec	0xStack[0x4]	READ	1
0x001359f4	0xStack[-0x38]	DATA	0
0x001359f7	0xStack[-0x78]	WRITE	0
0x00135a06	0x00135a1c	CONDITIONAL_JUMP	0
0x00135a16	0x001ef1dc	READ_WRITE	0
0x00135a1c	0xStack[-0x34]	READ	0
0x00135a20	0x00135aba	CONDITIONAL_JUMP	0
0x00135a2d	0xStack[-0x78]	READ	1
0x00135a32	0x001365cc	UNCONDITIONAL_CALL	0
0x00135a3a	0x00135aba	UNCONDITIONAL_JUMP	0
0x00135a3c	0xStack[-0x68]	READ	0
0x00135a40	0x00135aba	CONDITIONAL_JUMP	0
0x00135a42	0xStack[0x4]	READ	1
0x00135a55	0x00135aba	CONDITIONAL_JUMP	0
0x00135a57	0xStack[-0x68]	READ_WRITE	0
0x00135a5a	0x001ef1d8	READ_WRITE	0
0x00135a60	0xStack[-0x64]	WRITE	0
0x00135a67	0x00135aba	UNCONDITIONAL_JUMP	0
0x00135a6c	0xStack[-0x54]	READ	1
0x00135a70	0x0018b544	UNCONDITIONAL_CALL	0
0x00135a83	0x00135ac3	UNCONDITIONAL_JUMP	0
0x00135a8d	0xStack[-0x54]	READ	1
0x00135a91	0x0018b544	UNCONDITIONAL_CALL	0
0x00135aa4	0x001ef1d0	READ_WRITE	0
0x00135aaa	0x00135ac3	UNCONDITIONAL_JUMP	0
0x00135abe	0x001140e0	UNCONDITIONAL_CALL	0
0x00135acb	0x00135b2c	CONDITIONAL_JUMP	0
0x00135ad0	0x00135b2c	CONDITIONAL_JUMP	0
0x00135ad5	0x00135b2c	CONDITIONAL_JUMP	0
0x00135ad7	0xStack[-0x50]	READ_WRITE	0
0x00135ada	0xStack[-0x50]	READ	0
0x00135ade	0x00135b2c	CONDITIONAL_JUMP	0
0x00135ae0	0x001ef1c8	READ_WRITE	0
0x00135ae6	0xStack[-0x5c]	READ	1
0x00135aed	0x001dee30	READ	1
0x00135afe	0x00135b02	CONDITIONAL_JUMP	0
0x00135b02	0xStack[-0x5c]	WRITE	0
0x00135b0b	0x00135b16	CONDITIONAL_JUMP	0
0x00135b10	0x00135669	CONDITIONAL_JUMP	0
0x00135b18	0x001e8df0	DATA	0
0x00135b1d	0x0010a588	UNCONDITIONAL_CALL	0
0x00135b25	0x00135669	UNCONDITIONAL_JUMP	0
0x00135b2c	0x001e8758	READ	1
0x00135b32	0xStack[-0x58]	READ	1
0x00135b38	0x001e8758	READ	1
0x00135b42	0x0015b73c	UNCONDITIONAL_CALL	0
0x00135b47	0x0018b970	UNCONDITIONAL_CALL	0
0x00135b4c	0xStack[-0x54]	WRITE	0
0x00135b57	0x00135b91	CONDITIONAL_JUMP	0
0x00135b61	0x001dee30	READ	1
0x00135b69	0x0010ab38	DATA	0
0x00135b6e	0x00103658	UNCONDITIONAL_CALL	0
0x00135b76	0x0010a588	UNCONDITIONAL_CALL	0
0x00135b7b	0xStack[-0x48]	READ	1
0x00135b82	0x00116a64	UNCONDITIONAL_CALL	0
0x00135b8f	0x00135b5c	CONDITIONAL_JUMP	0
0x00135b91	0xStack[-0x54]	READ	1
0x00135b95	0x0018b544	UNCONDITIONAL_CALL	0
0x00135ba9	0x00135bb9	CONDITIONAL_JUMP	0
0x00135bb0	0xStack[0x4]	READ	1
0x00135bb4	0x0010ab38	UNCONDITIONAL_CALL	0
0x00135bbd	0x00135bc5	CONDITIONAL_JUMP	0
0x00135bbf	0x001ef1c4	READ_WRITE	0
0x00135bc8	0xStack[-0x88]	DATA	0
0x00135bdd	0xStack[0x20]	READ	1
0x00135be1	0xStack[0x1c]	READ	1
0x00135be5	0xStack[0x18]	READ	1
0x00135be9	0xStack[0x14]	READ	1
0x00135bed	0xStack[0x10]	READ	1
0x00135bf1	0xStack[0xc]	READ	1
0x00135bf5	0xStack[0x8]	READ	1
0x00135bf9	0xStack[0x4]	READ	1
0x00135bfd	0x001355a8	UNCONDITIONAL_CALL	0
0x00135c0b	0xStack[0x4]	READ	1
0x00135c18	0x00116430	UNCONDITIONAL_CALL	0
0x00135c27	0xStack[0x4]	READ	1
0x00135c2a	0xStack[0x8]	READ	1
0x00135c4c	0xStack[0x4]	READ	1
0x00135c4f	0xStack[0x8]	READ	1
0x00135c52	0xStack[0xc]	READ	1
0x00135c66	0xStack[-0x8]	READ	1
0x00135c88	0xStack[0x4]	READ	1
0x00135c92	0x00114db8	UNCONDITIONAL_CALL	0
0x00135ca0	0x0015a824	UNCONDITIONAL_CALL	0
0x00135ca8	0x0015a824	UNCONDITIONAL_CALL	0
0x00135cad	0xStack[-0x8]	READ	1
0x00135cc1	0x00113dc0	UNCONDITIONAL_CALL	0
0x00135ccd	0x00135ce4	CONDITIONAL_JUMP	0
0x00135ccf	0x001dce66	DATA	0
0x00135cd4	0x0010c0d8	UNCONDITIONAL_CALL	0
0x00135cde	0x00135d82	UNCONDITIONAL_JUMP	0
0x00135ce9	0xStack[-0x8]	WRITE	0
0x00135cfe	0x001e8758	READ	1
0x00135d07	0x00108434	UNCONDITIONAL_CALL	0
0x00135d0c	0xStack[-0xc]	WRITE	0
0x00135d0f	0x001e8758	READ	1
0x00135d17	0xStack[-0x10]	WRITE	0
0x00135d1a	0xStack[-0xc]	READ	1
0x00135d20	0x001e8758	READ	1
0x00135d41	0x00135d66	CONDITIONAL_JUMP	0
0x00135d49	0xStack[-0x8]	READ	1
0x00135d51	0xStack[0x4]	READ	1
0x00135d55	0x00114c94	UNCONDITIONAL_CALL	0
0x00135d64	0x00135d3c	CONDITIONAL_JUMP	0
0x00135d67	0x001140e0	UNCONDITIONAL_CALL	0
0x00135d6c	0x001e8758	READ	1
0x00135d71	0xStack[-0x10]	READ	1
0x00135d77	0xStack[-0xc]	READ	1
0x00135d7b	0x00108384	UNCONDITIONAL_CALL	0
0x00135d82	0xStack[-0x1c]	DATA	0
0x00135d97	0xStack[0x4]	READ	1
0x00135da6	0x00135db6	CONDITIONAL_JUMP	0
0x00135db1	0x0010ab38	UNCONDITIONAL_CALL	0
0x00135dc0	0xStack[0x4]	READ	1
0x00135dc5	0x001dce88	DATA	1
0x00135dcc	0x001dce88	READ	0
0x00135dcc	0x001dce90	READ	0
0x00135dd2	0x00135ddc	CONDITIONAL_JUMP	0
0x00135dd4	0x001dce8c	READ	1
0x00135dd4	0x001dd0b0	DATA	0
0x00135dd4	0x001dce94	READ	1
0x00135dd8	0x00135dea	UNCONDITIONAL_JUMP	0
0x00135de3	0x00135dcc	CONDITIONAL_JUMP	0
0x00135de5	0x001dd0bd	DATA	1
0x00135dea	0xStack[-0x8]	READ	1
0x00135dfd	0xStack[0x4]	READ	1
0x00135e00	0xStack[-0x26]	WRITE	0
0x00135e06	0xStack[-0x2c]	WRITE	0
0x00135e0d	0x001e59f0	READ	0
0x00135e15	0x00135e36	CONDITIONAL_JUMP	0
0x00135e1c	0x001e5a18	DATA	1
0x00135e24	0x001e5a18	WRITE	0
0x00135e24	0x001e5a16	WRITE	0
0x00135e2d	0x00135e24	CONDITIONAL_JUMP	0
0x00135e2f	0x001e59f0	READ_WRITE	0
0x00135e38	0xStack[-0x24]	WRITE	0
0x00135e3e	0xStack[-0x20]	WRITE	0
0x00135e44	0xStack[-0x1c]	WRITE	0
0x00135e4a	0xStack[-0x18]	WRITE	0
0x00135e56	0xStack[-0x22]	WRITE	0
0x00135e5a	0x001e59f0	DATA	0
0x00135e68	0xStack[-0x24]	DATA	0
0x00135e6c	0x001353b0	UNCONDITIONAL_CALL	0
0x00135e78	0x00135f00	CONDITIONAL_JUMP	0
0x00135e7e	0xStack[0x8]	READ	1
0x00135e81	0xStack[-0x14]	WRITE	0
0x00135e84	0xStack[0xc]	READ	1
0x00135e87	0xStack[-0x10]	WRITE	0
0x00135e8a	0xStack[0x10]	READ	1
0x00135e8d	0xStack[-0xc]	WRITE	0
0x00135e90	0xStack[-0x8]	WRITE	0
0x00135e9a	0x001dd0dc	READ	1
0x00135ea0	0x001dd0d8	READ	1
0x00135ea7	0xStack[-0x26]	DATA	0
0x00135eab	0x00137b04	DATA	0
0x00135eb0	0xStack[-0x14]	DATA	0
0x00135eb4	0x001360c0	DATA	0
0x00135ec5	0x00135ed0	CONDITIONAL_JUMP	0
0x00135ec7	0xStack[-0x2c]	WRITE	0
0x00135ece	0x00135eec	UNCONDITIONAL_JUMP	0
0x00135ed0	0xStack[-0x26]	READ	1
0x00135ed7	0x00135ee4	CONDITIONAL_JUMP	0
0x00135ed9	0xStack[-0x2c]	WRITE	0
0x00135ee0	0x00135eec	UNCONDITIONAL_JUMP	0
0x00135f00	0xStack[-0x2c]	READ	1
0x00135f03	0xStack[-0x38]	DATA	0
0x00135f19	0xStack[-0x30]	WRITE	0
0x00135f20	0xStack[-0x26]	WRITE	0
0x00135f26	0xStack[-0x2c]	WRITE	0
0x00135f2d	0x001e59f0	READ	0
0x00135f35	0x00135f56	CONDITIONAL_JUMP	0
0x00135f3c	0x001e5a18	DATA	1
0x00135f44	0x001e5a18	WRITE	0
0x00135f44	0x001e5a16	WRITE	0
0x00135f4d	0x00135f44	CONDITIONAL_JUMP	0
0x00135f4f	0x001e59f0	READ_WRITE	0
0x00135f56	0xStack[0x4]	READ	1
0x00135f5b	0xStack[-0x24]	WRITE	0
0x00135f5e	0xStack[0x4]	READ	1
0x00135f64	0xStack[-0x20]	WRITE	0
0x00135f67	0xStack[0x4]	READ	1
0x00135f6d	0xStack[-0x1c]	WRITE	0
0x00135f70	0xStack[0x4]	READ	1
0x00135f76	0xStack[-0x18]	WRITE	0
0x00135f82	0xStack[-0x22]	WRITE	0
0x00135f86	0x001e59f0	DATA	0
0x00135f94	0xStack[-0x24]	DATA	0
0x00135f98	0x001353b0	UNCONDITIONAL_CALL	0
0x00135fa4	0x00136032	CONDITIONAL_JUMP	0
0x00135faa	0xStack[0x8]	READ	1
0x00135fad	0xStack[-0x14]	WRITE	0
0x00135fb0	0xStack[0xc]	READ	1
0x00135fb3	0xStack[-0x10]	WRITE	0
0x00135fb6	0xStack[0x10]	READ	1
0x00135fb9	0xStack[-0xc]	WRITE	0
0x00135fbc	0xStack[-0x8]	WRITE	0
0x00135fc6	0x001dd0dc	READ	1
0x00135fcc	0x001dd0d8	READ	1
0x00135fd3	0xStack[-0x26]	DATA	0
0x00135fd7	0x00137b04	DATA	0
0x00135fdc	0xStack[-0x14]	DATA	0
0x00135fe0	0x001360c0	DATA	0
0x00135ff1	0x00135ffc	CONDITIONAL_JUMP	0
0x00135ff3	0xStack[-0x2c]	WRITE	0
0x00135ffa	0x0013601b	UNCONDITIONAL_JUMP	0
0x00135ffc	0xStack[-0x26]	READ	1
0x00136003	0x00136010	CONDITIONAL_JUMP	0
0x00136005	0xStack[-0x2c]	WRITE	0
0x0013600c	0x0013601b	UNCONDITIONAL_JUMP	0
0x00136014	0xStack[0x4]	READ	1
0x00136032	0xStack[-0x2c]	READ	1
0x00136037	0x001360a4	CONDITIONAL_JUMP	0
0x00136039	0x001e8b54	READ	1
0x00136045	0x0013607d	CONDITIONAL_JUMP	0
0x00136047	0x001e8758	READ	1
0x0013605b	0x00136084	CONDITIONAL_JUMP	0
0x00136061	0x0013606f	CONDITIONAL_JUMP	0
0x0013606d	0x00136084	CONDITIONAL_JUMP	0
0x00136071	0x00109bd4	UNCONDITIONAL_CALL	0
0x0013607b	0x00136084	CONDITIONAL_JUMP	0
0x0013607d	0x001dd0e0	DATA	0
0x00136082	0x001360af	UNCONDITIONAL_JUMP	0
0x00136084	0xStack[-0x30]	READ_WRITE	0
0x00136087	0xStack[-0x30]	READ	0
0x0013608b	0x00135f20	CONDITIONAL_JUMP	0
0x00136091	0x001dd106	DATA	0
0x00136096	0x0010c0d8	UNCONDITIONAL_CALL	0
0x0013609e	0x00135f20	UNCONDITIONAL_JUMP	0
0x001360a4	0xStack[-0x30]	READ	0
0x001360a8	0x001360b4	CONDITIONAL_JUMP	0
0x001360aa	0x001dd12f	DATA	0
0x001360af	0x0010c0d8	UNCONDITIONAL_CALL	0
0x001360b6	0xStack[-0x3c]	DATA	0
0x001360c5	0xStack[0x4]	READ	1
0x001360c8	0xStack[0x8]	READ	1
0x001360cd	0x00137a44	UNCONDITIONAL_CALL	0
0x001360d7	0x00136108	CONDITIONAL_JUMP	0
0x001360de	0x00137a44	UNCONDITIONAL_CALL	0
0x001360e8	0x00136108	CONDITIONAL_JUMP	0
0x001360ef	0x00137a44	UNCONDITIONAL_CALL	0
0x001360f9	0x00136108	CONDITIONAL_JUMP	0
0x00136100	0x00137a44	UNCONDITIONAL_CALL	0
0x00136105	0x0013610a	UNCONDITIONAL_JUMP	0
0x0013610a	0xStack[-0xc]	DATA	0
0x0013611d	0xStack[0x4]	READ	1
0x00136120	0xStack[0x8]	READ	1
0x00136125	0x00137a44	UNCONDITIONAL_CALL	0
0x0013612f	0x001361e8	CONDITIONAL_JUMP	0
0x0013613a	0x00137a44	UNCONDITIONAL_CALL	0
0x00136144	0x001361e8	CONDITIONAL_JUMP	0
0x0013614f	0x00137a44	UNCONDITIONAL_CALL	0
0x00136159	0x001361e8	CONDITIONAL_JUMP	0
0x00136168	0xStack[-0x8]	WRITE	0
0x0013616e	0xStack[-0x10]	WRITE	0
0x00136173	0x00137a44	UNCONDITIONAL_CALL	0
0x0013617d	0x001361cd	CONDITIONAL_JUMP	0
0x00136188	0xStack[-0xc]	WRITE	0
0x0013619a	0x001361cd	CONDITIONAL_JUMP	0
0x001361a9	0xStack[-0xc]	READ	1
0x001361b2	0xStack[-0x8]	READ	1
0x001361bc	0xStack[-0x10]	READ	1
0x001361c1	0x00137a44	UNCONDITIONAL_CALL	0
0x001361cb	0x001361d4	CONDITIONAL_JUMP	0
0x001361cf	0x001361ea	UNCONDITIONAL_JUMP	0
0x001361e3	0x001361ea	UNCONDITIONAL_JUMP	0
0x001361ea	0xStack[-0x1c]	DATA	0
0x001361fc	0xStack[0x4]	READ	1
0x001361ff	0xStack[0x8]	READ	1
0x00136204	0xStack[-0x8]	WRITE	0
0x00136207	0x00137a44	DATA	0
0x0013620e	0xStack[-0x8]	DATA	0
0x00136213	0x00138774	UNCONDITIONAL_CALL	0
0x0013621d	0x00136244	CONDITIONAL_JUMP	0
0x00136224	0x00137a44	UNCONDITIONAL_CALL	0
0x0013622e	0x00136244	CONDITIONAL_JUMP	0
0x00136230	0xStack[-0x8]	READ	1
0x0013623f	0x00136246	UNCONDITIONAL_JUMP	0
0x00136246	0xStack[-0x10]	DATA	0
0x00136259	0xStack[0x8]	READ	1
0x0013625c	0xStack[0x4]	READ	1
0x00136262	0x00136364	CONDITIONAL_JUMP	0
0x00136271	0x00136439	CONDITIONAL_JUMP	0
0x0013627f	0x00136439	CONDITIONAL_JUMP	0
0x00136285	0xStack[0x4]	READ	1
0x0013628b	0xStack[-0x8]	WRITE	0
0x0013629e	0xStack[0x4]	READ	1
0x001362a2	0xStack[-0x8]	READ	1
0x001362b1	0x00136364	CONDITIONAL_JUMP	0
0x001362ce	0x00136439	CONDITIONAL_JUMP	0
0x001362e2	0x00136439	CONDITIONAL_JUMP	0
0x0013631f	0x00136339	CONDITIONAL_JUMP	0
0x00136327	0x001013cc	UNCONDITIONAL_CALL	0
0x00136352	0x0013650e	CONDITIONAL_JUMP	0
0x0013635e	0x00136509	UNCONDITIONAL_JUMP	0
0x00136364	0xStack[0x4]	READ	1
0x0013636a	0x00136518	CONDITIONAL_JUMP	0
0x00136382	0x00136518	CONDITIONAL_JUMP	0
0x0013639d	0x00136439	CONDITIONAL_JUMP	0
0x001363b0	0x00136439	CONDITIONAL_JUMP	0
0x001363e7	0x00136451	CONDITIONAL_JUMP	0
0x001363ee	0x00136439	CONDITIONAL_JUMP	0
0x001363f4	0x00136402	CONDITIONAL_JUMP	0
0x001363f7	0x0015a75c	UNCONDITIONAL_CALL	0
0x00136402	0xStack[0x4]	READ	1
0x0013641f	0x00136440	CONDITIONAL_JUMP	0
0x00136429	0xStack[0x4]	READ	1
0x0013642d	0x00137cac	UNCONDITIONAL_CALL	0
0x00136437	0x00136451	CONDITIONAL_JUMP	0
0x0013643b	0x001365c2	UNCONDITIONAL_JUMP	0
0x00136449	0x001013cc	UNCONDITIONAL_CALL	0
0x00136454	0xStack[0x4]	READ	1
0x00136469	0x00136494	CONDITIONAL_JUMP	0
0x0013646c	0xStack[0x4]	READ	1
0x00136470	0x00137c58	UNCONDITIONAL_CALL	0
0x0013647a	0x00136439	CONDITIONAL_JUMP	0
0x00136480	0xStack[0x4]	READ	1
0x00136484	0x001379d8	UNCONDITIONAL_CALL	0
0x0013648e	0x001364a5	CONDITIONAL_JUMP	0
0x00136490	0x00136439	UNCONDITIONAL_JUMP	0
0x001364aa	0x0013650e	CONDITIONAL_JUMP	0
0x001364b1	0x00136439	CONDITIONAL_JUMP	0
0x001364b7	0x001364c5	CONDITIONAL_JUMP	0
0x001364ba	0x0015a75c	UNCONDITIONAL_CALL	0
0x001364c5	0xStack[0x4]	READ	1
0x001364e2	0x00136500	CONDITIONAL_JUMP	0
0x001364ec	0xStack[0x4]	READ	1
0x001364f0	0x00137cac	UNCONDITIONAL_CALL	0
0x001364f7	0x0013650e	CONDITIONAL_JUMP	0
0x001364f9	0x00136439	UNCONDITIONAL_JUMP	0
0x00136509	0x001013cc	UNCONDITIONAL_CALL	0
0x00136513	0x001365c2	UNCONDITIONAL_JUMP	0
0x00136519	0xStack[0x4]	READ	1
0x0013651d	0x00137a44	UNCONDITIONAL_CALL	0
0x00136527	0x001365c0	CONDITIONAL_JUMP	0
0x00136531	0xStack[0x4]	READ	1
0x00136535	0x00137c58	UNCONDITIONAL_CALL	0
0x0013653f	0x001365c0	CONDITIONAL_JUMP	0
0x00136545	0x001365c0	CONDITIONAL_JUMP	0
0x0013654b	0xStack[0x4]	READ	1
0x0013654f	0x00137a44	UNCONDITIONAL_CALL	0
0x00136559	0x001365c0	CONDITIONAL_JUMP	0
0x0013655f	0x001365c0	CONDITIONAL_JUMP	0
0x00136565	0xStack[0x4]	READ	1
0x00136569	0x00137a44	UNCONDITIONAL_CALL	0
0x00136573	0x001365c0	CONDITIONAL_JUMP	0
0x00136579	0xStack[0x4]	READ	1
0x0013657d	0x00137a44	UNCONDITIONAL_CALL	0
0x00136587	0x001365c0	CONDITIONAL_JUMP	0
0x0013658d	0xStack[0x4]	READ	1
0x00136591	0x00137a44	UNCONDITIONAL_CALL	0
0x0013659b	0x001365c0	CONDITIONAL_JUMP	0
0x001365a1	0xStack[0x4]	READ	1
0x001365a5	0x001365cc	UNCONDITIONAL_CALL	0
0x001365af	0x001365c0	CONDITIONAL_JUMP	0
0x001365b5	0xStack[0x4]	READ	1
0x001365b9	0x001365cc	UNCONDITIONAL_CALL	0
0x001365be	0x001365c2	UNCONDITIONAL_JUMP	0
0x001365c2	0xStack[-0x14]	DATA	0
0x001365d1	0xStack[0x4]	READ	1
0x001365d4	0xStack[0x8]	READ	1
0x001365d9	0x00137c58	UNCONDITIONAL_CALL	0
0x001365e3	0x001365fc	CONDITIONAL_JUMP	0
0x001365f3	0x00137d78	UNCONDITIONAL_CALL	0
0x001365f8	0x001365fe	UNCONDITIONAL_JUMP	0
0x001365fe	0xStack[-0xc]	DATA	0
0x0013660d	0xStack[0x8]	READ	1
0x00136611	0xStack[0x4]	READ	1
0x00136615	0x00137cac	UNCONDITIONAL_CALL	0
0x00136625	0xStack[0x4]	READ	1
0x00136628	0xStack[0x8]	READ	1
0x0013662d	0x00137c58	UNCONDITIONAL_CALL	0
0x00136637	0x00136654	CONDITIONAL_JUMP	0
0x00136647	0x00137d78	UNCONDITIONAL_CALL	0
0x0013664f	0x00136656	UNCONDITIONAL_JUMP	0
0x00136658	0x00136699	CONDITIONAL_JUMP	0
0x0013665f	0x00137c58	UNCONDITIONAL_CALL	0
0x00136669	0x00136699	CONDITIONAL_JUMP	0
0x00136670	0x0013667c	CONDITIONAL_JUMP	0
0x00136675	0x00136688	CONDITIONAL_JUMP	0
0x00136677	0x001366ac	UNCONDITIONAL_JUMP	0
0x00136686	0x001366b1	UNCONDITIONAL_JUMP	0
0x0013668d	0x00137a44	UNCONDITIONAL_CALL	0
0x00136697	0x001366a0	CONDITIONAL_JUMP	0
0x0013669b	0x001366b1	UNCONDITIONAL_JUMP	0
0x001366a5	0x00137a44	UNCONDITIONAL_CALL	0
0x001366aa	0x001366b1	UNCONDITIONAL_JUMP	0
0x001366b1	0xStack[-0xc]	DATA	0
0x001366c1	0xStack[0x4]	READ	1
0x001366c4	0xStack[0x8]	READ	1
0x001366c9	0x00137c58	UNCONDITIONAL_CALL	0
0x001366d3	0x001366f5	CONDITIONAL_JUMP	0
0x001366d9	0x001366e4	CONDITIONAL_JUMP	0
0x001366de	0x00136708	CONDITIONAL_JUMP	0
0x001366e0	0x00136714	UNCONDITIONAL_JUMP	0
0x001366e9	0x00137a44	UNCONDITIONAL_CALL	0
0x001366f3	0x001366fc	CONDITIONAL_JUMP	0
0x001366f7	0x00136716	UNCONDITIONAL_JUMP	0
0x00136701	0x00137a44	UNCONDITIONAL_CALL	0
0x00136706	0x00136716	UNCONDITIONAL_JUMP	0
0x0013670d	0x00137c58	UNCONDITIONAL_CALL	0
0x00136712	0x00136716	UNCONDITIONAL_JUMP	0
0x00136716	0xStack[-0xc]	DATA	0
0x00136729	0xStack[0x8]	READ	1
0x0013672c	0xStack[0x4]	READ	1
0x00136732	0x00136814	CONDITIONAL_JUMP	0
0x0013673c	0x00136814	CONDITIONAL_JUMP	0
0x00136746	0x00136814	CONDITIONAL_JUMP	0
0x00136763	0x00136814	CONDITIONAL_JUMP	0
0x0013679f	0x001367b9	CONDITIONAL_JUMP	0
0x001367a7	0x001013cc	UNCONDITIONAL_CALL	0
0x001367c5	0x001367d4	CONDITIONAL_JUMP	0
0x001367ca	0x001367e8	CONDITIONAL_JUMP	0
0x001367cc	0x00136a10	UNCONDITIONAL_JUMP	0
0x001367d8	0xStack[0x4]	READ	1
0x001367e1	0x00136a62	UNCONDITIONAL_JUMP	0
0x001367ec	0xStack[0x4]	READ	1
0x001367f0	0x00137a44	UNCONDITIONAL_CALL	0
0x001367fa	0x00136987	CONDITIONAL_JUMP	0
0x00136804	0xStack[0x4]	READ	1
0x00136808	0x00137a44	UNCONDITIONAL_CALL	0
0x0013680d	0x00136a62	UNCONDITIONAL_JUMP	0
0x00136814	0xStack[0x4]	READ	1
0x0013681a	0x00136a18	CONDITIONAL_JUMP	0
0x00136832	0x00136a18	CONDITIONAL_JUMP	0
0x0013684e	0x00136987	CONDITIONAL_JUMP	0
0x0013685d	0x001368d4	CONDITIONAL_JUMP	0
0x00136862	0x00136987	CONDITIONAL_JUMP	0
0x0013686c	0xStack[0x4]	READ	1
0x00136870	0x00137c58	UNCONDITIONAL_CALL	0
0x0013687a	0x00136987	CONDITIONAL_JUMP	0
0x00136885	0x00136894	CONDITIONAL_JUMP	0
0x0013688a	0x001368c0	CONDITIONAL_JUMP	0
0x0013688c	0x00136987	UNCONDITIONAL_JUMP	0
0x00136898	0xStack[0x4]	READ	1
0x0013689c	0x00137a44	UNCONDITIONAL_CALL	0
0x001368a6	0x00136987	CONDITIONAL_JUMP	0
0x001368b0	0xStack[0x4]	READ	1
0x001368b4	0x00137a44	UNCONDITIONAL_CALL	0
0x001368b9	0x00136a62	UNCONDITIONAL_JUMP	0
0x001368c4	0xStack[0x4]	READ	1
0x001368c8	0x00137c58	UNCONDITIONAL_CALL	0
0x001368cd	0x00136a62	UNCONDITIONAL_JUMP	0
0x001368d7	0xStack[-0x8]	WRITE	0
0x001368da	0xStack[-0x8]	READ	1
0x001368dd	0xStack[0x4]	READ	1
0x001368f2	0x00136908	CONDITIONAL_JUMP	0
0x00136905	0x00136930	UNCONDITIONAL_JUMP	0
0x00136908	0xStack[-0x8]	READ	1
0x0013690c	0xStack[0x4]	READ	1
0x00136910	0x00137c58	UNCONDITIONAL_CALL	0
0x0013691a	0x00136987	CONDITIONAL_JUMP	0
0x00136920	0xStack[0x4]	READ	1
0x00136924	0x001379d8	UNCONDITIONAL_CALL	0
0x0013692e	0x00136987	CONDITIONAL_JUMP	0
0x00136935	0x001369a1	CONDITIONAL_JUMP	0
0x0013693c	0x00136987	CONDITIONAL_JUMP	0
0x00136942	0x00136950	CONDITIONAL_JUMP	0
0x00136945	0x0015a75c	UNCONDITIONAL_CALL	0
0x00136950	0xStack[0x4]	READ	1
0x0013696d	0x00136990	CONDITIONAL_JUMP	0
0x00136977	0xStack[0x4]	READ	1
0x0013697b	0x00137cac	UNCONDITIONAL_CALL	0
0x00136985	0x001369a1	CONDITIONAL_JUMP	0
0x00136989	0x00136a62	UNCONDITIONAL_JUMP	0
0x00136999	0x001013cc	UNCONDITIONAL_CALL	0
0x001369a1	0xStack[-0x8]	READ	1
0x001369a8	0xStack[0x4]	READ	1
0x001369ac	0x00137c58	UNCONDITIONAL_CALL	0
0x001369b6	0x00136987	CONDITIONAL_JUMP	0
0x001369b8	0xStack[-0x8]	READ	1
0x001369c0	0x001369cc	CONDITIONAL_JUMP	0
0x001369c5	0x001369e4	CONDITIONAL_JUMP	0
0x001369c7	0x00136a10	UNCONDITIONAL_JUMP	0
0x001369cc	0xStack[-0x8]	READ	1
0x001369d3	0xStack[0x4]	READ	1
0x001369d7	0xStack[-0x8]	READ	1
0x001369df	0x00136a62	UNCONDITIONAL_JUMP	0
0x001369e4	0xStack[-0x8]	READ	1
0x001369eb	0xStack[0x4]	READ	1
0x001369ef	0x00137a44	UNCONDITIONAL_CALL	0
0x001369f9	0x00136987	CONDITIONAL_JUMP	0
0x001369fb	0xStack[-0x8]	READ	1
0x00136a02	0xStack[0x4]	READ	1
0x00136a06	0x00137a44	UNCONDITIONAL_CALL	0
0x00136a0b	0x00136a62	UNCONDITIONAL_JUMP	0
0x00136a15	0x00136a62	UNCONDITIONAL_JUMP	0
0x00136a19	0xStack[0x4]	READ	1
0x00136a1d	0x00137a44	UNCONDITIONAL_CALL	0
0x00136a27	0x00136a60	CONDITIONAL_JUMP	0
0x00136a2d	0xStack[0x4]	READ	1
0x00136a31	0x00137c58	UNCONDITIONAL_CALL	0
0x00136a3b	0x00136a60	CONDITIONAL_JUMP	0
0x00136a41	0x00136a60	CONDITIONAL_JUMP	0
0x00136a45	0x001dd140	DATA	0
0x00136a52	0xStack[0x4]	READ	1
0x00136a56	0x00137efc	UNCONDITIONAL_CALL	0
0x00136a5b	0x00136a62	UNCONDITIONAL_JUMP	0
0x00136a62	0xStack[-0x18]	DATA	0
0x00136a71	0xStack[0x4]	READ	1
0x00136a74	0xStack[0x8]	READ	1
0x00136a88	0x00136ad8	CONDITIONAL_JUMP	0
0x00136a8c	0x00137a44	UNCONDITIONAL_CALL	0
0x00136a96	0x00136ad8	CONDITIONAL_JUMP	0
0x00136a9d	0x00137c58	UNCONDITIONAL_CALL	0
0x00136aa7	0x00136ad8	CONDITIONAL_JUMP	0
0x00136aae	0x00137a44	UNCONDITIONAL_CALL	0
0x00136ab8	0x00136ad8	CONDITIONAL_JUMP	0
0x00136abf	0x00137a44	UNCONDITIONAL_CALL	0
0x00136ac9	0x00136ad8	CONDITIONAL_JUMP	0
0x00136ad0	0x00137a44	UNCONDITIONAL_CALL	0
0x00136ad5	0x00136ada	UNCONDITIONAL_JUMP	0
0x00136ada	0xStack[-0xc]	DATA	0
0x00136ae8	0xStack[0x4]	READ	1
0x00136aeb	0xStack[0x8]	READ	1
0x00136af3	0x00136b04	CONDITIONAL_JUMP	0
0x00136af8	0x00136b80	CONDITIONAL_JUMP	0
0x00136afe	0x00136bb4	UNCONDITIONAL_JUMP	0
0x00136b09	0x00136b18	CONDITIONAL_JUMP	0
0x00136b11	0x00136bf8	UNCONDITIONAL_JUMP	0
0x00136b1b	0x00136b6c	CONDITIONAL_JUMP	0
0x00136b1d	0x00136b3c	COMPUTED_JUMP	-1
0x00136b1d	0x00136b44	COMPUTED_JUMP	-1
0x00136b1d	0x00136b4c	COMPUTED_JUMP	-1
0x00136b1d	0x00136b54	COMPUTED_JUMP	-1
0x00136b1d	0x00136b5c	COMPUTED_JUMP	-1
0x00136b1d	0x00136b24	DATA	0
0x00136b24	0x00136b64	DATA	0
0x00136b28	0x00136b3c	DATA	0
0x00136b2c	0x00136b44	DATA	0
0x00136b30	0x00136b4c	DATA	0
0x00136b34	0x00136b54	DATA	0
0x00136b38	0x00136b5c	DATA	0
0x00136b42	0x00136bc0	UNCONDITIONAL_JUMP	0
0x00136b4a	0x00136bc0	UNCONDITIONAL_JUMP	0
0x00136b52	0x00136bc0	UNCONDITIONAL_JUMP	0
0x00136b5a	0x00136bc0	UNCONDITIONAL_JUMP	0
0x00136b62	0x00136bc0	UNCONDITIONAL_JUMP	0
0x00136b6a	0x00136bc0	UNCONDITIONAL_JUMP	0
0x00136b7c	0x00136bc0	UNCONDITIONAL_JUMP	0
0x00136b85	0x00136b90	CONDITIONAL_JUMP	0
0x00136b8a	0x00136b98	CONDITIONAL_JUMP	0
0x00136b8c	0x00136ba0	UNCONDITIONAL_JUMP	0
0x00136b96	0x00136bc0	UNCONDITIONAL_JUMP	0
0x00136b9e	0x00136bc0	UNCONDITIONAL_JUMP	0
0x00136bb0	0x00136bc0	UNCONDITIONAL_JUMP	0
0x00136bc5	0x00136be4	CONDITIONAL_JUMP	0
0x00136bc7	0x00136bd0	CONDITIONAL_JUMP	0
0x00136bcc	0x00136bd8	CONDITIONAL_JUMP	0
0x00136bce	0x00136bf8	UNCONDITIONAL_JUMP	0
0x00136bd3	0x00136bec	CONDITIONAL_JUMP	0
0x00136bd5	0x00136bf8	UNCONDITIONAL_JUMP	0
0x00136be1	0x00136bf5	UNCONDITIONAL_JUMP	0
0x00136bea	0x00136bf8	UNCONDITIONAL_JUMP	0
0x00136bf8	0xStack[-0x8]	READ	1
0x00136c09	0xStack[0x4]	READ	1
0x00136c0c	0xStack[0x8]	READ	1
0x00136c19	0x00136c24	CONDITIONAL_JUMP	0
0x00136c1d	0x00136cee	UNCONDITIONAL_JUMP	0
0x00136c27	0xStack[-0x8]	WRITE	0
0x00136c51	0x00136c85	CONDITIONAL_JUMP	0
0x00136c6c	0x00136c76	CONDITIONAL_JUMP	0
0x00136c77	0x00113ed0	UNCONDITIONAL_CALL	0
0x00136c83	0x00136c4c	CONDITIONAL_JUMP	0
0x00136c87	0x00136ca0	CONDITIONAL_JUMP	0
0x00136c89	0x001dd158	DATA	0
0x00136c8e	0x0010c0d8	UNCONDITIONAL_CALL	0
0x00136c93	0xStack[-0x8]	READ	1
0x00136c9b	0x00136cee	UNCONDITIONAL_JUMP	0
0x00136cbd	0x00136cc7	CONDITIONAL_JUMP	0
0x00136cd1	0x00136ca4	CONDITIONAL_JUMP	0
0x00136cd3	0xStack[-0x8]	READ	1
0x00136cdf	0x00136cec	CONDITIONAL_JUMP	0
0x00136ce2	0x001dd16f	DATA	0
0x00136ce7	0x0010c0d8	UNCONDITIONAL_CALL	0
0x00136cee	0xStack[-0x14]	DATA	0
0x00136d01	0xStack[0x4]	READ	1
0x00136d04	0xStack[0xc]	READ	1
0x00136d0a	0x001dd188	READ_WRITE	0
0x00136d14	0x00113dc0	UNCONDITIONAL_CALL	0
0x00136d20	0x00136d38	CONDITIONAL_JUMP	0
0x00136d22	0xStack[0x8]	READ	1
0x00136d26	0x001140e0	UNCONDITIONAL_CALL	0
0x00136d30	0x00136dcf	UNCONDITIONAL_JUMP	0
0x00136d5b	0x0018b958	UNCONDITIONAL_CALL	0
0x00136d60	0xStack[-0x8]	WRITE	0
0x00136d66	0xStack[-0xc]	WRITE	0
0x00136d6b	0x00124fe4	UNCONDITIONAL_CALL	0
0x00136d77	0x00136da0	CONDITIONAL_JUMP	0
0x00136d7a	0x001dd190	DATA	0
0x00136d7f	0x0010c0d8	UNCONDITIONAL_CALL	0
0x00136d84	0xStack[-0x8]	READ	1
0x00136d88	0x0018b544	UNCONDITIONAL_CALL	0
0x00136d8d	0xStack[0x8]	READ	1
0x00136d91	0x001140e0	UNCONDITIONAL_CALL	0
0x00136d97	0x00113ed0	UNCONDITIONAL_CALL	0
0x00136d9c	0x00136dcd	UNCONDITIONAL_JUMP	0
0x00136da0	0xStack[0x8]	READ	1
0x00136da5	0x0012b6d0	UNCONDITIONAL_CALL	0
0x00136dad	0x00125244	UNCONDITIONAL_CALL	0
0x00136db2	0xStack[-0xc]	READ	1
0x00136db8	0xStack[-0x8]	READ	1
0x00136dbc	0x0018b544	UNCONDITIONAL_CALL	0
0x00136dc2	0x00113ed0	UNCONDITIONAL_CALL	0
0x00136dc7	0x001dd18c	READ_WRITE	0
0x00136dcf	0xStack[-0x18]	DATA	0
0x00136ded	0xStack[0x8]	READ	1
0x00136df0	0xStack[0xc]	READ	1
0x00136df3	0xStack[0x10]	READ	1
0x00136df6	0xStack[-0x8]	DATA	0
0x00136dfc	0x00136e88	UNCONDITIONAL_CALL	0
0x00136e06	0x00136e14	CONDITIONAL_JUMP	0
0x00136e0b	0x00136e31	CONDITIONAL_JUMP	0
0x00136e0f	0x00136e36	UNCONDITIONAL_JUMP	0
0x00136e16	0x0015a75c	UNCONDITIONAL_CALL	0
0x00136e24	0x001e5a1c	READ	1
0x00136e2c	0x001e5a1c	WRITE	0
0x00136e36	0xStack[-0x14]	DATA	0
0x00136e46	0xStack[-0x8]	DATA	0
0x00136e4a	0xStack[0x8]	READ	1
0x00136e4e	0xStack[0x4]	READ	1
0x00136e52	0x00136e88	UNCONDITIONAL_CALL	0
0x00136e5c	0x00136e82	CONDITIONAL_JUMP	0
0x00136e5e	0xStack[-0x8]	READ	1
0x00136e63	0x00136e70	CONDITIONAL_JUMP	0
0x00136e67	0x001e5a1c	WRITE	0
0x00136e6d	0x00136e74	UNCONDITIONAL_JUMP	0
0x00136e7d	0x0015a824	UNCONDITIONAL_CALL	0
0x00136e8d	0xStack[0x4]	READ	1
0x00136e90	0xStack[0x8]	READ	1
0x00136e93	0xStack[0xc]	READ	1
0x00136e98	0x001e5a1c	READ	1
0x00136e9f	0x00136eb6	CONDITIONAL_JUMP	0
0x00136ea7	0x00136eae	CONDITIONAL_JUMP	0
0x00136eac	0x00136eb6	CONDITIONAL_JUMP	0
0x00136eb4	0x00136ea4	CONDITIONAL_JUMP	0
0x00136eb8	0xStack[-0xc]	DATA	0
0x00136ecb	0xStack[0x4]	READ	1
0x00136ece	0xStack[0x8]	READ	1
0x00136ed1	0xStack[0xc]	READ	1
0x00136ed4	0xStack[-0x30]	WRITE	0
0x00136edb	0xStack[-0x2c]	WRITE	0
0x00136ee5	0xStack[-0x28]	WRITE	0
0x00136eeb	0xStack[-0x24]	WRITE	0
0x00136ef1	0xStack[-0x20]	WRITE	0
0x00136ef4	0xStack[-0x1c]	WRITE	0
0x00136efb	0xStack[-0x18]	WRITE	0
0x00136efe	0xStack[-0x14]	WRITE	0
0x00136f04	0xStack[-0x34]	DATA	0
0x00136f0e	0xStack[-0x38]	READ	1
0x00136f1f	0xStack[0x4]	READ	1
0x00136f22	0xStack[-0x30]	WRITE	0
0x00136f29	0xStack[-0x2c]	WRITE	0
0x00136f33	0xStack[-0x28]	WRITE	0
0x00136f39	0xStack[-0x24]	WRITE	0
0x00136f3f	0xStack[-0x20]	WRITE	0
0x00136f42	0xStack[-0x1c]	WRITE	0
0x00136f4c	0xStack[-0x34]	DATA	0
0x00136f56	0xStack[-0x38]	READ	1
0x00136f67	0xStack[0x4]	READ	1
0x00136f6a	0xStack[-0x30]	WRITE	0
0x00136f71	0xStack[-0x2c]	WRITE	0
0x00136f7b	0xStack[-0x28]	WRITE	0
0x00136f81	0xStack[-0x24]	WRITE	0
0x00136f87	0xStack[-0x20]	WRITE	0
0x00136f8a	0xStack[-0x1c]	WRITE	0
0x00136f94	0xStack[-0x34]	DATA	0
0x00136f9e	0xStack[-0x38]	READ	1
0x00136fae	0xStack[0x4]	READ	1
0x00136fb1	0xStack[0x8]	READ	1
0x00136fb4	0xStack[-0x30]	WRITE	0
0x00136fbb	0xStack[-0x2c]	WRITE	0
0x00136fc2	0xStack[-0x28]	WRITE	0
0x00136fc9	0xStack[-0x24]	WRITE	0
0x00136fcf	0xStack[-0x34]	DATA	0
0x00136fe6	0xStack[0x4]	READ	1
0x00136fe9	0xStack[-0x30]	WRITE	0
0x00136ff0	0xStack[-0x2c]	WRITE	0
0x00136ff7	0xStack[-0x28]	WRITE	0
0x00136ffe	0xStack[-0x24]	WRITE	0
0x00137008	0xStack[-0x34]	DATA	0
0x0013701f	0xStack[0x4]	READ	1
0x00137022	0xStack[-0x30]	WRITE	0
0x00137029	0xStack[-0x2c]	WRITE	0
0x00137033	0xStack[-0x28]	WRITE	0
0x00137039	0xStack[-0x24]	WRITE	0
0x0013703f	0xStack[-0x20]	WRITE	0
0x00137042	0xStack[-0x1c]	WRITE	0
0x0013704c	0xStack[-0x34]	DATA	0
0x00137056	0xStack[-0x38]	READ	1
0x00137067	0xStack[0x4]	READ	1
0x0013706a	0xStack[0x8]	READ	1
0x0013706d	0xStack[0xc]	READ	1
0x00137070	0xStack[-0x30]	WRITE	0
0x00137077	0xStack[-0x2c]	WRITE	0
0x00137081	0xStack[-0x28]	WRITE	0
0x00137087	0xStack[-0x24]	WRITE	0
0x0013708d	0xStack[-0x20]	WRITE	0
0x00137090	0xStack[-0x1c]	WRITE	0
0x00137097	0xStack[-0x18]	WRITE	0
0x0013709a	0xStack[-0x14]	WRITE	0
0x001370a0	0xStack[-0x34]	DATA	0
0x001370aa	0xStack[-0x38]	READ	1
0x001370c0	0xStack[0x4]	READ	1
0x001370c3	0x001ef1e4	READ	1
0x001370ca	0x001370ec	CONDITIONAL_JUMP	0
0x001370cc	0xStack[-0x88]	WRITE	0
0x001370d4	0x001ef1e4	WRITE	0
0x001370da	0x001370ff	UNCONDITIONAL_JUMP	0
0x001370e5	0x001372df	UNCONDITIONAL_JUMP	0
0x001370f1	0x0015a75c	UNCONDITIONAL_CALL	0
0x001370f6	0xStack[-0x88]	WRITE	0
0x001370ff	0xStack[-0x88]	READ	1
0x00137105	0xStack[-0x18]	WRITE	0
0x0013710e	0xStack[-0xc]	WRITE	0
0x00137111	0xStack[-0x88]	READ	1
0x0013711d	0xStack[-0x3c]	WRITE	0
0x00137120	0xStack[-0x34]	DATA	0
0x00137123	0xStack[-0x8c]	WRITE	0
0x00137129	0xStack[-0x84]	DATA	0
0x0013712c	0xStack[-0x90]	WRITE	0
0x00137137	0xStack[-0x8c]	READ	1
0x00137148	0x001372c2	CONDITIONAL_JUMP	0
0x0013714e	0xStack[-0x38]	WRITE	0
0x00137151	0xStack[-0x28]	READ	1
0x00137154	0xStack[-0x54]	WRITE	0
0x00137157	0xStack[-0x24]	READ	1
0x0013715a	0xStack[-0x50]	WRITE	0
0x0013715d	0xStack[-0x20]	READ	1
0x00137160	0xStack[-0x4c]	WRITE	0
0x00137163	0xStack[-0x1c]	READ	1
0x00137166	0xStack[-0x48]	WRITE	0
0x00137169	0xStack[-0x18]	READ	1
0x0013716c	0xStack[-0x44]	WRITE	0
0x0013716f	0xStack[-0x14]	READ	1
0x00137172	0xStack[-0x40]	WRITE	0
0x00137175	0xStack[-0x8c]	READ	1
0x0013717c	0xStack[-0x54]	DATA	0
0x00137180	0x00137340	UNCONDITIONAL_CALL	0
0x0013718a	0x001371bc	CONDITIONAL_JUMP	0
0x0013718c	0xStack[-0x80]	WRITE	0
0x00137193	0xStack[-0x7c]	WRITE	0
0x0013719a	0xStack[-0x78]	WRITE	0
0x001371a1	0xStack[-0x74]	WRITE	0
0x001371a7	0xStack[-0x90]	READ	1
0x001371b7	0x001372c2	UNCONDITIONAL_JUMP	0
0x001371bc	0xStack[-0x9c]	WRITE	0
0x001371c6	0xStack[-0xa0]	WRITE	0
0x001371d2	0x001e5a1c	READ	1
0x001371da	0x0013722a	CONDITIONAL_JUMP	0
0x001371dc	0xStack[-0x54]	READ	1
0x001371df	0xStack[-0x94]	WRITE	0
0x001371e5	0xStack[-0x50]	READ	1
0x001371e8	0xStack[-0x98]	WRITE	0
0x001371f0	0xStack[-0x94]	READ	1
0x001371f9	0x00137224	CONDITIONAL_JUMP	0
0x001371fe	0xStack[-0x98]	READ	0
0x00137204	0x00137268	CONDITIONAL_JUMP	0
0x00137206	0xStack[-0x9c]	WRITE	0
0x00137210	0xStack[-0xa0]	READ	0
0x00137216	0x0013721e	CONDITIONAL_JUMP	0
0x00137218	0xStack[-0xa0]	WRITE	0
0x00137220	0x00137224	CONDITIONAL_JUMP	0
0x00137228	0x001371f0	CONDITIONAL_JUMP	0
0x0013722a	0xStack[-0x9c]	READ	0
0x00137231	0x00137278	CONDITIONAL_JUMP	0
0x00137233	0xStack[-0x80]	WRITE	0
0x0013723a	0xStack[-0x7c]	WRITE	0
0x00137244	0xStack[-0x78]	WRITE	0
0x0013724a	0xStack[-0x74]	WRITE	0
0x00137250	0xStack[-0x70]	WRITE	0
0x00137253	0xStack[-0x6c]	WRITE	0
0x0013725a	0xStack[-0xa0]	READ	1
0x00137260	0xStack[-0x68]	WRITE	0
0x00137263	0xStack[-0x64]	WRITE	0
0x00137266	0x0013729f	UNCONDITIONAL_JUMP	0
0x00137269	0xStack[-0x54]	DATA	0
0x00137275	0x001372c2	UNCONDITIONAL_JUMP	0
0x00137278	0xStack[-0x80]	WRITE	0
0x0013727f	0xStack[-0x7c]	WRITE	0
0x00137289	0xStack[-0x78]	WRITE	0
0x0013728f	0xStack[-0x74]	WRITE	0
0x00137295	0xStack[-0x70]	WRITE	0
0x00137298	0xStack[-0x6c]	WRITE	0
0x001372a2	0xStack[-0x90]	READ	1
0x001372d0	0x001370dc	CONDITIONAL_JUMP	0
0x001372d9	0x00137134	CONDITIONAL_JUMP	0
0x001372df	0x001ef1e4	READ	1
0x001372e5	0xStack[-0x88]	READ	1
0x001372ed	0x001ef1e4	WRITE	0
0x001372f3	0xStack[-0xac]	DATA	0
0x00137305	0xStack[0x4]	READ	1
0x00137308	0x0018b958	UNCONDITIONAL_CALL	0
0x0013730f	0x00137320	UNCONDITIONAL_JUMP	0
0x00137318	0x00116418	UNCONDITIONAL_CALL	0
0x00137327	0x00137314	CONDITIONAL_JUMP	0
0x0013732a	0x0018b544	UNCONDITIONAL_CALL	0
0x00137330	0x001370b4	UNCONDITIONAL_CALL	0
0x00137335	0x001ef1e0	READ_WRITE	0
0x0013733e	0x00137308	UNCONDITIONAL_JUMP	0
0x00137344	0xStack[0x4]	READ	1
0x00137347	0xStack[0x8]	READ	1
0x0013735f	0x001ef1b0	READ	1
0x00137378	0x00137388	CONDITIONAL_JUMP	0
0x0013737c	0x001dd1a8	DATA	1
0x00137385	0x0013738d	UNCONDITIONAL_JUMP	0
0x0013738d	0xStack[-0x8]	READ	1
0x001373a9	0xStack[0x8]	READ	1
0x001373ac	0xStack[0x4]	READ	1
0x001373b2	0xStack[-0x20]	WRITE	0
0x001373c7	0xStack[-0x24]	WRITE	0
0x001373d1	0xStack[-0x1c]	DATA	0
0x001373d5	0x001385f4	UNCONDITIONAL_CALL	0
0x001373da	0xStack[-0x18]	READ	1
0x001373dd	0xStack[-0x24]	READ	1
0x001373ee	0x001374bc	CONDITIONAL_JUMP	0
0x00137404	0xStack[-0x28]	WRITE	0
0x0013740c	0x00137460	CONDITIONAL_JUMP	0
0x0013740e	0xStack[-0x28]	READ	1
0x00137417	0x001013cc	UNCONDITIONAL_CALL	0
0x0013741f	0xStack[-0x28]	READ	1
0x00137426	0xStack[-0x28]	READ	1
0x0013742c	0x00137434	CONDITIONAL_JUMP	0
0x0013742e	0xStack[-0x28]	READ	1
0x00137436	0xStack[-0x28]	WRITE	0
0x0013745e	0x0013746c	CONDITIONAL_JUMP	0
0x00137465	0x00137501	UNCONDITIONAL_JUMP	0
0x00137473	0x00137493	CONDITIONAL_JUMP	0
0x0013747f	0xStack[-0x2c]	WRITE	0
0x00137482	0xStack[-0x20]	READ	1
0x00137488	0xStack[-0x2c]	READ	1
0x00137491	0x00137478	CONDITIONAL_JUMP	0
0x00137493	0xStack[-0x28]	READ	1
0x0013749a	0xStack[-0x24]	READ	0
0x0013749d	0x001374e8	CONDITIONAL_JUMP	0
0x0013749f	0xStack[-0x24]	READ	1
0x001374a5	0x001dd1b4	DATA	0
0x001374aa	0x0010c0d8	UNCONDITIONAL_CALL	0
0x001374b7	0x00137501	UNCONDITIONAL_JUMP	0
0x001374bc	0xStack[-0x20]	READ	1
0x001374c1	0x001351d4	UNCONDITIONAL_CALL	0
0x001374cb	0x001374e8	CONDITIONAL_JUMP	0
0x001374cd	0xStack[-0x1c]	WRITE	0
0x001374d4	0xStack[-0x20]	READ	1
0x001374d9	0x001351d4	UNCONDITIONAL_CALL	0
0x001374e6	0x00137501	UNCONDITIONAL_JUMP	0
0x001374e8	0xStack[0x4]	READ	1
0x00137501	0xStack[-0x18]	READ	1
0x00137504	0xStack[-0x1c]	DATA	0
0x0013750f	0xStack[-0x38]	DATA	0
0x0013752e	0xStack[0x8]	READ	1
0x00137534	0x0015a75c	UNCONDITIONAL_CALL	0
0x00137540	0x0015a75c	UNCONDITIONAL_CALL	0
0x0013754d	0x0015a75c	UNCONDITIONAL_CALL	0
0x0013755a	0x00101600	UNCONDITIONAL_CALL	0
0x0013756f	0x001dd1d8	DATA	1
0x0013757a	0xStack[0x4]	READ	1
0x00137580	0x00136ddc	UNCONDITIONAL_CALL	0
0x00137587	0xStack[-0x10]	DATA	0
0x00137599	0xStack[0x4]	READ	1
0x001375a4	0x001375af	CONDITIONAL_JUMP	0
0x001375a7	0x001140e0	UNCONDITIONAL_CALL	0
0x001375b5	0x0015a824	UNCONDITIONAL_CALL	0
0x001375c3	0x0015a824	UNCONDITIONAL_CALL	0
0x001375cb	0x0015a824	UNCONDITIONAL_CALL	0
0x001375d0	0xStack[-0xc]	DATA	0
0x001375e5	0xStack[0x4]	READ	1
0x001375ee	0xStack[-0x8]	WRITE	0
0x001375f1	0x001ef280	READ_WRITE	0
0x001375f7	0x0018b958	UNCONDITIONAL_CALL	0
0x00137605	0x00136c00	UNCONDITIONAL_CALL	0
0x0013760d	0x0018b544	UNCONDITIONAL_CALL	0
0x00137617	0x00137624	CONDITIONAL_JUMP	0
0x00137619	0x001ef288	READ_WRITE	0
0x00137621	0x00137683	UNCONDITIONAL_JUMP	0
0x00137629	0x00137634	CONDITIONAL_JUMP	0
0x0013762b	0x001ef28c	READ_WRITE	0
0x00137631	0x0013766e	UNCONDITIONAL_JUMP	0
0x00137637	0xStack[-0x8]	READ	1
0x0013763b	0x00138230	UNCONDITIONAL_CALL	0
0x00137640	0xStack[0x8]	READ	1
0x00137644	0xStack[-0x8]	READ	1
0x00137648	0x00136250	UNCONDITIONAL_CALL	0
0x00137652	0x00137668	CONDITIONAL_JUMP	0
0x00137654	0xStack[0x8]	READ	1
0x00137664	0x00137683	UNCONDITIONAL_JUMP	0
0x00137668	0x001ef290	READ_WRITE	0
0x0013766f	0x001140e0	UNCONDITIONAL_CALL	0
0x0013767b	0x001ef284	READ_WRITE	0
0x00137683	0xStack[-0x14]	DATA	0
0x00137699	0xStack[0x4]	READ	1
0x001376a2	0xStack[-0x8]	WRITE	0
0x001376a9	0x0018b970	UNCONDITIONAL_CALL	0
0x001376b0	0x001376c3	UNCONDITIONAL_JUMP	0
0x001376bb	0x0010a588	UNCONDITIONAL_CALL	0
0x001376c7	0x001376b4	CONDITIONAL_JUMP	0
0x001376cd	0x0018b544	UNCONDITIONAL_CALL	0
0x001376d9	0xStack[0x4]	READ	1
0x001376e1	0x00137994	DATA	0
0x001376e6	0x0011499c	UNCONDITIONAL_CALL	0
0x001376f2	0x00137714	CONDITIONAL_JUMP	0
0x001376ff	0x0013778f	CONDITIONAL_JUMP	0
0x0013770a	0x0010ab38	UNCONDITIONAL_CALL	0
0x0013770f	0x0013778f	UNCONDITIONAL_JUMP	0
0x0013771b	0x00138230	UNCONDITIONAL_CALL	0
0x00137723	0xStack[0x8]	READ	1
0x0013772a	0x00136720	UNCONDITIONAL_CALL	0
0x00137734	0x00137770	CONDITIONAL_JUMP	0
0x00137745	0x0013774b	CONDITIONAL_JUMP	0
0x0013774b	0xStack[0x4]	READ	1
0x00137753	0xStack[0x4]	READ	1
0x00137759	0x00136cf8	UNCONDITIONAL_CALL	0
0x00137763	0x00137783	CONDITIONAL_JUMP	0
0x00137765	0xStack[-0x8]	WRITE	0
0x0013776c	0x00137783	UNCONDITIONAL_JUMP	0
0x00137770	0x001dd1f0	DATA	0
0x00137775	0x0010c0d8	UNCONDITIONAL_CALL	0
0x0013777b	0x001140e0	UNCONDITIONAL_CALL	0
0x00137788	0x0013778f	CONDITIONAL_JUMP	0
0x0013778f	0xStack[-0x8]	READ	1
0x00137792	0xStack[-0x14]	DATA	0
0x001377ab	0xStack[0x4]	READ	1
0x001377ae	0xStack[0x8]	READ	1
0x001377b1	0xStack[0xc]	READ	1
0x001377ca	0xStack[0x4]	READ	1
0x001377cd	0xStack[0xc]	READ	1
0x001377db	0x001377e6	CONDITIONAL_JUMP	0
0x001377de	0x001140e0	UNCONDITIONAL_CALL	0
0x001377ef	0x00137804	CONDITIONAL_JUMP	0
0x001377fa	0xStack[0x8]	READ	1
0x001377ff	0x00137809	UNCONDITIONAL_JUMP	0
0x00137809	0xStack[-0x10]	DATA	0
0x00137819	0xStack[0x4]	READ	1
0x0013781c	0x001ef27c	READ	0
0x00137826	0x00137854	CONDITIONAL_JUMP	0
0x0013782a	0x0015a75c	UNCONDITIONAL_CALL	0
0x00137831	0x001ef270	READ	1
0x00137838	0x00137848	CONDITIONAL_JUMP	0
0x00137843	0x0013784b	UNCONDITIONAL_JUMP	0
0x0013784b	0x001ef27c	READ_WRITE	0
0x00137851	0x00137862	UNCONDITIONAL_JUMP	0
0x00137854	0x001ef270	READ	1
0x0013785d	0x00137944	UNCONDITIONAL_CALL	0
0x00137862	0x001ef270	WRITE	0
0x001378a4	0x001ef1f0	DATA	1
0x001378b3	0x001ef1f0	DATA	0
0x001378ba	0xStack[-0xc]	DATA	0
0x001378ca	0xStack[0x4]	READ	1
0x001378cd	0x001ef274	READ_WRITE	0
0x001378e1	0x001ef1f0	DATA	1
0x001378ea	0x00137938	CONDITIONAL_JUMP	0
0x001378ee	0x00137920	CONDITIONAL_JUMP	0
0x001378f5	0x00137920	CONDITIONAL_JUMP	0
0x001378fd	0x00137920	CONDITIONAL_JUMP	0
0x00137905	0x00137920	CONDITIONAL_JUMP	0
0x00137914	0x001012fc	UNCONDITIONAL_CALL	0
0x0013791e	0x00137928	CONDITIONAL_JUMP	0
0x00137923	0x001378e8	UNCONDITIONAL_JUMP	0
0x00137928	0x001ef278	READ_WRITE	0
0x00137933	0x0013793a	UNCONDITIONAL_JUMP	0
0x0013793a	0xStack[-0x10]	DATA	0
0x00137948	0xStack[0x4]	READ	1
0x00137952	0x001ef1f0	DATA	1
0x0013795b	0x0013798d	CONDITIONAL_JUMP	0
0x00137962	0x00137984	CONDITIONAL_JUMP	0
0x00137966	0x0013797c	CONDITIONAL_JUMP	0
0x00137970	0x001ef1f0	DATA	0
0x00137977	0x0013798d	UNCONDITIONAL_JUMP	0
0x00137982	0x0013798d	UNCONDITIONAL_JUMP	0
0x0013798b	0x00137960	CONDITIONAL_JUMP	0
0x0013798d	0xStack[-0x8]	READ	1
0x00137997	0xStack[0x4]	READ	1
0x001379a5	0x001379b1	CONDITIONAL_JUMP	0
0x001379ac	0x0010ab38	UNCONDITIONAL_CALL	0
0x001379c7	0xStack[0x8]	READ	1
0x001379cb	0xStack[0x4]	READ	1
0x001379cf	0x001379ec	UNCONDITIONAL_CALL	0
0x001379db	0xStack[0x8]	READ	1
0x001379df	0xStack[0x4]	READ	1
0x001379e3	0x00137a44	UNCONDITIONAL_CALL	0
0x001379ef	0xStack[0x4]	READ	1
0x001379f2	0xStack[0x8]	READ	1
0x001379f9	0x00137a0c	CONDITIONAL_JUMP	0
0x00137a0f	0x00137a20	CONDITIONAL_JUMP	0
0x00137a23	0x00137a38	CONDITIONAL_JUMP	0
0x00137a25	0x001dd217	DATA	0
0x00137a2a	0x0010c0d8	UNCONDITIONAL_CALL	0
0x00137a47	0xStack[0x4]	READ	1
0x00137a4a	0xStack[0x8]	READ	1
0x00137a52	0x00137a64	CONDITIONAL_JUMP	0
0x00137a66	0x00137a78	CONDITIONAL_JUMP	0
0x00137a7b	0x00137a90	CONDITIONAL_JUMP	0
0x00137a7d	0x001dd229	DATA	0
0x00137a82	0x0010c0d8	UNCONDITIONAL_CALL	0
0x00137aa4	0xStack[0x4]	READ	1
0x00137aa7	0xStack[0x8]	READ	1
0x00137aaf	0x00137ad4	CONDITIONAL_JUMP	0
0x00137ab1	0x00137abc	CONDITIONAL_JUMP	0
0x00137ab6	0x00137aef	CONDITIONAL_JUMP	0
0x00137ab8	0x00137af8	UNCONDITIONAL_JUMP	0
0x00137abf	0xStack[-0x8]	WRITE	0
0x00137ac5	0xStack[-0x8]	DATA	0
0x00137acf	0x00137afa	UNCONDITIONAL_JUMP	0
0x00137ad7	0xStack[-0x8]	DATA	0
0x00137ae2	0x00137ae8	CONDITIONAL_JUMP	0
0x00137ae6	0x00137afa	UNCONDITIONAL_JUMP	0
0x00137ae8	0xStack[-0x8]	READ	1
0x00137af4	0x00137afa	UNCONDITIONAL_JUMP	0
0x00137afa	0xStack[-0x10]	DATA	0
0x00137b0c	0xStack[0x4]	READ	1
0x00137b0f	0xStack[0x8]	READ	1
0x00137b17	0x00137b3c	CONDITIONAL_JUMP	0
0x00137b19	0x00137b24	CONDITIONAL_JUMP	0
0x00137b1e	0x00137b67	CONDITIONAL_JUMP	0
0x00137b20	0x00137b70	UNCONDITIONAL_JUMP	0
0x00137b27	0xStack[-0x8]	WRITE	0
0x00137b2d	0xStack[-0x8]	DATA	0
0x00137b37	0x00137b7c	UNCONDITIONAL_JUMP	0
0x00137b3f	0xStack[-0x8]	DATA	0
0x00137b4d	0x00137b60	CONDITIONAL_JUMP	0
0x00137b4f	0x001dd23d	DATA	0
0x00137b54	0x0010c0d8	UNCONDITIONAL_CALL	0
0x00137b5b	0x00137b7c	UNCONDITIONAL_JUMP	0
0x00137b60	0xStack[-0x8]	READ	1
0x00137b6c	0x00137b7c	UNCONDITIONAL_JUMP	0
0x00137b70	0x001dd259	DATA	0
0x00137b75	0x0010c0d8	UNCONDITIONAL_CALL	0
0x00137b7c	0xStack[-0x10]	DATA	0
0x00137b8f	0xStack[0x4]	READ	1
0x00137b92	0xStack[0x8]	READ	1
0x00137b98	0xStack[-0x8]	WRITE	0
0x00137b9b	0xStack[-0x8]	DATA	0
0x00137ba0	0x001379ec	UNCONDITIONAL_CALL	0
0x00137ba7	0x00137bb8	CONDITIONAL_JUMP	0
0x00137ba9	0xStack[-0x8]	READ	1
0x00137bb3	0x00137bba	UNCONDITIONAL_JUMP	0
0x00137bba	0xStack[-0xc]	READ	1
0x00137bcc	0xStack[0x4]	READ	1
0x00137bcf	0xStack[0x8]	READ	1
0x00137bd7	0x00137c04	CONDITIONAL_JUMP	0
0x00137bd9	0x00137be4	CONDITIONAL_JUMP	0
0x00137bde	0x00137c36	CONDITIONAL_JUMP	0
0x00137be0	0x00137c40	UNCONDITIONAL_JUMP	0
0x00137bef	0xStack[-0x8]	WRITE	0
0x00137bf5	0xStack[-0x8]	DATA	0
0x00137bff	0x00137c4c	UNCONDITIONAL_JUMP	0
0x00137c07	0xStack[-0x8]	DATA	0
0x00137c15	0x00137c28	CONDITIONAL_JUMP	0
0x00137c17	0x001dd275	DATA	0
0x00137c1c	0x0010c0d8	UNCONDITIONAL_CALL	0
0x00137c23	0x00137c4c	UNCONDITIONAL_JUMP	0
0x00137c28	0xStack[-0x8]	READ	0
0x00137c3b	0x00137c4c	UNCONDITIONAL_JUMP	0
0x00137c40	0x001dd28e	DATA	0
0x00137c45	0x0010c0d8	UNCONDITIONAL_CALL	0
0x00137c4c	0xStack[-0x10]	DATA	0
0x00137c5e	0xStack[0x4]	READ	1
0x00137c61	0xStack[0x8]	READ	1
0x00137c68	0x00137c78	CONDITIONAL_JUMP	0
0x00137c7b	0x00137c8c	CONDITIONAL_JUMP	0
0x00137c8f	0x00137c9c	CONDITIONAL_JUMP	0
0x00137c9c	0x001dd217	DATA	0
0x00137ca1	0x0010c0d8	UNCONDITIONAL_CALL	0
0x00137cb2	0xStack[0x4]	READ	1
0x00137cb5	0xStack[0x8]	READ	1
0x00137cb8	0xStack[0xc]	READ	1
0x00137cbd	0x00137d38	CONDITIONAL_JUMP	0
0x00137cc4	0x00137ccf	CONDITIONAL_JUMP	0
0x00137cd4	0x00137d10	CONDITIONAL_JUMP	0
0x00137ce6	0x00137cf8	CONDITIONAL_JUMP	0
0x00137ce8	0x001dd2a7	DATA	0
0x00137ced	0x0010c0d8	UNCONDITIONAL_CALL	0
0x00137cf4	0x00137d6d	UNCONDITIONAL_JUMP	0
0x00137cfa	0x00137d38	CONDITIONAL_JUMP	0
0x00137d00	0x001e5a20	DATA	0
0x00137d0b	0x00137d6d	UNCONDITIONAL_JUMP	0
0x00137d12	0x00137d54	CONDITIONAL_JUMP	0
0x00137d24	0x00137d34	CONDITIONAL_JUMP	0
0x00137d26	0x001dd2c2	DATA	0
0x00137d2b	0x0010c0d8	UNCONDITIONAL_CALL	0
0x00137d32	0x00137d6d	UNCONDITIONAL_JUMP	0
0x00137d36	0x00137d40	CONDITIONAL_JUMP	0
0x00137d3d	0x00137d6d	UNCONDITIONAL_JUMP	0
0x00137d44	0x001dd213	DATA	0
0x00137d4f	0x00137d6d	UNCONDITIONAL_JUMP	0
0x00137d57	0x00137d68	CONDITIONAL_JUMP	0
0x00137d59	0x001dd2dd	DATA	0
0x00137d5e	0x0010c0d8	UNCONDITIONAL_CALL	0
0x00137d65	0x00137d6d	UNCONDITIONAL_JUMP	0
0x00137d6d	0xStack[-0x10]	DATA	0
0x00137d7e	0xStack[0x8]	READ	1
0x00137d81	0xStack[0xc]	READ	1
0x00137d87	0xStack[0x4]	READ	1
0x00137d8b	0x00137a44	UNCONDITIONAL_CALL	0
0x00137d95	0x00137da8	CONDITIONAL_JUMP	0
0x00137d97	0x001dd2f8	DATA	0
0x00137d9c	0x0010c0d8	UNCONDITIONAL_CALL	0
0x00137da3	0x00137ed0	UNCONDITIONAL_JUMP	0
0x00137daa	0xStack[0x10]	READ	0
0x00137dad	0x00137dc8	CONDITIONAL_JUMP	0
0x00137daf	0xStack[0x4]	READ	1
0x00137db5	0x00137dc8	CONDITIONAL_JUMP	0
0x00137db7	0x001dd310	DATA	0
0x00137dbc	0x0010c0d8	UNCONDITIONAL_CALL	0
0x00137dc3	0x00137ed0	UNCONDITIONAL_JUMP	0
0x00137dc8	0xStack[0x4]	READ	1
0x00137dd0	0x00137de4	CONDITIONAL_JUMP	0
0x00137dd2	0x00137e05	CONDITIONAL_JUMP	0
0x00137dd7	0x00137ea8	CONDITIONAL_JUMP	0
0x00137ddd	0x00137ec4	UNCONDITIONAL_JUMP	0
0x00137de6	0x00137df4	CONDITIONAL_JUMP	0
0x00137ded	0x00137ed0	UNCONDITIONAL_JUMP	0
0x00137df6	0x00137e05	CONDITIONAL_JUMP	0
0x00137df9	0x0015a75c	UNCONDITIONAL_CALL	0
0x00137e07	0x00137de8	CONDITIONAL_JUMP	0
0x00137e0e	0x00137e19	CONDITIONAL_JUMP	0
0x00137e19	0xStack[0x4]	READ	1
0x00137e21	0x00137e54	CONDITIONAL_JUMP	0
0x00137e33	0x00137e3c	CONDITIONAL_JUMP	0
0x00137e35	0x001dd2a7	DATA	0
0x00137e3a	0x00137e9e	UNCONDITIONAL_JUMP	0
0x00137e3e	0x00137de8	CONDITIONAL_JUMP	0
0x00137e40	0xStack[0x4]	READ	1
0x00137e47	0x001e5a20	DATA	0
0x00137e52	0x00137ed0	UNCONDITIONAL_JUMP	0
0x00137e56	0x00137e90	CONDITIONAL_JUMP	0
0x00137e58	0xStack[0x4]	READ	1
0x00137e6b	0x00137e74	CONDITIONAL_JUMP	0
0x00137e6d	0x001dd2c2	DATA	0
0x00137e72	0x00137e9e	UNCONDITIONAL_JUMP	0
0x00137e76	0x00137de8	CONDITIONAL_JUMP	0
0x00137e7c	0xStack[0x4]	READ	1
0x00137e83	0x001dd213	DATA	0
0x00137e8e	0x00137ed0	UNCONDITIONAL_JUMP	0
0x00137e93	0x00137de8	CONDITIONAL_JUMP	0
0x00137e99	0x001dd2dd	DATA	0
0x00137e9e	0x0010c0d8	UNCONDITIONAL_CALL	0
0x00137ea5	0x00137ed0	UNCONDITIONAL_JUMP	0
0x00137eaa	0x00137de8	CONDITIONAL_JUMP	0
0x00137eb2	0x0015a824	UNCONDITIONAL_CALL	0
0x00137ebd	0x00137de8	UNCONDITIONAL_JUMP	0
0x00137ec4	0x001dd32c	DATA	0
0x00137ec9	0x0010c0d8	UNCONDITIONAL_CALL	0
0x00137ed0	0xStack[-0x10]	DATA	0
0x00137edf	0xStack[0x8]	READ	1
0x00137eec	0xStack[0x4]	READ	1
0x00137ef0	0x00137d78	UNCONDITIONAL_CALL	0
0x00137f05	0xStack[0x4]	READ	1
0x00137f08	0xStack[0x8]	READ	1
0x00137f0b	0xStack[0x10]	READ	1
0x00137f12	0x00137f20	CONDITIONAL_JUMP	0
0x00137f1c	0x00137f2c	UNCONDITIONAL_JUMP	0
0x00137f23	0x00137f34	CONDITIONAL_JUMP	0
0x00137f31	0x00137f48	UNCONDITIONAL_JUMP	0
0x00137f37	0x00137f58	CONDITIONAL_JUMP	0
0x00137f39	0x001dd217	DATA	0
0x00137f3e	0x0010c0d8	UNCONDITIONAL_CALL	0
0x00137f4a	0x00137f58	CONDITIONAL_JUMP	0
0x00137f4c	0x001dd346	DATA	0
0x00137f51	0x0010c0d8	UNCONDITIONAL_CALL	0
0x00137f56	0x00137f94	UNCONDITIONAL_JUMP	0
0x00137f5e	0x00137f6d	CONDITIONAL_JUMP	0
0x00137f62	0x00137f84	CONDITIONAL_JUMP	0
0x00137f6b	0x00137f60	CONDITIONAL_JUMP	0
0x00137f6d	0xStack[0x14]	READ	0
0x00137f71	0x00137f94	CONDITIONAL_JUMP	0
0x00137f75	0xStack[0xc]	READ	1
0x00137f7a	0xStack[0x14]	READ	1
0x00137f7f	0x00137f96	UNCONDITIONAL_JUMP	0
0x00137f86	0xStack[0xc]	READ	1
0x00137f90	0x00137f96	UNCONDITIONAL_JUMP	0
0x00137f96	0xStack[-0x14]	DATA	0
0x00137fa9	0xStack[0x4]	READ	1
0x00137fac	0xStack[0x8]	READ	1
0x00137fb5	0x00137fcc	CONDITIONAL_JUMP	0
0x00137fba	0x00137fe0	CONDITIONAL_JUMP	0
0x00137fbe	0x00137fcc	CONDITIONAL_JUMP	0
0x00137fc5	0x00138128	UNCONDITIONAL_JUMP	0
0x00137fdd	0xStack[-0x8]	WRITE	0
0x00137fe0	0xStack[-0x8]	DATA	0
0x00137fe5	0x00137a44	UNCONDITIONAL_CALL	0
0x00137fef	0x00138004	CONDITIONAL_JUMP	0
0x00137ff1	0x001dd35e	DATA	0
0x00137ff6	0x0010c0d8	UNCONDITIONAL_CALL	0
0x00137ffd	0x00138128	UNCONDITIONAL_JUMP	0
0x00138004	0xStack[-0x8]	READ	1
0x00138007	0xStack[0xc]	READ	0
0x0013800a	0x00138020	CONDITIONAL_JUMP	0
0x0013800c	0x001dd377	DATA	0
0x00138011	0x0010c0d8	UNCONDITIONAL_CALL	0
0x00138018	0x00138128	UNCONDITIONAL_JUMP	0
0x00138028	0x0013803c	CONDITIONAL_JUMP	0
0x0013802a	0x00138057	CONDITIONAL_JUMP	0
0x0013802f	0x00138104	CONDITIONAL_JUMP	0
0x00138035	0x0013811c	UNCONDITIONAL_JUMP	0
0x0013803e	0x00138050	CONDITIONAL_JUMP	0
0x00138041	0x0015a75c	UNCONDITIONAL_CALL	0
0x00138048	0xStack[0x8]	READ	1
0x00138050	0xStack[-0x8]	READ	1
0x00138057	0xStack[-0x8]	READ	1
0x0013805c	0x00137fc0	CONDITIONAL_JUMP	0
0x00138067	0x00138072	CONDITIONAL_JUMP	0
0x00138077	0x001380b0	CONDITIONAL_JUMP	0
0x00138089	0x00138094	CONDITIONAL_JUMP	0
0x0013808b	0x001dd2a7	DATA	0
0x00138090	0x001380fa	UNCONDITIONAL_JUMP	0
0x00138096	0x00137fc0	CONDITIONAL_JUMP	0
0x001380a0	0x001e5a20	DATA	0
0x001380ab	0x00138128	UNCONDITIONAL_JUMP	0
0x001380b2	0x001380ec	CONDITIONAL_JUMP	0
0x001380c4	0x001380d0	CONDITIONAL_JUMP	0
0x001380c6	0x001dd2c2	DATA	0
0x001380cb	0x001380fa	UNCONDITIONAL_JUMP	0
0x001380d2	0x00137fc0	CONDITIONAL_JUMP	0
0x001380dc	0x001dd213	DATA	0
0x001380e7	0x00138128	UNCONDITIONAL_JUMP	0
0x001380ef	0x00137fc0	CONDITIONAL_JUMP	0
0x001380f5	0x001dd2dd	DATA	0
0x001380fa	0x0010c0d8	UNCONDITIONAL_CALL	0
0x00138101	0x00138128	UNCONDITIONAL_JUMP	0
0x00138106	0x0015a824	UNCONDITIONAL_CALL	0
0x0013810b	0xStack[0x8]	READ	1
0x00138119	0x00138128	UNCONDITIONAL_JUMP	0
0x0013811c	0x001dd394	DATA	0
0x00138121	0x0010c0d8	UNCONDITIONAL_CALL	0
0x00138128	0xStack[-0x14]	DATA	0
0x0013813d	0xStack[0xc]	READ	1
0x00138140	0xStack[0x8]	READ	1
0x00138145	0xStack[-0x8]	WRITE	0
0x0013814d	0xStack[0x4]	READ	1
0x00138151	0x001379d8	UNCONDITIONAL_CALL	0
0x0013815b	0x00138170	CONDITIONAL_JUMP	0
0x0013815d	0x001dd3af	DATA	0
0x00138162	0x0010c0d8	UNCONDITIONAL_CALL	0
0x00138169	0x00138223	UNCONDITIONAL_JUMP	0
0x00138172	0xStack[0x10]	READ	0
0x00138175	0x00138190	CONDITIONAL_JUMP	0
0x00138177	0xStack[0x4]	READ	1
0x0013817d	0x00138190	CONDITIONAL_JUMP	0
0x0013817f	0x001dd3c7	DATA	0
0x00138184	0x0010c0d8	UNCONDITIONAL_CALL	0
0x0013818b	0x00138223	UNCONDITIONAL_JUMP	0
0x00138190	0xStack[0x14]	READ	1
0x00138196	0xStack[-0xc]	WRITE	0
0x0013819b	0x001381d9	CONDITIONAL_JUMP	0
0x0013819d	0xStack[0x4]	READ	1
0x001381a5	0x001381b0	CONDITIONAL_JUMP	0
0x001381aa	0x001381b4	CONDITIONAL_JUMP	0
0x001381ac	0x001381d9	UNCONDITIONAL_JUMP	0
0x001381b2	0x001381bc	CONDITIONAL_JUMP	0
0x001381b9	0x00138223	UNCONDITIONAL_JUMP	0
0x001381bc	0xStack[-0xc]	READ	1
0x001381c0	0x0015a75c	UNCONDITIONAL_CALL	0
0x001381c7	0xStack[0x8]	READ	1
0x001381cc	0xStack[-0xc]	READ	1
0x001381d1	0x00101600	UNCONDITIONAL_CALL	0
0x001381dd	0x00138200	CONDITIONAL_JUMP	0
0x001381e0	0xStack[-0x8]	READ	0
0x001381e4	0x00138200	CONDITIONAL_JUMP	0
0x001381e9	0xStack[0x4]	READ	1
0x001381ed	0xStack[0x18]	READ	1
0x001381f2	0xStack[-0x8]	WRITE	0
0x001381f5	0xStack[0x14]	READ	1
0x001381fe	0x001381e0	CONDITIONAL_JUMP	0
0x00138200	0xStack[0x4]	READ	1
0x00138206	0x00138220	CONDITIONAL_JUMP	0
0x00138208	0xStack[-0xc]	READ	1
0x0013820c	0xStack[0x8]	READ	1
0x00138212	0x0015a824	UNCONDITIONAL_CALL	0
0x00138217	0xStack[0x8]	READ	1
0x00138220	0xStack[-0x8]	READ	1
0x00138223	0xStack[-0x18]	DATA	0
0x00138233	0xStack[0x4]	READ	1
0x00138236	0xStack[0x8]	READ	1
0x00138239	0xStack[0xc]	READ	1
0x0013823e	0x001dd3e4	DATA	1
0x00138271	0xStack[0x4]	READ	1
0x00138274	0xStack[0x8]	READ	1
0x00138280	0x001382ba	CONDITIONAL_JUMP	0
0x00138285	0x00138291	CONDITIONAL_JUMP	0
0x00138287	0x001dd404	DATA	0
0x0013828c	0x0010c0d8	UNCONDITIONAL_CALL	0
0x00138296	0x001382a1	CONDITIONAL_JUMP	0
0x0013829f	0x001382a8	CONDITIONAL_JUMP	0
0x001382a3	0x001382cc	UNCONDITIONAL_JUMP	0
0x001382cc	0xStack[-0xc]	DATA	0
0x001382dd	0xStack[0x4]	READ	1
0x001382e0	0xStack[0x8]	READ	1
0x001382ec	0x00138326	CONDITIONAL_JUMP	0
0x001382f1	0x001382fd	CONDITIONAL_JUMP	0
0x001382f3	0x001dd423	DATA	0
0x001382f8	0x0010c0d8	UNCONDITIONAL_CALL	0
0x00138302	0x0013830d	CONDITIONAL_JUMP	0
0x0013830b	0x00138314	CONDITIONAL_JUMP	0
0x0013830f	0x0013833a	UNCONDITIONAL_JUMP	0
0x0013833a	0xStack[-0xc]	DATA	0
0x0013834a	0xStack[0x4]	READ	1
0x0013834d	0xStack[0x8]	READ	1
0x00138350	0xStack[0xc]	READ	1
0x00138353	0x0013839c	UNCONDITIONAL_JUMP	0
0x00138362	0x00138379	CONDITIONAL_JUMP	0
0x0013836a	0x001013cc	UNCONDITIONAL_CALL	0
0x0013837e	0x00138384	CONDITIONAL_JUMP	0
0x00138382	0x001383be	UNCONDITIONAL_JUMP	0
0x0013838b	0x001383bc	CONDITIONAL_JUMP	0
0x001383a4	0x00138358	CONDITIONAL_JUMP	0
0x001383ac	0x001013cc	UNCONDITIONAL_CALL	0
0x001383b9	0x001383be	UNCONDITIONAL_JUMP	0
0x001383be	0xStack[-0x10]	DATA	0
0x001383ce	0xStack[0x4]	READ	1
0x001383d1	0xStack[0x8]	READ	1
0x001383d4	0xStack[0xc]	READ	1
0x001383d9	0x001379d8	UNCONDITIONAL_CALL	0
0x001383e3	0x001383ec	CONDITIONAL_JUMP	0
0x001383e7	0x0013842d	UNCONDITIONAL_JUMP	0
0x00138403	0x00138414	CONDITIONAL_JUMP	0
0x00138412	0x00138408	CONDITIONAL_JUMP	0
0x00138416	0x00138428	CONDITIONAL_JUMP	0
0x00138418	0x001dd44b	DATA	0
0x0013841d	0x0010c0d8	UNCONDITIONAL_CALL	0
0x00138424	0x0013842d	UNCONDITIONAL_JUMP	0
0x0013842d	0xStack[-0x10]	DATA	0
0x0013843e	0xStack[0x4]	READ	1
0x00138441	0xStack[0x8]	READ	1
0x00138444	0xStack[0xc]	READ	1
0x00138447	0x00138490	UNCONDITIONAL_JUMP	0
0x00138456	0x0013846d	CONDITIONAL_JUMP	0
0x0013845e	0x001013cc	UNCONDITIONAL_CALL	0
0x00138472	0x00138478	CONDITIONAL_JUMP	0
0x00138476	0x001384b2	UNCONDITIONAL_JUMP	0
0x0013847f	0x001384b0	CONDITIONAL_JUMP	0
0x00138498	0x0013844c	CONDITIONAL_JUMP	0
0x001384a0	0x001013cc	UNCONDITIONAL_CALL	0
0x001384ad	0x001384b2	UNCONDITIONAL_JUMP	0
0x001384b2	0xStack[-0x10]	DATA	0
0x001384c4	0xStack[0x4]	READ	1
0x001384c7	0xStack[0xc]	READ	1
0x001384ca	0xStack[-0x8]	WRITE	0
0x001384d3	0x001384dc	CONDITIONAL_JUMP	0
0x001384d7	0x00138575	UNCONDITIONAL_JUMP	0
0x001384e5	0x0013851b	CONDITIONAL_JUMP	0
0x001384ea	0x001384f9	CONDITIONAL_JUMP	0
0x001384ec	0x001dd423	DATA	0
0x001384f1	0x0010c0d8	UNCONDITIONAL_CALL	0
0x001384fe	0x001384d5	CONDITIONAL_JUMP	0
0x00138507	0x001384d5	CONDITIONAL_JUMP	0
0x0013851b	0xStack[-0x8]	READ	1
0x00138539	0xStack[0x8]	READ	1
0x0013853d	0xStack[0x14]	READ	1
0x00138541	0xStack[0x10]	READ	1
0x00138545	0x0011499c	UNCONDITIONAL_CALL	0
0x00138551	0x00138564	CONDITIONAL_JUMP	0
0x00138553	0x001dd463	DATA	0
0x00138558	0x0010c0d8	UNCONDITIONAL_CALL	0
0x0013855f	0x00138575	UNCONDITIONAL_JUMP	0
0x00138575	0xStack[-0x10]	DATA	0
0x00138583	0xStack[0x4]	READ	1
0x0013859b	0xStack[0x4]	READ	1
0x001385a4	0xStack[0x8]	READ	1
0x001385af	0x001385c4	CONDITIONAL_JUMP	0
0x001385d0	0xStack[0x4]	READ	1
0x001385d3	0xStack[0x8]	READ	1
0x001385dd	0x001385ec	CONDITIONAL_JUMP	0
0x001385ec	0xStack[-0x8]	READ	1
0x001385f8	0xStack[0x4]	READ	1
0x001385fb	0xStack[0x8]	READ	1
0x001385fe	0xStack[0xc]	READ	1
0x00138601	0xStack[0x10]	READ	1
0x00138606	0x001dd484	DATA	1
0x00138616	0xStack[-0x8]	READ	1
0x0013862b	0xStack[0x4]	READ	1
0x0013862e	0xStack[0x8]	READ	1
0x0013863a	0x00138654	CONDITIONAL_JUMP	0
0x0013865f	0xStack[0x4]	READ	1
0x00138662	0xStack[0x8]	READ	1
0x0013866e	0x00138688	CONDITIONAL_JUMP	0
0x00138695	0xStack[0x4]	READ	1
0x00138698	0xStack[0xc]	READ	1
0x001386a3	0x001386c0	CONDITIONAL_JUMP	0
0x001386a6	0xStack[0x8]	READ	1
0x001386ae	0x001013cc	UNCONDITIONAL_CALL	0
0x001386bb	0x001386c2	UNCONDITIONAL_JUMP	0
0x001386c2	0xStack[-0xc]	DATA	0
0x001386d1	0xStack[0x4]	READ	1
0x001386d4	0xStack[0xc]	READ	1
0x001386df	0x001386fc	CONDITIONAL_JUMP	0
0x001386e6	0xStack[0x8]	READ	1
0x001386ea	0x001013cc	UNCONDITIONAL_CALL	0
0x001386f7	0x001386fe	UNCONDITIONAL_JUMP	0
0x001386fe	0xStack[-0xc]	DATA	0
0x0013870b	0xStack[0x4]	READ	1
0x0013871f	0xStack[0x4]	READ	1
0x00138725	0xStack[0x8]	READ	1
0x00138730	0x00138744	CONDITIONAL_JUMP	0
0x00138750	0xStack[0x4]	READ	1
0x00138753	0xStack[0x8]	READ	1
0x0013875d	0x0013876c	CONDITIONAL_JUMP	0
0x0013876c	0xStack[-0x8]	READ	1
0x0013877a	0xStack[0x4]	READ	1
0x0013877d	0xStack[0x10]	READ	1
0x00138780	0xStack[0x8]	READ	1
0x00138787	0x001387b9	CONDITIONAL_JUMP	0
0x0013878e	0x0013879c	CONDITIONAL_JUMP	0
0x00138793	0x001387b9	CONDITIONAL_JUMP	0
0x0013879a	0x001387de	UNCONDITIONAL_JUMP	0
0x0013879c	0xStack[0xc]	READ	1
0x001387a0	0x0015a75c	UNCONDITIONAL_CALL	0
0x001387a7	0xStack[0x8]	READ	1
0x001387ac	0xStack[0xc]	READ	1
0x001387b1	0x00101600	UNCONDITIONAL_CALL	0
0x001387c7	0x001387dc	CONDITIONAL_JUMP	0
0x001387c9	0xStack[0xc]	READ	1
0x001387ce	0x0015a824	UNCONDITIONAL_CALL	0
0x001387d3	0xStack[0x8]	READ	1
0x001387de	0xStack[-0x10]	DATA	0
0x001387f0	0xStack[0x8]	READ	1
0x001387f4	0xStack[0x4]	READ	1
0x001387f8	0x00137fa0	UNCONDITIONAL_CALL	0
0x001387ff	0x0013880c	CONDITIONAL_JUMP	0
0x0013881c	0xStack[0x8]	READ	1
0x00138820	0xStack[0x4]	READ	1
0x00138824	0x00137fa0	UNCONDITIONAL_CALL	0
0x0013882b	0x00138838	CONDITIONAL_JUMP	0
0x00138845	0xStack[0x8]	READ	1
0x00138849	0xStack[0x4]	READ	1
0x0013884d	0x00137fa0	UNCONDITIONAL_CALL	0
0x00138854	0x00138860	CONDITIONAL_JUMP	0
0x0013886d	0xStack[0x4]	READ	1
0x00138870	0xStack[0x8]	READ	1
0x00138875	0x00137b88	UNCONDITIONAL_CALL	0
0x0013887f	0x001388b8	CONDITIONAL_JUMP	0
0x00138886	0x00137b88	UNCONDITIONAL_CALL	0
0x00138890	0x001388b8	CONDITIONAL_JUMP	0
0x00138897	0x00137b88	UNCONDITIONAL_CALL	0
0x001388a1	0x001388b8	CONDITIONAL_JUMP	0
0x001388a8	0x00137b88	UNCONDITIONAL_CALL	0
0x001388af	0x001388b8	CONDITIONAL_JUMP	0
0x001388b6	0x001388ba	UNCONDITIONAL_JUMP	0
0x001388ba	0xStack[-0xc]	DATA	0
0x001388c7	0xStack[0x8]	READ	1
0x001388cc	0x001dd4a4	DATA	0
0x001388d6	0xStack[0x4]	READ	1
0x001388da	0x00137efc	UNCONDITIONAL_CALL	0
0x001388e1	0x001388ec	CONDITIONAL_JUMP	0
0x001388f7	0xStack[0x8]	READ	1
0x001388fc	0x001dd4a4	DATA	0
0x00138906	0xStack[0x4]	READ	1
0x0013890a	0x00137efc	UNCONDITIONAL_CALL	0
0x00138916	0x0013891a	CONDITIONAL_JUMP	0
0x0013891c	0x00138928	CONDITIONAL_JUMP	0
0x00138935	0xStack[0x4]	READ	1
0x00138938	0xStack[0x8]	READ	1
0x00138942	0x00137fa0	UNCONDITIONAL_CALL	0
0x00138951	0x00138955	CONDITIONAL_JUMP	0
0x00138957	0x001389a8	CONDITIONAL_JUMP	0
0x00138963	0x00137fa0	UNCONDITIONAL_CALL	0
0x00138972	0x00138976	CONDITIONAL_JUMP	0
0x00138978	0x001389a8	CONDITIONAL_JUMP	0
0x0013897f	0x001dd4a4	DATA	0
0x0013898a	0x00137efc	UNCONDITIONAL_CALL	0
0x00138996	0x0013899a	CONDITIONAL_JUMP	0
0x0013899c	0x001389a8	CONDITIONAL_JUMP	0
0x001389a3	0x001389aa	UNCONDITIONAL_JUMP	0
0x001389aa	0xStack[-0xc]	DATA	0
0x001389b9	0xStack[0x4]	READ	1
0x001389bc	0xStack[0x8]	READ	1
0x001389c6	0x00137fa0	UNCONDITIONAL_CALL	0
0x001389d5	0x001389d9	CONDITIONAL_JUMP	0
0x001389db	0x00138a00	CONDITIONAL_JUMP	0
0x001389e4	0x00137fa0	UNCONDITIONAL_CALL	0
0x001389f0	0x001389f4	CONDITIONAL_JUMP	0
0x001389f6	0x00138a00	CONDITIONAL_JUMP	0
0x001389fd	0x00138a02	UNCONDITIONAL_JUMP	0
0x00138a02	0xStack[-0xc]	DATA	0
0x00138a11	0xStack[0x4]	READ	1
0x00138a14	0xStack[0x8]	READ	1
0x00138a1e	0x00137fa0	UNCONDITIONAL_CALL	0
0x00138a2d	0x00138a31	CONDITIONAL_JUMP	0
0x00138a33	0x00138a84	CONDITIONAL_JUMP	0
0x00138a3a	0x001dd4a4	DATA	0
0x00138a45	0x00137efc	UNCONDITIONAL_CALL	0
0x00138a54	0x00138a58	CONDITIONAL_JUMP	0
0x00138a5a	0x00138a84	CONDITIONAL_JUMP	0
0x00138a66	0x00137fa0	UNCONDITIONAL_CALL	0
0x00138a72	0x00138a76	CONDITIONAL_JUMP	0
0x00138a78	0x00138a84	CONDITIONAL_JUMP	0
0x00138a7f	0x00138a86	UNCONDITIONAL_JUMP	0
0x00138a86	0xStack[-0xc]	DATA	0
0x00138a95	0xStack[0x4]	READ	1
0x00138a98	0xStack[0x8]	READ	1
0x00138a9d	0x001379c4	UNCONDITIONAL_CALL	0
0x00138aa7	0x00138abc	CONDITIONAL_JUMP	0
0x00138aac	0x00138ac0	CONDITIONAL_JUMP	0
0x00138ab3	0x0013412c	UNCONDITIONAL_CALL	0
0x00138aba	0x00138ac0	CONDITIONAL_JUMP	0
0x00138abe	0x00138ac5	UNCONDITIONAL_JUMP	0
0x00138ac5	0xStack[-0xc]	DATA	0
0x00138ad5	0x001e875c	READ	1
0x00138ade	0x00186f88	UNCONDITIONAL_CALL	0
0x00138ae8	0x00138b0c	CONDITIONAL_JUMP	0
0x00138aea	0xStack[0xc]	READ	1
0x00138af0	0xStack[0x8]	READ	1
0x00138af7	0xStack[0x4]	READ	1
0x00138afd	0x00138bfc	UNCONDITIONAL_CALL	0
0x00138b07	0x00138bf3	UNCONDITIONAL_JUMP	0
0x00138b0c	0xStack[0x4]	READ	1
0x00138b14	0xStack[0x8]	READ	0
0x00138b18	0x00138b40	CONDITIONAL_JUMP	0
0x00138b2f	0x00138b40	CONDITIONAL_JUMP	0
0x00138b38	0x0010ab38	UNCONDITIONAL_CALL	0
0x00138b40	0xStack[0x8]	READ	1
0x00138b45	0x00138b86	CONDITIONAL_JUMP	0
0x00138b49	0x00138b60	CONDITIONAL_JUMP	0
0x00138b53	0x00138b60	CONDITIONAL_JUMP	0
0x00138b5a	0x00138bf3	UNCONDITIONAL_JUMP	0
0x00138b75	0x00138b86	CONDITIONAL_JUMP	0
0x00138b7e	0x0010ab38	UNCONDITIONAL_CALL	0
0x00138b86	0xStack[0x8]	READ	0
0x00138b8a	0x00138bc3	CONDITIONAL_JUMP	0
0x00138b94	0x00138bc3	CONDITIONAL_JUMP	0
0x00138b98	0xStack[0x8]	READ	0
0x00138b9c	0x00138ba4	CONDITIONAL_JUMP	0
0x00138ba2	0x00138ba8	CONDITIONAL_JUMP	0
0x00138ba6	0x00138bf3	UNCONDITIONAL_JUMP	0
0x00138bb1	0x0010a588	UNCONDITIONAL_CALL	0
0x00138bc1	0x00138b98	CONDITIONAL_JUMP	0
0x00138bc3	0xStack[0x8]	READ	0
0x00138bc7	0x00138bf1	CONDITIONAL_JUMP	0
0x00138bd1	0x00138bf1	CONDITIONAL_JUMP	0
0x00138bdf	0x0010a588	UNCONDITIONAL_CALL	0
0x00138bef	0x00138bdc	CONDITIONAL_JUMP	0
0x00138bf3	0xStack[-0xc]	DATA	0
0x00138c01	0xStack[0x4]	READ	1
0x00138c04	0xStack[0x8]	READ	1
0x00138c0a	0xStack[0xc]	READ	0
0x00138c0e	0x00138d48	CONDITIONAL_JUMP	0
0x00138c1a	0x00138c88	CONDITIONAL_JUMP	0
0x00138c32	0x00138c88	CONDITIONAL_JUMP	0
0x00138c3d	0x00138c57	CONDITIONAL_JUMP	0
0x00138c4f	0x0010ab38	UNCONDITIONAL_CALL	0
0x00138c5c	0x00138c88	CONDITIONAL_JUMP	0
0x00138c69	0x0010d7e4	UNCONDITIONAL_CALL	0
0x00138c72	0x00166ea0	UNCONDITIONAL_CALL	0
0x00138c8d	0x00138c9f	CONDITIONAL_JUMP	0
0x00138c90	0x00166ea0	UNCONDITIONAL_CALL	0
0x00138ca4	0x00138cb6	CONDITIONAL_JUMP	0
0x00138ca7	0x00166ea0	UNCONDITIONAL_CALL	0
0x00138cbc	0x00138cf9	CONDITIONAL_JUMP	0
0x00138cd4	0x00138cf9	CONDITIONAL_JUMP	0
0x00138cdf	0x00138cf9	CONDITIONAL_JUMP	0
0x00138cf1	0x0010ab38	UNCONDITIONAL_CALL	0
0x00138d00	0x00138d48	CONDITIONAL_JUMP	0
0x00138d07	0x00138d1a	CONDITIONAL_JUMP	0
0x00138d0e	0x00139560	UNCONDITIONAL_CALL	0
0x00138d18	0x00138d0c	CONDITIONAL_JUMP	0
0x00138d1e	0x00138d28	CONDITIONAL_JUMP	0
0x00138d23	0x00139abc	UNCONDITIONAL_CALL	0
0x00138d4a	0xStack[-0xc]	DATA	0
0x00138d5d	0xStack[0x4]	READ	1
0x00138d60	0xStack[-0xc]	WRITE	0
0x00138d67	0xStack[0x8]	READ	1
0x00138d6f	0x00138d7f	CONDITIONAL_JUMP	0
0x00138d72	0x001dd540	DATA	0
0x00138d77	0x0010c0d8	UNCONDITIONAL_CALL	0
0x00138d82	0x00138d95	UNCONDITIONAL_JUMP	0
0x00138d8d	0x0010a588	UNCONDITIONAL_CALL	0
0x00138d9b	0x00138d84	CONDITIONAL_JUMP	0
0x00138da1	0xStack[0xc]	READ	0
0x00138da5	0x00139040	CONDITIONAL_JUMP	0
0x00138dab	0xStack[0x8]	READ	1
0x00138db1	0x001de6b0	READ	0
0x00138db7	0x00138dc8	CONDITIONAL_JUMP	0
0x00138db9	0xStack[-0xc]	WRITE	0
0x00138dc0	0x0013928a	UNCONDITIONAL_JUMP	0
0x00138dc8	0xStack[-0x8]	WRITE	0
0x00138dcd	0x0013928a	CONDITIONAL_JUMP	0
0x00138ddc	0x00139020	CONDITIONAL_JUMP	0
0x00138de5	0xStack[-0x8]	READ	1
0x00138dea	0x001de6ac	READ	1
0x00138df2	0x00138e80	CONDITIONAL_JUMP	0
0x00138df8	0xStack[0x8]	READ	1
0x00138dff	0x00138e14	CONDITIONAL_JUMP	0
0x00138e01	0xStack[-0x8]	READ	0
0x00138e04	0x0013906f	CONDITIONAL_JUMP	0
0x00138e0c	0x00138e74	CONDITIONAL_JUMP	0
0x00138e0e	0x0013906f	UNCONDITIONAL_JUMP	0
0x00138e14	0xStack[-0x8]	READ	0
0x00138e17	0x00138e1d	CONDITIONAL_JUMP	0
0x00138e1b	0x00138e74	CONDITIONAL_JUMP	0
0x00138e33	0x00138e44	CONDITIONAL_JUMP	0
0x00138e3c	0x0010ab38	UNCONDITIONAL_CALL	0
0x00138e4d	0x00138e59	UNCONDITIONAL_JUMP	0
0x00138e59	0x0010a588	UNCONDITIONAL_CALL	0
0x00138e67	0x00138e50	CONDITIONAL_JUMP	0
0x00138e6d	0x00139008	UNCONDITIONAL_JUMP	0
0x00138e74	0x001de6ac	READ	1
0x00138e7d	0xStack[-0x8]	WRITE	0
0x00138e97	0x00138ea9	CONDITIONAL_JUMP	0
0x00138e9c	0x001dd560	DATA	0
0x00138ea1	0x0010c0d8	UNCONDITIONAL_CALL	0
0x00138eb0	0x001de6b4	READ	0
0x00138eb6	0x00138ec6	CONDITIONAL_JUMP	0
0x00138eb9	0x001dd596	DATA	0
0x00138ebe	0x0010c0d8	UNCONDITIONAL_CALL	0
0x00138ed6	0x001de6b4	READ	1
0x00138edf	0x00138f20	CONDITIONAL_JUMP	0
0x00138ee3	0x001dd5ba	DATA	0
0x00138ee8	0x0010c0d8	UNCONDITIONAL_CALL	0
0x00138ef0	0x00138f20	UNCONDITIONAL_JUMP	0
0x00138ef5	0x00139458	UNCONDITIONAL_CALL	0
0x00138f01	0x00139008	CONDITIONAL_JUMP	0
0x00138f11	0x00138f18	CONDITIONAL_JUMP	0
0x00138f16	0x00138f1d	UNCONDITIONAL_JUMP	0
0x00138f27	0x001de6b4	READ	1
0x00138f37	0xStack[-0x8]	READ	0
0x00138f3a	0x00138ef4	CONDITIONAL_JUMP	0
0x00138f46	0x001de6b4	READ	1
0x00138f4d	0x00138f9e	CONDITIONAL_JUMP	0
0x00138f56	0x00138f50	CONDITIONAL_JUMP	0
0x00138f58	0x00138f9e	UNCONDITIONAL_JUMP	0
0x00138f5c	0x001de6b4	READ	1
0x00138f64	0xStack[-0x8]	READ	1
0x00138f69	0x00138f6d	CONDITIONAL_JUMP	0
0x00138f6f	0xStack[0x8]	READ	1
0x00138f7a	0x0010a384	UNCONDITIONAL_CALL	0
0x00138f7f	0xStack[-0xc]	WRITE	0
0x00138f87	0x0013928a	CONDITIONAL_JUMP	0
0x00138f97	0xStack[-0x8]	READ_WRITE	0
0x00138f9e	0xStack[-0x8]	READ	0
0x00138fa2	0x00138f5c	CONDITIONAL_JUMP	0
0x00138fa7	0x00139abc	UNCONDITIONAL_CALL	0
0x00138fb8	0x00138fd2	CONDITIONAL_JUMP	0
0x00138fca	0x0010ab38	UNCONDITIONAL_CALL	0
0x00138fd7	0x00139011	CONDITIONAL_JUMP	0
0x00138fe4	0x0010d7e4	UNCONDITIONAL_CALL	0
0x00138fed	0x00166ea0	UNCONDITIONAL_CALL	0
0x00139003	0x00139011	UNCONDITIONAL_JUMP	0
0x00139008	0xStack[0x8]	READ	1
0x0013900e	0xStack[-0x8]	WRITE	0
0x00139011	0xStack[-0x8]	READ	0
0x00139015	0x00138dd4	CONDITIONAL_JUMP	0
0x0013901b	0x0013928a	UNCONDITIONAL_JUMP	0
0x00139022	0x001e8758	READ	1
0x0013902a	0x00109870	UNCONDITIONAL_CALL	0
0x0013902f	0xStack[-0xc]	WRITE	0
0x00139039	0x0013928a	UNCONDITIONAL_JUMP	0
0x00139040	0xStack[0x8]	READ	1
0x00139046	0xStack[-0x8]	WRITE	0
0x0013904b	0x0013928a	CONDITIONAL_JUMP	0
0x00139051	0x001390e5	UNCONDITIONAL_JUMP	0
0x00139060	0x0013928a	CONDITIONAL_JUMP	0
0x00139066	0xStack[0x8]	READ	1
0x0013906d	0x00139094	CONDITIONAL_JUMP	0
0x0013906f	0x001e8758	READ	1
0x00139076	0xStack[-0xc]	WRITE	0
0x00139081	0x0013928a	CONDITIONAL_JUMP	0
0x00139087	0xStack[-0xc]	WRITE	0
0x0013908e	0x0013928a	UNCONDITIONAL_JUMP	0
0x001390aa	0x001390bb	CONDITIONAL_JUMP	0
0x001390b3	0x0010ab38	UNCONDITIONAL_CALL	0
0x001390c4	0x001390d1	UNCONDITIONAL_JUMP	0
0x001390d1	0x0010a588	UNCONDITIONAL_CALL	0
0x001390df	0x001390c8	CONDITIONAL_JUMP	0
0x001390ea	0x00139058	CONDITIONAL_JUMP	0
0x00139105	0xStack[-0x14]	WRITE	0
0x0013910a	0x0013911c	CONDITIONAL_JUMP	0
0x0013910f	0x001dd5e7	DATA	0
0x00139114	0x0010c0d8	UNCONDITIONAL_CALL	0
0x00139123	0x001de6b4	READ	0
0x00139129	0x00139139	CONDITIONAL_JUMP	0
0x0013912c	0x001dd61c	DATA	0
0x00139131	0x0010c0d8	UNCONDITIONAL_CALL	0
0x00139149	0x001de6b4	READ	1
0x00139152	0x00139163	CONDITIONAL_JUMP	0
0x00139156	0x001dd63f	DATA	0
0x0013915b	0x0010c0d8	UNCONDITIONAL_CALL	0
0x0013916d	0xStack[-0x8]	READ	0
0x00139170	0x00139221	CONDITIONAL_JUMP	0
0x00139176	0xStack[-0x8]	WRITE	0
0x00139179	0x00139221	UNCONDITIONAL_JUMP	0
0x00139180	0x001de6b4	READ	1
0x00139188	0xStack[-0x8]	READ	1
0x0013918d	0x00139191	CONDITIONAL_JUMP	0
0x00139193	0xStack[0x8]	READ	1
0x0013919e	0x0010a384	UNCONDITIONAL_CALL	0
0x001391a3	0xStack[-0xc]	WRITE	0
0x001391ab	0x0013928a	CONDITIONAL_JUMP	0
0x001391c4	0xStack[-0x8]	READ_WRITE	0
0x001391ca	0x001de6b4	READ	0
0x001391d0	0x001391e6	CONDITIONAL_JUMP	0
0x001391d3	0x001dd66b	DATA	0
0x001391d8	0xStack[-0x10]	WRITE	0
0x001391db	0x0010c0d8	UNCONDITIONAL_CALL	0
0x001391e3	0xStack[-0x10]	READ	1
0x001391ed	0x001de6b4	READ	0
0x001391f3	0x00139221	CONDITIONAL_JUMP	0
0x00139200	0xStack[-0x10]	WRITE	0
0x00139203	0x00139560	UNCONDITIONAL_CALL	0
0x0013920d	0x001de6b4	READ	1
0x0013921e	0xStack[-0x10]	READ	1
0x00139221	0xStack[-0x8]	READ	0
0x00139225	0x00139180	CONDITIONAL_JUMP	0
0x0013922e	0x00139abc	UNCONDITIONAL_CALL	0
0x0013923f	0x00139259	CONDITIONAL_JUMP	0
0x00139251	0x0010ab38	UNCONDITIONAL_CALL	0
0x0013925e	0x0013928a	CONDITIONAL_JUMP	0
0x0013926b	0x0010d7e4	UNCONDITIONAL_CALL	0
0x00139274	0x00166ea0	UNCONDITIONAL_CALL	0
0x00139299	0x001392a7	CONDITIONAL_JUMP	0
0x001392a2	0x0010ab38	UNCONDITIONAL_CALL	0
0x001392a7	0xStack[0x8]	READ	1
0x001392b1	0xStack[-0xc]	READ	1
0x001392b4	0xStack[-0x20]	DATA	0
0x001392c9	0xStack[0x4]	READ	1
0x001392cc	0xStack[0x8]	READ	1
0x001392d8	0xStack[-0x8]	WRITE	0
0x001392db	0xStack[0xc]	READ	1
0x001392e1	0xStack[-0x8]	READ	1
0x001392eb	0x00139323	CONDITIONAL_JUMP	0
0x0013931a	0x001de6ac	READ	1
0x00139323	0xStack[-0x14]	DATA	0
0x00139334	0xStack[0x4]	READ	1
0x00139337	0xStack[0x8]	READ	1
0x00139340	0x00139354	CONDITIONAL_JUMP	0
0x00139342	0x0013934c	CONDITIONAL_JUMP	0
0x00139346	0x0013939c	CONDITIONAL_JUMP	0
0x00139348	0x001393c4	UNCONDITIONAL_JUMP	0
0x0013934f	0x00139370	CONDITIONAL_JUMP	0
0x00139351	0x001393c4	UNCONDITIONAL_JUMP	0
0x00139358	0x001393a6	CONDITIONAL_JUMP	0
0x0013935e	0x0010d740	UNCONDITIONAL_CALL	0
0x00139365	0x001393c4	CONDITIONAL_JUMP	0
0x0013936e	0x001393c4	UNCONDITIONAL_JUMP	0
0x00139370	0x001de6ac	READ	1
0x00139378	0x00139384	CONDITIONAL_JUMP	0
0x00139382	0x001393a6	CONDITIONAL_JUMP	0
0x00139388	0x0010d740	UNCONDITIONAL_CALL	0
0x0013938f	0x001393c4	CONDITIONAL_JUMP	0
0x00139398	0x001393c4	UNCONDITIONAL_JUMP	0
0x001393a4	0x001393b0	CONDITIONAL_JUMP	0
0x001393ab	0x001393c6	UNCONDITIONAL_JUMP	0
0x001393b4	0x0010d740	UNCONDITIONAL_CALL	0
0x001393bb	0x001393c4	CONDITIONAL_JUMP	0
0x001393c6	0xStack[-0x8]	READ	1
0x001393d6	0xStack[0x4]	READ	1
0x001393d9	0xStack[0x8]	READ	1
0x001393e0	0x00139894	UNCONDITIONAL_CALL	0
0x001393e7	0x0013a384	UNCONDITIONAL_CALL	0
0x001393f4	0x00139406	CONDITIONAL_JUMP	0
0x001393f7	0x0011df54	UNCONDITIONAL_CALL	0
0x0013940f	0x0015a824	UNCONDITIONAL_CALL	0
0x00139416	0xStack[-0x10]	DATA	0
0x00139423	0xStack[0x8]	READ	1
0x00139426	0xStack[0x4]	READ	0
0x00139447	0x001dd69c	DATA	0
0x0013944c	0x0010ca6c	UNCONDITIONAL_CALL	0
0x0013945f	0xStack[0x4]	READ	1
0x00139462	0x001ef294	READ	1
0x00139468	0x001de6b8	READ	0
0x0013946e	0x001394c0	CONDITIONAL_JUMP	0
0x0013947f	0x00139490	CONDITIONAL_JUMP	0
0x00139488	0x0010ab38	UNCONDITIONAL_CALL	0
0x00139492	0x001ef294	DATA	0
0x00139497	0x001394a5	UNCONDITIONAL_JUMP	0
0x001394a5	0x0010a588	UNCONDITIONAL_CALL	0
0x001394b3	0x0013949c	CONDITIONAL_JUMP	0
0x001394bb	0x001394e8	UNCONDITIONAL_JUMP	0
0x001394c0	0x001de6b4	READ	1
0x001394c7	0x001ef294	WRITE	0
0x001394ce	0xStack[-0x8]	DATA	0
0x001394d2	0x001e8de8	READ	1
0x001394d9	0x00173d1c	UNCONDITIONAL_CALL	0
0x001394e5	0xStack[-0x8]	READ	1
0x001394e8	0xStack[-0xc]	READ	1
0x001394f8	0xStack[0x4]	READ	1
0x00139500	0x0015a75c	UNCONDITIONAL_CALL	0
0x0013950d	0x00101600	UNCONDITIONAL_CALL	0
0x00139512	0x001dd4b4	DATA	1
0x0013951c	0x001e8758	READ	1
0x00139526	0xStack[-0x44]	DATA	0
0x00139530	0xStack[-0x24]	READ	1
0x00139533	0xStack[-0x20]	READ	1
0x0013953c	0xStack[-0x1c]	READ	1
0x0013953f	0xStack[-0x18]	READ	1
0x00139548	0xStack[-0x14]	READ	1
0x0013954b	0xStack[-0x10]	READ	1
0x00139556	0xStack[-0x4c]	DATA	0
0x00139564	0xStack[0x4]	READ	1
0x00139567	0xStack[0x8]	READ	1
0x00139574	0x00139584	CONDITIONAL_JUMP	0
0x0013957f	0x00139586	UNCONDITIONAL_JUMP	0
0x00139586	0x001de6b4	READ	1
0x0013958e	0x001e8de8	READ	1
0x00139595	0x00173e90	UNCONDITIONAL_CALL	0
0x0013959a	0x001de6b8	READ	1
0x001395a2	0x001ef294	READ	0
0x001395a8	0x001395b4	CONDITIONAL_JUMP	0
0x001395aa	0x001ef294	DATA	0
0x001395af	0x0010ab38	UNCONDITIONAL_CALL	0
0x001395b4	0x001de6b4	READ	1
0x001395ba	0x001ef294	READ_WRITE	0
0x001395c2	0xStack[-0x8]	READ	1
0x001395dd	0xStack[0x4]	READ	1
0x001395e4	0x00139648	UNCONDITIONAL_CALL	0
0x001395f4	0xStack[0x4]	READ	1
0x001395f7	0xStack[0x8]	READ	1
0x001395fb	0xStack[0x9]	READ	1
0x001395ff	0x001e2f34	READ	0
0x00139605	0x00139638	CONDITIONAL_JUMP	0
0x0013960a	0x001e2d04	DATA	1
0x00139613	0x00139638	CONDITIONAL_JUMP	0
0x0013961e	0x00139638	CONDITIONAL_JUMP	0
0x00139628	0x0013963f	CONDITIONAL_JUMP	0
0x00139631	0x0013963f	CONDITIONAL_JUMP	0
0x00139636	0x0013963f	UNCONDITIONAL_JUMP	0
0x0013963f	0xStack[-0x8]	READ	1
0x00139651	0xStack[0x4]	READ	1
0x00139654	0xStack[0x8]	READ	1
0x00139658	0xStack[0xc]	READ	1
0x00139661	0x00139a30	UNCONDITIONAL_CALL	0
0x0013966d	0x00139759	CONDITIONAL_JUMP	0
0x00139675	0x0013968c	CONDITIONAL_JUMP	0
0x0013967b	0x0013968c	CONDITIONAL_JUMP	0
0x0013967e	0x001394f0	UNCONDITIONAL_CALL	0
0x00139688	0x001396ed	UNCONDITIONAL_JUMP	0
0x0013968e	0x0015a75c	UNCONDITIONAL_CALL	0
0x00139698	0x00101600	UNCONDITIONAL_CALL	0
0x0013969d	0x001dd6d0	DATA	1
0x001396a9	0x001396ed	CONDITIONAL_JUMP	0
0x001396ae	0x001e8758	READ	1
0x001396b8	0xStack[-0x44]	DATA	0
0x001396c7	0x001396ed	CONDITIONAL_JUMP	0
0x001396c9	0xStack[-0x24]	READ	1
0x001396cc	0xStack[-0x20]	READ	1
0x001396d5	0xStack[-0x1c]	READ	1
0x001396d8	0xStack[-0x18]	READ	1
0x001396e1	0xStack[-0x14]	READ	1
0x001396e4	0xStack[-0x10]	READ	1
0x00139703	0x0013973c	CONDITIONAL_JUMP	0
0x00139719	0x00139750	CONDITIONAL_JUMP	0
0x00139723	0x00139648	UNCONDITIONAL_CALL	0
0x00139737	0x00139750	UNCONDITIONAL_JUMP	0
0x00139751	0x00139860	UNCONDITIONAL_CALL	0
0x00139762	0x001e2f34	READ	0
0x00139768	0x0013979c	CONDITIONAL_JUMP	0
0x0013976d	0x001e2d04	DATA	1
0x00139776	0x0013979c	CONDITIONAL_JUMP	0
0x00139781	0x0013979c	CONDITIONAL_JUMP	0
0x0013978b	0x001397a3	CONDITIONAL_JUMP	0
0x00139794	0x001397a3	CONDITIONAL_JUMP	0
0x00139799	0x001397a3	UNCONDITIONAL_JUMP	0
0x001397a6	0xStack[-0x50]	DATA	0
0x001397b6	0xStack[0x4]	READ	1
0x001397ba	0xStack[0x8]	READ	1
0x001397c4	0x00139a30	UNCONDITIONAL_CALL	0
0x001397d0	0x00139830	CONDITIONAL_JUMP	0
0x001397d4	0x0015a75c	UNCONDITIONAL_CALL	0
0x001397de	0x00101600	UNCONDITIONAL_CALL	0
0x001397e3	0x001dd6d0	DATA	1
0x001397ea	0xStack[0x8]	READ	1
0x001397f6	0x00139808	CONDITIONAL_JUMP	0
0x001397fd	0x00139648	UNCONDITIONAL_CALL	0
0x00139828	0x00139860	UNCONDITIONAL_CALL	0
0x0013982d	0x00139850	UNCONDITIONAL_JUMP	0
0x00139836	0x00139850	CONDITIONAL_JUMP	0
0x00139841	0x0010a588	UNCONDITIONAL_CALL	0
0x00139849	0x001397ba	UNCONDITIONAL_JUMP	0
0x00139853	0xStack[-0x10]	DATA	0
0x00139863	0xStack[0x4]	READ	1
0x00139873	0x001ef2a0	DATA	1
0x00139889	0x001ef2a0	DATA	0
0x00139899	0xStack[0x4]	READ	1
0x001398ab	0x001ef2a0	DATA	1
0x001398b4	0x001398e8	CONDITIONAL_JUMP	0
0x001398ba	0x001398e0	CONDITIONAL_JUMP	0
0x001398be	0x001398d8	CONDITIONAL_JUMP	0
0x001398cf	0x001ef2a0	DATA	0
0x001398d6	0x001398e8	UNCONDITIONAL_JUMP	0
0x001398dc	0x001398e8	UNCONDITIONAL_JUMP	0
0x001398e6	0x001398b8	CONDITIONAL_JUMP	0
0x001398e8	0xStack[-0xc]	DATA	0
0x001398f9	0xStack[0x8]	READ	1
0x001398fe	0xStack[0x4]	READ	1
0x00139902	0xStack[0x5]	READ	1
0x0013990e	0x001ef2a0	DATA	1
0x00139917	0x00139930	CONDITIONAL_JUMP	0
0x00139920	0x0013992a	CONDITIONAL_JUMP	0
0x00139925	0x0013992a	CONDITIONAL_JUMP	0
0x0013992e	0x0013991c	CONDITIONAL_JUMP	0
0x0013993a	0xStack[-0xc]	DATA	0
0x00139948	0xStack[0x8]	READ	1
0x0013994b	0xStack[0x4]	READ	1
0x0013994f	0xStack[0x5]	READ	1
0x0013995b	0x001ef2a0	DATA	1
0x00139964	0x00139986	CONDITIONAL_JUMP	0
0x0013996c	0x00139980	CONDITIONAL_JUMP	0
0x00139971	0x00139980	CONDITIONAL_JUMP	0
0x00139977	0x00139980	CONDITIONAL_JUMP	0
0x0013997e	0x00139988	UNCONDITIONAL_JUMP	0
0x00139984	0x00139968	CONDITIONAL_JUMP	0
0x00139988	0xStack[-0x8]	READ	1
0x00139995	0xStack[0x4]	READ	1
0x001399ab	0x001ef2a0	DATA	1
0x001399b4	0x001399da	CONDITIONAL_JUMP	0
0x001399bc	0x001399d4	CONDITIONAL_JUMP	0
0x001399c3	0x001399d4	CONDITIONAL_JUMP	0
0x001399cb	0x001399d4	CONDITIONAL_JUMP	0
0x001399cf	0x001399dc	UNCONDITIONAL_JUMP	0
0x001399d8	0x001399b8	CONDITIONAL_JUMP	0
0x001399dc	0xStack[-0xc]	DATA	0
0x001399ec	0xStack[0x4]	READ	1
0x001399ef	0xStack[0x8]	READ	1
0x001399f3	0xStack[0x9]	READ	1
0x001399ff	0x001ef2a0	DATA	1
0x00139a08	0x00139a26	CONDITIONAL_JUMP	0
0x00139a10	0x00139a20	CONDITIONAL_JUMP	0
0x00139a18	0x00139a20	CONDITIONAL_JUMP	0
0x00139a1e	0x00139a28	UNCONDITIONAL_JUMP	0
0x00139a24	0x00139a0c	CONDITIONAL_JUMP	0
0x00139a28	0xStack[-0x8]	READ	1
0x00139a39	0xStack[0x8]	READ	1
0x00139a3c	0xStack[0xc]	READ	1
0x00139a3f	0xStack[0x4]	READ	1
0x00139a43	0xStack[0x5]	READ	1
0x00139a4f	0x001ef2a0	DATA	1
0x00139a58	0x00139aae	CONDITIONAL_JUMP	0
0x00139a60	0x00139aa8	CONDITIONAL_JUMP	0
0x00139a65	0x00139aa8	CONDITIONAL_JUMP	0
0x00139a6c	0x00139a9c	CONDITIONAL_JUMP	0
0x00139a70	0x00139a96	CONDITIONAL_JUMP	0
0x00139a74	0x00139aa0	CONDITIONAL_JUMP	0
0x00139a78	0x00139a9c	CONDITIONAL_JUMP	0
0x00139a80	0x00139a96	CONDITIONAL_JUMP	0
0x00139a87	0xStack[-0x8]	WRITE	0
0x00139a8f	0xStack[-0x8]	READ	1
0x00139a94	0x00139aa0	CONDITIONAL_JUMP	0
0x00139a9a	0x00139aa8	CONDITIONAL_JUMP	0
0x00139a9e	0x00139aa8	CONDITIONAL_JUMP	0
0x00139aa6	0x00139ab0	UNCONDITIONAL_JUMP	0
0x00139aac	0x00139a5c	CONDITIONAL_JUMP	0
0x00139ab0	0xStack[-0x14]	DATA	0
0x00139ac4	0xStack[0x4]	READ	1
0x00139ac7	0xStack[0x8]	READ	1
0x00139aca	0xStack[-0xc]	DATA	0
0x00139ace	0x00160844	UNCONDITIONAL_CALL	0
0x00139ada	0x00139ae8	CONDITIONAL_JUMP	0
0x00139adc	0xStack[-0xc]	READ	1
0x00139adf	0xStack[-0x8]	READ	1
0x00139aeb	0x00139af9	CONDITIONAL_JUMP	0
0x00139aed	0xStack[-0xc]	READ	1
0x00139af0	0xStack[-0x8]	READ	1
0x00139afc	0x00139b0a	CONDITIONAL_JUMP	0
0x00139afe	0xStack[-0xc]	READ	1
0x00139b01	0xStack[-0x8]	READ	1
0x00139b0a	0xStack[-0x14]	DATA	0
0x00139b17	0x001dd6c4	DATA	0
0x00139b1c	0x0010ca6c	UNCONDITIONAL_CALL	0
0x00139b2d	0x001e5a30	READ	0
0x00139b34	0x00139b8f	CONDITIONAL_JUMP	0
0x00139b36	0x001e5a30	WRITE	0
0x00139b40	0x001ef2a0	DATA	1
0x00139b45	0x001ef2e0	DATA	1
0x00139b4b	0x00139b85	CONDITIONAL_JUMP	0
0x00139b50	0x001ef2a0	READ	1
0x00139b50	0x001ef2a4	READ	1
0x00139b54	0x00139b7a	CONDITIONAL_JUMP	0
0x00139b5f	0x00139b74	CONDITIONAL_JUMP	0
0x00139b65	0x00139b74	CONDITIONAL_JUMP	0
0x00139b6c	0x0011adc8	UNCONDITIONAL_CALL	0
0x00139b78	0x00139b58	CONDITIONAL_JUMP	0
0x00139b7d	0x001ef2e0	DATA	1
0x00139b83	0x00139b50	CONDITIONAL_JUMP	0
0x00139b85	0x001e5a30	WRITE	0
0x00139b91	0xStack[-0xc]	DATA	0
0x00139bb1	0xStack[0x4]	READ	1
0x00139bc6	0x00139d0c	CONDITIONAL_JUMP	0
0x00139bcc	0x00139cc0	COMPUTED_JUMP	-1
0x00139bcc	0x00139bf0	COMPUTED_JUMP	-1
0x00139bcc	0x00139d0c	COMPUTED_JUMP	-1
0x00139bcc	0x00139cb6	COMPUTED_JUMP	-1
0x00139bcc	0x00139cac	COMPUTED_JUMP	-1
0x00139bcc	0x00139bd4	DATA	0
0x00139bd4	0x00139cc0	DATA	0
0x00139bd8	0x00139bf0	DATA	0
0x00139bdc	0x00139d0c	DATA	0
0x00139be0	0x00139cb6	DATA	0
0x00139be4	0x00139d0c	DATA	0
0x00139be8	0x00139cac	DATA	0
0x00139bec	0x00139bf0	DATA	0
0x00139bf0	0xStack[-0x6]	WRITE	0
0x00139bf4	0xStack[-0x6]	READ	1
0x00139bf8	0xStack[-0x5]	READ	1
0x00139bfc	0x001e369c	READ	0
0x00139c02	0x00139d04	CONDITIONAL_JUMP	0
0x00139c0b	0xStack[-0x10]	WRITE	0
0x00139c10	0xStack[0x4]	READ	1
0x00139c19	0xStack[-0x10]	READ	1
0x00139c1d	0x00139944	UNCONDITIONAL_CALL	0
0x00139c27	0x00139c38	CONDITIONAL_JUMP	0
0x00139c2c	0x0010a588	UNCONDITIONAL_CALL	0
0x00139c34	0x00139c10	UNCONDITIONAL_JUMP	0
0x00139c45	0xStack[-0x6]	DATA	0
0x00139c49	0xStack[0x8]	READ	1
0x00139c4d	0xStack[-0x10]	READ	1
0x00139c51	0x001e2f38	DATA	1
0x00139c5d	0xStack[-0x6]	READ	0
0x00139c61	0x00139d0e	CONDITIONAL_JUMP	0
0x00139c69	0x00139c79	CONDITIONAL_JUMP	0
0x00139c6e	0x00139c79	CONDITIONAL_JUMP	0
0x00139c73	0x00139d0e	CONDITIONAL_JUMP	0
0x00139c7b	0xStack[-0x6]	READ	1
0x00139c80	0xStack[0x4]	READ	1
0x00139c86	0x00139648	UNCONDITIONAL_CALL	0
0x00139c8e	0xStack[0x4]	READ	1
0x00139c94	0xStack[-0xc]	WRITE	0
0x00139c97	0x0011df54	UNCONDITIONAL_CALL	0
0x00139c9c	0xStack[-0xc]	READ	1
0x00139c9f	0xStack[0x4]	READ	1
0x00139ca7	0x00139bf4	UNCONDITIONAL_JUMP	0
0x00139cac	0x001dd75c	DATA	0
0x00139cb1	0x0010c0d8	UNCONDITIONAL_CALL	0
0x00139cbb	0x00139d15	UNCONDITIONAL_JUMP	0
0x00139cc7	0x001e2f34	READ	0
0x00139ccd	0x00139cd8	CONDITIONAL_JUMP	0
0x00139cd4	0x00139d15	UNCONDITIONAL_JUMP	0
0x00139cdb	0xStack[0x8]	READ	1
0x00139ce3	0x001e2cf4	DATA	1
0x00139cf1	0x00139d15	CONDITIONAL_JUMP	0
0x00139cf5	0xStack[-0xc]	WRITE	0
0x00139cf8	0x001395f0	UNCONDITIONAL_CALL	0
0x00139cfd	0xStack[-0xc]	READ	1
0x00139d00	0x00139d0e	UNCONDITIONAL_JUMP	0
0x00139d09	0x00139d15	UNCONDITIONAL_JUMP	0
0x00139d10	0x00139d15	CONDITIONAL_JUMP	0
0x00139d15	0xStack[-0x1c]	DATA	0
0x00139d28	0xStack[0xc]	READ	0
0x00139d2c	0x00139d7e	CONDITIONAL_JUMP	0
0x00139d2e	0x001e875c	READ	1
0x00139d37	0x00186f88	UNCONDITIONAL_CALL	0
0x00139d41	0x00139d60	CONDITIONAL_JUMP	0
0x00139d43	0xStack[0x4]	READ	1
0x00139d4e	0x0010ab38	UNCONDITIONAL_CALL	0
0x00139d58	0x00139e0c	UNCONDITIONAL_JUMP	0
0x00139d60	0xStack[0x4]	READ	1
0x00139d72	0x001398f4	UNCONDITIONAL_CALL	0
0x00139d7c	0x00139d88	CONDITIONAL_JUMP	0
0x00139d80	0x00139e0c	UNCONDITIONAL_JUMP	0
0x00139d8c	0xStack[-0x6]	WRITE	0
0x00139d90	0xStack[0x4]	READ	1
0x00139d99	0x00139dac	CONDITIONAL_JUMP	0
0x00139d9b	0x00139da4	CONDITIONAL_JUMP	0
0x00139da0	0x00139dcc	CONDITIONAL_JUMP	0
0x00139da2	0x00139e0a	UNCONDITIONAL_JUMP	0
0x00139da7	0x00139e00	CONDITIONAL_JUMP	0
0x00139da9	0x00139e0a	UNCONDITIONAL_JUMP	0
0x00139db9	0xStack[0x8]	READ	1
0x00139dc1	0x001e2f3c	DATA	1
0x00139dca	0x00139e0a	UNCONDITIONAL_JUMP	0
0x00139dd4	0x0011adc8	UNCONDITIONAL_CALL	0
0x00139ddd	0x0011b1e8	UNCONDITIONAL_CALL	0
0x00139de2	0xStack[-0x5]	READ	1
0x00139de9	0xStack[0x8]	READ	1
0x00139ded	0xStack[-0x6]	READ	1
0x00139df2	0x001e2cf8	DATA	1
0x00139dfb	0x00139e0a	UNCONDITIONAL_JUMP	0
0x00139e00	0x001dd777	DATA	0
0x00139e05	0x0010c0d8	UNCONDITIONAL_CALL	0
0x00139e0c	0xStack[-0x10]	DATA	0
0x00139e21	0xStack[0x4]	READ	1
0x00139e27	0xStack[-0x8]	WRITE	0
0x00139e2e	0xStack[0xc]	READ	0
0x00139e32	0x00139e41	CONDITIONAL_JUMP	0
0x00139e34	0x001dd793	DATA	0
0x00139e39	0x0010ca6c	UNCONDITIONAL_CALL	0
0x00139e41	0xStack[0xc]	READ	0
0x00139e45	0x00139e62	CONDITIONAL_JUMP	0
0x00139e47	0xStack[0x8]	READ	1
0x00139e4e	0x00139ee5	CONDITIONAL_JUMP	0
0x00139e56	0xStack[-0x8]	READ	1
0x00139e5a	0x00139abc	UNCONDITIONAL_CALL	0
0x00139e68	0x00139ecc	CONDITIONAL_JUMP	0
0x00139e6a	0xStack[0xc]	READ	0
0x00139e6e	0x00139e94	CONDITIONAL_JUMP	0
0x00139e7d	0xStack[-0x14]	WRITE	0
0x00139e80	0xStack[0x8]	READ	1
0x00139e88	0xStack[-0x14]	READ	1
0x00139e8b	0x001e2f40	DATA	1
0x00139e92	0x00139ec1	UNCONDITIONAL_JUMP	0
0x00139e96	0xStack[-0x8]	READ	1
0x00139e9a	0x00139abc	UNCONDITIONAL_CALL	0
0x00139eac	0xStack[-0x14]	WRITE	0
0x00139eaf	0xStack[0x8]	READ	1
0x00139eb7	0xStack[-0x14]	READ	1
0x00139eba	0x001e2f44	DATA	1
0x00139ec5	0x0013a09c	UNCONDITIONAL_JUMP	0
0x00139ecf	0x00139edc	CONDITIONAL_JUMP	0
0x00139ed6	0x0013a09e	UNCONDITIONAL_JUMP	0
0x00139edc	0xStack[0x8]	READ	1
0x00139ee3	0x00139efc	CONDITIONAL_JUMP	0
0x00139ee7	0x0013a09e	UNCONDITIONAL_JUMP	0
0x00139ef2	0x0011a288	UNCONDITIONAL_CALL	0
0x00139ef7	0x0013a09c	UNCONDITIONAL_JUMP	0
0x00139efc	0xStack[-0x8]	READ	1
0x00139f02	0xStack[-0xc]	WRITE	0
0x00139f08	0xStack[0x8]	READ	1
0x00139f17	0xStack[-0x10]	WRITE	0
0x00139f23	0xStack[0x8]	READ	1
0x00139f2b	0x00139f2f	CONDITIONAL_JUMP	0
0x00139f34	0xStack[-0x8]	READ	1
0x00139f43	0xStack[-0x18]	WRITE	0
0x00139f46	0x001ef2e0	WRITE	0
0x00139f4b	0x001ef2e4	WRITE	0
0x00139f55	0xStack[0xc]	READ	0
0x00139f59	0x00139fcc	CONDITIONAL_JUMP	0
0x00139f5d	0x00139f84	CONDITIONAL_JUMP	0
0x00139f64	0x0011a558	UNCONDITIONAL_CALL	0
0x00139f73	0x00101618	UNCONDITIONAL_CALL	0
0x00139f7f	0x00139fc1	UNCONDITIONAL_JUMP	0
0x00139f84	0xStack[-0x8]	READ	1
0x00139f8d	0x00139fb0	CONDITIONAL_JUMP	0
0x00139f94	0xStack[-0x18]	READ	1
0x00139f9e	0xStack[-0xc]	READ	1
0x00139fa2	0x00119c10	UNCONDITIONAL_CALL	0
0x00139fac	0x00139fc4	UNCONDITIONAL_JUMP	0
0x00139fb6	0xStack[-0xc]	READ	1
0x00139fba	0x00119b8c	UNCONDITIONAL_CALL	0
0x00139fc4	0xStack[-0x8]	READ	1
0x00139fca	0x00139ff8	UNCONDITIONAL_JUMP	0
0x00139fd2	0x00139fe4	CONDITIONAL_JUMP	0
0x00139fd6	0xStack[-0xc]	READ	1
0x00139fda	0x0011a3e8	UNCONDITIONAL_CALL	0
0x00139fdf	0x00139ff3	UNCONDITIONAL_JUMP	0
0x00139fea	0xStack[-0xc]	READ	1
0x00139fee	0x00119b8c	UNCONDITIONAL_CALL	0
0x0013a000	0x0013a004	CONDITIONAL_JUMP	0
0x0013a007	0x00139eec	CONDITIONAL_JUMP	0
0x0013a00d	0xStack[0x8]	READ	1
0x0013a011	0xStack[0xc]	READ	1
0x0013a016	0xStack[-0x10]	READ	1
0x0013a01d	0x0010a384	UNCONDITIONAL_CALL	0
0x0013a027	0xStack[0xc]	READ	0
0x0013a02b	0x0013a048	CONDITIONAL_JUMP	0
0x0013a02d	0xStack[-0x10]	READ	1
0x0013a037	0x0013a03c	CONDITIONAL_JUMP	0
0x0013a03d	0x0011a288	UNCONDITIONAL_CALL	0
0x0013a045	0x0013a087	UNCONDITIONAL_JUMP	0
0x0013a048	0xStack[0x10]	READ	0
0x0013a04c	0x0013a058	CONDITIONAL_JUMP	0
0x0013a04f	0x0011a168	UNCONDITIONAL_CALL	0
0x0013a054	0x0013a076	UNCONDITIONAL_JUMP	0
0x0013a058	0xStack[-0x10]	READ	1
0x0013a062	0x0013a070	CONDITIONAL_JUMP	0
0x0013a068	0x0011a208	UNCONDITIONAL_CALL	0
0x0013a06d	0x0013a076	UNCONDITIONAL_JUMP	0
0x0013a071	0x0011a1e0	UNCONDITIONAL_CALL	0
0x0013a07b	0xStack[-0x8]	READ	1
0x0013a07f	0x00139abc	UNCONDITIONAL_CALL	0
0x0013a089	0x0013a09c	CONDITIONAL_JUMP	0
0x0013a08b	0xStack[0x8]	READ	1
0x0013a092	0x0013a09c	CONDITIONAL_JUMP	0
0x0013a096	0x00139f08	CONDITIONAL_JUMP	0
0x0013a09e	0xStack[-0x24]	DATA	0
0x0013a0ac	0xStack[0x4]	READ	1
0x0013a0b6	0x0013a0c5	CONDITIONAL_JUMP	0
0x0013a0b8	0x001dd79d	DATA	0
0x0013a0bd	0x0010ca6c	UNCONDITIONAL_CALL	0
0x0013a0cf	0xStack[0x10]	READ	1
0x0013a0d3	0xStack[0xc]	READ	1
0x0013a0d7	0xStack[0x8]	READ	1
0x0013a0e0	0x001e2f48	DATA	1
0x0013a0e9	0xStack[-0x8]	READ	1
0x0013a0f4	0xStack[0x4]	READ	1
0x0013a0fe	0x0013a10d	CONDITIONAL_JUMP	0
0x0013a100	0x001dd7a8	DATA	0
0x0013a105	0x0010ca6c	UNCONDITIONAL_CALL	0
0x0013a117	0xStack[0x8]	READ	1
0x0013a120	0x001e2f54	DATA	1
0x0013a129	0xStack[-0x8]	READ	1
0x0013a136	0xStack[0x4]	READ	1
0x0013a139	0x001e8758	READ	1
0x0013a145	0x00107898	UNCONDITIONAL_CALL	0
0x0013a154	0x00139894	UNCONDITIONAL_CALL	0
0x0013a160	0x0013a196	CONDITIONAL_JUMP	0
0x0013a162	0xStack[0x8]	READ	1
0x0013a167	0x0013a384	UNCONDITIONAL_CALL	0
0x0013a174	0x0013a196	CONDITIONAL_JUMP	0
0x0013a177	0x0011df54	UNCONDITIONAL_CALL	0
0x0013a18b	0x0013a196	CONDITIONAL_JUMP	0
0x0013a18e	0x0011df54	UNCONDITIONAL_CALL	0
0x0013a19d	0x0015a824	UNCONDITIONAL_CALL	0
0x0013a1a4	0xStack[-0x10]	DATA	0
0x0013a1b9	0xStack[0x4]	READ	1
0x0013a1bc	0xStack[0x8]	READ	1
0x0013a1c7	0x0013a20c	CONDITIONAL_JUMP	0
0x0013a1c9	0xStack[-0xc]	DATA	0
0x0013a1cd	0x0010ac84	UNCONDITIONAL_CALL	0
0x0013a1d5	0x00101600	UNCONDITIONAL_CALL	0
0x0013a1e0	0xStack[-0xc]	READ	1
0x0013a1e3	0xStack[-0x8]	READ	1
0x0013a1ec	0xStack[-0xc]	READ	1
0x0013a1ef	0xStack[-0x8]	READ	1
0x0013a1f8	0xStack[-0xc]	READ	1
0x0013a1fb	0xStack[-0x8]	READ	1
0x0013a20a	0x0013a247	UNCONDITIONAL_JUMP	0
0x0013a20f	0xStack[0xc]	READ	1
0x0013a21f	0x0013a271	CONDITIONAL_JUMP	0
0x0013a24a	0x0013a254	CONDITIONAL_JUMP	0
0x0013a24f	0x0013a268	CONDITIONAL_JUMP	0
0x0013a251	0x0013a26f	UNCONDITIONAL_JUMP	0
0x0013a263	0x0013a26f	UNCONDITIONAL_JUMP	0
0x0013a271	0xStack[-0x18]	DATA	0
0x0013a285	0xStack[0x4]	READ	1
0x0013a292	0x0013a298	CONDITIONAL_JUMP	0
0x0013a296	0x0013a2bc	UNCONDITIONAL_JUMP	0
0x0013a298	0xStack[0x8]	READ	1
0x0013a2a5	0xStack[0xc]	READ	1
0x0013a2a9	0xStack[0x8]	READ	1
0x0013a2ba	0x0013a301	CONDITIONAL_JUMP	0
0x0013a2bc	0xStack[0x8]	READ	1
0x0013a2c3	0x0013a2d2	CONDITIONAL_JUMP	0
0x0013a2d2	0xStack[0x8]	READ	1
0x0013a2d9	0x0013a2e8	CONDITIONAL_JUMP	0
0x0013a2ea	0x0013a301	CONDITIONAL_JUMP	0
0x0013a2ec	0xStack[-0xc]	DATA	0
0x0013a2f0	0x0010ac84	UNCONDITIONAL_CALL	0
0x0013a2f5	0xStack[-0xc]	READ	1
0x0013a2f8	0xStack[-0x8]	READ	1
0x0013a303	0xStack[-0x18]	DATA	0
0x0013a313	0xStack[0x4]	READ	1
0x0013a31e	0x0013a338	CONDITIONAL_JUMP	0
0x0013a323	0xStack[0xc]	READ	1
0x0013a327	0xStack[0x8]	READ	1
0x0013a344	0xStack[0x4]	READ	1
0x0013a347	0xStack[0x8]	READ	1
0x0013a352	0x0013a368	CONDITIONAL_JUMP	0
0x0013a357	0xStack[0x10]	READ	1
0x0013a35b	0xStack[0xc]	READ	1
0x0013a366	0x0013a36d	UNCONDITIONAL_JUMP	0
0x0013a36d	0xStack[-0x8]	READ	1
0x0013a377	0xStack[0x4]	READ	1
0x0013a38d	0xStack[0x4]	READ	1
0x0013a397	0x0013a39f	CONDITIONAL_JUMP	0
0x0013a39d	0x0013a3a9	CONDITIONAL_JUMP	0
0x0013a3a2	0xStack[-0x8]	WRITE	0
0x0013a3a7	0x0013a3b0	CONDITIONAL_JUMP	0
0x0013a3ab	0x0013a481	UNCONDITIONAL_JUMP	0
0x0013a3b2	0x0015a75c	UNCONDITIONAL_CALL	0
0x0013a3bf	0xStack[0x8]	READ	1
0x0013a3cf	0x0013a464	CONDITIONAL_JUMP	0
0x0013a3d7	0x0015a75c	UNCONDITIONAL_CALL	0
0x0013a3dc	0xStack[-0xc]	WRITE	0
0x0013a3e0	0x0011ea88	UNCONDITIONAL_CALL	0
0x0013a3f0	0x0013a3fc	CONDITIONAL_JUMP	0
0x0013a3f2	0x0013a404	CONDITIONAL_JUMP	0
0x0013a3fa	0x0013a404	CONDITIONAL_JUMP	0
0x0013a402	0x0013a40a	UNCONDITIONAL_JUMP	0
0x0013a40a	0xStack[-0xc]	READ	1
0x0013a41b	0x0013a427	CONDITIONAL_JUMP	0
0x0013a41d	0x0013a430	CONDITIONAL_JUMP	0
0x0013a425	0x0013a430	CONDITIONAL_JUMP	0
0x0013a42d	0x0013a436	UNCONDITIONAL_JUMP	0
0x0013a436	0xStack[-0xc]	READ	1
0x0013a43f	0xStack[-0x8]	READ	1
0x0013a445	0xStack[0x8]	READ	1
0x0013a449	0xStack[-0xc]	READ	1
0x0013a44d	0xStack[-0x8]	READ	1
0x0013a458	0xStack[-0xc]	READ	1
0x0013a45c	0x0015a824	UNCONDITIONAL_CALL	0
0x0013a467	0x0015a824	UNCONDITIONAL_CALL	0
0x0013a46c	0xStack[-0x8]	READ	1
0x0013a472	0xStack[0x8]	READ	1
0x0013a476	0xStack[-0x8]	READ	1
0x0013a481	0xStack[-0x18]	DATA	0
0x0013a48f	0xStack[0x4]	READ	1
0x0013a499	0xStack[0x10]	READ	1
0x0013a49d	0xStack[0xc]	READ	1
0x0013a4a1	0xStack[0x8]	READ	1
0x0013a4aa	0x001e2d00	DATA	1
0x0013a4d3	0xStack[0x4]	READ	1
0x0013a4de	0x0013a4f4	CONDITIONAL_JUMP	0
0x0013a4e3	0xStack[0x8]	READ	1
0x0013a503	0xStack[0x8]	READ	1
0x0013a506	0xStack[0x4]	READ	0
0x0013a520	0xStack[0x4]	READ	1
0x0013a523	0xStack[0x8]	READ	1
0x0013a528	0x0013a559	CONDITIONAL_JUMP	0
0x0013a52d	0x001dd6d0	DATA	1
0x0013a532	0x0013a53b	CONDITIONAL_JUMP	0
0x0013a534	0x001dd4b4	DATA	1
0x0013a539	0x0013a541	CONDITIONAL_JUMP	0
0x0013a543	0x0013a559	CONDITIONAL_JUMP	0
0x0013a548	0xStack[-0x8]	DATA	0
0x0013a554	0x0013a559	CONDITIONAL_JUMP	0
0x0013a556	0xStack[-0x8]	READ	1
0x0013a55d	0xStack[-0x10]	DATA	0
0x0013a56b	0xStack[0x4]	READ	1
0x0013a579	0x001e2cfc	DATA	1
0x0013a58f	0xStack[0x10]	READ	1
0x0013a592	0xStack[0x14]	READ	1
0x0013a595	0xStack[-0x8]	WRITE	0
0x0013a598	0x001ef2f0	READ	0
0x0013a5a2	0x0013a5ae	CONDITIONAL_JUMP	0
0x0013a5a4	0x001ef2f0	WRITE	0
0x0013a5ae	0x001ef2f0	READ	1
0x0013a5ba	0x001ef300	DATA	1
0x0013a5bf	0xStack[0x8]	READ	1
0x0013a5c2	0x001ef300	WRITE	0
0x0013a5c8	0xStack[0xc]	READ	1
0x0013a5cb	0x001ef304	WRITE	0
0x0013a5d1	0xStack[-0xc]	WRITE	0
0x0013a5d4	0x001ef308	READ	1
0x0013a5da	0xStack[-0xc]	READ	1
0x0013a5dd	0x001ef308	WRITE	0
0x0013a5e1	0x001ef2f0	READ	1
0x0013a5ed	0xStack[-0x8]	READ	1
0x0013a5f3	0x001ef308	READ	1
0x0013a5fb	0x001ef308	WRITE	0
0x0013a5ff	0x001ef2f0	READ	1
0x0013a607	0xStack[0x4]	READ	1
0x0013a60a	0x001ef309	WRITE	0
0x0013a60e	0x001ef2f0	READ_WRITE	0
0x0013a614	0xStack[-0x10]	READ	1
0x0013a625	0xStack[0x8]	READ	1
0x0013a62a	0x001e0d0c	READ	0
0x0013a630	0xStack[-0xc]	WRITE	0
0x0013a633	0xStack[0xc]	READ	1
0x0013a636	0xStack[0x4]	READ	1
0x0013a63d	0xStack[-0x10]	WRITE	0
0x0013a643	0xStack[-0xc]	READ	1
0x0013a64a	0xStack[-0x14]	WRITE	0
0x0013a64f	0x0013a670	CONDITIONAL_JUMP	0
0x0013a654	0xStack[-0xc]	READ	1
0x0013a65b	0xStack[0x4]	READ	1
0x0013a661	0x0013a6b4	CONDITIONAL_JUMP	0
0x0013a667	0x001e5a70	WRITE	0
0x0013a66d	0x0013a6b4	UNCONDITIONAL_JUMP	0
0x0013a670	0xStack[-0xc]	READ	1
0x0013a67c	0xStack[-0x20]	WRITE	0
0x0013a67f	0xStack[-0x14]	READ	1
0x0013a685	0xStack[-0x14]	READ	1
0x0013a68e	0xStack[0x4]	READ	1
0x0013a694	0xStack[-0x28]	WRITE	0
0x0013a6a5	0xStack[-0x18]	WRITE	0
0x0013a6a8	0xStack[-0x18]	READ	1
0x0013a6ab	0xStack[-0x28]	READ	1
0x0013a6ae	0xStack[-0x20]	READ	1
0x0013a6b4	0xStack[0x4]	READ	1
0x0013a6ba	0x001e0d0c	READ	1
0x0013a6c8	0xStack[0x4]	READ	1
0x0013a6d0	0x0013a6e1	CONDITIONAL_JUMP	0
0x0013a6df	0x0013a738	CONDITIONAL_JUMP	0
0x0013a6e1	0xStack[0x4]	READ	1
0x0013a6e9	0xStack[-0x1c]	WRITE	0
0x0013a6ee	0x0013a758	CONDITIONAL_JUMP	0
0x0013a6f5	0xStack[-0x10]	READ	1
0x0013a6fd	0xStack[-0x20]	WRITE	0
0x0013a70b	0xStack[-0x20]	READ	0
0x0013a70e	0x0013a758	CONDITIONAL_JUMP	0
0x0013a710	0xStack[-0x1c]	READ	1
0x0013a718	0x0013a728	CONDITIONAL_JUMP	0
0x0013a71a	0xStack[-0x1c]	READ_WRITE	0
0x0013a71d	0xStack[-0x20]	READ_WRITE	0
0x0013a720	0xStack[-0x20]	READ	0
0x0013a723	0x0013a710	CONDITIONAL_JUMP	0
0x0013a725	0x0013a758	UNCONDITIONAL_JUMP	0
0x0013a72a	0xStack[-0x20]	READ	1
0x0013a733	0xStack[-0x20]	READ	1
0x0013a736	0x0013a73d	UNCONDITIONAL_JUMP	0
0x0013a73f	0x0013a758	CONDITIONAL_JUMP	0
0x0013a741	0xStack[0x4]	READ	1
0x0013a747	0xStack[-0x8]	WRITE	0
0x0013a74a	0x001e5a64	READ_WRITE	0
0x0013a750	0x0013a7f8	UNCONDITIONAL_JUMP	0
0x0013a75f	0xStack[0x4]	READ	1
0x0013a765	0x0013a7e5	CONDITIONAL_JUMP	0
0x0013a768	0xStack[0x4]	READ	1
0x0013a774	0x0013a7dc	CONDITIONAL_JUMP	0
0x0013a776	0xStack[-0x8]	WRITE	0
0x0013a779	0xStack[0x4]	READ	1
0x0013a783	0xStack[-0x1c]	WRITE	0
0x0013a788	0x0013a7a0	CONDITIONAL_JUMP	0
0x0013a78a	0x0013a7e5	UNCONDITIONAL_JUMP	0
0x0013a78c	0xStack[-0x18]	READ	1
0x0013a78f	0xStack[-0x20]	READ	1
0x0013a798	0xStack[-0x20]	READ	1
0x0013a79b	0x0013a7ea	UNCONDITIONAL_JUMP	0
0x0013a7a5	0xStack[-0x10]	READ	1
0x0013a7ad	0xStack[-0x20]	WRITE	0
0x0013a7bb	0xStack[-0x20]	READ	0
0x0013a7be	0x0013a7e5	CONDITIONAL_JUMP	0
0x0013a7c0	0xStack[-0x1c]	READ	1
0x0013a7c6	0xStack[-0x18]	WRITE	0
0x0013a7cb	0x0013a78c	CONDITIONAL_JUMP	0
0x0013a7cd	0xStack[-0x1c]	READ_WRITE	0
0x0013a7d0	0xStack[-0x20]	READ_WRITE	0
0x0013a7d3	0xStack[-0x20]	READ	0
0x0013a7d6	0x0013a7c0	CONDITIONAL_JUMP	0
0x0013a7d8	0x0013a7e5	UNCONDITIONAL_JUMP	0
0x0013a7dd	0xStack[0x4]	READ	1
0x0013a7e3	0x0013a768	CONDITIONAL_JUMP	0
0x0013a7ec	0x0013a8a8	CONDITIONAL_JUMP	0
0x0013a7f2	0x001e5a68	READ_WRITE	0
0x0013a7fa	0x0013a8a8	CONDITIONAL_JUMP	0
0x0013a800	0xStack[0x4]	READ	1
0x0013a806	0xStack[-0x8]	READ	1
0x0013a80f	0xStack[-0xc]	READ	1
0x0013a81c	0xStack[-0xc]	READ	1
0x0013a822	0xStack[0x4]	READ	1
0x0013a836	0xStack[-0xc]	READ	1
0x0013a83d	0xStack[0x4]	READ	1
0x0013a843	0xStack[-0x10]	READ	1
0x0013a851	0xStack[-0xc]	READ	1
0x0013a858	0xStack[-0x8]	READ	1
0x0013a85b	0x001e0d0c	READ	1
0x0013a862	0xStack[0x10]	READ	1
0x0013a867	0xStack[0x4]	READ	1
0x0013a86d	0xStack[0x14]	READ	1
0x0013a872	0x001e0d0c	READ	1
0x0013a87a	0xStack[0x4]	READ	1
0x0013a883	0xStack[-0x10]	READ	0
0x0013a886	0x0013a88e	CONDITIONAL_JUMP	0
0x0013a888	0xStack[-0x8]	READ	1
0x0013a88e	0xStack[-0x8]	READ	1
0x0013a891	0x001e5a6c	READ	0
0x0013a897	0x0013a89f	CONDITIONAL_JUMP	0
0x0013a899	0x001e5a6c	WRITE	0
0x0013a8a4	0x0013a8aa	UNCONDITIONAL_JUMP	0
0x0013a8aa	0xStack[-0x44]	DATA	0
0x0013a8bd	0xStack[0x4]	READ	1
0x0013a8c0	0xStack[-0x8]	WRITE	0
0x0013a8c3	0xStack[0x8]	READ	1
0x0013a8ce	0xStack[-0xc]	WRITE	0
0x0013a8d1	0xStack[0xc]	READ	1
0x0013a8d7	0xStack[-0x10]	WRITE	0
0x0013a8dd	0xStack[0xc]	READ	1
0x0013a8e6	0xStack[-0x14]	WRITE	0
0x0013a8ef	0xStack[-0xc]	READ	0
0x0013a8f2	0x0013a944	CONDITIONAL_JUMP	0
0x0013a8f4	0xStack[-0x18]	WRITE	0
0x0013a8fc	0xStack[-0xc]	READ	0
0x0013a8ff	0x0013a936	CONDITIONAL_JUMP	0
0x0013a903	0xStack[-0x8]	READ	1
0x0013a908	0xStack[-0x14]	READ	0
0x0013a90b	0x0013a928	CONDITIONAL_JUMP	0
0x0013a910	0xStack[-0x14]	WRITE	0
0x0013a91a	0xStack[0xc]	READ	1
0x0013a91d	0xStack[0x8]	READ	0
0x0013a920	0x0013a928	CONDITIONAL_JUMP	0
0x0013a922	0xStack[0x8]	READ	1
0x0013a925	0x0013a950	UNCONDITIONAL_JUMP	0
0x0013a928	0xStack[-0x8]	READ_WRITE	0
0x0013a92c	0xStack[-0x18]	READ_WRITE	0
0x0013a930	0xStack[-0x18]	READ	0
0x0013a934	0x0013a8fc	CONDITIONAL_JUMP	0
0x0013a936	0xStack[-0x10]	READ	1
0x0013a93c	0xStack[-0x10]	WRITE	0
0x0013a93f	0xStack[-0xc]	READ	0
0x0013a942	0x0013a8f4	CONDITIONAL_JUMP	0
0x0013a944	0xStack[0x8]	READ	1
0x0013a947	0xStack[0xc]	READ	1
0x0013a950	0xStack[-0x24]	DATA	0
0x0013a965	0xStack[0x4]	READ	1
0x0013a968	0xStack[0x10]	READ	1
0x0013a973	0xStack[-0x8]	WRITE	0
0x0013a979	0xStack[-0xc]	WRITE	0
0x0013a983	0xStack[0xc]	READ	1
0x0013a986	0xStack[-0x10]	WRITE	0
0x0013a98f	0xStack[-0x8]	READ	0
0x0013a992	0x0013a9ce	CONDITIONAL_JUMP	0
0x0013a994	0xStack[-0xc]	READ	1
0x0013a99a	0xStack[-0xc]	WRITE	0
0x0013a9a0	0xStack[-0x8]	READ	0
0x0013a9a3	0x0013a9ce	CONDITIONAL_JUMP	0
0x0013a9a7	0x0013a9b8	CONDITIONAL_JUMP	0
0x0013a9ab	0xStack[-0x10]	WRITE	0
0x0013a9b3	0x0013a9bd	UNCONDITIONAL_JUMP	0
0x0013a9b8	0xStack[-0x10]	READ	1
0x0013a9c7	0x0013a9a0	CONDITIONAL_JUMP	0
0x0013a9c9	0xStack[-0x8]	READ	0
0x0013a9cc	0x0013a994	CONDITIONAL_JUMP	0
0x0013a9ce	0xStack[-0x8]	READ	1
0x0013a9d1	0xStack[-0x1c]	DATA	0
0x0013a9e5	0xStack[0x4]	READ	1
0x0013a9f4	0x0013aa11	CONDITIONAL_JUMP	0
0x0013aa03	0x0010a588	UNCONDITIONAL_CALL	0
0x0013aa0f	0x0013a9fc	CONDITIONAL_JUMP	0
0x0013aa15	0x001e0d0c	READ	1
0x0013aa1b	0xStack[0xc]	READ	1
0x0013aa27	0x0013aa58	CONDITIONAL_JUMP	0
0x0013aa29	0x001dd7b4	READ	0
0x0013aa30	0x0013aa3f	CONDITIONAL_JUMP	0
0x0013aa32	0x001dd7d0	DATA	0
0x0013aa37	0x0010ca6c	UNCONDITIONAL_CALL	0
0x0013aa3f	0xStack[0xc]	READ	1
0x0013aa42	0xStack[-0x8]	WRITE	0
0x0013aa45	0xStack[-0xc]	WRITE	0
0x0013aa4c	0x001e0d0c	READ	1
0x0013aa52	0xStack[-0x44]	WRITE	0
0x0013aa55	0x0013aabb	UNCONDITIONAL_JUMP	0
0x0013aa60	0x0013aa88	CONDITIONAL_JUMP	0
0x0013aa62	0x001dd7ed	DATA	0
0x0013aa67	0x0010c0d8	UNCONDITIONAL_CALL	0
0x0013aa6c	0xStack[0xc]	READ	1
0x0013aa6f	0xStack[-0x8]	WRITE	0
0x0013aa72	0xStack[-0xc]	WRITE	0
0x0013aa79	0x001e0d0c	READ	1
0x0013aa7f	0xStack[-0x44]	WRITE	0
0x0013aa85	0x0013aabb	UNCONDITIONAL_JUMP	0
0x0013aa93	0xStack[-0x8]	WRITE	0
0x0013aaa8	0xStack[-0xc]	WRITE	0
0x0013aab8	0xStack[-0x44]	WRITE	0
0x0013aabb	0x001e0d0c	READ	1
0x0013aac1	0xStack[-0x44]	READ	0
0x0013aac4	0x0013ab1c	CONDITIONAL_JUMP	0
0x0013aac6	0x001e5a60	READ_WRITE	0
0x0013aacf	0xStack[-0x54]	WRITE	0
0x0013aad5	0xStack[-0x58]	WRITE	0
0x0013aad8	0xStack[-0x8]	READ	1
0x0013aadc	0xStack[0x8]	READ	1
0x0013aae0	0xStack[-0x54]	READ	1
0x0013aae4	0xStack[-0x58]	READ	1
0x0013aaf1	0xStack[0x4]	READ	1
0x0013aafa	0xStack[-0x58]	WRITE	0
0x0013ab02	0xStack[-0x58]	READ	1
0x0013ab08	0x0013ac34	CONDITIONAL_JUMP	0
0x0013ab14	0x0013ac28	UNCONDITIONAL_JUMP	0
0x0013ab1c	0xStack[-0x8]	READ	1
0x0013ab1f	0xStack[-0x48]	WRITE	0
0x0013ab22	0xStack[-0xc]	READ	1
0x0013ab25	0xStack[-0x4c]	WRITE	0
0x0013ab28	0x001e5a34	READ_WRITE	0
0x0013ab31	0x0013ab44	CONDITIONAL_JUMP	0
0x0013ab33	0x001e5a38	READ_WRITE	0
0x0013ab3c	0xStack[-0x10]	WRITE	0
0x0013ab3f	0x0013ac38	UNCONDITIONAL_JUMP	0
0x0013ab44	0xStack[-0x48]	READ	1
0x0013ab4a	0x0013ab60	CONDITIONAL_JUMP	0
0x0013ab4c	0x001e5a3c	READ_WRITE	0
0x0013ab52	0xStack[-0x4c]	READ	1
0x0013ab58	0xStack[-0x10]	WRITE	0
0x0013ab5b	0x0013ac38	UNCONDITIONAL_JUMP	0
0x0013ab64	0x0013abc4	CONDITIONAL_JUMP	0
0x0013ab66	0x001e5a40	READ_WRITE	0
0x0013ab6f	0xStack[-0x58]	WRITE	0
0x0013ab75	0xStack[-0x50]	WRITE	0
0x0013ab80	0xStack[-0x54]	WRITE	0
0x0013ab86	0x0013ab8b	CONDITIONAL_JUMP	0
0x0013ab8b	0xStack[-0x58]	READ	1
0x0013ab91	0xStack[-0x54]	WRITE	0
0x0013ab96	0xStack[-0x50]	READ	1
0x0013ab9a	0xStack[-0x58]	READ	1
0x0013ab9e	0xStack[-0x54]	READ	1
0x0013abad	0x0013abc0	CONDITIONAL_JUMP	0
0x0013abaf	0x001dd80d	DATA	0
0x0013abb4	0x0010c0d8	UNCONDITIONAL_CALL	0
0x0013abbc	0x0013ac06	UNCONDITIONAL_JUMP	0
0x0013abce	0xStack[-0x1c]	WRITE	0
0x0013abd4	0xStack[-0x58]	WRITE	0
0x0013abda	0xStack[-0x48]	READ	1
0x0013abde	0xStack[-0x40]	DATA	0
0x0013abe2	0xStack[-0x58]	READ	1
0x0013abe9	0xStack[-0x54]	WRITE	0
0x0013abf5	0x0013ac06	CONDITIONAL_JUMP	0
0x0013abf7	0xStack[-0x48]	READ	1
0x0013abfd	0xStack[-0x4c]	READ	1
0x0013ac03	0xStack[-0x10]	WRITE	0
0x0013ac08	0x0013ac38	CONDITIONAL_JUMP	0
0x0013ac0a	0xStack[0x4]	READ	1
0x0013ac13	0xStack[-0x58]	WRITE	0
0x0013ac1c	0xStack[-0x58]	READ	1
0x0013ac21	0x0013ac34	CONDITIONAL_JUMP	0
0x0013ac2b	0xStack[-0x54]	WRITE	0
0x0013ac2f	0x0010ab38	UNCONDITIONAL_CALL	0
0x0013ac36	0x0013ac90	UNCONDITIONAL_JUMP	0
0x0013ac38	0xStack[-0x8]	READ	1
0x0013ac3d	0x0013ac45	CONDITIONAL_JUMP	0
0x0013ac48	0xStack[-0x54]	WRITE	0
0x0013ac4c	0x001e0d0c	READ	1
0x0013ac53	0xStack[0x8]	READ	1
0x0013ac5a	0xStack[-0x44]	READ	1
0x0013ac5e	0xStack[-0x10]	READ	1
0x0013ac62	0x001914a8	UNCONDITIONAL_CALL	0
0x0013ac6a	0xStack[0x4]	READ	1
0x0013ac7d	0x0013ac8e	CONDITIONAL_JUMP	0
0x0013ac89	0x0010ab38	UNCONDITIONAL_CALL	0
0x0013ac90	0xStack[-0x64]	DATA	0
0x0013aca5	0xStack[0x4]	READ	1
0x0013acb4	0x0013acd1	CONDITIONAL_JUMP	0
0x0013acc3	0x0010a588	UNCONDITIONAL_CALL	0
0x0013accf	0x0013acbc	CONDITIONAL_JUMP	0
0x0013acd5	0xStack[0xc]	READ	1
0x0013acd8	0x001e0d0c	READ	0
0x0013acde	0x0013aced	CONDITIONAL_JUMP	0
0x0013ace0	0x001dd877	DATA	0
0x0013ace5	0x0010ca6c	UNCONDITIONAL_CALL	0
0x0013aced	0x001e0d0c	READ	1
0x0013acf9	0xStack[0x10]	READ	0
0x0013acfc	0x0013ae8c	CONDITIONAL_JUMP	0
0x0013ad02	0x001dd7b4	READ	0
0x0013ad09	0x0013add2	CONDITIONAL_JUMP	0
0x0013ad0f	0xStack[0x4]	READ	1
0x0013ad1f	0x001f50c8	READ	1
0x0013ad25	0x001742a0	UNCONDITIONAL_CALL	0
0x0013ad31	0x0013adc8	CONDITIONAL_JUMP	0
0x0013ad3a	0x001e0d0c	READ	1
0x0013ad46	0x0013ad55	CONDITIONAL_JUMP	0
0x0013ad48	0x001dd848	DATA	0
0x0013ad4d	0x0010ca6c	UNCONDITIONAL_CALL	0
0x0013ad5e	0x001e0d0c	READ	1
0x0013ad6d	0x0013add2	CONDITIONAL_JUMP	0
0x0013ad70	0x001f50c4	READ	1
0x0013ad77	0x001742a0	UNCONDITIONAL_CALL	0
0x0013ad83	0x0013ada4	CONDITIONAL_JUMP	0
0x0013ad88	0xStack[-0x5c]	WRITE	0
0x0013ad8f	0xStack[-0x5c]	READ	1
0x0013ad95	0x001e0d0c	READ	1
0x0013ada2	0x0013adc8	UNCONDITIONAL_JUMP	0
0x0013ada4	0x001e0d0c	READ	1
0x0013adb2	0x0013adc1	CONDITIONAL_JUMP	0
0x0013adb4	0x001dd85d	DATA	0
0x0013adb9	0x0010ca6c	UNCONDITIONAL_CALL	0
0x0013adc4	0x0013add2	UNCONDITIONAL_JUMP	0
0x0013adc8	0x001dd7b4	WRITE	0
0x0013add5	0x001e0d0c	READ	1
0x0013addc	0xStack[0x10]	READ	0
0x0013addf	0x0013ae8c	CONDITIONAL_JUMP	0
0x0013ade5	0xStack[0x10]	READ	1
0x0013adeb	0x001ef2f0	READ	0
0x0013adf5	0x0013ae01	CONDITIONAL_JUMP	0
0x0013adf7	0x001ef2f0	WRITE	0
0x0013ae01	0x001ef2f0	READ	1
0x0013ae10	0xStack[-0x60]	WRITE	0
0x0013ae13	0xStack[0x10]	READ	1
0x0013ae16	0x001ef300	WRITE	0
0x0013ae1c	0x001ef304	WRITE	0
0x0013ae22	0x001ef308	READ	1
0x0013ae2e	0xStack[-0x60]	READ	1
0x0013ae31	0x001ef308	DATA	0
0x0013ae37	0x001ef2f0	READ	1
0x0013ae40	0xStack[-0x5c]	WRITE	0
0x0013ae43	0x001ef308	READ_WRITE	0
0x0013ae4b	0x001ef2f0	READ	1
0x0013ae53	0x001ef309	WRITE	0
0x0013ae5b	0x001ef2f0	READ_WRITE	0
0x0013ae64	0xStack[0x10]	READ	1
0x0013ae67	0xStack[0xc]	READ	1
0x0013ae6f	0x0013ae74	CONDITIONAL_JUMP	0
0x0013ae77	0xStack[-0x5c]	WRITE	0
0x0013ae7a	0xStack[0x10]	READ	1
0x0013ae7e	0xStack[0xc]	READ	1
0x0013ae82	0xStack[0x8]	READ	1
0x0013ae87	0x0013b0b8	UNCONDITIONAL_JUMP	0
0x0013ae90	0x001e0d0c	READ	1
0x0013ae96	0xStack[0x8]	READ	1
0x0013ae9a	0x00191490	UNCONDITIONAL_CALL	0
0x0013aea4	0x001dd7bc	READ	1
0x0013aea9	0x001ef2ec	READ	0
0x0013aeaf	0x0013aefc	CONDITIONAL_JUMP	0
0x0013aeb1	0x001dd7c0	READ	1
0x0013aeb7	0x001ef2e8	READ	0
0x0013aebd	0x0013aedc	CONDITIONAL_JUMP	0
0x0013aebf	0x001dd7c4	WRITE	0
0x0013aec9	0x001dd7c8	READ_WRITE	0
0x0013aecf	0x001ef2e8	WRITE	0
0x0013aed9	0x0013aef2	UNCONDITIONAL_JUMP	0
0x0013aedc	0x001dd7c4	WRITE	0
0x0013aee6	0x001dd7cc	READ_WRITE	0
0x0013aeec	0x001ef2e8	WRITE	0
0x0013aef2	0x001ef2ec	WRITE	0
0x0013aefc	0x001dd7c4	READ	0
0x0013af03	0x0013af0b	CONDITIONAL_JUMP	0
0x0013af05	0x001e0d0c	READ	1
0x0013af0b	0x001ef2ec	READ_WRITE	0
0x0013af11	0x001e0d0c	READ	1
0x0013af1a	0xStack[-0x5c]	WRITE	0
0x0013af21	0xStack[-0x5c]	READ	0
0x0013af26	0x001e5a74	DATA	0
0x0013af40	0xStack[-0xc]	DATA	0
0x0013af44	0xStack[-0x8]	DATA	0
0x0013af49	0xStack[0x10]	READ	1
0x0013af4e	0x0013a61c	UNCONDITIONAL_CALL	0
0x0013af5a	0x0013af98	CONDITIONAL_JUMP	0
0x0013af5c	0x001dd89d	DATA	0
0x0013af61	0x0010c0d8	UNCONDITIONAL_CALL	0
0x0013af69	0xStack[0x4]	READ	1
0x0013af7c	0x0013af8d	CONDITIONAL_JUMP	0
0x0013af88	0x0010ab38	UNCONDITIONAL_CALL	0
0x0013af92	0x0013b2e0	UNCONDITIONAL_JUMP	0
0x0013af98	0x001e0d0c	READ	0
0x0013af9e	0x0013b0cc	CONDITIONAL_JUMP	0
0x0013afa4	0xStack[-0x8]	READ	1
0x0013afaa	0x0013afb9	CONDITIONAL_JUMP	0
0x0013afac	0x001e5a54	READ_WRITE	0
0x0013afbc	0x0013afcf	CONDITIONAL_JUMP	0
0x0013afbe	0x001e5a58	READ_WRITE	0
0x0013afcf	0x001e5a5c	READ_WRITE	0
0x0013afd5	0xStack[-0x8]	READ	1
0x0013afda	0x0013afe2	CONDITIONAL_JUMP	0
0x0013afe5	0xStack[-0x40]	WRITE	0
0x0013afec	0x0013aff4	CONDITIONAL_JUMP	0
0x0013aff7	0xStack[-0xc]	READ	1
0x0013affc	0x0013b004	CONDITIONAL_JUMP	0
0x0013b007	0x001ef2f0	READ	0
0x0013b011	0x0013b01d	CONDITIONAL_JUMP	0
0x0013b013	0x001ef2f0	WRITE	0
0x0013b01d	0x001ef2f0	READ	1
0x0013b02d	0xStack[-0x60]	WRITE	0
0x0013b030	0xStack[0x10]	READ	1
0x0013b033	0x001ef300	WRITE	0
0x0013b039	0xStack[-0x40]	READ	1
0x0013b03c	0x001ef304	WRITE	0
0x0013b045	0x001ef308	READ	1
0x0013b04f	0xStack[-0x60]	READ	1
0x0013b052	0x001ef308	DATA	0
0x0013b058	0x001ef2f0	READ	1
0x0013b06c	0x001ef308	READ	1
0x0013b076	0x001ef308	WRITE	0
0x0013b07c	0x001ef2f0	READ	1
0x0013b085	0x001ef309	WRITE	0
0x0013b08d	0x001ef2f0	READ_WRITE	0
0x0013b096	0xStack[-0x8]	READ	1
0x0013b099	0xStack[0xc]	READ	1
0x0013b0a3	0x0013b0a8	CONDITIONAL_JUMP	0
0x0013b0ab	0xStack[-0x5c]	WRITE	0
0x0013b0af	0xStack[0xc]	READ	1
0x0013b0b3	0xStack[0x8]	READ	1
0x0013b0b8	0xStack[-0x5c]	READ	1
0x0013b0c5	0x0013b2b4	UNCONDITIONAL_JUMP	0
0x0013b0cc	0xStack[-0x8]	READ	1
0x0013b0d1	0x0013b0d9	CONDITIONAL_JUMP	0
0x0013b0dc	0xStack[-0x44]	WRITE	0
0x0013b0e3	0x0013b0eb	CONDITIONAL_JUMP	0
0x0013b0ee	0xStack[-0xc]	READ	1
0x0013b0f3	0x0013b0fb	CONDITIONAL_JUMP	0
0x0013b0fe	0x001ef2f0	READ	0
0x0013b108	0x0013b114	CONDITIONAL_JUMP	0
0x0013b10a	0x001ef2f0	WRITE	0
0x0013b114	0x001ef2f0	READ	1
0x0013b123	0xStack[-0x60]	WRITE	0
0x0013b126	0xStack[0x10]	READ	1
0x0013b129	0x001ef300	WRITE	0
0x0013b12f	0xStack[-0x44]	READ	1
0x0013b132	0x001ef304	WRITE	0
0x0013b13b	0x001ef308	READ	1
0x0013b146	0xStack[-0x60]	READ	1
0x0013b149	0x001ef308	DATA	0
0x0013b14f	0x001ef2f0	READ	1
0x0013b164	0x001ef308	READ	1
0x0013b16f	0x001ef308	WRITE	0
0x0013b175	0x001ef2f0	READ	1
0x0013b17d	0x001ef309	WRITE	0
0x0013b185	0x001ef2f0	READ_WRITE	0
0x0013b18e	0xStack[-0x48]	WRITE	0
0x0013b191	0xStack[-0x8]	READ	1
0x0013b194	0xStack[-0x4c]	WRITE	0
0x0013b197	0xStack[-0xc]	READ	1
0x0013b19a	0xStack[-0x50]	WRITE	0
0x0013b19d	0x001e5a44	READ_WRITE	0
0x0013b1a6	0xStack[-0x5c]	WRITE	0
0x0013b1a9	0xStack[-0x5c]	READ	1
0x0013b1ad	0xStack[-0x48]	READ	1
0x0013b1b6	0xStack[-0x4c]	READ	0
0x0013b1b9	0x0013b1fc	CONDITIONAL_JUMP	0
0x0013b1bb	0x001e5a48	READ_WRITE	0
0x0013b1c1	0x001ef2e8	READ_WRITE	0
0x0013b1c8	0xStack[-0x50]	READ	1
0x0013b1cf	0xStack[-0x48]	READ	1
0x0013b1d3	0x001013cc	UNCONDITIONAL_CALL	0
0x0013b1db	0xStack[-0x4c]	READ	1
0x0013b1e1	0x0013b1f4	CONDITIONAL_JUMP	0
0x0013b1e3	0x001dd828	READ_WRITE	0
0x0013b1f6	0x0013b2b4	UNCONDITIONAL_JUMP	0
0x0013b1fc	0xStack[-0x4c]	READ	1
0x0013b202	0x0013b22c	CONDITIONAL_JUMP	0
0x0013b204	0x001e5a4c	READ_WRITE	0
0x0013b20a	0x001ef2e8	READ_WRITE	0
0x0013b211	0xStack[-0x50]	READ	1
0x0013b218	0xStack[-0x48]	READ	1
0x0013b21c	0x001013cc	UNCONDITIONAL_CALL	0
0x0013b225	0x0013b2af	UNCONDITIONAL_JUMP	0
0x0013b22f	0x0013b298	CONDITIONAL_JUMP	0
0x0013b231	0x001e5a50	READ_WRITE	0
0x0013b23a	0xStack[-0x60]	WRITE	0
0x0013b240	0xStack[-0x54]	WRITE	0
0x0013b243	0x001e0d0c	READ	1
0x0013b248	0xStack[-0x58]	WRITE	0
0x0013b252	0xStack[-0x60]	READ	1
0x0013b257	0xStack[-0x5c]	WRITE	0
0x0013b25d	0x0013b262	CONDITIONAL_JUMP	0
0x0013b262	0xStack[-0x60]	READ	1
0x0013b268	0xStack[-0x5c]	WRITE	0
0x0013b26c	0xStack[-0x58]	READ	1
0x0013b270	0xStack[-0x54]	READ	1
0x0013b274	0xStack[-0x60]	READ	1
0x0013b278	0xStack[-0x5c]	READ	1
0x0013b287	0x0013b298	CONDITIONAL_JUMP	0
0x0013b289	0x001dd82c	DATA	0
0x0013b28e	0x0010c0d8	UNCONDITIONAL_CALL	0
0x0013b296	0x0013b2b4	UNCONDITIONAL_JUMP	0
0x0013b298	0xStack[-0x4c]	READ	1
0x0013b29f	0xStack[-0x50]	READ	1
0x0013b2a6	0xStack[-0x48]	READ	1
0x0013b2aa	0x001013cc	UNCONDITIONAL_CALL	0
0x0013b2b4	0xStack[0x4]	READ	1
0x0013b2bd	0xStack[-0x60]	WRITE	0
0x0013b2c6	0xStack[-0x60]	READ	1
0x0013b2cb	0x0013b2de	CONDITIONAL_JUMP	0
0x0013b2d5	0xStack[-0x5c]	WRITE	0
0x0013b2d9	0x0010ab38	UNCONDITIONAL_CALL	0
0x0013b2e0	0xStack[-0x6c]	DATA	0
0x0013b2f5	0x001f50c0	READ	0
0x0013b2fc	0x0013b308	CONDITIONAL_JUMP	0
0x0013b303	0x0013b576	UNCONDITIONAL_JUMP	0
0x0013b30a	0xStack[-0x8]	DATA	0
0x0013b30e	0xStack[0xc]	READ	1
0x0013b312	0x00189a5c	UNCONDITIONAL_CALL	0
0x0013b31c	0x0013b576	CONDITIONAL_JUMP	0
0x0013b322	0xStack[-0xc]	DATA	0
0x0013b326	0xStack[-0x8]	READ	1
0x0013b32a	0x0011de44	UNCONDITIONAL_CALL	0
0x0013b334	0x0013b576	CONDITIONAL_JUMP	0
0x0013b33a	0xStack[-0xc]	READ	1
0x0013b344	0x0013b358	CONDITIONAL_JUMP	0
0x0013b347	0x0011df54	UNCONDITIONAL_CALL	0
0x0013b351	0x0013b576	UNCONDITIONAL_JUMP	0
0x0013b35c	0x001e0d0c	READ	1
0x0013b365	0x0015a75c	UNCONDITIONAL_CALL	0
0x0013b36c	0xStack[-0x18]	WRITE	0
0x0013b36f	0x001e0d0c	READ	1
0x0013b375	0xStack[-0x1c]	WRITE	0
0x0013b37a	0x001e0d0c	READ	1
0x0013b380	0xStack[-0x20]	WRITE	0
0x0013b385	0x0015a75c	UNCONDITIONAL_CALL	0
0x0013b38f	0xStack[-0x24]	WRITE	0
0x0013b392	0x00101600	UNCONDITIONAL_CALL	0
0x0013b39e	0xStack[-0x14]	DATA	0
0x0013b3a2	0xStack[-0x10]	DATA	0
0x0013b3a6	0x001e8de8	READ	1
0x0013b3ad	0x00173fbc	UNCONDITIONAL_CALL	0
0x0013b3b2	0x001f50c4	WRITE	0
0x0013b3c3	0x001e8de8	READ	1
0x0013b3ca	0x00173fbc	UNCONDITIONAL_CALL	0
0x0013b3cf	0x001f50c8	WRITE	0
0x0013b3d4	0xStack[-0x24]	READ	1
0x0013b3de	0x001e0d0c	READ	1
0x0013b3e5	0x001f50c4	READ	1
0x0013b3ec	0x001742a0	UNCONDITIONAL_CALL	0
0x0013b3f1	0xStack[-0x24]	READ	1
0x0013b3f7	0x001e0d0c	READ	1
0x0013b3fe	0x001f50c8	READ	1
0x0013b405	0x001742a0	UNCONDITIONAL_CALL	0
0x0013b40a	0xStack[-0x24]	READ	1
0x0013b417	0x001e0d0c	READ	1
0x0013b451	0xStack[-0x18]	READ	1
0x0013b45b	0x0019141c	UNCONDITIONAL_CALL	0
0x0013b461	0x00190ca8	UNCONDITIONAL_CALL	0
0x0013b466	0xStack[-0x24]	READ	1
0x0013b46c	0xStack[-0x1c]	READ	1
0x0013b473	0x0019141c	UNCONDITIONAL_CALL	0
0x0013b479	0x00190ca8	UNCONDITIONAL_CALL	0
0x0013b47e	0xStack[-0x24]	READ	1
0x0013b484	0xStack[-0x20]	READ	1
0x0013b492	0x00101600	UNCONDITIONAL_CALL	0
0x0013b497	0xStack[-0x24]	READ	1
0x0013b4b2	0xStack[0x4]	READ	1
0x0013b4e0	0x001dd8d8	DATA	1
0x0013b4ee	0x0015e0b4	UNCONDITIONAL_CALL	0
0x0013b4f3	0x001e8758	READ	1
0x0013b4fe	0xStack[-0x24]	READ	1
0x0013b501	0x001e8758	READ	1
0x0013b511	0x001e8758	READ	1
0x0013b51c	0x001e8758	READ	1
0x0013b529	0xStack[0x4]	READ	1
0x0013b548	0x001da0dc	WRITE	0
0x0013b551	0x001da0de	WRITE	0
0x0013b55a	0x001da0e0	WRITE	0
0x0013b55a	0x0013b580	DATA	1
0x0013b564	0x001f50c0	READ_WRITE	0
0x0013b56a	0x001dd7b8	WRITE	0
0x0013b576	0xStack[-0x34]	DATA	0
0x0013b583	0x001e875c	READ	1
0x0013b590	0x001e5a34	DATA	0
0x0013b595	0x00189cec	UNCONDITIONAL_CALL	0
0x0013b59c	0x001e875c	READ	1
0x0013b5ad	0xStack[0x4]	READ	1
0x0013b5b0	0xStack[0x8]	READ	1
0x0013b5bc	0xStack[0xc]	READ	1
0x0013b5c9	0x0013b5ee	CONDITIONAL_JUMP	0
0x0013b5cb	0x001e0d0c	READ	1
0x0013b5ee	0xStack[-0xc]	DATA	0
0x0013b5fd	0xStack[0x4]	READ	1
0x0013b600	0xStack[0x8]	READ	1
0x0013b609	0x001e0d0c	READ	1
0x0013b613	0x0013b618	CONDITIONAL_JUMP	0
0x0013b61e	0xStack[0xc]	READ	1
0x0013b62b	0x0013b63a	CONDITIONAL_JUMP	0
0x0013b63a	0xStack[-0xc]	DATA	0
0x0013b647	0xStack[0x4]	READ	1
0x0013b652	0x0013b659	CONDITIONAL_JUMP	0
0x0013b663	0xStack[0x8]	READ	1
0x0013b677	0xStack[0x4]	READ	1
0x0013b687	0x0011df54	UNCONDITIONAL_CALL	0
0x0013b697	0xStack[0x4]	READ	1
0x0013b69a	0xStack[0x8]	READ	1
0x0013b6bc	0xStack[0x4]	READ	1
0x0013b6bf	0xStack[0x8]	READ	1
0x0013b6dd	0x0013b6e8	CONDITIONAL_JUMP	0
0x0013b6e8	0xStack[-0x8]	READ	1
0x0013b719	0xStack[0x4]	READ	1
0x0013b722	0x0013b730	CONDITIONAL_JUMP	0
0x0013b725	0x0011a288	UNCONDITIONAL_CALL	0
0x0013b72c	0x0013b75d	UNCONDITIONAL_JUMP	0
0x0013b731	0x00192ff8	UNCONDITIONAL_CALL	0
0x0013b743	0x0013b758	CONDITIONAL_JUMP	0
0x0013b746	0x00192ff8	UNCONDITIONAL_CALL	0
0x0013b74c	0x0011a288	UNCONDITIONAL_CALL	0
0x0013b753	0x0013b75d	UNCONDITIONAL_JUMP	0
0x0013b75d	0xStack[-0xc]	DATA	0
0x0013b771	0xStack[0x4]	READ	1
0x0013b774	0xStack[0x8]	READ	1
0x0013b77d	0xStack[-0x10]	WRITE	0
0x0013b780	0xStack[0xc]	READ	0
0x0013b783	0x0013b78f	CONDITIONAL_JUMP	0
0x0013b78a	0xStack[0xc]	READ	0
0x0013b78d	0x0013b7ba	CONDITIONAL_JUMP	0
0x0013b796	0xStack[0xc]	READ	1
0x0013b79a	0xStack[-0x10]	READ	1
0x0013b7a3	0x001dd964	DATA	0
0x0013b7a8	0x0010c0d8	UNCONDITIONAL_CALL	0
0x0013b7ad	0x001dd990	DATA	0
0x0013b7b2	0x0010ca6c	UNCONDITIONAL_CALL	0
0x0013b7ba	0xStack[0xc]	READ	1
0x0013b7c0	0x0013b7cf	CONDITIONAL_JUMP	0
0x0013b7c9	0x0013b8ac	CONDITIONAL_JUMP	0
0x0013b7cf	0x001e8758	READ	1
0x0013b7dc	0x0013b814	CONDITIONAL_JUMP	0
0x0013b7ef	0xStack[-0x8]	WRITE	0
0x0013b7f9	0xStack[-0x10]	WRITE	0
0x0013b7fc	0xStack[-0x10]	READ	1
0x0013b807	0xStack[-0x8]	READ	1
0x0013b80e	0x0013b8ac	CONDITIONAL_JUMP	0
0x0013b817	0x0013b81b	CONDITIONAL_JUMP	0
0x0013b81d	0x0013b82c	CONDITIONAL_JUMP	0
0x0013b82a	0x0013b835	UNCONDITIONAL_JUMP	0
0x0013b835	0xStack[-0x10]	WRITE	0
0x0013b838	0x0013c640	DATA	0
0x0013b83d	0xStack[0xc]	READ	1
0x0013b842	0xStack[-0x10]	READ	1
0x0013b847	0x0013c2f8	UNCONDITIONAL_CALL	0
0x0013b853	0x0013b8ac	CONDITIONAL_JUMP	0
0x0013b864	0xStack[-0x10]	WRITE	0
0x0013b867	0xStack[0xc]	READ	1
0x0013b86b	0xStack[-0x10]	READ	0
0x0013b878	0xStack[0xc]	READ	1
0x0013b883	0xStack[-0x8]	WRITE	0
0x0013b88b	0x0011a3e8	UNCONDITIONAL_CALL	0
0x0013b89a	0x00101618	UNCONDITIONAL_CALL	0
0x0013b8a8	0x0013b8b6	UNCONDITIONAL_JUMP	0
0x0013b8af	0x0013b8c0	UNCONDITIONAL_CALL	0
0x0013b8b6	0xStack[-0x1c]	DATA	0
0x0013b8c6	0xStack[0x4]	READ	1
0x0013b8c9	0xStack[0x8]	READ	1
0x0013b8cf	0x0013b8e0	CONDITIONAL_JUMP	0
0x0013b8d1	0x001dd9a0	DATA	1
0x0013b8d6	0x001dd9b1	DATA	1
0x0013b8db	0x0013b905	UNCONDITIONAL_JUMP	0
0x0013b8e0	0xStack[0x8]	READ	1
0x0013b8e6	0x0013b8f4	CONDITIONAL_JUMP	0
0x0013b8e8	0x001dd9d3	DATA	1
0x0013b8ed	0x001dd9e1	DATA	1
0x0013b8f2	0x0013b905	UNCONDITIONAL_JUMP	0
0x0013b8f8	0x001dda07	DATA	0
0x0013b8fd	0x0010ca6c	UNCONDITIONAL_CALL	0
0x0013b90c	0xStack[0x8]	READ	0
0x0013b90f	0x0013b91b	CONDITIONAL_JUMP	0
0x0013b911	0x001dd9a0	DATA	0
0x0013b911	0x001dd9d3	DATA	0
0x0013b913	0x0013d810	UNCONDITIONAL_CALL	0
0x0013b91b	0xStack[0x8]	READ	1
0x0013b924	0x001e8758	READ	1
0x0013b930	0x0013b944	CONDITIONAL_JUMP	0
0x0013b932	0x001dd9b1	DATA	0
0x0013b93a	0x001dda0e	DATA	0
0x0013b93f	0x0010c100	UNCONDITIONAL_CALL	0
0x0013b944	0x001e875c	READ	1
0x0013b94d	0x0013b95d	CONDITIONAL_JUMP	0
0x0013b952	0x001e875c	READ	1
0x0013b957	0xStack[0x8]	READ	1
0x0013b95d	0x001e875c	READ	1
0x0013b966	0xStack[-0x10]	DATA	0
0x0013b975	0xStack[0x4]	READ	1
0x0013b978	0xStack[0x8]	READ	1
0x0013b97d	0x0013b9c8	CONDITIONAL_JUMP	0
0x0013b996	0x0013ba06	CONDITIONAL_JUMP	0
0x0013b9a3	0x0010a588	UNCONDITIONAL_CALL	0
0x0013b9c2	0x0013b9a0	CONDITIONAL_JUMP	0
0x0013b9c4	0x0013ba06	UNCONDITIONAL_JUMP	0
0x0013b9ca	0x0013b9fc	CONDITIONAL_JUMP	0
0x0013b9d8	0x0013ba06	CONDITIONAL_JUMP	0
0x0013b9e3	0x0010a588	UNCONDITIONAL_CALL	0
0x0013b9f7	0x0013b9e0	CONDITIONAL_JUMP	0
0x0013b9f9	0x0013ba06	UNCONDITIONAL_JUMP	0
0x0013b9fc	0x001dda17	DATA	0
0x0013ba01	0x0010ca6c	UNCONDITIONAL_CALL	0
0x0013ba06	0xStack[-0xc]	DATA	0
0x0013ba14	0x001e875c	READ	1
0x0013ba27	0x001e875c	READ	1
0x0013ba32	0x0013ba95	CONDITIONAL_JUMP	0
0x0013ba36	0x0013ba95	CONDITIONAL_JUMP	0
0x0013ba38	0x001e875c	READ	1
0x0013ba42	0x0013ba95	CONDITIONAL_JUMP	0
0x0013ba44	0x001e8758	READ	1
0x0013ba50	0x0013ba95	CONDITIONAL_JUMP	0
0x0013ba52	0xStack[0x4]	READ	0
0x0013ba56	0x0013ba95	CONDITIONAL_JUMP	0
0x0013ba5c	0x001dda2e	DATA	1
0x0013ba64	0x0013ba6b	CONDITIONAL_JUMP	0
0x0013ba66	0x001dda1f	DATA	1
0x0013ba6b	0x001dda1f	DATA	0
0x0013ba6b	0x001dda2e	DATA	0
0x0013ba75	0x0013b970	DATA	0
0x0013ba7a	0x0010aa64	UNCONDITIONAL_CALL	0
0x0013ba81	0x0013ba8c	CONDITIONAL_JUMP	0
0x0013ba88	0x0013ba97	UNCONDITIONAL_JUMP	0
0x0013ba8c	0x001e875c	READ	1
0x0013ba97	0xStack[-0x8]	READ	1
0x0013baa9	0xStack[0xc]	READ	1
0x0013baac	0xStack[0x4]	READ	1
0x0013bab5	0xStack[-0x1c]	WRITE	0
0x0013bab8	0xStack[0x10]	READ	0
0x0013babb	0x0013bad1	CONDITIONAL_JUMP	0
0x0013bac2	0xStack[0x10]	READ	0
0x0013bac5	0x0013bad1	CONDITIONAL_JUMP	0
0x0013bac7	0xStack[0x14]	READ	0
0x0013baca	0x0013bad1	CONDITIONAL_JUMP	0
0x0013bacc	0xStack[0x14]	READ	0
0x0013bacf	0x0013bb03	CONDITIONAL_JUMP	0
0x0013bad8	0xStack[0x14]	READ	1
0x0013badc	0xStack[0x10]	READ	1
0x0013bae4	0xStack[0x4]	READ	1
0x0013baec	0x001dda43	DATA	0
0x0013baf1	0x0010c0d8	UNCONDITIONAL_CALL	0
0x0013baf6	0x001dda7c	DATA	0
0x0013bafb	0x0010ca6c	UNCONDITIONAL_CALL	0
0x0013bb03	0x001e8758	READ	1
0x0013bb10	0x0013bb44	CONDITIONAL_JUMP	0
0x0013bb23	0xStack[-0x14]	WRITE	0
0x0013bb37	0xStack[-0x14]	READ	1
0x0013bb3e	0x0013be20	CONDITIONAL_JUMP	0
0x0013bb44	0xStack[0x8]	READ	0
0x0013bb48	0x0013bb76	CONDITIONAL_JUMP	0
0x0013bb57	0xStack[0x4]	READ	1
0x0013bb5f	0x001dda90	DATA	0
0x0013bb64	0x0010c0d8	UNCONDITIONAL_CALL	0
0x0013bb69	0x001ddabd	DATA	0
0x0013bb6e	0x0010ca6c	UNCONDITIONAL_CALL	0
0x0013bb76	0xStack[0x8]	READ	1
0x0013bb80	0xStack[-0x1c]	WRITE	0
0x0013bb83	0xStack[0x14]	READ	1
0x0013bb87	0xStack[0x10]	READ	1
0x0013bb8b	0xStack[0x8]	READ	1
0x0013bb8f	0xStack[-0x1c]	READ	1
0x0013bb93	0xStack[0x4]	READ	1
0x0013bb97	0x0013c3b8	UNCONDITIONAL_CALL	0
0x0013bb9c	0xStack[-0xc]	WRITE	0
0x0013bba4	0x0013bc30	CONDITIONAL_JUMP	0
0x0013bbac	0xStack[0x10]	READ	1
0x0013bbb3	0xStack[-0xc]	READ	1
0x0013bbb9	0xStack[0x4]	READ	1
0x0013bbc0	0x00119b8c	UNCONDITIONAL_CALL	0
0x0013bbcd	0x0013be18	CONDITIONAL_JUMP	0
0x0013bbd3	0xStack[0x14]	READ	1
0x0013bbd8	0x0011a5e4	UNCONDITIONAL_CALL	0
0x0013bbe4	0x0013bbac	CONDITIONAL_JUMP	0
0x0013bbe9	0xStack[0x14]	READ	1
0x0013bbec	0xStack[0x10]	READ	1
0x0013bbf0	0xStack[0x10]	READ	1
0x0013bbf7	0x00101600	UNCONDITIONAL_CALL	0
0x0013bbfc	0xStack[0x4]	READ	1
0x0013bc02	0xStack[0x4]	READ	1
0x0013bc1a	0xStack[0x4]	READ	1
0x0013bc29	0x0013be85	UNCONDITIONAL_JUMP	0
0x0013bc33	0x0013bc37	CONDITIONAL_JUMP	0
0x0013bc3f	0x0013bc98	CONDITIONAL_JUMP	0
0x0013bc44	0x0013bce0	CONDITIONAL_JUMP	0
0x0013bc4a	0xStack[0x14]	READ	1
0x0013bc4d	0xStack[-0x8]	WRITE	0
0x0013bc56	0x0013bcf0	CONDITIONAL_JUMP	0
0x0013bc72	0x0013bcf0	CONDITIONAL_JUMP	0
0x0013bc7b	0x001ddad2	DATA	0
0x0013bc82	0x0010c1c0	UNCONDITIONAL_CALL	0
0x0013bc94	0x0013bcf0	UNCONDITIONAL_JUMP	0
0x0013bc9b	0xStack[-0x8]	WRITE	0
0x0013bcbc	0x0013bcf0	CONDITIONAL_JUMP	0
0x0013bcc5	0x001ddaff	DATA	0
0x0013bccc	0x0010c1c0	UNCONDITIONAL_CALL	0
0x0013bcde	0x0013bcf0	UNCONDITIONAL_JUMP	0
0x0013bcea	0xStack[0x14]	READ	1
0x0013bced	0xStack[-0x8]	WRITE	0
0x0013bcf0	0x0013c640	DATA	0
0x0013bcf5	0xStack[-0x8]	READ	1
0x0013bcfa	0xStack[-0x1c]	READ	1
0x0013bcfe	0xStack[0x4]	READ	1
0x0013bd02	0x0013c2f8	UNCONDITIONAL_CALL	0
0x0013bd07	0xStack[-0xc]	WRITE	0
0x0013bd0f	0x0013be20	CONDITIONAL_JUMP	0
0x0013bd15	0xStack[0x10]	READ	1
0x0013bd1c	0xStack[0x8]	READ	1
0x0013bd22	0xStack[0x4]	READ	1
0x0013bd29	0x00119b8c	UNCONDITIONAL_CALL	0
0x0013bd2e	0xStack[-0x1c]	WRITE	0
0x0013bd37	0x0013bd44	CONDITIONAL_JUMP	0
0x0013bd3a	0x0011a288	UNCONDITIONAL_CALL	0
0x0013bd3f	0x0013be83	UNCONDITIONAL_JUMP	0
0x0013bd47	0xStack[-0xc]	READ	1
0x0013bd4c	0xStack[0x14]	READ	1
0x0013bd51	0xStack[0x4]	READ	1
0x0013bd58	0x0011a3e8	UNCONDITIONAL_CALL	0
0x0013bd5f	0xStack[0x10]	READ	1
0x0013bd67	0xStack[-0x1c]	READ	1
0x0013bd6e	0x001013cc	UNCONDITIONAL_CALL	0
0x0013bd73	0xStack[0x14]	READ	1
0x0013bd76	0xStack[0x10]	READ	1
0x0013bd79	0xStack[-0x10]	WRITE	0
0x0013bd7d	0xStack[0x10]	READ	1
0x0013bd84	0x00101600	UNCONDITIONAL_CALL	0
0x0013bd89	0xStack[-0x1c]	READ	1
0x0013bd94	0x0013bda7	CONDITIONAL_JUMP	0
0x0013bd9b	0x001e8758	READ	1
0x0013bda7	0xStack[-0x1c]	READ	1
0x0013bdab	0x0011a288	UNCONDITIONAL_CALL	0
0x0013bdb0	0xStack[0x10]	READ	1
0x0013bdb4	0xStack[0x8]	READ	1
0x0013bdb8	0xStack[0x4]	READ	1
0x0013bdbc	0x0013ceec	UNCONDITIONAL_CALL	0
0x0013bdc4	0xStack[-0x8]	READ	1
0x0013bdc7	0xStack[0x14]	READ	0
0x0013bdca	0x0013bde5	CONDITIONAL_JUMP	0
0x0013bdcc	0xStack[0x14]	READ	1
0x0013bdd3	0xStack[0x14]	READ	1
0x0013bdd8	0xStack[-0xc]	READ	1
0x0013bddd	0x0013ceec	UNCONDITIONAL_CALL	0
0x0013bde5	0xStack[0x4]	READ	1
0x0013bdeb	0xStack[0x4]	READ	1
0x0013bdfc	0xStack[-0x10]	READ	1
0x0013be04	0xStack[0x4]	READ	1
0x0013be13	0x0013be85	UNCONDITIONAL_JUMP	0
0x0013be19	0x0011a288	UNCONDITIONAL_CALL	0
0x0013be1e	0x0013be83	UNCONDITIONAL_JUMP	0
0x0013be27	0x0013be37	CONDITIONAL_JUMP	0
0x0013be29	0x001dd9a0	DATA	0
0x0013be2f	0x0013d810	UNCONDITIONAL_CALL	0
0x0013be3e	0x001e8758	READ	1
0x0013be4a	0x0013be62	CONDITIONAL_JUMP	0
0x0013be4c	0x001dd9b1	DATA	0
0x0013be58	0x001dda0e	DATA	0
0x0013be5d	0x0010c100	UNCONDITIONAL_CALL	0
0x0013be62	0x001e875c	READ	1
0x0013be6c	0x0013be7a	CONDITIONAL_JUMP	0
0x0013be71	0x001e875c	READ	1
0x0013be7a	0x001e875c	READ	1
0x0013be85	0xStack[-0x28]	DATA	0
0x0013be99	0xStack[0x8]	READ	1
0x0013be9c	0xStack[0x4]	READ	1
0x0013bea2	0x001e8758	READ	1
0x0013beaf	0x0013bec3	CONDITIONAL_JUMP	0
0x0013bebd	0x0013bfa0	CONDITIONAL_JUMP	0
0x0013beca	0x0013bfa0	CONDITIONAL_JUMP	0
0x0013bede	0x0013bee2	CONDITIONAL_JUMP	0
0x0013beea	0x0013cc20	DATA	0
0x0013beef	0xStack[0xc]	READ	1
0x0013bef5	0xStack[0x4]	READ	1
0x0013bef9	0x0013c2f8	UNCONDITIONAL_CALL	0
0x0013befe	0xStack[-0x8]	WRITE	0
0x0013bf06	0x0013bfa0	CONDITIONAL_JUMP	0
0x0013bf16	0x00140798	UNCONDITIONAL_CALL	0
0x0013bf22	0x0013bf38	CONDITIONAL_JUMP	0
0x0013bf26	0xStack[-0x8]	READ	1
0x0013bf2a	0xStack[0x4]	READ	1
0x0013bf2e	0x0013d3f0	UNCONDITIONAL_CALL	0
0x0013bf33	0x0013c002	UNCONDITIONAL_JUMP	0
0x0013bf3f	0x0013bf67	CONDITIONAL_JUMP	0
0x0013bf50	0x001ddb2c	DATA	0
0x0013bf55	0x0010c0d8	UNCONDITIONAL_CALL	0
0x0013bf5a	0x001ddb4c	DATA	0
0x0013bf5f	0x0010ca6c	UNCONDITIONAL_CALL	0
0x0013bf6f	0x0013bf91	CONDITIONAL_JUMP	0
0x0013bf72	0xStack[-0x8]	READ	1
0x0013bf7d	0x001ddb5e	DATA	0
0x0013bf82	0x0010c0d8	UNCONDITIONAL_CALL	0
0x0013bf9d	0x0013c004	UNCONDITIONAL_JUMP	0
0x0013bfa7	0x0013bfb7	CONDITIONAL_JUMP	0
0x0013bfa9	0x001dd9d3	DATA	0
0x0013bfaf	0x0013d810	UNCONDITIONAL_CALL	0
0x0013bfbe	0x001e8758	READ	1
0x0013bfca	0x0013bfe2	CONDITIONAL_JUMP	0
0x0013bfcc	0x001dd9e1	DATA	0
0x0013bfd8	0x001dda0e	DATA	0
0x0013bfdd	0x0010c100	UNCONDITIONAL_CALL	0
0x0013bfe2	0x001e875c	READ	1
0x0013bfeb	0x0013bff9	CONDITIONAL_JUMP	0
0x0013bff0	0x001e875c	READ	1
0x0013bff9	0x001e875c	READ	1
0x0013c004	0xStack[-0x14]	DATA	0
0x0013c019	0xStack[0x4]	READ	1
0x0013c025	0xStack[-0x20]	WRITE	0
0x0013c02b	0xStack[-0x20]	READ	0
0x0013c02e	0xStack[-0xc]	WRITE	0
0x0013c037	0xStack[-0x24]	WRITE	0
0x0013c03a	0xStack[-0x8]	WRITE	0
0x0013c043	0xStack[-0x20]	READ	1
0x0013c046	0xStack[-0x8]	READ	0
0x0013c049	0x0013c098	CONDITIONAL_JUMP	0
0x0013c04e	0xStack[-0x14]	WRITE	0
0x0013c056	0xStack[-0x18]	WRITE	0
0x0013c059	0xStack[-0x10]	WRITE	0
0x0013c05e	0xStack[-0x14]	READ	1
0x0013c063	0xStack[-0x18]	READ	1
0x0013c06f	0xStack[-0x20]	WRITE	0
0x0013c075	0xStack[-0x1c]	WRITE	0
0x0013c07b	0xStack[-0x24]	READ	0
0x0013c07e	0x0013c092	CONDITIONAL_JUMP	0
0x0013c080	0xStack[-0xc]	READ	1
0x0013c083	0xStack[-0x1c]	READ	1
0x0013c08a	0x0013c092	CONDITIONAL_JUMP	0
0x0013c08c	0xStack[-0x8]	WRITE	0
0x0013c08f	0xStack[-0x24]	WRITE	0
0x0013c093	0xStack[-0x10]	READ	0
0x0013c096	0x0013c05c	CONDITIONAL_JUMP	0
0x0013c098	0xStack[-0x8]	READ	1
0x0013c0a2	0xStack[-0x30]	DATA	0
0x0013c0b5	0xStack[0xc]	READ	1
0x0013c0b8	0xStack[0x4]	READ	1
0x0013c0be	0xStack[0x10]	READ	0
0x0013c0c2	0x0013c0ee	CONDITIONAL_JUMP	0
0x0013c0c6	0x0013c0ee	CONDITIONAL_JUMP	0
0x0013c0c8	0xStack[0x4]	READ	1
0x0013c0d0	0xStack[0x10]	READ	0
0x0013c0d3	0x0013c0e4	CONDITIONAL_JUMP	0
0x0013c0d5	0xStack[0x10]	READ	1
0x0013c0de	0xStack[-0x20]	WRITE	0
0x0013c0e1	0x0013c0ee	UNCONDITIONAL_JUMP	0
0x0013c0e4	0xStack[0x10]	READ	1
0x0013c0eb	0xStack[-0x20]	WRITE	0
0x0013c0f8	0x0013c104	CONDITIONAL_JUMP	0
0x0013c0fa	0xStack[-0x20]	READ	0
0x0013c0fe	0x0013c20c	CONDITIONAL_JUMP	0
0x0013c104	0xStack[0x8]	READ	0
0x0013c108	0x0013c124	CONDITIONAL_JUMP	0
0x0013c10a	0xStack[0x4]	READ	1
0x0013c11a	0xStack[-0x20]	WRITE	0
0x0013c11d	0x0013c289	UNCONDITIONAL_JUMP	0
0x0013c126	0x0013c12e	CONDITIONAL_JUMP	0
0x0013c128	0xStack[-0x20]	READ	0
0x0013c12c	0x0013c14c	CONDITIONAL_JUMP	0
0x0013c12e	0xStack[0x4]	READ	1
0x0013c140	0xStack[0x8]	READ	1
0x0013c14a	0x0013c159	UNCONDITIONAL_JUMP	0
0x0013c14c	0xStack[-0x20]	READ	1
0x0013c15c	0xStack[-0x1c]	WRITE	0
0x0013c173	0xStack[-0x20]	WRITE	0
0x0013c178	0x0013c1bd	CONDITIONAL_JUMP	0
0x0013c17d	0xStack[-0xc]	WRITE	0
0x0013c185	0xStack[-0x10]	WRITE	0
0x0013c188	0xStack[-0x1c]	READ	1
0x0013c18b	0xStack[-0x8]	WRITE	0
0x0013c190	0xStack[-0x20]	READ	1
0x0013c193	0xStack[-0xc]	READ	1
0x0013c198	0xStack[-0x10]	READ	1
0x0013c19b	0xStack[-0x20]	READ	1
0x0013c1ac	0x0013c264	CONDITIONAL_JUMP	0
0x0013c1b2	0xStack[-0x20]	READ_WRITE	0
0x0013c1b5	0xStack[-0x8]	READ	1
0x0013c1b8	0xStack[-0x20]	READ	0
0x0013c1bb	0x0013c190	CONDITIONAL_JUMP	0
0x0013c1bd	0xStack[-0x20]	WRITE	0
0x0013c1c4	0xStack[-0x20]	READ	0
0x0013c1c7	0x0013c202	CONDITIONAL_JUMP	0
0x0013c1cc	0xStack[-0x14]	WRITE	0
0x0013c1d4	0xStack[-0x18]	WRITE	0
0x0013c1d8	0xStack[-0x20]	READ	1
0x0013c1db	0xStack[-0x14]	READ	1
0x0013c1e0	0xStack[-0x18]	READ	1
0x0013c1e3	0xStack[-0x20]	READ	1
0x0013c1f4	0x0013c280	CONDITIONAL_JUMP	0
0x0013c1fa	0xStack[-0x20]	READ_WRITE	0
0x0013c1fd	0xStack[-0x20]	READ	0
0x0013c200	0x0013c1d8	CONDITIONAL_JUMP	0
0x0013c204	0x0013c2eb	UNCONDITIONAL_JUMP	0
0x0013c20c	0xStack[-0x20]	READ	1
0x0013c215	0xStack[-0x20]	WRITE	0
0x0013c21a	0x0013c298	CONDITIONAL_JUMP	0
0x0013c21c	0xStack[0x4]	READ	1
0x0013c224	0xStack[0x10]	READ	0
0x0013c227	0x0013c23c	CONDITIONAL_JUMP	0
0x0013c229	0xStack[-0x20]	READ	1
0x0013c22c	0xStack[-0x1c]	WRITE	0
0x0013c22f	0xStack[0x10]	READ	1
0x0013c237	0xStack[-0x20]	WRITE	0
0x0013c23a	0x0013c24b	UNCONDITIONAL_JUMP	0
0x0013c23c	0xStack[-0x20]	READ	1
0x0013c23f	0xStack[-0x1c]	WRITE	0
0x0013c242	0xStack[0x10]	READ	1
0x0013c248	0xStack[-0x20]	WRITE	0
0x0013c255	0xStack[-0x20]	READ	1
0x0013c25c	0x0013c298	CONDITIONAL_JUMP	0
0x0013c25e	0x0013c2e9	UNCONDITIONAL_JUMP	0
0x0013c264	0xStack[-0x20]	READ	1
0x0013c27b	0x0013c2eb	UNCONDITIONAL_JUMP	0
0x0013c280	0xStack[-0x20]	READ	1
0x0013c295	0x0013c2eb	UNCONDITIONAL_JUMP	0
0x0013c29d	0x0013c2e9	CONDITIONAL_JUMP	0
0x0013c2b0	0xStack[-0x1c]	WRITE	0
0x0013c2b6	0xStack[-0x1c]	WRITE	0
0x0013c2c3	0xStack[-0x1c]	WRITE	0
0x0013c2c9	0xStack[-0x1c]	READ	0
0x0013c2d1	0xStack[-0x1c]	WRITE	0
0x0013c2db	0xStack[-0x1c]	READ	0
0x0013c2e0	0xStack[-0x1c]	READ	1
0x0013c2e4	0xStack[-0x1c]	WRITE	0
0x0013c2eb	0xStack[-0x30]	DATA	0
0x0013c301	0xStack[0x4]	READ	1
0x0013c304	0xStack[0x8]	READ	1
0x0013c307	0xStack[-0x8]	WRITE	0
0x0013c30d	0xStack[0x10]	READ	1
0x0013c311	0xStack[0xc]	READ	1
0x0013c317	0xStack[-0xc]	WRITE	0
0x0013c31a	0xStack[0x14]	READ	1
0x0013c324	0xStack[-0xc]	READ	1
0x0013c329	0x0013c334	CONDITIONAL_JUMP	0
0x0013c32b	0x0013c3ad	UNCONDITIONAL_JUMP	0
0x0013c332	0x0013c3ad	UNCONDITIONAL_JUMP	0
0x0013c339	0x0013c362	UNCONDITIONAL_JUMP	0
0x0013c340	0x0013c344	CONDITIONAL_JUMP	0
0x0013c344	0xStack[0x10]	READ	1
0x0013c34c	0xStack[-0xc]	WRITE	0
0x0013c34f	0xStack[0x14]	READ	1
0x0013c359	0xStack[-0xc]	READ	1
0x0013c35e	0x0013c330	CONDITIONAL_JUMP	0
0x0013c367	0x0013c33c	CONDITIONAL_JUMP	0
0x0013c369	0xStack[-0x8]	READ	1
0x0013c37d	0x0013c3ab	CONDITIONAL_JUMP	0
0x0013c380	0xStack[0x10]	READ	1
0x0013c388	0xStack[-0xc]	WRITE	0
0x0013c38b	0xStack[0x14]	READ	1
0x0013c395	0xStack[-0xc]	READ	1
0x0013c39a	0x0013c330	CONDITIONAL_JUMP	0
0x0013c3a2	0x0013c3a6	CONDITIONAL_JUMP	0
0x0013c3a9	0x0013c380	CONDITIONAL_JUMP	0
0x0013c3ad	0xStack[-0x18]	DATA	0
0x0013c3c1	0xStack[0x14]	READ	1
0x0013c3c4	0xStack[0x4]	READ	1
0x0013c3cd	0xStack[0x8]	READ	1
0x0013c3db	0xStack[0x8]	READ	1
0x0013c3e5	0xStack[-0x28]	WRITE	0
0x0013c3eb	0xStack[-0x24]	WRITE	0
0x0013c3f0	0xStack[0x10]	READ	1
0x0013c3fa	0xStack[-0x24]	READ	1
0x0013c3fd	0xStack[-0x28]	READ	1
0x0013c404	0x0013c4c1	CONDITIONAL_JUMP	0
0x0013c40e	0xStack[-0x18]	WRITE	0
0x0013c415	0xStack[-0x24]	WRITE	0
0x0013c418	0xStack[0xc]	READ	1
0x0013c41d	0xStack[-0x1c]	WRITE	0
0x0013c420	0xStack[0xc]	READ	1
0x0013c427	0xStack[-0x24]	READ	1
0x0013c42c	0x0013c4c1	CONDITIONAL_JUMP	0
0x0013c439	0xStack[0x8]	READ	1
0x0013c448	0xStack[0x8]	READ	1
0x0013c456	0xStack[-0x24]	WRITE	0
0x0013c45c	0xStack[-0x24]	READ	1
0x0013c464	0xStack[0x4]	READ	1
0x0013c46b	0x00119b8c	UNCONDITIONAL_CALL	0
0x0013c470	0xStack[-0x10]	WRITE	0
0x0013c47c	0x0013c48c	CONDITIONAL_JUMP	0
0x0013c47f	0x0011a288	UNCONDITIONAL_CALL	0
0x0013c489	0x0013c4bd	UNCONDITIONAL_JUMP	0
0x0013c48d	0x00192ff8	UNCONDITIONAL_CALL	0
0x0013c49f	0x0013c4b8	CONDITIONAL_JUMP	0
0x0013c4a2	0x00192ff8	UNCONDITIONAL_CALL	0
0x0013c4a7	0xStack[-0x10]	READ	1
0x0013c4ab	0x0011a288	UNCONDITIONAL_CALL	0
0x0013c4b5	0x0013c4bd	UNCONDITIONAL_JUMP	0
0x0013c4bf	0x0013c4c8	CONDITIONAL_JUMP	0
0x0013c4c3	0x0013c633	UNCONDITIONAL_JUMP	0
0x0013c4c8	0xStack[-0xc]	DATA	0
0x0013c4cc	0x0010ac84	UNCONDITIONAL_CALL	0
0x0013c4d1	0xStack[-0xc]	READ	1
0x0013c4d7	0xStack[0xc]	READ	1
0x0013c4e1	0xStack[-0x14]	WRITE	0
0x0013c4e7	0xStack[0x10]	READ	1
0x0013c4f1	0xStack[-0x18]	READ	0
0x0013c4f4	0x0013c52c	CONDITIONAL_JUMP	0
0x0013c4f8	0xStack[-0x14]	READ	1
0x0013c4fd	0xStack[-0x28]	WRITE	0
0x0013c500	0xStack[-0x28]	READ	1
0x0013c503	0x0013c508	CONDITIONAL_JUMP	0
0x0013c516	0xStack[-0x28]	READ	1
0x0013c520	0x0013c61c	CONDITIONAL_JUMP	0
0x0013c527	0xStack[-0x18]	READ	0
0x0013c52a	0x0013c4f8	CONDITIONAL_JUMP	0
0x0013c52c	0xStack[-0x18]	READ	1
0x0013c532	0xStack[-0x1c]	READ	1
0x0013c537	0x0013c56c	CONDITIONAL_JUMP	0
0x0013c539	0xStack[-0x20]	WRITE	0
0x0013c53c	0xStack[-0x14]	READ	1
0x0013c541	0xStack[-0x28]	WRITE	0
0x0013c544	0xStack[-0x28]	READ	1
0x0013c547	0x0013c54c	CONDITIONAL_JUMP	0
0x0013c55a	0xStack[-0x28]	READ	1
0x0013c564	0x0013c56c	CONDITIONAL_JUMP	0
0x0013c567	0xStack[-0x20]	READ	0
0x0013c56a	0x0013c53c	CONDITIONAL_JUMP	0
0x0013c56f	0xStack[0x10]	READ	1
0x0013c582	0xStack[-0x18]	READ	0
0x0013c585	0x0013c590	CONDITIONAL_JUMP	0
0x0013c589	0xStack[-0x18]	READ	1
0x0013c593	0xStack[0x10]	READ	1
0x0013c598	0xStack[-0x18]	READ	0
0x0013c59b	0x0013c5fc	CONDITIONAL_JUMP	0
0x0013c5a0	0xStack[-0x14]	READ	1
0x0013c5a5	0xStack[-0x28]	WRITE	0
0x0013c5a8	0xStack[-0x28]	READ	1
0x0013c5ab	0x0013c5b0	CONDITIONAL_JUMP	0
0x0013c5bc	0xStack[-0x28]	READ	1
0x0013c5db	0xStack[0x8]	READ	1
0x0013c5e5	0xStack[0x8]	READ	1
0x0013c5f7	0xStack[-0x18]	READ	0
0x0013c5fa	0x0013c5a0	CONDITIONAL_JUMP	0
0x0013c602	0xStack[-0x10]	READ	1
0x0013c609	0x00192ff8	UNCONDITIONAL_CALL	0
0x0013c60e	0xStack[-0x10]	READ	1
0x0013c612	0x0011a1e0	UNCONDITIONAL_CALL	0
0x0013c617	0xStack[0xc]	READ	1
0x0013c61a	0x0013c633	UNCONDITIONAL_JUMP	0
0x0013c61c	0xStack[-0x10]	READ	1
0x0013c623	0x00192ff8	UNCONDITIONAL_CALL	0
0x0013c628	0xStack[-0x10]	READ	1
0x0013c62c	0x0011a288	UNCONDITIONAL_CALL	0
0x0013c633	0xStack[-0x34]	DATA	0
0x0013c649	0xStack[0x4]	READ	1
0x0013c652	0xStack[0x8]	READ	1
0x0013c65c	0xStack[0x8]	READ	1
0x0013c66e	0x0013c67c	CONDITIONAL_JUMP	0
0x0013c670	0xStack[0x10]	READ	1
0x0013c676	0x0013c701	CONDITIONAL_JUMP	0
0x0013c683	0xStack[0x8]	READ	1
0x0013c692	0xStack[0x8]	READ	1
0x0013c6aa	0x00119b8c	UNCONDITIONAL_CALL	0
0x0013c6af	0xStack[-0x10]	WRITE	0
0x0013c6bb	0x0013c6cc	CONDITIONAL_JUMP	0
0x0013c6be	0x0011a288	UNCONDITIONAL_CALL	0
0x0013c6c8	0x0013c6fd	UNCONDITIONAL_JUMP	0
0x0013c6cd	0x00192ff8	UNCONDITIONAL_CALL	0
0x0013c6df	0x0013c6f8	CONDITIONAL_JUMP	0
0x0013c6e2	0x00192ff8	UNCONDITIONAL_CALL	0
0x0013c6e7	0xStack[-0x10]	READ	1
0x0013c6eb	0x0011a288	UNCONDITIONAL_CALL	0
0x0013c6f5	0x0013c6fd	UNCONDITIONAL_JUMP	0
0x0013c6ff	0x0013c708	CONDITIONAL_JUMP	0
0x0013c703	0x0013c94b	UNCONDITIONAL_JUMP	0
0x0013c70c	0x0013c72c	CONDITIONAL_JUMP	0
0x0013c70e	0xStack[0x10]	READ	1
0x0013c714	0x0013c72c	CONDITIONAL_JUMP	0
0x0013c717	0x00192ff8	UNCONDITIONAL_CALL	0
0x0013c71c	0xStack[-0x10]	READ	1
0x0013c720	0x0011a288	UNCONDITIONAL_CALL	0
0x0013c727	0x0013c94b	UNCONDITIONAL_JUMP	0
0x0013c72c	0xStack[-0xc]	DATA	0
0x0013c730	0x0010ac84	UNCONDITIONAL_CALL	0
0x0013c735	0xStack[-0xc]	READ	1
0x0013c73e	0xStack[0x10]	READ	1
0x0013c744	0x0013c76c	CONDITIONAL_JUMP	0
0x0013c746	0xStack[0xc]	READ	1
0x0013c74c	0x0013c958	UNCONDITIONAL_CALL	0
0x0013c751	0xStack[-0x14]	WRITE	0
0x0013c755	0x00192ff8	UNCONDITIONAL_CALL	0
0x0013c75a	0xStack[-0x10]	READ	1
0x0013c75e	0x0011a1e0	UNCONDITIONAL_CALL	0
0x0013c763	0xStack[-0x14]	READ	1
0x0013c766	0x0013c94b	UNCONDITIONAL_JUMP	0
0x0013c76f	0xStack[0x10]	READ	1
0x0013c774	0xStack[-0x18]	WRITE	0
0x0013c777	0xStack[-0x1c]	WRITE	0
0x0013c77f	0x0013c796	CONDITIONAL_JUMP	0
0x0013c784	0xStack[-0x1c]	READ	1
0x0013c78c	0x0013c796	CONDITIONAL_JUMP	0
0x0013c78f	0xStack[-0x1c]	WRITE	0
0x0013c794	0x0013c784	CONDITIONAL_JUMP	0
0x0013c796	0xStack[-0x1c]	READ	1
0x0013c79c	0x0013c874	CONDITIONAL_JUMP	0
0x0013c7a6	0x0013c7c0	CONDITIONAL_JUMP	0
0x0013c7a9	0x00192ff8	UNCONDITIONAL_CALL	0
0x0013c7ae	0xStack[-0x10]	READ	1
0x0013c7b2	0x0011a288	UNCONDITIONAL_CALL	0
0x0013c7b9	0x0013c94b	UNCONDITIONAL_JUMP	0
0x0013c7c0	0xStack[0xc]	READ	1
0x0013c7c6	0x0013c958	UNCONDITIONAL_CALL	0
0x0013c7cb	0xStack[-0x14]	WRITE	0
0x0013c7d5	0xStack[0xc]	WRITE	0
0x0013c7d8	0xStack[-0x18]	READ	1
0x0013c7db	0xStack[-0x24]	WRITE	0
0x0013c7e4	0x0013c820	CONDITIONAL_JUMP	0
0x0013c7e8	0xStack[0xc]	READ	1
0x0013c7eb	0xStack[-0x24]	READ	1
0x0013c7f0	0x0013c7f5	CONDITIONAL_JUMP	0
0x0013c808	0xStack[-0x20]	WRITE	0
0x0013c80b	0xStack[-0x20]	READ	1
0x0013c815	0xStack[-0x24]	READ_WRITE	0
0x0013c818	0xStack[-0x24]	READ	1
0x0013c81e	0x0013c7e8	CONDITIONAL_JUMP	0
0x0013c823	0xStack[-0x18]	READ	1
0x0013c826	0xStack[-0x24]	WRITE	0
0x0013c835	0xStack[0x8]	READ	1
0x0013c83f	0xStack[0x8]	READ	1
0x0013c84c	0xStack[-0x20]	WRITE	0
0x0013c85e	0x00192ff8	UNCONDITIONAL_CALL	0
0x0013c863	0xStack[-0x10]	READ	1
0x0013c867	0x0011a1e0	UNCONDITIONAL_CALL	0
0x0013c86c	0xStack[-0x14]	READ	1
0x0013c86f	0x0013c94b	UNCONDITIONAL_JUMP	0
0x0013c874	0xStack[-0x1c]	READ	1
0x0013c878	0xStack[0xc]	READ	1
0x0013c87e	0x0013d604	UNCONDITIONAL_CALL	0
0x0013c883	0xStack[-0x14]	WRITE	0
0x0013c88b	0x0013c8a4	CONDITIONAL_JUMP	0
0x0013c88e	0x00192ff8	UNCONDITIONAL_CALL	0
0x0013c893	0xStack[-0x10]	READ	1
0x0013c897	0x0011a288	UNCONDITIONAL_CALL	0
0x0013c89e	0x0013c94b	UNCONDITIONAL_JUMP	0
0x0013c8a4	0xStack[-0x24]	WRITE	0
0x0013c8ab	0xStack[-0x18]	READ	1
0x0013c8ae	0xStack[-0x24]	READ	0
0x0013c8b1	0x0013c8e6	CONDITIONAL_JUMP	0
0x0013c8b4	0xStack[-0x14]	READ	1
0x0013c8b7	0xStack[-0x24]	READ	1
0x0013c8bc	0x0013c8c1	CONDITIONAL_JUMP	0
0x0013c8db	0xStack[-0x24]	READ_WRITE	0
0x0013c8de	0xStack[-0x18]	READ	1
0x0013c8e1	0xStack[-0x24]	READ	0
0x0013c8e4	0x0013c8b4	CONDITIONAL_JUMP	0
0x0013c8e6	0xStack[-0x18]	READ	1
0x0013c8f5	0xStack[0x8]	READ	1
0x0013c8ff	0xStack[0x8]	READ	1
0x0013c90c	0xStack[-0x20]	WRITE	0
0x0013c919	0xStack[-0x1c]	READ	1
0x0013c920	0xStack[-0x18]	READ	0
0x0013c923	0x0013c92f	CONDITIONAL_JUMP	0
0x0013c925	0xStack[-0x1c]	READ	1
0x0013c928	0xStack[-0x18]	READ	1
0x0013c930	0x00192ff8	UNCONDITIONAL_CALL	0
0x0013c935	0xStack[-0x10]	READ	1
0x0013c939	0x0011a1e0	UNCONDITIONAL_CALL	0
0x0013c93e	0xStack[0x8]	READ	1
0x0013c948	0xStack[-0x14]	READ	1
0x0013c94b	0xStack[-0x30]	DATA	0
0x0013c961	0xStack[0x4]	READ	1
0x0013c964	0xStack[0xc]	READ	0
0x0013c968	0x0013c978	CONDITIONAL_JUMP	0
0x0013c96a	0xStack[0x8]	READ	1
0x0013c970	0xStack[0xc]	WRITE	0
0x0013c973	0x0013cb27	UNCONDITIONAL_JUMP	0
0x0013c97d	0xStack[0xc]	READ_WRITE	0
0x0013c980	0xStack[0xc]	READ	1
0x0013c98a	0xStack[0xc]	WRITE	0
0x0013c995	0xStack[0x8]	READ	1
0x0013c99f	0x00142c24	UNCONDITIONAL_CALL	0
0x0013c9a9	0x0013c9b8	CONDITIONAL_JUMP	0
0x0013c9ab	0xStack[0xc]	READ	1
0x0013c9ae	0xStack[-0x8]	WRITE	0
0x0013c9b1	0x0013cb61	UNCONDITIONAL_JUMP	0
0x0013c9bb	0xStack[0xc]	READ	1
0x0013c9c7	0xStack[-0x14]	WRITE	0
0x0013c9cd	0xStack[-0x14]	READ	0
0x0013c9d4	0xStack[0x8]	READ	1
0x0013c9dc	0x0013cb27	CONDITIONAL_JUMP	0
0x0013c9e9	0x0013ca00	CONDITIONAL_JUMP	0
0x0013c9eb	0xStack[-0x14]	READ	1
0x0013c9f8	0xStack[0xc]	WRITE	0
0x0013c9fb	0x0013cb27	UNCONDITIONAL_JUMP	0
0x0013ca05	0xStack[0x8]	READ	1
0x0013ca28	0xStack[-0xc]	WRITE	0
0x0013ca2b	0xStack[-0xc]	READ	1
0x0013ca31	0x0013ca41	CONDITIONAL_JUMP	0
0x0013ca39	0x0013ca41	CONDITIONAL_JUMP	0
0x0013ca3f	0x0013ca34	CONDITIONAL_JUMP	0
0x0013ca44	0x0013ca5d	CONDITIONAL_JUMP	0
0x0013ca48	0xStack[-0xc]	READ	0
0x0013ca4b	0x0013ca5d	CONDITIONAL_JUMP	0
0x0013ca55	0x0013ca68	CONDITIONAL_JUMP	0
0x0013ca58	0xStack[-0xc]	READ	0
0x0013ca5b	0x0013ca50	CONDITIONAL_JUMP	0
0x0013ca62	0x0013cb27	CONDITIONAL_JUMP	0
0x0013ca71	0xStack[-0xc]	WRITE	0
0x0013ca85	0xStack[-0x10]	WRITE	0
0x0013ca8b	0xStack[-0x10]	READ	0
0x0013ca8e	0xStack[-0x8]	WRITE	0
0x0013ca91	0xStack[-0xc]	READ	1
0x0013caa3	0x0013cac8	CONDITIONAL_JUMP	0
0x0013caad	0xStack[-0xc]	READ	1
0x0013cab1	0x001ddb7e	DATA	0
0x0013cab6	0x0010c0d8	UNCONDITIONAL_CALL	0
0x0013cabb	0x001ddb99	DATA	0
0x0013cac0	0x0010ca6c	UNCONDITIONAL_CALL	0
0x0013cacc	0xStack[-0x8]	READ	1
0x0013cad2	0xStack[0x8]	READ	1
0x0013cadc	0x00142c24	UNCONDITIONAL_CALL	0
0x0013cae6	0x0013cb4c	CONDITIONAL_JUMP	0
0x0013caf2	0x0013cb04	CONDITIONAL_JUMP	0
0x0013cafd	0x0013cb04	CONDITIONAL_JUMP	0
0x0013cb01	0x0013cacc	UNCONDITIONAL_JUMP	0
0x0013cb0c	0xStack[-0xc]	READ	1
0x0013cb10	0x001ddbba	DATA	0
0x0013cb15	0x0010c0d8	UNCONDITIONAL_CALL	0
0x0013cb1a	0x001ddbd5	DATA	0
0x0013cb1f	0x0010ca6c	UNCONDITIONAL_CALL	0
0x0013cb2b	0xStack[0xc]	READ	1
0x0013cb2f	0xStack[0x8]	READ	1
0x0013cb34	0x0013d604	UNCONDITIONAL_CALL	0
0x0013cb39	0xStack[-0x8]	WRITE	0
0x0013cb41	0x0013cb58	CONDITIONAL_JUMP	0
0x0013cb45	0x0013cc13	UNCONDITIONAL_JUMP	0
0x0013cb51	0xStack[-0x8]	WRITE	0
0x0013cb54	0x0013cb61	UNCONDITIONAL_JUMP	0
0x0013cb58	0xStack[-0x8]	READ	1
0x0013cb5b	0xStack[0x8]	READ	1
0x0013cb64	0xStack[-0x8]	READ	1
0x0013cb6a	0xStack[0x8]	READ	1
0x0013cb75	0x00142cd0	UNCONDITIONAL_CALL	0
0x0013cb7a	0xStack[0x8]	READ	1
0x0013cb89	0xStack[-0x18]	WRITE	0
0x0013cb98	0xStack[-0x18]	READ	1
0x0013cba4	0xStack[-0x14]	WRITE	0
0x0013cbaa	0xStack[-0x10]	WRITE	0
0x0013cbb1	0xStack[-0x8]	READ	1
0x0013cbc8	0xStack[0x8]	READ	1
0x0013cbd2	0xStack[-0x14]	WRITE	0
0x0013cbee	0xStack[-0x14]	READ	1
0x0013cbf5	0xStack[0x8]	READ	1
0x0013cc0e	0xStack[-0x8]	READ	1
0x0013cc13	0xStack[-0x24]	DATA	0
0x0013cc29	0xStack[0x4]	READ	1
0x0013cc2c	0xStack[0xc]	READ	1
0x0013cc35	0xStack[0x8]	READ	1
0x0013cc3f	0xStack[0x8]	READ	1
0x0013cc51	0x0013ccdd	CONDITIONAL_JUMP	0
0x0013cc5e	0xStack[0x8]	READ	1
0x0013cc6d	0xStack[0x8]	READ	1
0x0013cc85	0x00119b8c	UNCONDITIONAL_CALL	0
0x0013cc8a	0xStack[-0x10]	WRITE	0
0x0013cc96	0x0013cca8	CONDITIONAL_JUMP	0
0x0013cc99	0x0011a288	UNCONDITIONAL_CALL	0
0x0013cca3	0x0013ccd9	UNCONDITIONAL_JUMP	0
0x0013cca9	0x00192ff8	UNCONDITIONAL_CALL	0
0x0013ccbb	0x0013ccd4	CONDITIONAL_JUMP	0
0x0013ccbe	0x00192ff8	UNCONDITIONAL_CALL	0
0x0013ccc3	0xStack[-0x10]	READ	1
0x0013ccc7	0x0011a288	UNCONDITIONAL_CALL	0
0x0013ccd1	0x0013ccd9	UNCONDITIONAL_JUMP	0
0x0013ccdb	0x0013cce4	CONDITIONAL_JUMP	0
0x0013ccdf	0x0013cee2	UNCONDITIONAL_JUMP	0
0x0013cce8	0x0013cd08	CONDITIONAL_JUMP	0
0x0013cceb	0x00192ff8	UNCONDITIONAL_CALL	0
0x0013ccf0	0xStack[-0x10]	READ	1
0x0013ccf4	0x0011a288	UNCONDITIONAL_CALL	0
0x0013ccfb	0x0013cee2	UNCONDITIONAL_JUMP	0
0x0013cd03	0x0013ce40	UNCONDITIONAL_JUMP	0
0x0013cd08	0xStack[-0xc]	DATA	0
0x0013cd0c	0x0010ac84	UNCONDITIONAL_CALL	0
0x0013cd11	0xStack[-0xc]	READ	1
0x0013cd1c	0x0013cd55	CONDITIONAL_JUMP	0
0x0013cd2d	0x0013cd32	CONDITIONAL_JUMP	0
0x0013cd3d	0xStack[-0x1c]	WRITE	0
0x0013cd49	0xStack[-0x1c]	READ	1
0x0013cd4f	0x0013ce40	CONDITIONAL_JUMP	0
0x0013cd5c	0x0013cd61	CONDITIONAL_JUMP	0
0x0013cd64	0xStack[-0x14]	WRITE	0
0x0013cd76	0x0013cd7b	CONDITIONAL_JUMP	0
0x0013cd7e	0xStack[-0x18]	WRITE	0
0x0013cd81	0xStack[-0x14]	READ	1
0x0013cd8c	0xStack[-0x18]	READ	1
0x0013cd95	0x00142fd4	UNCONDITIONAL_CALL	0
0x0013cda1	0x0013cdf2	CONDITIONAL_JUMP	0
0x0013cda3	0xStack[-0x14]	READ	1
0x0013cda7	0xStack[-0x18]	WRITE	0
0x0013cdaa	0xStack[-0x14]	WRITE	0
0x0013cdbe	0x00142fd4	UNCONDITIONAL_CALL	0
0x0013cdca	0x0013cdf2	CONDITIONAL_JUMP	0
0x0013cdd7	0xStack[0x8]	READ	1
0x0013cddb	0x001ddbf7	DATA	0
0x0013cde0	0x0010c0d8	UNCONDITIONAL_CALL	0
0x0013cde5	0x001ddc16	DATA	0
0x0013cdea	0x0010ca6c	UNCONDITIONAL_CALL	0
0x0013cdf2	0xStack[-0x14]	READ	1
0x0013cdf5	0xStack[-0x18]	READ	1
0x0013ce12	0x0013cd00	CONDITIONAL_JUMP	0
0x0013ce20	0x0013ce10	CONDITIONAL_JUMP	0
0x0013ce29	0x001ddc2e	DATA	0
0x0013ce2e	0x0010c0d8	UNCONDITIONAL_CALL	0
0x0013ce33	0x001ddc37	DATA	0
0x0013ce38	0x0010ca6c	UNCONDITIONAL_CALL	0
0x0013ce44	0x0013ce49	CONDITIONAL_JUMP	0
0x0013ce71	0xStack[0x8]	READ	1
0x0013ce7b	0xStack[0x8]	READ	1
0x0013ce92	0xStack[0x10]	READ	1
0x0013ce9f	0x0013cec7	CONDITIONAL_JUMP	0
0x0013cead	0xStack[0x8]	READ	1
0x0013ceb7	0xStack[0x8]	READ	1
0x0013cec8	0x00192ff8	UNCONDITIONAL_CALL	0
0x0013cecd	0xStack[-0x10]	READ	1
0x0013ced1	0x0011a1e0	UNCONDITIONAL_CALL	0
0x0013ced6	0xStack[0x8]	READ	1
0x0013cee2	0xStack[-0x28]	DATA	0
0x0013cef8	0xStack[0xc]	READ	1
0x0013cefb	0xStack[0x4]	READ	1
0x0013cf06	0x0013cf11	CONDITIONAL_JUMP	0
0x0013cf0f	0x0013cf39	CONDITIONAL_JUMP	0
0x0013cf1a	0xStack[0x4]	READ	1
0x0013cf22	0x001ddc52	DATA	0
0x0013cf27	0x0010c0d8	UNCONDITIONAL_CALL	0
0x0013cf2c	0x001ddc7e	DATA	0
0x0013cf31	0x0010ca6c	UNCONDITIONAL_CALL	0
0x0013cf39	0xStack[0x8]	READ	1
0x0013cf43	0xStack[-0x18]	WRITE	0
0x0013cf46	0xStack[0x8]	READ	1
0x0013cf4b	0x00142bec	UNCONDITIONAL_CALL	0
0x0013cf57	0x0013cf74	CONDITIONAL_JUMP	0
0x0013cf59	0xStack[0x4]	READ	1
0x0013cf60	0xStack[0x8]	READ	1
0x0013cf64	0x001ddc93	DATA	0
0x0013cf69	0x0010c0d8	UNCONDITIONAL_CALL	0
0x0013cf6e	0x0013d3e3	UNCONDITIONAL_JUMP	0
0x0013cf7b	0xStack[-0x18]	READ	1
0x0013cf8a	0xStack[-0x18]	READ	1
0x0013cf9e	0xStack[0x4]	READ	1
0x0013cfa5	0x00119b8c	UNCONDITIONAL_CALL	0
0x0013cfaa	0xStack[-0x14]	WRITE	0
0x0013cfb0	0xStack[-0x10]	WRITE	0
0x0013cfb9	0x0013cfc8	CONDITIONAL_JUMP	0
0x0013cfbc	0x0011a288	UNCONDITIONAL_CALL	0
0x0013cfc6	0x0013d001	UNCONDITIONAL_JUMP	0
0x0013cfc8	0xStack[-0x10]	READ	1
0x0013cfcc	0x00192ff8	UNCONDITIONAL_CALL	0
0x0013cfd4	0xStack[-0x10]	READ	1
0x0013cfe1	0x0013cffc	CONDITIONAL_JUMP	0
0x0013cfe4	0x00192ff8	UNCONDITIONAL_CALL	0
0x0013cfe9	0xStack[-0x14]	READ	1
0x0013cfed	0x0011a288	UNCONDITIONAL_CALL	0
0x0013cff7	0x0013d001	UNCONDITIONAL_JUMP	0
0x0013d003	0x0013d3e3	CONDITIONAL_JUMP	0
0x0013d009	0xStack[-0xc]	DATA	0
0x0013d00d	0x0010ac84	UNCONDITIONAL_CALL	0
0x0013d012	0xStack[-0xc]	READ	1
0x0013d015	0xStack[-0x10]	READ	1
0x0013d01b	0xStack[0x8]	READ	1
0x0013d025	0xStack[0x8]	WRITE	0
0x0013d02e	0x0013d118	CONDITIONAL_JUMP	0
0x0013d03c	0xStack[-0x10]	READ	1
0x0013d047	0x00142c24	UNCONDITIONAL_CALL	0
0x0013d051	0x0013d07d	CONDITIONAL_JUMP	0
0x0013d05a	0xStack[0x8]	READ	1
0x0013d05e	0xStack[0x4]	READ	1
0x0013d066	0x001ddca9	DATA	0
0x0013d06b	0x0010c0d8	UNCONDITIONAL_CALL	0
0x0013d070	0x001ddcca	DATA	0
0x0013d075	0x0010ca6c	UNCONDITIONAL_CALL	0
0x0013d080	0xStack[0x8]	READ	1
0x0013d08a	0x00142d5c	UNCONDITIONAL_CALL	0
0x0013d08f	0xStack[-0x10]	READ	1
0x0013d09e	0xStack[-0x18]	READ	1
0x0013d0aa	0xStack[-0x18]	READ	1
0x0013d0b4	0xStack[-0x3c]	WRITE	0
0x0013d0ba	0xStack[-0x84]	WRITE	0
0x0013d0c1	0xStack[0x8]	READ	1
0x0013d0d3	0xStack[-0x24]	WRITE	0
0x0013d0d9	0xStack[-0x10]	READ	1
0x0013d0e3	0xStack[-0x44]	WRITE	0
0x0013d103	0xStack[-0x24]	READ	1
0x0013d106	0xStack[-0x10]	READ	1
0x0013d110	0x0013d393	UNCONDITIONAL_JUMP	0
0x0013d11f	0xStack[0x8]	READ	1
0x0013d122	0xStack[-0x20]	WRITE	0
0x0013d125	0xStack[-0x88]	WRITE	0
0x0013d12b	0x0013d136	CONDITIONAL_JUMP	0
0x0013d130	0xStack[-0x88]	WRITE	0
0x0013d136	0xStack[-0x88]	READ	1
0x0013d13f	0xStack[-0x10]	READ	1
0x0013d151	0xStack[-0x20]	READ	1
0x0013d158	0xStack[-0x4c]	WRITE	0
0x0013d164	0xStack[-0x84]	WRITE	0
0x0013d16d	0xStack[-0x84]	READ_WRITE	0
0x0013d170	0xStack[-0x4c]	READ	1
0x0013d173	0xStack[-0x84]	READ	1
0x0013d178	0xStack[-0x10]	READ	1
0x0013d181	0x00142b34	UNCONDITIONAL_CALL	0
0x0013d18d	0xStack[-0x1c]	WRITE	0
0x0013d190	0xStack[-0x24]	WRITE	0
0x0013d19a	0xStack[-0x24]	READ	0
0x0013d19d	0x0013d21a	CONDITIONAL_JUMP	0
0x0013d1a0	0xStack[0x8]	READ	1
0x0013d1a3	0xStack[-0x24]	READ	1
0x0013d1a8	0x0013d1ad	CONDITIONAL_JUMP	0
0x0013d1b0	0xStack[-0x10]	READ	1
0x0013d1c6	0xStack[-0x54]	WRITE	0
0x0013d1cc	0x0013d1f5	CONDITIONAL_JUMP	0
0x0013d1d6	0xStack[0x4]	READ	1
0x0013d1de	0x001ddce9	DATA	0
0x0013d1e3	0x0010c0d8	UNCONDITIONAL_CALL	0
0x0013d1e8	0x001ddd0a	DATA	0
0x0013d1ed	0x0010ca6c	UNCONDITIONAL_CALL	0
0x0013d1fa	0xStack[-0x54]	READ	1
0x0013d1ff	0xStack[-0x84]	WRITE	0
0x0013d202	0xStack[-0x84]	READ	1
0x0013d205	0xStack[-0x10]	READ	1
0x0013d20f	0xStack[-0x24]	READ_WRITE	0
0x0013d212	0xStack[-0x1c]	READ	1
0x0013d215	0xStack[-0x24]	READ	0
0x0013d218	0x0013d1a0	CONDITIONAL_JUMP	0
0x0013d21a	0xStack[-0x24]	READ	1
0x0013d21d	0xStack[-0x10]	READ	1
0x0013d22c	0xStack[-0x18]	READ	1
0x0013d238	0xStack[-0x18]	READ	1
0x0013d244	0xStack[-0x84]	WRITE	0
0x0013d24a	0xStack[-0x60]	WRITE	0
0x0013d24d	0xStack[-0x24]	READ	1
0x0013d254	0xStack[-0x20]	READ	1
0x0013d259	0x0013d25e	CONDITIONAL_JUMP	0
0x0013d261	0xStack[-0x84]	WRITE	0
0x0013d264	0xStack[-0x10]	READ	1
0x0013d26f	0xStack[-0x64]	WRITE	0
0x0013d279	0xStack[-0x20]	READ	1
0x0013d27e	0xStack[-0x64]	READ	1
0x0013d28d	0xStack[-0x84]	WRITE	0
0x0013d296	0xStack[-0x84]	READ_WRITE	0
0x0013d29b	0xStack[-0x84]	READ	1
0x0013d2a0	0xStack[-0x10]	READ	1
0x0013d2a9	0x00142b34	UNCONDITIONAL_CALL	0
0x0013d2b1	0xStack[-0x20]	READ	1
0x0013d2b9	0xStack[-0x10]	READ	1
0x0013d2c4	0x00142c24	UNCONDITIONAL_CALL	0
0x0013d2d0	0x0013d393	CONDITIONAL_JUMP	0
0x0013d2d9	0xStack[-0x10]	READ	1
0x0013d2eb	0xStack[-0x18]	READ	1
0x0013d2f7	0xStack[-0x18]	READ	1
0x0013d301	0xStack[-0x70]	WRITE	0
0x0013d307	0xStack[-0x84]	WRITE	0
0x0013d311	0xStack[-0x10]	READ	1
0x0013d320	0xStack[-0x18]	READ	1
0x0013d32c	0xStack[-0x18]	READ	1
0x0013d336	0xStack[-0x78]	WRITE	0
0x0013d33c	0xStack[-0x84]	WRITE	0
0x0013d343	0xStack[-0x20]	READ	1
0x0013d355	0xStack[-0x24]	WRITE	0
0x0013d35b	0xStack[-0x10]	READ	1
0x0013d365	0xStack[-0x80]	WRITE	0
0x0013d389	0xStack[-0x24]	READ	1
0x0013d38c	0xStack[-0x10]	READ	1
0x0013d399	0xStack[-0x10]	READ	1
0x0013d39d	0x00192ff8	UNCONDITIONAL_CALL	0
0x0013d3a2	0xStack[-0x14]	READ	1
0x0013d3a6	0x0011a1e0	UNCONDITIONAL_CALL	0
0x0013d3b5	0x0013d3e3	CONDITIONAL_JUMP	0
0x0013d3ce	0x0013d3e3	CONDITIONAL_JUMP	0
0x0013d3d7	0x0010ab38	UNCONDITIONAL_CALL	0
0x0013d3e3	0xStack[-0x94]	DATA	0
0x0013d3f9	0xStack[0x8]	READ	1
0x0013d3fc	0xStack[0x4]	READ	1
0x0013d40e	0x0013d434	CONDITIONAL_JUMP	0
0x0013d41d	0x001ddd28	DATA	0
0x0013d422	0x0010c0d8	UNCONDITIONAL_CALL	0
0x0013d427	0x001ddd47	DATA	0
0x0013d42c	0x0010ca6c	UNCONDITIONAL_CALL	0
0x0013d43e	0xStack[-0x14]	WRITE	0
0x0013d44f	0xStack[-0x24]	WRITE	0
0x0013d457	0xStack[-0x14]	READ	1
0x0013d45e	0xStack[-0x24]	READ	1
0x0013d46e	0xStack[0x4]	READ	1
0x0013d475	0x00119b8c	UNCONDITIONAL_CALL	0
0x0013d47a	0xStack[-0x10]	WRITE	0
0x0013d486	0x0013d49c	CONDITIONAL_JUMP	0
0x0013d489	0x0011a288	UNCONDITIONAL_CALL	0
0x0013d48e	0xStack[-0x28]	WRITE	0
0x0013d498	0x0013d4d3	UNCONDITIONAL_JUMP	0
0x0013d49d	0x00192ff8	UNCONDITIONAL_CALL	0
0x0013d4af	0x0013d4cc	CONDITIONAL_JUMP	0
0x0013d4b2	0x00192ff8	UNCONDITIONAL_CALL	0
0x0013d4b7	0xStack[-0x10]	READ	1
0x0013d4bb	0x0011a288	UNCONDITIONAL_CALL	0
0x0013d4c0	0xStack[-0x28]	WRITE	0
0x0013d4ca	0x0013d4d3	UNCONDITIONAL_JUMP	0
0x0013d4cc	0xStack[-0x28]	WRITE	0
0x0013d4d3	0xStack[-0x28]	READ	0
0x0013d4d7	0x0013d5f7	CONDITIONAL_JUMP	0
0x0013d4dd	0xStack[-0xc]	DATA	0
0x0013d4e1	0x0010ac84	UNCONDITIONAL_CALL	0
0x0013d4e6	0xStack[-0xc]	READ	1
0x0013d4fb	0xStack[-0x18]	WRITE	0
0x0013d50b	0xStack[-0x1c]	WRITE	0
0x0013d514	0x0013d53d	CONDITIONAL_JUMP	0
0x0013d51e	0xStack[0x4]	READ	1
0x0013d526	0x001ddd54	DATA	0
0x0013d52b	0x0010c0d8	UNCONDITIONAL_CALL	0
0x0013d530	0x001ddd73	DATA	0
0x0013d535	0x0010ca6c	UNCONDITIONAL_CALL	0
0x0013d542	0xStack[-0x1c]	READ	1
0x0013d547	0xStack[-0x18]	READ	1
0x0013d554	0x0013d559	CONDITIONAL_JUMP	0
0x0013d565	0xStack[-0x14]	READ	1
0x0013d56f	0xStack[-0x14]	READ	1
0x0013d580	0xStack[0xc]	READ	1
0x0013d58d	0x0013d5b5	CONDITIONAL_JUMP	0
0x0013d59b	0xStack[-0x14]	READ	1
0x0013d5a5	0xStack[-0x14]	READ	1
0x0013d5bc	0x00192ff8	UNCONDITIONAL_CALL	0
0x0013d5c1	0xStack[-0x10]	READ	1
0x0013d5c5	0x0011a1e0	UNCONDITIONAL_CALL	0
0x0013d5d4	0x0013d5f7	CONDITIONAL_JUMP	0
0x0013d5e2	0x0013d5f7	CONDITIONAL_JUMP	0
0x0013d5eb	0x0010ab38	UNCONDITIONAL_CALL	0
0x0013d5f7	0xStack[-0x34]	DATA	0
0x0013d60d	0xStack[0xc]	READ	1
0x0013d612	0x0013d630	CONDITIONAL_JUMP	0
0x0013d614	0xStack[0x4]	READ	1
0x0013d620	0x0013d625	CONDITIONAL_JUMP	0
0x0013d628	0xStack[-0x18]	WRITE	0
0x0013d62b	0x0013d643	UNCONDITIONAL_JUMP	0
0x0013d630	0xStack[0x8]	READ	1
0x0013d638	0x0013d63d	CONDITIONAL_JUMP	0
0x0013d640	0xStack[-0x18]	WRITE	0
0x0013d643	0xStack[0x4]	READ	1
0x0013d651	0x0013d656	CONDITIONAL_JUMP	0
0x0013d65b	0xStack[-0x18]	READ	1
0x0013d65e	0xStack[0x4]	READ	1
0x0013d668	0x0013d66d	CONDITIONAL_JUMP	0
0x0013d675	0xStack[0x10]	READ	1
0x0013d688	0x001de3a4	DATA	1
0x0013d690	0xStack[-0x18]	READ	1
0x0013d693	0xStack[0x8]	READ	1
0x0013d69f	0x00142fa0	UNCONDITIONAL_CALL	0
0x0013d6ab	0x0013d725	CONDITIONAL_JUMP	0
0x0013d6ad	0xStack[-0x18]	READ	1
0x0013d6b1	0xStack[-0x18]	WRITE	0
0x0013d6b8	0xStack[0x4]	READ	1
0x0013d6c2	0x0013d6c7	CONDITIONAL_JUMP	0
0x0013d6cf	0xStack[0x10]	READ	1
0x0013d6e2	0x001de3a4	DATA	1
0x0013d6ea	0xStack[0x8]	READ	1
0x0013d6f4	0x00142fa0	UNCONDITIONAL_CALL	0
0x0013d700	0x0013d725	CONDITIONAL_JUMP	0
0x0013d702	0xStack[0x4]	READ	1
0x0013d70e	0x001ddd8d	DATA	0
0x0013d713	0x0010c0d8	UNCONDITIONAL_CALL	0
0x0013d718	0x001dddac	DATA	0
0x0013d71d	0x0010ca6c	UNCONDITIONAL_CALL	0
0x0013d725	0xStack[-0x18]	READ	1
0x0013d733	0xStack[0x8]	READ	1
0x0013d73c	0xStack[-0x8]	WRITE	0
0x0013d741	0x0013d7d8	CONDITIONAL_JUMP	0
0x0013d74c	0x0013d751	CONDITIONAL_JUMP	0
0x0013d754	0xStack[0x8]	READ	1
0x0013d76c	0xStack[0x4]	READ	1
0x0013d772	0xStack[-0x14]	WRITE	0
0x0013d787	0xStack[-0xc]	WRITE	0
0x0013d78a	0xStack[-0xc]	READ_WRITE	0
0x0013d78d	0xStack[0x10]	READ	1
0x0013d790	0x001de15c	DATA	1
0x0013d797	0xStack[-0x18]	WRITE	0
0x0013d79a	0xStack[0x10]	READ	1
0x0013d79d	0x001de180	DATA	1
0x0013d7a6	0xStack[-0x14]	READ	1
0x0013d7ad	0x0013d7c9	CONDITIONAL_JUMP	0
0x0013d7af	0xStack[-0x10]	WRITE	0
0x0013d7b4	0xStack[-0xc]	READ	1
0x0013d7b7	0xStack[-0x18]	READ	1
0x0013d7bc	0x0013d800	CONDITIONAL_JUMP	0
0x0013d7be	0xStack[-0x18]	READ_WRITE	0
0x0013d7c4	0xStack[-0x10]	READ	0
0x0013d7c7	0x0013d7b4	CONDITIONAL_JUMP	0
0x0013d7c9	0xStack[0x4]	READ	1
0x0013d7cf	0xStack[-0x8]	READ	0
0x0013d7d2	0x0013d748	CONDITIONAL_JUMP	0
0x0013d7d8	0xStack[0x4]	READ	1
0x0013d7e2	0x001dddc3	DATA	0
0x0013d7e7	0x0010c0d8	UNCONDITIONAL_CALL	0
0x0013d7ec	0x001dddd6	DATA	0
0x0013d7f1	0x0010ca6c	UNCONDITIONAL_CALL	0
0x0013d803	0xStack[-0x24]	DATA	0
0x0013d813	0xStack[0x8]	READ	1
0x0013d817	0xStack[0x4]	READ	1
0x0013d820	0x001dddf0	DATA	0
0x0013d827	0x0010c1c0	UNCONDITIONAL_CALL	0
0x0013d839	0xStack[0x10]	READ	1
0x0013d83c	0xStack[-0x8]	WRITE	0
0x0013d843	0xStack[-0x18]	WRITE	0
0x0013d84a	0xStack[0x8]	READ	0
0x0013d84e	0x0013dba6	CONDITIONAL_JUMP	0
0x0013d854	0xStack[0x4]	READ	1
0x0013d85a	0xStack[-0xc]	WRITE	0
0x0013d85d	0x001ef2e0	WRITE	0
0x0013d867	0x001ef2e4	WRITE	0
0x0013d871	0xStack[0xc]	READ	1
0x0013d877	0x0013d87f	CONDITIONAL_JUMP	0
0x0013d87c	0xStack[0xc]	WRITE	0
0x0013d87f	0xStack[0x4]	READ	1
0x0013d885	0xStack[-0xc]	READ	1
0x0013d88b	0xStack[-0x2c]	WRITE	0
0x0013d894	0xStack[0xc]	READ	0
0x0013d898	0x0013d995	CONDITIONAL_JUMP	0
0x0013d8a1	0x0013d995	CONDITIONAL_JUMP	0
0x0013d8a7	0xStack[0x8]	READ	0
0x0013d8aa	0x0013d995	CONDITIONAL_JUMP	0
0x0013d8b0	0xStack[0x4]	READ	1
0x0013d8bb	0x0013d995	CONDITIONAL_JUMP	0
0x0013d8c4	0x0013d8cf	CONDITIONAL_JUMP	0
0x0013d8cd	0x0013d8d8	CONDITIONAL_JUMP	0
0x0013d8cf	0xStack[-0xc]	READ	1
0x0013d8d5	0x0013d8f0	UNCONDITIONAL_JUMP	0
0x0013d8d8	0xStack[-0xc]	READ	1
0x0013d8e4	0xStack[-0xc]	READ	1
0x0013d8f0	0xStack[-0xc]	READ	1
0x0013d8f6	0xStack[-0x2c]	WRITE	0
0x0013d8fb	0x0013d995	CONDITIONAL_JUMP	0
0x0013d903	0x0013d995	CONDITIONAL_JUMP	0
0x0013d90b	0xStack[0x4]	READ	1
0x0013d916	0xStack[0x4]	READ	1
0x0013d91a	0x0013c0ac	UNCONDITIONAL_CALL	0
0x0013d925	0xStack[0x4]	READ	1
0x0013d930	0xStack[0x4]	READ	1
0x0013d934	0x0013baa0	UNCONDITIONAL_CALL	0
0x0013d940	0x0013d9ba	CONDITIONAL_JUMP	0
0x0013d945	0xStack[-0xc]	READ	1
0x0013d94c	0xStack[0x4]	READ	1
0x0013d952	0xStack[-0xc]	READ	1
0x0013d95f	0xStack[0x4]	READ	1
0x0013d96d	0xStack[0x14]	READ	0
0x0013d971	0x0013d98c	CONDITIONAL_JUMP	0
0x0013d974	0x0011a168	UNCONDITIONAL_CALL	0
0x0013d97b	0xStack[0x4]	READ	1
0x0013d97f	0x00140eb4	UNCONDITIONAL_CALL	0
0x0013d987	0x0013d995	UNCONDITIONAL_JUMP	0
0x0013d98d	0x0011a1e0	UNCONDITIONAL_CALL	0
0x0013d995	0xStack[0x8]	READ	0
0x0013d999	0x0013db64	CONDITIONAL_JUMP	0
0x0013d99f	0xStack[0x8]	READ	1
0x0013d9a2	0xStack[0x4]	READ	1
0x0013d9ac	0xStack[0xc]	READ	0
0x0013d9b0	0x0013d9c4	CONDITIONAL_JUMP	0
0x0013d9b4	0x0013dae7	CONDITIONAL_JUMP	0
0x0013d9bf	0x0013de0a	UNCONDITIONAL_JUMP	0
0x0013d9c6	0x0013da3c	CONDITIONAL_JUMP	0
0x0013d9c8	0xStack[0x8]	READ	1
0x0013d9cc	0xStack[-0xc]	READ	1
0x0013d9d3	0xStack[0x4]	READ	1
0x0013d9db	0x0013dae7	CONDITIONAL_JUMP	0
0x0013d9e8	0xStack[-0x24]	WRITE	0
0x0013d9f2	0xStack[-0xc]	READ	1
0x0013da04	0x0013dae7	CONDITIONAL_JUMP	0
0x0013da0c	0xStack[0x4]	READ	1
0x0013da16	0xStack[0x8]	READ	1
0x0013da1b	0xStack[0x4]	READ	1
0x0013da1f	0x0013c0ac	UNCONDITIONAL_CALL	0
0x0013da2b	0xStack[0x4]	READ	1
0x0013da2f	0x0013baa0	UNCONDITIONAL_CALL	0
0x0013da39	0x0013da8f	UNCONDITIONAL_JUMP	0
0x0013da3c	0xStack[0x8]	READ	1
0x0013da40	0xStack[-0xc]	READ	1
0x0013da49	0xStack[0x4]	READ	1
0x0013da4f	0x0013da60	CONDITIONAL_JUMP	0
0x0013da5c	0x0013da62	UNCONDITIONAL_JUMP	0
0x0013da63	0xStack[0x4]	READ	1
0x0013da6d	0xStack[0x8]	READ	1
0x0013da72	0xStack[0x4]	READ	1
0x0013da76	0x0013c0ac	UNCONDITIONAL_CALL	0
0x0013da81	0xStack[0x4]	READ	1
0x0013da85	0x0013b768	UNCONDITIONAL_CALL	0
0x0013da91	0x0013d9ba	CONDITIONAL_JUMP	0
0x0013da97	0xStack[-0xc]	READ	1
0x0013daa6	0xStack[0x14]	READ	0
0x0013daaa	0x0013dab5	CONDITIONAL_JUMP	0
0x0013daac	0xStack[0x14]	READ	1
0x0013dab5	0xStack[0x4]	READ	1
0x0013dac6	0x0013dad0	CONDITIONAL_JUMP	0
0x0013dac9	0x0011a168	UNCONDITIONAL_CALL	0
0x0013dace	0x0013dad6	UNCONDITIONAL_JUMP	0
0x0013dad1	0x0011a1e0	UNCONDITIONAL_CALL	0
0x0013dad6	0xStack[0x8]	READ	1
0x0013dad9	0xStack[0x4]	READ	1
0x0013dae7	0xStack[0x8]	READ	0
0x0013daeb	0x0013db5a	CONDITIONAL_JUMP	0
0x0013daed	0xStack[-0xc]	READ	1
0x0013daf3	0xStack[0x8]	READ	1
0x0013daf6	0xStack[0x4]	READ	1
0x0013db04	0x001ef2e0	WRITE	0
0x0013db09	0xStack[0x8]	READ	1
0x0013db10	0x0013db32	CONDITIONAL_JUMP	0
0x0013db12	0xStack[0x8]	READ	1
0x0013db18	0xStack[-0x24]	WRITE	0
0x0013db1b	0xStack[-0xc]	READ	1
0x0013db21	0xStack[-0x24]	READ	1
0x0013db28	0xStack[0x4]	READ	1
0x0013db30	0x0013db3c	CONDITIONAL_JUMP	0
0x0013db32	0xStack[-0xc]	READ	1
0x0013db38	0x0013db54	UNCONDITIONAL_JUMP	0
0x0013db3c	0xStack[-0xc]	READ	1
0x0013db48	0xStack[-0xc]	READ	1
0x0013db54	0x001ef2e4	WRITE	0
0x0013db5c	0x0013de0a	UNCONDITIONAL_JUMP	0
0x0013db64	0xStack[-0x1c]	WRITE	0
0x0013db6b	0xStack[-0x10]	WRITE	0
0x0013db72	0xStack[0x8]	READ	1
0x0013db75	0xStack[-0x14]	WRITE	0
0x0013db7d	0xStack[0x8]	WRITE	0
0x0013db85	0xStack[-0xc]	READ	1
0x0013db8c	0xStack[-0x10]	READ	1
0x0013db92	0xStack[-0x10]	WRITE	0
0x0013db95	0xStack[0x8]	READ	0
0x0013db98	0x0013dba2	CONDITIONAL_JUMP	0
0x0013db9a	0xStack[0x8]	READ_WRITE	0
0x0013dba0	0x0013db8c	CONDITIONAL_JUMP	0
0x0013dba4	0x0013dbb8	CONDITIONAL_JUMP	0
0x0013dba6	0x001e875c	READ	1
0x0013dbb1	0x0013de0a	UNCONDITIONAL_JUMP	0
0x0013dbbf	0xStack[-0x20]	WRITE	0
0x0013dbc2	0xStack[0x4]	READ	1
0x0013dbce	0x0013ddc6	CONDITIONAL_JUMP	0
0x0013dbd4	0xStack[0xc]	READ	0
0x0013dbd8	0x0013d9ba	CONDITIONAL_JUMP	0
0x0013dbe2	0xStack[-0x14]	READ	1
0x0013dbe6	0xStack[0x4]	READ	1
0x0013dbea	0x0013c0ac	UNCONDITIONAL_CALL	0
0x0013dbef	0xStack[-0x1c]	WRITE	0
0x0013dbf2	0xStack[-0xc]	READ	1
0x0013dbf9	0xStack[-0x1c]	READ	1
0x0013dbfd	0xStack[0x4]	READ	1
0x0013dc01	0x0013b768	UNCONDITIONAL_CALL	0
0x0013dc0d	0x0013dc44	CONDITIONAL_JUMP	0
0x0013dc0f	0x0013d9ba	UNCONDITIONAL_JUMP	0
0x0013dc15	0x0011a288	UNCONDITIONAL_CALL	0
0x0013dc1c	0x0013de0a	UNCONDITIONAL_JUMP	0
0x0013dc25	0x0011a288	UNCONDITIONAL_CALL	0
0x0013dc2f	0x0013de0a	UNCONDITIONAL_JUMP	0
0x0013dc35	0x0011a288	UNCONDITIONAL_CALL	0
0x0013dc3f	0x0013de0a	UNCONDITIONAL_JUMP	0
0x0013dc44	0xStack[-0xc]	READ	1
0x0013dc54	0x0011a168	UNCONDITIONAL_CALL	0
0x0013dc59	0xStack[-0x20]	READ	1
0x0013dc5c	0xStack[0x4]	READ	1
0x0013dc6d	0xStack[0x14]	READ	0
0x0013dc71	0x0013ddc6	CONDITIONAL_JUMP	0
0x0013dc77	0xStack[0x14]	READ	1
0x0013dc80	0x0013ddc6	UNCONDITIONAL_JUMP	0
0x0013dc88	0xStack[-0xc]	READ	1
0x0013dc8f	0xStack[-0xc]	READ	1
0x0013dc99	0xStack[-0x24]	WRITE	0
0x0013dc9d	0xStack[0x4]	READ	1
0x0013dca4	0x00119b8c	UNCONDITIONAL_CALL	0
0x0013dcb1	0x0013dc14	CONDITIONAL_JUMP	0
0x0013dcba	0xStack[-0x18]	WRITE	0
0x0013dcbd	0xStack[-0xc]	READ	1
0x0013dcc3	0xStack[-0x3c]	WRITE	0
0x0013dcc6	0xStack[-0x10]	READ	1
0x0013dccc	0xStack[-0x10]	WRITE	0
0x0013dccf	0xStack[0x8]	READ	1
0x0013dcd3	0xStack[-0x10]	READ	0
0x0013dcdb	0xStack[-0x8]	WRITE	0
0x0013dcde	0xStack[-0x18]	READ	1
0x0013dcea	0x0013ddbc	CONDITIONAL_JUMP	0
0x0013dcf0	0xStack[0xc]	READ	0
0x0013dcf4	0x0013dc24	CONDITIONAL_JUMP	0
0x0013dcfa	0xStack[-0x1c]	READ	0
0x0013dcfe	0x0013dd2f	CONDITIONAL_JUMP	0
0x0013dd03	0x0013dd14	CONDITIONAL_JUMP	0
0x0013dd09	0xStack[-0x14]	READ	1
0x0013dd0d	0xStack[0x4]	READ	1
0x0013dd11	0x0013dd24	UNCONDITIONAL_JUMP	0
0x0013dd14	0xStack[-0x18]	READ	1
0x0013dd18	0xStack[-0x8]	READ	1
0x0013dd1c	0xStack[-0x14]	READ	1
0x0013dd20	0xStack[0x4]	READ	1
0x0013dd24	0x0013c0ac	UNCONDITIONAL_CALL	0
0x0013dd29	0xStack[-0x1c]	WRITE	0
0x0013dd2f	0xStack[-0xc]	READ	1
0x0013dd36	0xStack[-0x1c]	READ	1
0x0013dd3a	0xStack[0x4]	READ	1
0x0013dd3e	0x0013b768	UNCONDITIONAL_CALL	0
0x0013dd43	0xStack[-0x28]	WRITE	0
0x0013dd4b	0x0013dc34	CONDITIONAL_JUMP	0
0x0013dd51	0xStack[-0xc]	READ	1
0x0013dd57	0xStack[-0x28]	READ	1
0x0013dd66	0x0013dd81	CONDITIONAL_JUMP	0
0x0013dd68	0xStack[0x4]	READ	1
0x0013dd79	0x0013dd81	CONDITIONAL_JUMP	0
0x0013dd7b	0xStack[0x14]	READ	0
0x0013dd7f	0x0013dd8c	CONDITIONAL_JUMP	0
0x0013dd81	0xStack[-0x28]	READ	1
0x0013dd85	0x0011a168	UNCONDITIONAL_CALL	0
0x0013dd8a	0x0013dd95	UNCONDITIONAL_JUMP	0
0x0013dd8c	0xStack[-0x28]	READ	1
0x0013dd90	0x0011a1e0	UNCONDITIONAL_CALL	0
0x0013dd9c	0xStack[-0x8]	READ	1
0x0013dd9f	0xStack[-0x18]	READ	1
0x0013dda5	0xStack[0x14]	READ	0
0x0013dda9	0x0013ddb4	CONDITIONAL_JUMP	0
0x0013ddac	0x0011a168	UNCONDITIONAL_CALL	0
0x0013ddb1	0x0013ddc2	UNCONDITIONAL_JUMP	0
0x0013ddb5	0x0011a1e0	UNCONDITIONAL_CALL	0
0x0013ddba	0x0013ddc2	UNCONDITIONAL_JUMP	0
0x0013ddbd	0x0011a288	UNCONDITIONAL_CALL	0
0x0013ddc9	0x0013dc88	CONDITIONAL_JUMP	0
0x0013ddcf	0xStack[-0xc]	READ	1
0x0013ddd6	0xStack[-0x8]	READ	0
0x0013ddd9	0x0013de08	CONDITIONAL_JUMP	0
0x0013dddb	0xStack[-0x8]	READ	1
0x0013ddde	0xStack[-0x18]	READ	1
0x0013dde7	0xStack[-0x28]	WRITE	0
0x0013ddea	0xStack[-0xc]	READ	1
0x0013ddf2	0xStack[-0x28]	READ	1
0x0013ddf7	0x001ef2e0	WRITE	0
0x0013ddfc	0xStack[-0xc]	READ	1
0x0013de02	0x001ef2e4	WRITE	0
0x0013de0a	0xStack[-0x54]	DATA	0
0x0013de18	0xStack[0x4]	READ	1
0x0013de1d	0x0013de2b	CONDITIONAL_JUMP	0
0x0013de20	0x001932bc	UNCONDITIONAL_CALL	0
0x0013de26	0x0011a288	UNCONDITIONAL_CALL	0
0x0013de2b	0xStack[-0x8]	READ	1
0x0013de3d	0xStack[0x4]	READ	1
0x0013de40	0xStack[-0x8]	WRITE	0
0x0013de47	0xStack[-0xc]	WRITE	0
0x0013de50	0xStack[0x8]	READ	1
0x0013de60	0xStack[-0x18]	WRITE	0
0x0013de6f	0x0013de7c	CONDITIONAL_JUMP	0
0x0013de76	0x0013e18f	UNCONDITIONAL_JUMP	0
0x0013de7f	0x00141f44	UNCONDITIONAL_CALL	0
0x0013de8b	0x0013e18f	CONDITIONAL_JUMP	0
0x0013de93	0xStack[0x8]	READ	1
0x0013de9b	0x0011b610	UNCONDITIONAL_CALL	0
0x0013dea5	0x0013def9	CONDITIONAL_JUMP	0
0x0013deae	0xStack[0xc]	READ	1
0x0013deb3	0x0013decf	UNCONDITIONAL_JUMP	0
0x0013debe	0xStack[0xc]	READ	1
0x0013dec4	0x0010a588	UNCONDITIONAL_CALL	0
0x0013decc	0xStack[0xc]	READ	1
0x0013ded5	0x0013deb8	CONDITIONAL_JUMP	0
0x0013ded7	0xStack[0xc]	READ	1
0x0013dee2	0x0013e18f	UNCONDITIONAL_JUMP	0
0x0013def1	0x0010a588	UNCONDITIONAL_CALL	0
0x0013deff	0x0013dee8	CONDITIONAL_JUMP	0
0x0013df0b	0x0013df14	CONDITIONAL_JUMP	0
0x0013df19	0x0013df28	CONDITIONAL_JUMP	0
0x0013df1d	0xStack[-0x10]	WRITE	0
0x0013df24	0x0013df57	UNCONDITIONAL_JUMP	0
0x0013df34	0xStack[-0xc]	WRITE	0
0x0013df37	0x0013df50	CONDITIONAL_JUMP	0
0x0013df3d	0x0013f454	UNCONDITIONAL_CALL	0
0x0013df42	0xStack[-0x8]	WRITE	0
0x0013df4a	0x0013e138	CONDITIONAL_JUMP	0
0x0013df50	0xStack[-0x10]	WRITE	0
0x0013df64	0xStack[-0x14]	WRITE	0
0x0013df67	0x0013e115	UNCONDITIONAL_JUMP	0
0x0013df76	0x0013dfb1	CONDITIONAL_JUMP	0
0x0013df78	0xStack[-0x8]	READ	0
0x0013df7c	0x0013df93	CONDITIONAL_JUMP	0
0x0013df7e	0xStack[-0x8]	READ	1
0x0013df82	0x001932bc	UNCONDITIONAL_CALL	0
0x0013df87	0xStack[-0x8]	READ	1
0x0013df8b	0x0011a288	UNCONDITIONAL_CALL	0
0x0013df97	0x0013f454	UNCONDITIONAL_CALL	0
0x0013df9c	0xStack[-0x8]	WRITE	0
0x0013dfa4	0x0013e138	CONDITIONAL_JUMP	0
0x0013dfaa	0xStack[-0xc]	WRITE	0
0x0013dfb1	0xStack[-0xc]	READ	1
0x0013dfb4	0xStack[-0x8]	READ	1
0x0013dfbf	0x0013dfdd	CONDITIONAL_JUMP	0
0x0013dfc1	0x001dde10	READ	0
0x0013dfc8	0x0013dff4	CONDITIONAL_JUMP	0
0x0013dfcb	0xStack[-0xc]	READ	1
0x0013dfd1	0x0013f52c	UNCONDITIONAL_CALL	0
0x0013dfdb	0x0013dff4	CONDITIONAL_JUMP	0
0x0013dfdd	0xStack[-0xc]	READ	1
0x0013dfee	0x0013e110	UNCONDITIONAL_JUMP	0
0x0013dff7	0x0013e10c	CONDITIONAL_JUMP	0
0x0013e001	0xStack[-0x18]	READ	0
0x0013e004	0x0013e10c	CONDITIONAL_JUMP	0
0x0013e00d	0xStack[0x8]	READ	1
0x0013e012	0x0013e10c	CONDITIONAL_JUMP	0
0x0013e018	0xStack[-0x18]	READ	1
0x0013e021	0x001012fc	UNCONDITIONAL_CALL	0
0x0013e02b	0x0013e10c	CONDITIONAL_JUMP	0
0x0013e033	0xStack[-0x8]	READ	1
0x0013e037	0x001932bc	UNCONDITIONAL_CALL	0
0x0013e03c	0xStack[-0x8]	READ	1
0x0013e040	0x0011a288	UNCONDITIONAL_CALL	0
0x0013e045	0xStack[-0x8]	WRITE	0
0x0013e052	0xStack[-0x18]	READ	0
0x0013e056	0x0013e0a4	CONDITIONAL_JUMP	0
0x0013e058	0xStack[0x8]	READ	1
0x0013e05e	0x0013e0a4	CONDITIONAL_JUMP	0
0x0013e064	0x0013e0a4	CONDITIONAL_JUMP	0
0x0013e075	0x0013e086	CONDITIONAL_JUMP	0
0x0013e07e	0x0010ab38	UNCONDITIONAL_CALL	0
0x0013e090	0x00140798	UNCONDITIONAL_CALL	0
0x0013e09c	0x0013e0ec	CONDITIONAL_JUMP	0
0x0013e09e	0x0013e144	UNCONDITIONAL_JUMP	0
0x0013e0a7	0x0013e0b4	CONDITIONAL_JUMP	0
0x0013e0af	0x0013e0ec	UNCONDITIONAL_JUMP	0
0x0013e0be	0x00140798	UNCONDITIONAL_CALL	0
0x0013e0d7	0x0013e0e8	CONDITIONAL_JUMP	0
0x0013e0e0	0x0010ab38	UNCONDITIONAL_CALL	0
0x0013e0ea	0x0013e144	CONDITIONAL_JUMP	0
0x0013e0ec	0xStack[0xc]	READ	1
0x0013e0f7	0xStack[0x8]	READ	1
0x0013e0ff	0x0011b31c	UNCONDITIONAL_CALL	0
0x0013e106	0x0013e18f	UNCONDITIONAL_JUMP	0
0x0013e112	0xStack[-0xc]	READ_WRITE	0
0x0013e115	0xStack[-0x14]	READ	0
0x0013e118	0x0013df6c	CONDITIONAL_JUMP	0
0x0013e11e	0xStack[-0x10]	READ	0
0x0013e122	0x0013e150	CONDITIONAL_JUMP	0
0x0013e124	0xStack[-0x10]	WRITE	0
0x0013e130	0xStack[-0x14]	WRITE	0
0x0013e133	0x0013e115	UNCONDITIONAL_JUMP	0
0x0013e138	0x001e875c	READ	1
0x0013e141	0x0013e155	UNCONDITIONAL_JUMP	0
0x0013e144	0x001e875c	READ	1
0x0013e14d	0x0013e175	UNCONDITIONAL_JUMP	0
0x0013e164	0x0013e175	CONDITIONAL_JUMP	0
0x0013e16d	0x0010ab38	UNCONDITIONAL_CALL	0
0x0013e175	0xStack[-0x8]	READ	0
0x0013e179	0x0013e18d	CONDITIONAL_JUMP	0
0x0013e17b	0xStack[-0x8]	READ	1
0x0013e17f	0x001932bc	UNCONDITIONAL_CALL	0
0x0013e184	0xStack[-0x8]	READ	1
0x0013e188	0x0011a288	UNCONDITIONAL_CALL	0
0x0013e18f	0xStack[-0x24]	DATA	0
0x0013e1a5	0xStack[0x8]	READ	1
0x0013e1ad	0x0013e1c0	CONDITIONAL_JUMP	0
0x0013e1b3	0x0013e554	CONDITIONAL_JUMP	0
0x0013e1be	0x0013e1b0	CONDITIONAL_JUMP	0
0x0013e1c2	0x0013e1d1	CONDITIONAL_JUMP	0
0x0013e1c4	0x001dde14	DATA	0
0x0013e1c9	0x0010ca6c	UNCONDITIONAL_CALL	0
0x0013e1d1	0xStack[0x8]	READ	1
0x0013e1d7	0x0013e228	CONDITIONAL_JUMP	0
0x0013e1dc	0x0013e1e9	CONDITIONAL_JUMP	0
0x0013e1e1	0x0013e228	CONDITIONAL_JUMP	0
0x0013e1e7	0x0013e228	CONDITIONAL_JUMP	0
0x0013e1e9	0xStack[0xc]	READ	0
0x0013e1ed	0x0013e1fc	CONDITIONAL_JUMP	0
0x0013e1f4	0x0013e5bb	UNCONDITIONAL_JUMP	0
0x0013e1fc	0xStack[0x1c]	READ	0
0x0013e200	0x0013e21d	CONDITIONAL_JUMP	0
0x0013e202	0xStack[0x1c]	READ	1
0x0013e206	0xStack[0x8]	READ	1
0x0013e20a	0xStack[0x4]	READ	1
0x0013e20e	0x0013de34	UNCONDITIONAL_CALL	0
0x0013e217	0x0013e5bb	CONDITIONAL_JUMP	0
0x0013e222	0x0013e5bb	UNCONDITIONAL_JUMP	0
0x0013e228	0xStack[-0x18]	WRITE	0
0x0013e22f	0xStack[-0xc]	WRITE	0
0x0013e236	0xStack[0xc]	READ	0
0x0013e23a	0x0013e324	CONDITIONAL_JUMP	0
0x0013e240	0x0013e253	UNCONDITIONAL_JUMP	0
0x0013e24b	0x0010a588	UNCONDITIONAL_CALL	0
0x0013e253	0xStack[0x14]	READ	1
0x0013e25a	0x0013e244	CONDITIONAL_JUMP	0
0x0013e25c	0xStack[0x14]	READ	1
0x0013e272	0x0013e2a0	CONDITIONAL_JUMP	0
0x0013e283	0x0013e294	CONDITIONAL_JUMP	0
0x0013e28f	0x0010ab38	UNCONDITIONAL_CALL	0
0x0013e299	0x0013e5bb	UNCONDITIONAL_JUMP	0
0x0013e2a5	0x0013e2d4	CONDITIONAL_JUMP	0
0x0013e2b6	0x0013e2c7	CONDITIONAL_JUMP	0
0x0013e2c2	0x0010ab38	UNCONDITIONAL_CALL	0
0x0013e2cc	0x0013e5bb	UNCONDITIONAL_JUMP	0
0x0013e2e1	0x00140eb4	UNCONDITIONAL_CALL	0
0x0013e2e6	0xStack[0x14]	READ	1
0x0013e2fb	0x0013e324	CONDITIONAL_JUMP	0
0x0013e304	0x0010ab38	UNCONDITIONAL_CALL	0
0x0013e30c	0x0013e324	UNCONDITIONAL_JUMP	0
0x0013e312	0xStack[0x4]	READ	1
0x0013e31c	0x0010a588	UNCONDITIONAL_CALL	0
0x0013e324	0xStack[0x4]	READ	1
0x0013e32d	0x0013e310	CONDITIONAL_JUMP	0
0x0013e32f	0xStack[0x4]	READ	1
0x0013e342	0x0013e350	CONDITIONAL_JUMP	0
0x0013e349	0x0013e56e	UNCONDITIONAL_JUMP	0
0x0013e350	0xStack[0x4]	READ	1
0x0013e358	0x0013e364	CONDITIONAL_JUMP	0
0x0013e35f	0x0013e56e	UNCONDITIONAL_JUMP	0
0x0013e366	0xStack[0x4]	READ	1
0x0013e36a	0x00141f44	UNCONDITIONAL_CALL	0
0x0013e376	0x0013e56e	CONDITIONAL_JUMP	0
0x0013e37c	0xStack[0xc]	READ	0
0x0013e380	0x0013e3ca	CONDITIONAL_JUMP	0
0x0013e382	0xStack[0x14]	READ	1
0x0013e391	0x0013e3ca	CONDITIONAL_JUMP	0
0x0013e393	0xStack[0x4]	READ	1
0x0013e396	0xStack[0x10]	READ	0
0x0013e399	0x0013e3ca	CONDITIONAL_JUMP	0
0x0013e3a1	0x00141f44	UNCONDITIONAL_CALL	0
0x0013e3ad	0x0013e56e	CONDITIONAL_JUMP	0
0x0013e3b4	0xStack[0x14]	READ	1
0x0013e3b8	0x0013f66c	UNCONDITIONAL_CALL	0
0x0013e3c4	0x0013e56e	CONDITIONAL_JUMP	0
0x0013e3ca	0xStack[-0x1c]	DATA	0
0x0013e3ce	0xStack[-0x18]	DATA	0
0x0013e3d1	0xStack[-0x20]	WRITE	0
0x0013e3d6	0xStack[0x8]	READ	1
0x0013e3da	0xStack[0x4]	READ	1
0x0013e3de	0x0013e5c8	UNCONDITIONAL_CALL	0
0x0013e3ea	0x0013e56e	CONDITIONAL_JUMP	0
0x0013e3f0	0xStack[-0x1c]	READ	1
0x0013e3f5	0x0013e48c	CONDITIONAL_JUMP	0
0x0013e3fb	0xStack[0xc]	READ	0
0x0013e3ff	0x0013e47c	CONDITIONAL_JUMP	0
0x0013e401	0x0013e410	CONDITIONAL_JUMP	0
0x0013e403	0xStack[0xc]	READ	0
0x0013e407	0x0013e434	CONDITIONAL_JUMP	0
0x0013e409	0x0013e56e	UNCONDITIONAL_JUMP	0
0x0013e410	0xStack[0x1c]	READ	0
0x0013e414	0x0013e428	CONDITIONAL_JUMP	0
0x0013e416	0xStack[0x1c]	READ	1
0x0013e420	0x0013e56e	UNCONDITIONAL_JUMP	0
0x0013e429	0x00140bf0	UNCONDITIONAL_CALL	0
0x0013e42e	0x0013e56b	UNCONDITIONAL_JUMP	0
0x0013e434	0xStack[-0x20]	READ	1
0x0013e43a	0xStack[0x8]	READ	1
0x0013e43e	0xStack[0x4]	READ	1
0x0013e442	0xStack[0x14]	READ	1
0x0013e446	0xStack[0x10]	READ	1
0x0013e44a	0x0013e838	UNCONDITIONAL_CALL	0
0x0013e451	0xStack[-0x1c]	READ	1
0x0013e455	0x00140bf0	UNCONDITIONAL_CALL	0
0x0013e45a	0xStack[-0x1c]	READ	1
0x0013e465	0x0013e56e	CONDITIONAL_JUMP	0
0x0013e46f	0x0017e104	UNCONDITIONAL_CALL	0
0x0013e474	0x0013e56b	UNCONDITIONAL_JUMP	0
0x0013e47d	0x00140bf0	UNCONDITIONAL_CALL	0
0x0013e487	0x0013e56b	UNCONDITIONAL_JUMP	0
0x0013e491	0xStack[0x4]	READ	1
0x0013e495	0x00141f44	UNCONDITIONAL_CALL	0
0x0013e4a1	0x0013e56e	CONDITIONAL_JUMP	0
0x0013e4a7	0xStack[0xc]	READ	0
0x0013e4ab	0x0013e4c8	CONDITIONAL_JUMP	0
0x0013e4ad	0xStack[0x18]	READ	1
0x0013e4b1	0xStack[0x14]	DATA	0
0x0013e4b6	0x0013ef04	UNCONDITIONAL_CALL	0
0x0013e4c2	0x0013e56e	CONDITIONAL_JUMP	0
0x0013e4c8	0xStack[0x10]	READ	1
0x0013e4cc	0xStack[0x14]	READ	1
0x0013e4d0	0xStack[-0x20]	READ	1
0x0013e4d5	0xStack[0x8]	READ	1
0x0013e4d9	0xStack[0x4]	READ	1
0x0013e4dd	0x0013ec50	UNCONDITIONAL_CALL	0
0x0013e4e9	0x0013e524	CONDITIONAL_JUMP	0
0x0013e4eb	0xStack[0xc]	READ	0
0x0013e4ef	0x0013e56e	CONDITIONAL_JUMP	0
0x0013e4f1	0xStack[0x14]	READ	1
0x0013e500	0x0013e506	CONDITIONAL_JUMP	0
0x0013e506	0xStack[0x14]	READ	1
0x0013e514	0x00140c90	UNCONDITIONAL_CALL	0
0x0013e519	0xStack[0x14]	WRITE	0
0x0013e520	0x0013e56b	UNCONDITIONAL_JUMP	0
0x0013e524	0xStack[0x1c]	READ	0
0x0013e528	0x0013e55c	CONDITIONAL_JUMP	0
0x0013e52a	0x0013e53b	UNCONDITIONAL_JUMP	0
0x0013e533	0x0010a588	UNCONDITIONAL_CALL	0
0x0013e53b	0xStack[0x14]	READ	1
0x0013e542	0x0013e52c	CONDITIONAL_JUMP	0
0x0013e544	0xStack[0x14]	READ	1
0x0013e54b	0xStack[0x1c]	READ	1
0x0013e550	0x0013e56e	UNCONDITIONAL_JUMP	0
0x0013e559	0x0013e5bb	UNCONDITIONAL_JUMP	0
0x0013e55c	0xStack[0xc]	READ	0
0x0013e560	0x0013e56e	CONDITIONAL_JUMP	0
0x0013e562	0xStack[0x14]	READ	1
0x0013e566	0x00140c90	UNCONDITIONAL_CALL	0
0x0013e56e	0xStack[-0xc]	READ	1
0x0013e573	0x0013e584	CONDITIONAL_JUMP	0
0x0013e576	0x001932bc	UNCONDITIONAL_CALL	0
0x0013e57c	0x0011a288	UNCONDITIONAL_CALL	0
0x0013e586	0x0013e599	CONDITIONAL_JUMP	0
0x0013e588	0xStack[0xc]	READ	0
0x0013e58c	0x0013e599	CONDITIONAL_JUMP	0
0x0013e58e	0xStack[0x14]	READ	1
0x0013e599	0xStack[0x4]	READ	1
0x0013e5ab	0x0013e5b9	CONDITIONAL_JUMP	0
0x0013e5b4	0x0010ab38	UNCONDITIONAL_CALL	0
0x0013e5bb	0xStack[-0x2c]	DATA	0
0x0013e5d1	0xStack[-0x10]	WRITE	0
0x0013e5d8	0xStack[-0xc]	WRITE	0
0x0013e5e1	0xStack[0xc]	READ	1
0x0013e5ec	0xStack[-0x18]	WRITE	0
0x0013e5ef	0xStack[0x4]	READ	1
0x0013e5ff	0xStack[-0x8]	WRITE	0
0x0013e602	0xStack[-0x14]	WRITE	0
0x0013e60b	0xStack[-0xc]	READ	0
0x0013e60e	0x0013e7f4	CONDITIONAL_JUMP	0
0x0013e614	0xStack[0x4]	READ	1
0x0013e621	0x0013e666	CONDITIONAL_JUMP	0
0x0013e623	0xStack[-0xc]	READ	0
0x0013e627	0x0013e63e	CONDITIONAL_JUMP	0
0x0013e629	0xStack[-0xc]	READ	1
0x0013e62d	0x001932bc	UNCONDITIONAL_CALL	0
0x0013e632	0xStack[-0xc]	READ	1
0x0013e636	0x0011a288	UNCONDITIONAL_CALL	0
0x0013e641	0xStack[0x4]	READ	1
0x0013e645	0x0013f454	UNCONDITIONAL_CALL	0
0x0013e64a	0xStack[-0xc]	WRITE	0
0x0013e652	0x0013e664	CONDITIONAL_JUMP	0
0x0013e654	0x001e875c	READ	1
0x0013e65d	0x0013e82c	UNCONDITIONAL_JUMP	0
0x0013e666	0xStack[0x10]	READ	1
0x0013e66c	0x0013e684	CONDITIONAL_JUMP	0
0x0013e674	0x0013e684	CONDITIONAL_JUMP	0
0x0013e67d	0xStack[-0x10]	WRITE	0
0x0013e684	0xStack[-0xc]	READ	1
0x0013e691	0x0013e6a6	CONDITIONAL_JUMP	0
0x0013e696	0xStack[0x4]	READ	1
0x0013e69a	0x0013f52c	UNCONDITIONAL_CALL	0
0x0013e6a4	0x0013e6bc	CONDITIONAL_JUMP	0
0x0013e6b6	0x0013e7e7	UNCONDITIONAL_JUMP	0
0x0013e6bc	0xStack[0x10]	READ	1
0x0013e6c1	0xStack[-0x1c]	WRITE	0
0x0013e6c7	0x0013e735	CONDITIONAL_JUMP	0
0x0013e6d0	0x0013e6e2	CONDITIONAL_JUMP	0
0x0013e6e4	0x0013e735	CONDITIONAL_JUMP	0
0x0013e6e6	0xStack[-0x18]	READ	0
0x0013e6e9	0x0013e700	CONDITIONAL_JUMP	0
0x0013e6eb	0xStack[0x10]	READ	1
0x0013e6fe	0x0013e735	UNCONDITIONAL_JUMP	0
0x0013e700	0xStack[-0x1c]	READ	0
0x0013e704	0x0013e735	CONDITIONAL_JUMP	0
0x0013e706	0xStack[-0x10]	READ_WRITE	0
0x0013e709	0xStack[0x10]	READ	1
0x0013e710	0x0013e715	CONDITIONAL_JUMP	0
0x0013e715	0xStack[-0x18]	READ	1
0x0013e718	0xStack[-0x10]	READ	0
0x0013e71b	0x0013e735	CONDITIONAL_JUMP	0
0x0013e71d	0xStack[0x10]	READ	1
0x0013e72c	0xStack[0x10]	READ	1
0x0013e738	0x0013e7e0	CONDITIONAL_JUMP	0
0x0013e742	0xStack[0xc]	READ	0
0x0013e745	0x0013e7e0	CONDITIONAL_JUMP	0
0x0013e74e	0xStack[0x8]	READ	1
0x0013e753	0x0013e7e0	CONDITIONAL_JUMP	0
0x0013e759	0xStack[0xc]	READ	1
0x0013e762	0x001012fc	UNCONDITIONAL_CALL	0
0x0013e76c	0x0013e7e0	CONDITIONAL_JUMP	0
0x0013e76e	0xStack[0x4]	READ	1
0x0013e779	0x0013e7b4	CONDITIONAL_JUMP	0
0x0013e785	0x00140798	UNCONDITIONAL_CALL	0
0x0013e78a	0xStack[0x14]	READ	1
0x0013e794	0x0013e7c0	CONDITIONAL_JUMP	0
0x0013e796	0xStack[-0xc]	READ	1
0x0013e79a	0x001932bc	UNCONDITIONAL_CALL	0
0x0013e79f	0xStack[-0xc]	READ	1
0x0013e7a3	0x0011a288	UNCONDITIONAL_CALL	0
0x0013e7a8	0x001e875c	READ	1
0x0013e7b1	0x0013e82c	UNCONDITIONAL_JUMP	0
0x0013e7b4	0xStack[0x4]	READ	1
0x0013e7b7	0xStack[0x14]	READ	1
0x0013e7c0	0xStack[0x10]	READ	1
0x0013e7cc	0xStack[-0x14]	READ	1
0x0013e7d2	0xStack[-0xc]	READ	1
0x0013e7dd	0x0013e82c	UNCONDITIONAL_JUMP	0
0x0013e7e0	0xStack[-0x14]	WRITE	0
0x0013e7eb	0xStack[-0x8]	READ	0
0x0013e7ee	0x0013e614	CONDITIONAL_JUMP	0
0x0013e7f4	0xStack[-0xc]	READ	0
0x0013e7f8	0x0013e80c	CONDITIONAL_JUMP	0
0x0013e7fa	0xStack[-0xc]	READ	1
0x0013e7fe	0x001932bc	UNCONDITIONAL_CALL	0
0x0013e803	0xStack[-0xc]	READ	1
0x0013e807	0x0011a288	UNCONDITIONAL_CALL	0
0x0013e80c	0xStack[0x10]	READ	1
0x0013e812	0x0013e821	CONDITIONAL_JUMP	0
0x0013e814	0xStack[-0x8]	READ	1
0x0013e821	0xStack[0x14]	READ	1
0x0013e82c	0xStack[-0x28]	DATA	0
0x0013e841	0xStack[0xc]	READ	1
0x0013e844	0xStack[0x18]	READ	1
0x0013e84d	0x0013e857	CONDITIONAL_JUMP	0
0x0013e84f	0xStack[0x8]	READ	1
0x0013e855	0x0013e864	CONDITIONAL_JUMP	0
0x0013e85c	0x0013e9ed	UNCONDITIONAL_JUMP	0
0x0013e867	0xStack[0x8]	READ	1
0x0013e86d	0x0013e87c	CONDITIONAL_JUMP	0
0x0013e874	0x0013e9ed	UNCONDITIONAL_JUMP	0
0x0013e882	0x00141f44	UNCONDITIONAL_CALL	0
0x0013e88c	0x0013e9ed	CONDITIONAL_JUMP	0
0x0013e896	0x0013e8c0	CONDITIONAL_JUMP	0
0x0013e898	0x001e8758	READ	1
0x0013e8a7	0x0013e8c0	CONDITIONAL_JUMP	0
0x0013e8ad	0x0013e8c0	CONDITIONAL_JUMP	0
0x0013e8b3	0x0013e8c0	CONDITIONAL_JUMP	0
0x0013e8ba	0x0013e9ed	UNCONDITIONAL_JUMP	0
0x0013e8c0	0xStack[0x8]	READ	1
0x0013e8d7	0xStack[-0x8]	WRITE	0
0x0013e8e6	0x0013e91c	CONDITIONAL_JUMP	0
0x0013e8e8	0xStack[-0x8]	READ	0
0x0013e8ec	0x0013e8f8	CONDITIONAL_JUMP	0
0x0013e8f3	0x0013e9ed	UNCONDITIONAL_JUMP	0
0x0013e8fd	0x0013f5e4	UNCONDITIONAL_CALL	0
0x0013e907	0x0013e910	CONDITIONAL_JUMP	0
0x0013e90e	0x0013e92c	CONDITIONAL_JUMP	0
0x0013e915	0x0013e9ed	UNCONDITIONAL_JUMP	0
0x0013e91c	0xStack[-0x8]	READ	0
0x0013e920	0x0013e92c	CONDITIONAL_JUMP	0
0x0013e927	0x0013e9ed	UNCONDITIONAL_JUMP	0
0x0013e92c	0xStack[0x10]	READ	1
0x0013e934	0x0011b6f0	UNCONDITIONAL_CALL	0
0x0013e939	0xStack[0x1c]	READ	1
0x0013e93f	0xStack[0x8]	READ	1
0x0013e949	0xStack[0x8]	READ	1
0x0013e950	0xStack[0x10]	READ	1
0x0013e955	0x0011b31c	UNCONDITIONAL_CALL	0
0x0013e95a	0xStack[0x1c]	READ	1
0x0013e961	0x001932bc	UNCONDITIONAL_CALL	0
0x0013e966	0xStack[0x1c]	READ	1
0x0013e96d	0x0011a168	UNCONDITIONAL_CALL	0
0x0013e972	0xStack[0x1c]	READ	1
0x0013e97c	0x001e875c	READ	1
0x0013e989	0x0013e990	CONDITIONAL_JUMP	0
0x0013e98e	0x0013e9ed	UNCONDITIONAL_JUMP	0
0x0013e99c	0xStack[-0x8]	READ	0
0x0013e9a0	0x0013e9eb	CONDITIONAL_JUMP	0
0x0013e9b2	0x0013e9c1	CONDITIONAL_JUMP	0
0x0013e9b4	0x001dde1d	DATA	0
0x0013e9b9	0x0010ca6c	UNCONDITIONAL_CALL	0
0x0013e9c4	0x00141014	UNCONDITIONAL_CALL	0
0x0013e9d4	0xStack[0x4]	READ	0
0x0013e9d7	0x0013e9eb	CONDITIONAL_JUMP	0
0x0013e9da	0xStack[0x4]	READ	1
0x0013e9de	0xStack[0x8]	READ	1
0x0013e9e2	0x0013e9f8	UNCONDITIONAL_CALL	0
0x0013e9e9	0x0013e9ed	CONDITIONAL_JUMP	0
0x0013e9ed	0xStack[-0x14]	DATA	0
0x0013ea01	0xStack[0x4]	READ	1
0x0013ea06	0x0013ea19	UNCONDITIONAL_JUMP	0
0x0013ea11	0x0010a588	UNCONDITIONAL_CALL	0
0x0013ea1f	0x0013ea08	CONDITIONAL_JUMP	0
0x0013ea30	0x0013ea38	CONDITIONAL_JUMP	0
0x0013ea36	0x0013ea5c	CONDITIONAL_JUMP	0
0x0013ea43	0x0013ec0e	CONDITIONAL_JUMP	0
0x0013ea50	0x0010ab38	UNCONDITIONAL_CALL	0
0x0013ea55	0x0013ec0e	UNCONDITIONAL_JUMP	0
0x0013ea5c	0xStack[-0x8]	DATA	0
0x0013ea63	0x0013f454	UNCONDITIONAL_CALL	0
0x0013ea6f	0x0013ea80	CONDITIONAL_JUMP	0
0x0013ea71	0x001e875c	READ	1
0x0013ea7a	0x0013ec14	UNCONDITIONAL_JUMP	0
0x0013ea80	0xStack[-0x8]	READ	1
0x0013ea83	0xStack[-0xc]	WRITE	0
0x0013ea86	0xStack[0xc]	READ	1
0x0013ea8f	0x0013ec14	CONDITIONAL_JUMP	0
0x0013ea9a	0x0013eaa4	CONDITIONAL_JUMP	0
0x0013eaa2	0x0013eac0	CONDITIONAL_JUMP	0
0x0013eaa6	0x001dde43	DATA	0
0x0013eaac	0x0013f5ac	UNCONDITIONAL_CALL	0
0x0013eab9	0x0013ec14	UNCONDITIONAL_JUMP	0
0x0013eac0	0xStack[0xc]	READ	1
0x0013eace	0x00140eb4	UNCONDITIONAL_CALL	0
0x0013ead3	0x001dde54	DATA	0
0x0013eadc	0x0011b6f0	UNCONDITIONAL_CALL	0
0x0013eae1	0xStack[-0x8]	READ	1
0x0013eae4	0xStack[0xc]	READ	1
0x0013eaef	0xStack[0xc]	READ	1
0x0013eaf6	0x001dde57	DATA	0
0x0013eafc	0x0011b31c	UNCONDITIONAL_CALL	0
0x0013eb05	0x001932bc	UNCONDITIONAL_CALL	0
0x0013eb0b	0x0011a168	UNCONDITIONAL_CALL	0
0x0013eb12	0x001e875c	READ	1
0x0013eb1f	0x0013eb2c	CONDITIONAL_JUMP	0
0x0013eb24	0x0013ec14	UNCONDITIONAL_JUMP	0
0x0013eb3b	0x0013eb4c	CONDITIONAL_JUMP	0
0x0013eb44	0x0010ab38	UNCONDITIONAL_CALL	0
0x0013eb4c	0xStack[0x8]	READ	0
0x0013eb50	0x0013ec0e	CONDITIONAL_JUMP	0
0x0013eb56	0xStack[0xc]	READ	1
0x0013eb68	0x0013eb90	CONDITIONAL_JUMP	0
0x0013eb71	0x0010ab38	UNCONDITIONAL_CALL	0
0x0013eb79	0x0013eb90	UNCONDITIONAL_JUMP	0
0x0013eb7e	0xStack[0x8]	READ	1
0x0013eb88	0x0010a588	UNCONDITIONAL_CALL	0
0x0013eb90	0xStack[0x8]	READ	1
0x0013eb99	0x0013eb7c	CONDITIONAL_JUMP	0
0x0013eb9b	0xStack[0x8]	READ	1
0x0013eba9	0x0013ebc0	CONDITIONAL_JUMP	0
0x0013ebb8	0x00140eb4	UNCONDITIONAL_CALL	0
0x0013ebc0	0xStack[0x8]	READ	1
0x0013ebd2	0x0013ebfc	CONDITIONAL_JUMP	0
0x0013ebdb	0x0010ab38	UNCONDITIONAL_CALL	0
0x0013ebe3	0x0013ebfc	UNCONDITIONAL_JUMP	0
0x0013ebea	0xStack[0xc]	READ	1
0x0013ebf4	0x0010a588	UNCONDITIONAL_CALL	0
0x0013ebfc	0xStack[0xc]	READ	1
0x0013ec05	0x0013ebe8	CONDITIONAL_JUMP	0
0x0013ec07	0xStack[0xc]	READ	1
0x0013ec10	0x0013ec46	UNCONDITIONAL_JUMP	0
0x0013ec16	0x0013ec27	CONDITIONAL_JUMP	0
0x0013ec19	0x001932bc	UNCONDITIONAL_CALL	0
0x0013ec1f	0x0011a288	UNCONDITIONAL_CALL	0
0x0013ec36	0x0013ec44	CONDITIONAL_JUMP	0
0x0013ec3f	0x0010ab38	UNCONDITIONAL_CALL	0
0x0013ec46	0xStack[-0x18]	DATA	0
0x0013ec56	0xStack[0x4]	READ	1
0x0013ec59	0xStack[0x10]	READ	1
0x0013ec5c	0xStack[0x14]	READ	1
0x0013ec65	0x0013ec74	CONDITIONAL_JUMP	0
0x0013ec6c	0x0013ed1f	UNCONDITIONAL_JUMP	0
0x0013ec80	0x0013ec98	CONDITIONAL_JUMP	0
0x0013ec83	0xStack[0x18]	READ	1
0x0013ec88	0x0013e9f8	UNCONDITIONAL_CALL	0
0x0013ec92	0x0013ed1f	CONDITIONAL_JUMP	0
0x0013ec9a	0x0013ed2c	UNCONDITIONAL_CALL	0
0x0013eca4	0x0013ed1f	CONDITIONAL_JUMP	0
0x0013eca9	0xStack[0xc]	READ	1
0x0013ecb1	0xStack[0xc]	READ	1
0x0013ecba	0xStack[0x8]	READ	1
0x0013ecc5	0x00101bc0	UNCONDITIONAL_CALL	0
0x0013ecd8	0xStack[0x8]	READ	1
0x0013ece0	0x0011b31c	UNCONDITIONAL_CALL	0
0x0013ece9	0x001932bc	UNCONDITIONAL_CALL	0
0x0013ecf5	0x0011a168	UNCONDITIONAL_CALL	0
0x0013ed01	0x001e875c	READ	1
0x0013ed0b	0x0013ed1c	CONDITIONAL_JUMP	0
0x0013ed1a	0x0013ed1f	UNCONDITIONAL_JUMP	0
0x0013ed1f	0xStack[-0x10]	DATA	0
0x0013ed35	0xStack[0x4]	READ	1
0x0013ed38	0xStack[0x8]	READ	1
0x0013ed46	0x0013eddc	CONDITIONAL_JUMP	0
0x0013ed51	0x0013ed60	CONDITIONAL_JUMP	0
0x0013ed53	0x001dde5a	DATA	0
0x0013ed58	0x0010ca6c	UNCONDITIONAL_CALL	0
0x0013ed6a	0x0013ed79	CONDITIONAL_JUMP	0
0x0013ed6c	0x001dde75	DATA	0
0x0013ed71	0x0010ca6c	UNCONDITIONAL_CALL	0
0x0013ed83	0xStack[0x8]	READ	1
0x0013ed9d	0x0013d830	UNCONDITIONAL_CALL	0
0x0013eda7	0x0013edb4	CONDITIONAL_JUMP	0
0x0013eda9	0x001e875c	READ	1
0x0013edb2	0x0013edd4	CONDITIONAL_JUMP	0
0x0013edb4	0x001e875c	READ	1
0x0013edc3	0x0013eefa	CONDITIONAL_JUMP	0
0x0013edcc	0x0013eefa	UNCONDITIONAL_JUMP	0
0x0013edd7	0x0013edef	UNCONDITIONAL_JUMP	0
0x0013eddf	0x0013edf3	CONDITIONAL_JUMP	0
0x0013edf3	0xStack[0x8]	READ	1
0x0013edfa	0xStack[0x8]	READ	1
0x0013ee02	0x0013f454	UNCONDITIONAL_CALL	0
0x0013ee07	0xStack[0x8]	READ	1
0x0013ee12	0x0013ee24	CONDITIONAL_JUMP	0
0x0013ee14	0x001e875c	READ	1
0x0013ee1d	0x0013eefa	UNCONDITIONAL_JUMP	0
0x0013ee24	0xStack[0x8]	READ	1
0x0013ee2e	0x0013ee48	CONDITIONAL_JUMP	0
0x0013ee36	0x00101600	UNCONDITIONAL_CALL	0
0x0013ee41	0x0013eef2	UNCONDITIONAL_JUMP	0
0x0013ee4b	0x0013eee8	CONDITIONAL_JUMP	0
0x0013ee51	0xStack[-0xc]	WRITE	0
0x0013ee68	0xStack[-0x8]	WRITE	0
0x0013ee6b	0xStack[-0x14]	WRITE	0
0x0013ee6e	0xStack[0x8]	READ	1
0x0013ee74	0x0013eec6	CONDITIONAL_JUMP	0
0x0013ee78	0xStack[-0xc]	READ	1
0x0013ee7b	0xStack[-0x14]	READ	1
0x0013ee7e	0xStack[-0x10]	WRITE	0
0x0013ee84	0x0013ee90	CONDITIONAL_JUMP	0
0x0013ee8c	0x0013ee93	UNCONDITIONAL_JUMP	0
0x0013ee90	0xStack[-0x8]	READ_WRITE	0
0x0013ee93	0xStack[-0x10]	READ	1
0x0013eeaa	0xStack[-0x8]	READ_WRITE	0
0x0013eead	0xStack[-0x14]	READ_WRITE	0
0x0013eeb3	0x001013cc	UNCONDITIONAL_CALL	0
0x0013eebb	0xStack[-0x14]	READ	1
0x0013eebe	0xStack[0x8]	READ	1
0x0013eec4	0x0013ee78	CONDITIONAL_JUMP	0
0x0013eec9	0x0013eed8	CONDITIONAL_JUMP	0
0x0013eecb	0xStack[-0x8]	READ	1
0x0013eed6	0x0013eef2	UNCONDITIONAL_JUMP	0
0x0013eede	0xStack[-0x8]	READ	1
0x0013eee6	0x0013eef2	UNCONDITIONAL_JUMP	0
0x0013eee8	0x001dde87	DATA	0
0x0013eeed	0x0010ca6c	UNCONDITIONAL_CALL	0
0x0013eef2	0xStack[0x8]	READ	1
0x0013eefa	0xStack[-0x20]	DATA	0
0x0013ef0d	0xStack[-0x8]	WRITE	0
0x0013ef14	0xStack[0xc]	READ	0
0x0013ef18	0x0013ef27	CONDITIONAL_JUMP	0
0x0013ef1a	0x001ddeac	DATA	0
0x0013ef1f	0x0010ca6c	UNCONDITIONAL_CALL	0
0x0013ef27	0xStack[0xc]	READ	1
0x0013ef2f	0x0013ef44	CONDITIONAL_JUMP	0
0x0013ef31	0xStack[0x4]	READ	1
0x0013ef38	0x0013c010	UNCONDITIONAL_CALL	0
0x0013ef42	0x0013ef4a	UNCONDITIONAL_JUMP	0
0x0013ef44	0xStack[0x4]	READ	1
0x0013ef4a	0xStack[0xc]	READ	1
0x0013ef51	0x001ddf8c	DATA	1
0x0013ef5c	0xStack[0x4]	READ	1
0x0013ef60	0x0013be90	UNCONDITIONAL_CALL	0
0x0013ef6c	0x0013ef7c	CONDITIONAL_JUMP	0
0x0013ef6e	0x001e875c	READ	1
0x0013ef77	0x0013f099	UNCONDITIONAL_JUMP	0
0x0013ef8a	0x0013ef91	CONDITIONAL_JUMP	0
0x0013ef8f	0x0013efa2	CONDITIONAL_JUMP	0
0x0013ef91	0xStack[0xc]	READ	1
0x0013efa8	0x0013efb4	CONDITIONAL_JUMP	0
0x0013efb0	0x0013efba	UNCONDITIONAL_JUMP	0
0x0013efc5	0x0013f004	CONDITIONAL_JUMP	0
0x0013efc7	0xStack[0x4]	READ	1
0x0013efd8	0xStack[0x4]	READ	1
0x0013eff7	0x001ddf68	READ	1
0x0013f002	0x0013f01f	UNCONDITIONAL_JUMP	0
0x0013f004	0x001e8758	READ	1
0x0013f014	0xStack[0x4]	READ	1
0x0013f023	0x0013f03c	CONDITIONAL_JUMP	0
0x0013f02a	0x001082c4	UNCONDITIONAL_CALL	0
0x0013f034	0x0013f03c	CONDITIONAL_JUMP	0
0x0013f03f	0x00140eb4	UNCONDITIONAL_CALL	0
0x0013f04a	0x0013f05c	CONDITIONAL_JUMP	0
0x0013f04c	0xStack[0x4]	READ	1
0x0013f051	0x0013f0a4	UNCONDITIONAL_CALL	0
0x0013f056	0xStack[-0x8]	WRITE	0
0x0013f05c	0xStack[-0x8]	READ	0
0x0013f060	0x0013f074	CONDITIONAL_JUMP	0
0x0013f06d	0x00140bf0	UNCONDITIONAL_CALL	0
0x0013f072	0x0013f096	UNCONDITIONAL_JUMP	0
0x0013f083	0x0013f091	CONDITIONAL_JUMP	0
0x0013f08c	0x0010ab38	UNCONDITIONAL_CALL	0
0x0013f091	0xStack[0x8]	READ	1
0x0013f096	0xStack[-0x8]	READ	1
0x0013f099	0xStack[-0x14]	DATA	0
0x0013f0aa	0xStack[0x4]	READ	1
0x0013f0bc	0x0013d830	UNCONDITIONAL_CALL	0
0x0013f0c8	0x0013f0d5	CONDITIONAL_JUMP	0
0x0013f0ca	0x001e875c	READ	1
0x0013f0d3	0x0013f0f4	CONDITIONAL_JUMP	0
0x0013f0d5	0x001e875c	READ	1
0x0013f0e4	0x0013f197	CONDITIONAL_JUMP	0
0x0013f0ed	0x0013f197	UNCONDITIONAL_JUMP	0
0x0013f0fb	0x0013f10a	CONDITIONAL_JUMP	0
0x0013f0fd	0x001ddec8	DATA	0
0x0013f102	0x0010ca6c	UNCONDITIONAL_CALL	0
0x0013f10a	0xStack[0x4]	READ	1
0x0013f118	0xStack[0x8]	READ	1
0x0013f126	0x00140eb4	UNCONDITIONAL_CALL	0
0x0013f139	0xStack[0x4]	READ	1
0x0013f140	0x00119b8c	UNCONDITIONAL_CALL	0
0x0013f147	0x001e875c	READ	1
0x0013f154	0x0013f194	CONDITIONAL_JUMP	0
0x0013f15b	0x001dddf8	DATA	1
0x0013f168	0x001dddf8	READ	1
0x0013f168	0x001dddfc	READ	1
0x0013f16a	0xStack[0x4]	READ	1
0x0013f172	0xStack[0x8]	READ	1
0x0013f17c	0x001932bc	UNCONDITIONAL_CALL	0
0x0013f182	0x0011a168	UNCONDITIONAL_CALL	0
0x0013f187	0x001e875c	READ	1
0x0013f190	0x0013f197	UNCONDITIONAL_JUMP	0
0x0013f197	0xStack[-0x10]	DATA	0
0x0013f1ad	0xStack[0x4]	READ	1
0x0013f1b2	0xStack[0x8]	READ	1
0x0013f1c6	0x0013f1d5	CONDITIONAL_JUMP	0
0x0013f1c8	0x001ddeda	DATA	0
0x0013f1cd	0x0010ca6c	UNCONDITIONAL_CALL	0
0x0013f1d5	0xStack[0x8]	READ	1
0x0013f1db	0x0013f204	CONDITIONAL_JUMP	0
0x0013f1e0	0x0013f1ec	CONDITIONAL_JUMP	0
0x0013f1e7	0x0013f44a	UNCONDITIONAL_JUMP	0
0x0013f1ef	0x0013f204	CONDITIONAL_JUMP	0
0x0013f1f1	0xStack[0x8]	READ	1
0x0013f1f8	0x0013f204	CONDITIONAL_JUMP	0
0x0013f1ff	0x0013f44a	UNCONDITIONAL_JUMP	0
0x0013f204	0xStack[-0x1c]	WRITE	0
0x0013f20b	0xStack[-0xc]	WRITE	0
0x0013f212	0x0013f225	UNCONDITIONAL_JUMP	0
0x0013f21d	0x0010a588	UNCONDITIONAL_CALL	0
0x0013f22b	0x0013f214	CONDITIONAL_JUMP	0
0x0013f23d	0x0013f24c	CONDITIONAL_JUMP	0
0x0013f244	0x0013f3ef	UNCONDITIONAL_JUMP	0
0x0013f252	0x00141f44	UNCONDITIONAL_CALL	0
0x0013f25e	0x0013f3ef	CONDITIONAL_JUMP	0
0x0013f264	0xStack[-0x18]	WRITE	0
0x0013f26b	0xStack[-0x1c]	DATA	0
0x0013f26f	0xStack[-0x18]	DATA	0
0x0013f274	0xStack[0x8]	READ	1
0x0013f279	0x0013e5c8	UNCONDITIONAL_CALL	0
0x0013f285	0x0013f3ef	CONDITIONAL_JUMP	0
0x0013f28b	0xStack[-0x1c]	READ	1
0x0013f290	0x0013f29d	CONDITIONAL_JUMP	0
0x0013f292	0xStack[0xc]	READ	0
0x0013f296	0x0013f2a8	CONDITIONAL_JUMP	0
0x0013f298	0xStack[0xc]	READ	0
0x0013f29b	0x0013f2a8	CONDITIONAL_JUMP	0
0x0013f2a2	0x0013f3ef	UNCONDITIONAL_JUMP	0
0x0013f2ac	0x0013f2d8	CONDITIONAL_JUMP	0
0x0013f2ae	0x001e8758	READ	1
0x0013f2bd	0x0013f2d8	CONDITIONAL_JUMP	0
0x0013f2c3	0x0013f2d8	CONDITIONAL_JUMP	0
0x0013f2c5	0xStack[-0x1c]	READ	1
0x0013f2cc	0x0013f2d8	CONDITIONAL_JUMP	0
0x0013f2d3	0x0013f3ef	UNCONDITIONAL_JUMP	0
0x0013f2d8	0xStack[-0x1c]	READ	1
0x0013f2df	0x0013f2ec	CONDITIONAL_JUMP	0
0x0013f2e6	0x0013f3ef	UNCONDITIONAL_JUMP	0
0x0013f2ec	0xStack[0x10]	READ	0
0x0013f2f0	0x0013f324	CONDITIONAL_JUMP	0
0x0013f2fe	0x0013f324	CONDITIONAL_JUMP	0
0x0013f305	0x0013f318	CONDITIONAL_JUMP	0
0x0013f30c	0x0013f5e4	UNCONDITIONAL_CALL	0
0x0013f316	0x0013f324	CONDITIONAL_JUMP	0
0x0013f31d	0x0013f3ef	UNCONDITIONAL_JUMP	0
0x0013f324	0xStack[0x8]	READ	1
0x0013f32c	0x0011b6f0	UNCONDITIONAL_CALL	0
0x0013f331	0xStack[-0x8]	READ	1
0x0013f337	0xStack[-0x14]	READ	0
0x0013f33e	0x0013f348	CONDITIONAL_JUMP	0
0x0013f346	0x0013f355	UNCONDITIONAL_JUMP	0
0x0013f34a	0xStack[-0x10]	READ	1
0x0013f355	0xStack[-0xc]	READ	1
0x0013f359	0x001932bc	UNCONDITIONAL_CALL	0
0x0013f35e	0xStack[-0xc]	READ	1
0x0013f362	0x0011a168	UNCONDITIONAL_CALL	0
0x0013f367	0xStack[-0xc]	WRITE	0
0x0013f372	0xStack[-0x1c]	READ	1
0x0013f379	0x001e875c	READ	1
0x0013f386	0x0013f390	CONDITIONAL_JUMP	0
0x0013f38b	0x0013f3ef	UNCONDITIONAL_JUMP	0
0x0013f397	0x0013f3ef	CONDITIONAL_JUMP	0
0x0013f399	0xStack[0x10]	READ	0
0x0013f39d	0x0013f3e8	CONDITIONAL_JUMP	0
0x0013f3ab	0x0013f3e8	CONDITIONAL_JUMP	0
0x0013f3b9	0x001ddee4	DATA	0
0x0013f3c2	0x0011b6f0	UNCONDITIONAL_CALL	0
0x0013f3c7	0x001ddee6	DATA	0
0x0013f3cc	0xStack[-0x1c]	READ	1
0x0013f3d3	0x0011b6f0	UNCONDITIONAL_CALL	0
0x0013f3da	0xStack[-0x1c]	READ	1
0x0013f3de	0x00141014	UNCONDITIONAL_CALL	0
0x0013f3e6	0x0013f3ef	UNCONDITIONAL_JUMP	0
0x0013f3e8	0xStack[-0x1c]	READ	1
0x0013f3ef	0xStack[-0x1c]	READ	1
0x0013f3f4	0x0013f415	CONDITIONAL_JUMP	0
0x0013f3f7	0x00140bf0	UNCONDITIONAL_CALL	0
0x0013f3fc	0xStack[-0x1c]	READ	1
0x0013f407	0x0013f415	CONDITIONAL_JUMP	0
0x0013f40d	0x0017e104	UNCONDITIONAL_CALL	0
0x0013f415	0xStack[-0xc]	READ	1
0x0013f41a	0x0013f42b	CONDITIONAL_JUMP	0
0x0013f41d	0x001932bc	UNCONDITIONAL_CALL	0
0x0013f423	0x0011a288	UNCONDITIONAL_CALL	0
0x0013f43a	0x0013f448	CONDITIONAL_JUMP	0
0x0013f443	0x0010ab38	UNCONDITIONAL_CALL	0
0x0013f44a	0xStack[-0x28]	DATA	0
0x0013f45d	0xStack[0x4]	READ	1
0x0013f466	0xStack[0x8]	READ	1
0x0013f46e	0x0013f47c	CONDITIONAL_JUMP	0
0x0013f47a	0x0013f484	CONDITIONAL_JUMP	0
0x0013f47f	0xStack[-0x8]	WRITE	0
0x0013f482	0x0013f495	UNCONDITIONAL_JUMP	0
0x0013f492	0xStack[-0x8]	WRITE	0
0x0013f499	0x0013d830	UNCONDITIONAL_CALL	0
0x0013f4aa	0x0013f4c7	CONDITIONAL_JUMP	0
0x0013f4ac	0xStack[0x8]	READ	1
0x0013f4b0	0x001ddee9	DATA	0
0x0013f4b6	0x0013f5ac	UNCONDITIONAL_CALL	0
0x0013f4bb	0x001e875c	READ	1
0x0013f4c7	0x001e875c	READ	1
0x0013f4d0	0x0013f4d8	CONDITIONAL_JUMP	0
0x0013f4d4	0x0013f521	UNCONDITIONAL_JUMP	0
0x0013f4d8	0xStack[-0x8]	READ	1
0x0013f4e1	0x00119b8c	UNCONDITIONAL_CALL	0
0x0013f4ee	0x0013f4fc	CONDITIONAL_JUMP	0
0x0013f4f1	0x0011a288	UNCONDITIONAL_CALL	0
0x0013f4f8	0x0013f521	UNCONDITIONAL_JUMP	0
0x0013f504	0x00193308	UNCONDITIONAL_CALL	0
0x0013f509	0xStack[0xc]	READ	0
0x0013f50d	0x0013f51f	CONDITIONAL_JUMP	0
0x0013f514	0xStack[0x8]	READ	1
0x0013f51a	0xStack[0xc]	READ	1
0x0013f521	0xStack[-0x14]	DATA	0
0x0013f532	0xStack[0x8]	READ	1
0x0013f535	0xStack[0xc]	READ	1
0x0013f54a	0x0013f587	CONDITIONAL_JUMP	0
0x0013f551	0x0013f587	CONDITIONAL_JUMP	0
0x0013f564	0x0013f587	CONDITIONAL_JUMP	0
0x0013f56b	0x0013f587	CONDITIONAL_JUMP	0
0x0013f56d	0x001dde10	READ	0
0x0013f574	0x0013f5a0	CONDITIONAL_JUMP	0
0x0013f57b	0x0013f5d8	UNCONDITIONAL_CALL	0
0x0013f585	0x0013f5a0	CONDITIONAL_JUMP	0
0x0013f587	0xStack[0x10]	READ	1
0x0013f58b	0x001ddf05	DATA	0
0x0013f590	0xStack[0x4]	READ	1
0x0013f594	0x0013f5ac	UNCONDITIONAL_CALL	0
0x0013f59e	0x0013f5a2	UNCONDITIONAL_JUMP	0
0x0013f5a2	0xStack[-0x10]	DATA	0
0x0013f5af	0xStack[0x4]	READ	1
0x0013f5b2	0xStack[0x8]	READ	1
0x0013f5b6	0xStack[0xc]	READ	1
0x0013f5c7	0x001ddf13	DATA	0
0x0013f5cc	0x0010c0d8	UNCONDITIONAL_CALL	0
0x0013f5ed	0xStack[0x4]	READ	1
0x0013f5f0	0xStack[-0x1c]	DATA	0
0x0013f5f8	0x0013f65b	CONDITIONAL_JUMP	0
0x0013f5fc	0xStack[-0x20]	DATA	0
0x0013f609	0x0014527c	UNCONDITIONAL_CALL	0
0x0013f613	0x0013f649	CONDITIONAL_JUMP	0
0x0013f615	0xStack[-0x20]	READ	0
0x0013f619	0x0013f649	CONDITIONAL_JUMP	0
0x0013f61b	0xStack[-0x18]	READ	0
0x0013f620	0x0013f649	CONDITIONAL_JUMP	0
0x0013f622	0xStack[-0x1c]	DATA	1
0x0013f626	0x0013f650	CONDITIONAL_JUMP	0
0x0013f628	0xStack[-0x16]	READ	1
0x0013f630	0x0013f649	CONDITIONAL_JUMP	0
0x0013f632	0xStack[-0x14]	READ	0
0x0013f636	0x0013f649	CONDITIONAL_JUMP	0
0x0013f63c	0x0013f650	CONDITIONAL_JUMP	0
0x0013f63e	0xStack[-0x13]	READ	0
0x0013f642	0x0013f649	CONDITIONAL_JUMP	0
0x0013f644	0xStack[0x8]	READ	0
0x0013f647	0x0013f650	CONDITIONAL_JUMP	0
0x0013f64b	0x0013f660	UNCONDITIONAL_JUMP	0
0x0013f650	0xStack[-0x18]	READ	1
0x0013f659	0x0013f5fc	CONDITIONAL_JUMP	0
0x0013f660	0xStack[-0x2c]	DATA	0
0x0013f675	0xStack[-0xc]	WRITE	0
0x0013f67c	0x0013f697	UNCONDITIONAL_JUMP	0
0x0013f682	0x001ddf38	WRITE	0
0x0013f68a	0x001ddf38	DATA	0
0x0013f68f	0x0010a588	UNCONDITIONAL_CALL	0
0x0013f697	0x001ddf38	READ	1
0x0013f69f	0x0013f680	CONDITIONAL_JUMP	0
0x0013f6a1	0x001ddf38	WRITE	0
0x0013f6a8	0xStack[0x8]	READ	1
0x0013f6ae	0xStack[0x4]	READ	1
0x0013f6b4	0x0013f6d0	CONDITIONAL_JUMP	0
0x0013f6b6	0xStack[-0xc]	WRITE	0
0x0013f6bd	0x0013f892	UNCONDITIONAL_JUMP	0
0x0013f6c4	0xStack[-0xc]	WRITE	0
0x0013f6cb	0x0013f87f	UNCONDITIONAL_JUMP	0
0x0013f6d3	0x0013f892	CONDITIONAL_JUMP	0
0x0013f6e8	0x0013f6fc	CONDITIONAL_JUMP	0
0x0013f6ef	0x0013f6fc	CONDITIONAL_JUMP	0
0x0013f6f4	0xStack[-0x14]	WRITE	0
0x0013f6fa	0x0013f70c	CONDITIONAL_JUMP	0
0x0013f6fc	0x001ddf39	DATA	0
0x0013f707	0x0013f7db	UNCONDITIONAL_JUMP	0
0x0013f719	0xStack[-0x14]	READ	0
0x0013f71c	0x0013f724	CONDITIONAL_JUMP	0
0x0013f721	0x0013f735	UNCONDITIONAL_JUMP	0
0x0013f729	0xStack[-0x14]	READ	1
0x0013f73a	0x0013d830	UNCONDITIONAL_CALL	0
0x0013f74b	0x0013f766	CONDITIONAL_JUMP	0
0x0013f74f	0x001ddee9	DATA	0
0x0013f755	0x0013f5ac	UNCONDITIONAL_CALL	0
0x0013f75a	0x001e875c	READ	1
0x0013f766	0x001e875c	READ	1
0x0013f76f	0x0013f778	CONDITIONAL_JUMP	0
0x0013f773	0x0013f873	UNCONDITIONAL_JUMP	0
0x0013f77e	0x00119b8c	UNCONDITIONAL_CALL	0
0x0013f789	0x0013f798	CONDITIONAL_JUMP	0
0x0013f78c	0x0011a288	UNCONDITIONAL_CALL	0
0x0013f796	0x0013f7b6	UNCONDITIONAL_JUMP	0
0x0013f7a0	0xStack[-0x10]	WRITE	0
0x0013f7a3	0x00193308	UNCONDITIONAL_CALL	0
0x0013f7ab	0xStack[-0x10]	READ	1
0x0013f7b1	0xStack[-0x8]	WRITE	0
0x0013f7b8	0x0013f873	CONDITIONAL_JUMP	0
0x0013f7be	0xStack[-0x8]	READ	1
0x0013f7c6	0x0013f7d0	CONDITIONAL_JUMP	0
0x0013f7ce	0x0013f800	CONDITIONAL_JUMP	0
0x0013f7d0	0x001ddf57	DATA	0
0x0013f7e4	0x001ddf13	DATA	0
0x0013f7e9	0x0010c0d8	UNCONDITIONAL_CALL	0
0x0013f7f1	0xStack[-0xc]	WRITE	0
0x0013f7f8	0x0013f87f	UNCONDITIONAL_JUMP	0
0x0013f803	0xStack[0x4]	READ	1
0x0013f809	0x0013f6c4	CONDITIONAL_JUMP	0
0x0013f812	0x0013f87f	CONDITIONAL_JUMP	0
0x0013f815	0x001932bc	UNCONDITIONAL_CALL	0
0x0013f81b	0x0011a288	UNCONDITIONAL_CALL	0
0x0013f825	0xStack[0x8]	READ	0
0x0013f828	0x0013f834	CONDITIONAL_JUMP	0
0x0013f82b	0x00140bf0	UNCONDITIONAL_CALL	0
0x0013f830	0x0013f854	UNCONDITIONAL_JUMP	0
0x0013f834	0xStack[0x8]	READ	1
0x0013f846	0x0013f857	CONDITIONAL_JUMP	0
0x0013f84f	0x0010ab38	UNCONDITIONAL_CALL	0
0x0013f861	0x00140798	UNCONDITIONAL_CALL	0
0x0013f86d	0x0013f6dc	CONDITIONAL_JUMP	0
0x0013f873	0x001e875c	READ	1
0x0013f87c	0xStack[-0xc]	WRITE	0
0x0013f881	0x0013f892	CONDITIONAL_JUMP	0
0x0013f884	0x001932bc	UNCONDITIONAL_CALL	0
0x0013f88a	0x0011a288	UNCONDITIONAL_CALL	0
0x0013f892	0x001ddf38	READ	0
0x0013f899	0x0013f8a8	CONDITIONAL_JUMP	0
0x0013f89b	0x001ddf38	DATA	0
0x0013f8a0	0x0010ab38	UNCONDITIONAL_CALL	0
0x0013f8a8	0x001ddf38	WRITE	0
0x0013f8b1	0x0013f8fe	CONDITIONAL_JUMP	0
0x0013f8b3	0xStack[0x8]	READ	0
0x0013f8b6	0x0013f8fe	CONDITIONAL_JUMP	0
0x0013f8b9	0x00140bf0	UNCONDITIONAL_CALL	0
0x0013f8c1	0x0013f8d8	UNCONDITIONAL_JUMP	0
0x0013f8c6	0xStack[0x8]	READ	1
0x0013f8d0	0x0010a588	UNCONDITIONAL_CALL	0
0x0013f8d8	0xStack[0x8]	READ	1
0x0013f8e1	0x0013f8c4	CONDITIONAL_JUMP	0
0x0013f8e3	0xStack[0x8]	READ	1
0x0013f8ea	0xStack[-0xc]	READ	0
0x0013f8ee	0x0013f8fe	CONDITIONAL_JUMP	0
0x0013f8f5	0x0013f8fe	CONDITIONAL_JUMP	0
0x0013f8f7	0xStack[-0xc]	WRITE	0
0x0013f8fe	0xStack[-0xc]	READ	1
0x0013f901	0xStack[-0x20]	DATA	0
0x0013f912	0xStack[0x4]	READ	1
0x0013f915	0xStack[0x8]	READ	1
0x0013f91d	0x0013f930	CONDITIONAL_JUMP	0
0x0013f92c	0x0013f999	UNCONDITIONAL_JUMP	0
0x0013f936	0x0013f982	CONDITIONAL_JUMP	0
0x0013f93c	0x0013f988	CONDITIONAL_JUMP	0
0x0013f949	0x0013f964	CONDITIONAL_JUMP	0
0x0013f956	0x0013f988	CONDITIONAL_JUMP	0
0x0013f95e	0x0013f950	CONDITIONAL_JUMP	0
0x0013f960	0x0013f988	UNCONDITIONAL_JUMP	0
0x0013f96a	0x0013f940	CONDITIONAL_JUMP	0
0x0013f96c	0x0013f988	UNCONDITIONAL_JUMP	0
0x0013f979	0x0013f988	CONDITIONAL_JUMP	0
0x0013f97e	0x0013f988	CONDITIONAL_JUMP	0
0x0013f986	0x0013f970	CONDITIONAL_JUMP	0
0x0013f994	0x0013f999	CONDITIONAL_JUMP	0
0x0013f999	0xStack[-0x10]	DATA	0
0x0013f9ad	0xStack[0x4]	READ	1
0x0013f9b0	0xStack[0x8]	READ	1
0x0013f9b6	0xStack[-0x8]	WRITE	0
0x0013f9b9	0x0018b97c	UNCONDITIONAL_CALL	0
0x0013f9be	0xStack[-0xc]	WRITE	0
0x0013f9c8	0x0013f9c6	CONDITIONAL_JUMP	0
0x0013f9d6	0x0013f9c4	CONDITIONAL_JUMP	0
0x0013f9e0	0x0013fab0	CONDITIONAL_JUMP	0
0x0013f9e6	0xStack[-0x1c]	WRITE	0
0x0013f9ee	0x0013f9f4	CONDITIONAL_JUMP	0
0x0013f9f2	0x0013fa1f	UNCONDITIONAL_JUMP	0
0x0013f9fa	0x0015a75c	UNCONDITIONAL_CALL	0
0x0013fa1f	0xStack[0x8]	READ	1
0x0013fa31	0xStack[-0x1c]	READ	0
0x0013fa34	0x0013fa58	CONDITIONAL_JUMP	0
0x0013fa39	0xStack[-0x1c]	READ	0
0x0013fa3c	0x0013fa44	CONDITIONAL_JUMP	0
0x0013fa41	0x0013fa47	UNCONDITIONAL_JUMP	0
0x0013fa53	0x0013fa95	UNCONDITIONAL_JUMP	0
0x0013fa58	0xStack[-0x1c]	READ	1
0x0013fa5e	0x0013fa80	CONDITIONAL_JUMP	0
0x0013fa65	0x0013fa6c	CONDITIONAL_JUMP	0
0x0013fa6a	0x0013fa6f	UNCONDITIONAL_JUMP	0
0x0013fa7b	0x0013fa95	UNCONDITIONAL_JUMP	0
0x0013fa80	0xStack[-0x1c]	READ	1
0x0013fa95	0xStack[-0x8]	READ	1
0x0013faa6	0xStack[-0xc]	READ	1
0x0013faaa	0x00140157	UNCONDITIONAL_JUMP	0
0x0013fab0	0xStack[-0x1c]	WRITE	0
0x0013fab7	0x0013fbc9	CONDITIONAL_JUMP	0
0x0013fac2	0xStack[-0x1c]	READ	1
0x0013fac8	0x0013fbc9	CONDITIONAL_JUMP	0
0x0013face	0xStack[-0x8]	READ	1
0x0013fad4	0x0013fbc9	CONDITIONAL_JUMP	0
0x0013fade	0x0013fbc9	CONDITIONAL_JUMP	0
0x0013fae9	0x0013fbc0	CONDITIONAL_JUMP	0
0x0013faef	0xStack[-0x10]	WRITE	0
0x0013faf7	0xStack[-0x1c]	WRITE	0
0x0013faff	0x0013fb08	CONDITIONAL_JUMP	0
0x0013fb03	0x0013fb33	UNCONDITIONAL_JUMP	0
0x0013fb0e	0x0015a75c	UNCONDITIONAL_CALL	0
0x0013fb33	0xStack[-0x10]	READ	1
0x0013fb45	0xStack[-0x1c]	READ	0
0x0013fb48	0x0013fb6c	CONDITIONAL_JUMP	0
0x0013fb4d	0xStack[-0x1c]	READ	0
0x0013fb50	0x0013fb58	CONDITIONAL_JUMP	0
0x0013fb55	0x0013fb5b	UNCONDITIONAL_JUMP	0
0x0013fb67	0x0013fba9	UNCONDITIONAL_JUMP	0
0x0013fb6c	0xStack[-0x1c]	READ	1
0x0013fb72	0x0013fb94	CONDITIONAL_JUMP	0
0x0013fb79	0x0013fb80	CONDITIONAL_JUMP	0
0x0013fb7e	0x0013fb83	UNCONDITIONAL_JUMP	0
0x0013fb8f	0x0013fba9	UNCONDITIONAL_JUMP	0
0x0013fb94	0xStack[-0x1c]	READ	1
0x0013fba9	0xStack[-0x8]	READ	1
0x0013fbaf	0xStack[-0x10]	READ	1
0x0013fbb8	0xStack[-0x1c]	WRITE	0
0x0013fbbb	0x0013fbc9	UNCONDITIONAL_JUMP	0
0x0013fbc0	0xStack[-0x8]	READ	1
0x0013fbc3	0xStack[-0x1c]	READ	1
0x0013fbcc	0xStack[-0x1c]	READ	0
0x0013fbcf	0x0013fbe9	CONDITIONAL_JUMP	0
0x0013fbd4	0xStack[-0x8]	READ	1
0x0013fbd7	0xStack[-0x1c]	READ	1
0x0013fbdd	0x0013fbe9	CONDITIONAL_JUMP	0
0x0013fbe2	0xStack[-0x1c]	WRITE	0
0x0013fbe7	0x0013fbd4	CONDITIONAL_JUMP	0
0x0013fbec	0xStack[-0x1c]	READ	0
0x0013fbef	0x0013fcec	CONDITIONAL_JUMP	0
0x0013fbf9	0x0013fdb4	CONDITIONAL_JUMP	0
0x0013fc02	0xStack[-0x1c]	WRITE	0
0x0013fc05	0xStack[0x8]	READ	1
0x0013fc0e	0xStack[-0x18]	WRITE	0
0x0013fc13	0x0013fc30	CONDITIONAL_JUMP	0
0x0013fc15	0xStack[-0x1c]	READ	1
0x0013fc1f	0x0013fc25	CONDITIONAL_JUMP	0
0x0013fc23	0x0013fc30	CONDITIONAL_JUMP	0
0x0013fc25	0xStack[0x8]	READ	1
0x0013fc2b	0x0013fcbc	UNCONDITIONAL_JUMP	0
0x0013fc30	0xStack[0x8]	READ	1
0x0013fc36	0xStack[-0x18]	WRITE	0
0x0013fc39	0xStack[-0x1c]	READ	1
0x0013fc43	0x0013fc68	CONDITIONAL_JUMP	0
0x0013fc49	0x0013fcab	CONDITIONAL_JUMP	0
0x0013fc55	0x0013fcab	CONDITIONAL_JUMP	0
0x0013fc57	0xStack[-0x18]	READ	0
0x0013fc5a	0x0013fcab	CONDITIONAL_JUMP	0
0x0013fc62	0x0013fc4c	CONDITIONAL_JUMP	0
0x0013fc64	0x0013fcab	UNCONDITIONAL_JUMP	0
0x0013fc68	0xStack[-0x1c]	READ	1
0x0013fc6e	0x0013fc90	CONDITIONAL_JUMP	0
0x0013fc74	0x0013fcab	CONDITIONAL_JUMP	0
0x0013fc81	0x0013fca5	CONDITIONAL_JUMP	0
0x0013fc89	0x0013fc78	CONDITIONAL_JUMP	0
0x0013fc8b	0x0013fca5	UNCONDITIONAL_JUMP	0
0x0013fc90	0xStack[-0x18]	READ	0
0x0013fc93	0x0013fcb1	CONDITIONAL_JUMP	0
0x0013fc95	0x0013fca5	UNCONDITIONAL_JUMP	0
0x0013fc9b	0xStack[-0x18]	READ	1
0x0013fca1	0x0013fcab	CONDITIONAL_JUMP	0
0x0013fca9	0x0013fc98	CONDITIONAL_JUMP	0
0x0013fcaf	0x0013fcc4	CONDITIONAL_JUMP	0
0x0013fcb1	0xStack[-0x1c]	READ	1
0x0013fcb6	0xStack[0x8]	READ	1
0x0013fcbc	0xStack[-0x1c]	READ	1
0x0013fcc1	0x0013fcde	UNCONDITIONAL_JUMP	0
0x0013fcc7	0xStack[0x8]	READ	1
0x0013fcd0	0xStack[-0x1c]	READ	1
0x0013fcd6	0x0013fcde	CONDITIONAL_JUMP	0
0x0013fcd8	0xStack[0x8]	READ	1
0x0013fce3	0xStack[-0xc]	READ	1
0x0013fce7	0x00140157	UNCONDITIONAL_JUMP	0
0x0013fcf0	0x0013fdb4	CONDITIONAL_JUMP	0
0x0013fcf6	0xStack[0x8]	READ	1
0x0013fcfc	0xStack[-0x1c]	READ	1
0x0013fd02	0xStack[-0x18]	WRITE	0
0x0013fd07	0x0013fd24	CONDITIONAL_JUMP	0
0x0013fd09	0xStack[-0x1c]	READ	1
0x0013fd13	0x0013fd19	CONDITIONAL_JUMP	0
0x0013fd17	0x0013fd24	CONDITIONAL_JUMP	0
0x0013fd19	0xStack[0x8]	READ	1
0x0013fd1f	0x0013ff78	UNCONDITIONAL_JUMP	0
0x0013fd24	0xStack[0x8]	READ	1
0x0013fd2a	0xStack[-0x18]	WRITE	0
0x0013fd2d	0xStack[-0x1c]	READ	1
0x0013fd37	0x0013fd5c	CONDITIONAL_JUMP	0
0x0013fd3d	0x0013fda3	CONDITIONAL_JUMP	0
0x0013fd49	0x0013fda3	CONDITIONAL_JUMP	0
0x0013fd4b	0xStack[-0x18]	READ	0
0x0013fd4e	0x0013fda3	CONDITIONAL_JUMP	0
0x0013fd56	0x0013fd40	CONDITIONAL_JUMP	0
0x0013fd58	0x0013fda3	UNCONDITIONAL_JUMP	0
0x0013fd5c	0xStack[-0x1c]	READ	1
0x0013fd62	0x0013fd84	CONDITIONAL_JUMP	0
0x0013fd68	0x0013fda3	CONDITIONAL_JUMP	0
0x0013fd75	0x0013fd9d	CONDITIONAL_JUMP	0
0x0013fd7d	0x0013fd6c	CONDITIONAL_JUMP	0
0x0013fd7f	0x0013fd9d	UNCONDITIONAL_JUMP	0
0x0013fd84	0xStack[-0x18]	READ	0
0x0013fd87	0x0013ff6d	CONDITIONAL_JUMP	0
0x0013fd8d	0x0013fd9d	UNCONDITIONAL_JUMP	0
0x0013fd93	0xStack[-0x18]	READ	1
0x0013fd99	0x0013fda3	CONDITIONAL_JUMP	0
0x0013fda1	0x0013fd90	CONDITIONAL_JUMP	0
0x0013fda7	0x0013ff6d	CONDITIONAL_JUMP	0
0x0013fdad	0x0013ff84	UNCONDITIONAL_JUMP	0
0x0013fdb7	0xStack[-0x1c]	READ	0
0x0013fdba	0x0013fdc2	CONDITIONAL_JUMP	0
0x0013fdbf	0xStack[-0x1c]	WRITE	0
0x0013fdc2	0xStack[-0x1c]	READ	1
0x0013fdc8	0xStack[-0x8]	READ	0
0x0013fdcb	0x0013feb4	CONDITIONAL_JUMP	0
0x0013fdd4	0xStack[-0x1c]	WRITE	0
0x0013fddc	0x0013fde4	CONDITIONAL_JUMP	0
0x0013fde0	0x0013fe0f	UNCONDITIONAL_JUMP	0
0x0013fdea	0x0015a75c	UNCONDITIONAL_CALL	0
0x0013fe0f	0xStack[0x8]	READ	1
0x0013fe21	0xStack[-0x1c]	READ	0
0x0013fe24	0x0013fe48	CONDITIONAL_JUMP	0
0x0013fe29	0xStack[-0x1c]	READ	0
0x0013fe2c	0x0013fe34	CONDITIONAL_JUMP	0
0x0013fe31	0x0013fe37	UNCONDITIONAL_JUMP	0
0x0013fe43	0x0013fe85	UNCONDITIONAL_JUMP	0
0x0013fe48	0xStack[-0x1c]	READ	1
0x0013fe4e	0x0013fe70	CONDITIONAL_JUMP	0
0x0013fe55	0x0013fe5c	CONDITIONAL_JUMP	0
0x0013fe5a	0x0013fe5f	UNCONDITIONAL_JUMP	0
0x0013fe6b	0x0013fe85	UNCONDITIONAL_JUMP	0
0x0013fe70	0xStack[-0x1c]	READ	1
0x0013fe85	0xStack[-0x8]	READ	1
0x0013fe8e	0xStack[-0x1c]	WRITE	0
0x0013fe96	0x0013fea0	CONDITIONAL_JUMP	0
0x0013fe9e	0x0013feac	UNCONDITIONAL_JUMP	0
0x0013fea0	0xStack[-0x1c]	READ	1
0x0013feac	0xStack[-0x1c]	WRITE	0
0x0013feaf	0x00140067	UNCONDITIONAL_JUMP	0
0x0013feb4	0xStack[-0x8]	READ	0
0x0013feb7	0x0013ffa8	CONDITIONAL_JUMP	0
0x0013febd	0xStack[0x8]	READ	1
0x0013fec3	0xStack[-0x1c]	READ	1
0x0013fec9	0xStack[-0x18]	WRITE	0
0x0013fece	0x0013feec	CONDITIONAL_JUMP	0
0x0013fed0	0xStack[-0x1c]	READ	1
0x0013feda	0x0013fee0	CONDITIONAL_JUMP	0
0x0013fede	0x0013feec	CONDITIONAL_JUMP	0
0x0013fee0	0xStack[0x8]	READ	1
0x0013fee6	0x0013ff78	UNCONDITIONAL_JUMP	0
0x0013feec	0xStack[0x8]	READ	1
0x0013fef2	0xStack[-0x18]	WRITE	0
0x0013fef5	0xStack[-0x1c]	READ	1
0x0013feff	0x0013ff24	CONDITIONAL_JUMP	0
0x0013ff05	0x0013ff67	CONDITIONAL_JUMP	0
0x0013ff11	0x0013ff67	CONDITIONAL_JUMP	0
0x0013ff13	0xStack[-0x18]	READ	0
0x0013ff16	0x0013ff67	CONDITIONAL_JUMP	0
0x0013ff1e	0x0013ff08	CONDITIONAL_JUMP	0
0x0013ff20	0x0013ff67	UNCONDITIONAL_JUMP	0
0x0013ff24	0xStack[-0x1c]	READ	1
0x0013ff2a	0x0013ff4c	CONDITIONAL_JUMP	0
0x0013ff30	0x0013ff67	CONDITIONAL_JUMP	0
0x0013ff3d	0x0013ff61	CONDITIONAL_JUMP	0
0x0013ff45	0x0013ff34	CONDITIONAL_JUMP	0
0x0013ff47	0x0013ff61	UNCONDITIONAL_JUMP	0
0x0013ff4c	0xStack[-0x18]	READ	0
0x0013ff4f	0x0013ff6d	CONDITIONAL_JUMP	0
0x0013ff51	0x0013ff61	UNCONDITIONAL_JUMP	0
0x0013ff57	0xStack[-0x18]	READ	1
0x0013ff5d	0x0013ff67	CONDITIONAL_JUMP	0
0x0013ff65	0x0013ff54	CONDITIONAL_JUMP	0
0x0013ff6b	0x0013ff84	CONDITIONAL_JUMP	0
0x0013ff6d	0xStack[-0x1c]	READ	1
0x0013ff72	0xStack[0x8]	READ	1
0x0013ff78	0xStack[-0x1c]	READ	1
0x0013ff7d	0x00140067	UNCONDITIONAL_JUMP	0
0x0013ff87	0xStack[0x8]	READ	1
0x0013ff90	0xStack[-0x1c]	READ	1
0x0013ff96	0x00140067	CONDITIONAL_JUMP	0
0x0013ff9c	0xStack[0x8]	READ	1
0x0013ffa2	0x00140067	UNCONDITIONAL_JUMP	0
0x0013ffad	0x0013ffb4	CONDITIONAL_JUMP	0
0x0013ffb1	0x0013ffdf	UNCONDITIONAL_JUMP	0
0x0013ffba	0x0015a75c	UNCONDITIONAL_CALL	0
0x0013ffdf	0xStack[0x8]	READ	1
0x0013fff1	0xStack[-0x1c]	READ	0
0x0013fff4	0x00140018	CONDITIONAL_JUMP	0
0x0013fff9	0xStack[-0x1c]	READ	0
0x0013fffc	0x00140004	CONDITIONAL_JUMP	0
0x00140001	0x00140007	UNCONDITIONAL_JUMP	0
0x00140013	0x00140055	UNCONDITIONAL_JUMP	0
0x00140018	0xStack[-0x1c]	READ	1
0x0014001e	0x00140040	CONDITIONAL_JUMP	0
0x00140025	0x0014002c	CONDITIONAL_JUMP	0
0x0014002a	0x0014002f	UNCONDITIONAL_JUMP	0
0x0014003b	0x00140055	UNCONDITIONAL_JUMP	0
0x00140040	0xStack[-0x1c]	READ	1
0x00140055	0xStack[-0x8]	READ	1
0x0014005b	0xStack[-0x1c]	READ	1
0x0014006a	0xStack[-0x1c]	READ	0
0x0014006d	0x0014014e	CONDITIONAL_JUMP	0
0x00140073	0xStack[-0x1c]	READ	1
0x00140079	0xStack[-0x18]	WRITE	0
0x0014007e	0x0014014e	CONDITIONAL_JUMP	0
0x00140084	0xStack[-0x1c]	READ	1
0x0014008d	0xStack[-0x14]	WRITE	0
0x00140090	0xStack[-0x18]	READ	1
0x00140098	0xStack[-0x1c]	WRITE	0
0x001400a2	0x001400c8	CONDITIONAL_JUMP	0
0x001400a8	0x0014010b	CONDITIONAL_JUMP	0
0x001400b5	0x0014010b	CONDITIONAL_JUMP	0
0x001400b7	0xStack[-0x1c]	READ	0
0x001400ba	0x0014010b	CONDITIONAL_JUMP	0
0x001400c2	0x001400ac	CONDITIONAL_JUMP	0
0x001400c4	0x0014010b	UNCONDITIONAL_JUMP	0
0x001400c8	0xStack[-0x18]	READ	1
0x001400ce	0x001400f0	CONDITIONAL_JUMP	0
0x001400d4	0x0014010b	CONDITIONAL_JUMP	0
0x001400e1	0x00140105	CONDITIONAL_JUMP	0
0x001400e9	0x001400d8	CONDITIONAL_JUMP	0
0x001400eb	0x00140105	UNCONDITIONAL_JUMP	0
0x001400f0	0xStack[-0x1c]	READ	0
0x001400f3	0x00140131	CONDITIONAL_JUMP	0
0x001400f5	0x00140105	UNCONDITIONAL_JUMP	0
0x001400fb	0xStack[-0x1c]	READ	1
0x00140101	0x0014010b	CONDITIONAL_JUMP	0
0x00140109	0x001400f8	CONDITIONAL_JUMP	0
0x0014010f	0x00140131	CONDITIONAL_JUMP	0
0x00140115	0x00140131	CONDITIONAL_JUMP	0
0x00140117	0xStack[-0x18]	READ	1
0x00140131	0xStack[-0x14]	READ	1
0x00140134	0xStack[-0x18]	READ	1
0x0014013a	0xStack[-0x1c]	WRITE	0
0x00140140	0xStack[-0x18]	WRITE	0
0x00140148	0x00140084	CONDITIONAL_JUMP	0
0x00140153	0xStack[-0xc]	READ	1
0x00140157	0x0018b544	UNCONDITIONAL_CALL	0
0x0014015c	0xStack[-0x28]	DATA	0
0x0014016e	0xStack[0x4]	READ	1
0x00140171	0xStack[0x8]	READ	1
0x00140174	0x001e8b54	READ	1
0x0014017a	0x001f50ec	READ	0
0x00140181	0x001401a4	CONDITIONAL_JUMP	0
0x00140189	0x001401ce	CONDITIONAL_JUMP	0
0x00140191	0x001401c8	CONDITIONAL_JUMP	0
0x0014019a	0x001f50e4	READ	1
0x0014019f	0x001401c3	UNCONDITIONAL_JUMP	0
0x001401a8	0x001401dc	CONDITIONAL_JUMP	0
0x001401ab	0x001f50dc	READ	1
0x001401b7	0x001401c8	CONDITIONAL_JUMP	0
0x001401be	0x001f50e8	READ	1
0x001401cc	0x001401dc	CONDITIONAL_JUMP	0
0x001401d0	0x001f50d0	READ	1
0x001401d7	0x001401ed	UNCONDITIONAL_JUMP	0
0x001401de	0x001401e6	CONDITIONAL_JUMP	0
0x001401e8	0x0013f9a4	UNCONDITIONAL_CALL	0
0x001401ed	0xStack[-0x10]	DATA	0
0x001401fd	0xStack[0x4]	READ	1
0x00140200	0xStack[0x8]	READ	1
0x00140203	0x001f50ec	READ	0
0x0014020a	0x0014022c	CONDITIONAL_JUMP	0
0x00140212	0x00140256	CONDITIONAL_JUMP	0
0x0014021a	0x00140250	CONDITIONAL_JUMP	0
0x00140223	0x001f50e4	READ	1
0x00140228	0x0014024b	UNCONDITIONAL_JUMP	0
0x00140230	0x00140264	CONDITIONAL_JUMP	0
0x00140233	0x001f50dc	READ	1
0x0014023f	0x00140250	CONDITIONAL_JUMP	0
0x00140246	0x001f50e8	READ	1
0x00140254	0x00140264	CONDITIONAL_JUMP	0
0x00140258	0x001f50d4	READ	1
0x0014025f	0x00140272	UNCONDITIONAL_JUMP	0
0x0014026d	0x0013f9a4	UNCONDITIONAL_CALL	0
0x00140272	0xStack[-0xc]	DATA	0
0x00140281	0xStack[0x4]	READ	1
0x00140284	0xStack[0x8]	READ	1
0x00140287	0x001f50ec	READ	0
0x0014028e	0x001402b0	CONDITIONAL_JUMP	0
0x00140296	0x001402da	CONDITIONAL_JUMP	0
0x0014029e	0x001402d4	CONDITIONAL_JUMP	0
0x001402a7	0x001f50e4	READ	1
0x001402ac	0x001402cf	UNCONDITIONAL_JUMP	0
0x001402b4	0x001402e8	CONDITIONAL_JUMP	0
0x001402b7	0x001f50dc	READ	1
0x001402c3	0x001402d4	CONDITIONAL_JUMP	0
0x001402ca	0x001f50e8	READ	1
0x001402d8	0x001402e8	CONDITIONAL_JUMP	0
0x001402dc	0x001f50d0	READ	1
0x001402e3	0x001402f6	UNCONDITIONAL_JUMP	0
0x001402f1	0x0013f9a4	UNCONDITIONAL_CALL	0
0x001402f6	0xStack[-0xc]	DATA	0
0x00140305	0xStack[0x4]	READ	1
0x00140308	0x001f50ec	READ	0
0x0014030f	0x00140330	CONDITIONAL_JUMP	0
0x00140317	0x0014035a	CONDITIONAL_JUMP	0
0x0014031f	0x00140354	CONDITIONAL_JUMP	0
0x00140328	0x001f50e4	READ	1
0x0014032d	0x0014034f	UNCONDITIONAL_JUMP	0
0x00140334	0x00140364	CONDITIONAL_JUMP	0
0x00140337	0x001f50dc	READ	1
0x00140343	0x00140354	CONDITIONAL_JUMP	0
0x0014034a	0x001f50e8	READ	1
0x00140358	0x00140364	CONDITIONAL_JUMP	0
0x0014035b	0x001f50dc	READ	1
0x00140362	0x001403af	UNCONDITIONAL_JUMP	0
0x00140364	0x0018b97c	UNCONDITIONAL_CALL	0
0x00140374	0x00140372	CONDITIONAL_JUMP	0
0x00140382	0x00140370	CONDITIONAL_JUMP	0
0x0014038c	0x001403a0	CONDITIONAL_JUMP	0
0x00140394	0x0018b544	UNCONDITIONAL_CALL	0
0x0014039b	0x001403af	UNCONDITIONAL_JUMP	0
0x001403a8	0x0018b544	UNCONDITIONAL_CALL	0
0x001403af	0xStack[-0xc]	DATA	0
0x001403c1	0xStack[0x4]	READ	1
0x001403c4	0x001f50ec	READ	0
0x001403cb	0x001403ec	CONDITIONAL_JUMP	0
0x001403d3	0x00140416	CONDITIONAL_JUMP	0
0x001403db	0x00140410	CONDITIONAL_JUMP	0
0x001403e4	0x001f50e4	READ	1
0x001403e9	0x0014040b	UNCONDITIONAL_JUMP	0
0x001403f0	0x00140428	CONDITIONAL_JUMP	0
0x001403f3	0x001f50dc	READ	1
0x001403ff	0x00140410	CONDITIONAL_JUMP	0
0x00140406	0x001f50e8	READ	1
0x00140414	0x00140428	CONDITIONAL_JUMP	0
0x00140416	0xStack[0x8]	READ	1
0x0014041b	0x001f50e0	READ	1
0x00140422	0x0014053c	UNCONDITIONAL_JUMP	0
0x00140428	0x0018b97c	UNCONDITIONAL_CALL	0
0x0014042d	0xStack[-0x8]	WRITE	0
0x00140438	0x00140436	CONDITIONAL_JUMP	0
0x00140446	0x00140434	CONDITIONAL_JUMP	0
0x00140450	0x00140468	CONDITIONAL_JUMP	0
0x00140457	0xStack[-0x8]	READ	1
0x0014045b	0x0018b544	UNCONDITIONAL_CALL	0
0x00140462	0x0014053c	UNCONDITIONAL_JUMP	0
0x0014046a	0xStack[0x8]	READ	0
0x0014046d	0x0014048c	CONDITIONAL_JUMP	0
0x00140477	0x00140517	CONDITIONAL_JUMP	0
0x00140487	0x00140517	UNCONDITIONAL_JUMP	0
0x00140490	0x001404c0	CONDITIONAL_JUMP	0
0x00140497	0xStack[0x8]	READ	0
0x0014049a	0x001404a4	CONDITIONAL_JUMP	0
0x001404a2	0x00140494	CONDITIONAL_JUMP	0
0x001404a8	0x001404c0	CONDITIONAL_JUMP	0
0x001404aa	0xStack[0x8]	READ	1
0x001404b5	0x001404ba	CONDITIONAL_JUMP	0
0x001404ba	0xStack[0x8]	READ	1
0x001404bd	0x00140517	UNCONDITIONAL_JUMP	0
0x001404c8	0x00140468	CONDITIONAL_JUMP	0
0x001404ca	0x00140517	UNCONDITIONAL_JUMP	0
0x001404cf	0xStack[-0xc]	WRITE	0
0x001404d5	0xStack[-0x10]	WRITE	0
0x001404da	0x001404e4	CONDITIONAL_JUMP	0
0x001404df	0x001404ed	UNCONDITIONAL_JUMP	0
0x001404e4	0xStack[-0x10]	READ	1
0x001404e7	0xStack[-0xc]	READ	1
0x001404f0	0xStack[-0x10]	READ	0
0x001404f3	0x00140500	CONDITIONAL_JUMP	0
0x001404f5	0xStack[-0xc]	READ	1
0x001404fb	0x00140509	UNCONDITIONAL_JUMP	0
0x00140500	0xStack[-0xc]	READ	1
0x00140503	0xStack[-0x10]	READ	1
0x0014050c	0x0015a824	UNCONDITIONAL_CALL	0
0x0014051e	0x0014052c	CONDITIONAL_JUMP	0
0x00140525	0x0014052c	CONDITIONAL_JUMP	0
0x0014052a	0x001404cc	CONDITIONAL_JUMP	0
0x00140531	0xStack[-0x8]	READ	1
0x00140535	0x0018b544	UNCONDITIONAL_CALL	0
0x0014053c	0xStack[-0x1c]	DATA	0
0x0014054c	0xStack[0x4]	READ	1
0x00140552	0x00101600	UNCONDITIONAL_CALL	0
0x0014055a	0x001f50ec	READ	0
0x00140561	0x00140584	CONDITIONAL_JUMP	0
0x00140569	0x001405a5	CONDITIONAL_JUMP	0
0x00140571	0x001405a5	CONDITIONAL_JUMP	0
0x0014057a	0x001f50e4	READ	1
0x0014057f	0x001405a3	UNCONDITIONAL_JUMP	0
0x00140588	0x001405a5	CONDITIONAL_JUMP	0
0x0014058b	0x001f50dc	READ	1
0x00140597	0x001405a5	CONDITIONAL_JUMP	0
0x0014059e	0x001f50e8	READ	1
0x001405bc	0xStack[-0x8]	READ	1
0x001405c7	0xStack[0x4]	READ	1
0x001405cf	0x001405e7	CONDITIONAL_JUMP	0
0x001405d6	0x001f50ec	READ	0
0x001405dd	0x001405e7	CONDITIONAL_JUMP	0
0x001405e0	0x001f50e8	READ	1
0x001405f0	0x001f6100	READ	1
0x001405f7	0x0016b790	UNCONDITIONAL_CALL	0
0x00140603	0x00140658	CONDITIONAL_JUMP	0
0x0014060b	0x00101600	UNCONDITIONAL_CALL	0
0x00140626	0x001de480	DATA	1
0x00140638	0x0015e0b4	UNCONDITIONAL_CALL	0
0x00140644	0x001e978c	READ	1
0x0014064d	0x001e978c	WRITE	0
0x00140655	0x0014065a	UNCONDITIONAL_JUMP	0
0x0014065a	0xStack[-0x8]	READ	1
0x0014066a	0x001406c7	UNCONDITIONAL_JUMP	0
0x00140671	0x0014067a	CONDITIONAL_JUMP	0
0x00140673	0x001f50f0	DATA	1
0x0014067a	0x001f50f0	WRITE	0
0x00140692	0x0015eae8	UNCONDITIONAL_CALL	0
0x001406a9	0x001406b8	CONDITIONAL_JUMP	0
0x001406ab	0x001ddfb0	DATA	0
0x001406b0	0x0010ca6c	UNCONDITIONAL_CALL	0
0x001406c7	0x001f50f0	READ	1
0x001406cf	0x0014066c	CONDITIONAL_JUMP	0
0x001406d1	0x001e978c	READ	1
0x001406db	0x0014072f	CONDITIONAL_JUMP	0
0x001406e5	0x00140724	CONDITIONAL_JUMP	0
0x001406e9	0x001406f8	CONDITIONAL_JUMP	0
0x001406ee	0x001e978c	WRITE	0
0x001406f5	0x001406fe	UNCONDITIONAL_JUMP	0
0x00140705	0x001e90cc	READ	1
0x0014070c	0x0016b84c	UNCONDITIONAL_CALL	0
0x00140712	0x001f6100	READ	1
0x00140719	0x0016b84c	UNCONDITIONAL_CALL	0
0x00140721	0x00140729	UNCONDITIONAL_JUMP	0
0x0014072d	0x001406e0	CONDITIONAL_JUMP	0
0x0014072f	0xStack[-0x10]	DATA	0
0x0014073f	0x001f5100	DATA	1
0x0014074c	0x001f5100	WRITE	0
0x0014074c	0x001f5108	WRITE	0
0x0014074e	0x001f5104	WRITE	0
0x0014074e	0x001f5100	DATA	0
0x0014074e	0x001f510c	WRITE	0
0x0014074e	0x001f5108	DATA	0
0x00140755	0x0014074c	CONDITIONAL_JUMP	0
0x00140757	0x001f50f0	WRITE	0
0x00140761	0x001f50f4	WRITE	0
0x0014076b	0x001e978c	WRITE	0
0x00140775	0x001ddfc1	DATA	0
0x00140788	0x0016a490	UNCONDITIONAL_CALL	0
0x0014078d	0x001f6100	WRITE	0
0x001407a1	0xStack[0x4]	READ	1
0x001407a5	0xStack[-0x8]	WRITE	0
0x001407a9	0xStack[-0x8]	READ	1
0x001407ae	0x00142de8	UNCONDITIONAL_CALL	0
0x001407b3	0xStack[-0xc]	WRITE	0
0x001407bb	0x001407ca	CONDITIONAL_JUMP	0
0x001407bd	0x001ddfd2	DATA	0
0x001407c2	0x0010ca6c	UNCONDITIONAL_CALL	0
0x001407ca	0xStack[-0xc]	READ	1
0x001407d0	0xStack[0x8]	READ	1
0x001407d6	0x001407e5	CONDITIONAL_JUMP	0
0x001407d8	0x001ddfe0	DATA	0
0x001407dd	0x0010ca6c	UNCONDITIONAL_CALL	0
0x001407e5	0xStack[0xc]	READ	1
0x001407f2	0x001f5100	DATA	1
0x001407f8	0x001f5100	DATA	1
0x00140800	0x001408ae	CONDITIONAL_JUMP	0
0x00140808	0xStack[0xc]	READ	1
0x0014080e	0x001408a4	CONDITIONAL_JUMP	0
0x00140814	0xStack[-0x8]	READ	1
0x0014081c	0x001408a4	CONDITIONAL_JUMP	0
0x0014082c	0x00140958	CONDITIONAL_JUMP	0
0x00140838	0x00140870	CONDITIONAL_JUMP	0
0x0014083f	0x0014084c	CONDITIONAL_JUMP	0
0x00140847	0x00140854	UNCONDITIONAL_JUMP	0
0x0014084f	0x001f50f4	WRITE	0
0x0014087d	0x00140895	CONDITIONAL_JUMP	0
0x00140887	0x0010a588	UNCONDITIONAL_CALL	0
0x00140893	0x00140880	CONDITIONAL_JUMP	0
0x0014089f	0x00140be6	UNCONDITIONAL_JUMP	0
0x001408a8	0x00140808	CONDITIONAL_JUMP	0
0x001408ae	0x001f50f0	READ	1
0x001408b6	0x00140979	CONDITIONAL_JUMP	0
0x001408bc	0x001f6100	READ	1
0x001408c3	0x0016b790	UNCONDITIONAL_CALL	0
0x001408cf	0x00140924	CONDITIONAL_JUMP	0
0x001408d7	0x00101600	UNCONDITIONAL_CALL	0
0x001408f2	0x001de480	DATA	1
0x00140904	0x0015e0b4	UNCONDITIONAL_CALL	0
0x00140910	0x001e978c	READ	1
0x00140919	0x001e978c	WRITE	0
0x00140926	0x00140970	CONDITIONAL_JUMP	0
0x00140928	0x001f50f0	READ	0
0x0014092f	0x0014093b	CONDITIONAL_JUMP	0
0x00140931	0x0011b7f8	UNCONDITIONAL_CALL	0
0x00140939	0x00140928	CONDITIONAL_JUMP	0
0x0014093b	0x001f50f0	READ	1
0x00140943	0x001407a9	CONDITIONAL_JUMP	0
0x00140949	0x001ddfed	DATA	0
0x0014094e	0x0010ca6c	UNCONDITIONAL_CALL	0
0x00140963	0x0010a588	UNCONDITIONAL_CALL	0
0x0014096b	0x001407a9	UNCONDITIONAL_JUMP	0
0x00140970	0x001f50f0	READ	1
0x0014097e	0x00140987	CONDITIONAL_JUMP	0
0x00140980	0x001f50f0	DATA	1
0x00140987	0x001f50f0	WRITE	0
0x0014099f	0x0015eae8	UNCONDITIONAL_CALL	0
0x001409b6	0x001409c5	CONDITIONAL_JUMP	0
0x001409b8	0x001de007	DATA	0
0x001409bd	0x0010ca6c	UNCONDITIONAL_CALL	0
0x001409d4	0x001f5100	DATA	1
0x001409db	0x001f5100	DATA	1
0x001409e0	0x001f5100	DATA	1
0x001409e2	0xStack[-0x8]	READ	1
0x001409ea	0xStack[-0xc]	READ	1
0x001409f3	0xStack[0xc]	READ	1
0x00140a00	0xStack[0x8]	READ	1
0x00140a11	0xStack[0xc]	READ	1
0x00140a14	0xStack[0x8]	READ	1
0x00140a2c	0xStack[-0x14]	WRITE	0
0x00140a3c	0xStack[-0x14]	READ	1
0x00140a44	0xStack[-0x14]	WRITE	0
0x00140a57	0xStack[-0x10]	WRITE	0
0x00140a5a	0xStack[-0x14]	READ	1
0x00140a5f	0xStack[0x8]	READ	1
0x00140a6e	0x00119b8c	UNCONDITIONAL_CALL	0
0x00140a7b	0x00140b14	CONDITIONAL_JUMP	0
0x00140a82	0x0011a288	UNCONDITIONAL_CALL	0
0x00140a97	0x001f5100	DATA	1
0x00140abe	0x00140acf	CONDITIONAL_JUMP	0
0x00140aca	0x0010ab38	UNCONDITIONAL_CALL	0
0x00140ad5	0x001f50f0	READ	0
0x00140adc	0x00140af0	CONDITIONAL_JUMP	0
0x00140ade	0x001f50f4	READ	1
0x00140ae5	0x001f50f4	READ	1
0x00140aee	0x00140afd	UNCONDITIONAL_JUMP	0
0x00140af0	0x001f50f0	WRITE	0
0x00140af6	0x001f50f0	DATA	1
0x00140b07	0x001f50f4	WRITE	0
0x00140b0f	0x00140be6	UNCONDITIONAL_JUMP	0
0x00140b14	0xStack[0xc]	READ	1
0x00140b17	0xStack[0x8]	READ	1
0x00140b29	0x001930b8	UNCONDITIONAL_CALL	0
0x00140b46	0xStack[-0xc]	READ	1
0x00140b59	0x001ddf6c	DATA	1
0x00140b86	0xStack[0xc]	READ	0
0x00140b8a	0x00140b90	CONDITIONAL_JUMP	0
0x00140b9b	0x00140bcc	CONDITIONAL_JUMP	0
0x00140bc1	0x001ddf68	READ	1
0x00140bcd	0x0011a288	UNCONDITIONAL_CALL	0
0x00140be6	0xStack[-0x28]	DATA	0
0x00140bf4	0xStack[0x4]	READ	1
0x00140bfb	0x00140c0a	CONDITIONAL_JUMP	0
0x00140bfd	0x001de018	DATA	0
0x00140c02	0x0010ca6c	UNCONDITIONAL_CALL	0
0x00140c19	0x00140c2a	CONDITIONAL_JUMP	0
0x00140c22	0x0010ab38	UNCONDITIONAL_CALL	0
0x00140c30	0x00140c80	CONDITIONAL_JUMP	0
0x00140c38	0x001e9790	DATA	0
0x00140c3d	0x00160844	UNCONDITIONAL_CALL	0
0x00140c49	0x00140c54	CONDITIONAL_JUMP	0
0x00140c4b	0x001e9790	READ	1
0x00140c58	0x00140c63	CONDITIONAL_JUMP	0
0x00140c5a	0x001e9790	READ	1
0x00140c67	0x00140c7c	CONDITIONAL_JUMP	0
0x00140c70	0x001e9790	READ	1
0x00140c84	0x0011df54	UNCONDITIONAL_CALL	0
0x00140c89	0xStack[-0x8]	READ	1
0x00140c94	0xStack[0x4]	READ	1
0x00140c9b	0x00140caa	CONDITIONAL_JUMP	0
0x00140c9d	0x001de01d	DATA	0
0x00140ca2	0x0010ca6c	UNCONDITIONAL_CALL	0
0x00140cb0	0x00140d00	CONDITIONAL_JUMP	0
0x00140cb8	0x001e9790	DATA	0
0x00140cbd	0x00160844	UNCONDITIONAL_CALL	0
0x00140cc9	0x00140cd4	CONDITIONAL_JUMP	0
0x00140ccb	0x001e9790	READ	1
0x00140cd8	0x00140ce3	CONDITIONAL_JUMP	0
0x00140cda	0x001e9790	READ	1
0x00140ce7	0x00140cfc	CONDITIONAL_JUMP	0
0x00140cf0	0x001e9790	READ	1
0x00140d04	0x0011df54	UNCONDITIONAL_CALL	0
0x00140d09	0xStack[-0x8]	READ	1
0x00140d14	0xStack[0x4]	READ	1
0x00140d1b	0x00140d2a	CONDITIONAL_JUMP	0
0x00140d1d	0x001de023	DATA	0
0x00140d22	0x0010ca6c	UNCONDITIONAL_CALL	0
0x00140d39	0x00140d47	CONDITIONAL_JUMP	0
0x00140d42	0x0010ab38	UNCONDITIONAL_CALL	0
0x00140d57	0x00140d99	CONDITIONAL_JUMP	0
0x00140d5f	0x001f50f0	READ	0
0x00140d66	0x00140d7c	CONDITIONAL_JUMP	0
0x00140d68	0x001f50f4	READ	1
0x00140d6f	0x001f50f4	READ	1
0x00140d78	0x00140d89	UNCONDITIONAL_JUMP	0
0x00140d7c	0x001f50f0	WRITE	0
0x00140d82	0x001f50f0	DATA	1
0x00140d93	0x001f50f4	WRITE	0
0x00140d99	0xStack[-0x8]	READ	1
0x00140da4	0xStack[0x4]	READ	1
0x00140db3	0x00140dc1	CONDITIONAL_JUMP	0
0x00140db9	0x00140dc1	CONDITIONAL_JUMP	0
0x00140dbf	0x00140dce	CONDITIONAL_JUMP	0
0x00140dc1	0x001de029	DATA	0
0x00140dc6	0x0010ca6c	UNCONDITIONAL_CALL	0
0x00140dd8	0x00140e6c	CONDITIONAL_JUMP	0
0x00140dde	0x00140df1	UNCONDITIONAL_JUMP	0
0x00140de9	0x0010a588	UNCONDITIONAL_CALL	0
0x00140df7	0x00140de0	CONDITIONAL_JUMP	0
0x00140e02	0x00140e3e	CONDITIONAL_JUMP	0
0x00140e13	0x00141014	UNCONDITIONAL_CALL	0
0x00140e36	0x0013d3f0	UNCONDITIONAL_CALL	0
0x00140e42	0x00140e4f	CONDITIONAL_JUMP	0
0x00140e47	0x00140eb4	UNCONDITIONAL_CALL	0
0x00140e5e	0x00140e6c	CONDITIONAL_JUMP	0
0x00140e67	0x0010ab38	UNCONDITIONAL_CALL	0
0x00140e72	0x001f50f0	READ	0
0x00140e79	0x00140e90	CONDITIONAL_JUMP	0
0x00140e7b	0x001f50f4	READ	1
0x00140e82	0x001f50f4	READ	1
0x00140e8b	0x00140e9d	UNCONDITIONAL_JUMP	0
0x00140e90	0x001f50f0	WRITE	0
0x00140e96	0x001f50f0	DATA	1
0x00140ea7	0x001f50f4	WRITE	0
0x00140ead	0xStack[-0x8]	READ	1
0x00140ebd	0xStack[0x4]	READ	1
0x00140ec7	0x0014100a	CONDITIONAL_JUMP	0
0x00140ed4	0x0014100a	CONDITIONAL_JUMP	0
0x00140ef8	0xStack[-0x8]	WRITE	0
0x00140f08	0xStack[-0x8]	READ	1
0x00140f10	0xStack[-0x8]	WRITE	0
0x00140f21	0xStack[-0xc]	WRITE	0
0x00140f24	0xStack[-0x8]	READ	1
0x00140f33	0x00119b8c	UNCONDITIONAL_CALL	0
0x00140f40	0x00140f50	CONDITIONAL_JUMP	0
0x00140f43	0x0011a288	UNCONDITIONAL_CALL	0
0x00140f48	0x0014100a	UNCONDITIONAL_JUMP	0
0x00140f54	0x00140f98	CONDITIONAL_JUMP	0
0x00140f56	0x001e9790	DATA	0
0x00140f5b	0x00160844	UNCONDITIONAL_CALL	0
0x00140f67	0x00140f71	CONDITIONAL_JUMP	0
0x00140f69	0x001e9790	READ	1
0x00140f75	0x00140f80	CONDITIONAL_JUMP	0
0x00140f77	0x001e9790	READ	1
0x00140f84	0x00140f98	CONDITIONAL_JUMP	0
0x00140f8d	0x001e9790	READ	1
0x00140f9c	0xStack[-0x8]	WRITE	0
0x00140fb9	0xStack[-0x8]	READ	1
0x00140fc7	0x001931b8	UNCONDITIONAL_CALL	0
0x00140fda	0x00140ff6	CONDITIONAL_JUMP	0
0x00140ff6	0xStack[0x8]	READ	0
0x00140ffa	0x00141004	CONDITIONAL_JUMP	0
0x00140ffd	0x0011a168	UNCONDITIONAL_CALL	0
0x00141002	0x0014100a	UNCONDITIONAL_JUMP	0
0x00141005	0x0011a1e0	UNCONDITIONAL_CALL	0
0x0014100a	0xStack[-0x18]	DATA	0
0x00141020	0xStack[-0xfc]	WRITE	0
0x0014102a	0xStack[-0x118]	WRITE	0
0x00141034	0xStack[0x4]	READ	1
0x00141047	0x00141059	CONDITIONAL_JUMP	0
0x00141051	0x0010ab38	UNCONDITIONAL_CALL	0
0x00141059	0xStack[0x8]	READ	1
0x0014105d	0xStack[0x4]	READ	1
0x00141064	0x0015e534	UNCONDITIONAL_CALL	0
0x00141069	0xStack[-0x11c]	WRITE	0
0x0014106f	0x00141086	UNCONDITIONAL_JUMP	0
0x00141077	0xStack[0x4]	READ	1
0x00141081	0x0010a588	UNCONDITIONAL_CALL	0
0x00141089	0xStack[0x4]	READ	1
0x00141093	0x00141074	CONDITIONAL_JUMP	0
0x00141095	0xStack[0x4]	READ	1
0x001410a8	0x0014118c	CONDITIONAL_JUMP	0
0x001410b5	0x0014118c	CONDITIONAL_JUMP	0
0x001410c0	0xStack[0x4]	READ	1
0x001410cf	0x001410c0	CONDITIONAL_JUMP	0
0x001410f1	0x00141332	CONDITIONAL_JUMP	0
0x001410fe	0x00141332	CONDITIONAL_JUMP	0
0x00141108	0xStack[0x4]	READ	1
0x00141125	0xStack[-0x120]	WRITE	0
0x00141138	0xStack[-0x120]	READ	1
0x00141143	0xStack[-0x120]	WRITE	0
0x00141157	0xStack[-0x124]	WRITE	0
0x0014115d	0xStack[-0x120]	READ	1
0x0014116b	0xStack[0x4]	READ	1
0x00141172	0x00119b8c	UNCONDITIONAL_CALL	0
0x0014117f	0x0014123a	CONDITIONAL_JUMP	0
0x00141185	0x00141248	UNCONDITIONAL_JUMP	0
0x0014118c	0xStack[0x4]	READ	1
0x00141192	0xStack[0x8]	READ	0
0x00141195	0x0014133c	CONDITIONAL_JUMP	0
0x001411aa	0x00141332	CONDITIONAL_JUMP	0
0x001411b7	0x00141332	CONDITIONAL_JUMP	0
0x001411c1	0xStack[0x4]	READ	1
0x001411de	0xStack[-0x120]	WRITE	0
0x001411f1	0xStack[-0x120]	READ	1
0x001411fc	0xStack[-0x120]	WRITE	0
0x00141210	0xStack[-0x124]	WRITE	0
0x00141216	0xStack[-0x120]	READ	1
0x00141224	0xStack[0x4]	READ	1
0x0014122b	0x00119b8c	UNCONDITIONAL_CALL	0
0x00141238	0x00141248	CONDITIONAL_JUMP	0
0x0014123b	0x0011a288	UNCONDITIONAL_CALL	0
0x00141240	0x00141332	UNCONDITIONAL_JUMP	0
0x00141248	0xStack[0x4]	READ	1
0x0014124f	0x0014129b	CONDITIONAL_JUMP	0
0x00141251	0x001e9790	DATA	0
0x00141256	0x00160844	UNCONDITIONAL_CALL	0
0x0014125e	0xStack[0x4]	READ	1
0x00141265	0x0014126f	CONDITIONAL_JUMP	0
0x00141267	0x001e9790	READ	1
0x0014126f	0xStack[0x4]	READ	1
0x00141276	0x00141280	CONDITIONAL_JUMP	0
0x00141278	0x001e9790	READ	1
0x00141280	0xStack[0x4]	READ	1
0x00141287	0x0014129b	CONDITIONAL_JUMP	0
0x00141290	0x001e9790	READ	1
0x0014129b	0xStack[0x4]	READ	1
0x001412a2	0xStack[-0x120]	WRITE	0
0x001412ac	0xStack[0x4]	READ	1
0x001412c5	0xStack[-0x120]	READ	1
0x001412d1	0xStack[0x4]	READ	1
0x001412da	0x001931b8	UNCONDITIONAL_CALL	0
0x001412df	0xStack[0x4]	READ	1
0x001412f0	0x0014132c	CONDITIONAL_JUMP	0
0x001412f2	0xStack[0x4]	READ	1
0x001412fe	0xStack[-0x120]	WRITE	0
0x00141304	0xStack[-0x120]	READ	1
0x0014130f	0xStack[0x4]	READ	1
0x0014131b	0xStack[-0x120]	WRITE	0
0x00141321	0xStack[-0x120]	READ	1
0x0014132d	0x0011a168	UNCONDITIONAL_CALL	0
0x00141334	0x00141cab	UNCONDITIONAL_JUMP	0
0x0014133c	0xStack[0x4]	READ	1
0x00141342	0xStack[-0x104]	WRITE	0
0x0014134d	0xStack[0x8]	READ	1
0x00141350	0xStack[-0x110]	WRITE	0
0x00141356	0xStack[0x8]	READ	1
0x0014135a	0xStack[-0x104]	READ	1
0x00141367	0xStack[0x8]	READ	0
0x0014136a	0x001415dc	CONDITIONAL_JUMP	0
0x00141370	0xStack[-0x110]	READ	0
0x00141377	0x00141390	CONDITIONAL_JUMP	0
0x00141379	0xStack[-0xfc]	DATA	0
0x00141387	0xStack[0x4]	READ	1
0x0014138b	0x001413a5	UNCONDITIONAL_JUMP	0
0x00141390	0xStack[-0xfc]	DATA	0
0x00141397	0xStack[-0x110]	READ	1
0x001413a1	0xStack[0x4]	READ	1
0x001413a5	0x0013d830	UNCONDITIONAL_CALL	0
0x001413af	0x001e875c	READ	1
0x001413b8	0x001413be	CONDITIONAL_JUMP	0
0x001413bc	0x00141434	CONDITIONAL_JUMP	0
0x001413be	0xStack[0x8]	READ	1
0x001413c1	0xStack[0x4]	READ	1
0x001413d0	0xStack[0x4]	READ	1
0x001413da	0x00141434	CONDITIONAL_JUMP	0
0x001413e3	0x001e9790	DATA	0
0x001413e8	0x00160844	UNCONDITIONAL_CALL	0
0x001413f0	0xStack[0x4]	READ	1
0x001413f7	0x00141401	CONDITIONAL_JUMP	0
0x001413f9	0x001e9790	READ	1
0x00141401	0xStack[0x4]	READ	1
0x00141408	0x00141412	CONDITIONAL_JUMP	0
0x0014140a	0x001e9790	READ	1
0x00141412	0xStack[0x4]	READ	1
0x00141419	0x0014142d	CONDITIONAL_JUMP	0
0x00141422	0x001e9790	READ	1
0x0014142d	0xStack[0x4]	READ	1
0x00141434	0xStack[-0xfc]	READ	0
0x0014143b	0x001415ce	CONDITIONAL_JUMP	0
0x00141441	0xStack[0x4]	READ	1
0x0014144b	0x001415ce	CONDITIONAL_JUMP	0
0x00141458	0x001415ce	CONDITIONAL_JUMP	0
0x0014147c	0xStack[-0x120]	WRITE	0
0x0014148f	0xStack[-0x120]	READ	1
0x0014149a	0xStack[-0x120]	WRITE	0
0x001414ae	0xStack[-0x124]	WRITE	0
0x001414b4	0xStack[-0x120]	READ	1
0x001414c2	0xStack[0x4]	READ	1
0x001414c9	0x00119b8c	UNCONDITIONAL_CALL	0
0x001414d6	0x001414e4	CONDITIONAL_JUMP	0
0x001414d9	0x0011a288	UNCONDITIONAL_CALL	0
0x001414de	0x001415ce	UNCONDITIONAL_JUMP	0
0x001414e4	0xStack[0x4]	READ	1
0x001414eb	0x00141537	CONDITIONAL_JUMP	0
0x001414ed	0x001e9790	DATA	0
0x001414f2	0x00160844	UNCONDITIONAL_CALL	0
0x001414fa	0xStack[0x4]	READ	1
0x00141501	0x0014150b	CONDITIONAL_JUMP	0
0x00141503	0x001e9790	READ	1
0x0014150b	0xStack[0x4]	READ	1
0x00141512	0x0014151c	CONDITIONAL_JUMP	0
0x00141514	0x001e9790	READ	1
0x0014151c	0xStack[0x4]	READ	1
0x00141523	0x00141537	CONDITIONAL_JUMP	0
0x0014152c	0x001e9790	READ	1
0x00141537	0xStack[0x4]	READ	1
0x0014153e	0xStack[-0x120]	WRITE	0
0x00141548	0xStack[0x4]	READ	1
0x00141561	0xStack[-0x120]	READ	1
0x0014156d	0xStack[0x4]	READ	1
0x00141576	0x001931b8	UNCONDITIONAL_CALL	0
0x0014157b	0xStack[0x4]	READ	1
0x0014158c	0x001415c8	CONDITIONAL_JUMP	0
0x0014158e	0xStack[0x4]	READ	1
0x0014159a	0xStack[-0x120]	WRITE	0
0x001415a0	0xStack[-0x120]	READ	1
0x001415ab	0xStack[0x4]	READ	1
0x001415b7	0xStack[-0x120]	WRITE	0
0x001415bd	0xStack[-0x120]	READ	1
0x001415c9	0x0011a168	UNCONDITIONAL_CALL	0
0x001415ce	0x001e875c	READ	1
0x001415d7	0x00141cab	UNCONDITIONAL_JUMP	0
0x001415dc	0xStack[0x8]	READ	1
0x001415df	0xStack[-0x104]	READ	1
0x001415eb	0xStack[-0x120]	WRITE	0
0x001415f2	0xStack[-0x100]	WRITE	0
0x001415f8	0xStack[-0x120]	READ	1
0x00141601	0xStack[-0x10]	WRITE	0
0x00141604	0xStack[-0x104]	READ	1
0x0014160d	0xStack[-0x120]	WRITE	0
0x00141613	0xStack[-0xc]	WRITE	0
0x0014161c	0xStack[-0x120]	READ	1
0x00141624	0xStack[-0x8]	WRITE	0
0x00141627	0xStack[0x4]	READ	1
0x0014162d	0xStack[0x4]	READ	1
0x0014163e	0xStack[-0x104]	READ	1
0x0014164c	0xStack[-0x114]	WRITE	0
0x00141652	0xStack[0x4]	READ	1
0x00141658	0xStack[-0x10c]	WRITE	0
0x00141661	0xStack[-0x110]	READ	0
0x00141668	0x00141678	CONDITIONAL_JUMP	0
0x0014166a	0xStack[0x8]	READ	1
0x0014166d	0xStack[0x4]	READ	1
0x00141673	0x00141789	UNCONDITIONAL_JUMP	0
0x0014167a	0xStack[-0x110]	READ	1
0x00141684	0xStack[0x4]	READ	1
0x00141688	0x0013d830	UNCONDITIONAL_CALL	0
0x0014168f	0xStack[-0x104]	READ	1
0x0014169f	0x001e875c	READ	1
0x001416a9	0x001416af	CONDITIONAL_JUMP	0
0x001416ad	0x001416b8	CONDITIONAL_JUMP	0
0x001416b2	0x00141cab	UNCONDITIONAL_JUMP	0
0x001416b8	0xStack[0x8]	READ	1
0x001416bb	0xStack[0x4]	READ	1
0x001416c4	0x001416df	CONDITIONAL_JUMP	0
0x001416c7	0xStack[-0x120]	WRITE	0
0x001416cd	0xStack[-0x104]	READ	1
0x001416da	0xStack[0x8]	READ	0
0x001416dd	0x001416ec	CONDITIONAL_JUMP	0
0x001416df	0xStack[-0x104]	READ	1
0x001416e8	0x00141709	UNCONDITIONAL_JUMP	0
0x001416ec	0xStack[-0x104]	READ	1
0x001416f7	0xStack[0x8]	READ	1
0x001416fa	0xStack[-0x104]	READ	1
0x00141709	0xStack[0x4]	READ	1
0x00141715	0x00141726	CONDITIONAL_JUMP	0
0x00141717	0xStack[0x4]	READ	1
0x0014171e	0x0017e104	UNCONDITIONAL_CALL	0
0x00141726	0xStack[-0x11c]	READ	0
0x0014172d	0x00141789	CONDITIONAL_JUMP	0
0x00141732	0x00119b8c	UNCONDITIONAL_CALL	0
0x0014173f	0x00141768	CONDITIONAL_JUMP	0
0x00141741	0x001e875c	READ	1
0x0014174a	0xStack[-0x10c]	READ	1
0x00141750	0xStack[0x4]	READ	1
0x00141757	0x0011a288	UNCONDITIONAL_CALL	0
0x00141761	0x00141cab	UNCONDITIONAL_JUMP	0
0x0014176a	0xStack[-0x110]	READ	1
0x00141771	0xStack[-0x110]	READ	1
0x0014177b	0x00101600	UNCONDITIONAL_CALL	0
0x00141781	0x0011a1e0	UNCONDITIONAL_CALL	0
0x00141789	0xStack[-0xf8]	DATA	0
0x0014178f	0xStack[0x4]	READ	1
0x0014179a	0xStack[-0x10c]	READ	1
0x001417a0	0xStack[-0x8c]	WRITE	0
0x001417ac	0xStack[-0xc]	DATA	0
0x001417b1	0x001417c9	CONDITIONAL_JUMP	0
0x001417b3	0xStack[0x4]	READ	1
0x001417c1	0xStack[-0xc]	DATA	0
0x001417ca	0x001417ac	CONDITIONAL_JUMP	0
0x001417d1	0xStack[-0x100]	READ	0
0x001417d7	0x001417f3	CONDITIONAL_JUMP	0
0x001417dc	0xStack[0x4]	READ	1
0x001417eb	0xStack[-0x100]	READ	0
0x001417f1	0x001417dc	CONDITIONAL_JUMP	0
0x001417f3	0xStack[0x8]	READ	1
0x001417f6	0xStack[0x4]	READ	1
0x00141802	0xStack[0x4]	READ	1
0x0014180e	0x00141995	CONDITIONAL_JUMP	0
0x0014181b	0x00141995	CONDITIONAL_JUMP	0
0x0014183f	0xStack[-0x120]	WRITE	0
0x00141852	0xStack[-0x120]	READ	1
0x0014185d	0xStack[-0x120]	WRITE	0
0x00141871	0xStack[-0x124]	WRITE	0
0x00141877	0xStack[-0x120]	READ	1
0x00141885	0xStack[0x4]	READ	1
0x0014188c	0x00119b8c	UNCONDITIONAL_CALL	0
0x00141899	0x001418a8	CONDITIONAL_JUMP	0
0x0014189c	0x0011a288	UNCONDITIONAL_CALL	0
0x001418a1	0x00141992	UNCONDITIONAL_JUMP	0
0x001418a8	0xStack[0x4]	READ	1
0x001418af	0x001418fb	CONDITIONAL_JUMP	0
0x001418b1	0x001e9790	DATA	0
0x001418b6	0x00160844	UNCONDITIONAL_CALL	0
0x001418be	0xStack[0x4]	READ	1
0x001418c5	0x001418cf	CONDITIONAL_JUMP	0
0x001418c7	0x001e9790	READ	1
0x001418cf	0xStack[0x4]	READ	1
0x001418d6	0x001418e0	CONDITIONAL_JUMP	0
0x001418d8	0x001e9790	READ	1
0x001418e0	0xStack[0x4]	READ	1
0x001418e7	0x001418fb	CONDITIONAL_JUMP	0
0x001418f0	0x001e9790	READ	1
0x001418fb	0xStack[0x4]	READ	1
0x00141902	0xStack[-0x120]	WRITE	0
0x0014190c	0xStack[0x4]	READ	1
0x00141925	0xStack[-0x120]	READ	1
0x00141931	0xStack[0x4]	READ	1
0x0014193a	0x001931b8	UNCONDITIONAL_CALL	0
0x0014193f	0xStack[0x4]	READ	1
0x00141950	0x0014198c	CONDITIONAL_JUMP	0
0x00141952	0xStack[0x4]	READ	1
0x0014195e	0xStack[-0x120]	WRITE	0
0x00141964	0xStack[-0x120]	READ	1
0x0014196f	0xStack[0x4]	READ	1
0x0014197b	0xStack[-0x120]	WRITE	0
0x00141981	0xStack[-0x120]	READ	1
0x0014198d	0x0011a168	UNCONDITIONAL_CALL	0
0x00141995	0xStack[-0xf8]	DATA	0
0x0014199b	0xStack[-0x108]	WRITE	0
0x001419a8	0xStack[-0x108]	READ	1
0x001419ae	0xStack[-0x38]	DATA	1
0x001419b7	0x00141a09	CONDITIONAL_JUMP	0
0x001419ba	0xStack[-0xc]	DATA	1
0x001419c1	0x00141cb8	UNCONDITIONAL_CALL	0
0x001419c8	0xStack[-0x118]	READ_WRITE	0
0x001419d6	0x00141a09	CONDITIONAL_JUMP	0
0x001419d8	0xStack[-0x108]	READ	1
0x001419e9	0xStack[-0x104]	READ	1
0x001419f5	0x0013ceec	UNCONDITIONAL_CALL	0
0x001419fa	0xStack[-0x114]	READ	1
0x00141a00	0xStack[-0x118]	READ_WRITE	0
0x00141a09	0xStack[-0xc]	DATA	0
0x00141a0e	0x00141c13	CONDITIONAL_JUMP	0
0x00141a15	0x001419a8	CONDITIONAL_JUMP	0
0x00141a1c	0xStack[-0x100]	READ	0
0x00141a22	0x00141ae1	CONDITIONAL_JUMP	0
0x00141a28	0xStack[-0x108]	READ	1
0x00141a37	0x00141ad4	CONDITIONAL_JUMP	0
0x00141a4b	0x00141a72	CONDITIONAL_JUMP	0
0x00141a50	0xStack[-0x104]	READ	1
0x00141a5b	0xStack[-0x120]	WRITE	0
0x00141a61	0xStack[-0x108]	READ	1
0x00141a67	0xStack[-0x8c]	READ	1
0x00141a6a	0xStack[-0x120]	READ	0
0x00141a70	0x00141a80	CONDITIONAL_JUMP	0
0x00141a72	0xStack[-0x104]	READ	1
0x00141a7b	0x00141a9e	UNCONDITIONAL_JUMP	0
0x00141a80	0xStack[-0x104]	READ	1
0x00141a8f	0xStack[-0x104]	READ	1
0x00141aa0	0xStack[-0x108]	READ	1
0x00141aa7	0x0013ceec	UNCONDITIONAL_CALL	0
0x00141aac	0xStack[0x4]	READ	1
0x00141ab2	0xStack[0x4]	READ	1
0x00141acb	0xStack[-0x118]	READ_WRITE	0
0x00141ad5	0xStack[-0x100]	READ	0
0x00141adb	0x00141a28	CONDITIONAL_JUMP	0
0x00141ae1	0xStack[-0x100]	READ	0
0x00141ae8	0x00141c13	CONDITIONAL_JUMP	0
0x00141aee	0xStack[-0x100]	READ	1
0x00141af4	0xStack[-0x108]	READ	1
0x00141b03	0x00141c13	CONDITIONAL_JUMP	0
0x00141b0c	0x00141b33	CONDITIONAL_JUMP	0
0x00141b0f	0xStack[-0x120]	WRITE	0
0x00141b15	0xStack[-0x104]	READ	1
0x00141b1e	0xStack[-0x120]	READ	1
0x00141b26	0xStack[-0x108]	READ	1
0x00141b2c	0xStack[-0x8c]	READ	1
0x00141b31	0x00141b40	CONDITIONAL_JUMP	0
0x00141b33	0xStack[-0x104]	READ	1
0x00141b3c	0x00141b5e	UNCONDITIONAL_JUMP	0
0x00141b40	0xStack[-0x104]	READ	1
0x00141b4f	0xStack[-0x104]	READ	1
0x00141b5e	0xStack[0x8]	READ	1
0x00141b61	0xStack[-0x108]	READ	1
0x00141b67	0xStack[-0x8c]	WRITE	0
0x00141b6a	0xStack[-0x100]	READ	0
0x00141b71	0x00141b8a	CONDITIONAL_JUMP	0
0x00141b73	0xStack[-0x100]	READ	1
0x00141b7a	0xStack[-0x104]	READ	1
0x00141b85	0xStack[0x8]	READ	0
0x00141b88	0x00141b98	CONDITIONAL_JUMP	0
0x00141b8a	0xStack[-0x104]	READ	1
0x00141b93	0x00141bb5	UNCONDITIONAL_JUMP	0
0x00141b98	0xStack[-0x104]	READ	1
0x00141ba3	0xStack[0x8]	READ	1
0x00141ba6	0xStack[-0x104]	READ	1
0x00141bb7	0x00141bc6	CONDITIONAL_JUMP	0
0x00141bb9	0x001de033	DATA	0
0x00141bbe	0x0010ca6c	UNCONDITIONAL_CALL	0
0x00141bc8	0x00141c13	CONDITIONAL_JUMP	0
0x00141bca	0xStack[-0x104]	READ	1
0x00141bdf	0xStack[-0x108]	READ	1
0x00141be6	0x0013ceec	UNCONDITIONAL_CALL	0
0x00141beb	0xStack[0x4]	READ	1
0x00141bf1	0xStack[0x4]	READ	1
0x00141c0a	0xStack[-0x118]	READ_WRITE	0
0x00141c18	0xStack[0x4]	READ	1
0x00141c22	0xStack[-0x108]	READ	1
0x00141c28	0xStack[-0x38]	DATA	0
0x00141c2f	0x00141c3e	CONDITIONAL_JUMP	0
0x00141c31	0x001de044	DATA	0
0x00141c36	0x0010ca6c	UNCONDITIONAL_CALL	0
0x00141c42	0x00141c18	CONDITIONAL_JUMP	0
0x00141c48	0xStack[0x4]	READ	1
0x00141c52	0xStack[-0x108]	READ	1
0x00141c58	0xStack[-0x68]	DATA	0
0x00141c5f	0x00141c6e	CONDITIONAL_JUMP	0
0x00141c61	0x001de04c	DATA	0
0x00141c66	0x0010ca6c	UNCONDITIONAL_CALL	0
0x00141c72	0x00141c48	CONDITIONAL_JUMP	0
0x00141c74	0xStack[0x4]	READ	1
0x00141c7d	0xStack[-0x118]	READ	1
0x00141c83	0xStack[0x4]	READ	1
0x00141c8c	0x00141c98	CONDITIONAL_JUMP	0
0x00141c98	0xStack[0x4]	READ	1
0x00141c9f	0x001e875c	READ	1
0x00141cab	0xStack[-0x14c]	DATA	0
0x00141cc1	0xStack[0x4]	READ	1
0x00141cc7	0xStack[-0x10]	WRITE	0
0x00141cca	0xStack[-0x18]	WRITE	0
0x00141cd1	0xStack[-0x14]	WRITE	0
0x00141cda	0xStack[0x10]	READ	1
0x00141cdd	0xStack[-0x18]	READ	0
0x00141ce0	0x00141cf7	CONDITIONAL_JUMP	0
0x00141ce8	0xStack[-0x14]	READ	1
0x00141cee	0xStack[-0x14]	WRITE	0
0x00141cf2	0xStack[0x10]	READ	0
0x00141cf5	0x00141ce8	CONDITIONAL_JUMP	0
0x00141cf7	0xStack[0xc]	READ	1
0x00141cfc	0x00141d06	CONDITIONAL_JUMP	0
0x00141d01	0xStack[-0x14]	READ	0
0x00141d06	0xStack[0x4]	READ	1
0x00141d0c	0xStack[0x4]	READ	1
0x00141d1d	0xStack[-0x10]	READ	1
0x00141d28	0xStack[-0x1c]	WRITE	0
0x00141d2c	0x0011a558	UNCONDITIONAL_CALL	0
0x00141d33	0xStack[-0x10]	READ	1
0x00141d3a	0xStack[-0x10]	READ	1
0x00141d40	0xStack[0x8]	READ	1
0x00141d46	0xStack[0x4]	READ	1
0x00141d4d	0x00119b8c	UNCONDITIONAL_CALL	0
0x00141d52	0xStack[-0x8]	WRITE	0
0x00141d5b	0x00141d74	CONDITIONAL_JUMP	0
0x00141d5e	0x0011a288	UNCONDITIONAL_CALL	0
0x00141d63	0xStack[-0x8]	READ	1
0x00141d67	0x0011a288	UNCONDITIONAL_CALL	0
0x00141d6e	0x00141e63	UNCONDITIONAL_JUMP	0
0x00141d74	0xStack[-0x8]	READ	1
0x00141d7a	0xStack[-0xc]	WRITE	0
0x00141d7d	0xStack[-0x10]	READ	1
0x00141d88	0xStack[-0xc]	READ	1
0x00141d8c	0x001013cc	UNCONDITIONAL_CALL	0
0x00141d91	0xStack[-0x10]	READ	1
0x00141da2	0xStack[-0xc]	READ	1
0x00141daa	0x00101600	UNCONDITIONAL_CALL	0
0x00141daf	0xStack[-0x8]	READ	1
0x00141db3	0x0011a168	UNCONDITIONAL_CALL	0
0x00141db8	0xStack[-0x8]	WRITE	0
0x00141dbe	0xStack[-0xc]	WRITE	0
0x00141dc1	0xStack[-0x10]	READ	1
0x00141dcd	0x00141e1c	CONDITIONAL_JUMP	0
0x00141dd0	0xStack[-0xc]	READ	1
0x00141ddc	0x00141e17	CONDITIONAL_JUMP	0
0x00141dde	0xStack[0x10]	READ	0
0x00141de2	0x00141dfd	CONDITIONAL_JUMP	0
0x00141de4	0xStack[0x10]	READ	1
0x00141dec	0xStack[0x4]	READ	1
0x00141df0	0x00141cb8	UNCONDITIONAL_CALL	0
0x00141df7	0xStack[-0x18]	READ_WRITE	0
0x00141dfd	0xStack[-0x10]	READ	1
0x00141e05	0xStack[0x4]	READ	1
0x00141e09	0x0013ceec	UNCONDITIONAL_CALL	0
0x00141e0e	0xStack[-0x1c]	READ	1
0x00141e11	0xStack[-0x18]	READ_WRITE	0
0x00141e1a	0x00141dd0	CONDITIONAL_JUMP	0
0x00141e1c	0xStack[0x10]	READ	0
0x00141e20	0x00141e57	CONDITIONAL_JUMP	0
0x00141e22	0xStack[0xc]	READ	0
0x00141e26	0x00141e57	CONDITIONAL_JUMP	0
0x00141e28	0xStack[0xc]	READ	1
0x00141e2c	0xStack[-0x14]	READ	0
0x00141e31	0xStack[-0xc]	READ	1
0x00141e3d	0x00141e57	CONDITIONAL_JUMP	0
0x00141e3f	0xStack[0x10]	READ	1
0x00141e46	0xStack[0x4]	READ	1
0x00141e4a	0x00141cb8	UNCONDITIONAL_CALL	0
0x00141e51	0xStack[-0x18]	READ_WRITE	0
0x00141e57	0xStack[-0x8]	READ	1
0x00141e5b	0x0011a288	UNCONDITIONAL_CALL	0
0x00141e60	0xStack[-0x18]	READ	1
0x00141e63	0xStack[-0x34]	DATA	0
0x00141e76	0xStack[0x4]	READ	1
0x00141e7c	0x001e978c	READ	1
0x00141e84	0x00141ee0	CONDITIONAL_JUMP	0
0x00141e90	0x00141eb8	CONDITIONAL_JUMP	0
0x00141e96	0x00141ea0	CONDITIONAL_JUMP	0
0x00141e9d	0x00141ed9	UNCONDITIONAL_JUMP	0
0x00141eb4	0x00141ed9	UNCONDITIONAL_JUMP	0
0x00141ebc	0x00141ed9	CONDITIONAL_JUMP	0
0x00141eca	0x00141ed9	CONDITIONAL_JUMP	0
0x00141ed2	0x00141ed9	CONDITIONAL_JUMP	0
0x00141ed6	0x00141ed9	CONDITIONAL_JUMP	0
0x00141ede	0x00141e8c	CONDITIONAL_JUMP	0
0x00141ee2	0xStack[-0x10]	DATA	0
0x00141ef0	0xStack[0x4]	READ	1
0x00141ef3	0x00141f09	UNCONDITIONAL_JUMP	0
0x00141f01	0x0010a588	UNCONDITIONAL_CALL	0
0x00141f0f	0x00141ef8	CONDITIONAL_JUMP	0
0x00141f15	0xStack[-0x8]	READ	1
0x00141f1f	0xStack[0x4]	READ	1
0x00141f31	0x00141f3f	CONDITIONAL_JUMP	0
0x00141f3a	0x0010ab38	UNCONDITIONAL_CALL	0
0x00141f4a	0xStack[0x4]	READ	1
0x00141f4d	0xStack[0x8]	READ	1
0x00141f52	0x00141fa0	CONDITIONAL_JUMP	0
0x00141f61	0x00141f84	CONDITIONAL_JUMP	0
0x00141f6f	0x00141f84	CONDITIONAL_JUMP	0
0x00141f75	0x00141f84	CONDITIONAL_JUMP	0
0x00141f7b	0x00141f84	CONDITIONAL_JUMP	0
0x00141f82	0x00141ffe	UNCONDITIONAL_JUMP	0
0x00141f88	0x00141fa0	CONDITIONAL_JUMP	0
0x00141f8e	0x0017e104	UNCONDITIONAL_CALL	0
0x00141f97	0x00141fa0	CONDITIONAL_JUMP	0
0x00141f9e	0x00141ffe	UNCONDITIONAL_JUMP	0
0x00141fa0	0x001e8758	READ	1
0x00141faf	0x00141ffc	CONDITIONAL_JUMP	0
0x00141fb5	0x00141fe9	CONDITIONAL_JUMP	0
0x00141fc2	0x00141fe9	CONDITIONAL_JUMP	0
0x00141fcc	0x00141fe6	CONDITIONAL_JUMP	0
0x00141fd7	0x00141fe6	CONDITIONAL_JUMP	0
0x00141fdd	0x00141fe9	CONDITIONAL_JUMP	0
0x00141fe4	0x00141fd0	CONDITIONAL_JUMP	0
0x00141ff1	0x00141ffc	CONDITIONAL_JUMP	0
0x00141ff8	0x00141ffe	UNCONDITIONAL_JUMP	0
0x00141ffe	0xStack[-0x10]	DATA	0
0x0014200e	0xStack[0x8]	READ	1
0x00142011	0xStack[0x4]	READ	1
0x00142015	0x001420e4	UNCONDITIONAL_CALL	0
0x0014201e	0x0015a75c	UNCONDITIONAL_CALL	0
0x0014203a	0x00142044	CONDITIONAL_JUMP	0
0x00142040	0x00142049	UNCONDITIONAL_JUMP	0
0x0014204c	0x001e8758	READ	1
0x00142058	0x00107898	UNCONDITIONAL_CALL	0
0x00142077	0xStack[0xc]	READ	0
0x0014207b	0x00142094	CONDITIONAL_JUMP	0
0x0014207f	0x00142544	UNCONDITIONAL_CALL	0
0x00142087	0x0014286c	UNCONDITIONAL_CALL	0
0x0014208f	0x001420d0	UNCONDITIONAL_JUMP	0
0x00142098	0x001420b0	CONDITIONAL_JUMP	0
0x0014209b	0x00142434	UNCONDITIONAL_CALL	0
0x001420a3	0x0014286c	UNCONDITIONAL_CALL	0
0x001420ab	0x001420d0	UNCONDITIONAL_JUMP	0
0x001420b0	0xStack[0xc]	READ	0
0x001420b4	0x001420c0	CONDITIONAL_JUMP	0
0x001420bb	0x001420c5	UNCONDITIONAL_JUMP	0
0x001420c6	0x001421b8	UNCONDITIONAL_CALL	0
0x001420cb	0x001420d8	UNCONDITIONAL_JUMP	0
0x001420d1	0x00142154	UNCONDITIONAL_CALL	0
0x001420d8	0xStack[-0x10]	DATA	0
0x001420e9	0xStack[0x4]	READ	1
0x001420f4	0x001f6110	DATA	1
0x001420fc	0x001f6110	DATA	0
0x00142103	0x00142125	CONDITIONAL_JUMP	0
0x00142108	0x001f6110	DATA	1
0x0014210c	0x0014211c	CONDITIONAL_JUMP	0
0x00142110	0x00142147	CONDITIONAL_JUMP	0
0x00142115	0x001f6110	DATA	1
0x00142117	0x00142140	UNCONDITIONAL_JUMP	0
0x00142123	0x00142108	CONDITIONAL_JUMP	0
0x00142127	0x0015a75c	UNCONDITIONAL_CALL	0
0x00142140	0x001f6110	DATA	1
0x00142145	0x001f6110	DATA	1
0x00142147	0x001f6110	DATA	1
0x00142149	0xStack[-0xc]	DATA	0
0x00142159	0xStack[0x4]	READ	1
0x00142160	0x001421af	CONDITIONAL_JUMP	0
0x0014216a	0x001f6110	DATA	1
0x00142170	0x001f6110	DATA	0
0x00142177	0x001421a5	CONDITIONAL_JUMP	0
0x0014217c	0x001f6110	DATA	1
0x00142180	0x0014219c	CONDITIONAL_JUMP	0
0x00142185	0x0011df54	UNCONDITIONAL_CALL	0
0x0014218d	0x001f6110	DATA	1
0x00142192	0x0015a824	UNCONDITIONAL_CALL	0
0x00142197	0x001421af	UNCONDITIONAL_JUMP	0
0x001421a3	0x0014217c	CONDITIONAL_JUMP	0
0x001421a5	0x001de054	DATA	0
0x001421aa	0x0010ca6c	UNCONDITIONAL_CALL	0
0x001421af	0xStack[-0xc]	DATA	0
0x001421c1	0xStack[0x4]	READ	1
0x001421ce	0x001421d8	CONDITIONAL_JUMP	0
0x001421d9	0x001425a4	UNCONDITIONAL_CALL	0
0x001421e5	0x00142288	CONDITIONAL_JUMP	0
0x001421eb	0xStack[-0x10]	WRITE	0
0x001421f5	0x00142208	CONDITIONAL_JUMP	0
0x001421f8	0x0014286c	UNCONDITIONAL_CALL	0
0x00142202	0x00142429	UNCONDITIONAL_JUMP	0
0x0014220f	0x0014223c	CONDITIONAL_JUMP	0
0x00142211	0xStack[-0x10]	READ	1
0x00142214	0xStack[-0x10]	READ_WRITE	0
0x0014221a	0x0014223c	CONDITIONAL_JUMP	0
0x00142228	0x0014220b	CONDITIONAL_JUMP	0
0x0014222b	0x0014286c	UNCONDITIONAL_CALL	0
0x00142235	0x00142429	UNCONDITIONAL_JUMP	0
0x00142241	0x00142754	UNCONDITIONAL_CALL	0
0x00142253	0x0010a588	UNCONDITIONAL_CALL	0
0x00142269	0x001421d8	CONDITIONAL_JUMP	0
0x00142271	0x00142780	UNCONDITIONAL_CALL	0
0x00142277	0x0014286c	UNCONDITIONAL_CALL	0
0x00142281	0x00142429	UNCONDITIONAL_JUMP	0
0x0014228e	0xStack[-0x8]	WRITE	0
0x0014229c	0xStack[-0xc]	DATA	0
0x001422a0	0xStack[-0x8]	DATA	0
0x001422a8	0x00142600	UNCONDITIONAL_CALL	0
0x001422b4	0x001422bc	CONDITIONAL_JUMP	0
0x001422b6	0xStack[-0xc]	READ	1
0x001422bf	0x00142427	CONDITIONAL_JUMP	0
0x001422c5	0x001422e4	COMPUTED_JUMP	-1
0x001422c5	0x001422fc	COMPUTED_JUMP	-1
0x001422c5	0x00142324	COMPUTED_JUMP	-1
0x001422c5	0x00142370	COMPUTED_JUMP	-1
0x001422c5	0x001423dc	COMPUTED_JUMP	-1
0x001422c5	0x00142408	COMPUTED_JUMP	-1
0x001422c5	0x001422cc	DATA	0
0x001422cc	0x001422e4	DATA	0
0x001422d0	0x001422fc	DATA	0
0x001422d4	0x00142324	DATA	0
0x001422d8	0x00142370	DATA	0
0x001422dc	0x001423dc	DATA	0
0x001422e0	0x00142408	DATA	0
0x001422e6	0x00142427	CONDITIONAL_JUMP	0
0x001422ec	0xStack[-0x8]	READ	1
0x001422f1	0xStack[-0xc]	READ	1
0x001422f7	0x00142427	UNCONDITIONAL_JUMP	0
0x00142301	0x00142316	CONDITIONAL_JUMP	0
0x00142303	0xStack[-0xc]	READ	1
0x0014230b	0x00142316	CONDITIONAL_JUMP	0
0x0014230e	0x0014282c	UNCONDITIONAL_CALL	0
0x00142316	0xStack[-0xc]	READ	1
0x00142321	0x00142331	UNCONDITIONAL_JUMP	0
0x00142324	0xStack[-0xc]	READ	1
0x0014232f	0x0014233c	CONDITIONAL_JUMP	0
0x00142332	0x0014286c	UNCONDITIONAL_CALL	0
0x00142337	0x00142427	UNCONDITIONAL_JUMP	0
0x00142342	0x0014235c	CONDITIONAL_JUMP	0
0x00142344	0xStack[-0x8]	READ	1
0x00142349	0xStack[-0xc]	READ	1
0x0014234f	0xStack[-0xc]	READ	1
0x00142359	0x00142366	UNCONDITIONAL_JUMP	0
0x0014235e	0x001427b4	UNCONDITIONAL_CALL	0
0x00142366	0xStack[-0xc]	READ	1
0x0014236a	0x00142422	UNCONDITIONAL_JUMP	0
0x00142375	0x0014238c	CONDITIONAL_JUMP	0
0x00142377	0xStack[-0xc]	READ	1
0x0014237f	0x0014238c	CONDITIONAL_JUMP	0
0x00142382	0x0014282c	UNCONDITIONAL_CALL	0
0x0014238a	0x001423a2	UNCONDITIONAL_JUMP	0
0x0014238f	0xStack[-0xc]	READ	1
0x0014239a	0x00142754	UNCONDITIONAL_CALL	0
0x001423a4	0x001423c0	CONDITIONAL_JUMP	0
0x001423a6	0xStack[-0x8]	READ	1
0x001423ab	0xStack[-0xc]	READ	1
0x001423b7	0xStack[-0x8]	WRITE	0
0x001423bc	0x001423cb	UNCONDITIONAL_JUMP	0
0x001423c0	0xStack[-0x8]	READ	1
0x001423c3	0xStack[-0xc]	READ	1
0x001423cb	0xStack[-0xc]	READ	1
0x001423cf	0x0014286c	UNCONDITIONAL_CALL	0
0x001423d7	0x0014229c	UNCONDITIONAL_JUMP	0
0x001423dc	0xStack[-0xc]	READ	1
0x001423f2	0xStack[-0x8]	WRITE	0
0x001423f6	0x0014282c	UNCONDITIONAL_CALL	0
0x00142400	0x0014229c	UNCONDITIONAL_JUMP	0
0x0014240a	0x00142417	CONDITIONAL_JUMP	0
0x0014240c	0xStack[-0x8]	READ	1
0x00142411	0xStack[-0xc]	READ	1
0x00142417	0xStack[-0xc]	READ	1
0x00142422	0x0014282c	UNCONDITIONAL_CALL	0
0x00142429	0xStack[-0x1c]	DATA	0
0x0014243c	0xStack[0x4]	READ	1
0x00142447	0x0014245c	CONDITIONAL_JUMP	0
0x00142449	0x00142536	UNCONDITIONAL_JUMP	0
0x00142457	0x00142536	UNCONDITIONAL_JUMP	0
0x0014245f	0xStack[-0x8]	WRITE	0
0x00142464	0xStack[-0xc]	DATA	0
0x00142468	0xStack[-0x8]	DATA	0
0x00142470	0x00142600	UNCONDITIONAL_CALL	0
0x0014247c	0x00142536	CONDITIONAL_JUMP	0
0x00142482	0xStack[-0xc]	READ	1
0x00142486	0x0014282c	UNCONDITIONAL_CALL	0
0x00142494	0x00142536	CONDITIONAL_JUMP	0
0x0014249a	0x001424b8	COMPUTED_JUMP	-1
0x0014249a	0x001424d0	COMPUTED_JUMP	-1
0x0014249a	0x001424f4	COMPUTED_JUMP	-1
0x0014249a	0x00142514	COMPUTED_JUMP	-1
0x0014249a	0x0014252c	COMPUTED_JUMP	-1
0x0014249a	0x001424a4	DATA	0
0x001424a4	0x001424b8	DATA	0
0x001424a8	0x001424d0	DATA	0
0x001424ac	0x001424f4	DATA	0
0x001424b0	0x00142514	DATA	0
0x001424b4	0x0014252c	DATA	0
0x001424b8	0xStack[-0x8]	READ	1
0x001424bb	0xStack[-0xc]	READ	1
0x001424c3	0xStack[-0xc]	READ	1
0x001424c7	0x0014286c	UNCONDITIONAL_CALL	0
0x001424cc	0x00142536	UNCONDITIONAL_JUMP	0
0x001424d0	0xStack[-0xc]	READ	1
0x001424d9	0x00142450	CONDITIONAL_JUMP	0
0x001424e1	0x001427b4	UNCONDITIONAL_CALL	0
0x001424e6	0xStack[-0xc]	READ	1
0x001424ef	0x00142536	UNCONDITIONAL_JUMP	0
0x001424f4	0xStack[-0x8]	READ	1
0x001424f7	0xStack[-0xc]	READ	1
0x001424ff	0xStack[-0xc]	READ	1
0x00142506	0x0014286c	UNCONDITIONAL_CALL	0
0x0014250e	0x00142464	UNCONDITIONAL_JUMP	0
0x00142514	0xStack[-0xc]	READ	1
0x00142521	0xStack[-0x8]	WRITE	0
0x00142527	0x00142464	UNCONDITIONAL_JUMP	0
0x0014252c	0xStack[-0xc]	READ	1
0x00142538	0xStack[-0x14]	DATA	0
0x00142548	0xStack[0x8]	READ	1
0x0014254b	0xStack[0x4]	READ	1
0x0014254f	0x001425a4	UNCONDITIONAL_CALL	0
0x00142558	0x00142594	CONDITIONAL_JUMP	0
0x00142573	0x00142580	CONDITIONAL_JUMP	0
0x0014257c	0x00142587	UNCONDITIONAL_JUMP	0
0x0014258f	0x00142599	UNCONDITIONAL_JUMP	0
0x0014259b	0xStack[-0x8]	READ	1
0x001425ab	0xStack[0x4]	READ	1
0x001425b7	0xStack[-0x8]	WRITE	0
0x001425bc	0xStack[-0xc]	DATA	0
0x001425c0	0xStack[-0x8]	DATA	0
0x001425c8	0x00142600	UNCONDITIONAL_CALL	0
0x001425d2	0x001425f4	CONDITIONAL_JUMP	0
0x001425d9	0x001425e5	CONDITIONAL_JUMP	0
0x001425db	0xStack[-0xc]	READ	1
0x001425e3	0x001425ec	CONDITIONAL_JUMP	0
0x001425e5	0xStack[-0xc]	READ	1
0x001425e8	0x001425f6	UNCONDITIONAL_JUMP	0
0x001425ef	0x001425bc	UNCONDITIONAL_JUMP	0
0x001425f6	0xStack[-0x10]	READ	1
0x00142609	0xStack[0x4]	READ	1
0x0014260c	0xStack[0x14]	READ	1
0x00142613	0x00142628	CONDITIONAL_JUMP	0
0x00142615	0x00142745	UNCONDITIONAL_JUMP	0
0x00142621	0x00142747	UNCONDITIONAL_JUMP	0
0x00142628	0xStack[0x8]	READ	1
0x00142634	0xStack[0xc]	READ	0
0x00142638	0x00142645	CONDITIONAL_JUMP	0
0x0014263a	0xStack[0x8]	READ	1
0x00142643	0x00142656	CONDITIONAL_JUMP	0
0x00142645	0xStack[0xc]	READ	0
0x00142649	0x0014266c	CONDITIONAL_JUMP	0
0x0014264b	0xStack[0x8]	READ	1
0x00142654	0x0014266c	CONDITIONAL_JUMP	0
0x00142659	0xStack[0x10]	READ	1
0x00142661	0xStack[0x14]	READ	1
0x00142666	0x0014273d	UNCONDITIONAL_JUMP	0
0x00142672	0x00142678	CONDITIONAL_JUMP	0
0x00142676	0x00142682	CONDITIONAL_JUMP	0
0x0014267b	0x001426ac	CONDITIONAL_JUMP	0
0x00142680	0x001426ac	CONDITIONAL_JUMP	0
0x00142682	0xStack[0xc]	READ	0
0x00142686	0x00142696	CONDITIONAL_JUMP	0
0x0014268b	0x00142696	CONDITIONAL_JUMP	0
0x00142690	0x00142745	CONDITIONAL_JUMP	0
0x00142699	0xStack[0x10]	READ	1
0x001426a1	0xStack[0x14]	READ	1
0x001426a6	0x0014273d	UNCONDITIONAL_JUMP	0
0x001426b1	0x001426bc	CONDITIONAL_JUMP	0
0x001426b6	0x0014261c	CONDITIONAL_JUMP	0
0x001426be	0x001426d8	CONDITIONAL_JUMP	0
0x001426c3	0x001426d8	CONDITIONAL_JUMP	0
0x001426ca	0x001426d1	CONDITIONAL_JUMP	0
0x001426cf	0x001426d8	CONDITIONAL_JUMP	0
0x001426d6	0x00142747	UNCONDITIONAL_JUMP	0
0x001426db	0x001426f8	CONDITIONAL_JUMP	0
0x001426e0	0x001426ee	CONDITIONAL_JUMP	0
0x001426e8	0x001426f8	CONDITIONAL_JUMP	0
0x001426ec	0x001426f8	CONDITIONAL_JUMP	0
0x001426f3	0x00142747	UNCONDITIONAL_JUMP	0
0x001426fb	0x00142710	CONDITIONAL_JUMP	0
0x00142702	0x00142709	CONDITIONAL_JUMP	0
0x00142707	0x00142710	CONDITIONAL_JUMP	0
0x0014270e	0x00142747	UNCONDITIONAL_JUMP	0
0x00142713	0x00142730	CONDITIONAL_JUMP	0
0x00142718	0x00142730	CONDITIONAL_JUMP	0
0x0014271f	0x00142726	CONDITIONAL_JUMP	0
0x00142724	0x00142730	CONDITIONAL_JUMP	0
0x0014272b	0x00142747	UNCONDITIONAL_JUMP	0
0x00142730	0x001de08a	DATA	0
0x00142735	0x0010ca6c	UNCONDITIONAL_CALL	0
0x0014273f	0x00142634	CONDITIONAL_JUMP	0
0x00142747	0xStack[-0x18]	DATA	0
0x00142757	0xStack[0x4]	READ	1
0x0014275a	0xStack[0x8]	READ	1
0x0014275f	0x0014277c	CONDITIONAL_JUMP	0
0x00142766	0x00142773	CONDITIONAL_JUMP	0
0x00142777	0x00142770	CONDITIONAL_JUMP	0
0x00142783	0xStack[0x8]	READ	1
0x00142786	0xStack[0x4]	DATA	0
0x00142789	0xStack[0x4]	READ	0
0x0014278d	0x001427ad	CONDITIONAL_JUMP	0
0x00142790	0xStack[0x4]	DATA	1
0x00142794	0x001427a4	CONDITIONAL_JUMP	0
0x00142799	0xStack[0x4]	DATA	0
0x001427ab	0x00142790	CONDITIONAL_JUMP	0
0x001427ba	0xStack[0x4]	READ	1
0x001427bd	0xStack[0x8]	READ	1
0x001427c6	0x001427d4	CONDITIONAL_JUMP	0
0x001427d2	0x00142821	UNCONDITIONAL_JUMP	0
0x001427da	0x001427e8	CONDITIONAL_JUMP	0
0x001427e6	0x0014281e	UNCONDITIONAL_JUMP	0
0x001427ea	0x0015a75c	UNCONDITIONAL_CALL	0
0x001427f5	0x001013cc	UNCONDITIONAL_CALL	0
0x00142821	0xStack[-0x10]	DATA	0
0x00142830	0xStack[0x4]	READ	1
0x0014283f	0x00142864	CONDITIONAL_JUMP	0
0x00142858	0x0010ab38	UNCONDITIONAL_CALL	0
0x00142862	0x00142844	CONDITIONAL_JUMP	0
0x00142864	0xStack[-0x8]	READ	1
0x0014286f	0xStack[0x4]	READ	1
0x0014287b	0x0015a824	UNCONDITIONAL_CALL	0
0x0014288d	0xStack[0x4]	READ	1
0x00142891	0xStack[0x8]	READ	1
0x00142895	0xStack[-0x10]	WRITE	0
0x00142899	0x001de0a4	READ	0
0x001428a0	0x001428a7	CONDITIONAL_JUMP	0
0x001428a2	0x00142e4c	UNCONDITIONAL_CALL	0
0x001428a7	0x001de0a8	READ	0
0x001428ae	0x001429d0	CONDITIONAL_JUMP	0
0x001428b4	0x001de0a8	WRITE	0
0x001428be	0x001de3e4	READ	1
0x001428c6	0x00142942	CONDITIONAL_JUMP	0
0x001428cc	0x001428db	CONDITIONAL_JUMP	0
0x001428ce	0xStack[-0x10]	READ	1
0x001428d9	0x0014293b	CONDITIONAL_JUMP	0
0x001428e0	0x0014293b	CONDITIONAL_JUMP	0
0x001428e7	0x0014293b	CONDITIONAL_JUMP	0
0x001428f3	0x0014293b	CONDITIONAL_JUMP	0
0x001428fc	0x0014291c	CONDITIONAL_JUMP	0
0x00142905	0x001de0ac	DATA	0
0x0014290a	0x0010c0d8	UNCONDITIONAL_CALL	0
0x0014290f	0x001de0b5	DATA	0
0x00142914	0x0010ca6c	UNCONDITIONAL_CALL	0
0x00142923	0xStack[-0xc]	DATA	0
0x00142927	0x0010ac84	UNCONDITIONAL_CALL	0
0x0014292c	0xStack[-0xc]	READ	1
0x00142933	0x001439f8	UNCONDITIONAL_CALL	0
0x00142940	0x001428c8	CONDITIONAL_JUMP	0
0x00142942	0x001e978c	READ	1
0x0014294a	0x001429b6	CONDITIONAL_JUMP	0
0x00142950	0x00142985	CONDITIONAL_JUMP	0
0x00142952	0xStack[-0x10]	READ	1
0x0014295d	0x001429af	CONDITIONAL_JUMP	0
0x00142966	0x0015ba2c	UNCONDITIONAL_CALL	0
0x00142971	0x00142985	CONDITIONAL_JUMP	0
0x00142974	0x0015b73c	UNCONDITIONAL_CALL	0
0x0014297d	0x0015f638	UNCONDITIONAL_CALL	0
0x0014298b	0x001429af	CONDITIONAL_JUMP	0
0x00142990	0x001429af	CONDITIONAL_JUMP	0
0x00142994	0x001429af	CONDITIONAL_JUMP	0
0x001429a1	0x00140eb4	UNCONDITIONAL_CALL	0
0x001429a7	0x00140bf0	UNCONDITIONAL_CALL	0
0x001429b4	0x0014294c	CONDITIONAL_JUMP	0
0x001429b6	0x001de0a8	WRITE	0
0x001429c0	0xStack[-0x10]	READ	1
0x001429cb	0x0011adc8	UNCONDITIONAL_CALL	0
0x001429d0	0xStack[-0x1c]	DATA	0
0x001429e5	0xStack[0x4]	READ	1
0x001429fa	0xStack[-0xc]	WRITE	0
0x001429fd	0x001e289c	READ	1
0x00142a0c	0xStack[-0xc]	READ	0
0x00142a0f	0x00142a84	CONDITIONAL_JUMP	0
0x00142a13	0xStack[-0xc]	READ	0
0x00142a16	0x00142b1a	CONDITIONAL_JUMP	0
0x00142a1f	0xStack[0x4]	READ	1
0x00142a23	0x0013d830	UNCONDITIONAL_CALL	0
0x00142a2f	0xStack[-0x10]	WRITE	0
0x00142a38	0x00142a4e	CONDITIONAL_JUMP	0
0x00142a44	0xStack[0x4]	READ	1
0x00142a4c	0x00142a54	CONDITIONAL_JUMP	0
0x00142a51	0x00142a62	UNCONDITIONAL_JUMP	0
0x00142a63	0xStack[-0x10]	READ	1
0x00142a67	0xStack[0x4]	READ	1
0x00142a6e	0x0011ac28	UNCONDITIONAL_CALL	0
0x00142a77	0xStack[-0xc]	READ	0
0x00142a7a	0x00142a1c	CONDITIONAL_JUMP	0
0x00142a7c	0x00142b1a	UNCONDITIONAL_JUMP	0
0x00142a8b	0x001e8870	READ	1
0x00142a94	0xStack[-0x8]	WRITE	0
0x00142a9b	0x00142b1a	CONDITIONAL_JUMP	0
0x00142aa0	0xStack[0x4]	READ	1
0x00142aa9	0x00142b0f	CONDITIONAL_JUMP	0
0x00142aaf	0x00142b0f	CONDITIONAL_JUMP	0
0x00142ab1	0x0018b97c	UNCONDITIONAL_CALL	0
0x00142abc	0x00142ae0	CONDITIONAL_JUMP	0
0x00142ac5	0xStack[-0x14]	WRITE	0
0x00142ac8	0x0010a588	UNCONDITIONAL_CALL	0
0x00142acd	0xStack[-0x14]	READ	1
0x00142ad1	0x0018b544	UNCONDITIONAL_CALL	0
0x00142adc	0x00142b0c	UNCONDITIONAL_JUMP	0
0x00142ae1	0x0018b544	UNCONDITIONAL_CALL	0
0x00142ae6	0x0018b97c	UNCONDITIONAL_CALL	0
0x00142b01	0x0018b544	UNCONDITIONAL_CALL	0
0x00142b07	0x0011a168	UNCONDITIONAL_CALL	0
0x00142b15	0xStack[-0x8]	READ	0
0x00142b18	0x00142aa0	CONDITIONAL_JUMP	0
0x00142b1a	0xStack[0x4]	READ	1
0x00142b24	0x00140eb4	UNCONDITIONAL_CALL	0
0x00142b29	0xStack[-0x20]	DATA	0
0x00142b3d	0xStack[0x4]	READ	1
0x00142b43	0x001de3a4	DATA	1
0x00142b4a	0xStack[0x8]	READ	1
0x00142b53	0xStack[-0x8]	WRITE	0
0x00142b58	0xStack[0x8]	WRITE	0
0x00142b62	0x00142be2	CONDITIONAL_JUMP	0
0x00142b64	0xStack[0xc]	READ	1
0x00142b6a	0xStack[-0xc]	WRITE	0
0x00142b74	0x00142b79	CONDITIONAL_JUMP	0
0x00142b83	0xStack[-0x8]	READ	1
0x00142b89	0x00142bd3	CONDITIONAL_JUMP	0
0x00142b8b	0x001de160	READ	1
0x00142b8b	0x001de164	READ	1
0x00142b92	0x001de184	READ	1
0x00142b92	0x001de188	READ	1
0x00142b99	0xStack[-0x14]	WRITE	0
0x00142b9c	0xStack[-0x10]	WRITE	0
0x00142ba1	0x00142bd3	CONDITIONAL_JUMP	0
0x00142ba4	0xStack[0x8]	READ	1
0x00142ba9	0xStack[-0x14]	READ	0
0x00142bac	0x00142bc0	CONDITIONAL_JUMP	0
0x00142bae	0xStack[0x10]	READ	1
0x00142bb1	0xStack[-0xc]	READ	1
0x00142bb6	0xStack[-0x10]	READ_WRITE	0
0x00142bbd	0xStack[-0x14]	READ_WRITE	0
0x00142bc2	0xStack[-0x14]	READ_WRITE	0
0x00142bc5	0xStack[-0x10]	READ_WRITE	0
0x00142bc8	0xStack[-0x10]	READ	1
0x00142bcb	0xStack[0x4]	READ	1
0x00142bd1	0x00142ba4	CONDITIONAL_JUMP	0
0x00142bd3	0xStack[-0xc]	READ_WRITE	0
0x00142bd8	0xStack[0x4]	READ	1
0x00142be0	0x00142b70	CONDITIONAL_JUMP	0
0x00142be2	0xStack[-0x20]	DATA	0
0x00142bf0	0xStack[0x4]	READ	1
0x00142bf3	0xStack[0x8]	READ	1
0x00142bf9	0x00142c18	CONDITIONAL_JUMP	0
0x00142bfc	0x001de0c7	DATA	0
0x00142c01	0x0010c0d8	UNCONDITIONAL_CALL	0
0x00142c06	0x001de0d6	DATA	0
0x00142c0c	0x0013d810	UNCONDITIONAL_CALL	0
0x00142c16	0x00142c1a	UNCONDITIONAL_JUMP	0
0x00142c1a	0xStack[-0x8]	READ	1
0x00142c29	0xStack[0x4]	READ	1
0x00142c2c	0xStack[0x8]	READ	1
0x00142c2f	0xStack[0xc]	READ	1
0x00142c38	0x00142c78	CONDITIONAL_JUMP	0
0x00142c3a	0x00142c44	CONDITIONAL_JUMP	0
0x00142c3f	0x00142c94	CONDITIONAL_JUMP	0
0x00142c41	0x00142cb8	UNCONDITIONAL_JUMP	0
0x00142c47	0x00142c5c	CONDITIONAL_JUMP	0
0x00142c4c	0x00142cb8	CONDITIONAL_JUMP	0
0x00142c5a	0x00142cc4	UNCONDITIONAL_JUMP	0
0x00142c75	0x00142ca7	UNCONDITIONAL_JUMP	0
0x00142c8f	0x00142ca7	UNCONDITIONAL_JUMP	0
0x00142cb6	0x00142cc4	UNCONDITIONAL_JUMP	0
0x00142cb8	0x001de0e0	DATA	0
0x00142cbd	0x0010ca6c	UNCONDITIONAL_CALL	0
0x00142cc4	0xStack[-0xc]	DATA	0
0x00142cd4	0xStack[0x4]	READ	1
0x00142cd7	0xStack[0x8]	READ	1
0x00142cda	0xStack[0xc]	READ	1
0x00142ce3	0x00142d18	CONDITIONAL_JUMP	0
0x00142ce5	0x00142cf0	CONDITIONAL_JUMP	0
0x00142cea	0x00142d34	CONDITIONAL_JUMP	0
0x00142cec	0x00142d48	UNCONDITIONAL_JUMP	0
0x00142cf3	0x00142d00	CONDITIONAL_JUMP	0
0x00142cf8	0x00142d48	CONDITIONAL_JUMP	0
0x00142cfe	0x00142d52	UNCONDITIONAL_JUMP	0
0x00142d15	0x00142d2b	UNCONDITIONAL_JUMP	0
0x00142d32	0x00142d52	UNCONDITIONAL_JUMP	0
0x00142d46	0x00142d52	UNCONDITIONAL_JUMP	0
0x00142d48	0x001de0e8	DATA	0
0x00142d4d	0x0010ca6c	UNCONDITIONAL_CALL	0
0x00142d52	0xStack[-0x8]	READ	1
0x00142d60	0xStack[0x4]	READ	1
0x00142d63	0xStack[0x8]	READ	1
0x00142d66	0xStack[0xc]	READ	1
0x00142d6f	0x00142da4	CONDITIONAL_JUMP	0
0x00142d71	0x00142d7c	CONDITIONAL_JUMP	0
0x00142d76	0x00142dc0	CONDITIONAL_JUMP	0
0x00142d78	0x00142dd4	UNCONDITIONAL_JUMP	0
0x00142d7f	0x00142d8c	CONDITIONAL_JUMP	0
0x00142d84	0x00142dd4	CONDITIONAL_JUMP	0
0x00142d8a	0x00142dde	UNCONDITIONAL_JUMP	0
0x00142da1	0x00142db7	UNCONDITIONAL_JUMP	0
0x00142dbc	0x00142dde	UNCONDITIONAL_JUMP	0
0x00142dd2	0x00142dde	UNCONDITIONAL_JUMP	0
0x00142dd4	0x001de0f1	DATA	0
0x00142dd9	0x0010ca6c	UNCONDITIONAL_CALL	0
0x00142dde	0xStack[-0x8]	READ	1
0x00142dec	0xStack[0x4]	READ	1
0x00142df0	0x001de3e4	READ	1
0x00142df8	0x00142e43	CONDITIONAL_JUMP	0
0x00142e01	0x00142e3c	CONDITIONAL_JUMP	0
0x00142e07	0x00142e3c	CONDITIONAL_JUMP	0
0x00142e16	0x00142e36	CONDITIONAL_JUMP	0
0x00142e22	0x001de0fa	DATA	0
0x00142e27	0x0010c0d8	UNCONDITIONAL_CALL	0
0x00142e2c	0x001de10f	DATA	0
0x00142e31	0x0010ca6c	UNCONDITIONAL_CALL	0
0x00142e38	0x00142e45	UNCONDITIONAL_JUMP	0
0x00142e41	0x00142dfc	CONDITIONAL_JUMP	0
0x00142e45	0xStack[-0x8]	READ	1
0x00142e5c	0x001e0d0c	READ	0
0x00142e6b	0xStack[-0x10]	WRITE	0
0x00142e6e	0x001e8760	DATA	1
0x00142e6e	0xStack[-0xc]	WRITE	0
0x00142e75	0xStack[-0x8]	WRITE	0
0x00142e7c	0x001e8870	DATA	1
0x00142e7c	0xStack[-0xc]	READ	0
0x00142e83	0x00142f94	CONDITIONAL_JUMP	0
0x00142e8c	0xStack[-0x18]	WRITE	0
0x00142e95	0x001e0d0c	READ	1
0x00142ea6	0x00142ec5	CONDITIONAL_JUMP	0
0x00142eb0	0xStack[-0x10]	READ	1
0x00142ec3	0x00142eb0	CONDITIONAL_JUMP	0
0x00142ec5	0x0018b97c	UNCONDITIONAL_CALL	0
0x00142ecc	0xStack[-0xc]	READ	1
0x00142ecf	0x001e876c	READ	1
0x00142ecf	0x001e87b0	READ	1
0x00142ed2	0xStack[-0x14]	WRITE	0
0x00142ed5	0xStack[-0xc]	READ	1
0x00142eda	0x00142f07	CONDITIONAL_JUMP	0
0x00142edc	0x001e0d0c	READ	1
0x00142ee4	0xStack[-0x14]	READ	1
0x00142eee	0xStack[-0x10]	READ	1
0x00142ef4	0xStack[-0x18]	READ_WRITE	0
0x00142ef7	0xStack[-0x14]	READ	1
0x00142efd	0xStack[-0x14]	WRITE	0
0x00142f00	0xStack[-0xc]	READ	1
0x00142f05	0x00142ee4	CONDITIONAL_JUMP	0
0x00142f08	0x0018b544	UNCONDITIONAL_CALL	0
0x00142f0d	0xStack[-0x18]	READ	1
0x00142f11	0xStack[-0x8]	READ	1
0x00142f14	0x001de120	DATA	1
0x00142f1c	0x001de145	DATA	0
0x00142f21	0x0010c0d8	UNCONDITIONAL_CALL	0
0x00142f2b	0x001e0d0c	READ	1
0x00142f3c	0x00142f73	CONDITIONAL_JUMP	0
0x00142f44	0xStack[-0x10]	READ	1
0x00142f4c	0x00142f62	CONDITIONAL_JUMP	0
0x00142f55	0x001de152	DATA	0
0x00142f5a	0x0010c0d8	UNCONDITIONAL_CALL	0
0x00142f63	0x001e0d0c	READ	1
0x00142f71	0x00142f44	CONDITIONAL_JUMP	0
0x00142f73	0x001de15a	DATA	0
0x00142f78	0x0010c0d8	UNCONDITIONAL_CALL	0
0x00142f80	0x001e87a4	DATA	1
0x00142f80	0xStack[-0xc]	READ_WRITE	0
0x00142f84	0xStack[-0x8]	READ_WRITE	0
0x00142f87	0x001e8870	DATA	1
0x00142f87	0xStack[-0xc]	READ	0
0x00142f8e	0x00142e8c	CONDITIONAL_JUMP	0
0x00142f94	0xStack[-0x24]	DATA	0
0x00142fa5	0xStack[0x8]	READ	1
0x00142fa8	0xStack[0xc]	READ	1
0x00142fab	0xStack[0x10]	READ	1
0x00142fb0	0xStack[0x4]	READ	1
0x00142fb3	0x00142fb9	UNCONDITIONAL_JUMP	0
0x00142fbb	0x00142fc5	CONDITIONAL_JUMP	0
0x00142fc3	0x00142fb8	CONDITIONAL_JUMP	0
0x00142fc9	0xStack[-0xc]	DATA	0
0x00142fd7	0xStack[0xc]	READ	1
0x00142fda	0xStack[0x4]	READ	1
0x00142fdf	0xStack[0x8]	READ	1
0x00142fe4	0x00142ff1	CONDITIONAL_JUMP	0
0x00142fea	0x00142ff1	CONDITIONAL_JUMP	0
0x00142fef	0x00142fe8	CONDITIONAL_JUMP	0
0x00142fff	0xStack[0xc]	READ	1
0x00143002	0xStack[0x4]	READ	1
0x00143007	0xStack[0x8]	READ	1
0x0014300c	0x00143019	CONDITIONAL_JUMP	0
0x00143012	0x00143019	CONDITIONAL_JUMP	0
0x00143017	0x00143010	CONDITIONAL_JUMP	0
0x0014302b	0xStack[0x4]	READ	1
0x00143030	0xStack[-0x8]	DATA	0
0x00143034	0xStack[0xc]	READ	1
0x00143038	0x00189a5c	UNCONDITIONAL_CALL	0
0x00143042	0x001430a1	CONDITIONAL_JUMP	0
0x00143044	0xStack[-0xa]	DATA	0
0x00143048	0xStack[-0x8]	READ	1
0x0014304c	0x00143b64	UNCONDITIONAL_CALL	0
0x00143056	0x001430a1	CONDITIONAL_JUMP	0
0x00143058	0xStack[-0xa]	READ	1
0x0014305d	0x001395d8	UNCONDITIONAL_CALL	0
0x00143062	0xStack[-0x10]	WRITE	0
0x00143065	0xStack[-0x9]	READ	1
0x0014306f	0x001e2d09	DATA	0
0x00143077	0x0014307d	CONDITIONAL_JUMP	0
0x0014307e	0xStack[0x8]	READ	1
0x00143082	0xStack[-0x10]	DATA	0
0x00143086	0x00143184	UNCONDITIONAL_CALL	0
0x00143090	0x001430a1	CONDITIONAL_JUMP	0
0x00143092	0xStack[-0x10]	READ	1
0x00143096	0xStack[-0x14]	WRITE	0
0x00143099	0x0011df54	UNCONDITIONAL_CALL	0
0x0014309e	0xStack[-0x14]	READ	1
0x001430a1	0xStack[-0x18]	READ	1
0x001430ae	0xStack[0x4]	READ	1
0x001430b1	0xStack[0x8]	READ	1
0x001430b4	0x001de3e8	READ_WRITE	0
0x001430ba	0x001de3e8	READ	0
0x001430c1	0x001430d0	CONDITIONAL_JUMP	0
0x001430c8	0x00143179	UNCONDITIONAL_JUMP	0
0x001430d0	0x001e905c	READ	1
0x001430da	0x001430e8	CONDITIONAL_JUMP	0
0x001430e1	0x00143179	UNCONDITIONAL_JUMP	0
0x001430ea	0x001395d8	UNCONDITIONAL_CALL	0
0x001430f4	0x001f6210	READ	0
0x001430fb	0x00143101	CONDITIONAL_JUMP	0
0x00143102	0x001de3ec	DATA	0
0x00143108	0x00143184	UNCONDITIONAL_CALL	0
0x00143114	0x00143128	CONDITIONAL_JUMP	0
0x00143119	0x0011df54	UNCONDITIONAL_CALL	0
0x00143126	0x00143179	UNCONDITIONAL_JUMP	0
0x00143132	0x00119794	UNCONDITIONAL_CALL	0
0x0014313e	0x0014315c	CONDITIONAL_JUMP	0
0x00143143	0x001437b0	UNCONDITIONAL_CALL	0
0x0014314b	0x0011df54	UNCONDITIONAL_CALL	0
0x00143158	0x00143179	UNCONDITIONAL_JUMP	0
0x0014315d	0x00119940	UNCONDITIONAL_CALL	0
0x00143172	0x0010ad3c	UNCONDITIONAL_CALL	0
0x00143179	0xStack[-0x10]	DATA	0
0x00143190	0xStack[-0x4c]	WRITE	0
0x00143197	0xStack[-0x50]	WRITE	0
0x0014319e	0x001de3f0	READ	0
0x001431a5	0x001431b6	CONDITIONAL_JUMP	0
0x001431a7	0x0014073c	UNCONDITIONAL_CALL	0
0x001431ac	0x001de3f0	WRITE	0
0x001431b6	0xStack[0x4]	READ	1
0x001431be	0x001e8758	READ	1
0x001431cd	0xStack[0xc]	READ	1
0x001431d4	0x001431db	CONDITIONAL_JUMP	0
0x001431dc	0xStack[0x4]	READ	1
0x001431e2	0xStack[-0x68]	WRITE	0
0x001431e7	0xStack[-0x58]	WRITE	0
0x001431ef	0x001431fc	CONDITIONAL_JUMP	0
0x001431f1	0xStack[-0x58]	READ	1
0x001431f4	0x0014378d	UNCONDITIONAL_JUMP	0
0x001431fc	0xStack[-0x64]	WRITE	0
0x00143203	0xStack[0x4]	READ	1
0x0014321b	0x00143264	CONDITIONAL_JUMP	0
0x0014321d	0xStack[0x4]	READ	1
0x00143225	0x001e8758	READ	1
0x00143236	0xStack[0xc]	READ	1
0x0014323d	0x00143244	CONDITIONAL_JUMP	0
0x00143249	0xStack[-0x68]	WRITE	0
0x0014324e	0xStack[0x4]	READ	1
0x00143254	0x0011b1e8	UNCONDITIONAL_CALL	0
0x0014325e	0x0014378d	UNCONDITIONAL_JUMP	0
0x00143277	0xStack[0x4]	READ	1
0x0014327d	0x00119b8c	UNCONDITIONAL_CALL	0
0x00143282	0xStack[-0x54]	WRITE	0
0x0014328b	0x00143707	CONDITIONAL_JUMP	0
0x00143291	0x001de3e4	READ	1
0x00143296	0xStack[-0x4c]	WRITE	0
0x0014329b	0x001432ed	CONDITIONAL_JUMP	0
0x001432a0	0xStack[-0x4c]	READ	1
0x001432a8	0x001432e0	CONDITIONAL_JUMP	0
0x001432aa	0xStack[0x4]	READ	1
0x001432b7	0x001432e0	CONDITIONAL_JUMP	0
0x001432b9	0xStack[0xc]	READ	1
0x001432c0	0x001433d4	CONDITIONAL_JUMP	0
0x001432c6	0xStack[-0x4c]	WRITE	0
0x001432cd	0xStack[-0x58]	WRITE	0
0x001432d4	0xStack[-0x64]	WRITE	0
0x001432db	0x00143707	UNCONDITIONAL_JUMP	0
0x001432e0	0xStack[-0x4c]	READ	1
0x001432e6	0xStack[-0x4c]	WRITE	0
0x001432eb	0x001432a0	CONDITIONAL_JUMP	0
0x001432ed	0xStack[0x4]	READ	1
0x001432f7	0x00184f50	UNCONDITIONAL_CALL	0
0x001432fc	0xStack[0xc]	READ	1
0x00143308	0x0014331c	CONDITIONAL_JUMP	0
0x00143310	0x001de3f4	DATA	0
0x00143315	0x0014349e	UNCONDITIONAL_JUMP	0
0x0014331c	0x001de3e4	READ	1
0x00143321	0xStack[-0x4c]	WRITE	0
0x00143326	0x0014333b	CONDITIONAL_JUMP	0
0x00143328	0xStack[-0x4c]	READ	1
0x0014332f	0x0014337a	CONDITIONAL_JUMP	0
0x00143334	0xStack[-0x4c]	WRITE	0
0x00143339	0x00143328	CONDITIONAL_JUMP	0
0x0014333d	0x0015a75c	UNCONDITIONAL_CALL	0
0x00143342	0xStack[-0x4c]	WRITE	0
0x00143347	0xStack[-0x4c]	READ	1
0x0014334b	0x00101600	UNCONDITIONAL_CALL	0
0x00143353	0xStack[-0x4c]	READ	0
0x00143357	0x00143368	CONDITIONAL_JUMP	0
0x00143359	0xStack[-0x58]	WRITE	0
0x00143360	0x00143714	UNCONDITIONAL_JUMP	0
0x00143368	0x001de3e4	READ	1
0x0014336e	0xStack[-0x4c]	READ	1
0x00143374	0x001de3e4	WRITE	0
0x0014337a	0xStack[-0x4c]	READ	1
0x0014337d	0xStack[0xc]	READ	1
0x00143388	0xStack[-0x54]	READ	1
0x00143394	0xStack[0x4]	READ	1
0x001433a0	0x00192c74	UNCONDITIONAL_CALL	0
0x001433b2	0x001433c7	CONDITIONAL_JUMP	0
0x001433bd	0x001433c7	CONDITIONAL_JUMP	0
0x001433c5	0x001433e8	CONDITIONAL_JUMP	0
0x001433c7	0xStack[-0x58]	WRITE	0
0x001433ce	0x00143714	UNCONDITIONAL_JUMP	0
0x001433d4	0xStack[-0x50]	WRITE	0
0x001433d7	0xStack[-0x54]	READ	1
0x001433de	0x00192c74	UNCONDITIONAL_CALL	0
0x001433e6	0x00143414	UNCONDITIONAL_JUMP	0
0x001433ec	0x0011a558	UNCONDITIONAL_CALL	0
0x001433f1	0xStack[-0x50]	WRITE	0
0x001433f4	0xStack[-0x4c]	READ	1
0x001433fe	0xStack[-0x50]	READ	1
0x00143405	0xStack[-0x54]	READ	1
0x0014340c	0x001013cc	UNCONDITIONAL_CALL	0
0x00143414	0xStack[0xc]	READ	1
0x0014341b	0x00143470	CONDITIONAL_JUMP	0
0x0014341d	0x001e875c	READ	1
0x00143427	0x00192c74	UNCONDITIONAL_CALL	0
0x0014342c	0xStack[-0x54]	READ	1
0x00143430	0x0011a168	UNCONDITIONAL_CALL	0
0x00143435	0x001e875c	READ	1
0x00143442	0x00143468	CONDITIONAL_JUMP	0
0x00143448	0x001e99b0	READ	1
0x0014344d	0xStack[0x4]	READ	1
0x00143452	0x00143461	CONDITIONAL_JUMP	0
0x00143454	0x001de416	DATA	0
0x00143459	0x0010ca6c	UNCONDITIONAL_CALL	0
0x00143461	0xStack[0xc]	READ	1
0x00143469	0x00192c74	UNCONDITIONAL_CALL	0
0x0014346e	0x00143479	UNCONDITIONAL_JUMP	0
0x00143470	0xStack[-0x54]	READ	1
0x00143474	0x0011a288	UNCONDITIONAL_CALL	0
0x0014347c	0xStack[-0x54]	WRITE	0
0x00143483	0xStack[-0x50]	READ	1
0x00143489	0xStack[0xc]	READ	1
0x00143492	0x001434c4	CONDITIONAL_JUMP	0
0x00143497	0x001434b4	CONDITIONAL_JUMP	0
0x00143499	0x001de458	DATA	0
0x0014349e	0x0010c0d8	UNCONDITIONAL_CALL	0
0x001434a3	0xStack[-0x58]	WRITE	0
0x001434ad	0x00143707	UNCONDITIONAL_JUMP	0
0x001434c2	0x00143520	UNCONDITIONAL_JUMP	0
0x001434cb	0x001434d8	CONDITIONAL_JUMP	0
0x001434d4	0x001434df	UNCONDITIONAL_JUMP	0
0x001434ed	0xStack[0xc]	READ	1
0x001434f4	0x00143520	CONDITIONAL_JUMP	0
0x001434f6	0xStack[-0x54]	READ	0
0x001434fa	0x00143508	CONDITIONAL_JUMP	0
0x001434fc	0xStack[-0x54]	READ	1
0x00143500	0x0011a288	UNCONDITIONAL_CALL	0
0x00143508	0xStack[0xc]	READ	1
0x0014350f	0xStack[-0x4c]	READ	1
0x00143513	0x001439f8	UNCONDITIONAL_CALL	0
0x0014351a	0x0014378d	UNCONDITIONAL_JUMP	0
0x00143523	0xStack[0xc]	READ	1
0x0014353c	0xStack[-0x5c]	WRITE	0
0x00143540	0x0015a75c	UNCONDITIONAL_CALL	0
0x00143545	0xStack[-0x60]	WRITE	0
0x0014354d	0x0014355c	CONDITIONAL_JUMP	0
0x0014354f	0xStack[-0x58]	WRITE	0
0x00143556	0x00143714	UNCONDITIONAL_JUMP	0
0x0014355e	0xStack[-0x5c]	READ	0
0x00143561	0x00143610	CONDITIONAL_JUMP	0
0x0014356b	0xStack[-0x88]	WRITE	0
0x00143576	0xStack[-0x5c]	READ	1
0x0014357b	0x0014358b	CONDITIONAL_JUMP	0
0x00143585	0xStack[-0x88]	WRITE	0
0x0014358b	0xStack[-0x88]	READ	1
0x001435a0	0xStack[-0x4c]	READ	1
0x001435a7	0x00119b8c	UNCONDITIONAL_CALL	0
0x001435ac	0xStack[-0x54]	WRITE	0
0x001435b5	0x001436f4	CONDITIONAL_JUMP	0
0x001435bc	0xStack[-0x60]	READ	1
0x001435c0	0xStack[-0x54]	READ	1
0x001435c7	0x001013cc	UNCONDITIONAL_CALL	0
0x001435cc	0xStack[-0x88]	READ	1
0x001435d7	0x00192c20	UNCONDITIONAL_CALL	0
0x001435e3	0xStack[-0x60]	READ	1
0x001435ed	0xStack[-0x88]	READ	1
0x001435f5	0xStack[-0x60]	WRITE	0
0x001435f8	0xStack[-0x54]	READ	1
0x001435fc	0x0011a288	UNCONDITIONAL_CALL	0
0x00143607	0xStack[-0x5c]	READ	0
0x0014360a	0x00143568	CONDITIONAL_JUMP	0
0x00143617	0x00143625	CONDITIONAL_JUMP	0
0x00143619	0xStack[-0x4c]	READ	1
0x0014361d	0x001439f8	UNCONDITIONAL_CALL	0
0x0014364e	0x00143658	CONDITIONAL_JUMP	0
0x00143653	0x0014365a	UNCONDITIONAL_JUMP	0
0x0014367f	0x0014368b	CONDITIONAL_JUMP	0
0x00143697	0xStack[-0x4c]	READ	1
0x001436a1	0xStack[-0x4c]	READ	1
0x001436ac	0xStack[0xc]	READ	1
0x001436b9	0xStack[-0x48]	DATA	0
0x001436c9	0xStack[0x8]	READ	1
0x001436cd	0x0018a034	UNCONDITIONAL_CALL	0
0x001436d2	0xStack[-0x48]	READ	1
0x001436e4	0xStack[-0x68]	WRITE	0
0x001436e8	0x00101600	UNCONDITIONAL_CALL	0
0x001436ef	0x0014378d	UNCONDITIONAL_JUMP	0
0x001436fb	0xStack[-0x60]	READ	1
0x001436ff	0x0015a824	UNCONDITIONAL_CALL	0
0x00143707	0xStack[-0x58]	READ	0
0x0014370b	0x00143714	CONDITIONAL_JUMP	0
0x0014370d	0xStack[-0x58]	WRITE	0
0x00143714	0xStack[-0x4c]	READ	0
0x00143718	0x00143724	CONDITIONAL_JUMP	0
0x0014371a	0xStack[-0x4c]	READ	1
0x00143724	0xStack[-0x50]	READ	0
0x00143728	0x00143736	CONDITIONAL_JUMP	0
0x0014372a	0xStack[-0x50]	READ	1
0x0014372e	0x0011a288	UNCONDITIONAL_CALL	0
0x00143736	0xStack[-0x54]	READ	0
0x0014373a	0x00143748	CONDITIONAL_JUMP	0
0x0014373c	0xStack[-0x54]	READ	1
0x00143740	0x0011a288	UNCONDITIONAL_CALL	0
0x00143748	0xStack[-0x64]	READ	0
0x0014374c	0x0014378a	CONDITIONAL_JUMP	0
0x0014374e	0xStack[0x4]	READ	1
0x00143756	0x001e8758	READ	1
0x00143767	0xStack[0xc]	READ	1
0x0014376e	0x00143775	CONDITIONAL_JUMP	0
0x0014377a	0xStack[-0x68]	WRITE	0
0x0014377f	0xStack[0x4]	READ	1
0x00143785	0x0011b1e8	UNCONDITIONAL_CALL	0
0x0014378a	0xStack[-0x58]	READ	1
0x0014378d	0xStack[-0x94]	DATA	0
0x001437a1	0xStack[0x4]	READ	1
0x001437a5	0x001437b0	UNCONDITIONAL_CALL	0
0x001437b9	0xStack[0x4]	READ	1
0x001437c7	0x00141e70	UNCONDITIONAL_CALL	0
0x001437d3	0x001437ec	CONDITIONAL_JUMP	0
0x001437d5	0xStack[0x8]	READ	0
0x001437d9	0x001437df	CONDITIONAL_JUMP	0
0x001437dd	0x001437ec	CONDITIONAL_JUMP	0
0x001437e4	0x001438c0	UNCONDITIONAL_JUMP	0
0x00143801	0xStack[-0x8]	WRITE	0
0x00143806	0x00143821	CONDITIONAL_JUMP	0
0x0014380f	0x00143821	CONDITIONAL_JUMP	0
0x00143819	0x001439f8	UNCONDITIONAL_CALL	0
0x0014382f	0x0015a824	UNCONDITIONAL_CALL	0
0x00143838	0x0011a288	UNCONDITIONAL_CALL	0
0x0014384f	0x001438be	CONDITIONAL_JUMP	0
0x00143857	0xStack[-0xc]	WRITE	0
0x0014385a	0x001e8758	READ	1
0x00143865	0xStack[-0x8]	READ	1
0x0014386a	0xStack[-0xc]	READ	1
0x00143876	0x0011b1e8	UNCONDITIONAL_CALL	0
0x0014387f	0x0011df54	UNCONDITIONAL_CALL	0
0x0014388b	0x001de3e4	READ	1
0x00143895	0x001438b2	CONDITIONAL_JUMP	0
0x0014389a	0x001de3e4	WRITE	0
0x001438a0	0x001438b6	UNCONDITIONAL_JUMP	0
0x001438a7	0x001438af	CONDITIONAL_JUMP	0
0x001438b4	0x001438a4	CONDITIONAL_JUMP	0
0x001438b9	0x0015a824	UNCONDITIONAL_CALL	0
0x001438c0	0xStack[-0x18]	DATA	0
0x001438d1	0xStack[0x4]	READ	1
0x001438d4	0xStack[0x8]	READ	1
0x001438eb	0x00140798	UNCONDITIONAL_CALL	0
0x001438f7	0x00143904	CONDITIONAL_JUMP	0
0x001438f9	0x001e875c	READ	1
0x00143902	0x00143928	UNCONDITIONAL_JUMP	0
0x00143913	0x00143921	CONDITIONAL_JUMP	0
0x0014391c	0x0010ab38	UNCONDITIONAL_CALL	0
0x00143928	0xStack[-0xc]	DATA	0
0x0014393d	0xStack[0x8]	READ	1
0x00143940	0xStack[0x4]	READ	1
0x00143959	0x00143968	CONDITIONAL_JUMP	0
0x0014395b	0x001de473	DATA	0
0x00143960	0x0010ca6c	UNCONDITIONAL_CALL	0
0x00143984	0xStack[-0xc]	WRITE	0
0x001439a5	0xStack[-0xc]	READ	1
0x001439c8	0xStack[-0x10]	WRITE	0
0x001439cc	0xStack[0x4]	READ	1
0x001439d3	0x001013cc	UNCONDITIONAL_CALL	0
0x001439da	0xStack[-0x24]	DATA	0
0x001439eb	0x00142884	UNCONDITIONAL_CALL	0
0x00143a01	0xStack[0x4]	READ	1
0x00143a0a	0xStack[-0x8]	WRITE	0
0x00143a0d	0xStack[0x4]	READ	1
0x00143a1d	0xStack[-0x14]	WRITE	0
0x00143a29	0x00143b59	CONDITIONAL_JUMP	0
0x00143a2f	0xStack[-0x8]	READ	1
0x00143a43	0xStack[0x4]	READ	1
0x00143a4a	0x0011a3e8	UNCONDITIONAL_CALL	0
0x00143a51	0xStack[-0x8]	READ	1
0x00143a5c	0xStack[-0x8]	READ	1
0x00143a60	0x001013cc	UNCONDITIONAL_CALL	0
0x00143a69	0x00192c74	UNCONDITIONAL_CALL	0
0x00143aad	0x0011a168	UNCONDITIONAL_CALL	0
0x00143ab2	0xStack[-0x8]	READ	1
0x00143abf	0xStack[-0x20]	WRITE	0
0x00143ac7	0xStack[-0x20]	READ	0
0x00143aca	0xStack[-0xc]	WRITE	0
0x00143ad3	0xStack[-0x10]	WRITE	0
0x00143add	0x00143b59	CONDITIONAL_JUMP	0
0x00143ae0	0xStack[-0x8]	READ	1
0x00143aeb	0xStack[-0xc]	READ	1
0x00143af0	0x00143afd	CONDITIONAL_JUMP	0
0x00143af6	0xStack[-0x8]	READ	1
0x00143afe	0xStack[-0x8]	READ	1
0x00143b09	0xStack[-0x8]	READ	1
0x00143b14	0xStack[0x4]	READ	1
0x00143b1b	0x0011a3e8	UNCONDITIONAL_CALL	0
0x00143b27	0xStack[-0x10]	READ	1
0x00143b2b	0x001013cc	UNCONDITIONAL_CALL	0
0x00143b3a	0x00192c20	UNCONDITIONAL_CALL	0
0x00143b3f	0xStack[-0x10]	READ_WRITE	0
0x00143b46	0x0011a168	UNCONDITIONAL_CALL	0
0x00143b4e	0xStack[-0x8]	READ	1
0x00143b54	0xStack[-0xc]	READ	0
0x00143b57	0x00143ae0	CONDITIONAL_JUMP	0
0x00143b59	0xStack[-0x2c]	DATA	0
0x00143b6b	0xStack[0x8]	READ	1
0x00143b6e	0xStack[-0x8]	DATA	0
0x00143b78	0xStack[0x4]	READ	1
0x00143b7c	0x0011c0f8	UNCONDITIONAL_CALL	0
0x00143b88	0x00143ba0	CONDITIONAL_JUMP	0
0x00143b8a	0x001e875c	READ	1
0x00143b93	0x00143b9c	CONDITIONAL_JUMP	0
0x00143b9a	0x00143bdd	UNCONDITIONAL_JUMP	0
0x00143b9e	0x00143bdd	UNCONDITIONAL_JUMP	0
0x00143ba0	0xStack[-0x8]	READ	1
0x00143ba7	0x00143bb8	CONDITIONAL_JUMP	0
0x00143baa	0x0011df54	UNCONDITIONAL_CALL	0
0x00143bb4	0x00143bdd	UNCONDITIONAL_JUMP	0
0x00143bbf	0xStack[-0x8]	READ	1
0x00143bc3	0x0011df54	UNCONDITIONAL_CALL	0
0x00143bcc	0x001e2f34	READ	0
0x00143bd2	0x00143bd8	CONDITIONAL_JUMP	0
0x00143bd6	0x00143bdd	UNCONDITIONAL_JUMP	0
0x00143bdd	0xStack[-0xc]	READ	1
0x00143bea	0xStack[0x4]	READ	1
0x00143bed	0xStack[0x8]	READ	1
0x00143bf0	0xStack[0xc]	READ	1
0x00143c09	0x00140798	UNCONDITIONAL_CALL	0
0x00143c15	0x00143c24	CONDITIONAL_JUMP	0
0x00143c1f	0x00143c76	UNCONDITIONAL_JUMP	0
0x00143c2d	0x00143c40	CONDITIONAL_JUMP	0
0x00143c30	0x00140d10	UNCONDITIONAL_CALL	0
0x00143c3b	0x00143c74	UNCONDITIONAL_JUMP	0
0x00143c4f	0x00143c5d	CONDITIONAL_JUMP	0
0x00143c58	0x0010ab38	UNCONDITIONAL_CALL	0
0x00143c6e	0x00143c74	CONDITIONAL_JUMP	0
0x00143c76	0xStack[-0x10]	DATA	0
0x00143c83	0xStack[0x4]	READ	1
0x00143cb4	0xStack[0x4]	READ	1
0x00143cbf	0x0011adc8	UNCONDITIONAL_CALL	0
0x00143cc4	0x001e9790	DATA	0
0x00143cc9	0x00160844	UNCONDITIONAL_CALL	0
0x00143cd2	0x00143cdd	CONDITIONAL_JUMP	0
0x00143cd4	0x001e9790	READ	1
0x00143ce1	0x00143cec	CONDITIONAL_JUMP	0
0x00143ce3	0x001e9790	READ	1
0x00143cf0	0x00143d05	CONDITIONAL_JUMP	0
0x00143cf9	0x001e9790	READ	1
0x00143d0b	0xStack[-0x8]	READ	1
0x00143d1a	0xStack[0x4]	READ	1
0x00143d1d	0xStack[0xc]	READ	1
0x00143d23	0x00143d35	CONDITIONAL_JUMP	0
0x00143d2a	0x00143d35	CONDITIONAL_JUMP	0
0x00143d2d	0x0017e104	UNCONDITIONAL_CALL	0
0x00143d44	0x00143d88	CONDITIONAL_JUMP	0
0x00143d4b	0x00143d61	UNCONDITIONAL_JUMP	0
0x00143d59	0x0010a588	UNCONDITIONAL_CALL	0
0x00143d67	0x00143d50	CONDITIONAL_JUMP	0
0x00143d6d	0xStack[0x10]	READ	1
0x00143d73	0x00143d8a	CONDITIONAL_JUMP	0
0x00143d78	0x00143d8a	CONDITIONAL_JUMP	0
0x00143d7d	0xStack[0x8]	READ	1
0x00143d83	0x00143d8a	UNCONDITIONAL_JUMP	0
0x00143d8a	0xStack[0x10]	READ	1
0x00143d8f	0xStack[0x8]	READ	1
0x00143d94	0x00143e24	UNCONDITIONAL_CALL	0
0x00143da4	0x00143df4	CONDITIONAL_JUMP	0
0x00143dac	0x001e9790	DATA	0
0x00143db1	0x00160844	UNCONDITIONAL_CALL	0
0x00143dbd	0x00143dc8	CONDITIONAL_JUMP	0
0x00143dbf	0x001e9790	READ	1
0x00143dcc	0x00143dd7	CONDITIONAL_JUMP	0
0x00143dce	0x001e9790	READ	1
0x00143ddb	0x00143df0	CONDITIONAL_JUMP	0
0x00143de4	0x001e9790	READ	1
0x00143df6	0x00143e15	CONDITIONAL_JUMP	0
0x00143e07	0x00143e15	CONDITIONAL_JUMP	0
0x00143e10	0x0010ab38	UNCONDITIONAL_CALL	0
0x00143e17	0xStack[-0x10]	DATA	0
0x00143e2d	0xStack[0x4]	READ	1
0x00143e30	0xStack[-0x24]	WRITE	0
0x00143e37	0xStack[-0x8]	WRITE	0
0x00143e3e	0xStack[0x8]	READ	1
0x00143e44	0xStack[-0x28]	WRITE	0
0x00143e47	0xStack[0xc]	READ	0
0x00143e4b	0x00143e5a	CONDITIONAL_JUMP	0
0x00143e4d	0x001de510	DATA	0
0x00143e52	0x0010ca6c	UNCONDITIONAL_CALL	0
0x00143e64	0xStack[-0x1c]	WRITE	0
0x00143e6d	0x00143e8c	CONDITIONAL_JUMP	0
0x00143e75	0x00143e8c	CONDITIONAL_JUMP	0
0x00143e7d	0x00143e8c	CONDITIONAL_JUMP	0
0x00143e7f	0x001de515	DATA	0
0x00143e84	0x0010ca6c	UNCONDITIONAL_CALL	0
0x00143e8c	0xStack[0x8]	READ	1
0x00143e94	0x00143e9d	CONDITIONAL_JUMP	0
0x00143e9b	0x00143ea8	CONDITIONAL_JUMP	0
0x00143ea2	0x0014425d	UNCONDITIONAL_JUMP	0
0x00143eaa	0x00143eb4	CONDITIONAL_JUMP	0
0x00143eae	0x0014425d	UNCONDITIONAL_JUMP	0
0x00143eb4	0xStack[0xc]	READ	0
0x00143eb8	0x00143f14	CONDITIONAL_JUMP	0
0x00143eba	0xStack[-0x1c]	READ	0
0x00143ec1	0x00143f18	CONDITIONAL_JUMP	0
0x00143ec3	0x001e8758	READ	1
0x00143ecf	0x00143f18	CONDITIONAL_JUMP	0
0x00143ed6	0x00109870	UNCONDITIONAL_CALL	0
0x00143ee0	0x0014425d	UNCONDITIONAL_JUMP	0
0x00143ee8	0xStack[-0x24]	WRITE	0
0x00143eef	0x0014425a	UNCONDITIONAL_JUMP	0
0x00143ef8	0x0014423a	UNCONDITIONAL_JUMP	0
0x00143f00	0xStack[-0x24]	WRITE	0
0x00143f08	0x0011a288	UNCONDITIONAL_CALL	0
0x00143f0d	0x0014425a	UNCONDITIONAL_JUMP	0
0x00143f1b	0xStack[-0xc]	WRITE	0
0x00143f21	0xStack[-0x10]	WRITE	0
0x00143f27	0xStack[-0x20]	WRITE	0
0x00143f2a	0x001e875c	READ	1
0x00143f34	0xStack[0x8]	READ	1
0x00143f3e	0xStack[-0x20]	READ	0
0x00143f41	0xStack[-0x18]	WRITE	0
0x00143f44	0xStack[-0x14]	WRITE	0
0x00143f47	0xStack[-0x20]	READ	1
0x00143f4c	0xStack[0x8]	READ	1
0x00143f54	0x00143f58	CONDITIONAL_JUMP	0
0x00143f58	0xStack[0xc]	READ	0
0x00143f5c	0x00143f6d	CONDITIONAL_JUMP	0
0x00143f65	0x00143ee8	CONDITIONAL_JUMP	0
0x00143f69	0x00143f6d	CONDITIONAL_JUMP	0
0x00143f6f	0xStack[0x10]	READ	0
0x00143f73	0x00143f78	CONDITIONAL_JUMP	0
0x00143f75	0xStack[-0x8]	DATA	0
0x00143f79	0xStack[-0x18]	READ	1
0x00143f7f	0xStack[0xc]	READ	0
0x00143f8a	0xStack[-0x14]	READ	1
0x00143f8f	0x0013d830	UNCONDITIONAL_CALL	0
0x00143f96	0xStack[-0x10]	READ	1
0x00143f9e	0x001e875c	READ	1
0x00143fab	0x00143fd1	CONDITIONAL_JUMP	0
0x00143fad	0xStack[0xc]	READ	0
0x00143fb1	0x00143fd1	CONDITIONAL_JUMP	0
0x00143fb3	0xStack[-0x28]	READ	1
0x00143fb6	0xStack[0x8]	READ	1
0x00143fbe	0x00143fd1	CONDITIONAL_JUMP	0
0x00143fc0	0x001e8758	READ	1
0x00143fcb	0x00143ef4	CONDITIONAL_JUMP	0
0x00143fd1	0x001e875c	READ	1
0x00143fdb	0x00143fe7	CONDITIONAL_JUMP	0
0x00143fdd	0xStack[0xc]	READ	0
0x00143fe1	0x00144042	CONDITIONAL_JUMP	0
0x00143fe5	0x00143ff4	CONDITIONAL_JUMP	0
0x00143fea	0xStack[-0x24]	WRITE	0
0x00143fed	0x0014425a	UNCONDITIONAL_JUMP	0
0x00143ff4	0xStack[0x8]	READ	1
0x00143fff	0x00144042	CONDITIONAL_JUMP	0
0x00144001	0xStack[-0x1c]	READ	0
0x00144008	0x0014401c	CONDITIONAL_JUMP	0
0x0014400a	0xStack[-0x1c]	READ	0
0x00144011	0x0014401c	CONDITIONAL_JUMP	0
0x00144013	0xStack[-0x1c]	READ	0
0x0014401a	0x00144042	CONDITIONAL_JUMP	0
0x0014401c	0xStack[0x8]	READ	1
0x0014402a	0xStack[-0x30]	WRITE	0
0x00144030	0x00144035	CONDITIONAL_JUMP	0
0x00144035	0xStack[0x10]	READ	0
0x00144039	0x00144042	CONDITIONAL_JUMP	0
0x0014403b	0xStack[-0x8]	WRITE	0
0x00144042	0xStack[-0x14]	READ	0
0x00144046	0x0014405b	CONDITIONAL_JUMP	0
0x00144048	0xStack[-0x14]	READ	1
0x0014404c	0xStack[-0x10]	READ	1
0x00144059	0x00144064	CONDITIONAL_JUMP	0
0x0014405b	0xStack[-0x10]	READ	1
0x00144061	0x0014407c	UNCONDITIONAL_JUMP	0
0x00144064	0xStack[-0x10]	READ	1
0x00144070	0xStack[-0x10]	READ	1
0x0014407c	0xStack[0xc]	READ	0
0x00144080	0x001440e4	CONDITIONAL_JUMP	0
0x00144084	0x001440a4	CONDITIONAL_JUMP	0
0x00144087	0x0011a558	UNCONDITIONAL_CALL	0
0x00144096	0x00101618	UNCONDITIONAL_CALL	0
0x001440a2	0x001440d9	UNCONDITIONAL_JUMP	0
0x001440a8	0xStack[-0x14]	READ	0
0x001440ab	0x001440cc	CONDITIONAL_JUMP	0
0x001440ad	0x001ef2e4	READ	1
0x001440b4	0x001ef2e0	READ	1
0x001440bc	0xStack[-0xc]	READ	1
0x001440c0	0x00119c10	UNCONDITIONAL_CALL	0
0x001440ca	0x001440dc	UNCONDITIONAL_JUMP	0
0x001440ce	0xStack[-0xc]	READ	1
0x001440d2	0x00119b8c	UNCONDITIONAL_CALL	0
0x001440dc	0xStack[-0x14]	READ	1
0x001440e2	0x00144108	UNCONDITIONAL_JUMP	0
0x001440e4	0xStack[-0x20]	READ	0
0x001440e7	0x001440f8	CONDITIONAL_JUMP	0
0x001440eb	0xStack[-0xc]	READ	1
0x001440ef	0x0011a3e8	UNCONDITIONAL_CALL	0
0x001440f4	0x00144103	UNCONDITIONAL_JUMP	0
0x001440fa	0xStack[-0xc]	READ	1
0x001440fe	0x00119b8c	UNCONDITIONAL_CALL	0
0x0014410b	0xStack[-0x30]	WRITE	0
0x00144115	0x00144119	CONDITIONAL_JUMP	0
0x0014411c	0x00143f00	CONDITIONAL_JUMP	0
0x0014412e	0x00144140	CONDITIONAL_JUMP	0
0x00144130	0xStack[-0x30]	READ	1
0x00144138	0x00193308	UNCONDITIONAL_CALL	0
0x00144140	0xStack[0x8]	READ	1
0x00144144	0xStack[0xc]	READ	1
0x00144149	0xStack[-0x18]	READ	1
0x00144150	0x0010a384	UNCONDITIONAL_CALL	0
0x00144157	0x001e875c	READ	1
0x00144170	0x0014417b	CONDITIONAL_JUMP	0
0x00144173	0x001932bc	UNCONDITIONAL_CALL	0
0x0014417b	0xStack[0x10]	READ	0
0x0014417f	0x0014419e	CONDITIONAL_JUMP	0
0x00144188	0x0014419e	CONDITIONAL_JUMP	0
0x0014418a	0x001de50c	READ	0
0x00144191	0x0014419e	CONDITIONAL_JUMP	0
0x00144196	0x0014419e	CONDITIONAL_JUMP	0
0x0014419e	0xStack[0xc]	READ	0
0x001441a2	0x001441c8	CONDITIONAL_JUMP	0
0x001441a4	0xStack[-0x18]	READ	1
0x001441a9	0xStack[-0x20]	READ	0
0x001441ac	0x001441b9	CONDITIONAL_JUMP	0
0x001441b1	0xStack[0x8]	READ	1
0x001441b7	0x001441bc	CONDITIONAL_JUMP	0
0x001441bd	0x0011a288	UNCONDITIONAL_CALL	0
0x001441c5	0x0014421e	UNCONDITIONAL_JUMP	0
0x001441c8	0xStack[0x10]	READ	0
0x001441cc	0x001441dc	CONDITIONAL_JUMP	0
0x001441da	0x001441e4	CONDITIONAL_JUMP	0
0x001441dd	0x0011a168	UNCONDITIONAL_CALL	0
0x001441e2	0x00144202	UNCONDITIONAL_JUMP	0
0x001441e4	0xStack[-0x18]	READ	1
0x001441e9	0xStack[-0x20]	READ	0
0x001441ec	0x001441fc	CONDITIONAL_JUMP	0
0x001441f2	0x0011a208	UNCONDITIONAL_CALL	0
0x001441f7	0x00144202	UNCONDITIONAL_JUMP	0
0x001441fd	0x0011a1e0	UNCONDITIONAL_CALL	0
0x00144209	0x001e8758	READ	1
0x00144216	0x0014421e	CONDITIONAL_JUMP	0
0x0014421e	0x001e875c	READ	1
0x00144227	0x0014423a	CONDITIONAL_JUMP	0
0x00144229	0xStack[0x8]	READ	1
0x00144230	0x0014423a	CONDITIONAL_JUMP	0
0x00144234	0x00143f34	CONDITIONAL_JUMP	0
0x0014423a	0xStack[-0x8]	READ	0
0x0014423e	0x00144248	CONDITIONAL_JUMP	0
0x00144243	0x00140eb4	UNCONDITIONAL_CALL	0
0x00144248	0xStack[-0x24]	READ	0
0x0014424c	0x0014425a	CONDITIONAL_JUMP	0
0x0014424e	0x001e875c	READ	1
0x00144257	0xStack[-0x24]	WRITE	0
0x0014425a	0xStack[-0x24]	READ	1
0x0014425d	0xStack[-0x3c]	DATA	0
0x00144286	0xStack[0x4]	READ	1
0x00144289	0xStack[0x8]	READ	1
0x00144295	0x001442e5	CONDITIONAL_JUMP	0
0x0014429d	0x001e9790	DATA	0
0x001442a2	0x00160844	UNCONDITIONAL_CALL	0
0x001442ae	0x001442b9	CONDITIONAL_JUMP	0
0x001442b0	0x001e9790	READ	1
0x001442bd	0x001442c8	CONDITIONAL_JUMP	0
0x001442bf	0x001e9790	READ	1
0x001442cc	0x001442e1	CONDITIONAL_JUMP	0
0x001442d5	0x001e9790	READ	1
0x001442f2	0x001ddf6c	DATA	1
0x0014432c	0x00144338	CONDITIONAL_JUMP	0
0x00144336	0x0014433e	UNCONDITIONAL_JUMP	0
0x0014439d	0x001443b4	CONDITIONAL_JUMP	0
0x001443a4	0x001443c0	CONDITIONAL_JUMP	0
0x001443b2	0x001443c6	UNCONDITIONAL_JUMP	0
0x001443bb	0x001443c9	UNCONDITIONAL_JUMP	0
0x001443cb	0xStack[-0x10]	DATA	0
0x001443e1	0xStack[0x8]	READ	1
0x001443e4	0xStack[-0x10]	WRITE	0
0x001443ed	0x001e8758	READ	1
0x001443f9	0x00107898	UNCONDITIONAL_CALL	0
0x001443fe	0xStack[-0x14]	WRITE	0
0x00144409	0x0014442f	CONDITIONAL_JUMP	0
0x0014440f	0x0014442f	CONDITIONAL_JUMP	0
0x00144416	0x0014442f	CONDITIONAL_JUMP	0
0x0014441c	0x0014442f	CONDITIONAL_JUMP	0
0x00144422	0x0014442f	CONDITIONAL_JUMP	0
0x00144428	0x0014442f	CONDITIONAL_JUMP	0
0x0014442d	0x0014443c	CONDITIONAL_JUMP	0
0x00144434	0x00144658	UNCONDITIONAL_JUMP	0
0x0014443c	0xStack[0x4]	READ	1
0x00144443	0x00141eec	UNCONDITIONAL_CALL	0
0x00144451	0x001444cd	CONDITIONAL_JUMP	0
0x00144457	0xStack[0xc]	READ	1
0x0014445e	0x00144472	CONDITIONAL_JUMP	0
0x00144460	0x00108310	UNCONDITIONAL_CALL	0
0x00144467	0x0014447a	CONDITIONAL_JUMP	0
0x00144469	0x001e875c	READ	1
0x00144474	0x00144648	CONDITIONAL_JUMP	0
0x00144495	0xStack[0xc]	READ	1
0x0014449d	0x001444c9	CONDITIONAL_JUMP	0
0x001444a9	0x001444b2	CONDITIONAL_JUMP	0
0x001444b7	0x001082c4	UNCONDITIONAL_CALL	0
0x001444c1	0x001444c9	CONDITIONAL_JUMP	0
0x001444d5	0x001444de	CONDITIONAL_JUMP	0
0x001444dc	0x001444fa	CONDITIONAL_JUMP	0
0x001444e8	0x00144664	UNCONDITIONAL_CALL	0
0x001444f4	0x00144648	CONDITIONAL_JUMP	0
0x001444fe	0x00144547	CONDITIONAL_JUMP	0
0x0014450c	0x00144518	CONDITIONAL_JUMP	0
0x00144513	0x00144648	UNCONDITIONAL_JUMP	0
0x0014451e	0x00141f44	UNCONDITIONAL_CALL	0
0x0014452a	0x00144648	CONDITIONAL_JUMP	0
0x00144535	0x00141014	UNCONDITIONAL_CALL	0
0x00144541	0x00144648	CONDITIONAL_JUMP	0
0x00144548	0x00141f1c	UNCONDITIONAL_CALL	0
0x0014454d	0xStack[0x4]	READ	1
0x00144551	0x0015f638	UNCONDITIONAL_CALL	0
0x00144557	0x00141eec	UNCONDITIONAL_CALL	0
0x00144563	0x001445c9	CONDITIONAL_JUMP	0
0x00144569	0xStack[0xc]	READ	1
0x00144570	0x0014458c	CONDITIONAL_JUMP	0
0x00144572	0x00108310	UNCONDITIONAL_CALL	0
0x00144579	0x00144588	CONDITIONAL_JUMP	0
0x0014457b	0x001e875c	READ	1
0x00144584	0x0014458e	UNCONDITIONAL_JUMP	0
0x0014458a	0x001445c0	UNCONDITIONAL_JUMP	0
0x00144590	0x001445c0	CONDITIONAL_JUMP	0
0x00144592	0xStack[-0x14]	READ	1
0x00144599	0x00144648	CONDITIONAL_JUMP	0
0x001445a5	0x00141f44	UNCONDITIONAL_CALL	0
0x001445b1	0x00144648	CONDITIONAL_JUMP	0
0x001445b7	0x001e875c	READ	1
0x001445c6	0xStack[-0x10]	READ_WRITE	0
0x001445cd	0x00144629	CONDITIONAL_JUMP	0
0x001445d3	0xStack[0xc]	READ	1
0x001445da	0x001445f4	CONDITIONAL_JUMP	0
0x001445dc	0x00108310	UNCONDITIONAL_CALL	0
0x001445e3	0x001445f0	CONDITIONAL_JUMP	0
0x001445e5	0x001e875c	READ	1
0x001445ee	0x001445f6	UNCONDITIONAL_JUMP	0
0x001445f2	0x00144620	UNCONDITIONAL_JUMP	0
0x001445f8	0x00144620	CONDITIONAL_JUMP	0
0x001445fa	0xStack[-0x14]	READ	1
0x00144601	0x00144648	CONDITIONAL_JUMP	0
0x00144609	0x00141f44	UNCONDITIONAL_CALL	0
0x00144615	0x00144648	CONDITIONAL_JUMP	0
0x00144617	0x001e875c	READ	1
0x00144626	0xStack[-0x10]	READ_WRITE	0
0x00144629	0xStack[-0x10]	READ	0
0x0014462d	0x00144648	CONDITIONAL_JUMP	0
0x0014462f	0xStack[-0xc]	DATA	0
0x00144633	0x0010ac84	UNCONDITIONAL_CALL	0
0x00144638	0xStack[-0xc]	READ	1
0x0014464b	0x00140eb4	UNCONDITIONAL_CALL	0
0x00144651	0x00141f1c	UNCONDITIONAL_CALL	0
0x00144658	0xStack[-0x20]	DATA	0
0x0014466a	0xStack[0x4]	READ	1
0x0014466d	0xStack[0x8]	READ	1
0x00144671	0xStack[0xc]	READ	1
0x00144679	0x0014467f	CONDITIONAL_JUMP	0
0x00144683	0x00144689	CONDITIONAL_JUMP	0
0x00144689	0x001e8758	READ	1
0x00144695	0x001446ad	CONDITIONAL_JUMP	0
0x0014469b	0x001446ad	CONDITIONAL_JUMP	0
0x001446a1	0x001082c4	UNCONDITIONAL_CALL	0
0x001446ab	0x001446c0	CONDITIONAL_JUMP	0
0x001446ad	0x00108310	UNCONDITIONAL_CALL	0
0x001446b4	0x001446c0	CONDITIONAL_JUMP	0
0x001446bb	0x001446e3	UNCONDITIONAL_JUMP	0
0x001446cc	0x001e8758	READ	1
0x001446d9	0x001446e1	CONDITIONAL_JUMP	0
0x001446e3	0xStack[-0x10]	DATA	0
0x001446f5	0xStack[0x4]	READ	1
0x001446fb	0x00144711	UNCONDITIONAL_JUMP	0
0x00144709	0x0010a588	UNCONDITIONAL_CALL	0
0x00144717	0x00144700	CONDITIONAL_JUMP	0
0x0014471d	0xStack[0x8]	READ	1
0x00144722	0x00141f44	UNCONDITIONAL_CALL	0
0x0014472a	0x00141f1c	UNCONDITIONAL_CALL	0
0x00144731	0xStack[-0xc]	DATA	0
0x00144741	0xStack[0x4]	READ	1
0x00144744	0xStack[0x8]	READ	1
0x0014474b	0x00144758	CONDITIONAL_JUMP	0
0x00144752	0x001447e1	UNCONDITIONAL_JUMP	0
0x00144762	0x0014477c	CONDITIONAL_JUMP	0
0x00144772	0x0010a384	UNCONDITIONAL_CALL	0
0x00144777	0x00144787	UNCONDITIONAL_JUMP	0
0x00144782	0x00143e24	UNCONDITIONAL_CALL	0
0x00144792	0x001447df	CONDITIONAL_JUMP	0
0x0014479a	0x001e9790	DATA	0
0x0014479f	0x00160844	UNCONDITIONAL_CALL	0
0x001447a8	0x001447b3	CONDITIONAL_JUMP	0
0x001447aa	0x001e9790	READ	1
0x001447b7	0x001447c2	CONDITIONAL_JUMP	0
0x001447b9	0x001e9790	READ	1
0x001447c6	0x001447db	CONDITIONAL_JUMP	0
0x001447cf	0x001e9790	READ	1
0x001447e1	0xStack[-0xc]	DATA	0
0x001447f0	0xStack[0x4]	READ	1
0x001447f7	0x00141eec	UNCONDITIONAL_CALL	0
0x001447fd	0x001429dc	UNCONDITIONAL_CALL	0
0x00144803	0x00141f1c	UNCONDITIONAL_CALL	0
0x0014480a	0xStack[-0x8]	READ	1
0x00144817	0xStack[0x4]	READ	1
0x0014481e	0x00140da0	UNCONDITIONAL_CALL	0
0x00144835	0xStack[0x4]	READ	1
0x00144838	0xStack[0xc]	READ	1
0x0014483e	0xStack[-0x8]	DATA	0
0x00144842	0xStack[0x8]	READ	1
0x00144847	0x0013de34	UNCONDITIONAL_CALL	0
0x0014484c	0xStack[-0xc]	WRITE	0
0x00144858	0x001448a8	CONDITIONAL_JUMP	0
0x00144860	0x001e9790	DATA	0
0x00144865	0x00160844	UNCONDITIONAL_CALL	0
0x00144871	0x0014487c	CONDITIONAL_JUMP	0
0x00144873	0x001e9790	READ	1
0x00144880	0x0014488b	CONDITIONAL_JUMP	0
0x00144882	0x001e9790	READ	1
0x0014488f	0x001448a4	CONDITIONAL_JUMP	0
0x00144898	0x001e9790	READ	1
0x001448a8	0xStack[-0xc]	READ	0
0x001448ac	0x00144961	CONDITIONAL_JUMP	0
0x001448b2	0xStack[-0x8]	READ	1
0x001448c6	0x001448d5	CONDITIONAL_JUMP	0
0x001448c8	0x001de50c	READ	0
0x001448cf	0x001448d5	CONDITIONAL_JUMP	0
0x001448db	0x0014492b	CONDITIONAL_JUMP	0
0x001448e3	0x001e9790	DATA	0
0x001448e8	0x00160844	UNCONDITIONAL_CALL	0
0x001448f4	0x001448ff	CONDITIONAL_JUMP	0
0x001448f6	0x001e9790	READ	1
0x00144903	0x0014490e	CONDITIONAL_JUMP	0
0x00144905	0x001e9790	READ	1
0x00144912	0x00144927	CONDITIONAL_JUMP	0
0x0014491b	0x001e9790	READ	1
0x0014492c	0x00141f1c	UNCONDITIONAL_CALL	0
0x0014493f	0x00144949	CONDITIONAL_JUMP	0
0x00144947	0x00144961	CONDITIONAL_JUMP	0
0x00144950	0x00139648	UNCONDITIONAL_CALL	0
0x0014495a	0x0011df54	UNCONDITIONAL_CALL	0
0x00144961	0xStack[-0xc]	READ	1
0x00144964	0xStack[-0x18]	DATA	0
0x00144979	0xStack[0x4]	READ	1
0x0014497c	0xStack[0xc]	READ	1
0x00144982	0x00144990	CONDITIONAL_JUMP	0
0x00144989	0x00144b5a	UNCONDITIONAL_JUMP	0
0x00144990	0xStack[-0x8]	WRITE	0
0x0014499a	0xStack[0x1c]	READ	1
0x001449a2	0x001449aa	CONDITIONAL_JUMP	0
0x001449aa	0xStack[-0x8]	DATA	0
0x001449b5	0xStack[0x8]	READ	1
0x001449ba	0x0013e19c	UNCONDITIONAL_CALL	0
0x001449ca	0x00144a1a	CONDITIONAL_JUMP	0
0x001449d2	0x001e9790	DATA	0
0x001449d7	0x00160844	UNCONDITIONAL_CALL	0
0x001449e3	0x001449ee	CONDITIONAL_JUMP	0
0x001449e5	0x001e9790	READ	1
0x001449f2	0x001449fd	CONDITIONAL_JUMP	0
0x001449f4	0x001e9790	READ	1
0x00144a01	0x00144a16	CONDITIONAL_JUMP	0
0x00144a0a	0x001e9790	READ	1
0x00144a1a	0xStack[-0x8]	READ	1
0x00144a20	0x00144a8f	CONDITIONAL_JUMP	0
0x00144a22	0xStack[0x10]	READ	0
0x00144a26	0x00144a5e	CONDITIONAL_JUMP	0
0x00144a34	0x00144a44	CONDITIONAL_JUMP	0
0x00144a36	0xStack[0x14]	READ	0
0x00144a3a	0x00144a44	CONDITIONAL_JUMP	0
0x00144a41	0x00144a62	UNCONDITIONAL_JUMP	0
0x00144a44	0xStack[0x14]	READ	0
0x00144a48	0x00144a5c	CONDITIONAL_JUMP	0
0x00144a4a	0xStack[0x14]	READ	1
0x00144a4f	0x00141f44	UNCONDITIONAL_CALL	0
0x00144a59	0x00144a5e	UNCONDITIONAL_JUMP	0
0x00144a60	0x00144a70	CONDITIONAL_JUMP	0
0x00144a63	0x00140bf0	UNCONDITIONAL_CALL	0
0x00144a6b	0x00144a8f	UNCONDITIONAL_JUMP	0
0x00144a7c	0x00144a8f	CONDITIONAL_JUMP	0
0x00144a82	0x00144a8f	CONDITIONAL_JUMP	0
0x00144a87	0x00141014	UNCONDITIONAL_CALL	0
0x00144a91	0x00144b58	CONDITIONAL_JUMP	0
0x00144a9a	0xStack[0x18]	READ	1
0x00144aa5	0x00144af5	CONDITIONAL_JUMP	0
0x00144aad	0x001e9790	DATA	0
0x00144ab2	0x00160844	UNCONDITIONAL_CALL	0
0x00144abe	0x00144ac9	CONDITIONAL_JUMP	0
0x00144ac0	0x001e9790	READ	1
0x00144acd	0x00144ad8	CONDITIONAL_JUMP	0
0x00144acf	0x001e9790	READ	1
0x00144adc	0x00144af1	CONDITIONAL_JUMP	0
0x00144ae5	0x001e9790	READ	1
0x00144af6	0x00141f1c	UNCONDITIONAL_CALL	0
0x00144afb	0xStack[0x18]	READ	1
0x00144b03	0xStack[-0xc]	WRITE	0
0x00144b11	0x00144b1d	CONDITIONAL_JUMP	0
0x00144b1b	0x00144b41	CONDITIONAL_JUMP	0
0x00144b1d	0xStack[-0xc]	READ	1
0x00144b27	0x00139648	UNCONDITIONAL_CALL	0
0x00144b2e	0xStack[0x18]	READ	1
0x00144b34	0x0011df54	UNCONDITIONAL_CALL	0
0x00144b39	0xStack[0x18]	READ	1
0x00144b43	0x00144b58	CONDITIONAL_JUMP	0
0x00144b45	0xStack[0x18]	READ	1
0x00144b4d	0xStack[0x1c]	READ	1
0x00144b5a	0xStack[-0x18]	DATA	0
0x00144b69	0xStack[0x4]	READ	1
0x00144b73	0xStack[0x8]	READ	1
0x00144b78	0x0013f1a4	UNCONDITIONAL_CALL	0
0x00144b88	0x00144bd5	CONDITIONAL_JUMP	0
0x00144b90	0x001e9790	DATA	0
0x00144b95	0x00160844	UNCONDITIONAL_CALL	0
0x00144b9e	0x00144ba9	CONDITIONAL_JUMP	0
0x00144ba0	0x001e9790	READ	1
0x00144bad	0x00144bb8	CONDITIONAL_JUMP	0
0x00144baf	0x001e9790	READ	1
0x00144bbc	0x00144bd1	CONDITIONAL_JUMP	0
0x00144bc5	0x001e9790	READ	1
0x00144bd7	0xStack[-0xc]	DATA	0
0x00144be9	0xStack[0x4]	READ	1
0x00144bec	0xStack[0x8]	READ	1
0x00144bf2	0xStack[-0x8]	DATA	0
0x00144c01	0x00144c06	CONDITIONAL_JUMP	0
0x00144c03	0xStack[-0x8]	READ	1
0x00144c09	0x001e8758	READ	1
0x00144c14	0x00144c30	CONDITIONAL_JUMP	0
0x00144c22	0x00144c54	CONDITIONAL_JUMP	0
0x00144c29	0x00144d2c	UNCONDITIONAL_JUMP	0
0x00144c3c	0x00144c54	CONDITIONAL_JUMP	0
0x00144c3e	0x00108310	UNCONDITIONAL_CALL	0
0x00144c45	0x00144c54	CONDITIONAL_JUMP	0
0x00144c4c	0x00144d2c	UNCONDITIONAL_JUMP	0
0x00144c5d	0xStack[0xc]	READ	1
0x00144c65	0x0013e19c	UNCONDITIONAL_CALL	0
0x00144c75	0x00144cc5	CONDITIONAL_JUMP	0
0x00144c7d	0x001e9790	DATA	0
0x00144c82	0x00160844	UNCONDITIONAL_CALL	0
0x00144c8e	0x00144c99	CONDITIONAL_JUMP	0
0x00144c90	0x001e9790	READ	1
0x00144c9d	0x00144ca8	CONDITIONAL_JUMP	0
0x00144c9f	0x001e9790	READ	1
0x00144cac	0x00144cc1	CONDITIONAL_JUMP	0
0x00144cb5	0x001e9790	READ	1
0x00144cce	0x00144d2a	CONDITIONAL_JUMP	0
0x00144cd6	0x001e9790	DATA	0
0x00144cdb	0x00160844	UNCONDITIONAL_CALL	0
0x00144ce7	0x00144cf2	CONDITIONAL_JUMP	0
0x00144ce9	0x001e9790	READ	1
0x00144cf9	0x00144d04	CONDITIONAL_JUMP	0
0x00144cfb	0x001e9790	READ	1
0x00144d0b	0x00144d23	CONDITIONAL_JUMP	0
0x00144d17	0x001e9790	READ	1
0x00144d2c	0xStack[-0x14]	DATA	0
0x00144d41	0xStack[0xc]	READ	1
0x00144d44	0xStack[0x4]	READ	1
0x00144d4d	0xStack[-0xc]	WRITE	0
0x00144d56	0x00141f44	UNCONDITIONAL_CALL	0
0x00144d62	0x00144efe	CONDITIONAL_JUMP	0
0x00144d68	0xStack[-0x8]	DATA	0
0x00144d6c	0xStack[0x8]	READ	1
0x00144d71	0x0013de34	UNCONDITIONAL_CALL	0
0x00144d7d	0x00144efe	CONDITIONAL_JUMP	0
0x00144d83	0xStack[-0x8]	READ	1
0x00144d87	0x00141f1c	UNCONDITIONAL_CALL	0
0x00144d93	0x00144dbc	CONDITIONAL_JUMP	0
0x00144d95	0x001e8758	READ	1
0x00144da4	0x00144dbc	CONDITIONAL_JUMP	0
0x00144daa	0x00144dbc	CONDITIONAL_JUMP	0
0x00144dac	0xStack[-0x8]	READ	1
0x00144db3	0x00144dbc	CONDITIONAL_JUMP	0
0x00144dba	0x00144e38	UNCONDITIONAL_JUMP	0
0x00144dbc	0xStack[0x8]	READ	1
0x00144dbf	0x001de51f	DATA	1
0x00144dcc	0x001de51f	READ	0
0x00144dcc	0x001de520	READ	0
0x00144dce	0x00144deb	CONDITIONAL_JUMP	0
0x00144dd0	0xStack[0x8]	READ	1
0x00144dd3	0x001de521	DATA	1
0x00144de0	0x001de521	READ	0
0x00144de0	0x001de522	READ	0
0x00144de2	0x00144deb	CONDITIONAL_JUMP	0
0x00144de4	0xStack[-0x8]	READ	1
0x00144de9	0x00144df4	CONDITIONAL_JUMP	0
0x00144df0	0x00144e38	UNCONDITIONAL_JUMP	0
0x00144dfc	0xStack[0x10]	READ	1
0x00144e00	0xStack[-0xc]	READ	1
0x00144e04	0x0013e19c	UNCONDITIONAL_CALL	0
0x00144e10	0x00144e1c	CONDITIONAL_JUMP	0
0x00144e15	0x00144e38	CONDITIONAL_JUMP	0
0x00144e17	0x00144e36	UNCONDITIONAL_JUMP	0
0x00144e1e	0xStack[-0x8]	READ	1
0x00144e22	0xStack[0x8]	READ	1
0x00144e27	0x0013f1a4	UNCONDITIONAL_CALL	0
0x00144e34	0x00144e38	CONDITIONAL_JUMP	0
0x00144e3e	0x00144e8e	CONDITIONAL_JUMP	0
0x00144e46	0x001e9790	DATA	0
0x00144e4b	0x00160844	UNCONDITIONAL_CALL	0
0x00144e57	0x00144e62	CONDITIONAL_JUMP	0
0x00144e59	0x001e9790	READ	1
0x00144e66	0x00144e71	CONDITIONAL_JUMP	0
0x00144e68	0x001e9790	READ	1
0x00144e75	0x00144e8a	CONDITIONAL_JUMP	0
0x00144e7e	0x001e9790	READ	1
0x00144e8e	0xStack[-0xc]	READ	1
0x00144e97	0x00144ef3	CONDITIONAL_JUMP	0
0x00144e9f	0x001e9790	DATA	0
0x00144ea4	0x00160844	UNCONDITIONAL_CALL	0
0x00144eac	0xStack[-0xc]	READ	1
0x00144eb3	0x00144ebe	CONDITIONAL_JUMP	0
0x00144eb5	0x001e9790	READ	1
0x00144ebe	0xStack[-0xc]	READ	1
0x00144ec5	0x00144ed0	CONDITIONAL_JUMP	0
0x00144ec7	0x001e9790	READ	1
0x00144ed0	0xStack[-0xc]	READ	1
0x00144ed7	0x00144eec	CONDITIONAL_JUMP	0
0x00144ee0	0x001e9790	READ	1
0x00144eec	0xStack[-0xc]	READ	1
0x00144ef3	0xStack[-0x8]	READ	1
0x00144ef7	0x00140c90	UNCONDITIONAL_CALL	0
0x00144efe	0xStack[-0x18]	DATA	0
0x00144f11	0xStack[0x4]	READ	1
0x00144f14	0xStack[0x10]	READ	1
0x00144f1a	0xStack[-0x8]	DATA	0
0x00144f1e	0xStack[0xc]	READ	1
0x00144f28	0xStack[0x8]	READ	1
0x00144f2d	0x0013e19c	UNCONDITIONAL_CALL	0
0x00144f3d	0x00144f8d	CONDITIONAL_JUMP	0
0x00144f45	0x001e9790	DATA	0
0x00144f4a	0x00160844	UNCONDITIONAL_CALL	0
0x00144f56	0x00144f61	CONDITIONAL_JUMP	0
0x00144f58	0x001e9790	READ	1
0x00144f65	0x00144f70	CONDITIONAL_JUMP	0
0x00144f67	0x001e9790	READ	1
0x00144f74	0x00144f89	CONDITIONAL_JUMP	0
0x00144f7d	0x001e9790	READ	1
0x00144f8f	0x00144ff8	CONDITIONAL_JUMP	0
0x00144f91	0xStack[-0x8]	READ	1
0x00144f9f	0x00144fef	CONDITIONAL_JUMP	0
0x00144fa7	0x001e9790	DATA	0
0x00144fac	0x00160844	UNCONDITIONAL_CALL	0
0x00144fb8	0x00144fc3	CONDITIONAL_JUMP	0
0x00144fba	0x001e9790	READ	1
0x00144fc7	0x00144fd2	CONDITIONAL_JUMP	0
0x00144fc9	0x001e9790	READ	1
0x00144fd6	0x00144feb	CONDITIONAL_JUMP	0
0x00144fdf	0x001e9790	READ	1
0x00144ff0	0x00141f1c	UNCONDITIONAL_CALL	0
0x00144ff5	0x00145006	UNCONDITIONAL_JUMP	0
0x00144ffb	0x00145006	CONDITIONAL_JUMP	0
0x00144ffd	0xStack[-0x8]	READ	1
0x00145001	0x00140bf0	UNCONDITIONAL_CALL	0
0x00145008	0xStack[-0x14]	DATA	0
0x00145019	0xStack[0x4]	READ	1
0x00145023	0xStack[0x8]	READ	1
0x00145028	0x0013f1a4	UNCONDITIONAL_CALL	0
0x00145038	0x00145085	CONDITIONAL_JUMP	0
0x00145040	0x001e9790	DATA	0
0x00145045	0x00160844	UNCONDITIONAL_CALL	0
0x0014504e	0x00145059	CONDITIONAL_JUMP	0
0x00145050	0x001e9790	READ	1
0x0014505d	0x00145068	CONDITIONAL_JUMP	0
0x0014505f	0x001e9790	READ	1
0x0014506c	0x00145081	CONDITIONAL_JUMP	0
0x00145075	0x001e9790	READ	1
0x00145087	0xStack[-0xc]	DATA	0
0x00145096	0xStack[0x4]	READ	1
0x00145099	0xStack[0x8]	READ	1
0x001450a8	0x001450bb	CONDITIONAL_JUMP	0
0x001450b0	0x001450bb	CONDITIONAL_JUMP	0
0x001450b9	0x001450c4	CONDITIONAL_JUMP	0
0x001450c0	0x0014513a	UNCONDITIONAL_JUMP	0
0x001450db	0x00143e24	UNCONDITIONAL_CALL	0
0x001450eb	0x00145138	CONDITIONAL_JUMP	0
0x001450f3	0x001e9790	DATA	0
0x001450f8	0x00160844	UNCONDITIONAL_CALL	0
0x00145101	0x0014510c	CONDITIONAL_JUMP	0
0x00145103	0x001e9790	READ	1
0x00145110	0x0014511b	CONDITIONAL_JUMP	0
0x00145112	0x001e9790	READ	1
0x0014511f	0x00145134	CONDITIONAL_JUMP	0
0x00145128	0x001e9790	READ	1
0x0014513a	0xStack[-0x10]	DATA	0
0x0014514d	0xStack[0x4]	READ	1
0x00145150	0xStack[0xc]	READ	1
0x00145153	0xStack[-0x8]	WRITE	0
0x00145166	0xStack[-0x8]	DATA	0
0x00145171	0xStack[0x8]	READ	1
0x00145179	0x0013e19c	UNCONDITIONAL_CALL	0
0x00145185	0x001451f8	CONDITIONAL_JUMP	0
0x00145189	0xStack[0x10]	READ	1
0x0014519e	0x001451d8	CONDITIONAL_JUMP	0
0x001451a0	0x001de524	READ	0
0x001451a7	0x001451d8	CONDITIONAL_JUMP	0
0x001451aa	0xStack[-0x8]	READ	1
0x001451b3	0xStack[0x10]	READ	1
0x001451b7	0x001013cc	UNCONDITIONAL_CALL	0
0x001451bc	0xStack[-0x8]	READ	1
0x001451d6	0x001451fd	UNCONDITIONAL_JUMP	0
0x001451df	0xStack[0x10]	READ	1
0x001451e3	0xStack[-0x8]	READ	1
0x001451e9	0x0014527c	UNCONDITIONAL_CALL	0
0x001451f3	0x001451fd	UNCONDITIONAL_JUMP	0
0x001451fb	0x00145209	CONDITIONAL_JUMP	0
0x001451fd	0xStack[-0x8]	READ	1
0x00145201	0x00140bf0	UNCONDITIONAL_CALL	0
0x00145212	0x0014526e	CONDITIONAL_JUMP	0
0x0014521a	0x001e9790	DATA	0
0x0014521f	0x00160844	UNCONDITIONAL_CALL	0
0x0014522b	0x00145236	CONDITIONAL_JUMP	0
0x0014522d	0x001e9790	READ	1
0x0014523d	0x00145248	CONDITIONAL_JUMP	0
0x0014523f	0x001e9790	READ	1
0x0014524f	0x00145267	CONDITIONAL_JUMP	0
0x0014525b	0x001e9790	READ	1
0x00145270	0xStack[-0x14]	DATA	0
0x00145285	0xStack[0x8]	READ	1
0x00145288	0xStack[0x10]	READ	1
0x0014528b	0xStack[0xc]	READ	1
0x0014528e	0xStack[-0x24]	WRITE	0
0x00145291	0xStack[-0x20]	WRITE	0
0x00145294	0xStack[-0x24]	DATA	0
0x00145297	0xStack[-0x1c]	WRITE	0
0x0014529a	0xStack[-0x18]	WRITE	0
0x001452a1	0xStack[0x14]	READ	1
0x001452a4	0xStack[-0x14]	WRITE	0
0x001452a7	0xStack[0x18]	READ	1
0x001452aa	0xStack[-0x10]	WRITE	0
0x001452ad	0xStack[-0x8]	WRITE	0
0x001452b3	0xStack[-0x1c]	DATA	0
0x001452b6	0xStack[0x4]	READ	0
0x001452ba	0x001452cd	CONDITIONAL_JUMP	0
0x001452c2	0x001452cd	CONDITIONAL_JUMP	0
0x001452c5	0x0017e104	UNCONDITIONAL_CALL	0
0x001452dc	0x00145308	CONDITIONAL_JUMP	0
0x001452e3	0x001452f9	UNCONDITIONAL_JUMP	0
0x001452f1	0x0010a588	UNCONDITIONAL_CALL	0
0x001452ff	0x001452e8	CONDITIONAL_JUMP	0
0x00145305	0x0014530a	UNCONDITIONAL_JUMP	0
0x0014530c	0xStack[0x4]	READ	1
0x00145312	0x00143e24	UNCONDITIONAL_CALL	0
0x00145322	0x00145372	CONDITIONAL_JUMP	0
0x0014532a	0x001e9790	DATA	0
0x0014532f	0x00160844	UNCONDITIONAL_CALL	0
0x0014533b	0x00145346	CONDITIONAL_JUMP	0
0x0014533d	0x001e9790	READ	1
0x0014534a	0x00145355	CONDITIONAL_JUMP	0
0x0014534c	0x001e9790	READ	1
0x00145359	0x0014536e	CONDITIONAL_JUMP	0
0x00145362	0x001e9790	READ	1
0x00145374	0x00145393	CONDITIONAL_JUMP	0
0x00145385	0x00145393	CONDITIONAL_JUMP	0
0x0014538e	0x0010ab38	UNCONDITIONAL_CALL	0
0x00145395	0xStack[0x1c]	READ	0
0x00145399	0x001453a8	CONDITIONAL_JUMP	0
0x0014539b	0xStack[-0x8]	READ	1
0x0014539e	0xStack[0x1c]	READ	1
0x001453a3	0x001453b3	UNCONDITIONAL_JUMP	0
0x001453a8	0xStack[-0x8]	READ	0
0x001453ac	0x001453b3	CONDITIONAL_JUMP	0
0x001453b3	0xStack[-0x30]	DATA	0
0x001453c5	0xStack[0x4]	READ	1
0x001453c8	0xStack[0xc]	READ	1
0x001453cb	0xStack[0x10]	READ	1
0x001453d3	0x001453da	CONDITIONAL_JUMP	0
0x001453dc	0x001453fc	CONDITIONAL_JUMP	0
0x001453e4	0xStack[0x8]	READ	1
0x001453e9	0x0013d830	UNCONDITIONAL_CALL	0
0x001453fe	0xStack[-0xc]	DATA	0
0x0014540e	0xStack[0x4]	READ	1
0x00145414	0xStack[0x8]	READ	0
0x00145418	0x0014542d	CONDITIONAL_JUMP	0
0x0014541a	0xStack[0x8]	READ	1
0x0014542b	0x00145438	CONDITIONAL_JUMP	0
0x00145433	0x00145448	UNCONDITIONAL_JUMP	0
0x0014544e	0xStack[0x8]	READ	1
0x00145453	0x0013d830	UNCONDITIONAL_CALL	0
0x00145467	0x00145488	CONDITIONAL_JUMP	0
0x0014546a	0x0011a558	UNCONDITIONAL_CALL	0
0x00145479	0x00101618	UNCONDITIONAL_CALL	0
0x00145485	0x001454c1	UNCONDITIONAL_JUMP	0
0x0014548c	0xStack[0x8]	READ	0
0x0014548f	0x001454b4	CONDITIONAL_JUMP	0
0x00145491	0x001ef2e4	READ	1
0x00145498	0x001ef2e0	READ	1
0x001454a5	0x00119c10	UNCONDITIONAL_CALL	0
0x001454af	0x001454c4	UNCONDITIONAL_JUMP	0
0x001454ba	0x00119b8c	UNCONDITIONAL_CALL	0
0x001454c4	0xStack[0x8]	READ	1
0x001454ce	0x001e9790	DATA	0
0x001454d3	0x00160844	UNCONDITIONAL_CALL	0
0x001454df	0x001454ea	CONDITIONAL_JUMP	0
0x001454e1	0x001e9790	READ	1
0x001454ee	0x001454f9	CONDITIONAL_JUMP	0
0x001454f0	0x001e9790	READ	1
0x001454fd	0x00145512	CONDITIONAL_JUMP	0
0x00145506	0x001e9790	READ	1
0x00145515	0x00145524	CONDITIONAL_JUMP	0
0x00145518	0x0011a288	UNCONDITIONAL_CALL	0
0x00145522	0x0014552b	UNCONDITIONAL_JUMP	0
0x00145524	0xStack[0xc]	READ	1
0x0014552b	0xStack[-0x10]	DATA	0
0x0014553b	0xStack[0x8]	READ	1
0x00145549	0x0011a288	UNCONDITIONAL_CALL	0
0x00145557	0xStack[0x8]	READ	1
0x0014555a	0xStack[0x4]	READ	0
0x0014557b	0x001de528	DATA	0
0x00145580	0x0010ca6c	UNCONDITIONAL_CALL	0
0x0014558f	0xStack[0xc]	READ	1
0x00145593	0xStack[0x8]	READ	1
0x00145597	0xStack[0x4]	READ	1
0x0014559b	0x00142008	UNCONDITIONAL_CALL	0
0x001455aa	0xStack[0x4]	READ	1
0x001455ad	0xStack[0x8]	READ	1
0x001455b2	0x0015a75c	UNCONDITIONAL_CALL	0
0x001455bc	0x00101600	UNCONDITIONAL_CALL	0
0x001455df	0xStack[-0x10]	DATA	0
0x001455f5	0xStack[0x4]	READ	1
0x0014560f	0x00145704	CONDITIONAL_JUMP	0
0x0014561f	0xStack[-0x34]	WRITE	0
0x00145628	0xStack[-0x28]	WRITE	0
0x0014562b	0xStack[-0x24]	WRITE	0
0x0014562e	0xStack[-0x28]	DATA	0
0x00145631	0xStack[-0x20]	WRITE	0
0x00145634	0xStack[-0x1c]	WRITE	0
0x0014563b	0xStack[-0x18]	WRITE	0
0x0014563e	0xStack[-0x14]	WRITE	0
0x00145645	0xStack[-0xc]	WRITE	0
0x00145648	0xStack[-0x20]	DATA	0
0x0014564b	0xStack[-0x34]	READ	1
0x0014565d	0x00145688	CONDITIONAL_JUMP	0
0x0014565f	0xStack[-0x2c]	WRITE	0
0x00145666	0x00145679	UNCONDITIONAL_JUMP	0
0x00145671	0x0010a588	UNCONDITIONAL_CALL	0
0x0014567f	0x00145668	CONDITIONAL_JUMP	0
0x00145685	0x0014568f	UNCONDITIONAL_JUMP	0
0x00145688	0xStack[-0x2c]	WRITE	0
0x00145695	0x00143e24	UNCONDITIONAL_CALL	0
0x001456a5	0x001456f5	CONDITIONAL_JUMP	0
0x001456ad	0x001e9790	DATA	0
0x001456b2	0x00160844	UNCONDITIONAL_CALL	0
0x001456be	0x001456c9	CONDITIONAL_JUMP	0
0x001456c0	0x001e9790	READ	1
0x001456cd	0x001456d8	CONDITIONAL_JUMP	0
0x001456cf	0x001e9790	READ	1
0x001456dc	0x001456f1	CONDITIONAL_JUMP	0
0x001456e5	0x001e9790	READ	1
0x001456f5	0xStack[-0x2c]	READ	0
0x001456f9	0x0014581b	CONDITIONAL_JUMP	0
0x001456ff	0x001457fb	UNCONDITIONAL_JUMP	0
0x00145714	0xStack[-0x28]	WRITE	0
0x00145717	0xStack[-0x24]	WRITE	0
0x0014571a	0xStack[-0x28]	DATA	0
0x0014571d	0xStack[-0x20]	WRITE	0
0x00145720	0xStack[-0x1c]	WRITE	0
0x00145727	0xStack[-0x18]	WRITE	0
0x0014572a	0xStack[-0x14]	WRITE	0
0x00145731	0xStack[-0xc]	WRITE	0
0x00145737	0xStack[-0x20]	DATA	0
0x00145740	0x0014574b	CONDITIONAL_JUMP	0
0x00145743	0x0017e104	UNCONDITIONAL_CALL	0
0x0014575a	0x00145788	CONDITIONAL_JUMP	0
0x0014575c	0xStack[-0x30]	WRITE	0
0x00145763	0x00145779	UNCONDITIONAL_JUMP	0
0x00145771	0x0010a588	UNCONDITIONAL_CALL	0
0x0014577f	0x00145768	CONDITIONAL_JUMP	0
0x00145785	0x0014578f	UNCONDITIONAL_JUMP	0
0x00145788	0xStack[-0x30]	WRITE	0
0x00145795	0x00143e24	UNCONDITIONAL_CALL	0
0x001457a5	0x001457f5	CONDITIONAL_JUMP	0
0x001457ad	0x001e9790	DATA	0
0x001457b2	0x00160844	UNCONDITIONAL_CALL	0
0x001457be	0x001457c9	CONDITIONAL_JUMP	0
0x001457c0	0x001e9790	READ	1
0x001457cd	0x001457d8	CONDITIONAL_JUMP	0
0x001457cf	0x001e9790	READ	1
0x001457dc	0x001457f1	CONDITIONAL_JUMP	0
0x001457e5	0x001e9790	READ	1
0x001457f5	0xStack[-0x30]	READ	0
0x001457f9	0x0014581b	CONDITIONAL_JUMP	0
0x0014580a	0x0014581b	CONDITIONAL_JUMP	0
0x00145813	0x0010ab38	UNCONDITIONAL_CALL	0
0x0014581b	0xStack[-0xc]	READ	1
0x0014581e	0xStack[-0x8]	WRITE	0
0x00145825	0xStack[-0x8]	READ	1
0x00145830	0x00145835	CONDITIONAL_JUMP	0
0x00145836	0x0011aad4	UNCONDITIONAL_CALL	0
0x0014583b	0xStack[-0x40]	DATA	0
0x00145851	0xStack[0x4]	READ	1
0x00145857	0x0014586d	UNCONDITIONAL_JUMP	0
0x00145865	0x0010a588	UNCONDITIONAL_CALL	0
0x00145873	0x0014585c	CONDITIONAL_JUMP	0
0x00145879	0xStack[-0xc]	WRITE	0
0x00145883	0xStack[-0x10]	WRITE	0
0x00145889	0xStack[-0x14]	WRITE	0
0x0014588f	0xStack[-0x20]	WRITE	0
0x00145892	0x001e0d0c	READ	1
0x00145898	0xStack[-0x24]	WRITE	0
0x0014589b	0xStack[0xc]	READ	1
0x001458a3	0x001458b4	CONDITIONAL_JUMP	0
0x001458a5	0xStack[0x8]	READ	1
0x001458a9	0x0017b99c	UNCONDITIONAL_CALL	0
0x001458b4	0xStack[-0x14]	READ	1
0x001458ba	0xStack[0xc]	READ	1
0x001458c1	0xStack[-0x18]	WRITE	0
0x001458c4	0xStack[-0x14]	READ	1
0x001458cc	0xStack[0xc]	READ	1
0x001458cf	0xStack[-0x28]	WRITE	0
0x001458d2	0xStack[-0x20]	READ	1
0x001458d5	0xStack[-0x28]	READ	1
0x001458d8	0xStack[-0x24]	READ	1
0x001458dd	0x001458e1	CONDITIONAL_JUMP	0
0x001458e6	0xStack[0xc]	READ	1
0x001458e9	0xStack[0xc]	READ	0
0x001458ec	0x00145908	CONDITIONAL_JUMP	0
0x001458ee	0xStack[-0xc]	READ	0
0x001458f2	0x00145b93	CONDITIONAL_JUMP	0
0x00145905	0x00145983	UNCONDITIONAL_JUMP	0
0x0014590a	0x0014590e	CONDITIONAL_JUMP	0
0x0014590e	0x001e875c	READ	1
0x00145917	0xStack[-0x30]	WRITE	0
0x00145920	0xStack[-0x28]	READ	1
0x00145928	0xStack[-0x18]	READ	1
0x0014592d	0x0013d830	UNCONDITIONAL_CALL	0
0x00145932	0xStack[-0x14]	READ	1
0x0014593c	0xStack[-0x1c]	WRITE	0
0x0014593f	0x001e875c	READ	1
0x00145948	0xStack[-0x30]	READ	1
0x00145953	0x00145970	CONDITIONAL_JUMP	0
0x00145955	0xStack[0x4]	READ	1
0x0014595e	0x001de532	DATA	0
0x00145963	0x0010c0d8	UNCONDITIONAL_CALL	0
0x00145968	0x00145b21	UNCONDITIONAL_JUMP	0
0x00145970	0xStack[-0x1c]	READ	0
0x00145974	0x001459a0	CONDITIONAL_JUMP	0
0x00145985	0x00145993	CONDITIONAL_JUMP	0
0x0014598e	0x0010ab38	UNCONDITIONAL_CALL	0
0x00145998	0x00145bb2	UNCONDITIONAL_JUMP	0
0x001459a0	0xStack[-0x18]	READ	0
0x001459a4	0x001459bb	CONDITIONAL_JUMP	0
0x001459a6	0xStack[-0x18]	READ	1
0x001459aa	0xStack[-0x14]	READ	1
0x001459b9	0x001459c4	CONDITIONAL_JUMP	0
0x001459bb	0xStack[-0x14]	READ	1
0x001459c1	0x001459d7	UNCONDITIONAL_JUMP	0
0x001459c4	0xStack[-0x14]	READ	1
0x001459d7	0x001e0d0c	READ	0
0x001459dd	0x00145a9c	CONDITIONAL_JUMP	0
0x001459e3	0xStack[-0xc]	READ	0
0x001459e7	0x00145a9c	CONDITIONAL_JUMP	0
0x001459ed	0xStack[-0x28]	READ	0
0x001459f1	0x00145a9c	CONDITIONAL_JUMP	0
0x001459fb	0xStack[-0x18]	READ	0
0x001459fe	0x00145a14	CONDITIONAL_JUMP	0
0x00145a00	0x001ef2e0	WRITE	0
0x00145a0a	0x001ef2e4	WRITE	0
0x00145a14	0xStack[-0x8]	WRITE	0
0x00145a1b	0xStack[-0x8]	DATA	0
0x00145a1f	0x001ef2e4	READ	1
0x00145a26	0x001ef2e0	READ	1
0x00145a2f	0xStack[-0x1c]	READ	1
0x00145a33	0xStack[0x8]	READ	1
0x00145a37	0xStack[-0x10]	READ	1
0x00145a3b	0x00119e00	UNCONDITIONAL_CALL	0
0x00145a40	0xStack[-0x18]	READ	1
0x00145a49	0xStack[-0x8]	READ	1
0x00145a4e	0x00145a8c	CONDITIONAL_JUMP	0
0x00145a50	0xStack[0x4]	READ	1
0x00145a67	0x00145a78	CONDITIONAL_JUMP	0
0x00145a70	0x0010ab38	UNCONDITIONAL_CALL	0
0x00145a78	0x001de553	DATA	0
0x00145a7d	0x0010c0d8	UNCONDITIONAL_CALL	0
0x00145a87	0x00145bb2	UNCONDITIONAL_JUMP	0
0x00145a8e	0x00145b7c	CONDITIONAL_JUMP	0
0x00145a96	0x00145b7c	UNCONDITIONAL_JUMP	0
0x00145aa0	0xStack[-0x18]	READ	0
0x00145aa3	0x00145acc	CONDITIONAL_JUMP	0
0x00145aa5	0x001ef2e4	READ	1
0x00145aac	0x001ef2e0	READ	1
0x00145ab4	0xStack[-0x1c]	READ	1
0x00145ab8	0xStack[-0x10]	READ	1
0x00145abc	0xStack[-0x2c]	WRITE	0
0x00145abf	0x00119c10	UNCONDITIONAL_CALL	0
0x00145ac4	0xStack[-0x30]	WRITE	0
0x00145aca	0x00145ae3	UNCONDITIONAL_JUMP	0
0x00145acd	0xStack[-0x1c]	READ	1
0x00145ad1	0xStack[-0x10]	READ	1
0x00145ad5	0xStack[-0x2c]	WRITE	0
0x00145ad8	0x00119b8c	UNCONDITIONAL_CALL	0
0x00145add	0xStack[-0x30]	WRITE	0
0x00145ae3	0xStack[-0x2c]	READ	1
0x00145ae6	0xStack[-0x18]	READ	1
0x00145aee	0xStack[-0x30]	READ	1
0x00145af6	0x00145afa	CONDITIONAL_JUMP	0
0x00145afa	0xStack[-0x30]	READ	1
0x00145b00	0x00145b48	CONDITIONAL_JUMP	0
0x00145b02	0xStack[0x4]	READ	1
0x00145b0e	0xStack[-0x30]	READ	1
0x00145b12	0x0011a288	UNCONDITIONAL_CALL	0
0x00145b17	0x001de575	DATA	0
0x00145b1c	0x0010c0d8	UNCONDITIONAL_CALL	0
0x00145b33	0x00145b41	CONDITIONAL_JUMP	0
0x00145b3c	0x0010ab38	UNCONDITIONAL_CALL	0
0x00145b46	0x00145bb2	UNCONDITIONAL_JUMP	0
0x00145b49	0xStack[-0xc]	READ	1
0x00145b4c	0xStack[0x8]	READ	1
0x00145b53	0xStack[-0x28]	READ	1
0x00145b56	0xStack[-0x30]	READ	1
0x00145b5d	0x00191460	UNCONDITIONAL_CALL	0
0x00145b65	0xStack[-0x20]	READ	0
0x00145b68	0x00145b70	CONDITIONAL_JUMP	0
0x00145b70	0xStack[-0x30]	READ	1
0x00145b74	0x0011a288	UNCONDITIONAL_CALL	0
0x00145b7c	0xStack[-0x24]	READ_WRITE	0
0x00145b7f	0xStack[-0xc]	READ_WRITE	0
0x00145b82	0xStack[0xc]	READ_WRITE	0
0x00145b85	0xStack[-0x24]	READ	0
0x00145b89	0x00145b93	CONDITIONAL_JUMP	0
0x00145b8d	0x001458b4	CONDITIONAL_JUMP	0
0x00145ba2	0x00145bb0	CONDITIONAL_JUMP	0
0x00145bab	0x0010ab38	UNCONDITIONAL_CALL	0
0x00145bb2	0xStack[-0x3c]	DATA	0
0x00145bc5	0xStack[0x4]	READ	1
0x00145bcb	0x00145be1	UNCONDITIONAL_JUMP	0
0x00145bd9	0x0010a588	UNCONDITIONAL_CALL	0
0x00145be7	0x00145bd0	CONDITIONAL_JUMP	0
0x00145bed	0xStack[-0x8]	WRITE	0
0x00145bf7	0xStack[-0xc]	WRITE	0
0x00145bfd	0xStack[-0x10]	WRITE	0
0x00145c03	0xStack[-0x18]	WRITE	0
0x00145c08	0xStack[-0x10]	READ	1
0x00145c0e	0xStack[0x10]	READ	1
0x00145c15	0xStack[-0x10]	READ	1
0x00145c1d	0xStack[0x10]	READ	1
0x00145c20	0xStack[-0x1c]	WRITE	0
0x00145c23	0xStack[-0x18]	READ	1
0x00145c26	0xStack[-0x1c]	READ	1
0x00145c29	0xStack[0xc]	READ	1
0x00145c2c	0xStack[-0x20]	WRITE	0
0x00145c31	0x00145c36	CONDITIONAL_JUMP	0
0x00145c33	0xStack[-0x20]	WRITE	0
0x00145c36	0x001e875c	READ	1
0x00145c45	0xStack[-0x1c]	READ	1
0x00145c48	0xStack[-0x20]	READ	1
0x00145c50	0x0013d830	UNCONDITIONAL_CALL	0
0x00145c55	0xStack[-0x10]	READ	1
0x00145c5f	0xStack[-0x14]	WRITE	0
0x00145c62	0x001e875c	READ	1
0x00145c73	0x00145c7b	CONDITIONAL_JUMP	0
0x00145c75	0xStack[-0x14]	READ	0
0x00145c79	0x00145c94	CONDITIONAL_JUMP	0
0x00145c7b	0xStack[0x4]	READ	1
0x00145c84	0x001de591	DATA	0
0x00145c89	0x0010c0d8	UNCONDITIONAL_CALL	0
0x00145c8e	0x00145d31	UNCONDITIONAL_JUMP	0
0x00145c94	0xStack[0x10]	READ	1
0x00145c97	0xStack[-0x20]	READ	1
0x00145c9d	0x00145ca2	CONDITIONAL_JUMP	0
0x00145ca5	0x00145cbb	CONDITIONAL_JUMP	0
0x00145caa	0xStack[-0x10]	READ	1
0x00145cb9	0x00145cc4	CONDITIONAL_JUMP	0
0x00145cbb	0xStack[-0x10]	READ	1
0x00145cc1	0x00145cd7	UNCONDITIONAL_JUMP	0
0x00145cc4	0xStack[-0x10]	READ	1
0x00145cd7	0xStack[-0x18]	READ	1
0x00145cda	0xStack[-0x20]	READ	0
0x00145cdd	0x00145cf0	CONDITIONAL_JUMP	0
0x00145ce0	0xStack[-0x14]	READ	1
0x00145ce4	0xStack[-0xc]	READ	1
0x00145ce8	0x0011a3e8	UNCONDITIONAL_CALL	0
0x00145ced	0x00145cfe	UNCONDITIONAL_JUMP	0
0x00145cf1	0xStack[-0x14]	READ	1
0x00145cf5	0xStack[-0xc]	READ	1
0x00145cf9	0x00119b8c	UNCONDITIONAL_CALL	0
0x00145d08	0xStack[-0x20]	READ	0
0x00145d0b	0x00145d10	CONDITIONAL_JUMP	0
0x00145d0d	0xStack[-0x20]	WRITE	0
0x00145d13	0x00145d5c	CONDITIONAL_JUMP	0
0x00145d15	0xStack[0x4]	READ	1
0x00145d22	0x0011a288	UNCONDITIONAL_CALL	0
0x00145d27	0x001de5b3	DATA	0
0x00145d2c	0x0010c0d8	UNCONDITIONAL_CALL	0
0x00145d43	0x00145d51	CONDITIONAL_JUMP	0
0x00145d4c	0x0010ab38	UNCONDITIONAL_CALL	0
0x00145d56	0x00145e22	UNCONDITIONAL_JUMP	0
0x00145d5c	0xStack[-0x20]	READ	1
0x00145d60	0xStack[-0x1c]	READ	1
0x00145d67	0xStack[0x8]	READ	1
0x00145d6a	0xStack[-0x8]	READ	1
0x00145d6e	0x00191478	UNCONDITIONAL_CALL	0
0x00145d73	0xStack[-0x20]	READ	1
0x00145d76	0xStack[0xc]	READ_WRITE	0
0x00145d79	0xStack[-0x8]	READ_WRITE	0
0x00145d7c	0xStack[0x10]	READ_WRITE	0
0x00145d81	0xStack[-0x1c]	READ	1
0x00145d87	0xStack[-0x18]	READ	0
0x00145d8a	0x00145d9c	CONDITIONAL_JUMP	0
0x00145d93	0x0011a208	UNCONDITIONAL_CALL	0
0x00145d98	0x00145da2	UNCONDITIONAL_JUMP	0
0x00145d9d	0x0011a1e0	UNCONDITIONAL_CALL	0
0x00145daf	0x001e9790	DATA	0
0x00145db4	0x00160844	UNCONDITIONAL_CALL	0
0x00145dc0	0x00145dcb	CONDITIONAL_JUMP	0
0x00145dc2	0x001e9790	READ	1
0x00145dcf	0x00145dda	CONDITIONAL_JUMP	0
0x00145dd1	0x001e9790	READ	1
0x00145dde	0x00145df3	CONDITIONAL_JUMP	0
0x00145de7	0x001e9790	READ	1
0x00145df3	0xStack[0xc]	READ	0
0x00145df7	0x00145e03	CONDITIONAL_JUMP	0
0x00145df9	0xStack[-0x20]	READ	0
0x00145dfd	0x00145c08	CONDITIONAL_JUMP	0
0x00145e12	0x00145e20	CONDITIONAL_JUMP	0
0x00145e1b	0x0010ab38	UNCONDITIONAL_CALL	0
0x00145e22	0xStack[-0x2c]	DATA	0
0x00145e2f	0xStack[0x4]	READ	1
0x00145e32	0xStack[0x8]	READ	1
0x00145e4b	0xStack[0x8]	READ	1
0x00145e4e	0xStack[-0xc]	DATA	0
0x00145e52	0xStack[-0x8]	DATA	0
0x00145e57	0xStack[0x4]	READ	1
0x00145e5e	0x0015144c	UNCONDITIONAL_CALL	0
0x00145e6a	0xStack[-0x8]	READ	1
0x00145e70	0x00145e79	CONDITIONAL_JUMP	0
0x00145e77	0x00145e87	CONDITIONAL_JUMP	0
0x00145e79	0xStack[-0xc]	READ	1
0x00145e7e	0x00145e8c	CONDITIONAL_JUMP	0
0x00145e85	0x00145e8c	CONDITIONAL_JUMP	0
0x00145e8e	0xStack[-0x10]	READ	1
0x00145e9e	0xStack[0x4]	READ	1
0x00145ea1	0xStack[0x8]	READ	1
0x00145eac	0x00145ee4	CONDITIONAL_JUMP	0
0x00145ec7	0x00145ed8	CONDITIONAL_JUMP	0
0x00145ecf	0x00145eea	CONDITIONAL_JUMP	0
0x00145ed3	0x00145ef6	UNCONDITIONAL_JUMP	0
0x00145ed8	0x001f0000	DATA	1
0x00145ede	0x00145ef6	CONDITIONAL_JUMP	0
0x00145ee0	0x00145ed1	UNCONDITIONAL_JUMP	0
0x00145ee8	0x00145ed1	CONDITIONAL_JUMP	0
0x00145eef	0x00150a48	UNCONDITIONAL_CALL	0
0x00145ef8	0xStack[-0x10]	DATA	0
0x00145f0a	0xStack[0x4]	READ	1
0x00145f0d	0xStack[0x8]	READ	1
0x00145f10	0xStack[0xc]	READ	1
0x00145f1b	0x00145f4c	CONDITIONAL_JUMP	0
0x00145f49	0x00145f51	UNCONDITIONAL_JUMP	0
0x00145f51	0xStack[-0x10]	DATA	0
0x00145f62	0xStack[0x4]	READ	1
0x00145f65	0xStack[0xc]	READ	1
0x00145f70	0x00145f6e	CONDITIONAL_JUMP	0
0x00145f7e	0x00145f6c	CONDITIONAL_JUMP	0
0x00145f84	0x00145f94	CONDITIONAL_JUMP	0
0x00145f90	0x00145fdd	UNCONDITIONAL_JUMP	0
0x00145f9c	0x00145fd0	CONDITIONAL_JUMP	0
0x00145fc4	0xStack[0x8]	READ	1
0x00145fcd	0x00145fdd	UNCONDITIONAL_JUMP	0
0x00145fd1	0x001464ac	UNCONDITIONAL_CALL	0
0x00145fdb	0x00145f80	CONDITIONAL_JUMP	0
0x00145fdd	0xStack[-0x10]	DATA	0
0x00145ff1	0xStack[0x8]	READ	1
0x00145ff7	0xStack[-0x1c]	WRITE	0
0x00145ffa	0xStack[0x8]	READ	1
0x00146000	0xStack[-0x10]	WRITE	0
0x00146005	0xStack[0x4]	READ	1
0x00146010	0x0014600e	CONDITIONAL_JUMP	0
0x0014601e	0x0014600c	CONDITIONAL_JUMP	0
0x00146020	0xStack[0x4]	READ	1
0x00146027	0x0014604c	CONDITIONAL_JUMP	0
0x00146030	0x0014603f	CONDITIONAL_JUMP	0
0x00146033	0x001f621c	READ	1
0x0014603a	0x0016b84c	UNCONDITIONAL_CALL	0
0x00146044	0x00146278	UNCONDITIONAL_JUMP	0
0x0014604c	0xStack[-0x1c]	READ	0
0x00146050	0x001460dc	CONDITIONAL_JUMP	0
0x00146056	0xStack[-0x1c]	READ	1
0x00146059	0xStack[0x4]	READ	1
0x0014605f	0x001460dc	CONDITIONAL_JUMP	0
0x0014606b	0xStack[-0x18]	WRITE	0
0x00146070	0x001f0000	DATA	1
0x00146075	0x0014609c	CONDITIONAL_JUMP	0
0x0014607c	0xStack[-0x10]	READ	0
0x0014607f	0x001460dc	CONDITIONAL_JUMP	0
0x00146081	0xStack[-0x18]	READ	1
0x00146084	0xStack[0xc]	READ	1
0x0014608b	0x00146112	CONDITIONAL_JUMP	0
0x00146092	0x001f621c	READ	1
0x00146099	0x0014610d	UNCONDITIONAL_JUMP	0
0x001460a1	0xStack[-0x1c]	READ	0
0x001460a4	0x001460b6	CONDITIONAL_JUMP	0
0x001460b1	0xStack[-0x1c]	READ	0
0x001460b4	0x001460a8	CONDITIONAL_JUMP	0
0x001460c4	0xStack[-0x10]	READ	1
0x001460c7	0xStack[-0x18]	READ	1
0x001460d3	0xStack[0xc]	READ	1
0x001460d8	0x00146101	UNCONDITIONAL_JUMP	0
0x001460dc	0xStack[0x4]	READ	1
0x001460e3	0x0014611c	CONDITIONAL_JUMP	0
0x001460e5	0xStack[0x8]	READ	1
0x001460e9	0xStack[0x4]	READ	1
0x001460f0	0x00150a48	UNCONDITIONAL_CALL	0
0x001460fa	0x0014611c	CONDITIONAL_JUMP	0
0x001460fc	0xStack[0xc]	READ	1
0x00146103	0x00146112	CONDITIONAL_JUMP	0
0x00146106	0x001f621c	READ	1
0x0014610d	0x0016b84c	UNCONDITIONAL_CALL	0
0x00146114	0x00146278	UNCONDITIONAL_JUMP	0
0x0014611c	0xStack[0x4]	READ	1
0x00146125	0xStack[-0x1c]	READ	0
0x00146128	0x00146174	CONDITIONAL_JUMP	0
0x0014612c	0xStack[-0x1c]	READ	0
0x0014612f	0x00146174	CONDITIONAL_JUMP	0
0x00146141	0x00146174	CONDITIONAL_JUMP	0
0x00146144	0x001464ac	UNCONDITIONAL_CALL	0
0x0014614e	0x00146020	CONDITIONAL_JUMP	0
0x00146156	0x00146278	CONDITIONAL_JUMP	0
0x0014615d	0x001f621c	READ	1
0x00146164	0xStack[-0x14]	WRITE	0
0x00146167	0x0016b84c	UNCONDITIONAL_CALL	0
0x0014616c	0xStack[-0x14]	READ	1
0x0014616f	0x00146278	UNCONDITIONAL_JUMP	0
0x00146176	0x00146228	CONDITIONAL_JUMP	0
0x0014617c	0xStack[0x4]	READ	1
0x00146182	0xStack[-0x1c]	READ	1
0x00146188	0x0014619c	CONDITIONAL_JUMP	0
0x00146199	0x001461f2	UNCONDITIONAL_JUMP	0
0x0014619c	0xStack[-0x1c]	READ	1
0x001461a1	0x001461f2	CONDITIONAL_JUMP	0
0x001461a3	0xStack[-0xc]	DATA	0
0x001461a7	0xStack[-0x8]	DATA	0
0x001461ab	0xStack[0x8]	READ	1
0x001461af	0xStack[0x4]	READ	1
0x001461b6	0x0015144c	UNCONDITIONAL_CALL	0
0x001461bb	0xStack[0x8]	READ	1
0x001461c3	0xStack[-0x8]	READ	1
0x001461cc	0x001461d5	CONDITIONAL_JUMP	0
0x001461d3	0x001461e3	CONDITIONAL_JUMP	0
0x001461d5	0xStack[-0xc]	READ	1
0x001461da	0x001461e8	CONDITIONAL_JUMP	0
0x001461e1	0x001461e8	CONDITIONAL_JUMP	0
0x001461ea	0x001461f2	CONDITIONAL_JUMP	0
0x001461ec	0xStack[0x4]	READ	1
0x001461f3	0xStack[0x8]	READ	1
0x001461f7	0xStack[0x4]	READ	1
0x001461fe	0x00150bac	UNCONDITIONAL_CALL	0
0x00146217	0xStack[0x4]	READ	1
0x0014621d	0xStack[0xc]	READ	1
0x00146224	0x00146278	UNCONDITIONAL_JUMP	0
0x00146228	0xStack[0x4]	READ	1
0x0014622e	0xStack[-0x18]	WRITE	0
0x00146233	0xStack[0x4]	READ	1
0x00146239	0x001f621c	READ	1
0x00146240	0x0016b790	UNCONDITIONAL_CALL	0
0x0014624c	0x00146258	CONDITIONAL_JUMP	0
0x00146253	0x00146278	UNCONDITIONAL_JUMP	0
0x00146258	0xStack[-0x18]	READ	1
0x00146260	0x0014625e	CONDITIONAL_JUMP	0
0x0014626e	0x0014625c	CONDITIONAL_JUMP	0
0x00146270	0x00146020	UNCONDITIONAL_JUMP	0
0x00146278	0xStack[-0x28]	DATA	0
0x0014628d	0xStack[0xc]	READ	1
0x00146290	0xStack[0x8]	READ	1
0x00146296	0xStack[-0x5c]	WRITE	0
0x00146299	0xStack[0x4]	READ	1
0x001462a2	0xStack[-0x40]	WRITE	0
0x001462a5	0xStack[-0x5c]	READ	0
0x001462a8	0x001463d8	CONDITIONAL_JUMP	0
0x001462ae	0xStack[-0x5c]	READ	1
0x001462b8	0x001463d8	CONDITIONAL_JUMP	0
0x001462c5	0x001463c0	CONDITIONAL_JUMP	0
0x001462cb	0xStack[-0x34]	DATA	0
0x001462ce	0xStack[-0x44]	WRITE	0
0x001462d2	0xStack[-0x5c]	READ	1
0x001462da	0xStack[0x4]	READ	1
0x001462e0	0xStack[-0x48]	WRITE	0
0x001462e4	0x00151060	UNCONDITIONAL_CALL	0
0x001462e9	0xStack[-0x1c]	DATA	0
0x001462ec	0xStack[-0x4c]	WRITE	0
0x001462f0	0xStack[-0x5c]	READ	1
0x001462f7	0xStack[-0x44]	READ	1
0x001462fb	0x00151060	UNCONDITIONAL_CALL	0
0x00146300	0xStack[-0x3c]	DATA	0
0x00146303	0xStack[-0x50]	WRITE	0
0x00146307	0xStack[-0x38]	DATA	0
0x0014630a	0xStack[-0x54]	WRITE	0
0x0014630e	0xStack[-0x44]	READ	1
0x00146312	0x00150a1c	UNCONDITIONAL_CALL	0
0x00146317	0xStack[-0x3c]	READ	1
0x0014631c	0xStack[-0x38]	READ	1
0x0014631f	0xStack[-0x58]	WRITE	0
0x00146337	0x001f0000	DATA	1
0x00146346	0x00146369	CONDITIONAL_JUMP	0
0x00146349	0xStack[-0x58]	READ	1
0x0014634e	0xStack[0x4]	READ	1
0x00146352	0x00146ae8	UNCONDITIONAL_CALL	0
0x00146358	0xStack[-0x5c]	READ	1
0x0014635d	0xStack[0x4]	READ	1
0x00146361	0x00146bc8	UNCONDITIONAL_CALL	0
0x00146369	0xStack[-0x3c]	READ	1
0x0014636d	0xStack[-0x38]	READ	1
0x00146371	0xStack[-0x44]	READ	1
0x00146375	0x00150d74	UNCONDITIONAL_CALL	0
0x0014637a	0xStack[0x4]	READ	1
0x00146380	0xStack[-0x50]	READ	1
0x00146384	0xStack[-0x54]	READ	1
0x00146388	0xStack[-0x44]	READ	1
0x0014638c	0x00150a1c	UNCONDITIONAL_CALL	0
0x00146396	0x001463ab	CONDITIONAL_JUMP	0
0x0014639f	0xStack[-0x48]	READ	1
0x001463a3	0x0015126c	UNCONDITIONAL_CALL	0
0x001463ab	0xStack[-0x4c]	READ	1
0x001463af	0xStack[-0x48]	READ	1
0x001463b3	0x0015126c	UNCONDITIONAL_CALL	0
0x001463b8	0x0014649f	UNCONDITIONAL_JUMP	0
0x001463cd	0xStack[-0x5c]	READ	1
0x001463d3	0x0014649f	UNCONDITIONAL_JUMP	0
0x001463d9	0xStack[0x8]	READ	1
0x001463dd	0xStack[0x4]	READ	1
0x001463e4	0x00150d74	UNCONDITIONAL_CALL	0
0x001463e9	0xStack[0x4]	READ	1
0x001463f2	0xStack[-0x40]	READ	1
0x001463f5	0xStack[-0x5c]	READ	0
0x001463f8	0x0014644c	CONDITIONAL_JUMP	0
0x001463fa	0xStack[-0x5c]	READ	1
0x00146402	0xStack[-0x34]	DATA	0
0x00146406	0xStack[-0x30]	DATA	0
0x0014640a	0xStack[0x8]	READ	1
0x0014640f	0x0015144c	UNCONDITIONAL_CALL	0
0x00146414	0xStack[0x8]	READ	1
0x0014641c	0xStack[-0x30]	READ	1
0x00146422	0x0014642b	CONDITIONAL_JUMP	0
0x00146429	0x00146439	CONDITIONAL_JUMP	0
0x0014642b	0xStack[-0x34]	READ	1
0x00146430	0x0014643e	CONDITIONAL_JUMP	0
0x00146437	0x0014643e	CONDITIONAL_JUMP	0
0x00146440	0x0014649f	CONDITIONAL_JUMP	0
0x00146448	0x0014649f	UNCONDITIONAL_JUMP	0
0x0014644c	0xStack[0x4]	READ	1
0x00146452	0xStack[-0x5c]	READ	1
0x00146457	0x0014649f	CONDITIONAL_JUMP	0
0x00146459	0xStack[-0x34]	DATA	0
0x0014645d	0xStack[-0x30]	DATA	0
0x00146461	0xStack[0x8]	READ	1
0x00146466	0x0015144c	UNCONDITIONAL_CALL	0
0x0014646b	0xStack[0x8]	READ	1
0x00146473	0xStack[-0x30]	READ	1
0x00146479	0x00146482	CONDITIONAL_JUMP	0
0x00146480	0x00146490	CONDITIONAL_JUMP	0
0x00146482	0xStack[-0x34]	READ	1
0x00146487	0x00146495	CONDITIONAL_JUMP	0
0x0014648e	0x00146495	CONDITIONAL_JUMP	0
0x00146497	0x0014649f	CONDITIONAL_JUMP	0
0x00146499	0xStack[0x4]	READ	1
0x0014649f	0xStack[-0x68]	DATA	0
0x001464b5	0xStack[-0x4c]	DATA	0
0x001464b8	0xStack[-0x70]	WRITE	0
0x001464bb	0xStack[-0x34]	DATA	0
0x001464be	0xStack[-0x74]	WRITE	0
0x001464c4	0xStack[0x4]	READ	1
0x001464cb	0x00146508	CONDITIONAL_JUMP	0
0x001464d0	0x00162f20	UNCONDITIONAL_CALL	0
0x001464df	0x00163a18	UNCONDITIONAL_CALL	0
0x001464e4	0xStack[0x4]	READ	1
0x001464f0	0x001464ee	CONDITIONAL_JUMP	0
0x001464fe	0x001464ec	CONDITIONAL_JUMP	0
0x00146502	0x001468f9	UNCONDITIONAL_JUMP	0
0x00146508	0xStack[0x4]	READ	1
0x0014650e	0xStack[-0x5c]	WRITE	0
0x00146511	0xStack[0x4]	READ	1
0x00146519	0xStack[-0x54]	WRITE	0
0x0014651f	0xStack[-0x64]	WRITE	0
0x00146525	0xStack[-0x50]	WRITE	0
0x0014652b	0xStack[-0x68]	WRITE	0
0x00146531	0xStack[-0x58]	WRITE	0
0x00146534	0xStack[-0x54]	READ	1
0x00146537	0xStack[-0x50]	READ	0
0x0014653a	0x00146550	CONDITIONAL_JUMP	0
0x0014653e	0xStack[0x4]	READ	1
0x00146549	0x001468f9	UNCONDITIONAL_JUMP	0
0x00146550	0xStack[0x4]	READ	1
0x00146565	0x001e0d0c	READ	0
0x0014656b	0x00146588	CONDITIONAL_JUMP	0
0x00146573	0xStack[-0x5c]	READ	1
0x00146578	0x00151b84	UNCONDITIONAL_CALL	0
0x0014657d	0xStack[-0x60]	WRITE	0
0x00146583	0x00146599	UNCONDITIONAL_JUMP	0
0x0014658e	0x00151b44	UNCONDITIONAL_CALL	0
0x00146593	0xStack[-0x60]	WRITE	0
0x00146599	0xStack[0x4]	READ	1
0x001465a4	0x001465a2	CONDITIONAL_JUMP	0
0x001465b2	0x001465a0	CONDITIONAL_JUMP	0
0x001465b4	0xStack[0x4]	READ	1
0x001465be	0xStack[-0x60]	READ	0
0x001465c2	0x001465e0	CONDITIONAL_JUMP	0
0x001465ce	0x001631a0	UNCONDITIONAL_CALL	0
0x001465d8	0x001468f9	UNCONDITIONAL_JUMP	0
0x001465e0	0xStack[0x4]	READ	1
0x001465e7	0x0014662c	CONDITIONAL_JUMP	0
0x001465f3	0x001631a0	UNCONDITIONAL_CALL	0
0x001465f8	0xStack[-0x60]	READ	1
0x00146602	0x00151bb8	UNCONDITIONAL_CALL	0
0x00146607	0xStack[0x4]	READ	1
0x00146614	0x00146612	CONDITIONAL_JUMP	0
0x00146622	0x00146610	CONDITIONAL_JUMP	0
0x00146624	0x00146500	UNCONDITIONAL_JUMP	0
0x0014662c	0xStack[-0x60]	READ	1
0x0014662f	0xStack[0x4]	READ	1
0x00146635	0xStack[-0x54]	READ	1
0x0014663b	0xStack[-0x68]	READ	1
0x00146641	0xStack[-0x64]	READ	1
0x00146649	0x001e0d0c	READ	0
0x0014664f	0x00146668	CONDITIONAL_JUMP	0
0x00146651	0xStack[-0x50]	READ	1
0x00146658	0xStack[-0x60]	READ	1
0x0014665c	0xStack[-0x5c]	READ	1
0x00146660	0x001013cc	UNCONDITIONAL_CALL	0
0x0014666a	0xStack[-0x50]	READ	0
0x0014666d	0x00146688	CONDITIONAL_JUMP	0
0x00146674	0xStack[-0x60]	READ	1
0x00146683	0xStack[-0x50]	READ	0
0x00146686	0x00146674	CONDITIONAL_JUMP	0
0x00146688	0xStack[-0x54]	READ	1
0x0014668b	0xStack[-0x50]	READ	1
0x00146692	0xStack[-0x50]	READ	1
0x00146698	0xStack[-0x60]	READ	1
0x0014669c	0x00101600	UNCONDITIONAL_CALL	0
0x001466a6	0xStack[-0x50]	READ	0
0x001466a9	0x001466df	CONDITIONAL_JUMP	0
0x001466ab	0xStack[-0x60]	READ	1
0x001466b2	0x001f0000	DATA	1
0x001466bc	0x001466d6	CONDITIONAL_JUMP	0
0x001466c4	0xStack[0x4]	READ	1
0x001466c8	0xStack[-0x80]	WRITE	0
0x001466cb	0x00146bc8	UNCONDITIONAL_CALL	0
0x001466d3	0xStack[-0x80]	READ	1
0x001466da	0xStack[-0x50]	READ	0
0x001466dd	0x001466b0	CONDITIONAL_JUMP	0
0x001466df	0xStack[0x4]	READ	1
0x001466e6	0x0014684a	CONDITIONAL_JUMP	0
0x001466ec	0xStack[-0x70]	READ	1
0x001466f0	0xStack[-0x58]	READ	1
0x001466f7	0xStack[0x4]	READ	1
0x001466fe	0x00151060	UNCONDITIONAL_CALL	0
0x00146703	0xStack[-0x74]	READ	1
0x00146707	0xStack[-0x54]	READ	1
0x0014670f	0x00151060	UNCONDITIONAL_CALL	0
0x00146714	0xStack[-0x1c]	DATA	0
0x00146718	0xStack[-0x50]	READ	1
0x00146720	0x00151060	UNCONDITIONAL_CALL	0
0x00146729	0x00151618	UNCONDITIONAL_CALL	0
0x00146735	0x001467d7	CONDITIONAL_JUMP	0
0x0014673f	0xStack[-0x78]	WRITE	0
0x00146745	0xStack[-0x7c]	WRITE	0
0x00146748	0xStack[-0x78]	READ	1
0x0014674e	0xStack[-0x6c]	WRITE	0
0x00146756	0xStack[-0x60]	READ	1
0x0014675f	0x00146770	CONDITIONAL_JUMP	0
0x0014676b	0x001467c0	UNCONDITIONAL_JUMP	0
0x00146774	0x001f0000	DATA	1
0x00146779	0xStack[-0x7c]	READ	1
0x0014678f	0x001467b5	CONDITIONAL_JUMP	0
0x00146792	0xStack[-0x78]	READ	1
0x00146797	0xStack[0x4]	READ	1
0x0014679b	0xStack[-0x80]	WRITE	0
0x0014679e	0x00146ae8	UNCONDITIONAL_CALL	0
0x001467a4	0xStack[-0x6c]	READ	1
0x001467a8	0xStack[-0x80]	READ	1
0x001467ad	0x00146bc8	UNCONDITIONAL_CALL	0
0x001467b5	0xStack[0x4]	READ	1
0x001467c1	0xStack[-0x74]	READ	1
0x001467c5	0x00151670	UNCONDITIONAL_CALL	0
0x001467d1	0x0014673c	CONDITIONAL_JUMP	0
0x001467d7	0xStack[-0x74]	READ	1
0x001467db	0x00151910	UNCONDITIONAL_CALL	0
0x001467e2	0xStack[-0x6c]	WRITE	0
0x001467e9	0xStack[-0x70]	READ	1
0x001467ed	0x00151618	UNCONDITIONAL_CALL	0
0x001467f2	0x0014680e	UNCONDITIONAL_JUMP	0
0x001467fa	0xStack[-0x6c]	READ	0
0x001467fd	0x00146803	CONDITIONAL_JUMP	0
0x00146800	0xStack[-0x6c]	WRITE	0
0x00146805	0xStack[-0x70]	READ	1
0x00146809	0x00151670	UNCONDITIONAL_CALL	0
0x00146815	0x001467f4	CONDITIONAL_JUMP	0
0x00146817	0xStack[-0x70]	READ	1
0x0014681b	0x00151910	UNCONDITIONAL_CALL	0
0x00146820	0xStack[0x4]	READ	1
0x00146827	0xStack[0x4]	READ	1
0x0014682e	0x0015126c	UNCONDITIONAL_CALL	0
0x00146833	0xStack[-0x74]	READ	1
0x00146838	0x0015126c	UNCONDITIONAL_CALL	0
0x0014683d	0xStack[-0x1c]	DATA	0
0x00146842	0x0015126c	UNCONDITIONAL_CALL	0
0x0014684a	0xStack[-0x60]	READ	1
0x00146850	0xStack[-0x54]	READ	1
0x00146854	0xStack[-0x50]	READ	0
0x00146857	0x00146879	CONDITIONAL_JUMP	0
0x00146863	0x00146870	CONDITIONAL_JUMP	0
0x00146874	0xStack[-0x50]	READ	0
0x00146877	0x00146860	CONDITIONAL_JUMP	0
0x00146879	0xStack[-0x60]	READ	1
0x00146881	0xStack[0x4]	READ	1
0x0014688c	0x001631a0	UNCONDITIONAL_CALL	0
0x00146891	0xStack[-0x5c]	READ	1
0x00146895	0xStack[-0x64]	READ	1
0x0014689e	0x00151bb8	UNCONDITIONAL_CALL	0
0x001468a3	0xStack[0x4]	READ	1
0x001468b0	0x001468ae	CONDITIONAL_JUMP	0
0x001468be	0x001468ac	CONDITIONAL_JUMP	0
0x001468c0	0xStack[0x4]	READ	1
0x001468c7	0x00146500	CONDITIONAL_JUMP	0
0x001468cd	0xStack[-0x68]	READ	1
0x001468d3	0x00146500	CONDITIONAL_JUMP	0
0x001468d9	0xStack[0x4]	READ	1
0x001468e1	0x001468f7	CONDITIONAL_JUMP	0
0x001468e3	0xStack[-0x58]	READ	1
0x001468e6	0xStack[-0x54]	READ	1
0x001468f1	0x001464c4	CONDITIONAL_JUMP	0
0x001468f9	0xStack[-0x8c]	DATA	0
0x0014690e	0xStack[0x4]	READ	1
0x00146911	0xStack[0x10]	READ	1
0x00146917	0xStack[0xc]	READ	1
0x0014691b	0xStack[0x8]	READ	1
0x00146920	0x00146b54	UNCONDITIONAL_CALL	0
0x0014692a	0x00146945	CONDITIONAL_JUMP	0
0x00146930	0x0014694a	CONDITIONAL_JUMP	0
0x00146933	0xStack[0xc]	READ	1
0x00146937	0xStack[0x8]	READ	1
0x0014693c	0x001469e8	UNCONDITIONAL_CALL	0
0x00146943	0x0014694a	CONDITIONAL_JUMP	0
0x0014694c	0xStack[-0x10]	DATA	0
0x0014695e	0xStack[0x4]	READ	1
0x00146961	0xStack[0x8]	READ	1
0x00146964	0xStack[0xc]	READ	1
0x00146967	0xStack[0x10]	READ	1
0x00146972	0x0014698c	CONDITIONAL_JUMP	0
0x0014697e	0x0014698c	CONDITIONAL_JUMP	0
0x00146984	0x00146bc8	UNCONDITIONAL_CALL	0
0x00146989	0x00146995	UNCONDITIONAL_JUMP	0
0x00146990	0x00146a98	UNCONDITIONAL_CALL	0
0x00146995	0xStack[-0x10]	DATA	0
0x001469a6	0xStack[0x4]	READ	1
0x001469a9	0xStack[0x8]	READ	1
0x001469ac	0xStack[0xc]	READ	1
0x001469af	0xStack[0x10]	READ	1
0x001469ba	0x001469d4	CONDITIONAL_JUMP	0
0x001469c6	0x001469d4	CONDITIONAL_JUMP	0
0x001469cc	0x00146c0c	UNCONDITIONAL_CALL	0
0x001469d1	0x001469dd	UNCONDITIONAL_JUMP	0
0x001469d8	0x00146ae8	UNCONDITIONAL_CALL	0
0x001469dd	0xStack[-0x10]	DATA	0
0x001469ee	0xStack[0x4]	READ	1
0x001469f6	0xStack[0x8]	READ	1
0x001469fe	0x001f6220	READ	1
0x00146a04	0x001f6228	READ	1
0x00146a14	0x00146a12	CONDITIONAL_JUMP	0
0x00146a22	0x00146a10	CONDITIONAL_JUMP	0
0x00146a29	0x00146a7f	CONDITIONAL_JUMP	0
0x00146a2b	0xStack[0x8]	READ	1
0x00146a31	0x00146a75	CONDITIONAL_JUMP	0
0x00146a36	0x00146a75	CONDITIONAL_JUMP	0
0x00146a3b	0xStack[0xc]	READ	1
0x00146a40	0xStack[0x10]	READ	1
0x00146a45	0x00146a7f	UNCONDITIONAL_JUMP	0
0x00146a59	0xStack[0xc]	READ	1
0x00146a5e	0xStack[0x10]	READ	1
0x00146a63	0x00146a7f	UNCONDITIONAL_JUMP	0
0x00146a68	0xStack[0x8]	READ	1
0x00146a6e	0x00146a75	CONDITIONAL_JUMP	0
0x00146a73	0x00146a48	CONDITIONAL_JUMP	0
0x00146a7d	0x00146a68	CONDITIONAL_JUMP	0
0x00146a8d	0xStack[-0x10]	DATA	0
0x00146a9c	0xStack[0x4]	READ	1
0x00146a9f	0xStack[0x8]	READ	1
0x00146aa2	0xStack[0x10]	READ	1
0x00146ab0	0x001f6220	READ	1
0x00146ab6	0x001f6228	READ	1
0x00146ac4	0x00146ac2	CONDITIONAL_JUMP	0
0x00146ad2	0x00146ac0	CONDITIONAL_JUMP	0
0x00146ae1	0xStack[-0x8]	READ	1
0x00146aec	0xStack[0x4]	READ	1
0x00146aef	0xStack[0x8]	READ	1
0x00146af2	0xStack[0x10]	READ	1
0x00146b00	0x001f6220	READ	1
0x00146b06	0x001f6228	READ	1
0x00146b14	0x00146b12	CONDITIONAL_JUMP	0
0x00146b22	0x00146b10	CONDITIONAL_JUMP	0
0x00146b2c	0x00146b46	CONDITIONAL_JUMP	0
0x00146b32	0x00146b3c	CONDITIONAL_JUMP	0
0x00146b39	0x00146b46	UNCONDITIONAL_JUMP	0
0x00146b44	0x00146b30	CONDITIONAL_JUMP	0
0x00146b4a	0xStack[-0x8]	READ	1
0x00146b5d	0xStack[0x4]	READ	1
0x00146b66	0xStack[0x8]	READ	1
0x00146b72	0x00146bab	UNCONDITIONAL_JUMP	0
0x00146b74	0xStack[-0x8]	READ	1
0x00146b7d	0xStack[0x8]	READ	1
0x00146b83	0x00146ba4	CONDITIONAL_JUMP	0
0x00146b85	0xStack[-0x8]	READ	1
0x00146b91	0xStack[0xc]	READ	1
0x00146b96	0xStack[0x10]	READ	1
0x00146ba0	0x00146bbd	UNCONDITIONAL_JUMP	0
0x00146ba7	0x00146bab	CONDITIONAL_JUMP	0
0x00146bb4	0xStack[-0x8]	WRITE	0
0x00146bb9	0x00146b74	CONDITIONAL_JUMP	0
0x00146bbd	0xStack[-0x14]	DATA	0
0x00146bcd	0xStack[0x4]	READ	1
0x00146bd6	0xStack[0x8]	READ	1
0x00146be0	0x00146beb	UNCONDITIONAL_JUMP	0
0x00146be7	0x00146beb	CONDITIONAL_JUMP	0
0x00146bf5	0x00146be4	CONDITIONAL_JUMP	0
0x00146bfc	0xStack[0xc]	READ	1
0x00146c03	0xStack[-0xc]	DATA	0
0x00146c15	0xStack[0x4]	READ	1
0x00146c18	0xStack[0xc]	READ	1
0x00146c1e	0xStack[-0x8]	WRITE	0
0x00146c24	0xStack[0x8]	READ	1
0x00146c30	0x00146c3b	UNCONDITIONAL_JUMP	0
0x00146c37	0x00146c3b	CONDITIONAL_JUMP	0
0x00146c40	0xStack[-0x8]	READ	1
0x00146c47	0x00146c34	CONDITIONAL_JUMP	0
0x00146c4d	0x00146ca4	CONDITIONAL_JUMP	0
0x00146c53	0x00146c57	CONDITIONAL_JUMP	0
0x00146c5c	0xStack[-0x8]	READ	1
0x00146c65	0x00146c92	CONDITIONAL_JUMP	0
0x00146c77	0xStack[-0xc]	WRITE	0
0x00146c7c	0x00146c88	CONDITIONAL_JUMP	0
0x00146c80	0x00146c50	CONDITIONAL_JUMP	0
0x00146c84	0x00146c92	CONDITIONAL_JUMP	0
0x00146c86	0x00146c50	UNCONDITIONAL_JUMP	0
0x00146c88	0xStack[-0xc]	READ	0
0x00146c8b	0x00146c92	CONDITIONAL_JUMP	0
0x00146c8d	0xStack[-0xc]	READ	0
0x00146c90	0x00146c50	CONDITIONAL_JUMP	0
0x00146c97	0xStack[-0x8]	READ	1
0x00146ca2	0x00146c50	CONDITIONAL_JUMP	0
0x00146ca4	0xStack[-0x18]	DATA	0
0x00146cb4	0x001f6224	READ	0
0x00146cbb	0x00146cd9	CONDITIONAL_JUMP	0
0x00146cbd	0x001de6c4	READ	1
0x00146cc5	0x001f6224	WRITE	0
0x00146ccd	0x00146cd9	CONDITIONAL_JUMP	0
0x00146ccf	0x001f6224	WRITE	0
0x00146cd9	0x001f6224	READ	1
0x00146ce1	0x001f6220	WRITE	0
0x00146ce9	0x00146d13	CONDITIONAL_JUMP	0
0x00146cf4	0x00146d01	UNCONDITIONAL_JUMP	0
0x00146cfa	0x001f6220	READ	1
0x00146d01	0x001f6220	WRITE	0
0x00146d09	0x001f6224	WRITE	0
0x00146d11	0x00146cf8	CONDITIONAL_JUMP	0
0x00146d13	0x001f6224	READ	1
0x00146d21	0x0015a75c	UNCONDITIONAL_CALL	0
0x00146d26	0x001f6228	WRITE	0
0x00146d2d	0x001f6224	READ	1
0x00146d35	0x00146d4d	CONDITIONAL_JUMP	0
0x00146d4b	0x00146d38	CONDITIONAL_JUMP	0
0x00146d4d	0xStack[-0x8]	READ	1
0x00146d5a	0xStack[0x4]	READ	1
0x00146d5d	0xStack[0x8]	READ	1
0x00146d60	0x001f6224	READ	1
0x00146d67	0x00146d6b	CONDITIONAL_JUMP	0
0x00146d6f	0x00146daf	CONDITIONAL_JUMP	0
0x00146d71	0x001f6228	READ	1
0x00146d80	0x00146d7e	CONDITIONAL_JUMP	0
0x00146d8e	0x00146d7c	CONDITIONAL_JUMP	0
0x00146d95	0x00146da0	CONDITIONAL_JUMP	0
0x00146d9e	0x00146d98	CONDITIONAL_JUMP	0
0x00146dad	0x00146d78	CONDITIONAL_JUMP	0
0x00146daf	0x001f6224	READ	1
0x00146db4	0xStack[-0x10]	DATA	0
0x00146dc3	0x001f6238	WRITE	0
0x00146dcd	0x001f6240	WRITE	0
0x00146dd7	0x001f623c	WRITE	0
0x00146de1	0x001de6d0	DATA	0
0x00146dea	0x001de6c0	READ	1
0x00146df8	0x0016a490	UNCONDITIONAL_CALL	0
0x00146dfd	0x001f6254	WRITE	0
0x00146e0b	0x0016b90c	UNCONDITIONAL_CALL	0
0x00146e13	0x001de6db	DATA	0
0x00146e1c	0x001de6c4	READ	1
0x00146e24	0x00200000	DATA	0
0x00146e27	0x0016a490	UNCONDITIONAL_CALL	0
0x00146e2c	0x001f621c	WRITE	0
0x00146e3a	0x0016b90c	UNCONDITIONAL_CALL	0
0x00146e42	0x001de6ec	DATA	0
0x00146e4b	0x001de6c8	READ	1
0x00146e59	0x0016a490	UNCONDITIONAL_CALL	0
0x00146e5e	0x001f6230	WRITE	0
0x00146e6c	0x0016b90c	UNCONDITIONAL_CALL	0
0x00146e74	0x001de6f6	DATA	0
0x00146e7d	0x001de6cc	READ	1
0x00146e8e	0x0016a490	UNCONDITIONAL_CALL	0
0x00146e93	0x001f6234	WRITE	0
0x00146ea1	0x0016b90c	UNCONDITIONAL_CALL	0
0x00146ea9	0x001f624c	DATA	0
0x00146eae	0x0015081c	UNCONDITIONAL_CALL	0
0x00146eb3	0x001f6250	DATA	0
0x00146eb8	0x0015081c	UNCONDITIONAL_CALL	0
0x00146ebd	0x001519c8	UNCONDITIONAL_CALL	0
0x00146ec2	0x0014b158	UNCONDITIONAL_CALL	0
0x00146ec7	0x00146cb0	UNCONDITIONAL_CALL	0
0x00146ecc	0x0014a0d8	UNCONDITIONAL_CALL	0
0x00146ede	0x001f6248	DATA	0
0x00146ee7	0x00165a20	UNCONDITIONAL_CALL	0
0x00146ef1	0x00146f00	CONDITIONAL_JUMP	0
0x00146ef3	0x001de704	DATA	0
0x00146ef8	0x0010ca6c	UNCONDITIONAL_CALL	0
0x00146f00	0x001f6248	READ	1
0x00146f08	0x001f6244	WRITE	0
0x00146f0f	0x001de6bc	READ	1
0x00146f15	0x00100000	DATA	0
0x00146f16	0xStack[-0xc]	DATA	0
0x00146f1a	0xStack[-0x8]	DATA	0
0x00146f1e	0x001e8de8	READ	1
0x00146f25	0x00173fbc	UNCONDITIONAL_CALL	0
0x00146f2a	0x001f622c	WRITE	0
0x00146f2f	0x00157c40	UNCONDITIONAL_CALL	0
0x00146f3b	0xStack[0x4]	READ	1
0x00146f3e	0xStack[0x8]	READ	1
0x00146f45	0x00146f54	CONDITIONAL_JUMP	0
0x00146f6c	0xStack[0x4]	READ	1
0x00146f73	0x00146f8e	CONDITIONAL_JUMP	0
0x00146f79	0x00146f84	CONDITIONAL_JUMP	0
0x00146f81	0x00146f8e	UNCONDITIONAL_JUMP	0
0x00146f90	0xStack[-0x8]	READ	1
0x00146f9c	0xStack[0x4]	READ	1
0x00146f9f	0xStack[0x8]	READ	1
0x00146fa9	0x00146fb4	CONDITIONAL_JUMP	0
0x00146fb1	0x00146fbf	UNCONDITIONAL_JUMP	0
0x00146fb6	0x00146fba	CONDITIONAL_JUMP	0
0x00146fbf	0xStack[-0x8]	READ	1
0x00146fcb	0xStack[0x4]	READ	1
0x00146fce	0xStack[0x8]	READ	1
0x00146fd5	0x00146fd9	CONDITIONAL_JUMP	0
0x00146fe6	0xStack[0x4]	READ	1
0x00146fe9	0x001e8b54	READ	1
0x00147005	0x00147014	CONDITIONAL_JUMP	0
0x00147012	0x00147021	UNCONDITIONAL_JUMP	0
0x00147023	0x00147071	CONDITIONAL_JUMP	0
0x00147025	0x0014706b	UNCONDITIONAL_JUMP	0
0x00147029	0x0014719c	UNCONDITIONAL_CALL	0
0x00147038	0x00147050	CONDITIONAL_JUMP	0
0x00147040	0x0014705b	UNCONDITIONAL_JUMP	0
0x00147046	0x0015a824	UNCONDITIONAL_CALL	0
0x0014704e	0x0014706b	UNCONDITIONAL_JUMP	0
0x00147052	0x00147056	CONDITIONAL_JUMP	0
0x00147060	0x00147044	CONDITIONAL_JUMP	0
0x00147063	0x00147550	UNCONDITIONAL_CALL	0
0x0014706f	0x00147028	CONDITIONAL_JUMP	0
0x00147071	0xStack[-0x10]	DATA	0
0x00147085	0xStack[0x4]	READ	1
0x00147088	0xStack[0x8]	READ	0
0x0014708b	0x00147190	CONDITIONAL_JUMP	0
0x0014709e	0xStack[-0xc]	WRITE	0
0x001470a4	0x001470bc	CONDITIONAL_JUMP	0
0x001470aa	0xStack[-0x8]	WRITE	0
0x001470b7	0x001470d3	UNCONDITIONAL_JUMP	0
0x001470bf	0xStack[-0x8]	WRITE	0
0x001470dc	0xStack[-0x1c]	WRITE	0
0x001470df	0xStack[-0x8]	READ	1
0x001470f0	0x00147143	CONDITIONAL_JUMP	0
0x001470f2	0xStack[-0xc]	READ	0
0x001470f6	0x00147110	CONDITIONAL_JUMP	0
0x001470f8	0xStack[-0x10]	WRITE	0
0x001470fe	0xStack[0x8]	READ	0
0x00147101	0x00147115	CONDITIONAL_JUMP	0
0x00147108	0xStack[0x8]	READ	0
0x0014710b	0x00147104	CONDITIONAL_JUMP	0
0x0014710d	0x00147115	UNCONDITIONAL_JUMP	0
0x00147112	0xStack[-0x10]	WRITE	0
0x00147119	0x00147143	CONDITIONAL_JUMP	0
0x0014711c	0xStack[-0x10]	READ	1
0x00147124	0x0014713e	CONDITIONAL_JUMP	0
0x00147129	0x0014713e	CONDITIONAL_JUMP	0
0x0014712b	0xStack[-0x8]	READ	1
0x00147130	0xStack[-0x14]	WRITE	0
0x00147133	0x0014bd68	UNCONDITIONAL_CALL	0
0x0014713b	0xStack[-0x14]	READ	1
0x00147141	0x0014711c	CONDITIONAL_JUMP	0
0x00147143	0xStack[-0xc]	READ	0
0x00147147	0x00147158	CONDITIONAL_JUMP	0
0x00147149	0xStack[-0x1c]	READ	1
0x00147153	0x00147088	UNCONDITIONAL_JUMP	0
0x0014715a	0xStack[-0x1c]	READ	0
0x0014715e	0x00147188	CONDITIONAL_JUMP	0
0x00147162	0x00147174	CONDITIONAL_JUMP	0
0x00147164	0xStack[-0x1c]	READ	1
0x00147169	0x0015a824	UNCONDITIONAL_CALL	0
0x00147171	0x00147188	UNCONDITIONAL_JUMP	0
0x00147174	0xStack[-0x1c]	READ	1
0x00147179	0x001f6244	READ	1
0x00147180	0x0017c620	UNCONDITIONAL_CALL	0
0x0014718b	0x00147088	UNCONDITIONAL_JUMP	0
0x00147190	0xStack[-0x28]	DATA	0
0x001471a5	0xStack[0x4]	READ	1
0x001471b0	0x001471bb	CONDITIONAL_JUMP	0
0x001471b3	0x0014a49c	UNCONDITIONAL_CALL	0
0x001471c0	0x001471d6	CONDITIONAL_JUMP	0
0x001471c5	0x001471d6	CONDITIONAL_JUMP	0
0x001471ce	0x0014bd68	UNCONDITIONAL_CALL	0
0x001471db	0x001471f6	CONDITIONAL_JUMP	0
0x001471e0	0x001471f6	CONDITIONAL_JUMP	0
0x001471ee	0x0014bd68	UNCONDITIONAL_CALL	0
0x001471f8	0x00147314	CONDITIONAL_JUMP	0
0x00147206	0xStack[-0x8]	WRITE	0
0x0014720e	0x00147314	CONDITIONAL_JUMP	0
0x00147221	0xStack[-0xc]	WRITE	0
0x00147227	0x0014723c	CONDITIONAL_JUMP	0
0x0014722d	0xStack[-0x10]	WRITE	0
0x0014723a	0x00147253	UNCONDITIONAL_JUMP	0
0x0014723f	0xStack[-0x10]	WRITE	0
0x0014725c	0xStack[-0x20]	WRITE	0
0x0014725f	0xStack[-0x10]	READ	1
0x00147270	0x001472c3	CONDITIONAL_JUMP	0
0x00147272	0xStack[-0xc]	READ	0
0x00147276	0x00147290	CONDITIONAL_JUMP	0
0x00147278	0xStack[-0x14]	WRITE	0
0x0014727e	0xStack[-0x8]	READ	0
0x00147281	0x00147295	CONDITIONAL_JUMP	0
0x00147288	0xStack[-0x8]	READ	0
0x0014728b	0x00147284	CONDITIONAL_JUMP	0
0x0014728d	0x00147295	UNCONDITIONAL_JUMP	0
0x00147292	0xStack[-0x14]	WRITE	0
0x00147299	0x001472c3	CONDITIONAL_JUMP	0
0x0014729c	0xStack[-0x14]	READ	1
0x001472a4	0x001472be	CONDITIONAL_JUMP	0
0x001472a9	0x001472be	CONDITIONAL_JUMP	0
0x001472ab	0xStack[-0x10]	READ	1
0x001472b0	0xStack[-0x18]	WRITE	0
0x001472b3	0x0014bd68	UNCONDITIONAL_CALL	0
0x001472bb	0xStack[-0x18]	READ	1
0x001472c1	0x0014729c	CONDITIONAL_JUMP	0
0x001472c3	0xStack[-0xc]	READ	0
0x001472c7	0x001472d8	CONDITIONAL_JUMP	0
0x001472c9	0xStack[-0x20]	READ	1
0x001472d3	0x0014730b	UNCONDITIONAL_JUMP	0
0x001472da	0xStack[-0x20]	READ	0
0x001472de	0x00147308	CONDITIONAL_JUMP	0
0x001472e2	0x001472f4	CONDITIONAL_JUMP	0
0x001472e4	0xStack[-0x20]	READ	1
0x001472e9	0x0015a824	UNCONDITIONAL_CALL	0
0x001472f1	0x00147308	UNCONDITIONAL_JUMP	0
0x001472f4	0xStack[-0x20]	READ	1
0x001472f9	0x001f6244	READ	1
0x00147300	0x0017c620	UNCONDITIONAL_CALL	0
0x0014730b	0xStack[-0x8]	READ	0
0x0014730e	0x00147214	CONDITIONAL_JUMP	0
0x00147314	0xStack[-0x2c]	DATA	0
0x00147329	0xStack[0x4]	READ	1
0x00147337	0x0014bd68	UNCONDITIONAL_CALL	0
0x00147344	0x0014735f	CONDITIONAL_JUMP	0
0x00147349	0x0014735f	CONDITIONAL_JUMP	0
0x00147357	0x0014bd68	UNCONDITIONAL_CALL	0
0x00147362	0xStack[0x8]	READ	0
0x00147365	0x00147468	CONDITIONAL_JUMP	0
0x00147378	0xStack[-0x8]	WRITE	0
0x0014737e	0x00147394	CONDITIONAL_JUMP	0
0x00147384	0xStack[-0xc]	WRITE	0
0x00147391	0x001473ab	UNCONDITIONAL_JUMP	0
0x00147397	0xStack[-0xc]	WRITE	0
0x001473b4	0xStack[-0x24]	WRITE	0
0x001473b7	0xStack[-0xc]	READ	1
0x001473c8	0x0014741b	CONDITIONAL_JUMP	0
0x001473ca	0xStack[-0x8]	READ	0
0x001473ce	0x001473e8	CONDITIONAL_JUMP	0
0x001473d0	0xStack[-0x10]	WRITE	0
0x001473d6	0xStack[0x8]	READ	0
0x001473d9	0x001473ed	CONDITIONAL_JUMP	0
0x001473e0	0xStack[0x8]	READ	0
0x001473e3	0x001473dc	CONDITIONAL_JUMP	0
0x001473e5	0x001473ed	UNCONDITIONAL_JUMP	0
0x001473ea	0xStack[-0x10]	WRITE	0
0x001473f1	0x0014741b	CONDITIONAL_JUMP	0
0x001473f4	0xStack[-0x10]	READ	1
0x001473fc	0x00147416	CONDITIONAL_JUMP	0
0x00147401	0x00147416	CONDITIONAL_JUMP	0
0x00147403	0xStack[-0xc]	READ	1
0x00147408	0xStack[-0x1c]	WRITE	0
0x0014740b	0x0014bd68	UNCONDITIONAL_CALL	0
0x00147413	0xStack[-0x1c]	READ	1
0x00147419	0x001473f4	CONDITIONAL_JUMP	0
0x0014741b	0xStack[-0x8]	READ	0
0x0014741f	0x00147430	CONDITIONAL_JUMP	0
0x00147421	0xStack[-0x24]	READ	1
0x0014742b	0x00147362	UNCONDITIONAL_JUMP	0
0x00147432	0xStack[-0x24]	READ	0
0x00147436	0x00147460	CONDITIONAL_JUMP	0
0x0014743a	0x0014744c	CONDITIONAL_JUMP	0
0x0014743c	0xStack[-0x24]	READ	1
0x00147441	0x0015a824	UNCONDITIONAL_CALL	0
0x00147449	0x00147460	UNCONDITIONAL_JUMP	0
0x0014744c	0xStack[-0x24]	READ	1
0x00147451	0x001f6244	READ	1
0x00147458	0x0017c620	UNCONDITIONAL_CALL	0
0x00147463	0x00147362	UNCONDITIONAL_JUMP	0
0x00147468	0xStack[0xc]	READ	0
0x0014746c	0x00147545	CONDITIONAL_JUMP	0
0x00147472	0xStack[0x8]	READ	1
0x00147482	0xStack[-0x14]	WRITE	0
0x00147488	0x001474a4	CONDITIONAL_JUMP	0
0x0014748a	0xStack[0x8]	READ	1
0x00147491	0xStack[-0x24]	WRITE	0
0x00147494	0xStack[0x8]	READ	1
0x001474a1	0x001474c0	UNCONDITIONAL_JUMP	0
0x001474a4	0xStack[0x8]	READ	1
0x001474aa	0xStack[-0x24]	WRITE	0
0x001474ad	0xStack[0x8]	READ	1
0x001474c0	0xStack[0x8]	WRITE	0
0x001474cc	0xStack[-0x18]	WRITE	0
0x001474cf	0xStack[-0x24]	READ	1
0x001474e0	0x00147513	CONDITIONAL_JUMP	0
0x001474e2	0xStack[0x8]	READ	1
0x001474e5	0xStack[-0x14]	READ	0
0x001474e9	0x001474ed	CONDITIONAL_JUMP	0
0x001474ef	0xStack[0x10]	READ	0
0x001474f2	0x00147513	CONDITIONAL_JUMP	0
0x001474f9	0x0014750d	CONDITIONAL_JUMP	0
0x001474fe	0x0014750d	CONDITIONAL_JUMP	0
0x00147500	0xStack[-0x24]	READ	1
0x00147505	0x0014bd68	UNCONDITIONAL_CALL	0
0x0014750e	0xStack[0x10]	READ	0
0x00147511	0x001474f4	CONDITIONAL_JUMP	0
0x00147513	0xStack[-0x14]	READ	0
0x00147517	0x00147545	CONDITIONAL_JUMP	0
0x00147519	0xStack[0x8]	READ	1
0x0014751e	0xStack[-0x18]	READ	0
0x00147522	0x00147545	CONDITIONAL_JUMP	0
0x00147526	0x00147534	CONDITIONAL_JUMP	0
0x00147528	0xStack[-0x18]	READ	1
0x0014752d	0x0015a824	UNCONDITIONAL_CALL	0
0x00147532	0x00147545	UNCONDITIONAL_JUMP	0
0x00147534	0xStack[-0x18]	READ	1
0x00147539	0x001f6244	READ	1
0x00147540	0x0017c620	UNCONDITIONAL_CALL	0
0x00147545	0xStack[-0x30]	DATA	0
0x00147553	0xStack[0x4]	READ	1
0x0014755c	0x00147568	CONDITIONAL_JUMP	0
0x0014755e	0x00147587	CONDITIONAL_JUMP	0
0x00147563	0x00147574	CONDITIONAL_JUMP	0
0x00147565	0x00147580	UNCONDITIONAL_JUMP	0
0x00147569	0x001800e0	UNCONDITIONAL_CALL	0
0x00147575	0x0015dc1c	UNCONDITIONAL_CALL	0
0x00147582	0x0015a824	UNCONDITIONAL_CALL	0
0x00147592	0xStack[0x8]	READ	1
0x00147598	0x001475a8	CONDITIONAL_JUMP	0
0x001475a0	0x001475a8	CONDITIONAL_JUMP	0
0x001475a2	0xStack[0xc]	READ	0
0x001475a6	0x001475b4	CONDITIONAL_JUMP	0
0x001475ad	0x0014767c	UNCONDITIONAL_JUMP	0
0x001475ba	0x001475f0	CONDITIONAL_JUMP	0
0x001475bc	0x001f6258	READ	1
0x001475c4	0x001475d4	CONDITIONAL_JUMP	0
0x001475c6	0x001f6258	WRITE	0
0x001475d0	0x00147616	UNCONDITIONAL_JUMP	0
0x001475d9	0x0015a75c	UNCONDITIONAL_CALL	0
0x001475e5	0x00147602	CONDITIONAL_JUMP	0
0x001475ee	0x0014760f	UNCONDITIONAL_JUMP	0
0x001475f4	0x0015a75c	UNCONDITIONAL_CALL	0
0x00147600	0x0014760c	CONDITIONAL_JUMP	0
0x00147607	0x0014767c	UNCONDITIONAL_JUMP	0
0x0014761d	0xStack[0xc]	READ	1
0x00147627	0xStack[0x4]	READ	1
0x0014762b	0x00189b34	UNCONDITIONAL_CALL	0
0x00147635	0x0014766c	CONDITIONAL_JUMP	0
0x0014763c	0x0014765c	CONDITIONAL_JUMP	0
0x00147641	0x0014764c	CONDITIONAL_JUMP	0
0x00147643	0x00147663	CONDITIONAL_JUMP	0
0x00147648	0x00147654	CONDITIONAL_JUMP	0
0x0014764a	0x0014765c	UNCONDITIONAL_JUMP	0
0x0014764d	0x001800e0	UNCONDITIONAL_CALL	0
0x00147652	0x00147663	UNCONDITIONAL_JUMP	0
0x00147655	0x0015dc1c	UNCONDITIONAL_CALL	0
0x0014765a	0x00147663	UNCONDITIONAL_JUMP	0
0x0014765e	0x0015a824	UNCONDITIONAL_CALL	0
0x00147668	0x0014767c	UNCONDITIONAL_JUMP	0
0x0014766c	0xStack[0xc]	READ	1
0x00147675	0xStack[0x10]	READ	1
0x0014767c	0xStack[-0x10]	DATA	0
0x0014768e	0xStack[0x8]	READ	1
0x00147695	0x0015a75c	UNCONDITIONAL_CALL	0
0x001476a1	0x001476dc	CONDITIONAL_JUMP	0
0x001476b4	0xStack[0xc]	READ	1
0x001476be	0xStack[0x4]	READ	1
0x001476c2	0x001013cc	UNCONDITIONAL_CALL	0
0x001476c7	0xStack[0xc]	READ	1
0x001476d0	0xStack[0x10]	READ	1
0x001476d7	0x001476e1	UNCONDITIONAL_JUMP	0
0x001476e1	0xStack[-0x10]	DATA	0
0x001476f1	0xStack[0x4]	READ	1
0x001476f4	0xStack[0x8]	READ	1
0x001476f7	0xStack[0xc]	READ	1
0x00147707	0x00189e8c	UNCONDITIONAL_CALL	0
0x00147713	0x0014771a	CONDITIONAL_JUMP	0
0x00147721	0x00147734	CONDITIONAL_JUMP	0
0x00147723	0x001f6258	READ	0
0x0014772a	0x00147734	CONDITIONAL_JUMP	0
0x0014772c	0x001f6258	WRITE	0
0x00147732	0x00147763	UNCONDITIONAL_JUMP	0
0x00147739	0x0014775c	CONDITIONAL_JUMP	0
0x0014773e	0x0014774c	CONDITIONAL_JUMP	0
0x00147740	0x00147763	CONDITIONAL_JUMP	0
0x00147745	0x00147754	CONDITIONAL_JUMP	0
0x00147747	0x0014775c	UNCONDITIONAL_JUMP	0
0x0014774d	0x001800e0	UNCONDITIONAL_CALL	0
0x00147752	0x00147763	UNCONDITIONAL_JUMP	0
0x00147755	0x0015dc1c	UNCONDITIONAL_CALL	0
0x0014775a	0x00147763	UNCONDITIONAL_JUMP	0
0x0014775e	0x0015a824	UNCONDITIONAL_CALL	0
0x00147765	0xStack[-0xc]	DATA	0
0x00147774	0xStack[0x8]	READ	1
0x00147777	0xStack[0xc]	READ	1
0x0014777b	0xStack[0x4]	READ	1
0x00147783	0x001013cc	UNCONDITIONAL_CALL	0
0x00147790	0x001477b0	CONDITIONAL_JUMP	0
0x00147795	0x001477a0	CONDITIONAL_JUMP	0
0x00147797	0x001477b7	CONDITIONAL_JUMP	0
0x0014779c	0x001477a8	CONDITIONAL_JUMP	0
0x0014779e	0x001477b0	UNCONDITIONAL_JUMP	0
0x001477a1	0x001800e0	UNCONDITIONAL_CALL	0
0x001477a6	0x001477b7	UNCONDITIONAL_JUMP	0
0x001477a9	0x0015dc1c	UNCONDITIONAL_CALL	0
0x001477ae	0x001477b7	UNCONDITIONAL_JUMP	0
0x001477b2	0x0015a824	UNCONDITIONAL_CALL	0
0x001477b7	0xStack[-0x8]	READ	1
0x001477c9	0xStack[0x8]	READ	1
0x001477cc	0xStack[0x4]	READ	1
0x001477d9	0xStack[-0x1c]	WRITE	0
0x001477df	0xStack[-0x20]	WRITE	0
0x001477e2	0xStack[0x4]	READ	1
0x001477e8	0xStack[-0x24]	WRITE	0
0x001477eb	0xStack[0xc]	READ	0
0x001477ef	0x00147acd	CONDITIONAL_JUMP	0
0x001477fd	0x00147820	CONDITIONAL_JUMP	0
0x001477ff	0x00147810	CONDITIONAL_JUMP	0
0x00147804	0x001479ec	CONDITIONAL_JUMP	0
0x0014780a	0x00147acd	UNCONDITIONAL_JUMP	0
0x00147815	0x001478d0	CONDITIONAL_JUMP	0
0x0014781b	0x00147acd	UNCONDITIONAL_JUMP	0
0x00147820	0xStack[-0x24]	READ	0
0x00147824	0x00147acd	CONDITIONAL_JUMP	0
0x00147834	0x00147832	CONDITIONAL_JUMP	0
0x00147842	0x00147830	CONDITIONAL_JUMP	0
0x00147848	0x00147ac8	CONDITIONAL_JUMP	0
0x0014784e	0xStack[-0x20]	READ	1
0x00147854	0xStack[-0x20]	READ	1
0x0014785d	0x00147ac8	CONDITIONAL_JUMP	0
0x00147869	0xStack[-0x4c]	WRITE	0
0x0014787d	0x00147ac8	CONDITIONAL_JUMP	0
0x00147883	0xStack[-0x4c]	READ	1
0x00147890	0x0014788e	CONDITIONAL_JUMP	0
0x0014789e	0x0014788c	CONDITIONAL_JUMP	0
0x001478a9	0x001478b4	CONDITIONAL_JUMP	0
0x001478af	0x00147acd	UNCONDITIONAL_JUMP	0
0x001478be	0xStack[-0x1c]	READ	1
0x001478c8	0x00147ab2	UNCONDITIONAL_JUMP	0
0x001478d8	0x001478d6	CONDITIONAL_JUMP	0
0x001478e6	0x001478d4	CONDITIONAL_JUMP	0
0x001478ec	0x00147ac8	CONDITIONAL_JUMP	0
0x001478f5	0xStack[-0x28]	WRITE	0
0x001478fb	0xStack[-0x2c]	WRITE	0
0x001478fe	0xStack[-0x20]	READ	1
0x00147904	0xStack[-0x20]	READ	1
0x0014790a	0xStack[-0x4c]	WRITE	0
0x0014790d	0xStack[-0x28]	READ	0
0x00147910	0x00147ac8	CONDITIONAL_JUMP	0
0x0014792e	0x00147ac8	CONDITIONAL_JUMP	0
0x00147937	0xStack[-0x4c]	WRITE	0
0x0014793a	0xStack[-0x24]	READ	1
0x00147940	0xStack[-0x24]	READ	1
0x00147946	0xStack[-0x48]	WRITE	0
0x00147949	0xStack[-0x28]	READ	0
0x0014794c	0x00147ac8	CONDITIONAL_JUMP	0
0x00147955	0xStack[-0x2c]	READ	1
0x0014796b	0x00147ac8	CONDITIONAL_JUMP	0
0x00147974	0xStack[-0x4c]	READ	1
0x0014797b	0x00147979	CONDITIONAL_JUMP	0
0x00147982	0xStack[-0x4c]	READ	1
0x0014798c	0x00147974	CONDITIONAL_JUMP	0
0x00147992	0x001479a2	CONDITIONAL_JUMP	0
0x001479a0	0x001479b0	CONDITIONAL_JUMP	0
0x001479a4	0xStack[-0x4c]	READ	1
0x001479a9	0x00147ac8	UNCONDITIONAL_JUMP	0
0x001479b5	0xStack[-0x4c]	READ	1
0x001479cc	0xStack[-0x1c]	READ	1
0x001479d9	0xStack[0x4]	READ	1
0x001479e6	0x00147ffe	UNCONDITIONAL_JUMP	0
0x001479ec	0xStack[-0x24]	READ	0
0x001479f0	0x00147acd	CONDITIONAL_JUMP	0
0x00147a00	0x001479fe	CONDITIONAL_JUMP	0
0x00147a0e	0x001479fc	CONDITIONAL_JUMP	0
0x00147a14	0x00147ac8	CONDITIONAL_JUMP	0
0x00147a1d	0xStack[-0x48]	WRITE	0
0x00147a20	0xStack[-0x20]	READ	1
0x00147a26	0xStack[-0x20]	READ	1
0x00147a2c	0xStack[-0x30]	WRITE	0
0x00147a32	0x00147ac8	CONDITIONAL_JUMP	0
0x00147a3f	0xStack[-0x4c]	WRITE	0
0x00147a53	0x00147ac8	CONDITIONAL_JUMP	0
0x00147a55	0xStack[-0x4c]	READ	1
0x00147a5c	0x00147ac8	CONDITIONAL_JUMP	0
0x00147a68	0x00147a66	CONDITIONAL_JUMP	0
0x00147a76	0x00147a64	CONDITIONAL_JUMP	0
0x00147a7c	0x00147ac4	CONDITIONAL_JUMP	0
0x00147a82	0xStack[-0x48]	READ	1
0x00147a88	0xStack[-0x4c]	READ	1
0x00147a8e	0xStack[-0x48]	READ	1
0x00147a94	0xStack[-0x30]	READ	1
0x00147a97	0xStack[-0x4c]	READ	1
0x00147aa8	0xStack[-0x1c]	READ	1
0x00147ab2	0xStack[0x4]	READ	1
0x00147abc	0x00147ffe	UNCONDITIONAL_JUMP	0
0x00147acd	0xStack[-0x1c]	READ	1
0x00147ad1	0xStack[-0x34]	WRITE	0
0x00147ad4	0xStack[-0x1c]	READ	1
0x00147adf	0xStack[-0x38]	WRITE	0
0x00147ae2	0xStack[-0x3c]	WRITE	0
0x00147af1	0x00147b0f	CONDITIONAL_JUMP	0
0x00147af3	0xStack[-0x38]	READ	0
0x00147af7	0x00147b04	CONDITIONAL_JUMP	0
0x00147af9	0xStack[-0x24]	READ	0
0x00147afd	0x00147b0f	CONDITIONAL_JUMP	0
0x00147aff	0x00147b1c	UNCONDITIONAL_JUMP	0
0x00147b04	0xStack[-0x38]	READ	1
0x00147b0d	0x00147b1c	CONDITIONAL_JUMP	0
0x00147b14	0x00147ffe	UNCONDITIONAL_JUMP	0
0x00147b24	0x00147b22	CONDITIONAL_JUMP	0
0x00147b32	0x00147b20	CONDITIONAL_JUMP	0
0x00147b38	0x00147fe8	CONDITIONAL_JUMP	0
0x00147b3e	0xStack[0xc]	READ	0
0x00147b42	0x00147b72	CONDITIONAL_JUMP	0
0x00147b44	0xStack[0xc]	READ	1
0x00147b49	0x00145e98	UNCONDITIONAL_CALL	0
0x00147b53	0x00147b5b	CONDITIONAL_JUMP	0
0x00147b59	0x00147b6c	CONDITIONAL_JUMP	0
0x00147b65	0x00147ffe	UNCONDITIONAL_JUMP	0
0x00147b6f	0xStack[-0x3c]	WRITE	0
0x00147b72	0xStack[-0x24]	READ	1
0x00147b75	0xStack[-0x20]	READ	0
0x00147b78	0x00147d28	CONDITIONAL_JUMP	0
0x00147b7e	0xStack[-0x48]	WRITE	0
0x00147b83	0x00145e98	UNCONDITIONAL_CALL	0
0x00147b8f	0x00147fe8	CONDITIONAL_JUMP	0
0x00147b95	0xStack[-0x38]	READ	1
0x00147b9a	0xStack[-0x24]	READ	1
0x00147b9f	0x0014f100	UNCONDITIONAL_CALL	0
0x00147ba9	0x00147ff4	CONDITIONAL_JUMP	0
0x00147baf	0xStack[-0x34]	READ	0
0x00147bb3	0x00147fe8	CONDITIONAL_JUMP	0
0x00147bbc	0x00147fe8	CONDITIONAL_JUMP	0
0x00147bc2	0xStack[-0x34]	READ	1
0x00147bcb	0x00147bd8	CONDITIONAL_JUMP	0
0x00147bcd	0xStack[-0x38]	READ	1
0x00147bd6	0x00147c20	CONDITIONAL_JUMP	0
0x00147bd8	0xStack[-0xc]	DATA	0
0x00147bdc	0xStack[-0x8]	DATA	0
0x00147be2	0xStack[-0x34]	READ	1
0x00147be7	0xStack[-0x24]	READ	1
0x00147bec	0x0014f1b8	UNCONDITIONAL_CALL	0
0x00147bf6	0x00147fe8	CONDITIONAL_JUMP	0
0x00147bfc	0xStack[-0x14]	DATA	0
0x00147c00	0xStack[-0x10]	DATA	0
0x00147c06	0xStack[-0x38]	READ	1
0x00147c0b	0xStack[-0x24]	READ	1
0x00147c10	0x0014f1b8	UNCONDITIONAL_CALL	0
0x00147c18	0x00147f5b	UNCONDITIONAL_JUMP	0
0x00147c20	0xStack[-0x34]	READ	0
0x00147c24	0x00147c68	CONDITIONAL_JUMP	0
0x00147c26	0xStack[-0x38]	READ	0
0x00147c2a	0x00147c68	CONDITIONAL_JUMP	0
0x00147c2c	0xStack[-0xc]	DATA	0
0x00147c30	0xStack[-0x8]	DATA	0
0x00147c39	0xStack[-0x24]	READ	1
0x00147c3e	0x0014f1b8	UNCONDITIONAL_CALL	0
0x00147c48	0x00147fe8	CONDITIONAL_JUMP	0
0x00147c4e	0xStack[-0x8]	READ	1
0x00147c52	0x0014cfa4	UNCONDITIONAL_CALL	0
0x00147c57	0xStack[-0x10]	WRITE	0
0x00147c5a	0xStack[-0x14]	WRITE	0
0x00147c61	0x00147f58	UNCONDITIONAL_JUMP	0
0x00147c68	0xStack[-0x34]	READ	0
0x00147c6c	0x00147cb8	CONDITIONAL_JUMP	0
0x00147c6e	0xStack[-0x38]	READ	0
0x00147c72	0x00147cb8	CONDITIONAL_JUMP	0
0x00147c74	0xStack[-0xc]	DATA	0
0x00147c78	0xStack[-0x8]	DATA	0
0x00147c7d	0xStack[-0x48]	READ	1
0x00147c82	0x0014f938	UNCONDITIONAL_CALL	0
0x00147c8c	0x00147fe8	CONDITIONAL_JUMP	0
0x00147c96	0x00147ca3	CONDITIONAL_JUMP	0
0x00147c9b	0x00146284	UNCONDITIONAL_CALL	0
0x00147ca3	0xStack[-0x8]	READ	1
0x00147ca6	0xStack[-0x10]	WRITE	0
0x00147ca9	0xStack[-0x14]	WRITE	0
0x00147cb0	0x00147f5b	UNCONDITIONAL_JUMP	0
0x00147cb8	0xStack[-0x18]	DATA	0
0x00147cbc	0xStack[-0x8]	DATA	0
0x00147cc5	0xStack[-0x48]	READ	1
0x00147cca	0x0014f1b8	UNCONDITIONAL_CALL	0
0x00147cd4	0x00147fe8	CONDITIONAL_JUMP	0
0x00147cde	0x00147ceb	CONDITIONAL_JUMP	0
0x00147ce3	0x00146284	UNCONDITIONAL_CALL	0
0x00147ceb	0xStack[-0x8]	READ	1
0x00147cef	0x0014cfa4	UNCONDITIONAL_CALL	0
0x00147cf4	0xStack[-0x10]	WRITE	0
0x00147cfa	0xStack[-0x34]	READ	0
0x00147cfe	0x00147d14	CONDITIONAL_JUMP	0
0x00147d00	0xStack[-0x18]	READ	1
0x00147d03	0xStack[-0xc]	WRITE	0
0x00147d06	0xStack[-0x14]	WRITE	0
0x00147d0d	0x00147f5b	UNCONDITIONAL_JUMP	0
0x00147d14	0xStack[-0xc]	WRITE	0
0x00147d1b	0xStack[-0x18]	READ	1
0x00147d1e	0xStack[-0x14]	WRITE	0
0x00147d21	0x00147f5b	UNCONDITIONAL_JUMP	0
0x00147d28	0xStack[-0x24]	READ	0
0x00147d2c	0x00147d34	CONDITIONAL_JUMP	0
0x00147d2e	0xStack[-0x24]	READ	0
0x00147d32	0x00147d90	CONDITIONAL_JUMP	0
0x00147d34	0xStack[-0x20]	READ	1
0x00147d39	0x00145e98	UNCONDITIONAL_CALL	0
0x00147d45	0x00147fe8	CONDITIONAL_JUMP	0
0x00147d4b	0xStack[-0xc]	DATA	0
0x00147d4f	0xStack[-0x8]	DATA	0
0x00147d55	0xStack[-0x34]	READ	1
0x00147d5c	0x0014f1b8	UNCONDITIONAL_CALL	0
0x00147d66	0x00147fe8	CONDITIONAL_JUMP	0
0x00147d70	0x00147d7d	CONDITIONAL_JUMP	0
0x00147d75	0x00146284	UNCONDITIONAL_CALL	0
0x00147d7d	0xStack[-0x24]	READ	1
0x00147d80	0xStack[-0x10]	WRITE	0
0x00147d83	0xStack[-0x14]	WRITE	0
0x00147d8a	0x00147f5b	UNCONDITIONAL_JUMP	0
0x00147d90	0xStack[-0x20]	READ	1
0x00147d95	0x00145e98	UNCONDITIONAL_CALL	0
0x00147d9a	0xStack[-0x40]	WRITE	0
0x00147da2	0x00147fe8	CONDITIONAL_JUMP	0
0x00147da8	0xStack[-0x24]	READ	1
0x00147dad	0x00145e98	UNCONDITIONAL_CALL	0
0x00147db2	0xStack[-0x48]	WRITE	0
0x00147dba	0x00147ff4	CONDITIONAL_JUMP	0
0x00147dc0	0xStack[-0x38]	READ	1
0x00147dc4	0xStack[-0x48]	READ	1
0x00147dc8	0xStack[-0x24]	READ	1
0x00147dcd	0x0014f100	UNCONDITIONAL_CALL	0
0x00147dd7	0x00147ff4	CONDITIONAL_JUMP	0
0x00147ddd	0xStack[-0xc]	DATA	0
0x00147de1	0xStack[-0x8]	DATA	0
0x00147de7	0xStack[-0x34]	READ	1
0x00147deb	0xStack[-0x40]	READ	1
0x00147def	0xStack[-0x20]	READ	1
0x00147df4	0x0014f1b8	UNCONDITIONAL_CALL	0
0x00147dfe	0x00147fe8	CONDITIONAL_JUMP	0
0x00147e04	0xStack[-0x48]	READ	1
0x00147e0c	0x00147e17	CONDITIONAL_JUMP	0
0x00147e0f	0x0014b844	UNCONDITIONAL_CALL	0
0x00147e17	0xStack[-0x14]	DATA	0
0x00147e1b	0xStack[-0x10]	DATA	0
0x00147e21	0xStack[-0x38]	READ	1
0x00147e25	0xStack[-0x48]	READ	1
0x00147e29	0xStack[-0x24]	READ	1
0x00147e2e	0x0014f1b8	UNCONDITIONAL_CALL	0
0x00147e38	0x00147e50	CONDITIONAL_JUMP	0
0x00147e3a	0xStack[-0x10]	WRITE	0
0x00147e41	0xStack[-0x14]	WRITE	0
0x00147e48	0x00147f37	UNCONDITIONAL_JUMP	0
0x00147e52	0x00147f20	CONDITIONAL_JUMP	0
0x00147e58	0xStack[-0x10]	READ	0
0x00147e5c	0x00147f20	CONDITIONAL_JUMP	0
0x00147e62	0xStack[-0x8]	READ	1
0x00147e6c	0x00147e6a	CONDITIONAL_JUMP	0
0x00147e7a	0x00147e68	CONDITIONAL_JUMP	0
0x00147e7f	0xStack[-0x44]	WRITE	0
0x00147e8c	0x00147e8a	CONDITIONAL_JUMP	0
0x00147e9a	0x00147e88	CONDITIONAL_JUMP	0
0x00147e9c	0xStack[-0x4c]	WRITE	0
0x00147ea7	0x00147eb4	CONDITIONAL_JUMP	0
0x00147eac	0xStack[-0x44]	READ	1
0x00147eaf	0x00147eb4	CONDITIONAL_JUMP	0
0x00147eb1	0xStack[-0x4c]	READ_WRITE	0
0x00147eb8	0xStack[-0x4c]	READ	0
0x00147ebc	0x00147f20	CONDITIONAL_JUMP	0
0x00147ebe	0xStack[-0xc]	READ	1
0x00147ec2	0xStack[-0x8]	READ	1
0x00147ec6	0xStack[-0x34]	READ	1
0x00147eca	0xStack[-0x40]	READ	1
0x00147ece	0xStack[-0x20]	READ	1
0x00147ed3	0x0014f804	UNCONDITIONAL_CALL	0
0x00147ed8	0xStack[-0x14]	READ	1
0x00147edc	0xStack[-0x10]	READ	1
0x00147ee0	0xStack[-0x38]	READ	1
0x00147ee4	0xStack[-0x48]	READ	1
0x00147ee8	0xStack[-0x24]	READ	1
0x00147eed	0x0014f804	UNCONDITIONAL_CALL	0
0x00147efa	0xStack[-0xc]	READ	1
0x00147eff	0x00147f0e	CONDITIONAL_JUMP	0
0x00147f01	0xStack[-0x20]	READ	1
0x00147f06	0x0014b644	UNCONDITIONAL_CALL	0
0x00147f0f	0x0014b86c	UNCONDITIONAL_CALL	0
0x00147f19	0x00147ffe	UNCONDITIONAL_JUMP	0
0x00147f20	0xStack[-0x48]	READ	1
0x00147f27	0x00147f37	CONDITIONAL_JUMP	0
0x00147f2a	0xStack[-0x24]	READ	1
0x00147f2f	0x00146284	UNCONDITIONAL_CALL	0
0x00147f37	0xStack[-0x40]	READ	1
0x00147f3e	0x00147f4e	CONDITIONAL_JUMP	0
0x00147f41	0xStack[-0x20]	READ	1
0x00147f46	0x00146284	UNCONDITIONAL_CALL	0
0x00147f50	0x00147f5b	CONDITIONAL_JUMP	0
0x00147f53	0x0014b86c	UNCONDITIONAL_CALL	0
0x00147f5b	0xStack[0xc]	READ	0
0x00147f5f	0x00147f79	CONDITIONAL_JUMP	0
0x00147f61	0xStack[-0xc]	READ	1
0x00147f64	0xStack[-0x3c]	READ	0
0x00147f67	0x00147f79	CONDITIONAL_JUMP	0
0x00147f6a	0x0014d108	UNCONDITIONAL_CALL	0
0x00147f6f	0xStack[-0xc]	WRITE	0
0x00147f7e	0xStack[-0xc]	READ	1
0x00147f83	0x00147f92	CONDITIONAL_JUMP	0
0x00147f85	0xStack[-0x20]	READ	1
0x00147f8a	0x0014b3ec	UNCONDITIONAL_CALL	0
0x00147f92	0xStack[-0x14]	READ	1
0x00147f97	0x00147fa6	CONDITIONAL_JUMP	0
0x00147f99	0xStack[-0x24]	READ	1
0x00147f9e	0x0014b3ec	UNCONDITIONAL_CALL	0
0x00147fa6	0xStack[-0x34]	READ	1
0x00147faa	0x0014bb40	UNCONDITIONAL_CALL	0
0x00147faf	0xStack[-0x34]	WRITE	0
0x00147fb2	0xStack[-0x38]	READ	1
0x00147fb6	0x0014bb40	UNCONDITIONAL_CALL	0
0x00147fbb	0xStack[-0x38]	WRITE	0
0x00147fbe	0xStack[-0x1c]	READ	1
0x00147fc6	0xStack[-0x38]	READ	1
0x00147fcc	0xStack[-0x34]	READ	1
0x00147fd1	0xStack[0x4]	READ	1
0x00147fd6	0xStack[-0x8]	READ	1
0x00147fdc	0xStack[-0x10]	READ	1
0x00147fe4	0x00147ffe	UNCONDITIONAL_JUMP	0
0x00147ff2	0x00147ffe	UNCONDITIONAL_JUMP	0
0x00147ffe	0xStack[-0x58]	DATA	0
0x00148011	0xStack[0x10]	READ	1
0x00148015	0xStack[0x8]	READ	1
0x00148019	0xStack[0x4]	READ	1
0x00148020	0x001477c0	UNCONDITIONAL_CALL	0
0x0014802a	0x00148391	CONDITIONAL_JUMP	0
0x00148030	0xStack[0x4]	READ	1
0x00148037	0x00148098	CONDITIONAL_JUMP	0
0x0014803b	0x00148391	UNCONDITIONAL_JUMP	0
0x00148044	0xStack[-0x1c]	READ	1
0x00148048	0xStack[0x4]	READ	1
0x0014804c	0x00147320	UNCONDITIONAL_CALL	0
0x00148056	0x00148391	UNCONDITIONAL_JUMP	0
0x00148060	0xStack[-0x1c]	READ	1
0x00148064	0xStack[0x4]	READ	1
0x00148068	0x00147320	UNCONDITIONAL_CALL	0
0x00148072	0x00148391	UNCONDITIONAL_JUMP	0
0x00148078	0xStack[-0x44]	READ	1
0x0014807e	0xStack[-0x1c]	READ	1
0x00148082	0xStack[0x4]	READ	1
0x00148086	0x00147320	UNCONDITIONAL_CALL	0
0x00148090	0x00148391	UNCONDITIONAL_JUMP	0
0x00148098	0xStack[0x4]	READ	1
0x0014809e	0xStack[-0x10]	WRITE	0
0x001480a1	0xStack[-0x18]	WRITE	0
0x001480a8	0xStack[0x4]	READ	1
0x001480ae	0xStack[0x4]	READ	1
0x001480b9	0xStack[-0x14]	WRITE	0
0x001480be	0x0014837f	CONDITIONAL_JUMP	0
0x001480c4	0xStack[-0x1c]	WRITE	0
0x001480c7	0xStack[-0x40]	WRITE	0
0x001480ca	0xStack[-0x14]	READ	1
0x001480d2	0x001480e9	CONDITIONAL_JUMP	0
0x001480df	0xStack[-0x28]	WRITE	0
0x001480e2	0x00148104	CONDITIONAL_JUMP	0
0x001480e7	0x00148104	CONDITIONAL_JUMP	0
0x001480ee	0xStack[0x4]	READ	1
0x001480f2	0x00147320	UNCONDITIONAL_CALL	0
0x001480fc	0x00148391	UNCONDITIONAL_JUMP	0
0x00148104	0xStack[-0x40]	READ	1
0x0014811c	0xStack[-0x2c]	WRITE	0
0x0014811f	0xStack[-0x28]	READ	0
0x00148123	0x00148140	CONDITIONAL_JUMP	0
0x00148129	0xStack[-0x20]	WRITE	0
0x0014812c	0xStack[-0x40]	READ	1
0x00148136	0xStack[-0x24]	WRITE	0
0x0014813c	0x00148160	UNCONDITIONAL_JUMP	0
0x00148140	0xStack[-0x40]	READ	1
0x00148146	0xStack[-0x20]	WRITE	0
0x00148149	0xStack[-0x40]	READ	1
0x0014815a	0xStack[-0x24]	WRITE	0
0x00148160	0xStack[-0x20]	READ	1
0x00148166	0xStack[-0x30]	WRITE	0
0x00148174	0xStack[-0x30]	WRITE	0
0x00148179	0x00148180	CONDITIONAL_JUMP	0
0x0014817e	0x001481a4	CONDITIONAL_JUMP	0
0x00148180	0xStack[-0x28]	READ	0
0x00148184	0x00148191	CONDITIONAL_JUMP	0
0x00148186	0xStack[-0x40]	READ	1
0x0014818f	0x001481a4	CONDITIONAL_JUMP	0
0x00148191	0xStack[-0x40]	READ	1
0x00148198	0x001481a4	CONDITIONAL_JUMP	0
0x0014819a	0xStack[-0x2c]	READ	0
0x0014819e	0x001481c0	CONDITIONAL_JUMP	0
0x001481a2	0x001481c0	CONDITIONAL_JUMP	0
0x001481a8	0xStack[-0x1c]	READ	1
0x001481ac	0xStack[0x4]	READ	1
0x001481b0	0x00147320	UNCONDITIONAL_CALL	0
0x001481ba	0x00148391	UNCONDITIONAL_JUMP	0
0x001481c0	0xStack[-0x24]	READ	1
0x001481d0	0x001481f0	CONDITIONAL_JUMP	0
0x001481da	0xStack[-0x14]	READ	1
0x001481e1	0x00148040	CONDITIONAL_JUMP	0
0x001481eb	0x001482c3	UNCONDITIONAL_JUMP	0
0x001481f0	0xStack[-0x14]	READ	1
0x001481f8	0x0014805c	CONDITIONAL_JUMP	0
0x00148200	0xStack[-0x34]	WRITE	0
0x00148205	0x00148210	CONDITIONAL_JUMP	0
0x00148209	0x001482b7	UNCONDITIONAL_JUMP	0
0x00148210	0xStack[-0x30]	READ	0
0x00148214	0x00148274	CONDITIONAL_JUMP	0
0x00148217	0xStack[-0x48]	WRITE	0
0x0014821a	0x0015a75c	UNCONDITIONAL_CALL	0
0x00148224	0xStack[-0x48]	READ	1
0x00148229	0x00148298	CONDITIONAL_JUMP	0
0x0014822d	0xStack[-0x34]	READ	1
0x00148231	0xStack[0xc]	READ	1
0x00148235	0xStack[-0x48]	WRITE	0
0x00148238	0x001740d0	UNCONDITIONAL_CALL	0
0x00148240	0xStack[-0x48]	READ	1
0x00148245	0x00148265	CONDITIONAL_JUMP	0
0x00148247	0xStack[-0x2c]	READ	0
0x0014824b	0x001482b7	CONDITIONAL_JUMP	0
0x0014824e	0xStack[-0x34]	READ	1
0x00148253	0xStack[-0x48]	WRITE	0
0x00148256	0x0017c620	UNCONDITIONAL_CALL	0
0x0014825e	0xStack[-0x48]	READ	1
0x00148263	0x001482b7	CONDITIONAL_JUMP	0
0x00148267	0x0015a824	UNCONDITIONAL_CALL	0
0x0014826f	0x00148298	UNCONDITIONAL_JUMP	0
0x00148274	0xStack[-0x8]	DATA	0
0x00148278	0xStack[-0x2c]	READ	1
0x0014827d	0x001f6244	READ	1
0x00148284	0xStack[-0x34]	READ	1
0x00148288	0xStack[0xc]	READ	1
0x0014828c	0x00178708	UNCONDITIONAL_CALL	0
0x00148296	0x001482b4	CONDITIONAL_JUMP	0
0x0014829c	0xStack[-0x1c]	READ	1
0x001482a0	0xStack[0x4]	READ	1
0x001482a4	0x00147320	UNCONDITIONAL_CALL	0
0x001482ae	0x00148391	UNCONDITIONAL_JUMP	0
0x001482b4	0xStack[-0x8]	READ	1
0x001482bc	0xStack[-0x18]	WRITE	0
0x001482c3	0xStack[-0x30]	READ	0
0x001482c7	0x00148376	CONDITIONAL_JUMP	0
0x001482cd	0xStack[-0x20]	READ	1
0x001482d1	0x0014bb40	UNCONDITIONAL_CALL	0
0x001482d6	0xStack[-0x38]	WRITE	0
0x001482de	0xStack[-0x28]	READ	0
0x001482e2	0x001482f4	CONDITIONAL_JUMP	0
0x001482e4	0xStack[-0x38]	READ	1
0x001482e8	0xStack[-0x40]	READ	1
0x001482ef	0x001482fc	UNCONDITIONAL_JUMP	0
0x001482f4	0xStack[-0x38]	READ	1
0x001482f7	0xStack[-0x40]	READ	1
0x001482fc	0xStack[-0x44]	WRITE	0
0x00148303	0xStack[-0x24]	READ	1
0x00148306	0xStack[-0x44]	READ	0
0x00148309	0x0014836f	CONDITIONAL_JUMP	0
0x00148314	0x00148361	CONDITIONAL_JUMP	0
0x00148319	0x00148361	CONDITIONAL_JUMP	0
0x0014831b	0xStack[-0xc]	DATA	0
0x0014831f	0xStack[-0x20]	READ	1
0x00148324	0xStack[0x8]	READ	1
0x00148328	0x0014bbec	UNCONDITIONAL_CALL	0
0x00148332	0x00148078	CONDITIONAL_JUMP	0
0x00148338	0xStack[-0x38]	READ	0
0x0014833c	0x0014835c	CONDITIONAL_JUMP	0
0x0014833e	0xStack[-0x10]	READ	1
0x00148342	0xStack[-0xc]	READ	1
0x00148346	0x0014ce18	UNCONDITIONAL_CALL	0
0x00148350	0x0014835c	CONDITIONAL_JUMP	0
0x00148352	0xStack[0x4]	READ	1
0x0014835c	0xStack[-0xc]	READ	1
0x00148364	0xStack[-0x44]	READ_WRITE	0
0x00148367	0xStack[-0x24]	READ	1
0x0014836a	0xStack[-0x44]	READ	0
0x0014836d	0x00148310	CONDITIONAL_JUMP	0
0x0014836f	0xStack[-0x18]	WRITE	0
0x00148376	0xStack[-0x14]	READ	0
0x00148379	0x001480c4	CONDITIONAL_JUMP	0
0x0014837f	0xStack[-0x18]	READ	0
0x00148383	0x0014838f	CONDITIONAL_JUMP	0
0x00148385	0xStack[0x4]	READ	1
0x00148391	0xStack[-0x54]	DATA	0
0x001483a5	0xStack[0x4]	READ	1
0x001483b8	0xStack[-0x8]	WRITE	0
0x001483be	0xStack[-0xc]	WRITE	0
0x001483c1	0xStack[0x4]	READ	1
0x001483c8	0xStack[-0xc]	READ	1
0x001483cc	0x0014bc64	UNCONDITIONAL_CALL	0
0x001483d6	0x001483ea	CONDITIONAL_JUMP	0
0x001483db	0x001483ea	CONDITIONAL_JUMP	0
0x001483dd	0xStack[-0x8]	READ	1
0x001483e2	0x0014bc64	UNCONDITIONAL_CALL	0
0x001483f0	0x00148400	CONDITIONAL_JUMP	0
0x001483f2	0xStack[0x4]	READ	1
0x001483fc	0x00148434	UNCONDITIONAL_JUMP	0
0x00148401	0x0014bb40	UNCONDITIONAL_CALL	0
0x00148408	0xStack[-0x8]	READ	1
0x0014840c	0x0014bb40	UNCONDITIONAL_CALL	0
0x00148423	0xStack[0x4]	READ	1
0x0014842e	0x00148557	CONDITIONAL_JUMP	0
0x00148434	0xStack[0x4]	READ	1
0x0014843a	0xStack[0x4]	READ	1
0x00148445	0xStack[-0x10]	WRITE	0
0x0014844a	0x00148557	CONDITIONAL_JUMP	0
0x00148450	0xStack[-0x14]	WRITE	0
0x0014846a	0x00148484	CONDITIONAL_JUMP	0
0x00148470	0xStack[-0x18]	WRITE	0
0x0014847a	0xStack[-0x1c]	WRITE	0
0x00148480	0x0014849e	UNCONDITIONAL_JUMP	0
0x00148487	0xStack[-0x18]	WRITE	0
0x00148498	0xStack[-0x1c]	WRITE	0
0x0014849e	0xStack[-0x1c]	READ	1
0x001484a8	0xStack[-0x28]	WRITE	0
0x001484ab	0xStack[-0x18]	READ	1
0x001484bc	0x001484cc	CONDITIONAL_JUMP	0
0x001484c0	0xStack[-0x28]	READ	1
0x001484ca	0x001484d1	UNCONDITIONAL_JUMP	0
0x001484d3	0x0014854e	CONDITIONAL_JUMP	0
0x001484d5	0xStack[-0x18]	READ	1
0x001484d9	0x0014bb40	UNCONDITIONAL_CALL	0
0x001484e0	0xStack[-0x20]	WRITE	0
0x001484e8	0x001484f4	CONDITIONAL_JUMP	0
0x001484ea	0xStack[-0x14]	READ	1
0x001484f1	0x001484f9	UNCONDITIONAL_JUMP	0
0x001484f4	0xStack[-0x14]	READ	1
0x001484fb	0xStack[-0x1c]	READ	0
0x001484fe	0x0014854e	CONDITIONAL_JUMP	0
0x00148500	0xStack[-0x20]	READ	1
0x00148508	0x00148548	CONDITIONAL_JUMP	0
0x0014850d	0x00148548	CONDITIONAL_JUMP	0
0x0014850f	0xStack[-0x18]	READ	1
0x00148514	0xStack[-0x24]	WRITE	0
0x00148517	0x0014bc64	UNCONDITIONAL_CALL	0
0x0014851f	0xStack[-0x24]	READ	1
0x00148525	0x00148548	CONDITIONAL_JUMP	0
0x00148527	0xStack[-0xc]	READ	1
0x0014852c	0xStack[-0x24]	WRITE	0
0x0014852f	0x0014ce18	UNCONDITIONAL_CALL	0
0x00148537	0xStack[-0x24]	READ	1
0x0014853c	0x00148548	CONDITIONAL_JUMP	0
0x0014853e	0xStack[0x4]	READ	1
0x00148549	0xStack[-0x1c]	READ	0
0x0014854c	0x00148500	CONDITIONAL_JUMP	0
0x0014854e	0xStack[-0x10]	READ	0
0x00148551	0x00148450	CONDITIONAL_JUMP	0
0x00148557	0xStack[-0x34]	DATA	0
0x0014856d	0xStack[0x4]	READ	1
0x00148572	0xStack[-0x18]	WRITE	0
0x00148575	0xStack[0x4]	READ	1
0x0014857b	0xStack[0xc]	READ	0
0x0014857f	0x001487e8	CONDITIONAL_JUMP	0
0x0014858b	0x00148778	CONDITIONAL_JUMP	0
0x00148591	0x001485a0	CONDITIONAL_JUMP	0
0x00148596	0x001485b0	CONDITIONAL_JUMP	0
0x00148598	0x001487e8	UNCONDITIONAL_JUMP	0
0x001485a5	0x00148634	CONDITIONAL_JUMP	0
0x001485ab	0x001487e8	UNCONDITIONAL_JUMP	0
0x001485b4	0x001485b2	CONDITIONAL_JUMP	0
0x001485c2	0x001485b0	CONDITIONAL_JUMP	0
0x001485c8	0x00148792	CONDITIONAL_JUMP	0
0x001485d3	0xStack[0x8]	READ	1
0x001485d9	0x001485de	CONDITIONAL_JUMP	0
0x001485ea	0x00148610	CONDITIONAL_JUMP	0
0x001485ef	0xStack[-0x2c]	WRITE	0
0x001485f4	0x00148610	CONDITIONAL_JUMP	0
0x00148606	0x0014b55c	UNCONDITIONAL_CALL	0
0x0014860b	0x00148614	UNCONDITIONAL_JUMP	0
0x00148614	0xStack[-0x18]	READ	1
0x0014861f	0xStack[0x4]	READ	1
0x0014862e	0x00148c12	UNCONDITIONAL_JUMP	0
0x00148634	0xStack[0x4]	READ	1
0x0014863a	0xStack[-0x2c]	WRITE	0
0x0014863f	0x001487e8	CONDITIONAL_JUMP	0
0x00148648	0x001487e8	CONDITIONAL_JUMP	0
0x0014864e	0xStack[0x8]	READ	1
0x00148658	0x00148656	CONDITIONAL_JUMP	0
0x00148666	0x00148654	CONDITIONAL_JUMP	0
0x00148668	0xStack[0x8]	READ	1
0x0014866f	0x001486bc	CONDITIONAL_JUMP	0
0x00148677	0xStack[-0x28]	WRITE	0
0x0014867c	0x001486bc	CONDITIONAL_JUMP	0
0x00148684	0x00148682	CONDITIONAL_JUMP	0
0x00148692	0x00148680	CONDITIONAL_JUMP	0
0x00148698	0x001486b8	CONDITIONAL_JUMP	0
0x0014869f	0xStack[-0x2c]	READ	1
0x001486a9	0x001486b8	CONDITIONAL_JUMP	0
0x001486ab	0xStack[-0x2c]	READ	1
0x001486b2	0x001486cc	CONDITIONAL_JUMP	0
0x001486be	0xStack[0x8]	READ	1
0x001486c4	0x001487e8	UNCONDITIONAL_JUMP	0
0x001486ce	0xStack[-0x2c]	READ	1
0x001486d3	0xStack[-0x28]	READ	1
0x001486f0	0xStack[-0x28]	READ	1
0x001486fd	0xStack[-0x1c]	WRITE	0
0x00148708	0xStack[-0x2c]	READ	1
0x00148710	0xStack[0x8]	READ	1
0x0014871e	0x00148723	CONDITIONAL_JUMP	0
0x0014872f	0x00148754	CONDITIONAL_JUMP	0
0x00148734	0xStack[-0x2c]	WRITE	0
0x00148739	0x00148754	CONDITIONAL_JUMP	0
0x0014874b	0x0014b55c	UNCONDITIONAL_CALL	0
0x00148750	0x00148758	UNCONDITIONAL_JUMP	0
0x00148758	0xStack[-0x18]	READ	1
0x00148765	0xStack[0x4]	READ	1
0x0014876d	0xStack[-0x1c]	READ	1
0x00148770	0x00148c0f	UNCONDITIONAL_JUMP	0
0x0014877c	0x0014877a	CONDITIONAL_JUMP	0
0x0014878a	0x00148778	CONDITIONAL_JUMP	0
0x00148790	0x00148798	CONDITIONAL_JUMP	0
0x00148796	0x001487e8	UNCONDITIONAL_JUMP	0
0x00148798	0xStack[0x8]	READ	1
0x0014879e	0x001487b0	CONDITIONAL_JUMP	0
0x001487ad	0x001487bc	UNCONDITIONAL_JUMP	0
0x001487b5	0x0014b5d4	UNCONDITIONAL_CALL	0
0x001487bc	0xStack[-0x18]	READ	1
0x001487c7	0xStack[0x4]	READ	1
0x001487d6	0x00148c12	UNCONDITIONAL_JUMP	0
0x001487dc	0xStack[-0xc]	READ	1
0x001487e2	0x00148a4b	UNCONDITIONAL_JUMP	0
0x001487e8	0xStack[-0x18]	READ	1
0x001487ec	0xStack[-0x20]	WRITE	0
0x001487ef	0xStack[-0x18]	READ	1
0x001487fa	0xStack[-0x24]	WRITE	0
0x001487fd	0xStack[0x4]	READ	1
0x00148805	0x00148aa0	CONDITIONAL_JUMP	0
0x0014880e	0x00148aa0	CONDITIONAL_JUMP	0
0x00148814	0xStack[0x8]	READ	1
0x00148820	0x0014881e	CONDITIONAL_JUMP	0
0x0014882e	0x0014881c	CONDITIONAL_JUMP	0
0x00148830	0xStack[0x8]	READ	1
0x00148837	0x00148bc0	CONDITIONAL_JUMP	0
0x0014883d	0xStack[0xc]	READ	0
0x00148841	0x00148868	CONDITIONAL_JUMP	0
0x00148843	0xStack[0xc]	READ	1
0x00148848	0x0014cf28	UNCONDITIONAL_CALL	0
0x0014884d	0xStack[-0x2c]	WRITE	0
0x00148855	0x0014886f	CONDITIONAL_JUMP	0
0x00148861	0x00148c14	UNCONDITIONAL_JUMP	0
0x00148868	0xStack[-0x2c]	WRITE	0
0x0014886f	0xStack[-0x24]	READ	0
0x00148873	0x00148894	CONDITIONAL_JUMP	0
0x00148875	0xStack[-0xc]	DATA	0
0x00148879	0xStack[-0x8]	DATA	0
0x0014887e	0xStack[0x8]	READ	1
0x00148882	0x0014db68	UNCONDITIONAL_CALL	0
0x0014888c	0x00148a4b	CONDITIONAL_JUMP	0
0x00148898	0x00148896	CONDITIONAL_JUMP	0
0x001488a6	0x00148894	CONDITIONAL_JUMP	0
0x001488ac	0x0014891c	CONDITIONAL_JUMP	0
0x001488be	0x001488da	CONDITIONAL_JUMP	0
0x001488ca	0x001f6230	DATA	1
0x001488d2	0x0016b84c	UNCONDITIONAL_CALL	0
0x001488da	0xStack[-0x2c]	READ	0
0x001488de	0x001488ec	CONDITIONAL_JUMP	0
0x001488e0	0xStack[-0x2c]	READ	1
0x001488e4	0x0014d108	UNCONDITIONAL_CALL	0
0x001488f0	0x001488ee	CONDITIONAL_JUMP	0
0x001488fe	0x001488ec	CONDITIONAL_JUMP	0
0x00148902	0xStack[0x8]	READ	1
0x0014890d	0xStack[-0x8]	WRITE	0
0x00148914	0x00148b27	UNCONDITIONAL_JUMP	0
0x0014891c	0xStack[-0xc]	DATA	0
0x00148920	0xStack[-0x8]	DATA	0
0x00148924	0xStack[0x8]	READ	1
0x00148928	0x00145f04	UNCONDITIONAL_CALL	0
0x00148932	0x00148974	CONDITIONAL_JUMP	0
0x00148938	0xStack[-0x2c]	READ	0
0x0014893c	0x0014894a	CONDITIONAL_JUMP	0
0x0014893e	0xStack[-0x2c]	READ	1
0x00148942	0x0014d108	UNCONDITIONAL_CALL	0
0x0014894a	0xStack[0x8]	READ	1
0x0014894e	0x001464ac	UNCONDITIONAL_CALL	0
0x00148958	0x00148830	CONDITIONAL_JUMP	0
0x00148961	0x00148bd0	CONDITIONAL_JUMP	0
0x0014896c	0x00148c14	UNCONDITIONAL_JUMP	0
0x00148974	0xStack[-0x2c]	READ	0
0x00148978	0x001487dc	CONDITIONAL_JUMP	0
0x0014897e	0xStack[-0x10]	DATA	0
0x00148982	0xStack[-0x2c]	READ	1
0x00148986	0xStack[-0x8]	READ	1
0x0014898b	0x0014c490	UNCONDITIONAL_CALL	0
0x00148995	0x00148a38	CONDITIONAL_JUMP	0
0x0014899f	0xStack[-0x2c]	READ	1
0x001489a3	0x0014d108	UNCONDITIONAL_CALL	0
0x001489a8	0xStack[-0xc]	READ	1
0x001489ac	0xStack[-0x8]	READ	1
0x001489b0	0xStack[0x8]	READ	1
0x001489b4	0x00146284	UNCONDITIONAL_CALL	0
0x001489c8	0x001489c6	CONDITIONAL_JUMP	0
0x001489d6	0x001489c4	CONDITIONAL_JUMP	0
0x001489dc	0x00148a04	CONDITIONAL_JUMP	0
0x001489e2	0xStack[0x8]	READ	1
0x001489ec	0x001489ea	CONDITIONAL_JUMP	0
0x001489fa	0x001489e8	CONDITIONAL_JUMP	0
0x001489fc	0x00148830	UNCONDITIONAL_JUMP	0
0x00148a05	0x0014c4d0	UNCONDITIONAL_CALL	0
0x00148a0f	0x00148bd0	CONDITIONAL_JUMP	0
0x00148a15	0xStack[0x8]	READ	1
0x00148a20	0x00148a1e	CONDITIONAL_JUMP	0
0x00148a2e	0x00148a1c	CONDITIONAL_JUMP	0
0x00148a30	0x00148830	UNCONDITIONAL_JUMP	0
0x00148a38	0xStack[-0x2c]	WRITE	0
0x00148a3f	0xStack[-0xc]	READ	1
0x00148a45	0xStack[-0x10]	READ	1
0x00148a51	0xStack[-0x24]	READ	1
0x00148a55	0xStack[-0xc]	READ	1
0x00148a59	0xStack[-0x8]	READ	1
0x00148a5d	0xStack[0x8]	READ	1
0x00148a61	0x0014fb2c	UNCONDITIONAL_CALL	0
0x00148a69	0xStack[-0x2c]	READ	0
0x00148a6d	0x00148a7c	CONDITIONAL_JUMP	0
0x00148a6f	0xStack[-0x2c]	READ	1
0x00148a73	0x0014d108	UNCONDITIONAL_CALL	0
0x00148a80	0x00148a7e	CONDITIONAL_JUMP	0
0x00148a8e	0x00148a7c	CONDITIONAL_JUMP	0
0x00148a92	0xStack[0x8]	READ	1
0x00148a98	0x00148b27	UNCONDITIONAL_JUMP	0
0x00148aa0	0xStack[0x8]	READ	1
0x00148aac	0x00148aaa	CONDITIONAL_JUMP	0
0x00148aba	0x00148aa8	CONDITIONAL_JUMP	0
0x00148abc	0xStack[0x8]	READ	1
0x00148ac3	0x00148ad4	CONDITIONAL_JUMP	0
0x00148acf	0x00148c14	UNCONDITIONAL_JUMP	0
0x00148ad4	0xStack[0xc]	READ	0
0x00148ad8	0x00148b08	CONDITIONAL_JUMP	0
0x00148ada	0xStack[0xc]	READ	1
0x00148ade	0xStack[0x8]	READ	1
0x00148ae2	0x00145e98	UNCONDITIONAL_CALL	0
0x00148aec	0x00148af4	CONDITIONAL_JUMP	0
0x00148af2	0x00148b08	CONDITIONAL_JUMP	0
0x00148af6	0xStack[0x8]	READ	1
0x00148b01	0x00148c14	UNCONDITIONAL_JUMP	0
0x00148b0c	0x00148b0a	CONDITIONAL_JUMP	0
0x00148b1a	0x00148b08	CONDITIONAL_JUMP	0
0x00148b1e	0xStack[0x8]	READ	1
0x00148b24	0xStack[-0x8]	WRITE	0
0x00148b2b	0x00148b48	CONDITIONAL_JUMP	0
0x00148b2d	0xStack[-0x14]	DATA	0
0x00148b31	0xStack[-0x20]	READ	1
0x00148b36	0xStack[0x8]	READ	1
0x00148b3a	0x0014bfa4	UNCONDITIONAL_CALL	0
0x00148b42	0x00148bdf	UNCONDITIONAL_JUMP	0
0x00148b4b	0xStack[-0x2c]	WRITE	0
0x00148b5e	0x00148b7a	CONDITIONAL_JUMP	0
0x00148b6a	0x001f6230	DATA	1
0x00148b72	0x0016b84c	UNCONDITIONAL_CALL	0
0x00148b7c	0x00148bd8	CONDITIONAL_JUMP	0
0x00148b81	0x00148bd8	CONDITIONAL_JUMP	0
0x00148b88	0x00148b86	CONDITIONAL_JUMP	0
0x00148b96	0x00148b84	CONDITIONAL_JUMP	0
0x00148b98	0x00000007	READ	0
0x00148b9c	0x00148ba6	CONDITIONAL_JUMP	0
0x00148b9e	0xStack[-0x2c]	READ	1
0x00148ba1	0x0000000b	READ	1
0x00148ba4	0x00148bb0	CONDITIONAL_JUMP	0
0x00148ba6	0xStack[-0x14]	WRITE	0
0x00148bad	0x00148bb7	UNCONDITIONAL_JUMP	0
0x00148bb0	0xStack[-0x14]	WRITE	0
0x00148bbb	0x00148bdf	UNCONDITIONAL_JUMP	0
0x00148bc2	0xStack[0x8]	READ	1
0x00148bcd	0x00148c14	UNCONDITIONAL_JUMP	0
0x00148bd5	0x00148c14	UNCONDITIONAL_JUMP	0
0x00148bd8	0xStack[-0x14]	WRITE	0
0x00148be1	0x00148bee	CONDITIONAL_JUMP	0
0x00148be6	0x00148bee	CONDITIONAL_JUMP	0
0x00148be9	0x0014b86c	UNCONDITIONAL_CALL	0
0x00148bee	0xStack[-0x18]	READ	1
0x00148bf6	0xStack[-0x20]	READ	1
0x00148bfc	0xStack[-0x24]	READ	1
0x00148c01	0xStack[0x4]	READ	1
0x00148c06	0xStack[-0x14]	READ	1
0x00148c0c	0xStack[-0x8]	READ	1
0x00148c14	0xStack[-0x38]	DATA	0
0x00148c29	0xStack[0x4]	READ	1
0x00148c2c	0xStack[0x8]	READ	1
0x00148c31	0x00148c38	CONDITIONAL_JUMP	0
0x00148c36	0x00148c44	CONDITIONAL_JUMP	0
0x00148c38	0xStack[0x10]	READ	1
0x00148c3d	0x00148d1c	UNCONDITIONAL_JUMP	0
0x00148c44	0xStack[0xc]	READ	0
0x00148c48	0x00148cc8	CONDITIONAL_JUMP	0
0x00148c54	0x00148c52	CONDITIONAL_JUMP	0
0x00148c62	0x00148c50	CONDITIONAL_JUMP	0
0x00148c68	0x00148ca0	CONDITIONAL_JUMP	0
0x00148c70	0x00148c6e	CONDITIONAL_JUMP	0
0x00148c7e	0x00148c6c	CONDITIONAL_JUMP	0
0x00148c84	0x00148c9c	CONDITIONAL_JUMP	0
0x00148c86	0xStack[-0x8]	DATA	0
0x00148c8a	0xStack[0x10]	READ	1
0x00148c90	0x00146b54	UNCONDITIONAL_CALL	0
0x00148c9a	0x00148ca8	CONDITIONAL_JUMP	0
0x00148ca5	0x00148cc8	UNCONDITIONAL_JUMP	0
0x00148cb2	0xStack[-0x8]	READ	1
0x00148cbc	0x00148cc0	CONDITIONAL_JUMP	0
0x00148cc5	0x00148d1c	UNCONDITIONAL_JUMP	0
0x00148cc8	0xStack[0x10]	READ	1
0x00148cce	0xStack[0xc]	READ	1
0x00148cd4	0x0014bdb4	UNCONDITIONAL_CALL	0
0x00148ce0	0x00148d1c	CONDITIONAL_JUMP	0
0x00148ce2	0xStack[0xc]	READ	1
0x00148ce7	0x0014bd68	UNCONDITIONAL_CALL	0
0x00148cef	0x00148cfc	CONDITIONAL_JUMP	0
0x00148cf1	0xStack[0x10]	READ	1
0x00148cfa	0x00148d1c	UNCONDITIONAL_JUMP	0
0x00148cfc	0xStack[0x10]	READ	1
0x00148d08	0x00148d14	CONDITIONAL_JUMP	0
0x00148d0f	0x00148d1e	UNCONDITIONAL_JUMP	0
0x00148d19	0x00148d1e	UNCONDITIONAL_JUMP	0
0x00148d1e	0xStack[-0x14]	DATA	0
0x00148d31	0xStack[-0x10]	WRITE	0
0x00148d38	0x0014913c	UNCONDITIONAL_JUMP	0
0x00148d40	0xStack[0x4]	READ	1
0x00148d43	0xStack[-0x18]	WRITE	0
0x00148d53	0xStack[-0x24]	WRITE	0
0x00148d59	0xStack[-0x4c]	WRITE	0
0x00148d5f	0xStack[-0x28]	WRITE	0
0x00148d62	0x00148d7c	CONDITIONAL_JUMP	0
0x00148d68	0xStack[-0x1c]	WRITE	0
0x00148d72	0xStack[-0x20]	WRITE	0
0x00148d75	0xStack[0x4]	READ_WRITE	0
0x00148d79	0x00148d9f	UNCONDITIONAL_JUMP	0
0x00148d7c	0xStack[0x4]	READ	1
0x00148d82	0xStack[-0x1c]	WRITE	0
0x00148d85	0xStack[0x4]	READ	1
0x00148d96	0xStack[-0x20]	WRITE	0
0x00148d9c	0xStack[0x4]	WRITE	0
0x00148d9f	0xStack[-0x20]	READ	1
0x00148da9	0xStack[-0x30]	WRITE	0
0x00148dac	0xStack[-0x1c]	READ	1
0x00148db2	0xStack[-0x2c]	WRITE	0
0x00148dc0	0xStack[-0x2c]	WRITE	0
0x00148dc5	0x00149059	CONDITIONAL_JUMP	0
0x00148dcb	0xStack[-0x24]	READ	0
0x00148dcf	0x00148f1c	CONDITIONAL_JUMP	0
0x00148dd5	0xStack[-0x30]	READ	0
0x00148dd9	0x00148f1c	CONDITIONAL_JUMP	0
0x00148de1	0xStack[-0x30]	READ	1
0x00148de5	0xStack[-0x8]	DATA	0
0x00148de9	0xStack[0x10]	READ	1
0x00148ded	0x0017c5b8	UNCONDITIONAL_CALL	0
0x00148df2	0xStack[-0x14]	WRITE	0
0x00148dfa	0x00148f1c	CONDITIONAL_JUMP	0
0x00148e02	0xStack[0x4]	READ	0
0x00148e05	0x001490f0	CONDITIONAL_JUMP	0
0x00148e17	0xStack[-0x34]	WRITE	0
0x00148e20	0x00148e38	CONDITIONAL_JUMP	0
0x00148e26	0xStack[-0x38]	WRITE	0
0x00148e33	0x00148e4f	UNCONDITIONAL_JUMP	0
0x00148e3b	0xStack[-0x38]	WRITE	0
0x00148e58	0xStack[-0x3c]	WRITE	0
0x00148e5b	0xStack[-0x38]	READ	1
0x00148e61	0xStack[-0x50]	WRITE	0
0x00148e6f	0xStack[-0x50]	WRITE	0
0x00148e74	0x00148ec1	CONDITIONAL_JUMP	0
0x00148e76	0xStack[-0x34]	READ	0
0x00148e7a	0x00148e94	CONDITIONAL_JUMP	0
0x00148e7c	0xStack[-0x48]	WRITE	0
0x00148e82	0xStack[0x4]	READ	0
0x00148e85	0x00148e99	CONDITIONAL_JUMP	0
0x00148e8c	0xStack[0x4]	READ	0
0x00148e8f	0x00148e88	CONDITIONAL_JUMP	0
0x00148e91	0x00148e99	UNCONDITIONAL_JUMP	0
0x00148e96	0xStack[-0x48]	WRITE	0
0x00148e9d	0x00148ec1	CONDITIONAL_JUMP	0
0x00148ea0	0xStack[-0x48]	READ	1
0x00148ea8	0x00148ebc	CONDITIONAL_JUMP	0
0x00148ead	0x00148ebc	CONDITIONAL_JUMP	0
0x00148eaf	0xStack[-0x38]	READ	1
0x00148eb4	0x0014bd68	UNCONDITIONAL_CALL	0
0x00148ebf	0x00148ea0	CONDITIONAL_JUMP	0
0x00148ec1	0xStack[-0x34]	READ	0
0x00148ec5	0x00148ed4	CONDITIONAL_JUMP	0
0x00148ec7	0xStack[-0x3c]	READ	1
0x00148ed1	0x00148f0b	UNCONDITIONAL_JUMP	0
0x00148ed6	0xStack[-0x3c]	READ	0
0x00148eda	0x00148f08	CONDITIONAL_JUMP	0
0x00148edc	0xStack[-0x50]	READ	0
0x00148ee0	0x00148ef4	CONDITIONAL_JUMP	0
0x00148ee2	0xStack[-0x3c]	READ	1
0x00148ee7	0x0015a824	UNCONDITIONAL_CALL	0
0x00148eef	0x00148f08	UNCONDITIONAL_JUMP	0
0x00148ef4	0xStack[-0x3c]	READ	1
0x00148ef9	0x001f6244	READ	1
0x00148f00	0x0017c620	UNCONDITIONAL_CALL	0
0x00148f0b	0xStack[0x4]	READ	0
0x00148f0e	0x00148e0c	CONDITIONAL_JUMP	0
0x00148f14	0x001490f0	UNCONDITIONAL_JUMP	0
0x00148f1c	0xStack[0x4]	READ	1
0x00148f1f	0xStack[-0x24]	READ	0
0x00148f23	0x00148f27	CONDITIONAL_JUMP	0
0x00148f27	0xStack[-0x48]	WRITE	0
0x00148f2e	0xStack[-0x20]	READ	1
0x00148f31	0xStack[-0x48]	READ	0
0x00148f34	0x00149059	CONDITIONAL_JUMP	0
0x00148f40	0x00148f47	CONDITIONAL_JUMP	0
0x00148f45	0x00148f50	CONDITIONAL_JUMP	0
0x00148f4b	0x00149042	UNCONDITIONAL_JUMP	0
0x00148f50	0xStack[-0x1c]	READ	0
0x00148f54	0x00148ff8	CONDITIONAL_JUMP	0
0x00148f5c	0xStack[0xc]	READ	1
0x00148f62	0xStack[-0x50]	WRITE	0
0x00148f68	0xStack[-0x50]	READ	1
0x00148f6f	0x00148f6d	CONDITIONAL_JUMP	0
0x00148f76	0xStack[-0x50]	READ	1
0x00148f80	0x00148f68	CONDITIONAL_JUMP	0
0x00148f82	0xStack[0xc]	READ	1
0x00148f89	0x00148f94	CONDITIONAL_JUMP	0
0x00148f90	0x00148ff8	UNCONDITIONAL_JUMP	0
0x00148f98	0x00148f96	CONDITIONAL_JUMP	0
0x00148fa6	0x00148f94	CONDITIONAL_JUMP	0
0x00148fac	0x00148fc4	CONDITIONAL_JUMP	0
0x00148fae	0xStack[-0xc]	DATA	0
0x00148fb4	0xStack[0xc]	READ	1
0x00148fb8	0x00146b54	UNCONDITIONAL_CALL	0
0x00148fc2	0x00148fd4	CONDITIONAL_JUMP	0
0x00148fca	0xStack[0xc]	READ	1
0x00148fd0	0x00148ff8	UNCONDITIONAL_JUMP	0
0x00148fde	0xStack[-0xc]	READ	1
0x00148fe8	0x00148fec	CONDITIONAL_JUMP	0
0x00148fee	0xStack[0xc]	READ	1
0x00148ff4	0x00149042	UNCONDITIONAL_JUMP	0
0x00148ffb	0xStack[-0x1c]	READ	1
0x00149000	0xStack[0xc]	READ	1
0x00149004	0x0014bdb4	UNCONDITIONAL_CALL	0
0x00149010	0x00149042	CONDITIONAL_JUMP	0
0x00149012	0xStack[-0x1c]	READ	1
0x00149017	0x0014bd68	UNCONDITIONAL_CALL	0
0x00149022	0x0014903c	CONDITIONAL_JUMP	0
0x00149032	0x00149044	CONDITIONAL_JUMP	0
0x00149039	0x00149044	UNCONDITIONAL_JUMP	0
0x00149044	0xStack[-0x10]	READ_WRITE	0
0x0014904a	0xStack[-0x48]	READ_WRITE	0
0x0014904d	0xStack[-0x20]	READ	1
0x00149050	0xStack[-0x48]	READ	0
0x00149053	0x00148f3c	CONDITIONAL_JUMP	0
0x00149059	0xStack[-0x24]	READ	0
0x0014905d	0x00149078	CONDITIONAL_JUMP	0
0x0014905f	0xStack[-0x18]	READ	1
0x00149066	0xStack[-0x30]	READ	1
0x0014906e	0xStack[0x4]	READ_WRITE	0
0x00149071	0x0014913c	UNCONDITIONAL_JUMP	0
0x00149078	0xStack[0x4]	READ	1
0x0014907d	0xStack[-0x30]	READ	0
0x00149081	0x00149090	CONDITIONAL_JUMP	0
0x00149083	0xStack[-0x8]	WRITE	0
0x0014908a	0x00149127	UNCONDITIONAL_JUMP	0
0x00149090	0xStack[-0x2c]	READ	0
0x00149094	0x001490b8	CONDITIONAL_JUMP	0
0x00149096	0xStack[-0x30]	READ	1
0x0014909a	0xStack[-0x8]	READ	1
0x0014909f	0xStack[0x10]	READ	1
0x001490a3	0x00174120	UNCONDITIONAL_CALL	0
0x001490a8	0xStack[-0x30]	READ	1
0x001490ad	0x0015a824	UNCONDITIONAL_CALL	0
0x001490b5	0x00149127	UNCONDITIONAL_JUMP	0
0x001490b8	0xStack[-0x8]	DATA	0
0x001490be	0xStack[-0x30]	READ	1
0x001490c2	0xStack[0x10]	READ	1
0x001490c7	0x001f6244	READ	1
0x001490ce	0x00178708	UNCONDITIONAL_CALL	0
0x001490d3	0xStack[-0x14]	WRITE	0
0x001490d6	0xStack[-0x30]	READ	1
0x001490db	0x001f6244	READ	1
0x001490e2	0x0017c620	UNCONDITIONAL_CALL	0
0x001490ea	0xStack[-0x14]	READ	0
0x001490ee	0x00149127	CONDITIONAL_JUMP	0
0x001490f0	0xStack[-0x8]	WRITE	0
0x001490f7	0xStack[-0x28]	READ	0
0x001490fb	0x00149108	CONDITIONAL_JUMP	0
0x001490fd	0xStack[-0x18]	READ	1
0x00149106	0x0014910f	UNCONDITIONAL_JUMP	0
0x00149108	0xStack[-0x18]	READ	1
0x0014910f	0xStack[-0x14]	READ	0
0x00149113	0x00149120	CONDITIONAL_JUMP	0
0x00149115	0xStack[-0x10]	READ_WRITE	0
0x0014911c	0x00149127	UNCONDITIONAL_JUMP	0
0x00149120	0xStack[-0x10]	READ_WRITE	0
0x00149127	0xStack[-0x18]	READ	1
0x0014912e	0xStack[-0x8]	READ	1
0x00149131	0xStack[0x4]	READ	1
0x00149139	0xStack[0x4]	WRITE	0
0x0014913c	0xStack[0x8]	READ	1
0x0014913f	0xStack[0x4]	READ	0
0x00149142	0x00148d40	CONDITIONAL_JUMP	0
0x00149148	0xStack[-0x10]	READ	1
0x0014914b	0xStack[-0x60]	DATA	0
0x0014915e	0xStack[0x4]	READ	1
0x00149161	0xStack[0x8]	READ	1
0x00149167	0xStack[0x10]	READ	1
0x00149170	0x00148564	UNCONDITIONAL_CALL	0
0x0014917a	0x001491a0	CONDITIONAL_JUMP	0
0x0014917e	0x001491a0	CONDITIONAL_JUMP	0
0x0014918b	0xStack[0xc]	READ	1
0x00149192	0x00148d28	UNCONDITIONAL_CALL	0
0x00149199	0x001491a0	CONDITIONAL_JUMP	0
0x001491a0	0xStack[-0x10]	DATA	0
0x001491b5	0xStack[0x8]	READ	1
0x001491b8	0xStack[0x4]	READ	1
0x001491be	0xStack[-0x14]	WRITE	0
0x001491c1	0xStack[0x4]	READ	1
0x001491c7	0xStack[-0x2c]	WRITE	0
0x001491ca	0xStack[0x4]	READ	1
0x001491d0	0xStack[-0x18]	WRITE	0
0x001491d3	0xStack[-0x14]	READ	1
0x001491d7	0xStack[-0x1c]	WRITE	0
0x001491da	0xStack[-0x14]	READ	1
0x001491e5	0xStack[-0x20]	WRITE	0
0x001491e8	0xStack[-0x8]	DATA	0
0x001491eb	0xStack[-0x24]	WRITE	0
0x001491ee	0xStack[-0x2c]	READ	0
0x001491f2	0x001491fa	CONDITIONAL_JUMP	0
0x001491f4	0xStack[-0x2c]	READ	0
0x001491f8	0x00149208	CONDITIONAL_JUMP	0
0x001491fa	0xStack[-0x2c]	READ	1
0x001491fd	0xStack[-0x8]	WRITE	0
0x00149200	0x001492df	UNCONDITIONAL_JUMP	0
0x00149208	0xStack[-0x1c]	READ	0
0x0014920c	0x0014928c	CONDITIONAL_JUMP	0
0x0014920e	0xStack[-0x2c]	READ	1
0x00149218	0x00149216	CONDITIONAL_JUMP	0
0x00149226	0x00149214	CONDITIONAL_JUMP	0
0x0014922c	0x00149264	CONDITIONAL_JUMP	0
0x00149234	0x00149232	CONDITIONAL_JUMP	0
0x00149242	0x00149230	CONDITIONAL_JUMP	0
0x00149248	0x00149260	CONDITIONAL_JUMP	0
0x0014924a	0xStack[-0x10]	DATA	0
0x0014924e	0xStack[-0x24]	READ	1
0x00149254	0x00146b54	UNCONDITIONAL_CALL	0
0x0014925e	0x0014926c	CONDITIONAL_JUMP	0
0x00149269	0x0014928c	UNCONDITIONAL_JUMP	0
0x00149276	0xStack[-0x10]	READ	1
0x00149280	0x00149284	CONDITIONAL_JUMP	0
0x00149289	0x001492df	UNCONDITIONAL_JUMP	0
0x0014928c	0xStack[-0x24]	READ	1
0x00149292	0xStack[-0x1c]	READ	1
0x00149296	0xStack[-0x2c]	READ	1
0x0014929b	0x0014bdb4	UNCONDITIONAL_CALL	0
0x001492a7	0x001492df	CONDITIONAL_JUMP	0
0x001492a9	0xStack[-0x1c]	READ	1
0x001492ae	0x0014bd68	UNCONDITIONAL_CALL	0
0x001492b9	0x001492d8	CONDITIONAL_JUMP	0
0x001492bb	0xStack[-0x8]	WRITE	0
0x001492c2	0xStack[-0x2c]	WRITE	0
0x001492cc	0x001492e6	CONDITIONAL_JUMP	0
0x001492ce	0xStack[-0x2c]	WRITE	0
0x001492d5	0x001492e6	UNCONDITIONAL_JUMP	0
0x001492d8	0xStack[-0x8]	WRITE	0
0x001492df	0xStack[-0x2c]	WRITE	0
0x001492e6	0xStack[-0xc]	DATA	0
0x001492e9	0xStack[-0x28]	WRITE	0
0x001492ec	0xStack[-0x18]	READ	0
0x001492f0	0x001492f8	CONDITIONAL_JUMP	0
0x001492f2	0xStack[-0x18]	READ	0
0x001492f6	0x00149304	CONDITIONAL_JUMP	0
0x001492f8	0xStack[-0x18]	READ	1
0x001492fb	0xStack[-0xc]	WRITE	0
0x001492fe	0x001493d7	UNCONDITIONAL_JUMP	0
0x00149304	0xStack[-0x20]	READ	0
0x00149308	0x00149388	CONDITIONAL_JUMP	0
0x0014930a	0xStack[-0x18]	READ	1
0x00149314	0x00149312	CONDITIONAL_JUMP	0
0x00149322	0x00149310	CONDITIONAL_JUMP	0
0x00149328	0x00149360	CONDITIONAL_JUMP	0
0x00149330	0x0014932e	CONDITIONAL_JUMP	0
0x0014933e	0x0014932c	CONDITIONAL_JUMP	0
0x00149344	0x0014935c	CONDITIONAL_JUMP	0
0x00149346	0xStack[-0x10]	DATA	0
0x0014934a	0xStack[-0x28]	READ	1
0x00149350	0x00146b54	UNCONDITIONAL_CALL	0
0x0014935a	0x00149368	CONDITIONAL_JUMP	0
0x00149365	0x00149388	UNCONDITIONAL_JUMP	0
0x00149372	0xStack[-0x10]	READ	1
0x0014937c	0x00149380	CONDITIONAL_JUMP	0
0x00149385	0x001493d7	UNCONDITIONAL_JUMP	0
0x00149388	0xStack[-0x28]	READ	1
0x0014938e	0xStack[-0x20]	READ	1
0x00149392	0xStack[-0x18]	READ	1
0x00149397	0x0014bdb4	UNCONDITIONAL_CALL	0
0x001493a3	0x001493d7	CONDITIONAL_JUMP	0
0x001493a6	0xStack[-0x18]	READ	1
0x001493aa	0x0014bd68	UNCONDITIONAL_CALL	0
0x001493b5	0x001493d0	CONDITIONAL_JUMP	0
0x001493b7	0xStack[-0xc]	WRITE	0
0x001493c6	0x001493d9	CONDITIONAL_JUMP	0
0x001493cd	0x001493d9	UNCONDITIONAL_JUMP	0
0x001493d0	0xStack[-0xc]	WRITE	0
0x001493d9	0xStack[-0x2c]	READ	1
0x001493de	0xStack[-0x14]	READ	1
0x001493e7	0xStack[0x4]	READ	1
0x001493ed	0xStack[-0x8]	READ	1
0x001493f3	0xStack[-0xc]	READ	1
0x001493f9	0xStack[-0x14]	READ	0
0x001493fd	0x0014941b	CONDITIONAL_JUMP	0
0x001493ff	0xStack[0x4]	READ	1
0x0014940d	0xStack[0xc]	READ	1
0x00149414	0x00148d28	UNCONDITIONAL_CALL	0
0x0014941d	0xStack[-0x38]	DATA	0
0x00149431	0xStack[0x4]	READ	1
0x00149445	0xStack[-0xc]	WRITE	0
0x00149452	0xStack[-0x10]	WRITE	0
0x0014945c	0x0014945a	CONDITIONAL_JUMP	0
0x0014946a	0x00149458	CONDITIONAL_JUMP	0
0x00149470	0x0014948c	CONDITIONAL_JUMP	0
0x00149472	0xStack[-0x8]	DATA	0
0x00149476	0xStack[-0xc]	READ	1
0x0014947b	0xStack[0x8]	READ	1
0x0014947f	0x0014bfa4	UNCONDITIONAL_CALL	0
0x00149487	0x001494bf	UNCONDITIONAL_JUMP	0
0x0014949c	0x001494b8	CONDITIONAL_JUMP	0
0x001494a8	0x001f6230	DATA	1
0x001494b0	0x0016b84c	UNCONDITIONAL_CALL	0
0x001494b8	0xStack[-0x8]	WRITE	0
0x001494c1	0x001494dc	CONDITIONAL_JUMP	0
0x001494c6	0x001494dc	CONDITIONAL_JUMP	0
0x001494c8	0xStack[-0x10]	READ	1
0x001494cd	0x0014bd68	UNCONDITIONAL_CALL	0
0x001494d7	0x001494de	UNCONDITIONAL_JUMP	0
0x001494e5	0xStack[-0xc]	READ	1
0x001494eb	0xStack[-0x10]	READ	1
0x001494f3	0xStack[-0x8]	READ	1
0x001494fe	0x0014961d	CONDITIONAL_JUMP	0
0x0014950c	0xStack[-0x14]	WRITE	0
0x00149514	0x0014961d	CONDITIONAL_JUMP	0
0x00149527	0xStack[-0x18]	WRITE	0
0x00149530	0x00149548	CONDITIONAL_JUMP	0
0x00149536	0xStack[-0x1c]	WRITE	0
0x00149543	0x0014955f	UNCONDITIONAL_JUMP	0
0x0014954b	0xStack[-0x1c]	WRITE	0
0x0014956a	0xStack[-0x1c]	READ	1
0x00149570	0xStack[-0x2c]	WRITE	0
0x0014957e	0xStack[-0x2c]	WRITE	0
0x00149583	0x001495d7	CONDITIONAL_JUMP	0
0x00149585	0xStack[-0x18]	READ	0
0x00149589	0x001495a4	CONDITIONAL_JUMP	0
0x0014958b	0xStack[-0x20]	WRITE	0
0x00149591	0xStack[-0x14]	READ	0
0x00149594	0x001495a9	CONDITIONAL_JUMP	0
0x0014959c	0xStack[-0x14]	READ	0
0x0014959f	0x00149598	CONDITIONAL_JUMP	0
0x001495a1	0x001495a9	UNCONDITIONAL_JUMP	0
0x001495a6	0xStack[-0x20]	WRITE	0
0x001495ad	0x001495d7	CONDITIONAL_JUMP	0
0x001495b0	0xStack[-0x20]	READ	1
0x001495b8	0x001495d2	CONDITIONAL_JUMP	0
0x001495bd	0x001495d2	CONDITIONAL_JUMP	0
0x001495bf	0xStack[-0x1c]	READ	1
0x001495c4	0xStack[-0x28]	WRITE	0
0x001495c7	0x0014bd68	UNCONDITIONAL_CALL	0
0x001495cf	0xStack[-0x28]	READ	1
0x001495d5	0x001495b0	CONDITIONAL_JUMP	0
0x001495d7	0xStack[-0x18]	READ	0
0x001495db	0x001495e8	CONDITIONAL_JUMP	0
0x001495e4	0x00149614	UNCONDITIONAL_JUMP	0
0x001495ec	0x00149611	CONDITIONAL_JUMP	0
0x001495ee	0xStack[-0x2c]	READ	0
0x001495f2	0x00149600	CONDITIONAL_JUMP	0
0x001495f6	0x0015a824	UNCONDITIONAL_CALL	0
0x001495fe	0x00149611	UNCONDITIONAL_JUMP	0
0x00149602	0x001f6244	READ	1
0x00149609	0x0017c620	UNCONDITIONAL_CALL	0
0x00149614	0xStack[-0x14]	READ	0
0x00149617	0x0014951c	CONDITIONAL_JUMP	0
0x0014961d	0xStack[-0x38]	DATA	0
0x00149631	0xStack[-0x1c]	DATA	0
0x00149634	0xStack[0x4]	READ	1
0x00149644	0xStack[-0x10]	READ	1
0x00149647	0xStack[-0x24]	DATA	0
0x0014964b	0xStack[-0x20]	DATA	0
0x0014964f	0xStack[-0xc]	READ	1
0x00149653	0xStack[0x8]	READ	1
0x00149657	0x0014c15c	UNCONDITIONAL_CALL	0
0x00149661	0x00149670	CONDITIONAL_JUMP	0
0x00149668	0x00149a59	UNCONDITIONAL_JUMP	0
0x00149672	0x001496a4	CONDITIONAL_JUMP	0
0x00149674	0xStack[-0x2c]	DATA	0
0x00149678	0xStack[-0x28]	DATA	0
0x0014967d	0xStack[0x8]	READ	1
0x00149681	0x0014c15c	UNCONDITIONAL_CALL	0
0x0014968b	0x001496b2	CONDITIONAL_JUMP	0
0x0014968d	0xStack[-0x24]	READ	1
0x00149691	0xStack[-0x20]	READ	1
0x00149695	0x0014bd68	UNCONDITIONAL_CALL	0
0x0014969f	0x00149a59	UNCONDITIONAL_JUMP	0
0x001496a4	0xStack[-0x28]	WRITE	0
0x001496ab	0xStack[-0x2c]	WRITE	0
0x001496b2	0xStack[-0x2c]	READ	1
0x001496b8	0xStack[-0x24]	READ	1
0x001496bb	0xStack[0x4]	READ	1
0x001496c1	0xStack[-0x18]	READ	1
0x001496c7	0xStack[-0x20]	READ	1
0x001496cd	0xStack[-0x28]	READ	1
0x001496d3	0xStack[-0x14]	READ	1
0x001496d9	0xStack[-0x8]	READ	1
0x001496df	0xStack[-0x19]	READ	0
0x001496e3	0x00149760	CONDITIONAL_JUMP	0
0x001496e7	0x00149a59	UNCONDITIONAL_JUMP	0
0x001496f0	0xStack[-0x40]	READ	1
0x001496f4	0xStack[0x4]	READ	1
0x001496f8	0x00147320	UNCONDITIONAL_CALL	0
0x00149702	0x00149a59	UNCONDITIONAL_JUMP	0
0x0014970c	0xStack[-0x40]	READ	1
0x00149710	0xStack[0x4]	READ	1
0x00149714	0x00147320	UNCONDITIONAL_CALL	0
0x0014971e	0x00149a59	UNCONDITIONAL_JUMP	0
0x00149728	0xStack[-0x40]	READ	1
0x0014972c	0xStack[0x4]	READ	1
0x00149730	0x00147320	UNCONDITIONAL_CALL	0
0x0014973a	0x00149a59	UNCONDITIONAL_JUMP	0
0x00149740	0xStack[-0x68]	READ	1
0x00149746	0xStack[-0x40]	READ	1
0x0014974a	0xStack[0x4]	READ	1
0x0014974e	0x00147320	UNCONDITIONAL_CALL	0
0x00149758	0x00149a59	UNCONDITIONAL_JUMP	0
0x00149760	0xStack[-0x3c]	WRITE	0
0x00149767	0xStack[0x4]	READ	1
0x0014976d	0xStack[0x4]	READ	1
0x00149778	0xStack[-0x38]	WRITE	0
0x0014977d	0x00149a47	CONDITIONAL_JUMP	0
0x00149784	0xStack[-0x40]	WRITE	0
0x00149789	0xStack[-0x38]	READ	1
0x00149791	0x001497a8	CONDITIONAL_JUMP	0
0x0014979e	0xStack[-0x4c]	WRITE	0
0x001497a1	0x001497c0	CONDITIONAL_JUMP	0
0x001497a6	0x001497c0	CONDITIONAL_JUMP	0
0x001497ad	0xStack[0x4]	READ	1
0x001497b1	0x00147320	UNCONDITIONAL_CALL	0
0x001497bb	0x00149a59	UNCONDITIONAL_JUMP	0
0x001497cd	0xStack[-0x64]	WRITE	0
0x001497d8	0xStack[-0x50]	WRITE	0
0x001497db	0xStack[-0x4c]	READ	0
0x001497df	0x001497f8	CONDITIONAL_JUMP	0
0x001497e5	0xStack[-0x44]	WRITE	0
0x001497ef	0xStack[-0x48]	WRITE	0
0x001497f5	0x00149812	UNCONDITIONAL_JUMP	0
0x001497fb	0xStack[-0x44]	WRITE	0
0x0014980c	0xStack[-0x48]	WRITE	0
0x00149812	0xStack[-0x44]	READ	1
0x00149818	0xStack[-0x54]	WRITE	0
0x00149826	0xStack[-0x54]	WRITE	0
0x0014982b	0x00149836	CONDITIONAL_JUMP	0
0x00149830	0x001496ec	CONDITIONAL_JUMP	0
0x0014983a	0xStack[-0x4c]	READ	0
0x0014983e	0x0014984d	CONDITIONAL_JUMP	0
0x0014984d	0xStack[-0x48]	READ	1
0x0014985b	0xStack[-0x64]	READ	0
0x0014985f	0x00149880	CONDITIONAL_JUMP	0
0x00149869	0xStack[-0x38]	READ	1
0x00149870	0x00149708	CONDITIONAL_JUMP	0
0x00149876	0xStack[-0x64]	WRITE	0
0x0014987b	0x0014997d	UNCONDITIONAL_JUMP	0
0x00149880	0xStack[-0x38]	READ	1
0x00149888	0x00149724	CONDITIONAL_JUMP	0
0x00149890	0xStack[-0x58]	WRITE	0
0x00149895	0x001498a4	CONDITIONAL_JUMP	0
0x00149897	0xStack[-0x64]	WRITE	0
0x0014989e	0x0014996e	UNCONDITIONAL_JUMP	0
0x001498a4	0xStack[-0x54]	READ	0
0x001498a8	0x00149920	CONDITIONAL_JUMP	0
0x001498ab	0xStack[-0x6c]	WRITE	0
0x001498ae	0xStack[-0x60]	WRITE	0
0x001498b1	0x0015a75c	UNCONDITIONAL_CALL	0
0x001498b6	0xStack[-0x64]	WRITE	0
0x001498bc	0xStack[-0x6c]	READ	1
0x001498bf	0xStack[-0x60]	READ	1
0x001498c4	0x0014994a	CONDITIONAL_JUMP	0
0x001498cb	0xStack[-0x64]	READ	1
0x001498cf	0xStack[-0x58]	READ	1
0x001498d3	0xStack[0xc]	READ	1
0x001498d7	0xStack[-0x6c]	WRITE	0
0x001498da	0xStack[-0x60]	WRITE	0
0x001498dd	0x001740d0	UNCONDITIONAL_CALL	0
0x001498e5	0xStack[-0x6c]	READ	1
0x001498e8	0xStack[-0x60]	READ	1
0x001498ed	0x00149910	CONDITIONAL_JUMP	0
0x001498ef	0xStack[-0x50]	READ	0
0x001498f3	0x0014996e	CONDITIONAL_JUMP	0
0x001498f8	0xStack[-0x6c]	WRITE	0
0x001498fb	0xStack[-0x60]	WRITE	0
0x001498fe	0x0017c620	UNCONDITIONAL_CALL	0
0x00149906	0xStack[-0x6c]	READ	1
0x00149909	0xStack[-0x60]	READ	1
0x0014990e	0x0014996e	CONDITIONAL_JUMP	0
0x00149911	0xStack[-0x64]	READ	1
0x00149915	0x0015a824	UNCONDITIONAL_CALL	0
0x0014991d	0x0014994a	UNCONDITIONAL_JUMP	0
0x00149920	0xStack[-0x30]	DATA	0
0x00149924	0xStack[-0x50]	READ	1
0x00149929	0x001f6244	READ	1
0x00149930	0xStack[-0x58]	READ	1
0x00149934	0xStack[0xc]	READ	1
0x00149938	0xStack[-0x60]	WRITE	0
0x0014993b	0x00178708	UNCONDITIONAL_CALL	0
0x00149943	0xStack[-0x60]	READ	1
0x00149948	0x00149968	CONDITIONAL_JUMP	0
0x0014994e	0xStack[-0x40]	READ	1
0x00149952	0xStack[0x4]	READ	1
0x00149956	0x00147320	UNCONDITIONAL_CALL	0
0x00149960	0x00149a59	UNCONDITIONAL_JUMP	0
0x00149968	0xStack[-0x30]	READ	1
0x0014996b	0xStack[-0x64]	WRITE	0
0x0014996e	0xStack[-0x64]	READ	1
0x00149976	0xStack[-0x3c]	WRITE	0
0x0014997d	0xStack[-0x54]	READ	0
0x00149981	0x00149a3e	CONDITIONAL_JUMP	0
0x00149987	0xStack[-0x44]	READ	1
0x0014998b	0xStack[-0x60]	WRITE	0
0x0014998e	0x0014bb40	UNCONDITIONAL_CALL	0
0x00149993	0xStack[-0x5c]	WRITE	0
0x00149996	0xStack[-0x64]	READ	1
0x0014999c	0xStack[-0x60]	READ	1
0x0014999f	0xStack[-0x4c]	READ	0
0x001499a3	0x001499b0	CONDITIONAL_JUMP	0
0x001499a5	0xStack[-0x5c]	READ	1
0x001499ad	0x001499b5	UNCONDITIONAL_JUMP	0
0x001499b0	0xStack[-0x5c]	READ	1
0x001499b5	0xStack[-0x68]	WRITE	0
0x001499bc	0xStack[-0x48]	READ	1
0x001499bf	0xStack[-0x68]	READ	0
0x001499c2	0x00149a37	CONDITIONAL_JUMP	0
0x001499cc	0x00149a29	CONDITIONAL_JUMP	0
0x001499d1	0x00149a29	CONDITIONAL_JUMP	0
0x001499d3	0xStack[-0x34]	DATA	0
0x001499d7	0xStack[-0x50]	READ	1
0x001499db	0xStack[-0x44]	READ	1
0x001499e0	0xStack[0x8]	READ	1
0x001499e4	0xStack[-0x60]	WRITE	0
0x001499e7	0x0014c11c	UNCONDITIONAL_CALL	0
0x001499ef	0xStack[-0x60]	READ	1
0x001499f4	0x00149740	CONDITIONAL_JUMP	0
0x001499fa	0xStack[-0x5c]	READ	0
0x001499fe	0x00149a24	CONDITIONAL_JUMP	0
0x00149a00	0xStack[-0x20]	READ	1
0x00149a04	0xStack[-0x34]	READ	1
0x00149a08	0xStack[-0x60]	WRITE	0
0x00149a0b	0x0014ce18	UNCONDITIONAL_CALL	0
0x00149a13	0xStack[-0x60]	READ	1
0x00149a18	0x00149a24	CONDITIONAL_JUMP	0
0x00149a1a	0xStack[0x4]	READ	1
0x00149a24	0xStack[-0x34]	READ	1
0x00149a2c	0xStack[-0x68]	READ_WRITE	0
0x00149a2f	0xStack[-0x48]	READ	1
0x00149a32	0xStack[-0x68]	READ	0
0x00149a35	0x001499c8	CONDITIONAL_JUMP	0
0x00149a37	0xStack[-0x3c]	WRITE	0
0x00149a3e	0xStack[-0x38]	READ	0
0x00149a41	0x00149784	CONDITIONAL_JUMP	0
0x00149a47	0xStack[-0x3c]	READ	0
0x00149a4b	0x00149a57	CONDITIONAL_JUMP	0
0x00149a4d	0xStack[0x4]	READ	1
0x00149a59	0xStack[-0x78]	DATA	0
0x00149a6d	0xStack[-0x1c]	DATA	0
0x00149a70	0xStack[0x4]	READ	1
0x00149a7e	0xStack[-0xc]	READ	1
0x00149a81	0xStack[-0x20]	WRITE	0
0x00149a84	0xStack[-0x10]	READ	1
0x00149a8a	0x0014bc64	UNCONDITIONAL_CALL	0
0x00149a94	0x00149aa6	CONDITIONAL_JUMP	0
0x00149a99	0x00149aa6	CONDITIONAL_JUMP	0
0x00149a9e	0x0014bc64	UNCONDITIONAL_CALL	0
0x00149aa8	0x0014bb40	UNCONDITIONAL_CALL	0
0x00149ab1	0x0014bb40	UNCONDITIONAL_CALL	0
0x00149abb	0xStack[0x4]	READ	1
0x00149ac1	0xStack[-0x18]	READ	1
0x00149ac7	0xStack[-0x20]	READ	1
0x00149ad0	0xStack[-0x14]	READ	1
0x00149ad6	0xStack[-0x8]	READ	1
0x00149adf	0xStack[-0x19]	READ	0
0x00149ae3	0x00149c53	CONDITIONAL_JUMP	0
0x00149ae9	0xStack[-0x28]	WRITE	0
0x00149af0	0xStack[0x4]	READ	1
0x00149afe	0xStack[-0x24]	WRITE	0
0x00149b03	0x00149c43	CONDITIONAL_JUMP	0
0x00149b21	0xStack[-0x44]	WRITE	0
0x00149b29	0xStack[-0x34]	WRITE	0
0x00149b2c	0x00149b48	CONDITIONAL_JUMP	0
0x00149b32	0xStack[-0x2c]	WRITE	0
0x00149b39	0xStack[-0x40]	WRITE	0
0x00149b3f	0xStack[-0x30]	WRITE	0
0x00149b45	0x00149b65	UNCONDITIONAL_JUMP	0
0x00149b4b	0xStack[-0x2c]	WRITE	0
0x00149b52	0xStack[-0x40]	WRITE	0
0x00149b5f	0xStack[-0x30]	WRITE	0
0x00149b65	0xStack[-0x2c]	READ	1
0x00149b6b	0xStack[-0x44]	WRITE	0
0x00149b79	0xStack[-0x44]	WRITE	0
0x00149b80	0xStack[-0x34]	READ	0
0x00149b84	0x00149b93	CONDITIONAL_JUMP	0
0x00149b93	0xStack[-0x30]	READ	1
0x00149b96	0xStack[-0x40]	READ	1
0x00149ba2	0x00149bb0	CONDITIONAL_JUMP	0
0x00149bad	0x00149bbc	UNCONDITIONAL_JUMP	0
0x00149bb5	0xStack[-0x28]	WRITE	0
0x00149bbc	0xStack[-0x44]	READ	0
0x00149bc0	0x00149c3a	CONDITIONAL_JUMP	0
0x00149bc2	0xStack[-0x2c]	READ	1
0x00149bc6	0x0014bb40	UNCONDITIONAL_CALL	0
0x00149bcb	0xStack[-0x44]	WRITE	0
0x00149bce	0xStack[-0x38]	WRITE	0
0x00149bd4	0xStack[-0x34]	READ	0
0x00149bd8	0x00149be4	CONDITIONAL_JUMP	0
0x00149bda	0xStack[-0x44]	READ	1
0x00149be2	0x00149be9	UNCONDITIONAL_JUMP	0
0x00149be4	0xStack[-0x44]	READ	1
0x00149beb	0xStack[-0x30]	READ	0
0x00149bee	0x00149c33	CONDITIONAL_JUMP	0
0x00149bf0	0xStack[-0x38]	READ	1
0x00149bf8	0x00149c2d	CONDITIONAL_JUMP	0
0x00149bfd	0x00149c2d	CONDITIONAL_JUMP	0
0x00149bff	0xStack[-0x2c]	READ	1
0x00149c04	0x0014bc64	UNCONDITIONAL_CALL	0
0x00149c0c	0xStack[-0x44]	READ	0
0x00149c10	0x00149c2d	CONDITIONAL_JUMP	0
0x00149c12	0xStack[-0x20]	READ	1
0x00149c17	0x0014ce18	UNCONDITIONAL_CALL	0
0x00149c21	0x00149c2d	CONDITIONAL_JUMP	0
0x00149c23	0xStack[0x4]	READ	1
0x00149c2e	0xStack[-0x30]	READ	0
0x00149c31	0x00149bf0	CONDITIONAL_JUMP	0
0x00149c33	0xStack[-0x28]	WRITE	0
0x00149c3a	0xStack[-0x24]	READ	0
0x00149c3d	0x00149b0c	CONDITIONAL_JUMP	0
0x00149c43	0xStack[-0x28]	READ	0
0x00149c47	0x00149c53	CONDITIONAL_JUMP	0
0x00149c49	0xStack[0x4]	READ	1
0x00149c53	0xStack[-0x50]	DATA	0
0x00149c69	0xStack[0x4]	READ	1
0x00149c6f	0xStack[-0x2c]	WRITE	0
0x00149c72	0xStack[0x4]	READ	1
0x00149c80	0x00149c7e	CONDITIONAL_JUMP	0
0x00149c8e	0x00149c7c	CONDITIONAL_JUMP	0
0x00149c94	0x00149cb0	CONDITIONAL_JUMP	0
0x00149c96	0xStack[-0x2c]	READ	1
0x00149c9a	0xStack[-0x20]	DATA	0
0x00149ca0	0xStack[0x8]	READ	1
0x00149ca4	0x0014bfa4	UNCONDITIONAL_CALL	0
0x00149cac	0x00149ce3	UNCONDITIONAL_JUMP	0
0x00149cc0	0x00149cdc	CONDITIONAL_JUMP	0
0x00149ccc	0x001f6230	DATA	1
0x00149cd4	0x0016b84c	UNCONDITIONAL_CALL	0
0x00149cdc	0xStack[-0x20]	WRITE	0
0x00149ce5	0x00149d28	CONDITIONAL_JUMP	0
0x00149cea	0x00149d28	CONDITIONAL_JUMP	0
0x00149cec	0xStack[-0x2c]	READ	1
0x00149cf9	0xStack[-0x24]	DATA	0
0x00149cff	0xStack[0x8]	READ	1
0x00149d03	0x0014c198	UNCONDITIONAL_CALL	0
0x00149d08	0xStack[-0x64]	WRITE	0
0x00149d10	0x00149d2f	CONDITIONAL_JUMP	0
0x00149d14	0x0014bd68	UNCONDITIONAL_CALL	0
0x00149d19	0xStack[-0x24]	WRITE	0
0x00149d23	0x00149d2f	UNCONDITIONAL_JUMP	0
0x00149d28	0xStack[-0x24]	WRITE	0
0x00149d2f	0xStack[-0x1c]	READ_WRITE	0
0x00149d36	0xStack[-0x2c]	READ	1
0x00149d3e	0xStack[-0x19]	WRITE	0
0x00149d41	0xStack[0x4]	READ	1
0x00149d47	0xStack[-0x18]	WRITE	0
0x00149d4a	0xStack[0x4]	READ	1
0x00149d50	0xStack[-0x14]	WRITE	0
0x00149d53	0xStack[-0x20]	READ	1
0x00149d56	0xStack[-0x10]	WRITE	0
0x00149d59	0xStack[-0x24]	READ	1
0x00149d5c	0xStack[-0xc]	WRITE	0
0x00149d5f	0xStack[0x4]	READ	1
0x00149d65	0xStack[-0x8]	WRITE	0
0x00149d68	0xStack[0x4]	READ	1
0x00149d6e	0xStack[-0x1c]	DATA	0
0x00149d79	0xStack[-0x19]	READ	0
0x00149d7d	0x0014a0ca	CONDITIONAL_JUMP	0
0x00149d83	0xStack[0x4]	READ	1
0x00149d89	0xStack[0x4]	READ	1
0x00149d94	0xStack[-0x30]	WRITE	0
0x00149d99	0x0014a0ca	CONDITIONAL_JUMP	0
0x00149da0	0xStack[-0x34]	WRITE	0
0x00149db0	0xStack[-0x40]	WRITE	0
0x00149db9	0xStack[-0x68]	WRITE	0
0x00149dc5	0x00149de0	CONDITIONAL_JUMP	0
0x00149dcb	0xStack[-0x38]	WRITE	0
0x00149dd5	0xStack[-0x3c]	WRITE	0
0x00149ddb	0x00149dfa	UNCONDITIONAL_JUMP	0
0x00149de3	0xStack[-0x38]	WRITE	0
0x00149df4	0xStack[-0x3c]	WRITE	0
0x00149dfa	0xStack[-0x3c]	READ	1
0x00149e04	0xStack[-0x48]	WRITE	0
0x00149e07	0xStack[-0x38]	READ	1
0x00149e0d	0xStack[-0x44]	WRITE	0
0x00149e1b	0xStack[-0x44]	WRITE	0
0x00149e20	0x0014a027	CONDITIONAL_JUMP	0
0x00149e26	0xStack[-0x40]	READ	0
0x00149e2a	0x00149f94	CONDITIONAL_JUMP	0
0x00149e30	0xStack[-0x48]	READ	0
0x00149e34	0x00149f94	CONDITIONAL_JUMP	0
0x00149e3c	0xStack[-0x48]	READ	1
0x00149e40	0xStack[-0x28]	DATA	0
0x00149e44	0xStack[0xc]	READ	1
0x00149e48	0xStack[-0x60]	WRITE	0
0x00149e4b	0x0017c5b8	UNCONDITIONAL_CALL	0
0x00149e50	0xStack[-0x64]	WRITE	0
0x00149e56	0xStack[-0x60]	READ	1
0x00149e5b	0x00149f94	CONDITIONAL_JUMP	0
0x00149e61	0xStack[-0x34]	READ	1
0x00149e66	0x0014a0b2	CONDITIONAL_JUMP	0
0x00149e77	0xStack[-0x4c]	WRITE	0
0x00149e80	0x00149e98	CONDITIONAL_JUMP	0
0x00149e86	0xStack[-0x50]	WRITE	0
0x00149e93	0x00149eaf	UNCONDITIONAL_JUMP	0
0x00149e9b	0xStack[-0x50]	WRITE	0
0x00149eb8	0xStack[-0x54]	WRITE	0
0x00149ebb	0xStack[-0x50]	READ	1
0x00149ec1	0xStack[-0x68]	WRITE	0
0x00149ecf	0xStack[-0x68]	WRITE	0
0x00149ed4	0x00149f35	CONDITIONAL_JUMP	0
0x00149ed6	0xStack[-0x4c]	READ	0
0x00149eda	0x00149ef4	CONDITIONAL_JUMP	0
0x00149edc	0xStack[-0x58]	WRITE	0
0x00149ee4	0x00149ef9	CONDITIONAL_JUMP	0
0x00149eee	0x00149ee8	CONDITIONAL_JUMP	0
0x00149ef0	0x00149ef9	UNCONDITIONAL_JUMP	0
0x00149ef6	0xStack[-0x58]	WRITE	0
0x00149ef9	0xStack[-0x64]	WRITE	0
0x00149f00	0xStack[-0x64]	READ	0
0x00149f03	0x00149f35	CONDITIONAL_JUMP	0
0x00149f08	0xStack[-0x64]	READ	1
0x00149f0b	0xStack[-0x58]	READ	1
0x00149f13	0x00149f2d	CONDITIONAL_JUMP	0
0x00149f18	0x00149f2d	CONDITIONAL_JUMP	0
0x00149f1a	0xStack[-0x50]	READ	1
0x00149f1f	0xStack[-0x60]	WRITE	0
0x00149f22	0x0014bd68	UNCONDITIONAL_CALL	0
0x00149f2a	0xStack[-0x60]	READ	1
0x00149f2d	0xStack[-0x64]	READ_WRITE	0
0x00149f30	0xStack[-0x64]	READ	0
0x00149f33	0x00149f08	CONDITIONAL_JUMP	0
0x00149f35	0xStack[-0x4c]	READ	0
0x00149f39	0x00149f48	CONDITIONAL_JUMP	0
0x00149f3b	0xStack[-0x54]	READ	1
0x00149f45	0x00149f85	UNCONDITIONAL_JUMP	0
0x00149f4a	0xStack[-0x54]	READ	0
0x00149f4e	0x00149f82	CONDITIONAL_JUMP	0
0x00149f50	0xStack[-0x68]	READ	0
0x00149f54	0x00149f68	CONDITIONAL_JUMP	0
0x00149f56	0xStack[-0x54]	READ	1
0x00149f5b	0xStack[-0x60]	WRITE	0
0x00149f5e	0x0015a824	UNCONDITIONAL_CALL	0
0x00149f66	0x00149f7f	UNCONDITIONAL_JUMP	0
0x00149f68	0xStack[-0x54]	READ	1
0x00149f6d	0x001f6244	READ	1
0x00149f74	0xStack[-0x60]	WRITE	0
0x00149f77	0x0017c620	UNCONDITIONAL_CALL	0
0x00149f7f	0xStack[-0x60]	READ	1
0x00149f87	0x00149e6c	CONDITIONAL_JUMP	0
0x00149f8d	0x0014a0b2	UNCONDITIONAL_JUMP	0
0x00149f94	0xStack[-0x38]	READ	1
0x00149f98	0xStack[-0x60]	WRITE	0
0x00149f9b	0x0014c0e4	UNCONDITIONAL_CALL	0
0x00149fa3	0xStack[-0x60]	READ	1
0x00149fa8	0x00149fb0	CONDITIONAL_JUMP	0
0x00149fae	0x00149fb2	UNCONDITIONAL_JUMP	0
0x00149fb4	0xStack[-0x40]	READ	0
0x00149fb8	0x00149fbc	CONDITIONAL_JUMP	0
0x00149fbc	0xStack[-0x68]	WRITE	0
0x00149fc3	0xStack[-0x3c]	READ	1
0x00149fc6	0xStack[-0x68]	READ	0
0x00149fc9	0x0014a027	CONDITIONAL_JUMP	0
0x00149fd4	0x00149fdb	CONDITIONAL_JUMP	0
0x00149fd9	0x00149fe4	CONDITIONAL_JUMP	0
0x00149fe1	0x0014a019	UNCONDITIONAL_JUMP	0
0x00149fe5	0xStack[-0x38]	READ	1
0x00149fea	0xStack[0x8]	READ	1
0x00149fee	0xStack[-0x60]	WRITE	0
0x00149ff1	0x0014c198	UNCONDITIONAL_CALL	0
0x00149ff6	0xStack[-0x64]	WRITE	0
0x00149ffc	0xStack[-0x60]	READ	1
0x0014a001	0x0014a019	CONDITIONAL_JUMP	0
0x0014a005	0xStack[-0x60]	WRITE	0
0x0014a008	0x0014bd68	UNCONDITIONAL_CALL	0
0x0014a016	0xStack[-0x60]	READ	1
0x0014a01c	0xStack[-0x68]	READ_WRITE	0
0x0014a01f	0xStack[-0x3c]	READ	1
0x0014a022	0xStack[-0x68]	READ	0
0x0014a025	0x00149fd0	CONDITIONAL_JUMP	0
0x0014a027	0xStack[-0x40]	READ	0
0x0014a02b	0x0014a03c	CONDITIONAL_JUMP	0
0x0014a02d	0xStack[-0x48]	READ	1
0x0014a037	0x0014a0c1	UNCONDITIONAL_JUMP	0
0x0014a03e	0xStack[-0x48]	READ	0
0x0014a042	0x0014a0b2	CONDITIONAL_JUMP	0
0x0014a044	0xStack[-0x44]	READ	0
0x0014a048	0x0014a074	CONDITIONAL_JUMP	0
0x0014a04a	0xStack[-0x48]	READ	1
0x0014a04e	0xStack[-0x28]	READ	1
0x0014a053	0xStack[0xc]	READ	1
0x0014a057	0xStack[-0x60]	WRITE	0
0x0014a05a	0x00174120	UNCONDITIONAL_CALL	0
0x0014a05f	0xStack[-0x48]	READ	1
0x0014a064	0x0015a824	UNCONDITIONAL_CALL	0
0x0014a06c	0xStack[-0x60]	READ	1
0x0014a06f	0x0014a0b9	UNCONDITIONAL_JUMP	0
0x0014a074	0xStack[-0x28]	DATA	0
0x0014a07a	0xStack[-0x48]	READ	1
0x0014a07e	0xStack[0xc]	READ	1
0x0014a083	0x001f6244	READ	1
0x0014a08a	0xStack[-0x60]	WRITE	0
0x0014a08d	0x00178708	UNCONDITIONAL_CALL	0
0x0014a092	0xStack[-0x64]	WRITE	0
0x0014a095	0xStack[-0x48]	READ	1
0x0014a09a	0x001f6244	READ	1
0x0014a0a1	0x0017c620	UNCONDITIONAL_CALL	0
0x0014a0a9	0xStack[-0x60]	READ	1
0x0014a0ac	0xStack[-0x64]	READ	0
0x0014a0b0	0x0014a0b9	CONDITIONAL_JUMP	0
0x0014a0b2	0xStack[-0x28]	WRITE	0
0x0014a0b9	0xStack[-0x28]	READ	1
0x0014a0c1	0xStack[-0x30]	READ	0
0x0014a0c4	0x00149da0	CONDITIONAL_JUMP	0
0x0014a0cc	0xStack[-0x74]	DATA	0
0x0014a0dc	0x001f6260	READ	0
0x0014a0e3	0x0014a101	CONDITIONAL_JUMP	0
0x0014a0e5	0x001de710	READ	1
0x0014a0ed	0x001f6260	WRITE	0
0x0014a0f5	0x0014a101	CONDITIONAL_JUMP	0
0x0014a0f7	0x001f6260	WRITE	0
0x0014a101	0x001f6260	READ	1
0x0014a109	0x001f625c	WRITE	0
0x0014a111	0x0014a13b	CONDITIONAL_JUMP	0
0x0014a11c	0x0014a129	UNCONDITIONAL_JUMP	0
0x0014a122	0x001f625c	READ	1
0x0014a129	0x001f625c	WRITE	0
0x0014a131	0x001f6260	WRITE	0
0x0014a139	0x0014a120	CONDITIONAL_JUMP	0
0x0014a13b	0x001f6260	READ	1
0x0014a149	0x0015a75c	UNCONDITIONAL_CALL	0
0x0014a14e	0x001f6264	WRITE	0
0x0014a158	0x001f6260	READ	1
0x0014a160	0x0014a179	CONDITIONAL_JUMP	0
0x0014a177	0x0014a164	CONDITIONAL_JUMP	0
0x0014a179	0x001de714	DATA	0
0x0014a182	0x001de710	READ	1
0x0014a18d	0x0016a490	UNCONDITIONAL_CALL	0
0x0014a192	0x001f6268	WRITE	0
0x0014a1a0	0x0016b90c	UNCONDITIONAL_CALL	0
0x0014a1a5	0xStack[-0x8]	READ	1
0x0014a1b5	0xStack[0x4]	READ	1
0x0014a1b8	0xStack[0xc]	READ	1
0x0014a1bb	0x001f6268	READ	1
0x0014a1c2	0x0016b790	UNCONDITIONAL_CALL	0
0x0014a1ce	0x0014a1dc	CONDITIONAL_JUMP	0
0x0014a1d5	0x0014a354	UNCONDITIONAL_JUMP	0
0x0014a1e4	0x0014a1e2	CONDITIONAL_JUMP	0
0x0014a1f2	0x0014a1e0	CONDITIONAL_JUMP	0
0x0014a1f8	0x0014a218	CONDITIONAL_JUMP	0
0x0014a200	0x001f6268	READ	1
0x0014a207	0x0016b84c	UNCONDITIONAL_CALL	0
0x0014a211	0x0014a354	UNCONDITIONAL_JUMP	0
0x0014a218	0xStack[-0xc]	DATA	0
0x0014a21c	0xStack[-0x8]	DATA	0
0x0014a220	0xStack[0x8]	READ	1
0x0014a225	0x0014db68	UNCONDITIONAL_CALL	0
0x0014a22f	0x0014a304	CONDITIONAL_JUMP	0
0x0014a237	0xStack[0x8]	READ	1
0x0014a23c	0xStack[-0xc]	READ	1
0x0014a241	0xStack[-0x10]	WRITE	0
0x0014a244	0x00200000	DATA	1
0x0014a249	0x0014a268	CONDITIONAL_JUMP	0
0x0014a251	0x001f6268	READ	1
0x0014a258	0x0016b84c	UNCONDITIONAL_CALL	0
0x0014a262	0x0014a354	UNCONDITIONAL_JUMP	0
0x0014a26a	0x0014a298	CONDITIONAL_JUMP	0
0x0014a26e	0x0014cf28	UNCONDITIONAL_CALL	0
0x0014a27a	0x0014a29a	CONDITIONAL_JUMP	0
0x0014a282	0x001f6268	READ	1
0x0014a289	0x0016b84c	UNCONDITIONAL_CALL	0
0x0014a293	0x0014a354	UNCONDITIONAL_JUMP	0
0x0014a29a	0xStack[-0xc]	READ	1
0x0014a29d	0xStack[-0x10]	READ	1
0x0014a2a0	0x00200000	DATA	1
0x0014a2a9	0x001506b0	UNCONDITIONAL_CALL	0
0x0014a2b0	0xStack[-0x8]	READ	1
0x0014a2be	0xStack[-0x8]	READ	1
0x0014a2d0	0x001f625c	READ	1
0x0014a2d6	0x001f6264	READ	1
0x0014a2e4	0x0014a2e2	CONDITIONAL_JUMP	0
0x0014a2f2	0x0014a2e0	CONDITIONAL_JUMP	0
0x0014a301	0x0014a348	UNCONDITIONAL_JUMP	0
0x0014a306	0x0014a334	CONDITIONAL_JUMP	0
0x0014a30a	0x0014cf28	UNCONDITIONAL_CALL	0
0x0014a316	0x0014a336	CONDITIONAL_JUMP	0
0x0014a31e	0x001f6268	READ	1
0x0014a325	0x0016b84c	UNCONDITIONAL_CALL	0
0x0014a32f	0x0014a354	UNCONDITIONAL_JUMP	0
0x0014a337	0x001506b0	UNCONDITIONAL_CALL	0
0x0014a34d	0xStack[0x10]	READ	1
0x0014a354	0xStack[-0x20]	DATA	0
0x0014a366	0xStack[0x4]	READ	1
0x0014a369	0xStack[0x8]	READ	1
0x0014a37d	0x001f625c	READ	1
0x0014a383	0x001f6264	READ	1
0x0014a390	0x0014a38e	CONDITIONAL_JUMP	0
0x0014a39e	0x0014a38c	CONDITIONAL_JUMP	0
0x0014a3a8	0x0014a3bf	CONDITIONAL_JUMP	0
0x0014a3ae	0x0014a3b5	CONDITIONAL_JUMP	0
0x0014a3b3	0x0014a3bf	CONDITIONAL_JUMP	0
0x0014a3bd	0x0014a3ac	CONDITIONAL_JUMP	0
0x0014a3cf	0xStack[-0x10]	DATA	0
0x0014a3e2	0xStack[0x4]	READ	1
0x0014a3e5	0xStack[0xc]	READ	1
0x0014a3ed	0xStack[0x8]	READ	1
0x0014a3f5	0xStack[0x8]	READ	1
0x0014a3fb	0x001f625c	READ	1
0x0014a401	0x001f6264	READ	1
0x0014a410	0x0014a40e	CONDITIONAL_JUMP	0
0x0014a41e	0x0014a40c	CONDITIONAL_JUMP	0
0x0014a428	0x0014a442	CONDITIONAL_JUMP	0
0x0014a42e	0x0014a438	CONDITIONAL_JUMP	0
0x0014a430	0xStack[0x8]	READ	1
0x0014a436	0x0014a442	CONDITIONAL_JUMP	0
0x0014a440	0x0014a42c	CONDITIONAL_JUMP	0
0x0014a461	0x001f625c	READ	1
0x0014a467	0x001f6264	READ	1
0x0014a474	0x0014a472	CONDITIONAL_JUMP	0
0x0014a482	0x0014a470	CONDITIONAL_JUMP	0
0x0014a491	0xStack[-0x10]	DATA	0
0x0014a4a5	0xStack[0x4]	READ	1
0x0014a4b4	0x0014a4b2	CONDITIONAL_JUMP	0
0x0014a4c2	0x0014a4b0	CONDITIONAL_JUMP	0
0x0014a4c4	0xStack[0x4]	READ	1
0x0014a4cd	0xStack[-0x8]	WRITE	0
0x0014a4d2	0x0014a572	CONDITIONAL_JUMP	0
0x0014a4eb	0x001f625c	READ	1
0x0014a4f1	0x001f6264	READ	1
0x0014a500	0x0014a4fe	CONDITIONAL_JUMP	0
0x0014a50e	0x0014a4fc	CONDITIONAL_JUMP	0
0x0014a513	0xStack[-0xc]	WRITE	0
0x0014a51b	0x0014a536	CONDITIONAL_JUMP	0
0x0014a522	0x0014a529	CONDITIONAL_JUMP	0
0x0014a527	0x0014a536	CONDITIONAL_JUMP	0
0x0014a52c	0xStack[-0xc]	WRITE	0
0x0014a534	0x0014a520	CONDITIONAL_JUMP	0
0x0014a539	0xStack[-0xc]	READ	1
0x0014a546	0x0014a570	CONDITIONAL_JUMP	0
0x0014a54a	0x00145e98	UNCONDITIONAL_CALL	0
0x0014a558	0xStack[-0x8]	READ	0
0x0014a55c	0x0014a572	CONDITIONAL_JUMP	0
0x0014a562	0x0014cfa4	UNCONDITIONAL_CALL	0
0x0014a56c	0x0014a572	UNCONDITIONAL_JUMP	0
0x0014a578	0x001506d8	UNCONDITIONAL_CALL	0
0x0014a57d	0xStack[0x4]	READ	1
0x0014a581	0x001f6268	READ	1
0x0014a588	0x0016b84c	UNCONDITIONAL_CALL	0
0x0014a590	0xStack[-0x8]	READ	0
0x0014a594	0x0014a5a8	CONDITIONAL_JUMP	0
0x0014a598	0x0014a5b2	CONDITIONAL_JUMP	0
0x0014a59d	0x0014a5b2	CONDITIONAL_JUMP	0
0x0014a5a1	0x0014b73c	UNCONDITIONAL_CALL	0
0x0014a5a6	0x0014a5b2	UNCONDITIONAL_JUMP	0
0x0014a5a9	0xStack[-0x8]	READ	1
0x0014a5ad	0x0014b464	UNCONDITIONAL_CALL	0
0x0014a5b2	0xStack[-0x18]	DATA	0
0x0014a5c2	0x001f6260	READ	1
0x0014a5c7	0xStack[0xc]	READ	0
0x0014a5ca	0x0014a5cf	CONDITIONAL_JUMP	0
0x0014a5cc	0xStack[0xc]	WRITE	0
0x0014a5d1	0xStack[0xc]	READ	0
0x0014a5d4	0x0014a617	CONDITIONAL_JUMP	0
0x0014a5d6	0x001f6264	READ	1
0x0014a5e4	0x0014a5e2	CONDITIONAL_JUMP	0
0x0014a5f2	0x0014a5e0	CONDITIONAL_JUMP	0
0x0014a5f9	0x0014a604	CONDITIONAL_JUMP	0
0x0014a602	0x0014a5fc	CONDITIONAL_JUMP	0
0x0014a608	0xStack[0x8]	READ	1
0x0014a612	0xStack[0xc]	READ	0
0x0014a615	0x0014a5dc	CONDITIONAL_JUMP	0
0x0014a617	0x001de710	READ	1
0x0014a61d	0xStack[0x4]	READ	1
0x0014a622	0x001f6260	READ	1
0x0014a627	0xStack[-0x10]	DATA	0
0x0014a637	0xStack[0x4]	READ	1
0x0014a65d	0xStack[0x4]	READ	1
0x0014a660	0xStack[0x8]	READ	1
0x0014a663	0xStack[0xc]	READ	1
0x0014a669	0xStack[-0x8]	WRITE	0
0x0014a66f	0xStack[-0xc]	WRITE	0
0x0014a675	0xStack[-0x10]	WRITE	0
0x0014a67d	0x0014a71c	CONDITIONAL_JUMP	0
0x0014a685	0xStack[-0x8]	READ	1
0x0014a689	0x00146fc8	UNCONDITIONAL_CALL	0
0x0014a68e	0xStack[-0x14]	WRITE	0
0x0014a697	0x0014a711	CONDITIONAL_JUMP	0
0x0014a69a	0xStack[-0x8]	READ	1
0x0014a69e	0x00146f98	UNCONDITIONAL_CALL	0
0x0014a6a8	0xStack[-0x10]	READ	1
0x0014a6ac	0x00151c24	UNCONDITIONAL_CALL	0
0x0014a6b8	0x0014a704	CONDITIONAL_JUMP	0
0x0014a6bb	0x00159000	UNCONDITIONAL_CALL	0
0x0014a6cc	0x0014a6ec	CONDITIONAL_JUMP	0
0x0014a6ea	0x0014a711	UNCONDITIONAL_JUMP	0
0x0014a6ff	0x0014a6a8	UNCONDITIONAL_JUMP	0
0x0014a705	0xStack[-0xc]	READ	1
0x0014a709	0x00146f38	UNCONDITIONAL_CALL	0
0x0014a711	0xStack[-0x14]	READ	1
0x0014a716	0x0014a684	CONDITIONAL_JUMP	0
0x0014a71c	0xStack[-0x20]	DATA	0
0x0014a72d	0xStack[0x8]	READ	1
0x0014a730	0xStack[0x4]	READ	1
0x0014a739	0x00151c24	UNCONDITIONAL_CALL	0
0x0014a743	0x0014a758	CONDITIONAL_JUMP	0
0x0014a74c	0x00159000	UNCONDITIONAL_CALL	0
0x0014a754	0x0014a738	UNCONDITIONAL_JUMP	0
0x0014a758	0xStack[-0xc]	DATA	0
0x0014a76d	0xStack[0x4]	READ	1
0x0014a778	0x0014a776	CONDITIONAL_JUMP	0
0x0014a786	0x0014a774	CONDITIONAL_JUMP	0
0x0014a788	0x001f624c	READ	1
0x0014a790	0x0014a7bc	CONDITIONAL_JUMP	0
0x0014a796	0xStack[0x4]	READ	1
0x0014a79a	0x001581a8	UNCONDITIONAL_CALL	0
0x0014a7a4	0x0014a7b5	CONDITIONAL_JUMP	0
0x0014a7b0	0x0014a764	UNCONDITIONAL_CALL	0
0x0014a7b7	0x0014aa2a	UNCONDITIONAL_JUMP	0
0x0014a7c0	0x0014a804	CONDITIONAL_JUMP	0
0x0014a7d2	0x0014a7ee	CONDITIONAL_JUMP	0
0x0014a7de	0x001f6230	DATA	1
0x0014a7e6	0x0016b84c	UNCONDITIONAL_CALL	0
0x0014a7ee	0xStack[0x4]	READ	1
0x0014a7f9	0x00146fe0	UNCONDITIONAL_CALL	0
0x0014a7fe	0x0014aa28	UNCONDITIONAL_JUMP	0
0x0014a80a	0x0014a8dc	CONDITIONAL_JUMP	0
0x0014a810	0xStack[0xa]	READ	0
0x0014a814	0x0014a8dc	CONDITIONAL_JUMP	0
0x0014a81a	0xStack[0x4]	READ	1
0x0014a821	0x0014a8dc	CONDITIONAL_JUMP	0
0x0014a827	0x001e8b54	READ	1
0x0014a82d	0xStack[0x8]	READ	0
0x0014a831	0x0014a84c	CONDITIONAL_JUMP	0
0x0014a833	0xStack[0xc]	READ	0
0x0014a837	0x0014a904	CONDITIONAL_JUMP	0
0x0014a83d	0xStack[0xc]	READ	1
0x0014a842	0x00159234	UNCONDITIONAL_CALL	0
0x0014a84a	0x0014a855	UNCONDITIONAL_JUMP	0
0x0014a84d	0x001591f4	UNCONDITIONAL_CALL	0
0x0014a85a	0x00151be8	UNCONDITIONAL_CALL	0
0x0014a872	0x00163a18	UNCONDITIONAL_CALL	0
0x0014a880	0x0014a87e	CONDITIONAL_JUMP	0
0x0014a88e	0x0014a87c	CONDITIONAL_JUMP	0
0x0014a897	0x0014a7bc	CONDITIONAL_JUMP	0
0x0014a8a2	0x00151c70	UNCONDITIONAL_CALL	0
0x0014a8b0	0x0014a8d0	CONDITIONAL_JUMP	0
0x0014a8b2	0x0014a7bc	CONDITIONAL_JUMP	0
0x0014a8bb	0x0014a7bc	CONDITIONAL_JUMP	0
0x0014a8ca	0x0014aa2a	UNCONDITIONAL_JUMP	0
0x0014a8d0	0xStack[0xc]	WRITE	0
0x0014a8d7	0x0014a7bc	UNCONDITIONAL_JUMP	0
0x0014a8dc	0xStack[0x4]	READ	1
0x0014a8e3	0x0014a8f4	CONDITIONAL_JUMP	0
0x0014a8ea	0x00146fe0	UNCONDITIONAL_CALL	0
0x0014a8ef	0x0014aa28	UNCONDITIONAL_JUMP	0
0x0014a8fc	0x0014a924	CONDITIONAL_JUMP	0
0x0014a901	0x0014a928	UNCONDITIONAL_JUMP	0
0x0014a90d	0x0014aa2a	UNCONDITIONAL_JUMP	0
0x0014a915	0xStack[0x10]	READ	1
0x0014a919	0x001590d8	UNCONDITIONAL_CALL	0
0x0014a91e	0x0014aa28	UNCONDITIONAL_JUMP	0
0x0014a92c	0x0014a92a	CONDITIONAL_JUMP	0
0x0014a93a	0x0014a928	CONDITIONAL_JUMP	0
0x0014a93f	0xStack[-0xc]	WRITE	0
0x0014a948	0xStack[-0xc]	READ	1
0x0014a94f	0x0014a994	CONDITIONAL_JUMP	0
0x0014a956	0x0014a974	CONDITIONAL_JUMP	0
0x0014a95b	0xStack[0x4]	READ	1
0x0014a96c	0x0014aa28	UNCONDITIONAL_JUMP	0
0x0014a974	0xStack[0x4]	READ	1
0x0014a97a	0xStack[0x4]	READ	1
0x0014a97f	0xStack[0x4]	READ	1
0x0014a985	0x0014a968	UNCONDITIONAL_JUMP	0
0x0014a988	0xStack[-0xc]	READ	1
0x0014a991	0x0014a9c4	UNCONDITIONAL_JUMP	0
0x0014a99a	0xStack[-0x8]	WRITE	0
0x0014a99f	0x0014a988	CONDITIONAL_JUMP	0
0x0014a9a7	0xStack[-0xc]	READ	1
0x0014a9ca	0xStack[0x4]	READ	1
0x0014a9d0	0x0014a9f8	CONDITIONAL_JUMP	0
0x0014a9dc	0xStack[0x4]	READ	1
0x0014a9e9	0x00159000	UNCONDITIONAL_CALL	0
0x0014a9f1	0x0014a948	UNCONDITIONAL_JUMP	0
0x0014aa18	0xStack[0xa]	READ	0
0x0014aa1c	0x0014a914	CONDITIONAL_JUMP	0
0x0014aa23	0x00159000	UNCONDITIONAL_CALL	0
0x0014aa2a	0xStack[-0x18]	DATA	0
0x0014aa3d	0xStack[0x4]	READ	1
0x0014aa4f	0x0014aa5c	CONDITIONAL_JUMP	0
0x0014aa56	0x0014ab87	UNCONDITIONAL_JUMP	0
0x0014aa60	0x0014aa70	CONDITIONAL_JUMP	0
0x0014aa6b	0x0014ab87	UNCONDITIONAL_JUMP	0
0x0014aa75	0x0014aa80	CONDITIONAL_JUMP	0
0x0014aa7a	0xStack[-0x8]	WRITE	0
0x0014aa7d	0x0014aa86	UNCONDITIONAL_JUMP	0
0x0014aa83	0xStack[-0x8]	WRITE	0
0x0014aa8b	0xStack[-0x8]	READ	1
0x0014aa95	0x0014aaa8	CONDITIONAL_JUMP	0
0x0014aaa0	0x0014ab87	UNCONDITIONAL_JUMP	0
0x0014aaa8	0xStack[-0x8]	READ	1
0x0014aaae	0xStack[-0xc]	WRITE	0
0x0014aab8	0xStack[-0xc]	READ	1
0x0014aabf	0x0014ab00	CONDITIONAL_JUMP	0
0x0014aac1	0xStack[-0x8]	READ	1
0x0014aac9	0x0014aae4	CONDITIONAL_JUMP	0
0x0014aada	0xStack[-0x8]	READ	1
0x0014aadf	0x0014ab85	UNCONDITIONAL_JUMP	0
0x0014aae4	0xStack[-0x8]	READ	1
0x0014aaef	0x0014aad8	UNCONDITIONAL_JUMP	0
0x0014aaf4	0xStack[-0xc]	READ	1
0x0014aafd	0x0014ab2d	UNCONDITIONAL_JUMP	0
0x0014ab08	0x0014aaf4	CONDITIONAL_JUMP	0
0x0014ab10	0xStack[-0xc]	READ	1
0x0014ab36	0x0014ab5c	CONDITIONAL_JUMP	0
0x0014ab4c	0x00159000	UNCONDITIONAL_CALL	0
0x0014ab54	0x0014aab8	UNCONDITIONAL_JUMP	0
0x0014ab7a	0xStack[-0x8]	READ	1
0x0014ab80	0x00159000	UNCONDITIONAL_CALL	0
0x0014ab87	0xStack[-0x18]	DATA	0
0x0014ab9a	0xStack[0x4]	READ	1
0x0014aba4	0x0014aba2	CONDITIONAL_JUMP	0
0x0014abb2	0x0014aba0	CONDITIONAL_JUMP	0
0x0014abb8	0x0014ac94	CONDITIONAL_JUMP	0
0x0014abbe	0xStack[0x8]	READ	1
0x0014abc3	0x00145e98	UNCONDITIONAL_CALL	0
0x0014abcd	0x0014ac94	CONDITIONAL_JUMP	0
0x0014abde	0x0014ac68	CONDITIONAL_JUMP	0
0x0014abec	0x0014abea	CONDITIONAL_JUMP	0
0x0014abfa	0x0014abe8	CONDITIONAL_JUMP	0
0x0014ac06	0x0014ac60	CONDITIONAL_JUMP	0
0x0014ac0c	0x0014ac0a	CONDITIONAL_JUMP	0
0x0014ac1a	0x0014ac08	CONDITIONAL_JUMP	0
0x0014ac20	0x0014ac34	CONDITIONAL_JUMP	0
0x0014ac2f	0x0014acca	UNCONDITIONAL_JUMP	0
0x0014ac36	0x0014d734	UNCONDITIONAL_CALL	0
0x0014ac47	0x0014ac60	CONDITIONAL_JUMP	0
0x0014ac53	0x001f6230	DATA	1
0x0014ac5b	0x0016b84c	UNCONDITIONAL_CALL	0
0x0014ac63	0x0014aca0	UNCONDITIONAL_JUMP	0
0x0014ac6e	0x0014ac94	CONDITIONAL_JUMP	0
0x0014ac78	0x0014ac76	CONDITIONAL_JUMP	0
0x0014ac86	0x0014ac74	CONDITIONAL_JUMP	0
0x0014ac90	0x0014aca0	UNCONDITIONAL_JUMP	0
0x0014ac9e	0x0014acca	UNCONDITIONAL_JUMP	0
0x0014acaa	0x0014aca8	CONDITIONAL_JUMP	0
0x0014acb8	0x0014aca4	CONDITIONAL_JUMP	0
0x0014acbe	0xStack[0x10]	READ	1
0x0014acc3	0xStack[0xc]	READ	1
0x0014acca	0xStack[-0x10]	DATA	0
0x0014acdd	0xStack[0x4]	READ	1
0x0014ace3	0xStack[-0xc]	WRITE	0
0x0014ace6	0x001e8b54	READ	1
0x0014acec	0xStack[0x14]	READ	0
0x0014acf0	0x0014adec	CONDITIONAL_JUMP	0
0x0014acf8	0xStack[-0xc]	READ	1
0x0014acfd	0xStack[-0x10]	WRITE	0
0x0014ad02	0x0014ad58	CONDITIONAL_JUMP	0
0x0014ad07	0xStack[0xc]	READ	0
0x0014ad0a	0x0014ad2c	CONDITIONAL_JUMP	0
0x0014ad0c	0xStack[0x1c]	READ	1
0x0014ad1a	0x0014af38	UNCONDITIONAL_JUMP	0
0x0014ad20	0xStack[-0xc]	READ	1
0x0014ad29	0x0014ad42	UNCONDITIONAL_JUMP	0
0x0014ad2c	0xStack[-0x10]	READ	1
0x0014ad33	0x0014ad20	CONDITIONAL_JUMP	0
0x0014ad38	0xStack[-0xc]	READ	1
0x0014ad42	0xStack[-0x10]	READ	1
0x0014ad4b	0xStack[-0x8]	WRITE	0
0x0014ad51	0x0014aeb8	UNCONDITIONAL_JUMP	0
0x0014ad58	0xStack[0x8]	READ	1
0x0014ad5e	0x0014ad8c	CONDITIONAL_JUMP	0
0x0014ad60	0xStack[0x10]	READ	0
0x0014ad64	0x0014ad74	CONDITIONAL_JUMP	0
0x0014ad6f	0x0014af38	UNCONDITIONAL_JUMP	0
0x0014ad74	0xStack[0x10]	READ	1
0x0014ad79	0x00159234	UNCONDITIONAL_CALL	0
0x0014ad81	0x0014ad95	UNCONDITIONAL_JUMP	0
0x0014ad87	0x0014adba	UNCONDITIONAL_JUMP	0
0x0014ad8d	0x001591f4	UNCONDITIONAL_CALL	0
0x0014ad9a	0x0014ad84	CONDITIONAL_JUMP	0
0x0014adc4	0xStack[0xc]	READ	1
0x0014add1	0xStack[0x18]	READ	0
0x0014add5	0x0014ade0	CONDITIONAL_JUMP	0
0x0014add7	0xStack[0x18]	READ	1
0x0014addb	0x0014ade2	UNCONDITIONAL_JUMP	0
0x0014ade2	0x00163a18	UNCONDITIONAL_CALL	0
0x0014adf0	0x0014adee	CONDITIONAL_JUMP	0
0x0014adfe	0x0014adec	CONDITIONAL_JUMP	0
0x0014ae08	0x0014ae24	CONDITIONAL_JUMP	0
0x0014ae10	0xStack[-0x10]	WRITE	0
0x0014ae19	0xStack[-0x8]	WRITE	0
0x0014ae1f	0x0014aeb8	UNCONDITIONAL_JUMP	0
0x0014ae29	0x0014ae48	CONDITIONAL_JUMP	0
0x0014ae2b	0x0014ae38	CONDITIONAL_JUMP	0
0x0014ae32	0x0014ae64	CONDITIONAL_JUMP	0
0x0014ae34	0x0014aea4	UNCONDITIONAL_JUMP	0
0x0014ae3d	0x0014ae53	CONDITIONAL_JUMP	0
0x0014ae44	0x0014ae53	CONDITIONAL_JUMP	0
0x0014ae46	0x0014aea4	UNCONDITIONAL_JUMP	0
0x0014ae4e	0xStack[0x1c]	READ	1
0x0014ae5d	0x0014af38	UNCONDITIONAL_JUMP	0
0x0014ae69	0x00151c70	UNCONDITIONAL_CALL	0
0x0014ae77	0x0014ae98	CONDITIONAL_JUMP	0
0x0014ae79	0x0014acf8	CONDITIONAL_JUMP	0
0x0014ae82	0x0014acf8	CONDITIONAL_JUMP	0
0x0014ae91	0x0014af38	UNCONDITIONAL_JUMP	0
0x0014ae98	0xStack[0x10]	WRITE	0
0x0014ae9f	0x0014acf8	UNCONDITIONAL_JUMP	0
0x0014aea4	0x001de72e	DATA	0
0x0014aea9	0x0010ca6c	UNCONDITIONAL_CALL	0
0x0014aebc	0xStack[-0x10]	READ	1
0x0014aec4	0x0014aed8	CONDITIONAL_JUMP	0
0x0014aec7	0x0014a49c	UNCONDITIONAL_CALL	0
0x0014aedc	0x0014aeda	CONDITIONAL_JUMP	0
0x0014aeea	0x0014aed8	CONDITIONAL_JUMP	0
0x0014aef0	0x0014af22	CONDITIONAL_JUMP	0
0x0014af03	0x0014af22	CONDITIONAL_JUMP	0
0x0014af09	0x0014af22	CONDITIONAL_JUMP	0
0x0014af0d	0x00151c70	UNCONDITIONAL_CALL	0
0x0014af1d	0x00159000	UNCONDITIONAL_CALL	0
0x0014af26	0xStack[-0x10]	READ	1
0x0014af29	0xStack[0x1c]	READ	1
0x0014af2e	0xStack[-0x8]	READ	1
0x0014af31	0xStack[0x20]	READ	1
0x0014af38	0xStack[-0x1c]	DATA	0
0x0014af47	0xStack[0x4]	READ	1
0x0014afa7	0xStack[0x4]	READ	1
0x0014b007	0xStack[0x4]	READ	1
0x0014b067	0xStack[0x4]	READ	1
0x0014b0c7	0xStack[0x4]	READ	1
0x0014b0fb	0xStack[0x4]	READ	1
0x0014b15b	0x001f62d0	WRITE	0
0x0014b165	0x001f62d4	WRITE	0
0x0014b16f	0x001f62e0	WRITE	0
0x0014b179	0x001f62dc	WRITE	0
0x0014b183	0x001f62d8	WRITE	0
0x0014b18d	0x001f62e4	WRITE	0
0x0014b197	0x001f62e8	WRITE	0
0x0014b19e	0x001f62e9	WRITE	0
0x0014b1a5	0x001f62ea	READ	1
0x0014b1b1	0x001f62ea	WRITE	0
0x0014b1b7	0x001f62eb	READ	1
0x0014b1c1	0x001f62eb	WRITE	0
0x0014b1c7	0x001f62ec	WRITE	0
0x0014b1d1	0x001f6290	WRITE	0
0x0014b1db	0x001f6294	WRITE	0
0x0014b1e5	0x001f62a0	WRITE	0
0x0014b1ef	0x001f629c	WRITE	0
0x0014b1f9	0x001f6298	WRITE	0
0x0014b203	0x001f62a4	WRITE	0
0x0014b20d	0x001f62a8	WRITE	0
0x0014b214	0x001f62a9	WRITE	0
0x0014b21b	0x001f62aa	READ	1
0x0014b227	0x001f62aa	WRITE	0
0x0014b22d	0x001f62ab	READ	1
0x0014b237	0x001f62ab	WRITE	0
0x0014b23d	0x001f62ac	WRITE	0
0x0014b247	0x001f62f0	WRITE	0
0x0014b251	0x001f62f4	WRITE	0
0x0014b25b	0x001f6300	WRITE	0
0x0014b265	0x001f62fc	WRITE	0
0x0014b26f	0x001f62f8	WRITE	0
0x0014b279	0x001f6304	WRITE	0
0x0014b283	0x001f6308	WRITE	0
0x0014b28a	0x001f6309	WRITE	0
0x0014b291	0x001f630a	READ	1
0x0014b29d	0x001f630a	WRITE	0
0x0014b2a3	0x001f630b	READ	1
0x0014b2ad	0x001f630b	WRITE	0
0x0014b2b3	0x001f630c	WRITE	0
0x0014b2bd	0x001f62b0	WRITE	0
0x0014b2c7	0x001f62b4	WRITE	0
0x0014b2d1	0x001f62c0	WRITE	0
0x0014b2db	0x001f62bc	WRITE	0
0x0014b2e5	0x001f62b8	WRITE	0
0x0014b2ef	0x001f62c4	WRITE	0
0x0014b2f9	0x001f62c8	WRITE	0
0x0014b300	0x001f62c9	WRITE	0
0x0014b307	0x001f62ca	READ	1
0x0014b313	0x001f62ca	WRITE	0
0x0014b319	0x001f62cb	READ	1
0x0014b323	0x001f62cb	WRITE	0
0x0014b329	0x001f62cc	WRITE	0
0x0014b333	0x001f6310	WRITE	0
0x0014b33d	0x001f6314	WRITE	0
0x0014b347	0x001f6320	WRITE	0
0x0014b351	0x001f631c	WRITE	0
0x0014b35b	0x001f6318	WRITE	0
0x0014b365	0x001f6324	WRITE	0
0x0014b36f	0x001f6270	WRITE	0
0x0014b379	0x001f6274	WRITE	0
0x0014b383	0x001f6280	WRITE	0
0x0014b38d	0x001f627c	WRITE	0
0x0014b397	0x001f6278	WRITE	0
0x0014b3a1	0x001f6284	WRITE	0
0x0014b3ab	0x001f6288	WRITE	0
0x0014b3b2	0x001f6289	WRITE	0
0x0014b3b9	0x001f628a	READ	1
0x0014b3c5	0x001f628a	WRITE	0
0x0014b3cb	0x001f628b	READ	1
0x0014b3d5	0x001f628b	WRITE	0
0x0014b3db	0x001f628c	WRITE	0
0x0014b3f2	0xStack[0x4]	READ	1
0x0014b3f7	0x0015a75c	UNCONDITIONAL_CALL	0
0x0014b401	0x0014b41c	CONDITIONAL_JUMP	0
0x0014b403	0xStack[0x8]	READ	1
0x0014b408	0x001de754	DATA	0
0x0014b40d	0x0010c0d8	UNCONDITIONAL_CALL	0
0x0014b413	0x0014d108	UNCONDITIONAL_CALL	0
0x0014b418	0x0014b459	UNCONDITIONAL_JUMP	0
0x0014b434	0x001f62d0	DATA	1
0x0014b43f	0x001f62d0	READ	1
0x0014b43f	0x001f62d4	READ	1
0x0014b444	0xStack[0x8]	READ	1
0x0014b454	0x0014a764	UNCONDITIONAL_CALL	0
0x0014b459	0xStack[-0x10]	DATA	0
0x0014b46a	0xStack[0x4]	READ	1
0x0014b46f	0x0015a75c	UNCONDITIONAL_CALL	0
0x0014b479	0x0014b494	CONDITIONAL_JUMP	0
0x0014b47b	0xStack[0x8]	READ	1
0x0014b480	0x001de779	DATA	0
0x0014b485	0x0010c0d8	UNCONDITIONAL_CALL	0
0x0014b48b	0x0014d108	UNCONDITIONAL_CALL	0
0x0014b490	0x0014b4d1	UNCONDITIONAL_JUMP	0
0x0014b4ac	0x001f6290	DATA	1
0x0014b4b7	0x001f6290	READ	1
0x0014b4b7	0x001f6294	READ	1
0x0014b4bc	0xStack[0x8]	READ	1
0x0014b4cc	0x0014a764	UNCONDITIONAL_CALL	0
0x0014b4d1	0xStack[-0x10]	DATA	0
0x0014b4e2	0xStack[0x4]	READ	1
0x0014b4e7	0x0015a75c	UNCONDITIONAL_CALL	0
0x0014b4f1	0x0014b514	CONDITIONAL_JUMP	0
0x0014b4f3	0xStack[0x8]	READ	1
0x0014b4f8	0x001de79e	DATA	0
0x0014b4fd	0x0010c0d8	UNCONDITIONAL_CALL	0
0x0014b503	0x0014d108	UNCONDITIONAL_CALL	0
0x0014b508	0xStack[0x8]	READ	1
0x0014b50c	0x0014d168	UNCONDITIONAL_CALL	0
0x0014b511	0x0014b551	UNCONDITIONAL_JUMP	0
0x0014b52c	0x001f62f0	DATA	1
0x0014b537	0x001f62f0	READ	1
0x0014b537	0x001f62f4	READ	1
0x0014b53c	0xStack[0x8]	READ	1
0x0014b54c	0x0014a764	UNCONDITIONAL_CALL	0
0x0014b551	0xStack[-0x10]	DATA	0
0x0014b562	0xStack[0x4]	READ	1
0x0014b567	0x0015a75c	UNCONDITIONAL_CALL	0
0x0014b571	0x0014b58c	CONDITIONAL_JUMP	0
0x0014b573	0xStack[0x8]	READ	1
0x0014b578	0x001de7c7	DATA	0
0x0014b57d	0x0010c0d8	UNCONDITIONAL_CALL	0
0x0014b583	0x0014d108	UNCONDITIONAL_CALL	0
0x0014b588	0x0014b5c9	UNCONDITIONAL_JUMP	0
0x0014b5a4	0x001f62b0	DATA	1
0x0014b5af	0x001f62b0	READ	1
0x0014b5af	0x001f62b4	READ	1
0x0014b5b4	0xStack[0x8]	READ	1
0x0014b5c4	0x0014a764	UNCONDITIONAL_CALL	0
0x0014b5c9	0xStack[-0x10]	DATA	0
0x0014b5da	0xStack[0x4]	READ	1
0x0014b5df	0x0015a75c	UNCONDITIONAL_CALL	0
0x0014b5e9	0x0014b600	CONDITIONAL_JUMP	0
0x0014b5ec	0x001de7e8	DATA	0
0x0014b5f1	0x0010c0d8	UNCONDITIONAL_CALL	0
0x0014b5f7	0x0014d108	UNCONDITIONAL_CALL	0
0x0014b5fc	0x0014b637	UNCONDITIONAL_JUMP	0
0x0014b618	0x001f6310	DATA	1
0x0014b623	0x001f6310	READ	1
0x0014b623	0x001f6314	READ	1
0x0014b632	0x0014a764	UNCONDITIONAL_CALL	0
0x0014b637	0xStack[-0x10]	DATA	0
0x0014b64a	0xStack[0x4]	READ	1
0x0014b64f	0x0015a75c	UNCONDITIONAL_CALL	0
0x0014b659	0x0014b674	CONDITIONAL_JUMP	0
0x0014b65b	0xStack[0x8]	READ	1
0x0014b660	0x001de804	DATA	0
0x0014b665	0x0010c0d8	UNCONDITIONAL_CALL	0
0x0014b66b	0x0014d108	UNCONDITIONAL_CALL	0
0x0014b670	0x0014b6b1	UNCONDITIONAL_JUMP	0
0x0014b68c	0x001f6270	DATA	1
0x0014b697	0x001f6270	READ	1
0x0014b697	0x001f6274	READ	1
0x0014b69c	0xStack[0x8]	READ	1
0x0014b6ac	0x0014a764	UNCONDITIONAL_CALL	0
0x0014b6b1	0xStack[-0x10]	DATA	0
0x0014b6c2	0xStack[0x4]	READ	1
0x0014b6c7	0x0015a75c	UNCONDITIONAL_CALL	0
0x0014b6d1	0x0014b6ec	CONDITIONAL_JUMP	0
0x0014b6d3	0xStack[0x8]	READ	1
0x0014b6d8	0x001de826	DATA	0
0x0014b6dd	0x0010c0d8	UNCONDITIONAL_CALL	0
0x0014b6e3	0x0014d050	UNCONDITIONAL_CALL	0
0x0014b6e8	0x0014b730	UNCONDITIONAL_JUMP	0
0x0014b704	0x001f62d0	DATA	1
0x0014b70f	0x001f62d0	READ	1
0x0014b70f	0x001f62d4	READ	1
0x0014b71b	0xStack[0x8]	READ	1
0x0014b72b	0x0014a764	UNCONDITIONAL_CALL	0
0x0014b730	0xStack[-0x10]	DATA	0
0x0014b742	0xStack[0x4]	READ	1
0x0014b747	0x0015a75c	UNCONDITIONAL_CALL	0
0x0014b751	0x0014b76c	CONDITIONAL_JUMP	0
0x0014b753	0xStack[0x8]	READ	1
0x0014b758	0x001de852	DATA	0
0x0014b75d	0x0010c0d8	UNCONDITIONAL_CALL	0
0x0014b763	0x0014d050	UNCONDITIONAL_CALL	0
0x0014b768	0x0014b7b0	UNCONDITIONAL_JUMP	0
0x0014b784	0x001f6290	DATA	1
0x0014b78f	0x001f6290	READ	1
0x0014b78f	0x001f6294	READ	1
0x0014b79b	0xStack[0x8]	READ	1
0x0014b7ab	0x0014a764	UNCONDITIONAL_CALL	0
0x0014b7b0	0xStack[-0x10]	DATA	0
0x0014b7c2	0xStack[0x4]	READ	1
0x0014b7c7	0x0015a75c	UNCONDITIONAL_CALL	0
0x0014b7d1	0x0014b7f4	CONDITIONAL_JUMP	0
0x0014b7d3	0xStack[0x8]	READ	1
0x0014b7d8	0x001de87e	DATA	0
0x0014b7dd	0x0010c0d8	UNCONDITIONAL_CALL	0
0x0014b7e3	0x0014d050	UNCONDITIONAL_CALL	0
0x0014b7e8	0xStack[0x8]	READ	1
0x0014b7ec	0x0014d168	UNCONDITIONAL_CALL	0
0x0014b7f1	0x0014b838	UNCONDITIONAL_JUMP	0
0x0014b80c	0x001f62f0	DATA	1
0x0014b817	0x001f62f0	READ	1
0x0014b817	0x001f62f4	READ	1
0x0014b823	0xStack[0x8]	READ	1
0x0014b833	0x0014a764	UNCONDITIONAL_CALL	0
0x0014b838	0xStack[-0x10]	DATA	0
0x0014b847	0xStack[0x4]	READ	1
0x0014b850	0x0014b84e	CONDITIONAL_JUMP	0
0x0014b85e	0x0014b84c	CONDITIONAL_JUMP	0
0x0014b870	0xStack[0x4]	READ	1
0x0014b878	0x0014b876	CONDITIONAL_JUMP	0
0x0014b886	0x0014b874	CONDITIONAL_JUMP	0
0x0014b898	0x0014b8b1	CONDITIONAL_JUMP	0
0x0014b8a4	0x001f6230	DATA	1
0x0014b8ac	0x0016b84c	UNCONDITIONAL_CALL	0
0x0014b8b1	0xStack[-0x8]	READ	1
0x0014b8c1	0xStack[0x4]	READ	1
0x0014b8c4	0xStack[0x10]	READ	1
0x0014b8c7	0xStack[-0x8]	DATA	0
0x0014b8cb	0xStack[0x8]	READ	1
0x0014b8d0	0x0014db08	UNCONDITIONAL_CALL	0
0x0014b8d7	0x0014b91d	CONDITIONAL_JUMP	0
0x0014b8d9	0xStack[-0x8]	READ	1
0x0014b8dc	0xStack[0xc]	READ	1
0x0014b8eb	0x0014b8fc	CONDITIONAL_JUMP	0
0x0014b8f7	0x0014b91d	UNCONDITIONAL_JUMP	0
0x0014b904	0x0014b902	CONDITIONAL_JUMP	0
0x0014b912	0x0014b900	CONDITIONAL_JUMP	0
0x0014b91d	0xStack[-0x14]	DATA	0
0x0014b92f	0xStack[0x4]	READ	1
0x0014b932	0xStack[-0x8]	DATA	0
0x0014b936	0xStack[0x8]	READ	1
0x0014b93b	0x00145f5c	UNCONDITIONAL_CALL	0
0x0014b942	0x0014b954	CONDITIONAL_JUMP	0
0x0014b944	0xStack[-0x8]	READ	1
0x0014b947	0x00100001	DATA	1
0x0014b954	0xStack[-0xc]	READ	1
0x0014b964	0xStack[0x4]	READ	1
0x0014b967	0xStack[0x8]	READ	1
0x0014b96a	0xStack[-0x8]	DATA	0
0x0014b970	0x00145fe8	UNCONDITIONAL_CALL	0
0x0014b97a	0x0014b9a5	CONDITIONAL_JUMP	0
0x0014b97c	0xStack[-0x8]	READ	1
0x0014b982	0x0014ddf8	UNCONDITIONAL_CALL	0
0x0014b989	0x0014b9a0	CONDITIONAL_JUMP	0
0x0014b98b	0xStack[-0x8]	READ	1
0x0014b98e	0x00100001	DATA	1
0x0014b99b	0x0014b9a5	UNCONDITIONAL_JUMP	0
0x0014b9a5	0xStack[-0x10]	DATA	0
0x0014b9b9	0xStack[0x8]	READ	1
0x0014b9bc	0x001f6230	DATA	1
0x0014b9c4	0x0016b790	UNCONDITIONAL_CALL	0
0x0014b9d0	0x0014b9dc	CONDITIONAL_JUMP	0
0x0014b9d7	0x0014ba53	UNCONDITIONAL_JUMP	0
0x0014b9dc	0xStack[-0x8]	DATA	0
0x0014b9e0	0xStack[0x14]	READ	1
0x0014b9e4	0xStack[0x4]	READ	1
0x0014b9e8	0x00145f5c	UNCONDITIONAL_CALL	0
0x0014b9f4	0x0014ba08	CONDITIONAL_JUMP	0
0x0014b9f7	0x001f6230	DATA	1
0x0014b9ff	0x0016b84c	UNCONDITIONAL_CALL	0
0x0014ba06	0x0014ba53	UNCONDITIONAL_JUMP	0
0x0014ba08	0xStack[-0x8]	READ	1
0x0014ba0b	0xStack[0xc]	READ	1
0x0014ba0e	0xStack[0x10]	READ	1
0x0014ba20	0x0014ba1e	CONDITIONAL_JUMP	0
0x0014ba2e	0x0014ba1c	CONDITIONAL_JUMP	0
0x0014ba32	0xStack[0x4]	READ	1
0x0014ba4c	0xStack[0x18]	READ	1
0x0014ba53	0xStack[-0x14]	DATA	0
0x0014ba69	0xStack[0x8]	READ	1
0x0014ba6c	0x001f6230	DATA	1
0x0014ba74	0x0016b790	UNCONDITIONAL_CALL	0
0x0014ba80	0x0014ba8c	CONDITIONAL_JUMP	0
0x0014ba87	0x0014bb33	UNCONDITIONAL_JUMP	0
0x0014ba8c	0xStack[-0x8]	DATA	0
0x0014ba90	0xStack[0x14]	READ	1
0x0014ba94	0xStack[0x4]	READ	1
0x0014ba98	0x00145fe8	UNCONDITIONAL_CALL	0
0x0014baa4	0x0014bab8	CONDITIONAL_JUMP	0
0x0014baa7	0x001f6230	DATA	1
0x0014baaf	0x0016b84c	UNCONDITIONAL_CALL	0
0x0014bab6	0x0014bb33	UNCONDITIONAL_JUMP	0
0x0014bab8	0xStack[-0x8]	READ	1
0x0014babc	0xStack[0x14]	READ	1
0x0014bac0	0xStack[0x4]	READ	1
0x0014bac4	0x0014ddf8	UNCONDITIONAL_CALL	0
0x0014bace	0x0014bae8	CONDITIONAL_JUMP	0
0x0014bad1	0x001f6230	DATA	1
0x0014bad9	0x0016b84c	UNCONDITIONAL_CALL	0
0x0014bae3	0x0014bb33	UNCONDITIONAL_JUMP	0
0x0014bae8	0xStack[-0x8]	READ	1
0x0014baeb	0xStack[0xc]	READ	1
0x0014baee	0xStack[0x10]	READ	1
0x0014bb00	0x0014bafe	CONDITIONAL_JUMP	0
0x0014bb0e	0x0014bafc	CONDITIONAL_JUMP	0
0x0014bb12	0xStack[0x4]	READ	1
0x0014bb2c	0xStack[0x18]	READ	1
0x0014bb33	0xStack[-0x14]	DATA	0
0x0014bb43	0xStack[0x4]	READ	1
0x0014bb49	0x0014bbdc	CONDITIONAL_JUMP	0
0x0014bb4f	0x0014bbb0	COMPUTED_JUMP	-1
0x0014bb4f	0x0014bbdc	COMPUTED_JUMP	-1
0x0014bb4f	0x0014bbb8	COMPUTED_JUMP	-1
0x0014bb4f	0x0014bbd0	COMPUTED_JUMP	-1
0x0014bb4f	0x0014bbc4	COMPUTED_JUMP	-1
0x0014bb4f	0x0014bb58	DATA	0
0x0014bb58	0x0014bbb0	DATA	0
0x0014bb5c	0x0014bbdc	DATA	0
0x0014bb60	0x0014bbdc	DATA	0
0x0014bb64	0x0014bbdc	DATA	0
0x0014bb68	0x0014bbdc	DATA	0
0x0014bb6c	0x0014bbb8	DATA	0
0x0014bb70	0x0014bbd0	DATA	0
0x0014bb74	0x0014bbdc	DATA	0
0x0014bb78	0x0014bbdc	DATA	0
0x0014bb7c	0x0014bbdc	DATA	0
0x0014bb80	0x0014bbdc	DATA	0
0x0014bb84	0x0014bbdc	DATA	0
0x0014bb88	0x0014bbdc	DATA	0
0x0014bb8c	0x0014bbdc	DATA	0
0x0014bb90	0x0014bbdc	DATA	0
0x0014bb94	0x0014bbdc	DATA	0
0x0014bb98	0x0014bbb8	DATA	0
0x0014bb9c	0x0014bbd0	DATA	0
0x0014bba0	0x0014bbc4	DATA	0
0x0014bba4	0x0014bbd0	DATA	0
0x0014bba8	0x0014bbd0	DATA	0
0x0014bbac	0x0014bbc4	DATA	0
0x0014bbdc	0x001de8ae	DATA	0
0x0014bbe1	0x0010ca6c	UNCONDITIONAL_CALL	0
0x0014bbf5	0xStack[0x4]	READ	1
0x0014bbf8	0xStack[0x8]	READ	1
0x0014bbfb	0xStack[-0x8]	DATA	0
0x0014bc01	0x0014db08	UNCONDITIONAL_CALL	0
0x0014bc0d	0x0014bc5a	CONDITIONAL_JUMP	0
0x0014bc0f	0xStack[-0xc]	DATA	0
0x0014bc13	0xStack[0x10]	READ	1
0x0014bc19	0xStack[0xc]	READ	1
0x0014bc1d	0xStack[-0x8]	READ	1
0x0014bc23	0x0014f1b8	UNCONDITIONAL_CALL	0
0x0014bc2a	0xStack[-0x8]	READ	1
0x0014bc34	0x0014bc41	CONDITIONAL_JUMP	0
0x0014bc39	0x00146284	UNCONDITIONAL_CALL	0
0x0014bc48	0x0014bc58	CONDITIONAL_JUMP	0
0x0014bc4a	0xStack[-0xc]	READ	1
0x0014bc4f	0x0014bc58	CONDITIONAL_JUMP	0
0x0014bc53	0x0014b3ec	UNCONDITIONAL_CALL	0
0x0014bc5a	0xStack[-0x18]	DATA	0
0x0014bc67	0xStack[0x4]	READ	1
0x0014bc6a	0xStack[0x8]	READ	1
0x0014bc73	0x0014bd58	CONDITIONAL_JUMP	0
0x0014bc79	0x0014bcc4	COMPUTED_JUMP	-1
0x0014bc79	0x0014bcf8	COMPUTED_JUMP	-1
0x0014bc79	0x0014bd58	COMPUTED_JUMP	-1
0x0014bc79	0x0014bd62	COMPUTED_JUMP	-1
0x0014bc79	0x0014bd1c	COMPUTED_JUMP	-1
0x0014bc79	0x0014bd3c	COMPUTED_JUMP	-1
0x0014bc79	0x0014bc80	DATA	0
0x0014bc80	0x0014bcc4	DATA	0
0x0014bc84	0x0014bcf8	DATA	0
0x0014bc88	0x0014bd58	DATA	0
0x0014bc8c	0x0014bd58	DATA	0
0x0014bc90	0x0014bd58	DATA	0
0x0014bc94	0x0014bd58	DATA	0
0x0014bc98	0x0014bd58	DATA	0
0x0014bc9c	0x0014bd58	DATA	0
0x0014bca0	0x0014bd58	DATA	0
0x0014bca4	0x0014bd58	DATA	0
0x0014bca8	0x0014bd58	DATA	0
0x0014bcac	0x0014bcc4	DATA	0
0x0014bcb0	0x0014bd62	DATA	0
0x0014bcb4	0x0014bd62	DATA	0
0x0014bcb8	0x0014bcf8	DATA	0
0x0014bcbc	0x0014bd1c	DATA	0
0x0014bcc0	0x0014bd3c	DATA	0
0x0014bcc8	0x0014bcc6	CONDITIONAL_JUMP	0
0x0014bcd6	0x0014bcc4	CONDITIONAL_JUMP	0
0x0014bcfc	0x0014bcfa	CONDITIONAL_JUMP	0
0x0014bd0a	0x0014bcf8	CONDITIONAL_JUMP	0
0x0014bd10	0x0014bd15	CONDITIONAL_JUMP	0
0x0014bd18	0x0014bced	UNCONDITIONAL_JUMP	0
0x0014bd20	0x0014bd1e	CONDITIONAL_JUMP	0
0x0014bd2e	0x0014bd1c	CONDITIONAL_JUMP	0
0x0014bd39	0x0014bced	UNCONDITIONAL_JUMP	0
0x0014bd40	0x0014bd3e	CONDITIONAL_JUMP	0
0x0014bd4e	0x0014bd3c	CONDITIONAL_JUMP	0
0x0014bd56	0x0014bced	UNCONDITIONAL_JUMP	0
0x0014bd58	0x001de8d5	DATA	0
0x0014bd5d	0x0010ca6c	UNCONDITIONAL_CALL	0
0x0014bd6b	0xStack[0x4]	READ	1
0x0014bd6e	0xStack[0x8]	READ	1
0x0014bd74	0x0014bd90	CONDITIONAL_JUMP	0
0x0014bd76	0x0014bd84	CONDITIONAL_JUMP	0
0x0014bd7b	0x0014bda8	CONDITIONAL_JUMP	0
0x0014bd87	0x0014bd9c	CONDITIONAL_JUMP	0
0x0014bd91	0x0014d050	UNCONDITIONAL_CALL	0
0x0014bd9d	0x0014b5d4	UNCONDITIONAL_CALL	0
0x0014bda9	0x0014d168	UNCONDITIONAL_CALL	0
0x0014bdbd	0xStack[0x4]	READ	1
0x0014bdc0	0xStack[0x8]	READ	1
0x0014bdcc	0x0014bdca	CONDITIONAL_JUMP	0
0x0014bdda	0x0014bdc8	CONDITIONAL_JUMP	0
0x0014bddc	0xStack[-0xc]	DATA	0
0x0014bddf	0xStack[-0x10]	WRITE	0
0x0014bde8	0x0014bdfc	CONDITIONAL_JUMP	0
0x0014bdf4	0x0014beaa	UNCONDITIONAL_JUMP	0
0x0014bdfc	0xStack[0xc]	READ	0
0x0014be00	0x0014be18	CONDITIONAL_JUMP	0
0x0014be02	0xStack[-0x10]	READ	1
0x0014be06	0xStack[-0x8]	DATA	0
0x0014be0c	0x0014db68	UNCONDITIONAL_CALL	0
0x0014be16	0x0014be7e	CONDITIONAL_JUMP	0
0x0014be18	0xStack[-0x10]	READ	1
0x0014be1c	0xStack[-0x8]	DATA	0
0x0014be21	0x00145f04	UNCONDITIONAL_CALL	0
0x0014be2d	0x0014be40	CONDITIONAL_JUMP	0
0x0014be30	0x001464ac	UNCONDITIONAL_CALL	0
0x0014be3c	0x0014bde4	CONDITIONAL_JUMP	0
0x0014be3e	0x0014beaa	UNCONDITIONAL_JUMP	0
0x0014be44	0x0014be42	CONDITIONAL_JUMP	0
0x0014be52	0x0014be40	CONDITIONAL_JUMP	0
0x0014be58	0x0014be78	CONDITIONAL_JUMP	0
0x0014be5e	0xStack[-0xc]	DATA	0
0x0014be62	0xStack[-0x8]	READ	1
0x0014be67	0x00146284	UNCONDITIONAL_CALL	0
0x0014be76	0x0014beaa	UNCONDITIONAL_JUMP	0
0x0014be78	0xStack[-0xc]	READ	1
0x0014be7f	0xStack[0x10]	READ	1
0x0014be83	0xStack[0xc]	READ	1
0x0014be87	0xStack[-0xc]	READ	1
0x0014be8b	0xStack[-0x8]	READ	1
0x0014be90	0x0014fb2c	UNCONDITIONAL_CALL	0
0x0014be9e	0x0014bea8	CONDITIONAL_JUMP	0
0x0014bea0	0xStack[-0x8]	READ	1
0x0014bea3	0xStack[0x14]	READ	1
0x0014beaa	0xStack[-0x1c]	DATA	0
0x0014bebd	0xStack[0x4]	READ	1
0x0014bec0	0xStack[0x8]	READ	1
0x0014bec3	0xStack[0x14]	READ	1
0x0014bec6	0xStack[-0x8]	DATA	0
0x0014becc	0x00145fe8	UNCONDITIONAL_CALL	0
0x0014bed8	0x0014bf97	CONDITIONAL_JUMP	0
0x0014bede	0xStack[0xc]	READ	0
0x0014bee2	0x0014bf20	CONDITIONAL_JUMP	0
0x0014bee4	0xStack[-0x10]	DATA	0
0x0014bee8	0xStack[-0xc]	DATA	0
0x0014beee	0x0014db68	UNCONDITIONAL_CALL	0
0x0014bef8	0x0014bf20	CONDITIONAL_JUMP	0
0x0014befa	0xStack[-0xc]	READ	0
0x0014befd	0x0014bf7a	CONDITIONAL_JUMP	0
0x0014bf03	0xStack[-0x8]	READ	1
0x0014bf0a	0x0014bf14	CONDITIONAL_JUMP	0
0x0014bf0f	0x00146284	UNCONDITIONAL_CALL	0
0x0014bf1e	0x0014bf97	UNCONDITIONAL_JUMP	0
0x0014bf20	0xStack[-0x8]	READ	1
0x0014bf26	0x0014ddf8	UNCONDITIONAL_CALL	0
0x0014bf30	0x0014bf3c	CONDITIONAL_JUMP	0
0x0014bf37	0x0014bf97	UNCONDITIONAL_JUMP	0
0x0014bf40	0x0014bf3e	CONDITIONAL_JUMP	0
0x0014bf4e	0x0014bf3c	CONDITIONAL_JUMP	0
0x0014bf54	0x0014bf74	CONDITIONAL_JUMP	0
0x0014bf5a	0xStack[-0x8]	READ	1
0x0014bf60	0x00146284	UNCONDITIONAL_CALL	0
0x0014bf6f	0x0014bf97	UNCONDITIONAL_JUMP	0
0x0014bf74	0xStack[-0x8]	READ	1
0x0014bf7b	0xStack[0x10]	READ	1
0x0014bf7f	0xStack[0xc]	READ	1
0x0014bf83	0xStack[-0x8]	READ	1
0x0014bf89	0x0014fb2c	UNCONDITIONAL_CALL	0
0x0014bf97	0xStack[-0x1c]	DATA	0
0x0014bfad	0xStack[0x8]	READ	1
0x0014bfb0	0xStack[0xc]	READ	1
0x0014bfc1	0x0014bfcc	CONDITIONAL_JUMP	0
0x0014bfc6	0x0014c01c	CONDITIONAL_JUMP	0
0x0014bfc8	0x0014c044	UNCONDITIONAL_JUMP	0
0x0014bfd0	0xStack[-0x8]	WRITE	0
0x0014bfe3	0x0014bff9	CONDITIONAL_JUMP	0
0x0014bfea	0x0014bff9	CONDITIONAL_JUMP	0
0x0014bff6	0xStack[-0x8]	WRITE	0
0x0014bffb	0xStack[0x4]	READ	1
0x0014c001	0x0014c006	CONDITIONAL_JUMP	0
0x0014c00c	0x0014c04e	CONDITIONAL_JUMP	0
0x0014c00e	0xStack[-0x8]	READ	1
0x0014c013	0x0014b55c	UNCONDITIONAL_CALL	0
0x0014c018	0x0014c04e	UNCONDITIONAL_JUMP	0
0x0014c01e	0xStack[0x4]	READ	1
0x0014c024	0x0014c034	CONDITIONAL_JUMP	0
0x0014c030	0x0014c04e	UNCONDITIONAL_JUMP	0
0x0014c03c	0x0014b5d4	UNCONDITIONAL_CALL	0
0x0014c041	0x0014c04e	UNCONDITIONAL_JUMP	0
0x0014c044	0x001de903	DATA	0
0x0014c049	0x0010ca6c	UNCONDITIONAL_CALL	0
0x0014c04e	0xStack[0x10]	READ	1
0x0014c053	0xStack[-0x14]	DATA	0
0x0014c069	0xStack[0x4]	READ	1
0x0014c06c	0xStack[0x8]	READ	1
0x0014c06f	0xStack[0xc]	READ	1
0x0014c072	0xStack[-0x8]	DATA	0
0x0014c078	0x00145fe8	UNCONDITIONAL_CALL	0
0x0014c082	0x0014c0d9	CONDITIONAL_JUMP	0
0x0014c084	0xStack[-0x8]	READ	1
0x0014c08a	0x0014ddf8	UNCONDITIONAL_CALL	0
0x0014c094	0x0014c0a0	CONDITIONAL_JUMP	0
0x0014c09b	0x0014c0d9	UNCONDITIONAL_JUMP	0
0x0014c0a2	0x0014c0b2	CONDITIONAL_JUMP	0
0x0014c0a6	0x00145e98	UNCONDITIONAL_CALL	0
0x0014c0b0	0x0014c0cc	CONDITIONAL_JUMP	0
0x0014c0b2	0xStack[-0x8]	READ	1
0x0014c0b8	0x00146284	UNCONDITIONAL_CALL	0
0x0014c0c7	0x0014c0d9	UNCONDITIONAL_JUMP	0
0x0014c0cc	0xStack[-0x8]	READ	1
0x0014c0d4	0x0014fc44	UNCONDITIONAL_CALL	0
0x0014c0d9	0xStack[-0x14]	DATA	0
0x0014c0e7	0xStack[0x4]	READ	1
0x0014c0ed	0x0014c100	CONDITIONAL_JUMP	0
0x0014c0ef	0x0014c10c	CONDITIONAL_JUMP	0
0x0014c0f4	0x0014c10c	CONDITIONAL_JUMP	0
0x0014c10c	0x001de92b	DATA	0
0x0014c111	0x0010ca6c	UNCONDITIONAL_CALL	0
0x0014c124	0xStack[0x4]	READ	1
0x0014c127	0xStack[0x8]	READ	1
0x0014c12a	0xStack[-0x8]	DATA	0
0x0014c130	0x0014db08	UNCONDITIONAL_CALL	0
0x0014c13a	0x0014c153	CONDITIONAL_JUMP	0
0x0014c13c	0xStack[0x14]	READ	1
0x0014c140	0xStack[0x10]	READ	1
0x0014c144	0xStack[0xc]	READ	1
0x0014c148	0xStack[-0x8]	READ	1
0x0014c14e	0x0014fecc	UNCONDITIONAL_CALL	0
0x0014c153	0xStack[-0x10]	DATA	0
0x0014c164	0xStack[0x4]	READ	1
0x0014c167	0xStack[0x8]	READ	1
0x0014c16a	0xStack[-0x8]	DATA	0
0x0014c170	0x0014db08	UNCONDITIONAL_CALL	0
0x0014c17a	0x0014c18f	CONDITIONAL_JUMP	0
0x0014c17c	0xStack[0x10]	READ	1
0x0014c180	0xStack[0xc]	READ	1
0x0014c184	0xStack[-0x8]	READ	1
0x0014c18a	0x00150364	UNCONDITIONAL_CALL	0
0x0014c18f	0xStack[-0x10]	DATA	0
0x0014c1a1	0xStack[0x4]	READ	1
0x0014c1a4	0xStack[0x8]	READ	1
0x0014c1b0	0x0014c1ae	CONDITIONAL_JUMP	0
0x0014c1be	0x0014c1ac	CONDITIONAL_JUMP	0
0x0014c1c4	0x0014c1d8	CONDITIONAL_JUMP	0
0x0014c1d0	0x0014c30d	UNCONDITIONAL_JUMP	0
0x0014c1d8	0xStack[0xc]	READ	0
0x0014c1dc	0x0014c1f8	CONDITIONAL_JUMP	0
0x0014c1de	0xStack[-0xc]	DATA	0
0x0014c1e2	0xStack[-0x8]	DATA	0
0x0014c1e8	0x0014db68	UNCONDITIONAL_CALL	0
0x0014c1f2	0x0014c2e3	CONDITIONAL_JUMP	0
0x0014c1f8	0xStack[-0xc]	DATA	0
0x0014c1fc	0xStack[-0x8]	DATA	0
0x0014c201	0x00145f04	UNCONDITIONAL_CALL	0
0x0014c20d	0x0014c224	CONDITIONAL_JUMP	0
0x0014c210	0x001464ac	UNCONDITIONAL_CALL	0
0x0014c21c	0x0014c1c0	CONDITIONAL_JUMP	0
0x0014c21e	0x0014c30d	UNCONDITIONAL_JUMP	0
0x0014c228	0x0014c226	CONDITIONAL_JUMP	0
0x0014c236	0x0014c224	CONDITIONAL_JUMP	0
0x0014c23c	0x0014c260	CONDITIONAL_JUMP	0
0x0014c242	0xStack[-0xc]	READ	1
0x0014c246	0xStack[-0x8]	READ	1
0x0014c24b	0x00146284	UNCONDITIONAL_CALL	0
0x0014c25a	0x0014c30d	UNCONDITIONAL_JUMP	0
0x0014c260	0xStack[-0x10]	DATA	0
0x0014c269	0xStack[-0x8]	READ	1
0x0014c26e	0x0014c490	UNCONDITIONAL_CALL	0
0x0014c27a	0x0014c2c8	CONDITIONAL_JUMP	0
0x0014c27c	0xStack[-0xc]	READ	1
0x0014c280	0xStack[-0x8]	READ	1
0x0014c285	0x00146284	UNCONDITIONAL_CALL	0
0x0014c28d	0xStack[-0x14]	WRITE	0
0x0014c299	0x0014c4d0	UNCONDITIONAL_CALL	0
0x0014c2a5	0x0014c30d	CONDITIONAL_JUMP	0
0x0014c2a7	0xStack[-0x14]	READ	1
0x0014c2b0	0x0014c2ae	CONDITIONAL_JUMP	0
0x0014c2be	0x0014c2ac	CONDITIONAL_JUMP	0
0x0014c2c0	0x0014c1c0	UNCONDITIONAL_JUMP	0
0x0014c2c9	0x001506b0	UNCONDITIONAL_CALL	0
0x0014c2ce	0xStack[-0xc]	READ	1
0x0014c2d4	0xStack[-0x10]	READ	1
0x0014c2e6	0xStack[0xc]	READ	1
0x0014c2ea	0xStack[-0xc]	READ	1
0x0014c2ee	0xStack[-0x8]	READ	1
0x0014c2f3	0x0014fb2c	UNCONDITIONAL_CALL	0
0x0014c301	0x0014c30b	CONDITIONAL_JUMP	0
0x0014c303	0xStack[-0x8]	READ	1
0x0014c306	0xStack[0x10]	READ	1
0x0014c30d	0xStack[-0x20]	DATA	0
0x0014c321	0xStack[0x4]	READ	1
0x0014c324	0xStack[0x10]	READ	1
0x0014c327	0xStack[0x8]	READ	1
0x0014c32c	0xStack[-0x8]	DATA	0
0x0014c332	0x00145fe8	UNCONDITIONAL_CALL	0
0x0014c33e	0x0014c44a	CONDITIONAL_JUMP	0
0x0014c344	0xStack[-0x8]	READ	1
0x0014c34a	0x0014ddf8	UNCONDITIONAL_CALL	0
0x0014c354	0x0014c360	CONDITIONAL_JUMP	0
0x0014c35b	0x0014c44a	UNCONDITIONAL_JUMP	0
0x0014c360	0xStack[0xc]	READ	0
0x0014c364	0x0014c39c	CONDITIONAL_JUMP	0
0x0014c366	0xStack[-0x10]	DATA	0
0x0014c36a	0xStack[-0xc]	DATA	0
0x0014c370	0x0014db68	UNCONDITIONAL_CALL	0
0x0014c37a	0x0014c39c	CONDITIONAL_JUMP	0
0x0014c380	0xStack[-0x8]	READ	1
0x0014c386	0x00146284	UNCONDITIONAL_CALL	0
0x0014c395	0x0014c44a	UNCONDITIONAL_JUMP	0
0x0014c3a0	0x0014c39e	CONDITIONAL_JUMP	0
0x0014c3ae	0x0014c39c	CONDITIONAL_JUMP	0
0x0014c3b4	0x0014c3d4	CONDITIONAL_JUMP	0
0x0014c3ba	0xStack[-0x8]	READ	1
0x0014c3c0	0x00146284	UNCONDITIONAL_CALL	0
0x0014c3cf	0x0014c44a	UNCONDITIONAL_JUMP	0
0x0014c3d4	0xStack[-0x14]	DATA	0
0x0014c3df	0x0014c490	UNCONDITIONAL_CALL	0
0x0014c3eb	0x0014c424	CONDITIONAL_JUMP	0
0x0014c3ee	0x001506b0	UNCONDITIONAL_CALL	0
0x0014c3f3	0xStack[-0x8]	READ	1
0x0014c3f9	0xStack[-0x14]	READ	1
0x0014c40b	0xStack[0xc]	READ	1
0x0014c412	0x0014fb2c	UNCONDITIONAL_CALL	0
0x0014c420	0x0014c44a	UNCONDITIONAL_JUMP	0
0x0014c424	0xStack[-0x8]	READ	1
0x0014c42a	0x00146284	UNCONDITIONAL_CALL	0
0x0014c438	0x0014c4d0	UNCONDITIONAL_CALL	0
0x0014c444	0x0014c32c	CONDITIONAL_JUMP	0
0x0014c44a	0xStack[-0x20]	DATA	0
0x0014c458	0x001f6240	READ	1
0x0014c45f	0x0014c45d	CONDITIONAL_JUMP	0
0x0014c466	0x001f6240	READ_WRITE	0
0x0014c471	0x0014c458	CONDITIONAL_JUMP	0
0x0014c473	0x001f623c	READ	1
0x0014c479	0x001f623c	READ_WRITE	0
0x0014c481	0x001f6240	READ_WRITE	0
0x0014c495	0xStack[0x4]	READ	1
0x0014c498	0xStack[0x10]	READ	1
0x0014c4a0	0x0014c4c0	CONDITIONAL_JUMP	0
0x0014c4a6	0x0014c4c0	CONDITIONAL_JUMP	0
0x0014c4af	0xStack[0x8]	READ	1
0x0014c4b5	0xStack[0xc]	READ	1
0x0014c4be	0x0014c4c5	UNCONDITIONAL_JUMP	0
0x0014c4c5	0xStack[-0xc]	DATA	0
0x0014c4d9	0xStack[0x4]	READ	1
0x0014c4df	0xStack[-0xc]	WRITE	0
0x0014c4e4	0x0014c4f4	CONDITIONAL_JUMP	0
0x0014c4e6	0x001f6328	READ	1
0x0014c4ec	0xStack[-0x8]	WRITE	0
0x0014c4ef	0x0014c500	UNCONDITIONAL_JUMP	0
0x0014c4f4	0xStack[-0xc]	READ	1
0x0014c4fd	0xStack[-0x8]	WRITE	0
0x0014c507	0xStack[-0x8]	READ	1
0x0014c50e	0x0014c523	CONDITIONAL_JUMP	0
0x0014c514	0x00151b44	UNCONDITIONAL_CALL	0
0x0014c519	0xStack[-0x10]	WRITE	0
0x0014c521	0x0014c534	CONDITIONAL_JUMP	0
0x0014c524	0x0014b86c	UNCONDITIONAL_CALL	0
0x0014c52e	0x0014c645	UNCONDITIONAL_JUMP	0
0x0014c538	0x0014c536	CONDITIONAL_JUMP	0
0x0014c546	0x0014c534	CONDITIONAL_JUMP	0
0x0014c54f	0x0014c608	CONDITIONAL_JUMP	0
0x0014c555	0xStack[-0xc]	READ	1
0x0014c55b	0x0014c608	CONDITIONAL_JUMP	0
0x0014c563	0x0014c574	CONDITIONAL_JUMP	0
0x0014c56b	0xStack[-0x8]	READ	0
0x0014c56e	0x0014c608	CONDITIONAL_JUMP	0
0x0014c574	0xStack[-0x14]	WRITE	0
0x0014c57b	0xStack[-0xc]	READ	0
0x0014c57f	0x0014c5b4	CONDITIONAL_JUMP	0
0x0014c581	0xStack[-0xc]	READ	1
0x0014c587	0xStack[-0x14]	WRITE	0
0x0014c58c	0xStack[-0x1c]	WRITE	0
0x0014c58f	0xStack[-0xc]	READ	1
0x0014c59c	0xStack[-0x10]	READ	1
0x0014c5a3	0xStack[-0xc]	READ	1
0x0014c5aa	0x001013cc	UNCONDITIONAL_CALL	0
0x0014c5b2	0x0014c5bd	UNCONDITIONAL_JUMP	0
0x0014c5b4	0xStack[-0x1c]	WRITE	0
0x0014c5bd	0xStack[-0x8]	READ	1
0x0014c5c2	0xStack[-0x18]	WRITE	0
0x0014c5c5	0xStack[-0x1c]	READ	1
0x0014c5ca	0x0014c5e5	CONDITIONAL_JUMP	0
0x0014c5cc	0xStack[-0x10]	READ	1
0x0014c5e0	0xStack[-0x18]	READ	0
0x0014c5e3	0x0014c5cc	CONDITIONAL_JUMP	0
0x0014c5e5	0xStack[-0x10]	READ	1
0x0014c5ea	0xStack[-0x8]	READ	1
0x0014c5f7	0xStack[-0xc]	READ	0
0x0014c5fb	0x0014c643	CONDITIONAL_JUMP	0
0x0014c5fd	0xStack[-0xc]	READ	1
0x0014c601	0xStack[-0x14]	READ	1
0x0014c604	0x0014c634	UNCONDITIONAL_JUMP	0
0x0014c611	0x0014c62d	CONDITIONAL_JUMP	0
0x0014c61d	0x001f6230	DATA	1
0x0014c625	0x0016b84c	UNCONDITIONAL_CALL	0
0x0014c62d	0xStack[-0x10]	READ	1
0x0014c631	0xStack[-0x8]	READ	1
0x0014c63e	0x00151bb8	UNCONDITIONAL_CALL	0
0x0014c645	0xStack[-0x28]	DATA	0
0x0014c655	0xStack[0x4]	READ	1
0x0014c658	0xStack[0xc]	READ	1
0x0014c672	0xStack[-0xc]	DATA	0
0x0014c681	0xStack[0x4]	READ	1
0x0014c684	0xStack[0xc]	READ	1
0x0014c68a	0xStack[0x8]	READ	1
0x0014c696	0xStack[-0xc]	DATA	0
0x0014c6a6	0xStack[0x4]	READ	1
0x0014c6a9	0xStack[0xc]	READ	1
0x0014c6ac	0xStack[0x10]	READ	1
0x0014c6b9	0x0014c6d8	CONDITIONAL_JUMP	0
0x0014c6bb	0xStack[0x8]	READ	0
0x0014c6be	0x0014c6d8	CONDITIONAL_JUMP	0
0x0014c6c2	0x0014c6d8	CONDITIONAL_JUMP	0
0x0014c6d1	0x0014b55c	UNCONDITIONAL_CALL	0
0x0014c6d6	0x0014c6df	UNCONDITIONAL_JUMP	0
0x0014c6e1	0xStack[-0x10]	DATA	0
0x0014c6f2	0xStack[0x4]	READ	1
0x0014c6f8	0xStack[0x8]	READ	0
0x0014c6fb	0x0014c735	CONDITIONAL_JUMP	0
0x0014c6fd	0xStack[0x8]	READ	1
0x0014c706	0x0014c735	CONDITIONAL_JUMP	0
0x0014c711	0x00151c24	UNCONDITIONAL_CALL	0
0x0014c71b	0x0014c735	CONDITIONAL_JUMP	0
0x0014c728	0x00159000	UNCONDITIONAL_CALL	0
0x0014c733	0x0014c710	CONDITIONAL_JUMP	0
0x0014c735	0xStack[0x8]	READ	1
0x0014c738	0xStack[0x4]	READ	1
0x0014c73e	0xStack[-0x10]	DATA	0
0x0014c74d	0xStack[0x4]	READ	1
0x0014c755	0x0014c7c8	CONDITIONAL_JUMP	0
0x0014c760	0x0014c75e	CONDITIONAL_JUMP	0
0x0014c76e	0x0014c75c	CONDITIONAL_JUMP	0
0x0014c774	0x0014c79c	CONDITIONAL_JUMP	0
0x0014c780	0x0014c77e	CONDITIONAL_JUMP	0
0x0014c78e	0x0014c77c	CONDITIONAL_JUMP	0
0x0014c797	0x0014c7e3	UNCONDITIONAL_JUMP	0
0x0014c79e	0x0014d734	UNCONDITIONAL_CALL	0
0x0014c7af	0x0014c7c8	CONDITIONAL_JUMP	0
0x0014c7bb	0x001f6230	DATA	1
0x0014c7c3	0x0016b84c	UNCONDITIONAL_CALL	0
0x0014c7d0	0x0014c7ce	CONDITIONAL_JUMP	0
0x0014c7de	0x0014c7cc	CONDITIONAL_JUMP	0
0x0014c7e3	0xStack[-0xc]	DATA	0
0x0014c7f1	0xStack[0x4]	READ	1
0x0014c7f9	0x0014c86c	CONDITIONAL_JUMP	0
0x0014c804	0x0014c802	CONDITIONAL_JUMP	0
0x0014c812	0x0014c800	CONDITIONAL_JUMP	0
0x0014c818	0x0014c840	CONDITIONAL_JUMP	0
0x0014c824	0x0014c822	CONDITIONAL_JUMP	0
0x0014c832	0x0014c820	CONDITIONAL_JUMP	0
0x0014c83b	0x0014c887	UNCONDITIONAL_JUMP	0
0x0014c842	0x0014d734	UNCONDITIONAL_CALL	0
0x0014c853	0x0014c86c	CONDITIONAL_JUMP	0
0x0014c85f	0x001f6230	DATA	1
0x0014c867	0x0016b84c	UNCONDITIONAL_CALL	0
0x0014c874	0x0014c872	CONDITIONAL_JUMP	0
0x0014c882	0x0014c870	CONDITIONAL_JUMP	0
0x0014c887	0xStack[0x8]	READ	1
0x0014c891	0xStack[-0xc]	DATA	0
0x0014c8a1	0xStack[0x4]	READ	1
0x0014c8a9	0x0014c8f0	CONDITIONAL_JUMP	0
0x0014c8b0	0x0014c8ae	CONDITIONAL_JUMP	0
0x0014c8be	0x0014c8ac	CONDITIONAL_JUMP	0
0x0014c8c2	0x0014d734	UNCONDITIONAL_CALL	0
0x0014c8d3	0x0014c91b	CONDITIONAL_JUMP	0
0x0014c8df	0x001f6230	DATA	1
0x0014c8e7	0x0016b84c	UNCONDITIONAL_CALL	0
0x0014c8ec	0x0014c91b	UNCONDITIONAL_JUMP	0
0x0014c8f8	0x0014c8f6	CONDITIONAL_JUMP	0
0x0014c906	0x0014c8f4	CONDITIONAL_JUMP	0
0x0014c911	0x0014a728	UNCONDITIONAL_CALL	0
0x0014c92c	0x0014c92a	CONDITIONAL_JUMP	0
0x0014c93a	0x0014c928	CONDITIONAL_JUMP	0
0x0014c948	0xStack[-0xc]	DATA	0
0x0014c958	0xStack[0x4]	READ	1
0x0014c95b	0xStack[0xc]	READ	1
0x0014c95e	0xStack[0x8]	READ	1
0x0014c9b1	0x0014a634	UNCONDITIONAL_CALL	0
0x0014c9bd	0xStack[-0x8]	READ	1
0x0014c9cd	0xStack[0x4]	READ	1
0x0014c9d0	0xStack[0x8]	READ	1
0x0014c9d3	0xStack[-0xc]	DATA	0
0x0014c9d7	0xStack[-0x8]	DATA	0
0x0014c9e5	0x0014b9b0	UNCONDITIONAL_CALL	0
0x0014c9ef	0x0014ca62	CONDITIONAL_JUMP	0
0x0014c9f1	0xStack[-0xc]	READ	1
0x0014c9f4	0xStack[-0x8]	READ	1
0x0014ca47	0x0014a634	UNCONDITIONAL_CALL	0
0x0014ca53	0xStack[-0x8]	READ	1
0x0014ca58	0xStack[-0xc]	READ	1
0x0014ca5b	0xStack[0xc]	READ	1
0x0014ca62	0xStack[-0x18]	DATA	0
0x0014ca75	0xStack[0x4]	READ	1
0x0014ca78	0xStack[0x8]	READ	1
0x0014ca7b	0xStack[-0x8]	DATA	0
0x0014ca8a	0x0014ba60	UNCONDITIONAL_CALL	0
0x0014ca94	0x0014caff	CONDITIONAL_JUMP	0
0x0014ca96	0xStack[-0x8]	READ	1
0x0014cae9	0x0014a634	UNCONDITIONAL_CALL	0
0x0014caf5	0xStack[-0x8]	READ	1
0x0014caf8	0xStack[0xc]	READ	1
0x0014caff	0xStack[-0x14]	DATA	0
0x0014cb15	0xStack[0x4]	READ	1
0x0014cb18	0xStack[0x8]	READ	1
0x0014cb1b	0xStack[0xc]	READ	1
0x0014cb1e	0xStack[-0x8]	DATA	0
0x0014cb24	0x0014db08	UNCONDITIONAL_CALL	0
0x0014cb2e	0x0014cb6e	CONDITIONAL_JUMP	0
0x0014cb30	0xStack[-0x8]	READ	1
0x0014cb36	0x0014cb54	CONDITIONAL_JUMP	0
0x0014cb3c	0x0014cfa4	UNCONDITIONAL_CALL	0
0x0014cb43	0xStack[-0x8]	READ	1
0x0014cb49	0x0014e154	UNCONDITIONAL_CALL	0
0x0014cb51	0x0014cb5b	UNCONDITIONAL_JUMP	0
0x0014cb5d	0x0014cb6e	CONDITIONAL_JUMP	0
0x0014cb62	0x0014cb6e	CONDITIONAL_JUMP	0
0x0014cb66	0x0014b6bc	UNCONDITIONAL_CALL	0
0x0014cb6f	0x001506d8	UNCONDITIONAL_CALL	0
0x0014cb74	0xStack[-0x14]	DATA	0
0x0014cb89	0xStack[0x4]	READ	1
0x0014cb91	0x0014cc26	CONDITIONAL_JUMP	0
0x0014cbb3	0x0014cbe0	CONDITIONAL_JUMP	0
0x0014cbba	0x0014ce18	UNCONDITIONAL_CALL	0
0x0014cbc4	0x0014cbd8	CONDITIONAL_JUMP	0
0x0014cbc6	0xStack[0x4]	READ	1
0x0014cbcb	0x0014b7bc	UNCONDITIONAL_CALL	0
0x0014cbd0	0x0014ce0e	UNCONDITIONAL_JUMP	0
0x0014cbd9	0x0014d050	UNCONDITIONAL_CALL	0
0x0014cbde	0x0014cc06	UNCONDITIONAL_JUMP	0
0x0014cbe1	0xStack[0x4]	READ	1
0x0014cbe5	0x0014ce18	UNCONDITIONAL_CALL	0
0x0014cbef	0x0014cc00	CONDITIONAL_JUMP	0
0x0014cbf1	0xStack[0x4]	READ	1
0x0014cbf6	0x0014b4dc	UNCONDITIONAL_CALL	0
0x0014cbfb	0x0014ce0e	UNCONDITIONAL_JUMP	0
0x0014cc01	0x0014d108	UNCONDITIONAL_CALL	0
0x0014cc0c	0xStack[0x4]	READ	1
0x0014cc13	0x0014cc11	CONDITIONAL_JUMP	0
0x0014cc1a	0xStack[0x4]	READ	1
0x0014cc24	0x0014cc0c	CONDITIONAL_JUMP	0
0x0014cc26	0xStack[0x4]	READ	1
0x0014cc2d	0x00151c24	UNCONDITIONAL_CALL	0
0x0014cc37	0x0014cc50	CONDITIONAL_JUMP	0
0x0014cc44	0x00159000	UNCONDITIONAL_CALL	0
0x0014cc4c	0x0014cc2c	UNCONDITIONAL_JUMP	0
0x0014cc50	0xStack[0x4]	READ	1
0x0014cc5c	0x001f6240	READ	1
0x0014cc63	0x0014cc61	CONDITIONAL_JUMP	0
0x0014cc6a	0x001f6240	READ_WRITE	0
0x0014cc75	0x0014cc5c	CONDITIONAL_JUMP	0
0x0014cc77	0x001f623c	READ	1
0x0014cc7c	0x001f623c	READ_WRITE	0
0x0014cc84	0x001f6240	READ_WRITE	0
0x0014cc8a	0xStack[0x4]	READ	1
0x0014cc99	0x0014cca4	CONDITIONAL_JUMP	0
0x0014cc9c	0x0014b5d4	UNCONDITIONAL_CALL	0
0x0014cca4	0xStack[0x4]	READ	1
0x0014ccb0	0x0014ccae	CONDITIONAL_JUMP	0
0x0014ccbe	0x0014ccac	CONDITIONAL_JUMP	0
0x0014ccc5	0x00146f68	UNCONDITIONAL_CALL	0
0x0014ccd1	0x0014cd08	CONDITIONAL_JUMP	0
0x0014ccd7	0xStack[0x4]	READ	1
0x0014ccdb	0x0014b86c	UNCONDITIONAL_CALL	0
0x0014cce8	0x00146fe0	UNCONDITIONAL_CALL	0
0x0014ccf4	0x0014ccf2	CONDITIONAL_JUMP	0
0x0014cd02	0x0014ccf0	CONDITIONAL_JUMP	0
0x0014cd04	0x0014ccc4	UNCONDITIONAL_JUMP	0
0x0014cd0c	0xStack[0x4]	READ	1
0x0014cd12	0xStack[-0xc]	WRITE	0
0x0014cd17	0x0014cdf2	CONDITIONAL_JUMP	0
0x0014cd20	0xStack[-0x10]	WRITE	0
0x0014cd25	0xStack[-0x14]	WRITE	0
0x0014cd28	0xStack[-0x18]	WRITE	0
0x0014cd2f	0xStack[-0x18]	READ	0
0x0014cd32	0x0014cdd9	CONDITIONAL_JUMP	0
0x0014cd38	0xStack[-0xc]	READ	1
0x0014cd3e	0xStack[-0x1c]	WRITE	0
0x0014cd44	0xStack[-0x1c]	READ	1
0x0014cd4c	0x0014cdc6	CONDITIONAL_JUMP	0
0x0014cd52	0x0014cdbc	CONDITIONAL_JUMP	0
0x0014cd59	0xStack[-0x8]	DATA	0
0x0014cd5f	0x0014db08	UNCONDITIONAL_CALL	0
0x0014cd69	0x0014cdae	CONDITIONAL_JUMP	0
0x0014cd6b	0xStack[-0x8]	READ	1
0x0014cd6e	0xStack[0x4]	READ	1
0x0014cd74	0x0014cd94	CONDITIONAL_JUMP	0
0x0014cd7a	0x0014cfa4	UNCONDITIONAL_CALL	0
0x0014cd81	0xStack[-0x8]	READ	1
0x0014cd87	0x0014e154	UNCONDITIONAL_CALL	0
0x0014cd8f	0x0014cd9b	UNCONDITIONAL_JUMP	0
0x0014cd9d	0x0014cdae	CONDITIONAL_JUMP	0
0x0014cda2	0x0014cdae	CONDITIONAL_JUMP	0
0x0014cda6	0x0014b6bc	UNCONDITIONAL_CALL	0
0x0014cdaf	0x001506d8	UNCONDITIONAL_CALL	0
0x0014cdb7	0x0014cdc6	UNCONDITIONAL_JUMP	0
0x0014cdbe	0x0014b644	UNCONDITIONAL_CALL	0
0x0014cdc6	0xStack[-0x1c]	READ_WRITE	0
0x0014cdca	0xStack[-0x18]	READ_WRITE	0
0x0014cdcd	0xStack[-0x14]	READ	1
0x0014cdd0	0xStack[-0x18]	READ	0
0x0014cdd3	0x0014cd44	CONDITIONAL_JUMP	0
0x0014cdd9	0xStack[-0xc]	READ	1
0x0014cddd	0xStack[-0x10]	READ	1
0x0014cdea	0x00151bb8	UNCONDITIONAL_CALL	0
0x0014cdf2	0xStack[0x4]	READ	1
0x0014cdfa	0x0014ce05	CONDITIONAL_JUMP	0
0x0014cdfd	0x001583d4	UNCONDITIONAL_CALL	0
0x0014ce05	0xStack[0x4]	READ	1
0x0014ce09	0x0014b86c	UNCONDITIONAL_CALL	0
0x0014ce0e	0xStack[-0x2c]	DATA	0
0x0014ce1d	0xStack[0x4]	READ	1
0x0014ce20	0xStack[0x8]	READ	1
0x0014ce25	0x0014cedd	CONDITIONAL_JUMP	0
0x0014ce34	0x0014ce32	CONDITIONAL_JUMP	0
0x0014ce42	0x0014ce30	CONDITIONAL_JUMP	0
0x0014ce50	0x0014ce74	CONDITIONAL_JUMP	0
0x0014ce56	0x0014cf00	CONDITIONAL_JUMP	0
0x0014ce60	0x0014cf00	CONDITIONAL_JUMP	0
0x0014ce6a	0x0014cf00	CONDITIONAL_JUMP	0
0x0014ce78	0x001f6238	READ	1
0x0014ce7f	0x0014ce7d	CONDITIONAL_JUMP	0
0x0014ce86	0x001f6238	READ_WRITE	0
0x0014ce91	0x0014ce78	CONDITIONAL_JUMP	0
0x0014ce98	0x0014ce96	CONDITIONAL_JUMP	0
0x0014cea6	0x0014ce94	CONDITIONAL_JUMP	0
0x0014ceac	0x0014cec0	CONDITIONAL_JUMP	0
0x0014ceb2	0x0014cec0	CONDITIONAL_JUMP	0
0x0014ceb9	0x0014cec0	CONDITIONAL_JUMP	0
0x0014cebd	0x0014ce94	UNCONDITIONAL_JUMP	0
0x0014cec2	0x0014cee4	CONDITIONAL_JUMP	0
0x0014cec6	0x001f6238	READ_WRITE	0
0x0014cece	0x0014cedd	CONDITIONAL_JUMP	0
0x0014cedb	0x0014ced0	CONDITIONAL_JUMP	0
0x0014cee2	0x0014cf1f	UNCONDITIONAL_JUMP	0
0x0014cee8	0x0014cee6	CONDITIONAL_JUMP	0
0x0014cef6	0x0014cee4	CONDITIONAL_JUMP	0
0x0014cefa	0x001f6238	READ_WRITE	0
0x0014cf08	0x0014cf19	CONDITIONAL_JUMP	0
0x0014cf17	0x0014cf0c	CONDITIONAL_JUMP	0
0x0014cf1f	0xStack[-0xc]	DATA	0
0x0014cf2b	0xStack[0x8]	READ	1
0x0014cf2f	0xStack[0x4]	READ	1
0x0014cf33	0x00145e98	UNCONDITIONAL_CALL	0
0x0014cf3a	0x0014cf44	CONDITIONAL_JUMP	0
0x0014cf48	0x0014cf3c	CONDITIONAL_JUMP	0
0x0014cf54	0x0014cf52	CONDITIONAL_JUMP	0
0x0014cf62	0x0014cf50	CONDITIONAL_JUMP	0
0x0014cf77	0xStack[0x4]	READ	1
0x0014cf80	0x0014cf7e	CONDITIONAL_JUMP	0
0x0014cf8e	0x0014cf7c	CONDITIONAL_JUMP	0
0x0014cfa7	0xStack[0x4]	READ	1
0x0014cfac	0x0014cfb3	CONDITIONAL_JUMP	0
0x0014cfb1	0x0014cfbc	CONDITIONAL_JUMP	0
0x0014cfc0	0x0014cfbe	CONDITIONAL_JUMP	0
0x0014cfce	0x0014cfbc	CONDITIONAL_JUMP	0
0x0014cfd4	0x0014cfe0	CONDITIONAL_JUMP	0
0x0014cfde	0x0014cfe5	UNCONDITIONAL_JUMP	0
0x0014cff8	0xStack[0x4]	READ	1
0x0014cffd	0x0014d040	CONDITIONAL_JUMP	0
0x0014d002	0x0014d040	CONDITIONAL_JUMP	0
0x0014d004	0xStack[-0x8]	DATA	0
0x0014d00d	0xStack[0x8]	READ	1
0x0014d011	0x0014bdb4	UNCONDITIONAL_CALL	0
0x0014d01d	0x0014d043	CONDITIONAL_JUMP	0
0x0014d020	0x0014d050	UNCONDITIONAL_CALL	0
0x0014d028	0x0014d034	CONDITIONAL_JUMP	0
0x0014d02a	0xStack[-0x8]	WRITE	0
0x0014d031	0x0014d043	UNCONDITIONAL_JUMP	0
0x0014d034	0xStack[-0x8]	WRITE	0
0x0014d03b	0x0014d043	UNCONDITIONAL_JUMP	0
0x0014d040	0xStack[-0x8]	WRITE	0
0x0014d043	0xStack[-0x8]	READ	1
0x0014d046	0xStack[-0x10]	DATA	0
0x0014d055	0xStack[0x4]	READ	1
0x0014d060	0x0014d05e	CONDITIONAL_JUMP	0
0x0014d06e	0x0014d05c	CONDITIONAL_JUMP	0
0x0014d07d	0x0014d0a4	CONDITIONAL_JUMP	0
0x0014d086	0x0014d0d2	CONDITIONAL_JUMP	0
0x0014d092	0x001f6230	DATA	1
0x0014d09a	0x0016b84c	UNCONDITIONAL_CALL	0
0x0014d09f	0x0014d0d2	UNCONDITIONAL_JUMP	0
0x0014d0b0	0x0014d0c3	CONDITIONAL_JUMP	0
0x0014d0b7	0x0014d0c3	CONDITIONAL_JUMP	0
0x0014d0c9	0x0014d0d2	CONDITIONAL_JUMP	0
0x0014d0cd	0x0014b55c	UNCONDITIONAL_CALL	0
0x0014d0d2	0xStack[-0xc]	DATA	0
0x0014d0df	0xStack[0x4]	READ	1
0x0014d0e8	0x0014d0e6	CONDITIONAL_JUMP	0
0x0014d0f6	0x0014d0e4	CONDITIONAL_JUMP	0
0x0014d10c	0xStack[0x4]	READ	1
0x0014d114	0x0014d112	CONDITIONAL_JUMP	0
0x0014d122	0x0014d110	CONDITIONAL_JUMP	0
0x0014d131	0x0014d158	CONDITIONAL_JUMP	0
0x0014d13a	0x0014d15f	CONDITIONAL_JUMP	0
0x0014d146	0x001f6230	DATA	1
0x0014d14e	0x0016b84c	UNCONDITIONAL_CALL	0
0x0014d153	0x0014d15f	UNCONDITIONAL_JUMP	0
0x0014d15f	0xStack[-0x8]	READ	1
0x0014d16c	0xStack[0x4]	READ	1
0x0014d174	0x0014d172	CONDITIONAL_JUMP	0
0x0014d182	0x0014d170	CONDITIONAL_JUMP	0
0x0014d188	0x0014cb80	UNCONDITIONAL_CALL	0
0x0014d192	0x0014d19a	CONDITIONAL_JUMP	0
0x0014d195	0x0014b86c	UNCONDITIONAL_CALL	0
0x0014d19a	0xStack[-0x8]	READ	1
0x0014d1a8	0x001f6230	READ	1
0x0014d1af	0x0016b790	UNCONDITIONAL_CALL	0
0x0014d1bb	0x0014d238	CONDITIONAL_JUMP	0
0x0014d1d1	0xStack[0x4]	READ	1
0x0014d228	0x0014a634	UNCONDITIONAL_CALL	0
0x0014d236	0x0014d23a	UNCONDITIONAL_JUMP	0
0x0014d23a	0xStack[-0x8]	READ	1
0x0014d249	0xStack[0x4]	READ	1
0x0014d250	0x0014d24e	CONDITIONAL_JUMP	0
0x0014d25e	0x0014d24c	CONDITIONAL_JUMP	0
0x0014d273	0x0014d2c0	CONDITIONAL_JUMP	0
0x0014d27c	0x0014d27a	CONDITIONAL_JUMP	0
0x0014d28a	0x0014d278	CONDITIONAL_JUMP	0
0x0014d28e	0x0014d734	UNCONDITIONAL_CALL	0
0x0014d29f	0x0014d2ee	CONDITIONAL_JUMP	0
0x0014d2ab	0x001f6230	DATA	1
0x0014d2b3	0x0016b84c	UNCONDITIONAL_CALL	0
0x0014d2bb	0x0014d2ee	UNCONDITIONAL_JUMP	0
0x0014d2c8	0x0014d2c6	CONDITIONAL_JUMP	0
0x0014d2d6	0x0014d2c4	CONDITIONAL_JUMP	0
0x0014d2e1	0x0014a728	UNCONDITIONAL_CALL	0
0x0014d2fc	0x0014d2fa	CONDITIONAL_JUMP	0
0x0014d30a	0x0014d2f8	CONDITIONAL_JUMP	0
0x0014d319	0x0014cb80	UNCONDITIONAL_CALL	0
0x0014d31e	0xStack[-0xc]	DATA	0
0x0014d331	0x001f6230	READ	1
0x0014d338	0x0016b790	UNCONDITIONAL_CALL	0
0x0014d344	0x0014d350	CONDITIONAL_JUMP	0
0x0014d34b	0x0014d4d9	UNCONDITIONAL_JUMP	0
0x0014d350	0x001f6328	READ	1
0x0014d356	0xStack[-0x10]	WRITE	0
0x0014d363	0x00151b44	UNCONDITIONAL_CALL	0
0x0014d36f	0x0014d388	CONDITIONAL_JUMP	0
0x0014d372	0x001f6230	READ	1
0x0014d379	0x0016b84c	UNCONDITIONAL_CALL	0
0x0014d383	0x0014d4d9	UNCONDITIONAL_JUMP	0
0x0014d388	0xStack[-0xc]	DATA	0
0x0014d38c	0xStack[-0x8]	DATA	0
0x0014d390	0xStack[0x4]	READ	1
0x0014d394	0x00145f5c	UNCONDITIONAL_CALL	0
0x0014d399	0xStack[-0x14]	WRITE	0
0x0014d3a1	0x0014d3cc	CONDITIONAL_JUMP	0
0x0014d3a4	0x001f6230	READ	1
0x0014d3ab	0x0016b84c	UNCONDITIONAL_CALL	0
0x0014d3b1	0xStack[-0x10]	READ	1
0x0014d3be	0x00151bb8	UNCONDITIONAL_CALL	0
0x0014d3c3	0xStack[-0x14]	READ	1
0x0014d3c6	0x0014d4d9	UNCONDITIONAL_JUMP	0
0x0014d3cc	0xStack[-0xc]	READ	1
0x0014d3ec	0x0014d3ea	CONDITIONAL_JUMP	0
0x0014d3fa	0x0014d3e8	CONDITIONAL_JUMP	0
0x0014d3fe	0xStack[0x4]	READ	1
0x0014d412	0xStack[-0x8]	READ	1
0x0014d465	0x0014a634	UNCONDITIONAL_CALL	0
0x0014d474	0xStack[-0x10]	READ	1
0x0014d479	0xStack[-0x14]	WRITE	0
0x0014d47c	0xStack[-0x18]	WRITE	0
0x0014d48a	0x0014d4a4	CONDITIONAL_JUMP	0
0x0014d496	0xStack[-0x18]	READ	1
0x0014d49b	0xStack[-0x18]	WRITE	0
0x0014d49f	0xStack[-0x14]	READ	0
0x0014d4a2	0x0014d48c	CONDITIONAL_JUMP	0
0x0014d4a4	0xStack[-0x18]	READ	1
0x0014d4a9	0xStack[-0x10]	READ	1
0x0014d4b2	0xStack[-0x8]	READ	1
0x0014d4b8	0xStack[0x4]	READ	1
0x0014d4c1	0xStack[0x4]	READ	1
0x0014d4c5	0x001506b0	UNCONDITIONAL_CALL	0
0x0014d4ca	0xStack[-0x8]	READ	1
0x0014d4cd	0xStack[0x8]	READ	1
0x0014d4d2	0xStack[0xc]	READ	1
0x0014d4d9	0xStack[-0x24]	DATA	0
0x0014d4ec	0xStack[0x4]	READ	1
0x0014d4f1	0x0014d5a0	CONDITIONAL_JUMP	0
0x0014d4fa	0x0014d5a0	CONDITIONAL_JUMP	0
0x0014d500	0xStack[-0x8]	DATA	0
0x0014d507	0xStack[0x8]	READ	1
0x0014d50b	0x0014c198	UNCONDITIONAL_CALL	0
0x0014d515	0x0014d5a3	CONDITIONAL_JUMP	0
0x0014d524	0x0014d522	CONDITIONAL_JUMP	0
0x0014d532	0x0014d520	CONDITIONAL_JUMP	0
0x0014d541	0x0014d568	CONDITIONAL_JUMP	0
0x0014d54a	0x0014d596	CONDITIONAL_JUMP	0
0x0014d556	0x001f6230	DATA	1
0x0014d55e	0x0016b84c	UNCONDITIONAL_CALL	0
0x0014d563	0x0014d596	UNCONDITIONAL_JUMP	0
0x0014d574	0x0014d587	CONDITIONAL_JUMP	0
0x0014d57b	0x0014d587	CONDITIONAL_JUMP	0
0x0014d58d	0x0014d596	CONDITIONAL_JUMP	0
0x0014d591	0x0014b55c	UNCONDITIONAL_CALL	0
0x0014d596	0xStack[-0x8]	WRITE	0
0x0014d59d	0x0014d5a3	UNCONDITIONAL_JUMP	0
0x0014d5a0	0xStack[-0x8]	WRITE	0
0x0014d5a3	0xStack[-0x8]	READ	1
0x0014d5a6	0xStack[-0x10]	DATA	0
0x0014d5b5	0xStack[0x4]	READ	1
0x0014d5b8	0xStack[0x8]	READ	1
0x0014d5bd	0x0014d5c4	CONDITIONAL_JUMP	0
0x0014d5c2	0x0014d5c8	CONDITIONAL_JUMP	0
0x0014d5c6	0x0014d611	UNCONDITIONAL_JUMP	0
0x0014d5cc	0x0014d5ca	CONDITIONAL_JUMP	0
0x0014d5da	0x0014d5c8	CONDITIONAL_JUMP	0
0x0014d5e1	0x0014d5e6	CONDITIONAL_JUMP	0
0x0014d5f6	0x0014d60f	CONDITIONAL_JUMP	0
0x0014d602	0x001f6230	DATA	1
0x0014d60a	0x0016b84c	UNCONDITIONAL_CALL	0
0x0014d611	0xStack[-0xc]	DATA	0
0x0014d624	0xStack[0x8]	READ	1
0x0014d627	0xStack[0xc]	READ	1
0x0014d62a	0xStack[-0xc]	DATA	0
0x0014d62e	0xStack[-0x8]	DATA	0
0x0014d63b	0xStack[0x4]	READ	1
0x0014d63f	0x0014b9b0	UNCONDITIONAL_CALL	0
0x0014d649	0x0014d669	CONDITIONAL_JUMP	0
0x0014d64b	0xStack[-0xc]	READ	1
0x0014d64e	0xStack[-0x8]	READ	1
0x0014d658	0x0014a634	UNCONDITIONAL_CALL	0
0x0014d65d	0xStack[-0x8]	READ	1
0x0014d662	0xStack[-0xc]	READ	1
0x0014d669	0xStack[-0x14]	DATA	0
0x0014d67c	0xStack[0x8]	READ	1
0x0014d67f	0xStack[0xc]	READ	1
0x0014d682	0xStack[-0x8]	DATA	0
0x0014d690	0xStack[0x4]	READ	1
0x0014d694	0x0014ba60	UNCONDITIONAL_CALL	0
0x0014d69e	0x0014d6b6	CONDITIONAL_JUMP	0
0x0014d6a0	0xStack[-0x8]	READ	1
0x0014d6aa	0x0014a634	UNCONDITIONAL_CALL	0
0x0014d6af	0xStack[-0x8]	READ	1
0x0014d6b6	0xStack[-0x10]	DATA	0
0x0014d6c6	0xStack[0x4]	READ	1
0x0014d6c9	0xStack[0x8]	READ	1
0x0014d6dc	0x0014d6da	CONDITIONAL_JUMP	0
0x0014d6ea	0x0014d6d8	CONDITIONAL_JUMP	0
0x0014d6f4	0x0014d6f2	CONDITIONAL_JUMP	0
0x0014d702	0x0014d6f0	CONDITIONAL_JUMP	0
0x0014d70d	0x0014a654	UNCONDITIONAL_CALL	0
0x0014d720	0x0014a728	UNCONDITIONAL_CALL	0
0x0014d72a	0xStack[-0x10]	DATA	0
0x0014d739	0xStack[0x4]	READ	1
0x0014d73c	0xStack[0x8]	READ	1
0x0014d750	0x0014d74e	CONDITIONAL_JUMP	0
0x0014d75e	0x0014d74c	CONDITIONAL_JUMP	0
0x0014d768	0x0014d766	CONDITIONAL_JUMP	0
0x0014d776	0x0014d764	CONDITIONAL_JUMP	0
0x0014d781	0x0014a654	UNCONDITIONAL_CALL	0
0x0014d790	0xStack[-0xc]	DATA	0
0x0014d7a2	0xStack[0x4]	READ	1
0x0014d7a5	0xStack[0xc]	READ	1
0x0014d7a8	0xStack[0x8]	READ	1
0x0014d7af	0x0014d7ad	CONDITIONAL_JUMP	0
0x0014d7b6	0xStack[0x8]	READ	1
0x0014d7c0	0x0014d7a8	CONDITIONAL_JUMP	0
0x0014d7c7	0x0014d7d4	CONDITIONAL_JUMP	0
0x0014d7ce	0x0014da78	UNCONDITIONAL_JUMP	0
0x0014d7d6	0x0014d868	CONDITIONAL_JUMP	0
0x0014d7e0	0x0014d7de	CONDITIONAL_JUMP	0
0x0014d7ee	0x0014d7dc	CONDITIONAL_JUMP	0
0x0014d7f5	0xStack[0x8]	READ	1
0x0014d7fe	0xStack[0x8]	READ	1
0x0014d808	0x0014d806	CONDITIONAL_JUMP	0
0x0014d816	0x0014d804	CONDITIONAL_JUMP	0
0x0014d820	0x0014d81e	CONDITIONAL_JUMP	0
0x0014d82e	0x0014d81c	CONDITIONAL_JUMP	0
0x0014d830	0xStack[0x8]	READ	1
0x0014d834	0xStack[0x8]	READ	1
0x0014d83f	0x0014a654	UNCONDITIONAL_CALL	0
0x0014d852	0x0014a728	UNCONDITIONAL_CALL	0
0x0014d859	0xStack[0x8]	READ	1
0x0014d863	0x0014da78	UNCONDITIONAL_JUMP	0
0x0014d86a	0x0014d92c	CONDITIONAL_JUMP	0
0x0014d87c	0x0014d87a	CONDITIONAL_JUMP	0
0x0014d88a	0x0014d878	CONDITIONAL_JUMP	0
0x0014d88c	0xStack[0x8]	READ	1
0x0014d899	0xStack[0x8]	READ	1
0x0014d8a4	0x0014d8a2	CONDITIONAL_JUMP	0
0x0014d8b2	0x0014d8a0	CONDITIONAL_JUMP	0
0x0014d8bc	0x0014d8ba	CONDITIONAL_JUMP	0
0x0014d8ca	0x0014d8b8	CONDITIONAL_JUMP	0
0x0014d8cc	0xStack[0x8]	READ	1
0x0014d8d4	0xStack[0x8]	READ	1
0x0014d8db	0x0014a654	UNCONDITIONAL_CALL	0
0x0014d8ea	0xStack[0x8]	READ	1
0x0014d8f4	0x0014d900	CONDITIONAL_JUMP	0
0x0014d8fa	0x0014da78	UNCONDITIONAL_JUMP	0
0x0014d909	0x0014d922	CONDITIONAL_JUMP	0
0x0014d915	0x001f6230	DATA	1
0x0014d91d	0x0016b84c	UNCONDITIONAL_CALL	0
0x0014d924	0x0014da78	UNCONDITIONAL_JUMP	0
0x0014d92e	0x0014d95c	CONDITIONAL_JUMP	0
0x0014d934	0x0014d932	CONDITIONAL_JUMP	0
0x0014d942	0x0014d930	CONDITIONAL_JUMP	0
0x0014d948	0x0014d946	CONDITIONAL_JUMP	0
0x0014d956	0x0014d944	CONDITIONAL_JUMP	0
0x0014d958	0x0014d984	UNCONDITIONAL_JUMP	0
0x0014d960	0x0014d95e	CONDITIONAL_JUMP	0
0x0014d96e	0x0014d95c	CONDITIONAL_JUMP	0
0x0014d974	0x0014d972	CONDITIONAL_JUMP	0
0x0014d982	0x0014d970	CONDITIONAL_JUMP	0
0x0014d989	0xStack[0x8]	READ	1
0x0014d996	0xStack[0x8]	READ	1
0x0014d9a0	0x0014d99e	CONDITIONAL_JUMP	0
0x0014d9ae	0x0014d99c	CONDITIONAL_JUMP	0
0x0014d9b8	0x0014d9b6	CONDITIONAL_JUMP	0
0x0014d9c6	0x0014d9b4	CONDITIONAL_JUMP	0
0x0014d9c8	0xStack[0x8]	READ	1
0x0014d9d0	0xStack[0x8]	READ	1
0x0014d9d7	0x0014a654	UNCONDITIONAL_CALL	0
0x0014d9e6	0xStack[0x8]	READ	1
0x0014d9f8	0x0014d9f6	CONDITIONAL_JUMP	0
0x0014da06	0x0014d9f4	CONDITIONAL_JUMP	0
0x0014da10	0x0014da0e	CONDITIONAL_JUMP	0
0x0014da1e	0x0014da0c	CONDITIONAL_JUMP	0
0x0014da20	0xStack[0x8]	READ	1
0x0014da24	0xStack[0x8]	READ	1
0x0014da2f	0x0014a654	UNCONDITIONAL_CALL	0
0x0014da42	0x0014a728	UNCONDITIONAL_CALL	0
0x0014da4c	0xStack[0x8]	READ	1
0x0014da5f	0x0014da78	CONDITIONAL_JUMP	0
0x0014da6b	0x001f6230	DATA	1
0x0014da73	0x0016b84c	UNCONDITIONAL_CALL	0
0x0014da7a	0xStack[0x8]	READ	1
0x0014da83	0x0014da8e	CONDITIONAL_JUMP	0
0x0014da87	0x0014da8e	CONDITIONAL_JUMP	0
0x0014da8e	0xStack[-0x10]	DATA	0
0x0014da9c	0xStack[0x4]	READ	1
0x0014dab0	0x0014daae	CONDITIONAL_JUMP	0
0x0014dabe	0x0014daac	CONDITIONAL_JUMP	0
0x0014dac9	0x0014a728	UNCONDITIONAL_CALL	0
0x0014dae6	0x0014daff	CONDITIONAL_JUMP	0
0x0014daf2	0x001f6230	DATA	1
0x0014dafa	0x0016b84c	UNCONDITIONAL_CALL	0
0x0014daff	0xStack[-0x8]	READ	1
0x0014db0d	0xStack[0x4]	READ	1
0x0014db10	0xStack[0xc]	READ	1
0x0014db1c	0x0014db1a	CONDITIONAL_JUMP	0
0x0014db2a	0x0014db18	CONDITIONAL_JUMP	0
0x0014db30	0x0014db40	CONDITIONAL_JUMP	0
0x0014db3c	0x0014db5e	UNCONDITIONAL_JUMP	0
0x0014db40	0xStack[0x8]	READ	1
0x0014db45	0x00145e98	UNCONDITIONAL_CALL	0
0x0014db4c	0x0014db54	CONDITIONAL_JUMP	0
0x0014db52	0x0014db5e	UNCONDITIONAL_JUMP	0
0x0014db5e	0xStack[-0xc]	DATA	0
0x0014db6e	0xStack[0x4]	READ	1
0x0014db71	0xStack[0xc]	READ	1
0x0014db74	0xStack[0x10]	READ	1
0x0014db77	0xStack[0x8]	READ	1
0x0014db80	0x0014db7e	CONDITIONAL_JUMP	0
0x0014db8e	0x0014db7c	CONDITIONAL_JUMP	0
0x0014db94	0x0014dbb9	CONDITIONAL_JUMP	0
0x0014db99	0x0014dbac	CONDITIONAL_JUMP	0
0x0014dba0	0x00145e98	UNCONDITIONAL_CALL	0
0x0014dba9	0x0014dbc4	UNCONDITIONAL_JUMP	0
0x0014dbb0	0x00146908	UNCONDITIONAL_CALL	0
0x0014dbb7	0x0014dbc4	CONDITIONAL_JUMP	0
0x0014dbbf	0x0014dbc9	UNCONDITIONAL_JUMP	0
0x0014dbc9	0xStack[-0x10]	DATA	0
0x0014dbdd	0xStack[0x4]	READ	1
0x0014dbe3	0xStack[-0x10]	WRITE	0
0x0014dbe8	0xStack[-0x10]	READ	1
0x0014dbef	0x0014dbed	CONDITIONAL_JUMP	0
0x0014dbf6	0xStack[-0x10]	READ	1
0x0014dc00	0x0014dbe8	CONDITIONAL_JUMP	0
0x0014dc06	0x0014dc18	CONDITIONAL_JUMP	0
0x0014dc12	0x0014ddaf	UNCONDITIONAL_JUMP	0
0x0014dc18	0xStack[0x8]	READ	1
0x0014dc1d	0xStack[-0x14]	WRITE	0
0x0014dc20	0x00145e98	UNCONDITIONAL_CALL	0
0x0014dc28	0xStack[-0x14]	READ	1
0x0014dc2d	0x0014dd2c	CONDITIONAL_JUMP	0
0x0014dc33	0xStack[-0x8]	WRITE	0
0x0014dc3e	0x0014dd3d	CONDITIONAL_JUMP	0
0x0014dc48	0xStack[0x8]	READ	1
0x0014dc4e	0xStack[-0x14]	WRITE	0
0x0014dc51	0x0014dec0	UNCONDITIONAL_CALL	0
0x0014dc59	0xStack[-0x14]	READ	1
0x0014dc5e	0x0014dd24	CONDITIONAL_JUMP	0
0x0014dc64	0xStack[0x10]	READ	0
0x0014dc68	0x0014dc9c	CONDITIONAL_JUMP	0
0x0014dc70	0x0014dc94	CONDITIONAL_JUMP	0
0x0014dc72	0xStack[-0x8]	READ	1
0x0014dc79	0x0014dc94	CONDITIONAL_JUMP	0
0x0014dc7c	0xStack[0x8]	READ	1
0x0014dc82	0xStack[-0x14]	WRITE	0
0x0014dc85	0x0014ddbc	UNCONDITIONAL_CALL	0
0x0014dc8c	0xStack[-0x14]	READ	1
0x0014dc8f	0x0014dc96	UNCONDITIONAL_JUMP	0
0x0014dc9a	0x0014dd19	UNCONDITIONAL_JUMP	0
0x0014dc9c	0xStack[-0x8]	READ	1
0x0014dca3	0x0014dcc0	CONDITIONAL_JUMP	0
0x0014dca6	0xStack[0x8]	READ	1
0x0014dcac	0xStack[-0x14]	WRITE	0
0x0014dcaf	0x0014ddbc	UNCONDITIONAL_CALL	0
0x0014dcb9	0xStack[-0x14]	READ	1
0x0014dcbc	0x0014dcc2	UNCONDITIONAL_JUMP	0
0x0014dcc2	0xStack[-0xc]	DATA	0
0x0014dcc6	0xStack[0x10]	READ	1
0x0014dcca	0xStack[0x8]	READ	1
0x0014dccf	0xStack[-0x14]	WRITE	0
0x0014dcd2	0x0014c490	UNCONDITIONAL_CALL	0
0x0014dcda	0xStack[-0x14]	READ	1
0x0014dcdf	0x0014dd04	CONDITIONAL_JUMP	0
0x0014dce7	0xStack[-0x14]	WRITE	0
0x0014dcea	0x0014c4d0	UNCONDITIONAL_CALL	0
0x0014dcf2	0xStack[-0x14]	READ	1
0x0014dcf7	0x0014dbe8	CONDITIONAL_JUMP	0
0x0014dcfd	0x0014ddaf	UNCONDITIONAL_JUMP	0
0x0014dd08	0xStack[-0x8]	READ	1
0x0014dd0b	0xStack[-0xc]	READ	1
0x0014dd1e	0x0014dda8	UNCONDITIONAL_JUMP	0
0x0014dd2a	0x0014dd38	CONDITIONAL_JUMP	0
0x0014dd36	0x0014ddaf	UNCONDITIONAL_JUMP	0
0x0014dd38	0xStack[-0x8]	READ	1
0x0014dd3d	0x00100000	DATA	1
0x0014dd43	0x0014dd8c	CONDITIONAL_JUMP	0
0x0014dd45	0xStack[0xc]	READ	0
0x0014dd49	0x0014dd8c	CONDITIONAL_JUMP	0
0x0014dd4b	0xStack[0x10]	READ	0
0x0014dd4f	0x0014dd8c	CONDITIONAL_JUMP	0
0x0014dd59	0x0014dd63	CONDITIONAL_JUMP	0
0x0014dd61	0x0014dd70	CONDITIONAL_JUMP	0
0x0014dd6d	0x0014ddaf	UNCONDITIONAL_JUMP	0
0x0014dd70	0xStack[-0x8]	READ	1
0x0014dd7b	0xStack[0x8]	READ	1
0x0014dd7f	0xStack[0x10]	READ	1
0x0014dd83	0x0014b644	UNCONDITIONAL_CALL	0
0x0014dd8a	0x0014dda8	UNCONDITIONAL_JUMP	0
0x0014dd97	0x0014dda0	CONDITIONAL_JUMP	0
0x0014dd9e	0x0014ddaf	UNCONDITIONAL_JUMP	0
0x0014dda5	0x0014ddaf	UNCONDITIONAL_JUMP	0
0x0014dda8	0xStack[0x14]	READ	1
0x0014ddaf	0xStack[-0x20]	DATA	0
0x0014ddc0	0xStack[0x10]	READ	1
0x0014ddc7	0xStack[0xc]	READ	1
0x0014ddcb	0xStack[0x8]	READ	1
0x0014ddcf	0x0014c650	UNCONDITIONAL_CALL	0
0x0014dde2	0x0014ddef	CONDITIONAL_JUMP	0
0x0014dde4	0xStack[0x4]	READ	1
0x0014dde8	0x001506d8	UNCONDITIONAL_CALL	0
0x0014ddef	0xStack[-0x8]	READ	1
0x0014ddfe	0xStack[0xc]	READ	1
0x0014de05	0x001f0000	DATA	1
0x0014de0a	0x0014deb4	CONDITIONAL_JUMP	0
0x0014de18	0x0014dea4	CONDITIONAL_JUMP	0
0x0014de24	0x0014de2e	CONDITIONAL_JUMP	0
0x0014de2c	0x0014dea4	CONDITIONAL_JUMP	0
0x0014de38	0x0014de36	CONDITIONAL_JUMP	0
0x0014de46	0x0014de34	CONDITIONAL_JUMP	0
0x0014de54	0x0014dea4	CONDITIONAL_JUMP	0
0x0014de5c	0x0014de88	CONDITIONAL_JUMP	0
0x0014de5e	0x00200000	DATA	1
0x0014de64	0x0014de76	CONDITIONAL_JUMP	0
0x0014de66	0xStack[0x8]	READ	1
0x0014de6a	0xStack[0x4]	READ	1
0x0014de6e	0x0014a360	UNCONDITIONAL_CALL	0
0x0014de77	0xStack[0x8]	READ	1
0x0014de7c	0xStack[0x4]	READ	1
0x0014de80	0x001469a0	UNCONDITIONAL_CALL	0
0x0014de89	0x0014b86c	UNCONDITIONAL_CALL	0
0x0014dea2	0x0014deb4	UNCONDITIONAL_JUMP	0
0x0014dea6	0xStack[0x4]	READ	1
0x0014deb1	0x0014deb6	UNCONDITIONAL_JUMP	0
0x0014deb6	0xStack[-0x10]	DATA	0
0x0014dec6	0xStack[0x8]	READ	1
0x0014dec9	0xStack[0x10]	READ	1
0x0014ded0	0x0014dece	CONDITIONAL_JUMP	0
0x0014dede	0x0014decc	CONDITIONAL_JUMP	0
0x0014dee4	0x0014def0	CONDITIONAL_JUMP	0
0x0014dee8	0x0014df8b	UNCONDITIONAL_JUMP	0
0x0014defc	0x0014df2e	CONDITIONAL_JUMP	0
0x0014defe	0x00200000	DATA	1
0x0014df04	0x0014df1c	CONDITIONAL_JUMP	0
0x0014df0c	0xStack[0xc]	READ	1
0x0014df10	0xStack[0x4]	READ	1
0x0014df14	0x0014a360	UNCONDITIONAL_CALL	0
0x0014df1d	0xStack[0xc]	READ	1
0x0014df22	0xStack[0x4]	READ	1
0x0014df26	0x001469a0	UNCONDITIONAL_CALL	0
0x0014df2f	0x0014b86c	UNCONDITIONAL_CALL	0
0x0014df3d	0x0014df60	CONDITIONAL_JUMP	0
0x0014df4e	0xStack[0xc]	READ	1
0x0014df52	0xStack[0x4]	READ	1
0x0014df56	0x00146284	UNCONDITIONAL_CALL	0
0x0014df5b	0x0014df86	UNCONDITIONAL_JUMP	0
0x0014df69	0x00100000	DATA	1
0x0014df73	0x0014df7d	CONDITIONAL_JUMP	0
0x0014df8b	0xStack[-0x10]	DATA	0
0x0014dfa1	0xStack[0xc]	READ	1
0x0014dfa6	0x001f0000	DATA	1
0x0014dfb2	0x0014e01c	CONDITIONAL_JUMP	0
0x0014dfb4	0x0014dfcc	CONDITIONAL_JUMP	0
0x0014dfbc	0x0014e01c	CONDITIONAL_JUMP	0
0x0014dfc4	0x0014e01c	CONDITIONAL_JUMP	0
0x0014dfc6	0x0014e140	UNCONDITIONAL_JUMP	0
0x0014dfd2	0x0014dff8	CONDITIONAL_JUMP	0
0x0014dfd4	0x0014dfe4	CONDITIONAL_JUMP	0
0x0014dfdc	0x0014e01c	CONDITIONAL_JUMP	0
0x0014dfde	0x0014e140	UNCONDITIONAL_JUMP	0
0x0014dfe4	0x00100000	DATA	1
0x0014dfea	0x0014e140	CONDITIONAL_JUMP	0
0x0014dff0	0x0014e14a	UNCONDITIONAL_JUMP	0
0x0014e000	0x0014dffe	CONDITIONAL_JUMP	0
0x0014e00e	0x0014dffc	CONDITIONAL_JUMP	0
0x0014e011	0x0014da98	UNCONDITIONAL_CALL	0
0x0014e016	0x0014e14a	UNCONDITIONAL_JUMP	0
0x0014e01f	0xStack[-0x8]	WRITE	0
0x0014e026	0xStack[-0xc]	WRITE	0
0x0014e034	0x0014e032	CONDITIONAL_JUMP	0
0x0014e042	0x0014e030	CONDITIONAL_JUMP	0
0x0014e048	0x0014e07c	CONDITIONAL_JUMP	0
0x0014e05a	0x0014e14a	CONDITIONAL_JUMP	0
0x0014e06a	0x001f6230	DATA	1
0x0014e072	0x0016b84c	UNCONDITIONAL_CALL	0
0x0014e077	0x0014e14a	UNCONDITIONAL_JUMP	0
0x0014e081	0x0014e0b0	CONDITIONAL_JUMP	0
0x0014e084	0xStack[0x8]	READ	1
0x0014e089	0x0014c650	UNCONDITIONAL_CALL	0
0x0014e09c	0x0014e0ac	CONDITIONAL_JUMP	0
0x0014e09e	0xStack[0x4]	READ	1
0x0014e0a2	0x001506d8	UNCONDITIONAL_CALL	0
0x0014e0ae	0x0014e0b2	UNCONDITIONAL_JUMP	0
0x0014e0b8	0x0014e0df	CONDITIONAL_JUMP	0
0x0014e0c6	0x0014e0df	CONDITIONAL_JUMP	0
0x0014e0cb	0xStack[-0x8]	WRITE	0
0x0014e0d0	0x0014e0df	CONDITIONAL_JUMP	0
0x0014e0dc	0xStack[-0xc]	WRITE	0
0x0014e0e5	0x0014e0f8	CONDITIONAL_JUMP	0
0x0014e0e8	0x0014c89c	UNCONDITIONAL_CALL	0
0x0014e0ee	0x0014cb80	UNCONDITIONAL_CALL	0
0x0014e0f6	0x0014e117	UNCONDITIONAL_JUMP	0
0x0014e0fe	0x0014e110	CONDITIONAL_JUMP	0
0x0014e105	0x0014b5d4	UNCONDITIONAL_CALL	0
0x0014e10d	0x0014e117	UNCONDITIONAL_JUMP	0
0x0014e117	0xStack[-0x8]	READ	0
0x0014e11b	0x0014e12d	CONDITIONAL_JUMP	0
0x0014e11d	0xStack[-0xc]	READ	1
0x0014e121	0xStack[-0x8]	READ	1
0x0014e125	0x0014b55c	UNCONDITIONAL_CALL	0
0x0014e12f	0x0014e14a	CONDITIONAL_JUMP	0
0x0014e131	0xStack[0x8]	READ	1
0x0014e136	0x0014b3ec	UNCONDITIONAL_CALL	0
0x0014e13b	0x0014e14a	UNCONDITIONAL_JUMP	0
0x0014e140	0x001de95a	DATA	0
0x0014e145	0x0010ca6c	UNCONDITIONAL_CALL	0
0x0014e14a	0xStack[-0x18]	DATA	0
0x0014e15d	0xStack[0xc]	READ	1
0x0014e162	0xStack[-0x8]	WRITE	0
0x0014e167	0x001f0000	DATA	1
0x0014e173	0x0014e21c	CONDITIONAL_JUMP	0
0x0014e179	0x0014e198	CONDITIONAL_JUMP	0
0x0014e181	0x0014e21c	CONDITIONAL_JUMP	0
0x0014e18d	0x0014e21c	CONDITIONAL_JUMP	0
0x0014e193	0x0014e3dc	UNCONDITIONAL_JUMP	0
0x0014e19e	0x0014e1d8	CONDITIONAL_JUMP	0
0x0014e1a0	0x0014e1b0	CONDITIONAL_JUMP	0
0x0014e1a8	0x0014e21c	CONDITIONAL_JUMP	0
0x0014e1aa	0x0014e3dc	UNCONDITIONAL_JUMP	0
0x0014e1b0	0x00100000	DATA	1
0x0014e1b6	0x0014e3dc	CONDITIONAL_JUMP	0
0x0014e1bd	0xStack[0x8]	READ	1
0x0014e1c1	0xStack[0x4]	READ	1
0x0014e1c5	0x00146284	UNCONDITIONAL_CALL	0
0x0014e1cc	0xStack[0x4]	READ	1
0x0014e1d2	0x0014e3e6	UNCONDITIONAL_JUMP	0
0x0014e1e3	0xStack[0x8]	READ	1
0x0014e1e7	0xStack[0x4]	READ	1
0x0014e1eb	0x00146284	UNCONDITIONAL_CALL	0
0x0014e1f8	0x0014e1f6	CONDITIONAL_JUMP	0
0x0014e206	0x0014e1f4	CONDITIONAL_JUMP	0
0x0014e20a	0xStack[0x4]	READ	1
0x0014e211	0x0014da98	UNCONDITIONAL_CALL	0
0x0014e216	0x0014e3e6	UNCONDITIONAL_JUMP	0
0x0014e21f	0xStack[-0xc]	WRITE	0
0x0014e226	0xStack[-0x10]	WRITE	0
0x0014e22d	0xStack[-0x8]	READ	1
0x0014e230	0x00200000	DATA	1
0x0014e236	0x0014e248	CONDITIONAL_JUMP	0
0x0014e238	0xStack[0x8]	READ	1
0x0014e23c	0xStack[0x4]	READ	1
0x0014e240	0x0014a360	UNCONDITIONAL_CALL	0
0x0014e24e	0x0014e264	CONDITIONAL_JUMP	0
0x0014e251	0xStack[0x8]	READ	1
0x0014e256	0xStack[0x4]	READ	1
0x0014e25a	0x001469a0	UNCONDITIONAL_CALL	0
0x0014e268	0x0014e266	CONDITIONAL_JUMP	0
0x0014e276	0x0014e264	CONDITIONAL_JUMP	0
0x0014e27c	0x0014e2e8	CONDITIONAL_JUMP	0
0x0014e28e	0x0014e2aa	CONDITIONAL_JUMP	0
0x0014e29a	0x001f6230	DATA	1
0x0014e2a2	0x0016b84c	UNCONDITIONAL_CALL	0
0x0014e2b9	0xStack[0x8]	READ	1
0x0014e2bd	0xStack[0x4]	READ	1
0x0014e2c1	0x00146284	UNCONDITIONAL_CALL	0
0x0014e2c8	0xStack[0x4]	READ	1
0x0014e2ce	0xStack[-0x8]	READ	1
0x0014e2d7	0x0014e3e6	CONDITIONAL_JUMP	0
0x0014e2e2	0x0014e3e8	UNCONDITIONAL_JUMP	0
0x0014e2ed	0x0014e320	CONDITIONAL_JUMP	0
0x0014e2f0	0xStack[0x8]	READ	1
0x0014e2f5	0x0014c650	UNCONDITIONAL_CALL	0
0x0014e308	0x0014e318	CONDITIONAL_JUMP	0
0x0014e30a	0xStack[0x4]	READ	1
0x0014e30e	0x001506d8	UNCONDITIONAL_CALL	0
0x0014e318	0xStack[-0x14]	WRITE	0
0x0014e31b	0x0014e327	UNCONDITIONAL_JUMP	0
0x0014e320	0xStack[-0x14]	WRITE	0
0x0014e32f	0xStack[0x8]	READ	1
0x0014e333	0xStack[0x4]	READ	1
0x0014e337	0x00146284	UNCONDITIONAL_CALL	0
0x0014e341	0xStack[0x4]	READ	1
0x0014e34d	0x0014e374	CONDITIONAL_JUMP	0
0x0014e35b	0x0014e374	CONDITIONAL_JUMP	0
0x0014e360	0xStack[-0xc]	WRITE	0
0x0014e365	0x0014e374	CONDITIONAL_JUMP	0
0x0014e371	0xStack[-0x10]	WRITE	0
0x0014e37a	0x0014e390	CONDITIONAL_JUMP	0
0x0014e37d	0x0014c89c	UNCONDITIONAL_CALL	0
0x0014e383	0x0014cb80	UNCONDITIONAL_CALL	0
0x0014e38b	0x0014e3af	UNCONDITIONAL_JUMP	0
0x0014e396	0x0014e3a8	CONDITIONAL_JUMP	0
0x0014e39d	0x0014b5d4	UNCONDITIONAL_CALL	0
0x0014e3a5	0x0014e3af	UNCONDITIONAL_JUMP	0
0x0014e3af	0xStack[-0xc]	READ	0
0x0014e3b3	0x0014e3c5	CONDITIONAL_JUMP	0
0x0014e3b5	0xStack[-0x10]	READ	1
0x0014e3b9	0xStack[-0xc]	READ	1
0x0014e3bd	0x0014b55c	UNCONDITIONAL_CALL	0
0x0014e3c5	0xStack[-0x14]	READ	0
0x0014e3c9	0x0014e3e6	CONDITIONAL_JUMP	0
0x0014e3cb	0xStack[0x8]	READ	1
0x0014e3cf	0xStack[-0x14]	READ	1
0x0014e3d3	0x0014b3ec	UNCONDITIONAL_CALL	0
0x0014e3d8	0x0014e3e6	UNCONDITIONAL_JUMP	0
0x0014e3dc	0x001de978	DATA	0
0x0014e3e1	0x0010ca6c	UNCONDITIONAL_CALL	0
0x0014e3e8	0xStack[-0x20]	DATA	0
0x0014e3fd	0xStack[0xc]	READ	1
0x0014e402	0xStack[-0x8]	WRITE	0
0x0014e407	0x001f0000	DATA	1
0x0014e411	0x0014e7a8	CONDITIONAL_JUMP	0
0x0014e417	0x0014e42c	CONDITIONAL_JUMP	0
0x0014e41e	0x0014e5b4	CONDITIONAL_JUMP	0
0x0014e424	0x0014e818	UNCONDITIONAL_JUMP	0
0x0014e431	0x0014e46c	CONDITIONAL_JUMP	0
0x0014e433	0x00100000	DATA	1
0x0014e438	0x0014e818	CONDITIONAL_JUMP	0
0x0014e43e	0xStack[-0x8]	READ	0
0x0014e443	0x0014e458	CONDITIONAL_JUMP	0
0x0014e446	0xStack[0x8]	READ	1
0x0014e44a	0xStack[0x4]	READ	1
0x0014e44e	0x00146284	UNCONDITIONAL_CALL	0
0x0014e453	0x0014e45e	UNCONDITIONAL_JUMP	0
0x0014e458	0xStack[-0x8]	READ	1
0x0014e460	0xStack[0x4]	READ	1
0x0014e466	0x0014e828	UNCONDITIONAL_JUMP	0
0x0014e474	0x0014e472	CONDITIONAL_JUMP	0
0x0014e482	0x0014e470	CONDITIONAL_JUMP	0
0x0014e488	0x0014e537	CONDITIONAL_JUMP	0
0x0014e49a	0x0014e4cc	CONDITIONAL_JUMP	0
0x0014e49c	0x00200000	DATA	1
0x0014e4a2	0x0014e4ba	CONDITIONAL_JUMP	0
0x0014e4aa	0xStack[0x8]	READ	1
0x0014e4ae	0xStack[0x4]	READ	1
0x0014e4b2	0x0014a360	UNCONDITIONAL_CALL	0
0x0014e4bb	0xStack[0x8]	READ	1
0x0014e4c0	0xStack[0x4]	READ	1
0x0014e4c4	0x001469a0	UNCONDITIONAL_CALL	0
0x0014e4cd	0x0014b86c	UNCONDITIONAL_CALL	0
0x0014e4db	0x0014e504	CONDITIONAL_JUMP	0
0x0014e4ec	0xStack[0x8]	READ	1
0x0014e4f0	0xStack[0x4]	READ	1
0x0014e4f4	0x00146284	UNCONDITIONAL_CALL	0
0x0014e501	0x0014e52f	UNCONDITIONAL_JUMP	0
0x0014e50d	0x00100000	DATA	1
0x0014e517	0x0014e521	CONDITIONAL_JUMP	0
0x0014e531	0x0014e68f	CONDITIONAL_JUMP	0
0x0014e53c	0x0014e56c	CONDITIONAL_JUMP	0
0x0014e53f	0xStack[0x8]	READ	1
0x0014e544	0x0014c650	UNCONDITIONAL_CALL	0
0x0014e557	0x0014e567	CONDITIONAL_JUMP	0
0x0014e559	0xStack[0x4]	READ	1
0x0014e55d	0x001506d8	UNCONDITIONAL_CALL	0
0x0014e569	0x0014e56e	UNCONDITIONAL_JUMP	0
0x0014e57a	0xStack[0x8]	READ	1
0x0014e57e	0xStack[0x4]	READ	1
0x0014e582	0x00146284	UNCONDITIONAL_CALL	0
0x0014e58c	0xStack[0x4]	READ	1
0x0014e593	0x0014b5d4	UNCONDITIONAL_CALL	0
0x0014e59d	0x0014e828	CONDITIONAL_JUMP	0
0x0014e5a3	0xStack[0x8]	READ	1
0x0014e5a8	0x0014b3ec	UNCONDITIONAL_CALL	0
0x0014e5ad	0x0014e828	UNCONDITIONAL_JUMP	0
0x0014e5b4	0xStack[-0xc]	WRITE	0
0x0014e5bb	0xStack[-0x10]	WRITE	0
0x0014e5c2	0xStack[-0x14]	WRITE	0
0x0014e5d0	0x0014e5ce	CONDITIONAL_JUMP	0
0x0014e5de	0x0014e5cc	CONDITIONAL_JUMP	0
0x0014e5e4	0x0014e6a8	CONDITIONAL_JUMP	0
0x0014e5f6	0x0014e628	CONDITIONAL_JUMP	0
0x0014e5f8	0x00200000	DATA	1
0x0014e5fe	0x0014e616	CONDITIONAL_JUMP	0
0x0014e606	0xStack[0x8]	READ	1
0x0014e60a	0xStack[0x4]	READ	1
0x0014e60e	0x0014a360	UNCONDITIONAL_CALL	0
0x0014e617	0xStack[0x8]	READ	1
0x0014e61c	0xStack[0x4]	READ	1
0x0014e620	0x001469a0	UNCONDITIONAL_CALL	0
0x0014e629	0x0014b86c	UNCONDITIONAL_CALL	0
0x0014e637	0x0014e660	CONDITIONAL_JUMP	0
0x0014e648	0xStack[0x8]	READ	1
0x0014e64c	0xStack[0x4]	READ	1
0x0014e650	0x00146284	UNCONDITIONAL_CALL	0
0x0014e65d	0x0014e68b	UNCONDITIONAL_JUMP	0
0x0014e669	0x00100000	DATA	1
0x0014e673	0x0014e67d	CONDITIONAL_JUMP	0
0x0014e68d	0x0014e6a8	CONDITIONAL_JUMP	0
0x0014e68f	0xStack[-0x8]	READ	1
0x0014e698	0x0014e82c	CONDITIONAL_JUMP	0
0x0014e6a0	0xStack[-0x8]	WRITE	0
0x0014e6a3	0x0014e43e	UNCONDITIONAL_JUMP	0
0x0014e6a8	0xStack[-0x8]	READ	0
0x0014e6ad	0x0014e764	CONDITIONAL_JUMP	0
0x0014e6bf	0x0014e6d8	CONDITIONAL_JUMP	0
0x0014e6c4	0xStack[-0x10]	WRITE	0
0x0014e6c9	0x0014e6d8	CONDITIONAL_JUMP	0
0x0014e6d5	0xStack[-0x14]	WRITE	0
0x0014e6dd	0x0014e710	CONDITIONAL_JUMP	0
0x0014e6e0	0xStack[0x8]	READ	1
0x0014e6e5	0x0014c650	UNCONDITIONAL_CALL	0
0x0014e6f8	0x0014e708	CONDITIONAL_JUMP	0
0x0014e6fa	0xStack[0x4]	READ	1
0x0014e6fe	0x001506d8	UNCONDITIONAL_CALL	0
0x0014e708	0xStack[-0xc]	WRITE	0
0x0014e70b	0x0014e717	UNCONDITIONAL_JUMP	0
0x0014e710	0xStack[-0xc]	WRITE	0
0x0014e718	0xStack[0x8]	READ	1
0x0014e71d	0xStack[0x4]	READ	1
0x0014e721	0x001469a0	UNCONDITIONAL_CALL	0
0x0014e729	0xStack[-0x8]	READ	1
0x0014e72c	0x00200000	DATA	1
0x0014e732	0x0014e744	CONDITIONAL_JUMP	0
0x0014e734	0xStack[0x8]	READ	1
0x0014e738	0xStack[0x4]	READ	1
0x0014e73c	0x0014a360	UNCONDITIONAL_CALL	0
0x0014e74f	0xStack[0x8]	READ	1
0x0014e753	0xStack[0x4]	READ	1
0x0014e757	0x00146284	UNCONDITIONAL_CALL	0
0x0014e75f	0x0014e76a	UNCONDITIONAL_JUMP	0
0x0014e764	0xStack[-0x8]	READ	1
0x0014e770	0xStack[0x4]	READ	1
0x0014e776	0xStack[-0x10]	READ	0
0x0014e77a	0x0014e78c	CONDITIONAL_JUMP	0
0x0014e77c	0xStack[-0x14]	READ	1
0x0014e780	0xStack[-0x10]	READ	1
0x0014e784	0x0014b55c	UNCONDITIONAL_CALL	0
0x0014e78c	0xStack[-0xc]	READ	0
0x0014e790	0x0014e828	CONDITIONAL_JUMP	0
0x0014e796	0xStack[0x8]	READ	1
0x0014e79a	0xStack[-0xc]	READ	1
0x0014e79e	0x0014b3ec	UNCONDITIONAL_CALL	0
0x0014e7a3	0x0014e828	UNCONDITIONAL_JUMP	0
0x0014e7b4	0x0014e7b2	CONDITIONAL_JUMP	0
0x0014e7c2	0x0014e7b0	CONDITIONAL_JUMP	0
0x0014e7c4	0xStack[-0x8]	READ	0
0x0014e7c9	0x0014e7f8	CONDITIONAL_JUMP	0
0x0014e7d7	0x0014e7ea	CONDITIONAL_JUMP	0
0x0014e7de	0x0014e7ea	CONDITIONAL_JUMP	0
0x0014e7ea	0xStack[-0x8]	READ	1
0x0014e7f3	0x0014e7fc	UNCONDITIONAL_JUMP	0
0x0014e7f8	0xStack[-0x8]	READ	1
0x0014e804	0xStack[0x4]	READ	1
0x0014e80c	0x0014e828	CONDITIONAL_JUMP	0
0x0014e810	0x0014b55c	UNCONDITIONAL_CALL	0
0x0014e815	0x0014e828	UNCONDITIONAL_JUMP	0
0x0014e81a	0xStack[0x4]	READ	1
0x0014e825	0x0014e839	UNCONDITIONAL_JUMP	0
0x0014e82a	0x0014e839	UNCONDITIONAL_JUMP	0
0x0014e82e	0xStack[0x4]	READ	1
0x0014e839	0xStack[-0x20]	DATA	0
0x0014e84d	0xStack[0xc]	READ	1
0x0014e850	0xStack[0x10]	READ	1
0x0014e855	0xStack[-0x8]	WRITE	0
0x0014e85b	0x0014ef40	CONDITIONAL_JUMP	0
0x0014e861	0x0014ecec	COMPUTED_JUMP	-1
0x0014e861	0x0014e8e4	COMPUTED_JUMP	-1
0x0014e861	0x0014ea10	COMPUTED_JUMP	-1
0x0014e861	0x0014e87c	COMPUTED_JUMP	-1
0x0014e861	0x0014eb84	COMPUTED_JUMP	-1
0x0014e861	0x0014e868	DATA	0
0x0014e868	0x0014ecec	DATA	0
0x0014e86c	0x0014e8e4	DATA	0
0x0014e870	0x0014ea10	DATA	0
0x0014e874	0x0014e87c	DATA	0
0x0014e878	0x0014eb84	DATA	0
0x0014e87c	0xStack[-0x8]	READ	1
0x0014e885	0x0014ef58	CONDITIONAL_JUMP	0
0x0014e88b	0xStack[0x14]	READ	0
0x0014e88f	0x0014ef4c	CONDITIONAL_JUMP	0
0x0014e895	0xStack[0x14]	READ	0
0x0014e899	0x0014ef68	CONDITIONAL_JUMP	0
0x0014e8aa	0xStack[0x8]	READ	1
0x0014e8ae	0xStack[0x4]	READ	1
0x0014e8b2	0x00146284	UNCONDITIONAL_CALL	0
0x0014e8c0	0x0014e8be	CONDITIONAL_JUMP	0
0x0014e8ce	0x0014e8bc	CONDITIONAL_JUMP	0
0x0014e8d2	0xStack[0x4]	READ	1
0x0014e8d9	0x0014da98	UNCONDITIONAL_CALL	0
0x0014e8de	0x0014ef54	UNCONDITIONAL_JUMP	0
0x0014e8e6	0xStack[-0x8]	READ	1
0x0014e8ef	0x0014ef58	CONDITIONAL_JUMP	0
0x0014e8f5	0xStack[0x14]	READ	0
0x0014e8f9	0x0014ef4c	CONDITIONAL_JUMP	0
0x0014e8ff	0xStack[0x14]	READ	0
0x0014e903	0x0014ef68	CONDITIONAL_JUMP	0
0x0014e909	0x00200000	DATA	1
0x0014e90f	0x0014e92a	CONDITIONAL_JUMP	0
0x0014e917	0xStack[-0x8]	WRITE	0
0x0014e91a	0xStack[0x8]	READ	1
0x0014e91e	0xStack[0x4]	READ	1
0x0014e922	0x0014a360	UNCONDITIONAL_CALL	0
0x0014e934	0x0014e932	CONDITIONAL_JUMP	0
0x0014e942	0x0014e930	CONDITIONAL_JUMP	0
0x0014e944	0xStack[-0x8]	READ	1
0x0014e94d	0x0014e958	CONDITIONAL_JUMP	0
0x0014e953	0x0014e99c	UNCONDITIONAL_JUMP	0
0x0014e958	0xStack[-0x8]	READ	1
0x0014e961	0x0014e994	CONDITIONAL_JUMP	0
0x0014e969	0x00100000	DATA	1
0x0014e96f	0xStack[-0x8]	WRITE	0
0x0014e976	0x0014e983	CONDITIONAL_JUMP	0
0x0014e980	0xStack[-0x8]	WRITE	0
0x0014e983	0xStack[-0x8]	READ	1
0x0014e98f	0x0014e9e2	UNCONDITIONAL_JUMP	0
0x0014e999	0x0014e9c8	CONDITIONAL_JUMP	0
0x0014e99c	0xStack[0x8]	READ	1
0x0014e9a1	0x0014c650	UNCONDITIONAL_CALL	0
0x0014e9b4	0x0014e9c4	CONDITIONAL_JUMP	0
0x0014e9b6	0xStack[0x4]	READ	1
0x0014e9ba	0x001506d8	UNCONDITIONAL_CALL	0
0x0014e9c6	0x0014e9ca	UNCONDITIONAL_JUMP	0
0x0014e9d2	0xStack[0x8]	READ	1
0x0014e9d6	0xStack[0x4]	READ	1
0x0014e9da	0x00146284	UNCONDITIONAL_CALL	0
0x0014e9e4	0xStack[0x4]	READ	1
0x0014e9eb	0x0014c89c	UNCONDITIONAL_CALL	0
0x0014e9f1	0x0014cb80	UNCONDITIONAL_CALL	0
0x0014e9fb	0x0014ef54	CONDITIONAL_JUMP	0
0x0014ea01	0xStack[0x8]	READ	1
0x0014ea06	0x0014b3ec	UNCONDITIONAL_CALL	0
0x0014ea0b	0x0014ef54	UNCONDITIONAL_JUMP	0
0x0014ea10	0xStack[-0x8]	READ	1
0x0014ea19	0x0014ef58	CONDITIONAL_JUMP	0
0x0014ea1f	0xStack[0x14]	READ	1
0x0014ea26	0x0014ef68	CONDITIONAL_JUMP	0
0x0014ea34	0x0014ea32	CONDITIONAL_JUMP	0
0x0014ea42	0x0014ea30	CONDITIONAL_JUMP	0
0x0014ea48	0x0014eaf7	CONDITIONAL_JUMP	0
0x0014ea5a	0x0014ea8c	CONDITIONAL_JUMP	0
0x0014ea5c	0x00200000	DATA	1
0x0014ea62	0x0014ea7a	CONDITIONAL_JUMP	0
0x0014ea6a	0xStack[0x8]	READ	1
0x0014ea6e	0xStack[0x4]	READ	1
0x0014ea72	0x0014a360	UNCONDITIONAL_CALL	0
0x0014ea7b	0xStack[0x8]	READ	1
0x0014ea80	0xStack[0x4]	READ	1
0x0014ea84	0x001469a0	UNCONDITIONAL_CALL	0
0x0014ea8d	0x0014b86c	UNCONDITIONAL_CALL	0
0x0014ea9b	0x0014eac4	CONDITIONAL_JUMP	0
0x0014eaac	0xStack[0x8]	READ	1
0x0014eab0	0xStack[0x4]	READ	1
0x0014eab4	0x00146284	UNCONDITIONAL_CALL	0
0x0014eac1	0x0014eaef	UNCONDITIONAL_JUMP	0
0x0014eacd	0x00100000	DATA	1
0x0014ead7	0x0014eae1	CONDITIONAL_JUMP	0
0x0014eaf1	0x0014ee17	CONDITIONAL_JUMP	0
0x0014eaf7	0xStack[0x14]	READ	0
0x0014eafb	0x0014eb08	CONDITIONAL_JUMP	0
0x0014eb01	0x0014ef4c	UNCONDITIONAL_JUMP	0
0x0014eb0d	0x0014eb3c	CONDITIONAL_JUMP	0
0x0014eb10	0xStack[0x8]	READ	1
0x0014eb15	0x0014c650	UNCONDITIONAL_CALL	0
0x0014eb28	0x0014eb38	CONDITIONAL_JUMP	0
0x0014eb2a	0xStack[0x4]	READ	1
0x0014eb2e	0x001506d8	UNCONDITIONAL_CALL	0
0x0014eb3a	0x0014eb3e	UNCONDITIONAL_JUMP	0
0x0014eb4a	0xStack[0x8]	READ	1
0x0014eb4e	0xStack[0x4]	READ	1
0x0014eb52	0x00146284	UNCONDITIONAL_CALL	0
0x0014eb5c	0xStack[0x4]	READ	1
0x0014eb63	0x0014b5d4	UNCONDITIONAL_CALL	0
0x0014eb6d	0x0014ef54	CONDITIONAL_JUMP	0
0x0014eb73	0xStack[0x8]	READ	1
0x0014eb78	0x0014b3ec	UNCONDITIONAL_CALL	0
0x0014eb7d	0x0014ef54	UNCONDITIONAL_JUMP	0
0x0014eb84	0xStack[-0x6]	READ	0
0x0014eb88	0x0014ec78	CONDITIONAL_JUMP	0
0x0014eb98	0x0014eb96	CONDITIONAL_JUMP	0
0x0014eba6	0x0014eb94	CONDITIONAL_JUMP	0
0x0014ebac	0x0014ec57	CONDITIONAL_JUMP	0
0x0014ebbe	0x0014ebf0	CONDITIONAL_JUMP	0
0x0014ebc0	0x00200000	DATA	1
0x0014ebc6	0x0014ebde	CONDITIONAL_JUMP	0
0x0014ebce	0xStack[0x8]	READ	1
0x0014ebd2	0xStack[0x4]	READ	1
0x0014ebd6	0x0014a360	UNCONDITIONAL_CALL	0
0x0014ebdf	0xStack[0x8]	READ	1
0x0014ebe4	0xStack[0x4]	READ	1
0x0014ebe8	0x001469a0	UNCONDITIONAL_CALL	0
0x0014ebf1	0x0014b86c	UNCONDITIONAL_CALL	0
0x0014ebff	0x0014ec28	CONDITIONAL_JUMP	0
0x0014ec10	0xStack[0x8]	READ	1
0x0014ec14	0xStack[0x4]	READ	1
0x0014ec18	0x00146284	UNCONDITIONAL_CALL	0
0x0014ec25	0x0014ec53	UNCONDITIONAL_JUMP	0
0x0014ec31	0x00100000	DATA	1
0x0014ec3b	0x0014ec45	CONDITIONAL_JUMP	0
0x0014ec55	0x0014ec60	CONDITIONAL_JUMP	0
0x0014ec5b	0x0014ef58	UNCONDITIONAL_JUMP	0
0x0014ec60	0xStack[-0x8]	READ	1
0x0014ec69	0x0014ef88	CONDITIONAL_JUMP	0
0x0014ec71	0xStack[-0x8]	WRITE	0
0x0014ec74	0x0014ec87	UNCONDITIONAL_JUMP	0
0x0014ec78	0xStack[-0x8]	READ	1
0x0014ec7b	0x00100000	DATA	1
0x0014ec81	0x0014ef58	CONDITIONAL_JUMP	0
0x0014ec87	0xStack[-0x8]	READ	1
0x0014ec8b	0xStack[0x14]	READ	0
0x0014ec8f	0x0014ec9e	CONDITIONAL_JUMP	0
0x0014ec91	0xStack[0x14]	READ	1
0x0014ec98	0x0014ef68	CONDITIONAL_JUMP	0
0x0014ec9e	0xStack[0x14]	READ	0
0x0014eca2	0x0014ecbc	CONDITIONAL_JUMP	0
0x0014eca4	0xStack[0x14]	READ	1
0x0014ecab	0x0014ef78	CONDITIONAL_JUMP	0
0x0014ecb6	0x0014ef78	CONDITIONAL_JUMP	0
0x0014ecbc	0xStack[0x14]	READ	1
0x0014ecc1	0x0014ecd4	CONDITIONAL_JUMP	0
0x0014ecc4	0xStack[0x8]	READ	1
0x0014ecc8	0xStack[0x4]	READ	1
0x0014eccc	0x00146284	UNCONDITIONAL_CALL	0
0x0014ecd1	0x0014ecdc	UNCONDITIONAL_JUMP	0
0x0014ecd4	0xStack[-0x8]	READ	1
0x0014ecd7	0xStack[0x14]	READ	1
0x0014ecde	0xStack[0x4]	READ	1
0x0014ece4	0x0014ef54	UNCONDITIONAL_JUMP	0
0x0014ecec	0xStack[-0x10]	WRITE	0
0x0014ecf3	0xStack[-0x14]	WRITE	0
0x0014ecfa	0xStack[-0x18]	WRITE	0
0x0014ed01	0xStack[-0x8]	READ	1
0x0014ed0a	0x0014ef58	CONDITIONAL_JUMP	0
0x0014ed13	0xStack[-0xc]	WRITE	0
0x0014ed16	0xStack[0x14]	READ	0
0x0014ed1a	0x0014ed29	CONDITIONAL_JUMP	0
0x0014ed1c	0xStack[0x14]	READ	1
0x0014ed23	0x0014ef68	CONDITIONAL_JUMP	0
0x0014ed29	0xStack[0x14]	READ	0
0x0014ed2d	0x0014ed50	CONDITIONAL_JUMP	0
0x0014ed2f	0xStack[0x14]	READ	1
0x0014ed32	0xStack[-0xc]	READ	1
0x0014ed3e	0x0014ef78	CONDITIONAL_JUMP	0
0x0014ed4a	0x0014ef78	CONDITIONAL_JUMP	0
0x0014ed58	0x0014ed56	CONDITIONAL_JUMP	0
0x0014ed66	0x0014ed54	CONDITIONAL_JUMP	0
0x0014ed6c	0x0014ee2c	CONDITIONAL_JUMP	0
0x0014ed7e	0x0014edb0	CONDITIONAL_JUMP	0
0x0014ed80	0x00200000	DATA	1
0x0014ed86	0x0014ed9e	CONDITIONAL_JUMP	0
0x0014ed8e	0xStack[0x8]	READ	1
0x0014ed92	0xStack[0x4]	READ	1
0x0014ed96	0x0014a360	UNCONDITIONAL_CALL	0
0x0014ed9f	0xStack[0x8]	READ	1
0x0014eda4	0xStack[0x4]	READ	1
0x0014eda8	0x001469a0	UNCONDITIONAL_CALL	0
0x0014edb1	0x0014b86c	UNCONDITIONAL_CALL	0
0x0014edbf	0x0014ede8	CONDITIONAL_JUMP	0
0x0014edd0	0xStack[0x8]	READ	1
0x0014edd4	0xStack[0x4]	READ	1
0x0014edd8	0x00146284	UNCONDITIONAL_CALL	0
0x0014ede5	0x0014ee13	UNCONDITIONAL_JUMP	0
0x0014edf1	0x00100000	DATA	1
0x0014edfb	0x0014ee05	CONDITIONAL_JUMP	0
0x0014ee15	0x0014ee2c	CONDITIONAL_JUMP	0
0x0014ee17	0xStack[-0x8]	READ	1
0x0014ee20	0x0014ef88	CONDITIONAL_JUMP	0
0x0014ee26	0x0014ef58	UNCONDITIONAL_JUMP	0
0x0014ee2c	0xStack[-0xc]	READ	1
0x0014ee2f	0xStack[0x14]	READ	1
0x0014ee32	0x0014ef00	CONDITIONAL_JUMP	0
0x0014ee44	0x0014ee5d	CONDITIONAL_JUMP	0
0x0014ee49	0xStack[-0x14]	WRITE	0
0x0014ee4e	0x0014ee5d	CONDITIONAL_JUMP	0
0x0014ee5a	0xStack[-0x18]	WRITE	0
0x0014ee5d	0xStack[-0x8]	READ	1
0x0014ee66	0x0014ee74	CONDITIONAL_JUMP	0
0x0014ee6e	0x0014ef06	UNCONDITIONAL_JUMP	0
0x0014ee79	0x0014eeac	CONDITIONAL_JUMP	0
0x0014ee7c	0xStack[0x8]	READ	1
0x0014ee81	0x0014c650	UNCONDITIONAL_CALL	0
0x0014ee94	0x0014eea4	CONDITIONAL_JUMP	0
0x0014ee96	0xStack[0x4]	READ	1
0x0014ee9a	0x001506d8	UNCONDITIONAL_CALL	0
0x0014eea4	0xStack[-0x10]	WRITE	0
0x0014eea7	0x0014eeb3	UNCONDITIONAL_JUMP	0
0x0014eeac	0xStack[-0x10]	WRITE	0
0x0014eeb4	0xStack[0x8]	READ	1
0x0014eeb9	0xStack[0x4]	READ	1
0x0014eebd	0x001469a0	UNCONDITIONAL_CALL	0
0x0014eec5	0xStack[-0x8]	READ	1
0x0014eec8	0x00200000	DATA	1
0x0014eece	0x0014eee0	CONDITIONAL_JUMP	0
0x0014eed0	0xStack[0x8]	READ	1
0x0014eed4	0xStack[0x4]	READ	1
0x0014eed8	0x0014a360	UNCONDITIONAL_CALL	0
0x0014eeeb	0xStack[0x8]	READ	1
0x0014eeef	0xStack[0x4]	READ	1
0x0014eef3	0x00146284	UNCONDITIONAL_CALL	0
0x0014eefb	0x0014ef08	UNCONDITIONAL_JUMP	0
0x0014ef00	0xStack[-0x8]	READ	1
0x0014ef03	0xStack[0x14]	READ	1
0x0014ef0e	0xStack[0x4]	READ	1
0x0014ef14	0xStack[-0x14]	READ	0
0x0014ef18	0x0014ef2a	CONDITIONAL_JUMP	0
0x0014ef1a	0xStack[-0x18]	READ	1
0x0014ef1e	0xStack[-0x14]	READ	1
0x0014ef22	0x0014b55c	UNCONDITIONAL_CALL	0
0x0014ef2a	0xStack[-0x10]	READ	0
0x0014ef2e	0x0014ef54	CONDITIONAL_JUMP	0
0x0014ef30	0xStack[0x8]	READ	1
0x0014ef34	0xStack[-0x10]	READ	1
0x0014ef38	0x0014b3ec	UNCONDITIONAL_CALL	0
0x0014ef3d	0x0014ef54	UNCONDITIONAL_JUMP	0
0x0014ef40	0x001de998	DATA	0
0x0014ef45	0x0010ca6c	UNCONDITIONAL_CALL	0
0x0014ef4e	0xStack[0x4]	READ	1
0x0014ef56	0x0014ef95	UNCONDITIONAL_JUMP	0
0x0014ef5a	0xStack[0x4]	READ	1
0x0014ef65	0x0014ef95	UNCONDITIONAL_JUMP	0
0x0014ef6a	0xStack[0x4]	READ	1
0x0014ef75	0x0014ef95	UNCONDITIONAL_JUMP	0
0x0014ef7a	0xStack[0x4]	READ	1
0x0014ef85	0x0014ef95	UNCONDITIONAL_JUMP	0
0x0014ef8a	0xStack[0x4]	READ	1
0x0014ef95	0xStack[-0x24]	DATA	0
0x0014efa6	0xStack[0xc]	READ	1
0x0014efb1	0x0014f0b0	CONDITIONAL_JUMP	0
0x0014efc0	0x0014efbe	CONDITIONAL_JUMP	0
0x0014efce	0x0014efbc	CONDITIONAL_JUMP	0
0x0014efd4	0x0014f0ac	CONDITIONAL_JUMP	0
0x0014efde	0xStack[0xc]	READ	1
0x0014efe9	0x0014f01e	CONDITIONAL_JUMP	0
0x0014efeb	0x00200000	DATA	1
0x0014eff1	0x0014f009	CONDITIONAL_JUMP	0
0x0014eff9	0xStack[0x8]	READ	1
0x0014effd	0xStack[0x4]	READ	1
0x0014f001	0x0014a360	UNCONDITIONAL_CALL	0
0x0014f009	0xStack[0xc]	READ	1
0x0014f00d	0xStack[0x8]	READ	1
0x0014f012	0xStack[0x4]	READ	1
0x0014f016	0x001469a0	UNCONDITIONAL_CALL	0
0x0014f01f	0x0014b86c	UNCONDITIONAL_CALL	0
0x0014f02d	0x0014f058	CONDITIONAL_JUMP	0
0x0014f02f	0xStack[0xc]	READ	1
0x0014f041	0xStack[0x8]	READ	1
0x0014f045	0xStack[0x4]	READ	1
0x0014f049	0x00146284	UNCONDITIONAL_CALL	0
0x0014f053	0x0014f08d	UNCONDITIONAL_JUMP	0
0x0014f061	0x00100000	DATA	1
0x0014f067	0xStack[0xc]	READ	1
0x0014f06e	0x0014f078	CONDITIONAL_JUMP	0
0x0014f078	0xStack[0xc]	READ	1
0x0014f08b	0x0014f0ac	CONDITIONAL_JUMP	0
0x0014f093	0x0014f0a4	CONDITIONAL_JUMP	0
0x0014f097	0xStack[0x4]	READ	1
0x0014f0a2	0x0014f0f4	UNCONDITIONAL_JUMP	0
0x0014f0a4	0xStack[0xc]	READ	1
0x0014f0a9	0x0014f0b0	UNCONDITIONAL_JUMP	0
0x0014f0b2	0x001f0000	DATA	1
0x0014f0b7	0xStack[0xc]	READ	1
0x0014f0c3	0x0014f0cc	CONDITIONAL_JUMP	0
0x0014f0ca	0x0014f0d5	UNCONDITIONAL_JUMP	0
0x0014f0ce	0x0014f0d5	CONDITIONAL_JUMP	0
0x0014f0d5	0x00200000	DATA	1
0x0014f0db	0x0014f0e2	CONDITIONAL_JUMP	0
0x0014f0e2	0xStack[0x10]	READ	1
0x0014f0ed	0xStack[0x14]	READ	1
0x0014f0f4	0xStack[-0x10]	DATA	0
0x0014f105	0xStack[0xc]	READ	1
0x0014f108	0xStack[0x10]	READ	1
0x0014f113	0x0014f1a0	CONDITIONAL_JUMP	0
0x0014f119	0x0014f138	COMPUTED_JUMP	-1
0x0014f119	0x0014f144	COMPUTED_JUMP	-1
0x0014f119	0x0014f120	DATA	0
0x0014f120	0x0014f138	DATA	0
0x0014f124	0x0014f144	DATA	0
0x0014f128	0x0014f144	DATA	0
0x0014f12c	0x0014f144	DATA	0
0x0014f130	0x0014f138	DATA	0
0x0014f134	0x0014f138	DATA	0
0x0014f13e	0x0014f1aa	CONDITIONAL_JUMP	0
0x0014f142	0x0014f1af	UNCONDITIONAL_JUMP	0
0x0014f144	0x00100000	DATA	1
0x0014f14a	0x0014f1aa	CONDITIONAL_JUMP	0
0x0014f152	0x0014f140	CONDITIONAL_JUMP	0
0x0014f15c	0x0014f15a	CONDITIONAL_JUMP	0
0x0014f16a	0x0014f158	CONDITIONAL_JUMP	0
0x0014f178	0x0014f184	CONDITIONAL_JUMP	0
0x0014f180	0x0014f1aa	CONDITIONAL_JUMP	0
0x0014f182	0x0014f140	UNCONDITIONAL_JUMP	0
0x0014f187	0x0014f194	CONDITIONAL_JUMP	0
0x0014f18f	0x0014f1aa	CONDITIONAL_JUMP	0
0x0014f191	0x0014f140	UNCONDITIONAL_JUMP	0
0x0014f19a	0x0014f1aa	CONDITIONAL_JUMP	0
0x0014f19c	0x0014f140	UNCONDITIONAL_JUMP	0
0x0014f1a0	0x001de9b7	DATA	0
0x0014f1a5	0x0010ca6c	UNCONDITIONAL_CALL	0
0x0014f1af	0xStack[-0xc]	DATA	0
0x0014f1c1	0xStack[0xc]	READ	1
0x0014f1c6	0xStack[-0x8]	WRITE	0
0x0014f1c9	0xStack[0x10]	READ	1
0x0014f1d2	0x0014f7a0	CONDITIONAL_JUMP	0
0x0014f1d8	0x0014f270	COMPUTED_JUMP	-1
0x0014f1d8	0x0014f464	COMPUTED_JUMP	-1
0x0014f1d8	0x0014f638	COMPUTED_JUMP	-1
0x0014f1d8	0x0014f348	COMPUTED_JUMP	-1
0x0014f1d8	0x0014f1f8	COMPUTED_JUMP	-1
0x0014f1d8	0x0014f228	COMPUTED_JUMP	-1
0x0014f1d8	0x0014f1e0	DATA	0
0x0014f1e0	0x0014f270	DATA	0
0x0014f1e4	0x0014f464	DATA	0
0x0014f1e8	0x0014f638	DATA	0
0x0014f1ec	0x0014f348	DATA	0
0x0014f1f0	0x0014f1f8	DATA	0
0x0014f1f4	0x0014f228	DATA	0
0x0014f1f8	0xStack[-0x8]	READ	1
0x0014f201	0x0014f7ec	CONDITIONAL_JUMP	0
0x0014f210	0x0014f20e	CONDITIONAL_JUMP	0
0x0014f21e	0x0014f20c	CONDITIONAL_JUMP	0
0x0014f223	0x0014f450	UNCONDITIONAL_JUMP	0
0x0014f228	0xStack[-0x8]	READ	1
0x0014f231	0x0014f7ec	CONDITIONAL_JUMP	0
0x0014f240	0x0014f23e	CONDITIONAL_JUMP	0
0x0014f24e	0x0014f23c	CONDITIONAL_JUMP	0
0x0014f25a	0xStack[0x18]	READ	1
0x0014f25f	0xStack[0x1c]	READ	1
0x0014f268	0x0014f7e8	UNCONDITIONAL_JUMP	0
0x0014f272	0xStack[-0x8]	READ	1
0x0014f27b	0x0014f7ec	CONDITIONAL_JUMP	0
0x0014f288	0x0014f286	CONDITIONAL_JUMP	0
0x0014f296	0x0014f284	CONDITIONAL_JUMP	0
0x0014f298	0xStack[-0x8]	READ	1
0x0014f2a1	0x0014f2bc	CONDITIONAL_JUMP	0
0x0014f2a4	0xStack[0x8]	READ	1
0x0014f2a9	0xStack[0x4]	READ	1
0x0014f2ad	0x00146958	UNCONDITIONAL_CALL	0
0x0014f2b8	0x0014f314	UNCONDITIONAL_JUMP	0
0x0014f2c1	0x0014f2f0	CONDITIONAL_JUMP	0
0x0014f2c4	0xStack[0x8]	READ	1
0x0014f2c9	0x0014c650	UNCONDITIONAL_CALL	0
0x0014f2dc	0x0014f2ec	CONDITIONAL_JUMP	0
0x0014f2de	0xStack[0x4]	READ	1
0x0014f2e2	0x001506d8	UNCONDITIONAL_CALL	0
0x0014f2ee	0x0014f2f2	UNCONDITIONAL_JUMP	0
0x0014f2f2	0xStack[-0x8]	READ	1
0x0014f2f5	0x00200000	DATA	1
0x0014f2fb	0x0014f30d	CONDITIONAL_JUMP	0
0x0014f2fd	0xStack[0x8]	READ	1
0x0014f301	0xStack[0x4]	READ	1
0x0014f305	0x0014a360	UNCONDITIONAL_CALL	0
0x0014f314	0xStack[-0x8]	READ	1
0x0014f320	0x0014c89c	UNCONDITIONAL_CALL	0
0x0014f337	0xStack[0x18]	READ	1
0x0014f33c	0xStack[0x1c]	READ	1
0x0014f341	0x0014f7e8	UNCONDITIONAL_JUMP	0
0x0014f348	0xStack[-0x8]	READ	1
0x0014f34b	0x00100000	DATA	1
0x0014f351	0x0014f7ac	CONDITIONAL_JUMP	0
0x0014f35d	0x0014f7ec	CONDITIONAL_JUMP	0
0x0014f36c	0x0014f36a	CONDITIONAL_JUMP	0
0x0014f37a	0x0014f368	CONDITIONAL_JUMP	0
0x0014f380	0x0014f43c	CONDITIONAL_JUMP	0
0x0014f392	0x0014f3c4	CONDITIONAL_JUMP	0
0x0014f394	0x00200000	DATA	1
0x0014f39a	0x0014f3b2	CONDITIONAL_JUMP	0
0x0014f3a2	0xStack[0x8]	READ	1
0x0014f3a6	0xStack[0x4]	READ	1
0x0014f3aa	0x0014a360	UNCONDITIONAL_CALL	0
0x0014f3b3	0xStack[0x8]	READ	1
0x0014f3b8	0xStack[0x4]	READ	1
0x0014f3bc	0x001469a0	UNCONDITIONAL_CALL	0
0x0014f3c5	0x0014b86c	UNCONDITIONAL_CALL	0
0x0014f3d3	0x0014f3f8	CONDITIONAL_JUMP	0
0x0014f3e4	0xStack[0x8]	READ	1
0x0014f3e8	0xStack[0x4]	READ	1
0x0014f3ec	0x00146284	UNCONDITIONAL_CALL	0
0x0014f3f6	0x0014f427	UNCONDITIONAL_JUMP	0
0x0014f401	0x00100000	DATA	1
0x0014f40b	0x0014f415	CONDITIONAL_JUMP	0
0x0014f425	0x0014f43c	CONDITIONAL_JUMP	0
0x0014f427	0xStack[-0x8]	READ	1
0x0014f430	0x0014f7f4	CONDITIONAL_JUMP	0
0x0014f436	0x0014f7ac	UNCONDITIONAL_JUMP	0
0x0014f43c	0xStack[-0x8]	READ	1
0x0014f445	0x0014f450	CONDITIONAL_JUMP	0
0x0014f44b	0x0014f7ec	UNCONDITIONAL_JUMP	0
0x0014f45a	0xStack[0x18]	READ	1
0x0014f45f	0x0014f7df	UNCONDITIONAL_JUMP	0
0x0014f464	0xStack[-0xc]	WRITE	0
0x0014f46b	0xStack[-0x8]	READ	1
0x0014f46e	0x00100000	DATA	1
0x0014f474	0x0014f7b4	CONDITIONAL_JUMP	0
0x0014f480	0x0014f7ec	CONDITIONAL_JUMP	0
0x0014f490	0x0014f48e	CONDITIONAL_JUMP	0
0x0014f49e	0x0014f48c	CONDITIONAL_JUMP	0
0x0014f4a4	0x0014f568	CONDITIONAL_JUMP	0
0x0014f4b6	0x0014f4e8	CONDITIONAL_JUMP	0
0x0014f4b8	0x00200000	DATA	1
0x0014f4be	0x0014f4d6	CONDITIONAL_JUMP	0
0x0014f4c6	0xStack[0x8]	READ	1
0x0014f4ca	0xStack[0x4]	READ	1
0x0014f4ce	0x0014a360	UNCONDITIONAL_CALL	0
0x0014f4d7	0xStack[0x8]	READ	1
0x0014f4dc	0xStack[0x4]	READ	1
0x0014f4e0	0x001469a0	UNCONDITIONAL_CALL	0
0x0014f4e9	0x0014b86c	UNCONDITIONAL_CALL	0
0x0014f4f7	0x0014f520	CONDITIONAL_JUMP	0
0x0014f508	0xStack[0x8]	READ	1
0x0014f50c	0xStack[0x4]	READ	1
0x0014f510	0x00146284	UNCONDITIONAL_CALL	0
0x0014f51d	0x0014f54b	UNCONDITIONAL_JUMP	0
0x0014f529	0x00100000	DATA	1
0x0014f533	0x0014f53d	CONDITIONAL_JUMP	0
0x0014f54d	0x0014f568	CONDITIONAL_JUMP	0
0x0014f54f	0xStack[-0x8]	READ	1
0x0014f558	0x0014f7f4	CONDITIONAL_JUMP	0
0x0014f560	0xStack[-0x8]	WRITE	0
0x0014f563	0x0014f7b4	UNCONDITIONAL_JUMP	0
0x0014f568	0xStack[-0x8]	READ	1
0x0014f571	0x0014f73f	CONDITIONAL_JUMP	0
0x0014f577	0xStack[-0x8]	READ	0
0x0014f57c	0x0014f614	CONDITIONAL_JUMP	0
0x0014f582	0xStack[-0x8]	READ	1
0x0014f58b	0x0014f594	CONDITIONAL_JUMP	0
0x0014f590	0x0014f604	UNCONDITIONAL_JUMP	0
0x0014f599	0x0014f5cc	CONDITIONAL_JUMP	0
0x0014f59c	0xStack[0x8]	READ	1
0x0014f5a1	0x0014c650	UNCONDITIONAL_CALL	0
0x0014f5b4	0x0014f5c4	CONDITIONAL_JUMP	0
0x0014f5b6	0xStack[0x4]	READ	1
0x0014f5ba	0x001506d8	UNCONDITIONAL_CALL	0
0x0014f5c4	0xStack[-0xc]	WRITE	0
0x0014f5c7	0x0014f5d3	UNCONDITIONAL_JUMP	0
0x0014f5cc	0xStack[-0xc]	WRITE	0
0x0014f5d4	0xStack[0x8]	READ	1
0x0014f5d9	0xStack[0x4]	READ	1
0x0014f5dd	0x001469a0	UNCONDITIONAL_CALL	0
0x0014f5e5	0xStack[-0x8]	READ	1
0x0014f5e8	0x00200000	DATA	1
0x0014f5ee	0x0014f5fd	CONDITIONAL_JUMP	0
0x0014f5f0	0xStack[0x8]	READ	1
0x0014f5f4	0xStack[0x4]	READ	1
0x0014f5f8	0x0014a360	UNCONDITIONAL_CALL	0
0x0014f604	0xStack[-0x8]	READ	1
0x0014f60f	0x0014f620	UNCONDITIONAL_JUMP	0
0x0014f61a	0xStack[-0x8]	READ	1
0x0014f624	0xStack[0x18]	READ	1
0x0014f629	0xStack[-0xc]	READ	1
0x0014f62c	0xStack[0x1c]	READ	1
0x0014f631	0x0014f7e8	UNCONDITIONAL_JUMP	0
0x0014f638	0xStack[-0x8]	READ	1
0x0014f63b	0x00100000	DATA	1
0x0014f641	0x0014f7b4	CONDITIONAL_JUMP	0
0x0014f64d	0x0014f7ec	CONDITIONAL_JUMP	0
0x0014f65c	0x0014f65a	CONDITIONAL_JUMP	0
0x0014f66a	0x0014f658	CONDITIONAL_JUMP	0
0x0014f670	0x0014f734	CONDITIONAL_JUMP	0
0x0014f682	0x0014f6b4	CONDITIONAL_JUMP	0
0x0014f684	0x00200000	DATA	1
0x0014f68a	0x0014f6a2	CONDITIONAL_JUMP	0
0x0014f692	0xStack[0x8]	READ	1
0x0014f696	0xStack[0x4]	READ	1
0x0014f69a	0x0014a360	UNCONDITIONAL_CALL	0
0x0014f6a3	0xStack[0x8]	READ	1
0x0014f6a8	0xStack[0x4]	READ	1
0x0014f6ac	0x001469a0	UNCONDITIONAL_CALL	0
0x0014f6b5	0x0014b86c	UNCONDITIONAL_CALL	0
0x0014f6c3	0x0014f6ec	CONDITIONAL_JUMP	0
0x0014f6d4	0xStack[0x8]	READ	1
0x0014f6d8	0xStack[0x4]	READ	1
0x0014f6dc	0x00146284	UNCONDITIONAL_CALL	0
0x0014f6e9	0x0014f717	UNCONDITIONAL_JUMP	0
0x0014f6f5	0x00100000	DATA	1
0x0014f6ff	0x0014f709	CONDITIONAL_JUMP	0
0x0014f719	0x0014f734	CONDITIONAL_JUMP	0
0x0014f71b	0xStack[-0x8]	READ	1
0x0014f724	0x0014f7f4	CONDITIONAL_JUMP	0
0x0014f72c	0xStack[-0x8]	WRITE	0
0x0014f72f	0x0014f7b4	UNCONDITIONAL_JUMP	0
0x0014f734	0xStack[-0x8]	READ	1
0x0014f73d	0x0014f748	CONDITIONAL_JUMP	0
0x0014f743	0x0014f7ec	UNCONDITIONAL_JUMP	0
0x0014f74d	0x0014f77c	CONDITIONAL_JUMP	0
0x0014f750	0xStack[0x8]	READ	1
0x0014f755	0x0014c650	UNCONDITIONAL_CALL	0
0x0014f768	0x0014f775	CONDITIONAL_JUMP	0
0x0014f76a	0xStack[0x4]	READ	1
0x0014f76e	0x001506d8	UNCONDITIONAL_CALL	0
0x0014f777	0x0014f77e	UNCONDITIONAL_JUMP	0
0x0014f789	0xStack[-0x8]	READ	1
0x0014f794	0xStack[0x18]	READ	1
0x0014f799	0xStack[0x1c]	READ	1
0x0014f79e	0x0014f7e8	UNCONDITIONAL_JUMP	0
0x0014f7a0	0x001de9de	DATA	0
0x0014f7a5	0x0010ca6c	UNCONDITIONAL_CALL	0
0x0014f7ac	0xStack[0x14]	READ	0
0x0014f7b0	0x0014f7ec	CONDITIONAL_JUMP	0
0x0014f7b2	0x0014f7d6	UNCONDITIONAL_JUMP	0
0x0014f7b4	0xStack[0x14]	READ	0
0x0014f7b8	0x0014f7ec	CONDITIONAL_JUMP	0
0x0014f7ba	0xStack[-0x8]	READ	0
0x0014f7bf	0x0014f7d0	CONDITIONAL_JUMP	0
0x0014f7c1	0xStack[-0x8]	READ	1
0x0014f7cc	0x0014f7d6	UNCONDITIONAL_JUMP	0
0x0014f7d0	0xStack[-0x8]	READ	1
0x0014f7d6	0xStack[0x18]	READ	1
0x0014f7df	0xStack[0x1c]	READ	1
0x0014f7ea	0x0014f7f9	UNCONDITIONAL_JUMP	0
0x0014f7f1	0x0014f7f9	UNCONDITIONAL_JUMP	0
0x0014f7f9	0xStack[-0x18]	DATA	0
0x0014f80a	0xStack[0xc]	READ	1
0x0014f80d	0xStack[0x10]	READ	1
0x0014f810	0xStack[0x14]	READ	1
0x0014f815	0xStack[0x18]	READ	0
0x0014f819	0x0014f82c	CONDITIONAL_JUMP	0
0x0014f820	0x00100002	DATA	1
0x0014f827	0x0014f922	UNCONDITIONAL_JUMP	0
0x0014f82e	0x001f0000	DATA	1
0x0014f834	0x0014f848	CONDITIONAL_JUMP	0
0x0014f83b	0x00100001	DATA	1
0x0014f842	0x0014f922	UNCONDITIONAL_JUMP	0
0x0014f848	0x00100000	DATA	1
0x0014f84e	0x0014f864	CONDITIONAL_JUMP	0
0x0014f853	0x0014f922	CONDITIONAL_JUMP	0
0x0014f85c	0x0014f922	UNCONDITIONAL_JUMP	0
0x0014f867	0x0014f86c	CONDITIONAL_JUMP	0
0x0014f870	0x0014f86e	CONDITIONAL_JUMP	0
0x0014f87e	0x0014f86c	CONDITIONAL_JUMP	0
0x0014f884	0x0014f922	CONDITIONAL_JUMP	0
0x0014f896	0x0014f8c8	CONDITIONAL_JUMP	0
0x0014f898	0x00200000	DATA	1
0x0014f89e	0x0014f8b6	CONDITIONAL_JUMP	0
0x0014f8a6	0xStack[0x8]	READ	1
0x0014f8aa	0xStack[0x4]	READ	1
0x0014f8ae	0x0014a360	UNCONDITIONAL_CALL	0
0x0014f8b7	0xStack[0x8]	READ	1
0x0014f8bc	0xStack[0x4]	READ	1
0x0014f8c0	0x001469a0	UNCONDITIONAL_CALL	0
0x0014f8c9	0x0014b86c	UNCONDITIONAL_CALL	0
0x0014f8d7	0x0014f8fc	CONDITIONAL_JUMP	0
0x0014f8e8	0xStack[0x8]	READ	1
0x0014f8ec	0xStack[0x4]	READ	1
0x0014f8f0	0x00146284	UNCONDITIONAL_CALL	0
0x0014f8f8	0x0014f922	UNCONDITIONAL_JUMP	0
0x0014f905	0x00100000	DATA	1
0x0014f90f	0x0014f919	CONDITIONAL_JUMP	0
0x0014f925	0x0014f92d	CONDITIONAL_JUMP	0
0x0014f928	0x0014b86c	UNCONDITIONAL_CALL	0
0x0014f92d	0xStack[-0x10]	DATA	0
0x0014f941	0xStack[0xc]	READ	1
0x0014f946	0xStack[-0x8]	WRITE	0
0x0014f949	0xStack[-0x10]	WRITE	0
0x0014f956	0x0014fb14	CONDITIONAL_JUMP	0
0x0014f95f	0xStack[-0xc]	WRITE	0
0x0014f965	0x0014fb14	CONDITIONAL_JUMP	0
0x0014f974	0x0014f972	CONDITIONAL_JUMP	0
0x0014f982	0x0014f970	CONDITIONAL_JUMP	0
0x0014f988	0x0014fa48	CONDITIONAL_JUMP	0
0x0014f99a	0x0014f9cc	CONDITIONAL_JUMP	0
0x0014f99c	0x00200000	DATA	1
0x0014f9a2	0x0014f9ba	CONDITIONAL_JUMP	0
0x0014f9aa	0xStack[0x8]	READ	1
0x0014f9ae	0xStack[0x4]	READ	1
0x0014f9b2	0x0014a360	UNCONDITIONAL_CALL	0
0x0014f9bb	0xStack[0x8]	READ	1
0x0014f9c0	0xStack[0x4]	READ	1
0x0014f9c4	0x001469a0	UNCONDITIONAL_CALL	0
0x0014f9cd	0x0014b86c	UNCONDITIONAL_CALL	0
0x0014f9db	0x0014fa04	CONDITIONAL_JUMP	0
0x0014f9ec	0xStack[0x8]	READ	1
0x0014f9f0	0xStack[0x4]	READ	1
0x0014f9f4	0x00146284	UNCONDITIONAL_CALL	0
0x0014fa01	0x0014fa2f	UNCONDITIONAL_JUMP	0
0x0014fa0d	0x00100000	DATA	1
0x0014fa17	0x0014fa21	CONDITIONAL_JUMP	0
0x0014fa31	0x0014fa48	CONDITIONAL_JUMP	0
0x0014fa33	0xStack[-0x8]	READ	1
0x0014fa3c	0x0014fb1c	CONDITIONAL_JUMP	0
0x0014fa42	0x0014fb14	UNCONDITIONAL_JUMP	0
0x0014fa48	0xStack[-0xc]	READ	0
0x0014fa4c	0x0014faec	CONDITIONAL_JUMP	0
0x0014fa52	0xStack[-0x8]	READ	1
0x0014fa5b	0x0014fa68	CONDITIONAL_JUMP	0
0x0014fa64	0x0014fade	UNCONDITIONAL_JUMP	0
0x0014fa6d	0x0014faa0	CONDITIONAL_JUMP	0
0x0014fa70	0xStack[0x8]	READ	1
0x0014fa75	0x0014c650	UNCONDITIONAL_CALL	0
0x0014fa88	0x0014fa98	CONDITIONAL_JUMP	0
0x0014fa8a	0xStack[0x4]	READ	1
0x0014fa8e	0x001506d8	UNCONDITIONAL_CALL	0
0x0014fa98	0xStack[-0x10]	WRITE	0
0x0014fa9b	0x0014faa7	UNCONDITIONAL_JUMP	0
0x0014faa0	0xStack[-0x10]	WRITE	0
0x0014faa8	0xStack[0x8]	READ	1
0x0014faad	0xStack[0x4]	READ	1
0x0014fab1	0x001469a0	UNCONDITIONAL_CALL	0
0x0014fab9	0xStack[-0x8]	READ	1
0x0014fabc	0x00200000	DATA	1
0x0014fac2	0x0014fad1	CONDITIONAL_JUMP	0
0x0014fac4	0xStack[0x8]	READ	1
0x0014fac8	0xStack[0x4]	READ	1
0x0014facc	0x0014a360	UNCONDITIONAL_CALL	0
0x0014fade	0xStack[-0x8]	READ	1
0x0014fae9	0x0014fafc	UNCONDITIONAL_JUMP	0
0x0014faf4	0xStack[-0x8]	READ	1
0x0014fb00	0xStack[0x10]	READ	1
0x0014fb05	0xStack[-0x10]	READ	1
0x0014fb08	0xStack[0x14]	READ	1
0x0014fb0f	0x0014fb21	UNCONDITIONAL_JUMP	0
0x0014fb19	0x0014fb21	UNCONDITIONAL_JUMP	0
0x0014fb21	0xStack[-0x1c]	DATA	0
0x0014fb35	0xStack[0x8]	READ	1
0x0014fb38	0xStack[0xc]	READ	1
0x0014fb3b	0xStack[0x10]	READ	1
0x0014fb3e	0xStack[0x18]	READ	1
0x0014fb46	0x0014fb74	CONDITIONAL_JUMP	0
0x0014fb48	0x0014fb58	CONDITIONAL_JUMP	0
0x0014fb4d	0x0014fbe0	CONDITIONAL_JUMP	0
0x0014fb53	0x0014fc2c	UNCONDITIONAL_JUMP	0
0x0014fb5b	0x0014fc2c	CONDITIONAL_JUMP	0
0x0014fb6d	0x0014fc36	UNCONDITIONAL_JUMP	0
0x0014fb7a	0x0014fbb0	CONDITIONAL_JUMP	0
0x0014fb81	0x0014fba8	CONDITIONAL_JUMP	0
0x0014fb83	0xStack[0x14]	READ	0
0x0014fb87	0x0014fb98	CONDITIONAL_JUMP	0
0x0014fb93	0x0014fc36	UNCONDITIONAL_JUMP	0
0x0014fba1	0x0014fc38	UNCONDITIONAL_JUMP	0
0x0014fbab	0x0014fbb8	UNCONDITIONAL_JUMP	0
0x0014fbb6	0x0014fbc4	CONDITIONAL_JUMP	0
0x0014fbbf	0x0014fbd4	UNCONDITIONAL_JUMP	0
0x0014fbcb	0xStack[0x4]	READ	1
0x0014fbcf	0x00146958	UNCONDITIONAL_CALL	0
0x0014fbde	0x0014fc36	UNCONDITIONAL_JUMP	0
0x0014fbe3	0xStack[-0x8]	WRITE	0
0x0014fbe9	0xStack[0x4]	READ	1
0x0014fbf5	0x0014fc0c	CONDITIONAL_JUMP	0
0x0014fc02	0x001469a0	UNCONDITIONAL_CALL	0
0x0014fc0a	0x0014fc10	UNCONDITIONAL_JUMP	0
0x0014fc18	0xStack[-0x8]	READ	0
0x0014fc1c	0x0014fc36	CONDITIONAL_JUMP	0
0x0014fc1e	0xStack[-0x8]	READ	1
0x0014fc22	0x0014b86c	UNCONDITIONAL_CALL	0
0x0014fc27	0x0014fc36	UNCONDITIONAL_JUMP	0
0x0014fc2c	0x001de9ff	DATA	0
0x0014fc31	0x0010ca6c	UNCONDITIONAL_CALL	0
0x0014fc38	0xStack[-0x14]	DATA	0
0x0014fc4d	0xStack[0xc]	READ	1
0x0014fc52	0xStack[-0x8]	WRITE	0
0x0014fc58	0xStack[-0xc]	WRITE	0
0x0014fc5e	0xStack[-0x10]	WRITE	0
0x0014fc63	0x0014fd9e	CONDITIONAL_JUMP	0
0x0014fc69	0xStack[-0x10]	READ	1
0x0014fc70	0x0014fc6e	CONDITIONAL_JUMP	0
0x0014fc7e	0x0014fc6c	CONDITIONAL_JUMP	0
0x0014fc84	0x0014fd80	CONDITIONAL_JUMP	0
0x0014fc90	0xStack[-0x14]	WRITE	0
0x0014fc99	0x0014fcce	CONDITIONAL_JUMP	0
0x0014fc9b	0x00200000	DATA	1
0x0014fca1	0x0014fcbc	CONDITIONAL_JUMP	0
0x0014fca9	0xStack[-0x14]	WRITE	0
0x0014fcac	0xStack[0x8]	READ	1
0x0014fcb0	0xStack[0x4]	READ	1
0x0014fcb4	0x0014a360	UNCONDITIONAL_CALL	0
0x0014fcbd	0xStack[0x8]	READ	1
0x0014fcc2	0xStack[0x4]	READ	1
0x0014fcc6	0x001469a0	UNCONDITIONAL_CALL	0
0x0014fccf	0x0014b86c	UNCONDITIONAL_CALL	0
0x0014fcd7	0xStack[-0x14]	READ	1
0x0014fce0	0x0014fd08	CONDITIONAL_JUMP	0
0x0014fcf1	0xStack[0x8]	READ	1
0x0014fcf5	0xStack[0x4]	READ	1
0x0014fcf9	0x00146284	UNCONDITIONAL_CALL	0
0x0014fd06	0x0014fd39	UNCONDITIONAL_JUMP	0
0x0014fd08	0xStack[-0x14]	READ	1
0x0014fd10	0x00100000	DATA	1
0x0014fd15	0xStack[-0x14]	WRITE	0
0x0014fd1c	0x0014fd28	CONDITIONAL_JUMP	0
0x0014fd25	0xStack[-0x14]	READ_WRITE	0
0x0014fd28	0xStack[-0x14]	READ	1
0x0014fd3b	0x0014fd80	CONDITIONAL_JUMP	0
0x0014fd3d	0xStack[-0x8]	READ	1
0x0014fd46	0x0014fd68	CONDITIONAL_JUMP	0
0x0014fd48	0xStack[0x14]	READ	1
0x0014fd4c	0xStack[0x10]	READ	1
0x0014fd50	0xStack[0x4]	READ	1
0x0014fd54	0x00146284	UNCONDITIONAL_CALL	0
0x0014fd63	0x0014fec1	UNCONDITIONAL_JUMP	0
0x0014fd6a	0xStack[-0x8]	WRITE	0
0x0014fd6d	0xStack[-0xc]	WRITE	0
0x0014fd74	0xStack[-0x10]	WRITE	0
0x0014fd7b	0x0014fd9e	UNCONDITIONAL_JUMP	0
0x0014fd80	0xStack[-0xc]	READ	1
0x0014fd8d	0xStack[0x10]	READ	1
0x0014fd9e	0xStack[-0x8]	READ	1
0x0014fda1	0x00200000	DATA	1
0x0014fda7	0x0014fdbd	CONDITIONAL_JUMP	0
0x0014fda9	0xStack[0x10]	READ	1
0x0014fdad	0xStack[0x8]	READ	1
0x0014fdb1	0xStack[0x4]	READ	1
0x0014fdb5	0x0014a3dc	UNCONDITIONAL_CALL	0
0x0014fdbd	0xStack[-0x8]	READ	1
0x0014fdc5	0xStack[0x14]	READ	1
0x0014fdca	0xStack[-0xc]	READ	1
0x0014fdd0	0xStack[-0x10]	READ	1
0x0014fdd6	0xStack[-0x8]	READ	1
0x0014fdd9	0x001f0000	DATA	1
0x0014fde3	0x0014fe54	CONDITIONAL_JUMP	0
0x0014fde5	0x0014fdfc	CONDITIONAL_JUMP	0
0x0014fdec	0x0014fe28	CONDITIONAL_JUMP	0
0x0014fdf3	0x0014fe54	CONDITIONAL_JUMP	0
0x0014fdf5	0x0014fe98	UNCONDITIONAL_JUMP	0
0x0014fe01	0x0014fe74	CONDITIONAL_JUMP	0
0x0014fe03	0x0014fe18	CONDITIONAL_JUMP	0
0x0014fe0a	0x0014fea5	CONDITIONAL_JUMP	0
0x0014fe10	0x0014fe98	UNCONDITIONAL_JUMP	0
0x0014fe18	0x00100000	DATA	1
0x0014fe1d	0x0014fea5	CONDITIONAL_JUMP	0
0x0014fe23	0x0014fe98	UNCONDITIONAL_JUMP	0
0x0014fe29	0xStack[0x8]	READ	1
0x0014fe2d	0xStack[-0x10]	READ	1
0x0014fe31	0xStack[0x4]	READ	1
0x0014fe35	0x001469a0	UNCONDITIONAL_CALL	0
0x0014fe3a	0xStack[0x14]	READ	1
0x0014fe3e	0xStack[0x10]	READ	1
0x0014fe42	0xStack[-0x10]	READ	1
0x0014fe46	0xStack[0x4]	READ	1
0x0014fe4a	0x00146958	UNCONDITIONAL_CALL	0
0x0014fe52	0x0014fea5	UNCONDITIONAL_JUMP	0
0x0014fe54	0xStack[-0x10]	READ	1
0x0014fe5c	0x0014fe5a	CONDITIONAL_JUMP	0
0x0014fe6a	0x0014fe58	CONDITIONAL_JUMP	0
0x0014fe6c	0xStack[0x10]	READ	1
0x0014fe72	0x0014fe92	UNCONDITIONAL_JUMP	0
0x0014fe74	0xStack[-0x10]	READ	1
0x0014fe7c	0x0014fe7a	CONDITIONAL_JUMP	0
0x0014fe8a	0x0014fe78	CONDITIONAL_JUMP	0
0x0014fe8c	0xStack[0x10]	READ	1
0x0014fe96	0x0014fea5	UNCONDITIONAL_JUMP	0
0x0014fe98	0x001dea21	DATA	0
0x0014fe9d	0x0010ca6c	UNCONDITIONAL_CALL	0
0x0014fead	0xStack[0x8]	READ	1
0x0014feb1	0xStack[0x4]	READ	1
0x0014feb5	0x00146284	UNCONDITIONAL_CALL	0
0x0014fec1	0xStack[-0x20]	DATA	0
0x0014fed5	0xStack[0xc]	READ	1
0x0014fed8	0xStack[0x10]	READ	1
0x0014fedb	0xStack[0x14]	READ	1
0x0014fee0	0xStack[-0x8]	WRITE	0
0x0014fee6	0x0015017c	CONDITIONAL_JUMP	0
0x0014feef	0x0015032c	CONDITIONAL_JUMP	0
0x0014fef7	0x00150078	CONDITIONAL_JUMP	0
0x0014feff	0x001f0000	DATA	1
0x0014ff09	0x0015033c	CONDITIONAL_JUMP	0
0x0014ff18	0x0014ff16	CONDITIONAL_JUMP	0
0x0014ff26	0x0014ff14	CONDITIONAL_JUMP	0
0x0014ff2c	0x0014ffdb	CONDITIONAL_JUMP	0
0x0014ff3e	0x0014ff70	CONDITIONAL_JUMP	0
0x0014ff40	0x00200000	DATA	1
0x0014ff46	0x0014ff5e	CONDITIONAL_JUMP	0
0x0014ff4e	0xStack[0x8]	READ	1
0x0014ff52	0xStack[0x4]	READ	1
0x0014ff56	0x0014a360	UNCONDITIONAL_CALL	0
0x0014ff5f	0xStack[0x8]	READ	1
0x0014ff64	0xStack[0x4]	READ	1
0x0014ff68	0x001469a0	UNCONDITIONAL_CALL	0
0x0014ff71	0x0014b86c	UNCONDITIONAL_CALL	0
0x0014ff7f	0x0014ffa8	CONDITIONAL_JUMP	0
0x0014ff90	0xStack[0x8]	READ	1
0x0014ff94	0xStack[0x4]	READ	1
0x0014ff98	0x00146284	UNCONDITIONAL_CALL	0
0x0014ffa5	0x0014ffd3	UNCONDITIONAL_JUMP	0
0x0014ffb1	0x00100000	DATA	1
0x0014ffbb	0x0014ffc5	CONDITIONAL_JUMP	0
0x0014ffd5	0x00150147	CONDITIONAL_JUMP	0
0x0014ffe0	0x00150010	CONDITIONAL_JUMP	0
0x0014ffe3	0xStack[0x8]	READ	1
0x0014ffe8	0x0014c650	UNCONDITIONAL_CALL	0
0x0014fffb	0x0015000b	CONDITIONAL_JUMP	0
0x0014fffd	0xStack[0x4]	READ	1
0x00150001	0x001506d8	UNCONDITIONAL_CALL	0
0x0015000d	0x00150012	UNCONDITIONAL_JUMP	0
0x00150016	0xStack[-0x8]	READ	1
0x00150019	0x00200000	DATA	1
0x0015001f	0x00150031	CONDITIONAL_JUMP	0
0x00150021	0xStack[0x8]	READ	1
0x00150025	0xStack[0x4]	READ	1
0x00150029	0x0014a360	UNCONDITIONAL_CALL	0
0x00150032	0xStack[0x8]	READ	1
0x00150037	0xStack[0x4]	READ	1
0x0015003b	0x001469a0	UNCONDITIONAL_CALL	0
0x00150048	0xStack[0x8]	READ	1
0x0015004c	0xStack[0x4]	READ	1
0x00150050	0x00146284	UNCONDITIONAL_CALL	0
0x0015005a	0xStack[0x4]	READ	1
0x00150062	0x0015006e	CONDITIONAL_JUMP	0
0x00150064	0xStack[0x8]	READ	1
0x00150069	0x0014b3ec	UNCONDITIONAL_CALL	0
0x0015006e	0xStack[0x18]	READ	1
0x00150073	0x00150336	UNCONDITIONAL_JUMP	0
0x00150078	0xStack[-0x6]	READ	0
0x0015007c	0x0015033c	CONDITIONAL_JUMP	0
0x0015008c	0x0015008a	CONDITIONAL_JUMP	0
0x0015009a	0x00150088	CONDITIONAL_JUMP	0
0x001500a0	0x0015015c	CONDITIONAL_JUMP	0
0x001500b2	0x001500e4	CONDITIONAL_JUMP	0
0x001500b4	0x00200000	DATA	1
0x001500ba	0x001500d2	CONDITIONAL_JUMP	0
0x001500c2	0xStack[0x8]	READ	1
0x001500c6	0xStack[0x4]	READ	1
0x001500ca	0x0014a360	UNCONDITIONAL_CALL	0
0x001500d3	0xStack[0x8]	READ	1
0x001500d8	0xStack[0x4]	READ	1
0x001500dc	0x001469a0	UNCONDITIONAL_CALL	0
0x001500e5	0x0014b86c	UNCONDITIONAL_CALL	0
0x001500f3	0x00150118	CONDITIONAL_JUMP	0
0x00150104	0xStack[0x8]	READ	1
0x00150108	0xStack[0x4]	READ	1
0x0015010c	0x00146284	UNCONDITIONAL_CALL	0
0x00150116	0x00150147	UNCONDITIONAL_JUMP	0
0x00150121	0x00100000	DATA	1
0x0015012b	0x00150135	CONDITIONAL_JUMP	0
0x00150145	0x0015015c	CONDITIONAL_JUMP	0
0x00150147	0xStack[-0x8]	READ	1
0x00150150	0x0015034c	CONDITIONAL_JUMP	0
0x00150156	0x0015033c	UNCONDITIONAL_JUMP	0
0x0015015e	0xStack[0x4]	READ	1
0x00150164	0xStack[-0x8]	READ	1
0x0015016d	0x00150172	CONDITIONAL_JUMP	0
0x00150175	0x0015031c	UNCONDITIONAL_JUMP	0
0x0015017e	0x001502a4	CONDITIONAL_JUMP	0
0x00150184	0xStack[-0xc]	WRITE	0
0x0015018b	0xStack[-0x10]	WRITE	0
0x00150192	0xStack[-0x8]	READ	1
0x0015019b	0x0015033c	CONDITIONAL_JUMP	0
0x001501a8	0x001501a6	CONDITIONAL_JUMP	0
0x001501b6	0x001501a4	CONDITIONAL_JUMP	0
0x001501bd	0x001501ec	CONDITIONAL_JUMP	0
0x001501c0	0xStack[0x8]	READ	1
0x001501c5	0x0014c650	UNCONDITIONAL_CALL	0
0x001501d8	0x001501e8	CONDITIONAL_JUMP	0
0x001501da	0xStack[0x4]	READ	1
0x001501de	0x001506d8	UNCONDITIONAL_CALL	0
0x001501ea	0x001501ee	UNCONDITIONAL_JUMP	0
0x001501ee	0xStack[-0x8]	READ	1
0x001501f1	0x00200000	DATA	1
0x001501f7	0x00150209	CONDITIONAL_JUMP	0
0x001501f9	0xStack[0x8]	READ	1
0x001501fd	0xStack[0x4]	READ	1
0x00150201	0x0014a360	UNCONDITIONAL_CALL	0
0x00150211	0xStack[0x8]	READ	1
0x00150215	0xStack[0x4]	READ	1
0x00150219	0x00146284	UNCONDITIONAL_CALL	0
0x00150223	0xStack[0x4]	READ	1
0x00150229	0xStack[-0x8]	READ	1
0x00150232	0x00150259	CONDITIONAL_JUMP	0
0x00150240	0x00150259	CONDITIONAL_JUMP	0
0x00150245	0xStack[-0xc]	WRITE	0
0x0015024a	0x00150259	CONDITIONAL_JUMP	0
0x00150256	0xStack[-0x10]	WRITE	0
0x0015025a	0x0014c89c	UNCONDITIONAL_CALL	0
0x00150274	0xStack[-0xc]	READ	0
0x00150278	0x0015028a	CONDITIONAL_JUMP	0
0x0015027a	0xStack[-0x10]	READ	1
0x0015027e	0xStack[-0xc]	READ	1
0x00150282	0x0014b55c	UNCONDITIONAL_CALL	0
0x0015028c	0x00150323	CONDITIONAL_JUMP	0
0x00150292	0xStack[0x8]	READ	1
0x00150297	0x0014b3ec	UNCONDITIONAL_CALL	0
0x0015029c	0x00150323	UNCONDITIONAL_JUMP	0
0x001502a4	0xStack[-0x8]	READ	1
0x001502ad	0x0015033c	CONDITIONAL_JUMP	0
0x001502bc	0x001502ba	CONDITIONAL_JUMP	0
0x001502ca	0x001502b8	CONDITIONAL_JUMP	0
0x001502cc	0xStack[-0x8]	READ	1
0x001502d5	0x001502e3	CONDITIONAL_JUMP	0
0x001502e0	0xStack[-0x8]	WRITE	0
0x001502e4	0xStack[0x8]	READ	1
0x001502e9	0xStack[0x4]	READ	1
0x001502ed	0x00146958	UNCONDITIONAL_CALL	0
0x001502f2	0xStack[-0x8]	READ	1
0x00150302	0xStack[0x4]	READ	1
0x00150309	0x0014c89c	UNCONDITIONAL_CALL	0
0x00150323	0xStack[0x18]	READ	1
0x00150328	0x00150336	UNCONDITIONAL_JUMP	0
0x0015032c	0x001dea42	DATA	0
0x00150331	0x0010ca6c	UNCONDITIONAL_CALL	0
0x00150338	0x00150359	UNCONDITIONAL_JUMP	0
0x0015033e	0xStack[0x4]	READ	1
0x00150349	0x00150359	UNCONDITIONAL_JUMP	0
0x0015034e	0xStack[0x4]	READ	1
0x00150359	0xStack[-0x1c]	DATA	0
0x0015036d	0xStack[0xc]	READ	1
0x00150372	0xStack[-0x8]	WRITE	0
0x00150377	0x001f0000	DATA	1
0x00150381	0x001503f0	CONDITIONAL_JUMP	0
0x00150383	0x00150398	CONDITIONAL_JUMP	0
0x0015038a	0x001503f0	CONDITIONAL_JUMP	0
0x00150391	0x001503c8	CONDITIONAL_JUMP	0
0x00150393	0x00150678	UNCONDITIONAL_JUMP	0
0x0015039d	0x00150688	CONDITIONAL_JUMP	0
0x001503a3	0x001503b8	CONDITIONAL_JUMP	0
0x001503aa	0x001504e0	CONDITIONAL_JUMP	0
0x001503b0	0x00150678	UNCONDITIONAL_JUMP	0
0x001503b8	0x00100000	DATA	1
0x001503bd	0x00150678	CONDITIONAL_JUMP	0
0x001503c3	0x00150688	UNCONDITIONAL_JUMP	0
0x001503d0	0x001503ce	CONDITIONAL_JUMP	0
0x001503de	0x001503cc	CONDITIONAL_JUMP	0
0x001503e2	0xStack[0x4]	READ	1
0x001503eb	0x001504c3	UNCONDITIONAL_JUMP	0
0x001503f8	0x001503f6	CONDITIONAL_JUMP	0
0x00150406	0x001503f4	CONDITIONAL_JUMP	0
0x0015040c	0x001504bb	CONDITIONAL_JUMP	0
0x0015041e	0x00150450	CONDITIONAL_JUMP	0
0x00150420	0x00200000	DATA	1
0x00150426	0x0015043e	CONDITIONAL_JUMP	0
0x0015042e	0xStack[0x8]	READ	1
0x00150432	0xStack[0x4]	READ	1
0x00150436	0x0014a360	UNCONDITIONAL_CALL	0
0x0015043f	0xStack[0x8]	READ	1
0x00150444	0xStack[0x4]	READ	1
0x00150448	0x001469a0	UNCONDITIONAL_CALL	0
0x00150451	0x0014b86c	UNCONDITIONAL_CALL	0
0x0015045f	0x00150488	CONDITIONAL_JUMP	0
0x00150470	0xStack[0x8]	READ	1
0x00150474	0xStack[0x4]	READ	1
0x00150478	0x00146284	UNCONDITIONAL_CALL	0
0x00150482	0x001505bb	UNCONDITIONAL_JUMP	0
0x00150491	0x00100000	DATA	1
0x0015049b	0x001504a5	CONDITIONAL_JUMP	0
0x001504b5	0x001505bb	CONDITIONAL_JUMP	0
0x001504bd	0xStack[0x4]	READ	1
0x001504cd	0xStack[0x10]	READ	1
0x001504d2	0xStack[0x14]	READ	1
0x001504db	0x00150682	UNCONDITIONAL_JUMP	0
0x001504e3	0xStack[-0xc]	WRITE	0
0x001504e8	0xStack[-0xc]	READ	1
0x001504ef	0x001504ed	CONDITIONAL_JUMP	0
0x001504f6	0xStack[-0xc]	READ	1
0x00150500	0x001504e8	CONDITIONAL_JUMP	0
0x00150506	0x001505d0	CONDITIONAL_JUMP	0
0x0015050e	0xStack[-0xc]	READ	1
0x0015051b	0x00150550	CONDITIONAL_JUMP	0
0x0015051d	0x00200000	DATA	1
0x00150523	0x0015053b	CONDITIONAL_JUMP	0
0x0015052b	0xStack[0x8]	READ	1
0x0015052f	0xStack[0x4]	READ	1
0x00150533	0x0014a360	UNCONDITIONAL_CALL	0
0x0015053c	0xStack[0x8]	READ	1
0x00150540	0xStack[-0xc]	READ	1
0x00150544	0xStack[0x4]	READ	1
0x00150548	0x001469a0	UNCONDITIONAL_CALL	0
0x00150550	0xStack[-0xc]	READ	1
0x00150554	0x0014b86c	UNCONDITIONAL_CALL	0
0x00150562	0x0015058c	CONDITIONAL_JUMP	0
0x00150573	0xStack[0x8]	READ	1
0x00150577	0xStack[0x4]	READ	1
0x0015057b	0x00146284	UNCONDITIONAL_CALL	0
0x00150588	0x001505b7	UNCONDITIONAL_JUMP	0
0x00150595	0x00100000	DATA	1
0x0015059f	0x001505a9	CONDITIONAL_JUMP	0
0x001505b9	0x001505d0	CONDITIONAL_JUMP	0
0x001505bb	0xStack[-0x8]	READ	1
0x001505c4	0x00150698	CONDITIONAL_JUMP	0
0x001505ca	0x00150688	UNCONDITIONAL_JUMP	0
0x001505d5	0x00150608	CONDITIONAL_JUMP	0
0x001505d8	0xStack[0x8]	READ	1
0x001505dc	0xStack[-0xc]	READ	1
0x001505e0	0x0014c650	UNCONDITIONAL_CALL	0
0x001505f3	0x00150603	CONDITIONAL_JUMP	0
0x001505f5	0xStack[0x4]	READ	1
0x001505f9	0x001506d8	UNCONDITIONAL_CALL	0
0x00150605	0x0015060a	UNCONDITIONAL_JUMP	0
0x0015060c	0xStack[-0xc]	READ	1
0x00150619	0xStack[0x8]	READ	1
0x0015061d	0xStack[0x4]	READ	1
0x00150621	0x00146284	UNCONDITIONAL_CALL	0
0x00150626	0xStack[0x4]	READ	1
0x0015062d	0x0014cfa4	UNCONDITIONAL_CALL	0
0x00150639	0xStack[0x4]	READ	1
0x00150641	0x00150650	CONDITIONAL_JUMP	0
0x00150643	0xStack[0x8]	READ	1
0x00150648	0x0014b3ec	UNCONDITIONAL_CALL	0
0x00150652	0x00150663	CONDITIONAL_JUMP	0
0x00150657	0x00150663	CONDITIONAL_JUMP	0
0x00150659	0xStack[0x8]	READ	1
0x0015065e	0x0014b6bc	UNCONDITIONAL_CALL	0
0x00150663	0xStack[-0xc]	READ	1
0x00150666	0xStack[0x10]	READ	1
0x0015066b	0xStack[0x14]	READ	1
0x00150674	0x00150682	UNCONDITIONAL_JUMP	0
0x00150678	0x001dea6a	DATA	0
0x0015067d	0x0010ca6c	UNCONDITIONAL_CALL	0
0x00150684	0x001506a5	UNCONDITIONAL_JUMP	0
0x0015068a	0xStack[0x4]	READ	1
0x00150695	0x001506a5	UNCONDITIONAL_JUMP	0
0x0015069a	0xStack[0x4]	READ	1
0x001506a5	0xStack[-0x18]	DATA	0
0x001506b3	0xStack[0x4]	READ	1
0x001506bc	0x001506ba	CONDITIONAL_JUMP	0
0x001506ca	0x001506b8	CONDITIONAL_JUMP	0
0x001506dc	0xStack[0x4]	READ	1
0x001506e4	0x001506e2	CONDITIONAL_JUMP	0
0x001506f2	0x001506e0	CONDITIONAL_JUMP	0
0x00150704	0x00150713	CONDITIONAL_JUMP	0
0x00150707	0x001f6254	READ	1
0x0015070e	0x0016b84c	UNCONDITIONAL_CALL	0
0x00150713	0xStack[-0x8]	READ	1
0x00150722	0x001f6254	READ	1
0x00150729	0x0016b790	UNCONDITIONAL_CALL	0
0x00150735	0x00150744	CONDITIONAL_JUMP	0
0x0015073c	0x0015080f	UNCONDITIONAL_JUMP	0
0x00150744	0xStack[0x4]	READ	1
0x0015074d	0x00151b44	UNCONDITIONAL_CALL	0
0x00150759	0x00150774	CONDITIONAL_JUMP	0
0x0015075c	0x001f6254	READ	1
0x00150763	0x0016b84c	UNCONDITIONAL_CALL	0
0x0015076d	0x0015080f	UNCONDITIONAL_JUMP	0
0x00150774	0xStack[0x4]	READ	1
0x00150780	0x00101600	UNCONDITIONAL_CALL	0
0x0015078c	0x001507a5	CONDITIONAL_JUMP	0
0x001507a3	0x00150790	CONDITIONAL_JUMP	0
0x001507da	0xStack[0x4]	READ	1
0x001507e7	0x00150a08	UNCONDITIONAL_CALL	0
0x00150808	0xStack[0x8]	READ	1
0x0015080f	0xStack[-0x10]	DATA	0
0x00150820	0xStack[0x4]	READ	1
0x00150823	0x001f6254	READ	1
0x0015082a	0x0016b790	UNCONDITIONAL_CALL	0
0x00150831	0x00150854	CONDITIONAL_JUMP	0
0x00150852	0x00150859	UNCONDITIONAL_JUMP	0
0x00150859	0xStack[-0x8]	READ	1
0x00150869	0xStack[0x4]	READ	1
0x00150874	0x00150872	CONDITIONAL_JUMP	0
0x00150882	0x00150870	CONDITIONAL_JUMP	0
0x00150898	0x001509fb	CONDITIONAL_JUMP	0
0x001508a4	0x001508a2	CONDITIONAL_JUMP	0
0x001508b2	0x001508a0	CONDITIONAL_JUMP	0
0x001508b8	0x001508f6	CONDITIONAL_JUMP	0
0x001508c3	0x00162f20	UNCONDITIONAL_CALL	0
0x001508d2	0x00163a18	UNCONDITIONAL_CALL	0
0x001508e0	0x001508de	CONDITIONAL_JUMP	0
0x001508ee	0x001508dc	CONDITIONAL_JUMP	0
0x001508f4	0x001508c0	CONDITIONAL_JUMP	0
0x001508fe	0xStack[-0x8]	WRITE	0
0x00150904	0xStack[-0xc]	WRITE	0
0x0015090b	0x00150942	CONDITIONAL_JUMP	0
0x0015090f	0xStack[-0x8]	READ	1
0x00150916	0x001f0000	DATA	1
0x0015091b	0x00150933	CONDITIONAL_JUMP	0
0x00150925	0xStack[-0x10]	WRITE	0
0x00150928	0x0014df98	UNCONDITIONAL_CALL	0
0x00150930	0xStack[-0x10]	READ	1
0x0015093d	0xStack[-0xc]	READ	0
0x00150940	0x00150914	CONDITIONAL_JUMP	0
0x00150942	0xStack[-0x8]	READ	1
0x00150950	0x00151bb8	UNCONDITIONAL_CALL	0
0x00150959	0x00151618	UNCONDITIONAL_CALL	0
0x00150965	0x001509a7	CONDITIONAL_JUMP	0
0x0015096a	0x001f0000	DATA	1
0x00150977	0x00150988	CONDITIONAL_JUMP	0
0x00150980	0x00146ae8	UNCONDITIONAL_CALL	0
0x0015098b	0x0014df98	UNCONDITIONAL_CALL	0
0x00150999	0x00151670	UNCONDITIONAL_CALL	0
0x001509a5	0x00150968	CONDITIONAL_JUMP	0
0x001509ab	0x00151910	UNCONDITIONAL_CALL	0
0x001509b8	0x001509c8	CONDITIONAL_JUMP	0
0x001509bd	0x001509c8	CONDITIONAL_JUMP	0
0x001509c0	0x0014d050	UNCONDITIONAL_CALL	0
0x001509cc	0x001509ca	CONDITIONAL_JUMP	0
0x001509da	0x001509c8	CONDITIONAL_JUMP	0
0x001509ec	0x001509fb	CONDITIONAL_JUMP	0
0x001509ef	0x001f6254	READ	1
0x001509f6	0x0016b84c	UNCONDITIONAL_CALL	0
0x001509fb	0xStack[-0x1c]	DATA	0
0x00150a0b	0xStack[0x4]	READ	1
0x00150a20	0xStack[0x4]	READ	1
0x00150a23	0xStack[0x8]	READ	1
0x00150a26	0xStack[0xc]	READ	1
0x00150a2e	0x00150a37	CONDITIONAL_JUMP	0
0x00150a41	0xStack[-0x8]	READ	1
0x00150a51	0xStack[0x4]	READ	1
0x00150a57	0xStack[-0x8]	WRITE	0
0x00150a5c	0x00150b9c	CONDITIONAL_JUMP	0
0x00150a62	0xStack[0x8]	READ	1
0x00150a67	0x00150b8a	CONDITIONAL_JUMP	0
0x00150a78	0xStack[-0x8]	READ	1
0x00150a80	0xStack[-0x8]	READ	1
0x00150a89	0xStack[0x4]	READ	1
0x00150a94	0xStack[0x4]	READ	1
0x00150a9a	0xStack[-0x18]	WRITE	0
0x00150a9d	0xStack[0x4]	READ	1
0x00150aa3	0xStack[-0xc]	WRITE	0
0x00150aa6	0xStack[0x4]	READ	1
0x00150aac	0xStack[-0x14]	WRITE	0
0x00150aaf	0xStack[0x4]	READ	1
0x00150ab5	0xStack[-0x10]	WRITE	0
0x00150ab8	0x00150b5d	UNCONDITIONAL_JUMP	0
0x00150ac0	0xStack[0x8]	READ	0
0x00150ac3	0x00150b14	CONDITIONAL_JUMP	0
0x00150aca	0x00150b69	CONDITIONAL_JUMP	0
0x00150ad3	0xStack[0x8]	READ	0
0x00150ad6	0x00150aeb	CONDITIONAL_JUMP	0
0x00150adc	0x00150aeb	CONDITIONAL_JUMP	0
0x00150aeb	0xStack[-0x14]	READ	1
0x00150af3	0xStack[-0x14]	WRITE	0
0x00150af9	0xStack[0x8]	READ	0
0x00150afc	0x00150b5d	CONDITIONAL_JUMP	0
0x00150b02	0x00150b5d	CONDITIONAL_JUMP	0
0x00150b04	0xStack[-0x18]	READ	1
0x00150b0c	0xStack[-0x18]	WRITE	0
0x00150b12	0x00150b5d	UNCONDITIONAL_JUMP	0
0x00150b19	0x00150b69	CONDITIONAL_JUMP	0
0x00150b1e	0xStack[0x8]	READ	0
0x00150b21	0x00150b36	CONDITIONAL_JUMP	0
0x00150b27	0x00150b36	CONDITIONAL_JUMP	0
0x00150b36	0xStack[-0x18]	READ	1
0x00150b3e	0xStack[-0x18]	WRITE	0
0x00150b44	0xStack[0x8]	READ	0
0x00150b47	0x00150b5d	CONDITIONAL_JUMP	0
0x00150b4d	0x00150b5d	CONDITIONAL_JUMP	0
0x00150b4f	0xStack[-0x14]	READ	1
0x00150b57	0xStack[-0x14]	WRITE	0
0x00150b60	0xStack[0x8]	READ	0
0x00150b63	0x00150ac0	CONDITIONAL_JUMP	0
0x00150b69	0xStack[-0x8]	WRITE	0
0x00150b6c	0xStack[-0x18]	READ	1
0x00150b6f	0xStack[-0xc]	READ	1
0x00150b74	0xStack[-0x14]	READ	1
0x00150b77	0xStack[-0x10]	READ	1
0x00150b7c	0xStack[0x8]	READ	1
0x00150b7f	0xStack[0x4]	READ	1
0x00150b84	0xStack[-0x8]	READ	1
0x00150b8a	0xStack[-0x8]	READ	1
0x00150b8d	0xStack[0x8]	READ	1
0x00150b93	0x00150b9c	CONDITIONAL_JUMP	0
0x00150b95	0xStack[-0x8]	WRITE	0
0x00150b9c	0xStack[-0x8]	READ	1
0x00150b9f	0xStack[-0x24]	DATA	0
0x00150bb5	0xStack[0x4]	READ	1
0x00150bbb	0xStack[-0x8]	WRITE	0
0x00150bc0	0x00150bd8	CONDITIONAL_JUMP	0
0x00150bc2	0xStack[0xc]	READ	1
0x00150bd3	0x00150d41	UNCONDITIONAL_JUMP	0
0x00150bd8	0xStack[0x8]	READ	1
0x00150bdb	0xStack[0x4]	READ	1
0x00150be0	0x00150cf4	CONDITIONAL_JUMP	0
0x00150bf1	0xStack[-0x8]	READ	1
0x00150bf9	0xStack[-0x8]	READ	1
0x00150c02	0xStack[0x4]	READ	1
0x00150c0d	0xStack[0x4]	READ	1
0x00150c13	0xStack[-0x18]	WRITE	0
0x00150c16	0xStack[0x4]	READ	1
0x00150c1c	0xStack[-0xc]	WRITE	0
0x00150c1f	0xStack[0x4]	READ	1
0x00150c25	0xStack[-0x14]	WRITE	0
0x00150c28	0xStack[0x4]	READ	1
0x00150c2e	0xStack[-0x10]	WRITE	0
0x00150c31	0x00150cd5	UNCONDITIONAL_JUMP	0
0x00150c38	0xStack[0x8]	READ	0
0x00150c3b	0x00150c8c	CONDITIONAL_JUMP	0
0x00150c42	0x00150ce1	CONDITIONAL_JUMP	0
0x00150c4b	0xStack[0x8]	READ	0
0x00150c4e	0x00150c63	CONDITIONAL_JUMP	0
0x00150c54	0x00150c63	CONDITIONAL_JUMP	0
0x00150c63	0xStack[-0x14]	READ	1
0x00150c6b	0xStack[-0x14]	WRITE	0
0x00150c71	0xStack[0x8]	READ	0
0x00150c74	0x00150cd5	CONDITIONAL_JUMP	0
0x00150c7a	0x00150cd5	CONDITIONAL_JUMP	0
0x00150c7c	0xStack[-0x18]	READ	1
0x00150c84	0xStack[-0x18]	WRITE	0
0x00150c8a	0x00150cd5	UNCONDITIONAL_JUMP	0
0x00150c91	0x00150ce1	CONDITIONAL_JUMP	0
0x00150c96	0xStack[0x8]	READ	0
0x00150c99	0x00150cae	CONDITIONAL_JUMP	0
0x00150c9f	0x00150cae	CONDITIONAL_JUMP	0
0x00150cae	0xStack[-0x18]	READ	1
0x00150cb6	0xStack[-0x18]	WRITE	0
0x00150cbc	0xStack[0x8]	READ	0
0x00150cbf	0x00150cd5	CONDITIONAL_JUMP	0
0x00150cc5	0x00150cd5	CONDITIONAL_JUMP	0
0x00150cc7	0xStack[-0x14]	READ	1
0x00150ccf	0xStack[-0x14]	WRITE	0
0x00150cd8	0xStack[0x8]	READ	0
0x00150cdb	0x00150c38	CONDITIONAL_JUMP	0
0x00150ce1	0xStack[-0x8]	WRITE	0
0x00150ce4	0xStack[-0x18]	READ	1
0x00150ce7	0xStack[-0xc]	READ	1
0x00150cec	0xStack[-0x14]	READ	1
0x00150cef	0xStack[-0x10]	READ	1
0x00150cf4	0xStack[-0x8]	READ	1
0x00150cf7	0xStack[0x8]	READ	1
0x00150cfd	0x00150d18	CONDITIONAL_JUMP	0
0x00150cff	0xStack[0x4]	READ	1
0x00150d0e	0xStack[-0x8]	READ	1
0x00150d13	0x00150d29	UNCONDITIONAL_JUMP	0
0x00150d18	0xStack[0x4]	READ	1
0x00150d29	0xStack[0x4]	READ	1
0x00150d2f	0xStack[0xc]	READ	1
0x00150d35	0xStack[0x4]	READ	1
0x00150d3b	0xStack[0xc]	READ	1
0x00150d41	0xStack[0x8]	READ	1
0x00150d44	0xStack[0xc]	READ	1
0x00150d4a	0xStack[0x4]	READ	1
0x00150d50	0xStack[0x8]	READ	1
0x00150d55	0xStack[0x4]	READ	1
0x00150d5e	0xStack[0x4]	READ	1
0x00150d67	0xStack[-0x24]	DATA	0
0x00150d7d	0xStack[0x4]	READ	1
0x00150d83	0xStack[-0x8]	WRITE	0
0x00150d86	0xStack[0x8]	READ	1
0x00150d8b	0x00150ea0	CONDITIONAL_JUMP	0
0x00150d9c	0xStack[-0x8]	READ	1
0x00150da4	0xStack[-0x8]	READ	1
0x00150dad	0xStack[0x4]	READ	1
0x00150db8	0xStack[0x4]	READ	1
0x00150dbe	0xStack[-0x24]	WRITE	0
0x00150dc1	0xStack[0x4]	READ	1
0x00150dc7	0xStack[-0x10]	WRITE	0
0x00150dca	0xStack[0x4]	READ	1
0x00150dd0	0xStack[-0x20]	WRITE	0
0x00150dd3	0xStack[0x4]	READ	1
0x00150dd9	0xStack[-0x14]	WRITE	0
0x00150ddc	0x00150e81	UNCONDITIONAL_JUMP	0
0x00150de4	0xStack[0x8]	READ	0
0x00150de7	0x00150e38	CONDITIONAL_JUMP	0
0x00150dee	0x00150e8d	CONDITIONAL_JUMP	0
0x00150df7	0xStack[0x8]	READ	0
0x00150dfa	0x00150e0f	CONDITIONAL_JUMP	0
0x00150e00	0x00150e0f	CONDITIONAL_JUMP	0
0x00150e0f	0xStack[-0x20]	READ	1
0x00150e17	0xStack[-0x20]	WRITE	0
0x00150e1d	0xStack[0x8]	READ	0
0x00150e20	0x00150e81	CONDITIONAL_JUMP	0
0x00150e26	0x00150e81	CONDITIONAL_JUMP	0
0x00150e28	0xStack[-0x24]	READ	1
0x00150e30	0xStack[-0x24]	WRITE	0
0x00150e36	0x00150e81	UNCONDITIONAL_JUMP	0
0x00150e3d	0x00150e8d	CONDITIONAL_JUMP	0
0x00150e42	0xStack[0x8]	READ	0
0x00150e45	0x00150e5a	CONDITIONAL_JUMP	0
0x00150e4b	0x00150e5a	CONDITIONAL_JUMP	0
0x00150e5a	0xStack[-0x24]	READ	1
0x00150e62	0xStack[-0x24]	WRITE	0
0x00150e68	0xStack[0x8]	READ	0
0x00150e6b	0x00150e81	CONDITIONAL_JUMP	0
0x00150e71	0x00150e81	CONDITIONAL_JUMP	0
0x00150e73	0xStack[-0x20]	READ	1
0x00150e7b	0xStack[-0x20]	WRITE	0
0x00150e84	0xStack[0x8]	READ	0
0x00150e87	0x00150de4	CONDITIONAL_JUMP	0
0x00150e8d	0xStack[-0x8]	WRITE	0
0x00150e90	0xStack[-0x24]	READ	1
0x00150e93	0xStack[-0x10]	READ	1
0x00150e98	0xStack[-0x20]	READ	1
0x00150e9b	0xStack[-0x14]	READ	1
0x00150ea0	0xStack[0x4]	READ	1
0x00150ea6	0xStack[-0x8]	READ	1
0x00150eb1	0xStack[-0x8]	READ	1
0x00150eb9	0xStack[-0x8]	READ	1
0x00150ebd	0x001f621c	READ	1
0x00150ec4	0x0016b84c	UNCONDITIONAL_CALL	0
0x00150ec9	0xStack[0x4]	READ	1
0x00150ecf	0xStack[-0x8]	WRITE	0
0x00150ed2	0xStack[0x4]	READ	1
0x00150ed8	0xStack[-0xc]	WRITE	0
0x00150edb	0xStack[-0x8]	READ	1
0x00150ee0	0x00150eec	CONDITIONAL_JUMP	0
0x00150ee2	0xStack[-0x8]	WRITE	0
0x00150ee5	0x0015102d	UNCONDITIONAL_JUMP	0
0x00150eec	0xStack[-0xc]	READ	0
0x00150ef0	0x0015102d	CONDITIONAL_JUMP	0
0x00150ef8	0xStack[0x4]	READ	1
0x00150efe	0xStack[-0x24]	WRITE	0
0x00150f01	0xStack[0x4]	READ	1
0x00150f07	0xStack[-0x18]	WRITE	0
0x00150f0a	0xStack[0x4]	READ	1
0x00150f10	0xStack[-0x20]	WRITE	0
0x00150f13	0xStack[0x4]	READ	1
0x00150f19	0xStack[-0x1c]	WRITE	0
0x00150f26	0x00150fe9	CONDITIONAL_JUMP	0
0x00150f33	0x00150f88	CONDITIONAL_JUMP	0
0x00150f3a	0x00150fe9	CONDITIONAL_JUMP	0
0x00150f45	0x00150f5a	CONDITIONAL_JUMP	0
0x00150f4b	0x00150f5a	CONDITIONAL_JUMP	0
0x00150f5a	0xStack[-0x20]	READ	1
0x00150f62	0xStack[-0x20]	WRITE	0
0x00150f6f	0x00150fd9	CONDITIONAL_JUMP	0
0x00150f75	0x00150fd9	CONDITIONAL_JUMP	0
0x00150f77	0xStack[-0x24]	READ	1
0x00150f7f	0xStack[-0x24]	WRITE	0
0x00150f85	0x00150fd9	UNCONDITIONAL_JUMP	0
0x00150f8d	0x00150fe9	CONDITIONAL_JUMP	0
0x00150f99	0x00150fae	CONDITIONAL_JUMP	0
0x00150f9f	0x00150fae	CONDITIONAL_JUMP	0
0x00150fae	0xStack[-0x24]	READ	1
0x00150fb6	0xStack[-0x24]	WRITE	0
0x00150fc3	0x00150fd9	CONDITIONAL_JUMP	0
0x00150fc9	0x00150fd9	CONDITIONAL_JUMP	0
0x00150fcb	0xStack[-0x20]	READ	1
0x00150fd3	0xStack[-0x20]	WRITE	0
0x00150fe3	0x00150f2c	CONDITIONAL_JUMP	0
0x00150fe9	0xStack[-0x8]	WRITE	0
0x00150fec	0xStack[-0x24]	READ	1
0x00150fef	0xStack[-0x18]	READ	1
0x00150ff4	0xStack[-0x20]	READ	1
0x00150ff7	0xStack[-0x1c]	READ	1
0x00150ffc	0xStack[-0x8]	READ	1
0x00150fff	0xStack[0x4]	READ	1
0x00151012	0xStack[0x4]	READ	1
0x0015101b	0xStack[0x4]	READ	1
0x00151024	0xStack[-0x8]	READ	1
0x00151027	0xStack[-0xc]	READ	1
0x0015102d	0xStack[-0x8]	READ	1
0x00151030	0xStack[0x4]	READ	1
0x00151036	0xStack[-0x8]	READ	1
0x0015103b	0x00151054	CONDITIONAL_JUMP	0
0x00151042	0xStack[0x4]	READ	1
0x0015104b	0xStack[0x4]	READ	1
0x00151054	0xStack[-0x30]	DATA	0
0x00151069	0xStack[0xc]	READ	1
0x00151073	0xStack[0x4]	READ	1
0x00151079	0xStack[-0x8]	WRITE	0
0x0015107e	0x00151260	CONDITIONAL_JUMP	0
0x00151084	0xStack[0x8]	READ	1
0x00151089	0x0015119c	CONDITIONAL_JUMP	0
0x0015109a	0xStack[-0x8]	READ	1
0x001510a2	0xStack[-0x8]	READ	1
0x001510ab	0xStack[0x4]	READ	1
0x001510b6	0xStack[0x4]	READ	1
0x001510bc	0xStack[-0x18]	WRITE	0
0x001510bf	0xStack[0x4]	READ	1
0x001510c5	0xStack[-0xc]	WRITE	0
0x001510c8	0xStack[0x4]	READ	1
0x001510ce	0xStack[-0x14]	WRITE	0
0x001510d1	0xStack[0x4]	READ	1
0x001510d7	0xStack[-0x10]	WRITE	0
0x001510da	0x0015117d	UNCONDITIONAL_JUMP	0
0x001510e0	0xStack[0x8]	READ	0
0x001510e3	0x00151134	CONDITIONAL_JUMP	0
0x001510ea	0x00151189	CONDITIONAL_JUMP	0
0x001510f3	0xStack[0x8]	READ	0
0x001510f6	0x0015110b	CONDITIONAL_JUMP	0
0x001510fc	0x0015110b	CONDITIONAL_JUMP	0
0x0015110b	0xStack[-0x14]	READ	1
0x00151113	0xStack[-0x14]	WRITE	0
0x00151119	0xStack[0x8]	READ	0
0x0015111c	0x0015117d	CONDITIONAL_JUMP	0
0x00151122	0x0015117d	CONDITIONAL_JUMP	0
0x00151124	0xStack[-0x18]	READ	1
0x0015112c	0xStack[-0x18]	WRITE	0
0x00151132	0x0015117d	UNCONDITIONAL_JUMP	0
0x00151139	0x00151189	CONDITIONAL_JUMP	0
0x0015113e	0xStack[0x8]	READ	0
0x00151141	0x00151156	CONDITIONAL_JUMP	0
0x00151147	0x00151156	CONDITIONAL_JUMP	0
0x00151156	0xStack[-0x18]	READ	1
0x0015115e	0xStack[-0x18]	WRITE	0
0x00151164	0xStack[0x8]	READ	0
0x00151167	0x0015117d	CONDITIONAL_JUMP	0
0x0015116d	0x0015117d	CONDITIONAL_JUMP	0
0x0015116f	0xStack[-0x14]	READ	1
0x00151177	0xStack[-0x14]	WRITE	0
0x00151180	0xStack[0x8]	READ	0
0x00151183	0x001510e0	CONDITIONAL_JUMP	0
0x00151189	0xStack[-0x8]	WRITE	0
0x0015118c	0xStack[-0x18]	READ	1
0x0015118f	0xStack[-0xc]	READ	1
0x00151194	0xStack[-0x14]	READ	1
0x00151197	0xStack[-0x10]	READ	1
0x0015119c	0xStack[-0x8]	READ	1
0x0015119f	0xStack[0x8]	READ	1
0x001511a5	0x00151210	CONDITIONAL_JUMP	0
0x001511a7	0xStack[0x4]	READ	1
0x001511bb	0xStack[-0x8]	READ	1
0x001511c4	0xStack[0xc]	READ	1
0x001511cf	0xStack[0xc]	READ	1
0x001511d8	0xStack[0xc]	READ	1
0x001511e1	0xStack[0x4]	READ	1
0x001511e7	0xStack[-0x8]	WRITE	0
0x001511ea	0xStack[0x4]	READ	1
0x001511f0	0xStack[-0x8]	READ	1
0x001511f5	0x00151260	CONDITIONAL_JUMP	0
0x001511fc	0xStack[0x4]	READ	1
0x00151205	0xStack[0x4]	READ	1
0x0015120e	0x00151260	UNCONDITIONAL_JUMP	0
0x00151210	0xStack[0x4]	READ	1
0x0015121b	0xStack[-0x8]	READ	1
0x00151228	0xStack[0x8]	READ	1
0x0015122d	0xStack[0x4]	READ	1
0x00151239	0xStack[-0x8]	WRITE	0
0x0015123c	0xStack[0xc]	READ	1
0x00151242	0xStack[-0x8]	READ	1
0x00151247	0x00151260	CONDITIONAL_JUMP	0
0x0015124e	0xStack[0xc]	READ	1
0x00151257	0xStack[0xc]	READ	1
0x00151260	0xStack[-0x24]	DATA	0
0x00151275	0xStack[0x8]	READ	1
0x0015127b	0xStack[-0xc]	WRITE	0
0x00151280	0x0015143f	CONDITIONAL_JUMP	0
0x00151299	0xStack[-0xc]	READ	1
0x001512ac	0xStack[0x4]	READ	1
0x001512b2	0xStack[-0x8]	WRITE	0
0x001512b7	0x001512c4	CONDITIONAL_JUMP	0
0x001512b9	0xStack[-0xc]	READ	1
0x001512bc	0xStack[-0x8]	WRITE	0
0x001512bf	0x0015141c	UNCONDITIONAL_JUMP	0
0x001512c4	0xStack[0x4]	READ	1
0x001512ca	0x001513eb	CONDITIONAL_JUMP	0
0x001512db	0xStack[-0x8]	READ	1
0x001512e3	0xStack[-0x8]	READ	1
0x001512f4	0xStack[0x4]	READ	1
0x001512fa	0xStack[-0x1c]	WRITE	0
0x001512fd	0xStack[0x4]	READ	1
0x00151303	0xStack[-0x10]	WRITE	0
0x00151306	0xStack[0x4]	READ	1
0x0015130c	0xStack[-0x18]	WRITE	0
0x0015130f	0xStack[0x4]	READ	1
0x00151315	0xStack[-0x14]	WRITE	0
0x0015131f	0x001513d8	CONDITIONAL_JUMP	0
0x0015132c	0x00151380	CONDITIONAL_JUMP	0
0x00151333	0x001513d8	CONDITIONAL_JUMP	0
0x0015133e	0x00151353	CONDITIONAL_JUMP	0
0x00151344	0x00151353	CONDITIONAL_JUMP	0
0x00151353	0xStack[-0x18]	READ	1
0x0015135b	0xStack[-0x18]	WRITE	0
0x00151365	0x001513cb	CONDITIONAL_JUMP	0
0x0015136b	0x001513cb	CONDITIONAL_JUMP	0
0x0015136d	0xStack[-0x1c]	READ	1
0x00151375	0xStack[-0x1c]	WRITE	0
0x0015137b	0x001513cb	UNCONDITIONAL_JUMP	0
0x00151385	0x001513d8	CONDITIONAL_JUMP	0
0x0015138e	0x001513a3	CONDITIONAL_JUMP	0
0x00151394	0x001513a3	CONDITIONAL_JUMP	0
0x001513a3	0xStack[-0x1c]	READ	1
0x001513ab	0xStack[-0x1c]	WRITE	0
0x001513b5	0x001513cb	CONDITIONAL_JUMP	0
0x001513bb	0x001513cb	CONDITIONAL_JUMP	0
0x001513bd	0xStack[-0x18]	READ	1
0x001513c5	0xStack[-0x18]	WRITE	0
0x001513d2	0x00151328	CONDITIONAL_JUMP	0
0x001513d8	0xStack[-0x8]	WRITE	0
0x001513db	0xStack[-0x1c]	READ	1
0x001513de	0xStack[-0x10]	READ	1
0x001513e3	0xStack[-0x18]	READ	1
0x001513e6	0xStack[-0x14]	READ	1
0x001513eb	0xStack[-0x8]	READ	1
0x001513ee	0xStack[0x4]	READ	1
0x00151401	0xStack[0x4]	READ	1
0x0015140a	0xStack[0x4]	READ	1
0x00151413	0xStack[-0x8]	READ	1
0x00151416	0xStack[-0xc]	READ	1
0x0015141c	0xStack[-0x8]	READ	1
0x0015141f	0xStack[0x4]	READ	1
0x00151425	0xStack[-0x8]	READ	1
0x0015142d	0xStack[0x4]	READ	1
0x00151436	0xStack[0x4]	READ	1
0x0015143f	0xStack[-0x28]	DATA	0
0x00151455	0xStack[0x4]	READ	1
0x0015145b	0xStack[-0x8]	WRITE	0
0x00151460	0x0015147c	CONDITIONAL_JUMP	0
0x00151462	0xStack[0xc]	READ	1
0x0015146b	0xStack[0x10]	READ	1
0x00151474	0x0015160c	UNCONDITIONAL_JUMP	0
0x0015147c	0xStack[0x8]	READ	1
0x0015147f	0xStack[0x4]	READ	1
0x00151484	0x001515a6	CONDITIONAL_JUMP	0
0x00151495	0xStack[-0x8]	READ	1
0x0015149d	0xStack[-0x8]	READ	1
0x001514a6	0xStack[0x4]	READ	1
0x001514b1	0xStack[0x4]	READ	1
0x001514b7	0xStack[-0x18]	WRITE	0
0x001514ba	0xStack[0x4]	READ	1
0x001514c0	0xStack[-0xc]	WRITE	0
0x001514c3	0xStack[0x4]	READ	1
0x001514c9	0xStack[-0x14]	WRITE	0
0x001514cc	0xStack[0x4]	READ	1
0x001514d2	0xStack[-0x10]	WRITE	0
0x001514d5	0x00151579	UNCONDITIONAL_JUMP	0
0x001514dc	0xStack[0x8]	READ	0
0x001514df	0x00151530	CONDITIONAL_JUMP	0
0x001514e6	0x00151585	CONDITIONAL_JUMP	0
0x001514ef	0xStack[0x8]	READ	0
0x001514f2	0x00151507	CONDITIONAL_JUMP	0
0x001514f8	0x00151507	CONDITIONAL_JUMP	0
0x00151507	0xStack[-0x14]	READ	1
0x0015150f	0xStack[-0x14]	WRITE	0
0x00151515	0xStack[0x8]	READ	0
0x00151518	0x00151579	CONDITIONAL_JUMP	0
0x0015151e	0x00151579	CONDITIONAL_JUMP	0
0x00151520	0xStack[-0x18]	READ	1
0x00151528	0xStack[-0x18]	WRITE	0
0x0015152e	0x00151579	UNCONDITIONAL_JUMP	0
0x00151535	0x00151585	CONDITIONAL_JUMP	0
0x0015153a	0xStack[0x8]	READ	0
0x0015153d	0x00151552	CONDITIONAL_JUMP	0
0x00151543	0x00151552	CONDITIONAL_JUMP	0
0x00151552	0xStack[-0x18]	READ	1
0x0015155a	0xStack[-0x18]	WRITE	0
0x00151560	0xStack[0x8]	READ	0
0x00151563	0x00151579	CONDITIONAL_JUMP	0
0x00151569	0x00151579	CONDITIONAL_JUMP	0
0x0015156b	0xStack[-0x14]	READ	1
0x00151573	0xStack[-0x14]	WRITE	0
0x0015157c	0xStack[0x8]	READ	0
0x0015157f	0x001514dc	CONDITIONAL_JUMP	0
0x00151585	0xStack[-0x8]	WRITE	0
0x00151588	0xStack[-0x18]	READ	1
0x0015158b	0xStack[-0xc]	READ	1
0x00151590	0xStack[-0x14]	READ	1
0x00151593	0xStack[-0x10]	READ	1
0x00151598	0xStack[0x8]	READ	1
0x0015159b	0xStack[0x4]	READ	1
0x001515a0	0xStack[-0x8]	READ	1
0x001515a6	0xStack[-0x8]	READ	1
0x001515ac	0xStack[0x8]	READ	0
0x001515af	0x001515b8	CONDITIONAL_JUMP	0
0x001515b1	0xStack[0xc]	READ	1
0x001515b6	0x001515dc	UNCONDITIONAL_JUMP	0
0x001515b8	0xStack[0x4]	READ	1
0x001515be	0xStack[0x4]	READ	1
0x001515c6	0x001515d4	CONDITIONAL_JUMP	0
0x001515c8	0xStack[0xc]	READ	1
0x001515d1	0x001515dc	UNCONDITIONAL_JUMP	0
0x001515d7	0xStack[0xc]	READ	1
0x001515dc	0xStack[0x8]	READ	0
0x001515df	0x001515e8	CONDITIONAL_JUMP	0
0x001515e1	0xStack[0x10]	READ	1
0x001515e6	0x0015160c	UNCONDITIONAL_JUMP	0
0x001515e8	0xStack[0x4]	READ	1
0x001515ee	0xStack[0x4]	READ	1
0x001515f6	0x00151604	CONDITIONAL_JUMP	0
0x001515f8	0xStack[0x10]	READ	1
0x00151601	0x0015160c	UNCONDITIONAL_JUMP	0
0x00151607	0xStack[0x10]	READ	1
0x0015160c	0xStack[-0x24]	DATA	0
0x0015161d	0xStack[0x4]	READ	1
0x00151625	0x00151662	CONDITIONAL_JUMP	0
0x00151649	0x0015165c	CONDITIONAL_JUMP	0
0x0015165a	0x0015164c	CONDITIONAL_JUMP	0
0x00151664	0xStack[-0xc]	DATA	0
0x00151679	0xStack[0x4]	READ	1
0x0015167f	0xStack[-0x8]	WRITE	0
0x00151685	0xStack[-0x1c]	WRITE	0
0x00151688	0xStack[0x8]	READ	0
0x0015168c	0x001518a4	CONDITIONAL_JUMP	0
0x00151697	0x00151738	CONDITIONAL_JUMP	0
0x001516a2	0x00151720	CONDITIONAL_JUMP	0
0x001516a6	0x001516c8	CONDITIONAL_JUMP	0
0x001516a9	0x001f621c	READ	1
0x001516b0	0x0016b84c	UNCONDITIONAL_CALL	0
0x001516b5	0xStack[0x4]	READ	1
0x001516c1	0x00151904	UNCONDITIONAL_JUMP	0
0x001516c8	0xStack[-0x1c]	READ	1
0x001516d1	0x001516f8	CONDITIONAL_JUMP	0
0x001516d4	0x001f621c	READ	1
0x001516db	0x0016b84c	UNCONDITIONAL_CALL	0
0x001516e0	0xStack[-0x1c]	READ	1
0x001516e3	0xStack[-0x8]	WRITE	0
0x001516e9	0xStack[-0x1c]	WRITE	0
0x001516f3	0x00151890	UNCONDITIONAL_JUMP	0
0x001516f9	0x001f621c	READ	1
0x00151700	0x0016b84c	UNCONDITIONAL_CALL	0
0x00151705	0xStack[-0x1c]	READ	1
0x00151708	0xStack[-0x8]	WRITE	0
0x0015170b	0xStack[-0x1c]	READ	1
0x00151711	0xStack[-0x1c]	WRITE	0
0x0015171b	0x001518bc	UNCONDITIONAL_JUMP	0
0x00151720	0xStack[-0x8]	WRITE	0
0x00151724	0x001f621c	READ	1
0x0015172b	0x0016b84c	UNCONDITIONAL_CALL	0
0x00151730	0x0015187c	UNCONDITIONAL_JUMP	0
0x0015173c	0x00151754	CONDITIONAL_JUMP	0
0x0015173e	0xStack[-0x8]	WRITE	0
0x00151742	0x001f621c	READ	1
0x00151749	0x0016b84c	UNCONDITIONAL_CALL	0
0x0015174e	0x001518bc	UNCONDITIONAL_JUMP	0
0x00151754	0xStack[-0x20]	WRITE	0
0x00151759	0xStack[-0xc]	DATA	0
0x0015175c	0xStack[-0x24]	WRITE	0
0x0015175f	0xStack[-0x14]	DATA	0
0x00151762	0xStack[-0x28]	WRITE	0
0x0015176f	0x00151835	CONDITIONAL_JUMP	0
0x0015177f	0x001517d4	CONDITIONAL_JUMP	0
0x00151786	0x00151835	CONDITIONAL_JUMP	0
0x00151791	0x001517a6	CONDITIONAL_JUMP	0
0x00151797	0x001517a6	CONDITIONAL_JUMP	0
0x001517a6	0xStack[-0x28]	READ	1
0x001517a9	0xStack[-0x14]	DATA	0
0x001517ae	0xStack[-0x28]	WRITE	0
0x001517bb	0x00151825	CONDITIONAL_JUMP	0
0x001517c1	0x00151825	CONDITIONAL_JUMP	0
0x001517c3	0xStack[-0x24]	READ	1
0x001517c6	0xStack[-0xc]	DATA	0
0x001517cb	0xStack[-0x24]	WRITE	0
0x001517d1	0x00151825	UNCONDITIONAL_JUMP	0
0x001517d9	0x00151835	CONDITIONAL_JUMP	0
0x001517e5	0x001517fa	CONDITIONAL_JUMP	0
0x001517eb	0x001517fa	CONDITIONAL_JUMP	0
0x001517fa	0xStack[-0x24]	READ	1
0x00151802	0xStack[-0x24]	WRITE	0
0x0015180f	0x00151825	CONDITIONAL_JUMP	0
0x00151815	0x00151825	CONDITIONAL_JUMP	0
0x00151817	0xStack[-0x28]	READ	1
0x0015181f	0xStack[-0x28]	WRITE	0
0x0015182f	0x00151778	CONDITIONAL_JUMP	0
0x00151835	0xStack[-0x8]	WRITE	0
0x00151838	0xStack[-0x24]	READ	1
0x0015183b	0xStack[-0x10]	WRITE	0
0x0015183e	0xStack[-0x28]	READ	1
0x00151841	0xStack[-0x18]	WRITE	0
0x00151847	0xStack[-0xc]	DATA	0
0x0015184c	0xStack[-0x28]	READ	1
0x0015184f	0xStack[-0x14]	DATA	0
0x00151851	0xStack[-0xc]	READ	1
0x00151857	0xStack[-0x14]	READ	1
0x0015185d	0xStack[-0x8]	READ	1
0x00151860	0xStack[-0x20]	READ	1
0x00151869	0xStack[-0x20]	READ	1
0x0015186d	0x001f621c	READ	1
0x00151874	0x0016b84c	UNCONDITIONAL_CALL	0
0x00151879	0x001518a4	UNCONDITIONAL_JUMP	0
0x0015187c	0xStack[-0x8]	READ	1
0x00151884	0x00151890	CONDITIONAL_JUMP	0
0x00151886	0xStack[-0x1c]	READ	1
0x0015188c	0x001518b4	UNCONDITIONAL_JUMP	0
0x00151890	0xStack[-0x8]	READ	1
0x00151893	0xStack[0x4]	READ	1
0x00151899	0xStack[-0x1c]	READ	1
0x0015189f	0xStack[-0x8]	READ	1
0x001518a2	0x00151904	UNCONDITIONAL_JUMP	0
0x001518a4	0xStack[-0x8]	READ	1
0x001518ac	0x001518bc	CONDITIONAL_JUMP	0
0x001518ae	0xStack[-0x1c]	READ	1
0x001518b4	0xStack[-0x1c]	WRITE	0
0x001518b7	0xStack[-0x8]	WRITE	0
0x001518ba	0x0015187c	UNCONDITIONAL_JUMP	0
0x001518bc	0xStack[-0x1c]	READ	0
0x001518c0	0x001518d0	CONDITIONAL_JUMP	0
0x001518c2	0xStack[-0x8]	READ	1
0x001518c5	0xStack[0x4]	READ	1
0x001518cd	0x00151904	UNCONDITIONAL_JUMP	0
0x001518d0	0xStack[-0x8]	READ	1
0x001518d3	0xStack[-0x1c]	READ	1
0x001518dc	0x001518f0	CONDITIONAL_JUMP	0
0x001518de	0xStack[-0x8]	WRITE	0
0x001518e1	0xStack[-0x1c]	READ	1
0x001518e7	0xStack[-0x1c]	WRITE	0
0x001518ed	0x00151890	UNCONDITIONAL_JUMP	0
0x001518f0	0xStack[-0x1c]	READ	1
0x001518f3	0xStack[-0x8]	WRITE	0
0x001518f6	0xStack[-0x1c]	READ	1
0x001518fc	0xStack[-0x1c]	WRITE	0
0x00151902	0x001518bc	UNCONDITIONAL_JUMP	0
0x00151904	0xStack[-0x34]	DATA	0
0x00151913	0xStack[0x4]	READ	1
0x0015191b	0x0015192e	CONDITIONAL_JUMP	0
0x0015193d	0xStack[0x10]	READ	1
0x00151940	0xStack[0xc]	READ	1
0x00151944	0xStack[-0x8]	WRITE	0
0x00151949	0xStack[-0xc]	WRITE	0
0x00151950	0xStack[0x8]	READ	0
0x00151953	0x00151980	CONDITIONAL_JUMP	0
0x00151955	0x001e0d0c	READ	1
0x0015195c	0xStack[-0xc]	READ	0
0x0015195f	0x00151980	CONDITIONAL_JUMP	0
0x00151961	0xStack[-0x8]	READ	1
0x00151964	0xStack[-0xc]	READ	0
0x00151967	0x00151978	CONDITIONAL_JUMP	0
0x00151969	0xStack[-0xc]	READ	1
0x0015196e	0xStack[0x10]	READ	0
0x00151971	0xStack[0x4]	READ	1
0x00151978	0xStack[-0xc]	READ_WRITE	0
0x0015197b	0xStack[0x8]	READ	0
0x0015197e	0x0015195c	CONDITIONAL_JUMP	0
0x00151980	0x001e0d0c	READ	1
0x00151986	0xStack[0x8]	READ	0
0x00151989	0x001519bc	CONDITIONAL_JUMP	0
0x00151990	0xStack[0x8]	READ	0
0x00151993	0x001519b5	CONDITIONAL_JUMP	0
0x00151995	0xStack[-0x8]	READ	1
0x00151998	0xStack[-0xc]	READ	0
0x0015199b	0x001519ac	CONDITIONAL_JUMP	0
0x0015199d	0xStack[-0xc]	READ	1
0x001519a2	0xStack[0x10]	READ	0
0x001519a5	0xStack[0x4]	READ	1
0x001519ad	0xStack[-0xc]	READ_WRITE	0
0x001519b3	0x00151990	CONDITIONAL_JUMP	0
0x001519b7	0xStack[0x8]	READ	0
0x001519ba	0x0015198c	CONDITIONAL_JUMP	0
0x001519bc	0xStack[-0x18]	DATA	0
0x001519d1	0x001dea94	READ	1
0x001519df	0x0015a75c	UNCONDITIONAL_CALL	0
0x001519e4	0x001f632c	WRITE	0
0x001519e9	0xStack[-0x8]	WRITE	0
0x001519ec	0x001dea94	READ	1
0x001519f3	0xStack[-0xc]	WRITE	0
0x001519fb	0xStack[-0x18]	WRITE	0
0x00151a04	0x00151a32	CONDITIONAL_JUMP	0
0x00151a06	0x001e0d0c	READ	1
0x00151a0c	0xStack[-0x18]	READ	0
0x00151a0f	0x00151a32	CONDITIONAL_JUMP	0
0x00151a11	0xStack[-0x18]	READ	0
0x00151a15	0x00151a2a	CONDITIONAL_JUMP	0
0x00151a17	0xStack[-0x18]	READ	1
0x00151a23	0xStack[-0x8]	READ	1
0x00151a2a	0xStack[-0x18]	READ_WRITE	0
0x00151a2d	0xStack[-0xc]	READ	0
0x00151a30	0x00151a0c	CONDITIONAL_JUMP	0
0x00151a32	0x001e0d0c	READ	1
0x00151a38	0xStack[-0xc]	READ	0
0x00151a3b	0x00151a72	CONDITIONAL_JUMP	0
0x00151a44	0xStack[-0xc]	READ	0
0x00151a47	0x00151a6b	CONDITIONAL_JUMP	0
0x00151a49	0xStack[-0x18]	READ	0
0x00151a4d	0x00151a62	CONDITIONAL_JUMP	0
0x00151a4f	0xStack[-0x18]	READ	1
0x00151a5b	0xStack[-0x8]	READ	1
0x00151a63	0xStack[-0x18]	READ_WRITE	0
0x00151a69	0x00151a44	CONDITIONAL_JUMP	0
0x00151a6d	0xStack[-0xc]	READ	0
0x00151a70	0x00151a40	CONDITIONAL_JUMP	0
0x00151a72	0x001dea94	READ	1
0x00151a77	0x001f632c	READ	1
0x00151a85	0x001dea98	READ	1
0x00151a93	0x0015a75c	UNCONDITIONAL_CALL	0
0x00151a98	0x001f6328	WRITE	0
0x00151a9d	0xStack[-0x10]	WRITE	0
0x00151aa0	0x001dea98	READ	1
0x00151aa7	0xStack[-0x14]	WRITE	0
0x00151aac	0xStack[-0x18]	WRITE	0
0x00151ab5	0x00151ae6	CONDITIONAL_JUMP	0
0x00151ab7	0x001e0d0c	READ	1
0x00151ac0	0xStack[-0x18]	READ	0
0x00151ac3	0x00151ae6	CONDITIONAL_JUMP	0
0x00151ac5	0xStack[-0x18]	READ	0
0x00151ac9	0x00151ade	CONDITIONAL_JUMP	0
0x00151acb	0xStack[-0x18]	READ	1
0x00151ad7	0xStack[-0x10]	READ	1
0x00151ade	0xStack[-0x18]	READ_WRITE	0
0x00151ae1	0xStack[-0x14]	READ	0
0x00151ae4	0x00151ac0	CONDITIONAL_JUMP	0
0x00151ae6	0x001e0d0c	READ	1
0x00151aec	0xStack[-0x14]	READ	0
0x00151aef	0x00151b26	CONDITIONAL_JUMP	0
0x00151af8	0xStack[-0x14]	READ	0
0x00151afb	0x00151b1f	CONDITIONAL_JUMP	0
0x00151afd	0xStack[-0x18]	READ	0
0x00151b01	0x00151b16	CONDITIONAL_JUMP	0
0x00151b03	0xStack[-0x18]	READ	1
0x00151b0f	0xStack[-0x10]	READ	1
0x00151b17	0xStack[-0x18]	READ_WRITE	0
0x00151b1d	0x00151af8	CONDITIONAL_JUMP	0
0x00151b21	0xStack[-0x14]	READ	0
0x00151b24	0x00151af4	CONDITIONAL_JUMP	0
0x00151b26	0x001dea98	READ	1
0x00151b2c	0x001f6328	READ	1
0x00151b39	0xStack[-0x28]	DATA	0
0x00151b4a	0xStack[0x4]	READ	1
0x00151b4d	0x001e0d0c	READ	0
0x00151b53	0x00151b60	CONDITIONAL_JUMP	0
0x00151b56	0x0015a75c	UNCONDITIONAL_CALL	0
0x00151b5b	0xStack[-0x8]	WRITE	0
0x00151b5e	0x00151b7c	UNCONDITIONAL_JUMP	0
0x00151b61	0xStack[-0x8]	DATA	0
0x00151b65	0x001f6330	READ	1
0x00151b6c	0x00173ad4	UNCONDITIONAL_CALL	0
0x00151b73	0x00151b7c	CONDITIONAL_JUMP	0
0x00151b75	0xStack[-0x8]	WRITE	0
0x00151b7c	0xStack[-0x8]	READ	1
0x00151b8a	0xStack[0xc]	READ	1
0x00151b8e	0xStack[-0x8]	DATA	0
0x00151b92	0xStack[0x4]	READ	1
0x00151b96	0xStack[0x8]	READ	1
0x00151b9a	0x001f6330	READ	1
0x00151ba1	0x00173c0c	UNCONDITIONAL_CALL	0
0x00151ba8	0x00151bb1	CONDITIONAL_JUMP	0
0x00151baa	0xStack[-0x8]	WRITE	0
0x00151bb1	0xStack[-0x8]	READ	1
0x00151bbb	0xStack[0x4]	READ	1
0x00151bbe	0xStack[0x8]	READ	1
0x00151bc1	0x001e0d0c	READ	0
0x00151bc7	0x00151bd4	CONDITIONAL_JUMP	0
0x00151bcb	0x0015a824	UNCONDITIONAL_CALL	0
0x00151bd6	0x001f6330	READ	1
0x00151bdd	0x00173e90	UNCONDITIONAL_CALL	0
0x00151beb	0xStack[0x4]	READ	1
0x00151bee	0xStack[0x8]	READ	1
0x00151bf5	0x00151c00	CONDITIONAL_JUMP	0
0x00151c28	0xStack[0x4]	READ	1
0x00151c2f	0x00151c64	CONDITIONAL_JUMP	0
0x00151c39	0x00151c44	CONDITIONAL_JUMP	0
0x00151c41	0x00151c64	UNCONDITIONAL_JUMP	0
0x00151c66	0xStack[-0x8]	READ	1
0x00151c74	0xStack[0x4]	READ	1
0x00151c77	0xStack[0x8]	READ	1
0x00151c88	0x00151c94	CONDITIONAL_JUMP	0
0x00151c90	0x00151cb2	UNCONDITIONAL_JUMP	0
0x00151c96	0x00151c9a	CONDITIONAL_JUMP	0
0x00151cb2	0xStack[-0x8]	READ	1
0x00151cc4	0xStack[0x4]	READ	1
0x00151cc7	0xStack[0xc]	READ	1
0x00151ccc	0x00151cd8	CONDITIONAL_JUMP	0
0x00151cd3	0x00151cfa	UNCONDITIONAL_JUMP	0
0x00151cd8	0xStack[-0x8]	DATA	0
0x00151cde	0xStack[0x8]	READ	1
0x00151ce3	0x0014b8b8	UNCONDITIONAL_CALL	0
0x00151cea	0x00151cfa	CONDITIONAL_JUMP	0
0x00151cec	0xStack[-0x8]	READ	1
0x00151cfa	0xStack[-0x10]	DATA	0
0x00151d0f	0xStack[0x4]	READ	0
0x00151d13	0x00151d20	CONDITIONAL_JUMP	0
0x00151d1a	0x00151e23	UNCONDITIONAL_JUMP	0
0x00151d20	0xStack[0x8]	READ	1
0x00151d25	0xStack[0xc]	READ	1
0x00151d2e	0x00146d54	UNCONDITIONAL_CALL	0
0x00151d33	0xStack[-0x10]	WRITE	0
0x00151d3b	0x00151d8c	CONDITIONAL_JUMP	0
0x00151d3d	0xStack[0x8]	READ	1
0x00151d42	0x00151d58	CONDITIONAL_JUMP	0
0x00151d45	0xStack[-0x8]	READ	1
0x00151d49	0x001f622c	READ	1
0x00151d50	0x00173e90	UNCONDITIONAL_CALL	0
0x00151d58	0x001e89ec	READ	1
0x00151d5d	0xStack[-0x10]	READ	1
0x00151d6a	0xStack[-0x8]	DATA	0
0x00151d6e	0x001f622c	READ	1
0x00151d75	0x00173e48	UNCONDITIONAL_CALL	0
0x00151d7f	0x00151dbc	CONDITIONAL_JUMP	0
0x00151d81	0xStack[-0x8]	READ	1
0x00151d89	0x00151d2c	UNCONDITIONAL_JUMP	0
0x00151d8c	0xStack[0x8]	READ	1
0x00151d91	0x00151e19	CONDITIONAL_JUMP	0
0x00151d97	0xStack[-0x10]	READ	0
0x00151d9b	0x00151dc4	CONDITIONAL_JUMP	0
0x00151d9e	0xStack[-0x8]	READ	1
0x00151da2	0x001f622c	READ	1
0x00151da9	0x00173e90	UNCONDITIONAL_CALL	0
0x00151dae	0xStack[0xc]	READ	1
0x00151db7	0x00151e21	UNCONDITIONAL_JUMP	0
0x00151dc1	0x00151e23	UNCONDITIONAL_JUMP	0
0x00151dc4	0x001e89ec	READ	1
0x00151dc9	0xStack[-0x10]	READ	1
0x00151dd7	0x00151df3	CONDITIONAL_JUMP	0
0x00151dde	0xStack[-0x8]	READ	1
0x00151de4	0x001f622c	READ	1
0x00151deb	0x00173e90	UNCONDITIONAL_CALL	0
0x00151df3	0xStack[-0xc]	DATA	0
0x00151dfa	0x001f6244	READ	1
0x00151e01	0xStack[-0x8]	READ	1
0x00151e05	0x001f622c	READ	1
0x00151e0c	0x00178708	UNCONDITIONAL_CALL	0
0x00151e11	0xStack[-0xc]	READ	1
0x00151e14	0xStack[0x8]	READ	1
0x00151e19	0xStack[-0x10]	READ	1
0x00151e1c	0xStack[0xc]	READ	1
0x00151e23	0xStack[-0x20]	DATA	0
0x00151e3b	0xStack[0x4]	READ	0
0x00151e3f	0x00151e4c	CONDITIONAL_JUMP	0
0x00151e46	0x00151f53	UNCONDITIONAL_JUMP	0
0x00151e4c	0xStack[0xc]	READ	1
0x00151e51	0xStack[0x10]	READ	1
0x00151e5a	0xStack[0x8]	READ	1
0x00151e5e	0x0014a5bc	UNCONDITIONAL_CALL	0
0x00151e63	0xStack[-0x10]	WRITE	0
0x00151e6b	0x00151ebc	CONDITIONAL_JUMP	0
0x00151e6d	0xStack[0xc]	READ	1
0x00151e72	0x00151e88	CONDITIONAL_JUMP	0
0x00151e75	0xStack[-0x8]	READ	1
0x00151e79	0x001f622c	READ	1
0x00151e80	0x00173e90	UNCONDITIONAL_CALL	0
0x00151e88	0x001e89ec	READ	1
0x00151e8d	0xStack[-0x10]	READ	1
0x00151e9a	0xStack[-0x8]	DATA	0
0x00151e9e	0x001f622c	READ	1
0x00151ea5	0x00173e48	UNCONDITIONAL_CALL	0
0x00151eaf	0x00151eec	CONDITIONAL_JUMP	0
0x00151eb1	0xStack[-0x8]	READ	1
0x00151eb9	0x00151e58	UNCONDITIONAL_JUMP	0
0x00151ebc	0xStack[0xc]	READ	1
0x00151ec1	0x00151f49	CONDITIONAL_JUMP	0
0x00151ec7	0xStack[-0x10]	READ	0
0x00151ecb	0x00151ef4	CONDITIONAL_JUMP	0
0x00151ece	0xStack[-0x8]	READ	1
0x00151ed2	0x001f622c	READ	1
0x00151ed9	0x00173e90	UNCONDITIONAL_CALL	0
0x00151ede	0xStack[0x10]	READ	1
0x00151ee7	0x00151f51	UNCONDITIONAL_JUMP	0
0x00151ef1	0x00151f53	UNCONDITIONAL_JUMP	0
0x00151ef4	0x001e89ec	READ	1
0x00151ef9	0xStack[-0x10]	READ	1
0x00151f07	0x00151f23	CONDITIONAL_JUMP	0
0x00151f0e	0xStack[-0x8]	READ	1
0x00151f14	0x001f622c	READ	1
0x00151f1b	0x00173e90	UNCONDITIONAL_CALL	0
0x00151f23	0xStack[-0xc]	DATA	0
0x00151f2a	0x001f6244	READ	1
0x00151f31	0xStack[-0x8]	READ	1
0x00151f35	0x001f622c	READ	1
0x00151f3c	0x00178708	UNCONDITIONAL_CALL	0
0x00151f41	0xStack[-0xc]	READ	1
0x00151f44	0xStack[0xc]	READ	1
0x00151f49	0xStack[-0x10]	READ	1
0x00151f4c	0xStack[0x10]	READ	1
0x00151f53	0xStack[-0x20]	DATA	0
0x00151f69	0xStack[-0x20]	WRITE	0
0x00151f70	0xStack[-0x2c]	WRITE	0
0x00151f77	0xStack[0x4]	READ	0
0x00151f7b	0x00151f88	CONDITIONAL_JUMP	0
0x00151f82	0x0015249b	UNCONDITIONAL_JUMP	0
0x00151f88	0xStack[0xc]	READ	1
0x00151f8d	0xStack[-0x18]	WRITE	0
0x00151f90	0xStack[0x10]	READ	1
0x00151f95	0xStack[0x14]	READ	1
0x00151f9a	0xStack[-0x24]	WRITE	0
0x00151f9d	0xStack[0x18]	READ	1
0x00151fa2	0xStack[0x4]	READ	1
0x00151fa8	0xStack[-0x38]	WRITE	0
0x00151fac	0xStack[-0x38]	READ	1
0x00151fb3	0x00151fb1	CONDITIONAL_JUMP	0
0x00151fba	0xStack[-0x38]	READ	1
0x00151fc4	0x00151fac	CONDITIONAL_JUMP	0
0x00151fc6	0xStack[0x4]	READ	1
0x00151fcd	0x0015201c	CONDITIONAL_JUMP	0
0x00151fd4	0xStack[-0x18]	READ	1
0x00151fd7	0xStack[0xc]	READ	1
0x00151fdc	0x00151ff4	CONDITIONAL_JUMP	0
0x00151fde	0xStack[-0x20]	READ	1
0x00151fe2	0xStack[-0x8]	READ	1
0x00151fe6	0x001f622c	READ	1
0x00151fec	0x00173e90	UNCONDITIONAL_CALL	0
0x00151ff4	0xStack[-0x24]	READ	1
0x00151ff7	0xStack[0x14]	READ	1
0x00151ffc	0x00151f7d	CONDITIONAL_JUMP	0
0x00152002	0xStack[-0x2c]	READ	1
0x00152006	0xStack[-0xc]	READ	1
0x0015200a	0x001f622c	READ	1
0x00152011	0x00173e90	UNCONDITIONAL_CALL	0
0x00152016	0x00151f7d	UNCONDITIONAL_JUMP	0
0x0015201c	0xStack[0x4]	READ	1
0x00152022	0xStack[-0x1c]	WRITE	0
0x00152025	0xStack[0x4]	READ	1
0x0015202b	0xStack[-0x28]	WRITE	0
0x00152030	0x0015203a	CONDITIONAL_JUMP	0
0x00152034	0x00152174	CONDITIONAL_JUMP	0
0x0015203c	0xStack[0x4]	READ	1
0x00152042	0xStack[-0x1c]	READ	0
0x00152045	0x001520d0	CONDITIONAL_JUMP	0
0x0015204b	0xStack[-0x18]	READ	1
0x0015204e	0xStack[0xc]	READ	1
0x00152053	0x0015206b	CONDITIONAL_JUMP	0
0x00152055	0xStack[-0x20]	READ	1
0x00152059	0xStack[-0x8]	READ	1
0x0015205d	0x001f622c	READ	1
0x00152063	0x00173e90	UNCONDITIONAL_CALL	0
0x0015206b	0xStack[-0x1c]	READ	1
0x00152071	0x001e89ec	READ	1
0x0015207e	0xStack[-0x20]	WRITE	0
0x00152082	0xStack[-0x8]	DATA	0
0x00152086	0x001f622c	READ	1
0x0015208c	0x00173ad4	UNCONDITIONAL_CALL	0
0x00152098	0x001520bc	CONDITIONAL_JUMP	0
0x0015209a	0xStack[-0x24]	READ	1
0x0015209d	0xStack[0x14]	READ	1
0x001520a2	0x0015214c	CONDITIONAL_JUMP	0
0x001520a8	0xStack[-0x2c]	READ	1
0x001520ac	0xStack[-0xc]	READ	1
0x001520b0	0x001f622c	READ	1
0x001520b7	0x00152147	UNCONDITIONAL_JUMP	0
0x001520bc	0xStack[-0x8]	READ	1
0x001520bf	0xStack[-0x18]	WRITE	0
0x001520c2	0xStack[-0x20]	READ	1
0x001520d0	0xStack[-0x28]	READ	0
0x001520d3	0x00151fac	CONDITIONAL_JUMP	0
0x001520d9	0xStack[-0x24]	READ	1
0x001520dc	0xStack[0x14]	READ	1
0x001520e1	0x001520f9	CONDITIONAL_JUMP	0
0x001520e3	0xStack[-0x2c]	READ	1
0x001520e7	0xStack[-0xc]	READ	1
0x001520eb	0x001f622c	READ	1
0x001520f1	0x00173e90	UNCONDITIONAL_CALL	0
0x001520f9	0xStack[-0x28]	READ	1
0x001520ff	0xStack[-0x28]	READ	1
0x00152105	0x001e89ec	READ	1
0x00152112	0xStack[-0x2c]	WRITE	0
0x00152116	0xStack[-0xc]	DATA	0
0x0015211a	0x001f622c	READ	1
0x00152121	0x00173ad4	UNCONDITIONAL_CALL	0
0x0015212d	0x00152158	CONDITIONAL_JUMP	0
0x0015212f	0xStack[-0x18]	READ	1
0x00152132	0xStack[0xc]	READ	1
0x00152137	0x0015214c	CONDITIONAL_JUMP	0
0x00152139	0xStack[-0x20]	READ	1
0x0015213d	0xStack[-0x8]	READ	1
0x00152141	0x001f622c	READ	1
0x00152147	0x00173e90	UNCONDITIONAL_CALL	0
0x00152151	0x0015249b	UNCONDITIONAL_JUMP	0
0x00152158	0xStack[-0xc]	READ	1
0x0015215b	0xStack[-0x24]	WRITE	0
0x0015215e	0xStack[-0x2c]	READ	1
0x0015216c	0x00151fac	UNCONDITIONAL_JUMP	0
0x00152174	0xStack[0x8]	READ	1
0x0015217d	0xStack[0x4]	READ	1
0x00152186	0xStack[0x4]	READ	1
0x0015218e	0xStack[0x8]	READ	1
0x00152194	0xStack[0x4]	READ	1
0x0015219a	0xStack[0x8]	READ	1
0x001521a0	0xStack[0x4]	READ	1
0x001521a6	0xStack[0x8]	READ	1
0x001521ac	0xStack[0x4]	READ	1
0x001521b2	0xStack[0x8]	READ	1
0x001521b8	0xStack[0x4]	READ	1
0x001521c1	0xStack[-0x30]	WRITE	0
0x001521c8	0x0015223e	CONDITIONAL_JUMP	0
0x001521ca	0xStack[-0x18]	READ	1
0x001521cd	0xStack[-0x38]	WRITE	0
0x001521df	0xStack[-0x38]	READ	1
0x00152207	0x001f0000	DATA	1
0x0015222e	0xStack[-0x38]	READ_WRITE	0
0x00152239	0xStack[-0x30]	READ	0
0x0015223c	0x001521d8	CONDITIONAL_JUMP	0
0x0015223e	0xStack[0x4]	READ	1
0x00152245	0x00151618	UNCONDITIONAL_CALL	0
0x00152251	0x001522f9	CONDITIONAL_JUMP	0
0x00152257	0xStack[-0x24]	READ	1
0x0015228b	0x001f0000	DATA	1
0x001522b4	0x001522c0	CONDITIONAL_JUMP	0
0x001522bd	0x001522c6	UNCONDITIONAL_JUMP	0
0x001522cb	0x001522d8	CONDITIONAL_JUMP	0
0x001522d4	0x001522de	UNCONDITIONAL_JUMP	0
0x001522e0	0xStack[0x4]	READ	1
0x001522e7	0x00151670	UNCONDITIONAL_CALL	0
0x001522f3	0x0015225c	CONDITIONAL_JUMP	0
0x001522f9	0xStack[0x4]	READ	1
0x00152300	0x00151910	UNCONDITIONAL_CALL	0
0x0015230a	0xStack[0x4]	READ	1
0x00152310	0xStack[-0x18]	READ	1
0x00152313	0xStack[0xc]	READ	1
0x00152318	0x00152328	CONDITIONAL_JUMP	0
0x0015231a	0xStack[-0x1c]	READ	1
0x0015231d	0xStack[0x10]	READ	1
0x00152322	0x001523da	UNCONDITIONAL_JUMP	0
0x00152328	0xStack[-0x1c]	READ	0
0x0015232c	0x00152354	CONDITIONAL_JUMP	0
0x0015232e	0xStack[-0x20]	READ	1
0x00152332	0xStack[-0x8]	READ	1
0x00152336	0x001f622c	READ	1
0x0015233c	0x00173e90	UNCONDITIONAL_CALL	0
0x00152341	0xStack[0x10]	READ	1
0x0015234d	0x001523da	UNCONDITIONAL_JUMP	0
0x00152354	0xStack[-0x1c]	READ	1
0x00152361	0x001e89ec	READ	1
0x00152369	0x001e89ec	READ	1
0x00152375	0xStack[-0x20]	READ	0
0x00152378	0x00152394	CONDITIONAL_JUMP	0
0x0015237a	0xStack[-0x20]	READ	1
0x00152380	0xStack[-0x8]	READ	1
0x00152386	0x001f622c	READ	1
0x0015238c	0x00173e90	UNCONDITIONAL_CALL	0
0x00152396	0x001523ab	CONDITIONAL_JUMP	0
0x0015239d	0xStack[-0x8]	READ	1
0x001523a3	0x00101600	UNCONDITIONAL_CALL	0
0x001523ab	0xStack[-0x10]	DATA	0
0x001523b2	0x001f6244	READ	1
0x001523b8	0xStack[-0x8]	READ	1
0x001523bc	0x001f622c	READ	1
0x001523c2	0x00178708	UNCONDITIONAL_CALL	0
0x001523c7	0xStack[-0x10]	READ	1
0x001523ca	0xStack[0xc]	READ	1
0x001523cf	0xStack[-0x1c]	READ	1
0x001523d2	0xStack[0x10]	READ	1
0x001523da	0xStack[-0x24]	READ	1
0x001523dd	0xStack[0x14]	READ	1
0x001523e2	0x00152491	CONDITIONAL_JUMP	0
0x001523e8	0xStack[-0x28]	READ	0
0x001523ec	0x00152410	CONDITIONAL_JUMP	0
0x001523ee	0xStack[-0x2c]	READ	1
0x001523f2	0xStack[-0xc]	READ	1
0x001523f6	0x001f622c	READ	1
0x001523fd	0x00173e90	UNCONDITIONAL_CALL	0
0x00152402	0xStack[0x18]	READ	1
0x0015240b	0x00152499	UNCONDITIONAL_JUMP	0
0x00152410	0xStack[-0x28]	READ	1
0x00152416	0xStack[-0x28]	READ	1
0x00152423	0x001e89ec	READ	1
0x0015242b	0x001e89ec	READ	1
0x00152437	0xStack[-0x2c]	READ	0
0x0015243a	0x00152456	CONDITIONAL_JUMP	0
0x0015243c	0xStack[-0x2c]	READ	1
0x00152442	0xStack[-0xc]	READ	1
0x00152448	0x001f622c	READ	1
0x0015244e	0x00173e90	UNCONDITIONAL_CALL	0
0x00152458	0x0015246d	CONDITIONAL_JUMP	0
0x0015245f	0xStack[-0xc]	READ	1
0x00152465	0x00101600	UNCONDITIONAL_CALL	0
0x0015246d	0xStack[-0x14]	DATA	0
0x00152474	0x001f6244	READ	1
0x0015247a	0xStack[-0xc]	READ	1
0x0015247e	0x001f622c	READ	1
0x00152484	0x00178708	UNCONDITIONAL_CALL	0
0x00152489	0xStack[-0x14]	READ	1
0x0015248c	0xStack[0x14]	READ	1
0x00152491	0xStack[-0x28]	READ	1
0x00152494	0xStack[0x18]	READ	1
0x0015249b	0xStack[-0x48]	DATA	0
0x001524b1	0xStack[0x4]	READ	1
0x001524b4	0xStack[0x10]	READ	1
0x001524b9	0x001524c4	CONDITIONAL_JUMP	0
0x001524c0	0x0015251b	UNCONDITIONAL_JUMP	0
0x001524c4	0xStack[-0x8]	DATA	0
0x001524ca	0xStack[0x8]	READ	1
0x001524cf	0x0014b8b8	UNCONDITIONAL_CALL	0
0x001524d6	0x0015251b	CONDITIONAL_JUMP	0
0x001524d8	0xStack[-0x8]	READ	1
0x001524e0	0x001524e8	CONDITIONAL_JUMP	0
0x001524e6	0x0015250b	UNCONDITIONAL_JUMP	0
0x001524f6	0x0015250b	CONDITIONAL_JUMP	0
0x00152500	0x00152503	CONDITIONAL_JUMP	0
0x00152509	0x001524fc	CONDITIONAL_JUMP	0
0x0015250b	0xStack[-0x8]	READ	1
0x00152512	0xStack[0xc]	READ	1
0x0015251b	0xStack[-0x14]	DATA	0
0x00152531	0xStack[0x4]	READ	1
0x00152534	0xStack[0xc]	READ	1
0x00152537	0xStack[0x10]	READ	1
0x0015253a	0xStack[-0x8]	DATA	0
0x0015253e	0xStack[0x8]	READ	1
0x00152543	0x0014db08	UNCONDITIONAL_CALL	0
0x0015254a	0x0015259d	CONDITIONAL_JUMP	0
0x0015254c	0xStack[-0x8]	READ	1
0x00152553	0x0015255c	CONDITIONAL_JUMP	0
0x0015255a	0x00152598	UNCONDITIONAL_JUMP	0
0x00152564	0x00152562	CONDITIONAL_JUMP	0
0x00152572	0x00152560	CONDITIONAL_JUMP	0
0x0015257e	0x00152594	CONDITIONAL_JUMP	0
0x00152592	0x0015259d	UNCONDITIONAL_JUMP	0
0x0015259d	0xStack[-0x14]	DATA	0
0x001525b1	0xStack[0x8]	READ	1
0x001525b4	0x001e8b54	READ	1
0x001525c5	0xStack[-0xc]	WRITE	0
0x001525c8	0xStack[-0x8]	DATA	0
0x001525ce	0xStack[0xc]	READ	1
0x001525d2	0xStack[0x4]	READ	1
0x001525d6	0x0014758c	UNCONDITIONAL_CALL	0
0x001525e2	0x001526fc	CONDITIONAL_JUMP	0
0x001525ec	0x00152610	CONDITIONAL_JUMP	0
0x001525ee	0xStack[0x14]	READ	0
0x001525f2	0x001525fc	CONDITIONAL_JUMP	0
0x001525f9	0x00152629	UNCONDITIONAL_JUMP	0
0x001525fc	0xStack[0x14]	READ	1
0x00152600	0x00152612	UNCONDITIONAL_JUMP	0
0x00152606	0x0015a824	UNCONDITIONAL_CALL	0
0x0015260b	0x001526fa	UNCONDITIONAL_JUMP	0
0x00152612	0xStack[-0xc]	READ	1
0x00152617	0xStack[-0x8]	READ	1
0x0015261b	0x00148008	UNCONDITIONAL_CALL	0
0x00152627	0x00152640	CONDITIONAL_JUMP	0
0x00152629	0xStack[-0x8]	READ	1
0x00152631	0x00152604	CONDITIONAL_JUMP	0
0x00152634	0x00147550	UNCONDITIONAL_CALL	0
0x00152639	0x001526fa	UNCONDITIONAL_JUMP	0
0x00152646	0x001526b8	CONDITIONAL_JUMP	0
0x00152652	0x00152657	CONDITIONAL_JUMP	0
0x00152654	0xStack[0x10]	READ	1
0x0015265a	0xStack[-0x8]	READ	1
0x0015265e	0x0014a764	UNCONDITIONAL_CALL	0
0x0015266e	0x001526d2	CONDITIONAL_JUMP	0
0x00152670	0xStack[-0x8]	READ	1
0x00152676	0xStack[0x14]	READ	0
0x0015267a	0x001526b0	CONDITIONAL_JUMP	0
0x00152680	0xStack[0x14]	READ	1
0x00152686	0x0014a1ac	UNCONDITIONAL_CALL	0
0x00152692	0x001526d6	CONDITIONAL_JUMP	0
0x0015269d	0xStack[-0x8]	READ	1
0x001526a1	0x0014a764	UNCONDITIONAL_CALL	0
0x001526ab	0x001526fc	UNCONDITIONAL_JUMP	0
0x001526b5	0x001526d6	UNCONDITIONAL_JUMP	0
0x001526ba	0xStack[0x10]	READ	1
0x001526c4	0xStack[-0x8]	READ	1
0x001526c8	0x0014a764	UNCONDITIONAL_CALL	0
0x001526d4	0x001526fa	CONDITIONAL_JUMP	0
0x001526d6	0xStack[-0xc]	READ	1
0x001526db	0xStack[-0x8]	READ	1
0x001526df	0x001491ac	UNCONDITIONAL_CALL	0
0x001526e6	0xStack[-0x8]	READ	1
0x001526f1	0xStack[0x4]	READ	1
0x001526f5	0x001476ec	UNCONDITIONAL_CALL	0
0x001526fc	0xStack[-0x18]	DATA	0
0x00152711	0x001e8b54	READ	1
0x00152723	0xStack[-0x1c]	WRITE	0
0x00152726	0xStack[-0xc]	DATA	0
0x0015272a	0xStack[-0x8]	DATA	0
0x0015272e	0xStack[0x10]	READ	1
0x00152733	0x0014ab94	UNCONDITIONAL_CALL	0
0x0015273f	0x001528f8	CONDITIONAL_JUMP	0
0x00152745	0xStack[0x4]	READ	1
0x0015274e	0xStack[0x8]	READ	1
0x00152757	0xStack[0xc]	READ	1
0x00152760	0xStack[0x14]	READ	1
0x00152769	0xStack[0x18]	READ	1
0x00152772	0xStack[-0xc]	READ	1
0x0015277b	0xStack[-0x8]	READ	1
0x00152784	0xStack[0x8]	READ	1
0x0015278a	0x001527f8	CONDITIONAL_JUMP	0
0x0015278c	0xStack[-0x14]	DATA	0
0x00152790	0xStack[-0x10]	DATA	0
0x00152794	0x00152904	DATA	0
0x0015279b	0xStack[0x14]	READ	1
0x0015279f	0xStack[0xc]	READ	1
0x001527a3	0xStack[0x8]	READ	1
0x001527ac	0xStack[-0x8]	READ	1
0x001527b0	0x0014acd4	UNCONDITIONAL_CALL	0
0x001527ba	0xStack[-0xc]	READ	1
0x001527be	0x0014b86c	UNCONDITIONAL_CALL	0
0x001527c8	0x001527ec	CONDITIONAL_JUMP	0
0x001527d0	0x00152834	CONDITIONAL_JUMP	0
0x001527d2	0xStack[-0x10]	READ	1
0x001527d5	0xStack[-0x18]	WRITE	0
0x001527da	0xStack[0x4]	READ	1
0x001527e1	0xStack[-0x18]	DATA	0
0x001527e5	0x00189cec	UNCONDITIONAL_CALL	0
0x001527ea	0x00152834	UNCONDITIONAL_JUMP	0
0x001527ec	0xStack[-0x10]	READ	1
0x001527ef	0xStack[-0x14]	READ	1
0x001527f5	0x00152870	UNCONDITIONAL_JUMP	0
0x001527f8	0xStack[-0x14]	DATA	0
0x001527fc	0xStack[-0x10]	DATA	0
0x00152800	0x00152904	DATA	0
0x00152807	0xStack[0x14]	READ	1
0x0015280d	0xStack[0x8]	READ	1
0x00152816	0xStack[-0x8]	READ	1
0x0015281a	0x0014acd4	UNCONDITIONAL_CALL	0
0x00152824	0xStack[-0xc]	READ	1
0x00152828	0x0014b86c	UNCONDITIONAL_CALL	0
0x00152832	0x0015283c	CONDITIONAL_JUMP	0
0x00152836	0x001528f8	UNCONDITIONAL_JUMP	0
0x0015283c	0xStack[-0x10]	READ	1
0x0015283f	0xStack[-0x14]	READ	1
0x00152845	0xStack[0xc]	READ	1
0x0015284b	0x00152870	CONDITIONAL_JUMP	0
0x0015284f	0x00149428	UNCONDITIONAL_CALL	0
0x00152856	0xStack[-0x10]	READ	1
0x0015285a	0xStack[0x4]	READ	1
0x0015285e	0x001476ec	UNCONDITIONAL_CALL	0
0x00152868	0x001528f8	UNCONDITIONAL_JUMP	0
0x00152870	0xStack[0x8]	READ	1
0x00152876	0x00152890	CONDITIONAL_JUMP	0
0x00152878	0xStack[0x18]	READ	0
0x0015287c	0x00152888	CONDITIONAL_JUMP	0
0x00152883	0x001528a9	UNCONDITIONAL_JUMP	0
0x00152888	0xStack[0x18]	READ	1
0x0015288c	0x00152892	UNCONDITIONAL_JUMP	0
0x00152892	0xStack[-0x1c]	READ	1
0x00152897	0xStack[-0x10]	READ	1
0x0015289b	0x00149158	UNCONDITIONAL_CALL	0
0x001528a7	0x001528e4	CONDITIONAL_JUMP	0
0x001528b3	0x001528c4	CONDITIONAL_JUMP	0
0x001528b5	0xStack[-0x10]	READ	1
0x001528c0	0x001528d4	UNCONDITIONAL_JUMP	0
0x001528c5	0xStack[-0x10]	READ	1
0x001528c9	0x00149428	UNCONDITIONAL_CALL	0
0x001528d0	0xStack[-0x10]	READ	1
0x001528d4	0xStack[0x4]	READ	1
0x001528d8	0x001476ec	UNCONDITIONAL_CALL	0
0x001528dd	0x00152834	UNCONDITIONAL_JUMP	0
0x001528e4	0xStack[-0x10]	READ	1
0x001528ef	0xStack[0x4]	READ	1
0x001528f3	0x001476ec	UNCONDITIONAL_CALL	0
0x001528f8	0xStack[-0x28]	DATA	0
0x0015290d	0x001e8b54	READ	1
0x0015291e	0xStack[-0x14]	WRITE	0
0x00152927	0xStack[-0x18]	WRITE	0
0x00152936	0xStack[-0x1c]	WRITE	0
0x00152945	0xStack[-0x20]	WRITE	0
0x0015294e	0xStack[-0x24]	WRITE	0
0x0015295d	0x001529d0	CONDITIONAL_JUMP	0
0x0015295f	0xStack[-0xc]	DATA	0
0x00152963	0xStack[-0x8]	DATA	0
0x00152967	0x00152904	DATA	0
0x0015296f	0xStack[-0x1c]	READ	1
0x0015297c	0x0014acd4	UNCONDITIONAL_CALL	0
0x00152986	0xStack[-0x24]	READ	1
0x0015298a	0x0014b86c	UNCONDITIONAL_CALL	0
0x00152994	0x001529c2	CONDITIONAL_JUMP	0
0x0015299c	0x001529b9	CONDITIONAL_JUMP	0
0x0015299e	0xStack[-0x8]	READ	1
0x001529a1	0xStack[-0x10]	WRITE	0
0x001529a6	0xStack[-0x18]	READ	1
0x001529ad	0xStack[-0x10]	DATA	0
0x001529b1	0x00189cec	UNCONDITIONAL_CALL	0
0x001529ba	0x0018df80	UNCONDITIONAL_CALL	0
0x001529c2	0xStack[-0x8]	READ	1
0x001529c5	0xStack[-0xc]	READ	1
0x001529cb	0x00152a42	UNCONDITIONAL_JUMP	0
0x001529d0	0xStack[-0xc]	DATA	0
0x001529d4	0xStack[-0x8]	DATA	0
0x001529d8	0x00152904	DATA	0
0x001529eb	0x0014acd4	UNCONDITIONAL_CALL	0
0x001529f5	0xStack[-0x24]	READ	1
0x001529f9	0x0014b86c	UNCONDITIONAL_CALL	0
0x00152a03	0x00152a0e	CONDITIONAL_JUMP	0
0x00152a06	0x0018df80	UNCONDITIONAL_CALL	0
0x00152a0e	0xStack[-0x8]	READ	1
0x00152a11	0xStack[-0xc]	READ	1
0x00152a17	0xStack[-0x1c]	READ	1
0x00152a1d	0x00152a42	CONDITIONAL_JUMP	0
0x00152a21	0x00149428	UNCONDITIONAL_CALL	0
0x00152a28	0xStack[-0x8]	READ	1
0x00152a2c	0xStack[-0x18]	READ	1
0x00152a30	0x001476ec	UNCONDITIONAL_CALL	0
0x00152a3a	0x0018df80	UNCONDITIONAL_CALL	0
0x00152a48	0x00152a60	CONDITIONAL_JUMP	0
0x00152a4a	0xStack[-0x20]	READ	0
0x00152a4e	0x00152a58	CONDITIONAL_JUMP	0
0x00152a55	0x00152a79	UNCONDITIONAL_JUMP	0
0x00152a58	0xStack[-0x20]	READ	1
0x00152a5c	0x00152a62	UNCONDITIONAL_JUMP	0
0x00152a62	0xStack[-0x14]	READ	1
0x00152a67	0xStack[-0x8]	READ	1
0x00152a6b	0x00149158	UNCONDITIONAL_CALL	0
0x00152a77	0x00152ac5	CONDITIONAL_JUMP	0
0x00152a83	0x00152aa0	CONDITIONAL_JUMP	0
0x00152a85	0xStack[-0x8]	READ	1
0x00152a90	0xStack[-0x18]	READ	1
0x00152a94	0x001476ec	UNCONDITIONAL_CALL	0
0x00152a9c	0x00152abc	UNCONDITIONAL_JUMP	0
0x00152aa1	0xStack[-0x8]	READ	1
0x00152aa5	0x00149428	UNCONDITIONAL_CALL	0
0x00152aac	0xStack[-0x8]	READ	1
0x00152ab0	0xStack[-0x18]	READ	1
0x00152ab4	0x001476ec	UNCONDITIONAL_CALL	0
0x00152abd	0x0018df80	UNCONDITIONAL_CALL	0
0x00152ac5	0xStack[-0x8]	READ	1
0x00152ad0	0xStack[-0x18]	READ	1
0x00152ad4	0x001476ec	UNCONDITIONAL_CALL	0
0x00152adc	0x0018df80	UNCONDITIONAL_CALL	0
0x00152ae1	0xStack[-0x30]	DATA	0
0x00152af5	0xStack[0x8]	READ	0
0x00152af9	0x001539ac	CONDITIONAL_JUMP	0
0x00152aff	0x001e8b54	READ	1
0x00152b05	0xStack[-0x44]	WRITE	0
0x00152b11	0xStack[-0x48]	WRITE	0
0x00152b14	0xStack[0xc]	READ	1
0x00152b1f	0x001535a9	CONDITIONAL_JUMP	0
0x00152b25	0xStack[0xc]	READ	1
0x00152b2e	0x001535a9	CONDITIONAL_JUMP	0
0x00152b34	0x001f6258	READ	1
0x00152b3a	0xStack[-0x4c]	WRITE	0
0x00152b3f	0x001535a9	CONDITIONAL_JUMP	0
0x00152b45	0x001f6258	WRITE	0
0x00152b57	0xStack[-0x4c]	READ	1
0x00152b5e	0xStack[0x4]	READ	1
0x00152b62	0x00189b34	UNCONDITIONAL_CALL	0
0x00152b6c	0x00152b8c	CONDITIONAL_JUMP	0
0x00152b6e	0xStack[-0x4c]	READ	1
0x00152b76	0x0015359c	CONDITIONAL_JUMP	0
0x00152b7d	0x00147550	UNCONDITIONAL_CALL	0
0x00152b85	0x001535a9	UNCONDITIONAL_JUMP	0
0x00152b8c	0xStack[-0x4c]	READ	1
0x00152b96	0xStack[0xc]	READ	1
0x00152b9c	0xStack[-0x4c]	READ	1
0x00152ba5	0x00152d28	CONDITIONAL_JUMP	0
0x00152bb0	0x001535ec	CONDITIONAL_JUMP	0
0x00152bb6	0xStack[0x14]	READ	1
0x00152bbc	0x001535ec	CONDITIONAL_JUMP	0
0x00152bc5	0xStack[-0x70]	WRITE	0
0x00152bc8	0xStack[0x14]	READ	1
0x00152bce	0xStack[-0x74]	WRITE	0
0x00152bd1	0xStack[-0x48]	READ	1
0x00152bdc	0x00152bda	CONDITIONAL_JUMP	0
0x00152bea	0x00152bd8	CONDITIONAL_JUMP	0
0x00152bec	0xStack[-0x48]	READ	1
0x00152bf5	0xStack[-0x70]	READ	0
0x00152bf8	0x00152ecc	CONDITIONAL_JUMP	0
0x00152bfe	0xStack[-0x70]	READ	1
0x00152c06	0xStack[-0x70]	WRITE	0
0x00152c11	0xStack[-0x74]	READ	1
0x00152c1b	0x00152ecc	CONDITIONAL_JUMP	0
0x00152c21	0xStack[-0x70]	READ	1
0x00152c27	0xStack[-0x70]	WRITE	0
0x00152c2a	0xStack[-0x4c]	READ	1
0x00152c38	0xStack[-0x74]	WRITE	0
0x00152c3d	0x00152ecc	CONDITIONAL_JUMP	0
0x00152c53	0xStack[-0x74]	READ	1
0x00152c5d	0x00152ecc	CONDITIONAL_JUMP	0
0x00152c6c	0x00152c6a	CONDITIONAL_JUMP	0
0x00152c7a	0x00152c68	CONDITIONAL_JUMP	0
0x00152c80	0x00152dca	CONDITIONAL_JUMP	0
0x00152c8b	0xStack[-0x70]	READ	1
0x00152c95	0x00152dca	CONDITIONAL_JUMP	0
0x00152c9d	0xStack[-0x48]	READ	1
0x00152ca9	0xStack[-0x70]	READ	1
0x00152cb2	0xStack[-0x4c]	READ	1
0x00152cc2	0x001f624c	READ	1
0x00152cca	0x00152cd8	CONDITIONAL_JUMP	0
0x00152cd0	0x0015365a	UNCONDITIONAL_JUMP	0
0x00152cde	0x00152d18	CONDITIONAL_JUMP	0
0x00152ce0	0xStack[-0x70]	READ	1
0x00152ce7	0x00152d18	CONDITIONAL_JUMP	0
0x00152ce9	0xStack[-0x74]	WRITE	0
0x00152cef	0xStack[-0x74]	READ	1
0x00152cf5	0xStack[-0x70]	WRITE	0
0x00152cf8	0xStack[-0x70]	READ	1
0x00152cff	0x00152cfd	CONDITIONAL_JUMP	0
0x00152d06	0xStack[-0x70]	READ	1
0x00152d10	0x00152cf8	CONDITIONAL_JUMP	0
0x00152d12	0x00152ec1	UNCONDITIONAL_JUMP	0
0x00152d1e	0xStack[-0x70]	READ	1
0x00152d23	0x001537e0	UNCONDITIONAL_JUMP	0
0x00152d28	0xStack[-0x4c]	READ	1
0x00152d2f	0x001535ec	CONDITIONAL_JUMP	0
0x00152d35	0xStack[-0x48]	READ	1
0x00152d40	0x00152d3e	CONDITIONAL_JUMP	0
0x00152d4e	0x00152d3c	CONDITIONAL_JUMP	0
0x00152d50	0xStack[-0x48]	READ	1
0x00152d56	0xStack[-0x54]	WRITE	0
0x00152d59	0xStack[-0x48]	READ	1
0x00152d5f	0xStack[-0x74]	WRITE	0
0x00152d62	0xStack[-0x4c]	READ	1
0x00152d70	0xStack[-0x58]	WRITE	0
0x00152d73	0xStack[-0x54]	READ	0
0x00152d76	0x00152ecc	CONDITIONAL_JUMP	0
0x00152d83	0xStack[-0x70]	WRITE	0
0x00152d8e	0xStack[-0x58]	READ	1
0x00152d98	0x00152ecc	CONDITIONAL_JUMP	0
0x00152d9e	0xStack[-0x70]	READ	1
0x00152da5	0x00152ecc	CONDITIONAL_JUMP	0
0x00152db4	0x00152db2	CONDITIONAL_JUMP	0
0x00152dc2	0x00152db0	CONDITIONAL_JUMP	0
0x00152dc8	0x00152dd4	CONDITIONAL_JUMP	0
0x00152dce	0x00152ecc	UNCONDITIONAL_JUMP	0
0x00152dd4	0xStack[-0x74]	READ	1
0x00152dda	0xStack[-0x70]	READ	1
0x00152de0	0xStack[-0x74]	READ	1
0x00152de6	0xStack[-0x58]	READ	1
0x00152de9	0xStack[-0x70]	READ	1
0x00152df5	0xStack[-0x4c]	READ	1
0x00152e02	0xStack[0x14]	READ	1
0x00152e08	0xStack[0x14]	READ	1
0x00152e0e	0xStack[-0x54]	READ	0
0x00152e11	0x00152edc	CONDITIONAL_JUMP	0
0x00152e1a	0xStack[-0x74]	READ	1
0x00152e1d	0xStack[-0x74]	WRITE	0
0x00152e2b	0x00152edc	CONDITIONAL_JUMP	0
0x00152e37	0x00152e60	CONDITIONAL_JUMP	0
0x00152e39	0xStack[-0x74]	READ	1
0x00152e44	0x00152e42	CONDITIONAL_JUMP	0
0x00152e52	0x00152e40	CONDITIONAL_JUMP	0
0x00152e54	0xStack[-0x74]	WRITE	0
0x00152e5c	0x00152e90	UNCONDITIONAL_JUMP	0
0x00152e66	0x00152edc	CONDITIONAL_JUMP	0
0x00152e68	0xStack[-0x74]	READ	1
0x00152e7a	0x00152edc	CONDITIONAL_JUMP	0
0x00152e80	0x00152e88	CONDITIONAL_JUMP	0
0x00152e86	0x00152edc	UNCONDITIONAL_JUMP	0
0x00152e88	0xStack[-0x74]	WRITE	0
0x00152e90	0xStack[-0x70]	WRITE	0
0x00152e95	0xStack[-0x48]	READ	1
0x00152e9b	0xStack[-0x74]	READ	1
0x00152ea4	0xStack[-0x70]	READ	1
0x00152eae	0x00152eac	CONDITIONAL_JUMP	0
0x00152eb5	0xStack[-0x70]	READ	1
0x00152ebf	0x00152ea4	CONDITIONAL_JUMP	0
0x00152ec3	0xStack[-0x74]	READ	1
0x00152ec8	0x00152ef0	UNCONDITIONAL_JUMP	0
0x00152ece	0xStack[-0x48]	READ	1
0x00152ed4	0x001535ec	UNCONDITIONAL_JUMP	0
0x00152ee2	0xStack[-0x48]	READ	1
0x00152ee8	0x001537e0	UNCONDITIONAL_JUMP	0
0x00152ef5	0x00152f00	CONDITIONAL_JUMP	0
0x00152efa	0xStack[-0x5c]	WRITE	0
0x00152efd	0x00152f06	UNCONDITIONAL_JUMP	0
0x00152f03	0xStack[-0x5c]	WRITE	0
0x00152f0b	0xStack[-0x5c]	READ	1
0x00152f15	0x00152f34	CONDITIONAL_JUMP	0
0x00152f1d	0xStack[-0x70]	READ	1
0x00152f22	0xStack[-0x74]	READ	1
0x00152f26	0x0014b86c	UNCONDITIONAL_CALL	0
0x00152f2e	0x001537e0	UNCONDITIONAL_JUMP	0
0x00152f34	0xStack[-0x5c]	READ	1
0x00152f3c	0x00152f47	CONDITIONAL_JUMP	0
0x00152f3e	0xStack[-0x70]	READ	1
0x00152f45	0x00152f70	CONDITIONAL_JUMP	0
0x00152f49	0xStack[-0x5c]	READ	1
0x00152f4e	0x00152f17	UNCONDITIONAL_JUMP	0
0x00152f50	0xStack[-0x44]	READ	1
0x00152f53	0xStack[-0x70]	READ	1
0x00152f59	0x0015300d	UNCONDITIONAL_JUMP	0
0x00152f60	0xStack[-0x5c]	READ	1
0x00152f6a	0x0015305d	UNCONDITIONAL_JUMP	0
0x00152f70	0xStack[0x4]	READ	1
0x00152f73	0xStack[-0x44]	READ	1
0x00152f7c	0xStack[0x10]	READ	1
0x00152f85	0xStack[-0x74]	READ	1
0x00152f8e	0xStack[-0x70]	READ	1
0x00152f97	0x00153f34	DATA	1
0x00152f9e	0x00152fb7	CONDITIONAL_JUMP	0
0x00152fa1	0x00153f34	DATA	0
0x00152fa7	0x001592ac	UNCONDITIONAL_CALL	0
0x00152fb1	0x001531b4	CONDITIONAL_JUMP	0
0x00152fb7	0x0015746c	DATA	1
0x00152fbe	0x00153094	CONDITIONAL_JUMP	0
0x00152fc5	0x00153f34	DATA	0
0x00152fca	0xStack[-0x44]	READ	1
0x00152fce	0x001592ac	UNCONDITIONAL_CALL	0
0x00152fd8	0x00153094	CONDITIONAL_JUMP	0
0x00152fde	0xStack[-0x70]	READ	1
0x00152fe6	0x00152f50	CONDITIONAL_JUMP	0
0x00152ff2	0xStack[-0x44]	READ	1
0x0015300d	0xStack[-0x44]	READ	1
0x00153026	0xStack[-0x70]	READ	1
0x00153033	0x00152f60	CONDITIONAL_JUMP	0
0x0015303f	0xStack[-0x5c]	READ	1
0x0015305f	0xStack[-0x5c]	READ	1
0x00153064	0xStack[-0x4c]	READ	1
0x00153069	0x001577a8	UNCONDITIONAL_CALL	0
0x0015306e	0x00153f26	UNCONDITIONAL_JUMP	0
0x00153074	0xStack[-0x44]	READ	1
0x00153077	0xStack[-0x70]	READ	1
0x0015307d	0x00153105	UNCONDITIONAL_JUMP	0
0x00153084	0xStack[-0x5c]	READ	1
0x0015308e	0x00153155	UNCONDITIONAL_JUMP	0
0x00153094	0xStack[0xc]	READ	1
0x0015309d	0x00153190	CONDITIONAL_JUMP	0
0x001530a4	0x00153f34	DATA	0
0x001530a9	0xStack[-0x44]	READ	1
0x001530ad	0x001592ac	UNCONDITIONAL_CALL	0
0x001530b7	0x00153190	CONDITIONAL_JUMP	0
0x001530bd	0x00152904	DATA	1
0x001530c4	0x001530d3	CONDITIONAL_JUMP	0
0x001530cd	0x001531b4	CONDITIONAL_JUMP	0
0x001530da	0xStack[-0x70]	READ	1
0x001530e2	0x00153074	CONDITIONAL_JUMP	0
0x001530ea	0xStack[-0x44]	READ	1
0x00153105	0xStack[-0x44]	READ	1
0x0015311e	0xStack[-0x70]	READ	1
0x0015312b	0x00153084	CONDITIONAL_JUMP	0
0x00153137	0xStack[-0x5c]	READ	1
0x0015315f	0xStack[-0x4c]	READ	1
0x00153176	0xStack[-0x5c]	READ	1
0x00153189	0x00153f28	UNCONDITIONAL_JUMP	0
0x00153192	0xStack[-0x5c]	READ	1
0x00153197	0x00152f17	UNCONDITIONAL_JUMP	0
0x0015319c	0xStack[-0x44]	READ	1
0x0015319f	0xStack[-0x70]	READ	1
0x001531a5	0x001531e3	UNCONDITIONAL_JUMP	0
0x001531a8	0xStack[-0x5c]	READ	1
0x001531b2	0x0015322f	UNCONDITIONAL_JUMP	0
0x001531b8	0xStack[-0x70]	READ	1
0x001531c0	0x0015319c	CONDITIONAL_JUMP	0
0x001531c8	0xStack[-0x44]	READ	1
0x001531e3	0xStack[-0x44]	READ	1
0x001531fc	0xStack[-0x70]	READ	1
0x00153209	0x001531a8	CONDITIONAL_JUMP	0
0x00153211	0xStack[-0x5c]	READ	1
0x00153232	0xStack[-0x4c]	READ	1
0x0015323d	0xStack[-0x5c]	READ	1
0x00153242	0xStack[-0x44]	WRITE	0
0x0015324e	0xStack[-0x48]	WRITE	0
0x00153257	0xStack[0x4]	WRITE	0
0x00153260	0xStack[0x10]	WRITE	0
0x00153269	0xStack[-0x74]	WRITE	0
0x0015326c	0xStack[-0x74]	READ	1
0x00153273	0x00153271	CONDITIONAL_JUMP	0
0x0015327a	0xStack[-0x74]	READ	1
0x00153284	0x0015326c	CONDITIONAL_JUMP	0
0x00153296	0x001532b2	CONDITIONAL_JUMP	0
0x001532a2	0x001f6230	DATA	1
0x001532aa	0x0016b84c	UNCONDITIONAL_CALL	0
0x001532b2	0xStack[-0x4c]	READ	1
0x001532bb	0xStack[-0x50]	WRITE	0
0x001532be	0xStack[0x10]	READ	0
0x001532c1	0x001538d4	CONDITIONAL_JUMP	0
0x001532cf	0x001532f4	CONDITIONAL_JUMP	0
0x001532d1	0x001532e4	CONDITIONAL_JUMP	0
0x001532d6	0x00153438	CONDITIONAL_JUMP	0
0x001532dc	0x001538d4	UNCONDITIONAL_JUMP	0
0x001532e9	0x00153498	CONDITIONAL_JUMP	0
0x001532ef	0x001538d4	UNCONDITIONAL_JUMP	0
0x001532f4	0xStack[-0x4c]	READ	1
0x001532fa	0xStack[-0x74]	WRITE	0
0x001532ff	0x001538d4	CONDITIONAL_JUMP	0
0x00153308	0x001538d4	CONDITIONAL_JUMP	0
0x0015330e	0xStack[-0x48]	READ	1
0x00153318	0x00153316	CONDITIONAL_JUMP	0
0x00153326	0x00153314	CONDITIONAL_JUMP	0
0x0015332c	0x0015332a	CONDITIONAL_JUMP	0
0x0015333a	0x00153328	CONDITIONAL_JUMP	0
0x00153340	0x00153424	CONDITIONAL_JUMP	0
0x0015334b	0xStack[-0x74]	READ	1
0x00153355	0x00153424	CONDITIONAL_JUMP	0
0x0015335f	0x0015336c	CONDITIONAL_JUMP	0
0x00153365	0x00153424	UNCONDITIONAL_JUMP	0
0x0015336e	0xStack[-0x74]	READ	1
0x00153373	0xStack[-0x48]	READ	1
0x0015337c	0xStack[-0x70]	WRITE	0
0x00153381	0x00153424	CONDITIONAL_JUMP	0
0x001533ad	0xStack[-0x60]	WRITE	0
0x001533b8	0xStack[-0x74]	READ	1
0x001533c0	0xStack[-0x48]	READ	1
0x001533ce	0x001533d3	CONDITIONAL_JUMP	0
0x001533df	0x00153408	CONDITIONAL_JUMP	0
0x001533e4	0xStack[-0x74]	WRITE	0
0x001533e9	0x00153408	CONDITIONAL_JUMP	0
0x001533fb	0x0014b55c	UNCONDITIONAL_CALL	0
0x00153403	0x0015340c	UNCONDITIONAL_JUMP	0
0x0015340c	0xStack[-0x4c]	READ	1
0x00153416	0xStack[-0x60]	READ	1
0x0015341f	0x00153544	UNCONDITIONAL_JUMP	0
0x0015342a	0xStack[-0x48]	READ	1
0x00153430	0x001538d4	UNCONDITIONAL_JUMP	0
0x0015343c	0x0015343a	CONDITIONAL_JUMP	0
0x0015344a	0x00153438	CONDITIONAL_JUMP	0
0x00153450	0x001538d4	CONDITIONAL_JUMP	0
0x00153456	0xStack[-0x48]	READ	1
0x0015345c	0x00153470	CONDITIONAL_JUMP	0
0x0015346b	0x0015347f	UNCONDITIONAL_JUMP	0
0x00153475	0x0014b5d4	UNCONDITIONAL_CALL	0
0x0015347f	0xStack[-0x4c]	READ	1
0x00153493	0x00153544	UNCONDITIONAL_JUMP	0
0x0015349c	0x0015349a	CONDITIONAL_JUMP	0
0x001534aa	0x00153498	CONDITIONAL_JUMP	0
0x001534b0	0x001538d4	CONDITIONAL_JUMP	0
0x001534b6	0xStack[-0x48]	READ	1
0x001534bc	0x001534d0	CONDITIONAL_JUMP	0
0x001534cb	0x001534df	UNCONDITIONAL_JUMP	0
0x001534d5	0x0014b5d4	UNCONDITIONAL_CALL	0
0x001534df	0xStack[-0x4c]	READ	1
0x001534f3	0x001e8b54	READ	1
0x001534ff	0xStack[-0x48]	READ	1
0x0015350c	0xStack[-0x4c]	READ	1
0x00153513	0x00148d28	UNCONDITIONAL_CALL	0
0x0015351f	0x00153544	CONDITIONAL_JUMP	0
0x00153528	0xStack[-0x4c]	READ	1
0x0015352c	0xStack[0x4]	READ	1
0x00153530	0x001476ec	UNCONDITIONAL_CALL	0
0x0015353c	0x00153f28	UNCONDITIONAL_JUMP	0
0x00153544	0xStack[-0x4c]	READ	1
0x00153555	0x00153988	CONDITIONAL_JUMP	0
0x0015355b	0xStack[-0x50]	READ	1
0x0015355f	0xStack[0x4]	READ	1
0x00153563	0xStack[-0x4c]	READ	1
0x0015356a	0x00189e8c	UNCONDITIONAL_CALL	0
0x00153574	0x00153988	CONDITIONAL_JUMP	0
0x0015357a	0x001f6258	READ	0
0x00153581	0x00153988	CONDITIONAL_JUMP	0
0x00153587	0xStack[-0x4c]	READ	1
0x0015358a	0x001f6258	WRITE	0
0x00153592	0x0018df80	UNCONDITIONAL_CALL	0
0x00153597	0x00153f26	UNCONDITIONAL_JUMP	0
0x0015359d	0xStack[-0x4c]	READ	1
0x001535a1	0x0015a824	UNCONDITIONAL_CALL	0
0x001535a9	0xStack[-0x8]	DATA	0
0x001535af	0xStack[0xc]	READ	1
0x001535b3	0xStack[0x4]	READ	1
0x001535b7	0x0014758c	UNCONDITIONAL_CALL	0
0x001535c3	0x001535ce	CONDITIONAL_JUMP	0
0x001535c6	0x0018df80	UNCONDITIONAL_CALL	0
0x001535ce	0xStack[-0x8]	READ	1
0x001535d1	0xStack[-0x4c]	WRITE	0
0x001535d4	0x00152b9c	UNCONDITIONAL_JUMP	0
0x001535dd	0xStack[-0x4c]	READ	1
0x001535e1	0x0015a824	UNCONDITIONAL_CALL	0
0x001535e9	0x00153623	UNCONDITIONAL_JUMP	0
0x001535ee	0x001e8b54	READ	1
0x001535fa	0xStack[-0x48]	READ	1
0x001535fe	0xStack[-0x4c]	READ	1
0x00153602	0x00148008	UNCONDITIONAL_CALL	0
0x0015360e	0x0015362c	CONDITIONAL_JUMP	0
0x00153610	0xStack[-0x4c]	READ	1
0x00153618	0x001535dc	CONDITIONAL_JUMP	0
0x0015361b	0x00147550	UNCONDITIONAL_CALL	0
0x00153624	0x0018df80	UNCONDITIONAL_CALL	0
0x0015362c	0xStack[-0x4c]	READ	1
0x00153633	0x001537e0	CONDITIONAL_JUMP	0
0x00153640	0x0015363e	CONDITIONAL_JUMP	0
0x0015364e	0x0015363c	CONDITIONAL_JUMP	0
0x00153650	0x001f624c	READ	1
0x00153658	0x00153664	CONDITIONAL_JUMP	0
0x0015365e	0x00153700	UNCONDITIONAL_JUMP	0
0x00153668	0x001536f4	CONDITIONAL_JUMP	0
0x00153674	0x0015367f	CONDITIONAL_JUMP	0
0x00153676	0xStack[-0x4c]	READ	1
0x0015367d	0x001536f4	CONDITIONAL_JUMP	0
0x0015367f	0xStack[-0x4c]	READ	1
0x00153687	0x001536f4	CONDITIONAL_JUMP	0
0x0015368c	0x001536f4	CONDITIONAL_JUMP	0
0x0015369a	0x001536f4	CONDITIONAL_JUMP	0
0x001536a0	0x001536f0	CONDITIONAL_JUMP	0
0x001536a2	0xStack[-0x48]	READ	1
0x001536a8	0x001536f0	CONDITIONAL_JUMP	0
0x001536aa	0xStack[0x14]	READ	1
0x001536b0	0x001536f0	CONDITIONAL_JUMP	0
0x001536b6	0x001536f0	CONDITIONAL_JUMP	0
0x001536b8	0xStack[-0x74]	WRITE	0
0x001536be	0xStack[-0x74]	READ	1
0x001536c4	0xStack[-0x70]	WRITE	0
0x001536c8	0xStack[-0x70]	READ	1
0x001536cf	0x001536cd	CONDITIONAL_JUMP	0
0x001536d6	0xStack[-0x70]	READ	1
0x001536e0	0x001536c8	CONDITIONAL_JUMP	0
0x001536e4	0xStack[-0x74]	READ	1
0x001536e9	0x00152ef0	UNCONDITIONAL_JUMP	0
0x001536f8	0x001537e0	UNCONDITIONAL_JUMP	0
0x00153700	0xStack[-0x4c]	READ	1
0x00153704	0x001581a8	UNCONDITIONAL_CALL	0
0x00153709	0xStack[-0x4c]	WRITE	0
0x00153711	0x0015382d	CONDITIONAL_JUMP	0
0x00153720	0x0015371e	CONDITIONAL_JUMP	0
0x0015372e	0x0015371c	CONDITIONAL_JUMP	0
0x00153734	0x0015374c	CONDITIONAL_JUMP	0
0x00153736	0xStack[-0x48]	READ	1
0x0015373c	0x0015374c	CONDITIONAL_JUMP	0
0x0015373e	0xStack[0x14]	READ	1
0x00153744	0x0015374c	CONDITIONAL_JUMP	0
0x0015374a	0x00153760	CONDITIONAL_JUMP	0
0x00153759	0xStack[-0x4c]	READ	1
0x0015375d	0x001537a6	UNCONDITIONAL_JUMP	0
0x00153763	0xStack[-0x70]	WRITE	0
0x00153768	0xStack[-0x70]	READ	1
0x0015376f	0x0015376d	CONDITIONAL_JUMP	0
0x00153776	0xStack[-0x70]	READ	1
0x00153780	0x00153768	CONDITIONAL_JUMP	0
0x00153786	0x0015378e	CONDITIONAL_JUMP	0
0x0015378c	0x001537b0	CONDITIONAL_JUMP	0
0x00153790	0xStack[-0x70]	READ	1
0x001537a2	0xStack[-0x4c]	READ	1
0x001537a6	0x0014a764	UNCONDITIONAL_CALL	0
0x001537ae	0x0015382d	UNCONDITIONAL_JUMP	0
0x001537b5	0xStack[-0x4c]	READ	1
0x001537c0	0xStack[-0x70]	READ	1
0x001537ce	0x001532b2	CONDITIONAL_JUMP	0
0x001537d9	0x0015329d	UNCONDITIONAL_JUMP	0
0x001537e6	0xStack[-0x4c]	READ	1
0x001537ea	0x0014a764	UNCONDITIONAL_CALL	0
0x001537f6	0x0015382d	CONDITIONAL_JUMP	0
0x001537f8	0x001e8b54	READ	1
0x00153804	0xStack[-0x48]	READ	1
0x00153809	0x001491ac	UNCONDITIONAL_CALL	0
0x00153817	0xStack[-0x4c]	READ	1
0x0015381b	0xStack[0x4]	READ	1
0x0015381f	0x001476ec	UNCONDITIONAL_CALL	0
0x00153825	0x0018df80	UNCONDITIONAL_CALL	0
0x0015382d	0xStack[-0x10]	DATA	0
0x00153831	0xStack[-0xc]	DATA	0
0x00153835	0xStack[0x14]	READ	1
0x00153839	0xStack[-0x48]	READ	1
0x0015383d	0x0014ab94	UNCONDITIONAL_CALL	0
0x00153849	0x00153854	CONDITIONAL_JUMP	0
0x0015384c	0x0018df80	UNCONDITIONAL_CALL	0
0x00153854	0xStack[-0xc]	READ	1
0x00153857	0xStack[-0x70]	WRITE	0
0x0015385a	0xStack[-0x10]	READ	1
0x0015385d	0xStack[-0x74]	WRITE	0
0x00153860	0xStack[0x4]	READ	1
0x00153863	0xStack[-0x44]	READ	1
0x0015386c	0xStack[0x10]	READ	1
0x00153875	0xStack[-0x74]	READ	1
0x0015387e	0xStack[-0x70]	READ	1
0x00153887	0xStack[-0x14]	DATA	0
0x0015388b	0xStack[-0x8]	DATA	0
0x0015388f	0x00153f34	DATA	0
0x0015389d	0x0014acd4	UNCONDITIONAL_CALL	0
0x001538a7	0xStack[-0x74]	READ	1
0x001538ab	0x0014b86c	UNCONDITIONAL_CALL	0
0x001538b5	0x001538c0	CONDITIONAL_JUMP	0
0x001538b8	0x0018df80	UNCONDITIONAL_CALL	0
0x001538c0	0xStack[-0x8]	READ	1
0x001538c3	0xStack[-0x4c]	WRITE	0
0x001538c6	0xStack[-0x14]	READ	1
0x001538cf	0x001532b2	UNCONDITIONAL_JUMP	0
0x001538d4	0xStack[-0x4c]	READ	1
0x001538dd	0xStack[-0x50]	WRITE	0
0x001538e0	0xStack[0x10]	READ	0
0x001538e3	0x0015390e	CONDITIONAL_JUMP	0
0x001538e5	0xStack[-0x48]	READ	1
0x001538e9	0xStack[-0x4c]	READ	1
0x001538ed	0x00149428	UNCONDITIONAL_CALL	0
0x001538f4	0xStack[-0x4c]	READ	1
0x001538f8	0xStack[0x4]	READ	1
0x001538fc	0x001476ec	UNCONDITIONAL_CALL	0
0x00153906	0x0018df80	UNCONDITIONAL_CALL	0
0x00153910	0x001e8b54	READ	1
0x0015391c	0xStack[-0x48]	READ	1
0x00153920	0xStack[-0x4c]	READ	1
0x00153924	0x00149158	UNCONDITIONAL_CALL	0
0x00153930	0x00153544	CONDITIONAL_JUMP	0
0x0015393e	0x0015395c	CONDITIONAL_JUMP	0
0x00153940	0xStack[-0x4c]	READ	1
0x0015394a	0xStack[-0x4c]	READ	1
0x0015394e	0xStack[0x4]	READ	1
0x00153952	0x001476ec	UNCONDITIONAL_CALL	0
0x0015395a	0x00153978	UNCONDITIONAL_JUMP	0
0x0015395c	0xStack[-0x48]	READ	1
0x00153960	0xStack[-0x4c]	READ	1
0x00153964	0x00149428	UNCONDITIONAL_CALL	0
0x0015396c	0xStack[0x4]	READ	1
0x00153970	0x001476ec	UNCONDITIONAL_CALL	0
0x00153979	0x0018df80	UNCONDITIONAL_CALL	0
0x00153981	0x00153544	UNCONDITIONAL_JUMP	0
0x00153988	0xStack[-0x50]	READ	1
0x0015398c	0xStack[-0x4c]	READ	1
0x00153990	0xStack[0x4]	READ	1
0x00153994	0x001476ec	UNCONDITIONAL_CALL	0
0x0015399c	0x0018df80	UNCONDITIONAL_CALL	0
0x001539a4	0x00153bb0	UNCONDITIONAL_JUMP	0
0x001539ac	0xStack[0x8]	READ	0
0x001539b0	0x00153a64	CONDITIONAL_JUMP	0
0x001539b6	0x001e8b54	READ	1
0x001539c7	0xStack[-0x74]	WRITE	0
0x001539ca	0xStack[-0x18]	DATA	0
0x001539d0	0xStack[0xc]	READ	1
0x001539d4	0xStack[0x4]	READ	1
0x001539d8	0x0014758c	UNCONDITIONAL_CALL	0
0x001539e4	0x001539f8	CONDITIONAL_JUMP	0
0x001539e6	0x00153f28	UNCONDITIONAL_JUMP	0
0x001539ee	0x0015a824	UNCONDITIONAL_CALL	0
0x001539f3	0x00153b7d	UNCONDITIONAL_JUMP	0
0x001539fa	0xStack[-0x74]	READ	1
0x001539ff	0xStack[-0x18]	READ	1
0x00153a03	0x00148008	UNCONDITIONAL_CALL	0
0x00153a0f	0x00153a28	CONDITIONAL_JUMP	0
0x00153a11	0xStack[-0x18]	READ	1
0x00153a19	0x001539ec	CONDITIONAL_JUMP	0
0x00153a1c	0x00147550	UNCONDITIONAL_CALL	0
0x00153a21	0x00153b7d	UNCONDITIONAL_JUMP	0
0x00153a2e	0xStack[-0x18]	READ	1
0x00153a32	0x0014a764	UNCONDITIONAL_CALL	0
0x00153a3e	0x00153b7d	CONDITIONAL_JUMP	0
0x00153a44	0xStack[-0x74]	READ	1
0x00153a49	0xStack[-0x18]	READ	1
0x00153a4d	0x001491ac	UNCONDITIONAL_CALL	0
0x00153a54	0xStack[-0x18]	READ	1
0x00153a5f	0x00153b74	UNCONDITIONAL_JUMP	0
0x00153a64	0xStack[0x8]	READ	0
0x00153a68	0x00153ba0	CONDITIONAL_JUMP	0
0x00153a6e	0x001e8b54	READ	1
0x00153a80	0xStack[-0x64]	WRITE	0
0x00153a83	0xStack[-0x20]	DATA	0
0x00153a87	0xStack[-0x1c]	DATA	0
0x00153a8b	0xStack[0x14]	READ	1
0x00153a90	0xStack[-0x78]	WRITE	0
0x00153a93	0x0014ab94	UNCONDITIONAL_CALL	0
0x00153a9d	0xStack[-0x78]	READ	1
0x00153aa2	0x00153f28	CONDITIONAL_JUMP	0
0x00153aa8	0xStack[0x4]	READ	1
0x00153ab1	0xStack[0x10]	READ	1
0x00153aba	0xStack[-0x20]	READ	1
0x00153ac3	0xStack[-0x1c]	READ	1
0x00153acc	0xStack[-0x28]	DATA	0
0x00153ad0	0xStack[-0x24]	DATA	0
0x00153ad4	0x00153f34	DATA	0
0x00153ae1	0xStack[-0x1c]	READ	1
0x00153ae5	0x0014acd4	UNCONDITIONAL_CALL	0
0x00153aef	0xStack[-0x20]	READ	1
0x00153af3	0x0014b86c	UNCONDITIONAL_CALL	0
0x00153afd	0x00153b7d	CONDITIONAL_JUMP	0
0x00153aff	0xStack[-0x24]	READ	1
0x00153b02	0xStack[-0x28]	READ	1
0x00153b08	0xStack[0x10]	READ	1
0x00153b0e	0x00153b30	CONDITIONAL_JUMP	0
0x00153b12	0x00149428	UNCONDITIONAL_CALL	0
0x00153b19	0xStack[-0x24]	READ	1
0x00153b1d	0xStack[0x4]	READ	1
0x00153b21	0x001476ec	UNCONDITIONAL_CALL	0
0x00153b2b	0x00153f28	UNCONDITIONAL_JUMP	0
0x00153b32	0xStack[-0x64]	READ	1
0x00153b38	0x00149158	UNCONDITIONAL_CALL	0
0x00153b44	0x00153b84	CONDITIONAL_JUMP	0
0x00153b4e	0x00153b64	CONDITIONAL_JUMP	0
0x00153b50	0xStack[-0x24]	READ	1
0x00153b5b	0xStack[0x4]	READ	1
0x00153b5f	0x00153b78	UNCONDITIONAL_JUMP	0
0x00153b65	0xStack[-0x24]	READ	1
0x00153b69	0x00149428	UNCONDITIONAL_CALL	0
0x00153b70	0xStack[-0x24]	READ	1
0x00153b74	0xStack[0x4]	READ	1
0x00153b78	0x001476ec	UNCONDITIONAL_CALL	0
0x00153b7f	0x00153f28	UNCONDITIONAL_JUMP	0
0x00153b84	0xStack[-0x24]	READ	1
0x00153b8f	0xStack[0x4]	READ	1
0x00153b93	0x001476ec	UNCONDITIONAL_CALL	0
0x00153b98	0x00153f28	UNCONDITIONAL_JUMP	0
0x00153ba0	0xStack[0x8]	READ	0
0x00153ba4	0x00153bb0	CONDITIONAL_JUMP	0
0x00153ba8	0x0018df80	UNCONDITIONAL_CALL	0
0x00153bb0	0xStack[0x8]	READ	1
0x00153bb6	0x00153d16	CONDITIONAL_JUMP	0
0x00153bbc	0x001e8b54	READ	1
0x00153bca	0xStack[-0x74]	WRITE	0
0x00153bd0	0xStack[-0x2c]	DATA	0
0x00153bd6	0xStack[0xc]	READ	1
0x00153bda	0xStack[0x4]	READ	1
0x00153bde	0x0014758c	UNCONDITIONAL_CALL	0
0x00153bea	0x00153d0e	CONDITIONAL_JUMP	0
0x00153bf0	0xStack[0x8]	READ	0
0x00153bf4	0x00153c1c	CONDITIONAL_JUMP	0
0x00153bf6	0xStack[0x1c]	READ	0
0x00153bfa	0x00153c04	CONDITIONAL_JUMP	0
0x00153c01	0x00153c35	UNCONDITIONAL_JUMP	0
0x00153c04	0xStack[0x1c]	READ	1
0x00153c08	0x00153c1e	UNCONDITIONAL_JUMP	0
0x00153c0e	0x0015a824	UNCONDITIONAL_CALL	0
0x00153c16	0x00153d0e	UNCONDITIONAL_JUMP	0
0x00153c1f	0xStack[-0x74]	READ	1
0x00153c23	0xStack[-0x2c]	READ	1
0x00153c27	0x00148008	UNCONDITIONAL_CALL	0
0x00153c33	0x00153c50	CONDITIONAL_JUMP	0
0x00153c35	0xStack[-0x2c]	READ	1
0x00153c3d	0x00153c0c	CONDITIONAL_JUMP	0
0x00153c40	0x00147550	UNCONDITIONAL_CALL	0
0x00153c48	0x00153d0e	UNCONDITIONAL_JUMP	0
0x00153c50	0xStack[0x8]	READ	1
0x00153c56	0x00153cc8	CONDITIONAL_JUMP	0
0x00153c5f	0x00153c64	CONDITIONAL_JUMP	0
0x00153c61	0xStack[0x18]	READ	1
0x00153c67	0xStack[-0x2c]	READ	1
0x00153c6b	0x0014a764	UNCONDITIONAL_CALL	0
0x00153c7b	0x00153ce3	CONDITIONAL_JUMP	0
0x00153c7d	0xStack[-0x2c]	READ	1
0x00153c83	0xStack[0x1c]	READ	0
0x00153c87	0x00153cc0	CONDITIONAL_JUMP	0
0x00153c8d	0xStack[0x1c]	READ	1
0x00153c92	0xStack[-0x74]	READ	1
0x00153c96	0x0014a1ac	UNCONDITIONAL_CALL	0
0x00153ca2	0x00153ce7	CONDITIONAL_JUMP	0
0x00153cad	0xStack[-0x2c]	READ	1
0x00153cb1	0x0014a764	UNCONDITIONAL_CALL	0
0x00153cbb	0x00153b7d	UNCONDITIONAL_JUMP	0
0x00153cc5	0x00153ce7	UNCONDITIONAL_JUMP	0
0x00153cca	0xStack[0x18]	READ	1
0x00153cce	0xStack[0x8]	READ	1
0x00153cd5	0xStack[-0x2c]	READ	1
0x00153cd9	0x0014a764	UNCONDITIONAL_CALL	0
0x00153ce5	0x00153d0e	CONDITIONAL_JUMP	0
0x00153ce8	0xStack[-0x74]	READ	1
0x00153cec	0xStack[-0x2c]	READ	1
0x00153cf0	0x001491ac	UNCONDITIONAL_CALL	0
0x00153cf7	0xStack[-0x2c]	READ	1
0x00153d02	0xStack[0x4]	READ	1
0x00153d06	0x001476ec	UNCONDITIONAL_CALL	0
0x00153d10	0x00153b7d	CONDITIONAL_JUMP	0
0x00153d16	0xStack[0x8]	READ	1
0x00153d1c	0x00153f26	CONDITIONAL_JUMP	0
0x00153d22	0x001e8b54	READ	1
0x00153d34	0xStack[-0x68]	WRITE	0
0x00153d37	0xStack[-0x34]	DATA	0
0x00153d3b	0xStack[-0x30]	DATA	0
0x00153d3f	0xStack[0x14]	READ	1
0x00153d44	0x0014ab94	UNCONDITIONAL_CALL	0
0x00153d49	0xStack[-0x74]	WRITE	0
0x00153d51	0x00153f01	CONDITIONAL_JUMP	0
0x00153d57	0xStack[0x4]	READ	1
0x00153d60	0xStack[0x8]	READ	1
0x00153d69	0xStack[0x10]	READ	1
0x00153d72	0xStack[0x18]	READ	1
0x00153d7b	0xStack[0x1c]	READ	1
0x00153d84	0xStack[-0x34]	READ	1
0x00153d8d	0xStack[-0x30]	READ	1
0x00153d96	0xStack[0x8]	READ	1
0x00153d9c	0x00153e18	CONDITIONAL_JUMP	0
0x00153d9e	0xStack[-0x3c]	DATA	0
0x00153da2	0xStack[-0x38]	DATA	0
0x00153da6	0x00152904	DATA	0
0x00153dad	0xStack[0x18]	READ	1
0x00153db1	0xStack[0x10]	READ	1
0x00153db5	0xStack[0x8]	READ	1
0x00153dbe	0xStack[-0x30]	READ	1
0x00153dc2	0x0014acd4	UNCONDITIONAL_CALL	0
0x00153dc7	0xStack[-0x74]	WRITE	0
0x00153dcd	0xStack[-0x34]	READ	1
0x00153dd1	0x0014b86c	UNCONDITIONAL_CALL	0
0x00153dd9	0xStack[-0x74]	READ	0
0x00153ddd	0x00153e0c	CONDITIONAL_JUMP	0
0x00153ddf	0xStack[-0x74]	READ	0
0x00153de6	0x00153f01	CONDITIONAL_JUMP	0
0x00153dec	0xStack[-0x38]	READ	1
0x00153def	0xStack[-0x40]	WRITE	0
0x00153df4	0xStack[0x4]	READ	1
0x00153dfb	0xStack[-0x40]	DATA	0
0x00153dff	0x00189cec	UNCONDITIONAL_CALL	0
0x00153e04	0x00153f01	UNCONDITIONAL_JUMP	0
0x00153e0c	0xStack[-0x38]	READ	1
0x00153e0f	0xStack[-0x3c]	READ	1
0x00153e15	0x00153e8c	UNCONDITIONAL_JUMP	0
0x00153e18	0xStack[-0x3c]	DATA	0
0x00153e1c	0xStack[-0x38]	DATA	0
0x00153e20	0x00152904	DATA	0
0x00153e27	0xStack[0x18]	READ	1
0x00153e2d	0xStack[0x8]	READ	1
0x00153e36	0xStack[-0x30]	READ	1
0x00153e3a	0x0014acd4	UNCONDITIONAL_CALL	0
0x00153e3f	0xStack[-0x74]	WRITE	0
0x00153e45	0xStack[-0x34]	READ	1
0x00153e49	0x0014b86c	UNCONDITIONAL_CALL	0
0x00153e51	0xStack[-0x74]	READ	0
0x00153e55	0x00153f01	CONDITIONAL_JUMP	0
0x00153e5b	0xStack[-0x38]	READ	1
0x00153e5e	0xStack[-0x3c]	READ	1
0x00153e64	0xStack[0x10]	READ	1
0x00153e6a	0x00153e8c	CONDITIONAL_JUMP	0
0x00153e6e	0x00149428	UNCONDITIONAL_CALL	0
0x00153e75	0xStack[-0x38]	READ	1
0x00153e79	0xStack[0x4]	READ	1
0x00153e7d	0x001476ec	UNCONDITIONAL_CALL	0
0x00153e87	0x00153b7d	UNCONDITIONAL_JUMP	0
0x00153e8c	0xStack[0x8]	READ	1
0x00153e92	0x00153eac	CONDITIONAL_JUMP	0
0x00153e94	0xStack[0x1c]	READ	0
0x00153e98	0x00153ea4	CONDITIONAL_JUMP	0
0x00153e9a	0xStack[-0x74]	WRITE	0
0x00153ea1	0x00153ec8	UNCONDITIONAL_JUMP	0
0x00153ea4	0xStack[0x1c]	READ	1
0x00153ea8	0x00153eae	UNCONDITIONAL_JUMP	0
0x00153eae	0xStack[-0x68]	READ	1
0x00153eb3	0xStack[-0x38]	READ	1
0x00153eb7	0x00149158	UNCONDITIONAL_CALL	0
0x00153ebc	0xStack[-0x74]	WRITE	0
0x00153ec2	0xStack[-0x74]	READ	0
0x00153ec6	0x00153f08	CONDITIONAL_JUMP	0
0x00153ec8	0xStack[-0x74]	READ	1
0x00153ed3	0x00153ee8	CONDITIONAL_JUMP	0
0x00153ed5	0xStack[-0x38]	READ	1
0x00153ee0	0xStack[0x4]	READ	1
0x00153ee4	0x00153efc	UNCONDITIONAL_JUMP	0
0x00153ee9	0xStack[-0x38]	READ	1
0x00153eed	0x00149428	UNCONDITIONAL_CALL	0
0x00153ef4	0xStack[-0x38]	READ	1
0x00153ef8	0xStack[0x4]	READ	1
0x00153efc	0x001476ec	UNCONDITIONAL_CALL	0
0x00153f01	0xStack[-0x74]	READ	1
0x00153f04	0x00153f1e	UNCONDITIONAL_JUMP	0
0x00153f08	0xStack[-0x38]	READ	1
0x00153f13	0xStack[0x4]	READ	1
0x00153f17	0x001476ec	UNCONDITIONAL_CALL	0
0x00153f20	0x00153b7d	CONDITIONAL_JUMP	0
0x00153f28	0xStack[-0x84]	DATA	0
0x00153f3d	0x001e8b54	READ	1
0x00153f4f	0xStack[-0x10]	WRITE	0
0x00153f58	0xStack[-0x14]	WRITE	0
0x00153f61	0xStack[-0x18]	WRITE	0
0x00153f6a	0xStack[-0xc]	DATA	0
0x00153f6e	0xStack[-0x8]	DATA	0
0x00153f72	0x00153f34	DATA	0
0x00153f86	0x0014acd4	UNCONDITIONAL_CALL	0
0x00153f91	0x0014b86c	UNCONDITIONAL_CALL	0
0x00153f9b	0x00153fa6	CONDITIONAL_JUMP	0
0x00153f9e	0x0018df80	UNCONDITIONAL_CALL	0
0x00153fa6	0xStack[-0x8]	READ	1
0x00153fa9	0xStack[-0xc]	READ	1
0x00153faf	0xStack[-0x18]	READ	1
0x00153fb5	0x00153fda	CONDITIONAL_JUMP	0
0x00153fb9	0x00149428	UNCONDITIONAL_CALL	0
0x00153fc0	0xStack[-0x8]	READ	1
0x00153fc4	0xStack[-0x14]	READ	1
0x00153fc8	0x001476ec	UNCONDITIONAL_CALL	0
0x00153fd2	0x0018df80	UNCONDITIONAL_CALL	0
0x00153fdc	0xStack[-0x10]	READ	1
0x00153fe1	0xStack[-0x8]	READ	1
0x00153fe5	0x00149158	UNCONDITIONAL_CALL	0
0x00153ff1	0x0015403d	CONDITIONAL_JUMP	0
0x00153ffb	0x00154018	CONDITIONAL_JUMP	0
0x00153ffd	0xStack[-0x8]	READ	1
0x00154008	0xStack[-0x14]	READ	1
0x0015400c	0x001476ec	UNCONDITIONAL_CALL	0
0x00154014	0x00154034	UNCONDITIONAL_JUMP	0
0x00154019	0xStack[-0x8]	READ	1
0x0015401d	0x00149428	UNCONDITIONAL_CALL	0
0x00154024	0xStack[-0x8]	READ	1
0x00154028	0xStack[-0x14]	READ	1
0x0015402c	0x001476ec	UNCONDITIONAL_CALL	0
0x00154035	0x0018df80	UNCONDITIONAL_CALL	0
0x0015403d	0xStack[-0x8]	READ	1
0x00154048	0xStack[-0x14]	READ	1
0x0015404c	0x001476ec	UNCONDITIONAL_CALL	0
0x00154054	0x0018df80	UNCONDITIONAL_CALL	0
0x00154059	0xStack[-0x24]	DATA	0
0x00154069	0xStack[0x4]	READ	1
0x00154078	0x00154076	CONDITIONAL_JUMP	0
0x00154086	0x00154074	CONDITIONAL_JUMP	0
0x00154092	0x001540cc	CONDITIONAL_JUMP	0
0x00154099	0x00151c70	UNCONDITIONAL_CALL	0
0x001540ac	0x0014b86c	UNCONDITIONAL_CALL	0
0x001540b7	0x0018e050	UNCONDITIONAL_CALL	0
0x001540bc	0x0018dec0	DATA	1
0x001540c8	0x001540d2	UNCONDITIONAL_JUMP	0
0x001540d2	0xStack[-0xc]	DATA	0
0x001540df	0xStack[0x4]	READ	1
0x001540ec	0x00154188	CONDITIONAL_JUMP	0
0x001540f7	0x001541fc	CONDITIONAL_JUMP	0
0x00154102	0x0015424c	CONDITIONAL_JUMP	0
0x00154108	0x0015413c	CONDITIONAL_JUMP	0
0x0015410f	0x0015421c	CONDITIONAL_JUMP	0
0x00154115	0x00154124	CONDITIONAL_JUMP	0
0x00154119	0x001541f4	CONDITIONAL_JUMP	0
0x0015411f	0x001542a0	UNCONDITIONAL_JUMP	0
0x00154129	0x00154228	CONDITIONAL_JUMP	0
0x0015412f	0x00154240	CONDITIONAL_JUMP	0
0x00154135	0x00154234	UNCONDITIONAL_JUMP	0
0x00154141	0x0015416c	CONDITIONAL_JUMP	0
0x00154148	0x00154234	CONDITIONAL_JUMP	0
0x00154153	0x00154207	CONDITIONAL_JUMP	0
0x0015415e	0x00154210	CONDITIONAL_JUMP	0
0x00154164	0x001542a0	UNCONDITIONAL_JUMP	0
0x00154171	0x001542a0	CONDITIONAL_JUMP	0
0x0015417c	0x0015421c	CONDITIONAL_JUMP	0
0x00154182	0x001542a0	UNCONDITIONAL_JUMP	0
0x0015418d	0x0015427c	CONDITIONAL_JUMP	0
0x00154193	0x001541cc	CONDITIONAL_JUMP	0
0x0015419a	0x001542a0	CONDITIONAL_JUMP	0
0x001541a0	0x001541b4	CONDITIONAL_JUMP	0
0x001541a7	0x00154234	CONDITIONAL_JUMP	0
0x001541ad	0x001542a0	UNCONDITIONAL_JUMP	0
0x001541b9	0x00154270	CONDITIONAL_JUMP	0
0x001541bf	0x00154264	CONDITIONAL_JUMP	0
0x001541c5	0x00154258	UNCONDITIONAL_JUMP	0
0x001541d1	0x001542a0	CONDITIONAL_JUMP	0
0x001541dc	0x00154258	CONDITIONAL_JUMP	0
0x001541e3	0x001542a0	CONDITIONAL_JUMP	0
0x001541e9	0x00154294	CONDITIONAL_JUMP	0
0x001541ef	0x00154288	UNCONDITIONAL_JUMP	0
0x001541fd	0x001dea9c	DATA	0
0x00154202	0x0010c0d8	UNCONDITIONAL_CALL	0
0x001542a0	0x001deac5	DATA	0
0x001542a5	0x0010ca6c	UNCONDITIONAL_CALL	0
0x001542b9	0xStack[0x8]	READ	1
0x001542bc	0xStack[0xc]	READ	1
0x001542bf	0x001e8b54	READ	1
0x001542cd	0xStack[-0xc]	WRITE	0
0x001542d3	0xStack[-0x10]	WRITE	0
0x001542e8	0x001542f4	CONDITIONAL_JUMP	0
0x001542ef	0x0015443e	UNCONDITIONAL_JUMP	0
0x001542f4	0xStack[-0x8]	DATA	0
0x001542fa	0xStack[0x4]	READ	1
0x001542fe	0x0014758c	UNCONDITIONAL_CALL	0
0x0015430a	0x00154324	CONDITIONAL_JUMP	0
0x0015430d	0x001540dc	UNCONDITIONAL_CALL	0
0x00154312	0x0015443e	UNCONDITIONAL_JUMP	0
0x0015431a	0x0015a824	UNCONDITIONAL_CALL	0
0x00154322	0x00154351	UNCONDITIONAL_JUMP	0
0x00154324	0xStack[-0x10]	READ	1
0x00154328	0xStack[-0xc]	READ	1
0x0015432c	0xStack[-0x8]	READ	1
0x00154330	0x00149628	UNCONDITIONAL_CALL	0
0x0015433c	0x0015435c	CONDITIONAL_JUMP	0
0x0015433e	0xStack[-0x8]	READ	1
0x00154346	0x00154318	CONDITIONAL_JUMP	0
0x00154349	0x00147550	UNCONDITIONAL_CALL	0
0x00154352	0x001540dc	UNCONDITIONAL_CALL	0
0x00154357	0x0015443e	UNCONDITIONAL_JUMP	0
0x00154362	0x001543dc	CONDITIONAL_JUMP	0
0x0015436e	0x00154373	CONDITIONAL_JUMP	0
0x00154370	0xStack[0x10]	READ	1
0x0015437f	0x00154386	CONDITIONAL_JUMP	0
0x00154387	0xStack[-0x8]	READ	1
0x0015438b	0x0014a764	UNCONDITIONAL_CALL	0
0x0015439b	0x00154428	CONDITIONAL_JUMP	0
0x001543a1	0xStack[-0x8]	READ	1
0x001543ae	0xStack[-0xc]	READ	1
0x001543b2	0x0014a1ac	UNCONDITIONAL_CALL	0
0x001543be	0x0015442c	CONDITIONAL_JUMP	0
0x001543c9	0xStack[-0x8]	READ	1
0x001543cd	0x0014a764	UNCONDITIONAL_CALL	0
0x001543d7	0x0015443e	UNCONDITIONAL_JUMP	0
0x001543e2	0x00154404	CONDITIONAL_JUMP	0
0x001543e4	0x00154448	DATA	0
0x001543e9	0xStack[0x10]	READ	1
0x001543f8	0x00154419	CONDITIONAL_JUMP	0
0x001543ff	0x00154419	UNCONDITIONAL_JUMP	0
0x00154406	0xStack[0x10]	READ	1
0x00154412	0x00154419	CONDITIONAL_JUMP	0
0x0015441a	0xStack[-0x8]	READ	1
0x0015441e	0x0014a764	UNCONDITIONAL_CALL	0
0x0015442a	0x00154438	CONDITIONAL_JUMP	0
0x0015442c	0xStack[-0x8]	READ	1
0x00154430	0x00146fe0	UNCONDITIONAL_CALL	0
0x00154439	0x001540dc	UNCONDITIONAL_CALL	0
0x0015443e	0xStack[-0x1c]	DATA	0
0x0015444d	0x0018df80	UNCONDITIONAL_CALL	0
0x00154461	0xStack[0x8]	READ	1
0x00154464	0xStack[0xc]	READ	1
0x00154467	0x001e8b54	READ	1
0x00154475	0xStack[-0x1c]	WRITE	0
0x0015447b	0xStack[-0x20]	WRITE	0
0x0015447e	0xStack[-0xc]	DATA	0
0x00154482	0xStack[-0x8]	DATA	0
0x00154486	0xStack[0x10]	READ	1
0x0015448a	0xStack[-0x1c]	READ	1
0x0015448e	0x0014ab94	UNCONDITIONAL_CALL	0
0x0015449a	0x00154583	CONDITIONAL_JUMP	0
0x001544a0	0x001e8b54	READ	1
0x001544a5	0xStack[0x4]	READ	1
0x001544ba	0xStack[0x14]	READ	1
0x001544c3	0xStack[-0xc]	READ	1
0x001544cc	0xStack[-0x8]	READ	1
0x001544d5	0xStack[-0x14]	DATA	0
0x001544d9	0xStack[-0x10]	DATA	0
0x001544dd	0x00154a18	DATA	0
0x001544e4	0xStack[0x14]	READ	1
0x001544f3	0x001544f7	CONDITIONAL_JUMP	0
0x00154500	0xStack[-0x8]	READ	1
0x00154504	0x0014acd4	UNCONDITIONAL_CALL	0
0x0015450e	0xStack[-0xc]	READ	1
0x00154512	0x0014b86c	UNCONDITIONAL_CALL	0
0x0015451c	0x00154544	CONDITIONAL_JUMP	0
0x00154524	0x00154583	CONDITIONAL_JUMP	0
0x00154526	0xStack[-0x10]	READ	1
0x00154529	0xStack[-0x18]	WRITE	0
0x0015452e	0xStack[0x4]	READ	1
0x00154535	0xStack[-0x18]	DATA	0
0x00154539	0x00189cec	UNCONDITIONAL_CALL	0
0x00154541	0x00154583	UNCONDITIONAL_JUMP	0
0x00154544	0xStack[-0x10]	READ	1
0x0015454a	0x0015455c	CONDITIONAL_JUMP	0
0x0015454d	0x00146fe0	UNCONDITIONAL_CALL	0
0x00154557	0x00154589	UNCONDITIONAL_JUMP	0
0x0015455c	0xStack[-0x20]	READ	1
0x00154560	0xStack[-0x1c]	READ	1
0x00154565	0x00149c60	UNCONDITIONAL_CALL	0
0x0015456a	0xStack[-0x10]	READ	1
0x00154578	0xStack[0x4]	READ	1
0x0015457c	0x001476ec	UNCONDITIONAL_CALL	0
0x00154584	0x001540dc	UNCONDITIONAL_CALL	0
0x00154589	0xStack[-0x2c]	DATA	0
0x0015459d	0xStack[0x8]	READ	1
0x001545a0	0xStack[0xc]	READ	1
0x001545a3	0x001e8b54	READ	1
0x001545b1	0xStack[-0x14]	WRITE	0
0x001545b7	0xStack[-0x18]	WRITE	0
0x001545cc	0x001545d8	CONDITIONAL_JUMP	0
0x001545d3	0x00154a0c	UNCONDITIONAL_JUMP	0
0x001545d8	0xStack[-0x8]	DATA	0
0x001545de	0xStack[0x4]	READ	1
0x001545e2	0x0014758c	UNCONDITIONAL_CALL	0
0x001545ee	0x00154608	CONDITIONAL_JUMP	0
0x001545f1	0x001540dc	UNCONDITIONAL_CALL	0
0x001545f6	0x00154a0c	UNCONDITIONAL_JUMP	0
0x001545fe	0x0015a824	UNCONDITIONAL_CALL	0
0x00154606	0x00154635	UNCONDITIONAL_JUMP	0
0x00154608	0xStack[-0x18]	READ	1
0x0015460c	0xStack[-0x14]	READ	1
0x00154610	0xStack[-0x8]	READ	1
0x00154614	0x00149628	UNCONDITIONAL_CALL	0
0x00154620	0x00154640	CONDITIONAL_JUMP	0
0x00154622	0xStack[-0x8]	READ	1
0x0015462a	0x001545fc	CONDITIONAL_JUMP	0
0x0015462d	0x00147550	UNCONDITIONAL_CALL	0
0x00154636	0x001540dc	UNCONDITIONAL_CALL	0
0x0015463b	0x00154a0c	UNCONDITIONAL_JUMP	0
0x00154640	0xStack[-0x8]	READ	1
0x00154648	0x0015473c	CONDITIONAL_JUMP	0
0x00154651	0x0015473c	CONDITIONAL_JUMP	0
0x0015465b	0x0014b844	UNCONDITIONAL_CALL	0
0x00154668	0x00154666	CONDITIONAL_JUMP	0
0x00154676	0x00154664	CONDITIONAL_JUMP	0
0x00154678	0x001f624c	READ	1
0x00154680	0x00154738	CONDITIONAL_JUMP	0
0x0015468a	0xStack[-0x8]	READ	1
0x0015468e	0x001581a8	UNCONDITIONAL_CALL	0
0x00154693	0xStack[-0x8]	WRITE	0
0x0015469b	0x0015484c	CONDITIONAL_JUMP	0
0x001546a8	0x001546a6	CONDITIONAL_JUMP	0
0x001546b6	0x001546a4	CONDITIONAL_JUMP	0
0x001546bc	0x00154704	CONDITIONAL_JUMP	0
0x001546be	0xStack[-0x14]	READ	1
0x001546c4	0x00154704	CONDITIONAL_JUMP	0
0x001546ca	0x00154704	CONDITIONAL_JUMP	0
0x001546cc	0xStack[-0x8]	READ	1
0x001546d7	0xStack[0x10]	READ	0
0x001546da	0x00154704	CONDITIONAL_JUMP	0
0x001546e4	0x001546e2	CONDITIONAL_JUMP	0
0x001546f2	0x001546e0	CONDITIONAL_JUMP	0
0x001546f8	0x00154700	CONDITIONAL_JUMP	0
0x001546fe	0x00154724	CONDITIONAL_JUMP	0
0x00154711	0xStack[-0x8]	READ	1
0x00154715	0x0014a764	UNCONDITIONAL_CALL	0
0x0015471d	0x0015484c	UNCONDITIONAL_JUMP	0
0x00154732	0x001549dc	UNCONDITIONAL_JUMP	0
0x00154742	0x001547d4	CONDITIONAL_JUMP	0
0x00154752	0x00154757	CONDITIONAL_JUMP	0
0x00154754	0xStack[0x14]	READ	1
0x00154763	0x0015476a	CONDITIONAL_JUMP	0
0x0015476b	0xStack[-0x8]	READ	1
0x0015476f	0x0014a764	UNCONDITIONAL_CALL	0
0x0015477f	0x0015481c	CONDITIONAL_JUMP	0
0x00154785	0xStack[-0x8]	READ	1
0x00154792	0xStack[-0x14]	READ	1
0x00154796	0x0014a1ac	UNCONDITIONAL_CALL	0
0x001547a2	0x00154820	CONDITIONAL_JUMP	0
0x001547ad	0xStack[-0x8]	READ	1
0x001547b1	0x0014a764	UNCONDITIONAL_CALL	0
0x001547bb	0x001547c8	CONDITIONAL_JUMP	0
0x001547c0	0x001547c8	CONDITIONAL_JUMP	0
0x001547c3	0x0014b86c	UNCONDITIONAL_CALL	0
0x001547cd	0x00154a0c	UNCONDITIONAL_JUMP	0
0x001547da	0x001547f8	CONDITIONAL_JUMP	0
0x001547de	0xStack[0x14]	READ	1
0x001547ed	0x0015480d	CONDITIONAL_JUMP	0
0x001547f4	0x0015480d	UNCONDITIONAL_JUMP	0
0x001547fa	0xStack[0x14]	READ	1
0x00154806	0x0015480d	CONDITIONAL_JUMP	0
0x0015480e	0xStack[-0x8]	READ	1
0x00154812	0x0014a764	UNCONDITIONAL_CALL	0
0x0015481e	0x0015484c	CONDITIONAL_JUMP	0
0x00154820	0xStack[-0x8]	READ	1
0x00154824	0x00146fe0	UNCONDITIONAL_CALL	0
0x0015482e	0x0015483e	CONDITIONAL_JUMP	0
0x00154833	0x0015483e	CONDITIONAL_JUMP	0
0x00154836	0x0014b86c	UNCONDITIONAL_CALL	0
0x0015483f	0x001540dc	UNCONDITIONAL_CALL	0
0x00154844	0x00154a0c	UNCONDITIONAL_JUMP	0
0x0015484e	0x001548cd	CONDITIONAL_JUMP	0
0x00154853	0x001548cd	CONDITIONAL_JUMP	0
0x0015485c	0x0015485a	CONDITIONAL_JUMP	0
0x0015486a	0x00154858	CONDITIONAL_JUMP	0
0x0015486c	0xStack[-0x14]	READ	1
0x00154872	0x001548a0	CONDITIONAL_JUMP	0
0x00154884	0x001548cd	CONDITIONAL_JUMP	0
0x00154890	0x001f6230	DATA	1
0x00154898	0x0016b84c	UNCONDITIONAL_CALL	0
0x0015489d	0x001548cd	UNCONDITIONAL_JUMP	0
0x001548a5	0x00154907	CONDITIONAL_JUMP	0
0x001548ac	0x001548aa	CONDITIONAL_JUMP	0
0x001548ba	0x001548a8	CONDITIONAL_JUMP	0
0x001548c0	0x001548d8	CONDITIONAL_JUMP	0
0x001548d2	0x00154a0c	UNCONDITIONAL_JUMP	0
0x001548da	0x0014d734	UNCONDITIONAL_CALL	0
0x001548eb	0x00154907	CONDITIONAL_JUMP	0
0x001548f7	0x001f6230	DATA	1
0x001548ff	0x0016b84c	UNCONDITIONAL_CALL	0
0x00154910	0x0015490e	CONDITIONAL_JUMP	0
0x0015491e	0x0015490c	CONDITIONAL_JUMP	0
0x00154924	0x001e8b54	READ	1
0x00154929	0xStack[0x4]	READ	1
0x00154938	0xStack[0x10]	READ	1
0x00154941	0xStack[0x18]	READ	1
0x00154956	0xStack[-0xc]	DATA	0
0x0015495a	0xStack[-0x8]	DATA	0
0x0015495e	0x00154a18	DATA	0
0x00154971	0x00154976	CONDITIONAL_JUMP	0
0x00154973	0xStack[0x10]	READ	1
0x00154980	0x0014acd4	UNCONDITIONAL_CALL	0
0x0015498b	0x0014b86c	UNCONDITIONAL_CALL	0
0x00154995	0x001549c4	CONDITIONAL_JUMP	0
0x0015499d	0x001549ba	CONDITIONAL_JUMP	0
0x0015499f	0xStack[-0x8]	READ	1
0x001549a2	0xStack[-0x10]	WRITE	0
0x001549a7	0xStack[0x4]	READ	1
0x001549ae	0xStack[-0x10]	DATA	0
0x001549b2	0x00189cec	UNCONDITIONAL_CALL	0
0x001549bb	0x001540dc	UNCONDITIONAL_CALL	0
0x001549c0	0x00154a0c	UNCONDITIONAL_JUMP	0
0x001549c4	0xStack[-0x8]	READ	1
0x001549c7	0xStack[0x10]	READ	1
0x001549cd	0x001549dc	CONDITIONAL_JUMP	0
0x001549d0	0x00146fe0	UNCONDITIONAL_CALL	0
0x001549da	0x00154a0c	UNCONDITIONAL_JUMP	0
0x001549dc	0xStack[-0x18]	READ	1
0x001549e0	0xStack[-0x14]	READ	1
0x001549e4	0xStack[-0x8]	READ	1
0x001549e8	0x00149c60	UNCONDITIONAL_CALL	0
0x001549ed	0xStack[-0x8]	READ	1
0x001549fb	0xStack[0x4]	READ	1
0x001549ff	0x001476ec	UNCONDITIONAL_CALL	0
0x00154a07	0x001540dc	UNCONDITIONAL_CALL	0
0x00154a0c	0xStack[-0x24]	DATA	0
0x00154a21	0x001e8b54	READ	1
0x00154a2c	0xStack[-0x14]	WRITE	0
0x00154a41	0xStack[-0x18]	WRITE	0
0x00154a4a	0xStack[-0xc]	DATA	0
0x00154a4e	0xStack[-0x8]	DATA	0
0x00154a52	0x00154a18	DATA	0
0x00154a68	0x00154a6c	CONDITIONAL_JUMP	0
0x00154a76	0x0014acd4	UNCONDITIONAL_CALL	0
0x00154a80	0xStack[-0x18]	READ	1
0x00154a84	0x0014b86c	UNCONDITIONAL_CALL	0
0x00154a8e	0x00154ac2	CONDITIONAL_JUMP	0
0x00154a96	0x00154ab3	CONDITIONAL_JUMP	0
0x00154a98	0xStack[-0x8]	READ	1
0x00154a9b	0xStack[-0x10]	WRITE	0
0x00154aa0	0xStack[-0x14]	READ	1
0x00154aa7	0xStack[-0x10]	DATA	0
0x00154aab	0x00189cec	UNCONDITIONAL_CALL	0
0x00154ab4	0x001540dc	UNCONDITIONAL_CALL	0
0x00154aba	0x0018df80	UNCONDITIONAL_CALL	0
0x00154ac2	0xStack[-0x8]	READ	1
0x00154ac8	0x00154add	CONDITIONAL_JUMP	0
0x00154acb	0x00146fe0	UNCONDITIONAL_CALL	0
0x00154ad5	0x0018df80	UNCONDITIONAL_CALL	0
0x00154add	0x001e8b54	READ	1
0x00154af0	0xStack[-0x8]	READ	1
0x00154af4	0x00149c60	UNCONDITIONAL_CALL	0
0x00154af9	0xStack[-0x8]	READ	1
0x00154b07	0xStack[-0x14]	READ	1
0x00154b0b	0x001476ec	UNCONDITIONAL_CALL	0
0x00154b13	0x001540dc	UNCONDITIONAL_CALL	0
0x00154b19	0x0018df80	UNCONDITIONAL_CALL	0
0x00154b1e	0xStack[-0x24]	DATA	0
0x00154b31	0xStack[0x8]	READ	1
0x00154b3f	0x00154b95	CONDITIONAL_JUMP	0
0x00154b48	0x00154b46	CONDITIONAL_JUMP	0
0x00154b56	0x00154b44	CONDITIONAL_JUMP	0
0x00154b58	0xStack[-0x8]	WRITE	0
0x00154b63	0x00154b70	CONDITIONAL_JUMP	0
0x00154b68	0xStack[0x4]	READ	1
0x00154b6b	0x00154b70	CONDITIONAL_JUMP	0
0x00154b6d	0xStack[-0x8]	READ_WRITE	0
0x00154b74	0xStack[-0x8]	READ	0
0x00154b78	0x00154b95	CONDITIONAL_JUMP	0
0x00154b80	0x00154be2	CONDITIONAL_JUMP	0
0x00154b88	0x00100000	DATA	1
0x00154b90	0x00154b93	CONDITIONAL_JUMP	0
0x00154b97	0x001f0000	DATA	1
0x00154ba3	0x00154bb0	CONDITIONAL_JUMP	0
0x00154bab	0x00154bba	UNCONDITIONAL_JUMP	0
0x00154bb2	0x00154bba	CONDITIONAL_JUMP	0
0x00154bba	0x00200000	DATA	1
0x00154bc0	0x00154bc8	CONDITIONAL_JUMP	0
0x00154bc8	0xStack[0x18]	READ	1
0x00154bcd	0xStack[0xc]	READ	1
0x00154bd0	0xStack[0x10]	READ	1
0x00154bd6	0xStack[0x14]	READ	1
0x00154bdd	0xStack[0x18]	READ	1
0x00154be2	0xStack[-0x14]	DATA	0
0x00154bf5	0xStack[0x4]	READ	0
0x00154bf9	0x00154c08	CONDITIONAL_JUMP	0
0x00154c00	0x0015509a	UNCONDITIONAL_JUMP	0
0x00154c08	0xStack[-0x30]	WRITE	0
0x00154c0f	0xStack[0x4]	READ	1
0x00154c1c	0x00154c1a	CONDITIONAL_JUMP	0
0x00154c2a	0x00154c18	CONDITIONAL_JUMP	0
0x00154c2c	0xStack[0x4]	READ	1
0x00154c33	0x00154c6c	CONDITIONAL_JUMP	0
0x00154c3a	0xStack[-0x30]	READ	0
0x00154c3e	0x00154bfb	CONDITIONAL_JUMP	0
0x00154c40	0xStack[-0x30]	READ	1
0x00154c44	0xStack[-0x8]	READ	1
0x00154c48	0x001f622c	READ	1
0x00154c4f	0x00173e90	UNCONDITIONAL_CALL	0
0x00154c54	0xStack[-0x30]	READ	1
0x00154c58	0xStack[-0xc]	READ	1
0x00154c5c	0x001f622c	READ	1
0x00154c63	0x00173e90	UNCONDITIONAL_CALL	0
0x00154c68	0x00154bfb	UNCONDITIONAL_JUMP	0
0x00154c6c	0xStack[0x4]	READ	1
0x00154c75	0x001e89ec	READ	1
0x00154c81	0xStack[-0x40]	WRITE	0
0x00154c84	0xStack[-0x30]	READ	1
0x00154c89	0x00154d40	CONDITIONAL_JUMP	0
0x00154c96	0x00154cc0	CONDITIONAL_JUMP	0
0x00154c99	0xStack[-0x8]	READ	1
0x00154c9d	0x001f622c	READ	1
0x00154ca4	0x00173e90	UNCONDITIONAL_CALL	0
0x00154ca9	0xStack[-0x30]	READ	1
0x00154cad	0xStack[-0xc]	READ	1
0x00154cb1	0x001f622c	READ	1
0x00154cb8	0x00173e90	UNCONDITIONAL_CALL	0
0x00154cc0	0xStack[-0x40]	READ	1
0x00154cc3	0xStack[-0x30]	WRITE	0
0x00154cc8	0xStack[-0x30]	READ	1
0x00154ccc	0xStack[-0x8]	DATA	0
0x00154cd0	0x001f622c	READ	1
0x00154cd7	0x0017c5b8	UNCONDITIONAL_CALL	0
0x00154ce1	0x00154fa0	CONDITIONAL_JUMP	0
0x00154cea	0xStack[-0xc]	DATA	0
0x00154cee	0x001f622c	READ	1
0x00154cf5	0x0017c5b8	UNCONDITIONAL_CALL	0
0x00154cff	0x00154fac	CONDITIONAL_JUMP	0
0x00154d07	0xStack[-0x8]	READ	1
0x00154d0a	0xStack[-0x30]	READ	1
0x00154d11	0x001f622c	READ	1
0x00154d18	0x00175b2c	UNCONDITIONAL_CALL	0
0x00154d1f	0xStack[-0xc]	READ	1
0x00154d22	0xStack[-0x30]	READ	1
0x00154d29	0x001f622c	READ	1
0x00154d30	0x00175b2c	UNCONDITIONAL_CALL	0
0x00154d38	0x00154c18	UNCONDITIONAL_JUMP	0
0x00154d40	0xStack[-0x8]	READ	1
0x00154d43	0xStack[-0x28]	WRITE	0
0x00154d46	0xStack[-0xc]	READ	1
0x00154d49	0xStack[-0x2c]	WRITE	0
0x00154d4c	0xStack[-0x10]	WRITE	0
0x00154d53	0x0014c454	UNCONDITIONAL_CALL	0
0x00154d58	0xStack[-0x24]	WRITE	0
0x00154d5b	0xStack[0x4]	READ	1
0x00154d64	0xStack[-0x1c]	WRITE	0
0x00154d67	0xStack[-0x20]	WRITE	0
0x00154d6e	0xStack[-0x20]	READ	0
0x00154d71	0x00154e64	CONDITIONAL_JUMP	0
0x00154d77	0xStack[-0x38]	WRITE	0
0x00154d7e	0xStack[-0x3c]	WRITE	0
0x00154d84	0xStack[-0x3c]	READ	1
0x00154d89	0x001f0000	DATA	1
0x00154d8f	0x00154e4a	CONDITIONAL_JUMP	0
0x00154d9a	0xStack[-0x38]	READ	1
0x00154d9d	0xStack[-0x34]	WRITE	0
0x00154dab	0x00154e01	CONDITIONAL_JUMP	0
0x00154db4	0x00154db2	CONDITIONAL_JUMP	0
0x00154dc2	0x00154db0	CONDITIONAL_JUMP	0
0x00154dc4	0xStack[-0x40]	WRITE	0
0x00154dcf	0x00154ddc	CONDITIONAL_JUMP	0
0x00154dd4	0xStack[-0x24]	READ	1
0x00154dd7	0x00154ddc	CONDITIONAL_JUMP	0
0x00154dd9	0xStack[-0x40]	READ_WRITE	0
0x00154de0	0xStack[-0x40]	READ	0
0x00154de4	0x00154e01	CONDITIONAL_JUMP	0
0x00154dec	0x00154e4a	CONDITIONAL_JUMP	0
0x00154df4	0x00100000	DATA	1
0x00154dfc	0x00154dff	CONDITIONAL_JUMP	0
0x00154e03	0x001f0000	DATA	1
0x00154e0f	0x00154e1c	CONDITIONAL_JUMP	0
0x00154e17	0x00154e26	UNCONDITIONAL_JUMP	0
0x00154e1e	0x00154e26	CONDITIONAL_JUMP	0
0x00154e26	0x00200000	DATA	1
0x00154e2c	0x00154e34	CONDITIONAL_JUMP	0
0x00154e34	0xStack[-0x10]	READ	1
0x00154e37	0xStack[-0x34]	READ	1
0x00154e3a	0xStack[-0x28]	READ	1
0x00154e40	0xStack[-0x2c]	READ	1
0x00154e47	0xStack[-0x10]	WRITE	0
0x00154e4a	0xStack[-0x38]	READ_WRITE	0
0x00154e51	0xStack[-0x3c]	READ_WRITE	0
0x00154e55	0xStack[-0x20]	READ_WRITE	0
0x00154e58	0xStack[-0x1c]	READ	1
0x00154e5b	0xStack[-0x20]	READ	0
0x00154e5e	0x00154d84	CONDITIONAL_JUMP	0
0x00154e64	0xStack[0x4]	READ	1
0x00154e6b	0x00151618	UNCONDITIONAL_CALL	0
0x00154e75	0x00154f47	CONDITIONAL_JUMP	0
0x00154e7f	0xStack[-0x3c]	WRITE	0
0x00154e8d	0x00154ee5	CONDITIONAL_JUMP	0
0x00154e98	0x00154e96	CONDITIONAL_JUMP	0
0x00154ea6	0x00154e94	CONDITIONAL_JUMP	0
0x00154ea8	0xStack[-0x40]	WRITE	0
0x00154eb3	0x00154ec0	CONDITIONAL_JUMP	0
0x00154eb8	0xStack[-0x24]	READ	1
0x00154ebb	0x00154ec0	CONDITIONAL_JUMP	0
0x00154ebd	0xStack[-0x40]	READ_WRITE	0
0x00154ec4	0xStack[-0x40]	READ	0
0x00154ec8	0x00154ee5	CONDITIONAL_JUMP	0
0x00154ed0	0x00154f2e	CONDITIONAL_JUMP	0
0x00154ed8	0x00100000	DATA	1
0x00154ee0	0x00154ee3	CONDITIONAL_JUMP	0
0x00154ee7	0x001f0000	DATA	1
0x00154ef3	0x00154f00	CONDITIONAL_JUMP	0
0x00154efb	0x00154f0a	UNCONDITIONAL_JUMP	0
0x00154f02	0x00154f0a	CONDITIONAL_JUMP	0
0x00154f0a	0x00200000	DATA	1
0x00154f10	0x00154f18	CONDITIONAL_JUMP	0
0x00154f18	0xStack[-0x10]	READ	1
0x00154f1b	0xStack[-0x3c]	READ	1
0x00154f1e	0xStack[-0x28]	READ	1
0x00154f24	0xStack[-0x2c]	READ	1
0x00154f2b	0xStack[-0x10]	WRITE	0
0x00154f30	0xStack[0x4]	READ	1
0x00154f37	0x00151670	UNCONDITIONAL_CALL	0
0x00154f41	0x00154e7c	CONDITIONAL_JUMP	0
0x00154f47	0xStack[0x4]	READ	1
0x00154f4e	0x00151910	UNCONDITIONAL_CALL	0
0x00154f58	0xStack[0x4]	READ	1
0x00154f5e	0xStack[-0x10]	READ	1
0x00154f63	0x00154fcc	CONDITIONAL_JUMP	0
0x00154f65	0xStack[-0x14]	WRITE	0
0x00154f6c	0xStack[-0x18]	WRITE	0
0x00154f73	0xStack[-0x30]	READ	0
0x00154f77	0x00155078	CONDITIONAL_JUMP	0
0x00154f7d	0xStack[-0x30]	READ	1
0x00154f81	0xStack[-0x8]	READ	1
0x00154f85	0x001f622c	READ	1
0x00154f8c	0x00173e90	UNCONDITIONAL_CALL	0
0x00154f91	0xStack[-0x30]	READ	1
0x00154f95	0xStack[-0xc]	READ	1
0x00154f99	0x0015506c	UNCONDITIONAL_JUMP	0
0x00154fa5	0x0015509a	UNCONDITIONAL_JUMP	0
0x00154fac	0xStack[-0x30]	READ	1
0x00154fb0	0xStack[-0x8]	READ	1
0x00154fb4	0x001f622c	READ	1
0x00154fbb	0x00173e90	UNCONDITIONAL_CALL	0
0x00154fc5	0x0015509a	UNCONDITIONAL_JUMP	0
0x00154fcc	0x001e89ec	READ	1
0x00154fdc	0xStack[-0x8]	READ	1
0x00154fe4	0x001f622c	READ	1
0x00154feb	0x00175b2c	UNCONDITIONAL_CALL	0
0x00154ff2	0xStack[-0xc]	READ	1
0x00154ffa	0x001f622c	READ	1
0x00155001	0x00175b2c	UNCONDITIONAL_CALL	0
0x00155009	0xStack[-0x14]	DATA	0
0x00155010	0x001f6244	READ	1
0x00155017	0xStack[-0x8]	READ	1
0x0015501b	0x001f622c	READ	1
0x00155022	0x00178708	UNCONDITIONAL_CALL	0
0x00155027	0xStack[-0x18]	DATA	0
0x0015502e	0x001f6244	READ	1
0x00155035	0xStack[-0xc]	READ	1
0x00155039	0x001f622c	READ	1
0x00155040	0x00178708	UNCONDITIONAL_CALL	0
0x00155048	0xStack[-0x30]	READ	0
0x0015504b	0x00155078	CONDITIONAL_JUMP	0
0x0015504d	0xStack[-0x30]	READ	1
0x00155053	0xStack[-0x8]	READ	1
0x00155059	0x001f622c	READ	1
0x00155060	0x00173e90	UNCONDITIONAL_CALL	0
0x00155066	0xStack[-0xc]	READ	1
0x0015506c	0x001f622c	READ	1
0x00155073	0x00173e90	UNCONDITIONAL_CALL	0
0x00155078	0xStack[-0x14]	READ	1
0x0015507b	0xStack[0x8]	READ	1
0x00155080	0xStack[-0x10]	READ	1
0x00155083	0xStack[0xc]	READ	1
0x00155088	0xStack[-0x18]	READ	1
0x0015508b	0xStack[0x10]	READ	1
0x00155090	0xStack[-0x10]	READ	1
0x00155093	0xStack[0x14]	READ	1
0x0015509a	0xStack[-0x4c]	DATA	0
0x001550ac	0xStack[0x4]	READ	1
0x001550af	0xStack[0x8]	READ	1
0x001550b4	0x001550c0	CONDITIONAL_JUMP	0
0x001550bb	0x001550f4	UNCONDITIONAL_JUMP	0
0x001550c0	0xStack[-0x8]	DATA	0
0x001550c6	0x0014db08	UNCONDITIONAL_CALL	0
0x001550d2	0x001550f4	CONDITIONAL_JUMP	0
0x001550d4	0xStack[-0xc]	DATA	0
0x001550d8	0xStack[0xc]	READ	1
0x001550dc	0xStack[-0x8]	READ	1
0x001550e2	0x0014efa0	UNCONDITIONAL_CALL	0
0x001550eb	0x001550f2	CONDITIONAL_JUMP	0
0x001550f4	0xStack[-0x14]	DATA	0
0x00155103	0xStack[0x4]	READ	1
0x00155106	0xStack[0xc]	READ	1
0x0015510b	0x00155118	CONDITIONAL_JUMP	0
0x0015511a	0x00155121	CONDITIONAL_JUMP	0
0x0015511f	0x0015512c	CONDITIONAL_JUMP	0
0x0015512d	0xStack[0x8]	READ	1
0x00155132	0x0014c060	UNCONDITIONAL_CALL	0
0x00155142	0xStack[0x4]	READ	1
0x00155145	0xStack[0x8]	READ	1
0x00155148	0xStack[0xc]	READ	1
0x0015514d	0x00155158	CONDITIONAL_JUMP	0
0x0015515a	0x00155161	CONDITIONAL_JUMP	0
0x0015515f	0x0015516c	CONDITIONAL_JUMP	0
0x0015516f	0x0015519c	CONDITIONAL_JUMP	0
0x00155171	0x0015517c	CONDITIONAL_JUMP	0
0x00155176	0x00155184	CONDITIONAL_JUMP	0
0x00155178	0x001551c4	UNCONDITIONAL_JUMP	0
0x0015517f	0x001551b8	CONDITIONAL_JUMP	0
0x00155181	0x001551c4	UNCONDITIONAL_JUMP	0
0x00155184	0xStack[-0x8]	DATA	0
0x0015518a	0x0014ca6c	UNCONDITIONAL_CALL	0
0x00155193	0x001551c9	CONDITIONAL_JUMP	0
0x00155195	0xStack[-0x8]	READ	1
0x00155198	0x001551b0	UNCONDITIONAL_JUMP	0
0x0015519c	0xStack[-0xc]	DATA	0
0x001551a2	0x0014d674	UNCONDITIONAL_CALL	0
0x001551ab	0x001551c9	CONDITIONAL_JUMP	0
0x001551ad	0xStack[-0xc]	READ	1
0x001551b4	0x001551c9	UNCONDITIONAL_JUMP	0
0x001551ba	0x0014b95c	UNCONDITIONAL_CALL	0
0x001551c1	0x001551c9	UNCONDITIONAL_JUMP	0
0x001551d6	0xStack[0x4]	READ	1
0x001551d9	0xStack[0x8]	READ	1
0x001551dc	0xStack[0xc]	READ	1
0x001551e1	0x001551ec	CONDITIONAL_JUMP	0
0x001551ef	0x0015521c	CONDITIONAL_JUMP	0
0x001551f1	0x001551fc	CONDITIONAL_JUMP	0
0x001551f6	0x00155204	CONDITIONAL_JUMP	0
0x001551f8	0x00155244	UNCONDITIONAL_JUMP	0
0x001551ff	0x00155238	CONDITIONAL_JUMP	0
0x00155201	0x00155244	UNCONDITIONAL_JUMP	0
0x00155204	0xStack[-0x8]	DATA	0
0x0015520a	0x0014c9c4	UNCONDITIONAL_CALL	0
0x00155213	0x00155249	CONDITIONAL_JUMP	0
0x00155215	0xStack[-0x8]	READ	1
0x00155218	0x00155230	UNCONDITIONAL_JUMP	0
0x0015521c	0xStack[-0xc]	DATA	0
0x00155222	0x0014d61c	UNCONDITIONAL_CALL	0
0x0015522b	0x00155249	CONDITIONAL_JUMP	0
0x0015522d	0xStack[-0xc]	READ	1
0x00155234	0x00155249	UNCONDITIONAL_JUMP	0
0x0015523a	0x0014b928	UNCONDITIONAL_CALL	0
0x00155241	0x00155249	UNCONDITIONAL_JUMP	0
0x00155258	0xStack[0x4]	READ	1
0x0015525b	0xStack[0x8]	READ	1
0x00155260	0x0015526c	CONDITIONAL_JUMP	0
0x00155267	0x00155289	UNCONDITIONAL_JUMP	0
0x0015526c	0xStack[-0x8]	DATA	0
0x00155272	0x0014db08	UNCONDITIONAL_CALL	0
0x0015527c	0x00155289	CONDITIONAL_JUMP	0
0x0015527e	0xStack[-0x8]	READ	1
0x00155284	0x0014e154	UNCONDITIONAL_CALL	0
0x00155289	0xStack[-0x10]	DATA	0
0x0015529c	0xStack[0x4]	READ	1
0x0015529f	0xStack[0x8]	READ	1
0x001552a4	0x001552b0	CONDITIONAL_JUMP	0
0x001552ab	0x001552cd	UNCONDITIONAL_JUMP	0
0x001552b0	0xStack[-0x8]	DATA	0
0x001552b6	0x0014db08	UNCONDITIONAL_CALL	0
0x001552c0	0x001552cd	CONDITIONAL_JUMP	0
0x001552c2	0xStack[-0x8]	READ	1
0x001552c8	0x0014e3f4	UNCONDITIONAL_CALL	0
0x001552cd	0xStack[-0x10]	DATA	0
0x001552e1	0xStack[0x4]	READ	1
0x001552e4	0xStack[0xc]	READ	1
0x001552e9	0x001552f8	CONDITIONAL_JUMP	0
0x001552f0	0x00155397	UNCONDITIONAL_JUMP	0
0x001552fb	0x00155308	CONDITIONAL_JUMP	0
0x00155302	0x00155397	UNCONDITIONAL_JUMP	0
0x00155308	0xStack[-0x8]	DATA	0
0x0015530c	0xStack[0x8]	READ	1
0x00155311	0x0014db08	UNCONDITIONAL_CALL	0
0x0015531d	0x00155397	CONDITIONAL_JUMP	0
0x0015531f	0xStack[-0x10]	DATA	0
0x00155323	0xStack[-0xc]	DATA	0
0x00155327	0xStack[-0x8]	READ	1
0x0015532b	0xStack[0x8]	READ	1
0x00155330	0x0014efa0	UNCONDITIONAL_CALL	0
0x0015533c	0x00155397	CONDITIONAL_JUMP	0
0x0015534d	0xStack[-0xc]	READ	0
0x00155350	0x0015538c	CONDITIONAL_JUMP	0
0x00155355	0x00155360	CONDITIONAL_JUMP	0
0x0015535a	0x00155368	CONDITIONAL_JUMP	0
0x0015535c	0x00155374	UNCONDITIONAL_JUMP	0
0x00155363	0x00155374	CONDITIONAL_JUMP	0
0x00155365	0x00155380	UNCONDITIONAL_JUMP	0
0x00155368	0xStack[0x10]	READ	1
0x00155371	0x00155395	UNCONDITIONAL_JUMP	0
0x00155374	0xStack[-0x10]	READ	1
0x00155377	0xStack[0x10]	READ	1
0x0015537c	0x00155395	UNCONDITIONAL_JUMP	0
0x00155380	0x001deada	DATA	0
0x00155385	0x0010ca6c	UNCONDITIONAL_CALL	0
0x0015538c	0xStack[0x10]	READ	1
0x00155397	0xStack[-0x1c]	DATA	0
0x001553ad	0xStack[0x4]	READ	1
0x001553b0	0xStack[0x8]	READ	1
0x001553b3	0xStack[0xc]	READ	1
0x001553b8	0x001553c4	CONDITIONAL_JUMP	0
0x001553bf	0x001553f2	UNCONDITIONAL_JUMP	0
0x001553c7	0x001553d0	CONDITIONAL_JUMP	0
0x001553ce	0x001553f2	UNCONDITIONAL_JUMP	0
0x001553d0	0xStack[-0x8]	DATA	0
0x001553d6	0x0014db08	UNCONDITIONAL_CALL	0
0x001553e0	0x001553f2	CONDITIONAL_JUMP	0
0x001553e2	0xStack[0x10]	READ	1
0x001553e7	0xStack[-0x8]	READ	1
0x001553ed	0x0014e844	UNCONDITIONAL_CALL	0
0x001553f2	0xStack[-0x14]	DATA	0
0x00155403	0xStack[0xc]	READ	1
0x00155406	0xStack[-0x28]	DATA	0
0x0015540a	0xStack[0x8]	READ	1
0x0015540e	0xStack[0x4]	READ	1
0x00155412	0x00155a9c	UNCONDITIONAL_CALL	0
0x00155419	0x0015544c	CONDITIONAL_JUMP	0
0x0015541b	0xStack[-0x28]	READ	1
0x00155420	0xStack[-0x20]	READ	1
0x00155426	0xStack[-0x1c]	READ	1
0x0015542c	0xStack[-0x18]	READ	1
0x00155432	0xStack[-0x14]	READ	1
0x00155438	0xStack[-0x10]	READ	1
0x0015543e	0xStack[-0xc]	READ	1
0x00155444	0xStack[-0x8]	READ	1
0x0015544c	0xStack[-0x2c]	READ	1
0x0015545b	0xStack[0x4]	READ	1
0x0015545e	0xStack[0xc]	READ	1
0x00155463	0x0015546c	CONDITIONAL_JUMP	0
0x0015546a	0x001554a2	UNCONDITIONAL_JUMP	0
0x0015546f	0x00155478	CONDITIONAL_JUMP	0
0x00155476	0x001554a2	UNCONDITIONAL_JUMP	0
0x00155478	0xStack[-0x8]	DATA	0
0x0015547e	0xStack[0x8]	READ	1
0x00155483	0x0014b8b8	UNCONDITIONAL_CALL	0
0x0015548d	0x001554a2	CONDITIONAL_JUMP	0
0x00155490	0xStack[-0x8]	READ	1
0x00155494	0x0014c6ec	UNCONDITIONAL_CALL	0
0x00155499	0xStack[-0x8]	READ	1
0x001554a2	0xStack[-0xc]	READ	1
0x001554b2	0xStack[0x4]	READ	1
0x001554b7	0x001554c4	CONDITIONAL_JUMP	0
0x001554c4	0xStack[-0x8]	DATA	0
0x001554ca	0xStack[0x8]	READ	1
0x001554cf	0x0014b8b8	UNCONDITIONAL_CALL	0
0x001554d6	0x001554ec	CONDITIONAL_JUMP	0
0x001554d8	0xStack[-0x8]	READ	1
0x001554db	0xStack[0xc]	READ	1
0x001554f6	0xStack[0x4]	READ	1
0x001554fb	0x00155508	CONDITIONAL_JUMP	0
0x00155508	0xStack[-0x8]	DATA	0
0x0015550e	0xStack[0x8]	READ	1
0x00155513	0x0014b8b8	UNCONDITIONAL_CALL	0
0x0015551d	0x0015553c	CONDITIONAL_JUMP	0
0x0015551f	0xStack[0xc]	READ	1
0x00155523	0xStack[-0x8]	READ	1
0x00155527	0x0014c7ec	UNCONDITIONAL_CALL	0
0x0015552c	0xStack[-0x8]	READ	1
0x00155546	0xStack[0x8]	READ	1
0x00155549	0xStack[0x10]	READ	1
0x0015554c	0xStack[0x14]	READ	1
0x00155554	0x00155552	CONDITIONAL_JUMP	0
0x00155562	0x00155550	CONDITIONAL_JUMP	0
0x0015556e	0xStack[0x4]	READ	0
0x00155571	0x00155580	CONDITIONAL_JUMP	0
0x00155575	0xStack[0xc]	READ	0
0x00155578	0x0015557d	CONDITIONAL_JUMP	0
0x00155580	0xStack[-0x10]	DATA	0
0x00155595	0xStack[0x4]	READ	0
0x00155599	0x001555a8	CONDITIONAL_JUMP	0
0x001555a0	0x0015584c	UNCONDITIONAL_JUMP	0
0x001555a8	0x001e0d0c	READ	1
0x001555ae	0xStack[-0x1c]	WRITE	0
0x001555b1	0xStack[0x4]	READ	1
0x001555b7	0xStack[-0x2c]	WRITE	0
0x001555be	0xStack[-0x1c]	READ	1
0x001555c2	0xStack[-0x8]	DATA	0
0x001555c6	0x001f622c	READ	1
0x001555cd	0x0017c5b8	UNCONDITIONAL_CALL	0
0x001555d9	0x0015578c	CONDITIONAL_JUMP	0
0x001555e1	0xStack[-0x8]	READ	1
0x001555e4	0xStack[-0x1c]	READ	1
0x001555eb	0x001f622c	READ	1
0x001555f2	0x00175b2c	UNCONDITIONAL_CALL	0
0x001555f7	0xStack[-0xc]	DATA	0
0x001555fb	0xStack[0x8]	READ	1
0x001555ff	0xStack[0x4]	READ	1
0x00155603	0x0014db08	UNCONDITIONAL_CALL	0
0x0015560f	0x00155798	CONDITIONAL_JUMP	0
0x00155615	0xStack[-0xc]	READ	1
0x0015561a	0x001f0000	DATA	1
0x00155624	0x001557b4	CONDITIONAL_JUMP	0
0x0015562d	0xStack[-0x28]	WRITE	0
0x00155630	0xStack[-0x8]	READ	1
0x00155633	0xStack[-0x24]	WRITE	0
0x00155636	0xStack[-0x1c]	READ	1
0x0015563c	0xStack[-0x18]	WRITE	0
0x0015563f	0xStack[-0x10]	WRITE	0
0x00155646	0xStack[0x4]	READ	1
0x0015564f	0xStack[-0x20]	WRITE	0
0x00155652	0xStack[-0x34]	WRITE	0
0x0015565b	0x001556b2	CONDITIONAL_JUMP	0
0x00155664	0x001556a4	CONDITIONAL_JUMP	0
0x00155670	0x0015566e	CONDITIONAL_JUMP	0
0x0015567e	0x0015566c	CONDITIONAL_JUMP	0
0x00155683	0xStack[-0x30]	WRITE	0
0x0015568d	0xStack[-0x28]	READ	0
0x00155690	0x001556a4	CONDITIONAL_JUMP	0
0x00155692	0xStack[-0x10]	READ	1
0x00155695	0xStack[-0x18]	READ	0
0x00155698	0x001556a0	CONDITIONAL_JUMP	0
0x0015569a	0xStack[-0x24]	READ	1
0x001556a1	0xStack[-0x10]	WRITE	0
0x001556a7	0xStack[-0x34]	READ_WRITE	0
0x001556aa	0xStack[-0x20]	READ	1
0x001556ad	0xStack[-0x34]	READ	0
0x001556b0	0x00155660	CONDITIONAL_JUMP	0
0x001556b2	0xStack[-0x2c]	READ	1
0x001556b6	0x00151618	UNCONDITIONAL_CALL	0
0x001556c0	0x00155717	CONDITIONAL_JUMP	0
0x001556c8	0x00155705	CONDITIONAL_JUMP	0
0x001556d4	0x001556d2	CONDITIONAL_JUMP	0
0x001556e2	0x001556d0	CONDITIONAL_JUMP	0
0x001556ee	0xStack[-0x28]	READ	0
0x001556f1	0x00155705	CONDITIONAL_JUMP	0
0x001556f3	0xStack[-0x10]	READ	1
0x001556f6	0xStack[-0x18]	READ	0
0x001556f9	0x00155701	CONDITIONAL_JUMP	0
0x001556fb	0xStack[-0x24]	READ	1
0x00155702	0xStack[-0x10]	WRITE	0
0x00155707	0xStack[-0x2c]	READ	1
0x0015570b	0x00151670	UNCONDITIONAL_CALL	0
0x00155715	0x001556c4	CONDITIONAL_JUMP	0
0x00155717	0xStack[-0x2c]	READ	1
0x0015571b	0x00151910	UNCONDITIONAL_CALL	0
0x00155725	0xStack[0x4]	READ	1
0x0015572b	0xStack[-0x18]	READ	1
0x0015572e	0xStack[-0x10]	READ	0
0x00155731	0x00155770	CONDITIONAL_JUMP	0
0x00155733	0xStack[-0x1c]	READ	1
0x00155737	0xStack[-0x8]	READ	1
0x0015573b	0x001f622c	READ	1
0x00155742	0x00173e90	UNCONDITIONAL_CALL	0
0x00155747	0xStack[-0x10]	READ	1
0x00155751	0x001e89ec	READ	1
0x0015575c	0x001e0d0c	READ	1
0x00155762	0xStack[-0x1c]	WRITE	0
0x00155768	0x001555bc	UNCONDITIONAL_JUMP	0
0x00155770	0xStack[-0x10]	READ	1
0x00155775	0x001557d8	CONDITIONAL_JUMP	0
0x00155777	0xStack[-0x14]	WRITE	0
0x0015577e	0xStack[-0x1c]	READ	1
0x00155782	0xStack[-0x8]	READ	1
0x00155786	0x0015582e	UNCONDITIONAL_JUMP	0
0x00155791	0x0015584c	UNCONDITIONAL_JUMP	0
0x00155798	0xStack[-0x1c]	READ	1
0x0015579c	0xStack[-0x8]	READ	1
0x001557a0	0x001f622c	READ	1
0x001557a7	0x00173e90	UNCONDITIONAL_CALL	0
0x001557ae	0x0015584c	UNCONDITIONAL_JUMP	0
0x001557b6	0xStack[0x4]	READ	1
0x001557bc	0xStack[-0x1c]	READ	1
0x001557c0	0xStack[-0x8]	READ	1
0x001557c4	0x001f622c	READ	1
0x001557cb	0x00173e90	UNCONDITIONAL_CALL	0
0x001557d5	0x0015584c	UNCONDITIONAL_JUMP	0
0x001557d8	0x001e89ec	READ	1
0x001557e8	0xStack[-0x8]	READ	1
0x001557f0	0x001f622c	READ	1
0x001557f7	0x00175b2c	UNCONDITIONAL_CALL	0
0x001557fc	0xStack[-0x14]	DATA	0
0x00155803	0x001f6244	READ	1
0x0015580a	0xStack[-0x8]	READ	1
0x0015580e	0x001f622c	READ	1
0x00155815	0x00178708	UNCONDITIONAL_CALL	0
0x0015581d	0xStack[-0x1c]	READ	0
0x00155820	0x0015583a	CONDITIONAL_JUMP	0
0x00155822	0xStack[-0x1c]	READ	1
0x00155828	0xStack[-0x8]	READ	1
0x0015582e	0x001f622c	READ	1
0x00155835	0x00173e90	UNCONDITIONAL_CALL	0
0x0015583a	0xStack[-0x14]	READ	1
0x0015583d	0xStack[0xc]	READ	1
0x00155842	0xStack[-0x10]	READ	1
0x00155845	0xStack[0x10]	READ	1
0x0015584c	0xStack[-0x40]	DATA	0
0x00155861	0xStack[0x4]	READ	1
0x00155864	0xStack[0xc]	READ	1
0x00155869	0x00155874	CONDITIONAL_JUMP	0
0x00155870	0x001558df	UNCONDITIONAL_JUMP	0
0x00155874	0xStack[-0x8]	DATA	0
0x00155878	0xStack[0x8]	READ	1
0x0015587d	0x0014db08	UNCONDITIONAL_CALL	0
0x00155887	0x001558df	CONDITIONAL_JUMP	0
0x00155889	0xStack[-0x8]	READ	1
0x00155890	0x001558c6	CONDITIONAL_JUMP	0
0x00155897	0x001558a0	CONDITIONAL_JUMP	0
0x0015589b	0x001558d7	UNCONDITIONAL_JUMP	0
0x001558a2	0x00145e98	UNCONDITIONAL_CALL	0
0x001558a7	0xStack[-0x8]	WRITE	0
0x001558af	0x001558c0	CONDITIONAL_JUMP	0
0x001558bb	0x001558df	UNCONDITIONAL_JUMP	0
0x001558c4	0x001558d4	CONDITIONAL_JUMP	0
0x001558d0	0x001558df	UNCONDITIONAL_JUMP	0
0x001558da	0x0014d79c	UNCONDITIONAL_CALL	0
0x001558df	0xStack[-0x14]	DATA	0
0x001558f5	0xStack[0x4]	READ	1
0x001558f8	0xStack[0xc]	READ	1
0x001558fb	0xStack[0x10]	READ	1
0x001558fe	0xStack[0x14]	READ	1
0x00155901	0xStack[0x18]	READ	1
0x00155906	0x00155914	CONDITIONAL_JUMP	0
0x0015590d	0x001559e1	UNCONDITIONAL_JUMP	0
0x00155917	0x00155924	CONDITIONAL_JUMP	0
0x0015591e	0x001559e1	UNCONDITIONAL_JUMP	0
0x00155927	0x0015599c	CONDITIONAL_JUMP	0
0x00155929	0x00155934	CONDITIONAL_JUMP	0
0x0015592e	0x00155940	CONDITIONAL_JUMP	0
0x00155930	0x00155944	UNCONDITIONAL_JUMP	0
0x00155937	0x001559c4	CONDITIONAL_JUMP	0
0x0015593d	0x00155944	UNCONDITIONAL_JUMP	0
0x00155942	0x00155950	CONDITIONAL_JUMP	0
0x00155949	0x001559e1	UNCONDITIONAL_JUMP	0
0x00155950	0xStack[-0x8]	DATA	0
0x00155956	0xStack[0x8]	READ	1
0x0015595b	0x0014b8b8	UNCONDITIONAL_CALL	0
0x00155965	0x001559e1	CONDITIONAL_JUMP	0
0x00155967	0xStack[-0xc]	DATA	0
0x0015596c	0xStack[-0x8]	READ	1
0x00155970	0x0014c67c	UNCONDITIONAL_CALL	0
0x00155978	0xStack[-0xc]	READ	1
0x0015597d	0x00155992	CONDITIONAL_JUMP	0
0x00155981	0x00155992	CONDITIONAL_JUMP	0
0x00155986	0x0014d050	UNCONDITIONAL_CALL	0
0x0015598b	0xStack[-0xc]	WRITE	0
0x00155992	0xStack[-0xc]	READ	1
0x00155997	0x001559df	UNCONDITIONAL_JUMP	0
0x0015599c	0xStack[-0x10]	DATA	0
0x001559a2	0xStack[0x8]	READ	1
0x001559a7	0x0014b8b8	UNCONDITIONAL_CALL	0
0x001559b1	0x001559e1	CONDITIONAL_JUMP	0
0x001559b6	0xStack[-0x10]	READ	1
0x001559ba	0x0014c6a0	UNCONDITIONAL_CALL	0
0x001559bf	0x001559df	UNCONDITIONAL_JUMP	0
0x001559d1	0xStack[0x8]	READ	1
0x001559d6	0x0014dbd4	UNCONDITIONAL_CALL	0
0x001559dd	0x001559e1	CONDITIONAL_JUMP	0
0x001559e1	0xStack[-0x1c]	DATA	0
0x001559f1	0xStack[0x4]	READ	1
0x001559f4	0xStack[0x8]	READ	1
0x001559f7	0xStack[0xc]	READ	1
0x001559fa	0xStack[0x10]	READ	1
0x001559ff	0x00155a08	CONDITIONAL_JUMP	0
0x00155a06	0x00155a3b	UNCONDITIONAL_JUMP	0
0x00155a0a	0x00155a19	CONDITIONAL_JUMP	0
0x00155a0f	0x00155a19	CONDITIONAL_JUMP	0
0x00155a17	0x00155a20	CONDITIONAL_JUMP	0
0x00155a1e	0x00155a3b	UNCONDITIONAL_JUMP	0
0x00155a22	0x00155a29	CONDITIONAL_JUMP	0
0x00155a27	0x00155a30	CONDITIONAL_JUMP	0
0x00155a2e	0x00155a3b	UNCONDITIONAL_JUMP	0
0x00155a36	0x0014beb4	UNCONDITIONAL_CALL	0
0x00155a3b	0xStack[-0xc]	DATA	0
0x00155a4a	0xStack[0x4]	READ	1
0x00155a4d	0xStack[0xc]	READ	1
0x00155a50	0xStack[0x14]	READ	1
0x00155a55	0x00155a60	CONDITIONAL_JUMP	0
0x00155a5c	0x00155a92	UNCONDITIONAL_JUMP	0
0x00155a66	0x00155a70	CONDITIONAL_JUMP	0
0x00155a6d	0x00155a92	UNCONDITIONAL_JUMP	0
0x00155a70	0xStack[0x10]	READ	1
0x00155a75	0xStack[0x8]	READ	1
0x00155a7a	0x0014bbec	UNCONDITIONAL_CALL	0
0x00155a86	0x00155a90	CONDITIONAL_JUMP	0
0x00155a89	0x0014bb40	UNCONDITIONAL_CALL	0
0x00155a92	0xStack[-0x10]	DATA	0
0x00155aa4	0xStack[0x4]	READ	1
0x00155aa7	0xStack[0xc]	READ	1
0x00155aac	0x00155ab8	CONDITIONAL_JUMP	0
0x00155ab3	0x00155bd8	UNCONDITIONAL_JUMP	0
0x00155ab8	0xStack[-0x8]	DATA	0
0x00155abe	0xStack[0x8]	READ	1
0x00155ac3	0x0014b8b8	UNCONDITIONAL_CALL	0
0x00155acd	0x00155bd8	CONDITIONAL_JUMP	0
0x00155ad3	0xStack[-0x8]	READ	1
0x00155adb	0x00155b5c	CONDITIONAL_JUMP	0
0x00155ae4	0x00155ae2	CONDITIONAL_JUMP	0
0x00155af2	0x00155ae0	CONDITIONAL_JUMP	0
0x00155af8	0x00155b2c	CONDITIONAL_JUMP	0
0x00155afa	0xStack[-0x8]	READ	1
0x00155aff	0x0014d734	UNCONDITIONAL_CALL	0
0x00155b10	0x00155b5c	CONDITIONAL_JUMP	0
0x00155b1c	0x001f6230	DATA	1
0x00155b24	0x0016b84c	UNCONDITIONAL_CALL	0
0x00155b29	0x00155b5c	UNCONDITIONAL_JUMP	0
0x00155b38	0x00155b36	CONDITIONAL_JUMP	0
0x00155b46	0x00155b34	CONDITIONAL_JUMP	0
0x00155b48	0xStack[-0x8]	READ	1
0x00155b5a	0x00155b8a	UNCONDITIONAL_JUMP	0
0x00155b62	0xStack[-0x8]	READ	1
0x00155b6c	0x00155b6a	CONDITIONAL_JUMP	0
0x00155b7a	0x00155b68	CONDITIONAL_JUMP	0
0x00155b7c	0xStack[-0x8]	READ	1
0x00155b8a	0xStack[-0x8]	READ	1
0x00155bd8	0xStack[-0x10]	DATA	0
0x00155bed	0xStack[0x4]	READ	1
0x00155bf0	0xStack[0x8]	READ	1
0x00155bf3	0xStack[0xc]	READ	1
0x00155bf6	0xStack[-0x8]	DATA	0
0x00155bfc	0x0014db08	UNCONDITIONAL_CALL	0
0x00155c06	0x00155c40	CONDITIONAL_JUMP	0
0x00155c08	0xStack[-0x10]	DATA	0
0x00155c0c	0xStack[-0xc]	DATA	0
0x00155c10	0xStack[-0x8]	READ	1
0x00155c16	0x0014efa0	UNCONDITIONAL_CALL	0
0x00155c1d	0x00155c40	CONDITIONAL_JUMP	0
0x00155c1f	0xStack[-0xc]	READ	1
0x00155c28	0x00155c48	CONDITIONAL_JUMP	0
0x00155c35	0x00155c40	CONDITIONAL_JUMP	0
0x00155c3c	0x00155c6d	UNCONDITIONAL_JUMP	0
0x00155c45	0x00155c6d	UNCONDITIONAL_JUMP	0
0x00155c48	0xStack[-0x8]	READ	1
0x00155c54	0x00155c52	CONDITIONAL_JUMP	0
0x00155c62	0x00155c50	CONDITIONAL_JUMP	0
0x00155c6d	0xStack[-0x1c]	DATA	0
0x00155c7b	0xStack[0x4]	READ	1
0x00155c7e	0x001f0000	DATA	1
0x00155c88	0x00155cc0	CONDITIONAL_JUMP	0
0x00155c8a	0x00155c9c	CONDITIONAL_JUMP	0
0x00155c91	0x00155cb7	CONDITIONAL_JUMP	0
0x00155c98	0x00155cc0	CONDITIONAL_JUMP	0
0x00155c9a	0x00155cd8	UNCONDITIONAL_JUMP	0
0x00155ca1	0x00155ccc	CONDITIONAL_JUMP	0
0x00155ca3	0x00155cb0	CONDITIONAL_JUMP	0
0x00155caa	0x00155cb7	CONDITIONAL_JUMP	0
0x00155cac	0x00155cd8	UNCONDITIONAL_JUMP	0
0x00155cb0	0x00100000	DATA	1
0x00155cb5	0x00155cd8	CONDITIONAL_JUMP	0
0x00155cd8	0x001deafd	DATA	0
0x00155cdd	0x0010ca6c	UNCONDITIONAL_CALL	0
0x00155cf1	0xStack[0x14]	READ	1
0x00155cf5	0xStack[0x10]	READ	1
0x00155cf9	0xStack[0xc]	READ	1
0x00155cfd	0xStack[0x8]	READ	1
0x00155d01	0xStack[0x4]	READ	1
0x00155d05	0x00154bec	UNCONDITIONAL_CALL	0
0x00155d11	0x00155e84	CONDITIONAL_JUMP	0
0x00155d19	0xStack[-0x10]	WRITE	0
0x00155d1c	0xStack[0x10]	READ	1
0x00155d21	0xStack[-0x18]	WRITE	0
0x00155d24	0xStack[-0xc]	WRITE	0
0x00155d27	0x001e89ec	READ	1
0x00155d33	0xStack[-0x14]	WRITE	0
0x00155d36	0xStack[-0x8]	DATA	0
0x00155d3c	0xStack[-0x14]	READ	1
0x00155d40	0x001f622c	READ	1
0x00155d47	0xStack[-0x18]	READ	1
0x00155d4b	0x001f6244	READ	1
0x00155d52	0x00178708	UNCONDITIONAL_CALL	0
0x00155d5e	0x00155dbc	CONDITIONAL_JUMP	0
0x00155d69	0x001e89ec	READ	1
0x00155d75	0xStack[0x10]	READ	1
0x00155d7b	0x001f6244	READ	1
0x00155d82	0x00173e90	UNCONDITIONAL_CALL	0
0x00155d87	0xStack[0xc]	READ	1
0x00155d93	0x001e89ec	READ	1
0x00155d9f	0xStack[0x8]	READ	1
0x00155da5	0x001f6244	READ	1
0x00155dac	0x00173e90	UNCONDITIONAL_CALL	0
0x00155db6	0x00155e90	UNCONDITIONAL_JUMP	0
0x00155dbc	0xStack[-0x14]	READ	1
0x00155dc0	0xStack[-0xc]	READ	1
0x00155dc4	0x001f6244	READ	1
0x00155dcb	0x0017c620	UNCONDITIONAL_CALL	0
0x00155dd3	0xStack[-0x8]	READ	1
0x00155dd8	0xStack[-0x10]	READ	0
0x00155ddb	0x00155e57	CONDITIONAL_JUMP	0
0x00155de2	0x001f0000	DATA	1
0x00155dec	0x00155e24	CONDITIONAL_JUMP	0
0x00155dee	0x00155e00	CONDITIONAL_JUMP	0
0x00155df5	0x00155e1b	CONDITIONAL_JUMP	0
0x00155dfc	0x00155e24	CONDITIONAL_JUMP	0
0x00155dfe	0x00155e3c	UNCONDITIONAL_JUMP	0
0x00155e05	0x00155e30	CONDITIONAL_JUMP	0
0x00155e07	0x00155e14	CONDITIONAL_JUMP	0
0x00155e0e	0x00155e1b	CONDITIONAL_JUMP	0
0x00155e10	0x00155e3c	UNCONDITIONAL_JUMP	0
0x00155e14	0x00100000	DATA	1
0x00155e19	0x00155e3c	CONDITIONAL_JUMP	0
0x00155e1b	0xStack[-0x1c]	WRITE	0
0x00155e22	0x00155e49	UNCONDITIONAL_JUMP	0
0x00155e24	0xStack[-0x1c]	WRITE	0
0x00155e2b	0x00155e49	UNCONDITIONAL_JUMP	0
0x00155e30	0xStack[-0x1c]	WRITE	0
0x00155e37	0x00155e49	UNCONDITIONAL_JUMP	0
0x00155e3c	0x001deafd	DATA	0
0x00155e41	0x0010ca6c	UNCONDITIONAL_CALL	0
0x00155e49	0xStack[-0x1c]	READ	1
0x00155e52	0xStack[-0x10]	READ	0
0x00155e55	0x00155de0	CONDITIONAL_JUMP	0
0x00155e57	0xStack[-0xc]	DATA	0
0x00155e5d	0xStack[-0x14]	READ	1
0x00155e61	0x001f6244	READ	1
0x00155e68	0xStack[-0x8]	READ	1
0x00155e6c	0x001f622c	READ	1
0x00155e73	0x00178708	UNCONDITIONAL_CALL	0
0x00155e7a	0xStack[-0xc]	READ	1
0x00155e7d	0xStack[0x10]	READ	1
0x00155e82	0x00155e8e	UNCONDITIONAL_JUMP	0
0x00155e87	0x00155e8e	CONDITIONAL_JUMP	0
0x00155e90	0xStack[-0x28]	DATA	0
0x00155ea5	0xStack[0x4]	READ	1
0x00155ea8	0xStack[-0x8]	DATA	0
0x00155ead	0x00155eed	CONDITIONAL_JUMP	0
0x00155eaf	0xStack[-0xc]	DATA	0
0x00155eb3	0xStack[0x8]	READ	1
0x00155eb8	0x0014db08	UNCONDITIONAL_CALL	0
0x00155ec4	0x00155ee9	CONDITIONAL_JUMP	0
0x00155ec6	0xStack[-0x10]	DATA	0
0x00155ecb	0xStack[-0xc]	READ	1
0x00155ecf	0xStack[0x8]	READ	1
0x00155ed4	0x0014efa0	UNCONDITIONAL_CALL	0
0x00155ee0	0x00155ee7	CONDITIONAL_JUMP	0
0x00155eeb	0x00155ef4	CONDITIONAL_JUMP	0
0x00155ef2	0x00155f5d	UNCONDITIONAL_JUMP	0
0x00155ef4	0xStack[-0x8]	READ	1
0x00155ef7	0x001f0000	DATA	1
0x00155f01	0x00155f3c	CONDITIONAL_JUMP	0
0x00155f03	0x00155f18	CONDITIONAL_JUMP	0
0x00155f0a	0x00155f33	CONDITIONAL_JUMP	0
0x00155f11	0x00155f3c	CONDITIONAL_JUMP	0
0x00155f13	0x00155f4c	UNCONDITIONAL_JUMP	0
0x00155f1d	0x00155f44	CONDITIONAL_JUMP	0
0x00155f1f	0x00155f2c	CONDITIONAL_JUMP	0
0x00155f26	0x00155f33	CONDITIONAL_JUMP	0
0x00155f28	0x00155f4c	UNCONDITIONAL_JUMP	0
0x00155f2c	0x00100000	DATA	1
0x00155f31	0x00155f4c	CONDITIONAL_JUMP	0
0x00155f38	0x00155f56	UNCONDITIONAL_JUMP	0
0x00155f41	0x00155f56	UNCONDITIONAL_JUMP	0
0x00155f49	0x00155f56	UNCONDITIONAL_JUMP	0
0x00155f4c	0x001deafd	DATA	0
0x00155f51	0x0010ca6c	UNCONDITIONAL_CALL	0
0x00155f56	0xStack[0xc]	READ	1
0x00155f5d	0xStack[-0x1c]	DATA	0
0x00155f6b	0xStack[0x4]	READ	1
0x00155f6e	0xStack[0xc]	READ	1
0x00155f73	0x00155f7c	CONDITIONAL_JUMP	0
0x00155f7a	0x00155f9b	UNCONDITIONAL_JUMP	0
0x00155f7e	0x00155f85	CONDITIONAL_JUMP	0
0x00155f83	0x00155f8c	CONDITIONAL_JUMP	0
0x00155f8a	0x00155f9b	UNCONDITIONAL_JUMP	0
0x00155f8d	0xStack[0x8]	READ	1
0x00155f92	0x0014c060	UNCONDITIONAL_CALL	0
0x00155f99	0x00155fa5	CONDITIONAL_JUMP	0
0x00155f9e	0x00155fa5	CONDITIONAL_JUMP	0
0x00155fb3	0xStack[0x4]	READ	1
0x00155fb8	0x00155fc4	CONDITIONAL_JUMP	0
0x00155fbf	0x00155ff0	UNCONDITIONAL_JUMP	0
0x00155fc4	0xStack[-0x8]	DATA	0
0x00155fc8	0xStack[0x8]	READ	1
0x00155fcd	0x0014d328	UNCONDITIONAL_CALL	0
0x00155fd6	0x00155fe4	CONDITIONAL_JUMP	0
0x00155fd8	0xStack[-0x8]	READ	1
0x00155fdf	0x00155fee	UNCONDITIONAL_JUMP	0
0x00155fe7	0x00155fee	CONDITIONAL_JUMP	0
0x00155ff0	0xStack[-0xc]	READ	1
0x00156000	0xStack[0x4]	READ	1
0x00156003	0xStack[0x8]	READ	1
0x00156008	0x00156036	CONDITIONAL_JUMP	0
0x0015600a	0xStack[-0x8]	DATA	0
0x00156010	0x0014db08	UNCONDITIONAL_CALL	0
0x0015601a	0x00156036	CONDITIONAL_JUMP	0
0x0015601c	0xStack[-0x10]	DATA	0
0x00156020	0xStack[-0xc]	DATA	0
0x00156024	0xStack[-0x8]	READ	1
0x0015602a	0x0014efa0	UNCONDITIONAL_CALL	0
0x00156034	0x00156040	CONDITIONAL_JUMP	0
0x0015603b	0x00156062	UNCONDITIONAL_JUMP	0
0x00156040	0xStack[-0xa]	READ	0
0x00156044	0x00156058	CONDITIONAL_JUMP	0
0x00156046	0xStack[-0x8]	READ	1
0x0015604c	0x0014e154	UNCONDITIONAL_CALL	0
0x00156053	0x00156062	UNCONDITIONAL_JUMP	0
0x00156062	0xStack[-0x18]	DATA	0
0x00156075	0xStack[0x4]	READ	1
0x00156078	0xStack[0x8]	READ	1
0x0015607b	0xStack[0xc]	READ	1
0x00156080	0x0015608a	CONDITIONAL_JUMP	0
0x00156088	0x00156094	CONDITIONAL_JUMP	0
0x0015608f	0x00156121	UNCONDITIONAL_JUMP	0
0x00156094	0xStack[-0xc]	DATA	0
0x0015609a	0x0014db08	UNCONDITIONAL_CALL	0
0x001560a4	0x0015608a	CONDITIONAL_JUMP	0
0x001560a6	0xStack[-0x14]	DATA	0
0x001560aa	0xStack[-0x10]	DATA	0
0x001560ae	0xStack[-0xc]	READ	1
0x001560b4	0x0014efa0	UNCONDITIONAL_CALL	0
0x001560be	0x0015608a	CONDITIONAL_JUMP	0
0x001560c0	0xStack[-0x10]	READ	1
0x001560c9	0x001560e4	CONDITIONAL_JUMP	0
0x001560db	0x0015610a	CONDITIONAL_JUMP	0
0x001560e2	0x00156121	UNCONDITIONAL_JUMP	0
0x001560e4	0xStack[-0xc]	READ	1
0x001560f0	0x001560ee	CONDITIONAL_JUMP	0
0x001560fe	0x001560ec	CONDITIONAL_JUMP	0
0x00156105	0xStack[-0x8]	WRITE	0
0x0015610c	0x00156121	CONDITIONAL_JUMP	0
0x0015610f	0xStack[-0x8]	READ	1
0x00156113	0x0014c6ec	UNCONDITIONAL_CALL	0
0x00156118	0xStack[-0x8]	READ	1
0x00156121	0xStack[-0x20]	DATA	0
0x00156135	0xStack[0x4]	READ	1
0x00156138	0xStack[0xc]	READ	1
0x0015613d	0x0015614c	CONDITIONAL_JUMP	0
0x00156144	0x0015621f	UNCONDITIONAL_JUMP	0
0x0015614f	0x00156158	CONDITIONAL_JUMP	0
0x00156153	0x0015615f	UNCONDITIONAL_JUMP	0
0x0015615a	0x0015615f	CONDITIONAL_JUMP	0
0x0015615f	0xStack[-0xc]	DATA	0
0x00156163	0xStack[0x8]	READ	1
0x00156168	0x0014db08	UNCONDITIONAL_CALL	0
0x00156172	0x0015613f	CONDITIONAL_JUMP	0
0x00156174	0xStack[-0x14]	DATA	0
0x00156178	0xStack[-0x10]	DATA	0
0x0015617c	0xStack[-0xc]	READ	1
0x00156180	0xStack[0x8]	READ	1
0x00156185	0x0014efa0	UNCONDITIONAL_CALL	0
0x0015618f	0x0015613f	CONDITIONAL_JUMP	0
0x00156191	0xStack[-0x10]	READ	1
0x0015619a	0x001561b8	CONDITIONAL_JUMP	0
0x001561ac	0x001561de	CONDITIONAL_JUMP	0
0x001561b3	0x0015621f	UNCONDITIONAL_JUMP	0
0x001561b8	0xStack[-0xc]	READ	1
0x001561c4	0x001561c2	CONDITIONAL_JUMP	0
0x001561d2	0x001561c0	CONDITIONAL_JUMP	0
0x001561d9	0xStack[-0x8]	WRITE	0
0x001561e0	0x0015621f	CONDITIONAL_JUMP	0
0x001561e2	0xStack[-0x18]	DATA	0
0x001561e7	0xStack[-0x8]	READ	1
0x001561eb	0x0014c67c	UNCONDITIONAL_CALL	0
0x001561f3	0xStack[-0x18]	READ	1
0x001561f8	0x00156215	CONDITIONAL_JUMP	0
0x001561fc	0x00156208	CONDITIONAL_JUMP	0
0x00156200	0xStack[-0x18]	WRITE	0
0x00156203	0x00156215	UNCONDITIONAL_JUMP	0
0x00156209	0x0014b5d4	UNCONDITIONAL_CALL	0
0x0015620e	0xStack[-0x18]	WRITE	0
0x00156215	0xStack[-0x18]	READ	1
0x00156218	0xStack[0x10]	READ	1
0x0015621f	0xStack[-0x24]	DATA	0
0x00156235	0xStack[0x4]	READ	1
0x00156238	0xStack[0x8]	READ	1
0x0015623d	0x0015627a	CONDITIONAL_JUMP	0
0x0015623f	0xStack[-0x8]	DATA	0
0x00156245	0x0014db08	UNCONDITIONAL_CALL	0
0x0015624f	0x0015627a	CONDITIONAL_JUMP	0
0x00156251	0xStack[-0x10]	DATA	0
0x00156255	0xStack[-0xc]	DATA	0
0x00156259	0xStack[-0x8]	READ	1
0x0015625f	0x0014efa0	UNCONDITIONAL_CALL	0
0x00156269	0x0015627a	CONDITIONAL_JUMP	0
0x0015626b	0xStack[-0xc]	READ	1
0x00156273	0x00156284	CONDITIONAL_JUMP	0
0x0015627f	0x00156370	UNCONDITIONAL_JUMP	0
0x00156289	0x0015633c	CONDITIONAL_JUMP	0
0x0015628f	0xStack[-0x8]	READ	1
0x0015629c	0x0015629a	CONDITIONAL_JUMP	0
0x001562aa	0x00156298	CONDITIONAL_JUMP	0
0x001562b6	0x0015630c	CONDITIONAL_JUMP	0
0x001562c0	0x001562be	CONDITIONAL_JUMP	0
0x001562ce	0x001562bc	CONDITIONAL_JUMP	0
0x001562d4	0x001562e0	CONDITIONAL_JUMP	0
0x001562dd	0x0015630e	UNCONDITIONAL_JUMP	0
0x001562e2	0x0014d734	UNCONDITIONAL_CALL	0
0x001562f3	0x0015630c	CONDITIONAL_JUMP	0
0x001562ff	0x001f6230	DATA	1
0x00156307	0x0016b84c	UNCONDITIONAL_CALL	0
0x00156318	0xStack[0x18]	READ	1
0x00156321	0xStack[0x1c]	READ	1
0x0015632a	0xStack[0xc]	READ	1
0x0015632f	0xStack[0x10]	READ	1
0x00156334	0xStack[0x14]	READ	1
0x00156339	0x0015636e	UNCONDITIONAL_JUMP	0
0x00156341	0xStack[0x18]	READ	1
0x0015634a	0xStack[0x1c]	READ	1
0x00156353	0xStack[0xc]	READ	1
0x0015635c	0xStack[0x10]	READ	1
0x00156365	0xStack[0x14]	READ	1
0x00156370	0xStack[-0x20]	DATA	0
0x00156383	0xStack[0x4]	READ	1
0x00156388	0x00156394	CONDITIONAL_JUMP	0
0x0015638f	0x001563c0	UNCONDITIONAL_JUMP	0
0x00156394	0xStack[-0x8]	DATA	0
0x00156398	0xStack[0x8]	READ	1
0x0015639d	0x0014d61c	UNCONDITIONAL_CALL	0
0x001563a6	0x001563b4	CONDITIONAL_JUMP	0
0x001563a8	0xStack[-0x8]	READ	1
0x001563af	0x001563be	UNCONDITIONAL_JUMP	0
0x001563b7	0x001563be	CONDITIONAL_JUMP	0
0x001563c0	0xStack[-0xc]	READ	1
0x001563d0	0xStack[0x4]	READ	1
0x001563d3	0xStack[0x8]	READ	1
0x001563d8	0x001563e4	CONDITIONAL_JUMP	0
0x001563df	0x00156416	UNCONDITIONAL_JUMP	0
0x001563e4	0xStack[-0x8]	DATA	0
0x001563ea	0x0014db08	UNCONDITIONAL_CALL	0
0x001563f4	0x00156416	CONDITIONAL_JUMP	0
0x001563f6	0xStack[-0x8]	READ	1
0x001563fd	0x0015640c	CONDITIONAL_JUMP	0
0x00156402	0x0014e154	UNCONDITIONAL_CALL	0
0x00156407	0x00156416	UNCONDITIONAL_JUMP	0
0x00156416	0xStack[-0x10]	DATA	0
0x00156428	0xStack[0x4]	READ	1
0x0015642b	0xStack[0xc]	READ	1
0x00156430	0x001564a5	CONDITIONAL_JUMP	0
0x00156432	0xStack[-0x8]	DATA	0
0x00156438	0x0014db08	UNCONDITIONAL_CALL	0
0x00156442	0x001564a5	CONDITIONAL_JUMP	0
0x00156444	0xStack[-0x10]	DATA	0
0x00156448	0xStack[-0xc]	DATA	0
0x0015644c	0xStack[-0x8]	READ	1
0x00156452	0x0014efa0	UNCONDITIONAL_CALL	0
0x0015645c	0x001564a5	CONDITIONAL_JUMP	0
0x0015645e	0xStack[-0xc]	READ	1
0x00156467	0x00156480	CONDITIONAL_JUMP	0
0x00156474	0x001564a5	CONDITIONAL_JUMP	0
0x0015647b	0x001564b7	UNCONDITIONAL_JUMP	0
0x00156480	0xStack[-0x8]	READ	1
0x00156486	0xStack[0x8]	READ	1
0x0015648b	0x00145e98	UNCONDITIONAL_CALL	0
0x00156490	0xStack[-0x8]	WRITE	0
0x00156498	0x001564a0	CONDITIONAL_JUMP	0
0x0015649e	0x001564ac	CONDITIONAL_JUMP	0
0x001564aa	0x001564b7	UNCONDITIONAL_JUMP	0
0x001564b2	0x0014d79c	UNCONDITIONAL_CALL	0
0x001564b7	0xStack[-0x18]	DATA	0
0x001564c8	0xStack[0x4]	READ	1
0x001564cb	0xStack[0x8]	READ	1
0x001564d0	0x00156520	CONDITIONAL_JUMP	0
0x001564d2	0xStack[-0x8]	DATA	0
0x001564d8	0x0014db08	UNCONDITIONAL_CALL	0
0x001564e2	0x00156520	CONDITIONAL_JUMP	0
0x001564e4	0xStack[-0x10]	DATA	0
0x001564e8	0xStack[-0xc]	DATA	0
0x001564ec	0xStack[-0x8]	READ	1
0x001564f2	0x0014efa0	UNCONDITIONAL_CALL	0
0x001564fc	0x00156520	CONDITIONAL_JUMP	0
0x001564fe	0xStack[-0xc]	READ	1
0x00156507	0x00156528	CONDITIONAL_JUMP	0
0x00156514	0x00156520	CONDITIONAL_JUMP	0
0x0015651b	0x00156537	UNCONDITIONAL_JUMP	0
0x00156525	0x00156537	UNCONDITIONAL_JUMP	0
0x00156528	0xStack[-0x8]	READ	1
0x00156532	0x0014d79c	UNCONDITIONAL_CALL	0
0x00156537	0xStack[-0x18]	DATA	0
0x00156543	0xStack[0x10]	READ	1
0x00156547	0xStack[0xc]	READ	1
0x0015654b	0xStack[0x8]	READ	1
0x0015654f	0xStack[0x4]	READ	1
0x00156553	0x0015558c	UNCONDITIONAL_CALL	0
0x0015655a	0x00156566	CONDITIONAL_JUMP	0
0x0015655f	0x00156566	CONDITIONAL_JUMP	0
0x0015656f	0xStack[0x4]	READ	1
0x00156572	0xStack[0x8]	READ	1
0x00156575	0xStack[0xc]	READ	1
0x0015657a	0x0015658e	CONDITIONAL_JUMP	0
0x0015657e	0x0015658e	CONDITIONAL_JUMP	0
0x00156583	0x0015658e	CONDITIONAL_JUMP	0
0x00156587	0x0015658e	CONDITIONAL_JUMP	0
0x0015658c	0x00156598	CONDITIONAL_JUMP	0
0x0015659d	0x0014c318	UNCONDITIONAL_CALL	0
0x001565a5	0x001565c5	CONDITIONAL_JUMP	0
0x001565a7	0x001565bc	CONDITIONAL_JUMP	0
0x001565ac	0x001565c5	CONDITIONAL_JUMP	0
0x001565b1	0x001565c0	CONDITIONAL_JUMP	0
0x001565be	0x001565c5	CONDITIONAL_JUMP	0
0x001565cf	0xStack[0x4]	READ	1
0x001565d4	0x001565e0	CONDITIONAL_JUMP	0
0x001565e0	0xStack[0xc]	READ	1
0x001565e8	0xStack[0x8]	READ	1
0x001565ed	0x0014c11c	UNCONDITIONAL_CALL	0
0x001565f4	0x001565fb	CONDITIONAL_JUMP	0
0x00156603	0xStack[0x4]	READ	1
0x00156606	0xStack[0x8]	READ	1
0x00156609	0xStack[0xc]	READ	1
0x0015660e	0x00156622	CONDITIONAL_JUMP	0
0x00156612	0x00156622	CONDITIONAL_JUMP	0
0x00156617	0x00156622	CONDITIONAL_JUMP	0
0x0015661b	0x00156622	CONDITIONAL_JUMP	0
0x00156620	0x0015662c	CONDITIONAL_JUMP	0
0x00156631	0x0014c318	UNCONDITIONAL_CALL	0
0x00156639	0x00156659	CONDITIONAL_JUMP	0
0x0015663b	0x00156650	CONDITIONAL_JUMP	0
0x00156640	0x00156659	CONDITIONAL_JUMP	0
0x00156645	0x00156654	CONDITIONAL_JUMP	0
0x00156652	0x00156659	CONDITIONAL_JUMP	0
0x00156663	0xStack[0x4]	READ	1
0x00156668	0x00156674	CONDITIONAL_JUMP	0
0x00156674	0xStack[0xc]	READ	1
0x0015667c	0xStack[0x8]	READ	1
0x00156681	0x0014c11c	UNCONDITIONAL_CALL	0
0x00156688	0x0015668f	CONDITIONAL_JUMP	0
0x0015669c	0x001e90ac	WRITE	0
0x0015669c	0x001e90b0	WRITE	0
0x001566aa	0x0015669c	CONDITIONAL_JUMP	0
0x001566bb	0x001e8b54	READ	1
0x001566c1	0x0018be68	UNCONDITIONAL_CALL	0
0x001566c6	0xStack[-0xc]	WRITE	0
0x001566c9	0x001e9050	READ	1
0x001566cf	0xStack[-0x8]	WRITE	0
0x001566db	0x001566fc	CONDITIONAL_JUMP	0
0x001566dd	0x001566ec	CONDITIONAL_JUMP	0
0x001566e1	0x001568c5	CONDITIONAL_JUMP	0
0x001566e7	0x001568b8	UNCONDITIONAL_JUMP	0
0x001566ef	0x001568b8	CONDITIONAL_JUMP	0
0x001566f5	0x001568c5	UNCONDITIONAL_JUMP	0
0x001566fc	0x001e8758	READ	1
0x00156705	0x00156748	CONDITIONAL_JUMP	0
0x0015670b	0x00156731	CONDITIONAL_JUMP	0
0x0015670f	0x00156748	CONDITIONAL_JUMP	0
0x0015671d	0x00156748	CONDITIONAL_JUMP	0
0x00156723	0x00156731	CONDITIONAL_JUMP	0
0x0015672f	0x00156748	CONDITIONAL_JUMP	0
0x00156731	0x001e90ac	READ	1
0x0015673a	0x001e90ac	WRITE	0
0x00156741	0x001e90ac	READ	1
0x00156748	0x001e90ac	READ	1
0x00156755	0x001e90ac	WRITE	0
0x0015675c	0x001e90ac	READ	1
0x00156763	0x001e90ac	READ	1
0x0015676c	0x001568c5	CONDITIONAL_JUMP	0
0x00156776	0x0015689c	CONDITIONAL_JUMP	0
0x0015677c	0xStack[-0x8]	READ	1
0x00156786	0x0015689c	CONDITIONAL_JUMP	0
0x0015678c	0xStack[-0x8]	READ	1
0x0015679c	0x00156818	CONDITIONAL_JUMP	0
0x001567a4	0xStack[-0x14]	WRITE	0
0x001567ad	0xStack[-0x8]	READ	1
0x001567b6	0xStack[-0x10]	WRITE	0
0x001567c2	0x001567cb	CONDITIONAL_JUMP	0
0x001567c4	0x001567cb	CONDITIONAL_JUMP	0
0x001567c9	0x001567e8	CONDITIONAL_JUMP	0
0x001567cb	0xStack[-0x14]	READ	0
0x001567cf	0x001567fc	CONDITIONAL_JUMP	0
0x001567d3	0x001567fc	CONDITIONAL_JUMP	0
0x001567d5	0x0015689c	CONDITIONAL_JUMP	0
0x001567db	0xStack[-0x10]	READ	0
0x001567df	0x001567fc	CONDITIONAL_JUMP	0
0x001567e1	0x0015689c	UNCONDITIONAL_JUMP	0
0x001567e8	0xStack[-0x10]	READ	0
0x001567ec	0x001567fc	CONDITIONAL_JUMP	0
0x001567ee	0xStack[-0x14]	READ	0
0x001567f2	0x001567fc	CONDITIONAL_JUMP	0
0x001567f6	0x0015689c	CONDITIONAL_JUMP	0
0x00156800	0x001568c5	CONDITIONAL_JUMP	0
0x00156806	0xStack[-0x8]	READ	1
0x00156813	0x001568c5	UNCONDITIONAL_JUMP	0
0x0015681a	0xStack[-0x8]	READ	1
0x00156824	0x001568c5	CONDITIONAL_JUMP	0
0x00156831	0x001568c5	CONDITIONAL_JUMP	0
0x00156842	0x00156890	CONDITIONAL_JUMP	0
0x00156850	0x0015684e	CONDITIONAL_JUMP	0
0x0015685e	0x0015684c	CONDITIONAL_JUMP	0
0x00156870	0x00156888	CONDITIONAL_JUMP	0
0x00156874	0x00156882	CONDITIONAL_JUMP	0
0x0015687a	0x00156882	CONDITIONAL_JUMP	0
0x00156880	0x00156878	CONDITIONAL_JUMP	0
0x00156899	0x001568c5	CONDITIONAL_JUMP	0
0x0015689c	0x001e90ac	READ	1
0x001568a5	0x001e90ac	WRITE	0
0x001568ac	0x001e90ac	READ	1
0x001568b3	0x001568c5	UNCONDITIONAL_JUMP	0
0x001568b8	0x001deb22	DATA	0
0x001568bd	0x0010ca6c	UNCONDITIONAL_CALL	0
0x001568c5	0xStack[-0xc]	READ	1
0x001568c9	0x0018b544	UNCONDITIONAL_CALL	0
0x001568ce	0xStack[-0x20]	DATA	0
0x001568e1	0xStack[0x4]	READ	1
0x001568e4	0xStack[0xc]	READ	1
0x001568e7	0x001e8b54	READ	1
0x001568ef	0x00156904	CONDITIONAL_JUMP	0
0x001568f1	0x001deb58	DATA	0
0x001568f6	0xStack[-0x8]	WRITE	0
0x001568f9	0x0010ca6c	UNCONDITIONAL_CALL	0
0x00156904	0xStack[0x10]	READ	1
0x00156914	0x00156912	CONDITIONAL_JUMP	0
0x00156922	0x00156910	CONDITIONAL_JUMP	0
0x0015692c	0x00156933	CONDITIONAL_JUMP	0
0x00156931	0x00156940	CONDITIONAL_JUMP	0
0x0015693b	0x00156966	UNCONDITIONAL_JUMP	0
0x00156944	0x00156942	CONDITIONAL_JUMP	0
0x00156952	0x00156940	CONDITIONAL_JUMP	0
0x00156960	0x00156974	CONDITIONAL_JUMP	0
0x00156967	0xStack[0x8]	READ	1
0x0015696c	0x00156be0	UNCONDITIONAL_CALL	0
0x00156971	0x001569b3	UNCONDITIONAL_JUMP	0
0x00156984	0xStack[0x8]	READ	1
0x0015699a	0x001598a0	UNCONDITIONAL_CALL	0
0x001569a4	0x00159900	UNCONDITIONAL_CALL	0
0x001569ae	0x00156cc8	UNCONDITIONAL_CALL	0
0x001569b3	0xStack[-0x14]	DATA	0
0x001569c9	0xStack[0x4]	READ	1
0x001569cc	0xStack[0xc]	READ	1
0x001569cf	0x001e8b54	READ	1
0x001569d7	0x001569ec	CONDITIONAL_JUMP	0
0x001569d9	0x001deb58	DATA	0
0x001569de	0xStack[-0x8]	WRITE	0
0x001569e1	0x0010ca6c	UNCONDITIONAL_CALL	0
0x001569ec	0x0018dec0	DATA	1
0x00156a00	0x001569fe	CONDITIONAL_JUMP	0
0x00156a0e	0x001569fc	CONDITIONAL_JUMP	0
0x00156a18	0x00156a1f	CONDITIONAL_JUMP	0
0x00156a1d	0x00156a2c	CONDITIONAL_JUMP	0
0x00156a27	0x00156a52	UNCONDITIONAL_JUMP	0
0x00156a30	0x00156a2e	CONDITIONAL_JUMP	0
0x00156a3e	0x00156a2c	CONDITIONAL_JUMP	0
0x00156a4c	0x00156a60	CONDITIONAL_JUMP	0
0x00156a53	0xStack[0x8]	READ	1
0x00156a58	0x00156be0	UNCONDITIONAL_CALL	0
0x00156a5d	0x00156a9f	UNCONDITIONAL_JUMP	0
0x00156a70	0xStack[0x8]	READ	1
0x00156a86	0x001598a0	UNCONDITIONAL_CALL	0
0x00156a90	0x00159900	UNCONDITIONAL_CALL	0
0x00156a9a	0x00156cc8	UNCONDITIONAL_CALL	0
0x00156a9f	0xStack[-0x14]	DATA	0
0x00156ab5	0xStack[0x4]	READ	1
0x00156ab8	0x001e8b54	READ	1
0x00156ac1	0xStack[-0x8]	WRITE	0
0x00156aca	0xStack[-0xc]	WRITE	0
0x00156ad3	0xStack[-0x10]	WRITE	0
0x00156adc	0xStack[-0x14]	WRITE	0
0x00156ae3	0x00156af8	CONDITIONAL_JUMP	0
0x00156ae5	0x001deb58	DATA	0
0x00156aea	0xStack[-0x18]	WRITE	0
0x00156aed	0x0010ca6c	UNCONDITIONAL_CALL	0
0x00156b0c	0x00156b0a	CONDITIONAL_JUMP	0
0x00156b1a	0x00156b08	CONDITIONAL_JUMP	0
0x00156b24	0x00156b2b	CONDITIONAL_JUMP	0
0x00156b29	0x00156b38	CONDITIONAL_JUMP	0
0x00156b33	0x00156b5e	UNCONDITIONAL_JUMP	0
0x00156b3c	0x00156b3a	CONDITIONAL_JUMP	0
0x00156b4a	0x00156b38	CONDITIONAL_JUMP	0
0x00156b58	0x00156b70	CONDITIONAL_JUMP	0
0x00156b5e	0xStack[0xc]	READ	1
0x00156b62	0xStack[0x8]	READ	1
0x00156b67	0x00156be0	UNCONDITIONAL_CALL	0
0x00156b6c	0x00156bb5	UNCONDITIONAL_JUMP	0
0x00156b80	0xStack[0x8]	READ	1
0x00156b89	0xStack[0xc]	READ	1
0x00156b93	0xStack[0x8]	READ	1
0x00156b9c	0x001598a0	UNCONDITIONAL_CALL	0
0x00156ba6	0x00159900	UNCONDITIONAL_CALL	0
0x00156bb0	0x00156cc8	UNCONDITIONAL_CALL	0
0x00156bb5	0xStack[-0x8]	READ	1
0x00156bbb	0xStack[-0xc]	READ	1
0x00156bc4	0xStack[-0x10]	READ	1
0x00156bcd	0xStack[-0x14]	READ	1
0x00156bd6	0xStack[-0x24]	DATA	0
0x00156be6	0x001e8b54	READ	1
0x00156bf8	0x00156bf6	CONDITIONAL_JUMP	0
0x00156c06	0x00156bf4	CONDITIONAL_JUMP	0
0x00156c0d	0x00156c14	CONDITIONAL_JUMP	0
0x00156c12	0x00156c20	CONDITIONAL_JUMP	0
0x00156c19	0x00156c90	UNCONDITIONAL_CALL	0
0x00156c1e	0x00156c86	UNCONDITIONAL_JUMP	0
0x00156c24	0x00156c22	CONDITIONAL_JUMP	0
0x00156c32	0x00156c20	CONDITIONAL_JUMP	0
0x00156c3d	0x00156c4c	CONDITIONAL_JUMP	0
0x00156c43	0x00156c90	UNCONDITIONAL_CALL	0
0x00156c48	0x00156c86	UNCONDITIONAL_JUMP	0
0x00156c60	0xStack[0xc]	READ	1
0x00156c64	0xStack[0x8]	READ	1
0x00156c68	0xStack[0x4]	READ	1
0x00156c6d	0x001598a0	UNCONDITIONAL_CALL	0
0x00156c77	0x00159900	UNCONDITIONAL_CALL	0
0x00156c81	0x00156cc8	UNCONDITIONAL_CALL	0
0x00156c86	0xStack[-0x10]	DATA	0
0x00156c94	0x001e8b54	READ	1
0x00156ca1	0x00156cb2	CONDITIONAL_JUMP	0
0x00156ca4	0x001678b4	UNCONDITIONAL_CALL	0
0x00156cb0	0x00156ca4	CONDITIONAL_JUMP	0
0x00156cb6	0x00165cc0	UNCONDITIONAL_CALL	0
0x00156cbb	0x001678b4	UNCONDITIONAL_CALL	0
0x00156cc0	0xStack[-0x8]	READ	1
0x00156cd1	0x001e8b54	READ	1
0x00156cd7	0xStack[-0x10]	WRITE	0
0x00156cda	0x001f6258	READ	1
0x00156ce2	0x00156cf0	CONDITIONAL_JUMP	0
0x00156ce4	0x001f6258	WRITE	0
0x00156cee	0x00156d1e	UNCONDITIONAL_JUMP	0
0x00156cf5	0x0015a75c	UNCONDITIONAL_CALL	0
0x00156d01	0x00156d10	CONDITIONAL_JUMP	0
0x00156d03	0x001deb70	DATA	0
0x00156d08	0x0010ca6c	UNCONDITIONAL_CALL	0
0x00156d25	0xStack[-0x10]	READ	1
0x00156d34	0x00156d32	CONDITIONAL_JUMP	0
0x00156d42	0x00156d30	CONDITIONAL_JUMP	0
0x00156d44	0xStack[-0x10]	READ	1
0x00156d4d	0xStack[-0x14]	WRITE	0
0x00156d52	0x00156dc0	CONDITIONAL_JUMP	0
0x00156d54	0xStack[-0x10]	READ	1
0x00156d5d	0xStack[-0x28]	WRITE	0
0x00156d62	0xStack[-0x10]	READ	1
0x00156d6b	0x001f6250	READ	1
0x00156d72	0x0014d1a4	UNCONDITIONAL_CALL	0
0x00156d77	0xStack[-0x14]	WRITE	0
0x00156d7a	0xStack[-0x28]	READ	1
0x00156d84	0x00156d82	CONDITIONAL_JUMP	0
0x00156d92	0x00156d80	CONDITIONAL_JUMP	0
0x00156d94	0xStack[-0x14]	READ	0
0x00156d98	0x00156da6	CONDITIONAL_JUMP	0
0x00156d9a	0xStack[-0x10]	READ	1
0x00156da4	0x00156db3	CONDITIONAL_JUMP	0
0x00156da6	0x001deb80	DATA	0
0x00156dab	0x0010ca6c	UNCONDITIONAL_CALL	0
0x00156db3	0xStack[-0x14]	READ	1
0x00156db6	0xStack[-0x10]	READ	1
0x00156dc0	0xStack[-0x14]	READ	1
0x00156dc7	0x00156dc5	CONDITIONAL_JUMP	0
0x00156dce	0xStack[-0x14]	READ	1
0x00156dd8	0x00156dc0	CONDITIONAL_JUMP	0
0x00156ddc	0xStack[-0x10]	READ	1
0x00156df5	0xStack[-0x18]	WRITE	0
0x00156df8	0xStack[-0x18]	READ	1
0x00156dff	0x00156dfd	CONDITIONAL_JUMP	0
0x00156e06	0xStack[-0x18]	READ	1
0x00156e10	0x00156df8	CONDITIONAL_JUMP	0
0x00156e14	0xStack[-0x14]	READ	1
0x00156e1e	0xStack[0x4]	READ	1
0x00156e28	0x00156e38	CONDITIONAL_JUMP	0
0x00156e2c	0xStack[-0x18]	READ	1
0x00156e31	0x001572c0	UNCONDITIONAL_JUMP	0
0x00156e38	0xStack[0x4]	READ	1
0x00156e3f	0x00156e77	CONDITIONAL_JUMP	0
0x00156e41	0x001f624c	READ	1
0x00156e49	0x00156e77	CONDITIONAL_JUMP	0
0x00156e4b	0xStack[0x4]	READ	1
0x00156e53	0x00156e60	CONDITIONAL_JUMP	0
0x00156e58	0xStack[-0x28]	WRITE	0
0x00156e5b	0x00156e66	UNCONDITIONAL_JUMP	0
0x00156e63	0xStack[-0x28]	WRITE	0
0x00156e6b	0xStack[-0x28]	READ	1
0x00156e75	0x00156e8c	CONDITIONAL_JUMP	0
0x00156e79	0xStack[-0x18]	READ	1
0x00156e80	0xStack[0x4]	READ	1
0x00156e85	0x001572c0	UNCONDITIONAL_JUMP	0
0x00156e8e	0xStack[0x4]	READ	1
0x00156e93	0xStack[-0x28]	READ	1
0x00156e9b	0x00156edf	CONDITIONAL_JUMP	0
0x00156e9d	0xStack[-0x10]	READ	1
0x00156ea4	0x00156edf	CONDITIONAL_JUMP	0
0x00156ea9	0x00153f34	DATA	1
0x00156eae	0x00156ec9	CONDITIONAL_JUMP	0
0x00156eb0	0x00152904	DATA	1
0x00156eb5	0x00156edf	CONDITIONAL_JUMP	0
0x00156ebe	0x00156edf	CONDITIONAL_JUMP	0
0x00156ec7	0x00156edf	CONDITIONAL_JUMP	0
0x00156eca	0x0015746c	DATA	0
0x00156ecf	0xStack[-0x10]	READ	1
0x00156ed3	0x001592ac	UNCONDITIONAL_CALL	0
0x00156edd	0x00156f0c	CONDITIONAL_JUMP	0
0x00156ee1	0xStack[-0x18]	READ	1
0x00156ee8	0xStack[-0x28]	READ	1
0x00156eed	0x001572c0	UNCONDITIONAL_JUMP	0
0x00156ef4	0xStack[-0x10]	READ	1
0x00156ef7	0xStack[-0x18]	READ	1
0x00156efd	0x00156f37	UNCONDITIONAL_JUMP	0
0x00156f00	0xStack[-0x28]	READ	1
0x00156f0a	0x00156f83	UNCONDITIONAL_JUMP	0
0x00156f0c	0xStack[-0x18]	READ	1
0x00156f14	0x00156ef4	CONDITIONAL_JUMP	0
0x00156f1c	0xStack[-0x10]	READ	1
0x00156f37	0xStack[-0x10]	READ	1
0x00156f50	0xStack[-0x18]	READ	1
0x00156f5d	0x00156f00	CONDITIONAL_JUMP	0
0x00156f65	0xStack[-0x28]	READ	1
0x00156f85	0xStack[-0x28]	READ	1
0x00156f90	0xStack[-0x28]	WRITE	0
0x00156f94	0xStack[-0x28]	READ	1
0x00156f9b	0x00156f99	CONDITIONAL_JUMP	0
0x00156fa2	0xStack[-0x28]	READ	1
0x00156fac	0x00156f94	CONDITIONAL_JUMP	0
0x00156fbe	0x00156fda	CONDITIONAL_JUMP	0
0x00156fca	0x001f6230	DATA	1
0x00156fd2	0x0016b84c	UNCONDITIONAL_CALL	0
0x00156fdd	0xStack[-0x1c]	WRITE	0
0x00156fe9	0xStack[-0x20]	WRITE	0
0x00157008	0x001deb64	READ	1
0x00157011	0x001deb64	READ	1
0x0015701a	0x001deb68	READ	1
0x00157023	0xStack[0x10]	READ	1
0x00157029	0x001deb68	READ	1
0x00157032	0xStack[0x14]	READ	1
0x00157038	0x001deb68	READ	1
0x00157041	0xStack[0x18]	READ	1
0x0015704e	0x00157082	CONDITIONAL_JUMP	0
0x00157057	0xStack[0x4]	READ	1
0x0015705d	0xStack[-0x14]	READ	1
0x00157063	0xStack[0x8]	READ	1
0x00157069	0xStack[0xc]	READ	1
0x00157070	0x00146fe0	UNCONDITIONAL_CALL	0
0x0015707a	0x0018df80	UNCONDITIONAL_CALL	0
0x00157082	0xStack[-0x20]	READ	1
0x0015708c	0x0015708a	CONDITIONAL_JUMP	0
0x0015709a	0x00157088	CONDITIONAL_JUMP	0
0x0015709c	0xStack[0x4]	READ	1
0x001570a3	0x001570a1	CONDITIONAL_JUMP	0
0x001570aa	0xStack[0x4]	READ	1
0x001570b4	0x0015709c	CONDITIONAL_JUMP	0
0x001570ba	0x001570cd	CONDITIONAL_JUMP	0
0x001570c1	0xStack[-0x14]	READ	1
0x001570cb	0x0015713f	CONDITIONAL_JUMP	0
0x001570cf	0xStack[0x4]	READ	1
0x001570d6	0xStack[-0x20]	READ	1
0x001570dc	0xStack[-0x1c]	READ	1
0x001570e5	0xStack[0x4]	READ	1
0x001570eb	0xStack[-0x14]	READ	1
0x001570f3	0xStack[-0x20]	READ	1
0x001570f7	0xStack[-0x1c]	READ	1
0x001570fb	0x00148564	UNCONDITIONAL_CALL	0
0x00157100	0xStack[-0x28]	WRITE	0
0x00157108	0x0015720f	CONDITIONAL_JUMP	0
0x0015710e	0xStack[0x8]	READ	1
0x00157114	0xStack[0xc]	READ	1
0x0015711a	0xStack[-0x20]	READ	1
0x0015711f	0x00149428	UNCONDITIONAL_CALL	0
0x0015712e	0x001476ec	UNCONDITIONAL_CALL	0
0x00157133	0xStack[-0x28]	READ	1
0x00157137	0x0018df80	UNCONDITIONAL_CALL	0
0x0015713f	0xStack[-0x14]	READ	1
0x00157146	0x00157154	CONDITIONAL_JUMP	0
0x0015714c	0x001570cd	UNCONDITIONAL_JUMP	0
0x00157156	0xStack[-0x14]	READ	1
0x0015715b	0xStack[-0x20]	READ	1
0x00157164	0xStack[-0x24]	WRITE	0
0x00157169	0x001570cd	CONDITIONAL_JUMP	0
0x0015718b	0xStack[-0x28]	WRITE	0
0x0015718e	0xStack[-0x24]	READ	1
0x0015719b	0xStack[-0x1c]	READ	1
0x001571a1	0xStack[-0x28]	READ	1
0x001571ac	0xStack[-0x14]	READ	1
0x001571b4	0xStack[-0x20]	READ	1
0x001571ba	0xStack[0x4]	READ	1
0x001571c5	0x001571ca	CONDITIONAL_JUMP	0
0x001571ca	0xStack[-0x1c]	READ	1
0x001571d0	0xStack[0x4]	READ	1
0x001571df	0x00157208	CONDITIONAL_JUMP	0
0x001571e4	0xStack[-0x28]	WRITE	0
0x001571e9	0x00157208	CONDITIONAL_JUMP	0
0x001571eb	0xStack[0x4]	READ	1
0x001571fe	0x0014b55c	UNCONDITIONAL_CALL	0
0x00157206	0x0015720f	UNCONDITIONAL_JUMP	0
0x0015720a	0xStack[0x4]	READ	1
0x0015720f	0xStack[-0x1c]	READ	1
0x00157218	0xStack[0x8]	READ	1
0x0015721c	0xStack[-0x20]	READ	1
0x00157220	0x00148c20	UNCONDITIONAL_CALL	0
0x00157225	0xStack[-0x28]	WRITE	0
0x00157228	0xStack[-0x1c]	READ	1
0x00157231	0xStack[0xc]	READ	1
0x00157236	0x00148c20	UNCONDITIONAL_CALL	0
0x0015723b	0xStack[-0x28]	READ	1
0x0015723e	0xStack[-0x28]	WRITE	0
0x00157246	0x0015726a	CONDITIONAL_JUMP	0
0x00157254	0x001476ec	UNCONDITIONAL_CALL	0
0x00157259	0xStack[-0x28]	READ	1
0x00157262	0x0018df80	UNCONDITIONAL_CALL	0
0x0015727e	0x00189e8c	UNCONDITIONAL_CALL	0
0x00157288	0x00157293	CONDITIONAL_JUMP	0
0x0015728a	0x001f6258	READ	0
0x00157291	0x001572b0	CONDITIONAL_JUMP	0
0x0015729f	0x001476ec	UNCONDITIONAL_CALL	0
0x001572a4	0xStack[-0x28]	WRITE	0
0x001572a8	0x0018df80	UNCONDITIONAL_CALL	0
0x001572b0	0x001f6258	WRITE	0
0x001572b8	0x0018df80	UNCONDITIONAL_CALL	0
0x001572c0	0x001deb6c	READ_WRITE	0
0x001572d4	0xStack[0x4]	READ	1
0x001572da	0xStack[-0x14]	READ	1
0x001572ee	0x001deb64	READ	1
0x001572f7	0xStack[0x8]	READ	1
0x001572fd	0x001deb64	READ	1
0x00157306	0xStack[0xc]	READ	1
0x0015730c	0x001deb68	READ	1
0x00157315	0xStack[0x10]	READ	1
0x0015731b	0x001deb68	READ	1
0x00157324	0xStack[0x14]	READ	1
0x0015732a	0x001deb68	READ	1
0x00157333	0xStack[0x18]	READ	1
0x00157343	0x0014a764	UNCONDITIONAL_CALL	0
0x0015734c	0xStack[-0x14]	READ	1
0x00157356	0x00157354	CONDITIONAL_JUMP	0
0x0015735d	0xStack[-0x14]	READ	1
0x00157367	0x0015734c	CONDITIONAL_JUMP	0
0x0015736d	0x00157380	CONDITIONAL_JUMP	0
0x0015737c	0x001573dd	UNCONDITIONAL_JUMP	0
0x00157380	0xStack[-0x18]	READ	1
0x00157387	0x00157385	CONDITIONAL_JUMP	0
0x0015738e	0xStack[-0x18]	READ	1
0x00157398	0x00157380	CONDITIONAL_JUMP	0
0x0015739c	0xStack[-0x14]	READ	1
0x001573a1	0xStack[-0xc]	DATA	0
0x001573a5	0xStack[-0x8]	DATA	0
0x001573ab	0xStack[-0x10]	READ	1
0x001573b2	0x001573b9	CONDITIONAL_JUMP	0
0x001573b4	0x0015746c	DATA	1
0x001573b9	0x0015746c	DATA	0
0x001573c2	0xStack[-0x18]	READ	1
0x001573c6	0x0014acd4	UNCONDITIONAL_CALL	0
0x001573cb	0xStack[-0x28]	WRITE	0
0x001573d1	0xStack[-0xc]	READ	1
0x001573d5	0xStack[-0x8]	READ	1
0x001573d9	0xStack[-0x28]	READ	1
0x001573dd	0x001574b0	UNCONDITIONAL_CALL	0
0x001573e2	0xStack[-0x34]	DATA	0
0x001573f0	0xStack[0x4]	READ	1
0x001573f7	0x00157412	CONDITIONAL_JUMP	0
0x001573fd	0x00157412	CONDITIONAL_JUMP	0
0x00157406	0x00157412	CONDITIONAL_JUMP	0
0x00157408	0x001deb68	READ	1
0x00157410	0x00157428	CONDITIONAL_JUMP	0
0x0015741a	0x00146fe0	UNCONDITIONAL_CALL	0
0x00157424	0x00157463	UNCONDITIONAL_JUMP	0
0x00157432	0x00157454	CONDITIONAL_JUMP	0
0x00157434	0x001f6258	READ	0
0x0015743b	0x00157454	CONDITIONAL_JUMP	0
0x0015743d	0x001f6258	WRITE	0
0x00157443	0x00157461	UNCONDITIONAL_JUMP	0
0x0015744a	0x0015a824	UNCONDITIONAL_CALL	0
0x0015744f	0x00157461	UNCONDITIONAL_JUMP	0
0x00157459	0x00157448	CONDITIONAL_JUMP	0
0x0015745c	0x00147550	UNCONDITIONAL_CALL	0
0x00157463	0xStack[-0x8]	READ	1
0x00157472	0x001e8b54	READ	1
0x00157480	0xStack[-0xc]	DATA	0
0x00157484	0xStack[-0x8]	DATA	0
0x00157488	0x0015746c	DATA	0
0x00157496	0x0014acd4	UNCONDITIONAL_CALL	0
0x0015749e	0xStack[-0xc]	READ	1
0x001574a2	0xStack[-0x8]	READ	1
0x001574a7	0x001574b0	UNCONDITIONAL_CALL	0
0x001574b9	0xStack[0x4]	READ	1
0x001574bc	0x001e8b54	READ	1
0x001574d0	0x001575ce	CONDITIONAL_JUMP	0
0x001574d6	0x00157547	UNCONDITIONAL_JUMP	0
0x001574da	0x001574ea	CONDITIONAL_JUMP	0
0x001574df	0x001574ea	CONDITIONAL_JUMP	0
0x001574e2	0x0014b86c	UNCONDITIONAL_CALL	0
0x001574f8	0x001677c4	UNCONDITIONAL_CALL	0
0x0015750c	0x0015750a	CONDITIONAL_JUMP	0
0x0015751a	0x00157508	CONDITIONAL_JUMP	0
0x0015752c	0x0015753f	CONDITIONAL_JUMP	0
0x00157531	0x0015753f	CONDITIONAL_JUMP	0
0x00157534	0x0014b844	UNCONDITIONAL_CALL	0
0x0015754e	0x001574d8	CONDITIONAL_JUMP	0
0x00157552	0x00157634	CONDITIONAL_JUMP	0
0x0015755b	0x00157634	CONDITIONAL_JUMP	0
0x00157568	0x00157566	CONDITIONAL_JUMP	0
0x00157576	0x00157564	CONDITIONAL_JUMP	0
0x0015757c	0x00157630	CONDITIONAL_JUMP	0
0x00157588	0x00157586	CONDITIONAL_JUMP	0
0x00157596	0x00157584	CONDITIONAL_JUMP	0
0x0015759c	0xStack[0xc]	DATA	0
0x001575a0	0xStack[0x8]	DATA	0
0x001575aa	0x001575b1	CONDITIONAL_JUMP	0
0x001575ac	0x0015746c	DATA	1
0x001575b1	0x0015746c	DATA	0
0x001575bb	0x0014acd4	UNCONDITIONAL_CALL	0
0x001575c8	0x00157547	CONDITIONAL_JUMP	0
0x001575d0	0x001575e6	CONDITIONAL_JUMP	0
0x001575d5	0x001575e6	CONDITIONAL_JUMP	0
0x001575d8	0xStack[-0x10]	WRITE	0
0x001575db	0x0014b86c	UNCONDITIONAL_CALL	0
0x001575e3	0xStack[-0x10]	READ	1
0x001575e8	0x0015767e	CONDITIONAL_JUMP	0
0x001575ef	0x0014d108	UNCONDITIONAL_CALL	0
0x001575f4	0xStack[0x8]	READ	1
0x001575fe	0x00157619	CONDITIONAL_JUMP	0
0x00157604	0x00157619	CONDITIONAL_JUMP	0
0x0015760d	0x00157619	CONDITIONAL_JUMP	0
0x0015760f	0x001deb68	READ	1
0x00157617	0x0015763c	CONDITIONAL_JUMP	0
0x00157621	0x00146fe0	UNCONDITIONAL_CALL	0
0x0015762e	0x0015767a	UNCONDITIONAL_JUMP	0
0x00157639	0x001575ce	UNCONDITIONAL_JUMP	0
0x00157646	0x00157668	CONDITIONAL_JUMP	0
0x00157648	0x001f6258	READ	0
0x0015764f	0x00157668	CONDITIONAL_JUMP	0
0x00157651	0x001f6258	WRITE	0
0x00157657	0x00157678	UNCONDITIONAL_JUMP	0
0x0015765e	0x0015a824	UNCONDITIONAL_CALL	0
0x00157666	0x00157678	UNCONDITIONAL_JUMP	0
0x0015766d	0x0015765c	CONDITIONAL_JUMP	0
0x00157670	0x00147550	UNCONDITIONAL_CALL	0
0x0015767c	0x00157685	CONDITIONAL_JUMP	0
0x00157683	0x00157699	CONDITIONAL_JUMP	0
0x0015768a	0x0015779c	CONDITIONAL_JUMP	0
0x00157691	0x0018d4e0	UNCONDITIONAL_CALL	0
0x001576a1	0x00157770	CONDITIONAL_JUMP	0
0x001576a7	0xStack[-0x8]	WRITE	0
0x001576b0	0xStack[-0xc]	WRITE	0
0x001576b9	0x001e8b54	READ	1
0x001576c2	0xStack[-0x14]	WRITE	0
0x001576d0	0x001576ce	CONDITIONAL_JUMP	0
0x001576de	0x001576cc	CONDITIONAL_JUMP	0
0x001576e0	0xStack[-0x14]	READ	1
0x001576e8	0x001576ef	CONDITIONAL_JUMP	0
0x001576ed	0x00157704	CONDITIONAL_JUMP	0
0x001576f1	0xStack[-0x14]	READ	1
0x001576f7	0x00156c90	UNCONDITIONAL_CALL	0
0x001576fc	0x0015779c	UNCONDITIONAL_JUMP	0
0x00157708	0x00157706	CONDITIONAL_JUMP	0
0x00157716	0x00157704	CONDITIONAL_JUMP	0
0x0015771a	0xStack[-0x14]	READ	1
0x00157724	0x00157734	CONDITIONAL_JUMP	0
0x0015772a	0x00156c90	UNCONDITIONAL_CALL	0
0x0015772f	0x0015779c	UNCONDITIONAL_JUMP	0
0x00157749	0xStack[-0xc]	READ	1
0x0015774d	0xStack[-0x8]	READ	1
0x00157751	0xStack[-0x14]	READ	1
0x00157755	0x001598a0	UNCONDITIONAL_CALL	0
0x0015775f	0x00159900	UNCONDITIONAL_CALL	0
0x00157769	0x00156cc8	UNCONDITIONAL_CALL	0
0x0015776e	0x0015779c	UNCONDITIONAL_JUMP	0
0x00157770	0x001e8b54	READ	1
0x0015777d	0x0015778e	CONDITIONAL_JUMP	0
0x00157780	0x001678b4	UNCONDITIONAL_CALL	0
0x0015778c	0x00157780	CONDITIONAL_JUMP	0
0x00157792	0x00165cc0	UNCONDITIONAL_CALL	0
0x00157797	0x001678b4	UNCONDITIONAL_CALL	0
0x0015779c	0xStack[-0x20]	DATA	0
0x001577b1	0xStack[0x4]	READ	1
0x001577b4	0xStack[0x8]	READ	1
0x001577b7	0x001e8b54	READ	1
0x001577cc	0x001577e7	CONDITIONAL_JUMP	0
0x001577d2	0x001577e7	CONDITIONAL_JUMP	0
0x001577db	0x001577e7	CONDITIONAL_JUMP	0
0x001577dd	0x001deb68	READ	1
0x001577e5	0x00157800	CONDITIONAL_JUMP	0
0x001577ef	0x00146fe0	UNCONDITIONAL_CALL	0
0x001577fc	0x0015783e	UNCONDITIONAL_JUMP	0
0x0015780a	0x0015782c	CONDITIONAL_JUMP	0
0x0015780c	0x001f6258	READ	0
0x00157813	0x0015782c	CONDITIONAL_JUMP	0
0x00157815	0x001f6258	WRITE	0
0x0015781b	0x0015783c	UNCONDITIONAL_JUMP	0
0x00157822	0x0015a824	UNCONDITIONAL_CALL	0
0x0015782a	0x0015783c	UNCONDITIONAL_JUMP	0
0x00157831	0x00157820	CONDITIONAL_JUMP	0
0x00157834	0x00147550	UNCONDITIONAL_CALL	0
0x00157840	0x0015785c	CONDITIONAL_JUMP	0
0x00157847	0x00157852	CONDITIONAL_JUMP	0
0x0015784a	0x0018d4e0	UNCONDITIONAL_CALL	0
0x00157852	0x0018dec0	UNCONDITIONAL_CALL	0
0x00157857	0x0015794c	UNCONDITIONAL_JUMP	0
0x00157864	0x00157921	CONDITIONAL_JUMP	0
0x0015786a	0xStack[-0x8]	WRITE	0
0x00157873	0xStack[-0xc]	WRITE	0
0x0015787c	0xStack[-0x10]	WRITE	0
0x0015787f	0x001e8b54	READ	1
0x00157890	0x0015788e	CONDITIONAL_JUMP	0
0x0015789e	0x0015788c	CONDITIONAL_JUMP	0
0x001578a5	0x001578ac	CONDITIONAL_JUMP	0
0x001578aa	0x001578b8	CONDITIONAL_JUMP	0
0x001578b1	0x00156c90	UNCONDITIONAL_CALL	0
0x001578b6	0x00157921	UNCONDITIONAL_JUMP	0
0x001578bc	0x001578ba	CONDITIONAL_JUMP	0
0x001578ca	0x001578b8	CONDITIONAL_JUMP	0
0x001578d5	0x001578e4	CONDITIONAL_JUMP	0
0x001578db	0x00156c90	UNCONDITIONAL_CALL	0
0x001578e0	0x00157921	UNCONDITIONAL_JUMP	0
0x001578f8	0xStack[-0x10]	READ	1
0x001578fc	0xStack[-0xc]	READ	1
0x00157900	0xStack[-0x8]	READ	1
0x00157905	0x001598a0	UNCONDITIONAL_CALL	0
0x0015790f	0x00159900	UNCONDITIONAL_CALL	0
0x00157919	0x00156cc8	UNCONDITIONAL_CALL	0
0x00157921	0x001e8b54	READ	1
0x0015792e	0x0015793e	CONDITIONAL_JUMP	0
0x00157930	0x001678b4	UNCONDITIONAL_CALL	0
0x0015793c	0x00157930	CONDITIONAL_JUMP	0
0x00157942	0x00165cc0	UNCONDITIONAL_CALL	0
0x00157947	0x001678b4	UNCONDITIONAL_CALL	0
0x0015794c	0xStack[-0x1c]	DATA	0
0x00157961	0xStack[0xc]	READ	1
0x00157964	0xStack[0x4]	READ	0
0x00157968	0x00157974	CONDITIONAL_JUMP	0
0x0015796f	0x00157a1b	UNCONDITIONAL_JUMP	0
0x0015797c	0x001e8e00	READ	0
0x0015797c	0x001e8e20	READ	0
0x00157983	0x00157986	CONDITIONAL_JUMP	0
0x0015798c	0x0015797c	CONDITIONAL_JUMP	0
0x00157990	0x0015799f	CONDITIONAL_JUMP	0
0x00157992	0x001deb90	DATA	0
0x00157997	0x0010ca6c	UNCONDITIONAL_CALL	0
0x001579a7	0x0015a75c	UNCONDITIONAL_CALL	0
0x001579ac	0xStack[-0x8]	WRITE	0
0x001579b4	0x001579c0	CONDITIONAL_JUMP	0
0x001579bb	0x00157a1b	UNCONDITIONAL_JUMP	0
0x001579c0	0xStack[-0x8]	READ	1
0x001579c5	0xStack[-0xc]	WRITE	0
0x001579cc	0xStack[-0xc]	READ	1
0x001579cf	0x001e8e00	DATA	0
0x001579cf	0x001e8e20	DATA	1
0x001579d6	0x001579e4	CONDITIONAL_JUMP	0
0x001579d8	0x001e9050	READ	1
0x001579d8	0x001e9054	READ	1
0x001579e4	0xStack[-0xc]	READ_WRITE	0
0x001579eb	0x001579cc	CONDITIONAL_JUMP	0
0x001579ef	0xStack[-0x8]	READ	1
0x001579f2	0xStack[0x8]	READ	1
0x001579f7	0xStack[-0x8]	READ	1
0x001579fe	0x00157a19	CONDITIONAL_JUMP	0
0x00157a07	0x001580d8	UNCONDITIONAL_CALL	0
0x00157a17	0x00157a04	CONDITIONAL_JUMP	0
0x00157a1b	0xStack[-0x18]	DATA	0
0x00157a2e	0xStack[0x8]	READ	1
0x00157a31	0xStack[0xc]	READ	1
0x00157a34	0xStack[0x10]	READ	1
0x00157a37	0xStack[0x4]	READ	0
0x00157a3b	0x00157ad1	CONDITIONAL_JUMP	0
0x00157a44	0x00157acc	CONDITIONAL_JUMP	0
0x00157a4a	0x00157a58	CONDITIONAL_JUMP	0
0x00157a4f	0x00157a70	CONDITIONAL_JUMP	0
0x00157a51	0x00157b6c	UNCONDITIONAL_JUMP	0
0x00157a5b	0x00157b14	CONDITIONAL_JUMP	0
0x00157a64	0x00157b38	CONDITIONAL_JUMP	0
0x00157a6a	0x00157b6c	UNCONDITIONAL_JUMP	0
0x00157a73	0x00157b3d	CONDITIONAL_JUMP	0
0x00157a79	0x001f6348	READ	1
0x00157a81	0x001f634c	READ	1
0x00157a8a	0x001f6350	READ	1
0x00157a93	0x001ea9dc	READ	1
0x00157aa2	0x001e8e00	DATA	1
0x00157aa7	0x001e8e04	DATA	1
0x00157ab7	0x001e8e08	DATA	1
0x00157ac6	0x00157b71	UNCONDITIONAL_JUMP	0
0x00157acf	0x00157adc	CONDITIONAL_JUMP	0
0x00157ad6	0x00157b71	UNCONDITIONAL_JUMP	0
0x00157ae6	0x001e8e00	DATA	1
0x00157af0	0x001e8e00	READ	0
0x00157af0	0x001e8e20	READ	0
0x00157af7	0x00157b07	CONDITIONAL_JUMP	0
0x00157af9	0x001e8e0c	READ	0
0x00157af9	0x001e8e2c	READ	0
0x00157afe	0x00157b07	CONDITIONAL_JUMP	0
0x00157b0d	0x00157af0	CONDITIONAL_JUMP	0
0x00157b11	0x00157b71	UNCONDITIONAL_JUMP	0
0x00157b17	0x00157b3d	CONDITIONAL_JUMP	0
0x00157b19	0x001dee34	READ	1
0x00157b33	0x00157b71	UNCONDITIONAL_JUMP	0
0x00157b3b	0x00157b44	CONDITIONAL_JUMP	0
0x00157b42	0x00157b71	UNCONDITIONAL_JUMP	0
0x00157b47	0x001dee68	DATA	0
0x00157b4c	0x001013cc	UNCONDITIONAL_CALL	0
0x00157b57	0x001dee74	DATA	0
0x00157b5c	0x001013cc	UNCONDITIONAL_CALL	0
0x00157b69	0x00157b71	UNCONDITIONAL_JUMP	0
0x00157b71	0xStack[-0x10]	DATA	0
0x00157b7f	0xStack[0x4]	READ	0
0x00157b83	0x00157ba0	CONDITIONAL_JUMP	0
0x00157b8a	0x001e5659	DATA	0
0x00157b8f	0xStack[0x8]	READ	1
0x00157b93	0x00101bc0	UNCONDITIONAL_CALL	0
0x00157bb2	0xStack[0x8]	READ	1
0x00157bb5	0xStack[0xc]	READ	1
0x00157bb8	0xStack[0x4]	READ	0
0x00157bbc	0x00157bc8	CONDITIONAL_JUMP	0
0x00157bc3	0x00157c01	UNCONDITIONAL_JUMP	0
0x00157bca	0x0015a75c	UNCONDITIONAL_CALL	0
0x00157bd6	0x00157bfc	CONDITIONAL_JUMP	0
0x00157bd8	0x001e9610	DATA	0
0x00157bdd	0x0016174c	UNCONDITIONAL_CALL	0
0x00157be2	0x001e9610	DATA	0
0x00157be7	0x0015814c	UNCONDITIONAL_CALL	0
0x00157bf8	0x00157c01	UNCONDITIONAL_JUMP	0
0x00157c01	0xStack[-0x10]	DATA	0
0x00157c0f	0xStack[0x8]	READ	1
0x00157c12	0xStack[0xc]	READ	1
0x00157c15	0xStack[0x4]	READ	0
0x00157c19	0x00157c1f	CONDITIONAL_JUMP	0
0x00157c1d	0x00157c30	CONDITIONAL_JUMP	0
0x00157c33	0x0016174c	UNCONDITIONAL_CALL	0
0x00157c44	0x001f624c	READ	1
0x00157c4b	0x0014d1a4	UNCONDITIONAL_CALL	0
0x00157c57	0x00157c66	CONDITIONAL_JUMP	0
0x00157c59	0x001deba0	DATA	0
0x00157c5e	0x0010ca6c	UNCONDITIONAL_CALL	0
0x00157c68	0x001e97b0	DATA	0
0x00157c6e	0x0015839c	UNCONDITIONAL_CALL	0
0x00157c73	0x001e97b0	WRITE	0
0x00157c79	0x001f624c	READ	1
0x00157c80	0x0014d1a4	UNCONDITIONAL_CALL	0
0x00157c8c	0x00157c9b	CONDITIONAL_JUMP	0
0x00157c8e	0x001debae	DATA	0
0x00157c93	0x0010ca6c	UNCONDITIONAL_CALL	0
0x00157c9d	0x001e97b0	DATA	0
0x00157ca3	0x0015839c	UNCONDITIONAL_CALL	0
0x00157ca8	0x001e97b4	WRITE	0
0x00157cae	0x001e9610	DATA	0
0x00157cb3	0x00157d74	UNCONDITIONAL_CALL	0
0x00157cb8	0x001e9610	DATA	0
0x00157cbd	0x00157dd4	UNCONDITIONAL_CALL	0
0x00157cc2	0x001ea9dc	READ	1
0x00157cc9	0x00157d30	UNCONDITIONAL_CALL	0
0x00157cce	0xStack[-0x8]	READ	1
0x00157cdb	0x001e97b0	READ	1
0x00157ce2	0x0014cf74	UNCONDITIONAL_CALL	0
0x00157ce9	0x001e8b54	READ	1
0x00157cf9	0x0014cff0	UNCONDITIONAL_CALL	0
0x00157d07	0x001e97b0	READ	1
0x00157d0e	0x0014cf74	UNCONDITIONAL_CALL	0
0x00157d15	0x001e8b54	READ	1
0x00157d25	0x0014d4e4	UNCONDITIONAL_CALL	0
0x00157d35	0xStack[0x4]	READ	1
0x00157d38	0x001f624c	READ	1
0x00157d3f	0x0014d1a4	UNCONDITIONAL_CALL	0
0x00157d4b	0x00157d5a	CONDITIONAL_JUMP	0
0x00157d4d	0x001debbc	DATA	0
0x00157d52	0x0010ca6c	UNCONDITIONAL_CALL	0
0x00157d64	0x0015839c	UNCONDITIONAL_CALL	0
0x00157d69	0xStack[-0xc]	DATA	0
0x00157d79	0xStack[0x4]	READ	1
0x00157d7c	0x001f624c	READ	1
0x00157d83	0x0014d1a4	UNCONDITIONAL_CALL	0
0x00157d8f	0x00157d9e	CONDITIONAL_JUMP	0
0x00157d91	0x001debcf	DATA	0
0x00157d96	0x0010ca6c	UNCONDITIONAL_CALL	0
0x00157da4	0x001f624c	READ	1
0x00157dab	0x0014d1a4	UNCONDITIONAL_CALL	0
0x00157db7	0x00157dc3	CONDITIONAL_JUMP	0
0x00157db9	0x001debdd	DATA	0
0x00157dbe	0x0010ca6c	UNCONDITIONAL_CALL	0
0x00157dc9	0xStack[-0xc]	DATA	0
0x00157dd8	0xStack[0x4]	READ	1
0x00157de8	0x00157de6	CONDITIONAL_JUMP	0
0x00157df6	0x00157de4	CONDITIONAL_JUMP	0
0x00157dff	0x00157e4b	CONDITIONAL_JUMP	0
0x00157e0b	0x0015839c	UNCONDITIONAL_CALL	0
0x00157e1a	0x0015839c	UNCONDITIONAL_CALL	0
0x00157e2c	0x00157e2a	CONDITIONAL_JUMP	0
0x00157e3a	0x00157e28	CONDITIONAL_JUMP	0
0x00157e53	0xStack[-0x8]	READ	1
0x00157e60	0xStack[0x4]	READ	1
0x00157e6e	0x0015839c	UNCONDITIONAL_CALL	0
0x00157e7e	0x0015839c	UNCONDITIONAL_CALL	0
0x00157e90	0x00157e8e	CONDITIONAL_JUMP	0
0x00157e9e	0x00157e8c	CONDITIONAL_JUMP	0
0x00157eaf	0xStack[-0x8]	READ	1
0x00157ebc	0xStack[0x4]	READ	1
0x00157ebf	0x001f624c	READ	1
0x00157ecc	0x0014d244	UNCONDITIONAL_CALL	0
0x00157ed1	0x001f624c	READ	1
0x00157ede	0x0014d244	UNCONDITIONAL_CALL	0
0x00157ee3	0xStack[-0x8]	READ	1
0x00157eef	0xStack[0x8]	READ	1
0x00157ef2	0xStack[0x4]	READ	0
0x00157ef6	0x00157f10	CONDITIONAL_JUMP	0
0x00157ef8	0x001e9610	DATA	1
0x00157efe	0x001e9610	DATA	0
0x00157f03	0x0016174c	UNCONDITIONAL_CALL	0
0x00157f1f	0xStack[0x8]	READ	1
0x00157f22	0xStack[0x4]	READ	0
0x00157f26	0x00157f40	CONDITIONAL_JUMP	0
0x00157f28	0x001e9610	DATA	1
0x00157f2e	0x001e9610	DATA	0
0x00157f33	0x0016174c	UNCONDITIONAL_CALL	0
0x00157f4f	0xStack[0x4]	READ	1
0x00157f56	0x00157f8f	CONDITIONAL_JUMP	0
0x00157f5b	0x00157f8f	CONDITIONAL_JUMP	0
0x00157f64	0x00157f62	CONDITIONAL_JUMP	0
0x00157f72	0x00157f60	CONDITIONAL_JUMP	0
0x00157f79	0x00157f8b	CONDITIONAL_JUMP	0
0x00157f86	0x00157f8b	CONDITIONAL_JUMP	0
0x00157f9b	0xStack[0x4]	READ	1
0x00157fa2	0x00157fd4	CONDITIONAL_JUMP	0
0x00157fa7	0x00157fd4	CONDITIONAL_JUMP	0
0x00157fb0	0x00157fae	CONDITIONAL_JUMP	0
0x00157fbe	0x00157fac	CONDITIONAL_JUMP	0
0x00157fc5	0x00157fd0	CONDITIONAL_JUMP	0
0x00157fcb	0x00157fd0	CONDITIONAL_JUMP	0
0x00157fdf	0xStack[0x4]	READ	1
0x00157fe6	0x00158018	CONDITIONAL_JUMP	0
0x00157feb	0x00158018	CONDITIONAL_JUMP	0
0x00157ff4	0x00157ff2	CONDITIONAL_JUMP	0
0x00158002	0x00157ff0	CONDITIONAL_JUMP	0
0x00158009	0x00158014	CONDITIONAL_JUMP	0
0x0015800f	0x00158014	CONDITIONAL_JUMP	0
0x00158025	0xStack[0x4]	READ	1
0x0015802c	0x00158062	CONDITIONAL_JUMP	0
0x00158031	0x00158062	CONDITIONAL_JUMP	0
0x00158038	0x00158036	CONDITIONAL_JUMP	0
0x00158046	0x00158034	CONDITIONAL_JUMP	0
0x0015804d	0x0015805e	CONDITIONAL_JUMP	0
0x00158053	0x0015805e	CONDITIONAL_JUMP	0
0x00158059	0x0016174c	UNCONDITIONAL_CALL	0
0x00158064	0xStack[-0xc]	DATA	0
0x00158075	0xStack[0x4]	READ	1
0x0015807c	0x001580b9	CONDITIONAL_JUMP	0
0x00158081	0x001580b9	CONDITIONAL_JUMP	0
0x00158088	0x00158086	CONDITIONAL_JUMP	0
0x00158096	0x00158084	CONDITIONAL_JUMP	0
0x0015809d	0x001580b5	CONDITIONAL_JUMP	0
0x001580aa	0x001580b5	CONDITIONAL_JUMP	0
0x001580b0	0x0016174c	UNCONDITIONAL_CALL	0
0x001580bb	0xStack[-0xc]	DATA	0
0x001580c7	0xStack[0x4]	READ	1
0x001580cd	0x0014cf74	UNCONDITIONAL_CALL	0
0x001580db	0xStack[0x4]	READ	1
0x001580e5	0x0014cf74	UNCONDITIONAL_CALL	0
0x001580f5	0xStack[0x4]	READ	1
0x00158104	0x00158102	CONDITIONAL_JUMP	0
0x00158112	0x00158100	CONDITIONAL_JUMP	0
0x0015811b	0x00158130	CONDITIONAL_JUMP	0
0x00158124	0x0014cf74	UNCONDITIONAL_CALL	0
0x0015812e	0x00158132	UNCONDITIONAL_JUMP	0
0x0015813b	0x001616f0	UNCONDITIONAL_CALL	0
0x00158142	0xStack[-0xc]	DATA	0
0x00158151	0xStack[0x4]	READ	1
0x00158160	0x0015815e	CONDITIONAL_JUMP	0
0x0015816e	0x0015815c	CONDITIONAL_JUMP	0
0x00158177	0x0015818c	CONDITIONAL_JUMP	0
0x00158180	0x0014cf74	UNCONDITIONAL_CALL	0
0x0015818a	0x0015818e	UNCONDITIONAL_JUMP	0
0x00158197	0x001616f0	UNCONDITIONAL_CALL	0
0x0015819e	0xStack[-0xc]	DATA	0
0x001581ae	0xStack[0x4]	READ	1
0x001581b6	0x0015a75c	UNCONDITIONAL_CALL	0
0x001581c2	0x001581dc	CONDITIONAL_JUMP	0
0x001581c4	0x001debec	DATA	0
0x001581c9	0x0010c0d8	UNCONDITIONAL_CALL	0
0x001581cf	0x00146fe0	UNCONDITIONAL_CALL	0
0x001581d6	0x00158392	UNCONDITIONAL_JUMP	0
0x0015821c	0x001dec14	READ	1
0x00158226	0x0015d8d0	UNCONDITIONAL_CALL	0
0x00158230	0x0015823c	CONDITIONAL_JUMP	0
0x00158239	0x001582b4	UNCONDITIONAL_JUMP	0
0x00158240	0x0016f9c8	UNCONDITIONAL_CALL	0
0x0015824c	0x0015828a	CONDITIONAL_JUMP	0
0x0015824f	0x0016f040	UNCONDITIONAL_CALL	0
0x0015825b	0x0015828a	CONDITIONAL_JUMP	0
0x0015825e	0x0016e0a8	UNCONDITIONAL_CALL	0
0x0015826a	0x0015828a	CONDITIONAL_JUMP	0
0x0015826d	0x001718b0	UNCONDITIONAL_CALL	0
0x00158279	0x0015828a	CONDITIONAL_JUMP	0
0x0015827c	0x00182a84	UNCONDITIONAL_CALL	0
0x00158288	0x0015829c	CONDITIONAL_JUMP	0
0x00158297	0x001582b4	UNCONDITIONAL_JUMP	0
0x001582a1	0x00158420	UNCONDITIONAL_CALL	0
0x001582ab	0x001582b4	CONDITIONAL_JUMP	0
0x001582be	0x001582c8	CONDITIONAL_JUMP	0
0x001582c3	0x001582d4	CONDITIONAL_JUMP	0
0x001582c5	0x001582e0	UNCONDITIONAL_JUMP	0
0x001582cc	0x0014d050	UNCONDITIONAL_CALL	0
0x001582d1	0x001582ea	UNCONDITIONAL_JUMP	0
0x001582d8	0x0014d108	UNCONDITIONAL_CALL	0
0x001582dd	0x001582ea	UNCONDITIONAL_JUMP	0
0x001582e0	0x001dec18	DATA	0
0x001582e5	0x0010ca6c	UNCONDITIONAL_CALL	0
0x001582f8	0x00158302	CONDITIONAL_JUMP	0
0x00158300	0x0015834c	CONDITIONAL_JUMP	0
0x00158310	0x00158324	CONDITIONAL_JUMP	0
0x00158312	0x001f6258	READ	0
0x00158319	0x00158324	CONDITIONAL_JUMP	0
0x0015831b	0x001f6258	WRITE	0
0x00158321	0x0015835c	UNCONDITIONAL_JUMP	0
0x00158329	0x00158334	CONDITIONAL_JUMP	0
0x0015832c	0x00147550	UNCONDITIONAL_CALL	0
0x00158331	0x00158359	UNCONDITIONAL_JUMP	0
0x00158336	0x0015a824	UNCONDITIONAL_CALL	0
0x0015833e	0x0015835c	UNCONDITIONAL_JUMP	0
0x00158342	0x0015a824	UNCONDITIONAL_CALL	0
0x00158347	0x00158371	UNCONDITIONAL_JUMP	0
0x00158354	0x00146fe0	UNCONDITIONAL_CALL	0
0x00158362	0x00158378	CONDITIONAL_JUMP	0
0x00158369	0x00158340	CONDITIONAL_JUMP	0
0x0015836c	0x00147550	UNCONDITIONAL_CALL	0
0x00158373	0x00158392	UNCONDITIONAL_JUMP	0
0x0015837d	0x00158384	CONDITIONAL_JUMP	0
0x00158382	0x00158390	CONDITIONAL_JUMP	0
0x00158385	0x00146fe0	UNCONDITIONAL_CALL	0
0x0015838c	0x00158392	UNCONDITIONAL_JUMP	0
0x00158392	0xStack[-0x10]	DATA	0
0x0015839f	0xStack[0x4]	READ	1
0x001583a8	0x001583a6	CONDITIONAL_JUMP	0
0x001583b6	0x001583a4	CONDITIONAL_JUMP	0
0x001583c0	0xStack[0xc]	READ	1
0x001583c6	0xStack[0x8]	READ	1
0x001583d7	0xStack[0x4]	READ	1
0x001583e1	0x00158408	CONDITIONAL_JUMP	0
0x001583e3	0x001583f0	CONDITIONAL_JUMP	0
0x001583e8	0x001583fc	CONDITIONAL_JUMP	0
0x001583f3	0x00158414	CONDITIONAL_JUMP	0
0x001583fd	0x00178f7c	UNCONDITIONAL_CALL	0
0x00158409	0x0015a634	UNCONDITIONAL_CALL	0
0x00158417	0x0015d9c0	UNCONDITIONAL_CALL	0
0x00158423	0xStack[0x4]	READ	1
0x00158426	0xStack[0x8]	READ	1
0x00158439	0x0015844a	CONDITIONAL_JUMP	0
0x0015843e	0x00158450	CONDITIONAL_JUMP	0
0x00158443	0x0015844a	CONDITIONAL_JUMP	0
0x00158448	0x00158450	CONDITIONAL_JUMP	0
0x00158455	0x00158464	CONDITIONAL_JUMP	0
0x00158458	0x0015a628	UNCONDITIONAL_CALL	0
0x00158472	0xStack[0x4]	READ	1
0x0015847a	0x00158481	CONDITIONAL_JUMP	0
0x0015847f	0x0015848c	CONDITIONAL_JUMP	0
0x0015848c	0xStack[-0x8]	DATA	0
0x00158492	0xStack[0x8]	READ	1
0x00158497	0x00147688	UNCONDITIONAL_CALL	0
0x001584a1	0x001584b0	CONDITIONAL_JUMP	0
0x001584a3	0x001dec47	DATA	0
0x001584a8	0x0010ca6c	UNCONDITIONAL_CALL	0
0x001584b0	0xStack[-0x8]	READ	1
0x001584b4	0x0014839c	UNCONDITIONAL_CALL	0
0x001584c5	0xStack[-0x8]	READ	1
0x001584c9	0x0014a764	UNCONDITIONAL_CALL	0
0x001584d9	0xStack[0x4]	READ	1
0x001584e8	0x001584e6	CONDITIONAL_JUMP	0
0x001584f6	0x001584e4	CONDITIONAL_JUMP	0
0x001584ff	0x00158511	CONDITIONAL_JUMP	0
0x0015851b	0x0015852a	CONDITIONAL_JUMP	0
0x0015851d	0x001f6250	READ	1
0x00158525	0x0014d244	UNCONDITIONAL_CALL	0
0x0015852a	0xStack[-0xc]	DATA	0
0x0015853d	0xStack[0x4]	READ	1
0x00158540	0x001e8b54	READ	1
0x00158551	0xStack[-0x18]	WRITE	0
0x00158554	0xStack[0x8]	READ	1
0x0015855a	0x001585d8	CONDITIONAL_JUMP	0
0x0015855c	0xStack[-0x8]	DATA	0
0x00158562	0xStack[0xc]	READ	1
0x00158567	0x00147688	UNCONDITIONAL_CALL	0
0x00158573	0x00158582	CONDITIONAL_JUMP	0
0x00158575	0x001dec61	DATA	0
0x0015857a	0x0010ca6c	UNCONDITIONAL_CALL	0
0x00158584	0xStack[-0x18]	READ	1
0x00158589	0xStack[-0x8]	READ	1
0x0015858d	0x00148008	UNCONDITIONAL_CALL	0
0x00158599	0x001585bc	CONDITIONAL_JUMP	0
0x0015859b	0xStack[-0x8]	READ	1
0x001585a3	0x001585b0	CONDITIONAL_JUMP	0
0x001585a6	0x00147550	UNCONDITIONAL_CALL	0
0x001585ab	0x00158637	UNCONDITIONAL_JUMP	0
0x001585b2	0x0015a824	UNCONDITIONAL_CALL	0
0x001585b7	0x00158637	UNCONDITIONAL_JUMP	0
0x001585c2	0xStack[-0x8]	READ	1
0x001585c6	0x0014a764	UNCONDITIONAL_CALL	0
0x001585d6	0x001585bc	CONDITIONAL_JUMP	0
0x001585d8	0xStack[0x8]	READ	1
0x001585de	0x001586c5	CONDITIONAL_JUMP	0
0x001585e4	0xStack[-0x10]	DATA	0
0x001585e8	0xStack[-0xc]	DATA	0
0x001585ec	0xStack[0x14]	READ	1
0x001585f1	0x0014ab94	UNCONDITIONAL_CALL	0
0x001585fd	0x00158637	CONDITIONAL_JUMP	0
0x001585ff	0xStack[-0x14]	DATA	0
0x00158603	0xStack[-0x8]	DATA	0
0x00158611	0xStack[-0xc]	READ	1
0x00158615	0x0014acd4	UNCONDITIONAL_CALL	0
0x0015861f	0xStack[-0x10]	READ	1
0x00158623	0x0014b86c	UNCONDITIONAL_CALL	0
0x00158631	0x001585e4	CONDITIONAL_JUMP	0
0x00158635	0x00158640	CONDITIONAL_JUMP	0
0x00158639	0x001586c7	UNCONDITIONAL_JUMP	0
0x00158640	0xStack[-0x8]	READ	1
0x00158643	0xStack[-0x14]	READ	1
0x00158649	0xStack[0x10]	READ	1
0x0015864f	0x0015866c	CONDITIONAL_JUMP	0
0x00158653	0x00149428	UNCONDITIONAL_CALL	0
0x0015865a	0xStack[-0x8]	READ	1
0x0015865f	0x00147770	UNCONDITIONAL_CALL	0
0x00158669	0x001586c7	UNCONDITIONAL_JUMP	0
0x0015866e	0xStack[-0x18]	READ	1
0x00158674	0x00149158	UNCONDITIONAL_CALL	0
0x00158680	0x001586b4	CONDITIONAL_JUMP	0
0x0015868a	0x0015869c	CONDITIONAL_JUMP	0
0x0015868c	0xStack[-0x8]	READ	1
0x00158697	0x001586ac	UNCONDITIONAL_JUMP	0
0x0015869d	0xStack[-0x8]	READ	1
0x001586a1	0x00149428	UNCONDITIONAL_CALL	0
0x001586a8	0xStack[-0x8]	READ	1
0x001586ad	0x00147770	UNCONDITIONAL_CALL	0
0x001586b2	0x00158637	UNCONDITIONAL_JUMP	0
0x001586b4	0xStack[-0x8]	READ	1
0x001586c0	0x00147770	UNCONDITIONAL_CALL	0
0x001586c7	0xStack[-0x24]	DATA	0
0x001586dd	0xStack[0x4]	READ	1
0x001586e0	0xStack[0x8]	READ	1
0x001586f2	0xStack[-0x8]	DATA	0
0x001586f9	0x00147688	UNCONDITIONAL_CALL	0
0x00158705	0x00158763	CONDITIONAL_JUMP	0
0x00158707	0xStack[-0x8]	READ	1
0x0015870b	0x00149a64	UNCONDITIONAL_CALL	0
0x00158719	0x0015872c	CONDITIONAL_JUMP	0
0x0015871b	0x001dec6a	DATA	0
0x00158720	0x0010ca6c	UNCONDITIONAL_CALL	0
0x0015872e	0xStack[0xc]	READ	1
0x0015873d	0x00158744	CONDITIONAL_JUMP	0
0x00158745	0xStack[-0x8]	READ	1
0x00158749	0x0014a764	UNCONDITIONAL_CALL	0
0x00158755	0x00158763	CONDITIONAL_JUMP	0
0x00158757	0xStack[-0x8]	READ	1
0x0015875b	0x00146fe0	UNCONDITIONAL_CALL	0
0x00158764	0x001540dc	UNCONDITIONAL_CALL	0
0x00158769	0xStack[-0x14]	DATA	0
0x0015877d	0xStack[0x4]	READ	1
0x00158780	0xStack[0x8]	READ	1
0x00158783	0x001e8b54	READ	1
0x00158791	0xStack[-0xc]	WRITE	0
0x00158797	0xStack[-0x10]	WRITE	0
0x001587af	0x001587bc	CONDITIONAL_JUMP	0
0x001587b6	0x001588ca	UNCONDITIONAL_JUMP	0
0x001587bc	0xStack[-0x8]	DATA	0
0x001587c3	0x00147688	UNCONDITIONAL_CALL	0
0x001587cf	0x001587e8	CONDITIONAL_JUMP	0
0x001587d2	0x001540dc	UNCONDITIONAL_CALL	0
0x001587d7	0x001588ca	UNCONDITIONAL_JUMP	0
0x001587de	0x0015a824	UNCONDITIONAL_CALL	0
0x001587e6	0x00158815	UNCONDITIONAL_JUMP	0
0x001587e8	0xStack[-0x10]	READ	1
0x001587ec	0xStack[-0xc]	READ	1
0x001587f0	0xStack[-0x8]	READ	1
0x001587f4	0x00149628	UNCONDITIONAL_CALL	0
0x00158800	0x00158820	CONDITIONAL_JUMP	0
0x00158802	0xStack[-0x8]	READ	1
0x0015880a	0x001587dc	CONDITIONAL_JUMP	0
0x0015880d	0x00147550	UNCONDITIONAL_CALL	0
0x00158816	0x001540dc	UNCONDITIONAL_CALL	0
0x0015881b	0x001588ca	UNCONDITIONAL_JUMP	0
0x00158826	0x00158838	CONDITIONAL_JUMP	0
0x00158828	0x001dec7f	DATA	0
0x0015882d	0x0010ca6c	UNCONDITIONAL_CALL	0
0x0015883e	0x0015885c	CONDITIONAL_JUMP	0
0x00158842	0xStack[0xc]	READ	1
0x00158851	0x00158871	CONDITIONAL_JUMP	0
0x00158858	0x00158871	UNCONDITIONAL_JUMP	0
0x0015885e	0xStack[0xc]	READ	1
0x0015886a	0x00158871	CONDITIONAL_JUMP	0
0x00158872	0xStack[-0x8]	READ	1
0x00158876	0x0014a764	UNCONDITIONAL_CALL	0
0x00158886	0x001588b4	CONDITIONAL_JUMP	0
0x00158888	0x00158896	UNCONDITIONAL_JUMP	0
0x0015888e	0x001677c4	UNCONDITIONAL_CALL	0
0x00158896	0x001e8b54	READ	1
0x001588a2	0x0015888c	CONDITIONAL_JUMP	0
0x001588aa	0x001588b4	CONDITIONAL_JUMP	0
0x001588b2	0x00158838	CONDITIONAL_JUMP	0
0x001588b6	0x001588c4	CONDITIONAL_JUMP	0
0x001588b8	0xStack[-0x8]	READ	1
0x001588bc	0x00146fe0	UNCONDITIONAL_CALL	0
0x001588c5	0x001540dc	UNCONDITIONAL_CALL	0
0x001588ca	0xStack[-0x1c]	DATA	0
0x001588dd	0x001e8b54	READ	1
0x001588ee	0xStack[-0x18]	WRITE	0
0x001588f1	0xStack[0x4]	READ	1
0x001588f7	0xStack[-0x1c]	WRITE	0
0x001588fa	0xStack[0x4]	READ	1
0x00158900	0xStack[-0xc]	DATA	0
0x00158904	0xStack[-0x8]	DATA	0
0x00158908	0xStack[-0x1c]	READ	1
0x0015890d	0x0014ab94	UNCONDITIONAL_CALL	0
0x00158919	0x001589ec	CONDITIONAL_JUMP	0
0x0015891f	0xStack[-0x14]	DATA	0
0x00158923	0xStack[-0x10]	DATA	0
0x0015892b	0xStack[0xc]	READ	1
0x00158934	0xStack[0x9]	READ	0
0x00158938	0x0015893c	CONDITIONAL_JUMP	0
0x0015893d	0xStack[0x8]	READ	1
0x00158946	0xStack[-0x8]	READ	1
0x0015894a	0x0014acd4	UNCONDITIONAL_CALL	0
0x00158954	0xStack[-0xc]	READ	1
0x00158958	0x0014b86c	UNCONDITIONAL_CALL	0
0x00158966	0x00158996	CONDITIONAL_JUMP	0
0x00158968	0x00158976	UNCONDITIONAL_JUMP	0
0x0015896e	0x001677c4	UNCONDITIONAL_CALL	0
0x00158976	0x001e8b54	READ	1
0x00158982	0x0015896c	CONDITIONAL_JUMP	0
0x00158984	0xStack[0x9]	READ	0
0x00158988	0x00158996	CONDITIONAL_JUMP	0
0x00158990	0x00158900	CONDITIONAL_JUMP	0
0x00158998	0x001589b0	CONDITIONAL_JUMP	0
0x001589a0	0x001589ec	CONDITIONAL_JUMP	0
0x001589a2	0xStack[-0x10]	READ	1
0x001589a5	0xStack[0x4]	READ	1
0x001589ab	0x001589ec	UNCONDITIONAL_JUMP	0
0x001589b0	0xStack[-0x10]	READ	1
0x001589b6	0x001589c8	CONDITIONAL_JUMP	0
0x001589b9	0x00146fe0	UNCONDITIONAL_CALL	0
0x001589c3	0x001589ed	UNCONDITIONAL_JUMP	0
0x001589c8	0xStack[-0x18]	READ	1
0x001589ce	0x00149c60	UNCONDITIONAL_CALL	0
0x001589d5	0xStack[-0x10]	READ	1
0x001589e3	0xStack[0x4]	READ	1
0x001589e7	0x00147770	UNCONDITIONAL_CALL	0
0x001589ed	0x001540dc	UNCONDITIONAL_CALL	0
0x001589f2	0xStack[-0x2c]	DATA	0
0x00158a05	0x001e8b54	READ	1
0x00158a13	0xStack[-0x20]	WRITE	0
0x00158a19	0xStack[-0x24]	WRITE	0
0x00158a1c	0xStack[0x4]	READ	1
0x00158a34	0x00158a40	CONDITIONAL_JUMP	0
0x00158a3b	0x00158f7c	UNCONDITIONAL_JUMP	0
0x00158a40	0xStack[-0x8]	DATA	0
0x00158a46	0xStack[0x4]	READ	1
0x00158a4a	0x00147688	UNCONDITIONAL_CALL	0
0x00158a4f	0xStack[-0x30]	WRITE	0
0x00158a57	0x00158a70	CONDITIONAL_JUMP	0
0x00158a5a	0x001540dc	UNCONDITIONAL_CALL	0
0x00158a5f	0x00158f7c	UNCONDITIONAL_JUMP	0
0x00158a66	0x0015a824	UNCONDITIONAL_CALL	0
0x00158a6e	0x00158a9e	UNCONDITIONAL_JUMP	0
0x00158a70	0xStack[-0x24]	READ	1
0x00158a74	0xStack[-0x20]	READ	1
0x00158a78	0xStack[-0x8]	READ	1
0x00158a7c	0x00149628	UNCONDITIONAL_CALL	0
0x00158a81	0xStack[-0x30]	WRITE	0
0x00158a89	0x00158aac	CONDITIONAL_JUMP	0
0x00158a8b	0xStack[-0x8]	READ	1
0x00158a93	0x00158a64	CONDITIONAL_JUMP	0
0x00158a96	0x00147550	UNCONDITIONAL_CALL	0
0x00158a9e	0xStack[-0x30]	READ	1
0x00158aa2	0x001540dc	UNCONDITIONAL_CALL	0
0x00158aa7	0x00158f7c	UNCONDITIONAL_JUMP	0
0x00158aac	0xStack[-0x8]	READ	1
0x00158ab4	0x00158bbc	CONDITIONAL_JUMP	0
0x00158abd	0x00158bbc	CONDITIONAL_JUMP	0
0x00158ac7	0x0014b844	UNCONDITIONAL_CALL	0
0x00158ad4	0x00158ad2	CONDITIONAL_JUMP	0
0x00158ae2	0x00158ad0	CONDITIONAL_JUMP	0
0x00158ae4	0x001f624c	READ	1
0x00158aec	0x00158bb8	CONDITIONAL_JUMP	0
0x00158af6	0xStack[-0x8]	READ	1
0x00158afa	0x001581a8	UNCONDITIONAL_CALL	0
0x00158aff	0xStack[-0x8]	WRITE	0
0x00158b07	0x00158c80	CONDITIONAL_JUMP	0
0x00158b14	0x00158b12	CONDITIONAL_JUMP	0
0x00158b22	0x00158b10	CONDITIONAL_JUMP	0
0x00158b28	0x00158b48	CONDITIONAL_JUMP	0
0x00158b2a	0xStack[-0x20]	READ	1
0x00158b30	0x00158b48	CONDITIONAL_JUMP	0
0x00158b36	0x00158b48	CONDITIONAL_JUMP	0
0x00158b38	0xStack[-0x8]	READ	1
0x00158b43	0xStack[0xc]	READ	0
0x00158b46	0x00158b5c	CONDITIONAL_JUMP	0
0x00158b55	0xStack[-0x8]	READ	1
0x00158b59	0x00158b95	UNCONDITIONAL_JUMP	0
0x00158b64	0x00158b62	CONDITIONAL_JUMP	0
0x00158b72	0x00158b60	CONDITIONAL_JUMP	0
0x00158b78	0x00158b80	CONDITIONAL_JUMP	0
0x00158b7e	0x00158ba4	CONDITIONAL_JUMP	0
0x00158b91	0xStack[-0x8]	READ	1
0x00158b95	0x0014a764	UNCONDITIONAL_CALL	0
0x00158b9d	0x00158c80	UNCONDITIONAL_JUMP	0
0x00158bb2	0x00158f48	UNCONDITIONAL_JUMP	0
0x00158bbc	0xStack[0x8]	READ	1
0x00158bc2	0x00158bd4	CONDITIONAL_JUMP	0
0x00158bc4	0x001dec8f	DATA	0
0x00158bc9	0x0010ca6c	UNCONDITIONAL_CALL	0
0x00158bd4	0xStack[0x8]	READ	0
0x00158bd8	0x00158bf4	CONDITIONAL_JUMP	0
0x00158bdc	0xStack[0x10]	READ	1
0x00158be5	0xStack[0x8]	READ	0
0x00158be9	0x00158c07	CONDITIONAL_JUMP	0
0x00158bf0	0x00158c07	UNCONDITIONAL_JUMP	0
0x00158bf6	0xStack[0x10]	READ	1
0x00158bfc	0xStack[0x8]	READ	0
0x00158c00	0x00158c07	CONDITIONAL_JUMP	0
0x00158c08	0xStack[-0x8]	READ	1
0x00158c0c	0x0014a764	UNCONDITIONAL_CALL	0
0x00158c11	0xStack[-0x30]	WRITE	0
0x00158c17	0xStack[-0x30]	READ	0
0x00158c1e	0x00158c4b	CONDITIONAL_JUMP	0
0x00158c20	0x00158c2e	UNCONDITIONAL_JUMP	0
0x00158c26	0x001677c4	UNCONDITIONAL_CALL	0
0x00158c2e	0x001e8b54	READ	1
0x00158c3a	0x00158c24	CONDITIONAL_JUMP	0
0x00158c3c	0xStack[0x8]	READ	0
0x00158c40	0x00158c4b	CONDITIONAL_JUMP	0
0x00158c42	0xStack[-0x30]	READ	0
0x00158c49	0x00158bd4	CONDITIONAL_JUMP	0
0x00158c4b	0xStack[-0x30]	READ	0
0x00158c4f	0x00158c80	CONDITIONAL_JUMP	0
0x00158c51	0xStack[-0x8]	READ	1
0x00158c55	0x00146fe0	UNCONDITIONAL_CALL	0
0x00158c5f	0x00158c6f	CONDITIONAL_JUMP	0
0x00158c64	0x00158c6f	CONDITIONAL_JUMP	0
0x00158c67	0x0014b86c	UNCONDITIONAL_CALL	0
0x00158c6f	0xStack[-0x30]	READ	1
0x00158c73	0x001540dc	UNCONDITIONAL_CALL	0
0x00158c78	0x00158f7c	UNCONDITIONAL_JUMP	0
0x00158c82	0x00158d01	CONDITIONAL_JUMP	0
0x00158c87	0x00158d01	CONDITIONAL_JUMP	0
0x00158c90	0x00158c8e	CONDITIONAL_JUMP	0
0x00158c9e	0x00158c8c	CONDITIONAL_JUMP	0
0x00158ca0	0xStack[-0x20]	READ	1
0x00158ca6	0x00158cd4	CONDITIONAL_JUMP	0
0x00158cb8	0x00158d01	CONDITIONAL_JUMP	0
0x00158cc4	0x001f6230	DATA	1
0x00158ccc	0x0016b84c	UNCONDITIONAL_CALL	0
0x00158cd1	0x00158d01	UNCONDITIONAL_JUMP	0
0x00158cd9	0x00158d3b	CONDITIONAL_JUMP	0
0x00158ce0	0x00158cde	CONDITIONAL_JUMP	0
0x00158cee	0x00158cdc	CONDITIONAL_JUMP	0
0x00158cf4	0x00158d0c	CONDITIONAL_JUMP	0
0x00158d06	0x00158f7c	UNCONDITIONAL_JUMP	0
0x00158d0e	0x0014d734	UNCONDITIONAL_CALL	0
0x00158d1f	0x00158d3b	CONDITIONAL_JUMP	0
0x00158d2b	0x001f6230	DATA	1
0x00158d33	0x0016b84c	UNCONDITIONAL_CALL	0
0x00158d44	0x00158d42	CONDITIONAL_JUMP	0
0x00158d52	0x00158d40	CONDITIONAL_JUMP	0
0x00158d58	0xStack[-0xc]	DATA	0
0x00158d5c	0xStack[-0x8]	DATA	0
0x00158d64	0xStack[0x14]	READ	1
0x00158d6d	0xStack[0x8]	READ	1
0x00158d73	0x00158d78	CONDITIONAL_JUMP	0
0x00158d75	0xStack[0xc]	READ	1
0x00158d79	0xStack[0x8]	READ	1
0x00158d83	0x0014acd4	UNCONDITIONAL_CALL	0
0x00158d88	0xStack[-0x30]	WRITE	0
0x00158d8f	0x0014b86c	UNCONDITIONAL_CALL	0
0x00158d97	0xStack[-0x30]	READ	0
0x00158d9b	0x00158f28	CONDITIONAL_JUMP	0
0x00158da1	0xStack[-0x30]	READ	0
0x00158da8	0x00158f08	CONDITIONAL_JUMP	0
0x00158dae	0x00158dba	UNCONDITIONAL_JUMP	0
0x00158db2	0x001677c4	UNCONDITIONAL_CALL	0
0x00158dba	0x001e8b54	READ	1
0x00158dc6	0x00158db0	CONDITIONAL_JUMP	0
0x00158dc8	0xStack[0xc]	READ	1
0x00158dcb	0xStack[0x4]	READ	1
0x00158dd1	0xStack[0x8]	READ	1
0x00158dda	0x00158f1a	CONDITIONAL_JUMP	0
0x00158de0	0x001e8b54	READ	1
0x00158dee	0xStack[-0x30]	WRITE	0
0x00158df4	0xStack[-0x28]	WRITE	0
0x00158df7	0xStack[0x4]	READ	1
0x00158dfd	0xStack[-0x2c]	WRITE	0
0x00158e00	0xStack[0xc]	READ	1
0x00158e04	0xStack[-0x14]	DATA	0
0x00158e08	0xStack[-0x10]	DATA	0
0x00158e0c	0xStack[-0x2c]	READ	1
0x00158e10	0xStack[-0x30]	READ	1
0x00158e14	0x0014ab94	UNCONDITIONAL_CALL	0
0x00158e20	0x00158eff	CONDITIONAL_JUMP	0
0x00158e26	0xStack[-0x1c]	DATA	0
0x00158e2a	0xStack[-0x18]	DATA	0
0x00158e32	0xStack[0x14]	READ	1
0x00158e3b	0xStack[0x9]	READ	0
0x00158e3f	0x00158e43	CONDITIONAL_JUMP	0
0x00158e44	0xStack[0x8]	READ	1
0x00158e4d	0xStack[-0x10]	READ	1
0x00158e51	0x0014acd4	UNCONDITIONAL_CALL	0
0x00158e5b	0xStack[-0x14]	READ	1
0x00158e5f	0x0014b86c	UNCONDITIONAL_CALL	0
0x00158e6d	0x00158e9e	CONDITIONAL_JUMP	0
0x00158e6f	0x00158e7e	UNCONDITIONAL_JUMP	0
0x00158e76	0x001677c4	UNCONDITIONAL_CALL	0
0x00158e7e	0x001e8b54	READ	1
0x00158e8a	0x00158e74	CONDITIONAL_JUMP	0
0x00158e8c	0xStack[0x9]	READ	0
0x00158e90	0x00158e9e	CONDITIONAL_JUMP	0
0x00158e98	0x00158e04	CONDITIONAL_JUMP	0
0x00158ea0	0x00158eb8	CONDITIONAL_JUMP	0
0x00158ea8	0x00158eff	CONDITIONAL_JUMP	0
0x00158eaa	0xStack[-0x18]	READ	1
0x00158ead	0xStack[0x4]	READ	1
0x00158eb3	0x00158eff	UNCONDITIONAL_JUMP	0
0x00158eb8	0xStack[-0x18]	READ	1
0x00158ebe	0x00158ed8	CONDITIONAL_JUMP	0
0x00158ec1	0x00146fe0	UNCONDITIONAL_CALL	0
0x00158ecb	0x001540dc	UNCONDITIONAL_CALL	0
0x00158ed0	0x00158f7c	UNCONDITIONAL_JUMP	0
0x00158ed8	0xStack[-0x28]	READ	1
0x00158edc	0xStack[-0x30]	READ	1
0x00158ee1	0x00149c60	UNCONDITIONAL_CALL	0
0x00158ee8	0xStack[-0x18]	READ	1
0x00158ef6	0xStack[0x4]	READ	1
0x00158efa	0x00147770	UNCONDITIONAL_CALL	0
0x00158f00	0x001540dc	UNCONDITIONAL_CALL	0
0x00158f05	0x00158f7c	UNCONDITIONAL_JUMP	0
0x00158f08	0xStack[-0x30]	READ	0
0x00158f0f	0x00158f1a	CONDITIONAL_JUMP	0
0x00158f11	0xStack[-0x8]	READ	1
0x00158f14	0xStack[0x4]	READ	1
0x00158f1a	0xStack[-0x30]	READ	1
0x00158f1e	0x001540dc	UNCONDITIONAL_CALL	0
0x00158f23	0x00158f7c	UNCONDITIONAL_JUMP	0
0x00158f28	0xStack[-0x8]	READ	1
0x00158f2b	0xStack[0xc]	READ	1
0x00158f31	0x00158f48	CONDITIONAL_JUMP	0
0x00158f34	0x00146fe0	UNCONDITIONAL_CALL	0
0x00158f3e	0x001540dc	UNCONDITIONAL_CALL	0
0x00158f43	0x00158f7c	UNCONDITIONAL_JUMP	0
0x00158f48	0xStack[-0x24]	READ	1
0x00158f4c	0xStack[-0x20]	READ	1
0x00158f50	0xStack[-0x8]	READ	1
0x00158f54	0x00149c60	UNCONDITIONAL_CALL	0
0x00158f59	0xStack[-0x30]	WRITE	0
0x00158f5c	0xStack[-0x8]	READ	1
0x00158f6a	0xStack[0x4]	READ	1
0x00158f6e	0x00147770	UNCONDITIONAL_CALL	0
0x00158f73	0xStack[-0x30]	READ	1
0x00158f77	0x001540dc	UNCONDITIONAL_CALL	0
0x00158f7c	0xStack[-0x3c]	DATA	0
0x00158f8c	0x001e8b54	READ	1
0x00158f99	0x00158fa6	CONDITIONAL_JUMP	0
0x00158f9b	0x00159a64	UNCONDITIONAL_CALL	0
0x00158fac	0xStack[-0x8]	READ	1
0x00158fb7	0x001dec9e	DATA	0
0x00158fbc	0x0010ca6c	UNCONDITIONAL_CALL	0
0x00158fcd	0xStack[0x4]	READ	1
0x00158fd0	0xStack[0x8]	READ	1
0x00158fd3	0xStack[0xc]	READ	1
0x00158fd8	0x00158ff6	CONDITIONAL_JUMP	0
0x00158fe1	0x00158ff3	CONDITIONAL_JUMP	0
0x00158fec	0x00158ff6	CONDITIONAL_JUMP	0
0x00158ff1	0x00158fe4	CONDITIONAL_JUMP	0
0x00158ff6	0xStack[-0xc]	DATA	0
0x00159005	0xStack[0x4]	READ	1
0x00159008	0x0018be68	UNCONDITIONAL_CALL	0
0x00159018	0x00159016	CONDITIONAL_JUMP	0
0x00159026	0x00159014	CONDITIONAL_JUMP	0
0x0015902f	0x00159040	CONDITIONAL_JUMP	0
0x00159038	0x0015be2c	UNCONDITIONAL_CALL	0
0x0015904c	0x001590c1	CONDITIONAL_JUMP	0
0x0015904e	0x00159094	COMPUTED_JUMP	-1
0x0015904e	0x001590c1	COMPUTED_JUMP	-1
0x0015904e	0x001590b4	COMPUTED_JUMP	-1
0x0015904e	0x00159058	DATA	0
0x00159058	0x00159094	DATA	0
0x0015905c	0x001590c1	DATA	0
0x00159060	0x001590b4	DATA	0
0x00159064	0x001590c1	DATA	0
0x00159068	0x001590b4	DATA	0
0x0015906c	0x001590c1	DATA	0
0x00159070	0x001590b4	DATA	0
0x00159074	0x001590c1	DATA	0
0x00159078	0x00159094	DATA	0
0x0015907c	0x001590c1	DATA	0
0x00159080	0x00159094	DATA	0
0x00159084	0x001590c1	DATA	0
0x00159088	0x001590b4	DATA	0
0x0015908c	0x001590c1	DATA	0
0x00159090	0x001590b4	DATA	0
0x001590a7	0x0016400c	UNCONDITIONAL_CALL	0
0x001590af	0x001590c1	UNCONDITIONAL_JUMP	0
0x001590c7	0x0018b544	UNCONDITIONAL_CALL	0
0x001590cc	0xStack[-0xc]	DATA	0
0x001590de	0xStack[0x4]	READ	1
0x001590e1	0xStack[0x8]	READ	1
0x001590e4	0x0018be68	UNCONDITIONAL_CALL	0
0x001590f4	0x001590f2	CONDITIONAL_JUMP	0
0x00159102	0x001590f0	CONDITIONAL_JUMP	0
0x0015910b	0x0015911c	CONDITIONAL_JUMP	0
0x00159114	0x0015be2c	UNCONDITIONAL_CALL	0
0x00159128	0x001591cd	CONDITIONAL_JUMP	0
0x0015912e	0x00159174	COMPUTED_JUMP	-1
0x0015912e	0x001591cd	COMPUTED_JUMP	-1
0x0015912e	0x001591c0	COMPUTED_JUMP	-1
0x0015912e	0x00159138	DATA	0
0x00159138	0x00159174	DATA	0
0x0015913c	0x001591cd	DATA	0
0x00159140	0x001591c0	DATA	0
0x00159144	0x001591cd	DATA	0
0x00159148	0x001591c0	DATA	0
0x0015914c	0x001591cd	DATA	0
0x00159150	0x001591c0	DATA	0
0x00159154	0x001591cd	DATA	0
0x00159158	0x00159174	DATA	0
0x0015915c	0x001591cd	DATA	0
0x00159160	0x00159174	DATA	0
0x00159164	0x001591cd	DATA	0
0x00159168	0x001591c0	DATA	0
0x0015916c	0x001591cd	DATA	0
0x00159170	0x001591c0	DATA	0
0x00159191	0x001591a0	CONDITIONAL_JUMP	0
0x00159193	0x001e8b54	READ	1
0x0015919e	0x001591b0	CONDITIONAL_JUMP	0
0x001591a3	0x0016400c	UNCONDITIONAL_CALL	0
0x001591ab	0x001591cd	UNCONDITIONAL_JUMP	0
0x001591b7	0x00163a70	UNCONDITIONAL_CALL	0
0x001591bc	0x001591e4	UNCONDITIONAL_JUMP	0
0x001591d4	0x001591e4	CONDITIONAL_JUMP	0
0x001591d6	0x0018b60c	UNCONDITIONAL_CALL	0
0x001591dc	0x0018d4e0	UNCONDITIONAL_CALL	0
0x001591e5	0x0018b544	UNCONDITIONAL_CALL	0
0x001591ea	0xStack[-0x10]	DATA	0
0x001591f8	0xStack[0x4]	READ	1
0x001591fb	0x0018be68	UNCONDITIONAL_CALL	0
0x0015920c	0x0015920a	CONDITIONAL_JUMP	0
0x0015921a	0x00159208	CONDITIONAL_JUMP	0
0x00159226	0x0018b544	UNCONDITIONAL_CALL	0
0x0015922b	0xStack[-0x8]	READ	1
0x0015923a	0xStack[0x4]	READ	1
0x0015923d	0xStack[0x8]	READ	1
0x00159240	0x001dee30	READ	1
0x00159257	0x0018be68	UNCONDITIONAL_CALL	0
0x00159268	0x00159266	CONDITIONAL_JUMP	0
0x00159276	0x00159264	CONDITIONAL_JUMP	0
0x0015927e	0x00159286	CONDITIONAL_JUMP	0
0x00159280	0xStack[0x8]	READ	0
0x00159284	0x00159296	CONDITIONAL_JUMP	0
0x0015928e	0x0015bdc4	UNCONDITIONAL_CALL	0
0x0015929c	0x0018b544	UNCONDITIONAL_CALL	0
0x001592a1	0xStack[-0x10]	DATA	0
0x001592b2	0xStack[0x4]	READ	1
0x001592b5	0xStack[0xc]	READ	1
0x001592b8	0x0018be68	UNCONDITIONAL_CALL	0
0x001592c8	0x001592c6	CONDITIONAL_JUMP	0
0x001592d6	0x001592c4	CONDITIONAL_JUMP	0
0x001592d8	0x001f6354	READ	1
0x001592e0	0x001592eb	CONDITIONAL_JUMP	0
0x001592e9	0x00159304	CONDITIONAL_JUMP	0
0x001592f1	0x0018b544	UNCONDITIONAL_CALL	0
0x001592f6	0x001deb54	READ_WRITE	0
0x001592fe	0x001593d7	UNCONDITIONAL_JUMP	0
0x0015930b	0x0015931c	CONDITIONAL_JUMP	0
0x00159314	0x0015be2c	UNCONDITIONAL_CALL	0
0x00159328	0x001e90ac	READ	1
0x00159338	0x001e90ac	WRITE	0
0x0015933d	0x001e90ac	READ	1
0x00159343	0x00106e0c	UNCONDITIONAL_CALL	0
0x0015934a	0x0018d250	UNCONDITIONAL_CALL	0
0x0015935c	0x0015935a	CONDITIONAL_JUMP	0
0x0015936a	0x00159358	CONDITIONAL_JUMP	0
0x0015936c	0xStack[0x8]	READ	1
0x00159378	0x00159384	CONDITIONAL_JUMP	0
0x00159381	0x001593c1	UNCONDITIONAL_JUMP	0
0x00159387	0x001593b4	CONDITIONAL_JUMP	0
0x00159394	0x001593c1	CONDITIONAL_JUMP	0
0x001593aa	0x001631a0	UNCONDITIONAL_CALL	0
0x001593b2	0x001593c6	UNCONDITIONAL_JUMP	0
0x001593b4	0x001decb5	DATA	0
0x001593b9	0x0010ca6c	UNCONDITIONAL_CALL	0
0x001593c7	0x0018b544	UNCONDITIONAL_CALL	0
0x001593cc	0x001deb50	READ_WRITE	0
0x001593d7	0xStack[-0x10]	DATA	0
0x001593ed	0xStack[0x4]	READ	1
0x001593f0	0xStack[0x8]	READ	1
0x001593f3	0xStack[-0x8]	DATA	0
0x001593f7	0x001f632c	READ	1
0x001593fe	0x0015071c	UNCONDITIONAL_CALL	0
0x00159408	0x00159417	CONDITIONAL_JUMP	0
0x0015940a	0x001decc4	DATA	0
0x0015940f	0x0010ca6c	UNCONDITIONAL_CALL	0
0x00159417	0x001f624c	READ	1
0x0015941e	0x0014d1a4	UNCONDITIONAL_CALL	0
0x0015942a	0x00159439	CONDITIONAL_JUMP	0
0x0015942c	0x001decd2	DATA	0
0x00159431	0x0010ca6c	UNCONDITIONAL_CALL	0
0x00159444	0x0014cf74	UNCONDITIONAL_CALL	0
0x0015944c	0xStack[-0x8]	READ	1
0x0015945a	0x00159480	CONDITIONAL_JUMP	0
0x00159479	0x00159470	CONDITIONAL_JUMP	0
0x0015947b	0x001594d0	UNCONDITIONAL_JUMP	0
0x00159488	0x00159486	CONDITIONAL_JUMP	0
0x00159496	0x00159484	CONDITIONAL_JUMP	0
0x001594a1	0x0014cfa4	UNCONDITIONAL_CALL	0
0x001594b1	0x0015949c	CONDITIONAL_JUMP	0
0x001594b7	0x0014cfa4	UNCONDITIONAL_CALL	0
0x001594c3	0x0014cfa4	UNCONDITIONAL_CALL	0
0x001594d0	0xStack[-0x14]	DATA	0
0x001594e0	0xStack[0x4]	READ	1
0x001594ec	0x001594ea	CONDITIONAL_JUMP	0
0x001594fa	0x001594e8	CONDITIONAL_JUMP	0
0x00159501	0x0015950c	CONDITIONAL_JUMP	0
0x00159507	0x0015839c	UNCONDITIONAL_CALL	0
0x00159511	0xStack[-0x8]	READ	1
0x0015951c	0xStack[0x4]	READ	1
0x00159528	0x00159526	CONDITIONAL_JUMP	0
0x00159536	0x00159524	CONDITIONAL_JUMP	0
0x0015953d	0x00159549	CONDITIONAL_JUMP	0
0x00159544	0x0015839c	UNCONDITIONAL_CALL	0
0x0015954e	0xStack[-0x8]	READ	1
0x0015955e	0xStack[0x4]	READ	1
0x00159568	0x00159566	CONDITIONAL_JUMP	0
0x00159576	0x00159564	CONDITIONAL_JUMP	0
0x0015957d	0x0015958c	CONDITIONAL_JUMP	0
0x00159584	0x00159611	UNCONDITIONAL_JUMP	0
0x0015959d	0x001595ad	CONDITIONAL_JUMP	0
0x001595a2	0x001595ad	CONDITIONAL_JUMP	0
0x001595a5	0x0014d050	UNCONDITIONAL_CALL	0
0x001595b2	0x001595c2	CONDITIONAL_JUMP	0
0x001595b7	0x001595c2	CONDITIONAL_JUMP	0
0x001595ba	0x0014d050	UNCONDITIONAL_CALL	0
0x001595c7	0x001595d7	CONDITIONAL_JUMP	0
0x001595cc	0x001595d7	CONDITIONAL_JUMP	0
0x001595cf	0x0014d050	UNCONDITIONAL_CALL	0
0x001595e2	0x001595f2	CONDITIONAL_JUMP	0
0x001595e7	0x001595f2	CONDITIONAL_JUMP	0
0x001595ea	0x0014d050	UNCONDITIONAL_CALL	0
0x001595f6	0x001595dc	CONDITIONAL_JUMP	0
0x001595ff	0x00150860	UNCONDITIONAL_CALL	0
0x00159604	0x001f624c	READ	1
0x0015960c	0x0014d244	UNCONDITIONAL_CALL	0
0x00159611	0xStack[-0x10]	DATA	0
0x00159624	0xStack[0x4]	READ	1
0x00159627	0x001f624c	READ	1
0x0015962e	0x0014d1a4	UNCONDITIONAL_CALL	0
0x0015963a	0x00159649	CONDITIONAL_JUMP	0
0x0015963c	0x001dece0	DATA	0
0x00159641	0x0010ca6c	UNCONDITIONAL_CALL	0
0x00159670	0x0014cf74	UNCONDITIONAL_CALL	0
0x0015969c	0xStack[-0xc]	DATA	0
0x001596a0	0xStack[-0x8]	DATA	0
0x001596ab	0x0014d328	UNCONDITIONAL_CALL	0
0x001596b5	0x001596c1	CONDITIONAL_JUMP	0
0x001596b7	0x001decf0	DATA	0
0x001596bc	0x0010ca6c	UNCONDITIONAL_CALL	0
0x001596c1	0xStack[-0xc]	READ	1
0x001596d4	0xStack[-0x14]	DATA	0
0x001596e4	0xStack[0x4]	READ	1
0x001596f4	0x001596f2	CONDITIONAL_JUMP	0
0x00159702	0x001596f0	CONDITIONAL_JUMP	0
0x0015970c	0x00159717	CONDITIONAL_JUMP	0
0x00159712	0x0015839c	UNCONDITIONAL_CALL	0
0x0015971f	0xStack[-0x8]	READ	1
0x0015972c	0xStack[0x4]	READ	1
0x0015973c	0x0015973a	CONDITIONAL_JUMP	0
0x0015974a	0x00159738	CONDITIONAL_JUMP	0
0x00159754	0x00159760	CONDITIONAL_JUMP	0
0x0015975b	0x0015839c	UNCONDITIONAL_CALL	0
0x00159768	0xStack[-0x8]	READ	1
0x00159779	0xStack[0x4]	READ	1
0x00159788	0x00159786	CONDITIONAL_JUMP	0
0x00159796	0x00159784	CONDITIONAL_JUMP	0
0x001597a0	0x001597b0	CONDITIONAL_JUMP	0
0x001597aa	0x00159893	UNCONDITIONAL_JUMP	0
0x001597ca	0x001597da	CONDITIONAL_JUMP	0
0x001597cf	0x001597da	CONDITIONAL_JUMP	0
0x001597d2	0x0014d050	UNCONDITIONAL_CALL	0
0x001597e2	0x001597f2	CONDITIONAL_JUMP	0
0x001597e7	0x001597f2	CONDITIONAL_JUMP	0
0x001597ea	0x0014d050	UNCONDITIONAL_CALL	0
0x001597fa	0x00159811	CONDITIONAL_JUMP	0
0x001597ff	0x00159811	CONDITIONAL_JUMP	0
0x00159801	0x001f6250	READ	1
0x00159809	0x0014d244	UNCONDITIONAL_CALL	0
0x00159819	0x00159886	CONDITIONAL_JUMP	0
0x0015981e	0x00159886	CONDITIONAL_JUMP	0
0x00159834	0x00159832	CONDITIONAL_JUMP	0
0x00159842	0x00159830	CONDITIONAL_JUMP	0
0x00159848	0x00159878	CONDITIONAL_JUMP	0
0x0015984a	0xStack[-0xc]	DATA	0
0x0015984e	0xStack[-0x8]	DATA	0
0x00159854	0x0014db68	UNCONDITIONAL_CALL	0
0x0015985e	0x00159878	CONDITIONAL_JUMP	0
0x00159864	0xStack[-0xc]	READ	1
0x00159868	0xStack[-0x8]	READ	1
0x0015986d	0x0014e154	UNCONDITIONAL_CALL	0
0x00159875	0x0015987d	UNCONDITIONAL_JUMP	0
0x0015987e	0x0014d050	UNCONDITIONAL_CALL	0
0x00159886	0x001f624c	READ	1
0x0015988e	0x0014d244	UNCONDITIONAL_CALL	0
0x00159893	0xStack[-0x18]	DATA	0
0x001598a4	0xStack[0x4]	READ	1
0x001598b0	0x001598ae	CONDITIONAL_JUMP	0
0x001598be	0x001598ac	CONDITIONAL_JUMP	0
0x001598c6	0x001598e8	CONDITIONAL_JUMP	0
0x001598cc	0x001598ca	CONDITIONAL_JUMP	0
0x001598da	0x001598c8	CONDITIONAL_JUMP	0
0x001598e6	0x001598f0	UNCONDITIONAL_JUMP	0
0x001598e9	0x0014cfa4	UNCONDITIONAL_CALL	0
0x001598f7	0xStack[-0x8]	READ	1
0x00159904	0xStack[0x4]	READ	1
0x00159914	0x00159912	CONDITIONAL_JUMP	0
0x00159922	0x00159910	CONDITIONAL_JUMP	0
0x00159930	0x00159954	CONDITIONAL_JUMP	0
0x00159938	0x00159936	CONDITIONAL_JUMP	0
0x00159946	0x00159934	CONDITIONAL_JUMP	0
0x00159952	0x0015995c	UNCONDITIONAL_JUMP	0
0x00159955	0x0014cfa4	UNCONDITIONAL_CALL	0
0x00159966	0xStack[-0x8]	READ	1
0x00159974	0x001e8b54	READ	1
0x00159984	0x00159982	CONDITIONAL_JUMP	0
0x00159992	0x00159980	CONDITIONAL_JUMP	0
0x0015999a	0x001599bc	CONDITIONAL_JUMP	0
0x001599a0	0x0015999e	CONDITIONAL_JUMP	0
0x001599ae	0x0015999c	CONDITIONAL_JUMP	0
0x001599ba	0x001599c7	UNCONDITIONAL_JUMP	0
0x001599bd	0x0014cfa4	UNCONDITIONAL_CALL	0
0x001599d4	0x0014cff0	UNCONDITIONAL_CALL	0
0x001599d9	0xStack[-0x8]	READ	1
0x001599e5	0x001e8b54	READ	1
0x001599f8	0x001599f6	CONDITIONAL_JUMP	0
0x00159a06	0x001599f4	CONDITIONAL_JUMP	0
0x00159a14	0x00159a38	CONDITIONAL_JUMP	0
0x00159a1c	0x00159a1a	CONDITIONAL_JUMP	0
0x00159a2a	0x00159a18	CONDITIONAL_JUMP	0
0x00159a36	0x00159a43	UNCONDITIONAL_JUMP	0
0x00159a39	0x0014cfa4	UNCONDITIONAL_CALL	0
0x00159a53	0x0014cff0	UNCONDITIONAL_CALL	0
0x00159a58	0xStack[-0xc]	DATA	0
0x00159a6a	0xStack[-0xc]	DATA	0
0x00159a6e	0xStack[-0x8]	DATA	0
0x00159a72	0x001e8b54	READ	1
0x00159a81	0x0014c9c4	UNCONDITIONAL_CALL	0
0x00159a88	0x00159a94	CONDITIONAL_JUMP	0
0x00159a8a	0xStack[-0xc]	READ	1
0x00159a91	0x00159a9b	UNCONDITIONAL_JUMP	0
0x00159a94	0xStack[-0x8]	WRITE	0
0x00159a9b	0xStack[-0x8]	READ	1
0x00159aa9	0xStack[0x4]	READ	1
0x00159abc	0x00159aba	CONDITIONAL_JUMP	0
0x00159aca	0x00159ab8	CONDITIONAL_JUMP	0
0x00159ad0	0x00159ae8	CONDITIONAL_JUMP	0
0x00159ad7	0x00159aea	CONDITIONAL_JUMP	0
0x00159adc	0x00159aea	CONDITIONAL_JUMP	0
0x00159adf	0x0014b844	UNCONDITIONAL_CALL	0
0x00159ae4	0x00159aea	UNCONDITIONAL_JUMP	0
0x00159af1	0xStack[-0xc]	DATA	0
0x00159b01	0xStack[0x4]	READ	1
0x00159b10	0x00159b0e	CONDITIONAL_JUMP	0
0x00159b1e	0x00159b0c	CONDITIONAL_JUMP	0
0x00159b27	0x00159b40	CONDITIONAL_JUMP	0
0x00159b31	0x00159b42	CONDITIONAL_JUMP	0
0x00159b36	0x00159b42	CONDITIONAL_JUMP	0
0x00159b39	0x0014b844	UNCONDITIONAL_CALL	0
0x00159b3e	0x00159b42	UNCONDITIONAL_JUMP	0
0x00159b4c	0xStack[-0xc]	DATA	0
0x00159b5c	0x001e8b54	READ	1
0x00159b6c	0x00159b6a	CONDITIONAL_JUMP	0
0x00159b7a	0x00159b68	CONDITIONAL_JUMP	0
0x00159b82	0x00159ba4	CONDITIONAL_JUMP	0
0x00159b88	0x00159b86	CONDITIONAL_JUMP	0
0x00159b96	0x00159b84	CONDITIONAL_JUMP	0
0x00159ba2	0x00159baf	UNCONDITIONAL_JUMP	0
0x00159ba5	0x0014cfa4	UNCONDITIONAL_CALL	0
0x00159bbc	0x0014d4e4	UNCONDITIONAL_CALL	0
0x00159bc1	0xStack[-0x8]	READ	1
0x00159bce	0x001e8b54	READ	1
0x00159be4	0x00159be2	CONDITIONAL_JUMP	0
0x00159bf2	0x00159be0	CONDITIONAL_JUMP	0
0x00159bf8	0x00159c14	CONDITIONAL_JUMP	0
0x00159bff	0x00159c16	CONDITIONAL_JUMP	0
0x00159c04	0x00159c16	CONDITIONAL_JUMP	0
0x00159c07	0x0014b844	UNCONDITIONAL_CALL	0
0x00159c0f	0x00159c16	UNCONDITIONAL_JUMP	0
0x00159c23	0x0014d5b0	UNCONDITIONAL_CALL	0
0x00159c28	0xStack[-0x10]	DATA	0
0x00159c39	0x001e8b54	READ	1
0x00159c4c	0x00159c4a	CONDITIONAL_JUMP	0
0x00159c5a	0x00159c48	CONDITIONAL_JUMP	0
0x00159c68	0x00159c8c	CONDITIONAL_JUMP	0
0x00159c70	0x00159c6e	CONDITIONAL_JUMP	0
0x00159c7e	0x00159c6c	CONDITIONAL_JUMP	0
0x00159c8a	0x00159c97	UNCONDITIONAL_JUMP	0
0x00159c8d	0x0014cfa4	UNCONDITIONAL_CALL	0
0x00159ca7	0x0014d4e4	UNCONDITIONAL_CALL	0
0x00159cac	0xStack[-0xc]	DATA	0
0x00159cbe	0x001e8b54	READ	1
0x00159cd4	0x00159cd2	CONDITIONAL_JUMP	0
0x00159ce2	0x00159cd0	CONDITIONAL_JUMP	0
0x00159ceb	0x00159d08	CONDITIONAL_JUMP	0
0x00159cf5	0x00159d0a	CONDITIONAL_JUMP	0
0x00159cfa	0x00159d0a	CONDITIONAL_JUMP	0
0x00159cfd	0x0014b844	UNCONDITIONAL_CALL	0
0x00159d05	0x00159d0a	UNCONDITIONAL_JUMP	0
0x00159d1a	0x0014d5b0	UNCONDITIONAL_CALL	0
0x00159d1f	0xStack[-0x10]	DATA	0
0x00159d32	0xStack[0x4]	READ	1
0x00159d35	0xStack[0x8]	READ	1
0x00159d38	0xStack[0xc]	READ	1
0x00159d3d	0x00159d4c	CONDITIONAL_JUMP	0
0x00159d44	0x00159dfe	UNCONDITIONAL_JUMP	0
0x00159d4f	0x00159d68	CONDITIONAL_JUMP	0
0x00159d51	0x00159d5c	CONDITIONAL_JUMP	0
0x00159d56	0x00159dac	CONDITIONAL_JUMP	0
0x00159d58	0x00159d3f	UNCONDITIONAL_JUMP	0
0x00159d5f	0x00159db4	CONDITIONAL_JUMP	0
0x00159d64	0x00159dbc	CONDITIONAL_JUMP	0
0x00159d66	0x00159d3f	UNCONDITIONAL_JUMP	0
0x00159d78	0x00159d76	CONDITIONAL_JUMP	0
0x00159d86	0x00159d74	CONDITIONAL_JUMP	0
0x00159d8c	0x00159d98	CONDITIONAL_JUMP	0
0x00159d93	0x00159df9	UNCONDITIONAL_JUMP	0
0x00159d9c	0x0014cfa4	UNCONDITIONAL_CALL	0
0x00159da8	0x00159ded	UNCONDITIONAL_JUMP	0
0x00159daf	0x00159dbf	UNCONDITIONAL_JUMP	0
0x00159db7	0x00159dbf	UNCONDITIONAL_JUMP	0
0x00159dc8	0x00159dc6	CONDITIONAL_JUMP	0
0x00159dd6	0x00159dc4	CONDITIONAL_JUMP	0
0x00159ddc	0x00159df4	CONDITIONAL_JUMP	0
0x00159de1	0x0014cfa4	UNCONDITIONAL_CALL	0
0x00159df1	0x00159dfe	UNCONDITIONAL_JUMP	0
0x00159dfe	0xStack[-0x10]	DATA	0
0x00159e0d	0xStack[0x4]	READ	1
0x00159e10	0xStack[0x8]	READ	1
0x00159e13	0xStack[0xc]	READ	1
0x00159e18	0x00159e24	CONDITIONAL_JUMP	0
0x00159e1f	0x00159ede	UNCONDITIONAL_JUMP	0
0x00159e27	0x00159e40	CONDITIONAL_JUMP	0
0x00159e29	0x00159e34	CONDITIONAL_JUMP	0
0x00159e2e	0x00159e84	CONDITIONAL_JUMP	0
0x00159e30	0x00159e1a	UNCONDITIONAL_JUMP	0
0x00159e37	0x00159e8c	CONDITIONAL_JUMP	0
0x00159e3c	0x00159e94	CONDITIONAL_JUMP	0
0x00159e3e	0x00159e1a	UNCONDITIONAL_JUMP	0
0x00159e50	0x00159e4e	CONDITIONAL_JUMP	0
0x00159e5e	0x00159e4c	CONDITIONAL_JUMP	0
0x00159e64	0x00159e74	CONDITIONAL_JUMP	0
0x00159e70	0x00159ede	UNCONDITIONAL_JUMP	0
0x00159e7f	0x00159ecd	UNCONDITIONAL_JUMP	0
0x00159e87	0x00159e97	UNCONDITIONAL_JUMP	0
0x00159e8f	0x00159e97	UNCONDITIONAL_JUMP	0
0x00159ea0	0x00159e9e	CONDITIONAL_JUMP	0
0x00159eae	0x00159e9c	CONDITIONAL_JUMP	0
0x00159eb4	0x00159ec4	CONDITIONAL_JUMP	0
0x00159ec0	0x00159ede	UNCONDITIONAL_JUMP	0
0x00159ecf	0x00159edc	CONDITIONAL_JUMP	0
0x00159ed4	0x00159edc	CONDITIONAL_JUMP	0
0x00159ed7	0x0014d050	UNCONDITIONAL_CALL	0
0x00159ede	0xStack[-0xc]	DATA	0
0x00159eed	0xStack[0x4]	READ	1
0x00159ef0	0xStack[0x8]	READ	1
0x00159ef3	0xStack[0xc]	READ	1
0x00159ef8	0x00159f04	CONDITIONAL_JUMP	0
0x00159eff	0x00159f7d	UNCONDITIONAL_JUMP	0
0x00159f07	0x00159f1c	CONDITIONAL_JUMP	0
0x00159f09	0x00159f14	CONDITIONAL_JUMP	0
0x00159f0e	0x00159f24	CONDITIONAL_JUMP	0
0x00159f10	0x00159efa	UNCONDITIONAL_JUMP	0
0x00159f17	0x00159f2c	CONDITIONAL_JUMP	0
0x00159f19	0x00159efa	UNCONDITIONAL_JUMP	0
0x00159f22	0x00159f32	UNCONDITIONAL_JUMP	0
0x00159f2a	0x00159f32	UNCONDITIONAL_JUMP	0
0x00159f3c	0x00159f3a	CONDITIONAL_JUMP	0
0x00159f4a	0x00159f38	CONDITIONAL_JUMP	0
0x00159f53	0x00159f70	CONDITIONAL_JUMP	0
0x00159f58	0x0014cfa4	UNCONDITIONAL_CALL	0
0x00159f6b	0x00159f7d	UNCONDITIONAL_JUMP	0
0x00159f7d	0xStack[-0xc]	DATA	0
0x00159f8d	0xStack[0x4]	READ	1
0x00159f90	0xStack[0x8]	READ	1
0x00159f95	0x00159fa4	CONDITIONAL_JUMP	0
0x00159f9c	0x0015a024	UNCONDITIONAL_JUMP	0
0x00159fa7	0x00159fbc	CONDITIONAL_JUMP	0
0x00159fa9	0x00159fb4	CONDITIONAL_JUMP	0
0x00159fae	0x00159fc4	CONDITIONAL_JUMP	0
0x00159fb0	0x00159f97	UNCONDITIONAL_JUMP	0
0x00159fb7	0x00159fcc	CONDITIONAL_JUMP	0
0x00159fb9	0x00159f97	UNCONDITIONAL_JUMP	0
0x00159fc2	0x00159fd2	UNCONDITIONAL_JUMP	0
0x00159fca	0x00159fd2	UNCONDITIONAL_JUMP	0
0x00159fdc	0x00159fda	CONDITIONAL_JUMP	0
0x00159fea	0x00159fd8	CONDITIONAL_JUMP	0
0x00159ff3	0x0015a004	CONDITIONAL_JUMP	0
0x0015a002	0x0015a024	UNCONDITIONAL_JUMP	0
0x0015a006	0xStack[0xc]	READ	1
0x0015a015	0x0015a022	CONDITIONAL_JUMP	0
0x0015a01a	0x0015a022	CONDITIONAL_JUMP	0
0x0015a01d	0x0014d050	UNCONDITIONAL_CALL	0
0x0015a024	0xStack[-0xc]	DATA	0
0x0015a039	0xStack[0x4]	READ	1
0x0015a03c	0xStack[0xc]	READ	1
0x0015a041	0x0015a097	CONDITIONAL_JUMP	0
0x0015a046	0x0015a097	CONDITIONAL_JUMP	0
0x0015a04c	0x0015a06d	CONDITIONAL_JUMP	0
0x0015a050	0xStack[0x8]	READ	1
0x0015a056	0xStack[-0x10]	DATA	0
0x0015a05d	0x0015a050	CONDITIONAL_JUMP	0
0x0015a05f	0x0015a06d	UNCONDITIONAL_JUMP	0
0x0015a064	0xStack[-0x10]	DATA	0
0x0015a070	0x0015a064	CONDITIONAL_JUMP	0
0x0015a07c	0x0015a07a	CONDITIONAL_JUMP	0
0x0015a08a	0x0015a078	CONDITIONAL_JUMP	0
0x0015a090	0x0015a0a0	CONDITIONAL_JUMP	0
0x0015a09c	0x0015a0f7	UNCONDITIONAL_JUMP	0
0x0015a0a8	0xStack[-0x10]	DATA	1
0x0015a0b0	0xStack[-0x10]	DATA	0
0x0015a0b8	0x0015a0a4	CONDITIONAL_JUMP	0
0x0015a0c4	0xStack[-0x10]	DATA	1
0x0015a0ca	0x0015a0da	CONDITIONAL_JUMP	0
0x0015a0cf	0x0015a0da	CONDITIONAL_JUMP	0
0x0015a0d2	0x0014d050	UNCONDITIONAL_CALL	0
0x0015a0de	0x0015a0c4	CONDITIONAL_JUMP	0
0x0015a0e2	0x0015a0f5	CONDITIONAL_JUMP	0
0x0015a0ec	0xStack[0x8]	READ	1
0x0015a0f0	0x0015a824	UNCONDITIONAL_CALL	0
0x0015a0f7	0xStack[-0x20]	DATA	0
0x0015a10a	0xStack[0x4]	READ	1
0x0015a10f	0x0015a118	CONDITIONAL_JUMP	0
0x0015a116	0x0015a193	UNCONDITIONAL_JUMP	0
0x0015a11a	0x0015a75c	UNCONDITIONAL_CALL	0
0x0015a126	0x0015a130	CONDITIONAL_JUMP	0
0x0015a12d	0x0015a193	UNCONDITIONAL_JUMP	0
0x0015a138	0x0015a136	CONDITIONAL_JUMP	0
0x0015a146	0x0015a134	CONDITIONAL_JUMP	0
0x0015a14c	0x0015a164	CONDITIONAL_JUMP	0
0x0015a156	0x0015a824	UNCONDITIONAL_CALL	0
0x0015a160	0x0015a193	UNCONDITIONAL_JUMP	0
0x0015a16d	0x0014cfa4	UNCONDITIONAL_CALL	0
0x0015a17c	0x0015a168	CONDITIONAL_JUMP	0
0x0015a183	0xStack[0x8]	READ	1
0x0015a188	0xStack[0xc]	READ	1
0x0015a193	0xStack[-0x10]	DATA	0
0x0015a1a5	0xStack[0x4]	READ	1
0x0015a1ac	0x0015a1e2	CONDITIONAL_JUMP	0
0x0015a1b1	0x0015a1e2	CONDITIONAL_JUMP	0
0x0015a1b8	0x0015a1b6	CONDITIONAL_JUMP	0
0x0015a1c6	0x0015a1b4	CONDITIONAL_JUMP	0
0x0015a1cd	0x0015a1de	CONDITIONAL_JUMP	0
0x0015a1d3	0x0015a1de	CONDITIONAL_JUMP	0
0x0015a1d9	0x00165c94	UNCONDITIONAL_CALL	0
0x0015a1e4	0xStack[-0xc]	DATA	0
0x0015a1f5	0xStack[0x4]	READ	1
0x0015a1fc	0x0015a238	CONDITIONAL_JUMP	0
0x0015a201	0x0015a238	CONDITIONAL_JUMP	0
0x0015a208	0x0015a206	CONDITIONAL_JUMP	0
0x0015a216	0x0015a204	CONDITIONAL_JUMP	0
0x0015a21d	0x0015a234	CONDITIONAL_JUMP	0
0x0015a223	0x0015a234	CONDITIONAL_JUMP	0
0x0015a22f	0x001506b0	UNCONDITIONAL_CALL	0
0x0015a23a	0xStack[-0xc]	DATA	0
0x0015a249	0xStack[0x4]	READ	1
0x0015a250	0x0015a289	CONDITIONAL_JUMP	0
0x0015a255	0x0015a289	CONDITIONAL_JUMP	0
0x0015a25c	0x0015a25a	CONDITIONAL_JUMP	0
0x0015a26a	0x0015a258	CONDITIONAL_JUMP	0
0x0015a271	0x0015a285	CONDITIONAL_JUMP	0
0x0015a277	0x0015a285	CONDITIONAL_JUMP	0
0x0015a280	0x001747a8	UNCONDITIONAL_CALL	0
0x0015a28b	0xStack[-0xc]	DATA	0
0x0015a299	0xStack[0x4]	READ	1
0x0015a2a0	0x0015a2d6	CONDITIONAL_JUMP	0
0x0015a2a5	0x0015a2d6	CONDITIONAL_JUMP	0
0x0015a2ac	0x0015a2aa	CONDITIONAL_JUMP	0
0x0015a2ba	0x0015a2a8	CONDITIONAL_JUMP	0
0x0015a2c1	0x0015a2d2	CONDITIONAL_JUMP	0
0x0015a2c7	0x0015a2d2	CONDITIONAL_JUMP	0
0x0015a2cd	0x00167238	UNCONDITIONAL_CALL	0
0x0015a2d8	0xStack[-0xc]	DATA	0
0x0015a2e9	0xStack[0x4]	READ	1
0x0015a2f4	0x0015a2f2	CONDITIONAL_JUMP	0
0x0015a302	0x0015a2f0	CONDITIONAL_JUMP	0
0x0015a309	0x0015a318	CONDITIONAL_JUMP	0
0x0015a30c	0x0014cf74	UNCONDITIONAL_CALL	0
0x0015a316	0x0015a31a	UNCONDITIONAL_JUMP	0
0x0015a320	0x00165bec	UNCONDITIONAL_CALL	0
0x0015a327	0xStack[-0xc]	DATA	0
0x0015a335	0xStack[0x4]	READ	1
0x0015a344	0x0015a342	CONDITIONAL_JUMP	0
0x0015a352	0x0015a340	CONDITIONAL_JUMP	0
0x0015a35c	0x0015a36c	CONDITIONAL_JUMP	0
0x0015a35f	0x0014cf74	UNCONDITIONAL_CALL	0
0x0015a369	0x0015a36e	UNCONDITIONAL_JUMP	0
0x0015a377	0x00166ea0	UNCONDITIONAL_CALL	0
0x0015a37e	0xStack[-0xc]	DATA	0
0x0015a38b	0xStack[0x4]	READ	1
0x0015a390	0x0015a398	CONDITIONAL_JUMP	0
0x0015a393	0x001506d8	UNCONDITIONAL_CALL	0
0x0015a3a3	0x001e8b54	READ	1
0x0015a3ab	0x00108310	UNCONDITIONAL_CALL	0
0x0015a3b2	0x0015a3b8	CONDITIONAL_JUMP	0
0x0015a3b6	0x0015a3ee	UNCONDITIONAL_JUMP	0
0x0015a3b8	0x001e97b4	READ	1
0x0015a3c0	0x0015a3e4	CONDITIONAL_JUMP	0
0x0015a3c2	0xStack[-0x8]	DATA	0
0x0015a3cb	0x0014cfa4	UNCONDITIONAL_CALL	0
0x0015a3db	0x0014bdb4	UNCONDITIONAL_CALL	0
0x0015a3e0	0x0015a3eb	UNCONDITIONAL_JUMP	0
0x0015a3e4	0xStack[-0x8]	WRITE	0
0x0015a3eb	0xStack[-0x8]	READ	1
0x0015a3ee	0xStack[-0xc]	READ	1
0x0015a3ff	0x001e8b54	READ	1
0x0015a407	0x00108310	UNCONDITIONAL_CALL	0
0x0015a40e	0x0015a418	CONDITIONAL_JUMP	0
0x0015a410	0x001e97b0	READ	1
0x0015a416	0x0015a41e	UNCONDITIONAL_JUMP	0
0x0015a418	0x001e97b4	READ	1
0x0015a420	0x0015a444	CONDITIONAL_JUMP	0
0x0015a422	0xStack[-0x8]	DATA	0
0x0015a42b	0x0014cfa4	UNCONDITIONAL_CALL	0
0x0015a43b	0x0014bdb4	UNCONDITIONAL_CALL	0
0x0015a440	0x0015a44b	UNCONDITIONAL_JUMP	0
0x0015a444	0xStack[-0x8]	WRITE	0
0x0015a44b	0xStack[-0x8]	READ	1
0x0015a44e	0xStack[-0xc]	READ	1
0x0015a460	0xStack[0x4]	READ	1
0x0015a463	0x001e8b54	READ	1
0x0015a46d	0x0015a4b0	CONDITIONAL_JUMP	0
0x0015a46f	0x00108310	UNCONDITIONAL_CALL	0
0x0015a476	0x0015a47c	CONDITIONAL_JUMP	0
0x0015a47a	0x0015a4ee	UNCONDITIONAL_JUMP	0
0x0015a47c	0xStack[-0x8]	DATA	0
0x0015a48a	0x0014bbec	UNCONDITIONAL_CALL	0
0x0015a494	0x0015a478	CONDITIONAL_JUMP	0
0x0015a496	0x001f6358	READ	1
0x0015a49d	0x0015a4a5	CONDITIONAL_JUMP	0
0x0015a4a0	0x0014d050	UNCONDITIONAL_CALL	0
0x0015a4a5	0xStack[-0x8]	READ	1
0x0015a4a8	0x001f6358	WRITE	0
0x0015a4ae	0x0015a4ee	UNCONDITIONAL_JUMP	0
0x0015a4b0	0x001f6358	READ	1
0x0015a4b6	0xStack[-0x8]	WRITE	0
0x0015a4b9	0x001f6358	READ	1
0x0015a4c1	0x0015a4e4	CONDITIONAL_JUMP	0
0x0015a4c3	0xStack[-0xc]	DATA	0
0x0015a4cc	0x0014cfa4	UNCONDITIONAL_CALL	0
0x0015a4dc	0x0014bdb4	UNCONDITIONAL_CALL	0
0x0015a4e1	0x0015a4eb	UNCONDITIONAL_JUMP	0
0x0015a4e4	0xStack[-0xc]	WRITE	0
0x0015a4eb	0xStack[-0xc]	READ	1
0x0015a4f0	0xStack[-0x14]	DATA	0
0x0015a504	0xStack[0x4]	READ	1
0x0015a507	0x001e8b54	READ	1
0x0015a511	0x0015a51c	CONDITIONAL_JUMP	0
0x0015a513	0x00108310	UNCONDITIONAL_CALL	0
0x0015a51a	0x0015a525	CONDITIONAL_JUMP	0
0x0015a51e	0x0015a525	CONDITIONAL_JUMP	0
0x0015a523	0x0015a52c	CONDITIONAL_JUMP	0
0x0015a527	0x0015a562	UNCONDITIONAL_JUMP	0
0x0015a52c	0x001ded00	DATA	1
0x0015a535	0x0015a558	CONDITIONAL_JUMP	0
0x0015a537	0xStack[-0x8]	DATA	0
0x0015a540	0x0014cfa4	UNCONDITIONAL_CALL	0
0x0015a550	0x0014bdb4	UNCONDITIONAL_CALL	0
0x0015a555	0x0015a55f	UNCONDITIONAL_JUMP	0
0x0015a558	0xStack[-0x8]	WRITE	0
0x0015a55f	0xStack[-0x8]	READ	1
0x0015a562	0xStack[-0x10]	DATA	0
0x0015a56f	0xStack[0x4]	READ	1
0x0015a572	0xStack[0x14]	READ	1
0x0015a576	0xStack[0x10]	READ	1
0x0015a57a	0xStack[0xc]	READ	1
0x0015a57e	0xStack[0x8]	READ	1
0x0015a589	0x0014c11c	UNCONDITIONAL_CALL	0
0x0015a590	0x0015a59c	CONDITIONAL_JUMP	0
0x0015a5aa	0xStack[0x8]	READ	1
0x0015a5ad	0xStack[0xc]	READ	1
0x0015a5b0	0xStack[0x10]	READ	1
0x0015a5b5	0x0015a5c4	CONDITIONAL_JUMP	0
0x0015a5b7	0x001ded08	DATA	0
0x0015a5bc	0x0010ca6c	UNCONDITIONAL_CALL	0
0x0015a5c7	0x0015a5d0	CONDITIONAL_JUMP	0
0x0015a5ce	0x0015a5d5	UNCONDITIONAL_JUMP	0
0x0015a5d7	0x0015a5ef	CONDITIONAL_JUMP	0
0x0015a5dc	0xStack[0x4]	READ	1
0x0015a5e6	0x0014c198	UNCONDITIONAL_CALL	0
0x0015a5ed	0x0015a5f5	CONDITIONAL_JUMP	0
0x0015a5f5	0xStack[-0x10]	DATA	0
0x0015a603	0xStack[0x4]	READ	1
0x0015a608	0x0015a610	CONDITIONAL_JUMP	0
0x0015a60b	0x0014cfa4	UNCONDITIONAL_CALL	0
0x0015a617	0xStack[0x4]	READ	1
0x0015a61c	0x0015a624	CONDITIONAL_JUMP	0
0x0015a61f	0x0014d050	UNCONDITIONAL_CALL	0
0x0015a642	0xStack[0x8]	READ	0
0x0015a646	0x0015a66b	CONDITIONAL_JUMP	0
0x0015a648	0xStack[-0x8]	DATA	0
0x0015a64e	0xStack[0x4]	READ	1
0x0015a652	0x00159d2c	UNCONDITIONAL_CALL	0
0x0015a65c	0x0015a66b	CONDITIONAL_JUMP	0
0x0015a65e	0xStack[0xc]	READ	1
0x0015a662	0xStack[-0x8]	READ	1
0x0015a666	0x0014b73c	UNCONDITIONAL_CALL	0
0x0015a682	0x001e8de8	READ	1
0x0015a688	0x001f6330	WRITE	0
0x0015a690	0x001e5a98	DATA	1
0x0015a698	0x001ded18	READ	1
0x0015a698	0x001ded1c	READ	1
0x0015a69f	0x001e0d0c	READ	0
0x0015a6a5	0x0015a6e1	CONDITIONAL_JUMP	0
0x0015a6a8	0x001ded58	DATA	0
0x0015a6ad	0x001e5a98	DATA	0
0x0015a6ad	0x001e5aa8	DATA	0
0x0015a6ae	0x0010c188	UNCONDITIONAL_CALL	0
0x0015a6b3	0x001e5a98	DATA	0
0x0015a6b6	0x001e0d0c	READ	1
0x0015a6bd	0x00100000	DATA	0
0x0015a6c3	0x0016a490	UNCONDITIONAL_CALL	0
0x0015a6c8	0x001f6360	WRITE	0
0x0015a6cf	0x001f63a0	WRITE	0
0x0015a6df	0x0015a698	CONDITIONAL_JUMP	0
0x0015a6e1	0xStack[-0x10]	DATA	0
0x0015a6f3	0xStack[0x4]	READ	1
0x0015a6fa	0x001f63a0	READ	0
0x0015a700	0x0015a734	CONDITIONAL_JUMP	0
0x0015a702	0x001ded18	READ	1
0x0015a709	0x0015a718	CONDITIONAL_JUMP	0
0x0015a70d	0x001ded1c	READ	1
0x0015a70d	0x001ded20	READ	1
0x0015a716	0x0015a70c	CONDITIONAL_JUMP	0
0x0015a718	0x001f63a0	READ	0
0x0015a71e	0x0015a734	CONDITIONAL_JUMP	0
0x0015a720	0x001f6364	READ	1
0x0015a720	0x001f6368	READ	1
0x0015a720	0x001f6360	READ	1
0x0015a728	0x0016b7a4	UNCONDITIONAL_CALL	0
0x0015a72d	0xStack[-0x8]	WRITE	0
0x0015a730	0x0015a752	UNCONDITIONAL_JUMP	0
0x0015a737	0xStack[-0x8]	DATA	0
0x0015a73b	0x001f6330	READ	1
0x0015a742	0x00174170	UNCONDITIONAL_CALL	0
0x0015a749	0x0015a752	CONDITIONAL_JUMP	0
0x0015a74b	0xStack[-0x8]	WRITE	0
0x0015a752	0xStack[-0x8]	READ	1
0x0015a755	0xStack[-0xc]	READ	1
0x0015a763	0xStack[0x4]	READ	1
0x0015a76a	0x001f63a0	READ	0
0x0015a770	0x0015a7a4	CONDITIONAL_JUMP	0
0x0015a772	0x001ded18	READ	1
0x0015a779	0x0015a788	CONDITIONAL_JUMP	0
0x0015a77d	0x001ded1c	READ	1
0x0015a77d	0x001ded20	READ	1
0x0015a786	0x0015a77c	CONDITIONAL_JUMP	0
0x0015a788	0x001f63a0	READ	0
0x0015a78e	0x0015a7a4	CONDITIONAL_JUMP	0
0x0015a790	0x001f6364	READ	1
0x0015a790	0x001f6368	READ	1
0x0015a790	0x001f6360	READ	1
0x0015a798	0x0016b790	UNCONDITIONAL_CALL	0
0x0015a79d	0xStack[-0x8]	WRITE	0
0x0015a7a0	0x0015a7c0	UNCONDITIONAL_JUMP	0
0x0015a7a5	0xStack[-0x8]	DATA	0
0x0015a7a9	0x001f6330	READ	1
0x0015a7b0	0x00173d1c	UNCONDITIONAL_CALL	0
0x0015a7b7	0x0015a7c0	CONDITIONAL_JUMP	0
0x0015a7b9	0xStack[-0x8]	WRITE	0
0x0015a7c0	0xStack[-0x8]	READ	1
0x0015a7c3	0xStack[-0xc]	READ	1
0x0015a7d0	0xStack[0x4]	READ	1
0x0015a7d5	0x001f63a0	READ	0
0x0015a7db	0x0015a810	CONDITIONAL_JUMP	0
0x0015a7dd	0x001ded18	READ	1
0x0015a7e6	0x0015a7f4	CONDITIONAL_JUMP	0
0x0015a7e9	0x001ded1c	READ	1
0x0015a7e9	0x001ded20	READ	1
0x0015a7f2	0x0015a7e8	CONDITIONAL_JUMP	0
0x0015a7f4	0x001f63a0	READ	0
0x0015a7fa	0x0015a810	CONDITIONAL_JUMP	0
0x0015a7fc	0x001f6364	READ	1
0x0015a7fc	0x001f6368	READ	1
0x0015a7fc	0x001f6360	READ	1
0x0015a804	0x0016b7b8	UNCONDITIONAL_CALL	0
0x0015a80b	0x0015a81a	UNCONDITIONAL_JUMP	0
0x0015a810	0x001ded62	DATA	0
0x0015a815	0x0010ca6c	UNCONDITIONAL_CALL	0
0x0015a81c	0xStack[-0x8]	READ	1
0x0015a829	0xStack[0x4]	READ	1
0x0015a82c	0xStack[0x8]	READ	1
0x0015a833	0x001f63a0	READ	0
0x0015a839	0x0015a868	CONDITIONAL_JUMP	0
0x0015a83b	0x001ded18	READ	1
0x0015a842	0x0015a850	CONDITIONAL_JUMP	0
0x0015a845	0x001ded1c	READ	1
0x0015a845	0x001ded20	READ	1
0x0015a84e	0x0015a844	CONDITIONAL_JUMP	0
0x0015a850	0x001f63a0	READ	0
0x0015a856	0x0015a868	CONDITIONAL_JUMP	0
0x0015a859	0x001f6364	READ	1
0x0015a859	0x001f6368	READ	1
0x0015a859	0x001f6360	READ	1
0x0015a861	0x0016b84c	UNCONDITIONAL_CALL	0
0x0015a866	0x0015a876	UNCONDITIONAL_JUMP	0
0x0015a86a	0x001f6330	READ	1
0x0015a871	0x00173e90	UNCONDITIONAL_CALL	0
0x0015a876	0xStack[-0xc]	DATA	0
0x0015a888	0xStack[0x4]	READ	1
0x0015a892	0x001f63a0	READ	0
0x0015a898	0x0015a8b0	CONDITIONAL_JUMP	0
0x0015a89a	0x001ded18	READ	1
0x0015a8a1	0x0015a8b0	CONDITIONAL_JUMP	0
0x0015a8a5	0x001ded1c	READ	1
0x0015a8a5	0x001ded20	READ	1
0x0015a8ae	0x0015a8a4	CONDITIONAL_JUMP	0
0x0015a8b0	0x001f63a0	READ	0
0x0015a8b6	0x0015a8d0	CONDITIONAL_JUMP	0
0x0015a8b8	0x001f6364	READ	1
0x0015a8b8	0x001f6368	READ	1
0x0015a8b8	0x001f6360	READ	1
0x0015a8c0	0x0016b790	UNCONDITIONAL_CALL	0
0x0015a8c5	0xStack[-0x8]	WRITE	0
0x0015a8cb	0x0015a8ef	UNCONDITIONAL_JUMP	0
0x0015a8d1	0xStack[-0x8]	DATA	0
0x0015a8d5	0x001f6330	READ	1
0x0015a8dc	0x00173d1c	UNCONDITIONAL_CALL	0
0x0015a8e6	0x0015a8ef	CONDITIONAL_JUMP	0
0x0015a8e8	0xStack[-0x8]	WRITE	0
0x0015a8ef	0xStack[-0x8]	READ	1
0x0015a8f4	0x0015a904	CONDITIONAL_JUMP	0
0x0015a8f8	0x00101600	UNCONDITIONAL_CALL	0
0x0015a902	0x0015a906	UNCONDITIONAL_JUMP	0
0x0015a906	0xStack[-0x10]	DATA	0
0x0015a918	0xStack[0x4]	READ	1
0x0015a91b	0xStack[0x8]	READ	1
0x0015a926	0x001f63a0	READ	0
0x0015a92c	0x0015a944	CONDITIONAL_JUMP	0
0x0015a92e	0x001ded18	READ	1
0x0015a935	0x0015a944	CONDITIONAL_JUMP	0
0x0015a939	0x001ded1c	READ	1
0x0015a939	0x001ded20	READ	1
0x0015a942	0x0015a938	CONDITIONAL_JUMP	0
0x0015a944	0x001f63a0	READ	0
0x0015a94a	0x0015a964	CONDITIONAL_JUMP	0
0x0015a94c	0x001f6364	READ	1
0x0015a94c	0x001f6368	READ	1
0x0015a94c	0x001f6360	READ	1
0x0015a954	0x0016b790	UNCONDITIONAL_CALL	0
0x0015a959	0xStack[-0x8]	WRITE	0
0x0015a95f	0x0015a983	UNCONDITIONAL_JUMP	0
0x0015a965	0xStack[-0x8]	DATA	0
0x0015a969	0x001f6330	READ	1
0x0015a970	0x00173d1c	UNCONDITIONAL_CALL	0
0x0015a97a	0x0015a983	CONDITIONAL_JUMP	0
0x0015a97c	0xStack[-0x8]	WRITE	0
0x0015a983	0xStack[-0x8]	READ	1
0x0015a988	0x0015a990	CONDITIONAL_JUMP	0
0x0015a98c	0x0015a99c	UNCONDITIONAL_JUMP	0
0x0015a992	0x00101600	UNCONDITIONAL_CALL	0
0x0015a99c	0xStack[-0x10]	DATA	0
0x0015a9b1	0xStack[0x4]	READ	1
0x0015a9b7	0xStack[0x4]	READ	0
0x0015a9bb	0x0015aa3c	CONDITIONAL_JUMP	0
0x0015a9bd	0xStack[0x8]	READ	1
0x0015a9c7	0x001f63a0	READ	0
0x0015a9cd	0x0015a9e8	CONDITIONAL_JUMP	0
0x0015a9cf	0x001ded18	READ	1
0x0015a9d4	0xStack[0x4]	READ	1
0x0015a9d9	0x0015a9e8	CONDITIONAL_JUMP	0
0x0015a9dd	0x001ded18	DATA	1
0x0015a9e6	0x0015a9dc	CONDITIONAL_JUMP	0
0x0015a9e8	0x001f63a0	READ	0
0x0015a9ee	0x0015aa08	CONDITIONAL_JUMP	0
0x0015a9f0	0x001f6360	READ	1
0x0015a9f8	0x0016b790	UNCONDITIONAL_CALL	0
0x0015a9fd	0xStack[-0x8]	WRITE	0
0x0015aa03	0x0015aa27	UNCONDITIONAL_JUMP	0
0x0015aa09	0xStack[-0x8]	DATA	0
0x0015aa0d	0x001f6330	READ	1
0x0015aa14	0x00173d1c	UNCONDITIONAL_CALL	0
0x0015aa1e	0x0015aa27	CONDITIONAL_JUMP	0
0x0015aa20	0xStack[-0x8]	WRITE	0
0x0015aa27	0xStack[-0x8]	READ	1
0x0015aa2c	0x0015aaaa	CONDITIONAL_JUMP	0
0x0015aa30	0x00101600	UNCONDITIONAL_CALL	0
0x0015aa37	0x0015ab22	UNCONDITIONAL_JUMP	0
0x0015aa3c	0xStack[0x8]	READ	1
0x0015aa46	0x001f63a0	READ	0
0x0015aa4c	0x0015aa84	CONDITIONAL_JUMP	0
0x0015aa4e	0x001ded18	READ	1
0x0015aa55	0x0015aa64	CONDITIONAL_JUMP	0
0x0015aa59	0x001ded1c	READ	1
0x0015aa59	0x001ded20	READ	1
0x0015aa62	0x0015aa58	CONDITIONAL_JUMP	0
0x0015aa64	0x001f63a0	READ	0
0x0015aa6a	0x0015aa84	CONDITIONAL_JUMP	0
0x0015aa6c	0x001f6364	READ	1
0x0015aa6c	0x001f6368	READ	1
0x0015aa6c	0x001f6360	READ	1
0x0015aa74	0x0016b790	UNCONDITIONAL_CALL	0
0x0015aa79	0xStack[-0x8]	WRITE	0
0x0015aa7f	0x0015aaa3	UNCONDITIONAL_JUMP	0
0x0015aa85	0xStack[-0x8]	DATA	0
0x0015aa89	0x001f6330	READ	1
0x0015aa90	0x00173d1c	UNCONDITIONAL_CALL	0
0x0015aa9a	0x0015aaa3	CONDITIONAL_JUMP	0
0x0015aa9c	0xStack[-0x8]	WRITE	0
0x0015aaa3	0xStack[-0x8]	READ	1
0x0015aaa8	0x0015aab0	CONDITIONAL_JUMP	0
0x0015aaac	0x0015ab25	UNCONDITIONAL_JUMP	0
0x0015aab0	0xStack[0x8]	READ	1
0x0015aaba	0xStack[0x8]	READ	0
0x0015aabd	0x0015aac8	CONDITIONAL_JUMP	0
0x0015aabf	0xStack[0x8]	READ	1
0x0015aac3	0x0015aac9	UNCONDITIONAL_JUMP	0
0x0015aacd	0xStack[0x4]	READ	1
0x0015aad1	0x001013cc	UNCONDITIONAL_CALL	0
0x0015aadf	0x001f63a0	READ	0
0x0015aae5	0x0015ab14	CONDITIONAL_JUMP	0
0x0015aae7	0x001ded18	READ	1
0x0015aaee	0x0015aafc	CONDITIONAL_JUMP	0
0x0015aaf1	0x001ded1c	READ	1
0x0015aaf1	0x001ded20	READ	1
0x0015aafa	0x0015aaf0	CONDITIONAL_JUMP	0
0x0015aafc	0x001f63a0	READ	0
0x0015ab02	0x0015ab14	CONDITIONAL_JUMP	0
0x0015ab05	0x001f6364	READ	1
0x0015ab05	0x001f6368	READ	1
0x0015ab05	0x001f6360	READ	1
0x0015ab0d	0x0016b84c	UNCONDITIONAL_CALL	0
0x0015ab12	0x0015ab22	UNCONDITIONAL_JUMP	0
0x0015ab16	0x001f6330	READ	1
0x0015ab1d	0x00173e90	UNCONDITIONAL_CALL	0
0x0015ab25	0xStack[-0x14]	DATA	0
0x0015ab35	0xStack[0x4]	READ	1
0x0015ab3a	0x0015ab8a	CONDITIONAL_JUMP	0
0x0015ab46	0x001f63a0	READ	0
0x0015ab4c	0x0015ab7c	CONDITIONAL_JUMP	0
0x0015ab4e	0x001ded18	READ	1
0x0015ab55	0x0015ab64	CONDITIONAL_JUMP	0
0x0015ab59	0x001ded1c	READ	1
0x0015ab59	0x001ded20	READ	1
0x0015ab62	0x0015ab58	CONDITIONAL_JUMP	0
0x0015ab64	0x001f63a0	READ	0
0x0015ab6a	0x0015ab7c	CONDITIONAL_JUMP	0
0x0015ab6d	0x001f6364	READ	1
0x0015ab6d	0x001f6368	READ	1
0x0015ab6d	0x001f6360	READ	1
0x0015ab75	0x0016b84c	UNCONDITIONAL_CALL	0
0x0015ab7a	0x0015ab8a	UNCONDITIONAL_JUMP	0
0x0015ab7e	0x001f6330	READ	1
0x0015ab85	0x00173e90	UNCONDITIONAL_CALL	0
0x0015ab8a	0xStack[-0xc]	DATA	0
0x0015ab9f	0x001e5b9c	WRITE	0
0x0015ab9f	0x001e5b98	DATA	1
0x0015aba9	0x001e5b98	WRITE	0
0x0015aba9	0x001e5b98	WRITE	1
0x0015abb5	0x001f63d0	DATA	0
0x0015abba	0x0015b54c	UNCONDITIONAL_CALL	0
0x0015abbf	0x001e5ba0	WRITE	0
0x0015abc9	0x001e0d0c	READ	1
0x0015abd6	0x001e5ba4	WRITE	0
0x0015abe9	0x001f63b4	READ_WRITE	0
0x0015abef	0xStack[0x4]	READ	1
0x0015abf5	0x001f63d0	DATA	0
0x0015abfa	0x0015b5d0	UNCONDITIONAL_CALL	0
0x0015ac09	0x001e5b9c	READ	1
0x0015ac0e	0x001e5b98	DATA	1
0x0015ac13	0x0015ac20	CONDITIONAL_JUMP	0
0x0015ac15	0x001e5b98	WRITE	0
0x0015ac1b	0x0015ac22	UNCONDITIONAL_JUMP	0
0x0015ac25	0x001e5b98	DATA	1
0x0015ac2b	0x001e5b9c	WRITE	0
0x0015ac31	0x001ded68	READ_WRITE	0
0x0015ac37	0x001f63b8	READ_WRITE	0
0x0015ac3d	0x001f63d0	DATA	0
0x0015ac42	0x0015b73c	UNCONDITIONAL_CALL	0
0x0015ac4a	0x001ded70	READ	0
0x0015ac51	0x0015ac6e	CONDITIONAL_JUMP	0
0x0015ac53	0x001ded70	WRITE	0
0x0015ac61	0x001e5b98	DATA	0
0x0015ac66	0x001631a0	UNCONDITIONAL_CALL	0
0x0015ac6e	0x001ded6c	READ	1
0x0015ac73	0x001ded68	READ	0
0x0015ac79	0x0015ad53	CONDITIONAL_JUMP	0
0x0015ac7f	0x001e89ec	READ	1
0x0015ac8a	0xStack[-0x8]	WRITE	0
0x0015ac94	0x001e5ba4	READ	1
0x0015ac9b	0x0015acb8	CONDITIONAL_JUMP	0
0x0015ac9d	0x001e5ba0	READ	1
0x0015aca3	0xStack[-0xc]	WRITE	0
0x0015acac	0x0015acb0	CONDITIONAL_JUMP	0
0x0015acb0	0xStack[-0xc]	READ	1
0x0015acb6	0x0015aca8	CONDITIONAL_JUMP	0
0x0015acba	0x0015acd8	CONDITIONAL_JUMP	0
0x0015acbd	0x0015b098	UNCONDITIONAL_CALL	0
0x0015acc7	0x0015ad53	CONDITIONAL_JUMP	0
0x0015acce	0x0015b0dc	UNCONDITIONAL_CALL	0
0x0015acd3	0x0015ad53	UNCONDITIONAL_JUMP	0
0x0015acd8	0xStack[-0x8]	READ	1
0x0015acdd	0x001e5ba4	READ	0
0x0015ace3	0x0015ad39	CONDITIONAL_JUMP	0
0x0015aced	0x001e5b98	DATA	1
0x0015acf3	0x0015acfc	CONDITIONAL_JUMP	0
0x0015acf5	0x001e5b9c	WRITE	0
0x0015acfa	0x0015acff	UNCONDITIONAL_JUMP	0
0x0015acff	0x001e5b98	DATA	1
0x0015ad04	0x0015ad10	CONDITIONAL_JUMP	0
0x0015ad06	0x001e5b98	WRITE	0
0x0015ad0c	0x0015ad12	UNCONDITIONAL_JUMP	0
0x0015ad12	0x001ded68	READ_WRITE	0
0x0015ad18	0x001f63b8	READ_WRITE	0
0x0015ad22	0x00168b50	UNCONDITIONAL_CALL	0
0x0015ad27	0x001e5ba0	READ	1
0x0015ad31	0x001e5ba4	READ	0
0x0015ad37	0x0015ace8	CONDITIONAL_JUMP	0
0x0015ad39	0x001e5ba0	READ	1
0x0015ad41	0x001e8de8	READ	1
0x0015ad48	0x00173e90	UNCONDITIONAL_CALL	0
0x0015ad4d	0x001f63b0	READ_WRITE	0
0x0015ad53	0xStack[-0x18]	DATA	0
0x0015ad68	0x001e5ba0	READ	1
0x0015ad6f	0xStack[-0x8]	DATA	0
0x0015ad73	0x001e8de8	READ	1
0x0015ad7a	0x00173d1c	UNCONDITIONAL_CALL	0
0x0015ad84	0x0015ad90	CONDITIONAL_JUMP	0
0x0015ad88	0x0015ae50	UNCONDITIONAL_JUMP	0
0x0015ad90	0x001f63b0	READ_WRITE	0
0x0015ad96	0xStack[-0x8]	READ	1
0x0015ada0	0x001f63b4	READ_WRITE	0
0x0015adaa	0x00168b28	UNCONDITIONAL_CALL	0
0x0015adb2	0x001e5ba4	READ	0
0x0015adb9	0x0015adc8	CONDITIONAL_JUMP	0
0x0015adbb	0xStack[-0x8]	READ	1
0x0015adc1	0x0015ae50	UNCONDITIONAL_JUMP	0
0x0015adc8	0x001f63d0	DATA	0
0x0015adcd	0x0015b5d0	UNCONDITIONAL_CALL	0
0x0015add2	0xStack[-0x8]	READ	1
0x0015add5	0x001e5ba0	READ	1
0x0015ade3	0x001e5ba4	READ	0
0x0015ade9	0x0015ae40	CONDITIONAL_JUMP	0
0x0015adf0	0x00168b28	UNCONDITIONAL_CALL	0
0x0015adff	0x001e5b9c	READ	1
0x0015ae04	0x001e5b98	DATA	1
0x0015ae09	0x0015ae14	CONDITIONAL_JUMP	0
0x0015ae0b	0x001e5b98	WRITE	0
0x0015ae11	0x0015ae16	UNCONDITIONAL_JUMP	0
0x0015ae19	0x001e5b98	DATA	1
0x0015ae1f	0x001e5b9c	WRITE	0
0x0015ae25	0x001ded68	READ_WRITE	0
0x0015ae2b	0x001f63b8	READ_WRITE	0
0x0015ae31	0x001e5ba0	READ	1
0x0015ae38	0x001e5ba4	READ	0
0x0015ae3e	0x0015adec	CONDITIONAL_JUMP	0
0x0015ae40	0x001f63d0	DATA	0
0x0015ae45	0x0015b73c	UNCONDITIONAL_CALL	0
0x0015ae4a	0xStack[-0x8]	READ	1
0x0015ae50	0xStack[-0x10]	DATA	0
0x0015ae65	0xStack[-0x10]	WRITE	0
0x0015ae6e	0xStack[-0xc]	WRITE	0
0x0015ae78	0x001f63d0	DATA	0
0x0015ae7d	0x0015b5d0	UNCONDITIONAL_CALL	0
0x0015ae85	0x001ded68	READ	0
0x0015ae8c	0x0015aed4	CONDITIONAL_JUMP	0
0x0015ae8e	0x001e5b98	READ	1
0x0015ae94	0x001e5b98	DATA	1
0x0015ae9a	0x0015aea0	CONDITIONAL_JUMP	0
0x0015ae9e	0x0015aeb3	UNCONDITIONAL_JUMP	0
0x0015aea2	0x001e5b98	DATA	1
0x0015aeab	0x001e5b98	WRITE	0
0x0015aebd	0x001ded68	READ_WRITE	0
0x0015aec3	0x001f63b8	READ_WRITE	0
0x0015aec9	0x001f63b4	READ_WRITE	0
0x0015aecf	0x0015aed6	UNCONDITIONAL_JUMP	0
0x0015aed6	0x001f63d0	DATA	0
0x0015aedb	0x0015b73c	UNCONDITIONAL_CALL	0
0x0015aee5	0x0015b06c	CONDITIONAL_JUMP	0
0x0015aeeb	0x001e5ba0	READ	1
0x0015aef2	0xStack[-0x8]	DATA	0
0x0015aef6	0x001e8de8	READ	1
0x0015aefd	0x00173d1c	UNCONDITIONAL_CALL	0
0x0015af07	0x0015afd7	CONDITIONAL_JUMP	0
0x0015af0d	0x001f63b0	READ_WRITE	0
0x0015af13	0xStack[-0x8]	READ	1
0x0015af1d	0x001f63b4	READ_WRITE	0
0x0015af27	0x00168b28	UNCONDITIONAL_CALL	0
0x0015af2f	0x001e5ba4	READ	0
0x0015af36	0x0015af44	CONDITIONAL_JUMP	0
0x0015af38	0xStack[-0x8]	READ	1
0x0015af3e	0x0015afcf	UNCONDITIONAL_JUMP	0
0x0015af44	0x001f63d0	DATA	0
0x0015af49	0x0015b5d0	UNCONDITIONAL_CALL	0
0x0015af4e	0xStack[-0x8]	READ	1
0x0015af51	0x001e5ba0	READ	1
0x0015af5f	0x001e5ba4	READ	0
0x0015af65	0x0015afbc	CONDITIONAL_JUMP	0
0x0015af6c	0x00168b28	UNCONDITIONAL_CALL	0
0x0015af7b	0x001e5b9c	READ	1
0x0015af80	0x001e5b98	DATA	1
0x0015af85	0x0015af90	CONDITIONAL_JUMP	0
0x0015af87	0x001e5b98	WRITE	0
0x0015af8d	0x0015af92	UNCONDITIONAL_JUMP	0
0x0015af95	0x001e5b98	DATA	1
0x0015af9b	0x001e5b9c	WRITE	0
0x0015afa1	0x001ded68	READ_WRITE	0
0x0015afa7	0x001f63b8	READ_WRITE	0
0x0015afad	0x001e5ba0	READ	1
0x0015afb4	0x001e5ba4	READ	0
0x0015afba	0x0015af68	CONDITIONAL_JUMP	0
0x0015afbc	0x001f63d0	DATA	0
0x0015afc1	0x0015b73c	UNCONDITIONAL_CALL	0
0x0015afc6	0xStack[-0x8]	READ	1
0x0015afd1	0x0015b06c	CONDITIONAL_JUMP	0
0x0015afd7	0xStack[-0x10]	READ	0
0x0015afdb	0x0015afe8	CONDITIONAL_JUMP	0
0x0015afdf	0x0015b012	CONDITIONAL_JUMP	0
0x0015afe1	0x0015b08a	UNCONDITIONAL_JUMP	0
0x0015afe8	0xStack[-0x10]	WRITE	0
0x0015afef	0x001ded74	DATA	0
0x0015aff4	0x0010c100	UNCONDITIONAL_CALL	0
0x0015affc	0x001ded70	READ	0
0x0015b003	0x0015b012	CONDITIONAL_JUMP	0
0x0015b005	0x001ded9b	DATA	0
0x0015b00a	0x0010c0d8	UNCONDITIONAL_CALL	0
0x0015b012	0x001f63d0	DATA	0
0x0015b017	0x0015b5d0	UNCONDITIONAL_CALL	0
0x0015b01f	0x001ded68	READ	0
0x0015b026	0x0015b038	CONDITIONAL_JUMP	0
0x0015b028	0x001f63d0	DATA	0
0x0015b02d	0x0015b73c	UNCONDITIONAL_CALL	0
0x0015b034	0x0015b07c	UNCONDITIONAL_JUMP	0
0x0015b03a	0x001e5b98	DATA	0
0x0015b03f	0x00162f20	UNCONDITIONAL_CALL	0
0x0015b044	0x001ded70	WRITE	0
0x0015b04e	0x001f63d0	DATA	0
0x0015b053	0x0015b73c	UNCONDITIONAL_CALL	0
0x0015b058	0x00165328	UNCONDITIONAL_CALL	0
0x0015b05d	0x001e8b54	READ	1
0x0015b068	0x0015b07f	UNCONDITIONAL_JUMP	0
0x0015b06c	0xStack[-0x10]	READ	0
0x0015b070	0x0015b07f	CONDITIONAL_JUMP	0
0x0015b072	0x001dedc1	DATA	0
0x0015b077	0x0010c100	UNCONDITIONAL_CALL	0
0x0015b081	0x0015ae78	CONDITIONAL_JUMP	0
0x0015b087	0xStack[-0xc]	WRITE	0
0x0015b08a	0xStack[-0xc]	READ	1
0x0015b08d	0xStack[-0x1c]	DATA	0
0x0015b09c	0x001e89ec	READ	1
0x0015b0a3	0xStack[0x4]	READ	1
0x0015b0aa	0x001e5ba4	READ	1
0x0015b0b2	0x0015b0cf	CONDITIONAL_JUMP	0
0x0015b0b4	0x001e5ba0	READ	1
0x0015b0c0	0x0015b0c8	CONDITIONAL_JUMP	0
0x0015b0c4	0x0015b0d4	UNCONDITIONAL_JUMP	0
0x0015b0cd	0x0015b0bc	CONDITIONAL_JUMP	0
0x0015b0d4	0xStack[-0x8]	READ	1
0x0015b0e5	0x001e89ec	READ	1
0x0015b0ec	0xStack[0x4]	READ	1
0x0015b0ef	0xStack[-0x8]	WRITE	0
0x0015b0f2	0xStack[-0x8]	READ	1
0x0015b0f7	0x001e5ba4	READ	1
0x0015b0fe	0x0015b15e	CONDITIONAL_JUMP	0
0x0015b100	0x001e5ba0	READ	1
0x0015b106	0xStack[-0x10]	WRITE	0
0x0015b109	0xStack[-0xc]	WRITE	0
0x0015b118	0x0015b152	CONDITIONAL_JUMP	0
0x0015b11e	0x001e5b98	DATA	1
0x0015b124	0x0015b130	CONDITIONAL_JUMP	0
0x0015b126	0x001e5b9c	WRITE	0
0x0015b12b	0x0015b133	UNCONDITIONAL_JUMP	0
0x0015b133	0x001e5b98	DATA	1
0x0015b138	0x0015b144	CONDITIONAL_JUMP	0
0x0015b13a	0x001e5b98	WRITE	0
0x0015b140	0x0015b146	UNCONDITIONAL_JUMP	0
0x0015b146	0x001ded68	READ_WRITE	0
0x0015b14c	0x001f63b8	READ_WRITE	0
0x0015b152	0xStack[-0x10]	READ	1
0x0015b155	0xStack[-0x10]	READ	1
0x0015b159	0xStack[-0xc]	READ	0
0x0015b15c	0x0015b114	CONDITIONAL_JUMP	0
0x0015b15e	0xStack[-0x8]	READ	1
0x0015b169	0xStack[-0x8]	READ	1
0x0015b16c	0x001e5ba0	READ	1
0x0015b172	0x001e89ec	READ	1
0x0015b17f	0x001e8de8	READ	1
0x0015b186	0x00175b2c	UNCONDITIONAL_CALL	0
0x0015b18b	0x001f63c0	READ_WRITE	0
0x0015b191	0xStack[-0x1c]	DATA	0
0x0015b1a5	0xStack[0x4]	READ	1
0x0015b1ab	0x001f63bc	READ_WRITE	0
0x0015b1b1	0x001f63d0	DATA	0
0x0015b1b6	0x0015b5d0	UNCONDITIONAL_CALL	0
0x0015b1c5	0x001e89ec	READ	1
0x0015b1d2	0x001e5ba4	READ	0
0x0015b1d8	0x0015b1f5	CONDITIONAL_JUMP	0
0x0015b1e0	0x0015b2a0	CONDITIONAL_JUMP	0
0x0015b1e6	0x001e5ba0	READ	1
0x0015b1ed	0x001e5ba4	READ	0
0x0015b1f3	0x0015b1dc	CONDITIONAL_JUMP	0
0x0015b1f5	0x001e89ec	READ	1
0x0015b1fe	0xStack[-0x8]	WRITE	0
0x0015b201	0xStack[-0x8]	READ	1
0x0015b206	0x001e5ba4	READ	1
0x0015b20d	0x0015b26a	CONDITIONAL_JUMP	0
0x0015b20f	0x001e5ba0	READ	1
0x0015b215	0xStack[-0x10]	WRITE	0
0x0015b218	0xStack[-0xc]	WRITE	0
0x0015b224	0x0015b25e	CONDITIONAL_JUMP	0
0x0015b22a	0x001e5b98	DATA	1
0x0015b230	0x0015b23c	CONDITIONAL_JUMP	0
0x0015b232	0x001e5b9c	WRITE	0
0x0015b237	0x0015b23f	UNCONDITIONAL_JUMP	0
0x0015b23f	0x001e5b98	DATA	1
0x0015b244	0x0015b250	CONDITIONAL_JUMP	0
0x0015b246	0x001e5b98	WRITE	0
0x0015b24c	0x0015b252	UNCONDITIONAL_JUMP	0
0x0015b252	0x001ded68	READ_WRITE	0
0x0015b258	0x001f63b8	READ_WRITE	0
0x0015b25e	0xStack[-0x10]	READ	1
0x0015b261	0xStack[-0x10]	READ	1
0x0015b265	0xStack[-0xc]	READ	0
0x0015b268	0x0015b220	CONDITIONAL_JUMP	0
0x0015b26a	0xStack[-0x8]	READ	1
0x0015b275	0xStack[-0x8]	READ	1
0x0015b278	0x001e5ba0	READ	1
0x0015b27e	0x001e89ec	READ	1
0x0015b28b	0x001e8de8	READ	1
0x0015b292	0x00175b2c	UNCONDITIONAL_CALL	0
0x0015b297	0x001f63c0	READ_WRITE	0
0x0015b2a0	0x001f63d0	DATA	0
0x0015b2a5	0x0015b73c	UNCONDITIONAL_CALL	0
0x0015b2aa	0xStack[-0x1c]	DATA	0
0x0015b2bd	0xStack[0x4]	READ	1
0x0015b2c0	0x001e89ec	READ	1
0x0015b2d1	0x001f63bc	READ_WRITE	0
0x0015b2db	0x001e5ba0	READ	1
0x0015b2e7	0x001e8de8	READ	1
0x0015b2ee	0x00175b2c	UNCONDITIONAL_CALL	0
0x0015b2f3	0x001f63d0	DATA	0
0x0015b2f8	0x0015b5d0	UNCONDITIONAL_CALL	0
0x0015b30d	0x0015b381	CONDITIONAL_JUMP	0
0x0015b315	0x001f63c0	READ_WRITE	0
0x0015b31f	0x001e5ba4	READ	1
0x0015b327	0x0015b381	CONDITIONAL_JUMP	0
0x0015b329	0x001e5ba0	READ	1
0x0015b32f	0xStack[-0x8]	WRITE	0
0x0015b33c	0x0015b377	CONDITIONAL_JUMP	0
0x0015b344	0x001e5b9c	READ	1
0x0015b34a	0x001e5b98	DATA	1
0x0015b350	0x0015b35c	CONDITIONAL_JUMP	0
0x0015b352	0x001e5b98	WRITE	0
0x0015b357	0x0015b35e	UNCONDITIONAL_JUMP	0
0x0015b360	0x001e5b98	DATA	1
0x0015b366	0x001e5b9c	WRITE	0
0x0015b36b	0x001ded68	READ_WRITE	0
0x0015b371	0x001f63b8	READ_WRITE	0
0x0015b37c	0xStack[-0x8]	READ	0
0x0015b37f	0x0015b338	CONDITIONAL_JUMP	0
0x0015b381	0x001f63d0	DATA	0
0x0015b386	0x0015b73c	UNCONDITIONAL_CALL	0
0x0015b38b	0xStack[-0x14]	DATA	0
0x0015b3a0	0xStack[0x4]	READ	1
0x0015b3a3	0x001f63d0	DATA	0
0x0015b3a8	0x0015b5d0	UNCONDITIONAL_CALL	0
0x0015b3b0	0x001ded68	READ	0
0x0015b3b7	0x0015b400	CONDITIONAL_JUMP	0
0x0015b3b9	0x001e5b98	READ	1
0x0015b3bf	0x001e5b98	DATA	1
0x0015b3c5	0x0015b3cc	CONDITIONAL_JUMP	0
0x0015b3c9	0x0015b3df	UNCONDITIONAL_JUMP	0
0x0015b3ce	0x001e5b98	DATA	1
0x0015b3d7	0x001e5b98	WRITE	0
0x0015b3e9	0x001ded68	READ_WRITE	0
0x0015b3ef	0x001f63b8	READ_WRITE	0
0x0015b3f5	0x001f63b4	READ_WRITE	0
0x0015b3fb	0x0015b402	UNCONDITIONAL_JUMP	0
0x0015b402	0x001f63d0	DATA	0
0x0015b407	0x0015b73c	UNCONDITIONAL_CALL	0
0x0015b413	0x0015b41c	CONDITIONAL_JUMP	0
0x0015b41a	0x0015b430	CONDITIONAL_JUMP	0
0x0015b41c	0xStack[0x8]	READ	1
0x0015b422	0x0018d208	UNCONDITIONAL_CALL	0
0x0015b42c	0x0015b432	UNCONDITIONAL_JUMP	0
0x0015b432	0xStack[-0x10]	DATA	0
0x0015b440	0x0015ae5c	UNCONDITIONAL_CALL	0
0x0015b449	0x0015b458	CONDITIONAL_JUMP	0
0x0015b44b	0x001dedcd	DATA	0
0x0015b450	0x0010ca6c	UNCONDITIONAL_CALL	0
0x0015b458	0xStack[0x8]	READ	1
0x0015b45d	0xStack[0x4]	READ	1
0x0015b461	0x0018d208	UNCONDITIONAL_CALL	0
0x0015b466	0xStack[-0x8]	READ	1
0x0015b474	0xStack[0x4]	READ	1
0x0015b478	0x0018d238	UNCONDITIONAL_CALL	0
0x0015b483	0x0015b48b	CONDITIONAL_JUMP	0
0x0015b486	0x0015abe0	UNCONDITIONAL_CALL	0
0x0015b48b	0xStack[-0x8]	READ	1
0x0015b4a2	0xStack[0x4]	READ	1
0x0015b4a5	0xStack[0x8]	READ	1
0x0015b4a8	0x001f63d0	DATA	0
0x0015b4ad	0x0015b7d0	UNCONDITIONAL_CALL	0
0x0015b4b5	0x001dfbc4	READ	0
0x0015b4bc	0x0015b4e8	CONDITIONAL_JUMP	0
0x0015b4be	0x001e5b98	READ	1
0x0015b4c4	0x001e5b98	DATA	1
0x0015b4ca	0x0015b4e8	CONDITIONAL_JUMP	0
0x0015b4d0	0x00168afc	UNCONDITIONAL_CALL	0
0x0015b4da	0x0015b4de	CONDITIONAL_JUMP	0
0x0015b4e0	0x001e5b98	DATA	1
0x0015b4e6	0x0015b4cc	CONDITIONAL_JUMP	0
0x0015b4e8	0x001ded68	READ	1
0x0015b4f0	0x001f63d0	DATA	0
0x0015b4f5	0x0015b73c	UNCONDITIONAL_CALL	0
0x0015b4fa	0xStack[-0x10]	DATA	0
0x0015b509	0x0015a75c	UNCONDITIONAL_CALL	0
0x0015b519	0xStack[0x4]	READ	1
0x0015b51d	0x0015a824	UNCONDITIONAL_CALL	0
0x0015b52d	0x0015a75c	UNCONDITIONAL_CALL	0
0x0015b53d	0xStack[0x4]	READ	1
0x0015b541	0x0015a824	UNCONDITIONAL_CALL	0
0x0015b550	0xStack[0x4]	READ	1
0x0015b556	0x00101600	UNCONDITIONAL_CALL	0
0x0015b56c	0xStack[0x8]	READ	1
0x0015b58a	0xStack[-0x8]	READ	1
0x0015b597	0xStack[0x4]	READ	1
0x0015b5a4	0x0015b5a2	CONDITIONAL_JUMP	0
0x0015b5b2	0x0015b5a0	CONDITIONAL_JUMP	0
0x0015b5b4	0xStack[0x8]	READ	1
0x0015b5d5	0xStack[0x4]	READ	1
0x0015b5e0	0x0015b5de	CONDITIONAL_JUMP	0
0x0015b5ee	0x0015b5dc	CONDITIONAL_JUMP	0
0x0015b5f0	0x001e8b54	READ	1
0x0015b5f7	0x0015b618	CONDITIONAL_JUMP	0
0x0015b611	0x0015b72d	UNCONDITIONAL_JUMP	0
0x0015b61c	0x0015b69a	CONDITIONAL_JUMP	0
0x0015b624	0x001deddc	READ	1
0x0015b62c	0x0015b660	CONDITIONAL_JUMP	0
0x0015b636	0x0015b649	CONDITIONAL_JUMP	0
0x0015b642	0x0015b649	CONDITIONAL_JUMP	0
0x0015b647	0x0015b640	CONDITIONAL_JUMP	0
0x0015b650	0x0015b64e	CONDITIONAL_JUMP	0
0x0015b65e	0x0015b64c	CONDITIONAL_JUMP	0
0x0015b669	0x0015b694	CONDITIONAL_JUMP	0
0x0015b675	0x00163320	UNCONDITIONAL_CALL	0
0x0015b684	0x0015b682	CONDITIONAL_JUMP	0
0x0015b692	0x0015b680	CONDITIONAL_JUMP	0
0x0015b698	0x0015b624	CONDITIONAL_JUMP	0
0x0015b6a5	0x0015b72d	CONDITIONAL_JUMP	0
0x0015b6b0	0x001deddc	READ	1
0x0015b6b8	0x0015b6ec	CONDITIONAL_JUMP	0
0x0015b6c2	0x0015b6d5	CONDITIONAL_JUMP	0
0x0015b6ce	0x0015b6d5	CONDITIONAL_JUMP	0
0x0015b6d3	0x0015b6cc	CONDITIONAL_JUMP	0
0x0015b6dc	0x0015b6da	CONDITIONAL_JUMP	0
0x0015b6ea	0x0015b6d8	CONDITIONAL_JUMP	0
0x0015b6f1	0x0015b724	CONDITIONAL_JUMP	0
0x0015b6fa	0x0015b72d	CONDITIONAL_JUMP	0
0x0015b705	0x00163320	UNCONDITIONAL_CALL	0
0x0015b714	0x0015b712	CONDITIONAL_JUMP	0
0x0015b722	0x0015b710	CONDITIONAL_JUMP	0
0x0015b72b	0x0015b6b0	CONDITIONAL_JUMP	0
0x0015b732	0xStack[-0xc]	DATA	0
0x0015b740	0xStack[0x4]	READ	1
0x0015b74c	0x0015b74a	CONDITIONAL_JUMP	0
0x0015b75a	0x0015b748	CONDITIONAL_JUMP	0
0x0015b763	0x0015b770	CONDITIONAL_JUMP	0
0x0015b76b	0x0015b7a5	UNCONDITIONAL_JUMP	0
0x0015b778	0x0015b794	CONDITIONAL_JUMP	0
0x0015b78f	0x0015b7a5	UNCONDITIONAL_JUMP	0
0x0015b799	0x0015b7a0	CONDITIONAL_JUMP	0
0x0015b79d	0x0015b7a2	UNCONDITIONAL_JUMP	0
0x0015b7b2	0x0015b7c2	CONDITIONAL_JUMP	0
0x0015b7bd	0x001631a0	UNCONDITIONAL_CALL	0
0x0015b7c7	0xStack[-0x8]	READ	1
0x0015b7d5	0xStack[0x4]	READ	1
0x0015b7e0	0x0015b7de	CONDITIONAL_JUMP	0
0x0015b7ee	0x0015b7dc	CONDITIONAL_JUMP	0
0x0015b7f0	0x001e8b54	READ	1
0x0015b7f7	0x0015b87e	CONDITIONAL_JUMP	0
0x0015b801	0x0015b87e	CONDITIONAL_JUMP	0
0x0015b808	0x001deddc	READ	1
0x0015b810	0x0015b844	CONDITIONAL_JUMP	0
0x0015b81a	0x0015b82d	CONDITIONAL_JUMP	0
0x0015b826	0x0015b82d	CONDITIONAL_JUMP	0
0x0015b82b	0x0015b824	CONDITIONAL_JUMP	0
0x0015b834	0x0015b832	CONDITIONAL_JUMP	0
0x0015b842	0x0015b830	CONDITIONAL_JUMP	0
0x0015b849	0x0015b878	CONDITIONAL_JUMP	0
0x0015b84d	0x0015b87e	CONDITIONAL_JUMP	0
0x0015b858	0x00163320	UNCONDITIONAL_CALL	0
0x0015b868	0x0015b866	CONDITIONAL_JUMP	0
0x0015b876	0x0015b864	CONDITIONAL_JUMP	0
0x0015b87c	0x0015b808	CONDITIONAL_JUMP	0
0x0015b887	0xStack[-0xc]	DATA	0
0x0015b895	0xStack[0x4]	READ	1
0x0015b8a0	0x0015b89e	CONDITIONAL_JUMP	0
0x0015b8ae	0x0015b89c	CONDITIONAL_JUMP	0
0x0015b8b4	0x001e8b54	READ	1
0x0015b8bb	0x0015b8dc	CONDITIONAL_JUMP	0
0x0015b8d5	0x0015b99f	UNCONDITIONAL_JUMP	0
0x0015b8e2	0x0015b914	CONDITIONAL_JUMP	0
0x0015b8f1	0x0015b903	CONDITIONAL_JUMP	0
0x0015b8fe	0x001631a0	UNCONDITIONAL_CALL	0
0x0015b90d	0x0015b9a6	UNCONDITIONAL_JUMP	0
0x0015b91f	0x0015b99f	CONDITIONAL_JUMP	0
0x0015b924	0x001deddc	READ	1
0x0015b92c	0x0015b960	CONDITIONAL_JUMP	0
0x0015b936	0x0015b946	CONDITIONAL_JUMP	0
0x0015b93f	0x0015b946	CONDITIONAL_JUMP	0
0x0015b944	0x0015b93c	CONDITIONAL_JUMP	0
0x0015b950	0x0015b94e	CONDITIONAL_JUMP	0
0x0015b95e	0x0015b94c	CONDITIONAL_JUMP	0
0x0015b965	0x0015b998	CONDITIONAL_JUMP	0
0x0015b96c	0x0015b99f	CONDITIONAL_JUMP	0
0x0015b977	0x00163320	UNCONDITIONAL_CALL	0
0x0015b988	0x0015b986	CONDITIONAL_JUMP	0
0x0015b996	0x0015b984	CONDITIONAL_JUMP	0
0x0015b99d	0x0015b924	CONDITIONAL_JUMP	0
0x0015b9a6	0xStack[-0xc]	DATA	0
0x0015b9b4	0xStack[0x4]	READ	1
0x0015b9c0	0x0015b9be	CONDITIONAL_JUMP	0
0x0015b9ce	0x0015b9bc	CONDITIONAL_JUMP	0
0x0015b9dc	0x0015b9f8	CONDITIONAL_JUMP	0
0x0015b9f3	0x0015ba09	UNCONDITIONAL_JUMP	0
0x0015b9fd	0x0015ba04	CONDITIONAL_JUMP	0
0x0015ba01	0x0015ba06	UNCONDITIONAL_JUMP	0
0x0015ba0e	0x0015ba1f	CONDITIONAL_JUMP	0
0x0015ba1a	0x001631a0	UNCONDITIONAL_CALL	0
0x0015ba24	0xStack[-0x8]	READ	1
0x0015ba2f	0xStack[0x4]	READ	1
0x0015ba3c	0x0015ba3a	CONDITIONAL_JUMP	0
0x0015ba4a	0x0015ba38	CONDITIONAL_JUMP	0
0x0015ba4c	0x001e8b54	READ	1
0x0015ba53	0x0015ba7c	CONDITIONAL_JUMP	0
0x0015ba83	0x0015ba8c	CONDITIONAL_JUMP	0
0x0015ba89	0x0015ba6d	UNCONDITIONAL_JUMP	0
0x0015ba9b	0xStack[0x4]	READ	1
0x0015baa8	0x0015baa6	CONDITIONAL_JUMP	0
0x0015bab6	0x0015baa4	CONDITIONAL_JUMP	0
0x0015bab8	0x001e8b54	READ	1
0x0015babf	0x0015bad4	CONDITIONAL_JUMP	0
0x0015bad8	0x0015bac1	CONDITIONAL_JUMP	0
0x0015baed	0xStack[0x4]	READ	1
0x0015baf8	0x0015baf6	CONDITIONAL_JUMP	0
0x0015bb06	0x0015baf4	CONDITIONAL_JUMP	0
0x0015bb08	0x001e8b54	READ	1
0x0015bb0f	0x0015bb30	CONDITIONAL_JUMP	0
0x0015bb2d	0x0015bb87	UNCONDITIONAL_JUMP	0
0x0015bb35	0x0015bb40	CONDITIONAL_JUMP	0
0x0015bb3e	0x0015bb91	UNCONDITIONAL_JUMP	0
0x0015bb55	0x0015bb87	CONDITIONAL_JUMP	0
0x0015bb64	0x00163320	UNCONDITIONAL_CALL	0
0x0015bb70	0x0015bb6e	CONDITIONAL_JUMP	0
0x0015bb7e	0x0015bb6c	CONDITIONAL_JUMP	0
0x0015bb85	0x0015bb5c	CONDITIONAL_JUMP	0
0x0015bb91	0xStack[-0xc]	DATA	0
0x0015bba0	0xStack[0x4]	READ	1
0x0015bbac	0x0015bbaa	CONDITIONAL_JUMP	0
0x0015bbba	0x0015bba8	CONDITIONAL_JUMP	0
0x0015bbc0	0x0015bbcc	CONDITIONAL_JUMP	0
0x0015bbc2	0x001dede0	DATA	0
0x0015bbc7	0x0010ca6c	UNCONDITIONAL_CALL	0
0x0015bbcc	0x001e8b54	READ	1
0x0015bbd9	0xStack[-0x8]	READ	1
0x0015bbe4	0xStack[0x4]	READ	1
0x0015bbf0	0x0015bbee	CONDITIONAL_JUMP	0
0x0015bbfe	0x0015bbec	CONDITIONAL_JUMP	0
0x0015bc00	0x001e8b54	READ	1
0x0015bc07	0x0015bc13	CONDITIONAL_JUMP	0
0x0015bc09	0x001dee0a	DATA	0
0x0015bc0e	0x0010ca6c	UNCONDITIONAL_CALL	0
0x0015bc19	0x0015bc21	CONDITIONAL_JUMP	0
0x0015bc26	0xStack[-0x8]	READ	1
0x0015bc36	0xStack[0x4]	READ	1
0x0015bc39	0x001e8b54	READ	1
0x0015bc3f	0xStack[0x8]	READ	0
0x0015bc43	0x0015bc60	CONDITIONAL_JUMP	0
0x0015bc53	0x0015bc7f	CONDITIONAL_JUMP	0
0x0015bc5b	0x0015bc76	UNCONDITIONAL_JUMP	0
0x0015bc6e	0x0015bc7f	CONDITIONAL_JUMP	0
0x0015bc77	0x0016a1f4	UNCONDITIONAL_CALL	0
0x0015bc7f	0xStack[0x8]	READ	0
0x0015bc83	0x0015bc8c	CONDITIONAL_JUMP	0
0x0015bc87	0x0015bca8	UNCONDITIONAL_JUMP	0
0x0015bc8e	0x001e9050	READ	1
0x0015bca1	0x0015bca8	CONDITIONAL_JUMP	0
0x0015bcad	0x001e8e10	DATA	1
0x0015bcb4	0x001e8e10	READ_WRITE	0
0x0015bcb4	0x001e8e14	READ_WRITE	0
0x0015bcb4	0x001e8e18	READ_WRITE	0
0x0015bcba	0x0015bcc7	CONDITIONAL_JUMP	0
0x0015bcc2	0x00160e84	UNCONDITIONAL_CALL	0
0x0015bcc9	0x001e8750	READ	0
0x0015bccf	0x0015bd9e	CONDITIONAL_JUMP	0
0x0015bcd5	0x001dee40	READ	1
0x0015bcdd	0x0015bcec	CONDITIONAL_JUMP	0
0x0015bcdf	0x001dee3c	READ	1
0x0015bce7	0x0015bd5a	UNCONDITIONAL_JUMP	0
0x0015bcee	0x0015bd24	CONDITIONAL_JUMP	0
0x0015bcf0	0x001dee44	READ	1
0x0015bcfc	0x001dee40	WRITE	0
0x0015bd13	0x001f63e0	READ_WRITE	0
0x0015bd19	0x001f63e4	READ_WRITE	0
0x0015bd1f	0x0015bd52	UNCONDITIONAL_JUMP	0
0x0015bd24	0x001dee44	READ	1
0x0015bd2f	0x001dee40	WRITE	0
0x0015bd46	0x001f63e0	READ_WRITE	0
0x0015bd4c	0x001f63e4	READ_WRITE	0
0x0015bd52	0x001dee3c	READ	1
0x0015bd5a	0x001dee3c	WRITE	0
0x0015bd66	0x0015bd7a	CONDITIONAL_JUMP	0
0x0015bd6e	0x001dee3c	WRITE	0
0x0015bd74	0x001dee38	READ_WRITE	0
0x0015bd7a	0x001dee50	READ	1
0x0015bd82	0x0015bd9e	CONDITIONAL_JUMP	0
0x0015bd84	0x001dee38	READ	1
0x0015bd8d	0x001dee3c	READ	1
0x0015bd96	0x001dee38	READ	1
0x0015bd9e	0xStack[-0x10]	DATA	0
0x0015bdab	0xStack[0x4]	READ	1
0x0015bdae	0x0015c0ac	DATA	1
0x0015bdc9	0xStack[0x4]	READ	1
0x0015bdcc	0x0018be68	UNCONDITIONAL_CALL	0
0x0015bdd4	0x001e5ba8	READ	1
0x0015bddc	0x0015bdda	CONDITIONAL_JUMP	0
0x0015bde3	0x001e5ba8	READ_WRITE	0
0x0015bdee	0x0015bdd4	CONDITIONAL_JUMP	0
0x0015bdf0	0xStack[0x8]	READ	1
0x0015bdf4	0x001606d0	UNCONDITIONAL_CALL	0
0x0015bdfb	0x001691e8	UNCONDITIONAL_CALL	0
0x0015be03	0x00169944	UNCONDITIONAL_CALL	0
0x0015be14	0x001e5ba8	READ_WRITE	0
0x0015be1b	0x0018b544	UNCONDITIONAL_CALL	0
0x0015be20	0xStack[-0xc]	DATA	0
0x0015be31	0xStack[0x4]	READ	1
0x0015be34	0x0018be68	UNCONDITIONAL_CALL	0
0x0015be3c	0x001e5ba8	READ	1
0x0015be43	0x0015be41	CONDITIONAL_JUMP	0
0x0015be4a	0x001e5ba8	READ_WRITE	0
0x0015be55	0x0015be3c	CONDITIONAL_JUMP	0
0x0015be5b	0x0015be84	CONDITIONAL_JUMP	0
0x0015be5e	0x00169bbc	UNCONDITIONAL_CALL	0
0x0015be6f	0x001e5ba8	READ_WRITE	0
0x0015be76	0x0018b544	UNCONDITIONAL_CALL	0
0x0015be80	0x0015be94	UNCONDITIONAL_JUMP	0
0x0015be86	0x001e5ba8	READ_WRITE	0
0x0015be8d	0x0018b544	UNCONDITIONAL_CALL	0
0x0015be94	0xStack[-0xc]	DATA	0
0x0015bea3	0x001e5ba8	WRITE	0
0x0015beb8	0xStack[0x8]	READ	1
0x0015bebb	0xStack[0x4]	READ	0
0x0015bebf	0x0015bec8	CONDITIONAL_JUMP	0
0x0015bec6	0x0015bee3	UNCONDITIONAL_JUMP	0
0x0015bec8	0x001dee50	READ	1
0x0015bedf	0x0015bed0	CONDITIONAL_JUMP	0
0x0015bee3	0xStack[-0x8]	READ	1
0x0015bef0	0xStack[0x4]	READ	0
0x0015bef4	0x0015bf00	CONDITIONAL_JUMP	0
0x0015befb	0x0015bf4f	UNCONDITIONAL_JUMP	0
0x0015bf00	0x0018c0d8	UNCONDITIONAL_CALL	0
0x0015bf07	0xStack[0x8]	READ	1
0x0015bf0a	0xStack[0xc]	READ	1
0x0015bf0d	0x001dee38	WRITE	0
0x0015bf13	0x001dee3c	WRITE	0
0x0015bf19	0x001dee50	READ	1
0x0015bf21	0x0015bf3d	CONDITIONAL_JUMP	0
0x0015bf23	0x001dee38	READ	1
0x0015bf2c	0x001dee3c	READ	1
0x0015bf35	0x001dee38	READ	1
0x0015bf3d	0x001dee38	DATA	0
0x0015bf42	0x001607f0	UNCONDITIONAL_CALL	0
0x0015bf48	0x0018b544	UNCONDITIONAL_CALL	0
0x0015bf4f	0xStack[-0x8]	READ	1
0x0015bf61	0xStack[0x8]	READ	1
0x0015bf64	0xStack[0xc]	READ	1
0x0015bf67	0xStack[0x4]	READ	0
0x0015bf6b	0x0015bf78	CONDITIONAL_JUMP	0
0x0015bf72	0x0015c019	UNCONDITIONAL_JUMP	0
0x0015bf96	0x0018c0d8	UNCONDITIONAL_CALL	0
0x0015bf9d	0x001dee40	READ	1
0x0015bfad	0xStack[-0xc]	WRITE	0
0x0015bfb0	0xStack[-0x8]	WRITE	0
0x0015bfb5	0x0015bfde	CONDITIONAL_JUMP	0
0x0015bfb7	0x001dee4c	READ	0
0x0015bfbd	0x0015bfd4	CONDITIONAL_JUMP	0
0x0015bfbf	0x001dee48	READ	1
0x0015bfca	0x001dee44	WRITE	0
0x0015bfd0	0x0015bfde	UNCONDITIONAL_JUMP	0
0x0015bfd4	0x001dee48	READ	1
0x0015bfd9	0x001dee44	WRITE	0
0x0015bfde	0x001dee44	READ	1
0x0015bfe4	0xStack[-0x14]	WRITE	0
0x0015bfeb	0xStack[-0x14]	READ	0
0x0015bff0	0xStack[-0x10]	WRITE	0
0x0015bff5	0x0015bffd	CONDITIONAL_JUMP	0
0x0015bff9	0xStack[-0x14]	READ	1
0x0015bffd	0x001dee40	WRITE	0
0x0015c004	0x0018b544	UNCONDITIONAL_CALL	0
0x0015c009	0xStack[0x10]	READ	1
0x0015c00c	0xStack[-0xc]	READ	1
0x0015c011	0xStack[-0x8]	READ	1
0x0015c019	0xStack[-0x20]	DATA	0
0x0015c028	0x001e0d0c	READ	1
0x0015c02f	0x001dee50	DATA	0
0x0015c034	0x001e8de8	READ	1
0x0015c03b	0x00173d1c	UNCONDITIONAL_CALL	0
0x0015c045	0x0015c054	CONDITIONAL_JUMP	0
0x0015c047	0x001dee54	DATA	0
0x0015c04c	0x0010ca6c	UNCONDITIONAL_CALL	0
0x0015c054	0x001e0d0c	READ	1
0x0015c05b	0x001dee50	READ	1
0x0015c062	0x00101600	UNCONDITIONAL_CALL	0
0x0015c067	0x0018c0d8	UNCONDITIONAL_CALL	0
0x0015c06e	0x001dee38	DATA	0
0x0015c073	0x00160798	UNCONDITIONAL_CALL	0
0x0015c07b	0x001dee50	READ	1
0x0015c082	0x0015c09e	CONDITIONAL_JUMP	0
0x0015c084	0x001dee38	READ	1
0x0015c08d	0x001dee3c	READ	1
0x0015c096	0x001dee38	READ	1
0x0015c09f	0x0018b544	UNCONDITIONAL_CALL	0
0x0015c0a4	0xStack[-0x8]	READ	1
0x0015c0b2	0xStack[0x4]	READ	1
0x0015c0b5	0x0018be68	UNCONDITIONAL_CALL	0
0x0015c0bc	0x001e5ba8	READ	1
0x0015c0c3	0x0015c0c1	CONDITIONAL_JUMP	0
0x0015c0ca	0x001e5ba8	READ_WRITE	0
0x0015c0d5	0x0015c0bc	CONDITIONAL_JUMP	0
0x0015c0e6	0x001e5ba8	READ_WRITE	0
0x0015c0ed	0x0018b544	UNCONDITIONAL_CALL	0
0x0015c0f5	0xStack[-0x10]	DATA	0
0x0015c10c	0x001e9608	READ	1
0x0015c114	0x0015c112	CONDITIONAL_JUMP	0
0x0015c11b	0x001e9608	READ_WRITE	0
0x0015c126	0x0015c10c	CONDITIONAL_JUMP	0
0x0015c128	0x001e9600	READ	1
0x0015c12e	0x001e9600	DATA	1
0x0015c134	0x0015c2ea	CONDITIONAL_JUMP	0
0x0015c148	0x0015c146	CONDITIONAL_JUMP	0
0x0015c156	0x0015c144	CONDITIONAL_JUMP	0
0x0015c160	0x0015c2d0	CONDITIONAL_JUMP	0
0x0015c172	0xStack[-0x18]	WRITE	0
0x0015c17d	0x0015c196	CONDITIONAL_JUMP	0
0x0015c180	0xStack[-0x18]	READ	1
0x0015c18f	0xStack[-0x18]	WRITE	0
0x0015c194	0x0015c180	CONDITIONAL_JUMP	0
0x0015c1a0	0x001e9610	DATA	1
0x0015c1a6	0x0015c1a9	CONDITIONAL_JUMP	0
0x0015c1ab	0x0015c1e4	CONDITIONAL_JUMP	0
0x0015c1b0	0xStack[-0x14]	WRITE	0
0x0015c1b6	0xStack[-0x14]	WRITE	0
0x0015c1c6	0xStack[-0x14]	WRITE	0
0x0015c1cc	0xStack[-0x14]	READ	0
0x0015c1cf	0xStack[-0x8]	WRITE	0
0x0015c1dc	0xStack[-0x10]	WRITE	0
0x0015c1df	0x0015c1fe	UNCONDITIONAL_JUMP	0
0x0015c1f4	0xStack[-0x8]	WRITE	0
0x0015c1f7	0xStack[-0x10]	WRITE	0
0x0015c201	0xStack[-0x14]	WRITE	0
0x0015c207	0xStack[-0x14]	WRITE	0
0x0015c214	0xStack[-0xc]	WRITE	0
0x0015c222	0xStack[-0x8]	READ	1
0x0015c242	0xStack[-0xc]	READ	1
0x0015c252	0x001e9610	DATA	1
0x0015c258	0x0015c2bf	CONDITIONAL_JUMP	0
0x0015c25a	0x001dee68	DATA	1
0x0015c25f	0x001dee80	DATA	1
0x0015c25f	0xStack[-0x18]	WRITE	0
0x0015c266	0x001dee74	DATA	1
0x0015c26c	0xStack[-0x18]	READ	1
0x0015c26f	0x001dee80	READ	0
0x0015c26f	0x001dee84	READ	0
0x0015c273	0x001dee74	READ	1
0x0015c273	0x001dee78	READ	1
0x0015c27d	0xStack[-0x8]	READ	1
0x0015c28d	0x001dee74	WRITE	0
0x0015c28d	0x001dee78	WRITE	0
0x0015c28f	0xStack[-0x18]	READ	1
0x0015c292	0x001dee80	READ	0
0x0015c292	0x001dee84	READ	0
0x0015c296	0x001dee68	READ	1
0x0015c296	0x001dee6c	READ	1
0x0015c29b	0xStack[-0xc]	READ	1
0x0015c2ab	0x001dee68	WRITE	0
0x0015c2b0	0x001dee84	DATA	1
0x0015c2b0	0xStack[-0x18]	READ_WRITE	0
0x0015c2b7	0x001dee70	DATA	1
0x0015c2bd	0x0015c26c	CONDITIONAL_JUMP	0
0x0015c2bf	0xStack[-0x10]	READ	1
0x0015c2de	0x001e9600	DATA	1
0x0015c2e4	0x0015c13c	CONDITIONAL_JUMP	0
0x0015c2ec	0x001e9608	READ_WRITE	0
0x0015c2f2	0xStack[-0x2c]	DATA	0
0x0015c303	0x0010001c	DATA	1
0x0015c30a	0x00100010	READ	1
0x0015c312	0x0015c32d	CONDITIONAL_JUMP	0
0x0015c314	0x0010001c	READ	0
0x0015c314	0x00100054	READ	0
0x0015c317	0x0015c325	CONDITIONAL_JUMP	0
0x0015c319	0x00100034	READ	1
0x0015c319	0x0010006c	READ	1
0x0015c31c	0x00100038	READ	1
0x0015c31c	0x00100070	READ	1
0x0015c321	0x0015c325	CONDITIONAL_JUMP	0
0x0015c325	0x00100020	READ	1
0x0015c325	0x00100058	READ	1
0x0015c32b	0x0015c314	CONDITIONAL_JUMP	0
0x0015c32d	0x001da000	DATA	0
0x0015c32f	0xStack[-0xc]	DATA	0
0x0015c33d	0x0015a880	UNCONDITIONAL_CALL	0
0x0015c342	0x00100000	DATA	1
0x0015c358	0xStack[0x10]	READ	1
0x0015c35b	0xStack[0xc]	READ	1
0x0015c35f	0xStack[0x8]	READ	1
0x0015c363	0xStack[0x4]	READ	1
0x0015c367	0x0015c38c	UNCONDITIONAL_CALL	0
0x0015c36e	0x0015c37c	CONDITIONAL_JUMP	0
0x0015c378	0x0015c384	UNCONDITIONAL_JUMP	0
0x0015c384	0xStack[-0x8]	READ	1
0x0015c395	0xStack[0x4]	READ	1
0x0015c39b	0xStack[-0x8]	WRITE	0
0x0015c3a2	0x0015c413	UNCONDITIONAL_JUMP	0
0x0015c3a7	0x0015c40d	CONDITIONAL_JUMP	0
0x0015c3ab	0xStack[0x8]	READ	1
0x0015c3b3	0x00101efc	UNCONDITIONAL_CALL	0
0x0015c3bd	0x0015c3c8	CONDITIONAL_JUMP	0
0x0015c3bf	0xStack[0x4]	READ	1
0x0015c3c6	0x0015c40d	CONDITIONAL_JUMP	0
0x0015c3d0	0x0015c40d	CONDITIONAL_JUMP	0
0x0015c3d6	0xStack[0xc]	READ	1
0x0015c3db	0x00101efc	UNCONDITIONAL_CALL	0
0x0015c3e5	0x0015c404	CONDITIONAL_JUMP	0
0x0015c3e9	0xStack[0x8]	READ	1
0x0015c3f1	0x00101efc	UNCONDITIONAL_CALL	0
0x0015c3fb	0x0015c404	CONDITIONAL_JUMP	0
0x0015c3ff	0x0015c420	UNCONDITIONAL_JUMP	0
0x0015c40b	0x0015c3d4	CONDITIONAL_JUMP	0
0x0015c410	0xStack[-0x8]	READ_WRITE	0
0x0015c413	0xStack[-0x8]	READ	1
0x0015c416	0xStack[0x4]	READ	1
0x0015c41c	0x0015c3a4	CONDITIONAL_JUMP	0
0x0015c420	0xStack[-0x14]	DATA	0
0x0015c432	0xStack[0x4]	READ	1
0x0015c43d	0x0015c469	CONDITIONAL_JUMP	0
0x0015c443	0x0015c460	CONDITIONAL_JUMP	0
0x0015c447	0xStack[0x8]	READ	1
0x0015c44f	0x00101efc	UNCONDITIONAL_CALL	0
0x0015c459	0x0015c460	CONDITIONAL_JUMP	0
0x0015c45d	0x0015c46b	UNCONDITIONAL_JUMP	0
0x0015c467	0x0015c440	CONDITIONAL_JUMP	0
0x0015c46b	0xStack[-0x10]	DATA	0
0x0015c47b	0x00100000	DATA	0
0x0015c480	0x0015c48c	UNCONDITIONAL_CALL	0
0x0015c48f	0xStack[0x4]	READ	1
0x0015c49c	0x0015c4b4	CONDITIONAL_JUMP	0
0x0015c4a3	0x0015c4ac	CONDITIONAL_JUMP	0
0x0015c4b2	0x0015c4a0	CONDITIONAL_JUMP	0
0x0015c4c0	0xStack[0x4]	READ	1
0x0015c4c4	0x00100000	DATA	0
0x0015c4c9	0x0015c4e8	UNCONDITIONAL_CALL	0
0x0015c4d0	0x0015c4de	CONDITIONAL_JUMP	0
0x0015c4d2	0x001f63e8	READ	1
0x0015c4da	0x0015c4de	CONDITIONAL_JUMP	0
0x0015c4de	0xStack[-0x8]	READ	1
0x0015c4ed	0xStack[0x4]	READ	1
0x0015c4f0	0xStack[0x8]	READ	1
0x0015c4fd	0x0015c50c	CONDITIONAL_JUMP	0
0x0015c502	0x0015c50c	CONDITIONAL_JUMP	0
0x0015c50a	0x0015c500	CONDITIONAL_JUMP	0
0x0015c511	0x0015c529	CONDITIONAL_JUMP	0
0x0015c518	0x0015c529	CONDITIONAL_JUMP	0
0x0015c51f	0x0015c52b	CONDITIONAL_JUMP	0
0x0015c527	0x0015c51c	CONDITIONAL_JUMP	0
0x0015c52b	0xStack[-0xc]	DATA	0
0x0015c53a	0xStack[0x4]	READ	1
0x0015c53d	0x0010001c	DATA	1
0x0015c544	0x00100010	READ	0
0x0015c54a	0x0015c570	CONDITIONAL_JUMP	0
0x0015c54c	0x0010001c	READ	0
0x0015c54c	0x00100054	READ	0
0x0015c54f	0x0015c564	CONDITIONAL_JUMP	0
0x0015c554	0x00100024	DATA	1
0x0015c557	0x00100024	DATA	0
0x0015c557	0x0010005c	DATA	0
0x0015c558	0x00101efc	UNCONDITIONAL_CALL	0
0x0015c562	0x0015c572	CONDITIONAL_JUMP	0
0x0015c564	0x00100020	READ	1
0x0015c564	0x00100058	READ	1
0x0015c568	0x00100010	READ	0
0x0015c56e	0x0015c54c	CONDITIONAL_JUMP	0
0x0015c574	0x0015c58f	CONDITIONAL_JUMP	0
0x0015c576	0x001f63e8	READ	1
0x0015c580	0x00101e7c	UNCONDITIONAL_CALL	0
0x0015c587	0x0015c58f	CONDITIONAL_JUMP	0
0x0015c589	0x001f63e8	READ	1
0x0015c591	0xStack[-0x10]	DATA	0
0x0015c5a5	0x0010001c	DATA	1
0x0015c5aa	0xStack[-0x8]	WRITE	0
0x0015c5b1	0x0015c623	UNCONDITIONAL_JUMP	0
0x0015c5b4	0x0010001c	READ	0
0x0015c5b7	0x0015c61d	CONDITIONAL_JUMP	0
0x0015c5bb	0xStack[0x4]	READ	1
0x0015c5bf	0x00100024	DATA	1
0x0015c5c2	0x00100024	DATA	0
0x0015c5c3	0x00101efc	UNCONDITIONAL_CALL	0
0x0015c5cd	0x0015c5d8	CONDITIONAL_JUMP	0
0x0015c5cf	0x0010000c	READ	0
0x0015c5d6	0x0015c61d	CONDITIONAL_JUMP	0
0x0015c5d8	0x00100054	DATA	1
0x0015c5dd	0x0010004c	READ	0
0x0015c5e0	0x0015c61d	CONDITIONAL_JUMP	0
0x0015c5e6	0xStack[0x8]	READ	1
0x0015c5ea	0x00100054	DATA	0
0x0015c5ea	0x00100098	DATA	0
0x0015c5eb	0x00101efc	UNCONDITIONAL_CALL	0
0x0015c5f5	0x0015c614	CONDITIONAL_JUMP	0
0x0015c5f9	0xStack[0x4]	READ	1
0x0015c5fd	0x00100064	DATA	1
0x0015c600	0x00100064	DATA	0
0x0015c601	0x00101efc	UNCONDITIONAL_CALL	0
0x0015c60b	0x0015c614	CONDITIONAL_JUMP	0
0x0015c60d	0x00100054	DATA	0
0x0015c60f	0x0015c630	UNCONDITIONAL_JUMP	0
0x0015c618	0x0010004c	READ	0
0x0015c61b	0x0015c5e4	CONDITIONAL_JUMP	0
0x0015c61d	0x00100020	READ	1
0x0015c620	0xStack[-0x8]	READ_WRITE	0
0x0015c623	0xStack[-0x8]	READ	1
0x0015c626	0x00100010	READ	0
0x0015c62c	0x0015c5b4	CONDITIONAL_JUMP	0
0x0015c630	0xStack[-0x14]	DATA	0
0x0015c63f	0xStack[0x4]	READ	1
0x0015c644	0x0015c64c	CONDITIONAL_JUMP	0
0x0015c64a	0x0015c654	CONDITIONAL_JUMP	0
0x0015c661	0xStack[0x4]	READ	1
0x0015c664	0xStack[0x8]	READ	1
0x0015c669	0x0015c671	CONDITIONAL_JUMP	0
0x0015c66f	0x0015c678	CONDITIONAL_JUMP	0
0x0015c673	0x0015c67b	UNCONDITIONAL_JUMP	0
0x0015c6a0	0x0015c6a8	CONDITIONAL_JUMP	0
0x0015c6a5	0x0015c6aa	UNCONDITIONAL_JUMP	0
0x0015c6aa	0xStack[-0xc]	DATA	0
0x0015c6ba	0x0010001c	DATA	1
0x0015c6c1	0x00100010	READ	0
0x0015c6c7	0x0015c6f4	CONDITIONAL_JUMP	0
0x0015c6cc	0x0010001c	READ	0
0x0015c6cc	0x00100054	READ	0
0x0015c6cf	0x0015c6e8	CONDITIONAL_JUMP	0
0x0015c6d3	0x001def08	DATA	0
0x0015c6d8	0x00100024	DATA	1
0x0015c6db	0x00100024	DATA	0
0x0015c6db	0x0010005c	DATA	0
0x0015c6dc	0x00101efc	UNCONDITIONAL_CALL	0
0x0015c6e6	0x0015c6f6	CONDITIONAL_JUMP	0
0x0015c6e8	0x00100020	READ	1
0x0015c6e8	0x00100058	READ	1
0x0015c6ec	0x00100010	READ	0
0x0015c6f2	0x0015c6cc	CONDITIONAL_JUMP	0
0x0015c6f8	0x0015c71a	CONDITIONAL_JUMP	0
0x0015c6fa	0x001f63e8	READ	1
0x0015c703	0x001def08	DATA	0
0x0015c708	0x00101e7c	UNCONDITIONAL_CALL	0
0x0015c712	0x0015c71a	CONDITIONAL_JUMP	0
0x0015c714	0x001f63e8	READ	1
0x0015c71c	0x0010001c	DATA	1
0x0015c723	0x00100010	READ	1
0x0015c72b	0x0015c73d	CONDITIONAL_JUMP	0
0x0015c730	0x0010001c	READ	0
0x0015c730	0x00100054	READ	0
0x0015c733	0x0015c748	CONDITIONAL_JUMP	0
0x0015c735	0x00100020	READ	1
0x0015c735	0x00100058	READ	1
0x0015c73b	0x0015c730	CONDITIONAL_JUMP	0
0x0015c741	0x0015c74c	CONDITIONAL_JUMP	0
0x0015c743	0x0015c798	UNCONDITIONAL_JUMP	0
0x0015c74a	0x0015c73f	UNCONDITIONAL_JUMP	0
0x0015c74e	0x0015c754	CONDITIONAL_JUMP	0
0x0015c752	0x0015c798	UNCONDITIONAL_JUMP	0
0x0015c754	0x001f63e8	WRITE	0
0x0015c754	0x001dee8c	DATA	1
0x0015c761	0x001deea4	WRITE	0
0x0015c768	0x0015c7a4	UNCONDITIONAL_CALL	0
0x0015c76d	0x001deea8	WRITE	0
0x0015c776	0x001deec4	DATA	0
0x0015c77b	0x00101b48	UNCONDITIONAL_CALL	0
0x0015c780	0x001deea4	READ	1
0x0015c786	0x001deee4	WRITE	0
0x0015c78c	0x001deea8	READ	1
0x0015c792	0x001deee8	WRITE	0
0x0015c798	0xStack[-0x10]	DATA	0
0x0015c7aa	0xStack[0x4]	READ	1
0x0015c7b9	0x0015c7c9	CONDITIONAL_JUMP	0
0x0015c7bf	0x0015c817	CONDITIONAL_JUMP	0
0x0015c7c7	0x0015c7bc	CONDITIONAL_JUMP	0
0x0015c7cb	0x0015c81b	UNCONDITIONAL_JUMP	0
0x0015c7d8	0x0015c7dc	CONDITIONAL_JUMP	0
0x0015c7e8	0x0015c7f8	CONDITIONAL_JUMP	0
0x0015c7ee	0x0015c7f8	CONDITIONAL_JUMP	0
0x0015c7f6	0x0015c7ec	CONDITIONAL_JUMP	0
0x0015c7fd	0x0015c81b	CONDITIONAL_JUMP	0
0x0015c804	0x0015c815	CONDITIONAL_JUMP	0
0x0015c80b	0x0015c817	CONDITIONAL_JUMP	0
0x0015c813	0x0015c808	CONDITIONAL_JUMP	0
0x0015c819	0x0015c7d0	CONDITIONAL_JUMP	0
0x0015c81d	0xStack[-0x10]	DATA	0
0x0015c82b	0x00187a40	UNCONDITIONAL_CALL	0
0x0015c830	0x0010ab88	UNCONDITIONAL_CALL	0
0x0015c835	0x00162dc0	UNCONDITIONAL_CALL	0
0x0015c83a	0x00173a68	UNCONDITIONAL_CALL	0
0x0015c83f	0x0015c024	UNCONDITIONAL_CALL	0
0x0015c844	0x0016a198	UNCONDITIONAL_CALL	0
0x0015c849	0x0015bea0	UNCONDITIONAL_CALL	0
0x0015c84e	0x001f63f8	READ	1
0x0015c855	0x00193b80	UNCONDITIONAL_CALL	0
0x0015c85a	0x001f6348	WRITE	0
0x0015c864	0x001f63f4	READ	1
0x0015c873	0x001f6350	WRITE	0
0x0015c878	0x001f634c	WRITE	0
0x0015c882	0x001f6340	WRITE	0
0x0015c88c	0x001f6344	WRITE	0
0x0015c896	0x00106cfc	UNCONDITIONAL_CALL	0
0x0015c89b	0x00146dc0	UNCONDITIONAL_CALL	0
0x0015c8a0	0x001e8750	READ	1
0x0015c8a7	0x0015decc	UNCONDITIONAL_CALL	0
0x0015c8ac	0x0015db48	UNCONDITIONAL_CALL	0
0x0015c8b1	0x00165964	UNCONDITIONAL_CALL	0
0x0015c8b6	0x00166a8c	UNCONDITIONAL_CALL	0
0x0015c8bb	0x00168ed4	UNCONDITIONAL_CALL	0
0x0015c8c0	0x00146ed8	UNCONDITIONAL_CALL	0
0x0015c8c5	0x0017e1a4	UNCONDITIONAL_CALL	0
0x0015c8ca	0x001f63ec	DATA	0
0x0015c8cf	0x001dfb90	READ	1
0x0015c8d6	0x00166c48	UNCONDITIONAL_CALL	0
0x0015c8db	0x001f63ec	READ	1
0x0015c8e2	0x00166ea0	UNCONDITIONAL_CALL	0
0x0015c8e7	0x00102974	DATA	0
0x0015c8ec	0x001f63ec	READ	1
0x0015c8f3	0x0016847c	UNCONDITIONAL_CALL	0
0x0015c8f8	0x001f63ec	READ	1
0x0015c8ff	0x00168f90	UNCONDITIONAL_CALL	0
0x0015c904	0x001f63ec	READ	1
0x0015c911	0x00167d48	UNCONDITIONAL_CALL	0
0x0015c916	0x0018b964	UNCONDITIONAL_CALL	0
0x0015c920	0x001f63f0	READ	1
0x0015c92d	0x0018b544	UNCONDITIONAL_CALL	0
0x0015c932	0x00181c98	UNCONDITIONAL_CALL	0
0x0015c937	0x001601b8	UNCONDITIONAL_CALL	0
0x0015c93c	0x001f63ec	READ	1
0x0015c951	0xStack[0x4]	READ	1
0x0015c954	0xStack[0x8]	READ	1
0x0015c95c	0x0017d1e4	UNCONDITIONAL_CALL	0
0x0015c961	0xStack[-0x18]	WRITE	0
0x0015c96e	0xStack[-0x10]	WRITE	0
0x0015c980	0x0015c992	CONDITIONAL_JUMP	0
0x0015c982	0x001e89ec	READ	1
0x0015c98d	0xStack[-0xc]	WRITE	0
0x0015c990	0x0015c99c	CONDITIONAL_JUMP	0
0x0015c997	0x0015ca67	UNCONDITIONAL_JUMP	0
0x0015c99c	0xStack[-0x8]	WRITE	0
0x0015c9a5	0xStack[-0x18]	READ	1
0x0015c9ab	0xStack[-0xc]	READ	1
0x0015c9af	0xStack[-0x8]	DATA	0
0x0015c9b3	0x001e8de8	READ	1
0x0015c9ba	0x0017c4f4	UNCONDITIONAL_CALL	0
0x0015c9c4	0x0015c9d0	CONDITIONAL_JUMP	0
0x0015c9cb	0x0015ca67	UNCONDITIONAL_JUMP	0
0x0015c9d4	0xStack[-0x8]	READ	1
0x0015c9db	0xStack[-0x10]	READ	0
0x0015c9df	0x0015ca16	CONDITIONAL_JUMP	0
0x0015c9e8	0x001e8e04	READ	0
0x0015c9ee	0x0015ca0c	CONDITIONAL_JUMP	0
0x0015c9f6	0xStack[-0x14]	WRITE	0
0x0015c9f9	0x0018cb24	UNCONDITIONAL_CALL	0
0x0015ca01	0xStack[-0x14]	READ	1
0x0015ca06	0x0015ca0c	CONDITIONAL_JUMP	0
0x0015ca14	0x0015c9e4	CONDITIONAL_JUMP	0
0x0015ca18	0x0015ca24	CONDITIONAL_JUMP	0
0x0015ca1f	0x0015ca4f	UNCONDITIONAL_JUMP	0
0x0015ca28	0xStack[0xc]	READ	1
0x0015ca4f	0xStack[-0x8]	READ	1
0x0015ca52	0xStack[-0xc]	READ	1
0x0015ca59	0x001e8de8	READ	1
0x0015ca60	0x001765ac	UNCONDITIONAL_CALL	0
0x0015ca67	0xStack[-0x24]	DATA	0
0x0015ca7d	0xStack[0x14]	READ	1
0x0015ca80	0x001e8b54	READ	1
0x0015ca8f	0x0018f7b4	UNCONDITIONAL_CALL	0
0x0015caa1	0x001746a0	UNCONDITIONAL_CALL	0
0x0015caa6	0xStack[-0x1c]	WRITE	0
0x0015caae	0x0015cab3	CONDITIONAL_JUMP	0
0x0015cab0	0xStack[-0x18]	DATA	0
0x0015cab8	0x00101630	UNCONDITIONAL_CALL	0
0x0015cac0	0xStack[-0x18]	DATA	0
0x0015cacb	0xStack[0x10]	READ	1
0x0015cacf	0xStack[0xc]	READ	1
0x0015cad3	0xStack[0x8]	READ	1
0x0015cad7	0xStack[-0x1c]	READ	1
0x0015cadb	0xStack[0x4]	READ	1
0x0015cadf	0x0015cb1c	UNCONDITIONAL_CALL	0
0x0015caeb	0x0015cafc	CONDITIONAL_JUMP	0
0x0015caed	0xStack[-0x1c]	READ	1
0x0015caf1	0x001747d8	UNCONDITIONAL_CALL	0
0x0015caf8	0x0015cb12	UNCONDITIONAL_JUMP	0
0x0015cafc	0x001e8b54	READ	1
0x0015cb04	0xStack[-0x1c]	READ	1
0x0015cb0b	0x001747d8	UNCONDITIONAL_CALL	0
0x0015cb12	0xStack[-0x28]	DATA	0
0x0015cb25	0xStack[-0xc]	WRITE	0
0x0015cb2c	0xStack[0x18]	READ	0
0x0015cb30	0x0015cb92	CONDITIONAL_JUMP	0
0x0015cb32	0xStack[0x18]	READ_WRITE	0
0x0015cb35	0x001e8e04	READ	1
0x0015cb3a	0xStack[0xc]	READ	1
0x0015cb40	0x0015cb52	CONDITIONAL_JUMP	0
0x0015cb46	0x0018cac8	UNCONDITIONAL_CALL	0
0x0015cb50	0x0015cb5c	CONDITIONAL_JUMP	0
0x0015cb57	0x0015cdfd	UNCONDITIONAL_JUMP	0
0x0015cb5c	0xStack[0xc]	READ	1
0x0015cb66	0x0015cb92	CONDITIONAL_JUMP	0
0x0015cb68	0x0015cb8c	COMPUTED_JUMP	-1
0x0015cb68	0x0015cb9c	COMPUTED_JUMP	-1
0x0015cb68	0x0015cb92	COMPUTED_JUMP	-1
0x0015cb68	0x0015cba4	COMPUTED_JUMP	-1
0x0015cb68	0x0015cb70	DATA	0
0x0015cb70	0x0015cb8c	DATA	0
0x0015cb74	0x0015cb8c	DATA	0
0x0015cb78	0x0015cb9c	DATA	0
0x0015cb7c	0x0015cb92	DATA	0
0x0015cb80	0x0015cb8c	DATA	0
0x0015cb84	0x0015cb9c	DATA	0
0x0015cb88	0x0015cba4	DATA	0
0x0015cb8c	0xStack[0x18]	READ	0
0x0015cb90	0x0015cbaa	CONDITIONAL_JUMP	0
0x0015cb97	0x0015cdfd	UNCONDITIONAL_JUMP	0
0x0015cb9c	0xStack[0x18]	READ	0
0x0015cba0	0x0015cbaa	CONDITIONAL_JUMP	0
0x0015cba2	0x0015cb92	UNCONDITIONAL_JUMP	0
0x0015cba4	0xStack[0x18]	READ	0
0x0015cba8	0x0015cb92	CONDITIONAL_JUMP	0
0x0015cbae	0xStack[0x4]	READ	1
0x0015cbb2	0x0017d1e4	UNCONDITIONAL_CALL	0
0x0015cbb7	0xStack[-0x10]	WRITE	0
0x0015cbba	0xStack[0xc]	READ	1
0x0015cbc6	0xStack[0x14]	READ	0
0x0015cbc9	0x0015cbdd	CONDITIONAL_JUMP	0
0x0015cbcb	0x001e89ec	READ	1
0x0015cbd8	0xStack[-0x14]	WRITE	0
0x0015cbdb	0x0015cbe8	CONDITIONAL_JUMP	0
0x0015cbe2	0x0015cdfd	UNCONDITIONAL_JUMP	0
0x0015cbe8	0xStack[-0x8]	WRITE	0
0x0015cbef	0xStack[0x10]	READ	1
0x0015cbf3	0xStack[-0x10]	READ	1
0x0015cbf9	0xStack[-0x14]	READ	1
0x0015cbfd	0xStack[-0x8]	DATA	0
0x0015cc01	0x001e8de8	READ	1
0x0015cc08	0x0017c4f4	UNCONDITIONAL_CALL	0
0x0015cc14	0x0015cc44	CONDITIONAL_JUMP	0
0x0015cc1b	0x0015cdfd	UNCONDITIONAL_JUMP	0
0x0015cc20	0xStack[-0x14]	READ	1
0x0015cc23	0xStack[-0x1c]	READ	1
0x0015cc27	0xStack[-0x1c]	READ	1
0x0015cc2b	0x001e8de8	READ	1
0x0015cc32	0x001765ac	UNCONDITIONAL_CALL	0
0x0015cc3c	0x0015cdfd	UNCONDITIONAL_JUMP	0
0x0015cc4c	0xStack[-0x18]	WRITE	0
0x0015cc53	0xStack[0xc]	READ	1
0x0015cc5a	0xStack[-0x20]	WRITE	0
0x0015cc60	0x0015cd9f	CONDITIONAL_JUMP	0
0x0015cc68	0xStack[-0x8]	READ	1
0x0015cc6b	0xStack[-0x1c]	WRITE	0
0x0015cc6e	0xStack[-0x18]	READ	1
0x0015cc76	0xStack[-0x18]	READ_WRITE	0
0x0015cc79	0xStack[0xc]	READ	1
0x0015cc82	0xStack[-0x18]	READ	0
0x0015cc85	0x0015cc20	CONDITIONAL_JUMP	0
0x0015cc8d	0x0015cd8c	CONDITIONAL_JUMP	0
0x0015cc93	0x0015ccd4	COMPUTED_JUMP	-1
0x0015cc93	0x0015cd8c	COMPUTED_JUMP	-1
0x0015cc93	0x0015cd0c	COMPUTED_JUMP	-1
0x0015cc93	0x0015cd20	COMPUTED_JUMP	-1
0x0015cc93	0x0015cd34	COMPUTED_JUMP	-1
0x0015cc93	0x0015cd50	COMPUTED_JUMP	-1
0x0015cc93	0x0015cd6c	COMPUTED_JUMP	-1
0x0015cc93	0x0015cc9c	DATA	0
0x0015cc9c	0x0015ccd4	DATA	0
0x0015cca0	0x0015cd8c	DATA	0
0x0015cca4	0x0015cd8c	DATA	0
0x0015cca8	0x0015cd0c	DATA	0
0x0015ccac	0x0015cd20	DATA	0
0x0015ccb0	0x0015cd34	DATA	0
0x0015ccb4	0x0015cd50	DATA	0
0x0015ccb8	0x0015cd8c	DATA	0
0x0015ccbc	0x0015cd8c	DATA	0
0x0015ccc0	0x0015cd8c	DATA	0
0x0015ccc4	0x0015cd8c	DATA	0
0x0015ccc8	0x0015cd8c	DATA	0
0x0015cccc	0x0015cd8c	DATA	0
0x0015ccd0	0x0015cd6c	DATA	0
0x0015ccd7	0x0015cd8e	CONDITIONAL_JUMP	0
0x0015ccdd	0xStack[0x20]	READ	1
0x0015cce1	0xStack[0x8]	READ	1
0x0015cce5	0xStack[0x4]	READ	1
0x0015ccee	0xStack[0x14]	READ	1
0x0015ccf2	0xStack[0x10]	READ	1
0x0015ccf6	0xStack[-0x10]	READ	1
0x0015ccfb	0x0015ce08	UNCONDITIONAL_CALL	0
0x0015cd05	0x0015cd8e	UNCONDITIONAL_JUMP	0
0x0015cd0f	0x0015cd8e	CONDITIONAL_JUMP	0
0x0015cd11	0xStack[0x20]	READ	1
0x0015cd16	0x0015d158	UNCONDITIONAL_CALL	0
0x0015cd1b	0x0015cd65	UNCONDITIONAL_JUMP	0
0x0015cd23	0x0015cd8e	CONDITIONAL_JUMP	0
0x0015cd25	0xStack[0x20]	READ	1
0x0015cd2a	0x0015d0d4	UNCONDITIONAL_CALL	0
0x0015cd2f	0x0015cd65	UNCONDITIONAL_JUMP	0
0x0015cd37	0x0015cd8e	CONDITIONAL_JUMP	0
0x0015cd39	0xStack[0x18]	READ	1
0x0015cd3d	0xStack[0x8]	READ	1
0x0015cd42	0x0015d338	UNCONDITIONAL_CALL	0
0x0015cd4c	0x0015cd8e	UNCONDITIONAL_JUMP	0
0x0015cd53	0x0015cd8e	CONDITIONAL_JUMP	0
0x0015cd55	0xStack[0x1c]	READ	0
0x0015cd59	0x0015cd8e	CONDITIONAL_JUMP	0
0x0015cd5b	0xStack[0x1c]	READ	1
0x0015cd60	0x0015d3e8	UNCONDITIONAL_CALL	0
0x0015cd6a	0x0015cd8e	UNCONDITIONAL_JUMP	0
0x0015cd6f	0x0015cd8e	CONDITIONAL_JUMP	0
0x0015cd71	0xStack[0x18]	READ	0
0x0015cd75	0x0015cd7d	CONDITIONAL_JUMP	0
0x0015cd77	0xStack[-0xc]	READ	0
0x0015cd7b	0x0015cd84	CONDITIONAL_JUMP	0
0x0015cd7d	0xStack[-0xc]	WRITE	0
0x0015cd80	0x0015cd8e	UNCONDITIONAL_JUMP	0
0x0015cd89	0x0015cdcd	UNCONDITIONAL_JUMP	0
0x0015cd90	0x0015cdcd	CONDITIONAL_JUMP	0
0x0015cd92	0xStack[-0x20]	READ_WRITE	0
0x0015cd95	0xStack[-0x20]	READ	0
0x0015cd99	0x0015cc68	CONDITIONAL_JUMP	0
0x0015cda1	0x0015cdcd	CONDITIONAL_JUMP	0
0x0015cda7	0x0015cc4c	CONDITIONAL_JUMP	0
0x0015cdad	0xStack[-0xc]	READ	0
0x0015cdb1	0x0015cdcd	CONDITIONAL_JUMP	0
0x0015cdb3	0xStack[0x20]	READ	1
0x0015cdb7	0xStack[0x18]	READ	1
0x0015cdbb	0xStack[0x8]	READ	1
0x0015cdbf	0xStack[-0xc]	READ	1
0x0015cdc3	0x0015d3fc	UNCONDITIONAL_CALL	0
0x0015cdcd	0xStack[-0x8]	READ	1
0x0015cdd0	0xStack[-0x14]	READ	1
0x0015cdd7	0x001e8de8	READ	1
0x0015cdde	0x001765ac	UNCONDITIONAL_CALL	0
0x0015cde5	0x0015cdfb	CONDITIONAL_JUMP	0
0x0015cde7	0xStack[0x18]	READ	0
0x0015cdeb	0x0015cdfb	CONDITIONAL_JUMP	0
0x0015cded	0xStack[0x20]	READ	1
0x0015cdf4	0x0015cdfb	CONDITIONAL_JUMP	0
0x0015cdfd	0xStack[-0x2c]	DATA	0
0x0015ce11	0xStack[0x4]	READ	1
0x0015ce1a	0xStack[0x10]	READ	0
0x0015ce1d	0x0015ce98	CONDITIONAL_JUMP	0
0x0015ce1f	0x001e89ec	READ	1
0x0015ce24	0xStack[0x4]	READ	1
0x0015ce30	0xStack[-0x14]	WRITE	0
0x0015ce33	0x0015ce98	CONDITIONAL_JUMP	0
0x0015ce35	0xStack[-0x14]	READ	0
0x0015ce39	0x0015ce44	CONDITIONAL_JUMP	0
0x0015ce3d	0x0015d0c8	UNCONDITIONAL_JUMP	0
0x0015ce44	0xStack[0x4]	READ	1
0x0015ce4a	0xStack[-0x8]	WRITE	0
0x0015ce4f	0xStack[-0x14]	READ	1
0x0015ce53	0xStack[-0x8]	DATA	0
0x0015ce5b	0xStack[0x18]	READ	1
0x0015ce5f	0x00174a90	UNCONDITIONAL_CALL	0
0x0015ce6b	0x0015ce78	CONDITIONAL_JUMP	0
0x0015ce72	0x0015d0c8	UNCONDITIONAL_JUMP	0
0x0015ce78	0x001e89ec	READ	1
0x0015ce7d	0xStack[0x4]	READ	1
0x0015ce8e	0xStack[0xc]	READ	1
0x0015ce91	0xStack[-0x18]	WRITE	0
0x0015ce96	0x0015cea4	CONDITIONAL_JUMP	0
0x0015ce9d	0x0015d0c8	UNCONDITIONAL_JUMP	0
0x0015cea6	0x0015d070	CONDITIONAL_JUMP	0
0x0015ceb2	0x0018f644	UNCONDITIONAL_CALL	0
0x0015cebb	0x001746a0	UNCONDITIONAL_CALL	0
0x0015cec0	0xStack[-0x20]	WRITE	0
0x0015cec3	0xStack[-0xc]	WRITE	0
0x0015ceca	0xStack[-0x18]	READ	1
0x0015cece	0xStack[0x8]	READ	1
0x0015ced5	0xStack[-0xc]	DATA	0
0x0015ced9	0xStack[-0x20]	READ	1
0x0015cedd	0x0017c4f4	UNCONDITIONAL_CALL	0
0x0015cee9	0x0015cefc	CONDITIONAL_JUMP	0
0x0015ceec	0x001747d8	UNCONDITIONAL_CALL	0
0x0015cef6	0x0015d0c8	UNCONDITIONAL_JUMP	0
0x0015cefc	0xStack[0x4]	READ	1
0x0015cf04	0x0015d03b	CONDITIONAL_JUMP	0
0x0015cf0a	0xStack[0x14]	READ	0
0x0015cf0e	0x0015cf1e	CONDITIONAL_JUMP	0
0x0015cf10	0xStack[-0x18]	READ	1
0x0015cf15	0xStack[0x14]	READ	0
0x0015cf18	0x0015d03b	CONDITIONAL_JUMP	0
0x0015cf1e	0x001e89ec	READ	1
0x0015cf27	0xStack[-0x1c]	WRITE	0
0x0015cf2a	0xStack[-0x10]	WRITE	0
0x0015cf33	0x001e0d0c	READ	1
0x0015cf3a	0xStack[-0x10]	DATA	0
0x0015cf42	0x001e8de8	READ	1
0x0015cf49	0x00174a90	UNCONDITIONAL_CALL	0
0x0015cf55	0x0015cf6c	CONDITIONAL_JUMP	0
0x0015cf57	0xStack[-0x20]	READ	1
0x0015cf5b	0x001747d8	UNCONDITIONAL_CALL	0
0x0015cf65	0x0015d0c8	UNCONDITIONAL_JUMP	0
0x0015cf70	0xStack[-0x1c]	READ	1
0x0015cf74	0x001e0d0c	READ	1
0x0015cf7b	0xStack[-0x10]	READ	1
0x0015cf7f	0xStack[-0x20]	READ	1
0x0015cf83	0x001e8de8	READ	1
0x0015cf8a	0x00176888	UNCONDITIONAL_CALL	0
0x0015cf96	0x0015cfc4	CONDITIONAL_JUMP	0
0x0015cf98	0x001e0d0c	READ	1
0x0015cf9f	0xStack[-0x10]	READ	1
0x0015cfa3	0x001e8de8	READ	1
0x0015cfaa	0x0017c620	UNCONDITIONAL_CALL	0
0x0015cfaf	0xStack[-0x20]	READ	1
0x0015cfb3	0x001747d8	UNCONDITIONAL_CALL	0
0x0015cfbd	0x0015d0c8	UNCONDITIONAL_JUMP	0
0x0015cfc4	0xStack[0x4]	READ	1
0x0015cfcf	0xStack[-0x1c]	READ	1
0x0015cfd2	0xStack[-0x10]	READ	1
0x0015cfd6	0x00101600	UNCONDITIONAL_CALL	0
0x0015cfdf	0xStack[-0x10]	READ	1
0x0015cfe3	0x001e0d0c	READ	1
0x0015cfea	0xStack[-0x1c]	READ	1
0x0015cfed	0xStack[-0x8]	READ	1
0x0015cff1	0x001e8de8	READ	1
0x0015cff8	0xStack[0x18]	READ	1
0x0015cffc	0x00176888	UNCONDITIONAL_CALL	0
0x0015d006	0x001e0d0c	READ	1
0x0015d00d	0xStack[-0x10]	READ	1
0x0015d011	0x001e8de8	READ	1
0x0015d018	0x0017c620	UNCONDITIONAL_CALL	0
0x0015d022	0x0015d038	CONDITIONAL_JUMP	0
0x0015d024	0xStack[-0x20]	READ	1
0x0015d028	0x001747d8	UNCONDITIONAL_CALL	0
0x0015d032	0x0015d0c8	UNCONDITIONAL_JUMP	0
0x0015d038	0xStack[-0x1c]	READ	1
0x0015d03f	0xStack[-0xc]	READ	1
0x0015d044	0xStack[-0x8]	READ	1
0x0015d048	0xStack[-0x20]	READ	1
0x0015d04c	0xStack[0x18]	READ	1
0x0015d050	0x00176888	UNCONDITIONAL_CALL	0
0x0015d057	0xStack[-0x20]	READ	1
0x0015d05b	0x001747d8	UNCONDITIONAL_CALL	0
0x0015d065	0x0015d070	CONDITIONAL_JUMP	0
0x0015d06c	0x0015d0c8	UNCONDITIONAL_JUMP	0
0x0015d070	0xStack[0x4]	READ	1
0x0015d079	0x0015d094	CONDITIONAL_JUMP	0
0x0015d07e	0xStack[-0x8]	READ	1
0x0015d081	0xStack[-0x14]	READ	1
0x0015d088	0xStack[0x18]	READ	1
0x0015d08c	0x001752f8	UNCONDITIONAL_CALL	0
0x0015d094	0xStack[0x4]	READ	1
0x0015d09d	0x0015d0b5	CONDITIONAL_JUMP	0
0x0015d0a2	0xStack[-0x8]	READ	1
0x0015d0a5	0xStack[-0x14]	READ	1
0x0015d0ac	0xStack[0x18]	READ	1
0x0015d0b0	0x001752f8	UNCONDITIONAL_CALL	0
0x0015d0b5	0xStack[0x4]	READ	1
0x0015d0bc	0x0015d0c6	CONDITIONAL_JUMP	0
0x0015d0be	0xStack[-0x8]	READ	1
0x0015d0c1	0xStack[0x1c]	READ	1
0x0015d0c8	0xStack[-0x2c]	DATA	0
0x0015d0da	0xStack[0x8]	READ	1
0x0015d0dd	0x001e8b54	READ	1
0x0015d0e7	0x0015d0f0	CONDITIONAL_JUMP	0
0x0015d0ee	0x0015d14c	UNCONDITIONAL_JUMP	0
0x0015d0f4	0xStack[0x4]	READ	1
0x0015d0fe	0xStack[0x4]	READ	1
0x0015d106	0x0015d270	UNCONDITIONAL_CALL	0
0x0015d110	0x0015d14c	CONDITIONAL_JUMP	0
0x0015d116	0xStack[0x4]	READ	1
0x0015d122	0x0015d2d4	UNCONDITIONAL_CALL	0
0x0015d12c	0x0015d14c	CONDITIONAL_JUMP	0
0x0015d12e	0xStack[0x4]	READ	1
0x0015d13a	0x0015d21c	UNCONDITIONAL_CALL	0
0x0015d141	0x0015d14c	CONDITIONAL_JUMP	0
0x0015d14c	0xStack[-0x10]	DATA	0
0x0015d161	0xStack[0x4]	READ	1
0x0015d164	0xStack[0x8]	READ	1
0x0015d16b	0x0015d178	CONDITIONAL_JUMP	0
0x0015d16d	0x001e8b54	READ	1
0x0015d173	0xStack[-0x8]	WRITE	0
0x0015d176	0x0015d1a4	UNCONDITIONAL_JUMP	0
0x0015d178	0xStack[-0x8]	DATA	0
0x0015d17c	0x001e8b54	READ	1
0x0015d185	0x00166c48	UNCONDITIONAL_CALL	0
0x0015d18f	0x0015d198	CONDITIONAL_JUMP	0
0x0015d196	0x0015d212	UNCONDITIONAL_JUMP	0
0x0015d198	0xStack[-0x8]	READ	1
0x0015d19c	0x00166ea0	UNCONDITIONAL_CALL	0
0x0015d1af	0xStack[-0x8]	READ	1
0x0015d1b3	0x0015d21c	UNCONDITIONAL_CALL	0
0x0015d1bd	0x0015d212	CONDITIONAL_JUMP	0
0x0015d1c3	0x0015d204	CONDITIONAL_JUMP	0
0x0015d1d1	0x001e8b54	READ	1
0x0015d1d8	0x0015d270	UNCONDITIONAL_CALL	0
0x0015d1e2	0x0015d212	CONDITIONAL_JUMP	0
0x0015d1f0	0x001e8b54	READ	1
0x0015d1f7	0x0015d2d4	UNCONDITIONAL_CALL	0
0x0015d1fe	0x0015d20d	CONDITIONAL_JUMP	0
0x0015d200	0x0015d212	UNCONDITIONAL_JUMP	0
0x0015d204	0xStack[-0x8]	READ	1
0x0015d208	0x00167d48	UNCONDITIONAL_CALL	0
0x0015d212	0xStack[-0x14]	DATA	0
0x0015d222	0xStack[0x8]	READ	1
0x0015d225	0xStack[0xc]	READ	1
0x0015d22a	0x0015d263	CONDITIONAL_JUMP	0
0x0015d242	0xStack[0x4]	READ	1
0x0015d246	0x0018e1dc	UNCONDITIONAL_CALL	0
0x0015d250	0x0015d25c	CONDITIONAL_JUMP	0
0x0015d257	0x0015d265	UNCONDITIONAL_JUMP	0
0x0015d261	0x0015d22c	CONDITIONAL_JUMP	0
0x0015d265	0xStack[-0x10]	DATA	0
0x0015d276	0xStack[0x8]	READ	1
0x0015d279	0xStack[0xc]	READ	1
0x0015d27c	0xStack[0x10]	READ	1
0x0015d287	0x0015d2c7	CONDITIONAL_JUMP	0
0x0015d29f	0xStack[0x10]	READ	1
0x0015d2a6	0xStack[0x4]	READ	1
0x0015d2aa	0x0018ea1c	UNCONDITIONAL_CALL	0
0x0015d2b4	0x0015d2c0	CONDITIONAL_JUMP	0
0x0015d2bb	0x0015d2c9	UNCONDITIONAL_JUMP	0
0x0015d2c5	0x0015d28c	CONDITIONAL_JUMP	0
0x0015d2c9	0xStack[-0x10]	DATA	0
0x0015d2da	0xStack[0x8]	READ	1
0x0015d2dd	0xStack[0xc]	READ	1
0x0015d2e0	0xStack[0x10]	READ	1
0x0015d2eb	0x0015d32b	CONDITIONAL_JUMP	0
0x0015d303	0xStack[0x10]	READ	1
0x0015d30a	0xStack[0x4]	READ	1
0x0015d30e	0x0018ea5c	UNCONDITIONAL_CALL	0
0x0015d318	0x0015d324	CONDITIONAL_JUMP	0
0x0015d31f	0x0015d32d	UNCONDITIONAL_JUMP	0
0x0015d329	0x0015d2f0	CONDITIONAL_JUMP	0
0x0015d32d	0xStack[-0x10]	DATA	0
0x0015d341	0xStack[0x4]	READ	1
0x0015d352	0x0015d3d8	CONDITIONAL_JUMP	0
0x0015d35d	0x0015d350	CONDITIONAL_JUMP	0
0x0015d35f	0xStack[-0x40]	DATA	0
0x0015d363	0xStack[-0x3c]	DATA	0
0x0015d367	0xStack[-0x38]	DATA	0
0x0015d36b	0xStack[-0x20]	DATA	0
0x0015d370	0x0015d57c	UNCONDITIONAL_CALL	0
0x0015d37c	0x0015d3dd	CONDITIONAL_JUMP	0
0x0015d37e	0xStack[-0x34]	DATA	0
0x0015d386	0x00101630	UNCONDITIONAL_CALL	0
0x0015d38e	0xStack[-0x34]	WRITE	0
0x0015d396	0xStack[-0x44]	DATA	0
0x0015d39a	0xStack[0xc]	READ	1
0x0015d39e	0xStack[-0x3c]	READ	1
0x0015d3a2	0xStack[-0x38]	READ	1
0x0015d3a7	0xStack[0x8]	READ	1
0x0015d3ab	0xStack[-0x40]	READ	1
0x0015d3af	0x0015cb1c	UNCONDITIONAL_CALL	0
0x0015d3bb	0x0015d3ca	CONDITIONAL_JUMP	0
0x0015d3c0	0xStack[-0x44]	READ	0
0x0015d3c3	0x0015d3ca	CONDITIONAL_JUMP	0
0x0015d3ca	0xStack[-0x40]	READ	1
0x0015d3ce	0x0011df54	UNCONDITIONAL_CALL	0
0x0015d3d5	0x0015d3dd	UNCONDITIONAL_JUMP	0
0x0015d3dd	0xStack[-0x50]	DATA	0
0x0015d3eb	0xStack[0x4]	READ	1
0x0015d3ee	0xStack[0x8]	READ	1
0x0015d405	0xStack[0x4]	READ	1
0x0015d416	0x0015d56c	CONDITIONAL_JUMP	0
0x0015d421	0x0015d414	CONDITIONAL_JUMP	0
0x0015d423	0xStack[-0x40]	DATA	0
0x0015d427	0xStack[-0x3c]	DATA	0
0x0015d42b	0xStack[-0x38]	DATA	0
0x0015d42f	0xStack[-0x20]	DATA	0
0x0015d434	0x0015d57c	UNCONDITIONAL_CALL	0
0x0015d440	0x0015d571	CONDITIONAL_JUMP	0
0x0015d448	0xStack[0x8]	READ	1
0x0015d44f	0xStack[0x8]	READ	1
0x0015d456	0xStack[-0x3c]	READ	1
0x0015d45a	0x0018f644	UNCONDITIONAL_CALL	0
0x0015d463	0x001746a0	UNCONDITIONAL_CALL	0
0x0015d468	0xStack[-0x48]	WRITE	0
0x0015d46b	0xStack[-0x34]	DATA	0
0x0015d473	0x00101630	UNCONDITIONAL_CALL	0
0x0015d47b	0xStack[-0x34]	WRITE	0
0x0015d485	0xStack[0xc]	READ	1
0x0015d489	0xStack[-0x3c]	READ	1
0x0015d48d	0xStack[-0x38]	READ	1
0x0015d492	0xStack[-0x48]	READ	1
0x0015d496	0xStack[-0x40]	READ	1
0x0015d49a	0x0015cb1c	UNCONDITIONAL_CALL	0
0x0015d4a6	0x0015d556	CONDITIONAL_JUMP	0
0x0015d4ac	0xStack[-0x48]	READ	1
0x0015d4b3	0x0015d540	CONDITIONAL_JUMP	0
0x0015d4bf	0xStack[-0x50]	WRITE	0
0x0015d4c8	0xStack[-0x50]	READ	1
0x0015d4cb	0xStack[-0x50]	READ	1
0x0015d4ce	0xStack[-0x44]	WRITE	0
0x0015d4d4	0xStack[-0x44]	DATA	0
0x0015d4d7	0xStack[-0x4c]	WRITE	0
0x0015d4df	0xStack[0x8]	READ	1
0x0015d4e3	0x00174a90	UNCONDITIONAL_CALL	0
0x0015d4ed	0x0015d507	CONDITIONAL_JUMP	0
0x0015d4f2	0xStack[-0x4c]	READ	1
0x0015d4fb	0x00174a90	UNCONDITIONAL_CALL	0
0x0015d505	0x0015d528	CONDITIONAL_JUMP	0
0x0015d50b	0xStack[-0x50]	READ	1
0x0015d510	0xStack[-0x44]	READ	1
0x0015d514	0xStack[-0x48]	READ	1
0x0015d518	0xStack[0x8]	READ	1
0x0015d51c	0x00176888	UNCONDITIONAL_CALL	0
0x0015d526	0x0015d52d	CONDITIONAL_JUMP	0
0x0015d52d	0xStack[-0x44]	READ	1
0x0015d530	0xStack[-0x50]	READ	0
0x0015d533	0x0015d545	CONDITIONAL_JUMP	0
0x0015d535	0xStack[-0x50]	READ	1
0x0015d538	0xStack[-0x30]	READ_WRITE	0
0x0015d53b	0x0015d545	UNCONDITIONAL_JUMP	0
0x0015d547	0x0015d556	CONDITIONAL_JUMP	0
0x0015d549	0xStack[0x10]	READ	1
0x0015d550	0xStack[-0x30]	READ	1
0x0015d556	0xStack[-0x48]	READ	1
0x0015d55a	0x001747d8	UNCONDITIONAL_CALL	0
0x0015d55f	0xStack[-0x40]	READ	1
0x0015d563	0x0011df54	UNCONDITIONAL_CALL	0
0x0015d56a	0x0015d571	UNCONDITIONAL_JUMP	0
0x0015d571	0xStack[-0x5c]	DATA	0
0x0015d585	0xStack[0x8]	READ	1
0x0015d588	0xStack[-0x38]	DATA	0
0x0015d592	0xStack[0x4]	READ	1
0x0015d596	0x0011c0f8	UNCONDITIONAL_CALL	0
0x0015d5a0	0x0015d5ac	CONDITIONAL_JUMP	0
0x0015d5a7	0x0015d6ab	UNCONDITIONAL_JUMP	0
0x0015d5ac	0xStack[-0x38]	READ	1
0x0015d5b0	0x001059c0	UNCONDITIONAL_CALL	0
0x0015d5ba	0x0015d5c8	CONDITIONAL_JUMP	0
0x0015d5c1	0x0015d69c	UNCONDITIONAL_JUMP	0
0x0015d5d2	0xStack[-0x34]	DATA	0
0x0015d5d6	0xStack[-0x38]	READ	1
0x0015d5dc	0x0011de7c	UNCONDITIONAL_CALL	0
0x0015d5e6	0x0015d63d	CONDITIONAL_JUMP	0
0x0015d5e8	0xStack[-0x34]	READ	1
0x0015d5f1	0x0015d670	CONDITIONAL_JUMP	0
0x0015d5f9	0x0015d606	CONDITIONAL_JUMP	0
0x0015d604	0x0015d64d	CONDITIONAL_JUMP	0
0x0015d606	0xStack[-0x18]	DATA	0
0x0015d60a	0xStack[-0x34]	DATA	0
0x0015d60e	0xStack[-0x38]	READ	1
0x0015d612	0x0015c948	UNCONDITIONAL_CALL	0
0x0015d61c	0x0015d69c	CONDITIONAL_JUMP	0
0x0015d624	0xStack[-0x10]	READ	1
0x0015d62b	0xStack[-0x38]	READ	1
0x0015d631	0x0011de7c	UNCONDITIONAL_CALL	0
0x0015d63b	0x0015d644	CONDITIONAL_JUMP	0
0x0015d642	0x0015d69c	UNCONDITIONAL_JUMP	0
0x0015d644	0xStack[-0x34]	READ	0
0x0015d64b	0x0015d654	CONDITIONAL_JUMP	0
0x0015d652	0x0015d69c	UNCONDITIONAL_JUMP	0
0x0015d65c	0xStack[-0x10]	READ	1
0x0015d65f	0xStack[0xc]	READ	1
0x0015d664	0xStack[-0xc]	READ	1
0x0015d667	0xStack[0x10]	READ	1
0x0015d66c	0x0015d68e	UNCONDITIONAL_JUMP	0
0x0015d678	0xStack[0xc]	READ	1
0x0015d681	0xStack[-0x38]	READ	1
0x0015d689	0xStack[0x10]	READ	1
0x0015d68e	0xStack[-0x38]	READ	1
0x0015d691	0xStack[0x14]	READ	1
0x0015d698	0x0015d6ab	UNCONDITIONAL_JUMP	0
0x0015d69c	0xStack[-0x38]	READ	1
0x0015d6a0	0xStack[-0x3c]	WRITE	0
0x0015d6a3	0x0011df54	UNCONDITIONAL_CALL	0
0x0015d6a8	0xStack[-0x3c]	READ	1
0x0015d6ab	0xStack[-0x48]	DATA	0
0x0015d6c1	0xStack[0x4]	READ	1
0x0015d6c7	0xStack[-0xc]	WRITE	0
0x0015d6ca	0x001e8758	READ	1
0x0015d6d7	0x0015d8c6	CONDITIONAL_JUMP	0
0x0015d6ea	0x0015d8c6	CONDITIONAL_JUMP	0
0x0015d6f3	0x0015d8c6	CONDITIONAL_JUMP	0
0x0015d700	0x0015d8c6	CONDITIONAL_JUMP	0
0x0015d70b	0x0015d8c6	CONDITIONAL_JUMP	0
0x0015d711	0xStack[-0x8]	WRITE	0
0x0015d718	0xStack[-0x8]	DATA	0
0x0015d71b	0xStack[-0x10]	WRITE	0
0x0015d721	0xStack[-0x14]	WRITE	0
0x0015d726	0x0015d86c	CONDITIONAL_JUMP	0
0x0015d72c	0x0018b970	UNCONDITIONAL_CALL	0
0x0015d733	0x001e93d4	READ	1
0x0015d73b	0x0015d77c	CONDITIONAL_JUMP	0
0x0015d742	0x0015d751	CONDITIONAL_JUMP	0
0x0015d744	0x001def24	DATA	0
0x0015d749	0x0010ca6c	UNCONDITIONAL_CALL	0
0x0015d757	0x001e917c	READ_WRITE	0
0x0015d75e	0x001e917e	READ_WRITE	0
0x0015d767	0x001e93d4	WRITE	0
0x0015d77a	0x0015d78a	UNCONDITIONAL_JUMP	0
0x0015d780	0x00113f6c	UNCONDITIONAL_CALL	0
0x0015d78b	0x0018b544	UNCONDITIONAL_CALL	0
0x0015d795	0x0015d898	CONDITIONAL_JUMP	0
0x0015d79b	0x001e0d0c	READ	1
0x0015d7a4	0x0015d834	CONDITIONAL_JUMP	0
0x0015d7aa	0x0018b970	UNCONDITIONAL_CALL	0
0x0015d7af	0xStack[-0x18]	WRITE	0
0x0015d7b2	0x001e91c0	READ	0
0x0015d7b9	0x0015d7c9	CONDITIONAL_JUMP	0
0x0015d7c1	0x00113bd0	UNCONDITIONAL_CALL	0
0x0015d7c9	0x001e91c0	READ	1
0x0015d7d1	0x0015d7f2	CONDITIONAL_JUMP	0
0x0015d7d5	0x001e91bc	READ	1
0x0015d7de	0x001e91d0	DATA	0
0x0015d7e4	0x001e916c	READ_WRITE	0
0x0015d7ec	0x001e91c0	WRITE	0
0x0015d7f2	0xStack[-0x18]	READ	1
0x0015d7f6	0x0018b544	UNCONDITIONAL_CALL	0
0x0015d800	0x0015d818	CONDITIONAL_JUMP	0
0x0015d813	0x0015d81e	UNCONDITIONAL_JUMP	0
0x0015d822	0x001e0d0c	READ	0
0x0015d828	0x0015d834	CONDITIONAL_JUMP	0
0x0015d82e	0x0015d840	CONDITIONAL_JUMP	0
0x0015d830	0x0015d83e	UNCONDITIONAL_JUMP	0
0x0015d83c	0x0015d840	CONDITIONAL_JUMP	0
0x0015d84b	0xStack[-0x14]	READ	1
0x0015d84f	0x001013cc	UNCONDITIONAL_CALL	0
0x0015d854	0xStack[-0x14]	READ_WRITE	0
0x0015d859	0xStack[-0x10]	READ	1
0x0015d85c	0xStack[-0x8]	DATA	0
0x0015d85e	0xStack[-0x10]	WRITE	0
0x0015d866	0x0015d72c	CONDITIONAL_JUMP	0
0x0015d86c	0xStack[-0xc]	READ	1
0x0015d872	0x001def18	READ	0
0x0015d878	0x0015d8b4	CONDITIONAL_JUMP	0
0x0015d87a	0x001def10	READ	1
0x0015d881	0x0015d8aa	CONDITIONAL_JUMP	0
0x0015d88b	0x0015d8a4	CONDITIONAL_JUMP	0
0x0015d88e	0x00121ba0	UNCONDITIONAL_CALL	0
0x0015d896	0x0015d8aa	UNCONDITIONAL_JUMP	0
0x0015d898	0xStack[-0x8]	READ	1
0x0015d89c	0x001140e0	UNCONDITIONAL_CALL	0
0x0015d8a1	0x0015d8c6	UNCONDITIONAL_JUMP	0
0x0015d8aa	0x001def10	WRITE	0
0x0015d8b6	0x001def10	DATA	0
0x0015d8bd	0xStack[-0x8]	READ	1
0x0015d8c1	0x00127280	UNCONDITIONAL_CALL	0
0x0015d8c6	0xStack[-0x24]	DATA	0
0x0015d8d3	0xStack[0x4]	READ	1
0x0015d8dd	0x0015d8f0	CONDITIONAL_JUMP	0
0x0015d8e0	0x0015d6b8	UNCONDITIONAL_CALL	0
0x0015d901	0xStack[0x10]	READ	1
0x0015d905	0xStack[0x14]	READ	1
0x0015d909	0xStack[0x18]	READ	1
0x0015d90c	0xStack[-0x8]	WRITE	0
0x0015d90f	0x001e8758	READ	1
0x0015d91c	0x0015d928	CONDITIONAL_JUMP	0
0x0015d923	0x0015d9b5	UNCONDITIONAL_JUMP	0
0x0015d928	0xStack[0x1c]	READ	0
0x0015d92c	0x0015d938	CONDITIONAL_JUMP	0
0x0015d933	0x0015d9b5	UNCONDITIONAL_JUMP	0
0x0015d938	0x001f63fc	READ	1
0x0015d93f	0x0016b790	UNCONDITIONAL_CALL	0
0x0015d946	0xStack[0x8]	READ	1
0x0015d950	0xStack[0xc]	READ	1
0x0015d95a	0xStack[0x1c]	READ	1
0x0015d961	0x0014b844	UNCONDITIONAL_CALL	0
0x0015d966	0xStack[-0x8]	READ	1
0x0015d96c	0x001f6400	DATA	1
0x0015d973	0x0018b958	UNCONDITIONAL_CALL	0
0x0015d980	0x001f6400	DATA	1
0x0015d984	0x0015d982	CONDITIONAL_JUMP	0
0x0015d98b	0x001f6400	DATA	1
0x0015d992	0x0015d980	CONDITIONAL_JUMP	0
0x0015d994	0x001f6404	DATA	1
0x0015d999	0x001f6404	DATA	1
0x0015d99e	0x001f6400	DATA	1
0x0015d9a1	0x0018b544	UNCONDITIONAL_CALL	0
0x0015d9aa	0xStack[0x1c]	READ	1
0x0015d9ae	0x0015839c	UNCONDITIONAL_CALL	0
0x0015d9b5	0xStack[-0x14]	DATA	0
0x0015d9c9	0xStack[-0xc]	WRITE	0
0x0015d9d0	0xStack[0x8]	READ	0
0x0015d9d4	0x0015d9e0	CONDITIONAL_JUMP	0
0x0015d9db	0x0015dab2	UNCONDITIONAL_JUMP	0
0x0015d9e0	0x001f6400	DATA	1
0x0015d9e0	0xStack[-0x8]	WRITE	0
0x0015d9e7	0x001f6480	DATA	1
0x0015d9e7	0xStack[-0x8]	READ	0
0x0015d9ee	0x0015daaf	CONDITIONAL_JUMP	0
0x0015d9f4	0x001f6404	DATA	1
0x0015d9fc	0x0018b958	UNCONDITIONAL_CALL	0
0x0015da01	0xStack[-0x10]	WRITE	0
0x0015da04	0xStack[-0x8]	READ	1
0x0015da07	0x001f6400	READ	1
0x0015da07	0x001f6408	READ	1
0x0015da0b	0x0015da09	CONDITIONAL_JUMP	0
0x0015da12	0xStack[-0x8]	READ	1
0x0015da15	0x001f6400	READ_WRITE	0
0x0015da15	0x001f6408	READ_WRITE	0
0x0015da1c	0x0015da04	CONDITIONAL_JUMP	0
0x0015da1e	0x001f6404	READ	1
0x0015da1e	0x001f640c	READ	1
0x0015da24	0x0015da88	CONDITIONAL_JUMP	0
0x0015da28	0xStack[0x8]	READ	1
0x0015da2e	0x0015da80	CONDITIONAL_JUMP	0
0x0015da30	0xStack[-0xc]	WRITE	0
0x0015da37	0x001f6404	READ	0
0x0015da39	0x0015da5c	CONDITIONAL_JUMP	0
0x0015da3d	0x001f6404	WRITE	0
0x0015da40	0x001f63fc	READ	1
0x0015da47	0x0016b84c	UNCONDITIONAL_CALL	0
0x0015da4c	0x001f6404	READ	1
0x0015da55	0x0015da88	CONDITIONAL_JUMP	0
0x0015da57	0x0015da72	UNCONDITIONAL_JUMP	0
0x0015da61	0x001f63fc	READ	1
0x0015da68	0x0016b84c	UNCONDITIONAL_CALL	0
0x0015da72	0xStack[0x8]	READ	1
0x0015da76	0x0014b86c	UNCONDITIONAL_CALL	0
0x0015da7e	0x0015da82	UNCONDITIONAL_JUMP	0
0x0015da86	0x0015da28	CONDITIONAL_JUMP	0
0x0015da8a	0xStack[-0x8]	READ	1
0x0015da8d	0x001f6400	READ_WRITE	0
0x0015da8d	0x001f6408	READ_WRITE	0
0x0015da8f	0xStack[-0x10]	READ	1
0x0015da93	0x0018b544	UNCONDITIONAL_CALL	0
0x0015da9e	0x001f6408	DATA	1
0x0015da9e	0xStack[-0x8]	READ_WRITE	0
0x0015daa2	0x001f6480	DATA	1
0x0015daa2	0xStack[-0x8]	READ	0
0x0015daa9	0x0015d9fc	CONDITIONAL_JUMP	0
0x0015daaf	0xStack[-0xc]	READ	1
0x0015dab2	0xStack[-0x1c]	DATA	0
0x0015dac5	0xStack[0x8]	READ	1
0x0015dac9	0xStack[0x10]	READ	1
0x0015dacd	0xStack[-0x8]	WRITE	0
0x0015dad1	0xStack[0x14]	READ	1
0x0015dad7	0x001f6400	DATA	1
0x0015dade	0x001f6404	DATA	1
0x0015dae5	0x0015db3c	CONDITIONAL_JUMP	0
0x0015daef	0x0015daf7	CONDITIONAL_JUMP	0
0x0015daf1	0xStack[-0x8]	READ	0
0x0015daf5	0x0015db34	CONDITIONAL_JUMP	0
0x0015dafe	0x0015db05	CONDITIONAL_JUMP	0
0x0015db03	0x0015db34	CONDITIONAL_JUMP	0
0x0015db0a	0x0015db11	CONDITIONAL_JUMP	0
0x0015db0c	0xStack[0x4]	READ	0
0x0015db0f	0x0015db34	CONDITIONAL_JUMP	0
0x0015db16	0x0015db1d	CONDITIONAL_JUMP	0
0x0015db18	0xStack[0xc]	READ	0
0x0015db1b	0x0015db34	CONDITIONAL_JUMP	0
0x0015db1d	0x001f6404	DATA	1
0x0015db20	0x0015db2e	CONDITIONAL_JUMP	0
0x0015db26	0x001f6404	DATA	1
0x0015db2b	0x001f6404	DATA	1
0x0015db31	0x0015db3e	UNCONDITIONAL_JUMP	0
0x0015db3a	0x0015dae8	CONDITIONAL_JUMP	0
0x0015db3e	0xStack[-0x14]	DATA	0
0x0015db4e	0x001def29	DATA	0
0x0015db5e	0x0016a490	UNCONDITIONAL_CALL	0
0x0015db63	0x001f63fc	WRITE	0
0x0015db68	0x001e5bac	WRITE	0
0x0015db72	0x001e5bb0	WRITE	0
0x0015db7c	0x001e5bb4	WRITE	0
0x0015db86	0x001e5bb8	WRITE	0
0x0015db90	0x001e5bc0	WRITE	0
0x0015db9a	0x001f6400	DATA	1
0x0015dba2	0x001f6480	DATA	1
0x0015dba7	0x0015dbbc	CONDITIONAL_JUMP	0
0x0015dbac	0x001f6400	WRITE	0
0x0015dbac	0x001f6408	WRITE	0
0x0015dbb5	0x001f6480	DATA	1
0x0015dbba	0x0015dbac	CONDITIONAL_JUMP	0
0x0015dbbc	0x001def3b	DATA	0
0x0015dbd2	0x0016a490	UNCONDITIONAL_CALL	0
0x0015dbd7	0x001f6480	WRITE	0
0x0015dbe5	0x0016b90c	UNCONDITIONAL_CALL	0
0x0015dbf2	0xStack[-0x8]	DATA	0
0x0015dbf6	0x001e8de8	READ	1
0x0015dbfd	0x00173d1c	UNCONDITIONAL_CALL	0
0x0015dc07	0xStack[-0x8]	READ	1
0x0015dc0b	0x001f6480	READ	1
0x0015dc12	0x0016a5dc	UNCONDITIONAL_CALL	0
0x0015dc1f	0xStack[0x4]	READ	1
0x0015dc23	0x001f6480	READ	1
0x0015dc29	0x0016b84c	UNCONDITIONAL_CALL	0
0x0015dc3d	0xStack[0x4]	READ	1
0x0015dc47	0xStack[-0x24]	WRITE	0
0x0015dc52	0x0015dc65	CONDITIONAL_JUMP	0
0x0015dc57	0xStack[-0x20]	WRITE	0
0x0015dc5a	0x00126e1c	UNCONDITIONAL_CALL	0
0x0015dc62	0xStack[-0x20]	READ	1
0x0015dc69	0x0015dc72	CONDITIONAL_JUMP	0
0x0015dc70	0x0015dc98	CONDITIONAL_JUMP	0
0x0015dc75	0x001145a4	UNCONDITIONAL_CALL	0
0x0015dc83	0x0015dc90	CONDITIONAL_JUMP	0
0x0015dc8a	0x0015de5e	UNCONDITIONAL_JUMP	0
0x0015dc95	0xStack[-0x24]	WRITE	0
0x0015dc98	0xStack[-0x24]	READ	1
0x0015dc9e	0xStack[-0x10]	WRITE	0
0x0015dca1	0xStack[-0x24]	READ	1
0x0015dca8	0xStack[-0x14]	WRITE	0
0x0015dcac	0xStack[-0x24]	READ	1
0x0015dcb2	0xStack[-0x18]	WRITE	0
0x0015dcb5	0xStack[-0x24]	READ	1
0x0015dcbc	0xStack[-0x1c]	WRITE	0
0x0015dcc0	0xStack[-0x24]	READ	1
0x0015dcc9	0x001f6400	DATA	1
0x0015dcd0	0x001f6404	DATA	1
0x0015dcd3	0xStack[-0x28]	WRITE	0
0x0015dcd8	0x0015dd39	CONDITIONAL_JUMP	0
0x0015dce3	0x0015dceb	CONDITIONAL_JUMP	0
0x0015dce5	0xStack[-0x1c]	READ	0
0x0015dce9	0x0015dd30	CONDITIONAL_JUMP	0
0x0015dcf2	0x0015dcfa	CONDITIONAL_JUMP	0
0x0015dcf4	0xStack[-0x14]	READ	0
0x0015dcf8	0x0015dd30	CONDITIONAL_JUMP	0
0x0015dcff	0x0015dd06	CONDITIONAL_JUMP	0
0x0015dd01	0xStack[-0x10]	READ	0
0x0015dd04	0x0015dd30	CONDITIONAL_JUMP	0
0x0015dd0b	0x0015dd12	CONDITIONAL_JUMP	0
0x0015dd0d	0xStack[-0x18]	READ	0
0x0015dd10	0x0015dd30	CONDITIONAL_JUMP	0
0x0015dd12	0x001f6404	DATA	1
0x0015dd15	0x0015dd26	CONDITIONAL_JUMP	0
0x0015dd19	0xStack[-0x28]	READ	1
0x0015dd1e	0x001f6404	DATA	1
0x0015dd23	0x001f6404	DATA	1
0x0015dd29	0xStack[-0x8]	WRITE	0
0x0015dd2c	0x0015dd40	UNCONDITIONAL_JUMP	0
0x0015dd30	0xStack[-0x28]	WRITE	0
0x0015dd37	0x0015dcdc	CONDITIONAL_JUMP	0
0x0015dd39	0xStack[-0x8]	WRITE	0
0x0015dd40	0xStack[-0x8]	READ	0
0x0015dd44	0x0015dd50	CONDITIONAL_JUMP	0
0x0015dd48	0x0015de5e	UNCONDITIONAL_JUMP	0
0x0015dd50	0xStack[-0x20]	WRITE	0
0x0015dd53	0x0018b60c	UNCONDITIONAL_CALL	0
0x0015dd58	0x001f6480	READ	1
0x0015dd5f	0x0016b7b8	UNCONDITIONAL_CALL	0
0x0015dd64	0xStack[-0x28]	WRITE	0
0x0015dd6a	0xStack[-0x20]	READ	1
0x0015dd6f	0x0015dd7c	CONDITIONAL_JUMP	0
0x0015dd72	0x001140e0	UNCONDITIONAL_CALL	0
0x0015dd77	0x0015de54	UNCONDITIONAL_JUMP	0
0x0015dd7c	0xStack[-0x28]	READ	1
0x0015dd94	0xStack[-0x24]	READ	1
0x0015ddaa	0xStack[-0x24]	WRITE	0
0x0015ddb4	0xStack[-0xc]	WRITE	0
0x0015ddb9	0x0015ddfb	CONDITIONAL_JUMP	0
0x0015ddbc	0xStack[-0x24]	READ	0
0x0015ddc0	0x0015ddfb	CONDITIONAL_JUMP	0
0x0015ddc6	0xStack[-0x24]	READ	0
0x0015ddc9	0x0015ddce	CONDITIONAL_JUMP	0
0x0015ddcb	0xStack[-0x24]	READ	1
0x0015ddcf	0xStack[-0xc]	READ	1
0x0015ddd9	0xStack[-0x20]	WRITE	0
0x0015dddc	0x001013cc	UNCONDITIONAL_CALL	0
0x0015dde3	0xStack[-0xc]	WRITE	0
0x0015dde6	0xStack[-0x24]	READ_WRITE	0
0x0015dde9	0xStack[-0x20]	READ	1
0x0015dded	0x00113ed0	UNCONDITIONAL_CALL	0
0x0015ddf9	0x0015ddbc	CONDITIONAL_JUMP	0
0x0015ddfb	0xStack[-0x24]	READ	1
0x0015ddfe	0xStack[-0x28]	READ	1
0x0015de07	0xStack[-0x24]	WRITE	0
0x0015de0a	0xStack[-0x28]	READ	1
0x0015de13	0xStack[-0x28]	READ	1
0x0015de19	0x001e5bac	DATA	1
0x0015de28	0x001e5bac	READ	1
0x0015de28	0x001e5bb0	READ	1
0x0015de2a	0xStack[-0x24]	READ	1
0x0015de2d	0xStack[-0x28]	READ	1
0x0015de33	0xStack[-0x8]	READ	1
0x0015de3a	0x0014b844	UNCONDITIONAL_CALL	0
0x0015de4c	0x0014a764	UNCONDITIONAL_CALL	0
0x0015de54	0x0018b958	UNCONDITIONAL_CALL	0
0x0015de5e	0xStack[-0x34]	DATA	0
0x0015de6d	0xStack[0x8]	READ	1
0x0015de70	0x001f6340	DATA	1
0x0015de7b	0x001f6340	READ	1
0x0015de7b	0x001f6344	READ	1
0x0015de7f	0xStack[-0xc]	DATA	0
0x0015de8d	0xStack[0x8]	READ	1
0x0015de92	0x0015de96	CONDITIONAL_JUMP	0
0x0015de94	0x0015dea0	CONDITIONAL_JUMP	0
0x0015de9b	0x0015deb6	UNCONDITIONAL_JUMP	0
0x0015dea3	0xStack[0xc]	READ	1
0x0015dea6	0x001e8e00	DATA	1
0x0015deb2	0x001e8e00	DATA	1
0x0015deb2	0x001e8e04	DATA	1
0x0015deb6	0xStack[-0xc]	DATA	0
0x0015ded2	0xStack[0x4]	READ	1
0x0015ded5	0x001e9050	DATA	1
0x0015dedc	0x001e9768	READ	1
0x0015dee3	0x0015dee1	CONDITIONAL_JUMP	0
0x0015deea	0x001e9768	READ_WRITE	0
0x0015def5	0x0015dedc	CONDITIONAL_JUMP	0
0x0015def7	0x0018be68	UNCONDITIONAL_CALL	0
0x0015df08	0x0015df06	CONDITIONAL_JUMP	0
0x0015df16	0x0015df04	CONDITIONAL_JUMP	0
0x0015df1d	0x001e8e0c	DATA	0
0x0015df27	0x001f634c	READ_WRITE	0
0x0015df2e	0x001e9610	DATA	0
0x0015df33	0x001614a4	UNCONDITIONAL_CALL	0
0x0015df4e	0x0018b544	UNCONDITIONAL_CALL	0
0x0015df55	0x001e9768	READ_WRITE	0
0x0015df5b	0xStack[-0x10]	DATA	0
0x0015df6d	0xStack[0x4]	READ	1
0x0015df70	0x0018be68	UNCONDITIONAL_CALL	0
0x0015df77	0x001e9050	DATA	1
0x0015df88	0x0015df86	CONDITIONAL_JUMP	0
0x0015df96	0x0015df84	CONDITIONAL_JUMP	0
0x0015df9d	0x001e8e0c	DATA	0
0x0015dfa7	0x001f634c	READ_WRITE	0
0x0015dfca	0x0018b544	UNCONDITIONAL_CALL	0
0x0015dfcf	0xStack[-0xc]	DATA	0
0x0015dfea	0x001f64d4	WRITE	0
0x0015dfea	0x001f64d0	DATA	1
0x0015dff4	0x001f64d0	WRITE	0
0x0015dff4	0x001f64d0	WRITE	1
0x0015dffe	0x001f64cc	WRITE	0
0x0015e00a	0x001f6490	DATA	0
0x0015e00f	0x0015b54c	UNCONDITIONAL_CALL	0
0x0015e014	0x001f649c	WRITE	0
0x0015e020	0x001def58	READ	1
0x0015e027	0xStack[-0xc]	DATA	0
0x0015e02b	0xStack[-0x8]	DATA	0
0x0015e02f	0x001e8de8	READ	1
0x0015e036	0x00173fbc	UNCONDITIONAL_CALL	0
0x0015e03b	0x001f64a0	WRITE	0
0x0015e040	0x001f6350	READ	1
0x0015e046	0x001def58	WRITE	0
0x0015e055	0x0015e061	CONDITIONAL_JUMP	0
0x0015e057	0x001def58	WRITE	0
0x0015e061	0x001def5c	READ	0
0x0015e068	0x0015e07d	CONDITIONAL_JUMP	0
0x0015e06a	0x001def58	READ	1
0x0015e078	0x001def5c	WRITE	0
0x0015e07d	0x001def5c	READ	0
0x0015e087	0x0015e093	CONDITIONAL_JUMP	0
0x0015e089	0x001def5c	WRITE	0
0x0015e093	0x001def68	DATA	0
0x0015e0a6	0x0016a490	UNCONDITIONAL_CALL	0
0x0015e0ab	0x001e90cc	WRITE	0
0x0015e0b9	0xStack[0x4]	READ	1
0x0015e0c0	0x0015e0d3	CONDITIONAL_JUMP	0
0x0015e0c2	0x001e90cc	READ	1
0x0015e0c9	0x0016b790	UNCONDITIONAL_CALL	0
0x0015e11f	0x0015b54c	UNCONDITIONAL_CALL	0
0x0015e12d	0xStack[-0xc]	DATA	0
0x0015e13b	0xStack[0x4]	READ	1
0x0015e13e	0x001f64d4	READ	1
0x0015e143	0x001f64d0	DATA	1
0x0015e148	0x0015e154	CONDITIONAL_JUMP	0
0x0015e14a	0x001f64d0	WRITE	0
0x0015e150	0x0015e157	UNCONDITIONAL_JUMP	0
0x0015e15a	0x001f64d0	DATA	1
0x0015e161	0x001f64d4	WRITE	0
0x0015e16b	0x001def64	READ_WRITE	0
0x0015e171	0x001def50	READ_WRITE	0
0x0015e17f	0xStack[0x4]	READ	1
0x0015e188	0x001f64d0	DATA	1
0x0015e18e	0x0015e198	CONDITIONAL_JUMP	0
0x0015e190	0x001f64d4	WRITE	0
0x0015e195	0x0015e19b	UNCONDITIONAL_JUMP	0
0x0015e19b	0x001f64d0	DATA	1
0x0015e1a0	0x0015e1ac	CONDITIONAL_JUMP	0
0x0015e1a2	0x001f64d0	WRITE	0
0x0015e1a8	0x0015e1af	UNCONDITIONAL_JUMP	0
0x0015e1b3	0x001def64	READ_WRITE	0
0x0015e1b9	0x001def50	READ_WRITE	0
0x0015e1ca	0xStack[0x4]	READ	1
0x0015e1da	0x0015e2a1	CONDITIONAL_JUMP	0
0x0015e1e4	0x0015e2a1	CONDITIONAL_JUMP	0
0x0015e1eb	0x0015e9b8	UNCONDITIONAL_CALL	0
0x0015e1f5	0x0017d1e4	UNCONDITIONAL_CALL	0
0x0015e1fe	0x001f64c0	DATA	0
0x0015e203	0x0015b5d0	UNCONDITIONAL_CALL	0
0x0015e209	0x00179630	UNCONDITIONAL_CALL	0
0x0015e211	0x001f651c	READ_WRITE	0
0x0015e21e	0x0015e244	CONDITIONAL_JUMP	0
0x0015e222	0x00178b80	UNCONDITIONAL_CALL	0
0x0015e22c	0x001796ec	UNCONDITIONAL_CALL	0
0x0015e23a	0x001795f8	UNCONDITIONAL_CALL	0
0x0015e242	0x0015e24a	UNCONDITIONAL_JUMP	0
0x0015e244	0x001f6520	READ_WRITE	0
0x0015e24a	0x001f64c0	DATA	0
0x0015e24f	0x0015b73c	UNCONDITIONAL_CALL	0
0x0015e25c	0x0015efb4	UNCONDITIONAL_CALL	0
0x0015e285	0x0015e29b	CONDITIONAL_JUMP	0
0x0015e287	0x001def5c	READ	0
0x0015e28d	0x0015e29b	CONDITIONAL_JUMP	0
0x0015e293	0x0015e380	UNCONDITIONAL_CALL	0
0x0015e29c	0x0015ea38	UNCONDITIONAL_CALL	0
0x0015e2a1	0xStack[-0x10]	DATA	0
0x0015e2b5	0xStack[0x4]	READ	1
0x0015e2be	0x0015e373	CONDITIONAL_JUMP	0
0x0015e2d7	0x0015e373	CONDITIONAL_JUMP	0
0x0015e2e4	0xStack[-0x8]	DATA	0
0x0015e2fd	0xStack[-0x8]	READ	0
0x0015e301	0x0015e310	CONDITIONAL_JUMP	0
0x0015e306	0x0015eb0c	UNCONDITIONAL_CALL	0
0x0015e30b	0x0015e373	UNCONDITIONAL_JUMP	0
0x0015e313	0x001def78	READ	0
0x0015e31a	0x0015e322	CONDITIONAL_JUMP	0
0x0015e320	0x0015e335	CONDITIONAL_JUMP	0
0x0015e327	0x0015e9b8	UNCONDITIONAL_CALL	0
0x0015e32d	0x0015fc58	UNCONDITIONAL_CALL	0
0x0015e33c	0x0015e33a	CONDITIONAL_JUMP	0
0x0015e34a	0x0015e338	CONDITIONAL_JUMP	0
0x0015e34d	0x00179084	UNCONDITIONAL_CALL	0
0x0015e35a	0x001def78	READ	0
0x0015e361	0x0015e369	CONDITIONAL_JUMP	0
0x0015e367	0x0015e373	CONDITIONAL_JUMP	0
0x0015e36a	0x0015ea38	UNCONDITIONAL_CALL	0
0x0015e373	0xStack[-0x14]	DATA	0
0x0015e389	0xStack[0x4]	READ	1
0x0015e38c	0xStack[0x8]	READ	1
0x0015e396	0x0015e3aa	CONDITIONAL_JUMP	0
0x0015e3a2	0x0015ef18	UNCONDITIONAL_CALL	0
0x0015e3aa	0x001e89ec	READ	1
0x0015e3b3	0xStack[-0x10]	WRITE	0
0x0015e3b8	0xStack[-0xc]	WRITE	0
0x0015e3bb	0xStack[0xc]	READ	1
0x0015e3c2	0xStack[-0x10]	READ	1
0x0015e3c7	0xStack[0xc]	WRITE	0
0x0015e3d0	0x0015e3dc	CONDITIONAL_JUMP	0
0x0015e3d2	0xStack[0xc]	WRITE	0
0x0015e3dc	0x001f64a0	READ	1
0x0015e3e4	0xStack[-0x8]	WRITE	0
0x0015e3e7	0x001f6490	DATA	0
0x0015e3ec	0x0015b5d0	UNCONDITIONAL_CALL	0
0x0015e3f1	0xStack[-0xc]	READ	1
0x0015e3fa	0xStack[0xc]	READ	1
0x0015e3fe	0xStack[-0x8]	DATA	0
0x0015e402	0x001f64a0	READ	1
0x0015e409	0x0017c4f4	UNCONDITIONAL_CALL	0
0x0015e416	0x0015e4e0	CONDITIONAL_JUMP	0
0x0015e41c	0x001f64cc	READ	1
0x0015e423	0x0015e421	CONDITIONAL_JUMP	0
0x0015e42a	0x001f64cc	READ_WRITE	0
0x0015e435	0x0015e41c	CONDITIONAL_JUMP	0
0x0015e439	0x001f64d0	READ	1
0x0015e43e	0x001f64d0	DATA	1
0x0015e443	0x0015e479	CONDITIONAL_JUMP	0
0x0015e44d	0x001f64d0	DATA	1
0x0015e453	0x0015e45c	CONDITIONAL_JUMP	0
0x0015e455	0x001f64d4	WRITE	0
0x0015e45a	0x0015e45f	UNCONDITIONAL_JUMP	0
0x0015e45f	0x001f64d0	DATA	1
0x0015e464	0x0015e49c	CONDITIONAL_JUMP	0
0x0015e46d	0x001def64	READ_WRITE	0
0x0015e473	0x001def50	READ_WRITE	0
0x0015e47b	0x001f64cc	READ_WRITE	0
0x0015e483	0x0015e4a4	CONDITIONAL_JUMP	0
0x0015e485	0x001f6490	DATA	0
0x0015e48a	0x0015b73c	UNCONDITIONAL_CALL	0
0x0015e492	0x0015eb0c	UNCONDITIONAL_CALL	0
0x0015e497	0x0015e4cf	UNCONDITIONAL_JUMP	0
0x0015e49c	0x001f64d0	WRITE	0
0x0015e4a2	0x0015e469	UNCONDITIONAL_JUMP	0
0x0015e4a4	0x001f649c	WRITE	0
0x0015e4b0	0x001f64a0	DATA	0
0x0015e4b5	0x00162f20	UNCONDITIONAL_CALL	0
0x0015e4ba	0x001def54	READ_WRITE	0
0x0015e4c0	0x001f6490	DATA	0
0x0015e4c5	0x0015b73c	UNCONDITIONAL_CALL	0
0x0015e4ca	0x00165328	UNCONDITIONAL_CALL	0
0x0015e4cf	0x001f6490	DATA	0
0x0015e4d4	0x0015b5d0	UNCONDITIONAL_CALL	0
0x0015e4dc	0x0015e4fc	UNCONDITIONAL_JUMP	0
0x0015e4e2	0x0015e4fc	CONDITIONAL_JUMP	0
0x0015e4e5	0x001def7c	DATA	0
0x0015e4ea	0x0010c0d8	UNCONDITIONAL_CALL	0
0x0015e4ef	0x001defa5	DATA	0
0x0015e4f4	0x0010ca6c	UNCONDITIONAL_CALL	0
0x0015e4fc	0x001f6490	DATA	0
0x0015e501	0x0015b73c	UNCONDITIONAL_CALL	0
0x0015e50b	0x0015e3dc	CONDITIONAL_JUMP	0
0x0015e511	0xStack[-0x8]	READ	1
0x0015e517	0xStack[0xc]	READ	1
0x0015e51d	0xStack[-0xc]	READ	1
0x0015e528	0xStack[-0x1c]	DATA	0
0x0015e53d	0xStack[0x4]	READ	1
0x0015e546	0x0015e558	CONDITIONAL_JUMP	0
0x0015e548	0xStack[0x8]	READ	1
0x0015e550	0x0015e7c4	UNCONDITIONAL_JUMP	0
0x0015e559	0x0015e9b8	UNCONDITIONAL_CALL	0
0x0015e55e	0x001e89ec	READ	1
0x0015e563	0xStack[0x8]	READ	1
0x0015e574	0xStack[-0x20]	WRITE	0
0x0015e57d	0x0015e586	CONDITIONAL_JUMP	0
0x0015e583	0xStack[-0x20]	WRITE	0
0x0015e589	0xStack[-0x20]	READ	0
0x0015e58c	0x0015e5a9	CONDITIONAL_JUMP	0
0x0015e596	0xStack[-0x20]	READ	1
0x0015e59b	0x0015ef18	UNCONDITIONAL_CALL	0
0x0015e5a0	0xStack[-0x20]	READ	1
0x0015e5ae	0x0015e5c0	CONDITIONAL_JUMP	0
0x0015e5b4	0xStack[0x4]	READ	1
0x0015e5b8	0x0015fa1c	UNCONDITIONAL_CALL	0
0x0015e5c0	0xStack[0x8]	READ	1
0x0015e5c8	0x0015e7b9	CONDITIONAL_JUMP	0
0x0015e5d0	0xStack[-0xc]	WRITE	0
0x0015e5d8	0x0015e5ea	CONDITIONAL_JUMP	0
0x0015e5da	0xStack[0x8]	READ	1
0x0015e5e4	0x0015e791	CONDITIONAL_JUMP	0
0x0015e5ea	0xStack[0x4]	READ	1
0x0015e5ef	0xStack[-0x14]	WRITE	0
0x0015e5f7	0x0015e60b	CONDITIONAL_JUMP	0
0x0015e603	0x0015ef18	UNCONDITIONAL_CALL	0
0x0015e60b	0x001e89ec	READ	1
0x0015e614	0xStack[0x8]	READ	1
0x0015e619	0xStack[-0x18]	WRITE	0
0x0015e61c	0xStack[0x8]	READ	1
0x0015e61f	0xStack[-0xc]	READ	1
0x0015e628	0xStack[-0x10]	WRITE	0
0x0015e631	0x0015e63c	CONDITIONAL_JUMP	0
0x0015e633	0xStack[-0x10]	WRITE	0
0x0015e63c	0x001f64a0	READ	1
0x0015e644	0xStack[-0x8]	WRITE	0
0x0015e647	0x001f6490	DATA	0
0x0015e64c	0x0015b5d0	UNCONDITIONAL_CALL	0
0x0015e651	0xStack[-0x18]	READ	1
0x0015e655	0xStack[-0x14]	READ	1
0x0015e65d	0xStack[-0x10]	READ	1
0x0015e661	0xStack[-0x8]	DATA	0
0x0015e665	0x001f64a0	READ	1
0x0015e66c	0x0017c4f4	UNCONDITIONAL_CALL	0
0x0015e671	0xStack[-0x20]	WRITE	0
0x0015e67a	0x0015e744	CONDITIONAL_JUMP	0
0x0015e680	0x001f64cc	READ	1
0x0015e687	0x0015e685	CONDITIONAL_JUMP	0
0x0015e68e	0x001f64cc	READ_WRITE	0
0x0015e699	0x0015e680	CONDITIONAL_JUMP	0
0x0015e69d	0x001f64d0	READ	1
0x0015e6a2	0x001f64d0	DATA	1
0x0015e6a7	0x0015e6dd	CONDITIONAL_JUMP	0
0x0015e6b1	0x001f64d0	DATA	1
0x0015e6b7	0x0015e6c0	CONDITIONAL_JUMP	0
0x0015e6b9	0x001f64d4	WRITE	0
0x0015e6be	0x0015e6c3	UNCONDITIONAL_JUMP	0
0x0015e6c3	0x001f64d0	DATA	1
0x0015e6c8	0x0015e700	CONDITIONAL_JUMP	0
0x0015e6d1	0x001def64	READ_WRITE	0
0x0015e6d7	0x001def50	READ_WRITE	0
0x0015e6df	0x001f64cc	READ_WRITE	0
0x0015e6e7	0x0015e708	CONDITIONAL_JUMP	0
0x0015e6e9	0x001f6490	DATA	0
0x0015e6ee	0x0015b73c	UNCONDITIONAL_CALL	0
0x0015e6f6	0x0015eb0c	UNCONDITIONAL_CALL	0
0x0015e6fb	0x0015e733	UNCONDITIONAL_JUMP	0
0x0015e700	0x001f64d0	WRITE	0
0x0015e706	0x0015e6cd	UNCONDITIONAL_JUMP	0
0x0015e708	0x001f649c	WRITE	0
0x0015e714	0x001f64a0	DATA	0
0x0015e719	0x00162f20	UNCONDITIONAL_CALL	0
0x0015e71e	0x001def54	READ_WRITE	0
0x0015e724	0x001f6490	DATA	0
0x0015e729	0x0015b73c	UNCONDITIONAL_CALL	0
0x0015e72e	0x00165328	UNCONDITIONAL_CALL	0
0x0015e733	0x001f6490	DATA	0
0x0015e738	0x0015b5d0	UNCONDITIONAL_CALL	0
0x0015e740	0x0015e765	UNCONDITIONAL_JUMP	0
0x0015e744	0xStack[-0x20]	READ	0
0x0015e748	0x0015e765	CONDITIONAL_JUMP	0
0x0015e74a	0xStack[-0x20]	READ	1
0x0015e74e	0x001def7c	DATA	0
0x0015e753	0x0010c0d8	UNCONDITIONAL_CALL	0
0x0015e758	0x001defa5	DATA	0
0x0015e75d	0x0010ca6c	UNCONDITIONAL_CALL	0
0x0015e765	0x001f6490	DATA	0
0x0015e76a	0x0015b73c	UNCONDITIONAL_CALL	0
0x0015e772	0xStack[-0x20]	READ	0
0x0015e776	0x0015e63c	CONDITIONAL_JUMP	0
0x0015e77c	0xStack[-0x8]	READ	1
0x0015e77f	0xStack[-0x14]	READ	1
0x0015e785	0xStack[-0x10]	READ	1
0x0015e78b	0xStack[-0x18]	READ	1
0x0015e791	0xStack[-0xc]	READ	1
0x0015e795	0xStack[0x8]	READ	1
0x0015e79f	0x00101600	UNCONDITIONAL_CALL	0
0x0015e7ad	0x0015fc58	UNCONDITIONAL_CALL	0
0x0015e7ba	0x0015ea38	UNCONDITIONAL_CALL	0
0x0015e7c4	0xStack[-0x2c]	DATA	0
0x0015e7d9	0xStack[0x4]	READ	1
0x0015e7dc	0xStack[0xc]	READ	1
0x0015e7e2	0x0015e9b8	UNCONDITIONAL_CALL	0
0x0015e7e7	0x001def5c	READ	1
0x0015e7f1	0x0015e7f5	CONDITIONAL_JUMP	0
0x0015e7f8	0x0015e997	CONDITIONAL_JUMP	0
0x0015e7fe	0xStack[-0xc]	WRITE	0
0x0015e808	0x0015e81c	CONDITIONAL_JUMP	0
0x0015e814	0x0015ef18	UNCONDITIONAL_CALL	0
0x0015e81c	0x001e89ec	READ	1
0x0015e825	0xStack[-0x14]	WRITE	0
0x0015e828	0xStack[0x8]	READ	1
0x0015e82b	0xStack[-0x14]	READ	1
0x0015e82e	0xStack[-0x10]	WRITE	0
0x0015e831	0xStack[0x8]	READ	1
0x0015e834	0xStack[-0xc]	READ	1
0x0015e839	0xStack[-0x14]	READ	1
0x0015e83e	0xStack[-0xc]	WRITE	0
0x0015e847	0x0015e850	CONDITIONAL_JUMP	0
0x0015e849	0xStack[-0xc]	WRITE	0
0x0015e850	0x001f64a0	READ	1
0x0015e858	0xStack[-0x8]	WRITE	0
0x0015e85b	0x001f6490	DATA	0
0x0015e860	0x0015b5d0	UNCONDITIONAL_CALL	0
0x0015e865	0xStack[-0x10]	READ	1
0x0015e86e	0xStack[-0xc]	READ	1
0x0015e872	0xStack[-0x8]	DATA	0
0x0015e876	0x001f64a0	READ	1
0x0015e87d	0x0017c4f4	UNCONDITIONAL_CALL	0
0x0015e88a	0x0015e954	CONDITIONAL_JUMP	0
0x0015e890	0x001f64cc	READ	1
0x0015e897	0x0015e895	CONDITIONAL_JUMP	0
0x0015e89e	0x001f64cc	READ_WRITE	0
0x0015e8a9	0x0015e890	CONDITIONAL_JUMP	0
0x0015e8ad	0x001f64d0	READ	1
0x0015e8b2	0x001f64d0	DATA	1
0x0015e8b7	0x0015e8ed	CONDITIONAL_JUMP	0
0x0015e8c1	0x001f64d0	DATA	1
0x0015e8c7	0x0015e8d0	CONDITIONAL_JUMP	0
0x0015e8c9	0x001f64d4	WRITE	0
0x0015e8ce	0x0015e8d3	UNCONDITIONAL_JUMP	0
0x0015e8d3	0x001f64d0	DATA	1
0x0015e8d8	0x0015e910	CONDITIONAL_JUMP	0
0x0015e8e1	0x001def64	READ_WRITE	0
0x0015e8e7	0x001def50	READ_WRITE	0
0x0015e8ef	0x001f64cc	READ_WRITE	0
0x0015e8f7	0x0015e918	CONDITIONAL_JUMP	0
0x0015e8f9	0x001f6490	DATA	0
0x0015e8fe	0x0015b73c	UNCONDITIONAL_CALL	0
0x0015e906	0x0015eb0c	UNCONDITIONAL_CALL	0
0x0015e90b	0x0015e943	UNCONDITIONAL_JUMP	0
0x0015e910	0x001f64d0	WRITE	0
0x0015e916	0x0015e8dd	UNCONDITIONAL_JUMP	0
0x0015e918	0x001f649c	WRITE	0
0x0015e924	0x001f64a0	DATA	0
0x0015e929	0x00162f20	UNCONDITIONAL_CALL	0
0x0015e92e	0x001def54	READ_WRITE	0
0x0015e934	0x001f6490	DATA	0
0x0015e939	0x0015b73c	UNCONDITIONAL_CALL	0
0x0015e93e	0x00165328	UNCONDITIONAL_CALL	0
0x0015e943	0x001f6490	DATA	0
0x0015e948	0x0015b5d0	UNCONDITIONAL_CALL	0
0x0015e950	0x0015e970	UNCONDITIONAL_JUMP	0
0x0015e956	0x0015e970	CONDITIONAL_JUMP	0
0x0015e959	0x001def7c	DATA	0
0x0015e95e	0x0010c0d8	UNCONDITIONAL_CALL	0
0x0015e963	0x001defa5	DATA	0
0x0015e968	0x0010ca6c	UNCONDITIONAL_CALL	0
0x0015e970	0x001f6490	DATA	0
0x0015e975	0x0015b73c	UNCONDITIONAL_CALL	0
0x0015e97f	0x0015e850	CONDITIONAL_JUMP	0
0x0015e985	0xStack[-0x8]	READ	1
0x0015e98b	0xStack[-0xc]	READ	1
0x0015e991	0xStack[-0x10]	READ	1
0x0015e997	0xStack[-0x20]	DATA	0
0x0015e9a7	0xStack[0x4]	READ	1
0x0015e9ad	0x0015ea38	UNCONDITIONAL_CALL	0
0x0015e9bb	0xStack[0x4]	READ	1
0x0015e9c0	0x001f64cc	READ	1
0x0015e9c7	0x0015e9c5	CONDITIONAL_JUMP	0
0x0015e9ce	0x001f64cc	READ_WRITE	0
0x0015e9d9	0x0015e9c0	CONDITIONAL_JUMP	0
0x0015e9df	0x0015ea1f	CONDITIONAL_JUMP	0
0x0015e9e7	0x001f64d0	DATA	1
0x0015e9ed	0x0015e9f8	CONDITIONAL_JUMP	0
0x0015e9ef	0x001f64d4	WRITE	0
0x0015e9f4	0x0015e9fb	UNCONDITIONAL_JUMP	0
0x0015e9fb	0x001f64d0	DATA	1
0x0015ea00	0x0015ea0c	CONDITIONAL_JUMP	0
0x0015ea02	0x001f64d0	WRITE	0
0x0015ea08	0x0015ea0f	UNCONDITIONAL_JUMP	0
0x0015ea13	0x001def64	READ_WRITE	0
0x0015ea19	0x001def50	READ_WRITE	0
0x0015ea25	0x001f64cc	READ_WRITE	0
0x0015ea2f	0x0015b5d0	UNCONDITIONAL_CALL	0
0x0015ea3c	0xStack[0x4]	READ	1
0x0015ea40	0x001f64cc	READ	1
0x0015ea47	0x0015ea45	CONDITIONAL_JUMP	0
0x0015ea4e	0x001f64cc	READ_WRITE	0
0x0015ea59	0x0015ea40	CONDITIONAL_JUMP	0
0x0015ea6b	0x0015eaa7	CONDITIONAL_JUMP	0
0x0015ea6d	0x001f64d4	READ	1
0x0015ea72	0x001f64d0	DATA	1
0x0015ea77	0x0015ea84	CONDITIONAL_JUMP	0
0x0015ea79	0x001f64d0	WRITE	0
0x0015ea7f	0x0015ea87	UNCONDITIONAL_JUMP	0
0x0015ea8a	0x001f64d0	DATA	1
0x0015ea91	0x001f64d4	WRITE	0
0x0015ea9b	0x001def64	READ_WRITE	0
0x0015eaa1	0x001def50	READ_WRITE	0
0x0015eaa9	0x001f64cc	READ_WRITE	0
0x0015eab3	0x0015b73c	UNCONDITIONAL_CALL	0
0x0015eab8	0x001def60	READ	1
0x0015eac0	0x001def64	READ	0
0x0015eac6	0x0015eacd	CONDITIONAL_JUMP	0
0x0015eac8	0x0015ec00	UNCONDITIONAL_CALL	0
0x0015ead2	0x0015eadf	CONDITIONAL_JUMP	0
0x0015eada	0x0015fb28	UNCONDITIONAL_CALL	0
0x0015eadf	0xStack[-0x8]	READ	1
0x0015eaeb	0xStack[0x4]	READ	1
0x0015eaf4	0x0015eb05	CONDITIONAL_JUMP	0
0x0015eafb	0x0015eb05	CONDITIONAL_JUMP	0
0x0015eb00	0x0015eb0c	UNCONDITIONAL_CALL	0
0x0015eb11	0xStack[0x4]	READ	1
0x0015eb14	0x001f64cc	READ	1
0x0015eb1b	0x0015eb19	CONDITIONAL_JUMP	0
0x0015eb22	0x001f64cc	READ_WRITE	0
0x0015eb2d	0x0015eb14	CONDITIONAL_JUMP	0
0x0015eb33	0x0015eb73	CONDITIONAL_JUMP	0
0x0015eb3b	0x001f64d0	DATA	1
0x0015eb41	0x0015eb4c	CONDITIONAL_JUMP	0
0x0015eb43	0x001f64d4	WRITE	0
0x0015eb48	0x0015eb4f	UNCONDITIONAL_JUMP	0
0x0015eb4f	0x001f64d0	DATA	1
0x0015eb54	0x0015eb60	CONDITIONAL_JUMP	0
0x0015eb56	0x001f64d0	WRITE	0
0x0015eb5c	0x0015eb63	UNCONDITIONAL_JUMP	0
0x0015eb67	0x001def64	READ_WRITE	0
0x0015eb6d	0x001def50	READ_WRITE	0
0x0015eb75	0x001f64cc	READ_WRITE	0
0x0015eb7f	0x0015b5d0	UNCONDITIONAL_CALL	0
0x0015eb8c	0x0015eb92	CONDITIONAL_JUMP	0
0x0015eb92	0xStack[0x8]	READ	1
0x0015eba1	0x0015ef18	UNCONDITIONAL_CALL	0
0x0015ebbe	0x0015ebe1	CONDITIONAL_JUMP	0
0x0015ebcf	0x0015ebe1	CONDITIONAL_JUMP	0
0x0015ebd2	0x00108384	UNCONDITIONAL_CALL	0
0x0015ebe5	0x0015b73c	UNCONDITIONAL_CALL	0
0x0015ebef	0x0015ebf7	CONDITIONAL_JUMP	0
0x0015ebf2	0x00178c64	UNCONDITIONAL_CALL	0
0x0015ebf7	0xStack[-0xc]	DATA	0
0x0015ec08	0x001f64cc	READ	1
0x0015ec12	0x0015ec10	CONDITIONAL_JUMP	0
0x0015ec19	0x001f64cc	READ_WRITE	0
0x0015ec24	0x0015ec08	CONDITIONAL_JUMP	0
0x0015ec26	0x001def60	READ	1
0x0015ec2b	0x001def64	READ	0
0x0015ec31	0x0015ec54	CONDITIONAL_JUMP	0
0x0015ec35	0x001f64cc	READ_WRITE	0
0x0015ec3b	0x0015ed80	UNCONDITIONAL_JUMP	0
0x0015ec40	0x001f64d0	WRITE	0
0x0015ec46	0x0015ec7d	UNCONDITIONAL_JUMP	0
0x0015ec48	0x001f64d0	WRITE	0
0x0015ec4e	0x0015ece1	UNCONDITIONAL_JUMP	0
0x0015ec54	0x001f64d0	READ	1
0x0015ec60	0x001f64d0	DATA	1
0x0015ec66	0x0015ec70	CONDITIONAL_JUMP	0
0x0015ec68	0x001f64d4	WRITE	0
0x0015ec6d	0x0015ec73	UNCONDITIONAL_JUMP	0
0x0015ec73	0x001f64d0	DATA	1
0x0015ec78	0x0015ec40	CONDITIONAL_JUMP	0
0x0015ec81	0x001def64	READ_WRITE	0
0x0015ec87	0x001def50	READ_WRITE	0
0x0015ec8f	0x001f64cc	READ_WRITE	0
0x0015ec98	0x001f64cc	READ	1
0x0015ec9f	0x0015ec9d	CONDITIONAL_JUMP	0
0x0015eca6	0x001f64cc	READ_WRITE	0
0x0015ecb1	0x0015ec98	CONDITIONAL_JUMP	0
0x0015ecb7	0x0015ecf1	CONDITIONAL_JUMP	0
0x0015ecbf	0x001f64d0	DATA	1
0x0015ecc5	0x0015ecd0	CONDITIONAL_JUMP	0
0x0015ecc7	0x001f64d4	WRITE	0
0x0015eccc	0x0015ecd3	UNCONDITIONAL_JUMP	0
0x0015ecd3	0x001f64d0	DATA	1
0x0015ecd8	0x0015ec48	CONDITIONAL_JUMP	0
0x0015ece5	0x001def64	READ_WRITE	0
0x0015eceb	0x001def50	READ_WRITE	0
0x0015ecf3	0x001f64cc	READ_WRITE	0
0x0015ecfd	0x0015b5d0	UNCONDITIONAL_CALL	0
0x0015ed0a	0x0015ed10	CONDITIONAL_JUMP	0
0x0015ed1d	0x0015ef18	UNCONDITIONAL_CALL	0
0x0015ed3a	0x0015ed5d	CONDITIONAL_JUMP	0
0x0015ed4b	0x0015ed5d	CONDITIONAL_JUMP	0
0x0015ed4e	0x00108384	UNCONDITIONAL_CALL	0
0x0015ed61	0x0015b73c	UNCONDITIONAL_CALL	0
0x0015ed6b	0x0015ec08	CONDITIONAL_JUMP	0
0x0015ed72	0x00178c64	UNCONDITIONAL_CALL	0
0x0015ed7a	0x0015ec08	UNCONDITIONAL_JUMP	0
0x0015ed80	0xStack[-0xc]	DATA	0
0x0015ed94	0x001f64cc	READ	1
0x0015ed9b	0x0015ed99	CONDITIONAL_JUMP	0
0x0015eda2	0x001f64cc	READ_WRITE	0
0x0015edad	0x0015ed94	CONDITIONAL_JUMP	0
0x0015edaf	0x001def50	READ	1
0x0015edb5	0x001f64d0	READ	1
0x0015edbb	0x001f64d0	DATA	1
0x0015edc1	0x0015ef04	CONDITIONAL_JUMP	0
0x0015edcc	0x0015eed7	CONDITIONAL_JUMP	0
0x0015edd4	0x001f64cc	READ_WRITE	0
0x0015eddc	0x001f64cc	READ	1
0x0015ede3	0x0015ede1	CONDITIONAL_JUMP	0
0x0015edea	0x001f64cc	READ_WRITE	0
0x0015edf5	0x0015eddc	CONDITIONAL_JUMP	0
0x0015edfb	0x0015ee35	CONDITIONAL_JUMP	0
0x0015ee03	0x001f64d0	DATA	1
0x0015ee09	0x0015ee14	CONDITIONAL_JUMP	0
0x0015ee0b	0x001f64d4	WRITE	0
0x0015ee10	0x0015ee17	UNCONDITIONAL_JUMP	0
0x0015ee17	0x001f64d0	DATA	1
0x0015ee1c	0x0015eee8	CONDITIONAL_JUMP	0
0x0015ee29	0x001def64	READ_WRITE	0
0x0015ee2f	0x001def50	READ_WRITE	0
0x0015ee37	0x001f64cc	READ_WRITE	0
0x0015ee41	0x0015b5d0	UNCONDITIONAL_CALL	0
0x0015ee4e	0x0015ee54	CONDITIONAL_JUMP	0
0x0015ee61	0x0015ef18	UNCONDITIONAL_CALL	0
0x0015ee7e	0x0015eea1	CONDITIONAL_JUMP	0
0x0015ee8f	0x0015eea1	CONDITIONAL_JUMP	0
0x0015ee92	0x00108384	UNCONDITIONAL_CALL	0
0x0015eea5	0x0015b73c	UNCONDITIONAL_CALL	0
0x0015eeaf	0x0015eebc	CONDITIONAL_JUMP	0
0x0015eeb2	0x00178c64	UNCONDITIONAL_CALL	0
0x0015eebc	0x001f64cc	READ	1
0x0015eec3	0x0015eec1	CONDITIONAL_JUMP	0
0x0015eeca	0x001f64cc	READ_WRITE	0
0x0015eed5	0x0015eebc	CONDITIONAL_JUMP	0
0x0015eed7	0x001def50	READ	1
0x0015eede	0x0015eef4	CONDITIONAL_JUMP	0
0x0015eee3	0x0015edbb	UNCONDITIONAL_JUMP	0
0x0015eee8	0x001f64d0	WRITE	0
0x0015eeee	0x0015ee25	UNCONDITIONAL_JUMP	0
0x0015eef4	0x001f64d0	READ	1
0x0015eefc	0x0015edbb	UNCONDITIONAL_JUMP	0
0x0015ef06	0x001f64cc	READ_WRITE	0
0x0015ef0c	0xStack[-0x10]	DATA	0
0x0015ef1c	0xStack[0x4]	READ	1
0x0015ef1f	0xStack[0x10]	READ	0
0x0015ef23	0x0015ef2e	CONDITIONAL_JUMP	0
0x0015ef26	0x0015fc58	UNCONDITIONAL_CALL	0
0x0015ef2e	0x001f6490	DATA	0
0x0015ef33	0x0015b5d0	UNCONDITIONAL_CALL	0
0x0015ef38	0xStack[0xc]	READ	1
0x0015ef3c	0xStack[0x8]	READ	1
0x0015ef40	0x001f64a0	READ	1
0x0015ef47	0x001765ac	UNCONDITIONAL_CALL	0
0x0015ef4f	0x001f649c	READ	0
0x0015ef56	0x0015ef73	CONDITIONAL_JUMP	0
0x0015ef58	0x001f649c	WRITE	0
0x0015ef66	0x001f64a0	DATA	0
0x0015ef6b	0x001631a0	UNCONDITIONAL_CALL	0
0x0015ef73	0x001f6490	DATA	0
0x0015ef78	0x0015b73c	UNCONDITIONAL_CALL	0
0x0015ef85	0x0015efab	CONDITIONAL_JUMP	0
0x0015ef90	0x0015ef8e	CONDITIONAL_JUMP	0
0x0015ef9e	0x0015ef8c	CONDITIONAL_JUMP	0
0x0015efa1	0x00179084	UNCONDITIONAL_CALL	0
0x0015efab	0xStack[-0x8]	READ	1
0x0015efba	0xStack[0x4]	READ	1
0x0015efc0	0x001e8758	READ	1
0x0015efc9	0xStack[-0x44]	DATA	0
0x0015efd3	0xStack[-0x2c]	READ	1
0x0015efe5	0xStack[0x14]	READ	1
0x0015efe8	0xStack[0x8]	READ	1
0x0015eff0	0x0015effc	CONDITIONAL_JUMP	0
0x0015eff4	0x0015f45d	UNCONDITIONAL_JUMP	0
0x0015effc	0xStack[0x8]	READ	1
0x0015f004	0x0015f00d	CONDITIONAL_JUMP	0
0x0015f00b	0x0015f02c	CONDITIONAL_JUMP	0
0x0015f012	0x0015f45d	UNCONDITIONAL_JUMP	0
0x0015f018	0xStack[0x4]	READ	1
0x0015f01e	0x0015ea38	UNCONDITIONAL_CALL	0
0x0015f025	0x0015f45d	UNCONDITIONAL_JUMP	0
0x0015f02e	0xStack[0x4]	READ	1
0x0015f032	0x0015e7d0	UNCONDITIONAL_CALL	0
0x0015f037	0xStack[0x4]	READ	1
0x0015f03f	0xStack[-0x14]	WRITE	0
0x0015f045	0xStack[0xc]	READ	0
0x0015f049	0x0015f058	CONDITIONAL_JUMP	0
0x0015f04b	0xStack[0x10]	READ	1
0x0015f050	0x0015f058	CONDITIONAL_JUMP	0
0x0015f052	0xStack[0x8]	READ	1
0x0015f058	0xStack[0x8]	READ	1
0x0015f05e	0xStack[-0x18]	WRITE	0
0x0015f061	0xStack[0x8]	READ	1
0x0015f067	0xStack[-0x20]	WRITE	0
0x0015f06a	0xStack[0x4]	READ	1
0x0015f073	0xStack[-0x10]	WRITE	0
0x0015f076	0xStack[0xc]	READ	0
0x0015f07a	0x0015f088	CONDITIONAL_JUMP	0
0x0015f07c	0xStack[0xc]	READ	0
0x0015f080	0x0015f09e	CONDITIONAL_JUMP	0
0x0015f086	0x0015f09e	CONDITIONAL_JUMP	0
0x0015f090	0x0015f09b	CONDITIONAL_JUMP	0
0x0015f093	0x00108384	UNCONDITIONAL_CALL	0
0x0015f0a5	0xStack[0x8]	READ	1
0x0015f0ab	0xStack[-0x1c]	WRITE	0
0x0015f0ae	0xStack[-0x24]	WRITE	0
0x0015f0b8	0xStack[0x8]	READ	1
0x0015f0be	0xStack[-0x10]	READ	1
0x0015f0c1	0xStack[-0xc]	WRITE	0
0x0015f0c6	0x0015f0cb	CONDITIONAL_JUMP	0
0x0015f0c8	0xStack[-0xc]	WRITE	0
0x0015f0cb	0xStack[0xc]	READ	0
0x0015f0cf	0x0015f0ea	CONDITIONAL_JUMP	0
0x0015f0d1	0xStack[-0x14]	READ	1
0x0015f0d4	0xStack[0x8]	READ	1
0x0015f0dc	0x0015f018	CONDITIONAL_JUMP	0
0x0015f0e2	0xStack[-0xc]	READ	0
0x0015f0e5	0x0015f0ea	CONDITIONAL_JUMP	0
0x0015f0e7	0xStack[-0xc]	WRITE	0
0x0015f0ea	0xStack[0xc]	READ	0
0x0015f0ee	0x0015f101	CONDITIONAL_JUMP	0
0x0015f0f0	0xStack[-0xc]	READ	1
0x0015f0f3	0xStack[0x8]	READ	1
0x0015f0fc	0x0015f101	CONDITIONAL_JUMP	0
0x0015f101	0xStack[0x8]	READ	1
0x0015f10c	0x0015f120	CONDITIONAL_JUMP	0
0x0015f10e	0xStack[-0xc]	READ	1
0x0015f11a	0x0015f2d6	CONDITIONAL_JUMP	0
0x0015f120	0xStack[0x4]	READ	1
0x0015f125	0xStack[-0x2c]	WRITE	0
0x0015f12d	0x0015f144	CONDITIONAL_JUMP	0
0x0015f136	0xStack[-0x38]	WRITE	0
0x0015f13c	0x0015ef18	UNCONDITIONAL_CALL	0
0x0015f144	0x001e89ec	READ	1
0x0015f14b	0xStack[-0x3c]	WRITE	0
0x0015f150	0xStack[-0x30]	WRITE	0
0x0015f153	0xStack[-0xc]	READ	1
0x0015f158	0x001e89ec	READ	1
0x0015f15e	0xStack[-0x3c]	READ	1
0x0015f163	0xStack[-0x28]	WRITE	0
0x0015f16c	0x0015f178	CONDITIONAL_JUMP	0
0x0015f16e	0xStack[-0x28]	WRITE	0
0x0015f178	0x001f64a0	READ	1
0x0015f181	0xStack[-0x8]	WRITE	0
0x0015f184	0x001f6490	DATA	0
0x0015f189	0x0015b5d0	UNCONDITIONAL_CALL	0
0x0015f18e	0xStack[-0x30]	READ	1
0x0015f192	0xStack[-0x2c]	READ	1
0x0015f19a	0xStack[-0x28]	READ	1
0x0015f19e	0xStack[-0x8]	DATA	0
0x0015f1a2	0x001f64a0	READ	1
0x0015f1a8	0x0017c4f4	UNCONDITIONAL_CALL	0
0x0015f1b5	0x0015f290	CONDITIONAL_JUMP	0
0x0015f1bc	0x001f64cc	READ	1
0x0015f1c4	0x0015f1c2	CONDITIONAL_JUMP	0
0x0015f1cb	0x001f64cc	READ_WRITE	0
0x0015f1d6	0x0015f1bc	CONDITIONAL_JUMP	0
0x0015f1da	0x001f64d0	READ	1
0x0015f1e0	0x001f64d0	DATA	1
0x0015f1e6	0x0015f229	CONDITIONAL_JUMP	0
0x0015f1f0	0xStack[-0x3c]	WRITE	0
0x0015f1f3	0x001f64d0	DATA	1
0x0015f1f9	0x0015f204	CONDITIONAL_JUMP	0
0x0015f1fb	0x001f64d4	WRITE	0
0x0015f201	0x0015f20a	UNCONDITIONAL_JUMP	0
0x0015f204	0xStack[-0x3c]	READ	1
0x0015f20a	0x001f64d0	DATA	1
0x0015f20a	0xStack[-0x3c]	READ	0
0x0015f211	0x0015f24c	CONDITIONAL_JUMP	0
0x0015f213	0xStack[-0x3c]	READ	1
0x0015f21d	0x001def64	READ_WRITE	0
0x0015f223	0x001def50	READ_WRITE	0
0x0015f22b	0x001f64cc	READ_WRITE	0
0x0015f233	0x0015f254	CONDITIONAL_JUMP	0
0x0015f235	0x001f6490	DATA	0
0x0015f23a	0x0015b73c	UNCONDITIONAL_CALL	0
0x0015f242	0x0015eb0c	UNCONDITIONAL_CALL	0
0x0015f247	0x0015f27f	UNCONDITIONAL_JUMP	0
0x0015f24c	0x001f64d0	WRITE	0
0x0015f252	0x0015f219	UNCONDITIONAL_JUMP	0
0x0015f254	0x001f649c	WRITE	0
0x0015f260	0x001f64a0	DATA	0
0x0015f265	0x00162f20	UNCONDITIONAL_CALL	0
0x0015f26a	0x001def54	READ_WRITE	0
0x0015f270	0x001f6490	DATA	0
0x0015f275	0x0015b73c	UNCONDITIONAL_CALL	0
0x0015f27a	0x00165328	UNCONDITIONAL_CALL	0
0x0015f27f	0x001f6490	DATA	0
0x0015f284	0x0015b5d0	UNCONDITIONAL_CALL	0
0x0015f28c	0x0015f2ac	UNCONDITIONAL_JUMP	0
0x0015f292	0x0015f2ac	CONDITIONAL_JUMP	0
0x0015f295	0x001def7c	DATA	0
0x0015f29a	0x0010c0d8	UNCONDITIONAL_CALL	0
0x0015f29f	0x001defa5	DATA	0
0x0015f2a4	0x0010ca6c	UNCONDITIONAL_CALL	0
0x0015f2ac	0x001f6490	DATA	0
0x0015f2b1	0x0015b73c	UNCONDITIONAL_CALL	0
0x0015f2bb	0x0015f178	CONDITIONAL_JUMP	0
0x0015f2c1	0xStack[-0x8]	READ	1
0x0015f2c4	0xStack[-0x2c]	READ	1
0x0015f2ca	0xStack[-0x28]	READ	1
0x0015f2d0	0xStack[-0x30]	READ	1
0x0015f2d9	0xStack[0x8]	READ	1
0x0015f2e2	0xStack[-0x38]	WRITE	0
0x0015f2e6	0xStack[0xc]	READ	1
0x0015f2ea	0xStack[-0xc]	READ	1
0x0015f2ee	0xStack[-0x38]	READ	1
0x0015f2f2	0x0010a384	UNCONDITIONAL_CALL	0
0x0015f2fc	0xStack[0xc]	READ	0
0x0015f300	0x0015f306	CONDITIONAL_JUMP	0
0x0015f30b	0x0015f329	CONDITIONAL_JUMP	0
0x0015f31a	0x00108384	UNCONDITIONAL_CALL	0
0x0015f329	0xStack[0xc]	READ	0
0x0015f32d	0x0015f3b8	CONDITIONAL_JUMP	0
0x0015f333	0xStack[0x4]	READ	1
0x0015f33d	0x0015f3b8	CONDITIONAL_JUMP	0
0x0015f33f	0xStack[-0x24]	READ_WRITE	0
0x0015f342	0xStack[-0x24]	READ	1
0x0015f345	0x001e28a0	READ	0
0x0015f34b	0x0015f3b8	CONDITIONAL_JUMP	0
0x0015f34f	0x0015f3b1	CONDITIONAL_JUMP	0
0x0015f352	0x0015fc58	UNCONDITIONAL_CALL	0
0x0015f35c	0xStack[-0x24]	READ	0
0x0015f35f	0x0015f3a1	CONDITIONAL_JUMP	0
0x0015f364	0xStack[-0x10]	READ	1
0x0015f368	0xStack[0x4]	READ	1
0x0015f36e	0xStack[0x4]	READ	1
0x0015f37f	0xStack[-0x1c]	READ	1
0x0015f389	0xStack[0x4]	READ	1
0x0015f38d	0x0011ac28	UNCONDITIONAL_CALL	0
0x0015f392	0xStack[-0x10]	READ	1
0x0015f395	0xStack[-0x1c]	READ_WRITE	0
0x0015f39c	0xStack[-0x24]	READ	0
0x0015f39f	0x0015f364	CONDITIONAL_JUMP	0
0x0015f3a6	0x0015f3b1	CONDITIONAL_JUMP	0
0x0015f3b1	0xStack[-0x24]	WRITE	0
0x0015f3ba	0x0015f450	CONDITIONAL_JUMP	0
0x0015f3c0	0xStack[0x8]	READ	1
0x0015f3c7	0x0015f3d3	CONDITIONAL_JUMP	0
0x0015f3c9	0xStack[-0xc]	READ	0
0x0015f3cd	0x0015f0b8	CONDITIONAL_JUMP	0
0x0015f3d3	0xStack[0xc]	READ	0
0x0015f3d7	0x0015f450	CONDITIONAL_JUMP	0
0x0015f3d9	0xStack[0x10]	READ	1
0x0015f3df	0x0015f3ed	CONDITIONAL_JUMP	0
0x0015f3e1	0xStack[0x4]	READ	1
0x0015f3eb	0x0015f450	CONDITIONAL_JUMP	0
0x0015f3ee	0x0015fc58	UNCONDITIONAL_CALL	0
0x0015f3f3	0xStack[-0x18]	READ	1
0x0015f3f9	0xStack[-0x20]	READ	1
0x0015f400	0x0015f440	CONDITIONAL_JUMP	0
0x0015f402	0xStack[-0x34]	WRITE	0
0x0015f408	0xStack[-0x10]	READ	1
0x0015f40c	0xStack[0x4]	READ	1
0x0015f412	0xStack[0x4]	READ	1
0x0015f42c	0xStack[0x4]	READ	1
0x0015f430	0x0011ac28	UNCONDITIONAL_CALL	0
0x0015f438	0xStack[-0x10]	READ	1
0x0015f43b	0xStack[-0x34]	READ	0
0x0015f43e	0x0015f408	CONDITIONAL_JUMP	0
0x0015f445	0x0015f450	CONDITIONAL_JUMP	0
0x0015f450	0xStack[0x4]	READ	1
0x0015f456	0x0015ea38	UNCONDITIONAL_CALL	0
0x0015f45d	0xStack[-0x54]	DATA	0
0x0015f470	0x001f64cc	READ	1
0x0015f477	0x0015f475	CONDITIONAL_JUMP	0
0x0015f47e	0x001f64cc	READ_WRITE	0
0x0015f489	0x0015f470	CONDITIONAL_JUMP	0
0x0015f48b	0x001def50	READ	1
0x0015f491	0x001f64d0	READ	1
0x0015f497	0x001f64d0	DATA	1
0x0015f49d	0x0015f624	CONDITIONAL_JUMP	0
0x0015f4aa	0x0015f5f6	CONDITIONAL_JUMP	0
0x0015f4b2	0x001f64cc	READ_WRITE	0
0x0015f4b8	0x001f64cc	READ	1
0x0015f4bf	0x0015f4bd	CONDITIONAL_JUMP	0
0x0015f4c6	0x001f64cc	READ_WRITE	0
0x0015f4d1	0x0015f4b8	CONDITIONAL_JUMP	0
0x0015f4d7	0x0015f511	CONDITIONAL_JUMP	0
0x0015f4df	0x001f64d0	DATA	1
0x0015f4e5	0x0015f4f0	CONDITIONAL_JUMP	0
0x0015f4e7	0x001f64d4	WRITE	0
0x0015f4ec	0x0015f4f3	UNCONDITIONAL_JUMP	0
0x0015f4f3	0x001f64d0	DATA	1
0x0015f4f8	0x0015f608	CONDITIONAL_JUMP	0
0x0015f505	0x001def64	READ_WRITE	0
0x0015f50b	0x001def50	READ_WRITE	0
0x0015f517	0x001f64cc	READ_WRITE	0
0x0015f521	0x0015b5d0	UNCONDITIONAL_CALL	0
0x0015f52a	0x0015fc58	UNCONDITIONAL_CALL	0
0x0015f534	0x001f64cc	READ	1
0x0015f53b	0x0015f539	CONDITIONAL_JUMP	0
0x0015f542	0x001f64cc	READ_WRITE	0
0x0015f54d	0x0015f534	CONDITIONAL_JUMP	0
0x0015f55f	0x0015f59b	CONDITIONAL_JUMP	0
0x0015f561	0x001f64d4	READ	1
0x0015f566	0x001f64d0	DATA	1
0x0015f56b	0x0015f578	CONDITIONAL_JUMP	0
0x0015f56d	0x001f64d0	WRITE	0
0x0015f573	0x0015f57b	UNCONDITIONAL_JUMP	0
0x0015f57e	0x001f64d0	DATA	1
0x0015f585	0x001f64d4	WRITE	0
0x0015f58f	0x001def64	READ_WRITE	0
0x0015f595	0x001def50	READ_WRITE	0
0x0015f59d	0x001f64cc	READ_WRITE	0
0x0015f5a7	0x0015b73c	UNCONDITIONAL_CALL	0
0x0015f5ac	0x001def60	READ	1
0x0015f5b4	0x001def64	READ	0
0x0015f5ba	0x0015f5c1	CONDITIONAL_JUMP	0
0x0015f5bc	0x0015ec00	UNCONDITIONAL_CALL	0
0x0015f5c6	0x0015f5d8	CONDITIONAL_JUMP	0
0x0015f5ce	0x0015fb28	UNCONDITIONAL_CALL	0
0x0015f5d8	0x001f64cc	READ	1
0x0015f5df	0x0015f5dd	CONDITIONAL_JUMP	0
0x0015f5e6	0x001f64cc	READ_WRITE	0
0x0015f5f1	0x0015f5d8	CONDITIONAL_JUMP	0
0x0015f5f6	0x001def50	READ	1
0x0015f5fd	0x0015f614	CONDITIONAL_JUMP	0
0x0015f601	0x0015f497	UNCONDITIONAL_JUMP	0
0x0015f608	0x001f64d0	WRITE	0
0x0015f60e	0x0015f501	UNCONDITIONAL_JUMP	0
0x0015f614	0x001f64d0	READ	1
0x0015f61c	0x0015f497	UNCONDITIONAL_JUMP	0
0x0015f626	0x001f64cc	READ_WRITE	0
0x0015f62c	0xStack[-0x10]	DATA	0
0x0015f63c	0xStack[0x4]	READ	1
0x0015f643	0x0015f780	CONDITIONAL_JUMP	0
0x0015f64d	0x0015f780	CONDITIONAL_JUMP	0
0x0015f654	0x001f64cc	READ	1
0x0015f65b	0x0015f659	CONDITIONAL_JUMP	0
0x0015f662	0x001f64cc	READ_WRITE	0
0x0015f66d	0x0015f654	CONDITIONAL_JUMP	0
0x0015f673	0x0015f6ad	CONDITIONAL_JUMP	0
0x0015f67b	0x001f64d0	DATA	1
0x0015f681	0x0015f68c	CONDITIONAL_JUMP	0
0x0015f683	0x001f64d4	WRITE	0
0x0015f688	0x0015f68f	UNCONDITIONAL_JUMP	0
0x0015f68f	0x001f64d0	DATA	1
0x0015f694	0x0015f774	CONDITIONAL_JUMP	0
0x0015f6a1	0x001def64	READ_WRITE	0
0x0015f6a7	0x001def50	READ_WRITE	0
0x0015f6b3	0x001f64cc	READ_WRITE	0
0x0015f6bd	0x0015b5d0	UNCONDITIONAL_CALL	0
0x0015f6c6	0x0015fc58	UNCONDITIONAL_CALL	0
0x0015f6d0	0x001f64cc	READ	1
0x0015f6d7	0x0015f6d5	CONDITIONAL_JUMP	0
0x0015f6de	0x001f64cc	READ_WRITE	0
0x0015f6e9	0x0015f6d0	CONDITIONAL_JUMP	0
0x0015f6fb	0x0015f737	CONDITIONAL_JUMP	0
0x0015f6fd	0x001f64d4	READ	1
0x0015f702	0x001f64d0	DATA	1
0x0015f707	0x0015f714	CONDITIONAL_JUMP	0
0x0015f709	0x001f64d0	WRITE	0
0x0015f70f	0x0015f717	UNCONDITIONAL_JUMP	0
0x0015f71a	0x001f64d0	DATA	1
0x0015f721	0x001f64d4	WRITE	0
0x0015f72b	0x001def64	READ_WRITE	0
0x0015f731	0x001def50	READ_WRITE	0
0x0015f739	0x001f64cc	READ_WRITE	0
0x0015f743	0x0015b73c	UNCONDITIONAL_CALL	0
0x0015f748	0x001def60	READ	1
0x0015f750	0x001def64	READ	0
0x0015f756	0x0015f75d	CONDITIONAL_JUMP	0
0x0015f758	0x0015ec00	UNCONDITIONAL_CALL	0
0x0015f762	0x0015f76f	CONDITIONAL_JUMP	0
0x0015f76a	0x0015fb28	UNCONDITIONAL_CALL	0
0x0015f772	0x0015f782	UNCONDITIONAL_JUMP	0
0x0015f774	0x001f64d0	WRITE	0
0x0015f77a	0x0015f69d	UNCONDITIONAL_JUMP	0
0x0015f782	0xStack[-0x8]	READ	1
0x0015f791	0xStack[0x4]	READ	1
0x0015f794	0xStack[0x8]	READ	1
0x0015f79b	0x0015f8b4	CONDITIONAL_JUMP	0
0x0015f7a5	0x0015f8b4	CONDITIONAL_JUMP	0
0x0015f7ac	0x001f64cc	READ	1
0x0015f7b3	0x0015f7b1	CONDITIONAL_JUMP	0
0x0015f7ba	0x001f64cc	READ_WRITE	0
0x0015f7c5	0x0015f7ac	CONDITIONAL_JUMP	0
0x0015f7cb	0x0015f805	CONDITIONAL_JUMP	0
0x0015f7d3	0x001f64d0	DATA	1
0x0015f7d9	0x0015f7e4	CONDITIONAL_JUMP	0
0x0015f7db	0x001f64d4	WRITE	0
0x0015f7e0	0x0015f7e7	UNCONDITIONAL_JUMP	0
0x0015f7e7	0x001f64d0	DATA	1
0x0015f7ec	0x0015f8a8	CONDITIONAL_JUMP	0
0x0015f7f9	0x001def64	READ_WRITE	0
0x0015f7ff	0x001def50	READ_WRITE	0
0x0015f80b	0x001f64cc	READ_WRITE	0
0x0015f817	0x0015f822	CONDITIONAL_JUMP	0
0x0015f81a	0x0015fe70	UNCONDITIONAL_CALL	0
0x0015f828	0x0015f834	CONDITIONAL_JUMP	0
0x0015f82f	0x0015fb28	UNCONDITIONAL_CALL	0
0x0015f834	0x001f64cc	READ	1
0x0015f83b	0x0015f839	CONDITIONAL_JUMP	0
0x0015f842	0x001f64cc	READ_WRITE	0
0x0015f84d	0x0015f834	CONDITIONAL_JUMP	0
0x0015f85f	0x0015f89b	CONDITIONAL_JUMP	0
0x0015f861	0x001f64d4	READ	1
0x0015f866	0x001f64d0	DATA	1
0x0015f86b	0x0015f878	CONDITIONAL_JUMP	0
0x0015f86d	0x001f64d0	WRITE	0
0x0015f873	0x0015f87b	UNCONDITIONAL_JUMP	0
0x0015f87e	0x001f64d0	DATA	1
0x0015f885	0x001f64d4	WRITE	0
0x0015f88f	0x001def64	READ_WRITE	0
0x0015f895	0x001def50	READ_WRITE	0
0x0015f89d	0x001f64cc	READ_WRITE	0
0x0015f8a6	0x0015f8b6	UNCONDITIONAL_JUMP	0
0x0015f8a8	0x001f64d0	WRITE	0
0x0015f8ae	0x0015f7f5	UNCONDITIONAL_JUMP	0
0x0015f8b6	0xStack[-0xc]	DATA	0
0x0015f8c4	0xStack[0x4]	READ	1
0x0015f8cb	0x0015fa0f	CONDITIONAL_JUMP	0
0x0015f8d6	0x0015fa0f	CONDITIONAL_JUMP	0
0x0015f8e1	0x0015f8f8	CONDITIONAL_JUMP	0
0x0015f8e8	0x0015fa0f	UNCONDITIONAL_JUMP	0
0x0015f8f0	0x001f64d0	WRITE	0
0x0015f8f6	0x0015f93d	UNCONDITIONAL_JUMP	0
0x0015f8f8	0x001f64cc	READ	1
0x0015f8ff	0x0015f8fd	CONDITIONAL_JUMP	0
0x0015f906	0x001f64cc	READ_WRITE	0
0x0015f911	0x0015f8f8	CONDITIONAL_JUMP	0
0x0015f917	0x0015f94d	CONDITIONAL_JUMP	0
0x0015f91f	0x001f64d0	DATA	1
0x0015f925	0x0015f930	CONDITIONAL_JUMP	0
0x0015f927	0x001f64d4	WRITE	0
0x0015f92c	0x0015f933	UNCONDITIONAL_JUMP	0
0x0015f933	0x001f64d0	DATA	1
0x0015f938	0x0015f8f0	CONDITIONAL_JUMP	0
0x0015f941	0x001def64	READ_WRITE	0
0x0015f947	0x001def50	READ_WRITE	0
0x0015f953	0x001f64cc	READ_WRITE	0
0x0015f95d	0x0015b5d0	UNCONDITIONAL_CALL	0
0x0015f966	0x0015fb28	UNCONDITIONAL_CALL	0
0x0015f970	0x001f64cc	READ	1
0x0015f977	0x0015f975	CONDITIONAL_JUMP	0
0x0015f97e	0x001f64cc	READ_WRITE	0
0x0015f989	0x0015f970	CONDITIONAL_JUMP	0
0x0015f99b	0x0015f9d7	CONDITIONAL_JUMP	0
0x0015f99d	0x001f64d4	READ	1
0x0015f9a2	0x001f64d0	DATA	1
0x0015f9a7	0x0015f9b4	CONDITIONAL_JUMP	0
0x0015f9a9	0x001f64d0	WRITE	0
0x0015f9af	0x0015f9b7	UNCONDITIONAL_JUMP	0
0x0015f9ba	0x001f64d0	DATA	1
0x0015f9c1	0x001f64d4	WRITE	0
0x0015f9cb	0x001def64	READ_WRITE	0
0x0015f9d1	0x001def50	READ_WRITE	0
0x0015f9d9	0x001f64cc	READ_WRITE	0
0x0015f9e3	0x0015b73c	UNCONDITIONAL_CALL	0
0x0015f9e8	0x001def60	READ	1
0x0015f9f0	0x001def64	READ	0
0x0015f9f6	0x0015f9fd	CONDITIONAL_JUMP	0
0x0015f9f8	0x0015ec00	UNCONDITIONAL_CALL	0
0x0015fa02	0x0015fa0f	CONDITIONAL_JUMP	0
0x0015fa0a	0x0015fb28	UNCONDITIONAL_CALL	0
0x0015fa12	0xStack[-0x8]	READ	1
0x0015fa22	0xStack[0x4]	READ	1
0x0015fa25	0xStack[0x8]	READ	1
0x0015fa2f	0x0015fb1d	CONDITIONAL_JUMP	0
0x0015fa38	0x001f64e8	READ	1
0x0015fa3f	0x0015fa3d	CONDITIONAL_JUMP	0
0x0015fa46	0x001f64e8	READ_WRITE	0
0x0015fa51	0x0015fa38	CONDITIONAL_JUMP	0
0x0015fa5c	0x0015fa5a	CONDITIONAL_JUMP	0
0x0015fa6a	0x0015fa58	CONDITIONAL_JUMP	0
0x0015fa6c	0xStack[0xc]	READ	1
0x0015fa71	0x001e89ec	READ	1
0x0015fa82	0x0015fb10	CONDITIONAL_JUMP	0
0x0015fa8a	0x0017af58	UNCONDITIONAL_CALL	0
0x0015fa94	0x0015fb05	CONDITIONAL_JUMP	0
0x0015fa9c	0x0015fafc	CONDITIONAL_JUMP	0
0x0015faa7	0x00162f20	UNCONDITIONAL_CALL	0
0x0015fab6	0x001f64e8	READ_WRITE	0
0x0015fabc	0x00165328	UNCONDITIONAL_CALL	0
0x0015fac4	0x001f64e8	READ	1
0x0015facb	0x0015fac9	CONDITIONAL_JUMP	0
0x0015fad2	0x001f64e8	READ_WRITE	0
0x0015fadd	0x0015fac4	CONDITIONAL_JUMP	0
0x0015fae8	0x0015fae6	CONDITIONAL_JUMP	0
0x0015faf6	0x0015fae4	CONDITIONAL_JUMP	0
0x0015faf8	0x0015fa80	UNCONDITIONAL_JUMP	0
0x0015fafd	0x0017b540	UNCONDITIONAL_CALL	0
0x0015fb05	0x001e0d0c	READ	1
0x0015fb0b	0x0015fa80	UNCONDITIONAL_JUMP	0
0x0015fb17	0x001f64e8	READ_WRITE	0
0x0015fb1d	0xStack[-0x10]	DATA	0
0x0015fb2e	0xStack[0x4]	READ	1
0x0015fb36	0x0015fc4d	CONDITIONAL_JUMP	0
0x0015fb3c	0x001f64e8	READ	1
0x0015fb43	0x0015fb41	CONDITIONAL_JUMP	0
0x0015fb4a	0x001f64e8	READ_WRITE	0
0x0015fb55	0x0015fb3c	CONDITIONAL_JUMP	0
0x0015fb60	0x0015fb5e	CONDITIONAL_JUMP	0
0x0015fb6e	0x0015fb5c	CONDITIONAL_JUMP	0
0x0015fb73	0x0015fc4d	CONDITIONAL_JUMP	0
0x0015fb7d	0x0015fc40	CONDITIONAL_JUMP	0
0x0015fb8a	0x0015fc37	CONDITIONAL_JUMP	0
0x0015fb95	0x0015fbf4	CONDITIONAL_JUMP	0
0x0015fb9f	0x00162f20	UNCONDITIONAL_CALL	0
0x0015fbae	0x001f64e8	READ_WRITE	0
0x0015fbb4	0x00165328	UNCONDITIONAL_CALL	0
0x0015fbbc	0x001f64e8	READ	1
0x0015fbc3	0x0015fbc1	CONDITIONAL_JUMP	0
0x0015fbca	0x001f64e8	READ_WRITE	0
0x0015fbd5	0x0015fbbc	CONDITIONAL_JUMP	0
0x0015fbe0	0x0015fbde	CONDITIONAL_JUMP	0
0x0015fbee	0x0015fbdc	CONDITIONAL_JUMP	0
0x0015fbf0	0x0015fb7b	UNCONDITIONAL_JUMP	0
0x0015fbf9	0x0015fc37	CONDITIONAL_JUMP	0
0x0015fbff	0x0018fb0c	UNCONDITIONAL_CALL	0
0x0015fc0b	0x0015fc1d	CONDITIONAL_JUMP	0
0x0015fc11	0x00191500	UNCONDITIONAL_CALL	0
0x0015fc1b	0x0015fc28	CONDITIONAL_JUMP	0
0x0015fc1d	0x001f64a8	READ_WRITE	0
0x0015fc23	0x0015fc37	UNCONDITIONAL_JUMP	0
0x0015fc28	0x001f64a4	READ_WRITE	0
0x0015fc2f	0x0017b540	UNCONDITIONAL_CALL	0
0x0015fc39	0x0015fb7b	UNCONDITIONAL_JUMP	0
0x0015fc47	0x001f64e8	READ_WRITE	0
0x0015fc4d	0xStack[-0x10]	DATA	0
0x0015fc61	0xStack[0x4]	READ	1
0x0015fc6a	0x0015fe64	CONDITIONAL_JUMP	0
0x0015fc81	0x0015fe64	CONDITIONAL_JUMP	0
0x0015fc88	0x001f64e8	READ	1
0x0015fc8f	0x0015fc8d	CONDITIONAL_JUMP	0
0x0015fc96	0x001f64e8	READ_WRITE	0
0x0015fca1	0x0015fc88	CONDITIONAL_JUMP	0
0x0015fcac	0x0015fcaa	CONDITIONAL_JUMP	0
0x0015fcba	0x0015fca8	CONDITIONAL_JUMP	0
0x0015fcbe	0x001e89ec	READ	1
0x0015fcc9	0xStack[-0x8]	WRITE	0
0x0015fcd0	0x0015fe57	CONDITIONAL_JUMP	0
0x0015fcda	0x0017af58	UNCONDITIONAL_CALL	0
0x0015fce6	0x0015fe48	CONDITIONAL_JUMP	0
0x0015fcf0	0x0015fe48	CONDITIONAL_JUMP	0
0x0015fcfb	0x0015fd64	CONDITIONAL_JUMP	0
0x0015fd05	0x00162f20	UNCONDITIONAL_CALL	0
0x0015fd14	0x001f64e8	READ_WRITE	0
0x0015fd1a	0x00165328	UNCONDITIONAL_CALL	0
0x0015fd20	0x001f64e8	READ	1
0x0015fd27	0x0015fd25	CONDITIONAL_JUMP	0
0x0015fd2e	0x001f64e8	READ_WRITE	0
0x0015fd39	0x0015fd20	CONDITIONAL_JUMP	0
0x0015fd44	0x0015fd42	CONDITIONAL_JUMP	0
0x0015fd52	0x0015fd40	CONDITIONAL_JUMP	0
0x0015fd54	0x0015fe4e	UNCONDITIONAL_JUMP	0
0x0015fd5c	0x001f64e0	WRITE	0
0x0015fd62	0x0015fd9c	UNCONDITIONAL_JUMP	0
0x0015fd68	0x0015fd73	CONDITIONAL_JUMP	0
0x0015fd6b	0x0017b8cc	UNCONDITIONAL_CALL	0
0x0015fd74	0x0017b810	UNCONDITIONAL_CALL	0
0x0015fd81	0x001f64e0	DATA	1
0x0015fd87	0x0015fd90	CONDITIONAL_JUMP	0
0x0015fd89	0x001f64e4	WRITE	0
0x0015fd8e	0x0015fd93	UNCONDITIONAL_JUMP	0
0x0015fd93	0x001f64e0	DATA	1
0x0015fd98	0x0015fd5c	CONDITIONAL_JUMP	0
0x0015fda0	0x001f64d8	READ_WRITE	0
0x0015fdae	0x0015fe1e	CONDITIONAL_JUMP	0
0x0015fdb4	0x0018fb0c	UNCONDITIONAL_CALL	0
0x0015fdc7	0x001f64e8	READ_WRITE	0
0x0015fdce	0x0017d3bc	UNCONDITIONAL_CALL	0
0x0015fdd3	0xStack[-0xc]	WRITE	0
0x0015fddc	0x001f64e8	READ	1
0x0015fde3	0x0015fde1	CONDITIONAL_JUMP	0
0x0015fdea	0x001f64e8	READ_WRITE	0
0x0015fdf5	0x0015fddc	CONDITIONAL_JUMP	0
0x0015fe00	0x0015fdfe	CONDITIONAL_JUMP	0
0x0015fe0e	0x0015fdfc	CONDITIONAL_JUMP	0
0x0015fe14	0xStack[-0xc]	READ	0
0x0015fe18	0x0015fe1e	CONDITIONAL_JUMP	0
0x0015fe1f	0x0017b8cc	UNCONDITIONAL_CALL	0
0x0015fe34	0x0015fe48	CONDITIONAL_JUMP	0
0x0015fe40	0x001631a0	UNCONDITIONAL_CALL	0
0x0015fe48	0x001e0d0c	READ	1
0x0015fe4e	0xStack[-0x8]	READ	0
0x0015fe51	0x0015fcd8	CONDITIONAL_JUMP	0
0x0015fe5e	0x001f64e8	READ_WRITE	0
0x0015fe64	0xStack[-0x18]	DATA	0
0x0015fe76	0xStack[0x4]	READ	1
0x0015fe82	0x00160032	CONDITIONAL_JUMP	0
0x0015fe88	0x001f64e8	READ	1
0x0015fe8f	0x0015fe8d	CONDITIONAL_JUMP	0
0x0015fe96	0x001f64e8	READ_WRITE	0
0x0015fea1	0x0015fe88	CONDITIONAL_JUMP	0
0x0015feac	0x0015feaa	CONDITIONAL_JUMP	0
0x0015feba	0x0015fea8	CONDITIONAL_JUMP	0
0x0015fec0	0x00160025	CONDITIONAL_JUMP	0
0x0015fecc	0x0016001a	CONDITIONAL_JUMP	0
0x0015fed7	0x0015ff3c	CONDITIONAL_JUMP	0
0x0015fee1	0x00162f20	UNCONDITIONAL_CALL	0
0x0015fef0	0x001f64e8	READ_WRITE	0
0x0015fef6	0x00165328	UNCONDITIONAL_CALL	0
0x0015fefc	0x001f64e8	READ	1
0x0015ff03	0x0015ff01	CONDITIONAL_JUMP	0
0x0015ff0a	0x001f64e8	READ_WRITE	0
0x0015ff15	0x0015fefc	CONDITIONAL_JUMP	0
0x0015ff20	0x0015ff1e	CONDITIONAL_JUMP	0
0x0015ff2e	0x0015ff1c	CONDITIONAL_JUMP	0
0x0015ff30	0x0015febc	UNCONDITIONAL_JUMP	0
0x0015ff34	0x001f64e0	WRITE	0
0x0015ff3a	0x0015ff74	UNCONDITIONAL_JUMP	0
0x0015ff40	0x0015ff4b	CONDITIONAL_JUMP	0
0x0015ff43	0x0017b8cc	UNCONDITIONAL_CALL	0
0x0015ff4c	0x0017b810	UNCONDITIONAL_CALL	0
0x0015ff59	0x001f64e0	DATA	1
0x0015ff5f	0x0015ff68	CONDITIONAL_JUMP	0
0x0015ff61	0x001f64e4	WRITE	0
0x0015ff66	0x0015ff6b	UNCONDITIONAL_JUMP	0
0x0015ff6b	0x001f64e0	DATA	1
0x0015ff70	0x0015ff34	CONDITIONAL_JUMP	0
0x0015ff78	0x001f64d8	READ_WRITE	0
0x0015ff86	0x0015fff0	CONDITIONAL_JUMP	0
0x0015ff8c	0x0018fb0c	UNCONDITIONAL_CALL	0
0x0015ff9f	0x001f64e8	READ_WRITE	0
0x0015ffa6	0x0017d3bc	UNCONDITIONAL_CALL	0
0x0015ffb0	0x001f64e8	READ	1
0x0015ffb7	0x0015ffb5	CONDITIONAL_JUMP	0
0x0015ffbe	0x001f64e8	READ_WRITE	0
0x0015ffc9	0x0015ffb0	CONDITIONAL_JUMP	0
0x0015ffd4	0x0015ffd2	CONDITIONAL_JUMP	0
0x0015ffe2	0x0015ffd0	CONDITIONAL_JUMP	0
0x0015ffea	0x0015fff0	CONDITIONAL_JUMP	0
0x0015fff1	0x0017b8cc	UNCONDITIONAL_CALL	0
0x00160006	0x0016001a	CONDITIONAL_JUMP	0
0x00160012	0x001631a0	UNCONDITIONAL_CALL	0
0x0016001f	0x0015fec8	CONDITIONAL_JUMP	0
0x0016002c	0x001f64e8	READ_WRITE	0
0x00160032	0xStack[-0x10]	DATA	0
0x00160040	0xStack[0x4]	READ	1
0x00160049	0x0016005d	CONDITIONAL_JUMP	0
0x00160050	0x0016005d	CONDITIONAL_JUMP	0
0x00160055	0x0015eb0c	UNCONDITIONAL_CALL	0
0x00160060	0x001e90cc	READ	1
0x00160067	0x0016b84c	UNCONDITIONAL_CALL	0
0x0016006c	0xStack[-0x8]	READ	1
0x00160077	0xStack[0x4]	READ	1
0x00160087	0xStack[0x4]	READ	1
0x0016008c	0xStack[0x8]	READ	1
0x0016009b	0xStack[0x4]	READ	1
0x001600a0	0xStack[0x8]	READ	0
0x001600bb	0xStack[0x4]	READ	1
0x001600c0	0xStack[0x8]	READ	1
0x001600d5	0xStack[-0x8]	WRITE	0
0x001600dc	0x001defb8	DATA	1
0x001600e1	0x001defb8	READ	0
0x001600e8	0x00160129	CONDITIONAL_JUMP	0
0x001600ec	0x001defb8	READ	1
0x001600ec	0x001defc4	READ	1
0x001600ee	0xStack[0x4]	READ	1
0x001600f1	0x001df0ae	READ	0
0x001600f1	0x001df094	READ	0
0x001600f4	0x00160118	CONDITIONAL_JUMP	0
0x001600fd	0x00160118	CONDITIONAL_JUMP	0
0x00160105	0x00160118	CONDITIONAL_JUMP	0
0x00160109	0x00160118	CONDITIONAL_JUMP	0
0x0016010b	0x001df0ae	READ	1
0x0016010b	0x001df0af	READ	1
0x0016010b	0x001df094	READ	1
0x00160111	0x00160121	CONDITIONAL_JUMP	0
0x00160113	0x001df0af	READ	0
0x00160113	0x001df0b0	READ	0
0x00160116	0x001600f8	CONDITIONAL_JUMP	0
0x00160118	0xStack[-0x8]	READ	0
0x0016011c	0x0016018c	CONDITIONAL_JUMP	0
0x0016011e	0x001defb8	DATA	1
0x0016011e	0x001defc4	DATA	1
0x0016011e	0xStack[-0x8]	WRITE	0
0x00160124	0x001defc4	READ	0
0x00160124	0x001defd0	READ	0
0x00160127	0x001600ec	CONDITIONAL_JUMP	0
0x00160129	0x001e1754	DATA	1
0x0016012e	0x001e1754	READ	0
0x00160135	0x00160175	CONDITIONAL_JUMP	0
0x00160138	0x001e1754	READ	1
0x00160138	0x001e1760	READ	1
0x0016013a	0xStack[0x4]	READ	1
0x0016013d	0x001e179f	READ	0
0x0016013d	0x001e1784	READ	0
0x00160140	0x00160164	CONDITIONAL_JUMP	0
0x00160149	0x00160164	CONDITIONAL_JUMP	0
0x00160151	0x00160164	CONDITIONAL_JUMP	0
0x00160155	0x00160164	CONDITIONAL_JUMP	0
0x00160157	0x001e179f	READ	1
0x00160157	0x001e17a0	READ	1
0x00160157	0x001e1784	READ	1
0x0016015d	0x0016016d	CONDITIONAL_JUMP	0
0x0016015f	0x001e17a0	READ	0
0x0016015f	0x001e17a1	READ	0
0x00160162	0x00160144	CONDITIONAL_JUMP	0
0x00160164	0xStack[-0x8]	READ	0
0x00160168	0x00160194	CONDITIONAL_JUMP	0
0x0016016a	0x001e1754	DATA	1
0x0016016a	0xStack[-0x8]	WRITE	0
0x00160170	0x001e1760	READ	0
0x00160173	0x00160138	CONDITIONAL_JUMP	0
0x00160175	0xStack[-0x8]	READ	0
0x00160179	0x0016019c	CONDITIONAL_JUMP	0
0x0016017b	0xStack[0x4]	READ	1
0x0016017f	0xStack[-0x8]	READ	1
0x00160182	0x001e1758	READ	1
0x00160182	0x001defbc	READ	1
0x00160185	0x0018604c	COMPUTED_CALL	0
0x00160185	0x00160320	COMPUTED_CALL	0
0x00160187	0x001601ab	UNCONDITIONAL_JUMP	0
0x0016018c	0x001df0b7	DATA	0
0x00160191	0x001601a1	UNCONDITIONAL_JUMP	0
0x00160194	0x001df0de	DATA	0
0x00160199	0x001601a1	UNCONDITIONAL_JUMP	0
0x0016019c	0x001df105	DATA	0
0x001601a1	0x001603b4	UNCONDITIONAL_CALL	0
0x001601ab	0xStack[-0x14]	DATA	0
0x001601bb	0x0015b504	UNCONDITIONAL_CALL	0
0x001601c0	0x001f6524	WRITE	0
0x001601d6	0xStack[0x8]	READ	1
0x001601d9	0xStack[0xc]	READ	1
0x001601dc	0x001f6528	WRITE	0
0x001601e4	0x0016024a	CONDITIONAL_JUMP	0
0x001601e6	0x001df12a	DATA	0
0x001601eb	0x001603b4	UNCONDITIONAL_CALL	0
0x001601f0	0x001e9860	READ	1
0x001601f7	0x001df139	DATA	0
0x001601fc	0x001603b4	UNCONDITIONAL_CALL	0
0x00160204	0x001df13d	DATA	0
0x00160209	0x001603b4	UNCONDITIONAL_CALL	0
0x00160214	0x00185fdc	UNCONDITIONAL_CALL	0
0x0016021c	0x00160238	CONDITIONAL_JUMP	0
0x0016021e	0x001df165	DATA	0
0x00160223	0x001603b4	UNCONDITIONAL_CALL	0
0x00160228	0x001df173	DATA	0
0x0016022d	0x00185fb0	UNCONDITIONAL_CALL	0
0x00160235	0x00160214	UNCONDITIONAL_JUMP	0
0x0016023b	0x00160214	CONDITIONAL_JUMP	0
0x0016023d	0x001df174	DATA	0
0x00160242	0x001603b4	UNCONDITIONAL_CALL	0
0x0016024a	0x001df176	DATA	0
0x0016024f	0x001603b4	UNCONDITIONAL_CALL	0
0x00160257	0x001e5dc4	DATA	1
0x0016025c	0xStack[0x4]	READ	1
0x00160260	0x001df18d	DATA	0
0x00160265	0x001603b4	UNCONDITIONAL_CALL	0
0x0016026a	0x001e5dc4	DATA	1
0x00160278	0x00185fe8	UNCONDITIONAL_CALL	0
0x00160280	0x001602a2	CONDITIONAL_JUMP	0
0x00160282	0x0016028c	CONDITIONAL_JUMP	0
0x00160287	0x001602a8	CONDITIONAL_JUMP	0
0x00160289	0x001602d4	UNCONDITIONAL_JUMP	0
0x0016028f	0x00160298	CONDITIONAL_JUMP	0
0x00160294	0x001602c4	CONDITIONAL_JUMP	0
0x00160296	0x001602d4	UNCONDITIONAL_JUMP	0
0x0016029a	0x00186038	UNCONDITIONAL_CALL	0
0x001602a2	0x001e5dc4	WRITE	0
0x001602a5	0x00160300	UNCONDITIONAL_JUMP	0
0x001602aa	0x00186038	UNCONDITIONAL_CALL	0
0x001602b4	0x00160278	CONDITIONAL_JUMP	0
0x001602b8	0x00186038	UNCONDITIONAL_CALL	0
0x001602c2	0x00160278	UNCONDITIONAL_JUMP	0
0x001602c8	0x00186038	UNCONDITIONAL_CALL	0
0x001602d0	0x00160278	UNCONDITIONAL_JUMP	0
0x001602d6	0x001602e0	CONDITIONAL_JUMP	0
0x001602d8	0x001e5dc4	WRITE	0
0x001602dc	0x00160278	UNCONDITIONAL_JUMP	0
0x001602e2	0x00186038	UNCONDITIONAL_CALL	0
0x001602e9	0x00186038	UNCONDITIONAL_CALL	0
0x001602f0	0x00186038	UNCONDITIONAL_CALL	0
0x001602f8	0x00160278	UNCONDITIONAL_JUMP	0
0x00160300	0x001e5dc4	DATA	0
0x00160305	0x001600cc	UNCONDITIONAL_CALL	0
0x0016030f	0x0016025c	CONDITIONAL_JUMP	0
0x00160315	0xStack[-0x10]	DATA	0
0x00160330	0x001df192	DATA	0
0x00160335	0x001603b4	UNCONDITIONAL_CALL	0
0x0016033a	0x001df1aa	DATA	0
0x0016033f	0x001603b4	UNCONDITIONAL_CALL	0
0x00160344	0x001defb8	DATA	1
0x0016034c	0x001defb8	READ	0
0x00160353	0x00160378	CONDITIONAL_JUMP	0
0x00160358	0x001defc0	READ	1
0x00160358	0x001defcc	READ	1
0x0016035d	0x00160370	CONDITIONAL_JUMP	0
0x0016035f	0x001df09b	DATA	0
0x0016035f	0x001df077	DATA	0
0x00160360	0x001defb8	READ	1
0x00160360	0x001defc4	READ	1
0x00160362	0x001df0ae	DATA	0
0x00160362	0x001df094	DATA	0
0x00160363	0x001df1c7	DATA	0
0x00160368	0x001603b4	UNCONDITIONAL_CALL	0
0x00160373	0x001defc4	READ	0
0x00160373	0x001defd0	READ	0
0x00160376	0x00160358	CONDITIONAL_JUMP	0
0x00160378	0x001e1754	DATA	1
0x0016037d	0x001e1754	READ	0
0x00160384	0x001603a8	CONDITIONAL_JUMP	0
0x00160388	0x001e175c	READ	1
0x00160388	0x001e1768	READ	1
0x0016038d	0x001603a0	CONDITIONAL_JUMP	0
0x0016038f	0x001e1789	DATA	0
0x0016038f	0x001e1778	DATA	0
0x00160390	0x001e1754	READ	1
0x00160390	0x001e1760	READ	1
0x00160392	0x001e179f	DATA	0
0x00160392	0x001e1784	DATA	0
0x00160393	0x001df1d0	DATA	0
0x00160398	0x001603b4	UNCONDITIONAL_CALL	0
0x001603a3	0x001e1760	READ	0
0x001603a3	0x001e176c	READ	0
0x001603a6	0x00160388	CONDITIONAL_JUMP	0
0x001603ad	0xStack[-0x8]	READ	1
0x001603ba	0x001e5bc4	DATA	1
0x001603ba	0xStack[-0x8]	WRITE	0
0x001603c1	0xStack[0x8]	DATA	0
0x001603c4	0xStack[-0x8]	DATA	0
0x001603cb	0xStack[0x4]	READ	1
0x001603cf	0x0010c290	UNCONDITIONAL_CALL	0
0x001603d4	0x001e5bc4	DATA	0
0x001603d4	0xStack[-0x8]	READ	1
0x001603d7	0x001e5bc4	WRITE	0
0x001603da	0x001e5bc4	DATA	1
0x001603da	0xStack[-0x8]	WRITE	0
0x001603e4	0x001e5bc4	READ	0
0x001603eb	0x0016040a	CONDITIONAL_JUMP	0
0x001603f0	0xStack[-0x8]	READ	1
0x001603f3	0x001e5bc4	READ	0
0x001603f3	0x001e5bc5	READ	0
0x001603f7	0x001e5bc5	DATA	0
0x001603f7	0x001e5bc6	DATA	0
0x001603fa	0x00186038	UNCONDITIONAL_CALL	0
0x00160402	0x001e5bc5	DATA	0
0x00160402	0xStack[-0x8]	READ	1
0x00160405	0x001e5bc5	READ	0
0x00160408	0x001603f0	CONDITIONAL_JUMP	0
0x00160413	0x00162d40	UNCONDITIONAL_CALL	0
0x00160428	0x001f6524	READ	1
0x0016043a	0x00160454	CONDITIONAL_JUMP	0
0x0016043c	0xStack[0x4]	READ	1
0x00160440	0x00185fd0	UNCONDITIONAL_CALL	0
0x00160447	0x001f6524	READ	1
0x00160450	0x0016046d	UNCONDITIONAL_JUMP	0
0x00160454	0x001df1d9	DATA	0
0x00160459	0x001603b4	UNCONDITIONAL_CALL	0
0x0016045e	0x001df1fa	DATA	0
0x00160463	0x001603b4	UNCONDITIONAL_CALL	0
0x0016046f	0xStack[-0x8]	READ	1
0x00160483	0x001dee30	READ	0
0x00160494	0x001f6530	WRITE	0
0x0016049a	0x001f6534	WRITE	0
0x001604a2	0x0018791c	UNCONDITIONAL_CALL	0
0x001604a7	0xStack[-0xc]	DATA	0
0x001604b6	0xStack[0x8]	READ	1
0x001604b9	0xStack[0xc]	READ	1
0x001604bc	0xStack[0x10]	READ	1
0x001604c1	0x00187b98	UNCONDITIONAL_CALL	0
0x001604cd	0xStack[0x4]	READ	1
0x001604d1	0x001693ec	UNCONDITIONAL_CALL	0
0x001604d6	0xStack[-0x10]	DATA	0
0x001604e3	0xStack[0x10]	READ	1
0x001604e7	0xStack[0xc]	READ	1
0x001604eb	0xStack[0x8]	READ	1
0x001604ef	0xStack[0x4]	READ	1
0x001604f3	0x001693ec	UNCONDITIONAL_CALL	0
0x001604ff	0xStack[0x8]	READ	1
0x00160503	0xStack[0x4]	READ	1
0x00160507	0x0016957c	UNCONDITIONAL_CALL	0
0x00160521	0xStack[0x4]	READ	1
0x00160524	0xStack[0x4]	WRITE	0
0x00160527	0xStack[0x8]	READ	1
0x0016052a	0xStack[0x8]	WRITE	0
0x0016052d	0x0018b958	UNCONDITIONAL_CALL	0
0x00160534	0xStack[0x4]	READ	1
0x00160537	0xStack[-0x14]	WRITE	0
0x0016053a	0xStack[0x8]	READ	1
0x0016053d	0xStack[-0x10]	WRITE	0
0x00160542	0x00187b98	UNCONDITIONAL_CALL	0
0x00160547	0xStack[-0x14]	READ	1
0x0016054a	0xStack[-0x10]	READ	1
0x00160551	0xStack[-0xc]	WRITE	0
0x00160554	0xStack[-0x8]	WRITE	0
0x00160557	0xStack[-0x8]	READ	0
0x0016055a	0xStack[-0xc]	READ	0
0x0016055d	0xStack[0x4]	DATA	0
0x00160561	0x0010ab38	DATA	0
0x00160566	0x001693ec	UNCONDITIONAL_CALL	0
0x00160570	0xStack[0x4]	DATA	0
0x00160574	0x0010a588	UNCONDITIONAL_CALL	0
0x0016057a	0x0018b544	UNCONDITIONAL_CALL	0
0x0016057f	0xStack[-0x20]	DATA	0
0x00160595	0xStack[0x4]	READ	1
0x00160598	0xStack[0x8]	READ	1
0x0016059b	0xStack[0x4]	WRITE	0
0x0016059e	0xStack[0x8]	WRITE	0
0x001605a1	0xStack[0xc]	READ	1
0x001605a4	0xStack[0x8]	DATA	0
0x001605a7	0xStack[-0x8]	WRITE	0
0x001605aa	0xStack[0x8]	DATA	1
0x001605b7	0xStack[0x8]	WRITE	0
0x001605ba	0xStack[0x4]	READ	1
0x001605c2	0xStack[0x4]	WRITE	0
0x001605d9	0xStack[-0x14]	DATA	0
0x001605ec	0xStack[0x4]	READ	1
0x001605fc	0xStack[0x4]	READ	1
0x00160605	0xStack[-0x10]	WRITE	0
0x00160608	0xStack[-0xc]	WRITE	0
0x0016060b	0xStack[-0x10]	READ	1
0x0016060e	0xStack[-0xc]	READ	1
0x0016061c	0xStack[-0x10]	WRITE	0
0x0016061f	0xStack[-0xc]	WRITE	0
0x00160622	0xStack[-0x10]	READ	1
0x00160625	0xStack[-0xc]	READ	1
0x00160633	0xStack[-0x10]	WRITE	0
0x00160636	0xStack[-0xc]	WRITE	0
0x00160639	0xStack[-0x10]	READ	1
0x0016063c	0xStack[-0xc]	READ	1
0x0016064a	0xStack[-0x10]	WRITE	0
0x0016064d	0xStack[-0xc]	WRITE	0
0x00160650	0xStack[-0x10]	READ	1
0x00160653	0xStack[-0xc]	READ	1
0x00160669	0xStack[-0x18]	DATA	0
0x0016067b	0xStack[0x4]	READ	1
0x0016067e	0xStack[0x8]	READ	1
0x00160681	0xStack[0x4]	WRITE	0
0x00160684	0xStack[0x8]	WRITE	0
0x00160687	0xStack[0x8]	DATA	0
0x0016068a	0xStack[-0xc]	WRITE	0
0x0016068d	0xStack[0x8]	DATA	1
0x0016069a	0xStack[0x8]	WRITE	0
0x0016069d	0xStack[0x4]	READ	1
0x001606a2	0xStack[-0x8]	WRITE	0
0x001606a5	0xStack[0x4]	WRITE	0
0x001606a8	0xStack[0xc]	READ	1
0x001606ad	0xStack[0x4]	READ	1
0x001606b0	0xStack[0x8]	READ	1
0x001606b7	0xStack[-0x14]	WRITE	0
0x001606ba	0xStack[-0x10]	WRITE	0
0x001606bd	0xStack[-0x14]	READ	1
0x001606c0	0xStack[0xc]	READ	1
0x001606c6	0xStack[-0x18]	READ	1
0x001606d8	0xStack[0x4]	READ	1
0x001606e1	0x001f6530	READ	1
0x001606e8	0xStack[-0xc]	WRITE	0
0x001606eb	0xStack[-0x8]	WRITE	0
0x001606ee	0x001f6534	READ	1
0x001606f7	0xStack[-0x8]	READ_WRITE	0
0x001606fa	0x001f6530	READ	1
0x00160702	0xStack[-0x8]	READ_WRITE	0
0x00160705	0xStack[-0xc]	READ	1
0x00160708	0xStack[-0x8]	READ	1
0x0016070b	0xStack[-0x1c]	DATA	0
0x0016071f	0x00187b98	UNCONDITIONAL_CALL	0
0x00160724	0xStack[-0x18]	WRITE	0
0x00160727	0xStack[-0x14]	WRITE	0
0x0016072a	0x001e5e44	READ	0
0x00160731	0x0016074c	CONDITIONAL_JUMP	0
0x00160733	0x001e5e48	READ	0
0x0016073a	0x0016074c	CONDITIONAL_JUMP	0
0x0016073c	0xStack[-0x18]	READ	1
0x0016073f	0x001e5e44	WRITE	0
0x00160744	0xStack[-0x14]	READ	1
0x00160747	0x001e5e48	WRITE	0
0x0016074c	0xStack[-0x18]	READ	1
0x0016074f	0x001e5e44	READ	1
0x00160755	0xStack[-0x10]	WRITE	0
0x00160758	0xStack[-0x14]	READ	1
0x0016075b	0x001e5e48	READ	1
0x00160761	0xStack[-0xc]	WRITE	0
0x00160764	0xStack[-0xc]	READ	1
0x00160772	0xStack[-0x10]	READ	1
0x00160779	0xStack[-0x18]	READ	1
0x0016077c	0x001e5e44	WRITE	0
0x00160782	0xStack[-0x14]	READ	1
0x00160785	0x001e5e48	WRITE	0
0x0016078b	0xStack[-0x24]	DATA	0
0x001607a1	0xStack[0x4]	READ	1
0x001607a6	0x00187b98	UNCONDITIONAL_CALL	0
0x001607af	0xStack[-0xc]	WRITE	0
0x001607b2	0xStack[-0x8]	WRITE	0
0x001607b5	0xStack[-0x8]	READ	1
0x001607c3	0xStack[-0x8]	WRITE	0
0x001607c6	0xStack[-0xc]	READ	1
0x001607ce	0xStack[-0xc]	WRITE	0
0x001607e5	0xStack[-0x1c]	DATA	0
0x001607f8	0xStack[0x4]	READ	1
0x00160808	0xStack[0x4]	READ	1
0x00160815	0xStack[-0xc]	WRITE	0
0x00160818	0xStack[-0x8]	WRITE	0
0x0016081f	0xStack[-0xc]	READ	1
0x00160822	0xStack[-0x8]	READ	1
0x00160825	0xStack[-0x14]	WRITE	0
0x00160828	0xStack[-0x10]	WRITE	0
0x0016082b	0xStack[-0x10]	READ	0
0x0016082e	0xStack[-0x14]	READ	0
0x00160833	0x00187bd4	UNCONDITIONAL_CALL	0
0x00160838	0xStack[-0x1c]	DATA	0
0x0016084d	0xStack[0x4]	READ	1
0x00160850	0x0018bd98	UNCONDITIONAL_CALL	0
0x00160855	0xStack[-0x14]	WRITE	0
0x0016085a	0x00187b98	UNCONDITIONAL_CALL	0
0x00160863	0x001df220	READ	1
0x00160868	0xStack[-0x28]	WRITE	0
0x00160870	0x0016087c	CONDITIONAL_JUMP	0
0x00160872	0x001608b5	CONDITIONAL_JUMP	0
0x00160874	0x001df21c	READ	0
0x0016087a	0x001608b5	CONDITIONAL_JUMP	0
0x0016087c	0x001df21c	READ	1
0x00160882	0xStack[-0x1c]	WRITE	0
0x00160885	0x001df220	READ	1
0x0016088b	0xStack[-0x18]	WRITE	0
0x0016088e	0xStack[-0x1c]	READ	1
0x00160891	0xStack[-0x18]	READ	1
0x00160898	0xStack[-0x24]	WRITE	0
0x0016089b	0xStack[-0x20]	WRITE	0
0x0016089e	0xStack[-0x20]	READ	0
0x001608a2	0x001608b5	CONDITIONAL_JUMP	0
0x001608a4	0x001608af	CONDITIONAL_JUMP	0
0x001608a6	0xStack[-0x24]	READ	0
0x001608ad	0x001608b5	CONDITIONAL_JUMP	0
0x001608af	0xStack[-0x1c]	READ	1
0x001608b2	0xStack[-0x18]	READ	1
0x001608b5	0x001df21c	WRITE	0
0x001608bb	0x001df220	WRITE	0
0x001608c1	0xStack[-0x14]	READ	1
0x001608c5	0x0018b544	UNCONDITIONAL_CALL	0
0x001608ca	0xStack[-0x10]	WRITE	0
0x001608cd	0xStack[-0xc]	WRITE	0
0x001608d0	0xStack[-0xc]	READ	1
0x001608de	0xStack[-0xc]	WRITE	0
0x001608e1	0xStack[-0x10]	READ	1
0x001608e9	0xStack[-0x10]	WRITE	0
0x00160900	0xStack[-0x34]	DATA	0
0x00160915	0xStack[0x4]	READ	1
0x0016091a	0x00187b98	UNCONDITIONAL_CALL	0
0x00160923	0xStack[-0x10]	WRITE	0
0x00160926	0xStack[-0xc]	WRITE	0
0x00160929	0xStack[-0xc]	READ	1
0x00160937	0xStack[-0xc]	WRITE	0
0x0016093a	0xStack[-0x10]	READ	1
0x00160942	0xStack[-0x10]	WRITE	0
0x00160959	0xStack[-0x20]	DATA	0
0x0016096d	0xStack[0x8]	READ	1
0x00160970	0xStack[0xc]	READ	1
0x00160980	0xStack[0xc]	READ	1
0x00160989	0xStack[-0x18]	WRITE	0
0x0016098c	0xStack[-0x14]	WRITE	0
0x0016098f	0xStack[-0x18]	READ	1
0x00160992	0xStack[-0x14]	READ	1
0x001609a0	0xStack[-0x18]	WRITE	0
0x001609a3	0xStack[-0x14]	WRITE	0
0x001609a6	0xStack[-0x18]	READ	1
0x001609a9	0xStack[-0x14]	READ	1
0x001609b7	0xStack[-0x18]	WRITE	0
0x001609ba	0xStack[-0x14]	WRITE	0
0x001609bd	0xStack[-0x18]	READ	1
0x001609c0	0xStack[-0x14]	READ	1
0x001609ce	0xStack[-0x18]	WRITE	0
0x001609d1	0xStack[-0x14]	WRITE	0
0x001609d4	0xStack[-0x18]	READ	1
0x001609d7	0xStack[-0x14]	READ	1
0x001609eb	0x00187b98	UNCONDITIONAL_CALL	0
0x001609f0	0xStack[-0xc]	WRITE	0
0x001609f3	0xStack[-0x8]	WRITE	0
0x001609fa	0xStack[-0xc]	READ	1
0x001609fd	0xStack[-0x8]	READ	1
0x00160a00	0xStack[-0x18]	WRITE	0
0x00160a03	0xStack[-0x14]	WRITE	0
0x00160a06	0xStack[-0x14]	READ	0
0x00160a09	0xStack[-0x18]	READ	0
0x00160a0d	0xStack[0x4]	READ	1
0x00160a11	0x001693ec	UNCONDITIONAL_CALL	0
0x00160a16	0xStack[-0x24]	DATA	0
0x00160a28	0xStack[0xc]	READ	1
0x00160a38	0xStack[0xc]	READ	1
0x00160a41	0xStack[-0x10]	WRITE	0
0x00160a44	0xStack[-0xc]	WRITE	0
0x00160a47	0xStack[-0x10]	READ	1
0x00160a4a	0xStack[-0xc]	READ	1
0x00160a58	0xStack[-0x10]	WRITE	0
0x00160a5b	0xStack[-0xc]	WRITE	0
0x00160a5e	0xStack[-0x10]	READ	1
0x00160a61	0xStack[-0xc]	READ	1
0x00160a6f	0xStack[-0x10]	WRITE	0
0x00160a72	0xStack[-0xc]	WRITE	0
0x00160a75	0xStack[-0x10]	READ	1
0x00160a78	0xStack[-0xc]	READ	1
0x00160a86	0xStack[-0x10]	WRITE	0
0x00160a89	0xStack[-0xc]	WRITE	0
0x00160a8c	0xStack[-0x10]	READ	1
0x00160a8f	0xStack[-0xc]	READ	1
0x00160a9d	0xStack[-0x10]	WRITE	0
0x00160aa0	0xStack[-0xc]	WRITE	0
0x00160aa3	0xStack[-0xc]	READ	0
0x00160aa6	0xStack[-0x10]	READ	0
0x00160aa9	0xStack[0x8]	READ	1
0x00160aad	0xStack[0x4]	READ	1
0x00160ab1	0x001693ec	UNCONDITIONAL_CALL	0
0x00160ab6	0xStack[-0x18]	DATA	0
0x00160ac3	0xStack[0x8]	READ	1
0x00160ac7	0xStack[0x4]	READ	1
0x00160acb	0x0016957c	UNCONDITIONAL_CALL	0
0x00160ae3	0xStack[0x8]	READ	1
0x00160ae6	0xStack[-0x8]	DATA	0
0x00160aea	0x001875b0	UNCONDITIONAL_CALL	0
0x00160af4	0x00160ba4	CONDITIONAL_JUMP	0
0x00160afa	0xStack[-0x8]	READ	1
0x00160b01	0x00160ba4	CONDITIONAL_JUMP	0
0x00160b07	0x00160b3c	COMPUTED_JUMP	-1
0x00160b07	0x00160b54	COMPUTED_JUMP	-1
0x00160b07	0x00160b80	COMPUTED_JUMP	-1
0x00160b07	0x00160ba4	COMPUTED_JUMP	-1
0x00160b07	0x00160b9f	COMPUTED_JUMP	-1
0x00160b07	0x00160b10	DATA	0
0x00160b10	0x00160b3c	DATA	0
0x00160b14	0x00160b54	DATA	0
0x00160b18	0x00160b80	DATA	0
0x00160b1c	0x00160b80	DATA	0
0x00160b20	0x00160ba4	DATA	0
0x00160b24	0x00160ba4	DATA	0
0x00160b28	0x00160b9f	DATA	0
0x00160b2c	0x00160b54	DATA	0
0x00160b30	0x00160b3c	DATA	0
0x00160b34	0x00160b54	DATA	0
0x00160b38	0x00160b80	DATA	0
0x00160b3c	0x001e5e4c	WRITE	0
0x00160b4a	0x001874ec	UNCONDITIONAL_CALL	0
0x00160b52	0x00160ba4	UNCONDITIONAL_JUMP	0
0x00160b54	0x001e5e4c	WRITE	0
0x00160b62	0x001874ec	UNCONDITIONAL_CALL	0
0x00160b67	0x001e5e4c	WRITE	0
0x00160b75	0x001874ec	UNCONDITIONAL_CALL	0
0x00160b7d	0x00160ba4	UNCONDITIONAL_JUMP	0
0x00160b80	0x001e5e4c	READ	0
0x00160b87	0x00160b9f	CONDITIONAL_JUMP	0
0x00160b89	0x001e5e4c	WRITE	0
0x00160b97	0x001874ec	UNCONDITIONAL_CALL	0
0x00160b9f	0x001877e4	UNCONDITIONAL_CALL	0
0x00160ba6	0x00160bb9	CONDITIONAL_JUMP	0
0x00160baa	0x00160adc	DATA	0
0x00160baf	0x00169784	UNCONDITIONAL_CALL	0
0x00160bc0	0x001691e8	UNCONDITIONAL_CALL	0
0x00160bc8	0x00169944	UNCONDITIONAL_CALL	0
0x00160bcd	0xStack[-0xc]	READ	1
0x00160bdb	0x001df224	READ	0
0x00160be2	0x00160cf1	CONDITIONAL_JUMP	0
0x00160be8	0x00187400	UNCONDITIONAL_CALL	0
0x00160bef	0x00160cdd	CONDITIONAL_JUMP	0
0x00160bf7	0xStack[-0x8]	DATA	0
0x00160bfb	0x001875b0	UNCONDITIONAL_CALL	0
0x00160c05	0x00160cb4	CONDITIONAL_JUMP	0
0x00160c0b	0xStack[-0x8]	READ	1
0x00160c12	0x00160cb4	CONDITIONAL_JUMP	0
0x00160c18	0x00160c4c	COMPUTED_JUMP	-1
0x00160c18	0x00160c64	COMPUTED_JUMP	-1
0x00160c18	0x00160c90	COMPUTED_JUMP	-1
0x00160c18	0x00160cb4	COMPUTED_JUMP	-1
0x00160c18	0x00160caf	COMPUTED_JUMP	-1
0x00160c18	0x00160c20	DATA	0
0x00160c20	0x00160c4c	DATA	0
0x00160c24	0x00160c64	DATA	0
0x00160c28	0x00160c90	DATA	0
0x00160c2c	0x00160c90	DATA	0
0x00160c30	0x00160cb4	DATA	0
0x00160c34	0x00160cb4	DATA	0
0x00160c38	0x00160caf	DATA	0
0x00160c3c	0x00160c64	DATA	0
0x00160c40	0x00160c4c	DATA	0
0x00160c44	0x00160c64	DATA	0
0x00160c48	0x00160c90	DATA	0
0x00160c4c	0x001e5e4c	WRITE	0
0x00160c5a	0x001874ec	UNCONDITIONAL_CALL	0
0x00160c62	0x00160cb4	UNCONDITIONAL_JUMP	0
0x00160c64	0x001e5e4c	WRITE	0
0x00160c72	0x001874ec	UNCONDITIONAL_CALL	0
0x00160c77	0x001e5e4c	WRITE	0
0x00160c85	0x001874ec	UNCONDITIONAL_CALL	0
0x00160c8d	0x00160cb4	UNCONDITIONAL_JUMP	0
0x00160c90	0x001e5e4c	READ	0
0x00160c97	0x00160caf	CONDITIONAL_JUMP	0
0x00160c99	0x001e5e4c	WRITE	0
0x00160ca7	0x001874ec	UNCONDITIONAL_CALL	0
0x00160caf	0x001877e4	UNCONDITIONAL_CALL	0
0x00160cb6	0x00160cc9	CONDITIONAL_JUMP	0
0x00160cba	0x00160adc	DATA	0
0x00160cbf	0x00169784	UNCONDITIONAL_CALL	0
0x00160cd0	0x001691e8	UNCONDITIONAL_CALL	0
0x00160cd8	0x00169944	UNCONDITIONAL_CALL	0
0x00160cdd	0x001e5e4c	WRITE	0
0x00160ce7	0x001df224	WRITE	0
0x00160cf1	0xStack[-0xc]	READ	1
0x00160cfb	0x001e97b0	DATA	1
0x00160cfb	0xStack[0x4]	READ	0
0x00160d02	0x00160d18	CONDITIONAL_JUMP	0
0x00160d04	0xStack[0xc]	READ	1
0x00160d08	0xStack[0x8]	READ	1
0x00160d0c	0x001874ec	UNCONDITIONAL_CALL	0
0x00160d2c	0xStack[0x8]	READ	1
0x00160d2f	0x001e97b0	DATA	1
0x00160d2f	0xStack[0x4]	READ	0
0x00160d36	0x00160d44	CONDITIONAL_JUMP	0
0x00160d3d	0x00160e03	UNCONDITIONAL_JUMP	0
0x00160d44	0xStack[-0x8]	DATA	0
0x00160d48	0x001875b0	UNCONDITIONAL_CALL	0
0x00160d54	0x00160e01	CONDITIONAL_JUMP	0
0x00160d5a	0xStack[-0x8]	READ	1
0x00160d61	0x00160df8	CONDITIONAL_JUMP	0
0x00160d67	0x00160d9c	COMPUTED_JUMP	-1
0x00160d67	0x00160dac	COMPUTED_JUMP	-1
0x00160d67	0x00160dd4	COMPUTED_JUMP	-1
0x00160d67	0x00160df8	COMPUTED_JUMP	-1
0x00160d67	0x00160df3	COMPUTED_JUMP	-1
0x00160d67	0x00160d70	DATA	0
0x00160d70	0x00160d9c	DATA	0
0x00160d74	0x00160dac	DATA	0
0x00160d78	0x00160dd4	DATA	0
0x00160d7c	0x00160dd4	DATA	0
0x00160d80	0x00160df8	DATA	0
0x00160d84	0x00160df8	DATA	0
0x00160d88	0x00160df3	DATA	0
0x00160d8c	0x00160dac	DATA	0
0x00160d90	0x00160d9c	DATA	0
0x00160d94	0x00160dac	DATA	0
0x00160d98	0x00160dd4	DATA	0
0x00160d9c	0x001e5e4c	WRITE	0
0x00160da8	0x00160dcb	UNCONDITIONAL_JUMP	0
0x00160dac	0x001e5e4c	WRITE	0
0x00160dba	0x001874ec	UNCONDITIONAL_CALL	0
0x00160dbf	0x001e5e4c	WRITE	0
0x00160dcd	0x001874ec	UNCONDITIONAL_CALL	0
0x00160dd2	0x00160df8	UNCONDITIONAL_JUMP	0
0x00160dd4	0x001e5e4c	READ	0
0x00160ddb	0x00160df3	CONDITIONAL_JUMP	0
0x00160ddd	0x001e5e4c	WRITE	0
0x00160deb	0x001874ec	UNCONDITIONAL_CALL	0
0x00160df3	0x001877e4	UNCONDITIONAL_CALL	0
0x00160dfa	0x00160e01	CONDITIONAL_JUMP	0
0x00160dfc	0xStack[-0x8]	READ	1
0x00160e03	0xStack[-0x10]	DATA	0
0x00160e0f	0x001e97b0	DATA	1
0x00160e0f	0xStack[0x4]	READ	0
0x00160e16	0x00160e28	CONDITIONAL_JUMP	0
0x00160e18	0xStack[0x8]	READ	1
0x00160e1c	0x0018762c	UNCONDITIONAL_CALL	0
0x00160e37	0x001e97b0	DATA	1
0x00160e37	0xStack[0x4]	READ	0
0x00160e3e	0x00160e54	CONDITIONAL_JUMP	0
0x00160e40	0xStack[0xc]	READ	1
0x00160e44	0xStack[0x8]	READ	1
0x00160e48	0x001876d8	UNCONDITIONAL_CALL	0
0x00160e63	0x001e97b0	DATA	1
0x00160e63	0xStack[0x4]	READ	0
0x00160e6a	0x00160e78	CONDITIONAL_JUMP	0
0x00160e6c	0x00187770	UNCONDITIONAL_CALL	0
0x00160e8d	0xStack[0x4]	READ	1
0x00160e90	0xStack[0x8]	READ	1
0x00160e93	0x001e9050	DATA	1
0x00160e9a	0x001f6538	READ	1
0x00160ea0	0xStack[-0x8]	WRITE	0
0x00160ea3	0x001e977c	WRITE	0
0x00160ea9	0xStack[0x10]	READ	0
0x00160ead	0x00161128	CONDITIONAL_JUMP	0
0x00160eb9	0xStack[0xc]	READ	1
0x00160ec4	0x0016100c	CONDITIONAL_JUMP	0
0x00160eca	0x0018be68	UNCONDITIONAL_CALL	0
0x00160ecf	0xStack[-0xc]	WRITE	0
0x00160edc	0x00160eda	CONDITIONAL_JUMP	0
0x00160eea	0x00160ed8	CONDITIONAL_JUMP	0
0x00160eec	0x001f653c	READ	1
0x00160ef4	0x00160f04	CONDITIONAL_JUMP	0
0x00160ef7	0x00163dc8	UNCONDITIONAL_CALL	0
0x00160efc	0x00160fc8	UNCONDITIONAL_JUMP	0
0x00160f08	0x00160fcb	CONDITIONAL_JUMP	0
0x00160f12	0x00160fcb	CONDITIONAL_JUMP	0
0x00160f2a	0x00160f48	CONDITIONAL_JUMP	0
0x00160f3a	0x0016a30c	UNCONDITIONAL_CALL	0
0x00160f44	0x00160f56	UNCONDITIONAL_JUMP	0
0x00160f68	0x00160f84	CONDITIONAL_JUMP	0
0x00160f78	0x0016a30c	UNCONDITIONAL_CALL	0
0x00160f82	0x00160f94	UNCONDITIONAL_JUMP	0
0x00160fc3	0x00163d74	UNCONDITIONAL_CALL	0
0x00160fd0	0xStack[-0xc]	READ	1
0x00160fd4	0x0018b544	UNCONDITIONAL_CALL	0
0x00160fea	0x00160ffc	CONDITIONAL_JUMP	0
0x00160fec	0xStack[-0x8]	READ	1
0x00160ff5	0x00161123	UNCONDITIONAL_JUMP	0
0x00161005	0x00161123	UNCONDITIONAL_JUMP	0
0x0016100c	0x0018be68	UNCONDITIONAL_CALL	0
0x00161011	0xStack[-0xc]	WRITE	0
0x0016101c	0x0016101a	CONDITIONAL_JUMP	0
0x0016102a	0x00161018	CONDITIONAL_JUMP	0
0x0016102c	0x001f653c	READ	1
0x00161034	0x00161044	CONDITIONAL_JUMP	0
0x00161037	0x00163dc8	UNCONDITIONAL_CALL	0
0x0016103c	0x0016110f	UNCONDITIONAL_JUMP	0
0x00161048	0x00161112	CONDITIONAL_JUMP	0
0x00161052	0x00161112	CONDITIONAL_JUMP	0
0x0016106a	0x00161088	CONDITIONAL_JUMP	0
0x0016107a	0x0016a30c	UNCONDITIONAL_CALL	0
0x00161084	0x00161096	UNCONDITIONAL_JUMP	0
0x001610a8	0x001610c4	CONDITIONAL_JUMP	0
0x001610b8	0x0016a30c	UNCONDITIONAL_CALL	0
0x001610c2	0x001610d4	UNCONDITIONAL_JUMP	0
0x001610fa	0x00161112	CONDITIONAL_JUMP	0
0x0016110a	0x00163d74	UNCONDITIONAL_CALL	0
0x00161117	0xStack[-0xc]	READ	1
0x0016111b	0x0018b544	UNCONDITIONAL_CALL	0
0x00161123	0x001566b0	UNCONDITIONAL_CALL	0
0x00161128	0xStack[-0x18]	DATA	0
0x0016113a	0x001e9610	DATA	0
0x0016113f	0x001611fc	UNCONDITIONAL_CALL	0
0x00161144	0x001e9738	WRITE	0
0x00161153	0x001f6550	DATA	1
0x0016115c	0x001e9050	WRITE	0
0x0016115c	0x001f6550	DATA	1
0x0016115c	0x001e9054	WRITE	0
0x0016115c	0x001f6698	DATA	1
0x00161163	0x001f6550	DATA	0
0x00161163	0x001f6698	DATA	0
0x00161164	0x00161350	UNCONDITIONAL_CALL	0
0x00161178	0x0016115c	CONDITIONAL_JUMP	0
0x0016117a	0x001e8750	READ	1
0x0016117f	0x001e9050	DATA	1
0x00161186	0x001ea9dc	WRITE	0
0x0016118b	0x001e9604	WRITE	0
0x0016118b	0x001e9600	DATA	1
0x00161195	0x001e9600	WRITE	0
0x00161195	0x001e9600	WRITE	1
0x0016119f	0x001e9608	WRITE	0
0x001611a9	0x001e9600	WRITE	0
0x001611a9	0x001e9610	DATA	1
0x001611b3	0x001e9760	WRITE	0
0x001611b3	0x001e9600	DATA	1
0x001611bd	0x001e975c	WRITE	0
0x001611bd	0x001e9600	DATA	1
0x001611c7	0x001e9604	WRITE	0
0x001611c7	0x001e9610	DATA	1
0x001611d1	0x001f6540	WRITE	0
0x001611db	0x001e9764	WRITE	0
0x001611e5	0x001e9738	WRITE	0
0x001611ef	0xStack[-0x10]	DATA	0
0x00161200	0xStack[0x4]	READ	1
0x00161236	0x0016122c	CONDITIONAL_JUMP	0
0x0016131e	0x001f6538	READ	1
0x00161348	0xStack[-0x8]	READ	1
0x00161354	0xStack[0x4]	READ	1
0x0016138a	0x00161380	CONDITIONAL_JUMP	0
0x00161414	0xStack[0x8]	READ	1
0x0016141d	0xStack[-0x8]	READ	1
0x00161429	0xStack[0x4]	READ	1
0x0016142c	0xStack[0x8]	READ	1
0x00161435	0x00161444	CONDITIONAL_JUMP	0
0x00161437	0x001df228	DATA	0
0x0016143c	0x0010ca6c	UNCONDITIONAL_CALL	0
0x00161458	0x00161464	CONDITIONAL_JUMP	0
0x00161460	0x0016146a	UNCONDITIONAL_JUMP	0
0x00161472	0x0016147c	CONDITIONAL_JUMP	0
0x0016147a	0x00161482	UNCONDITIONAL_JUMP	0
0x00161493	0x00161894	UNCONDITIONAL_CALL	0
0x00161498	0xStack[-0xc]	DATA	0
0x001614a9	0xStack[0x4]	READ	1
0x001614ac	0xStack[0x8]	READ	1
0x001614bd	0x001614c8	CONDITIONAL_JUMP	0
0x001614c5	0x001614ce	UNCONDITIONAL_JUMP	0
0x001614f3	0x00161894	UNCONDITIONAL_CALL	0
0x001614f8	0xStack[-0xc]	DATA	0
0x00161509	0xStack[0x4]	READ	1
0x0016150c	0xStack[0x8]	READ	1
0x00161512	0x00161554	CONDITIONAL_JUMP	0
0x00161522	0x0016152c	CONDITIONAL_JUMP	0
0x0016152a	0x0016152f	UNCONDITIONAL_JUMP	0
0x00161537	0x00161544	CONDITIONAL_JUMP	0
0x0016153f	0x00161547	UNCONDITIONAL_JUMP	0
0x00161554	0xStack[-0xc]	DATA	0
0x00161565	0xStack[0x4]	READ	1
0x00161568	0xStack[0x8]	READ	1
0x00161579	0x00161584	CONDITIONAL_JUMP	0
0x00161581	0x00161587	UNCONDITIONAL_JUMP	0
0x001615a2	0xStack[-0xc]	DATA	0
0x001615b1	0xStack[0x4]	READ	1
0x001615b4	0xStack[0x8]	READ	1
0x001615c5	0x001615d0	CONDITIONAL_JUMP	0
0x001615cd	0x001615d3	UNCONDITIONAL_JUMP	0
0x001615db	0x001615e8	CONDITIONAL_JUMP	0
0x001615e3	0x001615eb	UNCONDITIONAL_JUMP	0
0x001615fb	0xStack[-0xc]	DATA	0
0x00161609	0xStack[0x4]	READ	1
0x0016160c	0xStack[0x8]	READ	1
0x0016161d	0x00161628	CONDITIONAL_JUMP	0
0x00161625	0x0016162b	UNCONDITIONAL_JUMP	0
0x00161649	0xStack[-0xc]	DATA	0
0x0016165d	0xStack[0x4]	READ	1
0x00161660	0xStack[0x8]	READ	1
0x00161663	0xStack[0xc]	READ	1
0x00161669	0xStack[-0x8]	WRITE	0
0x00161677	0x00161684	CONDITIONAL_JUMP	0
0x0016167f	0x0016168a	UNCONDITIONAL_JUMP	0
0x00161684	0xStack[-0x8]	READ	1
0x00161692	0x001616a0	CONDITIONAL_JUMP	0
0x00161694	0xStack[-0x8]	READ	1
0x0016169d	0x001616a6	UNCONDITIONAL_JUMP	0
0x001616a0	0xStack[-0x8]	READ	1
0x001616ba	0x001616c4	CONDITIONAL_JUMP	0
0x001616c2	0x001616c7	UNCONDITIONAL_JUMP	0
0x001616e5	0xStack[-0x14]	DATA	0
0x001616f4	0xStack[0x4]	READ	1
0x001616f9	0x00161742	CONDITIONAL_JUMP	0
0x00161708	0x00161706	CONDITIONAL_JUMP	0
0x00161716	0x00161704	CONDITIONAL_JUMP	0
0x0016172a	0x00161738	CONDITIONAL_JUMP	0
0x00161734	0x00161742	UNCONDITIONAL_JUMP	0
0x00161738	0x001df24a	DATA	0
0x0016173d	0x0010ca6c	UNCONDITIONAL_CALL	0
0x00161742	0xStack[-0x8]	READ	1
0x0016174f	0xStack[0x4]	READ	1
0x0016175c	0x0016175a	CONDITIONAL_JUMP	0
0x0016176a	0x00161758	CONDITIONAL_JUMP	0
0x00161789	0xStack[0x4]	READ	1
0x0016178c	0xStack[0x14]	READ	1
0x00161791	0x001617a0	CONDITIONAL_JUMP	0
0x00161798	0x00161828	UNCONDITIONAL_JUMP	0
0x001617a0	0xStack[0x8]	READ	0
0x001617a4	0x001617ab	CONDITIONAL_JUMP	0
0x001617a9	0x001617b4	CONDITIONAL_JUMP	0
0x001617b0	0x00161828	UNCONDITIONAL_JUMP	0
0x001617b4	0xStack[0x10]	READ	1
0x001617bd	0xStack[-0xc]	WRITE	0
0x001617c3	0x001e8e00	DATA	1
0x001617c8	0x001e8e04	DATA	1
0x001617ce	0x001e8e08	DATA	1
0x001617de	0x001617e4	CONDITIONAL_JUMP	0
0x001617e2	0x001617f0	CONDITIONAL_JUMP	0
0x001617eb	0x001617f7	UNCONDITIONAL_JUMP	0
0x001617f7	0xStack[-0xc]	READ	1
0x001617fd	0x001ea9dc	READ	0
0x00161803	0x00161810	CONDITIONAL_JUMP	0
0x0016180c	0x00161817	UNCONDITIONAL_JUMP	0
0x0016181d	0xStack[0xc]	READ	1
0x00161820	0x001e97b0	DATA	1
0x00161828	0xStack[-0x18]	DATA	0
0x00161837	0xStack[0x4]	READ	0
0x0016183b	0x00161848	CONDITIONAL_JUMP	0
0x00161857	0xStack[0x4]	READ	0
0x0016185b	0x00161868	CONDITIONAL_JUMP	0
0x00161877	0xStack[0x4]	READ	0
0x0016187b	0x00161888	CONDITIONAL_JUMP	0
0x00161897	0x001f6538	READ	1
0x0016189c	0x001e977c	WRITE	0
0x001618c3	0xStack[0x4]	READ	1
0x001618c6	0xStack[0x8]	READ	1
0x001618d2	0x001618d8	CONDITIONAL_JUMP	0
0x001618d6	0x001618e4	CONDITIONAL_JUMP	0
0x001618f8	0x001618f6	CONDITIONAL_JUMP	0
0x00161906	0x001618f4	CONDITIONAL_JUMP	0
0x00161922	0xStack[0x4]	READ	1
0x00161925	0xStack[0x8]	READ	1
0x00161928	0xStack[0x10]	READ	1
0x0016192b	0xStack[0x14]	READ	1
0x00161930	0x001619fd	CONDITIONAL_JUMP	0
0x00161939	0x00161998	CONDITIONAL_JUMP	0
0x0016193e	0x001619a2	CONDITIONAL_JUMP	0
0x0016194c	0x0016194a	CONDITIONAL_JUMP	0
0x0016195a	0x00161948	CONDITIONAL_JUMP	0
0x00161996	0x001619e7	UNCONDITIONAL_JUMP	0
0x0016199b	0x001619f4	CONDITIONAL_JUMP	0
0x001619a0	0x001619ac	CONDITIONAL_JUMP	0
0x001619a7	0x00161a02	UNCONDITIONAL_JUMP	0
0x001619b8	0x001619b6	CONDITIONAL_JUMP	0
0x001619c6	0x001619b4	CONDITIONAL_JUMP	0
0x001619e7	0xStack[0xc]	READ	1
0x001619ea	0x001e97b0	DATA	1
0x001619f2	0x00161a02	UNCONDITIONAL_JUMP	0
0x001619f4	0xStack[0xc]	READ	1
0x00161a02	0xStack[-0x10]	DATA	0
0x00161a15	0xStack[0x4]	READ	1
0x00161a18	0xStack[0x8]	READ	1
0x00161a1d	0x00161a24	CONDITIONAL_JUMP	0
0x00161a22	0x00161a2c	CONDITIONAL_JUMP	0
0x00161a29	0x00161a8b	UNCONDITIONAL_JUMP	0
0x00161a38	0x00161a36	CONDITIONAL_JUMP	0
0x00161a46	0x00161a34	CONDITIONAL_JUMP	0
0x00161a4e	0xStack[0xc]	READ	0
0x00161a52	0x00161a81	CONDITIONAL_JUMP	0
0x00161a62	0x00161a81	CONDITIONAL_JUMP	0
0x00161a67	0x00161a7a	CONDITIONAL_JUMP	0
0x00161a6c	0xStack[-0x8]	WRITE	0
0x00161a6f	0x00168870	UNCONDITIONAL_CALL	0
0x00161a77	0xStack[-0x8]	READ	1
0x00161a7f	0x00161a64	CONDITIONAL_JUMP	0
0x00161a8b	0xStack[-0x14]	DATA	0
0x00161a9c	0xStack[0x4]	READ	1
0x00161a9f	0xStack[0x8]	READ	1
0x00161aa4	0x00161aae	CONDITIONAL_JUMP	0
0x00161aac	0x00161ab8	CONDITIONAL_JUMP	0
0x00161ab3	0x00161ae4	UNCONDITIONAL_JUMP	0
0x00161ac4	0x00161ac2	CONDITIONAL_JUMP	0
0x00161ad2	0x00161ac0	CONDITIONAL_JUMP	0
0x00161ae4	0xStack[-0x8]	READ	1
0x00161af5	0xStack[0x4]	READ	1
0x00161af8	0xStack[0x8]	READ	1
0x00161afd	0x00161b0c	CONDITIONAL_JUMP	0
0x00161b02	0x00161b0c	CONDITIONAL_JUMP	0
0x00161b0a	0x00161b14	CONDITIONAL_JUMP	0
0x00161b11	0x00161b85	UNCONDITIONAL_JUMP	0
0x00161b20	0x00161b1e	CONDITIONAL_JUMP	0
0x00161b2e	0x00161b1c	CONDITIONAL_JUMP	0
0x00161b38	0x00161b7b	CONDITIONAL_JUMP	0
0x00161b46	0xStack[0xc]	READ	0
0x00161b4a	0x00161b7b	CONDITIONAL_JUMP	0
0x00161b5a	0x00161b7b	CONDITIONAL_JUMP	0
0x00161b5f	0x00161b74	CONDITIONAL_JUMP	0
0x00161b66	0xStack[-0x8]	WRITE	0
0x00161b69	0x001688f4	UNCONDITIONAL_CALL	0
0x00161b71	0xStack[-0x8]	READ	1
0x00161b79	0x00161b5c	CONDITIONAL_JUMP	0
0x00161b85	0xStack[-0x14]	DATA	0
0x00161b99	0xStack[0x4]	READ	0
0x00161b9d	0x00161bac	CONDITIONAL_JUMP	0
0x00161ba4	0x00161e17	UNCONDITIONAL_JUMP	0
0x00161bac	0xStack[-0x8]	WRITE	0
0x00161bb3	0xStack[-0x10]	WRITE	0
0x00161bba	0xStack[0x4]	READ	1
0x00161bc8	0x00161bc6	CONDITIONAL_JUMP	0
0x00161bd6	0x00161bc4	CONDITIONAL_JUMP	0
0x00161bd8	0xStack[0x4]	READ	1
0x00161be2	0x00161de0	CONDITIONAL_JUMP	0
0x00161be8	0xStack[0x10]	READ	0
0x00161bec	0x00161bf8	CONDITIONAL_JUMP	0
0x00161bf4	0x00161c01	UNCONDITIONAL_JUMP	0
0x00161bf8	0xStack[0x4]	READ	1
0x00161c08	0xStack[-0xc]	WRITE	0
0x00161c0b	0xStack[-0x8]	READ	1
0x00161c10	0x00161c50	CONDITIONAL_JUMP	0
0x00161c14	0xStack[0x4]	READ	1
0x00161c1f	0x00161c2e	CONDITIONAL_JUMP	0
0x00161c22	0xStack[-0x10]	READ	1
0x00161c26	0x0015a824	UNCONDITIONAL_CALL	0
0x00161c2e	0xStack[-0xc]	READ	1
0x00161c31	0xStack[-0x8]	WRITE	0
0x00161c35	0x0015a75c	UNCONDITIONAL_CALL	0
0x00161c3a	0xStack[-0x10]	WRITE	0
0x00161c42	0x00161bc4	CONDITIONAL_JUMP	0
0x00161c49	0x00161e17	UNCONDITIONAL_JUMP	0
0x00161c50	0xStack[0x10]	READ	0
0x00161c54	0x00161c60	CONDITIONAL_JUMP	0
0x00161c56	0xStack[0x10]	READ	0
0x00161c5a	0x00161c94	CONDITIONAL_JUMP	0
0x00161c5c	0x00161cc3	UNCONDITIONAL_JUMP	0
0x00161c60	0xStack[-0x10]	READ	1
0x00161c63	0xStack[-0x14]	WRITE	0
0x00161c68	0xStack[0x4]	READ	1
0x00161c73	0x00161cc3	CONDITIONAL_JUMP	0
0x00161c79	0x00165c94	UNCONDITIONAL_CALL	0
0x00161c7e	0xStack[-0x14]	READ	1
0x00161c8d	0x00161c78	CONDITIONAL_JUMP	0
0x00161c8f	0x00161cc3	UNCONDITIONAL_JUMP	0
0x00161c94	0xStack[-0x10]	READ	1
0x00161c97	0xStack[-0x18]	WRITE	0
0x00161c9c	0xStack[0x4]	READ	1
0x00161ca7	0x00161cc3	CONDITIONAL_JUMP	0
0x00161cad	0x00167238	UNCONDITIONAL_CALL	0
0x00161cb2	0xStack[-0x18]	READ	1
0x00161cc1	0x00161cac	CONDITIONAL_JUMP	0
0x00161cc5	0xStack[0x4]	READ	1
0x00161cd0	0x00161d00	CONDITIONAL_JUMP	0
0x00161cd2	0xStack[0x8]	READ	1
0x00161cdb	0xStack[0xc]	READ	1
0x00161ce4	0xStack[-0x8]	READ	0
0x00161ce8	0x00161e15	CONDITIONAL_JUMP	0
0x00161cee	0xStack[-0x8]	READ	1
0x00161cf2	0xStack[-0x10]	READ	1
0x00161cf6	0x0015a824	UNCONDITIONAL_CALL	0
0x00161cfb	0x00161e15	UNCONDITIONAL_JUMP	0
0x00161d00	0xStack[-0x8]	READ	1
0x00161d03	0xStack[-0xc]	READ	0
0x00161d06	0x00161da1	CONDITIONAL_JUMP	0
0x00161d0c	0xStack[-0xc]	READ	1
0x00161d10	0x0015a75c	UNCONDITIONAL_CALL	0
0x00161d1c	0x00161d80	CONDITIONAL_JUMP	0
0x00161d1e	0xStack[0x10]	READ	0
0x00161d22	0x00161d2c	CONDITIONAL_JUMP	0
0x00161d24	0xStack[0x10]	READ	0
0x00161d28	0x00161d4c	CONDITIONAL_JUMP	0
0x00161d2a	0x00161d69	UNCONDITIONAL_JUMP	0
0x00161d2c	0xStack[-0x10]	READ	1
0x00161d33	0x00161d69	CONDITIONAL_JUMP	0
0x00161d3c	0x00165bec	UNCONDITIONAL_CALL	0
0x00161d47	0x00161d38	CONDITIONAL_JUMP	0
0x00161d49	0x00161d69	UNCONDITIONAL_JUMP	0
0x00161d4c	0xStack[-0x10]	READ	1
0x00161d53	0x00161d69	CONDITIONAL_JUMP	0
0x00161d5c	0x00166ea0	UNCONDITIONAL_CALL	0
0x00161d67	0x00161d58	CONDITIONAL_JUMP	0
0x00161d69	0xStack[-0x8]	READ	1
0x00161d6d	0xStack[-0x10]	READ	1
0x00161d71	0x0015a824	UNCONDITIONAL_CALL	0
0x00161d7b	0x00161e17	UNCONDITIONAL_JUMP	0
0x00161d80	0xStack[-0xc]	READ	1
0x00161d85	0xStack[-0x10]	READ	1
0x00161d89	0x001013cc	UNCONDITIONAL_CALL	0
0x00161d8e	0xStack[-0x8]	READ	1
0x00161d92	0xStack[-0x10]	READ	1
0x00161d96	0x0015a824	UNCONDITIONAL_CALL	0
0x00161d9b	0xStack[-0x10]	WRITE	0
0x00161da1	0xStack[-0x10]	READ	1
0x00161da4	0xStack[0x8]	READ	1
0x00161da9	0xStack[0xc]	READ	1
0x00161dae	0xStack[0x10]	READ	0
0x00161db2	0x00161dbc	CONDITIONAL_JUMP	0
0x00161db4	0xStack[0x10]	READ	0
0x00161db8	0x00161df4	CONDITIONAL_JUMP	0
0x00161dba	0x00161e15	UNCONDITIONAL_JUMP	0
0x00161dc0	0x00161e15	CONDITIONAL_JUMP	0
0x00161dc2	0xStack[-0x10]	READ	1
0x00161dcb	0x0015a2e4	UNCONDITIONAL_CALL	0
0x00161ddb	0x00161dc8	CONDITIONAL_JUMP	0
0x00161ddd	0x00161e15	UNCONDITIONAL_JUMP	0
0x00161de2	0xStack[0x4]	READ	1
0x00161df0	0x00161e17	UNCONDITIONAL_JUMP	0
0x00161df8	0x00161e15	CONDITIONAL_JUMP	0
0x00161dfa	0xStack[-0x10]	READ	1
0x00161e03	0x0015a330	UNCONDITIONAL_CALL	0
0x00161e13	0x00161e00	CONDITIONAL_JUMP	0
0x00161e17	0xStack[-0x24]	DATA	0
0x00161e29	0xStack[0xc]	READ	1
0x00161e2d	0xStack[0x8]	READ	1
0x00161e31	0xStack[0x4]	READ	1
0x00161e35	0x00161b90	UNCONDITIONAL_CALL	0
0x00161e45	0xStack[0xc]	READ	1
0x00161e49	0xStack[0x8]	READ	1
0x00161e4d	0xStack[0x4]	READ	1
0x00161e51	0x00161b90	UNCONDITIONAL_CALL	0
0x00161e60	0xStack[0x4]	READ	1
0x00161e63	0xStack[0x8]	READ	1
0x00161e74	0xStack[-0x8]	READ	1
0x00161e80	0xStack[0x4]	READ	1
0x00161e83	0xStack[0x8]	READ	1
0x00161e96	0xStack[-0x8]	READ	1
0x00161ea4	0xStack[0x4]	READ	1
0x00161eab	0x00161ebc	CONDITIONAL_JUMP	0
0x00161eb8	0x00161ebe	UNCONDITIONAL_JUMP	0
0x00161ebe	0xStack[-0x8]	READ	1
0x00161ecc	0xStack[0x4]	READ	1
0x00161ed4	0x00161ee8	CONDITIONAL_JUMP	0
0x00161ee3	0x00161eea	UNCONDITIONAL_JUMP	0
0x00161eea	0xStack[-0x8]	READ	1
0x00161ef7	0xStack[0x8]	READ	1
0x00161f14	0xStack[0x4]	READ	1
0x00161f17	0xStack[0x8]	READ	1
0x00161f28	0xStack[-0x8]	READ	1
0x00161f33	0xStack[0x4]	READ	1
0x00161f58	0xStack[0x8]	READ	1
0x00161f5b	0xStack[-0x608]	DATA	0
0x00161f69	0xStack[0x4]	READ	1
0x00161f6d	0x001013cc	UNCONDITIONAL_CALL	0
0x00161f78	0x00161f8b	CONDITIONAL_JUMP	0
0x00161f7a	0xStack[-0x606]	READ	1
0x00161f81	0xStack[-0x60c]	WRITE	0
0x00161f89	0x00161fa4	CONDITIONAL_JUMP	0
0x00161f8b	0xStack[-0x606]	READ	1
0x00161f94	0x001df2b0	DATA	0
0x00161f99	0x001603b4	UNCONDITIONAL_CALL	0
0x00161fa0	0x0016201c	UNCONDITIONAL_JUMP	0
0x00161fa4	0xStack[-0x608]	READ	1
0x00161fac	0x00161fcc	CONDITIONAL_JUMP	0
0x00161fae	0xStack[-0x607]	READ	1
0x00161fbc	0x001df2d2	DATA	0
0x00161fc1	0x001603b4	UNCONDITIONAL_CALL	0
0x00161fc8	0x0016201c	UNCONDITIONAL_JUMP	0
0x00161fd2	0x00161ffc	CONDITIONAL_JUMP	0
0x00161fd4	0xStack[-0x604]	READ	1
0x00161fdb	0xStack[-0x607]	READ	1
0x00161fe3	0xStack[-0x60c]	READ	1
0x00161feb	0x001df2f8	DATA	0
0x00161ff0	0x001603b4	UNCONDITIONAL_CALL	0
0x00161ff7	0x0016201c	UNCONDITIONAL_JUMP	0
0x00161ffc	0xStack[0xc]	READ	1
0x00162002	0x001df274	DATA	1
0x00162010	0xStack[0x4]	READ	1
0x00162015	0x001013cc	UNCONDITIONAL_CALL	0
0x0016201c	0xStack[-0x618]	DATA	0
0x0016202f	0xStack[0x4]	READ	1
0x00162046	0x001df328	DATA	0
0x0016204b	0x001603b4	UNCONDITIONAL_CALL	0
0x0016205d	0xStack[0x8]	READ	1
0x00162060	0xStack[0xc]	READ	1
0x00162063	0xStack[0x4]	READ	1
0x00162069	0x00162070	CONDITIONAL_JUMP	0
0x0016206d	0x001620df	UNCONDITIONAL_JUMP	0
0x00162070	0x001f66a8	READ	0
0x00162077	0x00162090	CONDITIONAL_JUMP	0
0x0016207d	0x001f66a4	READ	0
0x00162083	0x001620ba	CONDITIONAL_JUMP	0
0x0016208c	0x001620c1	UNCONDITIONAL_JUMP	0
0x00162094	0x001f66a0	WRITE	0
0x0016209f	0x001f66b4	WRITE	0
0x001620a6	0x001f66a8	WRITE	0
0x001620b4	0x001f66a4	WRITE	0
0x001620ca	0x001f66a0	READ	1
0x001620df	0xStack[-0xc]	DATA	0
0x001620ec	0xStack[0x4]	READ	1
0x001620ef	0xStack[0x8]	READ	1
0x001620f2	0xStack[0xc]	READ	1
0x001620f8	0x0016215c	CONDITIONAL_JUMP	0
0x001620fa	0x001f66a8	READ	0
0x00162101	0x0016215c	CONDITIONAL_JUMP	0
0x00162103	0x001f66a0	READ	1
0x0016210d	0x001f66b4	WRITE	0
0x00162116	0x001f66a0	WRITE	0
0x0016211f	0x001f66a8	WRITE	0
0x00162129	0x001f66b0	WRITE	0
0x00162133	0x001f66a4	WRITE	0
0x0016213d	0x001f66b6	WRITE	0
0x00162158	0x0016215e	UNCONDITIONAL_JUMP	0
0x0016215e	0xStack[-0x8]	READ	1
0x0016216e	0xStack[0x4]	READ	1
0x00162171	0xStack[0x8]	READ	1
0x00162174	0xStack[0xc]	READ	1
0x0016217a	0x001621a8	CONDITIONAL_JUMP	0
0x00162189	0x00185d60	UNCONDITIONAL_CALL	0
0x0016218e	0x001f66a0	READ	1
0x001621a3	0x001621aa	UNCONDITIONAL_JUMP	0
0x001621aa	0xStack[-0x10]	DATA	0
0x001621b8	0xStack[0x4]	READ	1
0x001621bb	0xStack[0x8]	READ	1
0x001621be	0xStack[0xc]	READ	1
0x001621c4	0x001621f0	CONDITIONAL_JUMP	0
0x001621cf	0x001f66b0	WRITE	0
0x001621d9	0x001f66a0	READ	1
0x001621ee	0x001621f2	UNCONDITIONAL_JUMP	0
0x001621f2	0xStack[-0x8]	READ	1
0x00162200	0xStack[0x4]	READ	1
0x00162203	0xStack[0x8]	READ	1
0x00162206	0xStack[0xc]	READ	1
0x0016220c	0x00162238	CONDITIONAL_JUMP	0
0x00162217	0x001f66b0	WRITE	0
0x00162221	0x001f66a0	READ	1
0x00162236	0x0016223a	UNCONDITIONAL_JUMP	0
0x0016223a	0xStack[-0x8]	READ	1
0x0016224a	0xStack[0x8]	READ	1
0x0016224d	0xStack[0xc]	READ	1
0x00162250	0xStack[0x4]	READ	1
0x00162256	0x0016225c	CONDITIONAL_JUMP	0
0x0016225a	0x001622a3	UNCONDITIONAL_JUMP	0
0x00162264	0x00162270	CONDITIONAL_JUMP	0
0x0016226d	0x00162285	UNCONDITIONAL_JUMP	0
0x00162279	0x00189c1c	UNCONDITIONAL_CALL	0
0x0016228e	0x001f66a0	READ	1
0x001622a3	0xStack[-0x10]	DATA	0
0x001622b6	0xStack[0x8]	READ	1
0x001622b9	0xStack[0x4]	READ	1
0x001622bf	0x001622c8	CONDITIONAL_JUMP	0
0x001622c3	0x00162319	UNCONDITIONAL_JUMP	0
0x001622da	0x001622e8	CONDITIONAL_JUMP	0
0x001622e3	0x00162301	UNCONDITIONAL_JUMP	0
0x001622f1	0x00189c1c	UNCONDITIONAL_CALL	0
0x00162301	0x001f66a0	READ	1
0x00162308	0xStack[0xc]	READ	1
0x00162319	0xStack[-0x10]	DATA	0
0x00162328	0xStack[0x4]	READ	1
0x0016232b	0xStack[0x8]	READ	1
0x0016232e	0xStack[0xc]	READ	1
0x00162334	0x00162360	CONDITIONAL_JUMP	0
0x00162346	0x001f66a0	READ	1
0x0016235b	0x00162362	UNCONDITIONAL_JUMP	0
0x00162362	0xStack[-0x8]	READ	1
0x00162371	0xStack[0x4]	READ	1
0x00162374	0xStack[0x8]	READ	1
0x00162377	0xStack[0xc]	READ	1
0x0016237d	0x001623d0	CONDITIONAL_JUMP	0
0x001623b8	0x001f66a0	READ	1
0x001623cd	0x001623d2	UNCONDITIONAL_JUMP	0
0x001623d2	0xStack[-0xc]	DATA	0
0x001623e5	0xStack[0x4]	READ	1
0x001623e8	0xStack[0x8]	READ	1
0x001623eb	0xStack[0xc]	READ	1
0x001623f1	0x00162438	CONDITIONAL_JUMP	0
0x001623fa	0xStack[-0x8]	WRITE	0
0x001623fd	0xStack[-0x8]	DATA	0
0x0016240d	0x00185cf0	UNCONDITIONAL_CALL	0
0x0016241e	0x001f66a0	READ	1
0x00162433	0x0016243a	UNCONDITIONAL_JUMP	0
0x0016243a	0xStack[-0x14]	DATA	0
0x0016244d	0xStack[0x4]	READ	1
0x00162450	0xStack[0x8]	READ	1
0x00162453	0xStack[0xc]	READ	1
0x00162459	0x0016249c	CONDITIONAL_JUMP	0
0x00162464	0xStack[-0x8]	DATA	0
0x00162474	0x00185c1c	UNCONDITIONAL_CALL	0
0x0016247c	0xStack[-0x8]	READ	1
0x00162484	0x001f66a0	READ	1
0x00162499	0x0016249e	UNCONDITIONAL_JUMP	0
0x0016249e	0xStack[-0x14]	DATA	0
0x001624b1	0xStack[0x4]	READ	1
0x001624b5	0xStack[-0x20]	DATA	0
0x001624b8	0xStack[-0x34]	DATA	0
0x001624bb	0xStack[-0x40]	WRITE	0
0x001624be	0x001e6448	READ	0
0x001624c5	0x001624d4	CONDITIONAL_JUMP	0
0x001624c7	0x001df3c6	DATA	0
0x001624cc	0x00185d80	UNCONDITIONAL_CALL	0
0x001624d4	0x001e6440	READ	1
0x001624dc	0x001e6440	WRITE	0
0x001624e4	0x001e5e54	DATA	1
0x001624ea	0x001013cc	UNCONDITIONAL_CALL	0
0x001624ef	0xStack[-0x1c]	WRITE	0
0x001624f6	0xStack[-0x20]	WRITE	0
0x001624fd	0xStack[-0x18]	WRITE	0
0x00162501	0xStack[-0x17]	WRITE	0
0x00162505	0x001e6444	READ	1
0x00162518	0xStack[-0x16]	WRITE	0
0x0016251c	0xStack[-0x14]	READ	1
0x0016251f	0xStack[-0x10]	READ	1
0x00162522	0xStack[-0x14]	WRITE	0
0x00162525	0xStack[-0x10]	WRITE	0
0x00162531	0xStack[-0xc]	WRITE	0
0x00162535	0xStack[-0xa]	WRITE	0
0x00162539	0xStack[-0x8]	WRITE	0
0x0016253d	0xStack[-0x6]	WRITE	0
0x00162545	0x001e6440	READ	1
0x0016254a	0x001e5e54	DATA	1
0x00162551	0x001013cc	UNCONDITIONAL_CALL	0
0x00162558	0xStack[-0x40]	READ	1
0x0016255c	0x001e6440	READ	1
0x00162561	0x001e5e54	DATA	1
0x00162567	0x001013cc	UNCONDITIONAL_CALL	0
0x0016256c	0x001e6444	READ	1
0x0016257d	0xStack[-0x32]	WRITE	0
0x00162581	0xStack[-0x34]	READ	1
0x00162588	0xStack[-0x34]	WRITE	0
0x0016258b	0x001eaa88	READ	1
0x00162592	0x001eaa88	READ_WRITE	0
0x0016259d	0xStack[-0x30]	WRITE	0
0x001625a5	0xStack[-0x34]	WRITE	0
0x001625a8	0x001dbef0	READ	1
0x001625ae	0xStack[-0x2c]	WRITE	0
0x001625b1	0xStack[-0x2a]	WRITE	0
0x001625ba	0xStack[-0x40]	READ	1
0x001625bd	0xStack[-0x44]	WRITE	0
0x001625cb	0x001625fe	CONDITIONAL_JUMP	0
0x001625cd	0xStack[-0x32]	DATA	0
0x001625d0	0xStack[-0x48]	WRITE	0
0x001625d4	0xStack[-0x48]	READ	1
0x001625d7	0xStack[-0x33]	READ	1
0x001625db	0xStack[-0x31]	READ	1
0x001625e1	0xStack[-0x44]	READ_WRITE	0
0x001625e4	0xStack[-0x34]	DATA	1
0x001625e7	0xStack[-0x32]	DATA	1
0x001625f1	0xStack[-0x48]	WRITE	0
0x001625fc	0x001625d4	CONDITIONAL_JUMP	0
0x00162603	0xStack[-0x44]	READ	1
0x00162617	0x0016261b	CONDITIONAL_JUMP	0
0x00162627	0xStack[-0x40]	READ	1
0x0016262a	0xStack[-0x2a]	WRITE	0
0x00162630	0x001e6440	READ	1
0x00162635	0x001e5e54	DATA	1
0x0016263c	0x001013cc	UNCONDITIONAL_CALL	0
0x00162641	0x001e6444	READ_WRITE	0
0x00162648	0x001e6440	READ	1
0x00162651	0x001e6440	WRITE	0
0x00162657	0x001e5e54	DATA	1
0x00162660	0xStack[-0x3c]	DATA	0
0x0016266a	0x001013cc	UNCONDITIONAL_CALL	0
0x00162676	0x001013cc	UNCONDITIONAL_CALL	0
0x00162682	0x001013cc	UNCONDITIONAL_CALL	0
0x00162693	0x001e5e36	DATA	1
0x00162697	0x001e6444	READ_WRITE	0
0x001626a3	0x001e644c	DATA	0
0x001626a8	0x001e5e54	DATA	0
0x001626ad	0x001013cc	UNCONDITIONAL_CALL	0
0x001626b2	0x001e6444	READ	1
0x001626b9	0x001e6440	READ	1
0x001626be	0x001e5e54	DATA	1
0x001626c4	0x00185dc0	UNCONDITIONAL_CALL	0
0x001626c9	0x001e5e50	READ_WRITE	0
0x001626cf	0xStack[-0x54]	DATA	0
0x001626e5	0xStack[0x4]	READ	1
0x001626e9	0xStack[-0x20]	DATA	0
0x001626ec	0xStack[-0x34]	DATA	0
0x001626ef	0xStack[-0x38]	WRITE	0
0x001626f2	0x001e6448	READ	0
0x001626f9	0x00162708	CONDITIONAL_JUMP	0
0x001626fb	0x001df3d0	DATA	0
0x00162700	0x00185d80	UNCONDITIONAL_CALL	0
0x00162708	0x001e6440	READ	1
0x00162710	0x001e6440	WRITE	0
0x00162718	0x001e5e54	DATA	1
0x0016271e	0x001013cc	UNCONDITIONAL_CALL	0
0x00162723	0xStack[-0x1c]	WRITE	0
0x0016272a	0xStack[-0x20]	WRITE	0
0x00162731	0xStack[-0x18]	WRITE	0
0x00162735	0xStack[-0x17]	WRITE	0
0x00162739	0x001e6444	READ	1
0x0016274c	0xStack[-0x16]	WRITE	0
0x00162750	0x001f66c0	READ	1
0x00162756	0xStack[-0x14]	WRITE	0
0x00162759	0x001f66cc	READ	1
0x0016275f	0xStack[-0x10]	WRITE	0
0x0016276b	0xStack[-0xc]	WRITE	0
0x0016276f	0xStack[-0xa]	WRITE	0
0x00162773	0xStack[-0x8]	WRITE	0
0x00162777	0xStack[-0x6]	WRITE	0
0x0016277f	0x001e6440	READ	1
0x00162784	0x001e5e54	DATA	1
0x0016278b	0x001013cc	UNCONDITIONAL_CALL	0
0x00162792	0xStack[-0x38]	READ	1
0x00162796	0x001e6440	READ	1
0x0016279b	0x001e5e54	DATA	1
0x001627a1	0x001013cc	UNCONDITIONAL_CALL	0
0x001627a6	0x001e6444	READ	1
0x001627b7	0xStack[-0x32]	WRITE	0
0x001627bb	0xStack[-0x34]	READ	1
0x001627c2	0xStack[-0x34]	WRITE	0
0x001627c5	0x001eaa88	READ	1
0x001627cc	0x001eaa88	READ_WRITE	0
0x001627d7	0xStack[-0x30]	WRITE	0
0x001627df	0xStack[-0x34]	WRITE	0
0x001627e2	0x001dbef0	READ	1
0x001627e8	0xStack[-0x2c]	WRITE	0
0x001627eb	0xStack[-0x2a]	WRITE	0
0x001627f4	0xStack[-0x38]	READ	1
0x001627f7	0xStack[-0x3c]	WRITE	0
0x00162805	0x0016283a	CONDITIONAL_JUMP	0
0x00162807	0xStack[-0x32]	DATA	0
0x0016280a	0xStack[-0x40]	WRITE	0
0x00162810	0xStack[-0x40]	READ	1
0x00162813	0xStack[-0x33]	READ	1
0x00162817	0xStack[-0x31]	READ	1
0x0016281d	0xStack[-0x3c]	READ_WRITE	0
0x00162820	0xStack[-0x34]	DATA	1
0x00162823	0xStack[-0x32]	DATA	1
0x0016282d	0xStack[-0x40]	WRITE	0
0x00162838	0x00162810	CONDITIONAL_JUMP	0
0x0016283f	0xStack[-0x3c]	READ	1
0x00162853	0x00162857	CONDITIONAL_JUMP	0
0x00162863	0xStack[-0x38]	READ	1
0x00162866	0xStack[-0x2a]	WRITE	0
0x0016286c	0x001e6440	READ	1
0x00162871	0x001e5e54	DATA	1
0x00162878	0x001013cc	UNCONDITIONAL_CALL	0
0x0016287d	0x001e6444	READ_WRITE	0
0x00162884	0x001e6440	READ	1
0x0016288d	0x001e6440	WRITE	0
0x00162893	0x001e5e54	DATA	1
0x001628a2	0x001f66c4	DATA	0
0x001628a7	0x001013cc	UNCONDITIONAL_CALL	0
0x001628b2	0x001f66d0	DATA	0
0x001628b7	0x001013cc	UNCONDITIONAL_CALL	0
0x001628c8	0x001e5e36	DATA	1
0x001628cc	0x001e6444	READ	1
0x001628d4	0x001e6444	WRITE	0
0x001628da	0x001e6440	READ	1
0x001628df	0x001e5e54	DATA	1
0x001628e5	0x00185dc0	UNCONDITIONAL_CALL	0
0x001628ea	0xStack[-0x4c]	DATA	0
0x001628fd	0xStack[-0x20]	DATA	0
0x00162900	0xStack[-0x34]	DATA	0
0x00162903	0x001e6448	READ	0
0x0016290a	0x00162919	CONDITIONAL_JUMP	0
0x0016290c	0x001df3d9	DATA	0
0x00162911	0x00185d80	UNCONDITIONAL_CALL	0
0x00162919	0x001e6440	WRITE	0
0x00162925	0x001e6444	DATA	0
0x0016292a	0x001e5e54	DATA	0
0x0016292f	0x00185dd4	UNCONDITIONAL_CALL	0
0x00162937	0x001e6444	READ	1
0x0016293e	0x00162a18	CONDITIONAL_JUMP	0
0x00162947	0x00162a18	CONDITIONAL_JUMP	0
0x0016294d	0x001e6440	READ	1
0x00162952	0x001e5e54	DATA	1
0x0016295b	0x001e6440	WRITE	0
0x00162961	0x001e5e60	READ	1
0x0016296d	0x00162a18	CONDITIONAL_JUMP	0
0x00162976	0x001e5e62	DATA	1
0x0016297c	0x001e5e62	DATA	0
0x0016297d	0x001013cc	UNCONDITIONAL_CALL	0
0x00162985	0x001e6440	READ	1
0x0016298a	0x001e5e54	DATA	1
0x0016298f	0x001e5e62	DATA	0
0x00162990	0x001013cc	UNCONDITIONAL_CALL	0
0x00162995	0x001e6440	READ_WRITE	0
0x0016299f	0xStack[-0x17]	READ	0
0x001629a3	0x00162a18	CONDITIONAL_JUMP	0
0x001629a5	0xStack[-0x34]	READ	1
0x001629ae	0x00162a18	CONDITIONAL_JUMP	0
0x001629b0	0xStack[-0xa]	READ	1
0x001629bc	0x00162a18	CONDITIONAL_JUMP	0
0x001629be	0x001f66a8	READ	0
0x001629c5	0x001629f9	CONDITIONAL_JUMP	0
0x001629c9	0x001f66c4	DATA	0
0x001629ce	0x001e5e54	DATA	0
0x001629cf	0x001013cc	UNCONDITIONAL_CALL	0
0x001629d7	0xStack[-0x10]	READ	1
0x001629da	0x001f66c0	WRITE	0
0x001629e0	0x001e5e5a	DATA	1
0x001629e5	0x001f66d0	DATA	0
0x001629ea	0x001e5e5a	DATA	0
0x001629eb	0x001013cc	UNCONDITIONAL_CALL	0
0x001629f0	0xStack[-0x14]	READ	1
0x001629f3	0x001f66cc	WRITE	0
0x001629f9	0xStack[-0x8]	READ	1
0x00162a09	0x001e6444	WRITE	0
0x00162a0e	0x001e6448	WRITE	0
0x00162a18	0xStack[-0x40]	DATA	0
0x00162a2d	0xStack[0x4]	READ	1
0x00162a30	0xStack[0xc]	READ	1
0x00162a33	0x00185da4	UNCONDITIONAL_CALL	0
0x00162a38	0xStack[-0x14]	WRITE	0
0x00162a3b	0xStack[0x10]	READ	0
0x00162a3f	0x00162a4e	CONDITIONAL_JUMP	0
0x00162a41	0x001df4ac	DATA	0
0x00162a46	0x001603b4	UNCONDITIONAL_CALL	0
0x00162a53	0x00162a78	CONDITIONAL_JUMP	0
0x00162a55	0x00162a5b	CONDITIONAL_JUMP	0
0x00162a59	0x00162a5d	CONDITIONAL_JUMP	0
0x00162a5e	0xStack[0x8]	READ	1
0x00162a63	0x001df358	READ	1
0x00162a6a	0x001df3be	DATA	0
0x00162a6b	0x001df4d1	DATA	0
0x00162a70	0x001603b4	UNCONDITIONAL_CALL	0
0x00162a78	0x00185dfc	UNCONDITIONAL_CALL	0
0x00162a7d	0xStack[0x10]	READ	1
0x00162a80	0x001f66ac	WRITE	0
0x00162a86	0x001e6448	READ	0
0x00162a8d	0x00162a9c	CONDITIONAL_JUMP	0
0x00162a8f	0x001df4ea	DATA	0
0x00162a94	0x00185d80	UNCONDITIONAL_CALL	0
0x00162a9c	0x001f66a8	READ	0
0x00162aa3	0x00162b88	CONDITIONAL_JUMP	0
0x00162aa9	0x001df402	DATA	0
0x00162aae	0x001603b4	UNCONDITIONAL_CALL	0
0x00162ab3	0x001df42b	DATA	0
0x00162ab8	0x001603b4	UNCONDITIONAL_CALL	0
0x00162abd	0x001e5e50	WRITE	0
0x00162ac7	0xStack[-0xc]	DATA	0
0x00162aca	0x00162b07	UNCONDITIONAL_JUMP	0
0x00162acc	0x00196084	UNCONDITIONAL_CALL	0
0x00162ad4	0x00162ae0	CONDITIONAL_JUMP	0
0x00162ad9	0x00162af0	CONDITIONAL_JUMP	0
0x00162adb	0x00162b02	UNCONDITIONAL_JUMP	0
0x00162ae0	0x001df454	DATA	0
0x00162ae5	0x001603b4	UNCONDITIONAL_CALL	0
0x00162aea	0x00162c2a	UNCONDITIONAL_JUMP	0
0x00162af0	0x001df463	DATA	0
0x00162af5	0x001603b4	UNCONDITIONAL_CALL	0
0x00162afa	0x00185d98	UNCONDITIONAL_CALL	0
0x00162b02	0x001628f4	UNCONDITIONAL_CALL	0
0x00162b07	0x001e6448	READ	0
0x00162b0e	0x00162acc	CONDITIONAL_JUMP	0
0x00162b13	0x001e6440	READ	1
0x00162b18	0x001e5e54	DATA	1
0x00162b1e	0x001013cc	UNCONDITIONAL_CALL	0
0x00162b26	0xStack[-0xc]	DATA	0
0x00162b29	0x00162b63	CONDITIONAL_JUMP	0
0x00162b2b	0x001e5e50	READ	1
0x00162b31	0xStack[-0xb]	READ	0
0x00162b34	0x00162b63	CONDITIONAL_JUMP	0
0x00162b36	0xStack[-0xe]	DATA	0
0x00162b3a	0x001e6444	DATA	0
0x00162b3f	0x001e6440	READ	1
0x00162b44	0x001e5e54	DATA	1
0x00162b4a	0x00161f4c	UNCONDITIONAL_CALL	0
0x00162b54	0x00162b63	CONDITIONAL_JUMP	0
0x00162b56	0xStack[-0xe]	READ	1
0x00162b5b	0x001624a8	UNCONDITIONAL_CALL	0
0x00162b63	0x001e6448	WRITE	0
0x00162b6d	0x001f66a8	READ	0
0x00162b74	0x00162b07	CONDITIONAL_JUMP	0
0x00162b76	0x001df471	DATA	0
0x00162b7b	0x001603b4	UNCONDITIONAL_CALL	0
0x00162b80	0x00162c2a	UNCONDITIONAL_JUMP	0
0x00162b90	0x001e6440	WRITE	0
0x00162b9b	0xStack[0x8]	READ	1
0x00162ba0	0xStack[-0xe]	DATA	0
0x00162ba4	0x001e6444	DATA	0
0x00162ba9	0x001e5e7e	DATA	0
0x00162bae	0x00185b70	UNCONDITIONAL_CALL	0
0x00162bb3	0xStack[-0xe]	READ	1
0x00162bb8	0x001626dc	UNCONDITIONAL_CALL	0
0x00162bbd	0x001628f4	UNCONDITIONAL_CALL	0
0x00162bc5	0x001e6448	READ	0
0x00162bcc	0x00162be8	CONDITIONAL_JUMP	0
0x00162bce	0x001e6444	READ	1
0x00162bd5	0x001e6440	READ	1
0x00162bda	0x001e5e54	DATA	1
0x00162bdf	0x001e5e7e	DATA	0
0x00162be0	0x00185be8	UNCONDITIONAL_CALL	0
0x00162be8	0x001e6448	WRITE	0
0x00162bf2	0x001f66b8	READ	0
0x00162bf9	0x00162c2d	CONDITIONAL_JUMP	0
0x00162c00	0x00185dec	UNCONDITIONAL_CALL	0
0x00162c08	0x001f66b8	READ	0
0x00162c0f	0x00162c2d	CONDITIONAL_JUMP	0
0x00162c15	0x00162b90	CONDITIONAL_JUMP	0
0x00162c1b	0x001df490	DATA	0
0x00162c20	0x001603b4	UNCONDITIONAL_CALL	0
0x00162c25	0x00162d40	UNCONDITIONAL_CALL	0
0x00162c2d	0x001f66a8	READ	0
0x00162c34	0x00162d26	CONDITIONAL_JUMP	0
0x00162c3a	0x001f66b0	WRITE	0
0x00162c44	0xStack[-0xc]	DATA	0
0x00162c47	0xStack[0x10]	READ	1
0x00162c4a	0x001f66ac	WRITE	0
0x00162c50	0x00162c59	UNCONDITIONAL_JUMP	0
0x00162c54	0x001628f4	UNCONDITIONAL_CALL	0
0x00162c59	0x001e6448	READ	0
0x00162c60	0x00162c54	CONDITIONAL_JUMP	0
0x00162c65	0x001e6440	READ	1
0x00162c6a	0x001e5e54	DATA	1
0x00162c70	0x001013cc	UNCONDITIONAL_CALL	0
0x00162c78	0xStack[-0xc]	DATA	0
0x00162c7b	0x00162cf9	CONDITIONAL_JUMP	0
0x00162c7d	0xStack[-0xb]	READ	1
0x00162c83	0x001e5e50	READ	1
0x00162c89	0xStack[-0x18]	WRITE	0
0x00162c94	0x00162cb4	CONDITIONAL_JUMP	0
0x00162c96	0x001e6a3c	READ	1
0x00162c9d	0x001e6a38	READ	1
0x00162ca2	0x001e644c	DATA	1
0x00162ca8	0x00185dc0	UNCONDITIONAL_CALL	0
0x00162cb0	0x00162cf9	UNCONDITIONAL_JUMP	0
0x00162cb4	0xStack[-0x18]	READ	0
0x00162cb7	0x00162ccc	CONDITIONAL_JUMP	0
0x00162cbb	0x001df3e2	DATA	0
0x00162cc0	0x001603b4	UNCONDITIONAL_CALL	0
0x00162cc8	0x00162cf9	UNCONDITIONAL_JUMP	0
0x00162ccc	0xStack[-0xe]	DATA	0
0x00162cd0	0x001e6444	DATA	0
0x00162cd5	0x001e6440	READ	1
0x00162cda	0x001e5e54	DATA	1
0x00162ce0	0x00161f4c	UNCONDITIONAL_CALL	0
0x00162cea	0x00162cf9	CONDITIONAL_JUMP	0
0x00162cec	0xStack[-0xe]	READ	1
0x00162cf1	0x001624a8	UNCONDITIONAL_CALL	0
0x00162cf9	0x001e6448	WRITE	0
0x00162d03	0x001f66b0	READ	0
0x00162d0a	0x00162c59	CONDITIONAL_JUMP	0
0x00162d10	0x001f66a8	READ	0
0x00162d17	0x00162d26	CONDITIONAL_JUMP	0
0x00162d19	0x001df4fe	DATA	0
0x00162d1e	0x001603b4	UNCONDITIONAL_CALL	0
0x00162d26	0x00185dfc	UNCONDITIONAL_CALL	0
0x00162d2b	0xStack[-0x14]	READ	1
0x00162d2f	0x00185db0	UNCONDITIONAL_CALL	0
0x00162d34	0xStack[-0x24]	DATA	0
0x00162d43	0x001f66b4	WRITE	0
0x00162d4c	0x001f66a0	WRITE	0
0x00162d55	0x001f66a8	WRITE	0
0x00162d5f	0x001f66b0	WRITE	0
0x00162d69	0x001f66a4	WRITE	0
0x00162d73	0x001f66b6	WRITE	0
0x00162d88	0x001f6a10	DATA	1
0x00162d90	0x001f6a14	WRITE	0
0x00162d90	0x001f6a10	DATA	1
0x00162d90	0x001f6a1c	WRITE	0
0x00162d90	0x001f6a18	DATA	1
0x00162d96	0x001f6a10	WRITE	0
0x00162d96	0x001f6a18	WRITE	0
0x00162d96	0x001f6a18	DATA	1
0x00162d9d	0x001f6920	WRITE	0
0x00162d9d	0x001f6924	WRITE	0
0x00162daa	0x001f6a20	DATA	0
0x00162db4	0x00162d90	CONDITIONAL_JUMP	0
0x00162db6	0xStack[-0x8]	READ	1
0x00162dc5	0x001f6700	WRITE	0
0x00162dc5	0x00163d94	DATA	1
0x00162dcf	0x001f6704	WRITE	0
0x00162dd9	0x001f66e0	DATA	0
0x00162dde	0x0015bda8	UNCONDITIONAL_CALL	0
0x00162de3	0x001dee30	READ	1
0x00162df0	0x001f6538	WRITE	0
0x00162dfc	0x001f6a10	DATA	1
0x00162e04	0x001f6a14	WRITE	0
0x00162e04	0x001f6a10	DATA	1
0x00162e04	0x001f6a1c	WRITE	0
0x00162e04	0x001f6a18	DATA	1
0x00162e0a	0x001f6a10	WRITE	0
0x00162e0a	0x001f6a18	WRITE	0
0x00162e0a	0x001f6a18	DATA	1
0x00162e11	0x001f6920	WRITE	0
0x00162e11	0x001f6924	WRITE	0
0x00162e28	0x00162e04	CONDITIONAL_JUMP	0
0x00162e2a	0x00161134	UNCONDITIONAL_CALL	0
0x00162e2f	0x001f648c	WRITE	0
0x00162e2f	0x001f6488	DATA	1
0x00162e39	0x001f6488	WRITE	0
0x00162e39	0x001f6488	WRITE	1
0x00162e43	0x001f6484	WRITE	0
0x00162e4d	0x001f653c	WRITE	0
0x00162e57	0x00156694	UNCONDITIONAL_CALL	0
0x00162e5c	0xStack[-0xc]	DATA	0
0x00162e6f	0xStack[0x4]	READ	1
0x00162e73	0x0016303c	UNCONDITIONAL_CALL	0
0x00162e81	0x001e8b54	READ	1
0x00162e87	0x0018be68	UNCONDITIONAL_CALL	0
0x00162e98	0x00162e96	CONDITIONAL_JUMP	0
0x00162ea6	0x00162e94	CONDITIONAL_JUMP	0
0x00162eac	0x00162ec1	CONDITIONAL_JUMP	0
0x00162eae	0xStack[0x4]	READ	1
0x00162eb9	0x0015bdc4	UNCONDITIONAL_CALL	0
0x00162ec7	0x0018b544	UNCONDITIONAL_CALL	0
0x00162ecc	0xStack[-0xc]	DATA	0
0x00162edc	0xStack[0x4]	READ	1
0x00162edf	0x00162e68	DATA	1
0x00162ef6	0x0015bda8	UNCONDITIONAL_CALL	0
0x00162efb	0x001656ac	DATA	1
0x00162f12	0x0015bda8	UNCONDITIONAL_CALL	0
0x00162f17	0xStack[-0x8]	READ	1
0x00162f29	0xStack[0x4]	READ	1
0x00162f2c	0x001e8b54	READ	1
0x00162f37	0x00162f51	CONDITIONAL_JUMP	0
0x00162f3a	0x001df520	DATA	0
0x00162f3f	0x0010c0d8	UNCONDITIONAL_CALL	0
0x00162f44	0x001df54a	DATA	0
0x00162f49	0x0010ca6c	UNCONDITIONAL_CALL	0
0x00162f51	0x0018be68	UNCONDITIONAL_CALL	0
0x00162f56	0xStack[-0x8]	WRITE	0
0x00162f5b	0x00162ffc	CONDITIONAL_JUMP	0
0x00162f61	0x00162f70	CONDITIONAL_JUMP	0
0x00162f6d	0x00162f7c	UNCONDITIONAL_JUMP	0
0x00162f7c	0x001f6a10	DATA	1
0x00162f83	0xStack[-0xc]	WRITE	0
0x00162f86	0x001f6920	DATA	1
0x00162f8d	0xStack[-0x10]	WRITE	0
0x00162f90	0xStack[-0x10]	READ	1
0x00162f93	0x001f6920	DATA	1
0x00162f97	0x00162f95	CONDITIONAL_JUMP	0
0x00162f9e	0xStack[-0x10]	READ	1
0x00162fa1	0x001f6920	DATA	1
0x00162fa8	0x00162f90	CONDITIONAL_JUMP	0
0x00162fb4	0x00162fb2	CONDITIONAL_JUMP	0
0x00162fc2	0x00162fb0	CONDITIONAL_JUMP	0
0x00162fc4	0xStack[-0xc]	READ	1
0x00162fc9	0x001f6a14	DATA	1
0x00162fd4	0x001f6a14	DATA	1
0x00162fda	0xStack[0x8]	READ	0
0x00162fde	0x00162fe8	CONDITIONAL_JUMP	0
0x00162fe4	0x00162fec	UNCONDITIONAL_JUMP	0
0x00162ff3	0xStack[-0x10]	READ	1
0x00162ff6	0x001f6920	DATA	1
0x00162ff8	0x00163029	UNCONDITIONAL_JUMP	0
0x00163004	0x00163002	CONDITIONAL_JUMP	0
0x00163012	0x00163000	CONDITIONAL_JUMP	0
0x00163014	0xStack[0x8]	READ	0
0x00163018	0x00163020	CONDITIONAL_JUMP	0
0x0016301e	0x00163024	UNCONDITIONAL_JUMP	0
0x00163029	0xStack[-0x8]	READ	1
0x0016302d	0x0018b544	UNCONDITIONAL_CALL	0
0x00163032	0xStack[-0x1c]	DATA	0
0x00163045	0xStack[0x4]	READ	1
0x00163048	0x0018be68	UNCONDITIONAL_CALL	0
0x0016304d	0xStack[-0x8]	WRITE	0
0x00163058	0x00163056	CONDITIONAL_JUMP	0
0x00163066	0x00163054	CONDITIONAL_JUMP	0
0x00163068	0xStack[0xc]	READ	0
0x0016306c	0x00163078	CONDITIONAL_JUMP	0
0x00163072	0x00163188	CONDITIONAL_JUMP	0
0x0016307d	0x001630f5	CONDITIONAL_JUMP	0
0x00163086	0x0016308c	CONDITIONAL_JUMP	0
0x0016308a	0x00163090	UNCONDITIONAL_JUMP	0
0x00163098	0x001f6920	DATA	1
0x001630a0	0x001f6920	DATA	1
0x001630a4	0x001630a2	CONDITIONAL_JUMP	0
0x001630ab	0x001f6920	DATA	1
0x001630b2	0x001630a0	CONDITIONAL_JUMP	0
0x001630bc	0x001630ba	CONDITIONAL_JUMP	0
0x001630ca	0x001630b8	CONDITIONAL_JUMP	0
0x001630cf	0x001630e9	CONDITIONAL_JUMP	0
0x001630eb	0x001f6920	DATA	1
0x001630ef	0x00163188	CONDITIONAL_JUMP	0
0x001630ff	0x00163110	CONDITIONAL_JUMP	0
0x00163108	0x0015be2c	UNCONDITIONAL_CALL	0
0x00163119	0x00163188	CONDITIONAL_JUMP	0
0x0016311b	0x00163160	COMPUTED_JUMP	-1
0x0016311b	0x00163188	COMPUTED_JUMP	-1
0x0016311b	0x0016317c	COMPUTED_JUMP	-1
0x0016311b	0x00163124	DATA	0
0x00163124	0x00163160	DATA	0
0x00163128	0x00163188	DATA	0
0x0016312c	0x0016317c	DATA	0
0x00163130	0x00163188	DATA	0
0x00163134	0x0016317c	DATA	0
0x00163138	0x00163188	DATA	0
0x0016313c	0x0016317c	DATA	0
0x00163140	0x00163188	DATA	0
0x00163144	0x00163160	DATA	0
0x00163148	0x00163188	DATA	0
0x0016314c	0x00163160	DATA	0
0x00163150	0x00163188	DATA	0
0x00163154	0x0016317c	DATA	0
0x00163158	0x00163188	DATA	0
0x0016315c	0x0016317c	DATA	0
0x00163169	0xStack[0x8]	READ	1
0x00163172	0x0016400c	UNCONDITIONAL_CALL	0
0x0016317a	0x00163188	UNCONDITIONAL_JUMP	0
0x00163182	0xStack[0x8]	READ	1
0x0016318d	0xStack[-0x8]	READ	1
0x00163191	0x0018b544	UNCONDITIONAL_CALL	0
0x00163196	0xStack[-0x14]	DATA	0
0x001631a9	0xStack[0x4]	READ	0
0x001631ad	0x001631b4	CONDITIONAL_JUMP	0
0x001631af	0xStack[0x4]	READ	1
0x001631b2	0x001631b9	UNCONDITIONAL_JUMP	0
0x001631b4	0xStack[0x4]	READ	1
0x001631c3	0x001f6a10	DATA	1
0x001631ca	0xStack[-0x8]	WRITE	0
0x001631cd	0x0018be68	UNCONDITIONAL_CALL	0
0x001631d2	0xStack[-0xc]	WRITE	0
0x001631d5	0x001f6920	DATA	1
0x001631dc	0x001f6920	DATA	1
0x001631e0	0x001631de	CONDITIONAL_JUMP	0
0x001631e7	0x001f6920	DATA	1
0x001631ee	0x001631dc	CONDITIONAL_JUMP	0
0x001631f0	0xStack[-0x8]	READ	1
0x001631f3	0x001f6a10	DATA	1
0x001631f7	0x00163307	CONDITIONAL_JUMP	0
0x00163202	0xStack[0x4]	READ	1
0x00163208	0x001632fc	CONDITIONAL_JUMP	0
0x00163211	0xStack[-0x10]	WRITE	0
0x00163214	0xStack[-0x10]	READ	1
0x0016321b	0x00163219	CONDITIONAL_JUMP	0
0x00163222	0xStack[-0x10]	READ	1
0x0016322c	0x00163214	CONDITIONAL_JUMP	0
0x0016324b	0x0016325c	CONDITIONAL_JUMP	0
0x00163254	0x0015be2c	UNCONDITIONAL_CALL	0
0x0016325f	0xStack[-0x10]	WRITE	0
0x0016326b	0x001632e4	CONDITIONAL_JUMP	0
0x0016326d	0x001632b0	COMPUTED_JUMP	-1
0x0016326d	0x001632e4	COMPUTED_JUMP	-1
0x0016326d	0x001632d0	COMPUTED_JUMP	-1
0x0016326d	0x00163274	DATA	0
0x00163274	0x001632b0	DATA	0
0x00163278	0x001632e4	DATA	0
0x0016327c	0x001632d0	DATA	0
0x00163280	0x001632e4	DATA	0
0x00163284	0x001632d0	DATA	0
0x00163288	0x001632e4	DATA	0
0x0016328c	0x001632d0	DATA	0
0x00163290	0x001632e4	DATA	0
0x00163294	0x001632b0	DATA	0
0x00163298	0x001632e4	DATA	0
0x0016329c	0x001632b0	DATA	0
0x001632a0	0x001632e4	DATA	0
0x001632a4	0x001632d0	DATA	0
0x001632a8	0x001632e4	DATA	0
0x001632ac	0x001632d0	DATA	0
0x001632b0	0xStack[-0x10]	READ	1
0x001632ba	0xStack[0xc]	READ	1
0x001632c3	0x0016400c	UNCONDITIONAL_CALL	0
0x001632cb	0x001632f1	UNCONDITIONAL_JUMP	0
0x001632d0	0xStack[-0x10]	READ	1
0x001632d9	0xStack[0xc]	READ	1
0x001632df	0x001632f1	UNCONDITIONAL_JUMP	0
0x001632e4	0x001df556	DATA	0
0x001632e9	0x0010ca6c	UNCONDITIONAL_CALL	0
0x001632f6	0xStack[0x8]	READ	0
0x001632fa	0x00163307	CONDITIONAL_JUMP	0
0x001632fe	0xStack[-0x8]	READ	0
0x00163301	0x00163200	CONDITIONAL_JUMP	0
0x00163309	0x001f6920	DATA	1
0x0016330b	0xStack[-0xc]	READ	1
0x0016330f	0x0018b544	UNCONDITIONAL_CALL	0
0x00163314	0xStack[-0x1c]	DATA	0
0x00163329	0xStack[0x4]	READ	1
0x0016332c	0x001e8b54	READ	1
0x00163337	0x00163351	CONDITIONAL_JUMP	0
0x0016333a	0x001df520	DATA	0
0x0016333f	0x0010c0d8	UNCONDITIONAL_CALL	0
0x00163344	0x001df54a	DATA	0
0x00163349	0x0010ca6c	UNCONDITIONAL_CALL	0
0x00163351	0x0018be68	UNCONDITIONAL_CALL	0
0x00163356	0xStack[-0x8]	WRITE	0
0x0016335b	0x001633fc	CONDITIONAL_JUMP	0
0x00163361	0x00163370	CONDITIONAL_JUMP	0
0x0016336d	0x0016337c	UNCONDITIONAL_JUMP	0
0x0016337c	0x001f6a10	DATA	1
0x00163383	0xStack[-0xc]	WRITE	0
0x00163386	0x001f6920	DATA	1
0x0016338d	0xStack[-0x10]	WRITE	0
0x00163390	0xStack[-0x10]	READ	1
0x00163393	0x001f6920	DATA	1
0x00163397	0x00163395	CONDITIONAL_JUMP	0
0x0016339e	0xStack[-0x10]	READ	1
0x001633a1	0x001f6920	DATA	1
0x001633a8	0x00163390	CONDITIONAL_JUMP	0
0x001633b4	0x001633b2	CONDITIONAL_JUMP	0
0x001633c2	0x001633b0	CONDITIONAL_JUMP	0
0x001633c4	0xStack[-0xc]	READ	1
0x001633c9	0x001f6a14	DATA	1
0x001633d4	0x001f6a14	DATA	1
0x001633da	0xStack[0xc]	READ	0
0x001633de	0x001633e8	CONDITIONAL_JUMP	0
0x001633e4	0x001633ec	UNCONDITIONAL_JUMP	0
0x001633f3	0xStack[-0x10]	READ	1
0x001633f6	0x001f6920	DATA	1
0x001633f8	0x00163429	UNCONDITIONAL_JUMP	0
0x00163404	0x00163402	CONDITIONAL_JUMP	0
0x00163412	0x00163400	CONDITIONAL_JUMP	0
0x00163414	0xStack[0xc]	READ	0
0x00163418	0x00163420	CONDITIONAL_JUMP	0
0x0016341e	0x00163424	UNCONDITIONAL_JUMP	0
0x00163429	0xStack[-0x8]	READ	1
0x0016342d	0x0018b544	UNCONDITIONAL_CALL	0
0x00163437	0xStack[0x8]	READ	1
0x0016343e	0x00163a18	UNCONDITIONAL_CALL	0
0x00163443	0xStack[-0x1c]	DATA	0
0x00163455	0xStack[0x4]	READ	1
0x00163458	0x0018be68	UNCONDITIONAL_CALL	0
0x00163468	0x00163466	CONDITIONAL_JUMP	0
0x00163476	0x00163464	CONDITIONAL_JUMP	0
0x00163478	0xStack[0x8]	READ	1
0x00163487	0x0018b544	UNCONDITIONAL_CALL	0
0x0016348c	0xStack[-0xc]	DATA	0
0x0016349e	0xStack[0x4]	READ	1
0x001634b2	0x001634c8	CONDITIONAL_JUMP	0
0x001634b5	0x001643c0	UNCONDITIONAL_CALL	0
0x001634bc	0x001f6538	READ	1
0x001634c2	0x001635d3	UNCONDITIONAL_JUMP	0
0x001634c8	0x001e9610	DATA	1
0x001634cd	0x001e9710	DATA	1
0x001634d4	0x001e9710	READ	1
0x001634d8	0x001634d6	CONDITIONAL_JUMP	0
0x001634df	0x001e9710	READ_WRITE	0
0x001634e6	0x001634d4	CONDITIONAL_JUMP	0
0x001634e8	0x001e9718	READ	0
0x001634ef	0x00163544	CONDITIONAL_JUMP	0
0x001634f1	0x001e8b54	READ	1
0x001634fb	0x0016355a	CONDITIONAL_JUMP	0
0x00163505	0x0016350b	CONDITIONAL_JUMP	0
0x00163509	0x0016355a	CONDITIONAL_JUMP	0
0x0016350d	0x001e9710	READ_WRITE	0
0x0016351c	0x0016351a	CONDITIONAL_JUMP	0
0x0016352a	0x00163518	CONDITIONAL_JUMP	0
0x0016352c	0x001f653c	READ	1
0x00163534	0x0016353c	CONDITIONAL_JUMP	0
0x00163537	0x00163dc8	UNCONDITIONAL_CALL	0
0x00163541	0x001635b9	UNCONDITIONAL_JUMP	0
0x00163544	0x001e9714	READ	1
0x0016354d	0x001e9610	DATA	1
0x00163551	0x00163568	CONDITIONAL_JUMP	0
0x00163554	0x001e9714	WRITE	0
0x0016355a	0x001e9610	DATA	0
0x0016355c	0x0016448c	UNCONDITIONAL_CALL	0
0x00163563	0x001635b9	UNCONDITIONAL_JUMP	0
0x0016356a	0x00163570	CONDITIONAL_JUMP	0
0x0016356e	0x00163579	UNCONDITIONAL_JUMP	0
0x00163577	0x001e9610	DATA	1
0x00163580	0x001e9718	READ	1
0x00163589	0x001e9718	WRITE	0
0x00163592	0x001635b1	CONDITIONAL_JUMP	0
0x00163594	0x001e9778	READ	0
0x0016359b	0x001635b1	CONDITIONAL_JUMP	0
0x0016359d	0x001e9610	DATA	1
0x0016359f	0x001635b1	CONDITIONAL_JUMP	0
0x001635a4	0x001e9714	READ_WRITE	0
0x001635ad	0x001e9608	DATA	1
0x001635ad	0x001e9600	DATA	1
0x001635af	0x001635a4	CONDITIONAL_JUMP	0
0x001635b3	0x001e9710	READ_WRITE	0
0x001635bd	0x001635d0	CONDITIONAL_JUMP	0
0x001635bf	0x001e977c	READ	1
0x001635cb	0x001635d9	UNCONDITIONAL_JUMP	0
0x001635db	0xStack[-0x10]	DATA	0
0x001635f1	0xStack[0x4]	READ	1
0x001635f4	0xStack[0x8]	READ	1
0x001635f7	0xStack[0xc]	READ	1
0x001635fc	0x0016363c	CONDITIONAL_JUMP	0
0x00163608	0x00163606	CONDITIONAL_JUMP	0
0x00163616	0x00163604	CONDITIONAL_JUMP	0
0x00163623	0x00163630	CONDITIONAL_JUMP	0
0x00163625	0x0018b60c	UNCONDITIONAL_CALL	0
0x0016362b	0x0018d4e0	UNCONDITIONAL_CALL	0
0x00163635	0x001639df	UNCONDITIONAL_JUMP	0
0x0016363f	0xStack[-0x18]	WRITE	0
0x00163644	0xStack[-0x18]	READ	1
0x0016364b	0x00163649	CONDITIONAL_JUMP	0
0x00163652	0xStack[-0x18]	READ	1
0x0016365c	0x00163644	CONDITIONAL_JUMP	0
0x0016365e	0x001f6354	READ	1
0x00163666	0x00163964	CONDITIONAL_JUMP	0
0x0016366e	0x00163964	CONDITIONAL_JUMP	0
0x00163677	0xStack[-0x18]	WRITE	0
0x00163686	0x001636a0	CONDITIONAL_JUMP	0
0x00163688	0x00163998	CONDITIONAL_JUMP	0
0x00163693	0x00163983	CONDITIONAL_JUMP	0
0x00163699	0x00163998	UNCONDITIONAL_JUMP	0
0x001636a0	0xStack[-0x18]	READ	1
0x001636b1	0x001e90ac	READ	1
0x001636c1	0x001e90ac	WRITE	0
0x001636c6	0x001e90ac	READ	1
0x001636cc	0x00106e0c	UNCONDITIONAL_CALL	0
0x001636d3	0x0018d250	UNCONDITIONAL_CALL	0
0x001636db	0xStack[-0x18]	WRITE	0
0x001636e4	0xStack[-0x18]	READ	1
0x001636eb	0x001636e9	CONDITIONAL_JUMP	0
0x001636f2	0xStack[-0x18]	READ	1
0x001636fc	0x001636e4	CONDITIONAL_JUMP	0
0x00163707	0x00163904	CONDITIONAL_JUMP	0
0x0016370d	0x00163734	CONDITIONAL_JUMP	0
0x00163712	0x00163918	CONDITIONAL_JUMP	0
0x00163718	0x00163728	CONDITIONAL_JUMP	0
0x0016371d	0x00163904	CONDITIONAL_JUMP	0
0x00163723	0x00163934	UNCONDITIONAL_JUMP	0
0x0016372b	0x00163934	CONDITIONAL_JUMP	0
0x00163731	0x00163770	UNCONDITIONAL_JUMP	0
0x00163737	0x00163918	CONDITIONAL_JUMP	0
0x0016373d	0x00163758	CONDITIONAL_JUMP	0
0x00163742	0x00163918	CONDITIONAL_JUMP	0
0x0016374b	0x00163904	CONDITIONAL_JUMP	0
0x00163751	0x00163934	UNCONDITIONAL_JUMP	0
0x0016375b	0x00163770	CONDITIONAL_JUMP	0
0x00163762	0x00163928	CONDITIONAL_JUMP	0
0x00163768	0x00163934	UNCONDITIONAL_JUMP	0
0x0016377f	0x00163941	CONDITIONAL_JUMP	0
0x00163794	0xStack[-0x8]	WRITE	0
0x00163797	0x001637a0	CONDITIONAL_JUMP	0
0x0016379b	0x001637a5	UNCONDITIONAL_JUMP	0
0x001637a0	0xStack[-0x8]	READ	1
0x001637af	0x001f6a10	DATA	1
0x001637b6	0xStack[-0xc]	WRITE	0
0x001637b9	0x0018be68	UNCONDITIONAL_CALL	0
0x001637be	0xStack[-0x10]	WRITE	0
0x001637c1	0x001f6920	DATA	1
0x001637c8	0x001f6920	DATA	1
0x001637cc	0x001637ca	CONDITIONAL_JUMP	0
0x001637d3	0x001f6920	DATA	1
0x001637da	0x001637c8	CONDITIONAL_JUMP	0
0x001637dc	0xStack[-0xc]	READ	1
0x001637df	0x001f6a10	DATA	1
0x001637e3	0x001638f2	CONDITIONAL_JUMP	0
0x001637ee	0xStack[-0x14]	WRITE	0
0x001637f1	0xStack[-0x8]	READ	1
0x001637f7	0x001638e6	CONDITIONAL_JUMP	0
0x00163800	0xStack[-0x18]	WRITE	0
0x00163804	0xStack[-0x18]	READ	1
0x0016380b	0x00163809	CONDITIONAL_JUMP	0
0x00163812	0xStack[-0x18]	READ	1
0x0016381c	0x00163804	CONDITIONAL_JUMP	0
0x0016383b	0x0016384c	CONDITIONAL_JUMP	0
0x00163844	0x0015be2c	UNCONDITIONAL_CALL	0
0x0016384f	0xStack[-0x18]	WRITE	0
0x0016385b	0x001638d4	CONDITIONAL_JUMP	0
0x0016385d	0x001638a0	COMPUTED_JUMP	-1
0x0016385d	0x001638d4	COMPUTED_JUMP	-1
0x0016385d	0x001638c0	COMPUTED_JUMP	-1
0x0016385d	0x00163864	DATA	0
0x00163864	0x001638a0	DATA	0
0x00163868	0x001638d4	DATA	0
0x0016386c	0x001638c0	DATA	0
0x00163870	0x001638d4	DATA	0
0x00163874	0x001638c0	DATA	0
0x00163878	0x001638d4	DATA	0
0x0016387c	0x001638c0	DATA	0
0x00163880	0x001638d4	DATA	0
0x00163884	0x001638a0	DATA	0
0x00163888	0x001638d4	DATA	0
0x0016388c	0x001638a0	DATA	0
0x00163890	0x001638d4	DATA	0
0x00163894	0x001638c0	DATA	0
0x00163898	0x001638d4	DATA	0
0x0016389c	0x001638c0	DATA	0
0x001638a0	0xStack[-0x18]	READ	1
0x001638b4	0x0016400c	UNCONDITIONAL_CALL	0
0x001638bc	0x001638e1	UNCONDITIONAL_JUMP	0
0x001638c0	0xStack[-0x18]	READ	1
0x001638d0	0x001638e1	UNCONDITIONAL_JUMP	0
0x001638d4	0x001df556	DATA	0
0x001638d9	0x0010ca6c	UNCONDITIONAL_CALL	0
0x001638e6	0xStack[-0x14]	READ	1
0x001638e9	0xStack[-0xc]	READ	0
0x001638ec	0x001637ec	CONDITIONAL_JUMP	0
0x001638f4	0x001f6920	DATA	1
0x001638f6	0xStack[-0x10]	READ	1
0x001638fa	0x0018b544	UNCONDITIONAL_CALL	0
0x00163902	0x00163946	UNCONDITIONAL_JUMP	0
0x0016390e	0x0016400c	UNCONDITIONAL_CALL	0
0x00163916	0x00163941	UNCONDITIONAL_JUMP	0
0x00163923	0x00163941	UNCONDITIONAL_JUMP	0
0x0016392f	0x00163941	UNCONDITIONAL_JUMP	0
0x00163934	0x001df564	DATA	0
0x00163939	0x0010ca6c	UNCONDITIONAL_CALL	0
0x00163946	0x001deb44	READ_WRITE	0
0x0016394c	0x0018b60c	UNCONDITIONAL_CALL	0
0x00163955	0x0018d4e0	UNCONDITIONAL_CALL	0
0x0016395f	0x001639df	UNCONDITIONAL_JUMP	0
0x0016396a	0x00163998	CONDITIONAL_JUMP	0
0x0016396f	0x00163983	CONDITIONAL_JUMP	0
0x00163971	0x001639ec	DATA	0
0x00163977	0x0015b398	UNCONDITIONAL_CALL	0
0x00163981	0x00163998	CONDITIONAL_JUMP	0
0x00163984	0x00168efc	UNCONDITIONAL_CALL	0
0x0016398e	0x001deb48	READ_WRITE	0
0x00163996	0x001639df	UNCONDITIONAL_JUMP	0
0x001639a4	0x001e90ac	READ	1
0x001639b4	0x001e90ac	WRITE	0
0x001639b9	0x001e90ac	READ	1
0x001639bf	0x00106e0c	UNCONDITIONAL_CALL	0
0x001639c4	0x001deb4c	READ_WRITE	0
0x001639cd	0x0018d37c	UNCONDITIONAL_CALL	0
0x001639d5	0x00163ac4	UNCONDITIONAL_CALL	0
0x001639df	0xStack[-0x24]	DATA	0
0x001639f0	0xStack[0x4]	READ	1
0x001639f3	0x001e8b54	READ	1
0x001639fd	0x00163a08	CONDITIONAL_JUMP	0
0x00163a00	0x00163ac4	UNCONDITIONAL_CALL	0
0x00163a08	0x0018b60c	UNCONDITIONAL_CALL	0
0x00163a0f	0xStack[-0x8]	READ	1
0x00163a1e	0x001e8b54	READ	1
0x00163a24	0x001e9050	READ	1
0x00163a2a	0x0018be68	UNCONDITIONAL_CALL	0
0x00163a31	0x001e90ac	READ	1
0x00163a38	0x001e90ac	WRITE	0
0x00163a3d	0x001e90ac	READ	1
0x00163a45	0x00163498	UNCONDITIONAL_CALL	0
0x00163a4e	0xStack[0x4]	READ	1
0x00163a53	0x001635e8	UNCONDITIONAL_CALL	0
0x00163a5d	0x00163a44	CONDITIONAL_JUMP	0
0x00163a60	0x0018b544	UNCONDITIONAL_CALL	0
0x00163a65	0xStack[-0x10]	DATA	0
0x00163a79	0xStack[0x8]	READ	1
0x00163a7c	0x001e8b54	READ	1
0x00163a82	0x001e9050	READ	1
0x00163a88	0x0018be68	UNCONDITIONAL_CALL	0
0x00163a8d	0xStack[-0x8]	WRITE	0
0x00163a91	0xStack[0x4]	READ	1
0x00163a96	0x001635e8	UNCONDITIONAL_CALL	0
0x00163aa0	0x00163ab0	CONDITIONAL_JUMP	0
0x00163aa3	0x00163498	UNCONDITIONAL_CALL	0
0x00163aad	0x00163a90	UNCONDITIONAL_JUMP	0
0x00163ab0	0xStack[-0x8]	READ	1
0x00163ab4	0x0018b544	UNCONDITIONAL_CALL	0
0x00163ab9	0xStack[-0x14]	DATA	0
0x00163acd	0xStack[0x4]	READ	1
0x00163ad8	0x00163ad6	CONDITIONAL_JUMP	0
0x00163ae6	0x00163ad4	CONDITIONAL_JUMP	0
0x00163aec	0x00163afe	CONDITIONAL_JUMP	0
0x00163af6	0x0015b470	UNCONDITIONAL_CALL	0
0x00163b07	0x00163cf8	CONDITIONAL_JUMP	0
0x00163b0d	0x00163b34	CONDITIONAL_JUMP	0
0x00163b12	0x00163d04	CONDITIONAL_JUMP	0
0x00163b18	0x00163b28	CONDITIONAL_JUMP	0
0x00163b1d	0x00163cf8	CONDITIONAL_JUMP	0
0x00163b23	0x00163d0c	UNCONDITIONAL_JUMP	0
0x00163b2b	0x00163d0c	CONDITIONAL_JUMP	0
0x00163b31	0x00163b70	UNCONDITIONAL_JUMP	0
0x00163b37	0x00163d04	CONDITIONAL_JUMP	0
0x00163b3d	0x00163b58	CONDITIONAL_JUMP	0
0x00163b42	0x00163d04	CONDITIONAL_JUMP	0
0x00163b4b	0x00163cf8	CONDITIONAL_JUMP	0
0x00163b51	0x00163d0c	UNCONDITIONAL_JUMP	0
0x00163b5b	0x00163b70	CONDITIONAL_JUMP	0
0x00163b62	0x00163d16	CONDITIONAL_JUMP	0
0x00163b68	0x00163d0c	UNCONDITIONAL_JUMP	0
0x00163b78	0x00163d16	CONDITIONAL_JUMP	0
0x00163b8f	0x00163b98	CONDITIONAL_JUMP	0
0x00163b93	0x00163b9c	UNCONDITIONAL_JUMP	0
0x00163ba6	0x001f6a10	DATA	1
0x00163bad	0xStack[-0x8]	WRITE	0
0x00163bb0	0x0018be68	UNCONDITIONAL_CALL	0
0x00163bb5	0xStack[-0xc]	WRITE	0
0x00163bb8	0x001f6920	DATA	1
0x00163bc0	0x001f6920	DATA	1
0x00163bc4	0x00163bc2	CONDITIONAL_JUMP	0
0x00163bcb	0x001f6920	DATA	1
0x00163bd2	0x00163bc0	CONDITIONAL_JUMP	0
0x00163bd4	0xStack[-0x8]	READ	1
0x00163bd7	0x001f6a10	DATA	1
0x00163bdb	0x00163ce6	CONDITIONAL_JUMP	0
0x00163be6	0xStack[-0x10]	WRITE	0
0x00163bec	0x00163cda	CONDITIONAL_JUMP	0
0x00163bf5	0xStack[-0x14]	WRITE	0
0x00163bf8	0xStack[-0x14]	READ	1
0x00163bff	0x00163bfd	CONDITIONAL_JUMP	0
0x00163c06	0xStack[-0x14]	READ	1
0x00163c10	0x00163bf8	CONDITIONAL_JUMP	0
0x00163c2f	0x00163c40	CONDITIONAL_JUMP	0
0x00163c38	0x0015be2c	UNCONDITIONAL_CALL	0
0x00163c43	0xStack[-0x14]	WRITE	0
0x00163c4f	0x00163cc8	CONDITIONAL_JUMP	0
0x00163c51	0x00163c94	COMPUTED_JUMP	-1
0x00163c51	0x00163cc8	COMPUTED_JUMP	-1
0x00163c51	0x00163cb4	COMPUTED_JUMP	-1
0x00163c51	0x00163c58	DATA	0
0x00163c58	0x00163c94	DATA	0
0x00163c5c	0x00163cc8	DATA	0
0x00163c60	0x00163cb4	DATA	0
0x00163c64	0x00163cc8	DATA	0
0x00163c68	0x00163cb4	DATA	0
0x00163c6c	0x00163cc8	DATA	0
0x00163c70	0x00163cb4	DATA	0
0x00163c74	0x00163cc8	DATA	0
0x00163c78	0x00163c94	DATA	0
0x00163c7c	0x00163cc8	DATA	0
0x00163c80	0x00163c94	DATA	0
0x00163c84	0x00163cc8	DATA	0
0x00163c88	0x00163cb4	DATA	0
0x00163c8c	0x00163cc8	DATA	0
0x00163c90	0x00163cb4	DATA	0
0x00163c94	0xStack[-0x14]	READ	1
0x00163ca8	0x0016400c	UNCONDITIONAL_CALL	0
0x00163cb0	0x00163cd5	UNCONDITIONAL_JUMP	0
0x00163cb4	0xStack[-0x14]	READ	1
0x00163cc4	0x00163cd5	UNCONDITIONAL_JUMP	0
0x00163cc8	0x001df556	DATA	0
0x00163ccd	0x0010ca6c	UNCONDITIONAL_CALL	0
0x00163cda	0xStack[-0x10]	READ	1
0x00163cdd	0xStack[-0x8]	READ	0
0x00163ce0	0x00163be4	CONDITIONAL_JUMP	0
0x00163ce8	0x001f6920	DATA	1
0x00163cea	0xStack[-0xc]	READ	1
0x00163cee	0x0018b544	UNCONDITIONAL_CALL	0
0x00163cf3	0x00163d1b	UNCONDITIONAL_JUMP	0
0x00163cfb	0x0016400c	UNCONDITIONAL_CALL	0
0x00163d00	0x00163d16	UNCONDITIONAL_JUMP	0
0x00163d08	0x00163d16	UNCONDITIONAL_JUMP	0
0x00163d0c	0x001df572	DATA	0
0x00163d11	0x0010ca6c	UNCONDITIONAL_CALL	0
0x00163d1b	0xStack[-0x20]	DATA	0
0x00163d2c	0xStack[0x4]	READ	1
0x00163d2f	0xStack[0x8]	READ	1
0x00163d36	0x00163d60	CONDITIONAL_JUMP	0
0x00163d47	0x00163d4b	CONDITIONAL_JUMP	0
0x00163d4f	0x00163d58	CONDITIONAL_JUMP	0
0x00163d53	0x00163d65	UNCONDITIONAL_JUMP	0
0x00163d5b	0x00163d6b	UNCONDITIONAL_JUMP	0
0x00163d66	0x00164164	UNCONDITIONAL_CALL	0
0x00163d6b	0xStack[-0x8]	READ	1
0x00163d77	0xStack[0x4]	READ	1
0x00163d89	0x00163d8d	CONDITIONAL_JUMP	0
0x00163d97	0x001f653c	READ_WRITE	0
0x00163d9d	0x001dee30	READ	1
0x00163da4	0x001f66e0	DATA	0
0x00163da9	0x0015bdc4	UNCONDITIONAL_CALL	0
0x00163db1	0x001f6710	READ	1
0x00163db8	0x00163dc4	CONDITIONAL_JUMP	0
0x00163dbf	0x0016303c	UNCONDITIONAL_CALL	0
0x00163dd1	0xStack[0x4]	READ	1
0x00163dd4	0x001f653c	READ	1
0x00163ddd	0xStack[-0xc]	WRITE	0
0x00163de0	0x001f653c	READ	1
0x00163dfb	0x00163e18	CONDITIONAL_JUMP	0
0x00163e0b	0x0016a30c	UNCONDITIONAL_CALL	0
0x00163e15	0x00163e26	UNCONDITIONAL_JUMP	0
0x00163e38	0x00163e54	CONDITIONAL_JUMP	0
0x00163e48	0x0016a30c	UNCONDITIONAL_CALL	0
0x00163e4f	0x00163e64	UNCONDITIONAL_JUMP	0
0x00163e7f	0xStack[-0xc]	READ	0
0x00163e83	0x00163e98	CONDITIONAL_JUMP	0
0x00163e93	0x00163f43	UNCONDITIONAL_JUMP	0
0x00163eaa	0xStack[-0xc]	READ	1
0x00163eb4	0x001df584	DATA	1
0x00163eba	0xStack[-0xc]	WRITE	0
0x00163ebd	0x001df588	DATA	1
0x00163ec0	0xStack[-0x8]	WRITE	0
0x00163ec5	0x00163f04	CONDITIONAL_JUMP	0
0x00163eca	0x001df584	DATA	1
0x00163ed8	0xStack[-0x8]	READ	1
0x00163ee5	0x001df584	DATA	1
0x00163ef3	0xStack[-0xc]	READ	1
0x00163ef6	0x001df588	DATA	1
0x00163eff	0x00163f40	UNCONDITIONAL_JUMP	0
0x00163f07	0x001df584	DATA	1
0x00163f15	0xStack[-0x8]	READ	1
0x00163f24	0x001df584	DATA	1
0x00163f32	0xStack[-0xc]	READ	1
0x00163f35	0x001df588	DATA	1
0x00163f5b	0x00163f79	CONDITIONAL_JUMP	0
0x00163f61	0x00163f79	CONDITIONAL_JUMP	0
0x00163f72	0x00163f76	CONDITIONAL_JUMP	0
0x00163f79	0xStack[-0x18]	DATA	0
0x00163f8a	0xStack[0x4]	READ	1
0x00163f8d	0xStack[0x8]	READ	1
0x00163f96	0x00163fa8	CONDITIONAL_JUMP	0
0x00163f99	0x001df684	DATA	0
0x00163f9e	0x0010c0d8	UNCONDITIONAL_CALL	0
0x00163fb4	0x00163fb2	CONDITIONAL_JUMP	0
0x00163fc2	0x00163fb0	CONDITIONAL_JUMP	0
0x00163fdd	0x00163fe8	CONDITIONAL_JUMP	0
0x00163fe6	0x00163fee	CONDITIONAL_JUMP	0
0x00163fff	0xStack[-0x10]	DATA	0
0x00164012	0xStack[0x4]	READ	1
0x00164015	0x001f653c	READ	1
0x0016401d	0x00164028	CONDITIONAL_JUMP	0
0x00164020	0x00163dc8	UNCONDITIONAL_CALL	0
0x00164028	0x001e9724	READ	0
0x0016402f	0x0016408c	CONDITIONAL_JUMP	0
0x00164031	0x001e971c	READ	1
0x00164043	0x001e971c	DATA	1
0x00164049	0x00164054	CONDITIONAL_JUMP	0
0x0016404b	0x001e9720	WRITE	0
0x00164050	0x0016405a	UNCONDITIONAL_JUMP	0
0x0016405a	0x001e971c	DATA	1
0x0016405f	0x00164084	CONDITIONAL_JUMP	0
0x00164067	0x001e9724	READ_WRITE	0
0x0016407d	0x00164157	UNCONDITIONAL_JUMP	0
0x00164084	0x001e971c	WRITE	0
0x0016408a	0x00164067	UNCONDITIONAL_JUMP	0
0x00164093	0x0016409c	CONDITIONAL_JUMP	0
0x00164095	0x001e9610	DATA	1
0x0016409a	0x001640b3	UNCONDITIONAL_JUMP	0
0x0016409c	0x001ea9dc	READ	1
0x001640a2	0x001e90ac	READ	1
0x001640a9	0x001e90ac	WRITE	0
0x001640ae	0x001e90ac	READ	1
0x001640b9	0x001640cb	CONDITIONAL_JUMP	0
0x001640bc	0x001df684	DATA	0
0x001640c1	0x0010c0d8	UNCONDITIONAL_CALL	0
0x001640cb	0x001e9710	DATA	1
0x001640d4	0x001e9710	READ	1
0x001640d8	0x001640d6	CONDITIONAL_JUMP	0
0x001640df	0x001e9710	READ_WRITE	0
0x001640e6	0x001640d4	CONDITIONAL_JUMP	0
0x001640e8	0x001e9708	DATA	1
0x001640eb	0x001e9708	DATA	1
0x001640ed	0x001e970c	READ	1
0x001640ed	0x001e9614	DATA	1
0x001640f8	0x001e970c	WRITE	0
0x001640fb	0x001e9714	READ	0
0x00164101	0x0016410c	CONDITIONAL_JUMP	0
0x00164103	0x001e9718	READ	0
0x0016410a	0x00164112	CONDITIONAL_JUMP	0
0x0016410c	0x001e9714	WRITE	0
0x00164112	0x001e9718	READ_WRITE	0
0x00164118	0x001e9610	DATA	1
0x0016411d	0x001e9710	READ_WRITE	0
0x00164123	0xStack[0x8]	READ	0
0x00164127	0x00164157	CONDITIONAL_JUMP	0
0x00164129	0x001e8b54	READ	1
0x00164135	0x00164157	CONDITIONAL_JUMP	0
0x00164137	0x001e9050	READ	1
0x00164146	0x001e90ac	READ	1
0x0016414d	0x001e90ac	WRITE	0
0x00164152	0x001e90ac	READ	1
0x00164157	0xStack[-0x10]	DATA	0
0x0016416a	0xStack[0x4]	READ	1
0x0016416e	0x00164350	UNCONDITIONAL_CALL	0
0x00164175	0xStack[0x8]	READ	1
0x00164180	0x00164343	CONDITIONAL_JUMP	0
0x00164186	0xStack[0xc]	READ	0
0x0016418a	0x001642d4	CONDITIONAL_JUMP	0
0x00164190	0x001f653c	READ	1
0x00164198	0x001641a3	CONDITIONAL_JUMP	0
0x0016419b	0x00163dc8	UNCONDITIONAL_CALL	0
0x001641a3	0x001e9724	READ	0
0x001641aa	0x00164208	CONDITIONAL_JUMP	0
0x001641ac	0x001e971c	READ	1
0x001641be	0x001e971c	DATA	1
0x001641c4	0x001641d0	CONDITIONAL_JUMP	0
0x001641c6	0x001e9720	WRITE	0
0x001641cb	0x001641d6	UNCONDITIONAL_JUMP	0
0x001641d6	0x001e971c	DATA	1
0x001641db	0x00164200	CONDITIONAL_JUMP	0
0x001641e3	0x001e9724	READ_WRITE	0
0x001641f9	0x00164343	UNCONDITIONAL_JUMP	0
0x00164200	0x001e971c	WRITE	0
0x00164206	0x001641e3	UNCONDITIONAL_JUMP	0
0x0016420f	0x00164218	CONDITIONAL_JUMP	0
0x00164211	0x001e9610	DATA	1
0x00164216	0x0016422f	UNCONDITIONAL_JUMP	0
0x00164218	0x001ea9dc	READ	1
0x0016421e	0x001e90ac	READ	1
0x00164225	0x001e90ac	WRITE	0
0x0016422a	0x001e90ac	READ	1
0x00164235	0x00164247	CONDITIONAL_JUMP	0
0x00164238	0x001df684	DATA	0
0x0016423d	0x0010c0d8	UNCONDITIONAL_CALL	0
0x00164247	0x001e9710	DATA	1
0x00164250	0x001e9710	READ	1
0x00164254	0x00164252	CONDITIONAL_JUMP	0
0x0016425b	0x001e9710	READ_WRITE	0
0x00164262	0x00164250	CONDITIONAL_JUMP	0
0x00164264	0x001e9708	DATA	1
0x00164267	0x001e9708	DATA	1
0x00164269	0x001e970c	READ	1
0x00164269	0x001e9614	DATA	1
0x00164274	0x001e970c	WRITE	0
0x00164277	0x001e9714	READ	0
0x0016427d	0x00164288	CONDITIONAL_JUMP	0
0x0016427f	0x001e9718	READ	0
0x00164286	0x0016428e	CONDITIONAL_JUMP	0
0x00164288	0x001e9714	WRITE	0
0x0016428e	0x001e9718	READ_WRITE	0
0x00164294	0x001e9610	DATA	1
0x00164299	0x001e9710	READ_WRITE	0
0x0016429f	0x001e8b54	READ	1
0x001642ab	0x00164343	CONDITIONAL_JUMP	0
0x001642b1	0x001e9050	READ	1
0x001642c0	0x001e90ac	READ	1
0x001642c7	0x001e90ac	WRITE	0
0x001642cc	0x001e90ac	READ	1
0x001642d1	0x00164343	UNCONDITIONAL_JUMP	0
0x001642d4	0xStack[0x8]	READ	1
0x001642da	0x001642ec	CONDITIONAL_JUMP	0
0x001642dd	0x001df684	DATA	0
0x001642e2	0x0010c0d8	UNCONDITIONAL_CALL	0
0x001642f8	0x001642f6	CONDITIONAL_JUMP	0
0x00164306	0x001642f4	CONDITIONAL_JUMP	0
0x00164321	0x0016432c	CONDITIONAL_JUMP	0
0x0016432a	0x00164332	CONDITIONAL_JUMP	0
0x00164343	0xStack[-0x10]	DATA	0
0x00164355	0xStack[0x4]	READ	1
0x0016435d	0x001643b2	CONDITIONAL_JUMP	0
0x0016436c	0x0016436a	CONDITIONAL_JUMP	0
0x0016437a	0x00164368	CONDITIONAL_JUMP	0
0x0016437f	0x001643a8	CONDITIONAL_JUMP	0
0x001643a5	0x001643b2	UNCONDITIONAL_JUMP	0
0x001643b4	0xStack[-0xc]	DATA	0
0x001643c6	0xStack[0x4]	READ	1
0x001643d8	0x001643d6	CONDITIONAL_JUMP	0
0x001643e6	0x001643d4	CONDITIONAL_JUMP	0
0x001643ef	0x0016444b	CONDITIONAL_JUMP	0
0x001643fe	0x0016443e	CONDITIONAL_JUMP	0
0x00164404	0x00164438	CONDITIONAL_JUMP	0
0x00164408	0x00164410	CONDITIONAL_JUMP	0
0x0016440c	0x00164419	UNCONDITIONAL_JUMP	0
0x00164436	0x00164482	UNCONDITIONAL_JUMP	0
0x0016443c	0x00164400	CONDITIONAL_JUMP	0
0x0016443e	0x001df6aa	DATA	0
0x00164443	0x0010ca6c	UNCONDITIONAL_CALL	0
0x00164453	0xStack[0x4]	READ	1
0x00164468	0x00164466	CONDITIONAL_JUMP	0
0x00164476	0x00164464	CONDITIONAL_JUMP	0
0x00164479	0xStack[0x4]	READ	1
0x0016447d	0x0016448c	UNCONDITIONAL_CALL	0
0x00164482	0xStack[-0x10]	DATA	0
0x00164495	0xStack[0x8]	READ	1
0x00164498	0xStack[-0x8]	WRITE	0
0x001644a2	0x00164536	CONDITIONAL_JUMP	0
0x001644b1	0xStack[-0xc]	WRITE	0
0x001644b6	0x0016452c	CONDITIONAL_JUMP	0
0x001644bc	0x00164524	CONDITIONAL_JUMP	0
0x001644c0	0x001644c8	CONDITIONAL_JUMP	0
0x001644c4	0x001644d1	UNCONDITIONAL_JUMP	0
0x001644d8	0xStack[-0x8]	READ	1
0x001644ed	0x00164506	CONDITIONAL_JUMP	0
0x001644f6	0x00164506	CONDITIONAL_JUMP	0
0x001644fa	0x00164506	CONDITIONAL_JUMP	0
0x001644ff	0xStack[-0xc]	READ_WRITE	0
0x00164504	0x001644fc	CONDITIONAL_JUMP	0
0x00164506	0xStack[-0xc]	READ	1
0x00164509	0xStack[-0x8]	READ	1
0x0016451c	0x00164617	UNCONDITIONAL_JUMP	0
0x00164527	0xStack[-0xc]	READ_WRITE	0
0x0016452a	0x001644b8	CONDITIONAL_JUMP	0
0x0016452c	0x001df6b8	DATA	0
0x00164531	0x0010ca6c	UNCONDITIONAL_CALL	0
0x00164538	0xStack[-0x8]	READ	1
0x0016454c	0x0016454a	CONDITIONAL_JUMP	0
0x0016455a	0x00164548	CONDITIONAL_JUMP	0
0x0016455c	0xStack[0x4]	READ	1
0x00164566	0x00164606	CONDITIONAL_JUMP	0
0x00164576	0x001ea9dc	READ	0
0x0016457c	0x001645c0	CONDITIONAL_JUMP	0
0x0016458c	0x00164598	CONDITIONAL_JUMP	0
0x00164594	0x001645a1	UNCONDITIONAL_JUMP	0
0x00164598	0xStack[0x4]	READ	1
0x001645a1	0xStack[0x4]	READ	1
0x001645bc	0x00164600	UNCONDITIONAL_JUMP	0
0x001645ce	0x001645dc	CONDITIONAL_JUMP	0
0x001645d0	0xStack[0x4]	READ	1
0x001645d9	0x001645e5	UNCONDITIONAL_JUMP	0
0x001645dc	0xStack[0x4]	READ	1
0x001645e5	0xStack[0x4]	READ	1
0x0016460e	0xStack[0x4]	READ	1
0x00164617	0xStack[-0x18]	DATA	0
0x0016462d	0x001e9050	READ	1
0x00164633	0xStack[-0x8]	WRITE	0
0x0016463c	0xStack[-0xc]	WRITE	0
0x0016463f	0xStack[-0x8]	READ	1
0x00164648	0xStack[-0x10]	WRITE	0
0x0016464e	0x00187460	UNCONDITIONAL_CALL	0
0x00164656	0x00164684	UNCONDITIONAL_JUMP	0
0x0016465a	0x001e90ac	READ	1
0x00164666	0x00164684	CONDITIONAL_JUMP	0
0x00164668	0x0018be68	UNCONDITIONAL_CALL	0
0x0016466f	0x001e90ac	READ	1
0x00164678	0x001e90ac	WRITE	0
0x0016467f	0x0018b60c	UNCONDITIONAL_CALL	0
0x00164684	0xStack[-0xc]	READ	1
0x0016468b	0x0016469f	CONDITIONAL_JUMP	0
0x0016468d	0x001e9718	READ	1
0x00164694	0x0016469f	CONDITIONAL_JUMP	0
0x00164696	0xStack[-0x10]	READ	1
0x0016469d	0x00164658	CONDITIONAL_JUMP	0
0x001646a1	0x00187460	UNCONDITIONAL_CALL	0
0x001646a6	0x0018be68	UNCONDITIONAL_CALL	0
0x001646ab	0xStack[-0x14]	WRITE	0
0x001646b1	0xStack[-0x8]	READ	1
0x001646bd	0x0016474c	CONDITIONAL_JUMP	0
0x001646c3	0xStack[-0xc]	READ	1
0x001646dc	0x001646e8	CONDITIONAL_JUMP	0
0x001646de	0x001e977c	READ	1
0x001646e4	0x001646ee	UNCONDITIONAL_JUMP	0
0x001646eb	0xStack[-0x8]	READ	1
0x001646f4	0xStack[-0x8]	READ	1
0x00164703	0x001e8b54	READ	1
0x00164709	0xStack[-0x1c]	WRITE	0
0x0016470c	0x001e9050	READ	1
0x00164712	0x0018be68	UNCONDITIONAL_CALL	0
0x00164717	0xStack[-0x18]	WRITE	0
0x0016471d	0x00164624	DATA	0
0x00164722	0xStack[-0x1c]	READ	1
0x00164726	0x001635e8	UNCONDITIONAL_CALL	0
0x00164730	0x00164740	CONDITIONAL_JUMP	0
0x00164733	0x00163498	UNCONDITIONAL_CALL	0
0x0016473d	0x0016471c	UNCONDITIONAL_JUMP	0
0x00164740	0xStack[-0x18]	READ	1
0x00164744	0x001649c4	UNCONDITIONAL_JUMP	0
0x0016474f	0x00164848	CONDITIONAL_JUMP	0
0x00164755	0xStack[-0x8]	READ	1
0x00164768	0x00164766	CONDITIONAL_JUMP	0
0x00164776	0x00164764	CONDITIONAL_JUMP	0
0x00164778	0xStack[-0x8]	READ	1
0x00164782	0x0016479c	CONDITIONAL_JUMP	0
0x0016478c	0x001646b1	UNCONDITIONAL_JUMP	0
0x0016479a	0x001647e2	UNCONDITIONAL_JUMP	0
0x0016479c	0x001df6cc	READ_WRITE	0
0x001647a8	0xStack[-0x8]	READ	1
0x001647bf	0x001647cc	CONDITIONAL_JUMP	0
0x001647c7	0x001647d2	UNCONDITIONAL_JUMP	0
0x001647da	0x00164794	CONDITIONAL_JUMP	0
0x001647e2	0xStack[-0x8]	READ	1
0x001647f7	0x001e8b54	READ	1
0x001647fd	0x001e9050	READ	1
0x00164803	0x0018be68	UNCONDITIONAL_CALL	0
0x00164808	0xStack[-0x1c]	WRITE	0
0x0016480b	0x001e90ac	READ	1
0x00164812	0x001e90ac	WRITE	0
0x00164817	0x001e90ac	READ	1
0x0016481d	0x00163498	UNCONDITIONAL_CALL	0
0x00164826	0x00164624	DATA	0
0x0016482c	0x001635e8	UNCONDITIONAL_CALL	0
0x00164836	0x0016481c	CONDITIONAL_JUMP	0
0x00164838	0x001649c0	UNCONDITIONAL_JUMP	0
0x00164840	0x001e971c	WRITE	0
0x00164846	0x001648b7	UNCONDITIONAL_JUMP	0
0x0016484e	0x001649d0	CONDITIONAL_JUMP	0
0x00164854	0xStack[-0xc]	READ	1
0x0016485b	0x0016497c	CONDITIONAL_JUMP	0
0x00164867	0x001f653c	READ	1
0x0016486f	0x0016487a	CONDITIONAL_JUMP	0
0x00164872	0x00163dc8	UNCONDITIONAL_CALL	0
0x0016487a	0x001e9724	READ	0
0x00164881	0x001648d4	CONDITIONAL_JUMP	0
0x00164883	0x001e971c	READ	1
0x00164895	0x001e971c	DATA	1
0x0016489b	0x001648a4	CONDITIONAL_JUMP	0
0x0016489d	0x001e9720	WRITE	0
0x001648a2	0x001648aa	UNCONDITIONAL_JUMP	0
0x001648aa	0x001e971c	DATA	1
0x001648af	0x00164840	CONDITIONAL_JUMP	0
0x001648b7	0x001e9724	READ_WRITE	0
0x001648cd	0x0016497c	UNCONDITIONAL_JUMP	0
0x001648db	0x001648e4	CONDITIONAL_JUMP	0
0x001648dd	0x001e9610	DATA	1
0x001648e2	0x001648fb	UNCONDITIONAL_JUMP	0
0x001648e4	0x001ea9dc	READ	1
0x001648ea	0x001e90ac	READ	1
0x001648f1	0x001e90ac	WRITE	0
0x001648f6	0x001e90ac	READ	1
0x001648fe	0xStack[-0x20]	WRITE	0
0x00164904	0x0016491b	CONDITIONAL_JUMP	0
0x00164907	0x001df684	DATA	0
0x0016490c	0x0010c0d8	UNCONDITIONAL_CALL	0
0x00164911	0xStack[-0x20]	WRITE	0
0x0016491b	0x001e9710	DATA	1
0x00164924	0x001e9710	READ	1
0x00164928	0x00164926	CONDITIONAL_JUMP	0
0x0016492f	0x001e9710	READ_WRITE	0
0x00164936	0x00164924	CONDITIONAL_JUMP	0
0x00164938	0xStack[-0x20]	READ	1
0x0016493b	0x001e9708	DATA	1
0x0016493e	0x001e9708	DATA	1
0x00164940	0x001e970c	READ	1
0x00164940	0x001e9614	DATA	1
0x0016494b	0x001e970c	WRITE	0
0x0016494e	0x001e9714	READ	0
0x00164954	0x0016495f	CONDITIONAL_JUMP	0
0x00164956	0x001e9718	READ	0
0x0016495d	0x00164968	CONDITIONAL_JUMP	0
0x0016495f	0xStack[-0x20]	READ	1
0x00164962	0x001e9714	WRITE	0
0x00164968	0x001e9718	READ_WRITE	0
0x0016496e	0x001e9610	DATA	1
0x00164973	0x001e9710	READ_WRITE	0
0x0016497c	0x001e8b54	READ	1
0x00164982	0x001e9050	READ	1
0x00164988	0x0018be68	UNCONDITIONAL_CALL	0
0x0016498d	0xStack[-0x1c]	WRITE	0
0x00164990	0x001e90ac	READ	1
0x00164997	0x001e90ac	WRITE	0
0x0016499c	0x001e90ac	READ	1
0x001649a5	0x00163498	UNCONDITIONAL_CALL	0
0x001649ae	0x00164624	DATA	0
0x001649b4	0x001635e8	UNCONDITIONAL_CALL	0
0x001649be	0x001649a4	CONDITIONAL_JUMP	0
0x001649c0	0xStack[-0x1c]	READ	1
0x001649c4	0x0018b544	UNCONDITIONAL_CALL	0
0x001649cc	0x001649f9	UNCONDITIONAL_JUMP	0
0x001649d4	0x001e9050	READ	1
0x001649e2	0x001df6d0	DATA	0
0x001649e7	0x0010c0d8	UNCONDITIONAL_CALL	0
0x001649ec	0x001df6f2	DATA	0
0x001649f1	0x0010ca6c	UNCONDITIONAL_CALL	0
0x001649f9	0xStack[-0x14]	READ	1
0x001649fd	0x0018b544	UNCONDITIONAL_CALL	0
0x00164a05	0x0016464c	UNCONDITIONAL_JUMP	0
0x00164a12	0x001e8b54	READ	1
0x00164a19	0x00166a5c	UNCONDITIONAL_CALL	0
0x00164a1e	0x0018be68	UNCONDITIONAL_CALL	0
0x00164a40	0x00164a3e	CONDITIONAL_JUMP	0
0x00164a4e	0x00164a3c	CONDITIONAL_JUMP	0
0x00164a59	0x001e9050	READ	1
0x00164a65	0x0018b544	UNCONDITIONAL_CALL	0
0x00164a6d	0x001e8b54	READ	1
0x00164a73	0x001e9050	READ	1
0x00164a79	0x0018be68	UNCONDITIONAL_CALL	0
0x00164a80	0x001e90ac	READ	1
0x00164a87	0x001e90ac	WRITE	0
0x00164a8c	0x001e90ac	READ	1
0x00164a95	0x00163498	UNCONDITIONAL_CALL	0
0x00164a9e	0x00164624	DATA	0
0x00164aa4	0x001635e8	UNCONDITIONAL_CALL	0
0x00164aae	0x00164a94	CONDITIONAL_JUMP	0
0x00164ab1	0x0018b544	UNCONDITIONAL_CALL	0
0x00164ab9	0x00164624	UNCONDITIONAL_CALL	0
0x00164abe	0xStack[-0x10]	DATA	0
0x00164ad0	0x0015c100	UNCONDITIONAL_CALL	0
0x00164ad5	0x001f653c	READ	0
0x00164adc	0x00164ae3	CONDITIONAL_JUMP	0
0x00164ade	0x00164d80	UNCONDITIONAL_CALL	0
0x00164ae3	0x001e8b54	READ	1
0x00164aee	0x00164b08	CONDITIONAL_JUMP	0
0x00164af1	0x001df520	DATA	0
0x00164af6	0x0010c0d8	UNCONDITIONAL_CALL	0
0x00164afb	0x001df54a	DATA	0
0x00164b00	0x0010ca6c	UNCONDITIONAL_CALL	0
0x00164b08	0x0018be68	UNCONDITIONAL_CALL	0
0x00164b18	0x00164b16	CONDITIONAL_JUMP	0
0x00164b26	0x00164b14	CONDITIONAL_JUMP	0
0x00164b32	0x0018b544	UNCONDITIONAL_CALL	0
0x00164b3a	0x001e8b54	READ	1
0x00164b40	0x001e9050	READ	1
0x00164b46	0x0018be68	UNCONDITIONAL_CALL	0
0x00164b4d	0x001e90ac	READ	1
0x00164b54	0x001e90ac	WRITE	0
0x00164b59	0x001e90ac	READ	1
0x00164b61	0x00163498	UNCONDITIONAL_CALL	0
0x00164b6a	0x00164ac8	DATA	0
0x00164b70	0x001635e8	UNCONDITIONAL_CALL	0
0x00164b7a	0x00164b60	CONDITIONAL_JUMP	0
0x00164b7d	0x0018b544	UNCONDITIONAL_CALL	0
0x00164b85	0x00164ad0	UNCONDITIONAL_JUMP	0
0x00164b92	0x001e8b54	READ	1
0x00164b98	0x001f6710	WRITE	0
0x00164b9e	0x001e8b54	READ	1
0x00164ba9	0x00164bc3	CONDITIONAL_JUMP	0
0x00164bac	0x001df520	DATA	0
0x00164bb1	0x0010c0d8	UNCONDITIONAL_CALL	0
0x00164bb6	0x001df54a	DATA	0
0x00164bbb	0x0010ca6c	UNCONDITIONAL_CALL	0
0x00164bc3	0x0018be68	UNCONDITIONAL_CALL	0
0x00164bd4	0x00164bd2	CONDITIONAL_JUMP	0
0x00164be2	0x00164bd0	CONDITIONAL_JUMP	0
0x00164bee	0x0018b544	UNCONDITIONAL_CALL	0
0x00164bf6	0x001e8b54	READ	1
0x00164bfc	0x001e9050	READ	1
0x00164c02	0x0018be68	UNCONDITIONAL_CALL	0
0x00164c09	0x001e90ac	READ	1
0x00164c10	0x001e90ac	WRITE	0
0x00164c15	0x001e90ac	READ	1
0x00164c1d	0x00163498	UNCONDITIONAL_CALL	0
0x00164c26	0x00164ac8	DATA	0
0x00164c2c	0x001635e8	UNCONDITIONAL_CALL	0
0x00164c36	0x00164c1c	CONDITIONAL_JUMP	0
0x00164c39	0x0018b544	UNCONDITIONAL_CALL	0
0x00164c41	0x00164ac8	UNCONDITIONAL_CALL	0
0x00164c46	0xStack[-0x10]	DATA	0
0x00164c59	0x0018be68	UNCONDITIONAL_CALL	0
0x00164c5e	0xStack[-0x8]	WRITE	0
0x00164c61	0xStack[0x4]	READ	1
0x00164c70	0x00164c6e	CONDITIONAL_JUMP	0
0x00164c7e	0x00164c6c	CONDITIONAL_JUMP	0
0x00164c80	0xStack[0x4]	READ	1
0x00164c8b	0x00164d5e	CONDITIONAL_JUMP	0
0x00164ca8	0x00164d53	CONDITIONAL_JUMP	0
0x00164cb2	0xStack[-0x10]	WRITE	0
0x00164cbe	0x00164d47	CONDITIONAL_JUMP	0
0x00164cc4	0x001f653c	READ	1
0x00164ccf	0x00164d47	CONDITIONAL_JUMP	0
0x00164cd1	0x001df704	READ	1
0x00164cd7	0xStack[-0xc]	WRITE	0
0x00164ce0	0x00164d00	CONDITIONAL_JUMP	0
0x00164ce4	0xStack[0x4]	READ	1
0x00164ced	0xStack[-0x8]	READ	1
0x00164cf1	0x0018b544	UNCONDITIONAL_CALL	0
0x00164cfb	0x00164d74	UNCONDITIONAL_JUMP	0
0x00164d03	0xStack[-0x10]	READ	1
0x00164d10	0xStack[0x4]	READ	1
0x00164d20	0xStack[-0xc]	READ	1
0x00164d23	0x001f6720	DATA	0
0x00164d2a	0x001df704	READ_WRITE	0
0x00164d30	0x001df700	READ	0
0x00164d37	0x00164d47	CONDITIONAL_JUMP	0
0x00164d3a	0x001df708	DATA	0
0x00164d3f	0x0010c0d8	UNCONDITIONAL_CALL	0
0x00164d48	0xStack[-0x10]	READ	1
0x00164d4d	0x00164cb0	CONDITIONAL_JUMP	0
0x00164d58	0x00164ca4	CONDITIONAL_JUMP	0
0x00164d60	0xStack[0x4]	READ	1
0x00164d69	0xStack[-0x8]	READ	1
0x00164d6d	0x0018b544	UNCONDITIONAL_CALL	0
0x00164d74	0xStack[-0x1c]	DATA	0
0x00164d8c	0x0018be68	UNCONDITIONAL_CALL	0
0x00164d91	0xStack[-0xc]	WRITE	0
0x00164d94	0x001e9710	READ	1
0x00164d9b	0x00164d99	CONDITIONAL_JUMP	0
0x00164da2	0x001e9710	READ_WRITE	0
0x00164dad	0x00164d94	CONDITIONAL_JUMP	0
0x00164daf	0x001e9718	READ	1
0x00164db5	0xStack[-0x18]	WRITE	0
0x00164dba	0x00164e83	CONDITIONAL_JUMP	0
0x00164dc0	0x001e9714	READ	1
0x00164dcd	0x001e9610	DATA	1
0x00164dd4	0x001e9610	DATA	1
0x00164dd4	0x001e9608	DATA	1
0x00164dd8	0x00164e76	CONDITIONAL_JUMP	0
0x00164deb	0x00164e69	CONDITIONAL_JUMP	0
0x00164ded	0x001f653c	READ	1
0x00164df8	0x00164e69	CONDITIONAL_JUMP	0
0x00164dfa	0x001df704	READ	1
0x00164e00	0xStack[-0x1c]	WRITE	0
0x00164e09	0x00164e28	CONDITIONAL_JUMP	0
0x00164e0d	0x001e9710	READ_WRITE	0
0x00164e13	0xStack[-0xc]	READ	1
0x00164e17	0x0018b544	UNCONDITIONAL_CALL	0
0x00164e1c	0xStack[-0x18]	WRITE	0
0x00164e23	0x00164e9b	UNCONDITIONAL_JUMP	0
0x00164e35	0x001e9718	READ_WRITE	0
0x00164e42	0xStack[-0x1c]	READ	1
0x00164e45	0x001f6720	DATA	0
0x00164e4c	0x001df704	READ_WRITE	0
0x00164e52	0x001df700	READ	0
0x00164e59	0x00164e69	CONDITIONAL_JUMP	0
0x00164e5c	0x001df708	DATA	0
0x00164e61	0x0010c0d8	UNCONDITIONAL_CALL	0
0x00164e69	0xStack[-0x18]	READ_WRITE	0
0x00164e70	0x00164de0	CONDITIONAL_JUMP	0
0x00164e79	0xStack[-0x18]	READ	0
0x00164e7d	0x00164dd4	CONDITIONAL_JUMP	0
0x00164e85	0x001e9710	READ_WRITE	0
0x00164e8b	0xStack[-0xc]	READ	1
0x00164e8f	0x0018b544	UNCONDITIONAL_CALL	0
0x00164e94	0xStack[-0x18]	WRITE	0
0x00164e9e	0xStack[-0x18]	READ	0
0x00164ea2	0x0016517c	CONDITIONAL_JUMP	0
0x00164ea8	0x001ea9dc	READ	1
0x00164eae	0x0018be68	UNCONDITIONAL_CALL	0
0x00164eb3	0xStack[-0x10]	WRITE	0
0x00164ec0	0x00164ebe	CONDITIONAL_JUMP	0
0x00164ece	0x00164ebc	CONDITIONAL_JUMP	0
0x00164ed6	0xStack[-0x14]	WRITE	0
0x00164edb	0x00164faf	CONDITIONAL_JUMP	0
0x00164ef8	0x00164fa2	CONDITIONAL_JUMP	0
0x00164f02	0xStack[-0x18]	WRITE	0
0x00164f0e	0x00164f94	CONDITIONAL_JUMP	0
0x00164f14	0x001f653c	READ	1
0x00164f1f	0x00164f94	CONDITIONAL_JUMP	0
0x00164f21	0x001df704	READ	1
0x00164f27	0xStack[-0x1c]	WRITE	0
0x00164f30	0x00164f50	CONDITIONAL_JUMP	0
0x00164f3a	0xStack[-0x10]	READ	1
0x00164f3e	0x0018b544	UNCONDITIONAL_CALL	0
0x00164f43	0xStack[-0x18]	WRITE	0
0x00164f4a	0x00165179	UNCONDITIONAL_JUMP	0
0x00164f53	0xStack[-0x18]	READ	1
0x00164f6d	0xStack[-0x1c]	READ	1
0x00164f70	0x001f6720	DATA	0
0x00164f77	0x001df704	READ_WRITE	0
0x00164f7d	0x001df700	READ	0
0x00164f84	0x00164f94	CONDITIONAL_JUMP	0
0x00164f87	0x001df708	DATA	0
0x00164f8c	0x0010c0d8	UNCONDITIONAL_CALL	0
0x00164f94	0xStack[-0x14]	READ_WRITE	0
0x00164f97	0xStack[-0x18]	READ	1
0x00164f9c	0x00164f00	CONDITIONAL_JUMP	0
0x00164fa5	0xStack[-0x14]	READ	0
0x00164fa9	0x00164ef4	CONDITIONAL_JUMP	0
0x00164fb7	0xStack[-0x10]	READ	1
0x00164fbb	0x0018b544	UNCONDITIONAL_CALL	0
0x00164fc0	0xStack[-0x18]	WRITE	0
0x00164fc7	0x00165179	UNCONDITIONAL_JUMP	0
0x00164fcd	0x001df704	WRITE	0
0x00164fd2	0x001df704	READ	1
0x00164fd7	0x001f6720	DATA	1
0x00164fde	0x001f6720	DATA	0
0x00164fe9	0x0018be68	UNCONDITIONAL_CALL	0
0x00164fee	0xStack[-0x8]	WRITE	0
0x00164ff8	0x00164ff6	CONDITIONAL_JUMP	0
0x00165006	0x00164ff4	CONDITIONAL_JUMP	0
0x00165011	0x0016516b	CONDITIONAL_JUMP	0
0x00165018	0x00163dc8	UNCONDITIONAL_CALL	0
0x00165020	0x001f653c	READ	1
0x00165028	0x00165033	CONDITIONAL_JUMP	0
0x0016502b	0x00163dc8	UNCONDITIONAL_CALL	0
0x00165033	0x001e9724	READ	0
0x0016503a	0x00165098	CONDITIONAL_JUMP	0
0x0016503c	0x001e971c	READ	1
0x0016504e	0x001e971c	DATA	1
0x00165054	0x00165060	CONDITIONAL_JUMP	0
0x00165056	0x001e9720	WRITE	0
0x0016505b	0x00165066	UNCONDITIONAL_JUMP	0
0x00165066	0x001e971c	DATA	1
0x0016506b	0x00165090	CONDITIONAL_JUMP	0
0x00165073	0x001e9724	READ_WRITE	0
0x00165089	0x0016516b	UNCONDITIONAL_JUMP	0
0x00165090	0x001e971c	WRITE	0
0x00165096	0x00165073	UNCONDITIONAL_JUMP	0
0x0016509f	0x001650a8	CONDITIONAL_JUMP	0
0x001650a1	0x001e9610	DATA	1
0x001650a6	0x001650bf	UNCONDITIONAL_JUMP	0
0x001650a8	0x001ea9dc	READ	1
0x001650ae	0x001e90ac	READ	1
0x001650b5	0x001e90ac	WRITE	0
0x001650ba	0x001e90ac	READ	1
0x001650c2	0xStack[-0x1c]	WRITE	0
0x001650c8	0x001650df	CONDITIONAL_JUMP	0
0x001650cb	0x001df684	DATA	0
0x001650d0	0x0010c0d8	UNCONDITIONAL_CALL	0
0x001650d5	0xStack[-0x1c]	WRITE	0
0x001650df	0x001e9710	DATA	1
0x001650e8	0x001e9710	READ	1
0x001650ec	0x001650ea	CONDITIONAL_JUMP	0
0x001650f3	0x001e9710	READ_WRITE	0
0x001650fa	0x001650e8	CONDITIONAL_JUMP	0
0x001650fc	0xStack[-0x1c]	READ	1
0x001650ff	0x001e9708	DATA	1
0x00165102	0x001e9708	DATA	1
0x00165104	0x001e970c	READ	1
0x00165104	0x001e9614	DATA	1
0x0016510f	0x001e970c	WRITE	0
0x00165112	0x001e9714	READ	0
0x00165118	0x00165123	CONDITIONAL_JUMP	0
0x0016511a	0x001e9718	READ	0
0x00165121	0x0016512c	CONDITIONAL_JUMP	0
0x00165123	0xStack[-0x1c]	READ	1
0x00165126	0x001e9714	WRITE	0
0x0016512c	0x001e9718	READ_WRITE	0
0x00165132	0x001e9610	DATA	1
0x00165137	0x001e9710	READ_WRITE	0
0x0016513d	0x001e8b54	READ	1
0x00165149	0x0016516b	CONDITIONAL_JUMP	0
0x0016514b	0x001e9050	READ	1
0x0016515a	0x001e90ac	READ	1
0x00165161	0x001e90ac	WRITE	0
0x00165166	0x001e90ac	READ	1
0x00165170	0xStack[-0x8]	READ	1
0x00165174	0x0018b544	UNCONDITIONAL_CALL	0
0x0016517c	0x001df704	READ	1
0x00165183	0x00164fcc	CONDITIONAL_JUMP	0
0x00165189	0xStack[-0x18]	READ	0
0x0016518d	0x00164d8c	CONDITIONAL_JUMP	0
0x00165193	0xStack[-0x28]	DATA	0
0x001651a9	0xStack[0x4]	READ	0
0x001651ad	0x001651b4	CONDITIONAL_JUMP	0
0x001651af	0xStack[0x4]	READ	1
0x001651b2	0x001651b9	UNCONDITIONAL_JUMP	0
0x001651b4	0xStack[0x4]	READ	1
0x001651c3	0x001f6a10	DATA	1
0x001651ca	0xStack[-0x8]	WRITE	0
0x001651cd	0x0018be68	UNCONDITIONAL_CALL	0
0x001651d2	0xStack[-0xc]	WRITE	0
0x001651d5	0x001f6920	DATA	1
0x001651dc	0x001f6920	DATA	1
0x001651e0	0x001651de	CONDITIONAL_JUMP	0
0x001651e7	0x001f6920	DATA	1
0x001651ee	0x001651dc	CONDITIONAL_JUMP	0
0x001651f0	0xStack[-0x8]	READ	1
0x001651f3	0x001f6a10	DATA	1
0x001651f7	0x00165301	CONDITIONAL_JUMP	0
0x00165202	0xStack[0x4]	READ	1
0x00165208	0x001652f6	CONDITIONAL_JUMP	0
0x00165211	0xStack[-0x10]	WRITE	0
0x00165214	0xStack[-0x10]	READ	1
0x0016521b	0x00165219	CONDITIONAL_JUMP	0
0x00165222	0xStack[-0x10]	READ	1
0x0016522c	0x00165214	CONDITIONAL_JUMP	0
0x0016524b	0x0016525c	CONDITIONAL_JUMP	0
0x00165254	0x0015be2c	UNCONDITIONAL_CALL	0
0x0016525f	0xStack[-0x10]	WRITE	0
0x0016526b	0x001652e4	CONDITIONAL_JUMP	0
0x0016526d	0x001652b0	COMPUTED_JUMP	-1
0x0016526d	0x001652e4	COMPUTED_JUMP	-1
0x0016526d	0x001652d0	COMPUTED_JUMP	-1
0x0016526d	0x00165274	DATA	0
0x00165274	0x001652b0	DATA	0
0x00165278	0x001652e4	DATA	0
0x0016527c	0x001652d0	DATA	0
0x00165280	0x001652e4	DATA	0
0x00165284	0x001652d0	DATA	0
0x00165288	0x001652e4	DATA	0
0x0016528c	0x001652d0	DATA	0
0x00165290	0x001652e4	DATA	0
0x00165294	0x001652b0	DATA	0
0x00165298	0x001652e4	DATA	0
0x0016529c	0x001652b0	DATA	0
0x001652a0	0x001652e4	DATA	0
0x001652a4	0x001652d0	DATA	0
0x001652a8	0x001652e4	DATA	0
0x001652ac	0x001652d0	DATA	0
0x001652b0	0xStack[-0x10]	READ	1
0x001652c4	0x0016400c	UNCONDITIONAL_CALL	0
0x001652cc	0x001652f1	UNCONDITIONAL_JUMP	0
0x001652d0	0xStack[-0x10]	READ	1
0x001652e0	0x001652f1	UNCONDITIONAL_JUMP	0
0x001652e4	0x001df556	DATA	0
0x001652e9	0x0010ca6c	UNCONDITIONAL_CALL	0
0x001652f8	0xStack[-0x8]	READ	0
0x001652fb	0x00165200	CONDITIONAL_JUMP	0
0x00165303	0x001f6920	DATA	1
0x00165305	0xStack[-0xc]	READ	1
0x00165309	0x0018b544	UNCONDITIONAL_CALL	0
0x0016530e	0xStack[-0x1c]	DATA	0
0x0016531b	0x001e8b54	READ	1
0x0016532e	0x001e8b54	READ	1
0x00165334	0x001e9050	READ	1
0x0016533a	0x0018be68	UNCONDITIONAL_CALL	0
0x00165341	0x001e90ac	READ	1
0x00165348	0x001e90ac	WRITE	0
0x0016534d	0x001e90ac	READ	1
0x00165355	0x00163498	UNCONDITIONAL_CALL	0
0x00165361	0x001635e8	UNCONDITIONAL_CALL	0
0x0016536b	0x00165354	CONDITIONAL_JUMP	0
0x0016536e	0x0018b544	UNCONDITIONAL_CALL	0
0x00165373	0xStack[-0x10]	DATA	0
0x00165383	0x001e9050	READ	1
0x00165391	0x001653a2	CONDITIONAL_JUMP	0
0x001653a0	0x001653a7	CONDITIONAL_JUMP	0
0x001653a8	0x0018df80	UNCONDITIONAL_CALL	0
0x001653b7	0x00165380	DATA	0
0x001653bc	0x00163a18	UNCONDITIONAL_CALL	0
0x001653c1	0x001e9050	READ	1
0x001653cf	0x001653e0	CONDITIONAL_JUMP	0
0x001653de	0x001653e5	CONDITIONAL_JUMP	0
0x001653ef	0x001e8b54	READ	1
0x001653f8	0x00165403	CONDITIONAL_JUMP	0
0x001653fb	0x00165704	UNCONDITIONAL_CALL	0
0x00165403	0x001e9050	READ	1
0x00165411	0x00165422	CONDITIONAL_JUMP	0
0x00165420	0x00165427	CONDITIONAL_JUMP	0
0x00165428	0x0018df80	UNCONDITIONAL_CALL	0
0x00165438	0x001e8b54	READ	1
0x0016543e	0x001f6538	READ	1
0x00165446	0x00165610	UNCONDITIONAL_CALL	0
0x0016544b	0x001653ec	DATA	0
0x00165450	0x00163a18	UNCONDITIONAL_CALL	0
0x0016545c	0x00165464	CONDITIONAL_JUMP	0
0x0016545f	0x00165704	UNCONDITIONAL_CALL	0
0x00165464	0x001e9050	READ	1
0x00165472	0x00165483	CONDITIONAL_JUMP	0
0x00165481	0x00165488	CONDITIONAL_JUMP	0
0x0016548a	0xStack[-0x8]	READ	1
0x00165497	0x001e8b54	READ	1
0x001654a0	0x001654ab	CONDITIONAL_JUMP	0
0x001654a3	0x00165704	UNCONDITIONAL_CALL	0
0x001654ad	0x0018df80	UNCONDITIONAL_CALL	0
0x001654c1	0xStack[0x4]	READ	1
0x001654c4	0xStack[0x8]	READ	1
0x001654c7	0xStack[0xc]	READ	1
0x001654ca	0x001e8b54	READ	1
0x001654d3	0x001654ec	CONDITIONAL_JUMP	0
0x001654d5	0x001654e0	CONDITIONAL_JUMP	0
0x001654d9	0x00165502	CONDITIONAL_JUMP	0
0x001654db	0x001655e1	UNCONDITIONAL_JUMP	0
0x001654e3	0x001654f8	CONDITIONAL_JUMP	0
0x001654e5	0x001655e1	UNCONDITIONAL_JUMP	0
0x001654ee	0x00165610	UNCONDITIONAL_CALL	0
0x001654f3	0x001654ff	UNCONDITIONAL_JUMP	0
0x001654fa	0x00159234	UNCONDITIONAL_CALL	0
0x00165504	0x001655e8	CONDITIONAL_JUMP	0
0x0016550a	0xStack[-0x8]	DATA	0
0x0016551b	0x0014b8b8	UNCONDITIONAL_CALL	0
0x00165525	0x001655dc	CONDITIONAL_JUMP	0
0x0016552b	0xStack[-0x8]	READ	1
0x00165533	0x001655d2	CONDITIONAL_JUMP	0
0x0016553d	0x001655d2	CONDITIONAL_JUMP	0
0x00165546	0x0018be68	UNCONDITIONAL_CALL	0
0x00165554	0x00165552	CONDITIONAL_JUMP	0
0x00165562	0x00165550	CONDITIONAL_JUMP	0
0x00165570	0x001655c4	CONDITIONAL_JUMP	0
0x00165573	0x00164350	UNCONDITIONAL_CALL	0
0x0016557d	0x001655c4	CONDITIONAL_JUMP	0
0x00165585	0x0018b544	UNCONDITIONAL_CALL	0
0x0016558a	0xStack[-0x8]	READ	1
0x00165598	0x001655b2	CONDITIONAL_JUMP	0
0x0016559a	0x001e9050	READ	1
0x001655b3	0x00165494	DATA	0
0x001655b8	0x00163a70	UNCONDITIONAL_CALL	0
0x001655c0	0x001655f5	UNCONDITIONAL_JUMP	0
0x001655ca	0x0018b544	UNCONDITIONAL_CALL	0
0x001655d2	0xStack[-0x8]	READ	1
0x001655d9	0x001655e8	UNCONDITIONAL_JUMP	0
0x001655df	0x001655e8	CONDITIONAL_JUMP	0
0x001655e6	0x00165603	UNCONDITIONAL_JUMP	0
0x001655e8	0x00165494	DATA	0
0x001655ed	0x00163a18	UNCONDITIONAL_CALL	0
0x001655f9	0x00165601	CONDITIONAL_JUMP	0
0x001655fc	0x00165704	UNCONDITIONAL_CALL	0
0x00165603	0xStack[-0x14]	DATA	0
0x00165616	0xStack[0x4]	READ	1
0x00165619	0xStack[0x8]	READ	1
0x0016561c	0x001dee30	READ	1
0x00165633	0x0018be68	UNCONDITIONAL_CALL	0
0x00165644	0x00165642	CONDITIONAL_JUMP	0
0x00165652	0x00165640	CONDITIONAL_JUMP	0
0x0016565b	0x0016566c	CONDITIONAL_JUMP	0
0x00165664	0x0015be2c	UNCONDITIONAL_CALL	0
0x00165682	0x00165694	CONDITIONAL_JUMP	0
0x0016568c	0x0015bdc4	UNCONDITIONAL_CALL	0
0x0016569a	0x0018b544	UNCONDITIONAL_CALL	0
0x0016569f	0xStack[-0x10]	DATA	0
0x001656b1	0xStack[0x4]	READ	1
0x001656b4	0x0018be68	UNCONDITIONAL_CALL	0
0x001656c4	0x001656c2	CONDITIONAL_JUMP	0
0x001656d2	0x001656c0	CONDITIONAL_JUMP	0
0x001656d9	0x001656f0	CONDITIONAL_JUMP	0
0x001656e8	0x00163d28	UNCONDITIONAL_CALL	0
0x001656f6	0x0018b544	UNCONDITIONAL_CALL	0
0x001656fb	0xStack[-0xc]	DATA	0
0x00165709	0xStack[0x4]	READ	1
0x0016570e	0x00165718	CONDITIONAL_JUMP	0
0x00165715	0x0016577b	UNCONDITIONAL_JUMP	0
0x00165718	0x0018be68	UNCONDITIONAL_CALL	0
0x00165728	0x00165726	CONDITIONAL_JUMP	0
0x00165736	0x00165724	CONDITIONAL_JUMP	0
0x0016573c	0x0016576e	CONDITIONAL_JUMP	0
0x00165745	0x00165756	CONDITIONAL_JUMP	0
0x0016574e	0x0015be2c	UNCONDITIONAL_CALL	0
0x00165766	0x00163d28	UNCONDITIONAL_CALL	0
0x00165774	0x0018b544	UNCONDITIONAL_CALL	0
0x0016577b	0xStack[-0xc]	DATA	0
0x0016578d	0x001e8b54	READ	1
0x00165798	0xStack[-0x14]	WRITE	0
0x0016579b	0xStack[0x4]	READ	1
0x0016579f	0x00104900	UNCONDITIONAL_CALL	0
0x001657a9	0x0016587c	CONDITIONAL_JUMP	0
0x001657b2	0xStack[-0x10]	WRITE	0
0x001657ba	0x0016587c	CONDITIONAL_JUMP	0
0x001657c0	0xStack[-0x10]	READ	1
0x001657c7	0x0016587c	CONDITIONAL_JUMP	0
0x001657cd	0x001e89ec	READ	1
0x001657d2	0xStack[0x14]	READ	1
0x001657dd	0xStack[0x10]	READ	0
0x001657e1	0x00165834	CONDITIONAL_JUMP	0
0x001657e5	0xStack[0x14]	READ	1
0x001657e9	0xStack[-0x8]	DATA	0
0x001657ed	0xStack[-0x14]	READ	1
0x001657f1	0x0017c5b8	UNCONDITIONAL_CALL	0
0x001657fd	0x0016593f	CONDITIONAL_JUMP	0
0x00165805	0xStack[0xc]	READ	1
0x0016580a	0x00189cec	UNCONDITIONAL_CALL	0
0x00165814	0x00165888	CONDITIONAL_JUMP	0
0x00165816	0xStack[0x14]	READ	1
0x0016581a	0xStack[-0x8]	READ	1
0x0016581e	0xStack[-0x14]	READ	1
0x00165822	0x0017c620	UNCONDITIONAL_CALL	0
0x0016582c	0x0016593f	UNCONDITIONAL_JUMP	0
0x00165836	0xStack[-0x8]	DATA	0
0x0016583a	0xStack[0xc]	READ	1
0x0016583e	0x00189a5c	UNCONDITIONAL_CALL	0
0x00165848	0x00165854	CONDITIONAL_JUMP	0
0x0016584f	0x0016593f	UNCONDITIONAL_JUMP	0
0x00165854	0x001e89ec	READ	1
0x0016585c	0xStack[-0x8]	READ	1
0x00165863	0x0016587c	CONDITIONAL_JUMP	0
0x0016586c	0xStack[-0x14]	READ	1
0x00165870	0x001765fc	UNCONDITIONAL_CALL	0
0x0016587a	0x00165888	CONDITIONAL_JUMP	0
0x00165881	0x0016593f	UNCONDITIONAL_JUMP	0
0x00165888	0xStack[0x14]	READ	0
0x0016588c	0x00165898	CONDITIONAL_JUMP	0
0x00165890	0x0016593f	UNCONDITIONAL_JUMP	0
0x0016589c	0xStack[-0x10]	READ	1
0x001658a0	0x0017d1e4	UNCONDITIONAL_CALL	0
0x001658ad	0x0018f644	UNCONDITIONAL_CALL	0
0x001658b6	0x001746a0	UNCONDITIONAL_CALL	0
0x001658bd	0xStack[-0xc]	WRITE	0
0x001658c4	0xStack[0x8]	READ	1
0x001658cc	0xStack[-0xc]	DATA	0
0x001658d1	0x0017c4f4	UNCONDITIONAL_CALL	0
0x001658dd	0x001658fd	CONDITIONAL_JUMP	0
0x001658e6	0xStack[-0x8]	READ	1
0x001658eb	0xStack[-0x14]	READ	1
0x001658ef	0x00176888	UNCONDITIONAL_CALL	0
0x001658fb	0x00165914	CONDITIONAL_JUMP	0
0x001658fd	0xStack[0x10]	READ	0
0x00165901	0x00165914	CONDITIONAL_JUMP	0
0x00165904	0xStack[-0x8]	READ	1
0x00165908	0xStack[-0x14]	READ	1
0x0016590c	0x0017c620	UNCONDITIONAL_CALL	0
0x00165915	0x001747d8	UNCONDITIONAL_CALL	0
0x0016591a	0xStack[-0x10]	READ	1
0x00165923	0x0016593d	CONDITIONAL_JUMP	0
0x00165925	0x001e8758	READ	1
0x00165932	0x001e8758	READ	1
0x0016593f	0xStack[-0x20]	DATA	0
0x00165967	0x001dfb94	DATA	0
0x0016597d	0x0016a490	UNCONDITIONAL_CALL	0
0x00165982	0x001f6be8	WRITE	0
0x00165987	0x001dfb90	DATA	0
0x00165990	0x00165a20	UNCONDITIONAL_CALL	0
0x00165995	0x001dfb90	READ	1
0x001659b3	0xStack[0x8]	READ	1
0x001659b6	0xStack[-0x8]	DATA	0
0x001659bc	0xStack[0x4]	READ	1
0x001659c0	0x00165a20	UNCONDITIONAL_CALL	0
0x001659c5	0xStack[-0x8]	READ	1
0x001659c9	0x00165bec	UNCONDITIONAL_CALL	0
0x001659ce	0xStack[-0x8]	READ	1
0x001659d5	0x001747d8	UNCONDITIONAL_CALL	0
0x001659df	0x001659f0	CONDITIONAL_JUMP	0
0x001659e1	0xStack[-0x8]	READ	1
0x001659e4	0x001e8de8	READ	1
0x001659ed	0x00165a0f	UNCONDITIONAL_JUMP	0
0x001659f3	0xStack[-0x10]	DATA	0
0x001659f7	0xStack[-0xc]	DATA	0
0x001659fb	0x001e8de8	READ	1
0x00165a02	0x00173fbc	UNCONDITIONAL_CALL	0
0x00165a09	0xStack[-0x8]	READ	1
0x00165a0f	0xStack[-0x8]	READ	1
0x00165a19	0xStack[-0x14]	READ	1
0x00165a26	0xStack[0x4]	READ	1
0x00165a29	0x001f6be8	READ	1
0x00165a30	0x0016b790	UNCONDITIONAL_CALL	0
0x00165a3c	0x00165a4b	CONDITIONAL_JUMP	0
0x00165a3e	0x001dfb9a	DATA	0
0x00165a43	0x0010ca6c	UNCONDITIONAL_CALL	0
0x00165a4b	0x001e94ec	READ	1
0x00165a52	0x0016b790	UNCONDITIONAL_CALL	0
0x00165a5b	0x00106de8	UNCONDITIONAL_CALL	0
0x00165a6a	0x001dfb90	DATA	1
0x00165a6a	0xStack[0xc]	READ	0
0x00165a71	0x00165a80	CONDITIONAL_JUMP	0
0x00165a73	0x001e8de8	READ	1
0x00165a7c	0x00165ac5	UNCONDITIONAL_JUMP	0
0x00165a80	0xStack[0x8]	READ	0
0x00165a84	0x00165a98	CONDITIONAL_JUMP	0
0x00165a8a	0x00177a74	UNCONDITIONAL_CALL	0
0x00165a95	0x00165ac5	UNCONDITIONAL_JUMP	0
0x00165a9a	0x001e89ec	READ	1
0x00165ab1	0x0018f644	UNCONDITIONAL_CALL	0
0x00165aba	0x001746a0	UNCONDITIONAL_CALL	0
0x00165aff	0x0018d5c4	UNCONDITIONAL_CALL	0
0x00165b0d	0x001593e4	UNCONDITIONAL_CALL	0
0x00165b33	0x00165b78	CONDITIONAL_JUMP	0
0x00165b40	0x00165b3e	CONDITIONAL_JUMP	0
0x00165b4e	0x00165b3c	CONDITIONAL_JUMP	0
0x00165b5a	0x00165b61	CONDITIONAL_JUMP	0
0x00165b5c	0x001e9610	DATA	1
0x00165b61	0x001e9610	DATA	0
0x00165b62	0x0016174c	UNCONDITIONAL_CALL	0
0x00165b74	0x00165b98	UNCONDITIONAL_JUMP	0
0x00165b7f	0x001e9610	DATA	1
0x00165b84	0x001e9610	DATA	0
0x00165b89	0x0016174c	UNCONDITIONAL_CALL	0
0x00165b98	0x001e9768	DATA	1
0x00165ba0	0x001e9768	READ	1
0x00165ba4	0x00165ba2	CONDITIONAL_JUMP	0
0x00165bab	0x001e9768	READ_WRITE	0
0x00165bb2	0x00165ba0	CONDITIONAL_JUMP	0
0x00165bb5	0x001e9610	DATA	0
0x00165bb6	0x00161560	UNCONDITIONAL_CALL	0
0x00165bc0	0x001e9768	READ_WRITE	0
0x00165bd5	0x001594dc	UNCONDITIONAL_CALL	0
0x00165bda	0xStack[0xc]	READ	1
0x00165be1	0xStack[-0x10]	DATA	0
0x00165bf1	0xStack[0x4]	READ	1
0x00165bf6	0x00165c89	CONDITIONAL_JUMP	0
0x00165c00	0x00165bfe	CONDITIONAL_JUMP	0
0x00165c0e	0x00165bfc	CONDITIONAL_JUMP	0
0x00165c20	0x00165c89	CONDITIONAL_JUMP	0
0x00165c30	0x00165c2e	CONDITIONAL_JUMP	0
0x00165c3e	0x00165c2c	CONDITIONAL_JUMP	0
0x00165c42	0x00161504	UNCONDITIONAL_CALL	0
0x00165c53	0x001616f0	UNCONDITIONAL_CALL	0
0x00165c5c	0x001747d8	UNCONDITIONAL_CALL	0
0x00165c68	0x001506d8	UNCONDITIONAL_CALL	0
0x00165c6e	0x0018ec58	UNCONDITIONAL_CALL	0
0x00165c77	0x00106d44	UNCONDITIONAL_CALL	0
0x00165c7d	0x001f6be8	READ	1
0x00165c84	0x0016b84c	UNCONDITIONAL_CALL	0
0x00165c89	0xStack[-0xc]	DATA	0
0x00165c97	0xStack[0x4]	READ	1
0x00165c9c	0x00165cbb	CONDITIONAL_JUMP	0
0x00165ca4	0x00165ca2	CONDITIONAL_JUMP	0
0x00165cb2	0x00165ca0	CONDITIONAL_JUMP	0
0x00165cc9	0xStack[0x4]	READ	1
0x00165cce	0x00165cdc	CONDITIONAL_JUMP	0
0x00165cd5	0x00166088	UNCONDITIONAL_JUMP	0
0x00165cdf	0xStack[-0x8]	WRITE	0
0x00165ce2	0x001e8b54	READ	1
0x00165cea	0xStack[-0x10]	WRITE	0
0x00165cf1	0x00165de4	CONDITIONAL_JUMP	0
0x00165cfc	0x00165cfa	CONDITIONAL_JUMP	0
0x00165d0a	0x00165cf8	CONDITIONAL_JUMP	0
0x00165d10	0x00165eca	CONDITIONAL_JUMP	0
0x00165d16	0x0018be68	UNCONDITIONAL_CALL	0
0x00165d1b	0xStack[-0xc]	WRITE	0
0x00165d28	0x00165d26	CONDITIONAL_JUMP	0
0x00165d36	0x00165d24	CONDITIONAL_JUMP	0
0x00165d40	0x00165d3e	CONDITIONAL_JUMP	0
0x00165d4e	0x00165d3c	CONDITIONAL_JUMP	0
0x00165d57	0x00165d8c	CONDITIONAL_JUMP	0
0x00165d63	0xStack[-0xc]	READ	1
0x00165d67	0x0018b544	UNCONDITIONAL_CALL	0
0x00165d74	0x0016727c	UNCONDITIONAL_CALL	0
0x00165d7e	0x00166088	UNCONDITIONAL_JUMP	0
0x00165d84	0xStack[-0x8]	READ	1
0x00165d89	0x00165db3	UNCONDITIONAL_JUMP	0
0x00165d99	0xStack[-0x8]	READ	0
0x00165d9c	0x00165da8	CONDITIONAL_JUMP	0
0x00165d9e	0xStack[-0x8]	READ	1
0x00165da4	0x00165dab	UNCONDITIONAL_JUMP	0
0x00165dab	0xStack[-0x8]	READ	0
0x00165dae	0x00165d84	CONDITIONAL_JUMP	0
0x00165dbd	0xStack[-0xc]	READ	1
0x00165dc1	0x0018b544	UNCONDITIONAL_CALL	0
0x00165dce	0x00159728	UNCONDITIONAL_CALL	0
0x00165dd4	0x00159770	UNCONDITIONAL_CALL	0
0x00165ddc	0x00165ee3	UNCONDITIONAL_JUMP	0
0x00165de4	0xStack[-0x10]	READ	0
0x00165de7	0x00165e1c	CONDITIONAL_JUMP	0
0x00165df0	0x00165dee	CONDITIONAL_JUMP	0
0x00165dfe	0x00165dec	CONDITIONAL_JUMP	0
0x00165e00	0xStack[-0x10]	READ	1
0x00165e07	0x00165e05	CONDITIONAL_JUMP	0
0x00165e0e	0xStack[-0x10]	READ	1
0x00165e18	0x00165e00	CONDITIONAL_JUMP	0
0x00165e1a	0x00165e4c	UNCONDITIONAL_JUMP	0
0x00165e1c	0xStack[-0x10]	READ	1
0x00165e23	0x00165e21	CONDITIONAL_JUMP	0
0x00165e2a	0xStack[-0x10]	READ	1
0x00165e34	0x00165e1c	CONDITIONAL_JUMP	0
0x00165e3c	0x00165e3a	CONDITIONAL_JUMP	0
0x00165e4a	0x00165e38	CONDITIONAL_JUMP	0
0x00165e4c	0x0018be68	UNCONDITIONAL_CALL	0
0x00165e51	0xStack[-0xc]	WRITE	0
0x00165e5c	0x00165e5a	CONDITIONAL_JUMP	0
0x00165e6a	0x00165e58	CONDITIONAL_JUMP	0
0x00165e6c	0xStack[-0x10]	READ	1
0x00165e73	0x00165e7e	CONDITIONAL_JUMP	0
0x00165e7c	0x00165eac	CONDITIONAL_JUMP	0
0x00165e83	0xStack[-0xc]	READ	1
0x00165e87	0x0018b544	UNCONDITIONAL_CALL	0
0x00165e95	0xStack[-0x10]	READ	1
0x00165e9b	0x0016727c	UNCONDITIONAL_CALL	0
0x00165ea5	0x00166088	UNCONDITIONAL_JUMP	0
0x00165eb1	0xStack[-0xc]	READ	1
0x00165eb5	0x0018b544	UNCONDITIONAL_CALL	0
0x00165ebf	0xStack[-0x10]	READ	1
0x00165ec8	0x00165ed8	CONDITIONAL_JUMP	0
0x00165ed3	0x00166088	UNCONDITIONAL_JUMP	0
0x00165ee4	0x00159518	UNCONDITIONAL_CALL	0
0x00165eea	0x00166094	UNCONDITIONAL_CALL	0
0x00165ef2	0x0016610c	UNCONDITIONAL_CALL	0
0x00165f00	0x00165efe	CONDITIONAL_JUMP	0
0x00165f0e	0x00165efc	CONDITIONAL_JUMP	0
0x00165f10	0xStack[-0x8]	READ	1
0x00165f13	0xStack[-0x8]	READ	1
0x00165f18	0x00165f62	CONDITIONAL_JUMP	0
0x00165f1c	0xStack[-0x8]	READ	1
0x00165f22	0x00167238	UNCONDITIONAL_CALL	0
0x00165f2f	0x00167424	UNCONDITIONAL_CALL	0
0x00165f35	0x00166ea0	UNCONDITIONAL_CALL	0
0x00165f3c	0x00163a18	UNCONDITIONAL_CALL	0
0x00165f48	0x00165f46	CONDITIONAL_JUMP	0
0x00165f56	0x00165f44	CONDITIONAL_JUMP	0
0x00165f58	0xStack[-0x8]	READ	1
0x00165f5b	0xStack[-0x8]	READ	1
0x00165f60	0x00165f1c	CONDITIONAL_JUMP	0
0x00165f67	0x00159558	UNCONDITIONAL_CALL	0
0x00165f71	0x00166012	CONDITIONAL_JUMP	0
0x00165f7c	0x00165f7a	CONDITIONAL_JUMP	0
0x00165f8a	0x00165f78	CONDITIONAL_JUMP	0
0x00165f9c	0x00166012	CONDITIONAL_JUMP	0
0x00165fa1	0xStack[-0x10]	WRITE	0
0x00165fb0	0x00165fae	CONDITIONAL_JUMP	0
0x00165fbe	0x00165fac	CONDITIONAL_JUMP	0
0x00165fc1	0xStack[-0x10]	READ	1
0x00165fc5	0x00161504	UNCONDITIONAL_CALL	0
0x00165fcf	0xStack[-0x10]	READ	1
0x00165fd9	0x001616f0	UNCONDITIONAL_CALL	0
0x00165fe2	0x001747d8	UNCONDITIONAL_CALL	0
0x00165fee	0x001506d8	UNCONDITIONAL_CALL	0
0x00165ff4	0x0018ec58	UNCONDITIONAL_CALL	0
0x00165ffd	0x00106d44	UNCONDITIONAL_CALL	0
0x00166003	0x001f6be8	READ	1
0x0016600a	0x0016b84c	UNCONDITIONAL_CALL	0
0x00166015	0x00166086	CONDITIONAL_JUMP	0
0x0016601c	0x0016601a	CONDITIONAL_JUMP	0
0x0016602a	0x00166018	CONDITIONAL_JUMP	0
0x0016602c	0x0018be68	UNCONDITIONAL_CALL	0
0x00166031	0xStack[-0xc]	WRITE	0
0x0016603c	0x0016603a	CONDITIONAL_JUMP	0
0x0016604a	0x00166038	CONDITIONAL_JUMP	0
0x0016604c	0xStack[-0x8]	READ	1
0x00166054	0x0016605c	CONDITIONAL_JUMP	0
0x00166058	0x0016605f	UNCONDITIONAL_JUMP	0
0x00166062	0xStack[-0x8]	READ	1
0x00166070	0xStack[-0xc]	READ	1
0x00166074	0x0018b544	UNCONDITIONAL_CALL	0
0x00166081	0x0016727c	UNCONDITIONAL_CALL	0
0x00166088	0xStack[-0x1c]	DATA	0
0x0016609d	0xStack[0x4]	READ	1
0x001660a0	0x001e8b54	READ	1
0x001660a6	0xStack[-0x8]	WRITE	0
0x001660b0	0x001660ae	CONDITIONAL_JUMP	0
0x001660be	0x001660ac	CONDITIONAL_JUMP	0
0x001660c4	0x001660d4	CONDITIONAL_JUMP	0
0x001660cf	0x001660ff	UNCONDITIONAL_JUMP	0
0x001660df	0x001660f9	CONDITIONAL_JUMP	0
0x001660e4	0xStack[-0x8]	READ	0
0x001660e7	0x001660f2	CONDITIONAL_JUMP	0
0x001660ea	0x001679a8	UNCONDITIONAL_CALL	0
0x001660f7	0x001660e4	CONDITIONAL_JUMP	0
0x001660ff	0xStack[-0x14]	DATA	0
0x00166115	0xStack[0x4]	READ	1
0x00166118	0xStack[-0x10]	WRITE	0
0x0016611f	0x001e8b54	READ	1
0x00166125	0xStack[-0xc]	WRITE	0
0x0016612b	0xStack[-0x8]	WRITE	0
0x00166134	0x00166132	CONDITIONAL_JUMP	0
0x00166142	0x00166130	CONDITIONAL_JUMP	0
0x00166144	0xStack[-0x8]	READ	1
0x0016614b	0x001661b0	CONDITIONAL_JUMP	0
0x00166154	0x00166168	CONDITIONAL_JUMP	0
0x00166156	0xStack[0x8]	READ	0
0x0016615a	0x00166168	CONDITIONAL_JUMP	0
0x0016615c	0xStack[-0x10]	WRITE	0
0x00166163	0x001661b0	UNCONDITIONAL_JUMP	0
0x00166168	0xStack[-0xc]	READ	0
0x0016616b	0x001661a8	CONDITIONAL_JUMP	0
0x0016616e	0x00167238	UNCONDITIONAL_CALL	0
0x0016617c	0x00166187	CONDITIONAL_JUMP	0
0x0016617f	0x00166ea0	UNCONDITIONAL_CALL	0
0x0016618a	0x001679ec	UNCONDITIONAL_CALL	0
0x00166198	0x00166196	CONDITIONAL_JUMP	0
0x001661a6	0x00166194	CONDITIONAL_JUMP	0
0x001661ab	0xStack[-0x8]	READ	0
0x001661ae	0x00166150	CONDITIONAL_JUMP	0
0x001661b6	0x001661be	CONDITIONAL_JUMP	0
0x001661b9	0x00166ea0	UNCONDITIONAL_CALL	0
0x001661be	0xStack[-0x10]	READ	1
0x001661c1	0xStack[-0x1c]	DATA	0
0x001661d2	0xStack[0x4]	READ	1
0x001661dc	0x001661da	CONDITIONAL_JUMP	0
0x001661ea	0x001661d8	CONDITIONAL_JUMP	0
0x001661f0	0x00166200	CONDITIONAL_JUMP	0
0x001661fb	0x00166228	UNCONDITIONAL_JUMP	0
0x0016620b	0x00166222	CONDITIONAL_JUMP	0
0x00166214	0x00167b2c	UNCONDITIONAL_CALL	0
0x00166220	0x00166210	CONDITIONAL_JUMP	0
0x00166228	0xStack[-0x10]	DATA	0
0x0016623d	0xStack[0x4]	READ	1
0x00166240	0x001e8b54	READ	1
0x00166246	0xStack[-0xc]	WRITE	0
0x0016624c	0xStack[-0x8]	WRITE	0
0x00166258	0x00166256	CONDITIONAL_JUMP	0
0x00166266	0x00166254	CONDITIONAL_JUMP	0
0x00166268	0xStack[-0x8]	READ	1
0x0016626f	0x001662bc	CONDITIONAL_JUMP	0
0x00166274	0xStack[-0xc]	READ	0
0x00166277	0x001662b4	CONDITIONAL_JUMP	0
0x0016627a	0x00167238	UNCONDITIONAL_CALL	0
0x00166288	0x00166293	CONDITIONAL_JUMP	0
0x0016628b	0x00166ea0	UNCONDITIONAL_CALL	0
0x00166296	0x00167494	UNCONDITIONAL_CALL	0
0x001662a4	0x001662a2	CONDITIONAL_JUMP	0
0x001662b2	0x001662a0	CONDITIONAL_JUMP	0
0x001662b7	0xStack[-0x8]	READ	0
0x001662ba	0x00166274	CONDITIONAL_JUMP	0
0x001662c2	0x001662ca	CONDITIONAL_JUMP	0
0x001662c5	0x00166ea0	UNCONDITIONAL_CALL	0
0x001662cc	0xStack[-0x18]	DATA	0
0x001662e1	0xStack[0x4]	READ	1
0x001662e6	0x001662f4	CONDITIONAL_JUMP	0
0x001662ed	0x00166490	UNCONDITIONAL_JUMP	0
0x001662f4	0xStack[-0x1c]	WRITE	0
0x001662fb	0xStack[-0x14]	WRITE	0
0x00166308	0x00166306	CONDITIONAL_JUMP	0
0x00166316	0x00166304	CONDITIONAL_JUMP	0
0x0016631c	0x00166434	CONDITIONAL_JUMP	0
0x00166325	0xStack[-0x8]	WRITE	0
0x0016632f	0xStack[-0x10]	WRITE	0
0x00166332	0xStack[-0x1c]	READ	1
0x00166337	0x0016637c	CONDITIONAL_JUMP	0
0x0016633f	0x00166354	CONDITIONAL_JUMP	0
0x00166342	0xStack[-0x14]	READ	1
0x00166346	0xStack[-0x18]	WRITE	0
0x00166349	0x0015a824	UNCONDITIONAL_CALL	0
0x00166351	0xStack[-0x18]	READ	1
0x00166354	0xStack[-0x10]	READ	1
0x00166357	0xStack[-0x1c]	WRITE	0
0x0016635b	0xStack[-0x18]	WRITE	0
0x0016635e	0x0015a75c	UNCONDITIONAL_CALL	0
0x00166363	0xStack[-0x14]	WRITE	0
0x00166369	0xStack[-0x18]	READ	1
0x0016636e	0x00166304	CONDITIONAL_JUMP	0
0x00166375	0x00166490	UNCONDITIONAL_JUMP	0
0x0016637c	0xStack[-0x14]	READ	1
0x0016637f	0xStack[-0xc]	WRITE	0
0x00166387	0xStack[-0x8]	READ	0
0x0016638a	0x001663aa	CONDITIONAL_JUMP	0
0x0016638d	0xStack[-0x18]	WRITE	0
0x00166390	0x00167238	UNCONDITIONAL_CALL	0
0x00166395	0xStack[-0xc]	READ	1
0x001663a2	0xStack[-0x18]	READ	1
0x001663a5	0xStack[-0x8]	READ	0
0x001663a8	0x0016638c	CONDITIONAL_JUMP	0
0x001663ae	0xStack[-0x8]	READ	0
0x001663b2	0x001663e4	CONDITIONAL_JUMP	0
0x001663b4	0xStack[0x8]	READ	1
0x001663bd	0xStack[0xc]	READ	1
0x001663c6	0xStack[-0x1c]	READ	0
0x001663ca	0x0016648e	CONDITIONAL_JUMP	0
0x001663d0	0xStack[-0x1c]	READ	1
0x001663d4	0xStack[-0x14]	READ	1
0x001663d8	0x0015a824	UNCONDITIONAL_CALL	0
0x001663dd	0x0016648e	UNCONDITIONAL_JUMP	0
0x001663e4	0xStack[-0x1c]	READ	1
0x001663e7	0xStack[-0x10]	READ	0
0x001663ea	0x0016645e	CONDITIONAL_JUMP	0
0x001663ec	0xStack[-0x10]	READ	1
0x001663f0	0x0015a75c	UNCONDITIONAL_CALL	0
0x001663fc	0x00166440	CONDITIONAL_JUMP	0
0x00166400	0xStack[-0x8]	READ	0
0x00166403	0x0016641d	CONDITIONAL_JUMP	0
0x00166408	0xStack[-0xc]	READ	1
0x0016640f	0x00166ea0	UNCONDITIONAL_CALL	0
0x00166418	0xStack[-0x8]	READ	0
0x0016641b	0x00166408	CONDITIONAL_JUMP	0
0x0016641d	0xStack[-0x1c]	READ	1
0x00166421	0xStack[-0x14]	READ	1
0x00166425	0x0015a824	UNCONDITIONAL_CALL	0
0x0016642f	0x00166490	UNCONDITIONAL_JUMP	0
0x0016643d	0x00166490	UNCONDITIONAL_JUMP	0
0x00166440	0xStack[-0x10]	READ	1
0x00166445	0xStack[-0x14]	READ	1
0x00166449	0x001013cc	UNCONDITIONAL_CALL	0
0x0016644e	0xStack[-0x1c]	READ	1
0x00166453	0x0015a824	UNCONDITIONAL_CALL	0
0x00166458	0xStack[-0xc]	WRITE	0
0x0016645e	0xStack[-0xc]	READ	1
0x00166461	0xStack[0x8]	READ	1
0x00166466	0xStack[-0x8]	READ	1
0x00166469	0xStack[0xc]	READ	1
0x00166472	0x0016648e	CONDITIONAL_JUMP	0
0x00166474	0xStack[-0xc]	READ	1
0x0016647b	0x0015a330	UNCONDITIONAL_CALL	0
0x00166489	0xStack[-0x8]	READ	0
0x0016648c	0x00166478	CONDITIONAL_JUMP	0
0x00166490	0xStack[-0x28]	DATA	0
0x001664a5	0xStack[0x4]	READ	1
0x001664aa	0x001664b8	CONDITIONAL_JUMP	0
0x001664b1	0x0016662f	UNCONDITIONAL_JUMP	0
0x001664c0	0x001664be	CONDITIONAL_JUMP	0
0x001664ce	0x001664bc	CONDITIONAL_JUMP	0
0x001664db	0x001664e2	CONDITIONAL_JUMP	0
0x001664e8	0x0016662d	CONDITIONAL_JUMP	0
0x001664ee	0x001e8b54	READ	1
0x001664f4	0xStack[-0x8]	WRITE	0
0x001664fc	0x001664fa	CONDITIONAL_JUMP	0
0x0016650a	0x001664f8	CONDITIONAL_JUMP	0
0x00166510	0x0016651c	CONDITIONAL_JUMP	0
0x00166516	0x001665f3	UNCONDITIONAL_JUMP	0
0x00166527	0x00166541	CONDITIONAL_JUMP	0
0x0016652c	0xStack[-0x8]	READ	0
0x0016652f	0x0016653a	CONDITIONAL_JUMP	0
0x00166532	0x001679a8	UNCONDITIONAL_CALL	0
0x0016653f	0x0016652c	CONDITIONAL_JUMP	0
0x00166545	0x00166554	UNCONDITIONAL_JUMP	0
0x00166548	0xStack[-0xc]	WRITE	0
0x0016654f	0x001665dc	UNCONDITIONAL_JUMP	0
0x00166554	0xStack[-0xc]	WRITE	0
0x0016655b	0x001e8b54	READ	1
0x00166561	0xStack[-0x10]	WRITE	0
0x00166567	0xStack[-0x14]	WRITE	0
0x00166570	0x0016656e	CONDITIONAL_JUMP	0
0x0016657e	0x0016656c	CONDITIONAL_JUMP	0
0x00166580	0xStack[-0x14]	READ	1
0x00166587	0x001665dc	CONDITIONAL_JUMP	0
0x00166590	0x00166548	CONDITIONAL_JUMP	0
0x00166592	0xStack[-0x10]	READ	0
0x00166595	0x001665d4	CONDITIONAL_JUMP	0
0x00166598	0x00167238	UNCONDITIONAL_CALL	0
0x001665a6	0x001665b1	CONDITIONAL_JUMP	0
0x001665a9	0x00166ea0	UNCONDITIONAL_CALL	0
0x001665b4	0x001679ec	UNCONDITIONAL_CALL	0
0x001665c4	0x001665c2	CONDITIONAL_JUMP	0
0x001665d2	0x001665c0	CONDITIONAL_JUMP	0
0x001665d7	0xStack[-0x14]	READ	0
0x001665da	0x0016658c	CONDITIONAL_JUMP	0
0x001665e2	0x001665ed	CONDITIONAL_JUMP	0
0x001665e5	0x00166ea0	UNCONDITIONAL_CALL	0
0x001665ed	0xStack[-0xc]	READ	0
0x001665f1	0x001665fc	CONDITIONAL_JUMP	0
0x001665f8	0x0016662f	UNCONDITIONAL_JUMP	0
0x001665fc	0x001e8b54	READ	1
0x00166604	0x0016662d	CONDITIONAL_JUMP	0
0x00166607	0x001679a8	UNCONDITIONAL_CALL	0
0x0016660c	0x0018be68	UNCONDITIONAL_CALL	0
0x00166616	0x001e90ac	READ	1
0x0016661d	0x001e90ac	WRITE	0
0x00166622	0x001e90ac	READ	1
0x00166628	0x0018b544	UNCONDITIONAL_CALL	0
0x0016662f	0xStack[-0x20]	DATA	0
0x00166642	0xStack[0x4]	READ	1
0x00166647	0x00166654	CONDITIONAL_JUMP	0
0x0016664e	0x001666d8	UNCONDITIONAL_JUMP	0
0x0016665c	0x0016665a	CONDITIONAL_JUMP	0
0x0016666a	0x00166658	CONDITIONAL_JUMP	0
0x00166671	0x00166680	CONDITIONAL_JUMP	0
0x0016667c	0x001666d8	UNCONDITIONAL_JUMP	0
0x00166689	0x00166690	CONDITIONAL_JUMP	0
0x00166696	0x001666d6	CONDITIONAL_JUMP	0
0x0016669c	0x0016669a	CONDITIONAL_JUMP	0
0x001666aa	0x00166698	CONDITIONAL_JUMP	0
0x001666b0	0x00166673	CONDITIONAL_JUMP	0
0x001666bd	0x001666d2	CONDITIONAL_JUMP	0
0x001666c4	0x00167b2c	UNCONDITIONAL_CALL	0
0x001666d0	0x001666c0	CONDITIONAL_JUMP	0
0x001666d8	0xStack[-0x10]	DATA	0
0x001666ed	0xStack[0x4]	READ	1
0x001666f0	0xStack[0x8]	READ	1
0x001666f3	0xStack[0xc]	READ	1
0x001666f8	0x00166890	CONDITIONAL_JUMP	0
0x00166701	0x00166714	CONDITIONAL_JUMP	0
0x00166706	0x00166798	CONDITIONAL_JUMP	0
0x0016670c	0x00166890	UNCONDITIONAL_JUMP	0
0x00166714	0xStack[0x10]	READ	1
0x0016671a	0x00166890	CONDITIONAL_JUMP	0
0x00166720	0x001dfb90	READ	0
0x00166726	0x00166730	CONDITIONAL_JUMP	0
0x0016672b	0x00166735	UNCONDITIONAL_JUMP	0
0x00166730	0x001e8de8	READ	1
0x00166741	0x001e0d0c	READ	1
0x00166750	0x0016674e	CONDITIONAL_JUMP	0
0x0016675e	0x0016674c	CONDITIONAL_JUMP	0
0x00166787	0xStack[0x10]	READ	1
0x00166790	0x00166898	UNCONDITIONAL_JUMP	0
0x00166798	0xStack[0x10]	READ	1
0x0016679e	0x00166890	CONDITIONAL_JUMP	0
0x001667c8	0x001667c6	CONDITIONAL_JUMP	0
0x001667d6	0x001667c4	CONDITIONAL_JUMP	0
0x001667db	0x00166873	UNCONDITIONAL_JUMP	0
0x001667e0	0xStack[-0x18]	WRITE	0
0x001667e3	0x0018be68	UNCONDITIONAL_CALL	0
0x001667e8	0xStack[-0x1c]	WRITE	0
0x001667ee	0xStack[-0x18]	READ	1
0x001667f8	0x001667f6	CONDITIONAL_JUMP	0
0x00166806	0x001667f4	CONDITIONAL_JUMP	0
0x00166808	0xStack[-0x14]	DATA	0
0x0016680c	0xStack[-0xc]	DATA	0
0x00166811	0xStack[-0x18]	WRITE	0
0x00166814	0x0016a280	UNCONDITIONAL_CALL	0
0x00166821	0xStack[-0x1c]	READ	1
0x00166825	0x0018b544	UNCONDITIONAL_CALL	0
0x0016682a	0xStack[-0x8]	READ	1
0x00166830	0xStack[-0xc]	READ	1
0x0016683b	0xStack[-0x18]	READ	1
0x00166843	0x0016684f	CONDITIONAL_JUMP	0
0x0016684f	0xStack[-0x10]	READ	1
0x00166855	0xStack[-0x14]	READ	1
0x00166863	0x00166870	CONDITIONAL_JUMP	0
0x00166878	0x001667e0	CONDITIONAL_JUMP	0
0x00166882	0xStack[0x10]	READ	1
0x0016688b	0x00166898	UNCONDITIONAL_JUMP	0
0x00166895	0x0016689a	UNCONDITIONAL_JUMP	0
0x0016689a	0xStack[-0x28]	DATA	0
0x001668ad	0xStack[0x4]	READ	1
0x001668b2	0x001668c0	CONDITIONAL_JUMP	0
0x001668b9	0x00166962	UNCONDITIONAL_JUMP	0
0x001668c8	0x001668c6	CONDITIONAL_JUMP	0
0x001668d6	0x001668c4	CONDITIONAL_JUMP	0
0x001668e3	0x001668ea	CONDITIONAL_JUMP	0
0x001668f0	0x00166960	CONDITIONAL_JUMP	0
0x001668f2	0x001e8b54	READ	1
0x001668f8	0xStack[-0x8]	WRITE	0
0x00166900	0x001668fe	CONDITIONAL_JUMP	0
0x0016690e	0x001668fc	CONDITIONAL_JUMP	0
0x00166914	0x0016691c	CONDITIONAL_JUMP	0
0x0016691a	0x00166948	UNCONDITIONAL_JUMP	0
0x00166927	0x00166941	CONDITIONAL_JUMP	0
0x0016692c	0xStack[-0x8]	READ	0
0x0016692f	0x0016693a	CONDITIONAL_JUMP	0
0x00166932	0x001679a8	UNCONDITIONAL_CALL	0
0x0016693f	0x0016692c	CONDITIONAL_JUMP	0
0x00166945	0x00166950	UNCONDITIONAL_JUMP	0
0x0016694d	0x00166962	UNCONDITIONAL_JUMP	0
0x00166950	0x001e8b54	READ	1
0x00166958	0x00166960	CONDITIONAL_JUMP	0
0x0016695b	0x001679a8	UNCONDITIONAL_CALL	0
0x00166962	0xStack[-0x14]	DATA	0
0x00166987	0xStack[0x4]	READ	1
0x0016698a	0xStack[0x8]	READ	1
0x00166991	0x001669a4	CONDITIONAL_JUMP	0
0x00166999	0x0016174c	UNCONDITIONAL_CALL	0
0x001669b9	0xStack[0x4]	READ	1
0x001669bc	0xStack[0x8]	READ	1
0x001669bf	0xStack[-0x8]	WRITE	0
0x001669c8	0x001669cf	CONDITIONAL_JUMP	0
0x001669cd	0x001669d8	CONDITIONAL_JUMP	0
0x001669d4	0x00166a2b	UNCONDITIONAL_JUMP	0
0x001669dc	0x001669da	CONDITIONAL_JUMP	0
0x001669ea	0x001669d8	CONDITIONAL_JUMP	0
0x001669ef	0xStack[0xc]	READ	0
0x001669f3	0x00166a24	CONDITIONAL_JUMP	0
0x001669fd	0x00166a24	CONDITIONAL_JUMP	0
0x00166a04	0xStack[-0xc]	WRITE	0
0x00166a07	0x00168784	UNCONDITIONAL_CALL	0
0x00166a0f	0xStack[-0xc]	READ	1
0x00166a14	0x00166a1d	CONDITIONAL_JUMP	0
0x00166a16	0xStack[-0x8]	WRITE	0
0x00166a22	0x00166a00	CONDITIONAL_JUMP	0
0x00166a28	0xStack[-0x8]	READ	1
0x00166a2b	0xStack[-0x18]	DATA	0
0x00166a3b	0x001e8b54	READ	1
0x00166a4b	0x001e8b54	READ	1
0x00166a60	0xStack[0x4]	READ	1
0x00166a63	0x001e8b54	READ	0
0x00166a69	0x00166a75	CONDITIONAL_JUMP	0
0x00166a6b	0x001dfbcc	DATA	0
0x00166a70	0x0010ca6c	UNCONDITIONAL_CALL	0
0x00166a79	0x00166a84	CONDITIONAL_JUMP	0
0x00166a7b	0x001f6354	READ	1
0x00166a84	0xStack[-0x8]	READ	1
0x00166a8f	0x001dfbdc	DATA	0
0x00166aa5	0x0016a490	UNCONDITIONAL_CALL	0
0x00166aaa	0x001f6d8c	WRITE	0
0x00166aaf	0x001f6c08	WRITE	0
0x00166ab9	0x001f6c24	WRITE	0
0x00166ac3	0x001f6c28	WRITE	0
0x00166acd	0x001f6c2c	WRITE	0
0x00166ad7	0x001f6c30	WRITE	0
0x00166ae1	0x001f6c3c	WRITE	0
0x00166aeb	0x001f6c44	WRITE	0
0x00166af5	0x001f6c48	WRITE	0
0x00166aff	0x001f6c4c	WRITE	0
0x00166b09	0x001f6c34	WRITE	0
0x00166b09	0x0018dce0	DATA	1
0x00166b13	0x001f6c38	WRITE	0
0x00166b1d	0x001f6c54	WRITE	0
0x00166b27	0x001f6c5c	WRITE	0
0x00166b31	0x001f6c60	WRITE	0
0x00166b3b	0x001f6c64	WRITE	0
0x00166b45	0x001f6c68	WRITE	0
0x00166b4f	0x001f6c6c	WRITE	0
0x00166b59	0x001f6c74	WRITE	0
0x00166b63	0x001f6c78	WRITE	0
0x00166b6d	0x001f6c7c	WRITE	0
0x00166b77	0x001f6c80	WRITE	0
0x00166b81	0x001f6c88	WRITE	0
0x00166b8b	0x001f6c8c	WRITE	0
0x00166b95	0x001f6ce0	DATA	0
0x00166b9a	0x0016a1cc	UNCONDITIONAL_CALL	0
0x00166b9f	0x001f6cf0	DATA	0
0x00166ba4	0x0016a1cc	UNCONDITIONAL_CALL	0
0x00166ba9	0x001f6d00	WRITE	0
0x00166bb3	0x001f6d04	WRITE	0
0x00166bbd	0x001f6d08	WRITE	0
0x00166bc7	0x001f6d0c	WRITE	0
0x00166bd1	0x001f6d10	WRITE	0
0x00166bdb	0x001f6d14	WRITE	0
0x00166be5	0x001f6d78	WRITE	0
0x00166bef	0x001f6d7c	WRITE	0
0x00166bf9	0x001f6d84	WRITE	0
0x00166c03	0x001f6d88	WRITE	0
0x00166c0d	0x0015ab9c	UNCONDITIONAL_CALL	0
0x00166c12	0x001e979c	WRITE	0
0x00166c12	0x001e9798	DATA	1
0x00166c1c	0x001e9798	WRITE	0
0x00166c1c	0x001e9798	WRITE	1
0x00166c29	0x001f6bf0	WRITE	0
0x00166c33	0x001f6bf4	WRITE	0
0x00166c3d	0x0018d4f8	UNCONDITIONAL_CALL	0
0x00166c51	0xStack[0x4]	READ	1
0x00166c56	0x00166c64	CONDITIONAL_JUMP	0
0x00166c5d	0x00166e95	UNCONDITIONAL_JUMP	0
0x00166c64	0x001f6d8c	READ	1
0x00166c6b	0x0016b790	UNCONDITIONAL_CALL	0
0x00166c70	0xStack[-0xc]	WRITE	0
0x00166c78	0x00166c84	CONDITIONAL_JUMP	0
0x00166c7f	0x00166e95	UNCONDITIONAL_JUMP	0
0x00166c84	0xStack[-0xc]	READ	1
0x00166c87	0x001f6c00	DATA	1
0x00166c94	0x001f6c00	READ	1
0x00166c94	0x001f6c04	READ	1
0x00166c99	0xStack[-0xc]	READ	1
0x00166ca3	0x001f653c	READ	1
0x00166cad	0x00162ed8	UNCONDITIONAL_CALL	0
0x00166cb2	0xStack[-0xc]	READ	1
0x00166cb6	0x0018d520	UNCONDITIONAL_CALL	0
0x00166cbb	0xStack[-0xc]	READ	1
0x00166cbf	0x0015961c	UNCONDITIONAL_CALL	0
0x00166cc4	0x001e94f0	READ	1
0x00166ccb	0x0016b790	UNCONDITIONAL_CALL	0
0x00166cd7	0x00106dcc	UNCONDITIONAL_CALL	0
0x00166cdd	0x00106db4	UNCONDITIONAL_CALL	0
0x00166cec	0x00166cea	CONDITIONAL_JUMP	0
0x00166cfa	0x00166ce8	CONDITIONAL_JUMP	0
0x00166cff	0xStack[-0x8]	WRITE	0
0x00166d03	0x0016174c	UNCONDITIONAL_CALL	0
0x00166d0f	0xStack[-0x8]	READ	1
0x00166d18	0x001e9768	READ	1
0x00166d1c	0x00166d1a	CONDITIONAL_JUMP	0
0x00166d23	0x001e9768	READ_WRITE	0
0x00166d2a	0x00166d18	CONDITIONAL_JUMP	0
0x00166d30	0x00166d2e	CONDITIONAL_JUMP	0
0x00166d3e	0x00166d2c	CONDITIONAL_JUMP	0
0x00166d4a	0x00166d51	CONDITIONAL_JUMP	0
0x00166d4c	0x001e9610	DATA	1
0x00166d51	0xStack[-0x8]	READ	0
0x00166d54	0x00166d7c	CONDITIONAL_JUMP	0
0x00166d56	0x001e9610	DATA	0
0x00166d57	0x0016174c	UNCONDITIONAL_CALL	0
0x00166d65	0xStack[-0x8]	READ	1
0x00166d6f	0x001616f0	UNCONDITIONAL_CALL	0
0x00166d74	0x001e9610	DATA	1
0x00166d74	0xStack[-0x8]	WRITE	0
0x00166d7a	0x00166d0f	UNCONDITIONAL_JUMP	0
0x00166d7f	0xStack[-0xc]	READ	1
0x00166d85	0xStack[-0x8]	READ	1
0x00166d8e	0xStack[-0xc]	READ	1
0x00166d94	0x00166d99	CONDITIONAL_JUMP	0
0x00166d99	0xStack[-0xc]	READ	1
0x00166da2	0x00166da7	CONDITIONAL_JUMP	0
0x00166da9	0xStack[-0xc]	READ	1
0x00166dad	0x00163d28	UNCONDITIONAL_CALL	0
0x00166db6	0xStack[-0xc]	READ	1
0x00166dbd	0xStack[-0x8]	READ	1
0x00166dc1	0x00161604	UNCONDITIONAL_CALL	0
0x00166dd0	0x00166dd8	CONDITIONAL_JUMP	0
0x00166dd2	0xStack[-0xc]	READ	1
0x00166ddb	0x0018be68	UNCONDITIONAL_CALL	0
0x00166dec	0x00166dea	CONDITIONAL_JUMP	0
0x00166dfa	0x00166de8	CONDITIONAL_JUMP	0
0x00166e07	0x00166e14	CONDITIONAL_JUMP	0
0x00166e09	0xStack[-0xc]	READ	1
0x00166e0f	0x00166e1a	UNCONDITIONAL_JUMP	0
0x00166e14	0xStack[-0xc]	READ	1
0x00166e1a	0xStack[-0xc]	READ	1
0x00166e2f	0x0018b544	UNCONDITIONAL_CALL	0
0x00166e45	0x00166e70	CONDITIONAL_JUMP	0
0x00166e4d	0xStack[-0x8]	READ	1
0x00166e56	0xStack[-0xc]	READ	1
0x00166e5a	0x0016727c	UNCONDITIONAL_CALL	0
0x00166e5f	0xStack[-0xc]	READ	1
0x00166e63	0x00166ea0	UNCONDITIONAL_CALL	0
0x00166e6d	0x00166e95	UNCONDITIONAL_JUMP	0
0x00166e76	0xStack[-0x8]	READ	1
0x00166e7f	0xStack[-0xc]	READ	1
0x00166e83	0x001596e0	UNCONDITIONAL_CALL	0
0x00166e88	0x001f6bec	READ_WRITE	0
0x00166e8e	0xStack[0x8]	READ	1
0x00166e95	0xStack[-0x18]	DATA	0
0x00166ea9	0xStack[0x4]	READ	1
0x00166eae	0x00167178	CONDITIONAL_JUMP	0
0x00166eb4	0x0018be68	UNCONDITIONAL_CALL	0
0x00166eb9	0xStack[-0x18]	WRITE	0
0x00166ec4	0x00166ec2	CONDITIONAL_JUMP	0
0x00166ed2	0x00166ec0	CONDITIONAL_JUMP	0
0x00166ee0	0x00166ef8	CONDITIONAL_JUMP	0
0x00166ee7	0xStack[-0x18]	READ	1
0x00166eeb	0x0018b544	UNCONDITIONAL_CALL	0
0x00166ef0	0x00167178	UNCONDITIONAL_JUMP	0
0x00166f04	0xStack[-0x18]	READ	1
0x00166f08	0x0018b544	UNCONDITIONAL_CALL	0
0x00166f13	0xStack[-0x1c]	WRITE	0
0x00166f28	0x00166f26	CONDITIONAL_JUMP	0
0x00166f36	0x00166f24	CONDITIONAL_JUMP	0
0x00166f40	0x00166f3e	CONDITIONAL_JUMP	0
0x00166f4e	0x00166f3c	CONDITIONAL_JUMP	0
0x00166f50	0x0018be68	UNCONDITIONAL_CALL	0
0x00166f55	0xStack[-0x18]	WRITE	0
0x00166f60	0x00166f5e	CONDITIONAL_JUMP	0
0x00166f6e	0x00166f5c	CONDITIONAL_JUMP	0
0x00166f78	0x00166f76	CONDITIONAL_JUMP	0
0x00166f86	0x00166f74	CONDITIONAL_JUMP	0
0x00166f94	0x00166fc8	CONDITIONAL_JUMP	0
0x00166fa0	0xStack[-0x18]	READ	1
0x00166fa4	0x0018b544	UNCONDITIONAL_CALL	0
0x00166faf	0xStack[-0x1c]	READ	1
0x00166fb8	0x00167178	UNCONDITIONAL_JUMP	0
0x00166fc3	0x00167079	UNCONDITIONAL_JUMP	0
0x00166fcf	0x00166fe0	CONDITIONAL_JUMP	0
0x00166fd8	0x0015be2c	UNCONDITIONAL_CALL	0
0x00166fe7	0x00166ff8	CONDITIONAL_JUMP	0
0x00166ff0	0x0015be2c	UNCONDITIONAL_CALL	0
0x00166fff	0xStack[-0x14]	DATA	0
0x00167003	0xStack[-0xc]	DATA	0
0x00167008	0x0016a280	UNCONDITIONAL_CALL	0
0x0016700d	0xStack[-0x8]	READ	1
0x00167013	0xStack[-0xc]	READ	1
0x00167024	0x00167031	CONDITIONAL_JUMP	0
0x00167031	0xStack[-0x10]	READ	1
0x00167037	0xStack[-0x14]	READ	1
0x00167045	0x00167052	CONDITIONAL_JUMP	0
0x00167060	0x00167068	CONDITIONAL_JUMP	0
0x00167065	0x0016706b	UNCONDITIONAL_JUMP	0
0x00167070	0x00166fc0	CONDITIONAL_JUMP	0
0x0016707a	0xStack[-0x1c]	READ	1
0x0016707e	0x001615ac	UNCONDITIONAL_CALL	0
0x00167090	0xStack[-0x18]	READ	1
0x00167094	0x0018b544	UNCONDITIONAL_CALL	0
0x001670a2	0xStack[-0x1c]	READ	1
0x001670ac	0x001616f0	UNCONDITIONAL_CALL	0
0x001670b9	0x001670d2	CONDITIONAL_JUMP	0
0x001670bb	0x001e0d0c	READ	1
0x001670c3	0x001e8de8	READ	1
0x001670ca	0x00173e90	UNCONDITIONAL_CALL	0
0x001670da	0x001670e5	CONDITIONAL_JUMP	0
0x001670dd	0x00178c64	UNCONDITIONAL_CALL	0
0x001670e5	0x001e8b54	READ	0
0x001670eb	0x001670fa	CONDITIONAL_JUMP	0
0x001670ed	0x001dfbe8	DATA	0
0x001670f2	0x0010ca6c	UNCONDITIONAL_CALL	0
0x00167105	0x00167114	CONDITIONAL_JUMP	0
0x00167107	0x001dfc03	DATA	0
0x0016710c	0x0010ca6c	UNCONDITIONAL_CALL	0
0x00167118	0x00165bec	UNCONDITIONAL_CALL	0
0x00167124	0x00167143	CONDITIONAL_JUMP	0
0x00167126	0x0018be68	UNCONDITIONAL_CALL	0
0x0016712c	0x0015b470	UNCONDITIONAL_CALL	0
0x00167131	0xStack[-0x18]	READ	1
0x00167135	0x0018b544	UNCONDITIONAL_CALL	0
0x0016713a	0x001dfbe4	READ_WRITE	0
0x00167148	0x00167153	CONDITIONAL_JUMP	0
0x0016714b	0x0015abe0	UNCONDITIONAL_CALL	0
0x00167154	0x0018ebd4	UNCONDITIONAL_CALL	0
0x00167159	0x001f6bec	READ_WRITE	0
0x00167166	0x00106d9c	UNCONDITIONAL_CALL	0
0x0016716c	0x001f6d8c	READ	1
0x00167173	0x0016b84c	UNCONDITIONAL_CALL	0
0x00167178	0xStack[-0x28]	DATA	0
0x00167189	0xStack[0x4]	READ	1
0x0016718e	0x0016722e	CONDITIONAL_JUMP	0
0x00167194	0x0018be68	UNCONDITIONAL_CALL	0
0x001671a4	0x001671a2	CONDITIONAL_JUMP	0
0x001671b2	0x001671a0	CONDITIONAL_JUMP	0
0x001671c0	0x001671d0	CONDITIONAL_JUMP	0
0x001671c8	0x0018b544	UNCONDITIONAL_CALL	0
0x001671cd	0x0016722e	UNCONDITIONAL_JUMP	0
0x001671d8	0x001f6bf0	READ	1
0x001671df	0x001671dd	CONDITIONAL_JUMP	0
0x001671e6	0x001f6bf0	READ_WRITE	0
0x001671f1	0x001671d8	CONDITIONAL_JUMP	0
0x001671f3	0x001e9798	DATA	1
0x001671f9	0x001e979c	READ	1
0x00167207	0x001e979c	WRITE	0
0x0016720f	0x001f6bf0	READ_WRITE	0
0x0016721b	0x0018b544	UNCONDITIONAL_CALL	0
0x00167224	0x001e9798	DATA	0
0x00167229	0x001631a0	UNCONDITIONAL_CALL	0
0x0016722e	0xStack[-0xc]	DATA	0
0x0016723c	0xStack[0x4]	READ	1
0x00167241	0x00167272	CONDITIONAL_JUMP	0
0x00167243	0x0018be68	UNCONDITIONAL_CALL	0
0x00167254	0x00167252	CONDITIONAL_JUMP	0
0x00167262	0x00167250	CONDITIONAL_JUMP	0
0x0016726d	0x0018b544	UNCONDITIONAL_CALL	0
0x00167272	0xStack[-0x8]	READ	1
0x00167282	0xStack[0x4]	READ	1
0x00167285	0x001e8b54	READ	1
0x0016728d	0x0016729c	CONDITIONAL_JUMP	0
0x00167294	0x00167417	UNCONDITIONAL_JUMP	0
0x0016729d	0x00159728	UNCONDITIONAL_CALL	0
0x001672a7	0x00167308	CONDITIONAL_JUMP	0
0x001672a9	0x0018be68	UNCONDITIONAL_CALL	0
0x001672b8	0x001672b6	CONDITIONAL_JUMP	0
0x001672c6	0x001672b4	CONDITIONAL_JUMP	0
0x001672cf	0x001672e2	CONDITIONAL_JUMP	0
0x001672e7	0x001e90ac	READ	1
0x001672ee	0x001e90ac	WRITE	0
0x001672f3	0x001e90ac	READ	1
0x001672f9	0x0018b544	UNCONDITIONAL_CALL	0
0x00167300	0x00167417	UNCONDITIONAL_JUMP	0
0x00167308	0x001e8b54	READ	1
0x00167314	0x00167312	CONDITIONAL_JUMP	0
0x00167322	0x00167310	CONDITIONAL_JUMP	0
0x00167324	0x0018be68	UNCONDITIONAL_CALL	0
0x0016732d	0x00167364	CONDITIONAL_JUMP	0
0x00167338	0x00167336	CONDITIONAL_JUMP	0
0x00167346	0x00167334	CONDITIONAL_JUMP	0
0x00167350	0x0016734e	CONDITIONAL_JUMP	0
0x0016735e	0x0016734c	CONDITIONAL_JUMP	0
0x00167360	0x00167394	UNCONDITIONAL_JUMP	0
0x0016736c	0x0016736a	CONDITIONAL_JUMP	0
0x0016737a	0x00167368	CONDITIONAL_JUMP	0
0x00167384	0x00167382	CONDITIONAL_JUMP	0
0x00167392	0x00167380	CONDITIONAL_JUMP	0
0x00167398	0x001673a3	CONDITIONAL_JUMP	0
0x001673a1	0x001673c8	CONDITIONAL_JUMP	0
0x001673ae	0x0018b544	UNCONDITIONAL_CALL	0
0x001673bb	0x0016727c	UNCONDITIONAL_CALL	0
0x001673c5	0x00167417	UNCONDITIONAL_JUMP	0
0x001673d8	0x001673ec	CONDITIONAL_JUMP	0
0x001673e0	0x0018b544	UNCONDITIONAL_CALL	0
0x001673ea	0x00167417	UNCONDITIONAL_JUMP	0
0x001673fc	0x0018b544	UNCONDITIONAL_CALL	0
0x00167404	0x00167494	UNCONDITIONAL_CALL	0
0x0016740a	0x00159770	UNCONDITIONAL_CALL	0
0x00167410	0x00166ea0	UNCONDITIONAL_CALL	0
0x00167417	0xStack[-0x10]	DATA	0
0x00167429	0xStack[0x4]	READ	1
0x0016742d	0x00159728	UNCONDITIONAL_CALL	0
0x00167432	0x0018be68	UNCONDITIONAL_CALL	0
0x00167444	0x00167442	CONDITIONAL_JUMP	0
0x00167452	0x00167440	CONDITIONAL_JUMP	0
0x0016746a	0x0018b544	UNCONDITIONAL_CALL	0
0x00167472	0x00167494	UNCONDITIONAL_CALL	0
0x00167478	0x00159770	UNCONDITIONAL_CALL	0
0x00167482	0x0016748a	CONDITIONAL_JUMP	0
0x00167485	0x00166ea0	UNCONDITIONAL_CALL	0
0x0016748a	0xStack[-0xc]	DATA	0
0x0016749a	0xStack[0x4]	READ	1
0x0016749d	0x001e8b54	READ	1
0x001674a5	0x001674b4	CONDITIONAL_JUMP	0
0x001674a7	0x001dfc1f	DATA	0
0x001674ac	0x0010ca6c	UNCONDITIONAL_CALL	0
0x001674b4	0xStack[0x8]	READ	0
0x001674b8	0x00167588	CONDITIONAL_JUMP	0
0x001674be	0x0018be68	UNCONDITIONAL_CALL	0
0x001674c7	0x001674fc	CONDITIONAL_JUMP	0
0x001674d0	0x001674ce	CONDITIONAL_JUMP	0
0x001674de	0x001674cc	CONDITIONAL_JUMP	0
0x001674e8	0x001674e6	CONDITIONAL_JUMP	0
0x001674f6	0x001674e4	CONDITIONAL_JUMP	0
0x001674f8	0x0016752c	UNCONDITIONAL_JUMP	0
0x00167504	0x00167502	CONDITIONAL_JUMP	0
0x00167512	0x00167500	CONDITIONAL_JUMP	0
0x0016751c	0x0016751a	CONDITIONAL_JUMP	0
0x0016752a	0x00167518	CONDITIONAL_JUMP	0
0x00167530	0x0016754c	CONDITIONAL_JUMP	0
0x00167540	0x0018b544	UNCONDITIONAL_CALL	0
0x00167547	0x001677a4	UNCONDITIONAL_JUMP	0
0x00167553	0x00167580	CONDITIONAL_JUMP	0
0x0016755d	0x001631a0	UNCONDITIONAL_CALL	0
0x00167570	0x0018b544	UNCONDITIONAL_CALL	0
0x0016757a	0x001677a4	UNCONDITIONAL_JUMP	0
0x00167585	0x001675ec	UNCONDITIONAL_JUMP	0
0x00167588	0x0018be68	UNCONDITIONAL_CALL	0
0x00167598	0x00167596	CONDITIONAL_JUMP	0
0x001675a6	0x00167594	CONDITIONAL_JUMP	0
0x001675ac	0x001675ec	CONDITIONAL_JUMP	0
0x001675b7	0x0018b544	UNCONDITIONAL_CALL	0
0x001675be	0x001677a4	UNCONDITIONAL_JUMP	0
0x001675c5	0x0018b544	UNCONDITIONAL_CALL	0
0x001675cc	0x001677a4	UNCONDITIONAL_JUMP	0
0x001675d5	0x0018b544	UNCONDITIONAL_CALL	0
0x001675db	0x00167b2c	UNCONDITIONAL_CALL	0
0x001675e5	0x001677a4	UNCONDITIONAL_JUMP	0
0x001675fe	0x0016765b	CONDITIONAL_JUMP	0
0x00167602	0x0016765b	CONDITIONAL_JUMP	0
0x00167615	0x00163320	UNCONDITIONAL_CALL	0
0x00167621	0x001675c4	CONDITIONAL_JUMP	0
0x00167623	0x001e8b54	READ	1
0x0016762c	0x00167634	CONDITIONAL_JUMP	0
0x0016762e	0xStack[0x8]	READ	0
0x00167632	0x001675d4	CONDITIONAL_JUMP	0
0x0016763c	0x0016763a	CONDITIONAL_JUMP	0
0x0016764a	0x00167638	CONDITIONAL_JUMP	0
0x00167653	0x0016765b	CONDITIONAL_JUMP	0
0x00167659	0x00167604	CONDITIONAL_JUMP	0
0x0016766a	0x0018b544	UNCONDITIONAL_CALL	0
0x0016766f	0xStack[0x8]	READ	1
0x00167674	0x001679ec	UNCONDITIONAL_CALL	0
0x00167680	0x001676d0	CONDITIONAL_JUMP	0
0x00167682	0x0018be68	UNCONDITIONAL_CALL	0
0x00167690	0x0016768e	CONDITIONAL_JUMP	0
0x0016769e	0x0016768c	CONDITIONAL_JUMP	0
0x001676af	0x001631a0	UNCONDITIONAL_CALL	0
0x001676bd	0x0018b544	UNCONDITIONAL_CALL	0
0x001676c3	0x00167b2c	UNCONDITIONAL_CALL	0
0x001676ca	0x001677a4	UNCONDITIONAL_JUMP	0
0x001676d5	0x0016303c	UNCONDITIONAL_CALL	0
0x001676e1	0x001676ec	CONDITIONAL_JUMP	0
0x001676e5	0x001677a4	UNCONDITIONAL_JUMP	0
0x001676ef	0x00153f34	DATA	1
0x001676f4	0x001676fd	CONDITIONAL_JUMP	0
0x001676f6	0x00152904	DATA	1
0x001676fb	0x0016770a	CONDITIONAL_JUMP	0
0x001676fe	0x00154064	UNCONDITIONAL_CALL	0
0x00167708	0x0016771b	CONDITIONAL_JUMP	0
0x0016770d	0x0018dec0	DATA	1
0x00167712	0x0016771b	CONDITIONAL_JUMP	0
0x00167714	0x0018dce0	DATA	1
0x00167719	0x00167758	CONDITIONAL_JUMP	0
0x0016771b	0x0018be68	UNCONDITIONAL_CALL	0
0x0016772c	0x0016772a	CONDITIONAL_JUMP	0
0x0016773a	0x00167728	CONDITIONAL_JUMP	0
0x0016774d	0x0018b544	UNCONDITIONAL_CALL	0
0x00167754	0x001677a4	UNCONDITIONAL_JUMP	0
0x00167758	0x0018be68	UNCONDITIONAL_CALL	0
0x00167768	0x00167766	CONDITIONAL_JUMP	0
0x00167776	0x00167764	CONDITIONAL_JUMP	0
0x00167781	0x00167790	CONDITIONAL_JUMP	0
0x00167783	0x001dfc4b	DATA	0
0x00167788	0x0010ca6c	UNCONDITIONAL_CALL	0
0x00167797	0x0016400c	UNCONDITIONAL_CALL	0
0x0016779f	0x00167664	UNCONDITIONAL_JUMP	0
0x001677a4	0xStack[-0x10]	DATA	0
0x001677b3	0x001dfc57	DATA	0
0x001677b8	0x0010ca6c	UNCONDITIONAL_CALL	0
0x001677c9	0x001e8b54	READ	1
0x001677d6	0x0016786c	CONDITIONAL_JUMP	0
0x001677dd	0x00159770	UNCONDITIONAL_CALL	0
0x001677e3	0x001679a8	UNCONDITIONAL_CALL	0
0x001677e8	0x0018be68	UNCONDITIONAL_CALL	0
0x001677f4	0x001f6bf0	READ	1
0x001677fb	0x001677f9	CONDITIONAL_JUMP	0
0x00167802	0x001f6bf0	READ_WRITE	0
0x0016780d	0x001677f4	CONDITIONAL_JUMP	0
0x0016780f	0x001e9798	DATA	1
0x00167815	0x001e979c	READ	1
0x00167823	0x001e979c	WRITE	0
0x0016782b	0x001f6bf0	READ_WRITE	0
0x00167838	0x00167836	CONDITIONAL_JUMP	0
0x00167846	0x00167834	CONDITIONAL_JUMP	0
0x00167852	0x0018b544	UNCONDITIONAL_CALL	0
0x0016785b	0x001e9798	DATA	0
0x00167860	0x001631a0	UNCONDITIONAL_CALL	0
0x00167865	0x001677b0	DATA	0
0x0016786a	0x001678a6	UNCONDITIONAL_JUMP	0
0x0016786c	0x0018be68	UNCONDITIONAL_CALL	0
0x0016787c	0x0016787a	CONDITIONAL_JUMP	0
0x0016788a	0x00167878	CONDITIONAL_JUMP	0
0x0016789d	0x0018b544	UNCONDITIONAL_CALL	0
0x001678a2	0xStack[0x4]	READ	1
0x001678a6	0x00163a18	UNCONDITIONAL_CALL	0
0x001678ab	0xStack[-0xc]	DATA	0
0x001678b9	0x001e8b54	READ	1
0x001678c6	0x0016795c	CONDITIONAL_JUMP	0
0x001678cd	0x00159770	UNCONDITIONAL_CALL	0
0x001678d3	0x001679a8	UNCONDITIONAL_CALL	0
0x001678d8	0x0018be68	UNCONDITIONAL_CALL	0
0x001678e4	0x001f6bf0	READ	1
0x001678eb	0x001678e9	CONDITIONAL_JUMP	0
0x001678f2	0x001f6bf0	READ_WRITE	0
0x001678fd	0x001678e4	CONDITIONAL_JUMP	0
0x001678ff	0x001e9798	DATA	1
0x00167905	0x001e979c	READ	1
0x00167913	0x001e979c	WRITE	0
0x0016791b	0x001f6bf0	READ_WRITE	0
0x00167928	0x00167926	CONDITIONAL_JUMP	0
0x00167936	0x00167924	CONDITIONAL_JUMP	0
0x00167942	0x0018b544	UNCONDITIONAL_CALL	0
0x0016794b	0x001e9798	DATA	0
0x00167950	0x001631a0	UNCONDITIONAL_CALL	0
0x00167955	0x001677b0	DATA	0
0x0016795a	0x00167997	UNCONDITIONAL_JUMP	0
0x0016795c	0x0018be68	UNCONDITIONAL_CALL	0
0x0016796c	0x0016796a	CONDITIONAL_JUMP	0
0x0016797a	0x00167968	CONDITIONAL_JUMP	0
0x0016798d	0x0018b544	UNCONDITIONAL_CALL	0
0x00167992	0x0018dec0	DATA	0
0x00167997	0x00163a18	UNCONDITIONAL_CALL	0
0x0016799c	0xStack[-0xc]	DATA	0
0x001679ac	0xStack[0x4]	READ	1
0x001679af	0x0018be68	UNCONDITIONAL_CALL	0
0x001679c0	0x001679be	CONDITIONAL_JUMP	0
0x001679ce	0x001679bc	CONDITIONAL_JUMP	0
0x001679dd	0x0018b544	UNCONDITIONAL_CALL	0
0x001679e2	0xStack[-0x8]	READ	1
0x001679f5	0xStack[0x4]	READ	1
0x001679f8	0xStack[-0x8]	WRITE	0
0x001679ff	0x001e8b54	READ	0
0x00167a05	0x00167a14	CONDITIONAL_JUMP	0
0x00167a07	0x001dfc69	DATA	0
0x00167a0c	0x0010ca6c	UNCONDITIONAL_CALL	0
0x00167a16	0x0018be68	UNCONDITIONAL_CALL	0
0x00167a1b	0xStack[-0xc]	WRITE	0
0x00167a28	0x00167a26	CONDITIONAL_JUMP	0
0x00167a36	0x00167a24	CONDITIONAL_JUMP	0
0x00167a48	0x00167afc	CONDITIONAL_JUMP	0
0x00167a4e	0x00167afc	COMPUTED_JUMP	-1
0x00167a4e	0x00167a90	COMPUTED_JUMP	-1
0x00167a4e	0x00167ab0	COMPUTED_JUMP	-1
0x00167a4e	0x00167a58	DATA	0
0x00167a58	0x00167afc	DATA	0
0x00167a5c	0x00167afc	DATA	0
0x00167a60	0x00167afc	DATA	0
0x00167a64	0x00167afc	DATA	0
0x00167a68	0x00167a90	DATA	0
0x00167a6c	0x00167ab0	DATA	0
0x00167a70	0x00167afc	DATA	0
0x00167a74	0x00167afc	DATA	0
0x00167a78	0x00167afc	DATA	0
0x00167a7c	0x00167ab0	DATA	0
0x00167a80	0x00167afc	DATA	0
0x00167a84	0x00167afc	DATA	0
0x00167a88	0x00167ab0	DATA	0
0x00167a8c	0x00167ab0	DATA	0
0x00167a91	0x00164350	UNCONDITIONAL_CALL	0
0x00167a9b	0x00167ab0	CONDITIONAL_JUMP	0
0x00167aab	0x00167afc	UNCONDITIONAL_JUMP	0
0x00167abe	0x00163320	UNCONDITIONAL_CALL	0
0x00167acc	0x00167aca	CONDITIONAL_JUMP	0
0x00167ada	0x00167ac8	CONDITIONAL_JUMP	0
0x00167adc	0x001e8b54	READ	1
0x00167ae5	0x00167a3c	CONDITIONAL_JUMP	0
0x00167aeb	0xStack[0x8]	READ	0
0x00167aef	0x00167a3c	CONDITIONAL_JUMP	0
0x00167af5	0xStack[-0x8]	WRITE	0
0x00167b01	0xStack[-0xc]	READ	1
0x00167b05	0x0018b544	UNCONDITIONAL_CALL	0
0x00167b0f	0x00167b1e	CONDITIONAL_JUMP	0
0x00167b19	0x001631a0	UNCONDITIONAL_CALL	0
0x00167b1e	0xStack[-0x8]	READ	1
0x00167b21	0xStack[-0x18]	DATA	0
0x00167b31	0xStack[0x4]	READ	1
0x00167b34	0x0018be68	UNCONDITIONAL_CALL	0
0x00167b44	0x00167b42	CONDITIONAL_JUMP	0
0x00167b52	0x00167b40	CONDITIONAL_JUMP	0
0x00167b60	0x00167b82	CONDITIONAL_JUMP	0
0x00167b6f	0x00167b82	CONDITIONAL_JUMP	0
0x00167b7a	0x0016400c	UNCONDITIONAL_CALL	0
0x00167b88	0x0018b544	UNCONDITIONAL_CALL	0
0x00167b8d	0xStack[-0xc]	DATA	0
0x00167ba1	0xStack[0x4]	READ	1
0x00167ba6	0x00167bb4	CONDITIONAL_JUMP	0
0x00167bad	0x00167d3c	UNCONDITIONAL_JUMP	0
0x00167bb6	0x0018be68	UNCONDITIONAL_CALL	0
0x00167bbb	0xStack[-0xc]	WRITE	0
0x00167bc8	0x00167bc6	CONDITIONAL_JUMP	0
0x00167bd6	0x00167bc4	CONDITIONAL_JUMP	0
0x00167be9	0x00167bf7	CONDITIONAL_JUMP	0
0x00167bff	0xStack[-0xc]	READ	1
0x00167c03	0x0018b544	UNCONDITIONAL_CALL	0
0x00167c0d	0x00167d3a	CONDITIONAL_JUMP	0
0x00167c13	0x001e8b54	READ	0
0x00167c19	0x00167c58	CONDITIONAL_JUMP	0
0x00167c1b	0x0018be68	UNCONDITIONAL_CALL	0
0x00167c20	0xStack[-0xc]	WRITE	0
0x00167c23	0x001e90ac	READ	1
0x00167c2a	0x001e90ac	WRITE	0
0x00167c2f	0x001e90ac	READ	1
0x00167c34	0xStack[-0xc]	READ	1
0x00167c38	0x0018b544	UNCONDITIONAL_CALL	0
0x00167c3d	0x00167d3a	UNCONDITIONAL_JUMP	0
0x00167c52	0x00167d18	UNCONDITIONAL_JUMP	0
0x00167c5a	0x0018be68	UNCONDITIONAL_CALL	0
0x00167c5f	0xStack[-0x8]	WRITE	0
0x00167c68	0x00167c66	CONDITIONAL_JUMP	0
0x00167c76	0x00167c64	CONDITIONAL_JUMP	0
0x00167c88	0x00167d18	CONDITIONAL_JUMP	0
0x00167c8e	0x00167d18	COMPUTED_JUMP	-1
0x00167c8e	0x00167cd0	COMPUTED_JUMP	-1
0x00167c8e	0x00167ce1	COMPUTED_JUMP	-1
0x00167c8e	0x00167c98	DATA	0
0x00167c98	0x00167d18	DATA	0
0x00167c9c	0x00167d18	DATA	0
0x00167ca0	0x00167d18	DATA	0
0x00167ca4	0x00167d18	DATA	0
0x00167ca8	0x00167cd0	DATA	0
0x00167cac	0x00167ce1	DATA	0
0x00167cb0	0x00167d18	DATA	0
0x00167cb4	0x00167d18	DATA	0
0x00167cb8	0x00167d18	DATA	0
0x00167cbc	0x00167ce1	DATA	0
0x00167cc0	0x00167d18	DATA	0
0x00167cc4	0x00167d18	DATA	0
0x00167cc8	0x00167ce1	DATA	0
0x00167ccc	0x00167ce1	DATA	0
0x00167cd1	0x00164350	UNCONDITIONAL_CALL	0
0x00167cdb	0x00167c44	CONDITIONAL_JUMP	0
0x00167cef	0x00163320	UNCONDITIONAL_CALL	0
0x00167d00	0x00167cfe	CONDITIONAL_JUMP	0
0x00167d0e	0x00167cfc	CONDITIONAL_JUMP	0
0x00167d10	0x00167c7c	UNCONDITIONAL_JUMP	0
0x00167d1d	0xStack[-0x8]	READ	1
0x00167d21	0x0018b544	UNCONDITIONAL_CALL	0
0x00167d2b	0x00167d3a	CONDITIONAL_JUMP	0
0x00167d35	0x001631a0	UNCONDITIONAL_CALL	0
0x00167d3c	0xStack[-0x18]	DATA	0
0x00167d4e	0xStack[0x4]	READ	1
0x00167d53	0x00167d5c	CONDITIONAL_JUMP	0
0x00167d5a	0x00167dd6	UNCONDITIONAL_JUMP	0
0x00167d5e	0x0018be68	UNCONDITIONAL_CALL	0
0x00167d6c	0x00167d6a	CONDITIONAL_JUMP	0
0x00167d7a	0x00167d68	CONDITIONAL_JUMP	0
0x00167d84	0x00167dc4	CONDITIONAL_JUMP	0
0x00167d92	0x00167dc9	CONDITIONAL_JUMP	0
0x00167da0	0x00167dc9	CONDITIONAL_JUMP	0
0x00167daf	0x00167dc9	CONDITIONAL_JUMP	0
0x00167dba	0x0016400c	UNCONDITIONAL_CALL	0
0x00167dc2	0x00167dc9	UNCONDITIONAL_JUMP	0
0x00167dcf	0x0018b544	UNCONDITIONAL_CALL	0
0x00167dd6	0xStack[-0x10]	DATA	0
0x00167de9	0xStack[0x4]	READ	1
0x00167dee	0x00167df8	CONDITIONAL_JUMP	0
0x00167df0	0x001e8b54	READ	0
0x00167df6	0x00167e18	CONDITIONAL_JUMP	0
0x00167dfd	0x00167fc4	UNCONDITIONAL_JUMP	0
0x00167e12	0x00167f28	UNCONDITIONAL_JUMP	0
0x00167e18	0x0018be68	UNCONDITIONAL_CALL	0
0x00167e28	0x00167e26	CONDITIONAL_JUMP	0
0x00167e36	0x00167e24	CONDITIONAL_JUMP	0
0x00167e48	0x0018b544	UNCONDITIONAL_CALL	0
0x00167e50	0x001e8b54	READ	0
0x00167e56	0x00167e65	CONDITIONAL_JUMP	0
0x00167e58	0x001dfc69	DATA	0
0x00167e5d	0x0010ca6c	UNCONDITIONAL_CALL	0
0x00167e67	0x0018be68	UNCONDITIONAL_CALL	0
0x00167e6c	0xStack[-0xc]	WRITE	0
0x00167e78	0x00167e76	CONDITIONAL_JUMP	0
0x00167e86	0x00167e74	CONDITIONAL_JUMP	0
0x00167e98	0x00167f28	CONDITIONAL_JUMP	0
0x00167e9e	0x00167f28	COMPUTED_JUMP	-1
0x00167e9e	0x00167ee0	COMPUTED_JUMP	-1
0x00167e9e	0x00167ef1	COMPUTED_JUMP	-1
0x00167e9e	0x00167ea8	DATA	0
0x00167ea8	0x00167f28	DATA	0
0x00167eac	0x00167f28	DATA	0
0x00167eb0	0x00167f28	DATA	0
0x00167eb4	0x00167f28	DATA	0
0x00167eb8	0x00167ee0	DATA	0
0x00167ebc	0x00167ef1	DATA	0
0x00167ec0	0x00167f28	DATA	0
0x00167ec4	0x00167f28	DATA	0
0x00167ec8	0x00167f28	DATA	0
0x00167ecc	0x00167ef1	DATA	0
0x00167ed0	0x00167f28	DATA	0
0x00167ed4	0x00167f28	DATA	0
0x00167ed8	0x00167ef1	DATA	0
0x00167edc	0x00167ef1	DATA	0
0x00167ee1	0x00164350	UNCONDITIONAL_CALL	0
0x00167eeb	0x00167e04	CONDITIONAL_JUMP	0
0x00167eff	0x00163320	UNCONDITIONAL_CALL	0
0x00167f10	0x00167f0e	CONDITIONAL_JUMP	0
0x00167f1e	0x00167f0c	CONDITIONAL_JUMP	0
0x00167f20	0x00167e8c	UNCONDITIONAL_JUMP	0
0x00167f30	0xStack[-0xc]	READ	1
0x00167f34	0x0018b544	UNCONDITIONAL_CALL	0
0x00167f3e	0x00167f50	CONDITIONAL_JUMP	0
0x00167f48	0x001631a0	UNCONDITIONAL_CALL	0
0x00167f50	0xStack[0x10]	READ	1
0x00167f54	0xStack[0xc]	READ	1
0x00167f58	0xStack[0x8]	READ	1
0x00167f5d	0x0018e6ac	UNCONDITIONAL_CALL	0
0x00167f62	0xStack[-0x8]	WRITE	0
0x00167f68	0x0018be68	UNCONDITIONAL_CALL	0
0x00167f78	0x00167f76	CONDITIONAL_JUMP	0
0x00167f86	0x00167f74	CONDITIONAL_JUMP	0
0x00167f94	0x00167fb6	CONDITIONAL_JUMP	0
0x00167fa3	0x00167fb6	CONDITIONAL_JUMP	0
0x00167fae	0x0016400c	UNCONDITIONAL_CALL	0
0x00167fbc	0x0018b544	UNCONDITIONAL_CALL	0
0x00167fc1	0xStack[-0x8]	READ	1
0x00167fc4	0xStack[-0x18]	DATA	0
0x00167fd9	0xStack[0x4]	READ	1
0x00167fde	0x00167fe8	CONDITIONAL_JUMP	0
0x00167fe0	0x001e8b54	READ	0
0x00167fe6	0x00168008	CONDITIONAL_JUMP	0
0x00167fed	0x001681b4	UNCONDITIONAL_JUMP	0
0x00168002	0x00168118	UNCONDITIONAL_JUMP	0
0x00168008	0x0018be68	UNCONDITIONAL_CALL	0
0x00168018	0x00168016	CONDITIONAL_JUMP	0
0x00168026	0x00168014	CONDITIONAL_JUMP	0
0x00168038	0x0018b544	UNCONDITIONAL_CALL	0
0x00168040	0x001e8b54	READ	0
0x00168046	0x00168055	CONDITIONAL_JUMP	0
0x00168048	0x001dfc69	DATA	0
0x0016804d	0x0010ca6c	UNCONDITIONAL_CALL	0
0x00168057	0x0018be68	UNCONDITIONAL_CALL	0
0x0016805c	0xStack[-0xc]	WRITE	0
0x00168068	0x00168066	CONDITIONAL_JUMP	0
0x00168076	0x00168064	CONDITIONAL_JUMP	0
0x00168088	0x00168118	CONDITIONAL_JUMP	0
0x0016808e	0x00168118	COMPUTED_JUMP	-1
0x0016808e	0x001680d0	COMPUTED_JUMP	-1
0x0016808e	0x001680e1	COMPUTED_JUMP	-1
0x0016808e	0x00168098	DATA	0
0x00168098	0x00168118	DATA	0
0x0016809c	0x00168118	DATA	0
0x001680a0	0x00168118	DATA	0
0x001680a4	0x00168118	DATA	0
0x001680a8	0x001680d0	DATA	0
0x001680ac	0x001680e1	DATA	0
0x001680b0	0x00168118	DATA	0
0x001680b4	0x00168118	DATA	0
0x001680b8	0x00168118	DATA	0
0x001680bc	0x001680e1	DATA	0
0x001680c0	0x00168118	DATA	0
0x001680c4	0x00168118	DATA	0
0x001680c8	0x001680e1	DATA	0
0x001680cc	0x001680e1	DATA	0
0x001680d1	0x00164350	UNCONDITIONAL_CALL	0
0x001680db	0x00167ff4	CONDITIONAL_JUMP	0
0x001680ef	0x00163320	UNCONDITIONAL_CALL	0
0x00168100	0x001680fe	CONDITIONAL_JUMP	0
0x0016810e	0x001680fc	CONDITIONAL_JUMP	0
0x00168110	0x0016807c	UNCONDITIONAL_JUMP	0
0x00168120	0xStack[-0xc]	READ	1
0x00168124	0x0018b544	UNCONDITIONAL_CALL	0
0x0016812e	0x00168140	CONDITIONAL_JUMP	0
0x00168138	0x001631a0	UNCONDITIONAL_CALL	0
0x00168140	0xStack[0x10]	READ	1
0x00168144	0xStack[0xc]	READ	1
0x00168148	0xStack[0x8]	READ	1
0x0016814d	0x0018e1dc	UNCONDITIONAL_CALL	0
0x00168152	0xStack[-0x8]	WRITE	0
0x00168158	0x0018be68	UNCONDITIONAL_CALL	0
0x00168168	0x00168166	CONDITIONAL_JUMP	0
0x00168176	0x00168164	CONDITIONAL_JUMP	0
0x00168184	0x001681a6	CONDITIONAL_JUMP	0
0x00168193	0x001681a6	CONDITIONAL_JUMP	0
0x0016819e	0x0016400c	UNCONDITIONAL_CALL	0
0x001681ac	0x0018b544	UNCONDITIONAL_CALL	0
0x001681b1	0xStack[-0x8]	READ	1
0x001681b4	0xStack[-0x18]	DATA	0
0x001681c9	0xStack[0x4]	READ	1
0x001681cc	0xStack[0x8]	READ	1
0x001681cf	0xStack[0xc]	READ	1
0x001681d4	0x0016831d	CONDITIONAL_JUMP	0
0x001681dd	0x0016830c	CONDITIONAL_JUMP	0
0x001681e3	0xStack[0x10]	READ	1
0x001681e9	0x0016831d	CONDITIONAL_JUMP	0
0x001681f1	0x0018be68	UNCONDITIONAL_CALL	0
0x00168200	0x001681fe	CONDITIONAL_JUMP	0
0x0016820e	0x001681fc	CONDITIONAL_JUMP	0
0x00168214	0x00168229	CONDITIONAL_JUMP	0
0x00168216	0x001f653c	READ	1
0x0016821e	0x00168229	CONDITIONAL_JUMP	0
0x00168221	0x00163dc8	UNCONDITIONAL_CALL	0
0x0016822f	0x0016a280	UNCONDITIONAL_CALL	0
0x00168263	0x00168270	CONDITIONAL_JUMP	0
0x00168265	0xStack[-0x8]	WRITE	0
0x0016826c	0x00168282	UNCONDITIONAL_JUMP	0
0x00168270	0xStack[-0x8]	WRITE	0
0x00168279	0x00168282	CONDITIONAL_JUMP	0
0x0016827b	0xStack[-0x8]	WRITE	0
0x00168288	0x00168294	CONDITIONAL_JUMP	0
0x0016828f	0x001682c4	UNCONDITIONAL_JUMP	0
0x00168297	0x001682a0	CONDITIONAL_JUMP	0
0x0016829e	0x001682c4	UNCONDITIONAL_JUMP	0
0x001682a3	0x001682ac	CONDITIONAL_JUMP	0
0x001682aa	0x001682c4	UNCONDITIONAL_JUMP	0
0x001682af	0x001682b8	CONDITIONAL_JUMP	0
0x001682b6	0x001682c4	UNCONDITIONAL_JUMP	0
0x001682bd	0x001682c4	CONDITIONAL_JUMP	0
0x001682c7	0xStack[-0x8]	READ	1
0x001682d9	0x001682e4	CONDITIONAL_JUMP	0
0x001682e2	0x001682f0	UNCONDITIONAL_JUMP	0
0x001682e4	0x001f653c	READ	1
0x001682f6	0x0018b544	UNCONDITIONAL_CALL	0
0x001682fb	0xStack[0x10]	READ	1
0x00168306	0x001683bd	UNCONDITIONAL_JUMP	0
0x0016830f	0x001683b8	CONDITIONAL_JUMP	0
0x00168315	0xStack[0x10]	READ	1
0x0016831b	0x00168328	CONDITIONAL_JUMP	0
0x00168322	0x001683bd	UNCONDITIONAL_JUMP	0
0x0016832a	0x0018be68	UNCONDITIONAL_CALL	0
0x00168338	0x00168336	CONDITIONAL_JUMP	0
0x00168346	0x00168334	CONDITIONAL_JUMP	0
0x00168353	0x0016835a	CONDITIONAL_JUMP	0
0x00168358	0x00168374	CONDITIONAL_JUMP	0
0x0016835d	0x001dee34	READ	1
0x0016836f	0x0016837b	UNCONDITIONAL_JUMP	0
0x001683a4	0x0018b544	UNCONDITIONAL_CALL	0
0x001683a9	0xStack[0x10]	READ	1
0x001683b4	0x001683bd	UNCONDITIONAL_JUMP	0
0x001683bd	0xStack[-0x14]	DATA	0
0x001683cd	0xStack[0x4]	READ	1
0x001683d2	0x001683dc	CONDITIONAL_JUMP	0
0x001683d4	0x001e8b54	READ	0
0x001683da	0x001683e8	CONDITIONAL_JUMP	0
0x001683e1	0x00168472	UNCONDITIONAL_JUMP	0
0x001683eb	0x00167494	UNCONDITIONAL_CALL	0
0x001683f5	0x00168400	CONDITIONAL_JUMP	0
0x001683fc	0x00168472	UNCONDITIONAL_JUMP	0
0x00168401	0x001584d4	UNCONDITIONAL_CALL	0
0x00168409	0x0018be68	UNCONDITIONAL_CALL	0
0x00168418	0x00168416	CONDITIONAL_JUMP	0
0x00168426	0x00168414	CONDITIONAL_JUMP	0
0x00168434	0x00168456	CONDITIONAL_JUMP	0
0x00168443	0x00168456	CONDITIONAL_JUMP	0
0x0016844e	0x0016400c	UNCONDITIONAL_CALL	0
0x0016845c	0x0018b544	UNCONDITIONAL_CALL	0
0x00168468	0x00168470	CONDITIONAL_JUMP	0
0x0016846b	0x00165704	UNCONDITIONAL_CALL	0
0x00168472	0xStack[-0xc]	DATA	0
0x0016847f	0xStack[0x4]	READ	1
0x00168482	0xStack[0x8]	READ	1
0x00168494	0xStack[0x8]	READ	1
0x00168497	0xStack[0xc]	READ	1
0x0016849a	0xStack[-0x8]	DATA	0
0x0016849e	0xStack[0x4]	READ	1
0x001684a2	0x00166c48	UNCONDITIONAL_CALL	0
0x001684a7	0xStack[-0x8]	READ	1
0x001684ab	0x00166ea0	UNCONDITIONAL_CALL	0
0x001684b0	0xStack[-0x8]	READ	1
0x001684c0	0x00168f90	UNCONDITIONAL_CALL	0
0x001684c5	0xStack[-0x8]	READ	1
0x001684e4	0x00168555	CONDITIONAL_JUMP	0
0x001684e6	0x0018be68	UNCONDITIONAL_CALL	0
0x001684f4	0x001684f2	CONDITIONAL_JUMP	0
0x00168502	0x001684f0	CONDITIONAL_JUMP	0
0x0016850c	0x0016854a	CONDITIONAL_JUMP	0
0x0016851a	0x0016854a	CONDITIONAL_JUMP	0
0x00168528	0x0016854a	CONDITIONAL_JUMP	0
0x00168537	0x0016854a	CONDITIONAL_JUMP	0
0x00168542	0x0016400c	UNCONDITIONAL_CALL	0
0x00168550	0x0018b544	UNCONDITIONAL_CALL	0
0x00168555	0xStack[-0x8]	READ	1
0x00168558	0xStack[-0x10]	DATA	0
0x00168570	0x0018be68	UNCONDITIONAL_CALL	0
0x00168578	0x001f6bf0	READ	1
0x0016857f	0x0016857d	CONDITIONAL_JUMP	0
0x00168586	0x001f6bf0	READ_WRITE	0
0x00168591	0x00168578	CONDITIONAL_JUMP	0
0x00168594	0x001e9798	READ	1
0x0016859a	0x001e9798	DATA	1
0x001685a0	0x00168710	CONDITIONAL_JUMP	0
0x001685a8	0x001e9798	DATA	1
0x001685b1	0x001e9798	WRITE	0
0x001685bb	0x00168710	CONDITIONAL_JUMP	0
0x001685c3	0x001f6bf0	READ_WRITE	0
0x001685ca	0x0018b544	UNCONDITIONAL_CALL	0
0x001685d2	0x001e8b54	READ	0
0x001685d8	0x001685e7	CONDITIONAL_JUMP	0
0x001685da	0x001dfc69	DATA	0
0x001685df	0x0010ca6c	UNCONDITIONAL_CALL	0
0x001685e9	0x0018be68	UNCONDITIONAL_CALL	0
0x001685ee	0xStack[-0x8]	WRITE	0
0x001685f8	0x001685f6	CONDITIONAL_JUMP	0
0x00168606	0x001685f4	CONDITIONAL_JUMP	0
0x00168618	0x001686a8	CONDITIONAL_JUMP	0
0x0016861e	0x001686a8	COMPUTED_JUMP	-1
0x0016861e	0x00168660	COMPUTED_JUMP	-1
0x0016861e	0x00168671	COMPUTED_JUMP	-1
0x0016861e	0x00168628	DATA	0
0x00168628	0x001686a8	DATA	0
0x0016862c	0x001686a8	DATA	0
0x00168630	0x001686a8	DATA	0
0x00168634	0x001686a8	DATA	0
0x00168638	0x00168660	DATA	0
0x0016863c	0x00168671	DATA	0
0x00168640	0x001686a8	DATA	0
0x00168644	0x001686a8	DATA	0
0x00168648	0x001686a8	DATA	0
0x0016864c	0x00168671	DATA	0
0x00168650	0x001686a8	DATA	0
0x00168654	0x001686a8	DATA	0
0x00168658	0x00168671	DATA	0
0x0016865c	0x00168671	DATA	0
0x00168661	0x00164350	UNCONDITIONAL_CALL	0
0x0016866b	0x00168700	CONDITIONAL_JUMP	0
0x0016867f	0x00163320	UNCONDITIONAL_CALL	0
0x00168690	0x0016868e	CONDITIONAL_JUMP	0
0x0016869e	0x0016868c	CONDITIONAL_JUMP	0
0x001686a0	0x0016860c	UNCONDITIONAL_JUMP	0
0x001686ad	0xStack[-0x8]	READ	1
0x001686b1	0x0018b544	UNCONDITIONAL_CALL	0
0x001686bb	0x001686cd	CONDITIONAL_JUMP	0
0x001686c5	0x001631a0	UNCONDITIONAL_CALL	0
0x001686ce	0x00166ea0	UNCONDITIONAL_CALL	0
0x001686d3	0x0018be68	UNCONDITIONAL_CALL	0
0x001686e0	0x001f6bf0	READ	1
0x001686e7	0x001686e5	CONDITIONAL_JUMP	0
0x001686ee	0x001f6bf0	READ_WRITE	0
0x001686f9	0x001686e0	CONDITIONAL_JUMP	0
0x001686fb	0x00168594	UNCONDITIONAL_JUMP	0
0x0016870e	0x001686a8	UNCONDITIONAL_JUMP	0
0x00168712	0x001e9798	DATA	0
0x00168717	0x00162f20	UNCONDITIONAL_CALL	0
0x00168721	0x001f6bf0	READ_WRITE	0
0x00168728	0x0018b544	UNCONDITIONAL_CALL	0
0x0016872d	0x00168564	DATA	0
0x00168732	0x00163a18	UNCONDITIONAL_CALL	0
0x0016873a	0x00168570	UNCONDITIONAL_JUMP	0
0x00168743	0x00168564	UNCONDITIONAL_CALL	0
0x00168767	0xStack[0x4]	READ	1
0x0016876a	0xStack[0x8]	READ	1
0x00168776	0x0016174c	UNCONDITIONAL_CALL	0
0x0016878d	0xStack[0x4]	READ	1
0x00168790	0xStack[0x8]	READ	1
0x00168797	0x0016879e	CONDITIONAL_JUMP	0
0x0016879c	0x001687a8	CONDITIONAL_JUMP	0
0x001687a3	0x00168807	UNCONDITIONAL_JUMP	0
0x001687a8	0x0018be68	UNCONDITIONAL_CALL	0
0x001687ad	0xStack[-0x8]	WRITE	0
0x001687b8	0x001687b6	CONDITIONAL_JUMP	0
0x001687c6	0x001687b4	CONDITIONAL_JUMP	0
0x001687cb	0x001687d4	CONDITIONAL_JUMP	0
0x001687d2	0x001687f7	UNCONDITIONAL_JUMP	0
0x001687d8	0x001687e0	CONDITIONAL_JUMP	0
0x001687dd	0x001687ee	UNCONDITIONAL_JUMP	0
0x001687e6	0x00163d28	UNCONDITIONAL_CALL	0
0x001687ee	0xStack[0xc]	READ	0
0x001687f2	0x001687f7	CONDITIONAL_JUMP	0
0x001687fc	0xStack[-0x8]	READ	1
0x00168800	0x0018b544	UNCONDITIONAL_CALL	0
0x00168807	0xStack[-0x14]	DATA	0
0x0016881a	0xStack[0x4]	READ	1
0x0016881d	0x001e8b54	READ	1
0x00168823	0x0018be68	UNCONDITIONAL_CALL	0
0x00168834	0x00168832	CONDITIONAL_JUMP	0
0x00168842	0x00168830	CONDITIONAL_JUMP	0
0x00168847	0x0016884c	CONDITIONAL_JUMP	0
0x00168852	0x00163d28	UNCONDITIONAL_CALL	0
0x00168860	0x0018b544	UNCONDITIONAL_CALL	0
0x00168865	0xStack[-0x10]	DATA	0
0x00168876	0xStack[0x4]	READ	1
0x00168879	0xStack[0xc]	READ	1
0x0016887e	0x0016888b	CONDITIONAL_JUMP	0
0x00168880	0xStack[0x8]	READ	0
0x00168884	0x0016888b	CONDITIONAL_JUMP	0
0x00168889	0x00168894	CONDITIONAL_JUMP	0
0x00168890	0x001688e7	UNCONDITIONAL_JUMP	0
0x00168894	0x0018be68	UNCONDITIONAL_CALL	0
0x001688a4	0x001688a2	CONDITIONAL_JUMP	0
0x001688b2	0x001688a0	CONDITIONAL_JUMP	0
0x001688ba	0x001688cc	CONDITIONAL_JUMP	0
0x001688c2	0x00163d28	UNCONDITIONAL_CALL	0
0x001688ca	0x001688da	UNCONDITIONAL_JUMP	0
0x001688d1	0x001688da	CONDITIONAL_JUMP	0
0x001688d5	0x001688da	CONDITIONAL_JUMP	0
0x001688e0	0x0018b544	UNCONDITIONAL_CALL	0
0x001688e7	0xStack[-0x10]	DATA	0
0x001688fd	0xStack[0x4]	READ	1
0x00168900	0xStack[0x8]	READ	1
0x00168903	0xStack[0xc]	READ	1
0x00168906	0xStack[-0x8]	WRITE	0
0x0016890f	0x00168919	CONDITIONAL_JUMP	0
0x00168917	0x00168924	CONDITIONAL_JUMP	0
0x0016891e	0x00168a0c	UNCONDITIONAL_JUMP	0
0x00168924	0x0018be68	UNCONDITIONAL_CALL	0
0x00168929	0xStack[-0xc]	WRITE	0
0x0016892f	0xStack[-0x14]	WRITE	0
0x00168934	0xStack[-0x14]	READ	1
0x0016893b	0x00168939	CONDITIONAL_JUMP	0
0x00168942	0xStack[-0x14]	READ	1
0x0016894c	0x00168934	CONDITIONAL_JUMP	0
0x00168951	0x00168998	CONDITIONAL_JUMP	0
0x00168956	0x001689fb	CONDITIONAL_JUMP	0
0x0016895f	0xStack[-0x10]	WRITE	0
0x00168965	0xStack[-0x10]	WRITE	0
0x00168972	0x001dee34	READ	1
0x00168977	0xStack[-0x14]	WRITE	0
0x0016897d	0xStack[-0x14]	READ	0
0x00168984	0x00168989	CONDITIONAL_JUMP	0
0x00168986	0xStack[-0x14]	READ	1
0x0016898c	0xStack[-0x14]	READ	0
0x00168994	0x001689fb	UNCONDITIONAL_JUMP	0
0x001689a4	0x001689b0	CONDITIONAL_JUMP	0
0x001689a6	0xStack[-0x8]	WRITE	0
0x001689ad	0x001689fb	UNCONDITIONAL_JUMP	0
0x001689b6	0x001689f0	CONDITIONAL_JUMP	0
0x001689bb	0xStack[-0x10]	WRITE	0
0x001689c1	0xStack[-0x10]	WRITE	0
0x001689ce	0x001dee34	READ	1
0x001689d3	0xStack[-0x14]	WRITE	0
0x001689d9	0xStack[-0x14]	READ	0
0x001689e0	0x001689e5	CONDITIONAL_JUMP	0
0x001689e2	0xStack[-0x14]	READ	1
0x001689e8	0xStack[-0x14]	READ	0
0x001689f3	0x00163d28	UNCONDITIONAL_CALL	0
0x00168a00	0xStack[-0xc]	READ	1
0x00168a04	0x0018b544	UNCONDITIONAL_CALL	0
0x00168a09	0xStack[-0x8]	READ	1
0x00168a0c	0xStack[-0x20]	DATA	0
0x00168a1d	0xStack[0x8]	READ	1
0x00168a20	0xStack[0x4]	READ	0
0x00168a24	0x00168a32	CONDITIONAL_JUMP	0
0x00168a28	0x00168a32	CONDITIONAL_JUMP	0
0x00168a2a	0x001e8b54	READ	0
0x00168a30	0x00168a3c	CONDITIONAL_JUMP	0
0x00168a37	0x00168aab	UNCONDITIONAL_JUMP	0
0x00168a3c	0x0018be68	UNCONDITIONAL_CALL	0
0x00168a4c	0x00168a4a	CONDITIONAL_JUMP	0
0x00168a5a	0x00168a48	CONDITIONAL_JUMP	0
0x00168a5c	0xStack[0xc]	READ	0
0x00168a60	0x00168a90	CONDITIONAL_JUMP	0
0x00168a69	0x001e8b54	READ	0
0x00168a6f	0x00168a7e	CONDITIONAL_JUMP	0
0x00168a71	0x001dfbcc	DATA	0
0x00168a76	0x0010ca6c	UNCONDITIONAL_CALL	0
0x00168a82	0x00168a9e	CONDITIONAL_JUMP	0
0x00168a84	0x001f6354	READ	1
0x00168a8d	0x00168a9e	UNCONDITIONAL_JUMP	0
0x00168aa4	0x0018b544	UNCONDITIONAL_CALL	0
0x00168aab	0xStack[-0xc]	DATA	0
0x00168abf	0x001dfc80	READ	0
0x00168ac6	0x00168ad4	CONDITIONAL_JUMP	0
0x00168ac8	0x001dee30	READ	1
0x00168ace	0x001dfc80	WRITE	0
0x00168ad4	0x001dfc78	READ	0
0x00168adb	0x00168af8	CONDITIONAL_JUMP	0
0x00168add	0x001dfc7c	READ	1
0x00168ae2	0x001dfc80	READ	1
0x00168ae8	0x001f653c	READ	1
0x00168af0	0x00168af8	CONDITIONAL_JUMP	0
0x00168af2	0x001dfc7c	WRITE	0
0x00168aff	0xStack[0x4]	READ	1
0x00168b0b	0x00168b15	CONDITIONAL_JUMP	0
0x00168b13	0x00168b04	CONDITIONAL_JUMP	0
0x00168b2b	0xStack[0x4]	READ	1
0x00168b2e	0x001dfbc4	READ	0
0x00168b35	0x00168b4b	CONDITIONAL_JUMP	0
0x00168b49	0x00168b3c	CONDITIONAL_JUMP	0
0x00168b53	0xStack[0x4]	READ	1
0x00168b56	0x001dfbc4	READ	0
0x00168b5d	0x00168bb4	CONDITIONAL_JUMP	0
0x00168b6b	0x00168b75	CONDITIONAL_JUMP	0
0x00168b73	0x00168b64	CONDITIONAL_JUMP	0
0x00168b80	0x001f6bf4	READ	1
0x00168b8a	0x00168b88	CONDITIONAL_JUMP	0
0x00168b91	0x001f6bf4	READ_WRITE	0
0x00168b9c	0x00168b80	CONDITIONAL_JUMP	0
0x00168b9e	0x001dfbc8	READ	0
0x00168ba4	0x00168bac	CONDITIONAL_JUMP	0
0x00168ba6	0x001dfbc8	WRITE	0
0x00168bae	0x001f6bf4	READ_WRITE	0
0x00168bc1	0xStack[0xc]	READ	1
0x00168bc4	0xStack[0x10]	READ	1
0x00168bc7	0xStack[0x4]	READ	0
0x00168bcb	0x00168bd4	CONDITIONAL_JUMP	0
0x00168bd2	0x00168c4f	UNCONDITIONAL_JUMP	0
0x00168bd4	0x001f6bf4	READ	1
0x00168bdb	0x00168bd9	CONDITIONAL_JUMP	0
0x00168be2	0x001f6bf4	READ_WRITE	0
0x00168bed	0x00168bd4	CONDITIONAL_JUMP	0
0x00168bef	0x001dfbc8	READ	1
0x00168bf5	0xStack[-0xc]	WRITE	0
0x00168bfa	0x001f6bf4	READ_WRITE	0
0x00168c00	0xStack[-0xc]	DATA	0
0x00168c04	0xStack[-0x8]	DATA	0
0x00168c08	0x0015b49c	UNCONDITIONAL_CALL	0
0x00168c0d	0xStack[0x8]	READ	1
0x00168c16	0xStack[-0x8]	READ	1
0x00168c1b	0xStack[-0x8]	READ	1
0x00168c28	0x001e89ec	READ	1
0x00168c37	0xStack[0x14]	READ	1
0x00168c3c	0xStack[-0xc]	READ	1
0x00168c3f	0xStack[0x18]	READ	1
0x00168c44	0xStack[0x1c]	READ	1
0x00168c4f	0xStack[-0x18]	DATA	0
0x00168c65	0xStack[0x4]	READ	0
0x00168c69	0x00168c90	CONDITIONAL_JUMP	0
0x00168c70	0x00168e74	UNCONDITIONAL_JUMP	0
0x00168c7a	0xStack[0x4]	READ	1
0x00168c88	0x00168e74	UNCONDITIONAL_JUMP	0
0x00168c90	0xStack[-0x14]	WRITE	0
0x00168c97	0xStack[-0x18]	WRITE	0
0x00168c9e	0xStack[0x4]	READ	1
0x00168cac	0x00168caa	CONDITIONAL_JUMP	0
0x00168cba	0x00168ca8	CONDITIONAL_JUMP	0
0x00168cbc	0xStack[0x4]	READ	1
0x00168cc6	0x00168c78	CONDITIONAL_JUMP	0
0x00168cce	0xStack[-0x1c]	WRITE	0
0x00168cd8	0xStack[-0x14]	READ	0
0x00168cdb	0x00168d18	CONDITIONAL_JUMP	0
0x00168ce5	0xStack[-0x14]	READ	0
0x00168ce9	0x00168cfb	CONDITIONAL_JUMP	0
0x00168ceb	0xStack[-0x14]	READ	1
0x00168cef	0xStack[-0x18]	READ	1
0x00168cf3	0x0015a824	UNCONDITIONAL_CALL	0
0x00168cfb	0xStack[-0x14]	WRITE	0
0x00168cff	0x0015a75c	UNCONDITIONAL_CALL	0
0x00168d04	0xStack[-0x18]	WRITE	0
0x00168d0c	0x00168ca8	CONDITIONAL_JUMP	0
0x00168d13	0x00168e74	UNCONDITIONAL_JUMP	0
0x00168d18	0xStack[-0x18]	READ	1
0x00168d1b	0xStack[-0x10]	WRITE	0
0x00168d20	0xStack[0x4]	READ	1
0x00168d29	0xStack[-0x1c]	READ	0
0x00168d2c	0x00168d77	CONDITIONAL_JUMP	0
0x00168d32	0x00168d68	CONDITIONAL_JUMP	0
0x00168d34	0x0018be68	UNCONDITIONAL_CALL	0
0x00168d39	0xStack[-0x20]	WRITE	0
0x00168d44	0x00168d42	CONDITIONAL_JUMP	0
0x00168d52	0x00168d40	CONDITIONAL_JUMP	0
0x00168d5c	0xStack[-0x20]	READ	1
0x00168d60	0x0018b544	UNCONDITIONAL_CALL	0
0x00168d68	0xStack[-0x10]	READ	1
0x00168d72	0xStack[-0x1c]	READ	0
0x00168d75	0x00168d30	CONDITIONAL_JUMP	0
0x00168d79	0xStack[0x4]	READ	1
0x00168d84	0xStack[-0x8]	WRITE	0
0x00168d8b	0xStack[-0xc]	WRITE	0
0x00168d94	0xStack[-0x1c]	READ	1
0x00168d97	0xStack[-0xc]	READ	0
0x00168d9a	0x00168e29	CONDITIONAL_JUMP	0
0x00168da0	0xStack[-0x10]	READ	1
0x00168da6	0xStack[-0x20]	WRITE	0
0x00168daf	0x00168dd5	CONDITIONAL_JUMP	0
0x00168db8	0xStack[-0x20]	READ	1
0x00168dbb	0x001e8b54	READ	0
0x00168dbb	0x001e8b58	READ	0
0x00168dc2	0x00168dd0	CONDITIONAL_JUMP	0
0x00168dc4	0x001f6354	READ	1
0x00168dc4	0x001f6358	READ	1
0x00168dcb	0x00168dd5	UNCONDITIONAL_JUMP	0
0x00168dd3	0x00168db8	CONDITIONAL_JUMP	0
0x00168dd7	0x00168e13	CONDITIONAL_JUMP	0
0x00168dda	0x001dfbc4	READ	0
0x00168de1	0x00168e13	CONDITIONAL_JUMP	0
0x00168def	0x00168df9	CONDITIONAL_JUMP	0
0x00168df7	0x00168de8	CONDITIONAL_JUMP	0
0x00168e05	0xStack[-0x8]	READ	0
0x00168e08	0x00168e13	CONDITIONAL_JUMP	0
0x00168e0a	0xStack[-0x8]	WRITE	0
0x00168e0d	0xStack[-0x20]	READ	1
0x00168e10	0xStack[-0xc]	WRITE	0
0x00168e13	0xStack[-0x20]	READ	1
0x00168e17	0x00166ea0	UNCONDITIONAL_CALL	0
0x00168e20	0xStack[-0x1c]	READ	0
0x00168e23	0x00168da0	CONDITIONAL_JUMP	0
0x00168e29	0xStack[-0x14]	READ	0
0x00168e2d	0x00168e3c	CONDITIONAL_JUMP	0
0x00168e2f	0xStack[-0x14]	READ	1
0x00168e33	0xStack[-0x18]	READ	1
0x00168e37	0x0015a824	UNCONDITIONAL_CALL	0
0x00168e3c	0xStack[0x8]	READ	1
0x00168e4b	0x001e89ec	READ	1
0x00168e58	0xStack[0xc]	READ	1
0x00168e5d	0xStack[0x10]	READ	1
0x00168e62	0xStack[-0x8]	READ	1
0x00168e65	0xStack[0x14]	READ	1
0x00168e6a	0xStack[-0xc]	READ	1
0x00168e6d	0xStack[0x18]	READ	1
0x00168e74	0xStack[-0x2c]	DATA	0
0x00168e88	0x001e9748	READ	1
0x00168e8d	0x001e9748	DATA	1
0x00168e92	0x00168ea9	CONDITIONAL_JUMP	0
0x00168e9c	0x00168e9f	CONDITIONAL_JUMP	0
0x00168ea2	0x001e9748	DATA	1
0x00168ea7	0x00168e94	CONDITIONAL_JUMP	0
0x00168eaa	0x001dfc84	DATA	0
0x00168eaf	0x0010c0d8	UNCONDITIONAL_CALL	0
0x00168eb5	0x001dfc97	DATA	0
0x00168eba	0x0010c0d8	UNCONDITIONAL_CALL	0
0x00168ebf	0xStack[-0x8]	READ	1
0x00168ecb	0x001e8b54	READ	1
0x00168ed7	0x001f6d94	WRITE	0
0x00168ed7	0x001f6d90	DATA	1
0x00168ee1	0x001f6d90	WRITE	0
0x00168ee1	0x001f6d90	WRITE	1
0x00168eeb	0x001f6d98	WRITE	0
0x00168f00	0xStack[0x4]	READ	1
0x00168f14	0x00168f20	CONDITIONAL_JUMP	0
0x00168f1c	0x00168f86	CONDITIONAL_JUMP	0
0x00168f1e	0x00168f7c	UNCONDITIONAL_JUMP	0
0x00168f2c	0x001f6d98	READ	1
0x00168f33	0x00168f31	CONDITIONAL_JUMP	0
0x00168f3a	0x001f6d98	READ_WRITE	0
0x00168f45	0x00168f2c	CONDITIONAL_JUMP	0
0x00168f47	0x001f6d90	DATA	1
0x00168f4d	0x001f6d94	READ	1
0x00168f5b	0x001f6d94	WRITE	0
0x00168f63	0x001f6d98	READ_WRITE	0
0x00168f6d	0x001f6d90	DATA	0
0x00168f72	0x001631a0	UNCONDITIONAL_CALL	0
0x00168f77	0x00168f86	UNCONDITIONAL_JUMP	0
0x00168f7c	0x001dfcac	DATA	0
0x00168f81	0x0010ca6c	UNCONDITIONAL_CALL	0
0x00168f86	0xStack[-0x8]	READ	1
0x00168f95	0xStack[0x4]	READ	1
0x00168f98	0x001639ec	DATA	0
0x00168f9e	0x0015b43c	UNCONDITIONAL_CALL	0
0x00168fa3	0x0018be68	UNCONDITIONAL_CALL	0
0x00168fb4	0x00168fb2	CONDITIONAL_JUMP	0
0x00168fc2	0x00168fb0	CONDITIONAL_JUMP	0
0x00168fd1	0x00168fde	CONDITIONAL_JUMP	0
0x00168fd6	0x0016400c	UNCONDITIONAL_CALL	0
0x00168fe4	0x0018b544	UNCONDITIONAL_CALL	0
0x00168fe9	0xStack[-0xc]	DATA	0
0x00168ffc	0x0018be68	UNCONDITIONAL_CALL	0
0x00169004	0x001f6d98	READ	1
0x0016900b	0x00169009	CONDITIONAL_JUMP	0
0x00169012	0x001f6d98	READ_WRITE	0
0x0016901d	0x00169004	CONDITIONAL_JUMP	0
0x00169020	0x001f6d90	READ	1
0x00169026	0x001f6d90	DATA	1
0x0016902c	0x001690dc	CONDITIONAL_JUMP	0
0x00169034	0x001f6d90	DATA	1
0x0016903d	0x001f6d90	WRITE	0
0x00169047	0x001690dc	CONDITIONAL_JUMP	0
0x0016904f	0x001f6d98	READ_WRITE	0
0x00169056	0x0018b544	UNCONDITIONAL_CALL	0
0x0016905e	0x001639ec	DATA	0
0x00169064	0x0015b43c	UNCONDITIONAL_CALL	0
0x00169069	0x0018be68	UNCONDITIONAL_CALL	0
0x0016907c	0x0016907a	CONDITIONAL_JUMP	0
0x0016908a	0x00169078	CONDITIONAL_JUMP	0
0x00169099	0x001690a6	CONDITIONAL_JUMP	0
0x0016909e	0x0016400c	UNCONDITIONAL_CALL	0
0x001690ac	0x0018b544	UNCONDITIONAL_CALL	0
0x001690b4	0x0018be68	UNCONDITIONAL_CALL	0
0x001690bc	0x001f6d98	READ	1
0x001690c3	0x001690c1	CONDITIONAL_JUMP	0
0x001690ca	0x001f6d98	READ_WRITE	0
0x001690d5	0x001690bc	CONDITIONAL_JUMP	0
0x001690d7	0x00169020	UNCONDITIONAL_JUMP	0
0x001690de	0x001f6d90	DATA	0
0x001690e3	0x00162f20	UNCONDITIONAL_CALL	0
0x001690ed	0x001f6d98	READ_WRITE	0
0x001690f4	0x0018b544	UNCONDITIONAL_CALL	0
0x001690f9	0x00168ff4	DATA	0
0x001690fe	0x00163a18	UNCONDITIONAL_CALL	0
0x00169106	0x00168ffc	UNCONDITIONAL_JUMP	0
0x0016910f	0x001e8b54	READ	1
0x00169116	0x00166a5c	UNCONDITIONAL_CALL	0
0x0016911b	0x00168ff4	UNCONDITIONAL_CALL	0
0x00169128	0x001dfcbc	READ	0
0x0016912f	0x001691df	CONDITIONAL_JUMP	0
0x00169135	0x001e7244	WRITE	0
0x0016913f	0x001e7254	WRITE	0
0x0016913f	0x001e7250	DATA	1
0x00169149	0x001e7250	WRITE	0
0x00169149	0x001e7250	WRITE	1
0x00169153	0x001e725c	WRITE	0
0x00169153	0x001e7258	DATA	1
0x0016915d	0x001e7258	WRITE	0
0x0016915d	0x001e7258	WRITE	1
0x00169167	0x001e724c	WRITE	0
0x00169167	0x001e7248	DATA	1
0x00169171	0x001e7248	WRITE	0
0x00169171	0x001e7248	WRITE	1
0x0016917b	0x001e6a44	DATA	1
0x00169180	0x001e7244	DATA	1
0x00169186	0x001691b6	CONDITIONAL_JUMP	0
0x00169188	0x001e6a48	DATA	1
0x00169190	0x001e6a44	WRITE	0
0x00169190	0x001e7248	DATA	1
0x00169190	0x001e6a64	WRITE	0
0x00169196	0x001e724c	READ	1
0x0016919c	0x001e6a48	WRITE	0
0x0016919c	0x001e7248	DATA	1
0x0016919c	0x001e6a68	WRITE	0
0x0016919c	0x001e6a44	DATA	1
0x0016919e	0x001e6a48	READ	1
0x0016919e	0x001e6a68	READ	1
0x001691a0	0x001e7248	WRITE	0
0x001691a0	0x001e6a44	DATA	1
0x001691a0	0x001e6a44	WRITE	0
0x001691a0	0x001e6a64	DATA	1
0x001691a2	0x001e724c	WRITE	0
0x001691ae	0x001e7244	DATA	1
0x001691b4	0x00169190	CONDITIONAL_JUMP	0
0x001691b8	0x00169ea0	DATA	0
0x001691bd	0x001dfb90	READ	1
0x001691c4	0x0016848c	UNCONDITIONAL_CALL	0
0x001691c9	0x00169f44	DATA	0
0x001691d0	0x00187c74	UNCONDITIONAL_CALL	0
0x001691d5	0x001dfcbc	WRITE	0
0x001691df	0xStack[-0x8]	READ	1
0x001691ed	0xStack[0x4]	READ	1
0x001691f0	0xStack[0x8]	READ	1
0x001691f5	0x00187b98	UNCONDITIONAL_CALL	0
0x001691fe	0xStack[-0xc]	DATA	0
0x0016920c	0x001dfcbc	READ	0
0x00169213	0x001692cf	CONDITIONAL_JUMP	0
0x00169219	0x0018be68	UNCONDITIONAL_CALL	0
0x00169220	0x001e7244	READ	1
0x00169227	0x00169225	CONDITIONAL_JUMP	0
0x0016922e	0x001e7244	READ_WRITE	0
0x00169239	0x00169220	CONDITIONAL_JUMP	0
0x0016923b	0x001e7248	READ	0
0x0016923b	0x001e7248	READ	1
0x00169245	0x00169264	CONDITIONAL_JUMP	0
0x00169247	0x001dfcc0	DATA	0
0x0016924c	0x0010ca6c	UNCONDITIONAL_CALL	0
0x00169264	0x001e7248	READ	1
0x0016926b	0x001e7248	DATA	1
0x00169274	0x001e7248	WRITE	0
0x0016927c	0xStack[0x4]	READ	1
0x00169282	0xStack[0x8]	READ	1
0x0016929d	0x001e7250	DATA	1
0x001692a3	0x001e7254	READ	1
0x001692b1	0x001e7254	WRITE	0
0x001692b7	0x001e7260	READ_WRITE	0
0x001692c4	0x00169c64	UNCONDITIONAL_CALL	0
0x001692ca	0x0018b544	UNCONDITIONAL_CALL	0
0x001692cf	0xStack[-0x8]	READ	1
0x001692de	0xStack[0x4]	READ	1
0x001692e1	0xStack[0x8]	READ	1
0x001692e4	0x001dfcbc	READ	0
0x001692eb	0x001693e2	CONDITIONAL_JUMP	0
0x001692f1	0x0018be68	UNCONDITIONAL_CALL	0
0x001692f8	0x001e7244	READ	1
0x001692ff	0x001692fd	CONDITIONAL_JUMP	0
0x00169306	0x001e7244	READ_WRITE	0
0x00169311	0x001692f8	CONDITIONAL_JUMP	0
0x00169313	0x001e7250	READ	1
0x00169319	0x001e7250	DATA	1
0x0016931f	0x00169344	CONDITIONAL_JUMP	0
0x00169327	0x0016932e	CONDITIONAL_JUMP	0
0x0016932c	0x00169338	CONDITIONAL_JUMP	0
0x00169330	0x001e7250	DATA	1
0x00169336	0x00169324	CONDITIONAL_JUMP	0
0x00169338	0x001e7250	DATA	1
0x0016933e	0x001693d4	CONDITIONAL_JUMP	0
0x00169344	0x001e7248	READ	0
0x00169344	0x001e7248	READ	1
0x0016934e	0x00169370	CONDITIONAL_JUMP	0
0x00169350	0x001dfcc0	DATA	0
0x00169355	0x0010ca6c	UNCONDITIONAL_CALL	0
0x00169370	0x001e7248	READ	1
0x00169377	0x001e7248	DATA	1
0x00169380	0x001e7248	WRITE	0
0x001693a3	0x001e7250	DATA	1
0x001693a9	0x001e7254	READ	1
0x001693b7	0x001e7254	WRITE	0
0x001693bd	0x001e7260	READ_WRITE	0
0x001693ca	0x00169c64	UNCONDITIONAL_CALL	0
0x001693cf	0x001693dc	UNCONDITIONAL_JUMP	0
0x001693d6	0x001e7244	READ_WRITE	0
0x001693dd	0x0018b544	UNCONDITIONAL_CALL	0
0x001693e2	0xStack[-0x10]	DATA	0
0x001693f5	0x001dfcbc	READ	0
0x001693fc	0x00169572	CONDITIONAL_JUMP	0
0x00169402	0x0018be68	UNCONDITIONAL_CALL	0
0x00169407	0xStack[-0x8]	WRITE	0
0x0016940c	0x001e7244	READ	1
0x00169414	0x00169412	CONDITIONAL_JUMP	0
0x0016941b	0x001e7244	READ_WRITE	0
0x00169426	0x0016940c	CONDITIONAL_JUMP	0
0x00169428	0x001e7248	READ	0
0x00169428	0x001e7248	READ	1
0x00169432	0x00169454	CONDITIONAL_JUMP	0
0x00169434	0x001dfcc0	DATA	0
0x00169439	0x0010ca6c	UNCONDITIONAL_CALL	0
0x00169454	0x001e7248	READ	1
0x0016945c	0x001e7248	DATA	1
0x00169465	0x001e7248	WRITE	0
0x0016946d	0xStack[0x4]	READ	1
0x00169473	0xStack[0x8]	READ	1
0x00169480	0xStack[0xc]	READ	1
0x00169483	0xStack[0x10]	READ	1
0x0016948c	0x001e7258	READ	1
0x00169494	0x001e7258	DATA	1
0x0016949a	0x001694b0	CONDITIONAL_JUMP	0
0x001694a4	0x001694b0	CONDITIONAL_JUMP	0
0x001694a6	0x001694b8	CONDITIONAL_JUMP	0
0x001694ae	0x001694b8	CONDITIONAL_JUMP	0
0x001694b3	0x001694cc	UNCONDITIONAL_JUMP	0
0x001694be	0x001694c8	CONDITIONAL_JUMP	0
0x001694c6	0x001694cc	CONDITIONAL_JUMP	0
0x001694ca	0x00169494	UNCONDITIONAL_JUMP	0
0x001694e1	0x001e7258	READ	0
0x001694e7	0x00169561	CONDITIONAL_JUMP	0
0x001694eb	0x00187b98	UNCONDITIONAL_CALL	0
0x001694fc	0x00169505	CONDITIONAL_JUMP	0
0x001694fe	0x00169514	CONDITIONAL_JUMP	0
0x00169503	0x00169514	CONDITIONAL_JUMP	0
0x0016950f	0x00169555	UNCONDITIONAL_JUMP	0
0x00169516	0xStack[-0xc]	WRITE	0
0x00169519	0xStack[-0x10]	WRITE	0
0x0016951c	0x00187c58	UNCONDITIONAL_CALL	0
0x00169523	0xStack[-0x18]	WRITE	0
0x00169529	0xStack[-0x14]	WRITE	0
0x0016952c	0xStack[-0xc]	READ	1
0x0016952f	0xStack[-0x10]	READ	1
0x00169543	0xStack[-0x14]	READ	0
0x00169546	0x0016954f	CONDITIONAL_JUMP	0
0x00169548	0x00169555	CONDITIONAL_JUMP	0
0x0016954a	0xStack[-0x18]	READ	0
0x0016954d	0x00169555	CONDITIONAL_JUMP	0
0x0016954f	0xStack[-0x18]	READ	1
0x00169552	0xStack[-0x14]	READ	1
0x00169559	0x00187c8c	UNCONDITIONAL_CALL	0
0x00169563	0x001e7244	READ_WRITE	0
0x00169569	0xStack[-0x8]	READ	1
0x0016956d	0x0018b544	UNCONDITIONAL_CALL	0
0x00169572	0xStack[-0x24]	DATA	0
0x00169582	0xStack[0x4]	READ	1
0x00169585	0xStack[0x8]	READ	1
0x00169588	0x0018be68	UNCONDITIONAL_CALL	0
0x00169590	0x001e7244	READ	1
0x00169597	0x00169595	CONDITIONAL_JUMP	0
0x0016959e	0x001e7244	READ_WRITE	0
0x001695a9	0x00169590	CONDITIONAL_JUMP	0
0x001695ad	0x001e7250	READ	1
0x001695b3	0x001e7250	DATA	1
0x001695b9	0x001695ea	CONDITIONAL_JUMP	0
0x001695bf	0x001695e0	CONDITIONAL_JUMP	0
0x001695c4	0x001695e0	CONDITIONAL_JUMP	0
0x001695d5	0x001e7260	READ_WRITE	0
0x001695db	0x00169615	UNCONDITIONAL_JUMP	0
0x001695e2	0x001e7250	DATA	1
0x001695e8	0x001695bc	CONDITIONAL_JUMP	0
0x001695ec	0x00169652	CONDITIONAL_JUMP	0
0x001695ee	0x001e7258	READ	1
0x001695f4	0x001e7258	DATA	1
0x001695fa	0x00169652	CONDITIONAL_JUMP	0
0x001695ff	0x00169648	CONDITIONAL_JUMP	0
0x00169604	0x00169648	CONDITIONAL_JUMP	0
0x0016961c	0x001e6a44	DATA	1
0x00169622	0x00169652	CONDITIONAL_JUMP	0
0x00169624	0x001e7244	DATA	1
0x0016962a	0x00169652	CONDITIONAL_JUMP	0
0x0016962c	0x001e7248	DATA	1
0x00169632	0x001e724c	READ	1
0x00169640	0x001e724c	WRITE	0
0x00169646	0x00169652	UNCONDITIONAL_JUMP	0
0x0016964a	0x001e7258	DATA	1
0x00169650	0x001695fc	CONDITIONAL_JUMP	0
0x00169654	0x001e7244	READ_WRITE	0
0x0016965b	0x0018b544	UNCONDITIONAL_CALL	0
0x00169660	0xStack[-0x10]	DATA	0
0x00169675	0xStack[0x4]	READ	1
0x00169678	0xStack[0x8]	READ	1
0x0016967b	0x0018be68	UNCONDITIONAL_CALL	0
0x00169680	0xStack[-0x8]	WRITE	0
0x00169684	0x001e7244	READ	1
0x0016968b	0x00169689	CONDITIONAL_JUMP	0
0x00169692	0x001e7244	READ_WRITE	0
0x0016969d	0x00169684	CONDITIONAL_JUMP	0
0x0016969f	0x001e7250	READ	1
0x001696a5	0x001e7250	DATA	1
0x001696ab	0x00169708	CONDITIONAL_JUMP	0
0x001696b0	0x00169704	CONDITIONAL_JUMP	0
0x001696b5	0x00169704	CONDITIONAL_JUMP	0
0x001696c6	0x001e7260	READ_WRITE	0
0x001696d3	0x001e6a44	DATA	1
0x001696d9	0x001696fd	CONDITIONAL_JUMP	0
0x001696db	0x001e7244	DATA	1
0x001696e1	0x001696fd	CONDITIONAL_JUMP	0
0x001696e3	0x001e7248	DATA	1
0x001696e9	0x001e724c	READ	1
0x001696f7	0x001e724c	WRITE	0
0x001696ff	0x001696a5	UNCONDITIONAL_JUMP	0
0x00169706	0x001696a5	UNCONDITIONAL_JUMP	0
0x00169708	0x001e7258	READ	1
0x0016970e	0x001e7258	DATA	1
0x00169714	0x00169768	CONDITIONAL_JUMP	0
0x00169719	0x00169764	CONDITIONAL_JUMP	0
0x0016971e	0x00169764	CONDITIONAL_JUMP	0
0x00169736	0x001e6a44	DATA	1
0x0016973c	0x00169760	CONDITIONAL_JUMP	0
0x0016973e	0x001e7244	DATA	1
0x00169744	0x00169760	CONDITIONAL_JUMP	0
0x00169746	0x001e7248	DATA	1
0x0016974c	0x001e724c	READ	1
0x0016975a	0x001e724c	WRITE	0
0x00169762	0x0016970e	UNCONDITIONAL_JUMP	0
0x00169766	0x0016970e	UNCONDITIONAL_JUMP	0
0x0016976a	0x001e7244	READ_WRITE	0
0x00169770	0xStack[-0x8]	READ	1
0x00169774	0x0018b544	UNCONDITIONAL_CALL	0
0x00169779	0xStack[-0x14]	DATA	0
0x00169789	0xStack[0x4]	READ	1
0x0016978c	0xStack[0x8]	READ	1
0x00169791	0x0015a75c	UNCONDITIONAL_CALL	0
0x001697b8	0xStack[-0xc]	DATA	0
0x001697c9	0xStack[0x4]	READ	1
0x001697cc	0x0018be68	UNCONDITIONAL_CALL	0
0x001697d4	0x001e7244	READ	1
0x001697db	0x001697d9	CONDITIONAL_JUMP	0
0x001697e2	0x001e7244	READ_WRITE	0
0x001697ed	0x001697d4	CONDITIONAL_JUMP	0
0x001697f3	0x0016980a	CONDITIONAL_JUMP	0
0x001697f7	0x001e7244	READ_WRITE	0
0x001697fd	0x001dfcd6	DATA	0
0x00169802	0x0010ca6c	UNCONDITIONAL_CALL	0
0x0016980c	0x001e7244	READ_WRITE	0
0x00169813	0x0018b544	UNCONDITIONAL_CALL	0
0x0016981b	0x0015a824	UNCONDITIONAL_CALL	0
0x00169820	0xStack[-0xc]	DATA	0
0x00169831	0xStack[0x4]	READ	1
0x00169834	0x0018be68	UNCONDITIONAL_CALL	0
0x0016983c	0x001e7244	READ	1
0x00169843	0x00169841	CONDITIONAL_JUMP	0
0x0016984a	0x001e7244	READ_WRITE	0
0x00169855	0x0016983c	CONDITIONAL_JUMP	0
0x0016985b	0x001698a0	CONDITIONAL_JUMP	0
0x00169871	0x001e7250	DATA	1
0x00169877	0x001e7254	READ	1
0x00169885	0x001e7254	WRITE	0
0x0016988b	0x001e7260	READ_WRITE	0
0x00169898	0x00169c64	UNCONDITIONAL_CALL	0
0x0016989d	0x001698a8	UNCONDITIONAL_JUMP	0
0x001698a2	0x001e7244	READ_WRITE	0
0x001698a9	0x0018b544	UNCONDITIONAL_CALL	0
0x001698ae	0xStack[-0xc]	DATA	0
0x001698bd	0xStack[0x4]	READ	1
0x001698c0	0x0018be68	UNCONDITIONAL_CALL	0
0x001698c8	0x001e7244	READ	1
0x001698cf	0x001698cd	CONDITIONAL_JUMP	0
0x001698d6	0x001e7244	READ_WRITE	0
0x001698e1	0x001698c8	CONDITIONAL_JUMP	0
0x001698e7	0x0016992c	CONDITIONAL_JUMP	0
0x001698e9	0xStack[0x8]	READ	1
0x001698fd	0x001e7250	DATA	1
0x00169903	0x001e7254	READ	1
0x00169911	0x001e7254	WRITE	0
0x00169917	0x001e7260	READ_WRITE	0
0x00169924	0x00169c64	UNCONDITIONAL_CALL	0
0x00169929	0x00169934	UNCONDITIONAL_JUMP	0
0x0016992e	0x001e7244	READ_WRITE	0
0x00169935	0x0018b544	UNCONDITIONAL_CALL	0
0x0016993a	0xStack[-0xc]	DATA	0
0x0016994d	0xStack[0x4]	READ	1
0x00169950	0x0018be68	UNCONDITIONAL_CALL	0
0x00169955	0xStack[-0x8]	WRITE	0
0x00169958	0x001e7244	READ	1
0x00169960	0x0016995e	CONDITIONAL_JUMP	0
0x00169967	0x001e7244	READ_WRITE	0
0x00169972	0x00169958	CONDITIONAL_JUMP	0
0x00169978	0x00169a65	CONDITIONAL_JUMP	0
0x00169984	0xStack[0x8]	READ	1
0x00169987	0xStack[0xc]	READ	1
0x00169990	0x001e7258	READ	1
0x00169998	0x001e7258	DATA	1
0x0016999e	0x001699b4	CONDITIONAL_JUMP	0
0x001699a8	0x001699b4	CONDITIONAL_JUMP	0
0x001699aa	0x001699bc	CONDITIONAL_JUMP	0
0x001699b2	0x001699bc	CONDITIONAL_JUMP	0
0x001699b7	0x001699d0	UNCONDITIONAL_JUMP	0
0x001699c2	0x001699cc	CONDITIONAL_JUMP	0
0x001699ca	0x001699d0	CONDITIONAL_JUMP	0
0x001699ce	0x00169998	UNCONDITIONAL_JUMP	0
0x001699e5	0x001e7258	READ	0
0x001699eb	0x00169a65	CONDITIONAL_JUMP	0
0x001699ef	0x00187b98	UNCONDITIONAL_CALL	0
0x00169a00	0x00169a09	CONDITIONAL_JUMP	0
0x00169a02	0x00169a18	CONDITIONAL_JUMP	0
0x00169a07	0x00169a18	CONDITIONAL_JUMP	0
0x00169a13	0x00169a59	UNCONDITIONAL_JUMP	0
0x00169a1a	0xStack[-0xc]	WRITE	0
0x00169a1d	0xStack[-0x10]	WRITE	0
0x00169a20	0x00187c58	UNCONDITIONAL_CALL	0
0x00169a27	0xStack[-0x18]	WRITE	0
0x00169a2d	0xStack[-0x14]	WRITE	0
0x00169a30	0xStack[-0xc]	READ	1
0x00169a33	0xStack[-0x10]	READ	1
0x00169a47	0xStack[-0x14]	READ	0
0x00169a4a	0x00169a53	CONDITIONAL_JUMP	0
0x00169a4c	0x00169a59	CONDITIONAL_JUMP	0
0x00169a4e	0xStack[-0x18]	READ	0
0x00169a51	0x00169a59	CONDITIONAL_JUMP	0
0x00169a53	0xStack[-0x18]	READ	1
0x00169a56	0xStack[-0x14]	READ	1
0x00169a5d	0x00187c8c	UNCONDITIONAL_CALL	0
0x00169a67	0x001e7244	READ_WRITE	0
0x00169a6d	0xStack[-0x8]	READ	1
0x00169a71	0x0018b544	UNCONDITIONAL_CALL	0
0x00169a76	0xStack[-0x24]	DATA	0
0x00169a89	0xStack[0x4]	READ	1
0x00169a8c	0x0018be68	UNCONDITIONAL_CALL	0
0x00169a91	0xStack[-0x8]	WRITE	0
0x00169a94	0x001e7244	READ	1
0x00169a9c	0x00169a9a	CONDITIONAL_JUMP	0
0x00169aa3	0x001e7244	READ_WRITE	0
0x00169aae	0x00169a94	CONDITIONAL_JUMP	0
0x00169ab4	0x00169ba1	CONDITIONAL_JUMP	0
0x00169aba	0xStack[0x8]	READ	1
0x00169ac0	0xStack[0xc]	READ	1
0x00169ac3	0xStack[0x10]	READ	1
0x00169acc	0x001e7258	READ	1
0x00169ad4	0x001e7258	DATA	1
0x00169ada	0x00169af0	CONDITIONAL_JUMP	0
0x00169ae4	0x00169af0	CONDITIONAL_JUMP	0
0x00169ae6	0x00169af8	CONDITIONAL_JUMP	0
0x00169aee	0x00169af8	CONDITIONAL_JUMP	0
0x00169af3	0x00169b0c	UNCONDITIONAL_JUMP	0
0x00169afe	0x00169b08	CONDITIONAL_JUMP	0
0x00169b06	0x00169b0c	CONDITIONAL_JUMP	0
0x00169b0a	0x00169ad4	UNCONDITIONAL_JUMP	0
0x00169b21	0x001e7258	READ	0
0x00169b27	0x00169ba1	CONDITIONAL_JUMP	0
0x00169b2b	0x00187b98	UNCONDITIONAL_CALL	0
0x00169b3c	0x00169b45	CONDITIONAL_JUMP	0
0x00169b3e	0x00169b54	CONDITIONAL_JUMP	0
0x00169b43	0x00169b54	CONDITIONAL_JUMP	0
0x00169b4f	0x00169b95	UNCONDITIONAL_JUMP	0
0x00169b56	0xStack[-0xc]	WRITE	0
0x00169b59	0xStack[-0x10]	WRITE	0
0x00169b5c	0x00187c58	UNCONDITIONAL_CALL	0
0x00169b63	0xStack[-0x18]	WRITE	0
0x00169b69	0xStack[-0x14]	WRITE	0
0x00169b6c	0xStack[-0xc]	READ	1
0x00169b6f	0xStack[-0x10]	READ	1
0x00169b83	0xStack[-0x14]	READ	0
0x00169b86	0x00169b8f	CONDITIONAL_JUMP	0
0x00169b88	0x00169b95	CONDITIONAL_JUMP	0
0x00169b8a	0xStack[-0x18]	READ	0
0x00169b8d	0x00169b95	CONDITIONAL_JUMP	0
0x00169b8f	0xStack[-0x18]	READ	1
0x00169b92	0xStack[-0x14]	READ	1
0x00169b99	0x00187c8c	UNCONDITIONAL_CALL	0
0x00169ba3	0x001e7244	READ_WRITE	0
0x00169ba9	0xStack[-0x8]	READ	1
0x00169bad	0x0018b544	UNCONDITIONAL_CALL	0
0x00169bb2	0xStack[-0x24]	DATA	0
0x00169bc0	0xStack[0x4]	READ	1
0x00169bc3	0x0018be68	UNCONDITIONAL_CALL	0
0x00169bcc	0x001e7244	READ	1
0x00169bd3	0x00169bd1	CONDITIONAL_JUMP	0
0x00169bda	0x001e7244	READ_WRITE	0
0x00169be5	0x00169bcc	CONDITIONAL_JUMP	0
0x00169bed	0x00169c08	CONDITIONAL_JUMP	0
0x00169bfe	0x001e7260	READ_WRITE	0
0x00169c04	0x00169c1c	UNCONDITIONAL_JUMP	0
0x00169c0b	0x00169c4d	CONDITIONAL_JUMP	0
0x00169c23	0x001e6a44	DATA	1
0x00169c29	0x00169c4d	CONDITIONAL_JUMP	0
0x00169c2b	0x001e7244	DATA	1
0x00169c31	0x00169c4d	CONDITIONAL_JUMP	0
0x00169c33	0x001e7248	DATA	1
0x00169c39	0x001e724c	READ	1
0x00169c47	0x001e724c	WRITE	0
0x00169c4f	0x001e7244	READ_WRITE	0
0x00169c56	0x0018b544	UNCONDITIONAL_CALL	0
0x00169c5b	0xStack[-0x8]	READ	1
0x00169c6a	0x001e7264	READ	1
0x00169c6f	0x001e7260	READ	1
0x00169c75	0x001e7268	READ	0
0x00169c7b	0x00169c7e	CONDITIONAL_JUMP	0
0x00169c80	0x001e7244	READ_WRITE	0
0x00169c8a	0x001e7260	DATA	0
0x00169c8f	0x001631a0	UNCONDITIONAL_CALL	0
0x00169c99	0x00169ca9	CONDITIONAL_JUMP	0
0x00169c9f	0x001e7268	DATA	0
0x00169ca4	0x001631a0	UNCONDITIONAL_CALL	0
0x00169ca9	0xStack[-0x8]	READ	1
0x00169cb9	0x001e8b54	READ	1
0x00169cbf	0xStack[-0x8]	WRITE	0
0x00169cc2	0x0018be68	UNCONDITIONAL_CALL	0
0x00169cc8	0x001e7244	READ	1
0x00169ccf	0x00169ccd	CONDITIONAL_JUMP	0
0x00169cd6	0x001e7244	READ_WRITE	0
0x00169ce1	0x00169cc8	CONDITIONAL_JUMP	0
0x00169ce3	0x001e7260	READ	0
0x00169cea	0x00169daa	CONDITIONAL_JUMP	0
0x00169cf0	0x001e7250	READ	1
0x00169cf6	0x001e7250	DATA	1
0x00169cfc	0x00169d04	CONDITIONAL_JUMP	0
0x00169d00	0x00169d17	UNCONDITIONAL_JUMP	0
0x00169d06	0x001e7250	DATA	1
0x00169d0f	0x001e7250	WRITE	0
0x00169d17	0x001e7260	READ_WRITE	0
0x00169d2c	0x001e6a44	DATA	1
0x00169d32	0x00169d58	CONDITIONAL_JUMP	0
0x00169d34	0x001e7244	DATA	1
0x00169d3a	0x00169d58	CONDITIONAL_JUMP	0
0x00169d3c	0x001e7248	DATA	1
0x00169d42	0x001e724c	READ	1
0x00169d50	0x001e724c	WRITE	0
0x00169d5a	0x001e7264	READ_WRITE	0
0x00169d62	0x001e7244	READ_WRITE	0
0x00169d68	0x0018b60c	UNCONDITIONAL_CALL	0
0x00169d71	0x0018be68	UNCONDITIONAL_CALL	0
0x00169d7c	0x001e7244	READ	1
0x00169d83	0x00169d81	CONDITIONAL_JUMP	0
0x00169d8a	0x001e7244	READ_WRITE	0
0x00169d95	0x00169d7c	CONDITIONAL_JUMP	0
0x00169d97	0x001e7264	READ_WRITE	0
0x00169d9d	0x001e7260	READ	0
0x00169da4	0x00169cf0	CONDITIONAL_JUMP	0
0x00169daa	0x001e7268	READ	1
0x00169daf	0x001e7264	READ	1
0x00169db8	0x00169dde	CONDITIONAL_JUMP	0
0x00169dbc	0x001e7260	DATA	0
0x00169dc1	0x00162f20	UNCONDITIONAL_CALL	0
0x00169dcb	0x001e7244	READ_WRITE	0
0x00169dd1	0x00169cb0	DATA	0
0x00169dd6	0x00163a18	UNCONDITIONAL_CALL	0
0x00169dde	0x001e7268	READ_WRITE	0
0x00169de6	0x001e7244	READ_WRITE	0
0x00169dec	0x0018b60c	UNCONDITIONAL_CALL	0
0x00169df1	0xStack[-0x8]	READ	1
0x00169df5	0x0016727c	UNCONDITIONAL_CALL	0
0x00169dfa	0x001678b4	UNCONDITIONAL_CALL	0
0x00169dff	0xStack[-0x14]	DATA	0
0x00169e10	0x001e8b54	READ	1
0x00169e16	0x0018be68	UNCONDITIONAL_CALL	0
0x00169e1c	0x001e7244	READ	1
0x00169e23	0x00169e21	CONDITIONAL_JUMP	0
0x00169e2a	0x001e7244	READ_WRITE	0
0x00169e35	0x00169e1c	CONDITIONAL_JUMP	0
0x00169e37	0x001e7264	READ	1
0x00169e3c	0x001e7260	READ	1
0x00169e42	0x001e7268	READ	1
0x00169e4a	0x00169e78	CONDITIONAL_JUMP	0
0x00169e4d	0x001e7268	WRITE	0
0x00169e55	0x001e7244	READ_WRITE	0
0x00169e5d	0x0016a140	DATA	0
0x00169e66	0x0016848c	UNCONDITIONAL_CALL	0
0x00169e6b	0x00169e0c	DATA	0
0x00169e70	0x00163a18	UNCONDITIONAL_CALL	0
0x00169e7a	0x001e7268	DATA	0
0x00169e7f	0x00162f20	UNCONDITIONAL_CALL	0
0x00169e89	0x001e7244	READ_WRITE	0
0x00169e8f	0x00169e0c	DATA	0
0x00169e94	0x00163a18	UNCONDITIONAL_CALL	0
0x00169e99	0xStack[-0x8]	READ	1
0x00169ea4	0x001e8b54	READ	1
0x00169eab	0x00166a5c	UNCONDITIONAL_CALL	0
0x00169eb3	0x001e8b54	READ	1
0x00169eb9	0x0018be68	UNCONDITIONAL_CALL	0
0x00169ec0	0x001e7244	READ	1
0x00169ec7	0x00169ec5	CONDITIONAL_JUMP	0
0x00169ece	0x001e7244	READ_WRITE	0
0x00169ed9	0x00169ec0	CONDITIONAL_JUMP	0
0x00169edb	0x001e7264	READ	1
0x00169ee0	0x001e7260	READ	1
0x00169ee6	0x001e7268	READ	1
0x00169eee	0x00169f1c	CONDITIONAL_JUMP	0
0x00169ef1	0x001e7268	WRITE	0
0x00169ef9	0x001e7244	READ_WRITE	0
0x00169f01	0x0016a140	DATA	0
0x00169f0a	0x0016848c	UNCONDITIONAL_CALL	0
0x00169f0f	0x00169e0c	DATA	0
0x00169f14	0x00163a18	UNCONDITIONAL_CALL	0
0x00169f1e	0x001e7268	DATA	0
0x00169f23	0x00162f20	UNCONDITIONAL_CALL	0
0x00169f2d	0x001e7244	READ_WRITE	0
0x00169f33	0x00169e0c	DATA	0
0x00169f38	0x00163a18	UNCONDITIONAL_CALL	0
0x00169f3d	0xStack[-0x8]	READ	1
0x00169f4f	0x00187b98	UNCONDITIONAL_CALL	0
0x00169f54	0xStack[-0x20]	WRITE	0
0x00169f57	0xStack[-0x1c]	WRITE	0
0x00169f5a	0xStack[-0xc]	DATA	0
0x00169f5d	0xStack[-0x8]	WRITE	0
0x00169f60	0xStack[-0xc]	WRITE	0
0x00169f63	0x0018be68	UNCONDITIONAL_CALL	0
0x00169f68	0xStack[-0x10]	WRITE	0
0x00169f70	0x001e7244	READ	1
0x00169f78	0x00169f76	CONDITIONAL_JUMP	0
0x00169f7f	0x001e7244	READ_WRITE	0
0x00169f8a	0x00169f70	CONDITIONAL_JUMP	0
0x00169f8c	0x001e7258	READ	1
0x00169f92	0x001e7258	DATA	1
0x00169f98	0x0016a069	CONDITIONAL_JUMP	0
0x00169fa3	0xStack[-0x1c]	READ	0
0x00169fa6	0x00169fe9	CONDITIONAL_JUMP	0
0x00169fa8	0x00169fb2	CONDITIONAL_JUMP	0
0x00169faa	0xStack[-0x20]	READ	1
0x00169fb0	0x00169fe9	CONDITIONAL_JUMP	0
0x00169fc8	0xStack[-0xc]	DATA	0
0x00169fcd	0xStack[-0x8]	READ	1
0x00169fd6	0xStack[-0xc]	DATA	0
0x00169fd8	0xStack[-0x8]	WRITE	0
0x00169fdb	0x001e7258	READ	1
0x00169fe1	0x001e7258	DATA	1
0x00169fe7	0x00169fa0	CONDITIONAL_JUMP	0
0x00169fe9	0x001e7258	DATA	1
0x00169fef	0x0016a069	CONDITIONAL_JUMP	0
0x00169ff3	0x00187b98	UNCONDITIONAL_CALL	0
0x0016a004	0x0016a00d	CONDITIONAL_JUMP	0
0x0016a006	0x0016a01c	CONDITIONAL_JUMP	0
0x0016a00b	0x0016a01c	CONDITIONAL_JUMP	0
0x0016a017	0x0016a05d	UNCONDITIONAL_JUMP	0
0x0016a01e	0xStack[-0x14]	WRITE	0
0x0016a021	0xStack[-0x18]	WRITE	0
0x0016a024	0x00187c58	UNCONDITIONAL_CALL	0
0x0016a02b	0xStack[-0x20]	WRITE	0
0x0016a031	0xStack[-0x1c]	WRITE	0
0x0016a034	0xStack[-0x14]	READ	1
0x0016a037	0xStack[-0x18]	READ	1
0x0016a04b	0xStack[-0x1c]	READ	0
0x0016a04e	0x0016a057	CONDITIONAL_JUMP	0
0x0016a050	0x0016a05d	CONDITIONAL_JUMP	0
0x0016a052	0xStack[-0x20]	READ	0
0x0016a055	0x0016a05d	CONDITIONAL_JUMP	0
0x0016a057	0xStack[-0x20]	READ	1
0x0016a05a	0xStack[-0x1c]	READ	1
0x0016a061	0x00187c8c	UNCONDITIONAL_CALL	0
0x0016a069	0xStack[-0xc]	DATA	0
0x0016a06c	0xStack[-0x24]	WRITE	0
0x0016a070	0xStack[-0xc]	READ	1
0x0016a073	0xStack[-0x24]	READ	0
0x0016a076	0x0016a124	CONDITIONAL_JUMP	0
0x0016a07c	0xStack[-0xc]	DATA	1
0x0016a07e	0xStack[-0x24]	READ	1
0x0016a081	0xStack[-0x8]	WRITE	0
0x0016a084	0xStack[-0xc]	DATA	0
0x0016a086	0xStack[-0xc]	WRITE	0
0x0016a08d	0x0016a124	CONDITIONAL_JUMP	0
0x0016a093	0x001e7250	DATA	1
0x0016a093	0xStack[-0xc]	DATA	0
0x0016a099	0x001e7254	READ	1
0x0016a09f	0xStack[-0x8]	WRITE	0
0x0016a0a2	0xStack[-0x8]	READ	1
0x0016a0a7	0x001e7254	WRITE	0
0x0016a0ad	0x001e7260	READ_WRITE	0
0x0016a0bc	0x001e7264	READ	1
0x0016a0c2	0x001e7260	READ	1
0x0016a0c8	0x001e7268	READ	0
0x0016a0ce	0x0016a0d1	CONDITIONAL_JUMP	0
0x0016a0d3	0x001e7244	READ_WRITE	0
0x0016a0dd	0x001e7260	DATA	0
0x0016a0e2	0x001631a0	UNCONDITIONAL_CALL	0
0x0016a0ec	0x0016a100	CONDITIONAL_JUMP	0
0x0016a0f2	0x001e7268	DATA	0
0x0016a0f7	0x001631a0	UNCONDITIONAL_CALL	0
0x0016a100	0x001e7244	READ	1
0x0016a108	0x0016a106	CONDITIONAL_JUMP	0
0x0016a10f	0x001e7244	READ_WRITE	0
0x0016a11a	0x0016a100	CONDITIONAL_JUMP	0
0x0016a11c	0x0016a070	UNCONDITIONAL_JUMP	0
0x0016a126	0x001e7244	READ_WRITE	0
0x0016a12c	0xStack[-0x10]	READ	1
0x0016a130	0x0018b544	UNCONDITIONAL_CALL	0
0x0016a135	0xStack[-0x30]	DATA	0
0x0016a143	0x001e8b54	READ	1
0x0016a14a	0x00166a5c	UNCONDITIONAL_CALL	0
0x0016a14f	0x00169cb0	UNCONDITIONAL_CALL	0
0x0016a160	0xStack[0x4]	READ	1
0x0016a165	0x00187b98	UNCONDITIONAL_CALL	0
0x0016a16a	0xStack[-0xc]	DATA	0
0x0016a170	0x00160674	UNCONDITIONAL_CALL	0
0x0016a179	0x00189cec	UNCONDITIONAL_CALL	0
0x0016a180	0x0016a188	CONDITIONAL_JUMP	0
0x0016a184	0x0016a18d	UNCONDITIONAL_JUMP	0
0x0016a18d	0xStack[-0x14]	DATA	0
0x0016a19d	0x001f6da0	DATA	1
0x0016a1a4	0x001f6da0	DATA	0
0x0016a1a4	0x001f6db0	DATA	0
0x0016a1a5	0x0016a1cc	UNCONDITIONAL_CALL	0
0x0016a1aa	0x001f6d9c	WRITE	0
0x0016a1be	0x0016a1a4	CONDITIONAL_JUMP	0
0x0016a1c0	0xStack[-0xc]	DATA	0
0x0016a1cf	0xStack[0x4]	READ	1
0x0016a1f9	0xStack[0x4]	READ	1
0x0016a20b	0xStack[0x4]	READ	1
0x0016a219	0xStack[0x4]	READ	1
0x0016a221	0xStack[-0xc]	DATA	0
0x0016a235	0xStack[0x4]	READ	1
0x0016a238	0xStack[0x8]	READ	1
0x0016a23f	0xStack[-0x8]	WRITE	0
0x0016a244	0xStack[-0xc]	WRITE	0
0x0016a247	0xStack[-0x8]	READ	1
0x0016a24a	0xStack[-0x10]	WRITE	0
0x0016a250	0x0016a23c	CONDITIONAL_JUMP	0
0x0016a252	0xStack[-0xc]	READ	1
0x0016a262	0xStack[-0x10]	READ	1
0x0016a267	0xStack[-0xc]	READ	1
0x0016a275	0xStack[-0x1c]	DATA	0
0x0016a289	0xStack[0x4]	READ	1
0x0016a28c	0xStack[0x8]	READ	1
0x0016a28f	0xStack[0xc]	READ	1
0x0016a29b	0xStack[-0x8]	WRITE	0
0x0016a2a0	0xStack[-0xc]	WRITE	0
0x0016a2a3	0xStack[-0x8]	READ	1
0x0016a2a6	0xStack[-0x10]	WRITE	0
0x0016a2ac	0x0016a298	CONDITIONAL_JUMP	0
0x0016a2ae	0xStack[-0xc]	READ	1
0x0016a2ba	0xStack[-0x10]	READ	1
0x0016a2bf	0xStack[-0xc]	READ	1
0x0016a2d3	0xStack[-0x8]	WRITE	0
0x0016a2d8	0xStack[-0xc]	WRITE	0
0x0016a2db	0xStack[-0x8]	READ	1
0x0016a2e1	0x0016a2d0	CONDITIONAL_JUMP	0
0x0016a2e3	0xStack[-0xc]	READ	1
0x0016a2f3	0xStack[-0xc]	READ	1
0x0016a2ff	0xStack[-0x20]	DATA	0
0x0016a315	0xStack[0x4]	READ	1
0x0016a318	0xStack[0x8]	READ	1
0x0016a31f	0xStack[-0x8]	WRITE	0
0x0016a324	0xStack[-0xc]	WRITE	0
0x0016a327	0xStack[-0x8]	READ	1
0x0016a32d	0x0016a31c	CONDITIONAL_JUMP	0
0x0016a34f	0xStack[-0xc]	READ	1
0x0016a354	0xStack[-0x18]	DATA	0
0x0016a369	0xStack[0x4]	READ	1
0x0016a371	0x0016a37c	CONDITIONAL_JUMP	0
0x0016a375	0x0016a483	UNCONDITIONAL_JUMP	0
0x0016a37f	0xStack[0x8]	READ	0
0x0016a382	0x0016a3f4	CONDITIONAL_JUMP	0
0x0016a38a	0xStack[-0xc]	WRITE	0
0x0016a393	0xStack[-0xc]	READ	0
0x0016a396	0x0016a39b	CONDITIONAL_JUMP	0
0x0016a398	0xStack[-0xc]	READ	1
0x0016a3a6	0xStack[-0x8]	WRITE	0
0x0016a3ac	0x0016a481	CONDITIONAL_JUMP	0
0x0016a3b2	0xStack[-0xc]	READ	0
0x0016a3b5	0x0016a3d0	CONDITIONAL_JUMP	0
0x0016a3bb	0x0016a3e7	CONDITIONAL_JUMP	0
0x0016a3c3	0x0016a3e7	CONDITIONAL_JUMP	0
0x0016a3c9	0x0016a3c0	CONDITIONAL_JUMP	0
0x0016a3cb	0x0016a3e7	UNCONDITIONAL_JUMP	0
0x0016a3d4	0x0016a3e7	CONDITIONAL_JUMP	0
0x0016a3df	0x0016a3e7	CONDITIONAL_JUMP	0
0x0016a3e5	0x0016a3dc	CONDITIONAL_JUMP	0
0x0016a3e7	0xStack[-0x8]	READ	1
0x0016a3ec	0x0016a481	UNCONDITIONAL_JUMP	0
0x0016a3fa	0xStack[0x8]	READ	1
0x0016a403	0x0016a407	CONDITIONAL_JUMP	0
0x0016a414	0x0016a441	CONDITIONAL_JUMP	0
0x0016a41c	0x0016a438	CONDITIONAL_JUMP	0
0x0016a422	0x0016a433	CONDITIONAL_JUMP	0
0x0016a42b	0x0016a433	CONDITIONAL_JUMP	0
0x0016a431	0x0016a428	CONDITIONAL_JUMP	0
0x0016a435	0x0016a481	UNCONDITIONAL_JUMP	0
0x0016a43f	0x0016a418	CONDITIONAL_JUMP	0
0x0016a445	0x0016a481	CONDITIONAL_JUMP	0
0x0016a447	0xStack[0x8]	READ	1
0x0016a44d	0x0016a468	CONDITIONAL_JUMP	0
0x0016a453	0x0016a483	CONDITIONAL_JUMP	0
0x0016a458	0xStack[0x8]	READ	1
0x0016a45e	0x0016a483	CONDITIONAL_JUMP	0
0x0016a464	0x0016a458	CONDITIONAL_JUMP	0
0x0016a466	0x0016a483	UNCONDITIONAL_JUMP	0
0x0016a46c	0x0016a47f	CONDITIONAL_JUMP	0
0x0016a477	0x0016a47f	CONDITIONAL_JUMP	0
0x0016a47d	0x0016a474	CONDITIONAL_JUMP	0
0x0016a483	0xStack[-0x18]	DATA	0
0x0016a496	0xStack[0x8]	READ	1
0x0016a499	0xStack[0xc]	READ	1
0x0016a49c	0x001f6e2c	READ	1
0x0016a4a3	0x0016a4d0	CONDITIONAL_JUMP	0
0x0016a4a9	0x001f6db0	DATA	0
0x0016a4ae	0x0016ada4	UNCONDITIONAL_CALL	0
0x0016a4b8	0x0016a4db	UNCONDITIONAL_JUMP	0
0x0016a4c2	0x0015b54c	UNCONDITIONAL_CALL	0
0x0016a4ca	0x0016a587	UNCONDITIONAL_JUMP	0
0x0016a4d1	0x0016b790	UNCONDITIONAL_CALL	0
0x0016a4dd	0x0016a4ec	CONDITIONAL_JUMP	0
0x0016a4df	0x001dfcf8	DATA	0
0x0016a4e4	0x0010ca6c	UNCONDITIONAL_CALL	0
0x0016a4ee	0x0016a4f6	CONDITIONAL_JUMP	0
0x0016a4f0	0x001e0d0c	READ	1
0x0016a4f6	0xStack[0x4]	READ	0
0x0016a4fa	0x0016a503	CONDITIONAL_JUMP	0
0x0016a4fc	0xStack[0x4]	WRITE	0
0x0016a503	0xStack[0x4]	READ	1
0x0016a50b	0xStack[0x4]	WRITE	0
0x0016a50e	0x001e89ec	READ	1
0x0016a526	0x0016a52a	CONDITIONAL_JUMP	0
0x0016a542	0xStack[0x4]	READ	1
0x0016a54b	0xStack[0x10]	READ	1
0x0016a55b	0xStack[0x14]	READ	1
0x0016a57b	0x0016a4bc	CONDITIONAL_JUMP	0
0x0016a588	0x0016af6c	UNCONDITIONAL_CALL	0
0x0016a594	0x001f6de0	READ	1
0x0016a59b	0x0016a599	CONDITIONAL_JUMP	0
0x0016a5a2	0x001f6de0	READ_WRITE	0
0x0016a5ad	0x0016a594	CONDITIONAL_JUMP	0
0x0016a5af	0x001f6de8	READ	1
0x0016a5b9	0x001f6de8	WRITE	0
0x0016a5bf	0x001f6dec	READ_WRITE	0
0x0016a5c7	0x001f6de0	READ_WRITE	0
0x0016a5cf	0xStack[-0x10]	DATA	0
0x0016a5e2	0xStack[0x4]	READ	1
0x0016a5e5	0xStack[0x8]	READ	1
0x0016a5ea	0x0016a5f9	CONDITIONAL_JUMP	0
0x0016a5ec	0x001dfcfe	DATA	0
0x0016a5f1	0x0010ca6c	UNCONDITIONAL_CALL	0
0x0016a600	0x0016a610	CONDITIONAL_JUMP	0
0x0016a606	0x0015b5d0	UNCONDITIONAL_CALL	0
0x0016a60e	0x0016a665	UNCONDITIONAL_JUMP	0
0x0016a610	0x0018c0d8	UNCONDITIONAL_CALL	0
0x0016a61c	0x0016a61a	CONDITIONAL_JUMP	0
0x0016a62a	0x0016a618	CONDITIONAL_JUMP	0
0x0016a62f	0x0016a665	UNCONDITIONAL_JUMP	0
0x0016a639	0x0016a63f	CONDITIONAL_JUMP	0
0x0016a63d	0x0016a648	CONDITIONAL_JUMP	0
0x0016a642	0x0016a64a	UNCONDITIONAL_JUMP	0
0x0016a646	0x0016a650	CONDITIONAL_JUMP	0
0x0016a64e	0x0016a644	CONDITIONAL_JUMP	0
0x0016a65d	0xStack[0xc]	READ_WRITE	0
0x0016a665	0xStack[0xc]	READ	0
0x0016a668	0x0016a634	CONDITIONAL_JUMP	0
0x0016a66e	0x0016a67c	CONDITIONAL_JUMP	0
0x0016a674	0x0015b73c	UNCONDITIONAL_CALL	0
0x0016a679	0x0016a689	UNCONDITIONAL_JUMP	0
0x0016a684	0x0018b544	UNCONDITIONAL_CALL	0
0x0016a689	0xStack[-0x10]	DATA	0
0x0016a69d	0xStack[0x4]	READ	1
0x0016a6a0	0xStack[0xc]	READ	1
0x0016a6a5	0x0016a6ac	CONDITIONAL_JUMP	0
0x0016a6a7	0x001f6db0	DATA	1
0x0016a6ac	0x001f6db8	DATA	1
0x0016a6af	0x001f6db8	DATA	1
0x0016a6af	0xStack[-0x14]	WRITE	0
0x0016a6b2	0x001f6db8	READ	1
0x0016a6b5	0x0016a6c6	UNCONDITIONAL_JUMP	0
0x0016a6bf	0x0016a6ce	CONDITIONAL_JUMP	0
0x0016a6c1	0xStack[-0x14]	WRITE	0
0x0016a6c8	0x0016a6e0	CONDITIONAL_JUMP	0
0x0016a6cc	0x0016a6b8	CONDITIONAL_JUMP	0
0x0016a6d0	0x0016a6e0	CONDITIONAL_JUMP	0
0x0016a6d5	0xStack[-0x8]	WRITE	0
0x0016a6de	0x0016a71c	CONDITIONAL_JUMP	0
0x0016a6e0	0xStack[0x10]	READ	1
0x0016a6e3	0xStack[0x8]	READ	1
0x0016a6e9	0x0016a7e6	CONDITIONAL_JUMP	0
0x0016a6f1	0x0016a6f6	CONDITIONAL_JUMP	0
0x0016a6f3	0xStack[-0x14]	WRITE	0
0x0016a6f6	0xStack[0x8]	READ	1
0x0016a6fe	0xStack[-0x14]	READ	1
0x0016a701	0x001f6db8	READ	1
0x0016a707	0x0016a70c	CONDITIONAL_JUMP	0
0x0016a70c	0xStack[-0x14]	READ	1
0x0016a70f	0x001f6db8	DATA	1
0x0016a712	0x001f6db8	WRITE	0
0x0016a714	0x001f6dbc	READ_WRITE	0
0x0016a717	0x0016a7b6	UNCONDITIONAL_JUMP	0
0x0016a71e	0x0016a7e6	CONDITIONAL_JUMP	0
0x0016a724	0x001f6dc0	READ	1
0x0016a727	0x001f6dc8	READ	1
0x0016a72a	0xStack[-0x8]	READ	1
0x0016a731	0xStack[-0x10]	WRITE	0
0x0016a736	0x0016a73b	CONDITIONAL_JUMP	0
0x0016a738	0xStack[-0x10]	WRITE	0
0x0016a73b	0xStack[-0x10]	READ	1
0x0016a741	0x001f6dc4	READ	1
0x0016a747	0xStack[-0xc]	WRITE	0
0x0016a74d	0x0016a790	CONDITIONAL_JUMP	0
0x0016a74f	0xStack[-0x10]	READ	0
0x0016a752	0x0016a774	CONDITIONAL_JUMP	0
0x0016a758	0x0016a76b	CONDITIONAL_JUMP	0
0x0016a75a	0xStack[-0x8]	READ	1
0x0016a763	0x0016a76b	CONDITIONAL_JUMP	0
0x0016a769	0x0016a760	CONDITIONAL_JUMP	0
0x0016a76b	0xStack[-0xc]	READ	1
0x0016a770	0x0016a790	UNCONDITIONAL_JUMP	0
0x0016a778	0x0016a78b	CONDITIONAL_JUMP	0
0x0016a77a	0x001f6db4	READ	1
0x0016a783	0x0016a78b	CONDITIONAL_JUMP	0
0x0016a789	0x0016a780	CONDITIONAL_JUMP	0
0x0016a78b	0xStack[-0xc]	READ	1
0x0016a792	0xStack[0x8]	READ	1
0x0016a797	0xStack[0x10]	READ	1
0x0016a79d	0xStack[0x8]	READ	1
0x0016a7a9	0x0016a7ae	CONDITIONAL_JUMP	0
0x0016a7ae	0xStack[-0x14]	READ	1
0x0016a7b1	0x001f6db8	DATA	1
0x0016a7b4	0x001f6db8	WRITE	0
0x0016a7b6	0x001f6dc0	READ	1
0x0016a7b9	0x001f6dc8	READ	1
0x0016a7bc	0xStack[-0x14]	WRITE	0
0x0016a7c8	0xStack[-0x14]	READ	0
0x0016a7cb	0x0016a7d0	CONDITIONAL_JUMP	0
0x0016a7cd	0xStack[-0x14]	READ	1
0x0016a7d3	0x001f6dc4	READ	1
0x0016a7dd	0x0016a7e3	CONDITIONAL_JUMP	0
0x0016a7e1	0x0016a7e6	CONDITIONAL_JUMP	0
0x0016a7e8	0xStack[-0x20]	DATA	0
0x0016a7fd	0xStack[0x4]	READ	1
0x0016a803	0xStack[-0x18]	WRITE	0
0x0016a806	0xStack[0x4]	READ	1
0x0016a80e	0x0016ab2a	CONDITIONAL_JUMP	0
0x0016a814	0x001f6db0	DATA	1
0x0016a81a	0x0016ab2a	CONDITIONAL_JUMP	0
0x0016a823	0xStack[-0x8]	WRITE	0
0x0016a829	0xStack[-0x10]	WRITE	0
0x0016a82c	0xStack[0x4]	READ	1
0x0016a834	0x0016ab20	CONDITIONAL_JUMP	0
0x0016a83c	0xStack[-0x18]	READ	1
0x0016a83f	0xStack[0x4]	READ	1
0x0016a847	0xStack[-0x14]	WRITE	0
0x0016a84a	0xStack[-0x8]	READ	1
0x0016a84f	0xStack[-0x38]	WRITE	0
0x0016a854	0x0016a881	CONDITIONAL_JUMP	0
0x0016a858	0xStack[-0x38]	READ	1
0x0016a860	0x0016a871	CONDITIONAL_JUMP	0
0x0016a862	0xStack[-0x38]	READ	1
0x0016a865	0xStack[-0x8]	WRITE	0
0x0016a86a	0xStack[-0x38]	WRITE	0
0x0016a86f	0x0016a858	CONDITIONAL_JUMP	0
0x0016a871	0xStack[-0x38]	READ	0
0x0016a875	0x0016a881	CONDITIONAL_JUMP	0
0x0016a877	0xStack[-0x18]	READ	1
0x0016a87c	0xStack[-0x38]	READ	0
0x0016a87f	0x0016a8d4	CONDITIONAL_JUMP	0
0x0016a881	0xStack[-0x18]	READ	1
0x0016a887	0xStack[-0x38]	READ	1
0x0016a88e	0x0016a893	CONDITIONAL_JUMP	0
0x0016a893	0xStack[-0x8]	READ	1
0x0016a8af	0x0016a8b3	CONDITIONAL_JUMP	0
0x0016a8c0	0x0016a8ca	CONDITIONAL_JUMP	0
0x0016a8c4	0x0016ab0d	CONDITIONAL_JUMP	0
0x0016a8cd	0x0016ab0d	UNCONDITIONAL_JUMP	0
0x0016a8d4	0xStack[-0x38]	READ	0
0x0016a8d7	0x0016a9c8	CONDITIONAL_JUMP	0
0x0016a8dd	0xStack[-0x38]	READ	1
0x0016a8e3	0xStack[-0x1c]	WRITE	0
0x0016a8e6	0xStack[-0xc]	WRITE	0
0x0016a8e9	0xStack[-0x18]	READ	1
0x0016a8ef	0xStack[-0x38]	READ	1
0x0016a8f8	0x0016a8fd	CONDITIONAL_JUMP	0
0x0016a8fd	0xStack[-0x8]	READ	1
0x0016a90b	0xStack[-0x3c]	WRITE	0
0x0016a915	0xStack[-0x20]	WRITE	0
0x0016a918	0xStack[-0x3c]	READ	1
0x0016a91d	0x0016a922	CONDITIONAL_JUMP	0
0x0016a91f	0xStack[-0x20]	WRITE	0
0x0016a922	0xStack[-0x1c]	READ	1
0x0016a929	0xStack[-0x3c]	READ	0
0x0016a92c	0x0016a931	CONDITIONAL_JUMP	0
0x0016a92e	0xStack[-0x3c]	READ	1
0x0016a93c	0xStack[-0x24]	WRITE	0
0x0016a93f	0xStack[-0x20]	READ	0
0x0016a942	0x0016a9b4	CONDITIONAL_JUMP	0
0x0016a944	0xStack[-0x38]	READ	1
0x0016a94a	0x0016a98c	CONDITIONAL_JUMP	0
0x0016a94c	0xStack[-0x3c]	READ	0
0x0016a94f	0x0016a970	CONDITIONAL_JUMP	0
0x0016a955	0x0016a966	CONDITIONAL_JUMP	0
0x0016a958	0xStack[-0x1c]	READ	1
0x0016a95e	0x0016a966	CONDITIONAL_JUMP	0
0x0016a964	0x0016a958	CONDITIONAL_JUMP	0
0x0016a966	0xStack[-0x24]	READ	1
0x0016a96b	0x0016a98c	UNCONDITIONAL_JUMP	0
0x0016a974	0x0016a987	CONDITIONAL_JUMP	0
0x0016a97f	0x0016a987	CONDITIONAL_JUMP	0
0x0016a985	0x0016a97c	CONDITIONAL_JUMP	0
0x0016a987	0xStack[-0x24]	READ	1
0x0016a98c	0xStack[-0x20]	READ	1
0x0016a99c	0x0016a9a7	CONDITIONAL_JUMP	0
0x0016a99e	0xStack[-0xc]	READ	0
0x0016a9a1	0x0016ab0d	CONDITIONAL_JUMP	0
0x0016a9a7	0xStack[-0xc]	READ	1
0x0016a9ad	0x0016ab0d	UNCONDITIONAL_JUMP	0
0x0016a9b4	0xStack[-0x38]	READ	1
0x0016a9ba	0x0016ab0d	CONDITIONAL_JUMP	0
0x0016a9c3	0x0016ab0d	UNCONDITIONAL_JUMP	0
0x0016a9c8	0xStack[-0x38]	READ	1
0x0016a9d4	0x0016ab0d	CONDITIONAL_JUMP	0
0x0016a9da	0xStack[-0x28]	WRITE	0
0x0016a9df	0xStack[-0x18]	READ	1
0x0016a9e7	0xStack[-0x3c]	WRITE	0
0x0016a9ec	0x0016aa77	CONDITIONAL_JUMP	0
0x0016a9f5	0xStack[-0x2c]	WRITE	0
0x0016aa06	0x0016aa0a	CONDITIONAL_JUMP	0
0x0016aa15	0xStack[-0x30]	WRITE	0
0x0016aa18	0xStack[-0x3c]	READ	1
0x0016aa1e	0x0016aa5c	CONDITIONAL_JUMP	0
0x0016aa22	0x0016aa40	CONDITIONAL_JUMP	0
0x0016aa28	0x0016aa57	CONDITIONAL_JUMP	0
0x0016aa2a	0xStack[-0x2c]	READ	1
0x0016aa33	0x0016aa57	CONDITIONAL_JUMP	0
0x0016aa39	0x0016aa30	CONDITIONAL_JUMP	0
0x0016aa3b	0x0016aa57	UNCONDITIONAL_JUMP	0
0x0016aa40	0xStack[-0x3c]	READ	1
0x0016aa47	0x0016aa57	CONDITIONAL_JUMP	0
0x0016aa4f	0x0016aa57	CONDITIONAL_JUMP	0
0x0016aa55	0x0016aa4c	CONDITIONAL_JUMP	0
0x0016aa57	0xStack[-0x30]	READ	1
0x0016aa5c	0xStack[-0x38]	READ	1
0x0016aa6f	0x0016aa74	CONDITIONAL_JUMP	0
0x0016aa7d	0xStack[-0x38]	READ	1
0x0016aa87	0xStack[-0x3c]	WRITE	0
0x0016aa8c	0x0016aa91	CONDITIONAL_JUMP	0
0x0016aa8e	0xStack[-0x3c]	WRITE	0
0x0016aa91	0xStack[-0x28]	READ	1
0x0016aa9a	0x0016aa9e	CONDITIONAL_JUMP	0
0x0016aa9e	0xStack[-0x3c]	READ	0
0x0016aaa1	0x0016ab0d	CONDITIONAL_JUMP	0
0x0016aaae	0xStack[-0x34]	WRITE	0
0x0016aab1	0xStack[-0x38]	READ	1
0x0016aab7	0x0016aaf0	CONDITIONAL_JUMP	0
0x0016aabb	0x0016aad4	CONDITIONAL_JUMP	0
0x0016aac1	0x0016aaeb	CONDITIONAL_JUMP	0
0x0016aac4	0xStack[-0x28]	READ	1
0x0016aaca	0x0016aaeb	CONDITIONAL_JUMP	0
0x0016aad0	0x0016aac4	CONDITIONAL_JUMP	0
0x0016aad2	0x0016aaeb	UNCONDITIONAL_JUMP	0
0x0016aad4	0xStack[-0x38]	READ	1
0x0016aadb	0x0016aaeb	CONDITIONAL_JUMP	0
0x0016aae3	0x0016aaeb	CONDITIONAL_JUMP	0
0x0016aae9	0x0016aae0	CONDITIONAL_JUMP	0
0x0016aaeb	0xStack[-0x34]	READ	1
0x0016aaf0	0xStack[-0x3c]	READ	1
0x0016ab00	0x0016ab07	CONDITIONAL_JUMP	0
0x0016ab02	0xStack[-0x38]	READ	0
0x0016ab05	0x0016ab0d	CONDITIONAL_JUMP	0
0x0016ab07	0xStack[-0x38]	READ	1
0x0016ab0d	0xStack[-0x14]	READ	1
0x0016ab10	0xStack[-0x10]	READ	1
0x0016ab15	0xStack[-0x14]	READ	1
0x0016ab1a	0x0016a83c	CONDITIONAL_JUMP	0
0x0016ab20	0xStack[0x4]	READ	1
0x0016ab2a	0xStack[-0x48]	DATA	0
0x0016ab3d	0xStack[-0xc]	WRITE	0
0x0016ab44	0x001f6e00	DATA	1
0x0016ab44	0xStack[-0x10]	WRITE	0
0x0016ab4b	0xStack[-0x14]	WRITE	0
0x0016ab52	0x0016ad5f	UNCONDITIONAL_JUMP	0
0x0016ab58	0x001f6e04	DATA	1
0x0016ab58	0xStack[-0x10]	READ_WRITE	0
0x0016ab5c	0xStack[-0x10]	READ	1
0x0016ab5f	0x001f6e04	READ	1
0x0016ab64	0xStack[-0x8]	WRITE	0
0x0016ab6c	0x0016ad5c	CONDITIONAL_JUMP	0
0x0016ab77	0xStack[-0x28]	WRITE	0
0x0016ab7a	0x001e0d0c	READ	0
0x0016ab80	0x0016ad4c	CONDITIONAL_JUMP	0
0x0016ab86	0x001e89ec	READ	1
0x0016ab92	0xStack[-0x18]	WRITE	0
0x0016ab9b	0xStack[-0x1c]	WRITE	0
0x0016ab9e	0xStack[-0x18]	READ	0
0x0016aba1	0x0016ad4c	CONDITIONAL_JUMP	0
0x0016aba7	0xStack[-0x18]	READ	1
0x0016abaa	0x001f6e28	READ	0
0x0016abb0	0x0016ad4c	CONDITIONAL_JUMP	0
0x0016abb6	0x001f6e24	READ	0
0x0016abbc	0x0016ad4c	CONDITIONAL_JUMP	0
0x0016abc2	0xStack[-0x10]	READ	1
0x0016abc5	0x001f6e04	READ	1
0x0016abcd	0xStack[-0x28]	READ	1
0x0016abd4	0xStack[-0x24]	WRITE	0
0x0016abd9	0x0016abde	CONDITIONAL_JUMP	0
0x0016abdb	0xStack[-0x24]	WRITE	0
0x0016abde	0xStack[-0x24]	READ	1
0x0016abea	0xStack[-0x20]	WRITE	0
0x0016abf0	0x0016ac30	CONDITIONAL_JUMP	0
0x0016abf2	0xStack[-0x24]	READ	0
0x0016abf5	0x0016ac14	CONDITIONAL_JUMP	0
0x0016abfb	0x0016ac0b	CONDITIONAL_JUMP	0
0x0016abfd	0xStack[-0x28]	READ	1
0x0016ac03	0x0016ac0b	CONDITIONAL_JUMP	0
0x0016ac09	0x0016ac00	CONDITIONAL_JUMP	0
0x0016ac0b	0xStack[-0x20]	READ	1
0x0016ac10	0x0016ac30	UNCONDITIONAL_JUMP	0
0x0016ac18	0x0016ac2b	CONDITIONAL_JUMP	0
0x0016ac23	0x0016ac2b	CONDITIONAL_JUMP	0
0x0016ac29	0x0016ac20	CONDITIONAL_JUMP	0
0x0016ac2b	0xStack[-0x20]	READ	1
0x0016ac35	0xStack[-0x1c]	READ	0
0x0016ac38	0x0016acdc	CONDITIONAL_JUMP	0
0x0016ac3e	0xStack[-0x1c]	READ	1
0x0016ac4c	0x0016ac51	CONDITIONAL_JUMP	0
0x0016ac51	0xStack[-0x18]	READ	0
0x0016ac54	0x0016ac60	CONDITIONAL_JUMP	0
0x0016ac56	0xStack[-0x8]	READ	1
0x0016ac5e	0x0016aca7	UNCONDITIONAL_JUMP	0
0x0016ac60	0xStack[-0x18]	READ	1
0x0016ac6d	0xStack[-0x10]	READ	1
0x0016ac70	0x001f6e04	READ	1
0x0016ac75	0x001f6e04	READ	1
0x0016ac7d	0xStack[-0x28]	WRITE	0
0x0016ac89	0xStack[-0x28]	READ	0
0x0016ac8c	0x0016ac91	CONDITIONAL_JUMP	0
0x0016ac8e	0xStack[-0x28]	READ	1
0x0016ac9e	0x0016aca4	CONDITIONAL_JUMP	0
0x0016aca2	0x0016aca7	CONDITIONAL_JUMP	0
0x0016aca7	0xStack[-0x10]	READ	1
0x0016acaa	0x001f6e04	READ	1
0x0016acbd	0x0016acc1	CONDITIONAL_JUMP	0
0x0016acce	0x0016acd4	CONDITIONAL_JUMP	0
0x0016acd2	0x0016ad34	CONDITIONAL_JUMP	0
0x0016acd7	0x0016ad34	UNCONDITIONAL_JUMP	0
0x0016acdc	0xStack[-0x18]	READ	0
0x0016acdf	0x0016ad1c	CONDITIONAL_JUMP	0
0x0016ace1	0xStack[-0x18]	READ	1
0x0016ace9	0xStack[-0x10]	READ	1
0x0016acec	0x001f6e04	READ	1
0x0016acf4	0xStack[-0x28]	WRITE	0
0x0016acfd	0x0016ad02	CONDITIONAL_JUMP	0
0x0016acff	0xStack[-0x28]	READ	1
0x0016ad0f	0x0016ad15	CONDITIONAL_JUMP	0
0x0016ad13	0x0016ad34	CONDITIONAL_JUMP	0
0x0016ad18	0x0016ad34	UNCONDITIONAL_JUMP	0
0x0016ad1e	0xStack[-0x8]	READ	1
0x0016ad25	0x0016ad2c	CONDITIONAL_JUMP	0
0x0016ad2c	0xStack[-0x10]	READ	1
0x0016ad2f	0x001f6e04	READ	1
0x0016ad34	0xStack[-0x18]	READ	1
0x0016ad37	0xStack[-0x1c]	READ	1
0x0016ad3f	0xStack[-0xc]	READ	1
0x0016ad44	0xStack[-0xc]	WRITE	0
0x0016ad47	0x0016ad4f	UNCONDITIONAL_JUMP	0
0x0016ad4c	0xStack[-0x8]	WRITE	0
0x0016ad4f	0xStack[-0x8]	READ	1
0x0016ad56	0x0016ab74	CONDITIONAL_JUMP	0
0x0016ad5c	0xStack[-0x14]	READ_WRITE	0
0x0016ad5f	0xStack[-0x14]	READ	1
0x0016ad62	0x001f6e20	READ	0
0x0016ad68	0x0016ab58	CONDITIONAL_JUMP	0
0x0016ad70	0x001f6df4	READ_WRITE	0
0x0016ad76	0x0016ad91	UNCONDITIONAL_JUMP	0
0x0016ad7a	0xStack[-0xc]	WRITE	0
0x0016ad82	0x001dfcec	READ	1
0x0016ad89	0x00173e90	UNCONDITIONAL_CALL	0
0x0016ad91	0xStack[-0xc]	READ	1
0x0016ad96	0x0016ad78	CONDITIONAL_JUMP	0
0x0016ad98	0xStack[-0x34]	DATA	0
0x0016adad	0xStack[0x4]	READ	1
0x0016adb0	0xStack[-0x8]	WRITE	0
0x0016adb9	0x0016adc0	CONDITIONAL_JUMP	0
0x0016adbb	0x001f6db0	DATA	1
0x0016adc0	0xStack[0x8]	READ	0
0x0016adc4	0x0016ae00	CONDITIONAL_JUMP	0
0x0016adc6	0xStack[0x8]	READ	1
0x0016adce	0xStack[0x8]	WRITE	0
0x0016add1	0x0016ae08	UNCONDITIONAL_JUMP	0
0x0016add4	0xStack[-0xc]	READ	1
0x0016add7	0x001dfcf4	WRITE	0
0x0016addc	0xStack[-0xc]	READ	1
0x0016ade0	0x001f6df0	READ	1
0x0016ade7	0xStack[0x8]	READ	1
0x0016adeb	0x001f6db0	DATA	0
0x0016adec	0x0016a694	UNCONDITIONAL_CALL	0
0x0016adf3	0x0016af3c	UNCONDITIONAL_JUMP	0
0x0016adfa	0x0016af61	UNCONDITIONAL_JUMP	0
0x0016ae00	0xStack[0x8]	WRITE	0
0x0016ae08	0x001f6df4	READ	1
0x0016ae0f	0x0016ae0d	CONDITIONAL_JUMP	0
0x0016ae16	0x001f6df4	READ_WRITE	0
0x0016ae21	0x0016ae08	CONDITIONAL_JUMP	0
0x0016ae24	0xStack[0x8]	READ	1
0x0016ae28	0x001f6db0	DATA	0
0x0016ae29	0x0016a360	UNCONDITIONAL_CALL	0
0x0016ae35	0x0016aeb4	CONDITIONAL_JUMP	0
0x0016ae3a	0xStack[-0x10]	WRITE	0
0x0016ae40	0xStack[0x8]	READ	1
0x0016ae46	0x0016ae60	CONDITIONAL_JUMP	0
0x0016ae4e	0x0016ae55	CONDITIONAL_JUMP	0
0x0016ae55	0x001f6dbc	READ_WRITE	0
0x0016ae58	0x0016af3f	UNCONDITIONAL_JUMP	0
0x0016ae60	0xStack[0x8]	READ	1
0x0016ae6e	0x0016ae73	CONDITIONAL_JUMP	0
0x0016ae73	0xStack[-0x10]	READ	1
0x0016ae7b	0x001f6dc0	READ	1
0x0016ae7e	0x001f6dc8	READ	1
0x0016ae81	0xStack[-0x14]	WRITE	0
0x0016ae8d	0xStack[-0x14]	READ	0
0x0016ae90	0x0016ae95	CONDITIONAL_JUMP	0
0x0016ae92	0xStack[-0x14]	READ	1
0x0016ae98	0x001f6dc4	READ	1
0x0016aea2	0x0016aeac	CONDITIONAL_JUMP	0
0x0016aea6	0x0016af3f	CONDITIONAL_JUMP	0
0x0016aeaf	0x0016af3f	UNCONDITIONAL_JUMP	0
0x0016aeb4	0xStack[-0x8]	READ	1
0x0016aeb9	0x0016af24	CONDITIONAL_JUMP	0
0x0016aebb	0x001e89ec	READ	1
0x0016aec0	0xStack[0x8]	READ	1
0x0016aec9	0xStack[-0xc]	WRITE	0
0x0016aecc	0x001dfcf4	READ	1
0x0016aed3	0x0016add4	CONDITIONAL_JUMP	0
0x0016aedb	0x001f6df4	READ_WRITE	0
0x0016aee1	0xStack[0xc]	READ	1
0x0016aee5	0xStack[-0xc]	READ	1
0x0016aee9	0xStack[-0x8]	DATA	0
0x0016aeed	0x001dfcec	READ	1
0x0016aef4	0x00174170	UNCONDITIONAL_CALL	0
0x0016aefe	0x0016adf8	CONDITIONAL_JUMP	0
0x0016af04	0x001f6df4	READ	1
0x0016af0b	0x0016af09	CONDITIONAL_JUMP	0
0x0016af12	0x001f6df4	READ_WRITE	0
0x0016af1d	0x0016af04	CONDITIONAL_JUMP	0
0x0016af1f	0x0016ae24	UNCONDITIONAL_JUMP	0
0x0016af24	0xStack[-0xc]	READ	1
0x0016af29	0xStack[0x8]	READ	1
0x0016af2d	0x001f6db0	DATA	0
0x0016af2e	0x0016a694	UNCONDITIONAL_CALL	0
0x0016af35	0xStack[-0x8]	WRITE	0
0x0016af41	0x001f6df4	READ_WRITE	0
0x0016af47	0xStack[-0x8]	READ	1
0x0016af4c	0x0016af5f	CONDITIONAL_JUMP	0
0x0016af4e	0xStack[-0xc]	READ	1
0x0016af53	0x001dfcec	READ	1
0x0016af5a	0x00173e90	UNCONDITIONAL_CALL	0
0x0016af61	0xStack[-0x20]	DATA	0
0x0016af75	0xStack[0x4]	READ	1
0x0016af78	0x001f6e04	DATA	1
0x0016af81	0x0016afbd	CONDITIONAL_JUMP	0
0x0016af88	0x001f6e20	READ	1
0x0016af8f	0x0016afbd	CONDITIONAL_JUMP	0
0x0016af91	0xStack[-0x8]	WRITE	0
0x0016af98	0x001f6e04	READ	1
0x0016af98	0x001f6e08	READ	1
0x0016afa5	0x0016afb4	CONDITIONAL_JUMP	0
0x0016afaa	0x001f6e04	READ	0
0x0016afaa	0x001f6e08	READ	0
0x0016afaf	0x0016afbd	UNCONDITIONAL_JUMP	0
0x0016afb8	0xStack[-0x8]	READ	0
0x0016afbb	0x0016af94	CONDITIONAL_JUMP	0
0x0016afbd	0xStack[-0x14]	DATA	0
0x0016afd1	0x001f6de0	WRITE	0
0x0016afdb	0x001f6de4	WRITE	0
0x0016afe5	0x001f6de8	WRITE	0
0x0016afe5	0x001f6de4	DATA	1
0x0016afef	0x001f6dec	WRITE	0
0x0016aff9	0x001f6df4	WRITE	0
0x0016b003	0x001f6dc4	WRITE	0
0x0016b003	0x001f6dd0	DATA	1
0x0016b00d	0x001f6dc8	WRITE	0
0x0016b017	0x001f6e00	WRITE	0
0x0016b017	0x001f6db0	DATA	1
0x0016b021	0x001f6e20	WRITE	0
0x0016b02b	0x001f6e2c	WRITE	0
0x0016b035	0xStack[-0xc]	WRITE	0
0x0016b045	0x001f6db0	DATA	0
0x0016b04a	0x0016ada4	UNCONDITIONAL_CALL	0
0x0016b056	0x0016b065	CONDITIONAL_JUMP	0
0x0016b058	0x001dfcf8	DATA	0
0x0016b05d	0x0010ca6c	UNCONDITIONAL_CALL	0
0x0016b065	0xStack[-0xc]	READ	1
0x0016b06d	0xStack[-0xc]	WRITE	0
0x0016b070	0x001e89ec	READ	1
0x0016b089	0x0016b08d	CONDITIONAL_JUMP	0
0x0016b0a5	0xStack[-0xc]	READ	1
0x0016b0b2	0x001dfd24	DATA	1
0x0016b0d3	0x0016b0e8	CONDITIONAL_JUMP	0
0x0016b0db	0x0015b54c	UNCONDITIONAL_CALL	0
0x0016b0e3	0x0016b0ee	UNCONDITIONAL_JUMP	0
0x0016b0ef	0x0016af6c	UNCONDITIONAL_CALL	0
0x0016b100	0x001f6de0	READ	1
0x0016b107	0x0016b105	CONDITIONAL_JUMP	0
0x0016b10e	0x001f6de0	READ_WRITE	0
0x0016b119	0x0016b100	CONDITIONAL_JUMP	0
0x0016b11b	0x001f6de8	READ	1
0x0016b120	0x001f6de4	WRITE	0
0x0016b125	0x001f6de8	WRITE	0
0x0016b12b	0x001f6dec	READ_WRITE	0
0x0016b133	0x001f6de0	READ_WRITE	0
0x0016b139	0x001f6e2c	WRITE	0
0x0016b144	0x001f6e20	READ	1
0x0016b14c	0x0016b1e2	CONDITIONAL_JUMP	0
0x0016b152	0x001f6e04	DATA	1
0x0016b159	0x001f6e04	DATA	1
0x0016b159	0xStack[-0xc]	WRITE	0
0x0016b15c	0x001f6e20	READ_WRITE	0
0x0016b166	0x001f6db0	DATA	0
0x0016b16b	0x0016ada4	UNCONDITIONAL_CALL	0
0x0016b1a9	0x0016b198	CONDITIONAL_JUMP	0
0x0016b1be	0x001f6db0	DATA	0
0x0016b1c3	0x0016ada4	UNCONDITIONAL_CALL	0
0x0016b1d5	0x00101600	UNCONDITIONAL_CALL	0
0x0016b1da	0xStack[-0xc]	READ	1
0x0016b1dd	0x001f6e04	WRITE	0
0x0016b1e7	0x001f6e20	READ	1
0x0016b1ef	0x0016b286	CONDITIONAL_JUMP	0
0x0016b1f5	0x001f6e08	DATA	1
0x0016b1fc	0x001f6e08	DATA	1
0x0016b1fc	0x001f6e04	DATA	1
0x0016b1fc	0xStack[-0xc]	WRITE	0
0x0016b1ff	0x001f6e20	READ_WRITE	0
0x0016b209	0x001f6db0	DATA	0
0x0016b20e	0x0016ada4	UNCONDITIONAL_CALL	0
0x0016b24d	0x0016b23c	CONDITIONAL_JUMP	0
0x0016b262	0x001f6db0	DATA	0
0x0016b267	0x0016ada4	UNCONDITIONAL_CALL	0
0x0016b279	0x00101600	UNCONDITIONAL_CALL	0
0x0016b27e	0xStack[-0xc]	READ	1
0x0016b281	0x001f6e08	WRITE	0
0x0016b28b	0x001e0d0c	READ	1
0x0016b291	0xStack[-0xc]	WRITE	0
0x0016b294	0x001f6e20	READ	1
0x0016b29c	0x0016b32b	CONDITIONAL_JUMP	0
0x0016b2a2	0x001f6e0c	DATA	1
0x0016b2a9	0x001f6e0c	DATA	1
0x0016b2a9	0x001f6e08	DATA	1
0x0016b2a9	0xStack[-0x8]	WRITE	0
0x0016b2ac	0x001f6e20	READ_WRITE	0
0x0016b2b6	0x001f6db0	DATA	0
0x0016b2bb	0x0016ada4	UNCONDITIONAL_CALL	0
0x0016b2f5	0x0016b2e4	CONDITIONAL_JUMP	0
0x0016b30a	0x001f6db0	DATA	0
0x0016b30f	0x0016ada4	UNCONDITIONAL_CALL	0
0x0016b321	0x00101600	UNCONDITIONAL_CALL	0
0x0016b326	0xStack[-0x8]	READ	1
0x0016b329	0x001f6e0c	WRITE	0
0x0016b32b	0xStack[-0x18]	DATA	0
0x0016b33d	0x001dfcf0	READ	1
0x0016b344	0x001f6e24	DATA	0
0x0016b349	0x001f6e28	DATA	0
0x0016b34e	0x001e8de8	READ	1
0x0016b355	0x00173fbc	UNCONDITIONAL_CALL	0
0x0016b35a	0x001dfcec	WRITE	0
0x0016b36d	0xStack[0x4]	READ	1
0x0016b372	0x0016b381	CONDITIONAL_JUMP	0
0x0016b374	0x001dfd2a	DATA	0
0x0016b379	0x0010ca6c	UNCONDITIONAL_CALL	0
0x0016b385	0x0016b398	CONDITIONAL_JUMP	0
0x0016b38b	0x0015b5d0	UNCONDITIONAL_CALL	0
0x0016b393	0x0016b3b7	UNCONDITIONAL_JUMP	0
0x0016b398	0x0018c0d8	UNCONDITIONAL_CALL	0
0x0016b3a4	0x0016b3a2	CONDITIONAL_JUMP	0
0x0016b3b2	0x0016b3a0	CONDITIONAL_JUMP	0
0x0016b3ba	0xStack[-0x8]	WRITE	0
0x0016b3bf	0x0016b3df	CONDITIONAL_JUMP	0
0x0016b3cc	0x0016b3d5	CONDITIONAL_JUMP	0
0x0016b3d5	0xStack[-0x8]	READ	0
0x0016b3d9	0x0016b762	CONDITIONAL_JUMP	0
0x0016b3e2	0xStack[-0xc]	WRITE	0
0x0016b3ec	0x0016b488	CONDITIONAL_JUMP	0
0x0016b3f2	0xStack[0x8]	READ	0
0x0016b3f6	0x0016b42c	CONDITIONAL_JUMP	0
0x0016b3fc	0x0016b410	CONDITIONAL_JUMP	0
0x0016b406	0x0018b544	UNCONDITIONAL_CALL	0
0x0016b40b	0x0016b4fb	UNCONDITIONAL_JUMP	0
0x0016b410	0xStack[-0xc]	READ	1
0x0016b414	0x0015b73c	UNCONDITIONAL_CALL	0
0x0016b419	0x0016b4fb	UNCONDITIONAL_JUMP	0
0x0016b420	0xStack[-0xc]	READ	1
0x0016b424	0x0015b73c	UNCONDITIONAL_CALL	0
0x0016b429	0x0016b44d	UNCONDITIONAL_JUMP	0
0x0016b432	0x00162f20	UNCONDITIONAL_CALL	0
0x0016b43e	0x0016b420	CONDITIONAL_JUMP	0
0x0016b448	0x0018b544	UNCONDITIONAL_CALL	0
0x0016b452	0x00163a18	UNCONDITIONAL_CALL	0
0x0016b45e	0x0016b74c	CONDITIONAL_JUMP	0
0x0016b464	0x0018c0d8	UNCONDITIONAL_CALL	0
0x0016b470	0x0016b46e	CONDITIONAL_JUMP	0
0x0016b47e	0x0016b46c	CONDITIONAL_JUMP	0
0x0016b483	0x0016b758	UNCONDITIONAL_JUMP	0
0x0016b492	0x0016b4a0	CONDITIONAL_JUMP	0
0x0016b499	0x0016b4ab	CONDITIONAL_JUMP	0
0x0016b49b	0x0016b563	UNCONDITIONAL_JUMP	0
0x0016b4a5	0x0016b563	CONDITIONAL_JUMP	0
0x0016b4b0	0x0016b762	CONDITIONAL_JUMP	0
0x0016b4b8	0x0016b4d4	CONDITIONAL_JUMP	0
0x0016b4c2	0x0016b563	UNCONDITIONAL_JUMP	0
0x0016b4c8	0xStack[-0xc]	READ	1
0x0016b4cc	0x0015b73c	UNCONDITIONAL_CALL	0
0x0016b4d1	0x0016b4f2	UNCONDITIONAL_JUMP	0
0x0016b4d4	0x001dfce8	READ	0
0x0016b4db	0x0016b563	CONDITIONAL_JUMP	0
0x0016b4e3	0x0016b4c8	CONDITIONAL_JUMP	0
0x0016b4ed	0x0018b544	UNCONDITIONAL_CALL	0
0x0016b4f5	0xStack[0x8]	READ	0
0x0016b4f9	0x0016b548	CONDITIONAL_JUMP	0
0x0016b4fd	0x0016b784	UNCONDITIONAL_JUMP	0
0x0016b504	0xStack[-0xc]	READ	1
0x0016b508	0x0015b73c	UNCONDITIONAL_CALL	0
0x0016b50d	0x0016b583	UNCONDITIONAL_JUMP	0
0x0016b510	0xStack[-0xc]	READ	1
0x0016b514	0x0015b5d0	UNCONDITIONAL_CALL	0
0x0016b51c	0x0016b635	UNCONDITIONAL_JUMP	0
0x0016b524	0xStack[-0xc]	READ	1
0x0016b528	0x0015b73c	UNCONDITIONAL_CALL	0
0x0016b52d	0x0016b651	UNCONDITIONAL_JUMP	0
0x0016b534	0xStack[-0xc]	READ	1
0x0016b538	0x0015b5d0	UNCONDITIONAL_CALL	0
0x0016b540	0x0016b67f	UNCONDITIONAL_JUMP	0
0x0016b54c	0x001dfd3c	DATA	0
0x0016b551	0x0010c0d8	UNCONDITIONAL_CALL	0
0x0016b556	0x001dfd4e	DATA	0
0x0016b55b	0x0010ca6c	UNCONDITIONAL_CALL	0
0x0016b567	0x0016b576	CONDITIONAL_JUMP	0
0x0016b574	0x0016b504	CONDITIONAL_JUMP	0
0x0016b57e	0x0018b544	UNCONDITIONAL_CALL	0
0x0016b58a	0x0016b6c4	CONDITIONAL_JUMP	0
0x0016b594	0xStack[-0x8]	DATA	0
0x0016b598	0x001dfcec	READ	1
0x0016b59f	0x00173e48	UNCONDITIONAL_CALL	0
0x0016b5a9	0x0016b5b8	CONDITIONAL_JUMP	0
0x0016b5ab	0x001dfd55	DATA	0
0x0016b5b0	0x0010ca6c	UNCONDITIONAL_CALL	0
0x0016b5b8	0xStack[-0x8]	READ	1
0x0016b5be	0xStack[-0x14]	WRITE	0
0x0016b5c3	0x0016b5d2	CONDITIONAL_JUMP	0
0x0016b5c5	0x001dfcfe	DATA	0
0x0016b5ca	0x0010ca6c	UNCONDITIONAL_CALL	0
0x0016b5d9	0x0016b510	CONDITIONAL_JUMP	0
0x0016b5df	0x0018c0d8	UNCONDITIONAL_CALL	0
0x0016b5ec	0x0016b5ea	CONDITIONAL_JUMP	0
0x0016b5fa	0x0016b5e8	CONDITIONAL_JUMP	0
0x0016b5ff	0x0016b635	UNCONDITIONAL_JUMP	0
0x0016b609	0x0016b60f	CONDITIONAL_JUMP	0
0x0016b60d	0x0016b618	CONDITIONAL_JUMP	0
0x0016b612	0x0016b61a	UNCONDITIONAL_JUMP	0
0x0016b616	0x0016b620	CONDITIONAL_JUMP	0
0x0016b61e	0x0016b614	CONDITIONAL_JUMP	0
0x0016b62d	0xStack[-0x14]	READ_WRITE	0
0x0016b635	0xStack[-0x14]	READ	0
0x0016b638	0x0016b604	CONDITIONAL_JUMP	0
0x0016b63e	0x0016b524	CONDITIONAL_JUMP	0
0x0016b64c	0x0018b544	UNCONDITIONAL_CALL	0
0x0016b658	0x0016b534	CONDITIONAL_JUMP	0
0x0016b65e	0x0018c0d8	UNCONDITIONAL_CALL	0
0x0016b66c	0x0016b66a	CONDITIONAL_JUMP	0
0x0016b67a	0x0016b668	CONDITIONAL_JUMP	0
0x0016b68e	0x001631a0	UNCONDITIONAL_CALL	0
0x0016b699	0xStack[-0x8]	WRITE	0
0x0016b69c	0xStack[-0x8]	READ	1
0x0016b6a1	0x0016b3df	CONDITIONAL_JUMP	0
0x0016b6b2	0x0016b758	CONDITIONAL_JUMP	0
0x0016b6bf	0x0016b758	UNCONDITIONAL_JUMP	0
0x0016b6c4	0xStack[0x8]	READ	1
0x0016b6d0	0x0016ada4	UNCONDITIONAL_CALL	0
0x0016b6d5	0xStack[-0x8]	WRITE	0
0x0016b6dd	0x0016b715	CONDITIONAL_JUMP	0
0x0016b6df	0xStack[0x8]	READ	0
0x0016b6e3	0x0016b708	CONDITIONAL_JUMP	0
0x0016b6e5	0x0016b4fb	UNCONDITIONAL_JUMP	0
0x0016b6ec	0xStack[-0xc]	READ	1
0x0016b6f0	0x0015b5d0	UNCONDITIONAL_CALL	0
0x0016b6f8	0x0016b73b	UNCONDITIONAL_JUMP	0
0x0016b6fc	0xStack[-0xc]	READ	1
0x0016b700	0x0015b73c	UNCONDITIONAL_CALL	0
0x0016b705	0x0016b781	UNCONDITIONAL_JUMP	0
0x0016b708	0x001dfd5c	DATA	0
0x0016b70d	0x0010ca6c	UNCONDITIONAL_CALL	0
0x0016b719	0x0016b6ec	CONDITIONAL_JUMP	0
0x0016b71b	0x0018c0d8	UNCONDITIONAL_CALL	0
0x0016b728	0x0016b726	CONDITIONAL_JUMP	0
0x0016b736	0x0016b724	CONDITIONAL_JUMP	0
0x0016b748	0x0016b6fc	CONDITIONAL_JUMP	0
0x0016b74a	0x0016b774	UNCONDITIONAL_JUMP	0
0x0016b74c	0xStack[-0xc]	READ	1
0x0016b750	0x0015b5d0	UNCONDITIONAL_CALL	0
0x0016b758	0xStack[-0x8]	READ	0
0x0016b75c	0x0016b3e8	CONDITIONAL_JUMP	0
0x0016b766	0x0016b774	CONDITIONAL_JUMP	0
0x0016b76c	0x0015b73c	UNCONDITIONAL_CALL	0
0x0016b771	0x0016b781	UNCONDITIONAL_JUMP	0
0x0016b77c	0x0018b544	UNCONDITIONAL_CALL	0
0x0016b781	0xStack[-0x8]	READ	1
0x0016b784	0xStack[-0x20]	DATA	0
0x0016b795	0xStack[0x4]	READ	1
0x0016b799	0x0016b364	UNCONDITIONAL_CALL	0
0x0016b7a9	0xStack[0x4]	READ	1
0x0016b7ad	0x0016b364	UNCONDITIONAL_CALL	0
0x0016b7bd	0xStack[0x4]	READ	1
0x0016b7c2	0x0016b7d1	CONDITIONAL_JUMP	0
0x0016b7c4	0x001dfd63	DATA	0
0x0016b7c9	0x0010ca6c	UNCONDITIONAL_CALL	0
0x0016b7d5	0x0016b7e8	CONDITIONAL_JUMP	0
0x0016b7db	0x0015b5d0	UNCONDITIONAL_CALL	0
0x0016b7e3	0x0016b807	UNCONDITIONAL_JUMP	0
0x0016b7e8	0x0018c0d8	UNCONDITIONAL_CALL	0
0x0016b7f4	0x0016b7f2	CONDITIONAL_JUMP	0
0x0016b802	0x0016b7f0	CONDITIONAL_JUMP	0
0x0016b80c	0x0016b822	CONDITIONAL_JUMP	0
0x0016b819	0x0016b822	CONDITIONAL_JUMP	0
0x0016b826	0x0016b834	CONDITIONAL_JUMP	0
0x0016b82c	0x0015b73c	UNCONDITIONAL_CALL	0
0x0016b831	0x0016b841	UNCONDITIONAL_JUMP	0
0x0016b83c	0x0018b544	UNCONDITIONAL_CALL	0
0x0016b843	0xStack[-0xc]	DATA	0
0x0016b852	0xStack[0x4]	READ	1
0x0016b855	0xStack[0x8]	READ	1
0x0016b85c	0x0016b86c	CONDITIONAL_JUMP	0
0x0016b862	0x0015b5d0	UNCONDITIONAL_CALL	0
0x0016b86a	0x0016b88b	UNCONDITIONAL_JUMP	0
0x0016b86c	0x0018c0d8	UNCONDITIONAL_CALL	0
0x0016b878	0x0016b876	CONDITIONAL_JUMP	0
0x0016b886	0x0016b874	CONDITIONAL_JUMP	0
0x0016b88b	0x001dfd78	READ	0
0x0016b892	0x0016b8b3	CONDITIONAL_JUMP	0
0x0016b899	0x0016b8b3	CONDITIONAL_JUMP	0
0x0016b89e	0x0016b8ad	CONDITIONAL_JUMP	0
0x0016b8a0	0x001dfd7c	DATA	0
0x0016b8a5	0x0010ca6c	UNCONDITIONAL_CALL	0
0x0016b8b1	0x0016b89c	CONDITIONAL_JUMP	0
0x0016b8b8	0x0016b8be	CONDITIONAL_JUMP	0
0x0016b8bc	0x0016b8c8	CONDITIONAL_JUMP	0
0x0016b8c1	0x0016b8ca	UNCONDITIONAL_JUMP	0
0x0016b8c6	0x0016b8d0	CONDITIONAL_JUMP	0
0x0016b8ce	0x0016b8c4	CONDITIONAL_JUMP	0
0x0016b8de	0x0016b8ec	CONDITIONAL_JUMP	0
0x0016b8e4	0x0015b73c	UNCONDITIONAL_CALL	0
0x0016b8e9	0x0016b8f9	UNCONDITIONAL_JUMP	0
0x0016b8f4	0x0018b544	UNCONDITIONAL_CALL	0
0x0016b8f9	0xStack[-0x10]	DATA	0
0x0016b910	0xStack[0x4]	READ	1
0x0016b913	0xStack[0x14]	READ	1
0x0016b916	0xStack[0x8]	READ	1
0x0016b923	0xStack[0xc]	READ	1
0x0016b92f	0xStack[0x10]	READ	1
0x0016b941	0x0016b94a	CONDITIONAL_JUMP	0
0x0016b943	0x001f6db0	DATA	1
0x0016b94e	0x0016b960	CONDITIONAL_JUMP	0
0x0016b956	0x0015b54c	UNCONDITIONAL_CALL	0
0x0016b95b	0x0016b966	UNCONDITIONAL_JUMP	0
0x0016b966	0xStack[-0x8]	READ	1
0x0016b978	0x001f6de0	READ	1
0x0016b97f	0x0016b97d	CONDITIONAL_JUMP	0
0x0016b986	0x001f6de0	READ_WRITE	0
0x0016b991	0x0016b978	CONDITIONAL_JUMP	0
0x0016b993	0x001f6dec	READ	1
0x0016b999	0x001f6de4	READ	1
0x0016b9a1	0x001f6de0	READ_WRITE	0
0x0016b9a8	0x001f6df4	READ	1
0x0016b9af	0x0016b9ad	CONDITIONAL_JUMP	0
0x0016b9b6	0x001f6df4	READ_WRITE	0
0x0016b9c1	0x0016b9a8	CONDITIONAL_JUMP	0
0x0016b9c7	0x0016ba76	CONDITIONAL_JUMP	0
0x0016b9d4	0x0016b9e4	CONDITIONAL_JUMP	0
0x0016b9da	0x0015b5d0	UNCONDITIONAL_CALL	0
0x0016b9e2	0x0016ba03	UNCONDITIONAL_JUMP	0
0x0016b9e4	0x0018c0d8	UNCONDITIONAL_CALL	0
0x0016b9f0	0x0016b9ee	CONDITIONAL_JUMP	0
0x0016b9fe	0x0016b9ec	CONDITIONAL_JUMP	0
0x0016ba07	0x0016ba26	CONDITIONAL_JUMP	0
0x0016ba0e	0x0016ba20	CONDITIONAL_JUMP	0
0x0016ba10	0x001f6db0	DATA	1
0x0016ba15	0x0016ba20	CONDITIONAL_JUMP	0
0x0016ba18	0x0016a7f4	UNCONDITIONAL_CALL	0
0x0016ba24	0x0016ba34	CONDITIONAL_JUMP	0
0x0016ba2a	0x0015b73c	UNCONDITIONAL_CALL	0
0x0016ba2f	0x0016ba41	UNCONDITIONAL_JUMP	0
0x0016ba3c	0x0018b544	UNCONDITIONAL_CALL	0
0x0016ba44	0x001f6de0	READ	1
0x0016ba4e	0x0016ba4c	CONDITIONAL_JUMP	0
0x0016ba55	0x001f6de0	READ_WRITE	0
0x0016ba60	0x0016ba44	CONDITIONAL_JUMP	0
0x0016ba67	0x001f6de0	READ_WRITE	0
0x0016ba70	0x0016b9d0	CONDITIONAL_JUMP	0
0x0016ba76	0x0016ab34	UNCONDITIONAL_CALL	0
0x0016ba7b	0xStack[-0x10]	DATA	0
0x0016ba8b	0x001dfd8c	READ	0
0x0016ba92	0x0016baa0	CONDITIONAL_JUMP	0
0x0016ba94	0x001dee30	READ	1
0x0016ba9a	0x001dfd8c	WRITE	0
0x0016baa0	0x001dfd84	READ	0
0x0016baa7	0x0016bac9	CONDITIONAL_JUMP	0
0x0016baa9	0x001dfd88	READ	1
0x0016baae	0x001dfd8c	READ	1
0x0016bab4	0x001f653c	READ	1
0x0016babc	0x0016bac9	CONDITIONAL_JUMP	0
0x0016babe	0x001dfd88	WRITE	0
0x0016bac4	0x0016b970	UNCONDITIONAL_CALL	0
0x0016bad4	0x001f6df4	READ	1
0x0016badb	0x0016bad9	CONDITIONAL_JUMP	0
0x0016bae2	0x001f6df4	READ_WRITE	0
0x0016baed	0x0016bad4	CONDITIONAL_JUMP	0
0x0016baef	0x0016ab34	UNCONDITIONAL_CALL	0
0x0016bb01	0xStack[-0x58]	WRITE	0
0x0016bb08	0xStack[-0x60]	WRITE	0
0x0016bb0f	0xStack[0x4]	READ	0
0x0016bb13	0x0016bb20	CONDITIONAL_JUMP	0
0x0016bb1a	0x0016be0f	UNCONDITIONAL_JUMP	0
0x0016bb20	0x001f6de0	READ	1
0x0016bb27	0x0016bb25	CONDITIONAL_JUMP	0
0x0016bb2e	0x001f6de0	READ_WRITE	0
0x0016bb39	0x0016bb20	CONDITIONAL_JUMP	0
0x0016bb3b	0x001f6dec	READ	1
0x0016bb41	0xStack[-0x64]	WRITE	0
0x0016bb44	0x001f6de4	READ	1
0x0016bb4c	0x001f6de0	READ_WRITE	0
0x0016bb52	0xStack[0xc]	READ	1
0x0016bb57	0x0016bb64	CONDITIONAL_JUMP	0
0x0016bb59	0xStack[0x8]	READ	1
0x0016bb5e	0xStack[-0x54]	WRITE	0
0x0016bb61	0x0016bb9e	UNCONDITIONAL_JUMP	0
0x0016bb64	0xStack[-0x64]	READ	1
0x0016bb6d	0x001e89ec	READ	1
0x0016bb79	0xStack[-0x58]	WRITE	0
0x0016bb7d	0xStack[-0x8]	DATA	0
0x0016bb81	0x001f622c	READ	1
0x0016bb88	0x00173e48	UNCONDITIONAL_CALL	0
0x0016bb92	0x0016be0f	CONDITIONAL_JUMP	0
0x0016bb98	0xStack[-0x8]	READ	1
0x0016bb9b	0xStack[-0x54]	WRITE	0
0x0016bb9e	0xStack[-0x64]	READ	1
0x0016bba1	0xStack[0x14]	READ	1
0x0016bba6	0x0016bbb0	CONDITIONAL_JUMP	0
0x0016bba8	0xStack[0x10]	READ	1
0x0016bbad	0x0016bc0f	UNCONDITIONAL_JUMP	0
0x0016bbb0	0xStack[-0x64]	READ	1
0x0016bbb6	0x001e89ec	READ	1
0x0016bbc3	0xStack[-0x60]	WRITE	0
0x0016bbc7	0xStack[-0xc]	DATA	0
0x0016bbcb	0x001f622c	READ	1
0x0016bbd2	0x00173e48	UNCONDITIONAL_CALL	0
0x0016bbdc	0x0016bc0c	CONDITIONAL_JUMP	0
0x0016bbde	0xStack[-0x54]	READ	1
0x0016bbe1	0xStack[0x8]	READ	1
0x0016bbe6	0x0016be0f	CONDITIONAL_JUMP	0
0x0016bbec	0xStack[-0x58]	READ	1
0x0016bbf0	0xStack[-0x8]	READ	1
0x0016bbf4	0x001f622c	READ	1
0x0016bbfb	0xStack[-0x74]	WRITE	0
0x0016bbfe	0x00173e90	UNCONDITIONAL_CALL	0
0x0016bc03	0xStack[-0x74]	READ	1
0x0016bc06	0x0016be0f	UNCONDITIONAL_JUMP	0
0x0016bc0c	0xStack[-0xc]	READ	1
0x0016bc0f	0xStack[-0x5c]	WRITE	0
0x0016bc12	0xStack[-0x68]	WRITE	0
0x0016bc19	0xStack[-0x64]	READ	1
0x0016bc1c	0xStack[-0x68]	READ	0
0x0016bc1f	0x0016bd4a	CONDITIONAL_JUMP	0
0x0016bc25	0xStack[-0x5c]	READ	1
0x0016bc28	0xStack[-0x6c]	WRITE	0
0x0016bc2b	0xStack[-0x54]	READ	1
0x0016bc2e	0xStack[-0x70]	WRITE	0
0x0016bc38	0x0016bc48	CONDITIONAL_JUMP	0
0x0016bc3e	0x0015b5d0	UNCONDITIONAL_CALL	0
0x0016bc46	0x0016bc67	UNCONDITIONAL_JUMP	0
0x0016bc48	0x0018c0d8	UNCONDITIONAL_CALL	0
0x0016bc54	0x0016bc52	CONDITIONAL_JUMP	0
0x0016bc62	0x0016bc50	CONDITIONAL_JUMP	0
0x0016bc67	0xStack[-0x50]	DATA	0
0x0016bc78	0x0016bc88	CONDITIONAL_JUMP	0
0x0016bc7e	0x0015b73c	UNCONDITIONAL_CALL	0
0x0016bc83	0x0016bc95	UNCONDITIONAL_JUMP	0
0x0016bc90	0x0018b544	UNCONDITIONAL_CALL	0
0x0016bc98	0x001f6de0	READ	1
0x0016bca2	0x0016bca0	CONDITIONAL_JUMP	0
0x0016bca9	0x001f6de0	READ_WRITE	0
0x0016bcb4	0x0016bc98	CONDITIONAL_JUMP	0
0x0016bcbb	0x001f6de0	READ_WRITE	0
0x0016bcc3	0xStack[-0x28]	READ	1
0x0016bcc7	0xStack[-0x70]	READ	1
0x0016bccb	0x00101bc0	UNCONDITIONAL_CALL	0
0x0016bcd0	0xStack[-0x48]	READ	1
0x0016bcd3	0xStack[-0x6c]	READ	1
0x0016bcd8	0xStack[-0x3c]	READ	1
0x0016bcde	0xStack[-0x38]	READ	1
0x0016bce4	0xStack[-0x34]	READ	1
0x0016bcea	0xStack[-0x30]	READ	1
0x0016bcf0	0xStack[-0x24]	READ	1
0x0016bcf6	0xStack[-0x6c]	READ	1
0x0016bcfc	0xStack[-0x24]	READ	1
0x0016bd09	0xStack[-0x24]	READ	1
0x0016bd1c	0xStack[-0x14]	READ	1
0x0016bd21	0x0016bd2b	CONDITIONAL_JUMP	0
0x0016bd23	0x001f6db0	DATA	1
0x0016bd28	0x0016bd2b	CONDITIONAL_JUMP	0
0x0016bd2b	0xStack[-0x6c]	READ	1
0x0016bd34	0xStack[-0x6c]	WRITE	0
0x0016bd37	0xStack[-0x70]	READ_WRITE	0
0x0016bd3b	0xStack[-0x68]	READ_WRITE	0
0x0016bd3e	0xStack[-0x64]	READ	1
0x0016bd41	0xStack[-0x68]	READ	0
0x0016bd44	0x0016bc34	CONDITIONAL_JUMP	0
0x0016bd4a	0xStack[-0x54]	READ	1
0x0016bd4d	0xStack[0x8]	READ	1
0x0016bd52	0x0016bda4	CONDITIONAL_JUMP	0
0x0016bd54	0xStack[-0x64]	READ	1
0x0016bd5f	0xStack[-0x58]	READ	0
0x0016bd62	0x0016bd78	CONDITIONAL_JUMP	0
0x0016bd64	0xStack[-0x58]	READ	1
0x0016bd6a	0xStack[-0x8]	READ	1
0x0016bd70	0x00101600	UNCONDITIONAL_CALL	0
0x0016bd78	0xStack[-0x8]	DATA	0
0x0016bd7e	0xStack[-0x58]	READ	1
0x0016bd82	0x001f6244	READ	1
0x0016bd89	0xStack[-0x8]	READ	1
0x0016bd8d	0x001f622c	READ	1
0x0016bd94	0x00178708	UNCONDITIONAL_CALL	0
0x0016bd99	0xStack[-0x8]	READ	1
0x0016bd9c	0xStack[0x8]	READ	1
0x0016bda4	0xStack[-0x64]	READ	1
0x0016bda7	0xStack[0xc]	READ	1
0x0016bdac	0xStack[-0x5c]	READ	1
0x0016bdaf	0xStack[0x10]	READ	1
0x0016bdb4	0x0016be05	CONDITIONAL_JUMP	0
0x0016bdb6	0xStack[-0x64]	READ	1
0x0016bdc3	0xStack[-0x60]	READ	0
0x0016bdc6	0x0016bddc	CONDITIONAL_JUMP	0
0x0016bdc8	0xStack[-0x60]	READ	1
0x0016bdce	0xStack[-0xc]	READ	1
0x0016bdd4	0x00101600	UNCONDITIONAL_CALL	0
0x0016bddc	0xStack[-0xc]	DATA	0
0x0016bde2	0xStack[-0x60]	READ	1
0x0016bde6	0x001f6244	READ	1
0x0016bded	0xStack[-0xc]	READ	1
0x0016bdf1	0x001f622c	READ	1
0x0016bdf8	0x00178708	UNCONDITIONAL_CALL	0
0x0016bdfd	0xStack[-0xc]	READ	1
0x0016be00	0xStack[0x10]	READ	1
0x0016be05	0xStack[-0x64]	READ	1
0x0016be08	0xStack[0x14]	READ	1
0x0016be0f	0xStack[-0x80]	DATA	0
0x0016be25	0xStack[0x4]	READ	0
0x0016be29	0x0016be38	CONDITIONAL_JUMP	0
0x0016be30	0x0016c1b9	UNCONDITIONAL_JUMP	0
0x0016be38	0xStack[-0x1c]	WRITE	0
0x0016be3f	0xStack[-0x18]	WRITE	0
0x0016be48	0xStack[-0x28]	WRITE	0
0x0016be54	0x001f6df4	READ	1
0x0016be5b	0x0016be59	CONDITIONAL_JUMP	0
0x0016be62	0x001f6df4	READ_WRITE	0
0x0016be6d	0x0016be54	CONDITIONAL_JUMP	0
0x0016be6f	0xStack[-0x20]	WRITE	0
0x0016be76	0xStack[-0x20]	READ	1
0x0016be79	0x001f6e20	READ	1
0x0016be81	0x0016be96	CONDITIONAL_JUMP	0
0x0016be84	0x001f6e00	DATA	1
0x0016be8e	0xStack[-0x20]	READ_WRITE	0
0x0016be94	0x0016be84	CONDITIONAL_JUMP	0
0x0016be96	0xStack[0xc]	READ	1
0x0016be9b	0x0016beae	CONDITIONAL_JUMP	0
0x0016bea0	0x001e89ec	READ	1
0x0016beae	0xStack[-0x20]	READ	1
0x0016beb1	0xStack[0x14]	READ	1
0x0016beb6	0x0016bec7	CONDITIONAL_JUMP	0
0x0016beb8	0x001e89ec	READ	1
0x0016bec4	0xStack[-0x28]	WRITE	0
0x0016bec7	0xStack[-0x18]	READ	0
0x0016beca	0x0016bed8	CONDITIONAL_JUMP	0
0x0016becc	0xStack[-0x1c]	READ	1
0x0016becf	0xStack[-0x28]	READ	0
0x0016bed2	0x0016bfd8	CONDITIONAL_JUMP	0
0x0016beda	0x001f6df4	READ_WRITE	0
0x0016bee0	0xStack[-0x18]	READ	0
0x0016bee3	0x0016bf4b	CONDITIONAL_JUMP	0
0x0016bee5	0xStack[-0x18]	READ	0
0x0016bee9	0x0016bf02	CONDITIONAL_JUMP	0
0x0016beeb	0xStack[-0x18]	READ	1
0x0016beef	0xStack[-0x8]	READ	1
0x0016bef3	0x001f622c	READ	1
0x0016befa	0x00173e90	UNCONDITIONAL_CALL	0
0x0016bf02	0xStack[-0x18]	WRITE	0
0x0016bf06	0xStack[-0x8]	DATA	0
0x0016bf0a	0x001f622c	READ	1
0x0016bf11	0x00173e48	UNCONDITIONAL_CALL	0
0x0016bf1b	0x0016bf30	CONDITIONAL_JUMP	0
0x0016bf1d	0xStack[-0x1c]	READ	0
0x0016bf21	0x0016bfac	CONDITIONAL_JUMP	0
0x0016bf27	0xStack[-0x1c]	READ	1
0x0016bf2b	0xStack[-0xc]	READ	1
0x0016bf2e	0x0016bf9f	UNCONDITIONAL_JUMP	0
0x0016bf32	0xStack[-0x8]	READ	1
0x0016bf35	0xStack[-0x18]	READ	1
0x0016bf3c	0x001f622c	READ	1
0x0016bf43	0x00175b2c	UNCONDITIONAL_CALL	0
0x0016bf4b	0xStack[-0x28]	READ	1
0x0016bf4e	0xStack[-0x1c]	READ	0
0x0016bf51	0x0016be48	CONDITIONAL_JUMP	0
0x0016bf57	0xStack[-0x1c]	READ	0
0x0016bf5b	0x0016bf74	CONDITIONAL_JUMP	0
0x0016bf5d	0xStack[-0x1c]	READ	1
0x0016bf61	0xStack[-0xc]	READ	1
0x0016bf65	0x001f622c	READ	1
0x0016bf6c	0x00173e90	UNCONDITIONAL_CALL	0
0x0016bf74	0xStack[-0x28]	READ	1
0x0016bf77	0xStack[-0x1c]	WRITE	0
0x0016bf7b	0xStack[-0xc]	DATA	0
0x0016bf7f	0x001f622c	READ	1
0x0016bf86	0x00173e48	UNCONDITIONAL_CALL	0
0x0016bf90	0x0016bfb8	CONDITIONAL_JUMP	0
0x0016bf92	0xStack[-0x18]	READ	0
0x0016bf96	0x0016bfac	CONDITIONAL_JUMP	0
0x0016bf98	0xStack[-0x18]	READ	1
0x0016bf9c	0xStack[-0x8]	READ	1
0x0016bfa0	0x001f622c	READ	1
0x0016bfa7	0x00173e90	UNCONDITIONAL_CALL	0
0x0016bfb1	0x0016c1b9	UNCONDITIONAL_JUMP	0
0x0016bfba	0xStack[-0xc]	READ	1
0x0016bfbd	0xStack[-0x1c]	READ	1
0x0016bfc4	0x001f622c	READ	1
0x0016bfcb	0x00175b2c	UNCONDITIONAL_CALL	0
0x0016bfd3	0x0016be48	UNCONDITIONAL_JUMP	0
0x0016bfd8	0xStack[-0x18]	READ	0
0x0016bfdc	0x0016bfe8	CONDITIONAL_JUMP	0
0x0016bfde	0xStack[-0x8]	READ	1
0x0016bfe1	0xStack[-0x28]	WRITE	0
0x0016bfe4	0x0016bff0	UNCONDITIONAL_JUMP	0
0x0016bfe8	0xStack[0x8]	READ	1
0x0016bfed	0xStack[-0x28]	WRITE	0
0x0016bff0	0xStack[-0x1c]	READ	0
0x0016bff4	0x0016bffc	CONDITIONAL_JUMP	0
0x0016bff6	0xStack[-0xc]	READ	1
0x0016bff9	0x0016c001	UNCONDITIONAL_JUMP	0
0x0016bffc	0xStack[0x10]	READ	1
0x0016c005	0x0016c056	CONDITIONAL_JUMP	0
0x0016c007	0xStack[-0x28]	READ	1
0x0016c00d	0xStack[-0x24]	WRITE	0
0x0016c010	0x001f6e00	READ	1
0x0016c010	0x001f6e04	READ	1
0x0016c019	0xStack[-0x28]	READ	1
0x0016c021	0xStack[-0x24]	READ	1
0x0016c02f	0xStack[-0x24]	WRITE	0
0x0016c032	0xStack[-0x28]	READ_WRITE	0
0x0016c03b	0x0016c051	CONDITIONAL_JUMP	0
0x0016c04f	0x0016c040	CONDITIONAL_JUMP	0
0x0016c054	0x0016c010	CONDITIONAL_JUMP	0
0x0016c058	0x001f6df4	READ_WRITE	0
0x0016c060	0x0016c0e0	CONDITIONAL_JUMP	0
0x0016c062	0xStack[-0x18]	READ	0
0x0016c066	0x0016c106	CONDITIONAL_JUMP	0
0x0016c06f	0x001e89ec	READ	1
0x0016c07f	0xStack[-0x8]	READ	1
0x0016c087	0x001f622c	READ	1
0x0016c08e	0x00175b2c	UNCONDITIONAL_CALL	0
0x0016c093	0xStack[-0x10]	DATA	0
0x0016c09a	0x001f6244	READ	1
0x0016c0a1	0xStack[-0x8]	READ	1
0x0016c0a5	0x001f622c	READ	1
0x0016c0ac	0x00178708	UNCONDITIONAL_CALL	0
0x0016c0b4	0xStack[-0x18]	READ	0
0x0016c0b7	0x0016c0d4	CONDITIONAL_JUMP	0
0x0016c0b9	0xStack[-0x18]	READ	1
0x0016c0bf	0xStack[-0x8]	READ	1
0x0016c0c5	0x001f622c	READ	1
0x0016c0cc	0x00173e90	UNCONDITIONAL_CALL	0
0x0016c0d4	0xStack[-0x10]	READ	1
0x0016c0d7	0xStack[0x8]	READ	1
0x0016c0dc	0x0016c106	UNCONDITIONAL_JUMP	0
0x0016c0e0	0xStack[0x8]	READ	1
0x0016c0e9	0xStack[-0x18]	READ	0
0x0016c0ed	0x0016c106	CONDITIONAL_JUMP	0
0x0016c0ef	0xStack[-0x18]	READ	1
0x0016c0f3	0xStack[-0x8]	READ	1
0x0016c0f7	0x001f622c	READ	1
0x0016c0fe	0x00173e90	UNCONDITIONAL_CALL	0
0x0016c106	0xStack[0xc]	READ	1
0x0016c10b	0xStack[-0x20]	READ	0
0x0016c10f	0x0016c18c	CONDITIONAL_JUMP	0
0x0016c111	0xStack[-0x1c]	READ	0
0x0016c115	0x0016c1af	CONDITIONAL_JUMP	0
0x0016c11b	0x001e89ec	READ	1
0x0016c120	0xStack[-0x20]	READ	1
0x0016c12e	0xStack[-0xc]	READ	1
0x0016c136	0x001f622c	READ	1
0x0016c13d	0x00175b2c	UNCONDITIONAL_CALL	0
0x0016c142	0xStack[-0x14]	DATA	0
0x0016c149	0x001f6244	READ	1
0x0016c150	0xStack[-0xc]	READ	1
0x0016c154	0x001f622c	READ	1
0x0016c15b	0x00178708	UNCONDITIONAL_CALL	0
0x0016c163	0xStack[-0x1c]	READ	0
0x0016c166	0x0016c180	CONDITIONAL_JUMP	0
0x0016c168	0xStack[-0x1c]	READ	1
0x0016c16e	0xStack[-0xc]	READ	1
0x0016c174	0x001f622c	READ	1
0x0016c17b	0x00173e90	UNCONDITIONAL_CALL	0
0x0016c180	0xStack[-0x14]	READ	1
0x0016c183	0xStack[0x10]	READ	1
0x0016c188	0x0016c1af	UNCONDITIONAL_JUMP	0
0x0016c18c	0xStack[0x10]	READ	1
0x0016c195	0xStack[-0x1c]	READ	0
0x0016c199	0x0016c1af	CONDITIONAL_JUMP	0
0x0016c19b	0xStack[-0x1c]	READ	1
0x0016c19f	0xStack[-0xc]	READ	1
0x0016c1a3	0x001f622c	READ	1
0x0016c1aa	0x00173e90	UNCONDITIONAL_CALL	0
0x0016c1af	0xStack[-0x20]	READ	1
0x0016c1b2	0xStack[0x14]	READ	1
0x0016c1b9	0xStack[-0x34]	DATA	0
0x0016c1d2	0x0015a75c	UNCONDITIONAL_CALL	0
0x0016c1d7	0xStack[-0x44]	WRITE	0
0x0016c1da	0xStack[-0x40]	DATA	0
0x0016c1dd	0x001d1284	DATA	1
0x0016c1ec	0x001d1284	READ	1
0x0016c1ec	0x001d1288	READ	1
0x0016c1ee	0xStack[-0x44]	DATA	0
0x0016c1f1	0xStack[-0x40]	WRITE	0
0x0016c1f4	0x001e8b54	READ	1
0x0016c1ff	0x001dfb90	READ	0
0x0016c205	0x0016c20e	CONDITIONAL_JUMP	0
0x0016c213	0xStack[-0x44]	READ	1
0x0016c217	0x00101600	UNCONDITIONAL_CALL	0
0x0016c21c	0xStack[-0x44]	READ	1
0x0016c229	0x00159b58	UNCONDITIONAL_CALL	0
0x0016c230	0xStack[-0x44]	READ	1
0x0016c236	0x001e8b54	READ	1
0x0016c26c	0xStack[-0x58]	WRITE	0
0x0016c27e	0xStack[-0x5c]	WRITE	0
0x0016c289	0x0016c294	CONDITIONAL_JUMP	0
0x0016c291	0x0016c29a	UNCONDITIONAL_JUMP	0
0x0016c29a	0xStack[-0x5c]	READ	1
0x0016c2af	0xStack[-0x5c]	WRITE	0
0x0016c2b2	0xStack[-0x58]	READ_WRITE	0
0x0016c2b5	0x0016c284	CONDITIONAL_JUMP	0
0x0016c2b7	0xStack[-0x48]	DATA	0
0x0016c2bd	0x00159c34	UNCONDITIONAL_CALL	0
0x0016c2c3	0x001d08a8	UNCONDITIONAL_CALL	0
0x0016c2cd	0x0016c2d5	CONDITIONAL_JUMP	0
0x0016c2cf	0xStack[-0x48]	READ	0
0x0016c2d3	0x0016c2f3	CONDITIONAL_JUMP	0
0x0016c2d5	0x001dfd90	DATA	0
0x0016c2da	0x0010c0d8	UNCONDITIONAL_CALL	0
0x0016c2df	0x001e8b54	READ	1
0x0016c2e6	0x0016727c	UNCONDITIONAL_CALL	0
0x0016c2eb	0x001678b4	UNCONDITIONAL_CALL	0
0x0016c2f3	0xStack[-0x44]	READ	1
0x0016c2f6	0xStack[-0x48]	READ	1
0x0016c2fc	0xStack[-0x4c]	DATA	0
0x0016c300	0x00159b58	UNCONDITIONAL_CALL	0
0x0016c306	0x001d0440	UNCONDITIONAL_CALL	0
0x0016c310	0x0016c330	CONDITIONAL_JUMP	0
0x0016c312	0x001dfdc1	DATA	0
0x0016c317	0x0010c0d8	UNCONDITIONAL_CALL	0
0x0016c31c	0x001e8b54	READ	1
0x0016c323	0x0016727c	UNCONDITIONAL_CALL	0
0x0016c328	0x001678b4	UNCONDITIONAL_CALL	0
0x0016c330	0xStack[-0x4c]	READ	1
0x0016c336	0x00159c34	UNCONDITIONAL_CALL	0
0x0016c33c	0x001d0980	UNCONDITIONAL_CALL	0
0x0016c346	0x0016c366	CONDITIONAL_JUMP	0
0x0016c348	0x001dfdf3	DATA	0
0x0016c34d	0x0010c0d8	UNCONDITIONAL_CALL	0
0x0016c352	0x001e8b54	READ	1
0x0016c359	0x0016727c	UNCONDITIONAL_CALL	0
0x0016c35e	0x001678b4	UNCONDITIONAL_CALL	0
0x0016c366	0xStack[-0x50]	DATA	0
0x0016c36a	0x00159b58	UNCONDITIONAL_CALL	0
0x0016c370	0x001d0674	UNCONDITIONAL_CALL	0
0x0016c37a	0x0016c39a	CONDITIONAL_JUMP	0
0x0016c37c	0x001dfe20	DATA	0
0x0016c381	0x0010c0d8	UNCONDITIONAL_CALL	0
0x0016c386	0x001e8b54	READ	1
0x0016c38d	0x0016727c	UNCONDITIONAL_CALL	0
0x0016c392	0x001678b4	UNCONDITIONAL_CALL	0
0x0016c39a	0xStack[-0x44]	READ	1
0x0016c39d	0xStack[-0x50]	READ	1
0x0016c3a3	0xStack[-0x48]	READ	1
0x0016c3a7	0xStack[-0x50]	READ	1
0x0016c3ab	0x00159b58	UNCONDITIONAL_CALL	0
0x0016c3b1	0x001d05b4	UNCONDITIONAL_CALL	0
0x0016c3bb	0x0016c3db	CONDITIONAL_JUMP	0
0x0016c3bd	0x001dfe50	DATA	0
0x0016c3c2	0x0010c0d8	UNCONDITIONAL_CALL	0
0x0016c3c7	0x001e8b54	READ	1
0x0016c3ce	0x0016727c	UNCONDITIONAL_CALL	0
0x0016c3d3	0x001678b4	UNCONDITIONAL_CALL	0
0x0016c3db	0xStack[-0x44]	READ	1
0x0016c3e6	0x001d0440	UNCONDITIONAL_CALL	0
0x0016c3f0	0x0016c40c	CONDITIONAL_JUMP	0
0x0016c3f2	0xStack[-0x44]	READ	1
0x0016c401	0x001d05b4	UNCONDITIONAL_CALL	0
0x0016c409	0x0016c420	UNCONDITIONAL_JUMP	0
0x0016c40c	0x001dfe73	DATA	0
0x0016c411	0xStack[-0x44]	READ	1
0x0016c418	0x0016dca8	UNCONDITIONAL_CALL	0
0x0016c420	0x001e8b54	READ	1
0x0016c426	0x001dfb90	READ	1
0x0016c42e	0x0016c447	CONDITIONAL_JUMP	0
0x0016c430	0xStack[-0x44]	READ	1
0x0016c439	0x00159b58	UNCONDITIONAL_CALL	0
0x0016c43f	0x001d07e8	UNCONDITIONAL_CALL	0
0x0016c447	0xStack[-0x44]	READ	1
0x0016c452	0xStack[-0x44]	DATA	0
0x0016c456	0x0016c9a0	UNCONDITIONAL_CALL	0
0x0016c45b	0x0016d1bc	UNCONDITIONAL_CALL	0
0x0016c462	0xStack[-0x44]	READ	1
0x0016c46d	0x0015a75c	UNCONDITIONAL_CALL	0
0x0016c472	0xStack[-0x58]	WRITE	0
0x0016c475	0xStack[-0x44]	READ	1
0x0016c478	0xStack[-0x58]	READ	1
0x0016c488	0x0018c0d8	UNCONDITIONAL_CALL	0
0x0016c48d	0xStack[-0x5c]	WRITE	0
0x0016c490	0xStack[-0x44]	READ	1
0x0016c498	0x0016c496	CONDITIONAL_JUMP	0
0x0016c4a6	0x0016c494	CONDITIONAL_JUMP	0
0x0016c4a8	0xStack[-0x44]	READ	1
0x0016c4ab	0x0016c52c	UNCONDITIONAL_JUMP	0
0x0016c4bb	0x0016c4c4	CONDITIONAL_JUMP	0
0x0016c4c0	0x0016c4c7	UNCONDITIONAL_JUMP	0
0x0016c4c7	0xStack[-0x44]	READ	1
0x0016c4d1	0xStack[-0x5c]	READ	1
0x0016c4d5	0x0018b544	UNCONDITIONAL_CALL	0
0x0016c4e2	0x0018c0d8	UNCONDITIONAL_CALL	0
0x0016c4e7	0xStack[-0x5c]	WRITE	0
0x0016c4ea	0xStack[-0x44]	READ	1
0x0016c4f4	0x0016c4f2	CONDITIONAL_JUMP	0
0x0016c502	0x0016c4f0	CONDITIONAL_JUMP	0
0x0016c504	0xStack[-0x44]	READ	1
0x0016c50f	0x0016c518	CONDITIONAL_JUMP	0
0x0016c514	0x0016c51b	UNCONDITIONAL_JUMP	0
0x0016c51e	0xStack[-0x44]	READ	1
0x0016c532	0x0016c4b0	CONDITIONAL_JUMP	0
0x0016c538	0xStack[-0x44]	READ	1
0x0016c53f	0xStack[-0x5c]	READ	1
0x0016c543	0x0018b544	UNCONDITIONAL_CALL	0
0x0016c54b	0xStack[-0x50]	READ	1
0x0016c54e	0xStack[-0x58]	READ	1
0x0016c554	0xStack[-0x44]	READ	1
0x0016c568	0x001588d4	UNCONDITIONAL_CALL	0
0x0016c575	0x0016c598	CONDITIONAL_JUMP	0
0x0016c577	0x0016c584	CONDITIONAL_JUMP	0
0x0016c57e	0x0016c5dc	CONDITIONAL_JUMP	0
0x0016c580	0x0016c5c8	UNCONDITIONAL_JUMP	0
0x0016c589	0x0016c488	CONDITIONAL_JUMP	0
0x0016c591	0x0016c5dc	CONDITIONAL_JUMP	0
0x0016c593	0x0016c5c8	UNCONDITIONAL_JUMP	0
0x0016c598	0xStack[-0x44]	READ	1
0x0016c5a6	0x0015a824	UNCONDITIONAL_CALL	0
0x0016c5ab	0xStack[-0x44]	READ	1
0x0016c5b2	0x0015a75c	UNCONDITIONAL_CALL	0
0x0016c5b9	0xStack[-0x44]	READ	1
0x0016c5bf	0xStack[-0x58]	WRITE	0
0x0016c5c5	0x0016c54b	UNCONDITIONAL_JUMP	0
0x0016c5c8	0x001dfe93	DATA	0
0x0016c5cd	0xStack[-0x44]	READ	1
0x0016c5d4	0x0016dca8	UNCONDITIONAL_CALL	0
0x0016c5dc	0xStack[-0x44]	READ	1
0x0016c5e2	0xStack[-0x58]	READ	1
0x0016c5e8	0x0016c664	CONDITIONAL_JUMP	0
0x0016c5ea	0xStack[-0x58]	READ	1
0x0016c5f3	0x0016c644	CONDITIONAL_JUMP	0
0x0016c5fd	0x0016c614	CONDITIONAL_JUMP	0
0x0016c60a	0x0016c488	CONDITIONAL_JUMP	0
0x0016c610	0x0016c62c	UNCONDITIONAL_JUMP	0
0x0016c61c	0x0016c62c	CONDITIONAL_JUMP	0
0x0016c620	0xStack[-0x58]	READ	1
0x0016c630	0xStack[-0x44]	DATA	0
0x0016c634	0x0016c8d4	UNCONDITIONAL_CALL	0
0x0016c63c	0x0016c488	UNCONDITIONAL_JUMP	0
0x0016c64c	0x0016c488	CONDITIONAL_JUMP	0
0x0016c653	0xStack[-0x58]	READ	1
0x0016c65f	0x0016c488	UNCONDITIONAL_JUMP	0
0x0016c664	0xStack[-0x58]	READ	1
0x0016c670	0x0016c716	CONDITIONAL_JUMP	0
0x0016c676	0xStack[-0x54]	WRITE	0
0x0016c67f	0xStack[-0x5c]	WRITE	0
0x0016c68a	0x0016c716	CONDITIONAL_JUMP	0
0x0016c690	0xStack[-0x54]	READ	1
0x0016c696	0xStack[-0x5c]	READ	1
0x0016c69c	0x0016c6fd	CONDITIONAL_JUMP	0
0x0016c6a0	0xStack[-0x58]	READ	1
0x0016c6ab	0x00158774	UNCONDITIONAL_CALL	0
0x0016c6b3	0xStack[-0x5c]	READ	1
0x0016c6bc	0xStack[-0x44]	READ	1
0x0016c6c7	0x0016c6d4	CONDITIONAL_JUMP	0
0x0016c6cf	0x0016c6d7	UNCONDITIONAL_JUMP	0
0x0016c6d4	0x0000000b	WRITE	0
0x0016c6d7	0xStack[-0x44]	READ	1
0x0016c6e2	0x0016c6ec	CONDITIONAL_JUMP	0
0x0016c6ea	0x0016c6ef	UNCONDITIONAL_JUMP	0
0x0016c6f1	0xStack[-0x5c]	READ	1
0x0016c6f5	0x0015a824	UNCONDITIONAL_CALL	0
0x0016c6fd	0xStack[-0x5c]	READ	1
0x0016c700	0x00000007	READ	1
0x0016c703	0xStack[-0x5c]	WRITE	0
0x0016c706	0xStack[-0x44]	READ	1
0x0016c710	0x0016c690	CONDITIONAL_JUMP	0
0x0016c716	0xStack[-0x44]	READ	1
0x0016c719	0xStack[-0x58]	READ	1
0x0016c723	0xStack[-0x58]	READ	1
0x0016c727	0x0016c758	UNCONDITIONAL_CALL	0
0x0016c734	0x0016c488	CONDITIONAL_JUMP	0
0x0016c73a	0xStack[-0x48]	READ	1
0x0016c740	0x0016c488	CONDITIONAL_JUMP	0
0x0016c746	0xStack[-0x40]	DATA	0
0x0016c74b	0x0016d650	UNCONDITIONAL_CALL	0
0x0016c753	0x0016c488	UNCONDITIONAL_JUMP	0
0x0016c761	0xStack[0x8]	READ	1
0x0016c76a	0xStack[-0xc]	WRITE	0
0x0016c773	0x0016c780	CONDITIONAL_JUMP	0
0x0016c77a	0x0016c8ca	UNCONDITIONAL_JUMP	0
0x0016c780	0xStack[0x4]	READ	1
0x0016c78c	0x0016c79c	CONDITIONAL_JUMP	0
0x0016c78e	0xStack[-0xc]	WRITE	0
0x0016c795	0x0016c8ab	UNCONDITIONAL_JUMP	0
0x0016c7a2	0x0016c800	CONDITIONAL_JUMP	0
0x0016c7b2	0x0016c7c8	CONDITIONAL_JUMP	0
0x0016c7b8	0xStack[0x4]	READ	1
0x0016c7c1	0x0016c8a8	UNCONDITIONAL_JUMP	0
0x0016c7cd	0x0015a75c	UNCONDITIONAL_CALL	0
0x0016c7d2	0xStack[-0xc]	WRITE	0
0x0016c7d8	0xStack[0x4]	READ	1
0x0016c7de	0xStack[-0xc]	READ	1
0x0016c7e2	0xStack[0x4]	READ	1
0x0016c7f5	0x0016c87f	CONDITIONAL_JUMP	0
0x0016c7fb	0x0016c884	UNCONDITIONAL_JUMP	0
0x0016c80f	0x0016c81a	CONDITIONAL_JUMP	0
0x0016c818	0x0016c808	CONDITIONAL_JUMP	0
0x0016c81d	0x0016c8ab	CONDITIONAL_JUMP	0
0x0016c83d	0x0016c850	CONDITIONAL_JUMP	0
0x0016c843	0xStack[0x4]	READ	1
0x0016c84c	0x0016c8a8	UNCONDITIONAL_JUMP	0
0x0016c855	0x0015a75c	UNCONDITIONAL_CALL	0
0x0016c85a	0xStack[-0xc]	WRITE	0
0x0016c860	0xStack[0x4]	READ	1
0x0016c866	0xStack[-0xc]	READ	1
0x0016c86a	0xStack[0x4]	READ	1
0x0016c87d	0x0016c884	CONDITIONAL_JUMP	0
0x0016c881	0x0016c894	UNCONDITIONAL_JUMP	0
0x0016c888	0xStack[-0xc]	READ	1
0x0016c88c	0x00158774	UNCONDITIONAL_CALL	0
0x0016c899	0xStack[-0xc]	READ	1
0x0016c89d	0xStack[-0x8]	WRITE	0
0x0016c8a0	0x0015a824	UNCONDITIONAL_CALL	0
0x0016c8a5	0xStack[-0x8]	READ	1
0x0016c8a8	0xStack[-0xc]	WRITE	0
0x0016c8ab	0xStack[-0xc]	READ	0
0x0016c8b2	0x0016c8c7	CONDITIONAL_JUMP	0
0x0016c8b4	0xStack[0x4]	READ	1
0x0016c8c0	0xStack[-0xc]	WRITE	0
0x0016c8c7	0xStack[-0xc]	READ	1
0x0016c8ca	0xStack[-0x18]	DATA	0
0x0016c8d8	0xStack[0x4]	READ	1
0x0016c8db	0xStack[0x8]	READ	1
0x0016c8e2	0x0016c929	CONDITIONAL_JUMP	0
0x0016c8ea	0x0016c8f6	CONDITIONAL_JUMP	0
0x0016c903	0x0016c920	CONDITIONAL_JUMP	0
0x0016c91b	0x0016c929	UNCONDITIONAL_JUMP	0
0x0016c927	0x0016c8fc	CONDITIONAL_JUMP	0
0x0016c929	0xStack[-0x8]	READ	1
0x0016c933	0xStack[0x4]	READ	1
0x0016c936	0xStack[0x8]	READ	1
0x0016c947	0xStack[0x4]	READ	1
0x0016c94a	0xStack[0x8]	READ	1
0x0016c952	0x0016c960	CONDITIONAL_JUMP	0
0x0016c96f	0xStack[0x4]	READ	1
0x0016c972	0xStack[0x8]	READ	1
0x0016c980	0x001ce0cc	UNCONDITIONAL_CALL	0
0x0016c98f	0xStack[0x4]	READ	1
0x0016c994	0xStack[0x8]	READ	1
0x0016c9a9	0xStack[0x4]	READ	1
0x0016c9ac	0xStack[0x8]	READ	1
0x0016c9af	0xStack[0xc]	READ	1
0x0016c9b4	0x001e8b54	READ	1
0x0016c9bc	0x001dfb90	READ	0
0x0016c9c2	0x0016ca3c	CONDITIONAL_JUMP	0
0x0016c9c7	0x0016c9d0	CONDITIONAL_JUMP	0
0x0016c9cb	0x0016ca81	UNCONDITIONAL_JUMP	0
0x0016c9de	0x0016c9f4	CONDITIONAL_JUMP	0
0x0016c9e2	0x0016c9ed	CONDITIONAL_JUMP	0
0x0016c9e7	0x0016ca7c	CONDITIONAL_JUMP	0
0x0016c9f2	0x0016c9e0	CONDITIONAL_JUMP	0
0x0016c9f6	0xStack[-0x10]	WRITE	0
0x0016c9f9	0x0015a75c	UNCONDITIONAL_CALL	0
0x0016ca02	0xStack[-0x10]	READ	1
0x0016ca16	0x0016ca20	CONDITIONAL_JUMP	0
0x0016ca1e	0x0016ca23	UNCONDITIONAL_JUMP	0
0x0016ca37	0x0016ca81	UNCONDITIONAL_JUMP	0
0x0016ca3c	0xStack[-0x8]	DATA	0
0x0016ca42	0x0016d60c	UNCONDITIONAL_CALL	0
0x0016ca4c	0x0016ca81	CONDITIONAL_JUMP	0
0x0016ca4e	0xStack[-0xc]	DATA	0
0x0016ca53	0x001e8b54	READ	1
0x0016ca5c	0x0016d60c	UNCONDITIONAL_CALL	0
0x0016ca66	0x0016ca81	CONDITIONAL_JUMP	0
0x0016ca68	0xStack[-0xc]	READ	1
0x0016ca6c	0xStack[-0x8]	READ	1
0x0016ca70	0x0016d554	UNCONDITIONAL_CALL	0
0x0016ca77	0x0016ca81	UNCONDITIONAL_JUMP	0
0x0016ca81	0xStack[-0x1c]	DATA	0
0x0016ca8f	0xStack[0x8]	READ	1
0x0016ca96	0xStack[0xc]	READ	1
0x0016ca99	0x001e89ec	READ	1
0x0016caa9	0x001dfb90	READ	1
0x0016cab2	0x00175b2c	UNCONDITIONAL_CALL	0
0x0016cabf	0xStack[0x8]	READ	1
0x0016cac6	0xStack[0xc]	READ	1
0x0016cac9	0x001e89ec	READ	1
0x0016cad9	0x001dfb90	READ	1
0x0016cae2	0x00175b2c	UNCONDITIONAL_CALL	0
0x0016caf2	0xStack[0x4]	READ	1
0x0016caf5	0xStack[0x8]	READ	1
0x0016cb00	0x0016cb0c	CONDITIONAL_JUMP	0
0x0016cb17	0x0016cb24	CONDITIONAL_JUMP	0
0x0016cb2b	0x0016cb10	CONDITIONAL_JUMP	0
0x0016cb3c	0x0016cb47	CONDITIONAL_JUMP	0
0x0016cb45	0x0016cb34	CONDITIONAL_JUMP	0
0x0016cb4f	0x0016cb90	CONDITIONAL_JUMP	0
0x0016cb5a	0x001d05b4	UNCONDITIONAL_CALL	0
0x0016cb61	0x0016cb90	CONDITIONAL_JUMP	0
0x0016cb6f	0xStack[0xc]	READ	1
0x0016cb79	0xStack[0x10]	READ	1
0x0016cb90	0xStack[-0x10]	DATA	0
0x0016cba2	0xStack[0x4]	READ	1
0x0016cba5	0xStack[0x8]	READ	1
0x0016cbb0	0x0016cbbc	CONDITIONAL_JUMP	0
0x0016cbc7	0x0016cbd4	CONDITIONAL_JUMP	0
0x0016cbdb	0x0016cbc0	CONDITIONAL_JUMP	0
0x0016cbec	0x0016cbf7	CONDITIONAL_JUMP	0
0x0016cbf5	0x0016cbe4	CONDITIONAL_JUMP	0
0x0016cbff	0x0016cc40	CONDITIONAL_JUMP	0
0x0016cc0a	0x001d05b4	UNCONDITIONAL_CALL	0
0x0016cc11	0x0016cc40	CONDITIONAL_JUMP	0
0x0016cc1f	0xStack[0xc]	READ	1
0x0016cc29	0xStack[0x10]	READ	1
0x0016cc40	0xStack[-0x10]	DATA	0
0x0016cc4f	0xStack[0x4]	READ	1
0x0016cc54	0xStack[0x8]	READ	1
0x0016cc67	0xStack[0x8]	READ	1
0x0016cc6c	0x0016cc7c	CONDITIONAL_JUMP	0
0x0016cc6e	0xStack[0xc]	READ	1
0x0016cc8e	0xStack[0x4]	READ	1
0x0016cc9b	0x0016cca8	CONDITIONAL_JUMP	0
0x0016cca0	0x001ce740	UNCONDITIONAL_CALL	0
0x0016ccac	0x0016ccc1	CONDITIONAL_JUMP	0
0x0016ccb2	0x0016d054	UNCONDITIONAL_CALL	0
0x0016ccd1	0x0016ccf6	CONDITIONAL_JUMP	0
0x0016ccd8	0x001d0508	UNCONDITIONAL_CALL	0
0x0016ccfd	0x0016ccc8	CONDITIONAL_JUMP	0
0x0016cd07	0x001d0508	UNCONDITIONAL_CALL	0
0x0016cd14	0x001d0508	UNCONDITIONAL_CALL	0
0x0016cd21	0x001d073c	UNCONDITIONAL_CALL	0
0x0016cd2e	0x0015a824	UNCONDITIONAL_CALL	0
0x0016cd3c	0x0015a824	UNCONDITIONAL_CALL	0
0x0016cd41	0x001e8b54	READ	1
0x0016cd48	0x0016727c	UNCONDITIONAL_CALL	0
0x0016cd50	0x001678b4	UNCONDITIONAL_CALL	0
0x0016cd55	0x0016cd50	UNCONDITIONAL_JUMP	0
0x0016cd5b	0xStack[0x4]	READ	1
0x0016cd5e	0xStack[0x8]	READ	1
0x0016cd6b	0x0016cd84	CONDITIONAL_JUMP	0
0x0016cd6f	0x0016cd88	CONDITIONAL_JUMP	0
0x0016cd7a	0x0016d004	UNCONDITIONAL_CALL	0
0x0016cd7f	0x0016cd95	UNCONDITIONAL_JUMP	0
0x0016cd86	0x0016cd95	CONDITIONAL_JUMP	0
0x0016cd8a	0x0016cd95	CONDITIONAL_JUMP	0
0x0016cd90	0x0016d054	UNCONDITIONAL_CALL	0
0x0016cda5	0xStack[0x4]	READ	1
0x0016cda8	0xStack[0x8]	READ	1
0x0016cdb1	0x0016cdc8	CONDITIONAL_JUMP	0
0x0016cdb8	0x001d0508	UNCONDITIONAL_CALL	0
0x0016cdc2	0x0016ce62	UNCONDITIONAL_JUMP	0
0x0016cdd0	0x0016cddc	CONDITIONAL_JUMP	0
0x0016cdd7	0x0016ce62	UNCONDITIONAL_JUMP	0
0x0016cde0	0x001e89ec	READ	1
0x0016cdeb	0xStack[-0xc]	DATA	0
0x0016cdef	0xStack[-0x8]	DATA	0
0x0016cdfc	0x001d0b00	UNCONDITIONAL_CALL	0
0x0016ce0b	0xStack[-0x8]	READ	1
0x0016ce10	0x0016dec0	UNCONDITIONAL_CALL	0
0x0016ce1d	0x001d0508	UNCONDITIONAL_CALL	0
0x0016ce23	0xStack[-0x8]	READ	1
0x0016ce2b	0x001d0a40	UNCONDITIONAL_CALL	0
0x0016ce33	0x0018c0d8	UNCONDITIONAL_CALL	0
0x0016ce40	0x0016ce3e	CONDITIONAL_JUMP	0
0x0016ce4e	0x0016ce3c	CONDITIONAL_JUMP	0
0x0016ce5b	0x0018b544	UNCONDITIONAL_CALL	0
0x0016ce62	0xStack[-0x18]	DATA	0
0x0016ce72	0xStack[0x8]	READ	1
0x0016ce75	0xStack[0x4]	READ	1
0x0016ce7d	0x0016cf1c	CONDITIONAL_JUMP	0
0x0016ce87	0x0016cf1c	CONDITIONAL_JUMP	0
0x0016ce8d	0x0018c0d8	UNCONDITIONAL_CALL	0
0x0016ce98	0x0016ce96	CONDITIONAL_JUMP	0
0x0016cea6	0x0016ce94	CONDITIONAL_JUMP	0
0x0016ceb5	0x0016cecc	CONDITIONAL_JUMP	0
0x0016cec2	0x0018b544	UNCONDITIONAL_CALL	0
0x0016cec7	0x0016cf1c	UNCONDITIONAL_JUMP	0
0x0016ced1	0x0018b544	UNCONDITIONAL_CALL	0
0x0016ced6	0xStack[0xc]	READ	1
0x0016cedb	0xStack[0x10]	READ	1
0x0016cee1	0xStack[0x14]	READ	1
0x0016cee7	0xStack[0x18]	READ	1
0x0016ceed	0xStack[0x1c]	READ	1
0x0016cef3	0xStack[0x20]	READ	1
0x0016cef9	0x00187e94	UNCONDITIONAL_CALL	0
0x0016cf0b	0x0016cf1c	CONDITIONAL_JUMP	0
0x0016cf0e	0x0016cf28	DATA	0
0x0016cf13	0xStack[0x4]	READ	1
0x0016cf17	0x0016d090	UNCONDITIONAL_CALL	0
0x0016cf1c	0xStack[-0x10]	DATA	0
0x0016cf31	0xStack[0x4]	READ	1
0x0016cf3a	0x001e89ec	READ	1
0x0016cf47	0x0018c0d8	UNCONDITIONAL_CALL	0
0x0016cf54	0x0016cf52	CONDITIONAL_JUMP	0
0x0016cf62	0x0016cf50	CONDITIONAL_JUMP	0
0x0016cf73	0x0018b544	UNCONDITIONAL_CALL	0
0x0016cf7d	0x0016cff8	CONDITIONAL_JUMP	0
0x0016cf7f	0xStack[-0xc]	DATA	0
0x0016cf83	0xStack[-0x8]	DATA	0
0x0016cf93	0x001d0b00	UNCONDITIONAL_CALL	0
0x0016cfa2	0xStack[-0x8]	READ	1
0x0016cfa7	0x0016dec0	UNCONDITIONAL_CALL	0
0x0016cfb4	0x001d0508	UNCONDITIONAL_CALL	0
0x0016cfba	0xStack[-0x8]	READ	1
0x0016cfc2	0x001d0a40	UNCONDITIONAL_CALL	0
0x0016cfc7	0x0018c0d8	UNCONDITIONAL_CALL	0
0x0016cfd8	0x0016cfd6	CONDITIONAL_JUMP	0
0x0016cfe6	0x0016cfd4	CONDITIONAL_JUMP	0
0x0016cff3	0x0018b544	UNCONDITIONAL_CALL	0
0x0016cff8	0xStack[-0x18]	DATA	0
0x0016d009	0xStack[0x4]	READ	1
0x0016d00c	0xStack[0x8]	READ	1
0x0016d012	0x001e89ec	READ	1
0x0016d023	0x0015a75c	UNCONDITIONAL_CALL	0
0x0016d03f	0x001dfed1	DATA	0
0x0016d044	0x0010c0d8	UNCONDITIONAL_CALL	0
0x0016d049	0xStack[-0xc]	DATA	0
0x0016d058	0xStack[0x4]	READ	1
0x0016d062	0x001e89ec	READ	1
0x0016d06f	0x0015a824	UNCONDITIONAL_CALL	0
0x0016d088	0xStack[-0x8]	READ	1
0x0016d099	0xStack[0x4]	READ	1
0x0016d09c	0xStack[0xc]	READ	1
0x0016d0a1	0x0018c27c	UNCONDITIONAL_CALL	0
0x0016d0a8	0x0016d0c0	CONDITIONAL_JUMP	0
0x0016d0aa	0x00159b58	UNCONDITIONAL_CALL	0
0x0016d0b2	0x0016d0c0	CONDITIONAL_JUMP	0
0x0016d0b5	0xStack[0x8]	READ	1
0x0016d0ba	0x0016d156	UNCONDITIONAL_JUMP	0
0x0016d0c0	0x0018c0d8	UNCONDITIONAL_CALL	0
0x0016d0c5	0xStack[-0x8]	WRITE	0
0x0016d0cc	0x0016d0ca	CONDITIONAL_JUMP	0
0x0016d0da	0x0016d0c8	CONDITIONAL_JUMP	0
0x0016d0e4	0x0016d0fc	CONDITIONAL_JUMP	0
0x0016d0ea	0xStack[-0x8]	READ	1
0x0016d0ee	0x0018b544	UNCONDITIONAL_CALL	0
0x0016d0f8	0x0016d158	UNCONDITIONAL_JUMP	0
0x0016d103	0x0016d10c	CONDITIONAL_JUMP	0
0x0016d108	0x0016d10f	UNCONDITIONAL_JUMP	0
0x0016d112	0xStack[0x8]	READ	1
0x0016d122	0x0016d12c	CONDITIONAL_JUMP	0
0x0016d127	0x0016d12f	UNCONDITIONAL_JUMP	0
0x0016d13f	0xStack[-0x8]	READ	1
0x0016d143	0x0018b544	UNCONDITIONAL_CALL	0
0x0016d14c	0x0016d164	DATA	0
0x0016d151	0x001692d8	UNCONDITIONAL_CALL	0
0x0016d158	0xStack[-0x14]	DATA	0
0x0016d167	0xStack[0x4]	READ	1
0x0016d172	0x0015a63c	UNCONDITIONAL_CALL	0
0x0016d17f	0xStack[0x4]	READ	1
0x0016d18f	0xStack[0x4]	READ	1
0x0016d19f	0xStack[0x4]	READ	1
0x0016d1af	0xStack[0x4]	READ	1
0x0016d1c2	0x001dfb90	READ	1
0x0016d1c9	0x00165c94	UNCONDITIONAL_CALL	0
0x0016d1ce	0x001dfb90	READ	1
0x0016d1d5	0x0015a2e4	UNCONDITIONAL_CALL	0
0x0016d1dc	0xStack[-0x8]	WRITE	0
0x0016d1e4	0x0016d204	CONDITIONAL_JUMP	0
0x0016d1e6	0xStack[-0x8]	DATA	0
0x0016d1ed	0x001e8b54	READ	1
0x0016d1f6	0x0015a5a4	UNCONDITIONAL_CALL	0
0x0016d1fb	0xStack[-0x8]	READ	1
0x0016d210	0x001e8b54	READ	1
0x0016d21f	0x001e8b54	READ	1
0x0016d227	0x001e726c	DATA	0
0x0016d233	0x00155fac	UNCONDITIONAL_CALL	0
0x0016d23d	0x0016d24d	CONDITIONAL_JUMP	0
0x0016d23f	0x001dff3c	DATA	0
0x0016d245	0x0016d3c8	UNCONDITIONAL_CALL	0
0x0016d24d	0x001e7270	DATA	0
0x0016d252	0x001e726c	READ	1
0x0016d25a	0x0016d60c	UNCONDITIONAL_CALL	0
0x0016d25f	0x001e7270	READ	1
0x0016d269	0x00159e08	UNCONDITIONAL_CALL	0
0x0016d273	0x0016d283	CONDITIONAL_JUMP	0
0x0016d275	0x001dff4a	DATA	0
0x0016d27b	0x0016d3c8	UNCONDITIONAL_CALL	0
0x0016d283	0x001dff0c	DATA	0
0x0016d28f	0x00155fac	UNCONDITIONAL_CALL	0
0x0016d299	0x0016d2a9	CONDITIONAL_JUMP	0
0x0016d29b	0x001dff60	DATA	0
0x0016d2a1	0x0016d3c8	UNCONDITIONAL_CALL	0
0x0016d2a9	0x001f6e30	DATA	0
0x0016d2ae	0x001dff0c	READ	1
0x0016d2b6	0x0016d60c	UNCONDITIONAL_CALL	0
0x0016d2bb	0x001e7274	DATA	0
0x0016d2c7	0x0015637c	UNCONDITIONAL_CALL	0
0x0016d2d1	0x0016d2e1	CONDITIONAL_JUMP	0
0x0016d2d3	0x001dff6e	DATA	0
0x0016d2d9	0x0016d3c8	UNCONDITIONAL_CALL	0
0x0016d2e1	0x001e726c	READ	1
0x0016d2e8	0x001e7274	READ	1
0x0016d2f6	0x00156420	UNCONDITIONAL_CALL	0
0x0016d300	0x0016d310	CONDITIONAL_JUMP	0
0x0016d302	0x001dff80	DATA	0
0x0016d308	0x0016d3c8	UNCONDITIONAL_CALL	0
0x0016d310	0x001dff0c	READ	1
0x0016d317	0x001e7274	READ	1
0x0016d325	0x00156420	UNCONDITIONAL_CALL	0
0x0016d32f	0x0016d33f	CONDITIONAL_JUMP	0
0x0016d331	0x001dff8d	DATA	0
0x0016d337	0x0016d3c8	UNCONDITIONAL_CALL	0
0x0016d344	0x0015a75c	UNCONDITIONAL_CALL	0
0x0016d34b	0x001e727c	WRITE	0
0x0016d34b	0x001e7278	DATA	1
0x0016d355	0x001e7278	WRITE	0
0x0016d355	0x001e7278	WRITE	1
0x0016d364	0x001e7274	READ	1
0x0016d379	0x001588d4	UNCONDITIONAL_CALL	0
0x0016d383	0x0016d398	CONDITIONAL_JUMP	0
0x0016d386	0x001dff9a	DATA	0
0x0016d38b	0x0010c0d8	UNCONDITIONAL_CALL	0
0x0016d393	0x0016d364	UNCONDITIONAL_JUMP	0
0x0016d39b	0x001dff0c	READ	0
0x0016d3a1	0x0016d3ac	CONDITIONAL_JUMP	0
0x0016d3a4	0x0016d3ec	UNCONDITIONAL_CALL	0
0x0016d3a9	0x0016d35f	UNCONDITIONAL_JUMP	0
0x0016d3ac	0x001e726c	READ	0
0x0016d3b2	0x0016d3bc	CONDITIONAL_JUMP	0
0x0016d3b5	0x0016d454	UNCONDITIONAL_CALL	0
0x0016d3ba	0x0016d35f	UNCONDITIONAL_JUMP	0
0x0016d3bc	0x001dffc6	DATA	0
0x0016d3c1	0x0010c0d8	UNCONDITIONAL_CALL	0
0x0016d3c6	0x0016d35f	UNCONDITIONAL_JUMP	0
0x0016d3cb	0xStack[0x4]	READ	1
0x0016d3cf	0xStack[0x8]	READ	1
0x0016d3d3	0x001dfff0	DATA	0
0x0016d3d8	0x0010c0d8	UNCONDITIONAL_CALL	0
0x0016d3dd	0x001e0014	DATA	0
0x0016d3e2	0x0010ca6c	UNCONDITIONAL_CALL	0
0x0016d3f0	0xStack[0x4]	READ	1
0x0016d3fb	0x0016d440	CONDITIONAL_JUMP	0
0x0016d3ff	0x0015a75c	UNCONDITIONAL_CALL	0
0x0016d416	0x001e727c	READ	1
0x0016d41c	0x001e7278	DATA	1
0x0016d422	0x0016d42c	CONDITIONAL_JUMP	0
0x0016d424	0x001e7278	WRITE	0
0x0016d429	0x0016d42e	UNCONDITIONAL_JUMP	0
0x0016d431	0x001e7278	DATA	1
0x0016d437	0x001e727c	WRITE	0
0x0016d43c	0x0016d44b	UNCONDITIONAL_JUMP	0
0x0016d441	0x001e0028	DATA	0
0x0016d446	0x0010c0d8	UNCONDITIONAL_CALL	0
0x0016d44b	0xStack[-0x8]	READ	1
0x0016d45d	0xStack[0x4]	READ	1
0x0016d460	0xStack[-0x8]	WRITE	0
0x0016d46d	0x0016d480	CONDITIONAL_JUMP	0
0x0016d470	0x001e005e	DATA	0
0x0016d475	0x0010c0d8	UNCONDITIONAL_CALL	0
0x0016d47a	0x0016d548	UNCONDITIONAL_JUMP	0
0x0016d480	0x001e7278	READ	1
0x0016d486	0x001e7278	DATA	1
0x0016d48c	0x0016d538	CONDITIONAL_JUMP	0
0x0016d49e	0x0016d4bc	CONDITIONAL_JUMP	0
0x0016d4a5	0x001e7278	DATA	1
0x0016d4ab	0x0016d509	CONDITIONAL_JUMP	0
0x0016d4b0	0x0016d513	UNCONDITIONAL_JUMP	0
0x0016d4b4	0x001e7278	WRITE	0
0x0016d4ba	0x0016d51c	UNCONDITIONAL_JUMP	0
0x0016d4bf	0x0016d52a	CONDITIONAL_JUMP	0
0x0016d4e2	0x00158774	UNCONDITIONAL_CALL	0
0x0016d4ec	0x0016d4fc	CONDITIONAL_JUMP	0
0x0016d4ef	0x001e0084	DATA	0
0x0016d4f4	0x0010c0d8	UNCONDITIONAL_CALL	0
0x0016d501	0x001e7278	DATA	1
0x0016d507	0x0016d510	CONDITIONAL_JUMP	0
0x0016d509	0x001e727c	WRITE	0
0x0016d50e	0x0016d513	UNCONDITIONAL_JUMP	0
0x0016d513	0x001e7278	DATA	1
0x0016d518	0x0016d4b4	CONDITIONAL_JUMP	0
0x0016d51f	0x0015a824	UNCONDITIONAL_CALL	0
0x0016d524	0xStack[-0x8]	READ_WRITE	0
0x0016d52c	0x001e7278	DATA	1
0x0016d532	0x0016d494	CONDITIONAL_JUMP	0
0x0016d538	0xStack[-0x8]	READ	0
0x0016d53c	0x0016d548	CONDITIONAL_JUMP	0
0x0016d53e	0x001e00a5	DATA	0
0x0016d543	0x0010c0d8	UNCONDITIONAL_CALL	0
0x0016d548	0xStack[-0x14]	DATA	0
0x0016d55c	0xStack[0x4]	READ	1
0x0016d55f	0xStack[0x8]	READ	1
0x0016d562	0xStack[-0x30]	DATA	0
0x0016d565	0x001dff10	DATA	1
0x0016d570	0x001dff10	READ	1
0x0016d570	0x001dff14	READ	1
0x0016d572	0xStack[-0x14]	WRITE	0
0x0016d575	0xStack[-0x10]	WRITE	0
0x0016d578	0xStack[-0x24]	WRITE	0
0x0016d57f	0x001f6e30	READ	1
0x0016d585	0xStack[-0x20]	WRITE	0
0x0016d588	0xStack[-0x8]	WRITE	0
0x0016d58f	0xStack[-0x30]	DATA	0
0x0016d593	0x001586d4	UNCONDITIONAL_CALL	0
0x0016d59d	0x0016d5aa	CONDITIONAL_JUMP	0
0x0016d5a0	0x001e00c0	DATA	0
0x0016d5a5	0x0010c0d8	UNCONDITIONAL_CALL	0
0x0016d5aa	0xStack[-0x38]	DATA	0
0x0016d5ba	0xStack[-0x8]	DATA	0
0x0016d5c0	0x001dfb90	READ	1
0x0016d5c7	0x00165a20	UNCONDITIONAL_CALL	0
0x0016d5cc	0xStack[-0x8]	READ	1
0x0016d5d0	0x00165bec	UNCONDITIONAL_CALL	0
0x0016d5d5	0xStack[-0xc]	DATA	0
0x0016d5d9	0xStack[-0x8]	READ	1
0x0016d5dd	0x00166c48	UNCONDITIONAL_CALL	0
0x0016d5e2	0xStack[-0xc]	READ	1
0x0016d5e6	0x00166ea0	UNCONDITIONAL_CALL	0
0x0016d5eb	0x0016d20c	DATA	0
0x0016d5f0	0xStack[-0xc]	READ	1
0x0016d5f4	0x0016847c	UNCONDITIONAL_CALL	0
0x0016d5fc	0xStack[-0xc]	READ	1
0x0016d600	0x00167d48	UNCONDITIONAL_CALL	0
0x0016d60f	0xStack[0x8]	READ	1
0x0016d612	0xStack[0xc]	READ	1
0x0016d617	0x0016d628	CONDITIONAL_JUMP	0
0x0016d62e	0xStack[0x4]	READ	1
0x0016d632	0x0015a56c	UNCONDITIONAL_CALL	0
0x0016d639	0x0016d644	CONDITIONAL_JUMP	0
0x0016d659	0xStack[0x4]	READ	1
0x0016d65c	0xStack[0x8]	READ	1
0x0016d65f	0xStack[-0x24]	DATA	0
0x0016d662	0xStack[-0x21]	WRITE	0
0x0016d666	0xStack[-0x20]	WRITE	0
0x0016d670	0xStack[-0x1c]	WRITE	0
0x0016d673	0xStack[-0x18]	WRITE	0
0x0016d67d	0xStack[-0x14]	WRITE	0
0x0016d686	0xStack[-0x10]	WRITE	0
0x0016d689	0x001d130c	READ	1
0x0016d68f	0xStack[-0xc]	WRITE	0
0x0016d692	0xStack[-0x8]	WRITE	0
0x0016d6a2	0x0016d6af	CONDITIONAL_JUMP	0
0x0016d6a4	0x001d1180	DATA	1
0x0016d6ad	0x0016d6b8	CONDITIONAL_JUMP	0
0x0016d6b4	0x0016d6e2	UNCONDITIONAL_JUMP	0
0x0016d6c0	0xStack[-0x8]	READ	0
0x0016d6c7	0x0016d6e0	CONDITIONAL_JUMP	0
0x0016d6d6	0x00158774	UNCONDITIONAL_CALL	0
0x0016d6db	0x0016d6e2	UNCONDITIONAL_JUMP	0
0x0016d6e2	0xStack[-0x30]	DATA	0
0x0016d6f0	0xStack[0x4]	READ	1
0x0016d6f3	0xStack[0xc]	READ	1
0x0016d6f6	0xStack[0x8]	READ	1
0x0016d701	0x0016d708	CONDITIONAL_JUMP	0
0x0016d706	0x0016d714	CONDITIONAL_JUMP	0
0x0016d70f	0x0016d755	UNCONDITIONAL_JUMP	0
0x0016d714	0x001d12c0	READ	1
0x0016d71c	0x0016d728	CONDITIONAL_JUMP	0
0x0016d725	0x0016d744	UNCONDITIONAL_JUMP	0
0x0016d72d	0x0016d738	CONDITIONAL_JUMP	0
0x0016d736	0x0016d755	UNCONDITIONAL_JUMP	0
0x0016d748	0x0016d755	CONDITIONAL_JUMP	0
0x0016d755	0xStack[-0x8]	READ	1
0x0016d760	0xStack[0x4]	READ	1
0x0016d763	0xStack[0xc]	READ	1
0x0016d766	0xStack[0x8]	READ	1
0x0016d771	0x0016d777	CONDITIONAL_JUMP	0
0x0016d775	0x0016d780	CONDITIONAL_JUMP	0
0x0016d77e	0x0016d7c1	UNCONDITIONAL_JUMP	0
0x0016d780	0x001d12c4	READ	1
0x0016d788	0x0016d794	CONDITIONAL_JUMP	0
0x0016d791	0x0016d7b0	UNCONDITIONAL_JUMP	0
0x0016d799	0x0016d7a4	CONDITIONAL_JUMP	0
0x0016d7a2	0x0016d7c1	UNCONDITIONAL_JUMP	0
0x0016d7b4	0x0016d7c1	CONDITIONAL_JUMP	0
0x0016d7c1	0xStack[-0x8]	READ	1
0x0016d7cd	0xStack[0x4]	READ	1
0x0016d7d0	0xStack[0xc]	READ	1
0x0016d7d3	0xStack[0x8]	READ	1
0x0016d7de	0x0016d7e5	CONDITIONAL_JUMP	0
0x0016d7e3	0x0016d7f0	CONDITIONAL_JUMP	0
0x0016d7ec	0x0016d841	UNCONDITIONAL_JUMP	0
0x0016d7f0	0x001d12c8	READ	1
0x0016d7f8	0x0016d804	CONDITIONAL_JUMP	0
0x0016d7fa	0x001d12cc	READ	1
0x0016d802	0x0016d810	CONDITIONAL_JUMP	0
0x0016d80b	0x0016d830	UNCONDITIONAL_JUMP	0
0x0016d815	0x0016d820	CONDITIONAL_JUMP	0
0x0016d81e	0x0016d841	UNCONDITIONAL_JUMP	0
0x0016d834	0x0016d841	CONDITIONAL_JUMP	0
0x0016d841	0xStack[-0xc]	DATA	0
0x0016d851	0xStack[0x4]	READ	1
0x0016d854	0xStack[0xc]	READ	1
0x0016d857	0xStack[0x8]	READ	1
0x0016d862	0x0016d869	CONDITIONAL_JUMP	0
0x0016d867	0x0016d874	CONDITIONAL_JUMP	0
0x0016d870	0x0016d8c5	UNCONDITIONAL_JUMP	0
0x0016d874	0x001d12d0	READ	1
0x0016d87c	0x0016d888	CONDITIONAL_JUMP	0
0x0016d87e	0x001d12d4	READ	1
0x0016d886	0x0016d894	CONDITIONAL_JUMP	0
0x0016d88f	0x0016d8b4	UNCONDITIONAL_JUMP	0
0x0016d899	0x0016d8a4	CONDITIONAL_JUMP	0
0x0016d8a2	0x0016d8c5	UNCONDITIONAL_JUMP	0
0x0016d8b8	0x0016d8c5	CONDITIONAL_JUMP	0
0x0016d8c5	0xStack[-0xc]	DATA	0
0x0016d8d5	0xStack[0x4]	READ	1
0x0016d8d8	0xStack[0xc]	READ	1
0x0016d8db	0xStack[0x8]	READ	1
0x0016d8e6	0x0016d8ec	CONDITIONAL_JUMP	0
0x0016d8ea	0x0016d8f8	CONDITIONAL_JUMP	0
0x0016d8f3	0x0016d955	UNCONDITIONAL_JUMP	0
0x0016d8f8	0x001d12d8	READ	1
0x0016d900	0x0016d916	CONDITIONAL_JUMP	0
0x0016d902	0x001d12dc	READ	1
0x0016d90a	0x0016d916	CONDITIONAL_JUMP	0
0x0016d90c	0x001d12e0	READ	1
0x0016d914	0x0016d920	CONDITIONAL_JUMP	0
0x0016d91d	0x0016d944	UNCONDITIONAL_JUMP	0
0x0016d925	0x0016d930	CONDITIONAL_JUMP	0
0x0016d92e	0x0016d955	UNCONDITIONAL_JUMP	0
0x0016d948	0x0016d955	CONDITIONAL_JUMP	0
0x0016d955	0xStack[-0xc]	DATA	0
0x0016d964	0xStack[0x4]	READ	1
0x0016d967	0xStack[0x8]	READ	1
0x0016d96a	0xStack[0xc]	READ	1
0x0016d975	0x0016d986	CONDITIONAL_JUMP	0
0x0016d97a	0x0016d986	CONDITIONAL_JUMP	0
0x0016d97c	0x001d12e4	READ	1
0x0016d984	0x0016d990	CONDITIONAL_JUMP	0
0x0016d98d	0x0016d9b0	UNCONDITIONAL_JUMP	0
0x0016d995	0x0016d9a0	CONDITIONAL_JUMP	0
0x0016d99e	0x0016d9b0	UNCONDITIONAL_JUMP	0
0x0016d9b0	0xStack[-0x8]	READ	1
0x0016d9bd	0xStack[0x4]	READ	1
0x0016d9c0	0xStack[0xc]	READ	1
0x0016d9c3	0xStack[0x8]	READ	1
0x0016d9ce	0x0016d9d5	CONDITIONAL_JUMP	0
0x0016d9d3	0x0016d9e0	CONDITIONAL_JUMP	0
0x0016d9dc	0x0016da31	UNCONDITIONAL_JUMP	0
0x0016d9e0	0x001d12e8	READ	1
0x0016d9e8	0x0016d9f4	CONDITIONAL_JUMP	0
0x0016d9ea	0x001d12ec	READ	1
0x0016d9f2	0x0016da00	CONDITIONAL_JUMP	0
0x0016d9fb	0x0016da20	UNCONDITIONAL_JUMP	0
0x0016da05	0x0016da10	CONDITIONAL_JUMP	0
0x0016da0e	0x0016da31	UNCONDITIONAL_JUMP	0
0x0016da24	0x0016da31	CONDITIONAL_JUMP	0
0x0016da31	0xStack[-0xc]	DATA	0
0x0016da40	0xStack[0x4]	READ	1
0x0016da43	0xStack[0x8]	READ	1
0x0016da46	0xStack[0xc]	READ	1
0x0016da51	0x0016da58	CONDITIONAL_JUMP	0
0x0016da56	0x0016da64	CONDITIONAL_JUMP	0
0x0016da5f	0x0016da80	UNCONDITIONAL_JUMP	0
0x0016da69	0x0016da74	CONDITIONAL_JUMP	0
0x0016da72	0x0016da80	UNCONDITIONAL_JUMP	0
0x0016da80	0xStack[-0x8]	READ	1
0x0016da8c	0xStack[0x4]	READ	1
0x0016da8f	0xStack[0x8]	READ	1
0x0016da92	0xStack[0xc]	READ	1
0x0016da9d	0x0016daae	CONDITIONAL_JUMP	0
0x0016daa2	0x0016daae	CONDITIONAL_JUMP	0
0x0016daa4	0x001d12f0	READ	1
0x0016daac	0x0016dab8	CONDITIONAL_JUMP	0
0x0016dab5	0x0016dad8	UNCONDITIONAL_JUMP	0
0x0016dabd	0x0016dac8	CONDITIONAL_JUMP	0
0x0016dac6	0x0016dad8	UNCONDITIONAL_JUMP	0
0x0016dad8	0xStack[-0x8]	READ	1
0x0016dae4	0xStack[0x4]	READ	1
0x0016dae7	0xStack[0x8]	READ	1
0x0016daea	0xStack[0xc]	READ	1
0x0016daf5	0x0016db05	CONDITIONAL_JUMP	0
0x0016daf9	0x0016db05	CONDITIONAL_JUMP	0
0x0016dafb	0x001d12f4	READ	1
0x0016db03	0x0016db10	CONDITIONAL_JUMP	0
0x0016db0c	0x0016db30	UNCONDITIONAL_JUMP	0
0x0016db15	0x0016db20	CONDITIONAL_JUMP	0
0x0016db1e	0x0016db30	UNCONDITIONAL_JUMP	0
0x0016db30	0xStack[-0x8]	READ	1
0x0016db3d	0xStack[0x4]	READ	1
0x0016db40	0xStack[0xc]	READ	1
0x0016db43	0xStack[0x8]	READ	1
0x0016db4e	0x0016db54	CONDITIONAL_JUMP	0
0x0016db52	0x0016db60	CONDITIONAL_JUMP	0
0x0016db5b	0x0016dbbd	UNCONDITIONAL_JUMP	0
0x0016db60	0x001d12f8	READ	1
0x0016db68	0x0016db7e	CONDITIONAL_JUMP	0
0x0016db6a	0x001d12fc	READ	1
0x0016db72	0x0016db7e	CONDITIONAL_JUMP	0
0x0016db74	0x001d1300	READ	1
0x0016db7c	0x0016db88	CONDITIONAL_JUMP	0
0x0016db85	0x0016dbac	UNCONDITIONAL_JUMP	0
0x0016db8d	0x0016db98	CONDITIONAL_JUMP	0
0x0016db96	0x0016dbbd	UNCONDITIONAL_JUMP	0
0x0016dbb0	0x0016dbbd	CONDITIONAL_JUMP	0
0x0016dbbd	0xStack[-0xc]	DATA	0
0x0016dbcc	0xStack[0x4]	READ	1
0x0016dbcf	0xStack[0xc]	READ	1
0x0016dbd2	0xStack[0x8]	READ	1
0x0016dbdd	0x0016dbe4	CONDITIONAL_JUMP	0
0x0016dbe2	0x0016dbf0	CONDITIONAL_JUMP	0
0x0016dbeb	0x0016dc31	UNCONDITIONAL_JUMP	0
0x0016dbf0	0x001d1304	READ	1
0x0016dbf8	0x0016dc04	CONDITIONAL_JUMP	0
0x0016dc01	0x0016dc20	UNCONDITIONAL_JUMP	0
0x0016dc09	0x0016dc14	CONDITIONAL_JUMP	0
0x0016dc12	0x0016dc31	UNCONDITIONAL_JUMP	0
0x0016dc24	0x0016dc31	CONDITIONAL_JUMP	0
0x0016dc31	0xStack[-0x8]	READ	1
0x0016dc3c	0xStack[0x4]	READ	1
0x0016dc3f	0xStack[0xc]	READ	1
0x0016dc42	0xStack[0x8]	READ	1
0x0016dc4d	0x0016dc54	CONDITIONAL_JUMP	0
0x0016dc52	0x0016dc60	CONDITIONAL_JUMP	0
0x0016dc5b	0x0016dca1	UNCONDITIONAL_JUMP	0
0x0016dc60	0x001d1308	READ	1
0x0016dc68	0x0016dc74	CONDITIONAL_JUMP	0
0x0016dc71	0x0016dc90	UNCONDITIONAL_JUMP	0
0x0016dc79	0x0016dc84	CONDITIONAL_JUMP	0
0x0016dc82	0x0016dca1	UNCONDITIONAL_JUMP	0
0x0016dc94	0x0016dca1	CONDITIONAL_JUMP	0
0x0016dca1	0xStack[-0x8]	READ	1
0x0016dcb3	0xStack[0x4]	READ	1
0x0016dcb6	0xStack[0x8]	READ	1
0x0016dcb9	0xStack[-0x128]	DATA	0
0x0016dcbf	0x001d1344	READ	1
0x0016dcc5	0xStack[-0x110]	WRITE	0
0x0016dccb	0x001d1348	READ	1
0x0016dcd1	0xStack[-0x10c]	WRITE	0
0x0016dcd7	0x001d134c	READ	1
0x0016dcdd	0xStack[-0x108]	WRITE	0
0x0016dce9	0xStack[-0x104]	DATA	0
0x0016dcf0	0x00101bc0	UNCONDITIONAL_CALL	0
0x0016dcf5	0xStack[-0x5]	WRITE	0
0x0016dcf9	0xStack[-0x125]	WRITE	0
0x0016dd00	0xStack[-0x124]	WRITE	0
0x0016dd0a	0xStack[-0x120]	WRITE	0
0x0016dd14	0xStack[-0x118]	WRITE	0
0x0016dd1a	0x00158f88	UNCONDITIONAL_CALL	0
0x0016dd1f	0xStack[-0x11c]	WRITE	0
0x0016dd25	0xStack[-0x114]	WRITE	0
0x0016dd38	0x001589fc	UNCONDITIONAL_CALL	0
0x0016dd44	0x0016dd58	CONDITIONAL_JUMP	0
0x0016dd4c	0x0016dd53	CONDITIONAL_JUMP	0
0x0016dd4e	0x00158fb4	UNCONDITIONAL_CALL	0
0x0016dd55	0x0016dda4	UNCONDITIONAL_JUMP	0
0x0016dd58	0xStack[-0x124]	READ	1
0x0016dd5e	0xStack[-0x125]	READ	1
0x0016dd65	0xStack[-0x114]	READ	0
0x0016dd6f	0x0016dd78	CONDITIONAL_JUMP	0
0x0016dd76	0x0016dda4	UNCONDITIONAL_JUMP	0
0x0016dd7b	0x0016dd8f	CONDITIONAL_JUMP	0
0x0016dd80	0x0016dd8f	CONDITIONAL_JUMP	0
0x0016dd82	0x001d1350	READ	1
0x0016dd87	0xStack[-0x110]	READ	0
0x0016dd8d	0x0016dd98	CONDITIONAL_JUMP	0
0x0016dd94	0x0016dda4	UNCONDITIONAL_JUMP	0
0x0016dd98	0xStack[-0x10c]	READ	1
0x0016dda0	0x0016dda4	CONDITIONAL_JUMP	0
0x0016dda4	0xStack[-0x130]	DATA	0
0x0016ddb9	0xStack[0x8]	READ	1
0x0016ddbc	0xStack[0xc]	READ	1
0x0016ddbf	0xStack[-0x44]	DATA	0
0x0016ddc2	0x001d1354	READ	1
0x0016ddc8	0xStack[-0x2c]	WRITE	0
0x0016ddce	0xStack[-0x28]	DATA	0
0x0016ddd2	0x00101bc0	UNCONDITIONAL_CALL	0
0x0016ddd7	0xStack[-0x19]	WRITE	0
0x0016dddb	0x001d1358	READ	1
0x0016dde1	0xStack[-0x18]	WRITE	0
0x0016dde7	0xStack[-0x14]	DATA	0
0x0016ddeb	0x00101bc0	UNCONDITIONAL_CALL	0
0x0016ddf0	0xStack[-0x5]	WRITE	0
0x0016ddf4	0xStack[-0x41]	WRITE	0
0x0016ddf8	0xStack[-0x40]	WRITE	0
0x0016ddff	0xStack[-0x3c]	WRITE	0
0x0016de06	0xStack[0x4]	READ	1
0x0016de09	0xStack[-0x34]	WRITE	0
0x0016de0c	0x00158f88	UNCONDITIONAL_CALL	0
0x0016de11	0xStack[-0x38]	WRITE	0
0x0016de14	0xStack[-0x30]	WRITE	0
0x0016de24	0x001589fc	UNCONDITIONAL_CALL	0
0x0016de30	0x0016de44	CONDITIONAL_JUMP	0
0x0016de38	0x0016de3f	CONDITIONAL_JUMP	0
0x0016de3a	0x00158fb4	UNCONDITIONAL_CALL	0
0x0016de41	0x0016deb5	UNCONDITIONAL_JUMP	0
0x0016de44	0xStack[-0x40]	READ	1
0x0016de47	0xStack[-0x41]	READ	1
0x0016de4b	0xStack[-0x30]	READ	0
0x0016de52	0x0016de5c	CONDITIONAL_JUMP	0
0x0016de59	0x0016deb5	UNCONDITIONAL_JUMP	0
0x0016de5f	0x0016de66	CONDITIONAL_JUMP	0
0x0016de64	0x0016de76	CONDITIONAL_JUMP	0
0x0016de69	0x0016deb0	CONDITIONAL_JUMP	0
0x0016de6e	0x0016deb0	CONDITIONAL_JUMP	0
0x0016de70	0xStack[-0x28]	READ	0
0x0016de74	0x0016deb0	CONDITIONAL_JUMP	0
0x0016de76	0x001d135c	READ	1
0x0016de7b	0xStack[-0x2c]	READ	0
0x0016de7e	0x0016deb0	CONDITIONAL_JUMP	0
0x0016de80	0xStack[-0x28]	READ	1
0x0016de85	0x0016deb5	CONDITIONAL_JUMP	0
0x0016de87	0x001d1360	READ	1
0x0016de8c	0xStack[-0x24]	READ	0
0x0016de8f	0x0016deb0	CONDITIONAL_JUMP	0
0x0016de91	0xStack[-0x20]	READ	1
0x0016de94	0xStack[0x10]	READ	1
0x0016de99	0x001d1364	READ	1
0x0016de9e	0xStack[-0x1c]	READ	0
0x0016dea1	0x0016deb0	CONDITIONAL_JUMP	0
0x0016dea3	0xStack[-0x18]	READ	1
0x0016dea6	0xStack[0x14]	READ	1
0x0016deab	0xStack[-0x28]	READ	1
0x0016deae	0x0016deb5	UNCONDITIONAL_JUMP	0
0x0016deb5	0xStack[-0x50]	DATA	0
0x0016dec8	0xStack[0x4]	READ	1
0x0016decb	0xStack[0x8]	READ	1
0x0016dece	0xStack[0xc]	READ	1
0x0016ded1	0xStack[-0x2c]	DATA	0
0x0016ded4	0x001d1368	READ	1
0x0016deda	0xStack[-0x14]	WRITE	0
0x0016dedd	0x001d136c	READ	1
0x0016dee3	0x00200002	DATA	1
0x0016dee3	0xStack[-0x10]	WRITE	0
0x0016dee6	0x001d1370	READ	1
0x0016deec	0xStack[-0xc]	WRITE	0
0x0016deef	0xStack[-0x8]	WRITE	0
0x0016def5	0xStack[-0xc]	WRITE	0
0x0016def8	0xStack[-0x29]	WRITE	0
0x0016defc	0xStack[-0x28]	WRITE	0
0x0016df03	0xStack[-0x24]	WRITE	0
0x0016df0a	0xStack[-0x1c]	WRITE	0
0x0016df0d	0xStack[-0x20]	WRITE	0
0x0016df14	0xStack[-0x18]	WRITE	0
0x0016df20	0x00158774	UNCONDITIONAL_CALL	0
0x0016df25	0xStack[-0x34]	DATA	0
0x0016df34	0xStack[0x4]	READ	1
0x0016df37	0xStack[0x8]	READ	1
0x0016df61	0x001d1388	READ	1
0x0016df78	0x0016df84	CONDITIONAL_JUMP	0
0x0016df7a	0x001d138c	READ	1
0x0016df82	0x0016df88	CONDITIONAL_JUMP	0
0x0016df86	0x0016df91	UNCONDITIONAL_JUMP	0
0x0016df8a	0x0016df98	COMPUTED_CALL	0
0x0016df91	0xStack[-0x8]	READ	1
0x0016df9c	0xStack[0x4]	READ	1
0x0016df9f	0xStack[0x8]	READ	1
0x0016dfaa	0x0016dfb0	CONDITIONAL_JUMP	0
0x0016dfae	0x0016dfbc	CONDITIONAL_JUMP	0
0x0016dfb7	0x0016e029	UNCONDITIONAL_JUMP	0
0x0016dfbc	0x001d1374	READ	1
0x0016dfc4	0x0016dfee	CONDITIONAL_JUMP	0
0x0016dfc6	0x001d1378	READ	1
0x0016dfce	0x0016dfee	CONDITIONAL_JUMP	0
0x0016dfd0	0x001d137c	READ	1
0x0016dfd8	0x0016dfee	CONDITIONAL_JUMP	0
0x0016dfda	0x001d1380	READ	1
0x0016dfe2	0x0016dfee	CONDITIONAL_JUMP	0
0x0016dfe4	0x001d1384	READ	1
0x0016dfec	0x0016dff8	CONDITIONAL_JUMP	0
0x0016dff5	0x0016e018	UNCONDITIONAL_JUMP	0
0x0016e010	0x00171eb0	UNCONDITIONAL_CALL	0
0x0016e01c	0x0016e029	CONDITIONAL_JUMP	0
0x0016e029	0xStack[-0x8]	READ	1
0x0016e035	0xStack[0x4]	READ	1
0x0016e038	0xStack[0x8]	READ	1
0x0016e065	0x001e0278	READ	1
0x0016e07a	0x0016e087	CONDITIONAL_JUMP	0
0x0016e07c	0x001dd930	DATA	1
0x0016e085	0x0016e094	CONDITIONAL_JUMP	0
0x0016e090	0x0016e09d	UNCONDITIONAL_JUMP	0
0x0016e09d	0xStack[-0xc]	DATA	0
0x0016e0ab	0xStack[0x4]	READ	1
0x0016e0b9	0x0016e0c8	CONDITIONAL_JUMP	0
0x0016e0bb	0x001e01d0	DATA	1
0x0016e0d7	0xStack[0x4]	READ	1
0x0016e0da	0xStack[0x8]	READ	1
0x0016e0e1	0x0016e0e8	CONDITIONAL_JUMP	0
0x0016e0e6	0x0016e0f4	CONDITIONAL_JUMP	0
0x0016e0ef	0x0016e143	UNCONDITIONAL_JUMP	0
0x0016e0f4	0xStack[-0x8]	DATA	0
0x0016e100	0x00157f98	UNCONDITIONAL_CALL	0
0x0016e109	0x00157958	UNCONDITIONAL_CALL	0
0x0016e113	0x0016e143	CONDITIONAL_JUMP	0
0x0016e122	0x001e00f4	READ	1
0x0016e12b	0x001e00f8	READ	1
0x0016e131	0x00200011	DATA	1
0x0016e134	0x001e00fc	READ	1
0x0016e13d	0xStack[-0x8]	READ	1
0x0016e143	0xStack[-0xc]	READ	1
0x0016e153	0xStack[0x4]	READ	1
0x0016e156	0xStack[0x8]	READ	1
0x0016e15d	0x0016e16e	CONDITIONAL_JUMP	0
0x0016e162	0x0016e16e	CONDITIONAL_JUMP	0
0x0016e164	0x001e0100	READ	1
0x0016e16c	0x0016e178	CONDITIONAL_JUMP	0
0x0016e175	0x0016e1d5	UNCONDITIONAL_JUMP	0
0x0016e178	0xStack[-0x8]	WRITE	0
0x0016e17f	0xStack[-0x8]	DATA	0
0x0016e18f	0x00157f4c	UNCONDITIONAL_CALL	0
0x0016e198	0x00157a28	UNCONDITIONAL_CALL	0
0x0016e1a2	0x0016e1d5	CONDITIONAL_JUMP	0
0x0016e1a4	0x001e0104	READ	1
0x0016e1ad	0x001e0108	READ	1
0x0016e1b3	0x00200002	DATA	1
0x0016e1b6	0x001e010c	READ	1
0x0016e1bf	0xStack[-0x8]	READ	1
0x0016e1c5	0xStack[-0x8]	READ	1
0x0016e1d5	0xStack[-0xc]	READ	1
0x0016e1e3	0xStack[0x4]	READ	1
0x0016e1e6	0xStack[0x8]	READ	1
0x0016e1ed	0x0016e1fe	CONDITIONAL_JUMP	0
0x0016e1f2	0x0016e1fe	CONDITIONAL_JUMP	0
0x0016e1f4	0x001e0110	READ	1
0x0016e1fc	0x0016e20c	CONDITIONAL_JUMP	0
0x0016e205	0x0016e28b	UNCONDITIONAL_JUMP	0
0x0016e20c	0xStack[-0xc]	WRITE	0
0x0016e213	0xStack[-0xc]	DATA	0
0x0016e21b	0xStack[-0x8]	DATA	0
0x0016e227	0x00157fdc	UNCONDITIONAL_CALL	0
0x0016e230	0x00161780	UNCONDITIONAL_CALL	0
0x0016e23d	0x0016e28b	CONDITIONAL_JUMP	0
0x0016e245	0x001e0114	READ	1
0x0016e24e	0xStack[-0x8]	READ	1
0x0016e252	0x001580c4	UNCONDITIONAL_CALL	0
0x0016e25a	0x001e0118	READ	1
0x0016e263	0x001e011c	READ	1
0x0016e269	0x00200002	DATA	1
0x0016e26c	0x001e0120	READ	1
0x0016e275	0xStack[-0xc]	READ	1
0x0016e27b	0xStack[-0xc]	READ	1
0x0016e28b	0xStack[-0x10]	READ	1
0x0016e298	0xStack[0x4]	READ	1
0x0016e29b	0xStack[0x8]	READ	1
0x0016e2a2	0x0016e2a9	CONDITIONAL_JUMP	0
0x0016e2a7	0x0016e2b4	CONDITIONAL_JUMP	0
0x0016e2b0	0x0016e2c6	UNCONDITIONAL_JUMP	0
0x0016e2b8	0x00157fdc	UNCONDITIONAL_CALL	0
0x0016e2be	0x00161834	UNCONDITIONAL_CALL	0
0x0016e2c6	0xStack[-0x8]	READ	1
0x0016e2d4	0xStack[0x4]	READ	1
0x0016e2d7	0xStack[0x8]	READ	1
0x0016e2de	0x0016e2e5	CONDITIONAL_JUMP	0
0x0016e2e3	0x0016e2f0	CONDITIONAL_JUMP	0
0x0016e2ec	0x0016e302	UNCONDITIONAL_JUMP	0
0x0016e2f4	0x00157fdc	UNCONDITIONAL_CALL	0
0x0016e2fa	0x00161854	UNCONDITIONAL_CALL	0
0x0016e302	0xStack[-0x8]	READ	1
0x0016e311	0xStack[0x4]	READ	1
0x0016e314	0xStack[0x8]	READ	1
0x0016e31d	0x0016e344	CONDITIONAL_JUMP	0
0x0016e322	0x0016e344	CONDITIONAL_JUMP	0
0x0016e32b	0x0016e344	CONDITIONAL_JUMP	0
0x0016e32d	0x00200002	DATA	1
0x0016e334	0x0016e344	CONDITIONAL_JUMP	0
0x0016e342	0x0016e350	CONDITIONAL_JUMP	0
0x0016e34b	0x0016e36a	UNCONDITIONAL_JUMP	0
0x0016e359	0x00157fdc	UNCONDITIONAL_CALL	0
0x0016e362	0x00161874	UNCONDITIONAL_CALL	0
0x0016e36a	0xStack[-0xc]	DATA	0
0x0016e37b	0xStack[0x4]	READ	1
0x0016e37e	0xStack[0x8]	READ	1
0x0016e385	0x0016e38c	CONDITIONAL_JUMP	0
0x0016e38a	0x0016e398	CONDITIONAL_JUMP	0
0x0016e393	0x0016e3da	UNCONDITIONAL_JUMP	0
0x0016e398	0xStack[-0x8]	DATA	0
0x0016e3a0	0x00157f4c	UNCONDITIONAL_CALL	0
0x0016e3a9	0x00157eec	UNCONDITIONAL_CALL	0
0x0016e3b6	0x0016e3da	CONDITIONAL_JUMP	0
0x0016e3c5	0x001e0124	READ	1
0x0016e3ce	0xStack[-0x8]	READ	1
0x0016e3d2	0x0015814c	UNCONDITIONAL_CALL	0
0x0016e3da	0xStack[-0xc]	READ	1
0x0016e3eb	0xStack[0x4]	READ	1
0x0016e3ee	0xStack[0x8]	READ	1
0x0016e3f5	0x0016e3fc	CONDITIONAL_JUMP	0
0x0016e3fa	0x0016e408	CONDITIONAL_JUMP	0
0x0016e403	0x0016e463	UNCONDITIONAL_JUMP	0
0x0016e408	0xStack[-0xc]	DATA	0
0x0016e40c	0xStack[-0x8]	DATA	0
0x0016e414	0x00157f4c	UNCONDITIONAL_CALL	0
0x0016e41d	0x001618a8	UNCONDITIONAL_CALL	0
0x0016e42a	0x0016e463	CONDITIONAL_JUMP	0
0x0016e439	0x001e0128	READ	1
0x0016e442	0xStack[-0x8]	READ	1
0x0016e446	0x001580f0	UNCONDITIONAL_CALL	0
0x0016e44e	0x001e012c	READ	1
0x0016e457	0xStack[-0xc]	READ	1
0x0016e45b	0x0015814c	UNCONDITIONAL_CALL	0
0x0016e463	0xStack[-0x10]	READ	1
0x0016e471	0xStack[0x4]	READ	1
0x0016e474	0xStack[0x8]	READ	1
0x0016e47b	0x0016e482	CONDITIONAL_JUMP	0
0x0016e480	0x0016e48c	CONDITIONAL_JUMP	0
0x0016e489	0x0016e4a6	UNCONDITIONAL_JUMP	0
0x0016e490	0x00158020	UNCONDITIONAL_CALL	0
0x0016e498	0x001618b4	UNCONDITIONAL_CALL	0
0x0016e4a1	0x001616f0	UNCONDITIONAL_CALL	0
0x0016e4a6	0xStack[-0xc]	DATA	0
0x0016e4b9	0xStack[0x4]	READ	1
0x0016e4bc	0xStack[0x8]	READ	1
0x0016e4c3	0x0016e4d4	CONDITIONAL_JUMP	0
0x0016e4c8	0x0016e4d4	CONDITIONAL_JUMP	0
0x0016e4ca	0x001e0130	READ	1
0x0016e4d2	0x0016e4e0	CONDITIONAL_JUMP	0
0x0016e4db	0x0016e566	UNCONDITIONAL_JUMP	0
0x0016e4e4	0x00158070	UNCONDITIONAL_CALL	0
0x0016e4eb	0xStack[-0xc]	WRITE	0
0x0016e4f2	0xStack[-0xc]	DATA	0
0x0016e4fa	0xStack[-0x8]	DATA	0
0x0016e503	0x0016191c	UNCONDITIONAL_CALL	0
0x0016e50c	0x001616f0	UNCONDITIONAL_CALL	0
0x0016e518	0x0016e566	CONDITIONAL_JUMP	0
0x0016e520	0x001e0134	READ	1
0x0016e529	0xStack[-0x8]	READ	1
0x0016e52d	0x001580c4	UNCONDITIONAL_CALL	0
0x0016e535	0x001e0138	READ	1
0x0016e53e	0x001e013c	READ	1
0x0016e544	0x00200002	DATA	1
0x0016e547	0x001e0140	READ	1
0x0016e550	0xStack[-0xc]	READ	1
0x0016e556	0xStack[-0xc]	READ	1
0x0016e566	0xStack[-0x18]	DATA	0
0x0016e576	0xStack[0x4]	READ	1
0x0016e579	0xStack[0x8]	READ	1
0x0016e580	0x0016e5a0	CONDITIONAL_JUMP	0
0x0016e585	0x0016e5a0	CONDITIONAL_JUMP	0
0x0016e594	0x0016e5a0	CONDITIONAL_JUMP	0
0x0016e596	0x001e0144	READ	1
0x0016e59e	0x0016e5ac	CONDITIONAL_JUMP	0
0x0016e5a7	0x0016e5f2	UNCONDITIONAL_JUMP	0
0x0016e5b0	0x00158020	UNCONDITIONAL_CALL	0
0x0016e5c0	0x00157fdc	UNCONDITIONAL_CALL	0
0x0016e5c9	0x0015dfd8	UNCONDITIONAL_CALL	0
0x0016e5d2	0x001616f0	UNCONDITIONAL_CALL	0
0x0016e5de	0x0016e5f2	CONDITIONAL_JUMP	0
0x0016e5e5	0x0016e5f2	CONDITIONAL_JUMP	0
0x0016e5ea	0x0016e5f2	CONDITIONAL_JUMP	0
0x0016e5ed	0x0014d050	UNCONDITIONAL_CALL	0
0x0016e5f2	0xStack[-0x10]	DATA	0
0x0016e603	0xStack[0x4]	READ	1
0x0016e606	0xStack[0x8]	READ	1
0x0016e60d	0x0016e614	CONDITIONAL_JUMP	0
0x0016e612	0x0016e620	CONDITIONAL_JUMP	0
0x0016e61b	0x0016e662	UNCONDITIONAL_JUMP	0
0x0016e620	0xStack[-0x8]	DATA	0
0x0016e628	0x00157fdc	UNCONDITIONAL_CALL	0
0x0016e631	0x001618c0	UNCONDITIONAL_CALL	0
0x0016e63e	0x0016e662	CONDITIONAL_JUMP	0
0x0016e64d	0x001e0148	READ	1
0x0016e656	0xStack[-0x8]	READ	1
0x0016e65a	0x0015814c	UNCONDITIONAL_CALL	0
0x0016e662	0xStack[-0xc]	READ	1
0x0016e672	0xStack[0x4]	READ	1
0x0016e679	0x0016e68f	CONDITIONAL_JUMP	0
0x0016e67e	0x0016e68f	CONDITIONAL_JUMP	0
0x0016e68d	0x0016e69c	CONDITIONAL_JUMP	0
0x0016e68f	0xStack[0x8]	READ	1
0x0016e699	0x0016e6e9	UNCONDITIONAL_JUMP	0
0x0016e6a0	0x0015a294	UNCONDITIONAL_CALL	0
0x0016e6ab	0x00158020	UNCONDITIONAL_CALL	0
0x0016e6b4	0x0016874c	UNCONDITIONAL_CALL	0
0x0016e6b9	0xStack[0x8]	READ	1
0x0016e6c0	0x001616f0	UNCONDITIONAL_CALL	0
0x0016e6c6	0x00166ea0	UNCONDITIONAL_CALL	0
0x0016e6ce	0xStack[0x8]	READ	1
0x0016e6d5	0x0016e6e9	CONDITIONAL_JUMP	0
0x0016e6dc	0x0016e6e9	CONDITIONAL_JUMP	0
0x0016e6e1	0x0016e6e9	CONDITIONAL_JUMP	0
0x0016e6e4	0x0014d050	UNCONDITIONAL_CALL	0
0x0016e6e9	0xStack[-0x10]	DATA	0
0x0016e6f9	0xStack[0x4]	READ	1
0x0016e6fc	0xStack[0x8]	READ	1
0x0016e703	0x0016e70a	CONDITIONAL_JUMP	0
0x0016e708	0x0016e714	CONDITIONAL_JUMP	0
0x0016e711	0x0016e72e	UNCONDITIONAL_JUMP	0
0x0016e718	0x0015a294	UNCONDITIONAL_CALL	0
0x0016e720	0x00168758	UNCONDITIONAL_CALL	0
0x0016e729	0x00166ea0	UNCONDITIONAL_CALL	0
0x0016e72e	0xStack[-0xc]	DATA	0
0x0016e740	0xStack[0x4]	READ	1
0x0016e743	0xStack[0x8]	READ	1
0x0016e74a	0x0016e751	CONDITIONAL_JUMP	0
0x0016e74f	0x0016e75c	CONDITIONAL_JUMP	0
0x0016e758	0x0016e7a5	UNCONDITIONAL_JUMP	0
0x0016e760	0x0015a294	UNCONDITIONAL_CALL	0
0x0016e767	0xStack[-0x8]	DATA	0
0x0016e76c	0x00168764	UNCONDITIONAL_CALL	0
0x0016e775	0x00166ea0	UNCONDITIONAL_CALL	0
0x0016e781	0x0016e7a5	CONDITIONAL_JUMP	0
0x0016e790	0x001e014c	READ	1
0x0016e799	0xStack[-0x8]	READ	1
0x0016e79d	0x0015814c	UNCONDITIONAL_CALL	0
0x0016e7a5	0xStack[-0x10]	DATA	0
0x0016e7b6	0xStack[0x4]	READ	1
0x0016e7bd	0x0016e7dd	CONDITIONAL_JUMP	0
0x0016e7c2	0x0016e7dd	CONDITIONAL_JUMP	0
0x0016e7d1	0x0016e7dd	CONDITIONAL_JUMP	0
0x0016e7d3	0x001e0150	READ	1
0x0016e7db	0x0016e7ec	CONDITIONAL_JUMP	0
0x0016e7dd	0xStack[0x8]	READ	1
0x0016e7e7	0x0016e83d	UNCONDITIONAL_JUMP	0
0x0016e7f0	0x0015a1a0	UNCONDITIONAL_CALL	0
0x0016e7fb	0x00158020	UNCONDITIONAL_CALL	0
0x0016e808	0x0016696c	UNCONDITIONAL_CALL	0
0x0016e80d	0xStack[0x8]	READ	1
0x0016e814	0x001616f0	UNCONDITIONAL_CALL	0
0x0016e81a	0x00165bec	UNCONDITIONAL_CALL	0
0x0016e822	0xStack[0x8]	READ	1
0x0016e829	0x0016e83d	CONDITIONAL_JUMP	0
0x0016e830	0x0016e83d	CONDITIONAL_JUMP	0
0x0016e835	0x0016e83d	CONDITIONAL_JUMP	0
0x0016e838	0x0014d050	UNCONDITIONAL_CALL	0
0x0016e83d	0xStack[-0x10]	DATA	0
0x0016e84e	0xStack[0x4]	READ	1
0x0016e851	0xStack[0x8]	READ	1
0x0016e858	0x0016e869	CONDITIONAL_JUMP	0
0x0016e85d	0x0016e869	CONDITIONAL_JUMP	0
0x0016e85f	0x001e0154	READ	1
0x0016e867	0x0016e874	CONDITIONAL_JUMP	0
0x0016e870	0x0016e892	UNCONDITIONAL_JUMP	0
0x0016e878	0x0015a1a0	UNCONDITIONAL_CALL	0
0x0016e884	0x00166978	UNCONDITIONAL_CALL	0
0x0016e88d	0x00165bec	UNCONDITIONAL_CALL	0
0x0016e892	0xStack[-0x10]	DATA	0
0x0016e8a4	0xStack[0x4]	READ	1
0x0016e8a7	0xStack[0x8]	READ	1
0x0016e8ae	0x0016e8b5	CONDITIONAL_JUMP	0
0x0016e8b3	0x0016e8c0	CONDITIONAL_JUMP	0
0x0016e8bc	0x0016e909	UNCONDITIONAL_JUMP	0
0x0016e8c4	0x0015a1a0	UNCONDITIONAL_CALL	0
0x0016e8cb	0xStack[-0x8]	DATA	0
0x0016e8d0	0x00166984	UNCONDITIONAL_CALL	0
0x0016e8d9	0x00165bec	UNCONDITIONAL_CALL	0
0x0016e8e5	0x0016e909	CONDITIONAL_JUMP	0
0x0016e8f4	0x001e0158	READ	1
0x0016e8fd	0xStack[-0x8]	READ	1
0x0016e901	0x0015814c	UNCONDITIONAL_CALL	0
0x0016e909	0xStack[-0x10]	DATA	0
0x0016e918	0xStack[0x4]	READ	1
0x0016e91b	0xStack[0x8]	READ	1
0x0016e922	0x0016e929	CONDITIONAL_JUMP	0
0x0016e927	0x0016e934	CONDITIONAL_JUMP	0
0x0016e930	0x0016e973	UNCONDITIONAL_JUMP	0
0x0016e93c	0x00157f4c	UNCONDITIONAL_CALL	0
0x0016e945	0x00157b7c	UNCONDITIONAL_CALL	0
0x0016e94f	0x0016e973	CONDITIONAL_JUMP	0
0x0016e958	0x001e015c	READ	1
0x0016e961	0x001e0160	READ	1
0x0016e96a	0x001e0164	READ	1
0x0016e973	0xStack[-0x8]	READ	1
0x0016e982	0xStack[0x4]	READ	1
0x0016e985	0xStack[0x8]	READ	1
0x0016e98c	0x0016e9a7	CONDITIONAL_JUMP	0
0x0016e991	0x0016e9a7	CONDITIONAL_JUMP	0
0x0016e993	0x001e0168	READ	1
0x0016e99b	0x0016e9a7	CONDITIONAL_JUMP	0
0x0016e99d	0x001e016c	READ	1
0x0016e9a5	0x0016e9b0	CONDITIONAL_JUMP	0
0x0016e9ae	0x0016e9d2	UNCONDITIONAL_JUMP	0
0x0016e9b4	0x0015a294	UNCONDITIONAL_CALL	0
0x0016e9c4	0x00168784	UNCONDITIONAL_CALL	0
0x0016e9cd	0x00166ea0	UNCONDITIONAL_CALL	0
0x0016e9d2	0xStack[-0x10]	DATA	0
0x0016e9e2	0xStack[0x4]	READ	1
0x0016e9e9	0x0016ea09	CONDITIONAL_JUMP	0
0x0016e9ee	0x0016ea09	CONDITIONAL_JUMP	0
0x0016e9fd	0x0016ea09	CONDITIONAL_JUMP	0
0x0016e9ff	0x001e0170	READ	1
0x0016ea07	0x0016ea18	CONDITIONAL_JUMP	0
0x0016ea09	0xStack[0x8]	READ	1
0x0016ea13	0x0016ea69	UNCONDITIONAL_JUMP	0
0x0016ea1c	0x0015a294	UNCONDITIONAL_CALL	0
0x0016ea27	0x00158020	UNCONDITIONAL_CALL	0
0x0016ea34	0x00168870	UNCONDITIONAL_CALL	0
0x0016ea39	0xStack[0x8]	READ	1
0x0016ea40	0x001616f0	UNCONDITIONAL_CALL	0
0x0016ea46	0x00166ea0	UNCONDITIONAL_CALL	0
0x0016ea4e	0xStack[0x8]	READ	1
0x0016ea55	0x0016ea69	CONDITIONAL_JUMP	0
0x0016ea5c	0x0016ea69	CONDITIONAL_JUMP	0
0x0016ea61	0x0016ea69	CONDITIONAL_JUMP	0
0x0016ea64	0x0014d050	UNCONDITIONAL_CALL	0
0x0016ea69	0xStack[-0x10]	DATA	0
0x0016ea7a	0xStack[0x4]	READ	1
0x0016ea7d	0xStack[0x8]	READ	1
0x0016ea84	0x0016ea9f	CONDITIONAL_JUMP	0
0x0016ea89	0x0016ea9f	CONDITIONAL_JUMP	0
0x0016ea8b	0x001e0174	READ	1
0x0016ea93	0x0016ea9f	CONDITIONAL_JUMP	0
0x0016ea95	0x001e0178	READ	1
0x0016ea9d	0x0016eaa8	CONDITIONAL_JUMP	0
0x0016eaa6	0x0016eaca	UNCONDITIONAL_JUMP	0
0x0016eaac	0x0015a1a0	UNCONDITIONAL_CALL	0
0x0016eabc	0x001669b0	UNCONDITIONAL_CALL	0
0x0016eac5	0x00165bec	UNCONDITIONAL_CALL	0
0x0016eaca	0xStack[-0x10]	DATA	0
0x0016eada	0xStack[0x4]	READ	1
0x0016eadd	0xStack[0x8]	READ	1
0x0016eae4	0x0016eaff	CONDITIONAL_JUMP	0
0x0016eae9	0x0016eaff	CONDITIONAL_JUMP	0
0x0016eaeb	0x001e017c	READ	1
0x0016eaf3	0x0016eaff	CONDITIONAL_JUMP	0
0x0016eaf5	0x001e0180	READ	1
0x0016eafd	0x0016eb08	CONDITIONAL_JUMP	0
0x0016eb06	0x0016eb2a	UNCONDITIONAL_JUMP	0
0x0016eb0c	0x00158020	UNCONDITIONAL_CALL	0
0x0016eb1c	0x00161a0c	UNCONDITIONAL_CALL	0
0x0016eb25	0x001616f0	UNCONDITIONAL_CALL	0
0x0016eb2a	0xStack[-0x10]	DATA	0
0x0016eb3a	0xStack[0x4]	READ	1
0x0016eb3d	0xStack[0x8]	READ	1
0x0016eb44	0x0016eb5f	CONDITIONAL_JUMP	0
0x0016eb49	0x0016eb5f	CONDITIONAL_JUMP	0
0x0016eb4b	0x001e0184	READ	1
0x0016eb53	0x0016eb5f	CONDITIONAL_JUMP	0
0x0016eb55	0x001e0188	READ	1
0x0016eb5d	0x0016eb68	CONDITIONAL_JUMP	0
0x0016eb66	0x0016eb8a	UNCONDITIONAL_JUMP	0
0x0016eb6c	0x0015a294	UNCONDITIONAL_CALL	0
0x0016eb7c	0x001688f4	UNCONDITIONAL_CALL	0
0x0016eb85	0x00166ea0	UNCONDITIONAL_CALL	0
0x0016eb8a	0xStack[-0x10]	DATA	0
0x0016eb9a	0xStack[0x4]	READ	1
0x0016eb9d	0xStack[0x8]	READ	1
0x0016eba4	0x0016ebb5	CONDITIONAL_JUMP	0
0x0016eba9	0x0016ebb5	CONDITIONAL_JUMP	0
0x0016ebab	0x001e018c	READ	1
0x0016ebb3	0x0016ebc0	CONDITIONAL_JUMP	0
0x0016ebbc	0x0016ebde	UNCONDITIONAL_JUMP	0
0x0016ebc4	0x00158020	UNCONDITIONAL_CALL	0
0x0016ebd0	0x00161a98	UNCONDITIONAL_CALL	0
0x0016ebd9	0x001616f0	UNCONDITIONAL_CALL	0
0x0016ebde	0xStack[-0x10]	DATA	0
0x0016ebee	0xStack[0x4]	READ	1
0x0016ebf1	0xStack[0x8]	READ	1
0x0016ebf8	0x0016ec13	CONDITIONAL_JUMP	0
0x0016ebfd	0x0016ec13	CONDITIONAL_JUMP	0
0x0016ebff	0x001e0190	READ	1
0x0016ec07	0x0016ec13	CONDITIONAL_JUMP	0
0x0016ec09	0x001e0194	READ	1
0x0016ec11	0x0016ec1c	CONDITIONAL_JUMP	0
0x0016ec1a	0x0016ec3e	UNCONDITIONAL_JUMP	0
0x0016ec20	0x00158020	UNCONDITIONAL_CALL	0
0x0016ec30	0x00161aec	UNCONDITIONAL_CALL	0
0x0016ec39	0x001616f0	UNCONDITIONAL_CALL	0
0x0016ec3e	0xStack[-0x10]	DATA	0
0x0016ec50	0xStack[0x4]	READ	1
0x0016ec53	0xStack[0x8]	READ	1
0x0016ec5a	0x0016ec61	CONDITIONAL_JUMP	0
0x0016ec5f	0x0016ec6c	CONDITIONAL_JUMP	0
0x0016ec68	0x0016ecc2	UNCONDITIONAL_JUMP	0
0x0016ec70	0x00158020	UNCONDITIONAL_CALL	0
0x0016ec77	0xStack[-0x8]	DATA	0
0x0016ec80	0x00161e24	UNCONDITIONAL_CALL	0
0x0016ec89	0x001616f0	UNCONDITIONAL_CALL	0
0x0016ec92	0x0016ecc2	CONDITIONAL_JUMP	0
0x0016eca1	0x001e0198	READ	1
0x0016ecaa	0x001e019c	READ	1
0x0016ecb0	0x00200011	DATA	1
0x0016ecb3	0x001e01a0	READ	1
0x0016ecbc	0xStack[-0x8]	READ	1
0x0016ecc2	0xStack[-0x10]	DATA	0
0x0016ecd4	0xStack[0x4]	READ	1
0x0016ecd7	0xStack[0x8]	READ	1
0x0016ecde	0x0016ece5	CONDITIONAL_JUMP	0
0x0016ece3	0x0016ecf0	CONDITIONAL_JUMP	0
0x0016ecec	0x0016ed46	UNCONDITIONAL_JUMP	0
0x0016ecf4	0x00158020	UNCONDITIONAL_CALL	0
0x0016ecfb	0xStack[-0x8]	DATA	0
0x0016ed04	0x00161e40	UNCONDITIONAL_CALL	0
0x0016ed0d	0x001616f0	UNCONDITIONAL_CALL	0
0x0016ed16	0x0016ed46	CONDITIONAL_JUMP	0
0x0016ed25	0x001e01a4	READ	1
0x0016ed2e	0x001e01a8	READ	1
0x0016ed34	0x00200011	DATA	1
0x0016ed37	0x001e01ac	READ	1
0x0016ed40	0xStack[-0x8]	READ	1
0x0016ed46	0xStack[-0x10]	DATA	0
0x0016ed57	0xStack[0x4]	READ	1
0x0016ed5a	0xStack[0x8]	READ	1
0x0016ed61	0x0016ed68	CONDITIONAL_JUMP	0
0x0016ed66	0x0016ed74	CONDITIONAL_JUMP	0
0x0016ed6f	0x0016edc3	UNCONDITIONAL_JUMP	0
0x0016ed74	0xStack[-0x8]	DATA	0
0x0016ed80	0x00157f4c	UNCONDITIONAL_CALL	0
0x0016ed89	0x00157bac	UNCONDITIONAL_CALL	0
0x0016ed93	0x0016edc3	CONDITIONAL_JUMP	0
0x0016eda2	0x001e01b0	READ	1
0x0016edab	0x001e01b4	READ	1
0x0016edb1	0x00200011	DATA	1
0x0016edb4	0x001e01b8	READ	1
0x0016edbd	0xStack[-0x8]	READ	1
0x0016edc3	0xStack[-0xc]	READ	1
0x0016edd5	0xStack[0x4]	READ	1
0x0016edd8	0xStack[0x8]	READ	1
0x0016eddf	0x0016edf5	CONDITIONAL_JUMP	0
0x0016ede4	0x0016edf5	CONDITIONAL_JUMP	0
0x0016edf3	0x0016ee00	CONDITIONAL_JUMP	0
0x0016edfc	0x0016ee6b	UNCONDITIONAL_JUMP	0
0x0016ee04	0x00158070	UNCONDITIONAL_CALL	0
0x0016ee0b	0xStack[-0x8]	DATA	0
0x0016ee14	0x00157f98	UNCONDITIONAL_CALL	0
0x0016ee1d	0x00157c0c	UNCONDITIONAL_CALL	0
0x0016ee26	0x001616f0	UNCONDITIONAL_CALL	0
0x0016ee32	0x0016ee6b	CONDITIONAL_JUMP	0
0x0016ee39	0x0016ee49	CONDITIONAL_JUMP	0
0x0016ee3e	0x0016ee49	CONDITIONAL_JUMP	0
0x0016ee41	0x0014d050	UNCONDITIONAL_CALL	0
0x0016ee56	0x001e01bc	READ	1
0x0016ee5f	0xStack[-0x8]	READ	1
0x0016ee63	0x001580f0	UNCONDITIONAL_CALL	0
0x0016ee6b	0xStack[-0x14]	DATA	0
0x0016ee7d	0xStack[0x4]	READ	1
0x0016ee80	0xStack[0x8]	READ	1
0x0016ee87	0x0016ee8e	CONDITIONAL_JUMP	0
0x0016ee8c	0x0016ee98	CONDITIONAL_JUMP	0
0x0016ee95	0x0016eeb2	UNCONDITIONAL_JUMP	0
0x0016ee9c	0x0015a294	UNCONDITIONAL_CALL	0
0x0016eea4	0x00165704	UNCONDITIONAL_CALL	0
0x0016eead	0x00166ea0	UNCONDITIONAL_CALL	0
0x0016eeb2	0xStack[-0xc]	DATA	0
0x0016eec0	0xStack[0x4]	READ	1
0x0016eec3	0xStack[0x8]	READ	1
0x0016eeca	0x0016eedc	CONDITIONAL_JUMP	0
0x0016eecf	0x0016eedc	CONDITIONAL_JUMP	0
0x0016eed1	0x001e01c0	READ	1
0x0016eeda	0x0016eee8	CONDITIONAL_JUMP	0
0x0016eee3	0x0016ef05	UNCONDITIONAL_JUMP	0
0x0016eef4	0x00157f98	UNCONDITIONAL_CALL	0
0x0016eefd	0x0015beec	UNCONDITIONAL_CALL	0
0x0016ef05	0xStack[-0x8]	READ	1
0x0016ef10	0xStack[0x4]	READ	1
0x0016ef13	0xStack[0x8]	READ	1
0x0016ef1a	0x0016ef2c	CONDITIONAL_JUMP	0
0x0016ef1f	0x0016ef2c	CONDITIONAL_JUMP	0
0x0016ef21	0x001e01c4	READ	1
0x0016ef2a	0x0016ef38	CONDITIONAL_JUMP	0
0x0016ef33	0x0016ef6d	UNCONDITIONAL_JUMP	0
0x0016ef48	0x00157f98	UNCONDITIONAL_CALL	0
0x0016ef51	0x0015bf58	UNCONDITIONAL_CALL	0
0x0016ef5b	0x0016ef6d	CONDITIONAL_JUMP	0
0x0016ef64	0x001e01c8	READ	1
0x0016ef6d	0xStack[-0x8]	READ	1
0x0016ef78	0xStack[0x4]	READ	1
0x0016ef7b	0xStack[0x8]	READ	1
0x0016ef82	0x0016ef89	CONDITIONAL_JUMP	0
0x0016ef87	0x0016ef94	CONDITIONAL_JUMP	0
0x0016ef90	0x0016efc1	UNCONDITIONAL_JUMP	0
0x0016ef9c	0x00157f4c	UNCONDITIONAL_CALL	0
0x0016efa5	0x0015beb4	UNCONDITIONAL_CALL	0
0x0016efaf	0x0016efc1	CONDITIONAL_JUMP	0
0x0016efb8	0x001e01cc	READ	1
0x0016efc1	0xStack[-0x8]	READ	1
0x0016efcd	0xStack[0x4]	READ	1
0x0016efd0	0xStack[0x8]	READ	1
0x0016effd	0x001e0380	READ	1
0x0016f012	0x0016f01f	CONDITIONAL_JUMP	0
0x0016f014	0x001dd134	DATA	1
0x0016f01d	0x0016f02c	CONDITIONAL_JUMP	0
0x0016f028	0x0016f035	UNCONDITIONAL_JUMP	0
0x0016f035	0xStack[-0xc]	DATA	0
0x0016f043	0xStack[0x4]	READ	1
0x0016f051	0x0016f060	CONDITIONAL_JUMP	0
0x0016f053	0x001e0334	DATA	1
0x0016f070	0xStack[0x4]	READ	1
0x0016f073	0xStack[0x8]	READ	1
0x0016f07a	0x0016f081	CONDITIONAL_JUMP	0
0x0016f07f	0x0016f090	CONDITIONAL_JUMP	0
0x0016f088	0x0016f10f	UNCONDITIONAL_JUMP	0
0x0016f094	0x0015a1f0	UNCONDITIONAL_CALL	0
0x0016f09b	0xStack[-0xc]	DATA	0
0x0016f0a3	0xStack[-0x8]	DATA	0
0x0016f0ac	0x00154bec	UNCONDITIONAL_CALL	0
0x0016f0b5	0x0015a388	UNCONDITIONAL_CALL	0
0x0016f0be	0x0016f10f	CONDITIONAL_JUMP	0
0x0016f0cd	0x001e027c	READ	1
0x0016f0d6	0x001e0280	READ	1
0x0016f0dc	0x0020000f	DATA	1
0x0016f0df	0x001e0284	READ	1
0x0016f0e8	0xStack[-0x8]	READ	1
0x0016f0ee	0x001e0288	READ	1
0x0016f0f7	0x001e028c	READ	1
0x0016f0fd	0x00200002	DATA	1
0x0016f100	0x001e0290	READ	1
0x0016f109	0xStack[-0xc]	READ	1
0x0016f10f	0xStack[-0x14]	DATA	0
0x0016f11e	0xStack[0x4]	READ	1
0x0016f121	0xStack[0x8]	READ	1
0x0016f128	0x0016f139	CONDITIONAL_JUMP	0
0x0016f12d	0x0016f139	CONDITIONAL_JUMP	0
0x0016f12f	0x001e0294	READ	1
0x0016f137	0x0016f144	CONDITIONAL_JUMP	0
0x0016f140	0x0016f17c	UNCONDITIONAL_JUMP	0
0x0016f148	0x0015a1f0	UNCONDITIONAL_CALL	0
0x0016f158	0x001550a4	UNCONDITIONAL_CALL	0
0x0016f161	0x0015a388	UNCONDITIONAL_CALL	0
0x0016f16a	0x0016f17c	CONDITIONAL_JUMP	0
0x0016f173	0x001e0298	READ	1
0x0016f17c	0xStack[-0x10]	DATA	0
0x0016f18e	0xStack[0x4]	READ	1
0x0016f191	0xStack[0x8]	READ	1
0x0016f198	0x0016f1b3	CONDITIONAL_JUMP	0
0x0016f19d	0x0016f1b3	CONDITIONAL_JUMP	0
0x0016f19f	0x001e029c	READ	1
0x0016f1a7	0x0016f1b3	CONDITIONAL_JUMP	0
0x0016f1a9	0x001e02a0	READ	1
0x0016f1b1	0x0016f1bc	CONDITIONAL_JUMP	0
0x0016f1ba	0x0016f1de	UNCONDITIONAL_JUMP	0
0x0016f1c0	0x0015a1f0	UNCONDITIONAL_CALL	0
0x0016f1d0	0x00155100	UNCONDITIONAL_CALL	0
0x0016f1d9	0x0015a388	UNCONDITIONAL_CALL	0
0x0016f1de	0xStack[-0x10]	DATA	0
0x0016f1ee	0xStack[0x4]	READ	1
0x0016f1f1	0xStack[0x8]	READ	1
0x0016f1f8	0x0016f213	CONDITIONAL_JUMP	0
0x0016f1fd	0x0016f213	CONDITIONAL_JUMP	0
0x0016f1ff	0x001e02a4	READ	1
0x0016f207	0x0016f213	CONDITIONAL_JUMP	0
0x0016f209	0x001e02a8	READ	1
0x0016f211	0x0016f21c	CONDITIONAL_JUMP	0
0x0016f21a	0x0016f23e	UNCONDITIONAL_JUMP	0
0x0016f220	0x0015a1f0	UNCONDITIONAL_CALL	0
0x0016f230	0x0015513c	UNCONDITIONAL_CALL	0
0x0016f239	0x0015a388	UNCONDITIONAL_CALL	0
0x0016f23e	0xStack[-0x10]	DATA	0
0x0016f24e	0xStack[0x4]	READ	1
0x0016f251	0xStack[0x8]	READ	1
0x0016f258	0x0016f269	CONDITIONAL_JUMP	0
0x0016f25d	0x0016f269	CONDITIONAL_JUMP	0
0x0016f25f	0x001e02ac	READ	1
0x0016f267	0x0016f274	CONDITIONAL_JUMP	0
0x0016f270	0x0016f2ac	UNCONDITIONAL_JUMP	0
0x0016f278	0x0015a1f0	UNCONDITIONAL_CALL	0
0x0016f288	0x001551d0	UNCONDITIONAL_CALL	0
0x0016f291	0x0015a388	UNCONDITIONAL_CALL	0
0x0016f29a	0x0016f2ac	CONDITIONAL_JUMP	0
0x0016f2a3	0x001e02b0	READ	1
0x0016f2ac	0xStack[-0x10]	DATA	0
0x0016f2be	0xStack[0x4]	READ	1
0x0016f2c1	0xStack[0x8]	READ	1
0x0016f2c8	0x0016f2d9	CONDITIONAL_JUMP	0
0x0016f2cd	0x0016f2d9	CONDITIONAL_JUMP	0
0x0016f2cf	0x001e02b4	READ	1
0x0016f2d7	0x0016f2e4	CONDITIONAL_JUMP	0
0x0016f2e0	0x0016f302	UNCONDITIONAL_JUMP	0
0x0016f2e8	0x0015a1f0	UNCONDITIONAL_CALL	0
0x0016f2f4	0x00155250	UNCONDITIONAL_CALL	0
0x0016f2fd	0x0015a388	UNCONDITIONAL_CALL	0
0x0016f302	0xStack[-0x10]	DATA	0
0x0016f312	0xStack[0x4]	READ	1
0x0016f315	0xStack[0x8]	READ	1
0x0016f31c	0x0016f32d	CONDITIONAL_JUMP	0
0x0016f321	0x0016f32d	CONDITIONAL_JUMP	0
0x0016f323	0x001e02b8	READ	1
0x0016f32b	0x0016f338	CONDITIONAL_JUMP	0
0x0016f334	0x0016f356	UNCONDITIONAL_JUMP	0
0x0016f33c	0x0015a1f0	UNCONDITIONAL_CALL	0
0x0016f348	0x00155294	UNCONDITIONAL_CALL	0
0x0016f351	0x0015a388	UNCONDITIONAL_CALL	0
0x0016f356	0xStack[-0x10]	DATA	0
0x0016f366	0xStack[0x4]	READ	1
0x0016f369	0xStack[0x8]	READ	1
0x0016f370	0x0016f38b	CONDITIONAL_JUMP	0
0x0016f375	0x0016f38b	CONDITIONAL_JUMP	0
0x0016f377	0x001e02bc	READ	1
0x0016f37f	0x0016f38b	CONDITIONAL_JUMP	0
0x0016f381	0x001e02c0	READ	1
0x0016f389	0x0016f394	CONDITIONAL_JUMP	0
0x0016f392	0x0016f3d0	UNCONDITIONAL_JUMP	0
0x0016f398	0x0015a1f0	UNCONDITIONAL_CALL	0
0x0016f3ac	0x001552d8	UNCONDITIONAL_CALL	0
0x0016f3b5	0x0015a388	UNCONDITIONAL_CALL	0
0x0016f3be	0x0016f3d0	CONDITIONAL_JUMP	0
0x0016f3c7	0x001e02c4	READ	1
0x0016f3d0	0xStack[-0x10]	DATA	0
0x0016f3e2	0xStack[0x4]	READ	1
0x0016f3e5	0xStack[0x8]	READ	1
0x0016f3ec	0x0016f411	CONDITIONAL_JUMP	0
0x0016f3f1	0x0016f411	CONDITIONAL_JUMP	0
0x0016f3f3	0x001e02c8	READ	1
0x0016f3fb	0x0016f411	CONDITIONAL_JUMP	0
0x0016f3fd	0x001e02cc	READ	1
0x0016f405	0x0016f411	CONDITIONAL_JUMP	0
0x0016f407	0x001e02d0	READ	1
0x0016f40f	0x0016f41c	CONDITIONAL_JUMP	0
0x0016f418	0x0016f442	UNCONDITIONAL_JUMP	0
0x0016f420	0x0015a1f0	UNCONDITIONAL_CALL	0
0x0016f434	0x001553a4	UNCONDITIONAL_CALL	0
0x0016f43d	0x0015a388	UNCONDITIONAL_CALL	0
0x0016f442	0xStack[-0x10]	DATA	0
0x0016f452	0xStack[0x4]	READ	1
0x0016f455	0xStack[0x8]	READ	1
0x0016f45c	0x0016f46d	CONDITIONAL_JUMP	0
0x0016f461	0x0016f46d	CONDITIONAL_JUMP	0
0x0016f463	0x001e02d4	READ	1
0x0016f46b	0x0016f478	CONDITIONAL_JUMP	0
0x0016f474	0x0016f4b0	UNCONDITIONAL_JUMP	0
0x0016f47c	0x0015a1f0	UNCONDITIONAL_CALL	0
0x0016f48c	0x001553fc	UNCONDITIONAL_CALL	0
0x0016f495	0x0015a388	UNCONDITIONAL_CALL	0
0x0016f49e	0x0016f4b0	CONDITIONAL_JUMP	0
0x0016f4a7	0x001e02d8	READ	1
0x0016f4b0	0xStack[-0x10]	DATA	0
0x0016f4c2	0xStack[0x4]	READ	1
0x0016f4c5	0xStack[0x8]	READ	1
0x0016f4cc	0x0016f4e7	CONDITIONAL_JUMP	0
0x0016f4d1	0x0016f4e7	CONDITIONAL_JUMP	0
0x0016f4d3	0x001e02dc	READ	1
0x0016f4db	0x0016f4e7	CONDITIONAL_JUMP	0
0x0016f4dd	0x001e02e0	READ	1
0x0016f4e5	0x0016f4f0	CONDITIONAL_JUMP	0
0x0016f4ee	0x0016f512	UNCONDITIONAL_JUMP	0
0x0016f4f4	0x0015a1f0	UNCONDITIONAL_CALL	0
0x0016f504	0x00155454	UNCONDITIONAL_CALL	0
0x0016f50d	0x0015a388	UNCONDITIONAL_CALL	0
0x0016f512	0xStack[-0x10]	DATA	0
0x0016f522	0xStack[0x4]	READ	1
0x0016f525	0xStack[0x8]	READ	1
0x0016f52c	0x0016f547	CONDITIONAL_JUMP	0
0x0016f531	0x0016f547	CONDITIONAL_JUMP	0
0x0016f533	0x001e02e4	READ	1
0x0016f53b	0x0016f547	CONDITIONAL_JUMP	0
0x0016f53d	0x001e02e8	READ	1
0x0016f545	0x0016f550	CONDITIONAL_JUMP	0
0x0016f54e	0x0016f572	UNCONDITIONAL_JUMP	0
0x0016f554	0x0015a1f0	UNCONDITIONAL_CALL	0
0x0016f564	0x001554ac	UNCONDITIONAL_CALL	0
0x0016f56d	0x0015a388	UNCONDITIONAL_CALL	0
0x0016f572	0xStack[-0x10]	DATA	0
0x0016f585	0xStack[0x4]	READ	1
0x0016f588	0xStack[0x8]	READ	1
0x0016f58f	0x0016f5a0	CONDITIONAL_JUMP	0
0x0016f594	0x0016f5a0	CONDITIONAL_JUMP	0
0x0016f596	0x001e02ec	READ	1
0x0016f59e	0x0016f5ac	CONDITIONAL_JUMP	0
0x0016f5a7	0x0016f606	UNCONDITIONAL_JUMP	0
0x0016f5b0	0x0015a1f0	UNCONDITIONAL_CALL	0
0x0016f5b7	0xStack[-0x8]	DATA	0
0x0016f5c4	0x0015558c	UNCONDITIONAL_CALL	0
0x0016f5cd	0x0015a388	UNCONDITIONAL_CALL	0
0x0016f5d6	0x0016f606	CONDITIONAL_JUMP	0
0x0016f5e5	0x001e02f0	READ	1
0x0016f5ee	0x001e02f4	READ	1
0x0016f5f4	0x0020000f	DATA	1
0x0016f5f7	0x001e02f8	READ	1
0x0016f600	0xStack[-0x8]	READ	1
0x0016f606	0xStack[-0x14]	DATA	0
0x0016f616	0xStack[0x4]	READ	1
0x0016f619	0xStack[0x8]	READ	1
0x0016f620	0x0016f63b	CONDITIONAL_JUMP	0
0x0016f625	0x0016f63b	CONDITIONAL_JUMP	0
0x0016f627	0x001e02fc	READ	1
0x0016f62f	0x0016f63b	CONDITIONAL_JUMP	0
0x0016f631	0x001e0300	READ	1
0x0016f639	0x0016f644	CONDITIONAL_JUMP	0
0x0016f642	0x0016f666	UNCONDITIONAL_JUMP	0
0x0016f648	0x0015a1f0	UNCONDITIONAL_CALL	0
0x0016f658	0x00155858	UNCONDITIONAL_CALL	0
0x0016f661	0x0015a388	UNCONDITIONAL_CALL	0
0x0016f666	0xStack[-0x10]	DATA	0
0x0016f676	0xStack[0x4]	READ	1
0x0016f679	0xStack[0x8]	READ	1
0x0016f680	0x0016f6b4	CONDITIONAL_JUMP	0
0x0016f685	0x0016f6b4	CONDITIONAL_JUMP	0
0x0016f687	0x001e0304	READ	1
0x0016f68f	0x0016f6b4	CONDITIONAL_JUMP	0
0x0016f691	0x001e0308	READ	1
0x0016f699	0x0016f6b4	CONDITIONAL_JUMP	0
0x0016f69b	0x001e030c	READ	1
0x0016f6a3	0x0016f6b4	CONDITIONAL_JUMP	0
0x0016f6b2	0x0016f6c0	CONDITIONAL_JUMP	0
0x0016f6bb	0x0016f70a	UNCONDITIONAL_JUMP	0
0x0016f6c4	0x0015a1f0	UNCONDITIONAL_CALL	0
0x0016f6e0	0x001558ec	UNCONDITIONAL_CALL	0
0x0016f6e9	0x0015a388	UNCONDITIONAL_CALL	0
0x0016f6f2	0x0016f70a	CONDITIONAL_JUMP	0
0x0016f701	0x001e0310	READ	1
0x0016f70a	0xStack[-0x10]	DATA	0
0x0016f71a	0xStack[0x4]	READ	1
0x0016f71d	0xStack[0x8]	READ	1
0x0016f72e	0x0016f73a	CONDITIONAL_JUMP	0
0x0016f730	0x001e0314	READ	1
0x0016f738	0x0016f744	CONDITIONAL_JUMP	0
0x0016f741	0x0016f79b	UNCONDITIONAL_JUMP	0
0x0016f74b	0x0016f769	CONDITIONAL_JUMP	0
0x0016f754	0x0016f75a	CONDITIONAL_JUMP	0
0x0016f758	0x0016f769	CONDITIONAL_JUMP	0
0x0016f767	0x0016f774	CONDITIONAL_JUMP	0
0x0016f770	0x0016f79b	UNCONDITIONAL_JUMP	0
0x0016f778	0x0015a1f0	UNCONDITIONAL_CALL	0
0x0016f78d	0x001559ec	UNCONDITIONAL_CALL	0
0x0016f796	0x0015a388	UNCONDITIONAL_CALL	0
0x0016f79b	0xStack[-0x10]	DATA	0
0x0016f7b1	0xStack[0x4]	READ	1
0x0016f7b4	0xStack[0x8]	READ	1
0x0016f7bb	0x0016f7d6	CONDITIONAL_JUMP	0
0x0016f7c0	0x0016f7d6	CONDITIONAL_JUMP	0
0x0016f7c2	0x001e0318	READ	1
0x0016f7ca	0x0016f7d6	CONDITIONAL_JUMP	0
0x0016f7cc	0x001e031c	READ	1
0x0016f7d4	0x0016f7e4	CONDITIONAL_JUMP	0
0x0016f7dd	0x0016f875	UNCONDITIONAL_JUMP	0
0x0016f7e8	0x0015a1f0	UNCONDITIONAL_CALL	0
0x0016f7ef	0xStack[-0x8]	DATA	0
0x0016f800	0x00155a44	UNCONDITIONAL_CALL	0
0x0016f809	0x0015a388	UNCONDITIONAL_CALL	0
0x0016f815	0x0016f875	CONDITIONAL_JUMP	0
0x0016f823	0x001e0320	READ	1
0x0016f82c	0xStack[-0x8]	READ	0
0x0016f830	0x0016f85b	CONDITIONAL_JUMP	0
0x0016f837	0x0016f85b	CONDITIONAL_JUMP	0
0x0016f83c	0x0016f85b	CONDITIONAL_JUMP	0
0x0016f843	0x0016f85b	CONDITIONAL_JUMP	0
0x0016f848	0x0016f85b	CONDITIONAL_JUMP	0
0x0016f84c	0x0014ce18	UNCONDITIONAL_CALL	0
0x0016f853	0x0016f85b	CONDITIONAL_JUMP	0
0x0016f85b	0xStack[-0x8]	READ	1
0x0016f864	0x0016f868	CONDITIONAL_JUMP	0
0x0016f86d	0x0016f875	CONDITIONAL_JUMP	0
0x0016f875	0xStack[-0x14]	DATA	0
0x0016f886	0xStack[0x4]	READ	1
0x0016f889	0xStack[0x8]	READ	1
0x0016f890	0x0016f8a1	CONDITIONAL_JUMP	0
0x0016f895	0x0016f8a1	CONDITIONAL_JUMP	0
0x0016f897	0x001e0324	READ	1
0x0016f89f	0x0016f8ac	CONDITIONAL_JUMP	0
0x0016f8a8	0x0016f8e4	UNCONDITIONAL_JUMP	0
0x0016f8b0	0x0015a1f0	UNCONDITIONAL_CALL	0
0x0016f8c0	0x00155a9c	UNCONDITIONAL_CALL	0
0x0016f8c9	0x0015a388	UNCONDITIONAL_CALL	0
0x0016f8d2	0x0016f8e4	CONDITIONAL_JUMP	0
0x0016f8db	0x001e0328	READ	1
0x0016f8e4	0xStack[-0x10]	DATA	0
0x0016f8f6	0xStack[0x4]	READ	1
0x0016f8f9	0xStack[0x8]	READ	1
0x0016f900	0x0016f91b	CONDITIONAL_JUMP	0
0x0016f905	0x0016f91b	CONDITIONAL_JUMP	0
0x0016f907	0x001e032c	READ	1
0x0016f90f	0x0016f91b	CONDITIONAL_JUMP	0
0x0016f911	0x001e0330	READ	1
0x0016f919	0x0016f924	CONDITIONAL_JUMP	0
0x0016f922	0x0016f946	UNCONDITIONAL_JUMP	0
0x0016f928	0x0015a1f0	UNCONDITIONAL_CALL	0
0x0016f938	0x001554f0	UNCONDITIONAL_CALL	0
0x0016f941	0x0015a388	UNCONDITIONAL_CALL	0
0x0016f946	0xStack[-0x10]	DATA	0
0x0016f955	0xStack[0x4]	READ	1
0x0016f958	0xStack[0x8]	READ	1
0x0016f985	0x001e0704	READ	1
0x0016f99a	0x0016f9a7	CONDITIONAL_JUMP	0
0x0016f99c	0x001de624	DATA	1
0x0016f9a5	0x0016f9b4	CONDITIONAL_JUMP	0
0x0016f9b0	0x0016f9bd	UNCONDITIONAL_JUMP	0
0x0016f9bd	0xStack[-0xc]	DATA	0
0x0016f9cb	0xStack[0x4]	READ	1
0x0016f9d9	0x0016f9e8	CONDITIONAL_JUMP	0
0x0016f9db	0x001e0564	DATA	1
0x0016f9f9	0xStack[0x4]	READ	1
0x0016f9fc	0xStack[0x8]	READ	1
0x0016fa03	0x0016fa14	CONDITIONAL_JUMP	0
0x0016fa08	0x0016fa14	CONDITIONAL_JUMP	0
0x0016fa0a	0x001e0384	READ	1
0x0016fa12	0x0016fa20	CONDITIONAL_JUMP	0
0x0016fa1b	0x0016fa6d	UNCONDITIONAL_JUMP	0
0x0016fa24	0x0015a1a0	UNCONDITIONAL_CALL	0
0x0016fa2b	0xStack[-0x8]	DATA	0
0x0016fa34	0x00165a20	UNCONDITIONAL_CALL	0
0x0016fa3d	0x00165bec	UNCONDITIONAL_CALL	0
0x0016fa49	0x0016fa6d	CONDITIONAL_JUMP	0
0x0016fa58	0x001e0388	READ	1
0x0016fa61	0xStack[-0x8]	READ	1
0x0016fa65	0x0015a2e4	UNCONDITIONAL_CALL	0
0x0016fa6d	0xStack[-0x14]	DATA	0
0x0016fa7d	0xStack[0x4]	READ	1
0x0016fa80	0xStack[0x8]	READ	1
0x0016fa87	0x0016fa8e	CONDITIONAL_JUMP	0
0x0016fa8c	0x0016fa98	CONDITIONAL_JUMP	0
0x0016fa95	0x0016fab2	UNCONDITIONAL_JUMP	0
0x0016fa9c	0x0015a1a0	UNCONDITIONAL_CALL	0
0x0016faa4	0x00165cc0	UNCONDITIONAL_CALL	0
0x0016faad	0x00165bec	UNCONDITIONAL_CALL	0
0x0016fab2	0xStack[-0xc]	DATA	0
0x0016fac4	0xStack[0x4]	READ	1
0x0016fac7	0xStack[0x8]	READ	1
0x0016face	0x0016fad5	CONDITIONAL_JUMP	0
0x0016fad3	0x0016fae0	CONDITIONAL_JUMP	0
0x0016fadc	0x0016fb36	UNCONDITIONAL_JUMP	0
0x0016fae4	0x0015a1a0	UNCONDITIONAL_CALL	0
0x0016faeb	0xStack[-0x8]	DATA	0
0x0016faf4	0x001662d8	UNCONDITIONAL_CALL	0
0x0016fafd	0x00165bec	UNCONDITIONAL_CALL	0
0x0016fb06	0x0016fb36	CONDITIONAL_JUMP	0
0x0016fb15	0x001e038c	READ	1
0x0016fb1e	0x001e0390	READ	1
0x0016fb24	0x00200011	DATA	1
0x0016fb27	0x001e0394	READ	1
0x0016fb30	0xStack[-0x8]	READ	1
0x0016fb36	0xStack[-0x10]	DATA	0
0x0016fb45	0xStack[0x4]	READ	1
0x0016fb48	0xStack[0x8]	READ	1
0x0016fb4f	0x0016fb56	CONDITIONAL_JUMP	0
0x0016fb54	0x0016fb60	CONDITIONAL_JUMP	0
0x0016fb5d	0x0016fb7a	UNCONDITIONAL_JUMP	0
0x0016fb64	0x0015a294	UNCONDITIONAL_CALL	0
0x0016fb6c	0x0016727c	UNCONDITIONAL_CALL	0
0x0016fb75	0x00166ea0	UNCONDITIONAL_CALL	0
0x0016fb7a	0xStack[-0xc]	DATA	0
0x0016fb8a	0xStack[0x4]	READ	1
0x0016fb8d	0xStack[0x8]	READ	1
0x0016fb94	0x0016fbb9	CONDITIONAL_JUMP	0
0x0016fb99	0x0016fbb9	CONDITIONAL_JUMP	0
0x0016fb9b	0x001e0398	READ	1
0x0016fba3	0x0016fbb9	CONDITIONAL_JUMP	0
0x0016fba5	0x001e039c	READ	1
0x0016fbad	0x0016fbb9	CONDITIONAL_JUMP	0
0x0016fbaf	0x001e03a0	READ	1
0x0016fbb7	0x0016fbc4	CONDITIONAL_JUMP	0
0x0016fbc0	0x0016fc06	UNCONDITIONAL_JUMP	0
0x0016fbc8	0x0015a244	UNCONDITIONAL_CALL	0
0x0016fbdc	0x0017c5b8	UNCONDITIONAL_CALL	0
0x0016fbe5	0x001747d8	UNCONDITIONAL_CALL	0
0x0016fbee	0x0016fc06	CONDITIONAL_JUMP	0
0x0016fbf7	0x001e03a4	READ	1
0x0016fc06	0xStack[-0x10]	DATA	0
0x0016fc16	0xStack[0x4]	READ	1
0x0016fc19	0xStack[0x8]	READ	1
0x0016fc20	0x0016fc3b	CONDITIONAL_JUMP	0
0x0016fc25	0x0016fc3b	CONDITIONAL_JUMP	0
0x0016fc27	0x001e03a8	READ	1
0x0016fc2f	0x0016fc3b	CONDITIONAL_JUMP	0
0x0016fc31	0x001e03ac	READ	1
0x0016fc39	0x0016fc44	CONDITIONAL_JUMP	0
0x0016fc42	0x0016fc66	UNCONDITIONAL_JUMP	0
0x0016fc48	0x0015a244	UNCONDITIONAL_CALL	0
0x0016fc58	0x0017c620	UNCONDITIONAL_CALL	0
0x0016fc61	0x001747d8	UNCONDITIONAL_CALL	0
0x0016fc66	0xStack[-0x10]	DATA	0
0x0016fc76	0xStack[0x4]	READ	1
0x0016fc79	0xStack[0x8]	READ	1
0x0016fc80	0x0016fcaf	CONDITIONAL_JUMP	0
0x0016fc85	0x0016fcaf	CONDITIONAL_JUMP	0
0x0016fc87	0x001e03b0	READ	1
0x0016fc8f	0x0016fcaf	CONDITIONAL_JUMP	0
0x0016fc91	0x001e03b4	READ	1
0x0016fc99	0x0016fcaf	CONDITIONAL_JUMP	0
0x0016fc9b	0x001e03b8	READ	1
0x0016fca3	0x0016fcaf	CONDITIONAL_JUMP	0
0x0016fca5	0x001e03bc	READ	1
0x0016fcad	0x0016fcb8	CONDITIONAL_JUMP	0
0x0016fcb6	0x0016fce2	UNCONDITIONAL_JUMP	0
0x0016fcbc	0x0015a244	UNCONDITIONAL_CALL	0
0x0016fcd4	0x0017c6a4	UNCONDITIONAL_CALL	0
0x0016fcdd	0x001747d8	UNCONDITIONAL_CALL	0
0x0016fce2	0xStack[-0x10]	DATA	0
0x0016fcf2	0xStack[0x4]	READ	1
0x0016fcf5	0xStack[0x8]	READ	1
0x0016fcfc	0x0016fd21	CONDITIONAL_JUMP	0
0x0016fd01	0x0016fd21	CONDITIONAL_JUMP	0
0x0016fd03	0x001e03c0	READ	1
0x0016fd0b	0x0016fd21	CONDITIONAL_JUMP	0
0x0016fd0d	0x001e03c4	READ	1
0x0016fd15	0x0016fd21	CONDITIONAL_JUMP	0
0x0016fd17	0x001e03c8	READ	1
0x0016fd1f	0x0016fd2c	CONDITIONAL_JUMP	0
0x0016fd28	0x0016fd52	UNCONDITIONAL_JUMP	0
0x0016fd30	0x0015a244	UNCONDITIONAL_CALL	0
0x0016fd44	0x0017c664	UNCONDITIONAL_CALL	0
0x0016fd4d	0x001747d8	UNCONDITIONAL_CALL	0
0x0016fd52	0xStack[-0x10]	DATA	0
0x0016fd65	0xStack[0x4]	READ	1
0x0016fd68	0xStack[0x8]	READ	1
0x0016fd6f	0x0016fd8a	CONDITIONAL_JUMP	0
0x0016fd74	0x0016fd8a	CONDITIONAL_JUMP	0
0x0016fd76	0x001e03cc	READ	1
0x0016fd7e	0x0016fd8a	CONDITIONAL_JUMP	0
0x0016fd80	0x001e03d0	READ	1
0x0016fd88	0x0016fd94	CONDITIONAL_JUMP	0
0x0016fd91	0x0016fdf2	UNCONDITIONAL_JUMP	0
0x0016fd98	0x0015a244	UNCONDITIONAL_CALL	0
0x0016fd9f	0xStack[-0x8]	DATA	0
0x0016fdb0	0x0017c784	UNCONDITIONAL_CALL	0
0x0016fdb9	0x001747d8	UNCONDITIONAL_CALL	0
0x0016fdc2	0x0016fdf2	CONDITIONAL_JUMP	0
0x0016fdd1	0x001e03d4	READ	1
0x0016fdda	0x001e03d8	READ	1
0x0016fde3	0x001e03dc	READ	1
0x0016fdec	0xStack[-0x8]	READ	1
0x0016fdf2	0xStack[-0x14]	DATA	0
0x0016fe02	0xStack[0x4]	READ	1
0x0016fe05	0xStack[0x8]	READ	1
0x0016fe0c	0x0016fe2f	CONDITIONAL_JUMP	0
0x0016fe11	0x0016fe2f	CONDITIONAL_JUMP	0
0x0016fe13	0x001e03e0	READ	1
0x0016fe1b	0x0016fe2f	CONDITIONAL_JUMP	0
0x0016fe24	0x0016fe2f	CONDITIONAL_JUMP	0
0x0016fe2d	0x0016fe38	CONDITIONAL_JUMP	0
0x0016fe36	0x0016fe5e	UNCONDITIONAL_JUMP	0
0x0016fe3c	0x0015a244	UNCONDITIONAL_CALL	0
0x0016fe50	0x0017c888	UNCONDITIONAL_CALL	0
0x0016fe59	0x001747d8	UNCONDITIONAL_CALL	0
0x0016fe5e	0xStack[-0x10]	DATA	0
0x0016fe6e	0xStack[0x4]	READ	1
0x0016fe71	0xStack[0x8]	READ	1
0x0016fe78	0x0016fe9d	CONDITIONAL_JUMP	0
0x0016fe7d	0x0016fe9d	CONDITIONAL_JUMP	0
0x0016fe7f	0x001e03e4	READ	1
0x0016fe87	0x0016fe9d	CONDITIONAL_JUMP	0
0x0016fe89	0x001e03e8	READ	1
0x0016fe91	0x0016fe9d	CONDITIONAL_JUMP	0
0x0016fe93	0x001e03ec	READ	1
0x0016fe9b	0x0016fea8	CONDITIONAL_JUMP	0
0x0016fea4	0x0016fece	UNCONDITIONAL_JUMP	0
0x0016feac	0x0015a244	UNCONDITIONAL_CALL	0
0x0016fec0	0x0017c8e0	UNCONDITIONAL_CALL	0
0x0016fec9	0x001747d8	UNCONDITIONAL_CALL	0
0x0016fece	0xStack[-0x10]	DATA	0
0x0016fede	0xStack[0x4]	READ	1
0x0016fee1	0xStack[0x8]	READ	1
0x0016fee8	0x0016fef9	CONDITIONAL_JUMP	0
0x0016feed	0x0016fef9	CONDITIONAL_JUMP	0
0x0016feef	0x001e03f0	READ	1
0x0016fef7	0x0016ff08	CONDITIONAL_JUMP	0
0x0016ff00	0x0016ffa6	UNCONDITIONAL_JUMP	0
0x0016ff0c	0x0015a244	UNCONDITIONAL_CALL	0
0x0016ff34	0x00178458	UNCONDITIONAL_CALL	0
0x0016ff40	0x001747d8	UNCONDITIONAL_CALL	0
0x0016ff49	0x0016ffa6	CONDITIONAL_JUMP	0
0x0016ff58	0x001e03f4	READ	1
0x0016ff67	0x001e03f8	READ	1
0x0016ff70	0x001e03fc	READ	1
0x0016ff79	0x001e0400	READ	1
0x0016ff82	0x001e0404	READ	1
0x0016ff8b	0x001e0408	READ	1
0x0016ff94	0x001e040c	READ	1
0x0016ff9d	0x001e0410	READ	1
0x0016ffa6	0xStack[-0x10]	DATA	0
0x0016ffb5	0xStack[0x4]	READ	1
0x0016ffb8	0xStack[0x8]	READ	1
0x0016ffbf	0x0016ffc6	CONDITIONAL_JUMP	0
0x0016ffc4	0x0016ffd0	CONDITIONAL_JUMP	0
0x0016ffcd	0x00170004	UNCONDITIONAL_JUMP	0
0x0016ffd4	0x0015a244	UNCONDITIONAL_CALL	0
0x0016ffe0	0x0017c6e8	UNCONDITIONAL_CALL	0
0x0016ffe9	0x001747d8	UNCONDITIONAL_CALL	0
0x0016fff2	0x00170004	CONDITIONAL_JUMP	0
0x0016fffb	0x001e0414	READ	1
0x00170004	0xStack[-0xc]	DATA	0
0x00170019	0xStack[0x4]	READ	1
0x0017001c	0xStack[0x8]	READ	1
0x00170023	0x00170034	CONDITIONAL_JUMP	0
0x00170028	0x00170034	CONDITIONAL_JUMP	0
0x0017002a	0x001e0418	READ	1
0x00170032	0x00170040	CONDITIONAL_JUMP	0
0x0017003b	0x0017008d	UNCONDITIONAL_JUMP	0
0x00170044	0x0015a1a0	UNCONDITIONAL_CALL	0
0x0017004b	0xStack[-0x8]	DATA	0
0x00170054	0x0017c034	UNCONDITIONAL_CALL	0
0x0017005d	0x00165bec	UNCONDITIONAL_CALL	0
0x00170069	0x0017008d	CONDITIONAL_JUMP	0
0x00170078	0x001e041c	READ	1
0x00170081	0xStack[-0x8]	READ	1
0x00170085	0x0015a2e4	UNCONDITIONAL_CALL	0
0x0017008d	0xStack[-0x14]	DATA	0
0x0017009d	0xStack[0x4]	READ	1
0x001700a0	0xStack[0x8]	READ	1
0x001700a7	0x001700ae	CONDITIONAL_JUMP	0
0x001700ac	0x001700b8	CONDITIONAL_JUMP	0
0x001700b5	0x001700ec	UNCONDITIONAL_JUMP	0
0x001700bc	0x0015a1a0	UNCONDITIONAL_CALL	0
0x001700c8	0x0017c004	UNCONDITIONAL_CALL	0
0x001700d1	0x00165bec	UNCONDITIONAL_CALL	0
0x001700da	0x001700ec	CONDITIONAL_JUMP	0
0x001700e3	0x001e0420	READ	1
0x001700ec	0xStack[-0xc]	DATA	0
0x001700fc	0xStack[0x4]	READ	1
0x001700ff	0xStack[0x8]	READ	1
0x00170106	0x0017014e	CONDITIONAL_JUMP	0
0x0017010b	0x0017014e	CONDITIONAL_JUMP	0
0x0017010d	0x001e0424	READ	1
0x00170115	0x0017014e	CONDITIONAL_JUMP	0
0x00170117	0x001e0428	READ	1
0x0017011f	0x0017014e	CONDITIONAL_JUMP	0
0x00170121	0x001e042c	READ	1
0x00170129	0x0017014e	CONDITIONAL_JUMP	0
0x0017012b	0x001e0430	READ	1
0x00170133	0x0017014e	CONDITIONAL_JUMP	0
0x00170135	0x001e0434	READ	1
0x0017013d	0x0017014e	CONDITIONAL_JUMP	0
0x0017014c	0x00170158	CONDITIONAL_JUMP	0
0x00170155	0x0017017c	UNCONDITIONAL_JUMP	0
0x00170174	0x0015d8f8	UNCONDITIONAL_CALL	0
0x0017017c	0xStack[-0x8]	READ	1
0x00170188	0xStack[0x4]	READ	1
0x0017018b	0xStack[0x8]	READ	1
0x00170192	0x001701a8	CONDITIONAL_JUMP	0
0x00170197	0x001701a8	CONDITIONAL_JUMP	0
0x001701a6	0x001701b4	CONDITIONAL_JUMP	0
0x001701af	0x001701c4	UNCONDITIONAL_JUMP	0
0x001701bc	0x0015d9c0	UNCONDITIONAL_CALL	0
0x001701c4	0xStack[-0x8]	READ	1
0x001701d0	0xStack[0x4]	READ	1
0x001701d3	0xStack[0x8]	READ	1
0x001701da	0x001701e1	CONDITIONAL_JUMP	0
0x001701df	0x001701ec	CONDITIONAL_JUMP	0
0x001701e8	0x00170210	UNCONDITIONAL_JUMP	0
0x001701f4	0x0015de68	UNCONDITIONAL_CALL	0
0x001701fe	0x00170210	CONDITIONAL_JUMP	0
0x00170207	0x001e0438	READ	1
0x00170210	0xStack[-0x8]	READ	1
0x0017021e	0xStack[0x4]	READ	1
0x00170221	0xStack[0x8]	READ	1
0x00170228	0x00170239	CONDITIONAL_JUMP	0
0x0017022d	0x00170239	CONDITIONAL_JUMP	0
0x0017022f	0x001e043c	READ	1
0x00170237	0x00170244	CONDITIONAL_JUMP	0
0x00170240	0x0017027c	UNCONDITIONAL_JUMP	0
0x00170248	0x0015a1a0	UNCONDITIONAL_CALL	0
0x00170258	0x0015de88	UNCONDITIONAL_CALL	0
0x00170261	0x00165bec	UNCONDITIONAL_CALL	0
0x0017026a	0x0017027c	CONDITIONAL_JUMP	0
0x00170273	0x001e0440	READ	1
0x0017027c	0xStack[-0x10]	DATA	0
0x0017028e	0xStack[0x4]	READ	1
0x00170291	0xStack[0x8]	READ	1
0x00170298	0x001702b3	CONDITIONAL_JUMP	0
0x0017029d	0x001702b3	CONDITIONAL_JUMP	0
0x0017029f	0x001e0444	READ	1
0x001702a7	0x001702b3	CONDITIONAL_JUMP	0
0x001702a9	0x001e0448	READ	1
0x001702b1	0x001702bc	CONDITIONAL_JUMP	0
0x001702ba	0x001702de	UNCONDITIONAL_JUMP	0
0x001702c0	0x0015a1a0	UNCONDITIONAL_CALL	0
0x001702d0	0x0015dec0	UNCONDITIONAL_CALL	0
0x001702d9	0x00165bec	UNCONDITIONAL_CALL	0
0x001702de	0xStack[-0x10]	DATA	0
0x001702ed	0xStack[0x4]	READ	1
0x001702f0	0xStack[0x8]	READ	1
0x001702f7	0x001702fe	CONDITIONAL_JUMP	0
0x001702fc	0x00170308	CONDITIONAL_JUMP	0
0x00170305	0x00170322	UNCONDITIONAL_JUMP	0
0x0017030c	0x0015a1a0	UNCONDITIONAL_CALL	0
0x00170314	0x0016649c	UNCONDITIONAL_CALL	0
0x0017031d	0x00165bec	UNCONDITIONAL_CALL	0
0x00170322	0xStack[-0xc]	DATA	0
0x00170331	0xStack[0x4]	READ	1
0x00170334	0xStack[0x8]	READ	1
0x0017033b	0x00170342	CONDITIONAL_JUMP	0
0x00170340	0x0017034c	CONDITIONAL_JUMP	0
0x00170349	0x00170366	UNCONDITIONAL_JUMP	0
0x00170350	0x0015a1a0	UNCONDITIONAL_CALL	0
0x00170358	0x0016663c	UNCONDITIONAL_CALL	0
0x00170361	0x00165bec	UNCONDITIONAL_CALL	0
0x00170366	0xStack[-0xc]	DATA	0
0x00170376	0xStack[0x4]	READ	1
0x00170379	0xStack[0x8]	READ	1
0x00170380	0x00170391	CONDITIONAL_JUMP	0
0x00170385	0x00170391	CONDITIONAL_JUMP	0
0x00170387	0x001e044c	READ	1
0x0017038f	0x0017039c	CONDITIONAL_JUMP	0
0x00170398	0x001703da	UNCONDITIONAL_JUMP	0
0x001703a0	0x0015a1a0	UNCONDITIONAL_CALL	0
0x001703b0	0x00159d2c	UNCONDITIONAL_CALL	0
0x001703b9	0x00165bec	UNCONDITIONAL_CALL	0
0x001703c2	0x001703da	CONDITIONAL_JUMP	0
0x001703d1	0x001e0450	READ	1
0x001703da	0xStack[-0x10]	DATA	0
0x001703ea	0xStack[0x4]	READ	1
0x001703ed	0xStack[0x8]	READ	1
0x001703f4	0x00170414	CONDITIONAL_JUMP	0
0x001703f9	0x00170414	CONDITIONAL_JUMP	0
0x001703fb	0x001e0454	READ	1
0x00170403	0x00170414	CONDITIONAL_JUMP	0
0x00170412	0x00170420	CONDITIONAL_JUMP	0
0x0017041b	0x00170442	UNCONDITIONAL_JUMP	0
0x00170424	0x0015a1a0	UNCONDITIONAL_CALL	0
0x00170434	0x00159e08	UNCONDITIONAL_CALL	0
0x0017043d	0x00165bec	UNCONDITIONAL_CALL	0
0x00170442	0xStack[-0x10]	DATA	0
0x00170455	0xStack[0x4]	READ	1
0x00170458	0xStack[0x8]	READ	1
0x0017045f	0x00170470	CONDITIONAL_JUMP	0
0x00170464	0x00170470	CONDITIONAL_JUMP	0
0x00170466	0x001e0458	READ	1
0x0017046e	0x0017047c	CONDITIONAL_JUMP	0
0x00170477	0x001704e0	UNCONDITIONAL_JUMP	0
0x00170480	0x0015a1a0	UNCONDITIONAL_CALL	0
0x00170487	0xStack[-0x8]	WRITE	0
0x0017048e	0xStack[-0x8]	DATA	0
0x0017049b	0x001666e4	UNCONDITIONAL_CALL	0
0x001704a4	0x00165bec	UNCONDITIONAL_CALL	0
0x001704ad	0x001704e0	CONDITIONAL_JUMP	0
0x001704af	0x001e045c	READ	1
0x001704b8	0x001e0460	READ	1
0x001704be	0x00200002	DATA	1
0x001704c1	0x001e0464	READ	1
0x001704ca	0xStack[-0x8]	READ	1
0x001704d0	0xStack[-0x8]	READ	1
0x001704e0	0xStack[-0x14]	DATA	0
0x001704f4	0xStack[0x4]	READ	1
0x001704f7	0xStack[0x8]	READ	1
0x001704fe	0x00170505	CONDITIONAL_JUMP	0
0x00170503	0x00170510	CONDITIONAL_JUMP	0
0x0017050c	0x00170559	UNCONDITIONAL_JUMP	0
0x00170514	0x0015a1a0	UNCONDITIONAL_CALL	0
0x0017051b	0xStack[-0x8]	DATA	0
0x00170520	0x00166c48	UNCONDITIONAL_CALL	0
0x00170529	0x00165bec	UNCONDITIONAL_CALL	0
0x00170535	0x00170559	CONDITIONAL_JUMP	0
0x00170544	0x001e0468	READ	1
0x0017054d	0xStack[-0x8]	READ	1
0x00170551	0x0015a330	UNCONDITIONAL_CALL	0
0x00170559	0xStack[-0x10]	DATA	0
0x00170569	0xStack[0x4]	READ	1
0x0017056c	0xStack[0x8]	READ	1
0x00170573	0x0017057a	CONDITIONAL_JUMP	0
0x00170578	0x00170584	CONDITIONAL_JUMP	0
0x00170581	0x0017059e	UNCONDITIONAL_JUMP	0
0x00170588	0x0015a294	UNCONDITIONAL_CALL	0
0x00170590	0x00167b98	UNCONDITIONAL_CALL	0
0x00170599	0x00166ea0	UNCONDITIONAL_CALL	0
0x0017059e	0xStack[-0xc]	DATA	0
0x001705ad	0xStack[0x4]	READ	1
0x001705b0	0xStack[0x8]	READ	1
0x001705b7	0x001705be	CONDITIONAL_JUMP	0
0x001705bc	0x001705c8	CONDITIONAL_JUMP	0
0x001705c5	0x001705e2	UNCONDITIONAL_JUMP	0
0x001705cc	0x0015a294	UNCONDITIONAL_CALL	0
0x001705d4	0x00167d48	UNCONDITIONAL_CALL	0
0x001705dd	0x00166ea0	UNCONDITIONAL_CALL	0
0x001705e2	0xStack[-0xc]	DATA	0
0x001705f1	0xStack[0x4]	READ	1
0x001705f4	0xStack[0x8]	READ	1
0x001705fb	0x00170602	CONDITIONAL_JUMP	0
0x00170600	0x0017060c	CONDITIONAL_JUMP	0
0x00170609	0x00170626	UNCONDITIONAL_JUMP	0
0x00170610	0x0015a294	UNCONDITIONAL_CALL	0
0x00170618	0x001683c8	UNCONDITIONAL_CALL	0
0x00170621	0x00166ea0	UNCONDITIONAL_CALL	0
0x00170626	0xStack[-0xc]	DATA	0
0x00170639	0xStack[0x4]	READ	1
0x0017063c	0xStack[0x8]	READ	1
0x00170643	0x00170654	CONDITIONAL_JUMP	0
0x00170648	0x00170654	CONDITIONAL_JUMP	0
0x0017064a	0x001e046c	READ	1
0x00170652	0x00170660	CONDITIONAL_JUMP	0
0x0017065b	0x001706c4	UNCONDITIONAL_JUMP	0
0x00170664	0x0015a294	UNCONDITIONAL_CALL	0
0x0017066b	0xStack[-0x8]	WRITE	0
0x00170672	0xStack[-0x8]	DATA	0
0x0017067f	0x00167de0	UNCONDITIONAL_CALL	0
0x00170688	0x00166ea0	UNCONDITIONAL_CALL	0
0x00170691	0x001706c4	CONDITIONAL_JUMP	0
0x00170693	0x001e0470	READ	1
0x0017069c	0x001e0474	READ	1
0x001706a2	0x00200002	DATA	1
0x001706a5	0x001e0478	READ	1
0x001706ae	0xStack[-0x8]	READ	1
0x001706b4	0xStack[-0x8]	READ	1
0x001706c4	0xStack[-0x14]	DATA	0
0x001706d6	0xStack[0x4]	READ	1
0x001706d9	0xStack[0x8]	READ	1
0x001706e2	0x00170716	CONDITIONAL_JUMP	0
0x001706e7	0x00170716	CONDITIONAL_JUMP	0
0x001706e9	0x001e047c	READ	1
0x001706f1	0x00170716	CONDITIONAL_JUMP	0
0x001706fa	0x00170716	CONDITIONAL_JUMP	0
0x001706fc	0x00200002	DATA	1
0x00170703	0x00170716	CONDITIONAL_JUMP	0
0x00170714	0x00170720	CONDITIONAL_JUMP	0
0x0017071d	0x00170746	UNCONDITIONAL_JUMP	0
0x00170724	0x0015a294	UNCONDITIONAL_CALL	0
0x00170738	0x00167fd0	UNCONDITIONAL_CALL	0
0x00170741	0x00166ea0	UNCONDITIONAL_CALL	0
0x00170746	0xStack[-0x10]	DATA	0
0x00170756	0xStack[0x4]	READ	1
0x00170759	0xStack[0x8]	READ	1
0x00170760	0x00170771	CONDITIONAL_JUMP	0
0x00170765	0x00170771	CONDITIONAL_JUMP	0
0x00170767	0x001e0480	READ	1
0x0017076f	0x0017077c	CONDITIONAL_JUMP	0
0x00170778	0x001707ba	UNCONDITIONAL_JUMP	0
0x00170780	0x0015a294	UNCONDITIONAL_CALL	0
0x00170790	0x00159ee8	UNCONDITIONAL_CALL	0
0x00170799	0x00166ea0	UNCONDITIONAL_CALL	0
0x001707a2	0x001707ba	CONDITIONAL_JUMP	0
0x001707b1	0x001e0484	READ	1
0x001707ba	0xStack[-0x10]	DATA	0
0x001707ca	0xStack[0x4]	READ	1
0x001707cd	0xStack[0x8]	READ	1
0x001707d4	0x001707f4	CONDITIONAL_JUMP	0
0x001707d9	0x001707f4	CONDITIONAL_JUMP	0
0x001707db	0x001e0488	READ	1
0x001707e3	0x001707f4	CONDITIONAL_JUMP	0
0x001707f2	0x00170800	CONDITIONAL_JUMP	0
0x001707fb	0x00170822	UNCONDITIONAL_JUMP	0
0x00170804	0x0015a294	UNCONDITIONAL_CALL	0
0x00170814	0x00159f88	UNCONDITIONAL_CALL	0
0x0017081d	0x00166ea0	UNCONDITIONAL_CALL	0
0x00170822	0xStack[-0x10]	DATA	0
0x00170835	0xStack[0x4]	READ	1
0x00170838	0xStack[0x8]	READ	1
0x0017083f	0x00170850	CONDITIONAL_JUMP	0
0x00170844	0x00170850	CONDITIONAL_JUMP	0
0x00170846	0x001e048c	READ	1
0x0017084e	0x0017085c	CONDITIONAL_JUMP	0
0x00170857	0x001708c0	UNCONDITIONAL_JUMP	0
0x00170860	0x0015a294	UNCONDITIONAL_CALL	0
0x00170867	0xStack[-0x8]	WRITE	0
0x0017086e	0xStack[-0x8]	DATA	0
0x0017087b	0x001681c0	UNCONDITIONAL_CALL	0
0x00170884	0x00166ea0	UNCONDITIONAL_CALL	0
0x0017088d	0x001708c0	CONDITIONAL_JUMP	0
0x0017088f	0x001e0490	READ	1
0x00170898	0x001e0494	READ	1
0x0017089e	0x00200002	DATA	1
0x001708a1	0x001e0498	READ	1
0x001708aa	0xStack[-0x8]	READ	1
0x001708b0	0xStack[-0x8]	READ	1
0x001708c0	0xStack[-0x14]	DATA	0
0x001708d4	0xStack[0x4]	READ	1
0x001708d7	0xStack[0x8]	READ	1
0x001708de	0x001708e5	CONDITIONAL_JUMP	0
0x001708e3	0x001708f4	CONDITIONAL_JUMP	0
0x001708ec	0x00170973	UNCONDITIONAL_JUMP	0
0x001708f8	0x0015a1f0	UNCONDITIONAL_CALL	0
0x001708ff	0xStack[-0xc]	DATA	0
0x00170907	0xStack[-0x8]	DATA	0
0x00170910	0x00155ce8	UNCONDITIONAL_CALL	0
0x00170919	0x0015a388	UNCONDITIONAL_CALL	0
0x00170922	0x00170973	CONDITIONAL_JUMP	0
0x00170931	0x001e049c	READ	1
0x0017093a	0x001e04a0	READ	1
0x00170940	0x00200002	DATA	1
0x00170943	0x001e04a4	READ	1
0x0017094c	0xStack[-0x8]	READ	1
0x00170952	0x001e04a8	READ	1
0x0017095b	0x001e04ac	READ	1
0x00170961	0x00200002	DATA	1
0x00170964	0x001e04b0	READ	1
0x0017096d	0xStack[-0xc]	READ	1
0x00170973	0xStack[-0x14]	DATA	0
0x00170982	0xStack[0x4]	READ	1
0x00170985	0xStack[0x8]	READ	1
0x0017098c	0x0017099d	CONDITIONAL_JUMP	0
0x00170991	0x0017099d	CONDITIONAL_JUMP	0
0x00170993	0x001e04b4	READ	1
0x0017099b	0x001709a8	CONDITIONAL_JUMP	0
0x001709a4	0x001709e0	UNCONDITIONAL_JUMP	0
0x001709ac	0x0015a1f0	UNCONDITIONAL_CALL	0
0x001709bc	0x00155e9c	UNCONDITIONAL_CALL	0
0x001709c5	0x0015a388	UNCONDITIONAL_CALL	0
0x001709ce	0x001709e0	CONDITIONAL_JUMP	0
0x001709d7	0x001e04b8	READ	1
0x001709e0	0xStack[-0x10]	DATA	0
0x001709f2	0xStack[0x4]	READ	1
0x001709f5	0xStack[0x8]	READ	1
0x001709fc	0x00170a17	CONDITIONAL_JUMP	0
0x00170a01	0x00170a17	CONDITIONAL_JUMP	0
0x00170a03	0x001e04bc	READ	1
0x00170a0b	0x00170a17	CONDITIONAL_JUMP	0
0x00170a0d	0x001e04c0	READ	1
0x00170a15	0x00170a20	CONDITIONAL_JUMP	0
0x00170a1e	0x00170a42	UNCONDITIONAL_JUMP	0
0x00170a24	0x0015a1f0	UNCONDITIONAL_CALL	0
0x00170a34	0x00155f68	UNCONDITIONAL_CALL	0
0x00170a3d	0x0015a388	UNCONDITIONAL_CALL	0
0x00170a42	0xStack[-0x10]	DATA	0
0x00170a51	0xStack[0x4]	READ	1
0x00170a54	0xStack[0x8]	READ	1
0x00170a5b	0x00170a62	CONDITIONAL_JUMP	0
0x00170a60	0x00170a6c	CONDITIONAL_JUMP	0
0x00170a69	0x00170aa0	UNCONDITIONAL_JUMP	0
0x00170a70	0x0015a1f0	UNCONDITIONAL_CALL	0
0x00170a7c	0x00155fac	UNCONDITIONAL_CALL	0
0x00170a85	0x0015a388	UNCONDITIONAL_CALL	0
0x00170a8e	0x00170aa0	CONDITIONAL_JUMP	0
0x00170a97	0x001e04c4	READ	1
0x00170aa0	0xStack[-0xc]	DATA	0
0x00170ab2	0xStack[0x4]	READ	1
0x00170ab5	0xStack[0x8]	READ	1
0x00170abc	0x00170acd	CONDITIONAL_JUMP	0
0x00170ac1	0x00170acd	CONDITIONAL_JUMP	0
0x00170ac3	0x001e04c8	READ	1
0x00170acb	0x00170ad8	CONDITIONAL_JUMP	0
0x00170ad4	0x00170af6	UNCONDITIONAL_JUMP	0
0x00170adc	0x0015a1f0	UNCONDITIONAL_CALL	0
0x00170ae8	0x00155ff8	UNCONDITIONAL_CALL	0
0x00170af1	0x0015a388	UNCONDITIONAL_CALL	0
0x00170af6	0xStack[-0x10]	DATA	0
0x00170b06	0xStack[0x4]	READ	1
0x00170b09	0xStack[0x8]	READ	1
0x00170b10	0x00170b2b	CONDITIONAL_JUMP	0
0x00170b15	0x00170b2b	CONDITIONAL_JUMP	0
0x00170b17	0x001e04cc	READ	1
0x00170b1f	0x00170b2b	CONDITIONAL_JUMP	0
0x00170b21	0x001e04d0	READ	1
0x00170b29	0x00170b34	CONDITIONAL_JUMP	0
0x00170b32	0x00170b56	UNCONDITIONAL_JUMP	0
0x00170b38	0x0015a1f0	UNCONDITIONAL_CALL	0
0x00170b48	0x0015606c	UNCONDITIONAL_CALL	0
0x00170b51	0x0015a388	UNCONDITIONAL_CALL	0
0x00170b56	0xStack[-0x10]	DATA	0
0x00170b66	0xStack[0x4]	READ	1
0x00170b69	0xStack[0x8]	READ	1
0x00170b70	0x00170b81	CONDITIONAL_JUMP	0
0x00170b75	0x00170b81	CONDITIONAL_JUMP	0
0x00170b77	0x001e04d4	READ	1
0x00170b7f	0x00170b8c	CONDITIONAL_JUMP	0
0x00170b88	0x00170bfb	UNCONDITIONAL_JUMP	0
0x00170b90	0x0015a1f0	UNCONDITIONAL_CALL	0
0x00170bb0	0x0015622c	UNCONDITIONAL_CALL	0
0x00170bbc	0x0015a388	UNCONDITIONAL_CALL	0
0x00170bc5	0x00170bfb	CONDITIONAL_JUMP	0
0x00170bce	0x001e04d8	READ	1
0x00170bd7	0x001e04dc	READ	1
0x00170be0	0x001e04e0	READ	1
0x00170be9	0x001e04e4	READ	1
0x00170bf2	0x001e04e8	READ	1
0x00170bfb	0xStack[-0x10]	DATA	0
0x00170c0d	0xStack[0x4]	READ	1
0x00170c10	0xStack[0x8]	READ	1
0x00170c17	0x00170c1e	CONDITIONAL_JUMP	0
0x00170c1c	0x00170c28	CONDITIONAL_JUMP	0
0x00170c25	0x00170c5c	UNCONDITIONAL_JUMP	0
0x00170c2c	0x0015a1f0	UNCONDITIONAL_CALL	0
0x00170c38	0x0015637c	UNCONDITIONAL_CALL	0
0x00170c41	0x0015a388	UNCONDITIONAL_CALL	0
0x00170c4a	0x00170c5c	CONDITIONAL_JUMP	0
0x00170c53	0x001e04ec	READ	1
0x00170c5c	0xStack[-0xc]	DATA	0
0x00170c6e	0xStack[0x4]	READ	1
0x00170c71	0xStack[0x8]	READ	1
0x00170c78	0x00170c89	CONDITIONAL_JUMP	0
0x00170c7d	0x00170c89	CONDITIONAL_JUMP	0
0x00170c7f	0x001e04f0	READ	1
0x00170c87	0x00170c94	CONDITIONAL_JUMP	0
0x00170c90	0x00170cb2	UNCONDITIONAL_JUMP	0
0x00170c98	0x0015a1f0	UNCONDITIONAL_CALL	0
0x00170ca4	0x001563c8	UNCONDITIONAL_CALL	0
0x00170cad	0x0015a388	UNCONDITIONAL_CALL	0
0x00170cb2	0xStack[-0x10]	DATA	0
0x00170cc2	0xStack[0x4]	READ	1
0x00170cc5	0xStack[0x8]	READ	1
0x00170ccc	0x00170ce7	CONDITIONAL_JUMP	0
0x00170cd1	0x00170ce7	CONDITIONAL_JUMP	0
0x00170cd3	0x001e04f4	READ	1
0x00170cdb	0x00170ce7	CONDITIONAL_JUMP	0
0x00170cdd	0x001e04f8	READ	1
0x00170ce5	0x00170cf0	CONDITIONAL_JUMP	0
0x00170cee	0x00170d12	UNCONDITIONAL_JUMP	0
0x00170cf4	0x0015a1f0	UNCONDITIONAL_CALL	0
0x00170d04	0x00156420	UNCONDITIONAL_CALL	0
0x00170d0d	0x0015a388	UNCONDITIONAL_CALL	0
0x00170d12	0xStack[-0x10]	DATA	0
0x00170d22	0xStack[0x4]	READ	1
0x00170d25	0xStack[0x8]	READ	1
0x00170d2c	0x00170d3d	CONDITIONAL_JUMP	0
0x00170d31	0x00170d3d	CONDITIONAL_JUMP	0
0x00170d33	0x001e04fc	READ	1
0x00170d3b	0x00170d48	CONDITIONAL_JUMP	0
0x00170d44	0x00170d66	UNCONDITIONAL_JUMP	0
0x00170d4c	0x0015a1f0	UNCONDITIONAL_CALL	0
0x00170d58	0x001564c0	UNCONDITIONAL_CALL	0
0x00170d61	0x0015a388	UNCONDITIONAL_CALL	0
0x00170d66	0xStack[-0x10]	DATA	0
0x00170d79	0xStack[0x4]	READ	1
0x00170d7c	0xStack[0x8]	READ	1
0x00170d83	0x00170d94	CONDITIONAL_JUMP	0
0x00170d88	0x00170d94	CONDITIONAL_JUMP	0
0x00170d8a	0x001e0500	READ	1
0x00170d92	0x00170da0	CONDITIONAL_JUMP	0
0x00170d9b	0x00170dfa	UNCONDITIONAL_JUMP	0
0x00170da4	0x0015a1f0	UNCONDITIONAL_CALL	0
0x00170dab	0xStack[-0x8]	DATA	0
0x00170db8	0x00156540	UNCONDITIONAL_CALL	0
0x00170dc1	0x0015a388	UNCONDITIONAL_CALL	0
0x00170dca	0x00170dfa	CONDITIONAL_JUMP	0
0x00170dd9	0x001e0504	READ	1
0x00170de2	0x001e0508	READ	1
0x00170de8	0x00200002	DATA	1
0x00170deb	0x001e050c	READ	1
0x00170df4	0xStack[-0x8]	READ	1
0x00170dfa	0xStack[-0x14]	DATA	0
0x00170e0a	0xStack[0x4]	READ	1
0x00170e0d	0xStack[0x8]	READ	1
0x00170e14	0x00170e34	CONDITIONAL_JUMP	0
0x00170e19	0x00170e34	CONDITIONAL_JUMP	0
0x00170e28	0x00170e34	CONDITIONAL_JUMP	0
0x00170e2a	0x001e0510	READ	1
0x00170e32	0x00170e40	CONDITIONAL_JUMP	0
0x00170e3b	0x00170e62	UNCONDITIONAL_JUMP	0
0x00170e44	0x0015a1f0	UNCONDITIONAL_CALL	0
0x00170e54	0x0015656c	UNCONDITIONAL_CALL	0
0x00170e5d	0x0015a388	UNCONDITIONAL_CALL	0
0x00170e62	0xStack[-0x10]	DATA	0
0x00170e72	0xStack[0x4]	READ	1
0x00170e75	0xStack[0x8]	READ	1
0x00170e7c	0x00170e8d	CONDITIONAL_JUMP	0
0x00170e81	0x00170e8d	CONDITIONAL_JUMP	0
0x00170e83	0x001e0514	READ	1
0x00170e8b	0x00170e98	CONDITIONAL_JUMP	0
0x00170e94	0x00170ed6	UNCONDITIONAL_JUMP	0
0x00170e9c	0x0015a1f0	UNCONDITIONAL_CALL	0
0x00170eac	0x001565cc	UNCONDITIONAL_CALL	0
0x00170eb5	0x0015a388	UNCONDITIONAL_CALL	0
0x00170ebe	0x00170ed6	CONDITIONAL_JUMP	0
0x00170ecd	0x001e0518	READ	1
0x00170ed6	0xStack[-0x10]	DATA	0
0x00170ee6	0xStack[0x4]	READ	1
0x00170ee9	0xStack[0x8]	READ	1
0x00170ef0	0x00170f10	CONDITIONAL_JUMP	0
0x00170ef5	0x00170f10	CONDITIONAL_JUMP	0
0x00170f04	0x00170f10	CONDITIONAL_JUMP	0
0x00170f06	0x001e051c	READ	1
0x00170f0e	0x00170f1c	CONDITIONAL_JUMP	0
0x00170f17	0x00170f3e	UNCONDITIONAL_JUMP	0
0x00170f20	0x0015a1f0	UNCONDITIONAL_CALL	0
0x00170f30	0x00156600	UNCONDITIONAL_CALL	0
0x00170f39	0x0015a388	UNCONDITIONAL_CALL	0
0x00170f3e	0xStack[-0x10]	DATA	0
0x00170f4e	0xStack[0x4]	READ	1
0x00170f51	0xStack[0x8]	READ	1
0x00170f58	0x00170f69	CONDITIONAL_JUMP	0
0x00170f5d	0x00170f69	CONDITIONAL_JUMP	0
0x00170f5f	0x001e0520	READ	1
0x00170f67	0x00170f74	CONDITIONAL_JUMP	0
0x00170f70	0x00170fde	UNCONDITIONAL_JUMP	0
0x00170f78	0x0015a1f0	UNCONDITIONAL_CALL	0
0x00170f88	0x00156660	UNCONDITIONAL_CALL	0
0x00170f91	0x0015a388	UNCONDITIONAL_CALL	0
0x00170f9d	0x00170fde	CONDITIONAL_JUMP	0
0x00170fac	0x001e0524	READ	1
0x00170fba	0x00170fde	CONDITIONAL_JUMP	0
0x00170fbf	0x00170fde	CONDITIONAL_JUMP	0
0x00170fc6	0x00170fde	CONDITIONAL_JUMP	0
0x00170fcb	0x00170fde	CONDITIONAL_JUMP	0
0x00170fcf	0x0014ce18	UNCONDITIONAL_CALL	0
0x00170fd6	0x00170fde	CONDITIONAL_JUMP	0
0x00170fde	0xStack[-0x10]	DATA	0
0x00170fee	0xStack[0x4]	READ	1
0x00170ff1	0xStack[0x8]	READ	1
0x00170ff8	0x00171018	CONDITIONAL_JUMP	0
0x00170ffd	0x00171018	CONDITIONAL_JUMP	0
0x00170fff	0x001e0528	READ	1
0x00171007	0x00171018	CONDITIONAL_JUMP	0
0x00171016	0x00171024	CONDITIONAL_JUMP	0
0x0017101f	0x00171066	UNCONDITIONAL_JUMP	0
0x00171028	0x0015a1f0	UNCONDITIONAL_CALL	0
0x0017103c	0x0015612c	UNCONDITIONAL_CALL	0
0x00171045	0x0015a388	UNCONDITIONAL_CALL	0
0x0017104e	0x00171066	CONDITIONAL_JUMP	0
0x0017105d	0x001e052c	READ	1
0x00171066	0xStack[-0x10]	DATA	0
0x00171076	0xStack[0x4]	READ	1
0x00171079	0xStack[0x8]	READ	1
0x00171080	0x001710af	CONDITIONAL_JUMP	0
0x00171085	0x001710af	CONDITIONAL_JUMP	0
0x00171087	0x001e0530	READ	1
0x0017108f	0x001710af	CONDITIONAL_JUMP	0
0x00171091	0x001e0534	READ	1
0x00171099	0x001710af	CONDITIONAL_JUMP	0
0x0017109b	0x001e0538	READ	1
0x001710a3	0x001710af	CONDITIONAL_JUMP	0
0x001710a5	0x001e053c	READ	1
0x001710ad	0x001710b8	CONDITIONAL_JUMP	0
0x001710b6	0x001710fe	UNCONDITIONAL_JUMP	0
0x001710bc	0x0015a244	UNCONDITIONAL_CALL	0
0x001710d4	0x0017c754	UNCONDITIONAL_CALL	0
0x001710dd	0x001747d8	UNCONDITIONAL_CALL	0
0x001710e6	0x001710fe	CONDITIONAL_JUMP	0
0x001710ef	0x001e0540	READ	1
0x001710fe	0xStack[-0x10]	DATA	0
0x0017110e	0xStack[0x4]	READ	1
0x00171111	0xStack[0x8]	READ	1
0x00171118	0x00171133	CONDITIONAL_JUMP	0
0x0017111d	0x00171133	CONDITIONAL_JUMP	0
0x0017111f	0x001e0544	READ	1
0x00171127	0x00171133	CONDITIONAL_JUMP	0
0x00171129	0x001e0548	READ	1
0x00171131	0x0017113c	CONDITIONAL_JUMP	0
0x0017113a	0x0017115e	UNCONDITIONAL_JUMP	0
0x00171140	0x0015a244	UNCONDITIONAL_CALL	0
0x00171150	0x0017b9e0	UNCONDITIONAL_CALL	0
0x00171159	0x001747d8	UNCONDITIONAL_CALL	0
0x0017115e	0xStack[-0x10]	DATA	0
0x0017116e	0xStack[0x4]	READ	1
0x00171171	0xStack[0x8]	READ	1
0x00171178	0x0017119d	CONDITIONAL_JUMP	0
0x0017117d	0x0017119d	CONDITIONAL_JUMP	0
0x0017117f	0x001e054c	READ	1
0x00171187	0x0017119d	CONDITIONAL_JUMP	0
0x00171189	0x001e0550	READ	1
0x00171191	0x0017119d	CONDITIONAL_JUMP	0
0x00171193	0x001e0554	READ	1
0x0017119b	0x001711a8	CONDITIONAL_JUMP	0
0x001711a4	0x001711ce	UNCONDITIONAL_JUMP	0
0x001711ac	0x0015a244	UNCONDITIONAL_CALL	0
0x001711c0	0x0017a770	UNCONDITIONAL_CALL	0
0x001711c9	0x001747d8	UNCONDITIONAL_CALL	0
0x001711ce	0xStack[-0x10]	DATA	0
0x001711de	0xStack[0x4]	READ	1
0x001711e1	0xStack[0x8]	READ	1
0x001711e8	0x0017120d	CONDITIONAL_JUMP	0
0x001711ed	0x0017120d	CONDITIONAL_JUMP	0
0x001711ef	0x001e0558	READ	1
0x001711f7	0x0017120d	CONDITIONAL_JUMP	0
0x001711f9	0x001e055c	READ	1
0x00171201	0x0017120d	CONDITIONAL_JUMP	0
0x00171203	0x001e0560	READ	1
0x0017120b	0x00171218	CONDITIONAL_JUMP	0
0x00171214	0x0017123e	UNCONDITIONAL_JUMP	0
0x0017121c	0x0015a244	UNCONDITIONAL_CALL	0
0x00171230	0x0017a820	UNCONDITIONAL_CALL	0
0x00171239	0x001747d8	UNCONDITIONAL_CALL	0
0x0017123e	0xStack[-0x10]	DATA	0
0x00171254	0xStack[0x4]	READ	1
0x00171257	0xStack[0x8]	READ	1
0x0017125e	0x00171279	CONDITIONAL_JUMP	0
0x00171263	0x00171279	CONDITIONAL_JUMP	0
0x00171265	0x001e0708	READ	1
0x0017126d	0x00171279	CONDITIONAL_JUMP	0
0x0017126f	0x001e070c	READ	1
0x00171277	0x00171288	CONDITIONAL_JUMP	0
0x00171280	0x0017140f	UNCONDITIONAL_JUMP	0
0x0017128b	0xStack[-0x7e8]	WRITE	0
0x00171291	0xStack[-0x7ec]	WRITE	0
0x001712a1	0x001712a9	CONDITIONAL_JUMP	0
0x001712a3	0xStack[-0x7ec]	WRITE	0
0x001712a9	0xStack[-0x7e4]	DATA	0
0x001712af	0xStack[-0x7f8]	WRITE	0
0x001712b5	0xStack[-0x7f0]	WRITE	0
0x001712bb	0xStack[-0x7f4]	WRITE	0
0x001712cb	0x001712d3	CONDITIONAL_JUMP	0
0x001712cd	0xStack[-0x7f4]	WRITE	0
0x001712d3	0xStack[-0x7f4]	DATA	0
0x001712da	0xStack[-0x7f0]	DATA	0
0x001712e1	0xStack[-0x7ec]	DATA	0
0x001712e8	0xStack[-0x7e8]	DATA	0
0x001712f3	0x00157f4c	UNCONDITIONAL_CALL	0
0x001712fc	0x0016baf8	UNCONDITIONAL_CALL	0
0x00171309	0x0017140f	CONDITIONAL_JUMP	0
0x00171314	0x001e0710	READ	1
0x0017131d	0x001e0714	READ	1
0x00171326	0x001e0718	READ	1
0x0017132f	0xStack[-0x7e8]	READ	0
0x00171335	0x0017134c	CONDITIONAL_JUMP	0
0x00171341	0xStack[-0x7e8]	READ	1
0x0017134c	0xStack[-0x7ec]	READ	1
0x00171364	0x00171368	CONDITIONAL_JUMP	0
0x00171373	0x001e071c	READ	1
0x0017137c	0x001e0720	READ	1
0x00171382	0x00200002	DATA	1
0x00171385	0x001e0724	READ	1
0x0017138e	0xStack[-0x7f0]	READ	1
0x00171394	0xStack[-0x7fc]	WRITE	0
0x0017139a	0xStack[-0x7f8]	READ	1
0x001713a0	0xStack[-0x7fc]	READ	0
0x001713a6	0x001713c0	CONDITIONAL_JUMP	0
0x001713b2	0xStack[-0x7f0]	READ	1
0x001713bd	0x001713dd	UNCONDITIONAL_JUMP	0
0x001713c0	0xStack[-0x7f4]	READ	1
0x001713d0	0xStack[-0x7fc]	READ	1
0x001713d8	0x001013e4	UNCONDITIONAL_CALL	0
0x001713dd	0xStack[-0x7f4]	READ	1
0x001713f3	0x001713fc	CONDITIONAL_JUMP	0
0x001713f8	0x001713ff	UNCONDITIONAL_JUMP	0
0x001713ff	0xStack[0x8]	READ	1
0x00171404	0x0017140c	CONDITIONAL_JUMP	0
0x0017140f	0xStack[-0x808]	DATA	0
0x00171428	0xStack[0x4]	READ	1
0x0017142b	0xStack[0x8]	READ	1
0x00171432	0x0017144d	CONDITIONAL_JUMP	0
0x00171437	0x0017144d	CONDITIONAL_JUMP	0
0x00171439	0x001e0728	READ	1
0x00171441	0x0017144d	CONDITIONAL_JUMP	0
0x00171443	0x001e072c	READ	1
0x0017144b	0x0017145c	CONDITIONAL_JUMP	0
0x00171454	0x001715eb	UNCONDITIONAL_JUMP	0
0x0017145f	0xStack[-0x808]	WRITE	0
0x00171465	0xStack[-0x80c]	WRITE	0
0x00171477	0x0017147f	CONDITIONAL_JUMP	0
0x00171479	0xStack[-0x80c]	WRITE	0
0x0017147f	0xStack[-0x804]	DATA	0
0x00171485	0xStack[-0x818]	WRITE	0
0x0017148b	0xStack[-0x810]	WRITE	0
0x00171491	0xStack[-0x814]	WRITE	0
0x001714a3	0x001714ab	CONDITIONAL_JUMP	0
0x001714a5	0xStack[-0x814]	WRITE	0
0x001714ab	0xStack[-0x814]	DATA	0
0x001714b2	0xStack[-0x810]	DATA	0
0x001714b9	0xStack[-0x80c]	DATA	0
0x001714c0	0xStack[-0x808]	DATA	0
0x001714cb	0x00157f4c	UNCONDITIONAL_CALL	0
0x001714d4	0x0016be1c	UNCONDITIONAL_CALL	0
0x001714e1	0x001715eb	CONDITIONAL_JUMP	0
0x001714ec	0x001e0730	READ	1
0x001714f5	0x001e0734	READ	1
0x001714fb	0x00200002	DATA	1
0x001714fe	0x001e0738	READ	1
0x00171507	0xStack[-0x808]	READ	0
0x0017150d	0x00171524	CONDITIONAL_JUMP	0
0x00171519	0xStack[-0x808]	READ	1
0x00171524	0xStack[-0x80c]	READ	1
0x00171539	0x00171542	CONDITIONAL_JUMP	0
0x0017154e	0x001e073c	READ	1
0x00171557	0x001e0740	READ	1
0x0017155d	0x00200002	DATA	1
0x00171560	0x001e0744	READ	1
0x00171569	0xStack[-0x810]	READ	1
0x0017156f	0xStack[-0x81c]	WRITE	0
0x00171575	0xStack[-0x818]	READ	1
0x0017157b	0xStack[-0x81c]	READ	0
0x00171581	0x0017159c	CONDITIONAL_JUMP	0
0x0017158d	0xStack[-0x810]	READ	1
0x00171598	0x001715ba	UNCONDITIONAL_JUMP	0
0x0017159c	0xStack[-0x814]	READ	1
0x001715ad	0xStack[-0x81c]	READ	1
0x001715b5	0x001013e4	UNCONDITIONAL_CALL	0
0x001715ba	0xStack[-0x814]	READ	1
0x001715d1	0x001715d8	CONDITIONAL_JUMP	0
0x001715d6	0x001715db	UNCONDITIONAL_JUMP	0
0x001715db	0xStack[0x8]	READ	1
0x001715e0	0x001715e8	CONDITIONAL_JUMP	0
0x001715eb	0xStack[-0x828]	DATA	0
0x00171604	0xStack[0x4]	READ	1
0x00171607	0xStack[0x8]	READ	1
0x0017160e	0x00171629	CONDITIONAL_JUMP	0
0x00171613	0x00171629	CONDITIONAL_JUMP	0
0x00171615	0x001e0774	READ	1
0x0017161d	0x00171629	CONDITIONAL_JUMP	0
0x0017161f	0x001e0778	READ	1
0x00171627	0x00171638	CONDITIONAL_JUMP	0
0x00171630	0x0017182a	UNCONDITIONAL_JUMP	0
0x0017163c	0x0015a1f0	UNCONDITIONAL_CALL	0
0x00171641	0xStack[-0x810]	WRITE	0
0x0017164a	0xStack[-0x804]	WRITE	0
0x00171650	0xStack[-0x7f0]	WRITE	0
0x00171656	0xStack[-0x7f4]	WRITE	0
0x00171669	0x00171671	CONDITIONAL_JUMP	0
0x0017166b	0xStack[-0x7f4]	WRITE	0
0x00171671	0xStack[-0x7ec]	DATA	0
0x00171677	0xStack[-0x808]	WRITE	0
0x0017167d	0xStack[-0x7f8]	WRITE	0
0x00171683	0xStack[-0x7fc]	WRITE	0
0x00171693	0x0017169b	CONDITIONAL_JUMP	0
0x00171695	0xStack[-0x7fc]	WRITE	0
0x0017169b	0xStack[-0x7fc]	DATA	0
0x001716a2	0xStack[-0x7f8]	DATA	0
0x001716a9	0xStack[-0x7f4]	DATA	0
0x001716b0	0xStack[-0x7f0]	DATA	0
0x001716bb	0xStack[-0x810]	READ	1
0x001716c2	0x00151f60	UNCONDITIONAL_CALL	0
0x001716cb	0x0015a388	UNCONDITIONAL_CALL	0
0x001716d7	0x0017182a	CONDITIONAL_JUMP	0
0x001716dd	0xStack[-0x800]	WRITE	0
0x001716e7	0x001e077c	READ	1
0x001716f0	0x001e0780	READ	1
0x001716f9	0x001e0784	READ	1
0x001716ff	0x00200002	DATA	1
0x00171702	0x001e0788	READ	1
0x0017170b	0xStack[-0x804]	READ	1
0x00171711	0xStack[-0x7f0]	READ	0
0x00171717	0x00171736	CONDITIONAL_JUMP	0
0x00171723	0xStack[-0x7f0]	READ	1
0x0017172c	0xStack[-0x800]	WRITE	0
0x00171736	0xStack[-0x7f4]	READ	1
0x0017174b	0x00171754	CONDITIONAL_JUMP	0
0x00171757	0xStack[-0x810]	WRITE	0
0x0017175f	0xStack[-0x80c]	WRITE	0
0x0017176b	0x001e078c	READ	1
0x00171771	0xStack[-0x80c]	READ	1
0x0017177a	0x001e0790	READ	1
0x00171780	0x00200002	DATA	1
0x00171783	0x001e0794	READ	1
0x0017178c	0xStack[-0x7f8]	READ	1
0x00171792	0xStack[-0x808]	READ	0
0x00171798	0x001717bc	CONDITIONAL_JUMP	0
0x001717a4	0xStack[-0x7f8]	READ	1
0x001717ad	0xStack[-0x800]	WRITE	0
0x001717b7	0x001717dc	UNCONDITIONAL_JUMP	0
0x001717bc	0xStack[-0x7fc]	READ	1
0x001717cb	0xStack[-0x80c]	READ	1
0x001717d7	0x001013e4	UNCONDITIONAL_CALL	0
0x001717dc	0xStack[-0x7fc]	READ	1
0x001717f5	0x00171808	CONDITIONAL_JUMP	0
0x001717f7	0xStack[-0x810]	READ	1
0x00171800	0xStack[-0x810]	WRITE	0
0x00171806	0x0017180f	UNCONDITIONAL_JUMP	0
0x00171808	0xStack[-0x810]	READ_WRITE	0
0x0017180f	0xStack[0x8]	READ	1
0x00171812	0xStack[-0x800]	READ	0
0x00171819	0x00171821	CONDITIONAL_JUMP	0
0x00171821	0xStack[-0x810]	READ	1
0x0017182a	0xStack[-0x81c]	DATA	0
0x0017183d	0xStack[0x4]	READ	1
0x00171840	0xStack[0x8]	READ	1
0x0017186d	0x001e0828	READ	1
0x00171882	0x0017188f	CONDITIONAL_JUMP	0
0x00171884	0x001dd8f0	DATA	1
0x0017188d	0x0017189c	CONDITIONAL_JUMP	0
0x00171898	0x001718a5	UNCONDITIONAL_JUMP	0
0x001718a5	0xStack[-0xc]	DATA	0
0x001718b3	0xStack[0x4]	READ	1
0x001718c1	0x001718d0	CONDITIONAL_JUMP	0
0x001718c3	0x001e07d0	DATA	1
0x001718de	0xStack[0x4]	READ	1
0x001718e1	0xStack[0x8]	READ	1
0x001718e8	0x001718f9	CONDITIONAL_JUMP	0
0x001718ed	0x001718f9	CONDITIONAL_JUMP	0
0x001718ef	0x001e0748	READ	1
0x001718f7	0x00171904	CONDITIONAL_JUMP	0
0x00171900	0x0017193c	UNCONDITIONAL_JUMP	0
0x00171908	0x0015a1f0	UNCONDITIONAL_CALL	0
0x00171918	0x00151cbc	UNCONDITIONAL_CALL	0
0x00171921	0x0015a388	UNCONDITIONAL_CALL	0
0x0017192a	0x0017193c	CONDITIONAL_JUMP	0
0x00171933	0x001e074c	READ	1
0x0017193c	0xStack[-0x10]	DATA	0
0x00171950	0xStack[0x4]	READ	1
0x00171953	0xStack[0x8]	READ	1
0x0017195a	0x0017196b	CONDITIONAL_JUMP	0
0x0017195f	0x0017196b	CONDITIONAL_JUMP	0
0x00171961	0x001e0750	READ	1
0x00171969	0x00171978	CONDITIONAL_JUMP	0
0x00171972	0x00171a1a	UNCONDITIONAL_JUMP	0
0x0017197b	0xStack[-0x8]	WRITE	0
0x0017197e	0xStack[-0xc]	WRITE	0
0x0017198d	0x00171992	CONDITIONAL_JUMP	0
0x0017198f	0xStack[-0xc]	WRITE	0
0x00171992	0xStack[-0xc]	DATA	0
0x00171996	0xStack[-0x8]	DATA	0
0x0017199e	0x00157f4c	UNCONDITIONAL_CALL	0
0x001719a7	0x00151d04	UNCONDITIONAL_CALL	0
0x001719b1	0x00171a1a	CONDITIONAL_JUMP	0
0x001719b8	0x001e0754	READ	1
0x001719c1	0x001e0758	READ	1
0x001719c7	0x00200002	DATA	1
0x001719ca	0x001e075c	READ	1
0x001719d3	0xStack[-0x8]	READ	0
0x001719d6	0x001719ea	CONDITIONAL_JUMP	0
0x001719e2	0xStack[-0x8]	READ	1
0x001719ea	0xStack[-0xc]	READ	1
0x001719f4	0x00171a08	CONDITIONAL_JUMP	0
0x001719f6	0xStack[-0xc]	READ	1
0x00171a03	0x00171a0d	UNCONDITIONAL_JUMP	0
0x00171a12	0x00171a1a	CONDITIONAL_JUMP	0
0x00171a1a	0xStack[-0x14]	DATA	0
0x00171a2c	0xStack[0x4]	READ	1
0x00171a2f	0xStack[0x8]	READ	1
0x00171a36	0x00171a47	CONDITIONAL_JUMP	0
0x00171a3b	0x00171a47	CONDITIONAL_JUMP	0
0x00171a3d	0x001e0760	READ	1
0x00171a45	0x00171a54	CONDITIONAL_JUMP	0
0x00171a4e	0x00171b02	UNCONDITIONAL_JUMP	0
0x00171a57	0xStack[-0x8]	WRITE	0
0x00171a5a	0xStack[-0xc]	WRITE	0
0x00171a69	0x00171a6e	CONDITIONAL_JUMP	0
0x00171a6b	0xStack[-0xc]	WRITE	0
0x00171a6e	0xStack[-0xc]	DATA	0
0x00171a72	0xStack[-0x8]	DATA	0
0x00171a7e	0x00157f4c	UNCONDITIONAL_CALL	0
0x00171a87	0x00151e30	UNCONDITIONAL_CALL	0
0x00171a91	0x00171b02	CONDITIONAL_JUMP	0
0x00171a98	0x001e0764	READ	1
0x00171aa1	0x001e0768	READ	1
0x00171aaa	0x001e076c	READ	1
0x00171ab0	0x00200002	DATA	1
0x00171ab3	0x001e0770	READ	1
0x00171abc	0xStack[-0x8]	READ	0
0x00171abf	0x00171ad3	CONDITIONAL_JUMP	0
0x00171acb	0xStack[-0x8]	READ	1
0x00171ad3	0xStack[-0xc]	READ	1
0x00171add	0x00171af0	CONDITIONAL_JUMP	0
0x00171adf	0xStack[-0xc]	READ	1
0x00171aec	0x00171af5	UNCONDITIONAL_JUMP	0
0x00171afa	0x00171b02	CONDITIONAL_JUMP	0
0x00171b02	0xStack[-0x14]	DATA	0
0x00171b12	0xStack[0x4]	READ	1
0x00171b15	0xStack[0x8]	READ	1
0x00171b1c	0x00171b2d	CONDITIONAL_JUMP	0
0x00171b21	0x00171b2d	CONDITIONAL_JUMP	0
0x00171b23	0x001e0798	READ	1
0x00171b2b	0x00171b38	CONDITIONAL_JUMP	0
0x00171b34	0x00171b7d	UNCONDITIONAL_JUMP	0
0x00171b3c	0x0015a1f0	UNCONDITIONAL_CALL	0
0x00171b50	0x001524a8	UNCONDITIONAL_CALL	0
0x00171b59	0x0015a388	UNCONDITIONAL_CALL	0
0x00171b62	0x00171b7d	CONDITIONAL_JUMP	0
0x00171b6b	0x001e079c	READ	1
0x00171b74	0x001e07a0	READ	1
0x00171b7d	0xStack[-0x10]	DATA	0
0x00171b8c	0xStack[0x4]	READ	1
0x00171b8f	0xStack[0x8]	READ	1
0x00171b96	0x00171b9d	CONDITIONAL_JUMP	0
0x00171b9b	0x00171ba8	CONDITIONAL_JUMP	0
0x00171ba4	0x00171c16	UNCONDITIONAL_JUMP	0
0x00171bc4	0x00157f4c	UNCONDITIONAL_CALL	0
0x00171bcd	0x00168bb8	UNCONDITIONAL_CALL	0
0x00171bd7	0x00171c16	CONDITIONAL_JUMP	0
0x00171be0	0x001e07a4	READ	1
0x00171be9	0x001e07a8	READ	1
0x00171bf2	0x001e07ac	READ	1
0x00171bfb	0x001e07b0	READ	1
0x00171c04	0x001e07b4	READ	1
0x00171c0d	0x001e07b8	READ	1
0x00171c16	0xStack[-0x8]	READ	1
0x00171c25	0xStack[0x4]	READ	1
0x00171c28	0xStack[0x8]	READ	1
0x00171c2f	0x00171c36	CONDITIONAL_JUMP	0
0x00171c34	0x00171c40	CONDITIONAL_JUMP	0
0x00171c3d	0x00171ca8	UNCONDITIONAL_JUMP	0
0x00171c44	0x00158070	UNCONDITIONAL_CALL	0
0x00171c60	0x00168c5c	UNCONDITIONAL_CALL	0
0x00171c69	0x001616f0	UNCONDITIONAL_CALL	0
0x00171c72	0x00171ca8	CONDITIONAL_JUMP	0
0x00171c7b	0x001e07bc	READ	1
0x00171c84	0x001e07c0	READ	1
0x00171c8d	0x001e07c4	READ	1
0x00171c96	0x001e07c8	READ	1
0x00171c9f	0x001e07cc	READ	1
0x00171ca8	0xStack[-0xc]	DATA	0
0x00171cc0	0x001e8b54	READ	1
0x00171ccf	0x00159b58	UNCONDITIONAL_CALL	0
0x00171cd4	0x001e7284	WRITE	0
0x00171cdc	0x001e7280	READ	1
0x00171ce3	0x00171ce1	CONDITIONAL_JUMP	0
0x00171cea	0x001e7280	READ_WRITE	0
0x00171cf5	0x00171cdc	CONDITIONAL_JUMP	0
0x00171cf7	0xStack[-0x8]	DATA	0
0x00171cfb	0x001e7284	READ	1
0x00171d02	0x001d0674	UNCONDITIONAL_CALL	0
0x00171d0c	0x00171d1b	CONDITIONAL_JUMP	0
0x00171d0e	0x001e082c	DATA	0
0x00171d13	0x0010ca6c	UNCONDITIONAL_CALL	0
0x00171d1b	0xStack[-0xc]	DATA	0
0x00171d1f	0x001e7284	READ	1
0x00171d26	0x001d0440	UNCONDITIONAL_CALL	0
0x00171d30	0x00171d3f	CONDITIONAL_JUMP	0
0x00171d32	0x001e0851	DATA	0
0x00171d37	0x0010ca6c	UNCONDITIONAL_CALL	0
0x00171d3f	0xStack[-0xc]	READ	1
0x00171d43	0xStack[-0x8]	READ	1
0x00171d47	0x001e7284	READ	1
0x00171d4e	0x001d05b4	UNCONDITIONAL_CALL	0
0x00171d58	0x00171d67	CONDITIONAL_JUMP	0
0x00171d5a	0x001e0872	DATA	0
0x00171d5f	0x0010ca6c	UNCONDITIONAL_CALL	0
0x00171d67	0x001e9070	DATA	0
0x00171d70	0xStack[-0xc]	READ	1
0x00171d75	0x0015a56c	UNCONDITIONAL_CALL	0
0x00171d7f	0x00171d8e	CONDITIONAL_JUMP	0
0x00171d81	0x001e0892	DATA	0
0x00171d86	0x0010ca6c	UNCONDITIONAL_CALL	0
0x00171d92	0x001e9070	DATA	0
0x00171d97	0x001631a0	UNCONDITIONAL_CALL	0
0x00171da1	0x001e7280	READ_WRITE	0
0x00171da7	0x001e08c6	DATA	0
0x00171dac	0x00102934	UNCONDITIONAL_CALL	0
0x00171db4	0xStack[-0x8c]	DATA	0
0x00171dba	0xStack[-0x34]	DATA	0
0x00171dc0	0xStack[-0x8]	READ	1
0x00171dc3	0xStack[-0x80]	WRITE	0
0x00171dc6	0xStack[-0x88]	WRITE	0
0x00171dd5	0x001588d4	UNCONDITIONAL_CALL	0
0x00171ddf	0x00171e18	CONDITIONAL_JUMP	0
0x00171de1	0xStack[-0x7c]	READ	1
0x00171de6	0x0016df30	UNCONDITIONAL_CALL	0
0x00171df0	0x00171dff	CONDITIONAL_JUMP	0
0x00171df7	0x00158774	UNCONDITIONAL_CALL	0
0x00171e01	0x00171dc0	CONDITIONAL_JUMP	0
0x00171e04	0x001e7284	READ	1
0x00171e0b	0x001d0508	UNCONDITIONAL_CALL	0
0x00171e13	0x00171dc0	UNCONDITIONAL_JUMP	0
0x00171e1d	0x00171dc0	CONDITIONAL_JUMP	0
0x00171e1f	0x001e08d0	DATA	0
0x00171e24	0x0010ca6c	UNCONDITIONAL_CALL	0
0x00171e33	0x001e7280	WRITE	0
0x00171e3d	0x001e9070	WRITE	0
0x00171e49	0x001dfb90	READ	1
0x00171e50	0x001659ac	UNCONDITIONAL_CALL	0
0x00171e57	0x00171cb4	DATA	0
0x00171e5d	0x0016848c	UNCONDITIONAL_CALL	0
0x00171e68	0x001e7280	READ	1
0x00171e6f	0x00171e6d	CONDITIONAL_JUMP	0
0x00171e76	0x001e7280	READ_WRITE	0
0x00171e81	0x00171e68	CONDITIONAL_JUMP	0
0x00171e83	0x001e9070	READ	0
0x00171e8a	0x00171ea4	CONDITIONAL_JUMP	0
0x00171e8e	0x001e7280	DATA	0
0x00171e93	0x001e9070	DATA	0
0x00171e98	0x00163320	UNCONDITIONAL_CALL	0
0x00171ea6	0x001e7280	READ_WRITE	0
0x00171eb9	0xStack[0x8]	READ	1
0x00171ebc	0x001e8b54	READ	1
0x00171ec6	0xStack[-0xc]	WRITE	0
0x00171ecd	0xStack[-0x8]	DATA	0
0x00171ed7	0x0015a56c	UNCONDITIONAL_CALL	0
0x00171ee1	0x00171f3c	CONDITIONAL_JUMP	0
0x00171ee3	0xStack[-0x8]	READ	1
0x00171ee7	0x0015a294	UNCONDITIONAL_CALL	0
0x00171eee	0xStack[-0x8]	READ	1
0x00171ef2	0x0015a614	UNCONDITIONAL_CALL	0
0x00171efc	0x00171f3c	CONDITIONAL_JUMP	0
0x00171f08	0xStack[-0xc]	DATA	0
0x00171f0c	0xStack[0x18]	READ	1
0x00171f10	0xStack[0x14]	READ	1
0x00171f14	0xStack[0x10]	READ	1
0x00171f18	0x00171f6c	UNCONDITIONAL_CALL	0
0x00171f20	0xStack[-0xc]	READ	1
0x00171f25	0x00171f31	CONDITIONAL_JUMP	0
0x00171f29	0x0010b9e8	UNCONDITIONAL_CALL	0
0x00171f32	0x00166ea0	UNCONDITIONAL_CALL	0
0x00171f3a	0x00171f41	UNCONDITIONAL_JUMP	0
0x00171f41	0xStack[0xc]	READ	1
0x00171f45	0x001e7284	READ	1
0x00171f4c	0x001d0508	UNCONDITIONAL_CALL	0
0x00171f52	0x001e7284	READ	1
0x00171f59	0x001d0508	UNCONDITIONAL_CALL	0
0x00171f60	0xStack[-0x18]	DATA	0
0x00171f72	0xStack[0x4]	READ	1
0x00171f75	0xStack[0x8]	READ	1
0x00171f78	0xStack[0x10]	READ	1
0x00171f7b	0xStack[0x14]	READ	1
0x00171f80	0xStack[0xc]	READ	1
0x00171f86	0x00193a54	UNCONDITIONAL_CALL	0
0x00171f8d	0x0017202e	CONDITIONAL_JUMP	0
0x00171f99	0x0017202e	CONDITIONAL_JUMP	0
0x00171f9f	0x00171fc0	COMPUTED_JUMP	-1
0x00171f9f	0x00171fd8	COMPUTED_JUMP	-1
0x00171f9f	0x00171fe0	COMPUTED_JUMP	-1
0x00171f9f	0x00171fe8	COMPUTED_JUMP	-1
0x00171f9f	0x00171ff0	COMPUTED_JUMP	-1
0x00171f9f	0x00172028	COMPUTED_JUMP	-1
0x00171f9f	0x00171fa8	DATA	0
0x00171fa8	0x00171fc0	DATA	0
0x00171fac	0x00171fd8	DATA	0
0x00171fb0	0x00171fe0	DATA	0
0x00171fb4	0x00171fe8	DATA	0
0x00171fb8	0x00171ff0	DATA	0
0x00171fbc	0x00172028	DATA	0
0x00171fc3	0x00171fd0	CONDITIONAL_JUMP	0
0x00171fcb	0x0017202e	UNCONDITIONAL_JUMP	0
0x00171fd6	0x0017202e	UNCONDITIONAL_JUMP	0
0x00171fde	0x0017202e	UNCONDITIONAL_JUMP	0
0x00171fe6	0x0017202e	UNCONDITIONAL_JUMP	0
0x00171fee	0x0017202e	UNCONDITIONAL_JUMP	0
0x00171ff6	0x00172018	CONDITIONAL_JUMP	0
0x00171ff8	0x00172004	CONDITIONAL_JUMP	0
0x00172000	0x00172010	CONDITIONAL_JUMP	0
0x00172002	0x0017202e	UNCONDITIONAL_JUMP	0
0x0017200a	0x00172020	CONDITIONAL_JUMP	0
0x0017200c	0x0017202e	UNCONDITIONAL_JUMP	0
0x00172016	0x0017202e	UNCONDITIONAL_JUMP	0
0x0017201e	0x0017202e	UNCONDITIONAL_JUMP	0
0x00172026	0x0017202e	UNCONDITIONAL_JUMP	0
0x0017202e	0xStack[-0x10]	DATA	0
0x00172041	0x001f6514	READ_WRITE	0
0x00172047	0xStack[-0x1c]	DATA	0
0x0017204b	0xStack[-0x18]	DATA	0
0x0017204f	0xStack[-0x14]	DATA	0
0x00172053	0xStack[-0x10]	DATA	0
0x00172057	0xStack[-0xc]	DATA	0
0x0017205b	0xStack[-0x8]	DATA	0
0x0017205f	0xStack[0xc]	READ	1
0x00172063	0xStack[0x8]	READ	1
0x00172067	0xStack[0x4]	DATA	0
0x0017206b	0x0017802c	UNCONDITIONAL_CALL	0
0x00172070	0xStack[-0x34]	WRITE	0
0x00172078	0x00172084	CONDITIONAL_JUMP	0
0x0017207a	0xStack[-0x34]	READ	1
0x0017207d	0x00173580	UNCONDITIONAL_JUMP	0
0x00172084	0xStack[-0x38]	WRITE	0
0x0017208b	0xStack[-0x18]	READ	0
0x0017208f	0x00172097	CONDITIONAL_JUMP	0
0x00172091	0xStack[-0x14]	READ	1
0x00172094	0xStack[0xc]	WRITE	0
0x00172097	0xStack[-0x30]	WRITE	0
0x0017209e	0xStack[-0xc]	READ	1
0x001720a8	0x001720a6	CONDITIONAL_JUMP	0
0x001720b6	0x001720a4	CONDITIONAL_JUMP	0
0x001720b8	0xStack[-0xc]	READ	1
0x001720c5	0xStack[-0x10]	READ	1
0x001720c8	0xStack[-0x2c]	WRITE	0
0x001720cc	0xStack[-0x2c]	READ	1
0x001720d1	0x0017af58	UNCONDITIONAL_CALL	0
0x001720dd	0x00172678	CONDITIONAL_JUMP	0
0x001720e8	0x001721e8	CONDITIONAL_JUMP	0
0x001720f8	0x0017210c	CONDITIONAL_JUMP	0
0x00172104	0x001631a0	UNCONDITIONAL_CALL	0
0x0017210c	0x001f64e8	READ	1
0x00172113	0x00172111	CONDITIONAL_JUMP	0
0x0017211a	0x001f64e8	READ_WRITE	0
0x00172125	0x0017210c	CONDITIONAL_JUMP	0
0x00172128	0x0017b540	UNCONDITIONAL_CALL	0
0x00172132	0x001f64e8	READ_WRITE	0
0x00172141	0xStack[-0xc]	READ	1
0x00172146	0x001721bf	CONDITIONAL_JUMP	0
0x00172150	0x0017214e	CONDITIONAL_JUMP	0
0x0017215e	0x0017214c	CONDITIONAL_JUMP	0
0x00172160	0xStack[-0x30]	READ	1
0x00172170	0x00172184	CONDITIONAL_JUMP	0
0x0017217c	0x001631a0	UNCONDITIONAL_CALL	0
0x00172184	0x001f64e8	READ	1
0x0017218b	0x00172189	CONDITIONAL_JUMP	0
0x00172192	0x001f64e8	READ_WRITE	0
0x0017219d	0x00172184	CONDITIONAL_JUMP	0
0x0017219f	0xStack[-0x30]	READ	1
0x001721a3	0x0017b540	UNCONDITIONAL_CALL	0
0x001721ad	0x001f64e8	READ_WRITE	0
0x001721b3	0xStack[-0xc]	READ	1
0x001721bf	0xStack[-0x38]	READ	0
0x001721c3	0x001721d5	CONDITIONAL_JUMP	0
0x001721c5	0xStack[-0x8]	READ	1
0x001721c9	0xStack[0x4]	READ	1
0x001721cd	0x001783d8	UNCONDITIONAL_CALL	0
0x001721d5	0xStack[-0xc]	READ	1
0x001721d9	0x00178c64	UNCONDITIONAL_CALL	0
0x001721e3	0x00173580	UNCONDITIONAL_JUMP	0
0x001721ea	0x00172380	CONDITIONAL_JUMP	0
0x001721f5	0xStack[0x10]	READ	0
0x00172203	0x00162f20	UNCONDITIONAL_CALL	0
0x0017220b	0xStack[-0x38]	READ	0
0x0017220f	0x00172228	CONDITIONAL_JUMP	0
0x00172211	0xStack[-0x8]	READ	1
0x00172215	0xStack[0x4]	READ	1
0x00172219	0x001783d8	UNCONDITIONAL_CALL	0
0x0017221e	0xStack[-0x38]	WRITE	0
0x00172230	0x00165328	UNCONDITIONAL_CALL	0
0x00172235	0x001e8b54	READ	1
0x00172244	0x00172242	CONDITIONAL_JUMP	0
0x00172252	0x00172240	CONDITIONAL_JUMP	0
0x00172257	0x001722c8	CONDITIONAL_JUMP	0
0x00172262	0xStack[-0xc]	READ	1
0x00172267	0x001733df	CONDITIONAL_JUMP	0
0x00172274	0x00172272	CONDITIONAL_JUMP	0
0x00172282	0x00172270	CONDITIONAL_JUMP	0
0x00172284	0xStack[-0x30]	READ	1
0x00172294	0x001722a8	CONDITIONAL_JUMP	0
0x001722a0	0x001631a0	UNCONDITIONAL_CALL	0
0x001722a8	0x001f64e8	READ	1
0x001722af	0x001722ad	CONDITIONAL_JUMP	0
0x001722b6	0x001f64e8	READ_WRITE	0
0x001722c1	0x001722a8	CONDITIONAL_JUMP	0
0x001722c3	0x001733bf	UNCONDITIONAL_JUMP	0
0x001722ca	0x001720cc	CONDITIONAL_JUMP	0
0x001722d9	0xStack[-0xc]	READ	1
0x001722de	0x00172357	CONDITIONAL_JUMP	0
0x001722e8	0x001722e6	CONDITIONAL_JUMP	0
0x001722f6	0x001722e4	CONDITIONAL_JUMP	0
0x001722f8	0xStack[-0x30]	READ	1
0x00172308	0x0017231c	CONDITIONAL_JUMP	0
0x00172314	0x001631a0	UNCONDITIONAL_CALL	0
0x0017231c	0x001f64e8	READ	1
0x00172323	0x00172321	CONDITIONAL_JUMP	0
0x0017232a	0x001f64e8	READ_WRITE	0
0x00172335	0x0017231c	CONDITIONAL_JUMP	0
0x00172337	0xStack[-0x30]	READ	1
0x0017233b	0x0017b540	UNCONDITIONAL_CALL	0
0x00172345	0x001f64e8	READ_WRITE	0
0x0017234b	0xStack[-0xc]	READ	1
0x00172357	0xStack[-0x38]	READ	0
0x0017235b	0x0017236d	CONDITIONAL_JUMP	0
0x0017235d	0xStack[-0x8]	READ	1
0x00172361	0xStack[0x4]	READ	1
0x00172365	0x001783d8	UNCONDITIONAL_CALL	0
0x0017236d	0xStack[-0xc]	READ	1
0x00172371	0x00178c64	UNCONDITIONAL_CALL	0
0x00172378	0x00173580	UNCONDITIONAL_JUMP	0
0x00172382	0x001724c0	CONDITIONAL_JUMP	0
0x0017238b	0xStack[-0x2c]	READ_WRITE	0
0x00172391	0xStack[-0x50]	WRITE	0
0x00172396	0x00172438	CONDITIONAL_JUMP	0
0x0017239c	0xStack[-0xc]	READ	0
0x0017239f	0x00172418	CONDITIONAL_JUMP	0
0x001723b0	0x001723c4	CONDITIONAL_JUMP	0
0x001723bc	0x001631a0	UNCONDITIONAL_CALL	0
0x001723c4	0x001f64e8	READ	1
0x001723cb	0x001723c9	CONDITIONAL_JUMP	0
0x001723d2	0x001f64e8	READ_WRITE	0
0x001723dd	0x001723c4	CONDITIONAL_JUMP	0
0x001723e0	0x0017b540	UNCONDITIONAL_CALL	0
0x001723ea	0x001f64e8	READ_WRITE	0
0x001723f9	0xStack[-0xc]	READ	1
0x001723fc	0xStack[-0x30]	READ	1
0x00172408	0x00172406	CONDITIONAL_JUMP	0
0x00172416	0x00172404	CONDITIONAL_JUMP	0
0x00172418	0xStack[-0x30]	WRITE	0
0x00172420	0x0017b99c	UNCONDITIONAL_CALL	0
0x00172425	0x001f6504	READ_WRITE	0
0x00172432	0x001724c0	UNCONDITIONAL_JUMP	0
0x00172438	0xStack[-0xc]	READ	0
0x0017243b	0x00172494	CONDITIONAL_JUMP	0
0x0017244e	0x00172464	CONDITIONAL_JUMP	0
0x0017245a	0x001631a0	UNCONDITIONAL_CALL	0
0x00172464	0x001f64e8	READ	1
0x0017246b	0x00172469	CONDITIONAL_JUMP	0
0x00172472	0x001f64e8	READ_WRITE	0
0x0017247d	0x00172464	CONDITIONAL_JUMP	0
0x00172480	0x0017b540	UNCONDITIONAL_CALL	0
0x0017248a	0x001f64e8	READ_WRITE	0
0x00172490	0x0017249c	UNCONDITIONAL_JUMP	0
0x00172494	0xStack[-0x30]	WRITE	0
0x0017249c	0xStack[-0x50]	READ	1
0x001724a8	0x001724a6	CONDITIONAL_JUMP	0
0x001724b6	0x001724a4	CONDITIONAL_JUMP	0
0x001724b8	0x00172a1d	UNCONDITIONAL_JUMP	0
0x001724c0	0xStack[0xc]	READ	1
0x001724c6	0x0017259c	CONDITIONAL_JUMP	0
0x001724d5	0xStack[-0xc]	READ	1
0x001724da	0x00172553	CONDITIONAL_JUMP	0
0x001724e4	0x001724e2	CONDITIONAL_JUMP	0
0x001724f2	0x001724e0	CONDITIONAL_JUMP	0
0x001724f4	0xStack[-0x30]	READ	1
0x00172504	0x00172518	CONDITIONAL_JUMP	0
0x00172510	0x001631a0	UNCONDITIONAL_CALL	0
0x00172518	0x001f64e8	READ	1
0x0017251f	0x0017251d	CONDITIONAL_JUMP	0
0x00172526	0x001f64e8	READ_WRITE	0
0x00172531	0x00172518	CONDITIONAL_JUMP	0
0x00172533	0xStack[-0x30]	READ	1
0x00172537	0x0017b540	UNCONDITIONAL_CALL	0
0x00172541	0x001f64e8	READ_WRITE	0
0x00172547	0xStack[-0xc]	READ	1
0x00172553	0xStack[-0x38]	READ	0
0x00172557	0x00172569	CONDITIONAL_JUMP	0
0x00172559	0xStack[-0x8]	READ	1
0x0017255d	0xStack[0x4]	READ	1
0x00172561	0x001783d8	UNCONDITIONAL_CALL	0
0x00172569	0xStack[-0xc]	READ	1
0x0017256d	0x00178c64	UNCONDITIONAL_CALL	0
0x00172577	0x00173580	UNCONDITIONAL_JUMP	0
0x0017257c	0x001f64e0	WRITE	0
0x00172582	0x001725e0	UNCONDITIONAL_JUMP	0
0x00172584	0x001f6e40	WRITE	0
0x0017258a	0x0017261c	UNCONDITIONAL_JUMP	0
0x00172590	0x001f6e48	WRITE	0
0x00172596	0x00172650	UNCONDITIONAL_JUMP	0
0x0017259c	0x001f64e8	READ	1
0x001725a3	0x001725a1	CONDITIONAL_JUMP	0
0x001725aa	0x001f64e8	READ_WRITE	0
0x001725b5	0x0017259c	CONDITIONAL_JUMP	0
0x001725bb	0x001725f0	CONDITIONAL_JUMP	0
0x001725c2	0x001f64e0	DATA	1
0x001725c8	0x001725d4	CONDITIONAL_JUMP	0
0x001725ca	0x001f64e4	WRITE	0
0x001725cf	0x001725d7	UNCONDITIONAL_JUMP	0
0x001725d7	0x001f64e0	DATA	1
0x001725dc	0x0017257c	CONDITIONAL_JUMP	0
0x001725e4	0x001f64d8	READ_WRITE	0
0x001725ea	0x001f6508	READ_WRITE	0
0x001725f4	0x00172626	CONDITIONAL_JUMP	0
0x001725fb	0x001f6e40	DATA	1
0x00172601	0x0017260c	CONDITIONAL_JUMP	0
0x00172603	0x001f6e44	WRITE	0
0x00172608	0x0017260f	UNCONDITIONAL_JUMP	0
0x0017260f	0x001f6e40	DATA	1
0x00172614	0x00172584	CONDITIONAL_JUMP	0
0x00172620	0x001f6e34	READ_WRITE	0
0x0017262a	0x00172660	CONDITIONAL_JUMP	0
0x00172631	0x001f6e48	DATA	1
0x00172637	0x00172640	CONDITIONAL_JUMP	0
0x00172639	0x001f6e4c	WRITE	0
0x0017263e	0x00172643	UNCONDITIONAL_JUMP	0
0x00172643	0x001f6e48	DATA	1
0x00172648	0x00172590	CONDITIONAL_JUMP	0
0x00172654	0x001f6e38	READ_WRITE	0
0x0017265a	0x001f6508	READ_WRITE	0
0x00172662	0x001f64e8	READ_WRITE	0
0x00172672	0x00172a30	UNCONDITIONAL_JUMP	0
0x0017267c	0x0017268a	CONDITIONAL_JUMP	0
0x0017267e	0xStack[0x10]	READ	0
0x00172682	0x00172693	CONDITIONAL_JUMP	0
0x00172684	0xStack[-0x18]	READ	0
0x00172688	0x00172693	CONDITIONAL_JUMP	0
0x0017268a	0xStack[-0xc]	READ	0
0x0017268d	0x00172778	CONDITIONAL_JUMP	0
0x00172695	0xStack[-0x2c]	READ	1
0x0017269a	0x0017b200	UNCONDITIONAL_CALL	0
0x001726a6	0x00172778	CONDITIONAL_JUMP	0
0x001726b5	0xStack[-0xc]	READ	1
0x001726ba	0x00172733	CONDITIONAL_JUMP	0
0x001726c4	0x001726c2	CONDITIONAL_JUMP	0
0x001726d2	0x001726c0	CONDITIONAL_JUMP	0
0x001726d4	0xStack[-0x30]	READ	1
0x001726e4	0x001726f8	CONDITIONAL_JUMP	0
0x001726f0	0x001631a0	UNCONDITIONAL_CALL	0
0x001726f8	0x001f64e8	READ	1
0x001726ff	0x001726fd	CONDITIONAL_JUMP	0
0x00172706	0x001f64e8	READ_WRITE	0
0x00172711	0x001726f8	CONDITIONAL_JUMP	0
0x00172713	0xStack[-0x30]	READ	1
0x00172717	0x0017b540	UNCONDITIONAL_CALL	0
0x00172721	0x001f64e8	READ_WRITE	0
0x00172727	0xStack[-0xc]	READ	1
0x00172733	0xStack[-0x38]	READ	0
0x00172737	0x00172749	CONDITIONAL_JUMP	0
0x00172739	0xStack[-0x8]	READ	1
0x0017273d	0xStack[0x4]	READ	1
0x00172741	0x001783d8	UNCONDITIONAL_CALL	0
0x00172749	0xStack[-0xc]	READ	1
0x0017274d	0x00178c64	UNCONDITIONAL_CALL	0
0x00172758	0x001f6e54	READ	1
0x0017275f	0x0017275d	CONDITIONAL_JUMP	0
0x00172766	0x001f6e54	READ_WRITE	0
0x00172771	0x00172758	CONDITIONAL_JUMP	0
0x00172773	0x00172e63	UNCONDITIONAL_JUMP	0
0x0017277c	0x00172998	CONDITIONAL_JUMP	0
0x00172782	0xStack[0x10]	READ	0
0x00172786	0x00172792	CONDITIONAL_JUMP	0
0x00172788	0xStack[-0x18]	READ	0
0x0017278c	0x00172998	CONDITIONAL_JUMP	0
0x00172795	0xStack[-0x50]	WRITE	0
0x0017279d	0xStack[-0x38]	READ	0
0x001727a1	0x001727ba	CONDITIONAL_JUMP	0
0x001727a3	0xStack[-0x8]	READ	1
0x001727a7	0xStack[0x4]	READ	1
0x001727ab	0x001783d8	UNCONDITIONAL_CALL	0
0x001727b0	0xStack[-0x38]	WRITE	0
0x001727ba	0xStack[0x14]	READ	1
0x001727c3	0x0017a248	UNCONDITIONAL_CALL	0
0x001727cd	0x0017280c	CONDITIONAL_JUMP	0
0x001727cf	0xStack[-0x50]	READ	1
0x001727d8	0x001727d6	CONDITIONAL_JUMP	0
0x001727e6	0x001727d4	CONDITIONAL_JUMP	0
0x001727e8	0xStack[-0x2c]	READ	1
0x001727ed	0x0017af58	UNCONDITIONAL_CALL	0
0x001727f4	0x001f650c	READ_WRITE	0
0x001727fe	0x001914dc	UNCONDITIONAL_CALL	0
0x00172806	0x00172a30	UNCONDITIONAL_JUMP	0
0x0017280f	0x0017292c	CONDITIONAL_JUMP	0
0x00172815	0xStack[-0x50]	READ	1
0x0017281c	0x0017281a	CONDITIONAL_JUMP	0
0x0017282a	0x00172818	CONDITIONAL_JUMP	0
0x00172839	0x00172850	CONDITIONAL_JUMP	0
0x00172845	0x001631a0	UNCONDITIONAL_CALL	0
0x00172850	0x001f64e8	READ	1
0x00172857	0x00172855	CONDITIONAL_JUMP	0
0x0017285e	0x001f64e8	READ_WRITE	0
0x00172869	0x00172850	CONDITIONAL_JUMP	0
0x0017286c	0x0017b540	UNCONDITIONAL_CALL	0
0x00172876	0x001f64e8	READ_WRITE	0
0x00172885	0xStack[-0xc]	READ	1
0x0017288a	0x00172903	CONDITIONAL_JUMP	0
0x00172894	0x00172892	CONDITIONAL_JUMP	0
0x001728a2	0x00172890	CONDITIONAL_JUMP	0
0x001728a4	0xStack[-0x30]	READ	1
0x001728b4	0x001728c8	CONDITIONAL_JUMP	0
0x001728c0	0x001631a0	UNCONDITIONAL_CALL	0
0x001728c8	0x001f64e8	READ	1
0x001728cf	0x001728cd	CONDITIONAL_JUMP	0
0x001728d6	0x001f64e8	READ_WRITE	0
0x001728e1	0x001728c8	CONDITIONAL_JUMP	0
0x001728e3	0xStack[-0x30]	READ	1
0x001728e7	0x0017b540	UNCONDITIONAL_CALL	0
0x001728f1	0x001f64e8	READ_WRITE	0
0x001728f7	0xStack[-0xc]	READ	1
0x00172903	0xStack[-0x38]	READ	0
0x00172907	0x00172919	CONDITIONAL_JUMP	0
0x00172909	0xStack[-0x8]	READ	1
0x0017290d	0xStack[0x4]	READ	1
0x00172911	0x001783d8	UNCONDITIONAL_CALL	0
0x00172919	0xStack[-0xc]	READ	1
0x0017291d	0x00178c64	UNCONDITIONAL_CALL	0
0x00172927	0x00173580	UNCONDITIONAL_JUMP	0
0x0017292c	0xStack[-0x50]	READ	1
0x00172934	0x00172932	CONDITIONAL_JUMP	0
0x00172942	0x00172930	CONDITIONAL_JUMP	0
0x00172944	0xStack[-0xc]	READ	0
0x00172947	0x0017299d	CONDITIONAL_JUMP	0
0x00172956	0x0017296c	CONDITIONAL_JUMP	0
0x00172962	0x001631a0	UNCONDITIONAL_CALL	0
0x0017296c	0x001f64e8	READ	1
0x00172973	0x00172971	CONDITIONAL_JUMP	0
0x0017297a	0x001f64e8	READ_WRITE	0
0x00172985	0x0017296c	CONDITIONAL_JUMP	0
0x00172988	0x0017b540	UNCONDITIONAL_CALL	0
0x00172992	0x001f64e8	READ_WRITE	0
0x00172998	0xStack[-0xc]	READ	0
0x0017299b	0x001729a0	CONDITIONAL_JUMP	0
0x0017299d	0xStack[-0x30]	WRITE	0
0x001729a3	0xStack[-0x2c]	READ_WRITE	0
0x001729a9	0xStack[-0x50]	WRITE	0
0x001729ae	0x001729f8	CONDITIONAL_JUMP	0
0x001729b0	0xStack[-0xc]	READ	1
0x001729b5	0x001729dc	CONDITIONAL_JUMP	0
0x001729c2	0xStack[-0x30]	READ	1
0x001729cc	0x001729ca	CONDITIONAL_JUMP	0
0x001729da	0x001729c8	CONDITIONAL_JUMP	0
0x001729dc	0xStack[-0x30]	WRITE	0
0x001729e4	0x0017b99c	UNCONDITIONAL_CALL	0
0x001729e9	0x001f6504	READ_WRITE	0
0x001729f6	0x00172a30	UNCONDITIONAL_JUMP	0
0x001729f8	0xStack[-0x50]	READ	1
0x00172a04	0x00172a02	CONDITIONAL_JUMP	0
0x00172a12	0x00172a00	CONDITIONAL_JUMP	0
0x00172a14	0xStack[-0xc]	READ	0
0x00172a17	0x00172a1d	CONDITIONAL_JUMP	0
0x00172a22	0xStack[-0x50]	READ	1
0x00172a29	0x001720cc	UNCONDITIONAL_JUMP	0
0x00172a35	0x00172a41	CONDITIONAL_JUMP	0
0x00172a3b	0x00172a41	CONDITIONAL_JUMP	0
0x00172a3f	0x00172a4e	CONDITIONAL_JUMP	0
0x00172a41	0x001e08e2	DATA	0
0x00172a46	0x0010ca6c	UNCONDITIONAL_CALL	0
0x00172a4e	0xStack[-0x40]	WRITE	0
0x00172a51	0xStack[-0xc]	READ	0
0x00172a54	0x00172b2c	CONDITIONAL_JUMP	0
0x00172a5a	0xStack[0xc]	READ	1
0x00172a60	0x00172b24	CONDITIONAL_JUMP	0
0x00172a66	0xStack[-0x30]	READ	1
0x00172a6b	0x0017b9b4	UNCONDITIONAL_CALL	0
0x00172a70	0xStack[-0x30]	READ	1
0x00172a7c	0x001f64e8	READ	1
0x00172a83	0x00172a81	CONDITIONAL_JUMP	0
0x00172a8a	0x001f64e8	READ_WRITE	0
0x00172a95	0x00172a7c	CONDITIONAL_JUMP	0
0x00172a98	0x0017b8cc	UNCONDITIONAL_CALL	0
0x00172a9e	0x0017b810	UNCONDITIONAL_CALL	0
0x00172aa6	0xStack[-0x1c]	READ	0
0x00172aaa	0x00172ab8	CONDITIONAL_JUMP	0
0x00172ab0	0x0018fb0c	UNCONDITIONAL_CALL	0
0x00172aba	0x001f64e8	READ_WRITE	0
0x00172acd	0x00172ae1	CONDITIONAL_JUMP	0
0x00172ad9	0x001631a0	UNCONDITIONAL_CALL	0
0x00172aea	0x001f6518	READ_WRITE	0
0x00172af0	0xStack[-0x30]	READ	1
0x00172af3	0xStack[-0xc]	READ	1
0x00172b00	0x00172afe	CONDITIONAL_JUMP	0
0x00172b0e	0x00172afc	CONDITIONAL_JUMP	0
0x00172b15	0x00179914	UNCONDITIONAL_CALL	0
0x00172b21	0x00172b2c	UNCONDITIONAL_JUMP	0
0x00172b24	0xStack[-0x14]	READ_WRITE	0
0x00172b30	0x00172b3f	CONDITIONAL_JUMP	0
0x00172b32	0x001e0925	DATA	0
0x00172b37	0x0010ca6c	UNCONDITIONAL_CALL	0
0x00172b3f	0xStack[-0xc]	READ	1
0x00172b47	0x00173090	CONDITIONAL_JUMP	0
0x00172b4d	0xStack[-0x44]	WRITE	0
0x00172b50	0xStack[0xc]	READ	1
0x00172b56	0x00172b68	CONDITIONAL_JUMP	0
0x00172b58	0xStack[-0x14]	READ_WRITE	0
0x00172b60	0x00173090	UNCONDITIONAL_JUMP	0
0x00172b6d	0xStack[-0x44]	READ	1
0x00172b78	0x00172b9c	CONDITIONAL_JUMP	0
0x00172b88	0x00172b86	CONDITIONAL_JUMP	0
0x00172b96	0x00172b84	CONDITIONAL_JUMP	0
0x00172b98	0x00172b3f	UNCONDITIONAL_JUMP	0
0x00172b9c	0xStack[-0x44]	READ	1
0x00172ba3	0xStack[-0x10]	READ	1
0x00172ba9	0xStack[-0x48]	WRITE	0
0x00172bae	0x0017af58	UNCONDITIONAL_CALL	0
0x00172bb3	0xStack[-0x50]	WRITE	0
0x00172bc3	0xStack[-0x3c]	WRITE	0
0x00172bc8	0x00172d26	CONDITIONAL_JUMP	0
0x00172bce	0xStack[-0x50]	READ	1
0x00172bd6	0x00172d1c	CONDITIONAL_JUMP	0
0x00172be1	0xStack[0x10]	READ	0
0x00172bef	0x00162f20	UNCONDITIONAL_CALL	0
0x00172c04	0x00172c18	CONDITIONAL_JUMP	0
0x00172c10	0x001631a0	UNCONDITIONAL_CALL	0
0x00172c18	0x001f64e8	READ	1
0x00172c1f	0x00172c1d	CONDITIONAL_JUMP	0
0x00172c26	0x001f64e8	READ_WRITE	0
0x00172c31	0x00172c18	CONDITIONAL_JUMP	0
0x00172c34	0x0017b8cc	UNCONDITIONAL_CALL	0
0x00172c3e	0x001f64e8	READ_WRITE	0
0x00172c44	0xStack[-0x44]	READ	1
0x00172c59	0xStack[-0xc]	READ	1
0x00172c5e	0x00172cd7	CONDITIONAL_JUMP	0
0x00172c68	0x00172c66	CONDITIONAL_JUMP	0
0x00172c76	0x00172c64	CONDITIONAL_JUMP	0
0x00172c78	0xStack[-0x30]	READ	1
0x00172c88	0x00172c9c	CONDITIONAL_JUMP	0
0x00172c94	0x001631a0	UNCONDITIONAL_CALL	0
0x00172c9c	0x001f64e8	READ	1
0x00172ca3	0x00172ca1	CONDITIONAL_JUMP	0
0x00172caa	0x001f64e8	READ_WRITE	0
0x00172cb5	0x00172c9c	CONDITIONAL_JUMP	0
0x00172cb7	0xStack[-0x30]	READ	1
0x00172cbb	0x0017b540	UNCONDITIONAL_CALL	0
0x00172cc5	0x001f64e8	READ_WRITE	0
0x00172ccb	0xStack[-0xc]	READ	1
0x00172cd7	0xStack[-0x38]	READ	0
0x00172cdb	0x00172ced	CONDITIONAL_JUMP	0
0x00172cdd	0xStack[-0x8]	READ	1
0x00172ce1	0xStack[0x4]	READ	1
0x00172ce5	0x001783d8	UNCONDITIONAL_CALL	0
0x00172ced	0x00165328	UNCONDITIONAL_CALL	0
0x00172cf2	0x001e8b54	READ	1
0x00172cfa	0xStack[-0x50]	WRITE	0
0x00172cfd	0xStack[-0xc]	READ	1
0x00172d01	0x00178c64	UNCONDITIONAL_CALL	0
0x00172d09	0xStack[-0x50]	READ	0
0x00172d0d	0x00172047	CONDITIONAL_JUMP	0
0x00172d15	0x00173580	UNCONDITIONAL_JUMP	0
0x00172d1c	0xStack[-0x3c]	READ	0
0x00172d20	0x00173080	CONDITIONAL_JUMP	0
0x00172d28	0xStack[-0x48]	READ	1
0x00172d2c	0xStack[-0x44]	READ	1
0x00172d30	0x0017b200	UNCONDITIONAL_CALL	0
0x00172d35	0xStack[-0x50]	WRITE	0
0x00172d3d	0x00172e8c	CONDITIONAL_JUMP	0
0x00172d50	0x00172d64	CONDITIONAL_JUMP	0
0x00172d5c	0x001631a0	UNCONDITIONAL_CALL	0
0x00172d64	0x001f64e8	READ	1
0x00172d6b	0x00172d69	CONDITIONAL_JUMP	0
0x00172d72	0x001f64e8	READ_WRITE	0
0x00172d7d	0x00172d64	CONDITIONAL_JUMP	0
0x00172d80	0x0017b8cc	UNCONDITIONAL_CALL	0
0x00172d8a	0x001f64e8	READ_WRITE	0
0x00172d90	0xStack[-0x44]	READ	1
0x00172da5	0xStack[-0xc]	READ	1
0x00172daa	0x00172e23	CONDITIONAL_JUMP	0
0x00172db4	0x00172db2	CONDITIONAL_JUMP	0
0x00172dc2	0x00172db0	CONDITIONAL_JUMP	0
0x00172dc4	0xStack[-0x30]	READ	1
0x00172dd4	0x00172de8	CONDITIONAL_JUMP	0
0x00172de0	0x001631a0	UNCONDITIONAL_CALL	0
0x00172de8	0x001f64e8	READ	1
0x00172def	0x00172ded	CONDITIONAL_JUMP	0
0x00172df6	0x001f64e8	READ_WRITE	0
0x00172e01	0x00172de8	CONDITIONAL_JUMP	0
0x00172e03	0xStack[-0x30]	READ	1
0x00172e07	0x0017b540	UNCONDITIONAL_CALL	0
0x00172e11	0x001f64e8	READ_WRITE	0
0x00172e17	0xStack[-0xc]	READ	1
0x00172e23	0xStack[-0x38]	READ	0
0x00172e27	0x00172e39	CONDITIONAL_JUMP	0
0x00172e29	0xStack[-0x8]	READ	1
0x00172e2d	0xStack[0x4]	READ	1
0x00172e31	0x001783d8	UNCONDITIONAL_CALL	0
0x00172e39	0xStack[-0xc]	READ	1
0x00172e3d	0x00178c64	UNCONDITIONAL_CALL	0
0x00172e48	0x001f6e54	READ	1
0x00172e4f	0x00172e4d	CONDITIONAL_JUMP	0
0x00172e56	0x001f6e54	READ_WRITE	0
0x00172e61	0x00172e48	CONDITIONAL_JUMP	0
0x00172e67	0x001f6e50	DATA	0
0x00172e6c	0x001631a0	UNCONDITIONAL_CALL	0
0x00172e73	0x001f6e54	DATA	0
0x00172e78	0x001f6e38	DATA	0
0x00172e7d	0x00163320	UNCONDITIONAL_CALL	0
0x00172e85	0x00172047	UNCONDITIONAL_JUMP	0
0x00172e8c	0xStack[-0x44]	READ	1
0x00172e93	0x00173007	CONDITIONAL_JUMP	0
0x00172ea1	0xStack[-0x4c]	WRITE	0
0x00172ea6	0xStack[-0x44]	READ	1
0x00172eac	0xStack[-0x38]	READ	0
0x00172eb0	0x00172ec9	CONDITIONAL_JUMP	0
0x00172eb2	0xStack[-0x8]	READ	1
0x00172eb6	0xStack[0x4]	READ	1
0x00172eba	0x001783d8	UNCONDITIONAL_CALL	0
0x00172ebf	0xStack[-0x38]	WRITE	0
0x00172ec9	0xStack[-0x48]	READ	1
0x00172ecc	0xStack[-0x44]	READ	1
0x00172ed7	0x0017a308	UNCONDITIONAL_CALL	0
0x00172edc	0xStack[-0x3c]	WRITE	0
0x00172edf	0xStack[-0x4c]	READ	1
0x00172eec	0x00172eea	CONDITIONAL_JUMP	0
0x00172efa	0x00172ee8	CONDITIONAL_JUMP	0
0x00172efc	0xStack[-0x44]	READ	1
0x00172f02	0x00172f0f	CONDITIONAL_JUMP	0
0x00172f09	0x00172f94	CONDITIONAL_JUMP	0
0x00172f0f	0xStack[-0x50]	READ	1
0x00172f1f	0x00172f34	CONDITIONAL_JUMP	0
0x00172f2b	0x001631a0	UNCONDITIONAL_CALL	0
0x00172f34	0x001f64e8	READ	1
0x00172f3b	0x00172f39	CONDITIONAL_JUMP	0
0x00172f42	0x001f64e8	READ_WRITE	0
0x00172f4d	0x00172f34	CONDITIONAL_JUMP	0
0x00172f4f	0xStack[-0x50]	READ	1
0x00172f53	0x0017b540	UNCONDITIONAL_CALL	0
0x00172f5d	0x001f64e8	READ_WRITE	0
0x00172f65	0xStack[-0x44]	READ	1
0x00172f6c	0x00178c64	UNCONDITIONAL_CALL	0
0x00172f7c	0x00172f7a	CONDITIONAL_JUMP	0
0x00172f8a	0x00172f78	CONDITIONAL_JUMP	0
0x00172f8c	0x00172b3f	UNCONDITIONAL_JUMP	0
0x00172f9c	0x00172f9a	CONDITIONAL_JUMP	0
0x00172faa	0x00172f98	CONDITIONAL_JUMP	0
0x00172fac	0xStack[-0x3c]	READ	0
0x00172fb0	0x0017300d	CONDITIONAL_JUMP	0
0x00172fb2	0xStack[-0x50]	READ	1
0x00172fc2	0x00172fd8	CONDITIONAL_JUMP	0
0x00172fce	0x001631a0	UNCONDITIONAL_CALL	0
0x00172fd8	0x001f64e8	READ	1
0x00172fdf	0x00172fdd	CONDITIONAL_JUMP	0
0x00172fe6	0x001f64e8	READ_WRITE	0
0x00172ff1	0x00172fd8	CONDITIONAL_JUMP	0
0x00172ff3	0xStack[-0x50]	READ	1
0x00172ff7	0x0017b540	UNCONDITIONAL_CALL	0
0x00173001	0x001f64e8	READ_WRITE	0
0x00173007	0xStack[-0x3c]	READ	0
0x0017300b	0x00173080	CONDITIONAL_JUMP	0
0x0017300d	0xStack[-0x50]	READ	1
0x00173012	0x0017b9b4	UNCONDITIONAL_CALL	0
0x00173020	0x001f64e8	READ	1
0x00173027	0x00173025	CONDITIONAL_JUMP	0
0x0017302e	0x001f64e8	READ_WRITE	0
0x00173039	0x00173020	CONDITIONAL_JUMP	0
0x0017303b	0xStack[-0x40]	READ	1
0x00173042	0x0018fb0c	UNCONDITIONAL_CALL	0
0x00173047	0xStack[-0x50]	READ	1
0x0017304f	0x0017b8cc	UNCONDITIONAL_CALL	0
0x00173059	0x001f64e8	READ_WRITE	0
0x0017306c	0x00173080	CONDITIONAL_JUMP	0
0x00173078	0x001631a0	UNCONDITIONAL_CALL	0
0x00173080	0xStack[-0x44]	READ	1
0x00173094	0x001730a3	CONDITIONAL_JUMP	0
0x00173096	0x001e095e	DATA	0
0x0017309b	0x0010ca6c	UNCONDITIONAL_CALL	0
0x001730a3	0xStack[-0x38]	READ	0
0x001730a7	0x00173408	CONDITIONAL_JUMP	0
0x001730b0	0xStack[-0x50]	WRITE	0
0x001730b8	0xStack[-0x1c]	DATA	0
0x001730bc	0xStack[-0x18]	DATA	0
0x001730c0	0xStack[-0x28]	DATA	0
0x001730c4	0xStack[-0x24]	DATA	0
0x001730c8	0xStack[-0x20]	DATA	0
0x001730cc	0xStack[-0x8]	DATA	0
0x001730d0	0xStack[0xc]	READ	1
0x001730d6	0xStack[0x8]	READ	1
0x001730da	0xStack[0x4]	DATA	0
0x001730de	0x0017802c	UNCONDITIONAL_CALL	0
0x001730e3	0xStack[-0x34]	WRITE	0
0x001730e6	0xStack[-0x50]	READ	1
0x001730f0	0x001730ee	CONDITIONAL_JUMP	0
0x001730fe	0x001730ec	CONDITIONAL_JUMP	0
0x00173100	0xStack[-0x34]	READ	0
0x00173104	0x00173208	CONDITIONAL_JUMP	0
0x00173117	0x0017312c	CONDITIONAL_JUMP	0
0x00173123	0x001631a0	UNCONDITIONAL_CALL	0
0x0017312c	0x001f64e8	READ	1
0x00173133	0x00173131	CONDITIONAL_JUMP	0
0x0017313a	0x001f64e8	READ_WRITE	0
0x00173145	0x0017312c	CONDITIONAL_JUMP	0
0x00173148	0x0017b8cc	UNCONDITIONAL_CALL	0
0x00173152	0x001f64e8	READ_WRITE	0
0x00173161	0xStack[-0xc]	READ	1
0x00173166	0x001731df	CONDITIONAL_JUMP	0
0x00173170	0x0017316e	CONDITIONAL_JUMP	0
0x0017317e	0x0017316c	CONDITIONAL_JUMP	0
0x00173180	0xStack[-0x30]	READ	1
0x00173190	0x001731a4	CONDITIONAL_JUMP	0
0x0017319c	0x001631a0	UNCONDITIONAL_CALL	0
0x001731a4	0x001f64e8	READ	1
0x001731ab	0x001731a9	CONDITIONAL_JUMP	0
0x001731b2	0x001f64e8	READ_WRITE	0
0x001731bd	0x001731a4	CONDITIONAL_JUMP	0
0x001731bf	0xStack[-0x30]	READ	1
0x001731c3	0x0017b540	UNCONDITIONAL_CALL	0
0x001731cd	0x001f64e8	READ_WRITE	0
0x001731d3	0xStack[-0xc]	READ	1
0x001731df	0xStack[-0x38]	READ	0
0x001731e3	0x001731f5	CONDITIONAL_JUMP	0
0x001731e5	0xStack[-0x8]	READ	1
0x001731e9	0xStack[0x4]	READ	1
0x001731ed	0x001783d8	UNCONDITIONAL_CALL	0
0x001731f5	0xStack[-0xc]	READ	1
0x001731f9	0x00178c64	UNCONDITIONAL_CALL	0
0x001731fe	0xStack[-0x34]	READ	1
0x00173201	0x00173580	UNCONDITIONAL_JUMP	0
0x00173208	0xStack[-0x38]	WRITE	0
0x0017320f	0xStack[-0xc]	READ	1
0x00173212	0xStack[-0x20]	READ	0
0x00173215	0x00173223	CONDITIONAL_JUMP	0
0x00173217	0xStack[-0x10]	READ	1
0x0017321a	0xStack[-0x24]	READ	0
0x0017321d	0x001732e0	CONDITIONAL_JUMP	0
0x00173230	0x00173244	CONDITIONAL_JUMP	0
0x0017323c	0x001631a0	UNCONDITIONAL_CALL	0
0x00173244	0x001f64e8	READ	1
0x0017324b	0x00173249	CONDITIONAL_JUMP	0
0x00173252	0x001f64e8	READ_WRITE	0
0x0017325d	0x00173244	CONDITIONAL_JUMP	0
0x00173260	0x0017b8cc	UNCONDITIONAL_CALL	0
0x0017326a	0x001f64e8	READ_WRITE	0
0x00173279	0xStack[-0xc]	READ	1
0x0017327e	0x001733df	CONDITIONAL_JUMP	0
0x0017328c	0x0017328a	CONDITIONAL_JUMP	0
0x0017329a	0x00173288	CONDITIONAL_JUMP	0
0x0017329c	0xStack[-0x30]	READ	1
0x001732ac	0x001732c0	CONDITIONAL_JUMP	0
0x001732b8	0x001631a0	UNCONDITIONAL_CALL	0
0x001732c0	0x001f64e8	READ	1
0x001732c7	0x001732c5	CONDITIONAL_JUMP	0
0x001732ce	0x001f64e8	READ_WRITE	0
0x001732d9	0x001732c0	CONDITIONAL_JUMP	0
0x001732db	0x001733bf	UNCONDITIONAL_JUMP	0
0x001732e0	0xStack[-0x14]	READ	1
0x001732e3	0xStack[-0x28]	READ	1
0x001732e6	0xStack[-0x14]	WRITE	0
0x001732ed	0x001732f4	CONDITIONAL_JUMP	0
0x001732f1	0xStack[-0x14]	WRITE	0
0x001732f4	0xStack[-0x18]	READ	0
0x001732f8	0x00173408	CONDITIONAL_JUMP	0
0x001732fe	0xStack[0xc]	READ	1
0x00173301	0xStack[-0x14]	READ	0
0x00173304	0x00173408	CONDITIONAL_JUMP	0
0x00173317	0x0017332c	CONDITIONAL_JUMP	0
0x00173323	0x001631a0	UNCONDITIONAL_CALL	0
0x0017332c	0x001f64e8	READ	1
0x00173333	0x00173331	CONDITIONAL_JUMP	0
0x0017333a	0x001f64e8	READ_WRITE	0
0x00173345	0x0017332c	CONDITIONAL_JUMP	0
0x00173348	0x0017b8cc	UNCONDITIONAL_CALL	0
0x00173352	0x001f64e8	READ_WRITE	0
0x00173361	0xStack[-0xc]	READ	1
0x00173366	0x001733df	CONDITIONAL_JUMP	0
0x00173370	0x0017336e	CONDITIONAL_JUMP	0
0x0017337e	0x0017336c	CONDITIONAL_JUMP	0
0x00173380	0xStack[-0x30]	READ	1
0x00173390	0x001733a4	CONDITIONAL_JUMP	0
0x0017339c	0x001631a0	UNCONDITIONAL_CALL	0
0x001733a4	0x001f64e8	READ	1
0x001733ab	0x001733a9	CONDITIONAL_JUMP	0
0x001733b2	0x001f64e8	READ_WRITE	0
0x001733bd	0x001733a4	CONDITIONAL_JUMP	0
0x001733bf	0xStack[-0x30]	READ	1
0x001733c3	0x0017b540	UNCONDITIONAL_CALL	0
0x001733cd	0x001f64e8	READ_WRITE	0
0x001733d3	0xStack[-0xc]	READ	1
0x001733df	0xStack[-0x38]	READ	0
0x001733e3	0x001733f5	CONDITIONAL_JUMP	0
0x001733e5	0xStack[-0x8]	READ	1
0x001733e9	0xStack[0x4]	READ	1
0x001733ed	0x001783d8	UNCONDITIONAL_CALL	0
0x001733f5	0xStack[-0xc]	READ	1
0x001733f9	0x00178c64	UNCONDITIONAL_CALL	0
0x00173401	0x00172047	UNCONDITIONAL_JUMP	0
0x00173408	0xStack[-0x14]	READ	0
0x0017340c	0x00173412	CONDITIONAL_JUMP	0
0x00173416	0x00173425	CONDITIONAL_JUMP	0
0x00173418	0x001e0992	DATA	0
0x0017341d	0x0010ca6c	UNCONDITIONAL_CALL	0
0x00173428	0xStack[-0x50]	WRITE	0
0x00173430	0xStack[-0x18]	READ	1
0x00173439	0xStack[-0x14]	READ	1
0x00173441	0xStack[0x8]	READ	1
0x00173445	0xStack[0x4]	READ	1
0x0017344c	0x0019065c	UNCONDITIONAL_CALL	0
0x00173451	0xStack[-0x50]	READ	1
0x0017345c	0x0017345a	CONDITIONAL_JUMP	0
0x0017346a	0x00173458	CONDITIONAL_JUMP	0
0x0017346c	0x001f64e8	READ	1
0x00173473	0x00173471	CONDITIONAL_JUMP	0
0x0017347a	0x001f64e8	READ_WRITE	0
0x00173485	0x0017346c	CONDITIONAL_JUMP	0
0x00173487	0xStack[0x10]	READ	0
0x0017348b	0x001734a4	CONDITIONAL_JUMP	0
0x0017348d	0xStack[-0x18]	READ	0
0x00173491	0x0017349c	CONDITIONAL_JUMP	0
0x00173494	0x0017b6e8	UNCONDITIONAL_CALL	0
0x00173499	0x001734aa	UNCONDITIONAL_JUMP	0
0x0017349d	0x0017b7bc	UNCONDITIONAL_CALL	0
0x001734a2	0x001734aa	UNCONDITIONAL_JUMP	0
0x001734a5	0x0017b8cc	UNCONDITIONAL_CALL	0
0x001734af	0x001f64e8	READ_WRITE	0
0x001734c2	0x001734d6	CONDITIONAL_JUMP	0
0x001734ce	0x001631a0	UNCONDITIONAL_CALL	0
0x001734df	0xStack[-0xc]	READ	1
0x001734e4	0x0017355f	CONDITIONAL_JUMP	0
0x001734f0	0x001734ee	CONDITIONAL_JUMP	0
0x001734fe	0x001734ec	CONDITIONAL_JUMP	0
0x00173500	0xStack[-0x30]	READ	1
0x00173510	0x00173524	CONDITIONAL_JUMP	0
0x0017351c	0x001631a0	UNCONDITIONAL_CALL	0
0x00173524	0x001f64e8	READ	1
0x0017352b	0x00173529	CONDITIONAL_JUMP	0
0x00173532	0x001f64e8	READ_WRITE	0
0x0017353d	0x00173524	CONDITIONAL_JUMP	0
0x0017353f	0xStack[-0x30]	READ	1
0x00173543	0x0017b540	UNCONDITIONAL_CALL	0
0x0017354d	0x001f64e8	READ_WRITE	0
0x00173553	0xStack[-0xc]	READ	1
0x0017355f	0xStack[-0x38]	READ	0
0x00173563	0x00173575	CONDITIONAL_JUMP	0
0x00173565	0xStack[-0x8]	READ	1
0x00173569	0xStack[0x4]	READ	1
0x0017356d	0x001783d8	UNCONDITIONAL_CALL	0
0x00173575	0xStack[-0xc]	READ	1
0x00173579	0x00178c64	UNCONDITIONAL_CALL	0
0x00173580	0xStack[-0x5c]	DATA	0
0x00173592	0xStack[0x8]	READ	1
0x0017359f	0xStack[0x4]	READ	1
0x001735a6	0x001914c8	UNCONDITIONAL_CALL	0
0x001735b3	0x001735e7	CONDITIONAL_JUMP	0
0x001735ba	0xStack[0x4]	READ	1
0x001735be	0x00173898	UNCONDITIONAL_CALL	0
0x001735c8	0x001735dd	CONDITIONAL_JUMP	0
0x001735d1	0xStack[0x4]	READ	1
0x001735d5	0x00172038	UNCONDITIONAL_CALL	0
0x001735dd	0x001e0d0c	READ	1
0x001735e5	0x001735b8	CONDITIONAL_JUMP	0
0x001735e7	0xStack[-0x10]	DATA	0
0x001735fd	0xStack[0x4]	READ	1
0x00173600	0xStack[0x8]	READ	1
0x00173606	0xStack[-0x8]	WRITE	0
0x0017360c	0x001f64e8	READ	1
0x00173613	0x00173611	CONDITIONAL_JUMP	0
0x0017361a	0x001f64e8	READ_WRITE	0
0x00173625	0x0017360c	CONDITIONAL_JUMP	0
0x00173627	0xStack[0x8]	READ	1
0x0017362d	0xStack[-0x8]	READ	0
0x00173630	0x00173674	CONDITIONAL_JUMP	0
0x00173636	0x00190c24	UNCONDITIONAL_CALL	0
0x00173642	0x00173651	CONDITIONAL_JUMP	0
0x00173644	0x001e09c1	DATA	0
0x00173649	0x0010ca6c	UNCONDITIONAL_CALL	0
0x00173655	0x00190b5c	UNCONDITIONAL_CALL	0
0x0017365b	0x00178894	UNCONDITIONAL_CALL	0
0x00173661	0x0017b7bc	UNCONDITIONAL_CALL	0
0x00173669	0x001e0d0c	READ	1
0x0017366f	0xStack[-0x8]	READ	0
0x00173672	0x00173634	CONDITIONAL_JUMP	0
0x00173676	0x001f64e8	READ_WRITE	0
0x0017367e	0xStack[-0x8]	READ	1
0x00173682	0xStack[0x8]	READ	1
0x0017368a	0x001914c8	UNCONDITIONAL_CALL	0
0x0017368f	0xStack[-0x14]	DATA	0
0x001736a5	0xStack[0x10]	READ	1
0x001736ab	0xStack[-0x8]	WRITE	0
0x001736b1	0xStack[-0x10]	WRITE	0
0x001736b4	0xStack[0xc]	READ	1
0x001736be	0x00178b80	UNCONDITIONAL_CALL	0
0x001736c5	0xStack[0xc]	READ	1
0x001736d5	0xStack[-0x14]	WRITE	0
0x001736db	0xStack[-0x18]	WRITE	0
0x001736de	0xStack[-0xc]	WRITE	0
0x001736e8	0xStack[0xc]	READ	1
0x001736ee	0x0017388c	CONDITIONAL_JUMP	0
0x001736f7	0xStack[-0x1c]	WRITE	0
0x001736fc	0xStack[-0x1c]	READ	1
0x00173703	0x00173701	CONDITIONAL_JUMP	0
0x0017370a	0xStack[-0x1c]	READ	1
0x00173714	0x001736fc	CONDITIONAL_JUMP	0
0x0017371a	0xStack[-0xc]	READ	1
0x0017371f	0x0017b200	UNCONDITIONAL_CALL	0
0x0017372b	0x0017378c	CONDITIONAL_JUMP	0
0x00173734	0x001f6e54	READ	1
0x0017373b	0x00173739	CONDITIONAL_JUMP	0
0x00173742	0x001f6e54	READ_WRITE	0
0x0017374d	0x00173734	CONDITIONAL_JUMP	0
0x00173753	0x001f6e50	DATA	0
0x00173758	0x001631a0	UNCONDITIONAL_CALL	0
0x0017375f	0x001f6e54	DATA	0
0x00173764	0x001f6e38	DATA	0
0x00173769	0x00163320	UNCONDITIONAL_CALL	0
0x00173778	0x00173776	CONDITIONAL_JUMP	0
0x00173786	0x00173774	CONDITIONAL_JUMP	0
0x0017378a	0x00173718	CONDITIONAL_JUMP	0
0x0017378c	0xStack[-0x8]	READ	1
0x00173798	0x00173796	CONDITIONAL_JUMP	0
0x001737a6	0x00173794	CONDITIONAL_JUMP	0
0x001737a8	0xStack[-0xc]	READ	1
0x001737ab	0xStack[-0x10]	READ	1
0x001737af	0xStack[-0x8]	READ	1
0x001737b3	0x0017af58	UNCONDITIONAL_CALL	0
0x001737bf	0x001737d4	CONDITIONAL_JUMP	0
0x001737c1	0x001e09da	DATA	0
0x001737c6	0xStack[-0x20]	WRITE	0
0x001737c9	0x0010ca6c	UNCONDITIONAL_CALL	0
0x001737d6	0x0017b9b4	UNCONDITIONAL_CALL	0
0x001737e0	0xStack[-0x8]	READ	1
0x001737ed	0xStack[-0x14]	READ	1
0x001737f5	0xStack[-0x18]	READ	1
0x001737f9	0xStack[0x4]	READ	1
0x00173800	0x0019065c	UNCONDITIONAL_CALL	0
0x00173810	0x0017380e	CONDITIONAL_JUMP	0
0x0017381e	0x0017380c	CONDITIONAL_JUMP	0
0x00173820	0x001f64e8	READ	1
0x00173827	0x00173825	CONDITIONAL_JUMP	0
0x0017382e	0x001f64e8	READ_WRITE	0
0x00173839	0x00173820	CONDITIONAL_JUMP	0
0x0017383c	0x0017b8cc	UNCONDITIONAL_CALL	0
0x00173846	0x001f64e8	READ_WRITE	0
0x00173859	0x0017386d	CONDITIONAL_JUMP	0
0x00173865	0x001631a0	UNCONDITIONAL_CALL	0
0x00173872	0x001e0d0c	READ	1
0x00173877	0xStack[-0x18]	READ_WRITE	0
0x0017387a	0xStack[-0xc]	READ_WRITE	0
0x0017387d	0xStack[-0x18]	READ	1
0x00173880	0xStack[0xc]	READ	1
0x00173886	0x001736fc	CONDITIONAL_JUMP	0
0x0017388c	0xStack[-0x2c]	DATA	0
0x001738a1	0xStack[0xc]	READ	1
0x001738a4	0x001f6514	READ_WRITE	0
0x001738ae	0x001738bc	CONDITIONAL_JUMP	0
0x001738b5	0x00173a5e	UNCONDITIONAL_JUMP	0
0x001738bf	0xStack[0x8]	READ	1
0x001738cd	0xStack[-0x8]	WRITE	0
0x001738d8	0x001738d6	CONDITIONAL_JUMP	0
0x001738e6	0x001738d4	CONDITIONAL_JUMP	0
0x001738f2	0x0017af58	UNCONDITIONAL_CALL	0
0x001738fe	0x0017390e	CONDITIONAL_JUMP	0
0x00173904	0x0017390e	CONDITIONAL_JUMP	0
0x00173906	0xStack[-0x8]	READ	1
0x0017390c	0x00173928	CONDITIONAL_JUMP	0
0x00173918	0x00178c64	UNCONDITIONAL_CALL	0
0x00173922	0x00173a5e	UNCONDITIONAL_JUMP	0
0x00173928	0x001f64e8	READ	1
0x0017392f	0x0017392d	CONDITIONAL_JUMP	0
0x00173936	0x001f64e8	READ_WRITE	0
0x00173941	0x00173928	CONDITIONAL_JUMP	0
0x00173944	0x0017b6e8	UNCONDITIONAL_CALL	0
0x0017394e	0x001f64e8	READ_WRITE	0
0x00173965	0x001739e0	CONDITIONAL_JUMP	0
0x00173967	0xStack[-0x8]	READ	1
0x0017396d	0x00173978	CONDITIONAL_JUMP	0
0x00173973	0x001739e0	UNCONDITIONAL_JUMP	0
0x00173982	0x00173998	CONDITIONAL_JUMP	0
0x0017398e	0x001631a0	UNCONDITIONAL_CALL	0
0x00173998	0x001f64e8	READ	1
0x0017399f	0x0017399d	CONDITIONAL_JUMP	0
0x001739a6	0x001f64e8	READ_WRITE	0
0x001739b1	0x00173998	CONDITIONAL_JUMP	0
0x001739b4	0x0017b7bc	UNCONDITIONAL_CALL	0
0x001739be	0x001f64e8	READ_WRITE	0
0x001739ce	0x00178c64	UNCONDITIONAL_CALL	0
0x001739d8	0x00173a5e	UNCONDITIONAL_JUMP	0
0x001739e0	0xStack[-0x8]	READ	1
0x001739e6	0x001739ec	CONDITIONAL_JUMP	0
0x001739ef	0xStack[-0xc]	WRITE	0
0x001739f9	0xStack[-0x8]	READ	1
0x00173a01	0xStack[0x8]	READ	1
0x00173a05	0xStack[0x4]	READ	1
0x00173a0c	0x0019065c	UNCONDITIONAL_CALL	0
0x00173a11	0xStack[-0xc]	READ	1
0x00173a1c	0x00173a1a	CONDITIONAL_JUMP	0
0x00173a2a	0x00173a18	CONDITIONAL_JUMP	0
0x00173a39	0x00173a4d	CONDITIONAL_JUMP	0
0x00173a45	0x001631a0	UNCONDITIONAL_CALL	0
0x00173a57	0x00178c64	UNCONDITIONAL_CALL	0
0x00173a5e	0xStack[-0x18]	DATA	0
0x00173a6b	0x001f63f8	READ	1
0x00173a72	0x001f6e98	READ	1
0x00173a79	0x001f6e60	DATA	0
0x00173a7e	0x0017aa08	UNCONDITIONAL_CALL	0
0x00173a83	0x001f63f8	WRITE	0
0x00173a88	0x0016afc8	UNCONDITIONAL_CALL	0
0x00173a8d	0x001789d0	UNCONDITIONAL_CALL	0
0x00173a92	0x00174600	UNCONDITIONAL_CALL	0
0x00173a97	0x001f6e9c	READ	1
0x00173a9e	0x001f63f8	READ	1
0x00173aa5	0x0017408c	UNCONDITIONAL_CALL	0
0x00173aaa	0x001f6e98	READ	1
0x00173ab1	0x001f6e60	DATA	0
0x00173ab6	0x0018f330	UNCONDITIONAL_CALL	0
0x00173abb	0x0016b338	UNCONDITIONAL_CALL	0
0x00173ac0	0x0015a67c	UNCONDITIONAL_CALL	0
0x00173ac5	0x0017a240	UNCONDITIONAL_CALL	0
0x00173aca	0x0017c4e0	UNCONDITIONAL_CALL	0
0x00173add	0xStack[0x4]	READ	1
0x00173ae0	0xStack[0xc]	READ	1
0x00173ae4	0x00178b80	UNCONDITIONAL_CALL	0
0x00173ae9	0xStack[-0x14]	WRITE	0
0x00173aef	0xStack[-0xc]	WRITE	0
0x00173af9	0xStack[-0x8]	WRITE	0
0x00173afc	0x001e89ec	READ	1
0x00173b0a	0xStack[-0x8]	DATA	0
0x00173b12	0xStack[-0x14]	READ	1
0x00173b15	0x001f6ea0	READ	0
0x00173b1b	0x00173b20	CONDITIONAL_JUMP	0
0x00173b1d	0xStack[-0x14]	READ	1
0x00173b22	0x00174a90	UNCONDITIONAL_CALL	0
0x00173b34	0xStack[-0x10]	WRITE	0
0x00173b39	0x00173b54	CONDITIONAL_JUMP	0
0x00173b3b	0xStack[-0x14]	READ	1
0x00173b3e	0x001f6ea0	READ	0
0x00173b44	0x00173b4c	CONDITIONAL_JUMP	0
0x00173b47	0x00178c64	UNCONDITIONAL_CALL	0
0x00173b4c	0xStack[-0x10]	READ	1
0x00173b4f	0x00173c02	UNCONDITIONAL_JUMP	0
0x00173b54	0xStack[-0x14]	READ	1
0x00173b57	0x001f6ea0	READ	0
0x00173b5d	0x00173baa	CONDITIONAL_JUMP	0
0x00173b5f	0xStack[-0x8]	READ	1
0x00173b62	0xStack[-0xc]	WRITE	0
0x00173b66	0x00178c30	UNCONDITIONAL_CALL	0
0x00173b6f	0x0015b5d0	UNCONDITIONAL_CALL	0
0x00173b7a	0xStack[-0x8]	READ	1
0x00173b83	0x00176164	UNCONDITIONAL_CALL	0
0x00173b88	0xStack[-0x8]	READ	1
0x00173b90	0xStack[-0xc]	READ	1
0x00173b94	0xStack[-0x14]	READ	1
0x00173b99	0x00174848	UNCONDITIONAL_CALL	0
0x00173ba2	0x0015b73c	UNCONDITIONAL_CALL	0
0x00173bad	0xStack[-0xc]	READ	1
0x00173bb1	0xStack[-0x14]	READ	1
0x00173bb5	0x00173ebc	UNCONDITIONAL_CALL	0
0x00173bbf	0x00173be8	CONDITIONAL_JUMP	0
0x00173bc2	0x0015b5d0	UNCONDITIONAL_CALL	0
0x00173bcd	0xStack[-0x8]	READ	1
0x00173bd6	0x00176164	UNCONDITIONAL_CALL	0
0x00173bdc	0x0015b73c	UNCONDITIONAL_CALL	0
0x00173be6	0x00173c02	UNCONDITIONAL_JUMP	0
0x00173bea	0xStack[-0x8]	READ	1
0x00173bf3	0x00175b2c	UNCONDITIONAL_CALL	0
0x00173bf8	0xStack[-0x8]	READ	1
0x00173bfb	0xStack[0x8]	READ	1
0x00173c02	0xStack[-0x20]	DATA	0
0x00173c15	0xStack[0x8]	READ	1
0x00173c18	0x001e89ec	READ	1
0x00173c26	0xStack[0xc]	READ	1
0x00173c2f	0xStack[-0x18]	WRITE	0
0x00173c32	0xStack[0x14]	READ	1
0x00173c3c	0xStack[-0x8]	DATA	0
0x00173c44	0xStack[0x4]	READ	1
0x00173c48	0x00174a90	UNCONDITIONAL_CALL	0
0x00173c5c	0x00173d12	CONDITIONAL_JUMP	0
0x00173c62	0xStack[-0xc]	DATA	0
0x00173c66	0xStack[-0x8]	READ	1
0x00173c6a	0xStack[0x4]	READ	1
0x00173c6e	0x001749c4	UNCONDITIONAL_CALL	0
0x00173c73	0xStack[-0x10]	DATA	0
0x00173c79	0x001749c4	UNCONDITIONAL_CALL	0
0x00173c83	0x00173c92	CONDITIONAL_JUMP	0
0x00173c85	0x001e09fc	DATA	0
0x00173c8a	0x0010ca6c	UNCONDITIONAL_CALL	0
0x00173c92	0xStack[-0x10]	READ	1
0x00173c99	0x00178c30	UNCONDITIONAL_CALL	0
0x00173ca8	0x00173ca6	CONDITIONAL_JUMP	0
0x00173cb6	0x00173ca4	CONDITIONAL_JUMP	0
0x00173cb8	0xStack[-0x18]	READ	1
0x00173cbe	0x00173ccd	CONDITIONAL_JUMP	0
0x00173cc0	0x001e0a09	DATA	0
0x00173cc5	0x0010ca6c	UNCONDITIONAL_CALL	0
0x00173cd5	0xStack[-0xc]	READ	1
0x00173ce2	0xStack[0x4]	READ	1
0x00173ce6	0x0015b73c	UNCONDITIONAL_CALL	0
0x00173cee	0xStack[-0x18]	READ	1
0x00173cf3	0x00173ebc	UNCONDITIONAL_CALL	0
0x00173cfa	0xStack[-0x8]	READ	1
0x00173d03	0x00175b2c	UNCONDITIONAL_CALL	0
0x00173d08	0xStack[-0x8]	READ	1
0x00173d0b	0xStack[0x10]	READ	1
0x00173d12	0xStack[-0x24]	DATA	0
0x00173d25	0xStack[0x4]	READ	1
0x00173d28	0xStack[0xc]	READ	1
0x00173d2b	0x001f6ea0	READ	1
0x00173d31	0xStack[-0xc]	WRITE	0
0x00173d34	0xStack[-0x10]	WRITE	0
0x00173d3e	0xStack[-0x8]	WRITE	0
0x00173d41	0x001e89ec	READ	1
0x00173d52	0xStack[-0x8]	DATA	0
0x00173d5b	0x00174a90	UNCONDITIONAL_CALL	0
0x00173d6d	0xStack[-0x14]	WRITE	0
0x00173d72	0x00173d90	CONDITIONAL_JUMP	0
0x00173d74	0xStack[-0xc]	READ	1
0x00173d77	0x001f6ea0	READ	0
0x00173d7d	0x00173d85	CONDITIONAL_JUMP	0
0x00173d80	0x00178c64	UNCONDITIONAL_CALL	0
0x00173d85	0xStack[-0x14]	READ	1
0x00173d88	0x00173e3e	UNCONDITIONAL_JUMP	0
0x00173d90	0xStack[-0xc]	READ	1
0x00173d93	0x001f6ea0	READ	0
0x00173d99	0x00173de6	CONDITIONAL_JUMP	0
0x00173d9b	0xStack[-0x8]	READ	1
0x00173d9e	0xStack[-0x10]	WRITE	0
0x00173da2	0x00178c30	UNCONDITIONAL_CALL	0
0x00173dab	0x0015b5d0	UNCONDITIONAL_CALL	0
0x00173db6	0xStack[-0x8]	READ	1
0x00173dbf	0x00176164	UNCONDITIONAL_CALL	0
0x00173dc4	0xStack[-0x8]	READ	1
0x00173dcc	0xStack[-0x10]	READ	1
0x00173dd0	0xStack[-0xc]	READ	1
0x00173dd5	0x00174848	UNCONDITIONAL_CALL	0
0x00173dde	0x0015b73c	UNCONDITIONAL_CALL	0
0x00173de9	0xStack[-0x10]	READ	1
0x00173ded	0xStack[-0xc]	READ	1
0x00173df1	0x00173ebc	UNCONDITIONAL_CALL	0
0x00173dfb	0x00173e24	CONDITIONAL_JUMP	0
0x00173dfe	0x0015b5d0	UNCONDITIONAL_CALL	0
0x00173e09	0xStack[-0x8]	READ	1
0x00173e12	0x00176164	UNCONDITIONAL_CALL	0
0x00173e18	0x0015b73c	UNCONDITIONAL_CALL	0
0x00173e22	0x00173e3e	UNCONDITIONAL_JUMP	0
0x00173e26	0xStack[-0x8]	READ	1
0x00173e2f	0x00175b2c	UNCONDITIONAL_CALL	0
0x00173e34	0xStack[-0x8]	READ	1
0x00173e37	0xStack[0x8]	READ	1
0x00173e3e	0xStack[-0x20]	DATA	0
0x00173e50	0xStack[0x4]	READ	1
0x00173e53	0xStack[0x8]	READ	1
0x00173e56	0xStack[0xc]	READ	1
0x00173e5c	0xStack[-0x8]	WRITE	0
0x00173e61	0x001e89ec	READ	1
0x00173e6d	0xStack[-0x8]	DATA	0
0x00173e76	0x00174a90	UNCONDITIONAL_CALL	0
0x00173e7d	0x00173e86	CONDITIONAL_JUMP	0
0x00173e7f	0xStack[-0x8]	READ	1
0x00173e86	0xStack[-0x10]	DATA	0
0x00173e94	0xStack[0x8]	READ	1
0x00173e99	0xStack[0xc]	READ	1
0x00173e9c	0x001e89ec	READ	1
0x00173eac	0xStack[0x4]	READ	1
0x00173eb0	0x001765ac	UNCONDITIONAL_CALL	0
0x00173eb5	0xStack[-0x8]	READ	1
0x00173ec5	0xStack[0x8]	READ	1
0x00173ec8	0xStack[0xc]	READ	1
0x00173ecd	0x00173faa	CONDITIONAL_JUMP	0
0x00173ed3	0xStack[0x4]	READ	1
0x00173ed9	0xStack[-0x8]	WRITE	0
0x00173edc	0xStack[-0x8]	READ	1
0x00173ee3	0x00173ee1	CONDITIONAL_JUMP	0
0x00173eea	0xStack[-0x8]	READ	1
0x00173ef4	0x00173edc	CONDITIONAL_JUMP	0
0x00173efb	0xStack[0x4]	READ	1
0x00173eff	0x0017b200	UNCONDITIONAL_CALL	0
0x00173f0b	0x00173f84	CONDITIONAL_JUMP	0
0x00173f0f	0xStack[0x4]	READ	1
0x00173f15	0xStack[0x10]	READ	0
0x00173f19	0x00173f24	CONDITIONAL_JUMP	0
0x00173f1d	0x00173faf	UNCONDITIONAL_JUMP	0
0x00173f24	0x001f6e54	READ	1
0x00173f2b	0x00173f29	CONDITIONAL_JUMP	0
0x00173f32	0x001f6e54	READ_WRITE	0
0x00173f3d	0x00173f24	CONDITIONAL_JUMP	0
0x00173f43	0x001f6e50	DATA	0
0x00173f48	0x001631a0	UNCONDITIONAL_CALL	0
0x00173f4f	0x001f6e54	DATA	0
0x00173f54	0x001f6e38	DATA	0
0x00173f59	0x00163320	UNCONDITIONAL_CALL	0
0x00173f5e	0xStack[0x4]	READ	1
0x00173f6c	0x00173f6a	CONDITIONAL_JUMP	0
0x00173f7a	0x00173f68	CONDITIONAL_JUMP	0
0x00173f7c	0x00173ef8	UNCONDITIONAL_JUMP	0
0x00173f86	0xStack[0x4]	READ	1
0x00173f8d	0x0017b99c	UNCONDITIONAL_CALL	0
0x00173f96	0x001e0d0c	READ	1
0x00173fa4	0x00173edc	CONDITIONAL_JUMP	0
0x00173faf	0xStack[-0x14]	DATA	0
0x00173fc5	0xStack[0x4]	READ	1
0x00173fc8	0x001e89ec	READ	1
0x00173fcd	0xStack[0x10]	READ	1
0x00173fd8	0x001f6ea8	READ	1
0x00173fdf	0x00178c30	UNCONDITIONAL_CALL	0
0x00173fe7	0xStack[-0x8]	WRITE	0
0x00173fed	0xStack[-0x8]	DATA	0
0x00173ff3	0x001f6ea8	READ	1
0x00173ffb	0x00174a90	UNCONDITIONAL_CALL	0
0x00174005	0x00174014	CONDITIONAL_JUMP	0
0x00174007	0x001e0a16	DATA	0
0x0017400c	0x0010ca6c	UNCONDITIONAL_CALL	0
0x00174018	0x0018f7b4	UNCONDITIONAL_CALL	0
0x0017401d	0xStack[0x14]	READ	1
0x00174021	0xStack[-0x8]	READ	1
0x0017402d	0x001746a0	UNCONDITIONAL_CALL	0
0x00174032	0xStack[-0xc]	WRITE	0
0x0017403a	0x00174049	CONDITIONAL_JUMP	0
0x0017403c	0x001e0a26	DATA	0
0x00174041	0x0010ca6c	UNCONDITIONAL_CALL	0
0x00174049	0xStack[-0xc]	READ	1
0x0017404d	0xStack[-0x8]	READ	1
0x00174056	0x00174f9c	UNCONDITIONAL_CALL	0
0x00174060	0x0017406c	CONDITIONAL_JUMP	0
0x00174062	0x001e0a36	DATA	0
0x00174067	0x0010ca6c	UNCONDITIONAL_CALL	0
0x0017406c	0xStack[-0x8]	READ	1
0x0017406f	0xStack[0x8]	READ	1
0x00174074	0xStack[-0x8]	READ	1
0x00174077	0xStack[0xc]	READ	1
0x0017407c	0xStack[-0xc]	READ	1
0x0017407f	0xStack[-0x18]	DATA	0
0x00174093	0xStack[0x4]	READ	1
0x00174098	0xStack[0x8]	READ	1
0x0017409e	0x0019141c	UNCONDITIONAL_CALL	0
0x001740a4	0x001746a0	UNCONDITIONAL_CALL	0
0x001740ab	0x001e8de8	WRITE	0
0x001740b1	0xStack[-0x8]	WRITE	0
0x001740bb	0xStack[-0x8]	DATA	0
0x001740c4	0x00174a90	UNCONDITIONAL_CALL	0
0x001740c9	0xStack[-0xc]	READ	1
0x001740d5	0xStack[0x4]	READ	1
0x001740d8	0xStack[0x8]	READ	1
0x001740db	0xStack[0xc]	READ	1
0x001740de	0xStack[0x10]	READ	1
0x001740e1	0x001f63f0	READ	1
0x001740e9	0x001740f8	CONDITIONAL_JUMP	0
0x001740ee	0x001013cc	UNCONDITIONAL_CALL	0
0x001740f5	0x00174115	UNCONDITIONAL_JUMP	0
0x001740f8	0x001e8b54	READ	1
0x00174103	0x00174110	CONDITIONAL_JUMP	0
0x00174108	0x00189a5c	UNCONDITIONAL_CALL	0
0x0017410d	0x00174115	UNCONDITIONAL_JUMP	0
0x00174115	0xStack[-0xc]	DATA	0
0x00174125	0xStack[0x4]	READ	1
0x00174128	0xStack[0x8]	READ	1
0x0017412b	0xStack[0xc]	READ	1
0x0017412e	0xStack[0x10]	READ	1
0x00174131	0x001f63f0	READ	1
0x00174139	0x00174148	CONDITIONAL_JUMP	0
0x0017413e	0x001013cc	UNCONDITIONAL_CALL	0
0x00174145	0x00174165	UNCONDITIONAL_JUMP	0
0x00174148	0x001e8b54	READ	1
0x00174153	0x00174160	CONDITIONAL_JUMP	0
0x00174158	0x00189cec	UNCONDITIONAL_CALL	0
0x0017415d	0x00174165	UNCONDITIONAL_JUMP	0
0x00174165	0xStack[-0xc]	DATA	0
0x00174179	0xStack[0x4]	READ	1
0x0017417c	0xStack[0xc]	READ	1
0x0017417f	0x001f6ea0	READ	1
0x00174185	0xStack[-0xc]	WRITE	0
0x00174188	0xStack[-0x10]	WRITE	0
0x00174192	0xStack[-0x8]	WRITE	0
0x00174195	0x001e89ec	READ	1
0x001741a6	0xStack[-0x8]	DATA	0
0x001741af	0x00174a90	UNCONDITIONAL_CALL	0
0x001741c1	0xStack[-0x14]	WRITE	0
0x001741c6	0x001741e4	CONDITIONAL_JUMP	0
0x001741c8	0xStack[-0xc]	READ	1
0x001741cb	0x001f6ea0	READ	0
0x001741d1	0x001741d9	CONDITIONAL_JUMP	0
0x001741d4	0x00178c64	UNCONDITIONAL_CALL	0
0x001741d9	0xStack[-0x14]	READ	1
0x001741dc	0x00174296	UNCONDITIONAL_JUMP	0
0x001741e4	0xStack[-0xc]	READ	1
0x001741e7	0x001f6ea0	READ	0
0x001741ed	0x0017423a	CONDITIONAL_JUMP	0
0x001741ef	0xStack[-0x8]	READ	1
0x001741f2	0xStack[-0x10]	WRITE	0
0x001741f6	0x00178c30	UNCONDITIONAL_CALL	0
0x001741ff	0x0015b5d0	UNCONDITIONAL_CALL	0
0x0017420a	0xStack[-0x8]	READ	1
0x00174213	0x00176164	UNCONDITIONAL_CALL	0
0x00174218	0xStack[-0x8]	READ	1
0x00174220	0xStack[-0x10]	READ	1
0x00174224	0xStack[-0xc]	READ	1
0x00174229	0x00174848	UNCONDITIONAL_CALL	0
0x00174232	0x0015b73c	UNCONDITIONAL_CALL	0
0x0017423a	0xStack[0x10]	READ	1
0x0017423f	0xStack[-0x10]	READ	1
0x00174243	0xStack[-0xc]	READ	1
0x00174247	0x00173ebc	UNCONDITIONAL_CALL	0
0x00174251	0x0017427c	CONDITIONAL_JUMP	0
0x00174254	0x0015b5d0	UNCONDITIONAL_CALL	0
0x0017425f	0xStack[-0x8]	READ	1
0x00174268	0x00176164	UNCONDITIONAL_CALL	0
0x0017426e	0x0015b73c	UNCONDITIONAL_CALL	0
0x00174278	0x00174296	UNCONDITIONAL_JUMP	0
0x0017427e	0xStack[-0x8]	READ	1
0x00174287	0x00175b2c	UNCONDITIONAL_CALL	0
0x0017428c	0xStack[-0x8]	READ	1
0x0017428f	0xStack[0x8]	READ	1
0x00174296	0xStack[-0x20]	DATA	0
0x001742a9	0xStack[0x4]	READ	1
0x001742ac	0x001e8e20	READ	0
0x001742b2	0x001742d1	CONDITIONAL_JUMP	0
0x001742b4	0x001f50c4	READ	0
0x001742ba	0x001742d1	CONDITIONAL_JUMP	0
0x001742bc	0x001f50c8	READ	0
0x001742c2	0x001742d1	CONDITIONAL_JUMP	0
0x001742c4	0x001e0a46	DATA	0
0x001742c9	0x0010ca6c	UNCONDITIONAL_CALL	0
0x001742d1	0x001e89ec	READ	1
0x001742d6	0xStack[0x8]	READ	1
0x001742df	0xStack[0x8]	WRITE	0
0x001742e2	0xStack[0x4]	READ	1
0x001742e6	0x0015b5d0	UNCONDITIONAL_CALL	0
0x001742eb	0xStack[0x4]	READ	1
0x001742f7	0xStack[-0x10]	WRITE	0
0x001742fa	0xStack[0x4]	READ	1
0x00174302	0x00174358	CONDITIONAL_JUMP	0
0x00174305	0x0015b73c	UNCONDITIONAL_CALL	0
0x0017430a	0xStack[0x4]	READ	1
0x00174310	0xStack[-0x8]	WRITE	0
0x00174315	0xStack[0x8]	READ	1
0x00174319	0xStack[-0x8]	DATA	0
0x00174321	0xStack[0x4]	READ	1
0x00174325	0x00174a90	UNCONDITIONAL_CALL	0
0x0017432f	0x00174338	CONDITIONAL_JUMP	0
0x00174333	0x0017450d	UNCONDITIONAL_JUMP	0
0x0017433a	0xStack[-0x8]	READ	1
0x0017433d	0xStack[0x8]	READ	1
0x00174344	0xStack[0x4]	READ	1
0x00174348	0x00175b2c	UNCONDITIONAL_CALL	0
0x0017434d	0xStack[-0x8]	READ	1
0x00174350	0x0017450d	UNCONDITIONAL_JUMP	0
0x00174358	0xStack[-0x10]	READ	1
0x0017435b	0xStack[0x4]	READ	1
0x00174361	0x0017438a	CONDITIONAL_JUMP	0
0x00174367	0x0017438a	CONDITIONAL_JUMP	0
0x0017436f	0x0017438a	CONDITIONAL_JUMP	0
0x00174375	0x0017438a	CONDITIONAL_JUMP	0
0x0017437b	0x0017438a	CONDITIONAL_JUMP	0
0x00174381	0x0017438a	CONDITIONAL_JUMP	0
0x00174388	0x00174397	CONDITIONAL_JUMP	0
0x0017438a	0x001e0a50	DATA	0
0x0017438f	0x0010ca6c	UNCONDITIONAL_CALL	0
0x00174397	0xStack[0x4]	READ	1
0x0017439d	0xStack[0x8]	READ	1
0x001743a0	0xStack[-0x10]	READ	1
0x001743a8	0x001743b8	CONDITIONAL_JUMP	0
0x001743ab	0x0015b73c	UNCONDITIONAL_CALL	0
0x001743b2	0x0017450d	UNCONDITIONAL_JUMP	0
0x001743b8	0xStack[-0x10]	READ	1
0x001743be	0xStack[-0xc]	WRITE	0
0x001743c3	0xStack[-0x10]	READ	1
0x001743cc	0xStack[-0x14]	WRITE	0
0x001743cf	0xStack[-0x8]	WRITE	0
0x001743d2	0xStack[0x8]	READ	1
0x001743d8	0xStack[-0xc]	READ	1
0x001743e4	0x001743e2	CONDITIONAL_JUMP	0
0x001743f2	0x001743e0	CONDITIONAL_JUMP	0
0x001743f4	0xStack[-0x14]	READ	1
0x001743f7	0x001f6ea4	READ	1
0x001743fd	0xStack[0x8]	READ	1
0x00174404	0x00174480	CONDITIONAL_JUMP	0
0x0017440b	0xStack[-0xc]	READ	1
0x0017440f	0x0017b200	UNCONDITIONAL_CALL	0
0x0017441b	0x00174468	CONDITIONAL_JUMP	0
0x0017441d	0xStack[-0x14]	READ	0
0x00174420	0x00174444	CONDITIONAL_JUMP	0
0x00174424	0x001e0d0c	READ	1
0x0017442b	0xStack[-0xc]	READ	1
0x0017442f	0x0017af58	UNCONDITIONAL_CALL	0
0x00174437	0x0017b540	UNCONDITIONAL_CALL	0
0x0017443f	0xStack[-0x14]	READ	0
0x00174442	0x00174424	CONDITIONAL_JUMP	0
0x00174446	0xStack[-0xc]	READ	1
0x0017444c	0xStack[0x8]	READ	1
0x0017444f	0xStack[-0x10]	READ	1
0x00174455	0xStack[0x4]	READ	1
0x00174459	0x0015b73c	UNCONDITIONAL_CALL	0
0x00174460	0x0017450d	UNCONDITIONAL_JUMP	0
0x00174469	0x0017b99c	UNCONDITIONAL_CALL	0
0x00174473	0x001e0d0c	READ	1
0x0017447e	0x00174408	CONDITIONAL_JUMP	0
0x00174482	0xStack[-0xc]	READ	1
0x00174488	0xStack[-0x8]	READ	1
0x0017448b	0xStack[-0x14]	READ	1
0x0017448e	0xStack[-0x10]	READ	1
0x00174494	0x00174501	CONDITIONAL_JUMP	0
0x00174499	0xStack[-0x18]	WRITE	0
0x0017449c	0xStack[-0x18]	READ	1
0x001744a3	0x001744a1	CONDITIONAL_JUMP	0
0x001744aa	0xStack[-0x18]	READ	1
0x001744b4	0x0017449c	CONDITIONAL_JUMP	0
0x001744b7	0xStack[-0xc]	READ	1
0x001744bb	0x0017af58	UNCONDITIONAL_CALL	0
0x001744c3	0x0017b6e8	UNCONDITIONAL_CALL	0
0x001744cd	0xStack[-0xc]	READ	1
0x001744d5	0xStack[-0x10]	READ	1
0x001744e1	0xStack[0x4]	READ	1
0x001744e8	0x0019065c	UNCONDITIONAL_CALL	0
0x001744ed	0x001e0d0c	READ	1
0x001744f9	0xStack[-0x10]	READ	1
0x001744ff	0x0017449c	CONDITIONAL_JUMP	0
0x00174501	0xStack[0x4]	READ	1
0x00174505	0x0015b73c	UNCONDITIONAL_CALL	0
0x0017450a	0xStack[-0x8]	READ	1
0x0017450d	0xStack[-0x28]	DATA	0
0x00174521	0xStack[0x4]	READ	1
0x00174524	0x001e89ec	READ	1
0x00174529	0xStack[0x8]	READ	1
0x00174535	0x0015b5d0	UNCONDITIONAL_CALL	0
0x00174541	0x0015bb9c	UNCONDITIONAL_CALL	0
0x00174549	0xStack[-0x8]	WRITE	0
0x0017454f	0xStack[-0x8]	DATA	0
0x00174558	0x00174a90	UNCONDITIONAL_CALL	0
0x00174560	0x0015bbe0	UNCONDITIONAL_CALL	0
0x0017456a	0x00174598	CONDITIONAL_JUMP	0
0x00174574	0x00174580	CONDITIONAL_JUMP	0
0x00174577	0x0015b73c	UNCONDITIONAL_CALL	0
0x0017457e	0x001745a8	UNCONDITIONAL_JUMP	0
0x00174583	0x00162f20	UNCONDITIONAL_CALL	0
0x00174589	0x0015b73c	UNCONDITIONAL_CALL	0
0x0017458e	0x00165328	UNCONDITIONAL_CALL	0
0x00174596	0x001745a1	UNCONDITIONAL_JUMP	0
0x00174599	0x0015b73c	UNCONDITIONAL_CALL	0
0x001745a3	0x00174534	CONDITIONAL_JUMP	0
0x001745a5	0xStack[-0x8]	READ	1
0x001745a8	0xStack[-0x14]	DATA	0
0x001745ba	0xStack[0x4]	READ	1
0x001745bd	0xStack[0x8]	READ	1
0x001745c0	0xStack[0xc]	READ	1
0x001745c4	0x0015b5d0	UNCONDITIONAL_CALL	0
0x001745d1	0x001e89ec	READ	1
0x001745e1	0x00176164	UNCONDITIONAL_CALL	0
0x001745eb	0x001631a0	UNCONDITIONAL_CALL	0
0x001745f1	0x0015b73c	UNCONDITIONAL_CALL	0
0x001745f6	0xStack[-0x10]	DATA	0
0x00174603	0x001e0a73	DATA	0
0x00174613	0x0016a490	UNCONDITIONAL_CALL	0
0x00174618	0x001f6ec4	WRITE	0
0x0017461d	0x001e0a78	DATA	0
0x00174626	0x00100000	DATA	0
0x0017462d	0x0016a490	UNCONDITIONAL_CALL	0
0x00174632	0x001f6ebc	WRITE	0
0x0017463a	0x001e0a8f	DATA	0
0x00174643	0x001f6eb0	READ	1
0x0017464c	0x0016a490	UNCONDITIONAL_CALL	0
0x00174651	0x001f6ec0	WRITE	0
0x0017465f	0x0016b90c	UNCONDITIONAL_CALL	0
0x00174667	0x001f6eb8	READ	1
0x0017466e	0x001f6eb4	READ	1
0x00174675	0x001f6ec4	READ	1
0x0017467c	0x0016a5dc	UNCONDITIONAL_CALL	0
0x00174681	0x001f6eb0	READ	1
0x00174688	0x001f6eac	READ	1
0x0017468f	0x001f6ec0	READ	1
0x00174696	0x0016a5dc	UNCONDITIONAL_CALL	0
0x001746a4	0x001f6ec4	READ	1
0x001746ab	0x0016b790	UNCONDITIONAL_CALL	0
0x001746b7	0x001746c6	CONDITIONAL_JUMP	0
0x001746b9	0x001e0aa2	DATA	0
0x001746be	0x0010ca6c	UNCONDITIONAL_CALL	0
0x001746d6	0xStack[0x10]	READ	1
0x001746ea	0xStack[0x4]	READ	1
0x001746f7	0xStack[0x8]	READ	1
0x001746fd	0xStack[0xc]	READ	1
0x00174721	0x0015b54c	UNCONDITIONAL_CALL	0
0x0017473d	0xStack[-0x8]	READ	1
0x00174748	0xStack[0x4]	READ	1
0x0017474f	0x00174758	CONDITIONAL_JUMP	0
0x00174751	0x001f6ebc	READ	1
0x00174756	0x0017475d	UNCONDITIONAL_JUMP	0
0x00174758	0x001f6ec0	READ	1
0x0017475e	0x0016b790	UNCONDITIONAL_CALL	0
0x0017476a	0x00174776	CONDITIONAL_JUMP	0
0x0017476c	0x001e0ab0	DATA	0
0x00174771	0x0010ca6c	UNCONDITIONAL_CALL	0
0x00174778	0xStack[-0x8]	READ	1
0x00174783	0xStack[0x4]	READ	1
0x0017478a	0x00174794	CONDITIONAL_JUMP	0
0x0017478c	0x001f6ebc	READ	1
0x00174791	0x00174799	UNCONDITIONAL_JUMP	0
0x00174794	0x001f6ec0	READ	1
0x00174799	0xStack[0x8]	READ	1
0x0017479e	0x0016b84c	UNCONDITIONAL_CALL	0
0x001747ab	0xStack[0x4]	READ	1
0x001747b0	0x001747d4	CONDITIONAL_JUMP	0
0x001747bc	0x001747ba	CONDITIONAL_JUMP	0
0x001747ca	0x001747b8	CONDITIONAL_JUMP	0
0x001747dc	0xStack[0x4]	READ	1
0x001747e1	0x0017483f	CONDITIONAL_JUMP	0
0x001747ec	0x001747ea	CONDITIONAL_JUMP	0
0x001747fa	0x001747e8	CONDITIONAL_JUMP	0
0x0017480d	0x0017483f	CONDITIONAL_JUMP	0
0x00174810	0x0015b5d0	UNCONDITIONAL_CALL	0
0x00174824	0x00176164	UNCONDITIONAL_CALL	0
0x0017482d	0x0018f69c	UNCONDITIONAL_CALL	0
0x00174833	0x001f6ec4	READ	1
0x0017483a	0x0016b84c	UNCONDITIONAL_CALL	0
0x0017483f	0xStack[-0x8]	READ	1
0x00174851	0xStack[0x4]	READ	1
0x00174854	0xStack[0x10]	READ	1
0x0017485a	0x00174869	CONDITIONAL_JUMP	0
0x0017485c	0xStack[0x14]	READ	1
0x00174862	0x00174869	CONDITIONAL_JUMP	0
0x00174864	0xStack[0x10]	READ	0
0x00174867	0x00174874	CONDITIONAL_JUMP	0
0x0017486e	0x001749b9	UNCONDITIONAL_JUMP	0
0x00174874	0xStack[-0x8]	DATA	0
0x00174878	0xStack[0x10]	READ	1
0x0017487d	0x001749c4	UNCONDITIONAL_CALL	0
0x00174887	0x0017489e	CONDITIONAL_JUMP	0
0x00174889	0xStack[-0x8]	READ	1
0x00174894	0x001748a8	CONDITIONAL_JUMP	0
0x00174896	0xStack[0x14]	READ	1
0x0017489c	0x001748a8	CONDITIONAL_JUMP	0
0x001748a3	0x001749b9	UNCONDITIONAL_JUMP	0
0x001748a8	0xStack[0x8]	READ	0
0x001748ac	0x00174918	CONDITIONAL_JUMP	0
0x001748b3	0x00174918	CONDITIONAL_JUMP	0
0x001748b5	0xStack[0x10]	READ	1
0x001748bb	0x00174918	CONDITIONAL_JUMP	0
0x001748c1	0x00174918	CONDITIONAL_JUMP	0
0x001748c7	0x00174918	CONDITIONAL_JUMP	0
0x001748cd	0x00174918	CONDITIONAL_JUMP	0
0x001748d3	0x00174918	CONDITIONAL_JUMP	0
0x001748da	0x00174918	CONDITIONAL_JUMP	0
0x001748dc	0xStack[0x14]	READ	1
0x001748e2	0xStack[0x10]	READ	1
0x001748f5	0x00179c28	UNCONDITIONAL_CALL	0
0x001748ff	0x00174918	CONDITIONAL_JUMP	0
0x00174901	0xStack[0x14]	READ	1
0x0017490a	0xStack[0x14]	READ	1
0x00174910	0x001749b7	UNCONDITIONAL_JUMP	0
0x0017491c	0x00174928	CONDITIONAL_JUMP	0
0x0017491e	0x001f6ebc	READ	1
0x00174923	0x0017492d	UNCONDITIONAL_JUMP	0
0x00174928	0x001f6ec0	READ	1
0x0017492e	0x0016b790	UNCONDITIONAL_CALL	0
0x0017493a	0x00174946	CONDITIONAL_JUMP	0
0x0017493c	0x001e0ab0	DATA	0
0x00174941	0x0010ca6c	UNCONDITIONAL_CALL	0
0x00174948	0xStack[0x10]	READ	1
0x0017494e	0xStack[0x14]	READ	1
0x00174958	0xStack[0x8]	READ	1
0x0017495e	0xStack[0xc]	READ	1
0x0017496c	0x00174989	CONDITIONAL_JUMP	0
0x001749aa	0x001749b7	CONDITIONAL_JUMP	0
0x001749b2	0x001749b7	CONDITIONAL_JUMP	0
0x001749b9	0xStack[-0x14]	DATA	0
0x001749ca	0xStack[0x4]	READ	1
0x001749cd	0xStack[0x8]	READ	1
0x001749d0	0xStack[0xc]	READ	1
0x001749dc	0x001749da	CONDITIONAL_JUMP	0
0x001749ea	0x001749d8	CONDITIONAL_JUMP	0
0x001749f9	0x001749fe	CONDITIONAL_JUMP	0
0x00174a01	0x00174a18	CONDITIONAL_JUMP	0
0x00174a05	0x00174a5b	CONDITIONAL_JUMP	0
0x00174a0a	0x00174a57	CONDITIONAL_JUMP	0
0x00174a13	0x00174a84	UNCONDITIONAL_JUMP	0
0x00174a1e	0x00174a57	UNCONDITIONAL_JUMP	0
0x00174a23	0x00174a54	CONDITIONAL_JUMP	0
0x00174a28	0x00174a5b	CONDITIONAL_JUMP	0
0x00174a34	0x00174a32	CONDITIONAL_JUMP	0
0x00174a42	0x00174a30	CONDITIONAL_JUMP	0
0x00174a51	0x00174a84	UNCONDITIONAL_JUMP	0
0x00174a59	0x00174a20	CONDITIONAL_JUMP	0
0x00174a68	0x00174a66	CONDITIONAL_JUMP	0
0x00174a76	0x00174a64	CONDITIONAL_JUMP	0
0x00174a84	0xStack[-0x10]	DATA	0
0x00174a99	0xStack[0x18]	READ	1
0x00174a9c	0xStack[0x10]	READ	1
0x00174aa1	0xStack[-0x18]	WRITE	0
0x00174aa4	0xStack[0x4]	READ	1
0x00174aa8	0x0015b5d0	UNCONDITIONAL_CALL	0
0x00174ab5	0x00174c4b	CONDITIONAL_JUMP	0
0x00174ac0	0x00174ac5	CONDITIONAL_JUMP	0
0x00174ac2	0xStack[-0x18]	WRITE	0
0x00174ac5	0xStack[-0x18]	READ	1
0x00174ac8	0xStack[0x4]	READ	1
0x00174ace	0x00174ae0	CONDITIONAL_JUMP	0
0x00174ad1	0x0015b73c	UNCONDITIONAL_CALL	0
0x00174adb	0x00174df5	UNCONDITIONAL_JUMP	0
0x00174ae0	0xStack[-0x18]	READ	0
0x00174ae3	0x00174b00	CONDITIONAL_JUMP	0
0x00174ae5	0xStack[0x4]	READ	1
0x00174af2	0x00174bd8	CONDITIONAL_JUMP	0
0x00174af8	0x00174c14	UNCONDITIONAL_JUMP	0
0x00174b00	0xStack[0x4]	READ	1
0x00174b0c	0x00174b0a	CONDITIONAL_JUMP	0
0x00174b1a	0x00174b08	CONDITIONAL_JUMP	0
0x00174b1c	0xStack[0x4]	READ	1
0x00174b2e	0x00174b33	CONDITIONAL_JUMP	0
0x00174b33	0xStack[-0x18]	READ	1
0x00174b39	0x00174b4c	CONDITIONAL_JUMP	0
0x00174b3d	0x00174b9b	CONDITIONAL_JUMP	0
0x00174b42	0x00174b97	CONDITIONAL_JUMP	0
0x00174b44	0xStack[-0x8]	WRITE	0
0x00174b47	0x00174bcc	UNCONDITIONAL_JUMP	0
0x00174b4f	0xStack[0x4]	READ	1
0x00174b55	0x00174b97	UNCONDITIONAL_JUMP	0
0x00174b58	0xStack[-0x18]	READ	1
0x00174b5e	0x00174b94	CONDITIONAL_JUMP	0
0x00174b63	0x00174b9b	CONDITIONAL_JUMP	0
0x00174b65	0xStack[-0x8]	WRITE	0
0x00174b68	0xStack[0x4]	READ	1
0x00174b74	0x00174b72	CONDITIONAL_JUMP	0
0x00174b82	0x00174b70	CONDITIONAL_JUMP	0
0x00174b84	0xStack[0x4]	READ	1
0x00174b8f	0x00174bcc	UNCONDITIONAL_JUMP	0
0x00174b99	0x00174b58	CONDITIONAL_JUMP	0
0x00174b9d	0xStack[-0x8]	WRITE	0
0x00174ba0	0xStack[0x4]	READ	1
0x00174bac	0x00174baa	CONDITIONAL_JUMP	0
0x00174bba	0x00174ba8	CONDITIONAL_JUMP	0
0x00174bbc	0xStack[-0x8]	READ	1
0x00174bbf	0xStack[0x4]	READ	1
0x00174bca	0x00174bd5	UNCONDITIONAL_JUMP	0
0x00174bcc	0xStack[-0x8]	READ	1
0x00174bd2	0xStack[-0x18]	WRITE	0
0x00174bd5	0xStack[-0x8]	READ	1
0x00174bd8	0xStack[-0x18]	READ	1
0x00174bdb	0xStack[0x14]	READ	1
0x00174bde	0xStack[0x4]	READ	1
0x00174be4	0x00174beb	CONDITIONAL_JUMP	0
0x00174be6	0xStack[-0x18]	READ	0
0x00174be9	0x00174c00	CONDITIONAL_JUMP	0
0x00174beb	0xStack[0x4]	READ	1
0x00174bef	0x0015b73c	UNCONDITIONAL_CALL	0
0x00174bf9	0x00174df5	UNCONDITIONAL_JUMP	0
0x00174c03	0xStack[0x4]	READ	1
0x00174c0b	0x00174c1c	CONDITIONAL_JUMP	0
0x00174c10	0x00174c1c	CONDITIONAL_JUMP	0
0x00174c17	0xStack[-0x18]	WRITE	0
0x00174c1a	0x00174bd8	UNCONDITIONAL_JUMP	0
0x00174c1c	0xStack[-0x18]	READ	1
0x00174c1f	0xStack[0x10]	READ	1
0x00174c24	0xStack[0x4]	READ	1
0x00174c30	0x00174c2e	CONDITIONAL_JUMP	0
0x00174c3e	0x00174c2c	CONDITIONAL_JUMP	0
0x00174c40	0xStack[0x4]	READ	1
0x00174c4b	0xStack[0x14]	READ	1
0x00174c4e	0xStack[-0x18]	READ	1
0x00174c51	0xStack[-0x10]	WRITE	0
0x00174c54	0xStack[-0x18]	READ	1
0x00174c57	0xStack[0x4]	READ	1
0x00174c5d	0x00174c6c	CONDITIONAL_JUMP	0
0x00174c5f	0xStack[-0x10]	READ	1
0x00174c65	0x00174c6c	CONDITIONAL_JUMP	0
0x00174c67	0xStack[-0x18]	READ	0
0x00174c6a	0x00174c78	CONDITIONAL_JUMP	0
0x00174c71	0x00174de6	UNCONDITIONAL_JUMP	0
0x00174c78	0xStack[-0xc]	DATA	0
0x00174c7c	0xStack[-0x18]	READ	1
0x00174c80	0xStack[0x4]	READ	1
0x00174c84	0x001749c4	UNCONDITIONAL_CALL	0
0x00174c8e	0x00174ca8	CONDITIONAL_JUMP	0
0x00174c90	0xStack[-0xc]	READ	1
0x00174c93	0xStack[0x4]	READ	1
0x00174c9e	0x00174cb4	CONDITIONAL_JUMP	0
0x00174ca0	0xStack[-0x10]	READ	1
0x00174ca6	0x00174cb4	CONDITIONAL_JUMP	0
0x00174cad	0x00174de6	UNCONDITIONAL_JUMP	0
0x00174cb4	0xStack[0x8]	READ	0
0x00174cb8	0x00174d30	CONDITIONAL_JUMP	0
0x00174cba	0xStack[0x4]	READ	1
0x00174cc2	0x00174d30	CONDITIONAL_JUMP	0
0x00174cc4	0xStack[-0x18]	READ	1
0x00174cca	0x00174d30	CONDITIONAL_JUMP	0
0x00174cd0	0x00174d30	CONDITIONAL_JUMP	0
0x00174cd6	0x00174d30	CONDITIONAL_JUMP	0
0x00174cdc	0x00174d30	CONDITIONAL_JUMP	0
0x00174ce2	0x00174d30	CONDITIONAL_JUMP	0
0x00174ce9	0x00174d30	CONDITIONAL_JUMP	0
0x00174ceb	0xStack[-0x10]	READ	1
0x00174cf1	0xStack[-0x18]	READ	1
0x00174d04	0xStack[-0x1c]	WRITE	0
0x00174d07	0x00179c28	UNCONDITIONAL_CALL	0
0x00174d0f	0xStack[-0x1c]	READ	1
0x00174d14	0x00174d30	CONDITIONAL_JUMP	0
0x00174d16	0xStack[-0x10]	READ	1
0x00174d1c	0xStack[0x4]	READ	1
0x00174d22	0xStack[-0x10]	READ	1
0x00174d28	0x00174de4	UNCONDITIONAL_JUMP	0
0x00174d30	0xStack[0x4]	READ	1
0x00174d37	0x00174d40	CONDITIONAL_JUMP	0
0x00174d39	0x001f6ebc	READ	1
0x00174d3e	0x00174d45	UNCONDITIONAL_JUMP	0
0x00174d40	0x001f6ec0	READ	1
0x00174d46	0xStack[-0x1c]	WRITE	0
0x00174d49	0x0016b790	UNCONDITIONAL_CALL	0
0x00174d53	0xStack[-0x1c]	READ	1
0x00174d58	0x00174d6d	CONDITIONAL_JUMP	0
0x00174d5a	0x001e0ab0	DATA	0
0x00174d5f	0xStack[-0x1c]	WRITE	0
0x00174d62	0x0010ca6c	UNCONDITIONAL_CALL	0
0x00174d6f	0xStack[-0x18]	READ	1
0x00174d75	0xStack[-0x10]	READ	1
0x00174d7f	0xStack[0x8]	READ	1
0x00174d85	0xStack[0xc]	READ	1
0x00174d8f	0xStack[0x4]	READ	1
0x00174d96	0x00174db3	CONDITIONAL_JUMP	0
0x00174db3	0xStack[0x4]	READ	1
0x00174dd7	0x00174de4	CONDITIONAL_JUMP	0
0x00174ddf	0x00174de4	CONDITIONAL_JUMP	0
0x00174de6	0xStack[0x4]	READ	1
0x00174dea	0xStack[-0x14]	WRITE	0
0x00174ded	0x0015b73c	UNCONDITIONAL_CALL	0
0x00174df2	0xStack[-0x14]	READ	1
0x00174df5	0xStack[-0x28]	DATA	0
0x00174e09	0xStack[0x8]	READ	1
0x00174e0c	0xStack[0x4]	READ	1
0x00174e13	0x00174e1c	CONDITIONAL_JUMP	0
0x00174e15	0x001f6ebc	READ	1
0x00174e1a	0x00174e21	UNCONDITIONAL_JUMP	0
0x00174e1c	0x001f6ec0	READ	1
0x00174e22	0x0016b790	UNCONDITIONAL_CALL	0
0x00174e27	0xStack[-0x8]	WRITE	0
0x00174e2f	0x00174e3e	CONDITIONAL_JUMP	0
0x00174e31	0x001e0ab0	DATA	0
0x00174e36	0x0010ca6c	UNCONDITIONAL_CALL	0
0x00174e3e	0xStack[-0x8]	READ	1
0x00174e41	0xStack[-0xc]	WRITE	0
0x00174e44	0xStack[-0xc]	READ	1
0x00174e55	0xStack[0xc]	READ	1
0x00174e5b	0xStack[0xc]	READ	1
0x00174e67	0xStack[0x4]	READ	1
0x00174e6f	0xStack[-0xc]	READ	1
0x00174e8a	0x00174eb8	CONDITIONAL_JUMP	0
0x00174e91	0x00174ec4	CONDITIONAL_JUMP	0
0x00174e9c	0x00174e9a	CONDITIONAL_JUMP	0
0x00174eaa	0x00174e98	CONDITIONAL_JUMP	0
0x00174eb4	0x00174ec4	UNCONDITIONAL_JUMP	0
0x00174eb8	0xStack[-0x8]	READ	1
0x00174ebf	0x00178c30	UNCONDITIONAL_CALL	0
0x00174ec4	0xStack[-0x18]	DATA	0
0x00174ed9	0xStack[0x8]	READ	1
0x00174edc	0xStack[0x4]	READ	1
0x00174ee3	0x00174eec	CONDITIONAL_JUMP	0
0x00174ee5	0x001f6ebc	READ	1
0x00174eea	0x00174ef1	UNCONDITIONAL_JUMP	0
0x00174eec	0x001f6ec0	READ	1
0x00174ef2	0x0016b790	UNCONDITIONAL_CALL	0
0x00174ef7	0xStack[-0x8]	WRITE	0
0x00174eff	0x00174f0e	CONDITIONAL_JUMP	0
0x00174f01	0x001e0ab0	DATA	0
0x00174f06	0x0010ca6c	UNCONDITIONAL_CALL	0
0x00174f0e	0xStack[-0x8]	READ	1
0x00174f11	0xStack[-0xc]	WRITE	0
0x00174f14	0xStack[-0xc]	READ	1
0x00174f25	0xStack[0xc]	READ	1
0x00174f2b	0xStack[-0xc]	READ	1
0x00174f31	0xStack[0xc]	READ	1
0x00174f3a	0xStack[0x4]	READ	1
0x00174f56	0x00174f84	CONDITIONAL_JUMP	0
0x00174f5d	0x00174f90	CONDITIONAL_JUMP	0
0x00174f68	0x00174f66	CONDITIONAL_JUMP	0
0x00174f76	0x00174f64	CONDITIONAL_JUMP	0
0x00174f80	0x00174f90	UNCONDITIONAL_JUMP	0
0x00174f84	0xStack[-0x8]	READ	1
0x00174f8b	0x00178c30	UNCONDITIONAL_CALL	0
0x00174f90	0xStack[-0x18]	DATA	0
0x00174fa5	0xStack[-0xc]	WRITE	0
0x00174fac	0xStack[0x4]	READ	1
0x00174fb0	0x0015b5d0	UNCONDITIONAL_CALL	0
0x00174fbe	0xStack[0x8]	READ	0
0x00174fc1	0x00174fc6	CONDITIONAL_JUMP	0
0x00174fc3	0xStack[0x8]	WRITE	0
0x00174fc6	0xStack[0x4]	READ	1
0x00174fcc	0xStack[0xc]	READ	0
0x00174fcf	0x00174fd4	CONDITIONAL_JUMP	0
0x00174fd1	0xStack[0xc]	WRITE	0
0x00174fd4	0xStack[0xc]	READ	1
0x00174fd7	0xStack[0x8]	READ	0
0x00174fda	0x00174fdf	CONDITIONAL_JUMP	0
0x00174fdc	0xStack[0x8]	WRITE	0
0x00174fdf	0xStack[0x4]	READ	1
0x00174fec	0x00174fea	CONDITIONAL_JUMP	0
0x00174ffa	0x00174fe8	CONDITIONAL_JUMP	0
0x00174ffc	0xStack[0x4]	READ	1
0x0017500e	0x00175013	CONDITIONAL_JUMP	0
0x00175013	0xStack[0x8]	READ	1
0x00175019	0x0017502c	CONDITIONAL_JUMP	0
0x0017501d	0x0017507b	CONDITIONAL_JUMP	0
0x00175022	0x00175077	CONDITIONAL_JUMP	0
0x00175024	0xStack[-0x8]	WRITE	0
0x00175027	0x001750b0	UNCONDITIONAL_JUMP	0
0x0017502f	0xStack[0x4]	READ	1
0x00175035	0x00175077	UNCONDITIONAL_JUMP	0
0x00175038	0xStack[0x8]	READ	1
0x0017503e	0x00175074	CONDITIONAL_JUMP	0
0x00175043	0x0017507b	CONDITIONAL_JUMP	0
0x00175045	0xStack[-0x8]	WRITE	0
0x00175048	0xStack[0x4]	READ	1
0x00175054	0x00175052	CONDITIONAL_JUMP	0
0x00175062	0x00175050	CONDITIONAL_JUMP	0
0x00175064	0xStack[0x4]	READ	1
0x0017506f	0x001750b0	UNCONDITIONAL_JUMP	0
0x00175079	0x00175038	CONDITIONAL_JUMP	0
0x0017507d	0xStack[-0x8]	WRITE	0
0x00175080	0xStack[0x4]	READ	1
0x0017508c	0x0017508a	CONDITIONAL_JUMP	0
0x0017509a	0x00175088	CONDITIONAL_JUMP	0
0x0017509c	0xStack[-0x8]	READ	1
0x0017509f	0xStack[0x4]	READ	1
0x001750aa	0x0017518c	UNCONDITIONAL_JUMP	0
0x001750b0	0xStack[-0x8]	READ	1
0x001750b3	0xStack[0x8]	READ	1
0x001750b9	0x00175195	CONDITIONAL_JUMP	0
0x001750bf	0xStack[0x4]	READ	1
0x001750c5	0xStack[-0x10]	WRITE	0
0x001750ca	0xStack[0x4]	READ	1
0x001750d1	0x001750dc	CONDITIONAL_JUMP	0
0x001750d3	0x001f6ebc	READ	1
0x001750d8	0x001750e1	UNCONDITIONAL_JUMP	0
0x001750dc	0x001f6ec0	READ	1
0x001750e2	0x0016b790	UNCONDITIONAL_CALL	0
0x001750e7	0xStack[-0x14]	WRITE	0
0x001750ef	0x001750fe	CONDITIONAL_JUMP	0
0x001750f1	0x001e0ab0	DATA	0
0x001750f6	0x0010ca6c	UNCONDITIONAL_CALL	0
0x001750fe	0xStack[-0x14]	READ	1
0x00175101	0xStack[-0x20]	WRITE	0
0x00175104	0xStack[-0x20]	READ	1
0x00175115	0xStack[0x8]	READ	1
0x0017511b	0xStack[0x8]	READ	1
0x00175127	0xStack[-0x10]	READ	1
0x0017512f	0xStack[-0x20]	READ	1
0x0017514a	0x00175178	CONDITIONAL_JUMP	0
0x00175151	0x00175195	CONDITIONAL_JUMP	0
0x0017515c	0x0017515a	CONDITIONAL_JUMP	0
0x0017516a	0x00175158	CONDITIONAL_JUMP	0
0x00175174	0x00175195	UNCONDITIONAL_JUMP	0
0x00175178	0xStack[-0x14]	READ	1
0x0017517f	0x00178c30	UNCONDITIONAL_CALL	0
0x00175187	0x00175195	UNCONDITIONAL_JUMP	0
0x0017518c	0xStack[-0x8]	READ	1
0x00175192	0xStack[-0x8]	WRITE	0
0x00175195	0xStack[-0x8]	READ	1
0x00175198	0xStack[0xc]	READ	1
0x0017519e	0x00175267	CONDITIONAL_JUMP	0
0x001751a4	0xStack[0x4]	READ	1
0x001751aa	0xStack[-0x18]	WRITE	0
0x001751af	0xStack[0x4]	READ	1
0x001751b6	0x001751c0	CONDITIONAL_JUMP	0
0x001751b8	0x001f6ebc	READ	1
0x001751bd	0x001751c5	UNCONDITIONAL_JUMP	0
0x001751c0	0x001f6ec0	READ	1
0x001751c6	0x0016b790	UNCONDITIONAL_CALL	0
0x001751cb	0xStack[-0x1c]	WRITE	0
0x001751d3	0x001751e2	CONDITIONAL_JUMP	0
0x001751d5	0x001e0ab0	DATA	0
0x001751da	0x0010ca6c	UNCONDITIONAL_CALL	0
0x001751e2	0xStack[-0x1c]	READ	1
0x001751e5	0xStack[-0x20]	WRITE	0
0x001751e8	0xStack[-0x20]	READ	1
0x001751f9	0xStack[0xc]	READ	1
0x001751ff	0xStack[-0x20]	READ	1
0x00175205	0xStack[0xc]	READ	1
0x0017520e	0xStack[-0x18]	READ	1
0x0017522a	0x00175258	CONDITIONAL_JUMP	0
0x00175231	0x00175267	CONDITIONAL_JUMP	0
0x0017523c	0x0017523a	CONDITIONAL_JUMP	0
0x0017524a	0x00175238	CONDITIONAL_JUMP	0
0x00175254	0x00175267	UNCONDITIONAL_JUMP	0
0x00175258	0xStack[-0x1c]	READ	1
0x0017525f	0x00178c30	UNCONDITIONAL_CALL	0
0x00175267	0xStack[-0x8]	READ	1
0x0017526a	0xStack[0x8]	READ	1
0x00175270	0x001752df	CONDITIONAL_JUMP	0
0x00175272	0xStack[0xc]	READ	1
0x00175278	0x001752df	CONDITIONAL_JUMP	0
0x00175280	0x001752df	CONDITIONAL_JUMP	0
0x00175285	0x001f6ea8	READ	0
0x0017528b	0x001752df	CONDITIONAL_JUMP	0
0x00175290	0x001752df	CONDITIONAL_JUMP	0
0x0017529a	0x00178c64	UNCONDITIONAL_CALL	0
0x0017529f	0xStack[-0x8]	READ	1
0x001752a6	0xStack[-0x8]	READ	1
0x001752a9	0xStack[0x10]	READ	1
0x001752af	0xStack[0x10]	READ	1
0x001752b7	0x001752d8	CONDITIONAL_JUMP	0
0x001752c0	0x001752be	CONDITIONAL_JUMP	0
0x001752ce	0x001752bc	CONDITIONAL_JUMP	0
0x001752d8	0xStack[-0xc]	WRITE	0
0x001752df	0xStack[0x4]	READ	1
0x001752e3	0x0015b73c	UNCONDITIONAL_CALL	0
0x001752e8	0xStack[-0xc]	READ	1
0x001752eb	0xStack[-0x2c]	DATA	0
0x00175301	0xStack[0x4]	READ	1
0x00175305	0x0015b5d0	UNCONDITIONAL_CALL	0
0x00175313	0xStack[0x8]	READ	0
0x00175316	0x0017531b	CONDITIONAL_JUMP	0
0x00175318	0xStack[0x8]	WRITE	0
0x0017531b	0xStack[0x4]	READ	1
0x00175321	0xStack[0xc]	READ	0
0x00175324	0x00175329	CONDITIONAL_JUMP	0
0x00175326	0xStack[0xc]	WRITE	0
0x00175329	0xStack[0xc]	READ	1
0x0017532c	0xStack[0x8]	READ	0
0x0017532f	0x00175334	CONDITIONAL_JUMP	0
0x00175331	0xStack[0x8]	WRITE	0
0x00175334	0xStack[0x4]	READ	1
0x00175340	0x0017533e	CONDITIONAL_JUMP	0
0x0017534e	0x0017533c	CONDITIONAL_JUMP	0
0x00175350	0xStack[0x4]	READ	1
0x00175362	0x00175367	CONDITIONAL_JUMP	0
0x00175367	0xStack[0x8]	READ	1
0x0017536d	0x00175380	CONDITIONAL_JUMP	0
0x00175371	0x001753cf	CONDITIONAL_JUMP	0
0x00175376	0x001753cb	CONDITIONAL_JUMP	0
0x00175378	0xStack[-0x8]	WRITE	0
0x0017537b	0x00175404	UNCONDITIONAL_JUMP	0
0x00175383	0xStack[0x4]	READ	1
0x00175389	0x001753cb	UNCONDITIONAL_JUMP	0
0x0017538c	0xStack[0x8]	READ	1
0x00175392	0x001753c8	CONDITIONAL_JUMP	0
0x00175397	0x001753cf	CONDITIONAL_JUMP	0
0x00175399	0xStack[-0x8]	WRITE	0
0x0017539c	0xStack[0x4]	READ	1
0x001753a8	0x001753a6	CONDITIONAL_JUMP	0
0x001753b6	0x001753a4	CONDITIONAL_JUMP	0
0x001753b8	0xStack[0x4]	READ	1
0x001753c3	0x00175404	UNCONDITIONAL_JUMP	0
0x001753cd	0x0017538c	CONDITIONAL_JUMP	0
0x001753d1	0xStack[-0x8]	WRITE	0
0x001753d4	0xStack[0x4]	READ	1
0x001753e0	0x001753de	CONDITIONAL_JUMP	0
0x001753ee	0x001753dc	CONDITIONAL_JUMP	0
0x001753f0	0xStack[-0x8]	READ	1
0x001753f3	0xStack[0x4]	READ	1
0x001753fe	0x00175508	UNCONDITIONAL_JUMP	0
0x00175404	0xStack[-0x8]	READ	1
0x00175407	0xStack[0x8]	READ	1
0x0017540d	0x00175511	CONDITIONAL_JUMP	0
0x00175413	0xStack[0x4]	READ	1
0x00175419	0xStack[-0x10]	WRITE	0
0x0017541e	0xStack[0x4]	READ	1
0x00175425	0x00175430	CONDITIONAL_JUMP	0
0x00175427	0x001f6ebc	READ	1
0x0017542c	0x00175435	UNCONDITIONAL_JUMP	0
0x00175430	0x001f6ec0	READ	1
0x00175436	0x0016b790	UNCONDITIONAL_CALL	0
0x0017543b	0xStack[-0x14]	WRITE	0
0x00175443	0x00175452	CONDITIONAL_JUMP	0
0x00175445	0x001e0ab0	DATA	0
0x0017544a	0x0010ca6c	UNCONDITIONAL_CALL	0
0x00175452	0xStack[-0x14]	READ	1
0x00175455	0xStack[-0x20]	WRITE	0
0x00175458	0xStack[-0x20]	READ	1
0x00175469	0xStack[0x8]	READ	1
0x0017546f	0xStack[0x8]	READ	1
0x0017547b	0xStack[-0x10]	READ	1
0x00175483	0xStack[-0x20]	READ	1
0x0017549e	0x001754cc	CONDITIONAL_JUMP	0
0x001754a5	0x00175511	CONDITIONAL_JUMP	0
0x001754b0	0x001754ae	CONDITIONAL_JUMP	0
0x001754be	0x001754ac	CONDITIONAL_JUMP	0
0x001754c8	0x00175511	UNCONDITIONAL_JUMP	0
0x001754cc	0xStack[-0x14]	READ	1
0x001754d3	0x00178c30	UNCONDITIONAL_CALL	0
0x001754db	0x00175511	UNCONDITIONAL_JUMP	0
0x001754e0	0xStack[0x4]	READ	1
0x001754e4	0x0015b73c	UNCONDITIONAL_CALL	0
0x001754ee	0x00175809	UNCONDITIONAL_JUMP	0
0x001754f4	0xStack[0x4]	READ	1
0x001754f8	0x0015b73c	UNCONDITIONAL_CALL	0
0x00175502	0x00175809	UNCONDITIONAL_JUMP	0
0x00175508	0xStack[-0x8]	READ	1
0x0017550e	0xStack[-0x8]	WRITE	0
0x00175511	0xStack[-0x8]	READ	1
0x00175514	0xStack[0x4]	READ	1
0x0017551c	0x00175540	CONDITIONAL_JUMP	0
0x00175520	0xStack[0xc]	READ	1
0x00175526	0x00175540	CONDITIONAL_JUMP	0
0x0017552c	0x001754e0	CONDITIONAL_JUMP	0
0x0017552e	0xStack[0x10]	READ	1
0x00175534	0xStack[0x10]	READ	0
0x00175537	0x001754f4	CONDITIONAL_JUMP	0
0x0017553e	0x00175520	CONDITIONAL_JUMP	0
0x00175540	0xStack[-0x8]	READ	1
0x00175543	0x001757f0	UNCONDITIONAL_JUMP	0
0x00175548	0xStack[0xc]	READ	1
0x0017554e	0x001757fe	CONDITIONAL_JUMP	0
0x00175557	0x00175623	CONDITIONAL_JUMP	0
0x0017555d	0xStack[0x4]	READ	1
0x00175563	0xStack[0x4]	READ	1
0x0017556a	0x00175574	CONDITIONAL_JUMP	0
0x0017556c	0x001f6ebc	READ	1
0x00175571	0x00175579	UNCONDITIONAL_JUMP	0
0x00175574	0x001f6ec0	READ	1
0x0017557a	0xStack[-0x1c]	WRITE	0
0x0017557d	0x0016b790	UNCONDITIONAL_CALL	0
0x00175582	0xStack[-0x18]	WRITE	0
0x00175588	0xStack[-0x1c]	READ	1
0x0017558d	0x001755a2	CONDITIONAL_JUMP	0
0x0017558f	0x001e0ab0	DATA	0
0x00175594	0xStack[-0x1c]	WRITE	0
0x00175597	0x0010ca6c	UNCONDITIONAL_CALL	0
0x001755a2	0xStack[-0x18]	READ	1
0x001755a5	0xStack[-0x20]	WRITE	0
0x001755a8	0xStack[-0x20]	READ	1
0x001755ab	0xStack[-0x24]	WRITE	0
0x001755ba	0xStack[0xc]	READ	1
0x001755c0	0xStack[-0x20]	READ	1
0x001755c6	0xStack[0xc]	READ	1
0x001755e8	0x00175614	CONDITIONAL_JUMP	0
0x001755ef	0x00175623	CONDITIONAL_JUMP	0
0x001755f8	0x001755f6	CONDITIONAL_JUMP	0
0x00175606	0x001755f4	CONDITIONAL_JUMP	0
0x00175610	0x00175623	UNCONDITIONAL_JUMP	0
0x00175614	0xStack[-0x18]	READ	1
0x0017561b	0x00178c30	UNCONDITIONAL_CALL	0
0x00175626	0xStack[0x14]	READ	0
0x0017562a	0x0017563c	CONDITIONAL_JUMP	0
0x0017562c	0xStack[0x10]	READ	1
0x00175637	0x00175642	UNCONDITIONAL_JUMP	0
0x0017563c	0xStack[0x10]	READ	1
0x00175647	0x001757ed	CONDITIONAL_JUMP	0
0x00175651	0x001757c0	CONDITIONAL_JUMP	0
0x0017565b	0x0015b5d0	UNCONDITIONAL_CALL	0
0x0017566c	0xStack[-0x24]	WRITE	0
0x0017567c	0x0017567a	CONDITIONAL_JUMP	0
0x0017568a	0x00175678	CONDITIONAL_JUMP	0
0x0017568c	0xStack[-0x24]	READ	1
0x0017569e	0x001756a3	CONDITIONAL_JUMP	0
0x001756a6	0x001756b8	CONDITIONAL_JUMP	0
0x001756aa	0x00175703	CONDITIONAL_JUMP	0
0x001756af	0x001756ff	CONDITIONAL_JUMP	0
0x001756b1	0xStack[-0xc]	WRITE	0
0x001756b4	0x00175732	UNCONDITIONAL_JUMP	0
0x001756bb	0xStack[-0x24]	READ	1
0x001756c1	0x001756ff	UNCONDITIONAL_JUMP	0
0x001756c7	0x001756fc	CONDITIONAL_JUMP	0
0x001756cc	0x00175703	CONDITIONAL_JUMP	0
0x001756ce	0xStack[-0xc]	WRITE	0
0x001756d1	0xStack[-0x24]	READ	1
0x001756dc	0x001756da	CONDITIONAL_JUMP	0
0x001756ea	0x001756d8	CONDITIONAL_JUMP	0
0x001756ec	0xStack[-0x24]	READ	1
0x001756f7	0x00175732	UNCONDITIONAL_JUMP	0
0x00175701	0x001756c4	CONDITIONAL_JUMP	0
0x00175705	0xStack[-0xc]	WRITE	0
0x00175708	0xStack[-0x24]	READ	1
0x00175714	0x00175712	CONDITIONAL_JUMP	0
0x00175722	0x00175710	CONDITIONAL_JUMP	0
0x00175724	0xStack[-0xc]	READ	1
0x00175727	0xStack[-0x24]	READ	1
0x0017573b	0xStack[-0x20]	WRITE	0
0x0017573e	0x001757a7	UNCONDITIONAL_JUMP	0
0x00175740	0xStack[-0xc]	READ	1
0x00175743	0xStack[-0x20]	READ	1
0x00175749	0x001757b2	CONDITIONAL_JUMP	0
0x00175752	0x0017575c	CONDITIONAL_JUMP	0
0x00175758	0x00175761	UNCONDITIONAL_JUMP	0
0x00175762	0xStack[-0xc]	READ	1
0x00175765	0xStack[-0x24]	WRITE	0
0x0017576b	0xStack[-0x20]	READ	0
0x0017576e	0x00175773	CONDITIONAL_JUMP	0
0x00175770	0xStack[-0x20]	READ	1
0x0017577e	0xStack[-0x24]	READ	1
0x00175786	0x0017578a	CONDITIONAL_JUMP	0
0x0017578f	0xStack[0x4]	READ	1
0x00175796	0x0018fee4	UNCONDITIONAL_CALL	0
0x0017579b	0xStack[-0xc]	READ	1
0x001757a1	0xStack[-0xc]	WRITE	0
0x001757ad	0xStack[-0xc]	READ	0
0x001757b0	0x00175740	CONDITIONAL_JUMP	0
0x001757b6	0x0015b73c	UNCONDITIONAL_CALL	0
0x001757be	0x001757ed	UNCONDITIONAL_JUMP	0
0x001757c0	0xStack[-0x8]	READ	1
0x001757c7	0x001757d0	CONDITIONAL_JUMP	0
0x001757cd	0x001757d5	UNCONDITIONAL_JUMP	0
0x001757de	0xStack[0x4]	READ	1
0x001757e5	0x0018fee4	UNCONDITIONAL_CALL	0
0x001757f0	0xStack[0x4]	READ	1
0x001757f8	0x00175548	CONDITIONAL_JUMP	0
0x001757fe	0xStack[0x4]	READ	1
0x00175802	0x0015b73c	UNCONDITIONAL_CALL	0
0x00175809	0xStack[-0x30]	DATA	0
0x0017581d	0xStack[0x10]	READ	0
0x00175821	0x00175829	CONDITIONAL_JUMP	0
0x00175823	0xStack[0x10]	READ	0
0x00175827	0x00175834	CONDITIONAL_JUMP	0
0x0017582e	0x00175b21	UNCONDITIONAL_JUMP	0
0x00175834	0xStack[0x4]	READ	1
0x00175838	0x0015b5d0	UNCONDITIONAL_CALL	0
0x00175846	0xStack[0x8]	READ	0
0x00175849	0x0017584e	CONDITIONAL_JUMP	0
0x0017584b	0xStack[0x8]	WRITE	0
0x0017584e	0xStack[0x4]	READ	1
0x00175854	0xStack[0xc]	READ	0
0x00175857	0x0017585c	CONDITIONAL_JUMP	0
0x00175859	0xStack[0xc]	WRITE	0
0x0017585c	0xStack[0xc]	READ	1
0x0017585f	0xStack[0x8]	READ	0
0x00175862	0x00175867	CONDITIONAL_JUMP	0
0x00175864	0xStack[0x8]	WRITE	0
0x00175867	0xStack[0x4]	READ	1
0x00175874	0x00175872	CONDITIONAL_JUMP	0
0x00175882	0x00175870	CONDITIONAL_JUMP	0
0x00175884	0xStack[0x4]	READ	1
0x00175896	0x0017589b	CONDITIONAL_JUMP	0
0x0017589b	0xStack[0x8]	READ	1
0x001758a1	0x001758b4	CONDITIONAL_JUMP	0
0x001758a5	0x00175903	CONDITIONAL_JUMP	0
0x001758aa	0x001758ff	CONDITIONAL_JUMP	0
0x001758ac	0xStack[-0x8]	WRITE	0
0x001758af	0x00175938	UNCONDITIONAL_JUMP	0
0x001758b7	0xStack[0x4]	READ	1
0x001758bd	0x001758ff	UNCONDITIONAL_JUMP	0
0x001758c0	0xStack[0x8]	READ	1
0x001758c6	0x001758fc	CONDITIONAL_JUMP	0
0x001758cb	0x00175903	CONDITIONAL_JUMP	0
0x001758cd	0xStack[-0x8]	WRITE	0
0x001758d0	0xStack[0x4]	READ	1
0x001758dc	0x001758da	CONDITIONAL_JUMP	0
0x001758ea	0x001758d8	CONDITIONAL_JUMP	0
0x001758ec	0xStack[0x4]	READ	1
0x001758f7	0x00175938	UNCONDITIONAL_JUMP	0
0x00175901	0x001758c0	CONDITIONAL_JUMP	0
0x00175905	0xStack[-0x8]	WRITE	0
0x00175908	0xStack[0x4]	READ	1
0x00175914	0x00175912	CONDITIONAL_JUMP	0
0x00175922	0x00175910	CONDITIONAL_JUMP	0
0x00175924	0xStack[-0x8]	READ	1
0x00175927	0xStack[0x4]	READ	1
0x00175932	0x00175a18	UNCONDITIONAL_JUMP	0
0x00175938	0xStack[-0x8]	READ	1
0x0017593b	0xStack[0x8]	READ	1
0x00175941	0x00175b08	CONDITIONAL_JUMP	0
0x00175947	0xStack[0x4]	READ	1
0x0017594d	0xStack[-0xc]	WRITE	0
0x00175950	0xStack[0x4]	READ	1
0x00175957	0x00175960	CONDITIONAL_JUMP	0
0x00175959	0x001f6ebc	READ	1
0x0017595e	0x00175965	UNCONDITIONAL_JUMP	0
0x00175960	0x001f6ec0	READ	1
0x00175966	0x0016b790	UNCONDITIONAL_CALL	0
0x0017596b	0xStack[-0x10]	WRITE	0
0x00175973	0x00175982	CONDITIONAL_JUMP	0
0x00175975	0x001e0ab0	DATA	0
0x0017597a	0x0010ca6c	UNCONDITIONAL_CALL	0
0x00175982	0xStack[-0x10]	READ	1
0x00175985	0xStack[-0x1c]	WRITE	0
0x00175988	0xStack[-0x1c]	READ	1
0x00175999	0xStack[0x8]	READ	1
0x0017599f	0xStack[0x8]	READ	1
0x001759ab	0xStack[-0xc]	READ	1
0x001759b3	0xStack[-0x1c]	READ	1
0x001759ce	0x00175a04	CONDITIONAL_JUMP	0
0x001759d5	0x00175b08	CONDITIONAL_JUMP	0
0x001759e4	0x001759e2	CONDITIONAL_JUMP	0
0x001759f2	0x001759e0	CONDITIONAL_JUMP	0
0x001759fc	0x00175b08	UNCONDITIONAL_JUMP	0
0x00175a04	0xStack[-0x10]	READ	1
0x00175a0b	0x00178c30	UNCONDITIONAL_CALL	0
0x00175a13	0x00175b08	UNCONDITIONAL_JUMP	0
0x00175a18	0xStack[-0x8]	READ	1
0x00175a1e	0x00175b08	UNCONDITIONAL_JUMP	0
0x00175a24	0xStack[0xc]	READ	1
0x00175a2a	0x00175b16	CONDITIONAL_JUMP	0
0x00175a33	0x00175aff	CONDITIONAL_JUMP	0
0x00175a39	0xStack[0x4]	READ	1
0x00175a3f	0xStack[0x4]	READ	1
0x00175a46	0x00175a50	CONDITIONAL_JUMP	0
0x00175a48	0x001f6ebc	READ	1
0x00175a4d	0x00175a55	UNCONDITIONAL_JUMP	0
0x00175a50	0x001f6ec0	READ	1
0x00175a56	0xStack[-0x18]	WRITE	0
0x00175a59	0x0016b790	UNCONDITIONAL_CALL	0
0x00175a5e	0xStack[-0x14]	WRITE	0
0x00175a64	0xStack[-0x18]	READ	1
0x00175a69	0x00175a7e	CONDITIONAL_JUMP	0
0x00175a6b	0x001e0ab0	DATA	0
0x00175a70	0xStack[-0x18]	WRITE	0
0x00175a73	0x0010ca6c	UNCONDITIONAL_CALL	0
0x00175a7e	0xStack[-0x14]	READ	1
0x00175a81	0xStack[-0x1c]	WRITE	0
0x00175a84	0xStack[-0x1c]	READ	1
0x00175a87	0xStack[-0x20]	WRITE	0
0x00175a96	0xStack[0xc]	READ	1
0x00175a9c	0xStack[-0x1c]	READ	1
0x00175aa2	0xStack[0xc]	READ	1
0x00175ac4	0x00175af0	CONDITIONAL_JUMP	0
0x00175acb	0x00175aff	CONDITIONAL_JUMP	0
0x00175ad4	0x00175ad2	CONDITIONAL_JUMP	0
0x00175ae2	0x00175ad0	CONDITIONAL_JUMP	0
0x00175aec	0x00175aff	UNCONDITIONAL_JUMP	0
0x00175af0	0xStack[-0x14]	READ	1
0x00175af7	0x00178c30	UNCONDITIONAL_CALL	0
0x00175aff	0xStack[0x10]	READ	1
0x00175b08	0xStack[0x4]	READ	1
0x00175b10	0x00175a24	CONDITIONAL_JUMP	0
0x00175b16	0xStack[0x4]	READ	1
0x00175b1a	0x0015b73c	UNCONDITIONAL_CALL	0
0x00175b21	0xStack[-0x2c]	DATA	0
0x00175b35	0xStack[-0xc]	WRITE	0
0x00175b3c	0xStack[0x4]	READ	1
0x00175b40	0x0015b5d0	UNCONDITIONAL_CALL	0
0x00175b4e	0xStack[0x8]	READ	0
0x00175b51	0x00175b56	CONDITIONAL_JUMP	0
0x00175b53	0xStack[0x8]	WRITE	0
0x00175b56	0xStack[0x4]	READ	1
0x00175b5c	0xStack[0xc]	READ	0
0x00175b5f	0x00175b64	CONDITIONAL_JUMP	0
0x00175b61	0xStack[0xc]	WRITE	0
0x00175b64	0xStack[0xc]	READ	1
0x00175b67	0xStack[0x8]	READ	0
0x00175b6a	0x00175b6f	CONDITIONAL_JUMP	0
0x00175b6c	0xStack[0x8]	WRITE	0
0x00175b6f	0xStack[0x4]	READ	1
0x00175b7c	0x00175b7a	CONDITIONAL_JUMP	0
0x00175b8a	0x00175b78	CONDITIONAL_JUMP	0
0x00175b8c	0xStack[0x4]	READ	1
0x00175b9e	0x00175ba3	CONDITIONAL_JUMP	0
0x00175ba3	0xStack[0x8]	READ	1
0x00175ba9	0x00175bbc	CONDITIONAL_JUMP	0
0x00175bad	0x00175c0b	CONDITIONAL_JUMP	0
0x00175bb2	0x00175c07	CONDITIONAL_JUMP	0
0x00175bb4	0xStack[-0x8]	WRITE	0
0x00175bb7	0x00175c40	UNCONDITIONAL_JUMP	0
0x00175bbf	0xStack[0x4]	READ	1
0x00175bc5	0x00175c07	UNCONDITIONAL_JUMP	0
0x00175bc8	0xStack[0x8]	READ	1
0x00175bce	0x00175c04	CONDITIONAL_JUMP	0
0x00175bd3	0x00175c0b	CONDITIONAL_JUMP	0
0x00175bd5	0xStack[-0x8]	WRITE	0
0x00175bd8	0xStack[0x4]	READ	1
0x00175be4	0x00175be2	CONDITIONAL_JUMP	0
0x00175bf2	0x00175be0	CONDITIONAL_JUMP	0
0x00175bf4	0xStack[0x4]	READ	1
0x00175bff	0x00175c40	UNCONDITIONAL_JUMP	0
0x00175c09	0x00175bc8	CONDITIONAL_JUMP	0
0x00175c0d	0xStack[-0x8]	WRITE	0
0x00175c10	0xStack[0x4]	READ	1
0x00175c1c	0x00175c1a	CONDITIONAL_JUMP	0
0x00175c2a	0x00175c18	CONDITIONAL_JUMP	0
0x00175c2c	0xStack[-0x8]	READ	1
0x00175c2f	0xStack[0x4]	READ	1
0x00175c3a	0x00175d18	UNCONDITIONAL_JUMP	0
0x00175c40	0xStack[-0x8]	READ	1
0x00175c43	0xStack[0x8]	READ	1
0x00175c49	0x00175d1e	CONDITIONAL_JUMP	0
0x00175c4f	0xStack[0x4]	READ	1
0x00175c55	0xStack[-0x10]	WRITE	0
0x00175c58	0xStack[0x4]	READ	1
0x00175c5f	0x00175c68	CONDITIONAL_JUMP	0
0x00175c61	0x001f6ebc	READ	1
0x00175c66	0x00175c6d	UNCONDITIONAL_JUMP	0
0x00175c68	0x001f6ec0	READ	1
0x00175c6e	0x0016b790	UNCONDITIONAL_CALL	0
0x00175c73	0xStack[-0x14]	WRITE	0
0x00175c7b	0x00175c8a	CONDITIONAL_JUMP	0
0x00175c7d	0x001e0ab0	DATA	0
0x00175c82	0x0010ca6c	UNCONDITIONAL_CALL	0
0x00175c8a	0xStack[-0x14]	READ	1
0x00175c8d	0xStack[-0x24]	WRITE	0
0x00175c90	0xStack[-0x24]	READ	1
0x00175ca1	0xStack[0x8]	READ	1
0x00175ca7	0xStack[0x8]	READ	1
0x00175cb3	0xStack[-0x10]	READ	1
0x00175cbb	0xStack[-0x24]	READ	1
0x00175cd6	0x00175d04	CONDITIONAL_JUMP	0
0x00175cdd	0x00175d1e	CONDITIONAL_JUMP	0
0x00175ce8	0x00175ce6	CONDITIONAL_JUMP	0
0x00175cf6	0x00175ce4	CONDITIONAL_JUMP	0
0x00175d00	0x00175d1e	UNCONDITIONAL_JUMP	0
0x00175d04	0xStack[-0x14]	READ	1
0x00175d0b	0x00178c30	UNCONDITIONAL_CALL	0
0x00175d13	0x00175d1e	UNCONDITIONAL_JUMP	0
0x00175d18	0xStack[-0x8]	READ	1
0x00175d1e	0xStack[-0x8]	WRITE	0
0x00175d21	0xStack[0x10]	READ	0
0x00175d25	0x00175e68	CONDITIONAL_JUMP	0
0x00175d2b	0xStack[0x4]	READ	1
0x00175d33	0x00175d52	CONDITIONAL_JUMP	0
0x00175d38	0xStack[0xc]	READ	1
0x00175d3e	0x00175d52	CONDITIONAL_JUMP	0
0x00175d45	0x00175fdc	CONDITIONAL_JUMP	0
0x00175d50	0x00175d38	CONDITIONAL_JUMP	0
0x00175d52	0xStack[-0x8]	READ	1
0x00175d55	0xStack[0x4]	READ	1
0x00175d5d	0x00176046	CONDITIONAL_JUMP	0
0x00175d63	0xStack[0xc]	READ	1
0x00175d69	0x00176046	CONDITIONAL_JUMP	0
0x00175d72	0x00175e3f	CONDITIONAL_JUMP	0
0x00175d78	0xStack[0x4]	READ	1
0x00175d7e	0xStack[0x4]	READ	1
0x00175d85	0x00175d90	CONDITIONAL_JUMP	0
0x00175d87	0x001f6ebc	READ	1
0x00175d8c	0x00175d95	UNCONDITIONAL_JUMP	0
0x00175d90	0x001f6ec0	READ	1
0x00175d96	0xStack[-0x20]	WRITE	0
0x00175d99	0x0016b790	UNCONDITIONAL_CALL	0
0x00175d9e	0xStack[-0x18]	WRITE	0
0x00175da4	0xStack[-0x20]	READ	1
0x00175da9	0x00175dbe	CONDITIONAL_JUMP	0
0x00175dab	0x001e0ab0	DATA	0
0x00175db0	0xStack[-0x20]	WRITE	0
0x00175db3	0x0010ca6c	UNCONDITIONAL_CALL	0
0x00175dbe	0xStack[-0x18]	READ	1
0x00175dc1	0xStack[-0x24]	WRITE	0
0x00175dc4	0xStack[-0x24]	READ	1
0x00175dc7	0xStack[-0x28]	WRITE	0
0x00175dd6	0xStack[0xc]	READ	1
0x00175ddc	0xStack[-0x24]	READ	1
0x00175de2	0xStack[0xc]	READ	1
0x00175e04	0x00175e30	CONDITIONAL_JUMP	0
0x00175e0b	0x00175e3f	CONDITIONAL_JUMP	0
0x00175e14	0x00175e12	CONDITIONAL_JUMP	0
0x00175e22	0x00175e10	CONDITIONAL_JUMP	0
0x00175e2c	0x00175e3f	UNCONDITIONAL_JUMP	0
0x00175e30	0xStack[-0x18]	READ	1
0x00175e37	0x00178c30	UNCONDITIONAL_CALL	0
0x00175e4f	0x00175e5e	CONDITIONAL_JUMP	0
0x00175e52	0xStack[0x4]	READ	1
0x00175e56	0x001735f4	UNCONDITIONAL_CALL	0
0x00175e61	0x00175d55	UNCONDITIONAL_JUMP	0
0x00175e68	0xStack[-0x8]	READ	1
0x00175e6b	0x00175fae	UNCONDITIONAL_JUMP	0
0x00175e70	0xStack[0xc]	READ	1
0x00175e76	0x00175fbc	CONDITIONAL_JUMP	0
0x00175e7f	0x00175f4b	CONDITIONAL_JUMP	0
0x00175e85	0xStack[0x4]	READ	1
0x00175e8b	0xStack[0x4]	READ	1
0x00175e92	0x00175e9c	CONDITIONAL_JUMP	0
0x00175e94	0x001f6ebc	READ	1
0x00175e99	0x00175ea1	UNCONDITIONAL_JUMP	0
0x00175e9c	0x001f6ec0	READ	1
0x00175ea2	0xStack[-0x20]	WRITE	0
0x00175ea5	0x0016b790	UNCONDITIONAL_CALL	0
0x00175eaa	0xStack[-0x1c]	WRITE	0
0x00175eb0	0xStack[-0x20]	READ	1
0x00175eb5	0x00175eca	CONDITIONAL_JUMP	0
0x00175eb7	0x001e0ab0	DATA	0
0x00175ebc	0xStack[-0x20]	WRITE	0
0x00175ebf	0x0010ca6c	UNCONDITIONAL_CALL	0
0x00175eca	0xStack[-0x1c]	READ	1
0x00175ecd	0xStack[-0x24]	WRITE	0
0x00175ed0	0xStack[-0x24]	READ	1
0x00175ed3	0xStack[-0x28]	WRITE	0
0x00175ee2	0xStack[0xc]	READ	1
0x00175ee8	0xStack[-0x24]	READ	1
0x00175eee	0xStack[0xc]	READ	1
0x00175f10	0x00175f3c	CONDITIONAL_JUMP	0
0x00175f17	0x00175f4b	CONDITIONAL_JUMP	0
0x00175f20	0x00175f1e	CONDITIONAL_JUMP	0
0x00175f2e	0x00175f1c	CONDITIONAL_JUMP	0
0x00175f38	0x00175f4b	UNCONDITIONAL_JUMP	0
0x00175f3c	0xStack[-0x1c]	READ	1
0x00175f43	0x00178c30	UNCONDITIONAL_CALL	0
0x00175f5a	0x00175fab	CONDITIONAL_JUMP	0
0x00175f61	0x00175fab	CONDITIONAL_JUMP	0
0x00175f65	0x00175f8c	CONDITIONAL_JUMP	0
0x00175f6b	0x00175f8c	CONDITIONAL_JUMP	0
0x00175f7c	0x001795a0	UNCONDITIONAL_CALL	0
0x00175f88	0x00175fab	UNCONDITIONAL_JUMP	0
0x00175f90	0x00175fab	CONDITIONAL_JUMP	0
0x00175f99	0x00178b80	UNCONDITIONAL_CALL	0
0x00175fae	0xStack[0x4]	READ	1
0x00175fb6	0x00175e70	CONDITIONAL_JUMP	0
0x00175fbc	0xStack[0x4]	READ	1
0x00175fbf	0x001e8de8	READ	0
0x00175fc5	0x00175fec	CONDITIONAL_JUMP	0
0x00175fc7	0xStack[-0xc]	WRITE	0
0x00175fcf	0x0015b73c	UNCONDITIONAL_CALL	0
0x00175fd7	0x00175ffe	UNCONDITIONAL_JUMP	0
0x00175fdc	0xStack[0x4]	READ	1
0x00175fe0	0x0015b73c	UNCONDITIONAL_CALL	0
0x00175fea	0x00176057	UNCONDITIONAL_JUMP	0
0x00175fec	0xStack[0x4]	READ	1
0x00175ff0	0x0015bb9c	UNCONDITIONAL_CALL	0
0x00175ff6	0x0015b9b0	UNCONDITIONAL_CALL	0
0x00175ffe	0xStack[-0x8]	READ	1
0x00176001	0xStack[0x4]	READ	1
0x00176009	0x00176034	CONDITIONAL_JUMP	0
0x0017600b	0xStack[-0x28]	WRITE	0
0x00176010	0xStack[0xc]	READ	1
0x00176016	0x00176034	CONDITIONAL_JUMP	0
0x0017601d	0x0017602c	CONDITIONAL_JUMP	0
0x00176020	0xStack[0x4]	READ	1
0x00176024	0x0017358c	UNCONDITIONAL_CALL	0
0x0017602f	0xStack[-0x28]	READ	0
0x00176032	0x00176010	CONDITIONAL_JUMP	0
0x00176034	0xStack[-0xc]	READ	0
0x00176038	0x00176055	CONDITIONAL_JUMP	0
0x0017603a	0xStack[0x4]	READ	1
0x0017603e	0x0015bbe0	UNCONDITIONAL_CALL	0
0x00176046	0xStack[-0xc]	READ	0
0x0017604a	0x00176055	CONDITIONAL_JUMP	0
0x0017604c	0xStack[0x4]	READ	1
0x00176050	0x0015b73c	UNCONDITIONAL_CALL	0
0x00176057	0xStack[-0x34]	DATA	0
0x00176068	0xStack[0x8]	READ	1
0x0017606c	0xStack[0x4]	READ	1
0x00176070	0x001735f4	UNCONDITIONAL_CALL	0
0x0017607b	0xStack[-0x8]	READ	1
0x0017608a	0xStack[0x4]	READ	1
0x0017608d	0xStack[0x8]	READ	1
0x00176095	0x001760a7	CONDITIONAL_JUMP	0
0x00176099	0x001735f4	UNCONDITIONAL_CALL	0
0x001760c6	0x00176130	CONDITIONAL_JUMP	0
0x001760cd	0x0017613c	CONDITIONAL_JUMP	0
0x001760d8	0x001760d6	CONDITIONAL_JUMP	0
0x001760e6	0x001760d4	CONDITIONAL_JUMP	0
0x001760f9	0x0017613c	CONDITIONAL_JUMP	0
0x001760fc	0x0015b5d0	UNCONDITIONAL_CALL	0
0x00176110	0x00176164	UNCONDITIONAL_CALL	0
0x00176119	0x0018f69c	UNCONDITIONAL_CALL	0
0x0017611f	0x001f6ec4	READ	1
0x00176126	0x0016b84c	UNCONDITIONAL_CALL	0
0x0017612e	0x0017613c	UNCONDITIONAL_JUMP	0
0x00176134	0x00178c64	UNCONDITIONAL_CALL	0
0x00176140	0x0017614c	CONDITIONAL_JUMP	0
0x00176142	0x001f6ebc	READ	1
0x00176147	0x00176151	UNCONDITIONAL_JUMP	0
0x0017614c	0x001f6ec0	READ	1
0x00176153	0x0016b84c	UNCONDITIONAL_CALL	0
0x00176158	0xStack[-0x10]	DATA	0
0x0017616d	0xStack[0x4]	READ	1
0x00176178	0x00176176	CONDITIONAL_JUMP	0
0x00176186	0x00176174	CONDITIONAL_JUMP	0
0x00176188	0xStack[0x4]	READ	1
0x0017619a	0x0017619f	CONDITIONAL_JUMP	0
0x0017619f	0xStack[0x8]	READ	1
0x001761a5	0x001761b8	CONDITIONAL_JUMP	0
0x001761a9	0x00176207	CONDITIONAL_JUMP	0
0x001761ae	0x00176203	CONDITIONAL_JUMP	0
0x001761b0	0xStack[-0x8]	WRITE	0
0x001761b3	0x00176244	UNCONDITIONAL_JUMP	0
0x001761bb	0xStack[0x4]	READ	1
0x001761c1	0x00176203	UNCONDITIONAL_JUMP	0
0x001761c4	0xStack[0x8]	READ	1
0x001761ca	0x00176200	CONDITIONAL_JUMP	0
0x001761cf	0x00176207	CONDITIONAL_JUMP	0
0x001761d1	0xStack[-0x8]	WRITE	0
0x001761d4	0xStack[0x4]	READ	1
0x001761e0	0x001761de	CONDITIONAL_JUMP	0
0x001761ee	0x001761dc	CONDITIONAL_JUMP	0
0x001761f0	0xStack[0x4]	READ	1
0x001761fb	0x00176244	UNCONDITIONAL_JUMP	0
0x00176205	0x001761c4	CONDITIONAL_JUMP	0
0x00176209	0xStack[-0x8]	WRITE	0
0x0017620c	0xStack[0x4]	READ	1
0x00176218	0x00176216	CONDITIONAL_JUMP	0
0x00176226	0x00176214	CONDITIONAL_JUMP	0
0x00176228	0xStack[-0x8]	READ	1
0x0017622b	0xStack[0x4]	READ	1
0x00176236	0xStack[-0x8]	READ	1
0x0017623c	0x0017633d	UNCONDITIONAL_JUMP	0
0x00176244	0xStack[-0x8]	READ	1
0x00176247	0xStack[0x8]	READ	1
0x0017624d	0x00176313	CONDITIONAL_JUMP	0
0x00176253	0xStack[0x4]	READ	1
0x00176259	0xStack[-0xc]	WRITE	0
0x0017625c	0xStack[0x4]	READ	1
0x00176263	0x0017626c	CONDITIONAL_JUMP	0
0x00176265	0x001f6ebc	READ	1
0x0017626a	0x00176271	UNCONDITIONAL_JUMP	0
0x0017626c	0x001f6ec0	READ	1
0x00176272	0x0016b790	UNCONDITIONAL_CALL	0
0x00176277	0xStack[-0x10]	WRITE	0
0x0017627f	0x0017628e	CONDITIONAL_JUMP	0
0x00176281	0x001e0ab0	DATA	0
0x00176286	0x0010ca6c	UNCONDITIONAL_CALL	0
0x0017628e	0xStack[-0x10]	READ	1
0x00176291	0xStack[-0x24]	WRITE	0
0x00176294	0xStack[-0x24]	READ	1
0x001762a3	0xStack[0x8]	READ	1
0x001762a9	0xStack[0x8]	READ	1
0x001762b5	0xStack[-0xc]	READ	1
0x001762bd	0xStack[-0x24]	READ	1
0x001762d8	0x00176304	CONDITIONAL_JUMP	0
0x001762df	0x00176313	CONDITIONAL_JUMP	0
0x001762e8	0x001762e6	CONDITIONAL_JUMP	0
0x001762f6	0x001762e4	CONDITIONAL_JUMP	0
0x00176300	0x00176313	UNCONDITIONAL_JUMP	0
0x00176304	0xStack[-0x10]	READ	1
0x0017630b	0x00178c30	UNCONDITIONAL_CALL	0
0x00176313	0xStack[0x4]	READ	1
0x00176320	0x0017631e	CONDITIONAL_JUMP	0
0x0017632e	0x0017631c	CONDITIONAL_JUMP	0
0x00176332	0xStack[0x4]	READ	1
0x0017633d	0xStack[0x4]	READ	1
0x00176343	0xStack[0x8]	READ	1
0x00176349	0x00176592	CONDITIONAL_JUMP	0
0x00176354	0x00176592	UNCONDITIONAL_JUMP	0
0x0017635c	0xStack[0xc]	READ	1
0x00176362	0x001765a0	CONDITIONAL_JUMP	0
0x0017636b	0x00176437	CONDITIONAL_JUMP	0
0x00176371	0xStack[0x4]	READ	1
0x00176377	0xStack[0x4]	READ	1
0x0017637e	0x00176388	CONDITIONAL_JUMP	0
0x00176380	0x001f6ebc	READ	1
0x00176385	0x0017638d	UNCONDITIONAL_JUMP	0
0x00176388	0x001f6ec0	READ	1
0x0017638e	0xStack[-0x20]	WRITE	0
0x00176391	0x0016b790	UNCONDITIONAL_CALL	0
0x00176396	0xStack[-0x1c]	WRITE	0
0x0017639c	0xStack[-0x20]	READ	1
0x001763a1	0x001763b6	CONDITIONAL_JUMP	0
0x001763a3	0x001e0ab0	DATA	0
0x001763a8	0xStack[-0x20]	WRITE	0
0x001763ab	0x0010ca6c	UNCONDITIONAL_CALL	0
0x001763b6	0xStack[-0x1c]	READ	1
0x001763b9	0xStack[-0x24]	WRITE	0
0x001763bc	0xStack[-0x24]	READ	1
0x001763cb	0xStack[0xc]	READ	1
0x001763d1	0xStack[-0x24]	READ	1
0x001763d7	0xStack[0xc]	READ	1
0x001763f9	0x00176428	CONDITIONAL_JUMP	0
0x00176400	0x00176437	CONDITIONAL_JUMP	0
0x0017640c	0x0017640a	CONDITIONAL_JUMP	0
0x0017641a	0x00176408	CONDITIONAL_JUMP	0
0x00176424	0x00176437	UNCONDITIONAL_JUMP	0
0x00176428	0xStack[-0x1c]	READ	1
0x0017642f	0x00178c30	UNCONDITIONAL_CALL	0
0x0017643a	0xStack[-0x14]	WRITE	0
0x00176440	0xStack[-0x18]	WRITE	0
0x00176446	0xStack[-0x24]	WRITE	0
0x00176451	0x00176466	CONDITIONAL_JUMP	0
0x00176454	0xStack[0x4]	READ	1
0x00176458	0x001735f4	UNCONDITIONAL_CALL	0
0x00176466	0x001f6ea0	READ	0
0x0017646c	0x00176484	CONDITIONAL_JUMP	0
0x0017646e	0xStack[-0x24]	READ	1
0x00176471	0xStack[-0x18]	READ	1
0x0017647c	0x00179bbc	UNCONDITIONAL_CALL	0
0x00176484	0xStack[0x4]	READ	1
0x0017648b	0x001764a3	CONDITIONAL_JUMP	0
0x0017648d	0xStack[-0x24]	READ	1
0x00176490	0xStack[-0x18]	READ	1
0x0017649b	0x00179350	UNCONDITIONAL_CALL	0
0x001764a3	0xStack[-0x24]	READ	1
0x001764a7	0xStack[-0x18]	READ	1
0x001764ab	0xStack[0x4]	READ	1
0x001764b2	0x0018fa44	UNCONDITIONAL_CALL	0
0x001764bf	0x001764d4	CONDITIONAL_JUMP	0
0x001764c2	0xStack[0x4]	READ	1
0x001764c6	0x001735f4	UNCONDITIONAL_CALL	0
0x001764d4	0xStack[0x4]	READ	1
0x001764ef	0xStack[0x4]	READ	1
0x001764f9	0x00176564	CONDITIONAL_JUMP	0
0x00176500	0x00176570	CONDITIONAL_JUMP	0
0x0017650c	0x0017650a	CONDITIONAL_JUMP	0
0x0017651a	0x00176508	CONDITIONAL_JUMP	0
0x0017652d	0x00176570	CONDITIONAL_JUMP	0
0x00176530	0x0015b5d0	UNCONDITIONAL_CALL	0
0x00176544	0x00176164	UNCONDITIONAL_CALL	0
0x0017654d	0x0018f69c	UNCONDITIONAL_CALL	0
0x00176553	0x001f6ec4	READ	1
0x0017655a	0x0016b84c	UNCONDITIONAL_CALL	0
0x00176562	0x00176570	UNCONDITIONAL_JUMP	0
0x00176568	0x00178c64	UNCONDITIONAL_CALL	0
0x00176570	0xStack[0x4]	READ	1
0x00176577	0x00176580	CONDITIONAL_JUMP	0
0x00176579	0x001f6ebc	READ	1
0x0017657e	0x00176585	UNCONDITIONAL_JUMP	0
0x00176580	0x001f6ec0	READ	1
0x00176587	0x0016b84c	UNCONDITIONAL_CALL	0
0x0017658f	0xStack[-0x14]	READ	1
0x00176592	0xStack[0x4]	READ	1
0x0017659a	0x0017635c	CONDITIONAL_JUMP	0
0x001765a2	0xStack[-0x30]	DATA	0
0x001765b2	0xStack[0x4]	READ	1
0x001765b5	0xStack[0x8]	READ	1
0x001765b8	0xStack[0xc]	READ	1
0x001765bc	0x0015b5d0	UNCONDITIONAL_CALL	0
0x001765cc	0x001765d0	CONDITIONAL_JUMP	0
0x001765d5	0x001765d9	CONDITIONAL_JUMP	0
0x001765db	0x001765df	CONDITIONAL_JUMP	0
0x001765e2	0x00176164	UNCONDITIONAL_CALL	0
0x001765ea	0x0015b73c	UNCONDITIONAL_CALL	0
0x001765f1	0xStack[-0x10]	DATA	0
0x00176605	0xStack[0x4]	READ	1
0x00176608	0xStack[0x8]	READ	1
0x00176614	0x00176612	CONDITIONAL_JUMP	0
0x00176622	0x00176610	CONDITIONAL_JUMP	0
0x00176631	0x00176636	CONDITIONAL_JUMP	0
0x00176639	0x0017664c	CONDITIONAL_JUMP	0
0x0017663d	0x0017668b	CONDITIONAL_JUMP	0
0x00176642	0x00176687	CONDITIONAL_JUMP	0
0x00176644	0xStack[-0x8]	WRITE	0
0x00176647	0x001766b8	UNCONDITIONAL_JUMP	0
0x00176652	0x00176687	UNCONDITIONAL_JUMP	0
0x00176657	0x00176684	CONDITIONAL_JUMP	0
0x0017665c	0x0017668b	CONDITIONAL_JUMP	0
0x0017665e	0xStack[-0x8]	WRITE	0
0x00176668	0x00176666	CONDITIONAL_JUMP	0
0x00176676	0x00176664	CONDITIONAL_JUMP	0
0x00176680	0x001766b8	UNCONDITIONAL_JUMP	0
0x00176689	0x00176654	CONDITIONAL_JUMP	0
0x0017668d	0xStack[-0x8]	WRITE	0
0x00176698	0x00176696	CONDITIONAL_JUMP	0
0x001766a6	0x00176694	CONDITIONAL_JUMP	0
0x001766a8	0xStack[-0x8]	READ	1
0x001766b5	0x001766e8	UNCONDITIONAL_JUMP	0
0x001766b8	0xStack[-0x8]	READ	1
0x001766bb	0xStack[0xc]	READ	0
0x001766be	0x001766e3	CONDITIONAL_JUMP	0
0x001766c6	0x001766b3	CONDITIONAL_JUMP	0
0x001766cb	0x001766b3	CONDITIONAL_JUMP	0
0x001766cd	0xStack[0x10]	READ	1
0x001766d3	0xStack[0x10]	READ	0
0x001766d6	0x001766b3	CONDITIONAL_JUMP	0
0x001766de	0xStack[0xc]	READ	0
0x001766e1	0x001766c4	CONDITIONAL_JUMP	0
0x001766e8	0xStack[-0x14]	DATA	0
0x001766fd	0xStack[0xc]	READ	1
0x00176700	0xStack[0x10]	READ	1
0x00176707	0x0017687b	CONDITIONAL_JUMP	0
0x00176711	0x0017687b	CONDITIONAL_JUMP	0
0x0017671c	0x00176731	CONDITIONAL_JUMP	0
0x0017671f	0xStack[0x8]	READ	1
0x00176723	0x001735f4	UNCONDITIONAL_CALL	0
0x00176731	0xStack[0x8]	READ	1
0x00176738	0x00176753	CONDITIONAL_JUMP	0
0x0017674b	0x00179350	UNCONDITIONAL_CALL	0
0x0017675b	0xStack[0x8]	READ	1
0x00176762	0x0018fa44	UNCONDITIONAL_CALL	0
0x0017676f	0x0017686c	CONDITIONAL_JUMP	0
0x00176779	0x001767f1	CONDITIONAL_JUMP	0
0x0017677b	0xStack[0x4]	READ	1
0x00176782	0x001767b6	CONDITIONAL_JUMP	0
0x00176790	0x0017678e	CONDITIONAL_JUMP	0
0x0017679e	0x0017678c	CONDITIONAL_JUMP	0
0x001767a0	0xStack[0x4]	READ	1
0x001767b4	0x001767d8	CONDITIONAL_JUMP	0
0x001767c4	0xStack[0x4]	READ	1
0x001767cb	0x0018fee4	UNCONDITIONAL_CALL	0
0x001767d3	0x001767f1	UNCONDITIONAL_JUMP	0
0x001767e9	0x001792e8	UNCONDITIONAL_CALL	0
0x001767f4	0xStack[-0xc]	WRITE	0
0x001767f7	0xStack[-0x8]	DATA	0
0x00176812	0x001793b0	UNCONDITIONAL_CALL	0
0x0017681a	0xStack[-0x8]	READ	0
0x0017681e	0x00176824	CONDITIONAL_JUMP	0
0x00176834	0x0017683f	CONDITIONAL_JUMP	0
0x0017683f	0xStack[-0xc]	READ	1
0x00176843	0x00178c64	UNCONDITIONAL_CALL	0
0x00176856	0xStack[0x4]	READ	1
0x0017685d	0xStack[0x8]	READ	1
0x00176864	0x0019113c	UNCONDITIONAL_CALL	0
0x00176869	0x0017687b	UNCONDITIONAL_JUMP	0
0x0017686e	0xStack[0x4]	READ	1
0x00176872	0xStack[0x8]	READ	1
0x00176876	0x0017369c	UNCONDITIONAL_CALL	0
0x0017687b	0xStack[-0x18]	DATA	0
0x00176891	0xStack[0x1c]	READ	1
0x00176894	0xStack[-0x2c]	WRITE	0
0x00176897	0xStack[0x14]	READ	1
0x0017689a	0xStack[-0x18]	WRITE	0
0x0017689d	0xStack[0x10]	READ	1
0x001768a0	0xStack[-0x1c]	WRITE	0
0x001768a3	0xStack[0xc]	READ	1
0x001768a6	0xStack[-0x20]	WRITE	0
0x001768ab	0xStack[0x10]	READ	1
0x001768ae	0xStack[-0x24]	WRITE	0
0x001768b3	0x001768bd	CONDITIONAL_JUMP	0
0x001768b5	0xStack[0x14]	READ	1
0x001768b8	0xStack[-0x1c]	READ	0
0x001768bb	0x001768c8	CONDITIONAL_JUMP	0
0x001768c2	0x00177a6a	UNCONDITIONAL_JUMP	0
0x001768c8	0xStack[0x4]	READ	1
0x001768cb	0xStack[0x8]	READ	0
0x001768ce	0x00176906	CONDITIONAL_JUMP	0
0x001768d0	0xStack[0x4]	READ	1
0x001768d3	0xStack[0x8]	READ	0
0x001768d6	0x001768f4	CONDITIONAL_JUMP	0
0x001768d8	0xStack[0x8]	READ	1
0x001768dc	0x0015b5d0	UNCONDITIONAL_CALL	0
0x001768e8	0x0015b5d0	UNCONDITIONAL_CALL	0
0x001768f0	0x0017690f	UNCONDITIONAL_JUMP	0
0x001768f4	0xStack[0x4]	READ	1
0x001768f8	0x0015b5d0	UNCONDITIONAL_CALL	0
0x00176903	0xStack[0x8]	READ	1
0x00176907	0x0015b5d0	UNCONDITIONAL_CALL	0
0x00176912	0xStack[-0x28]	WRITE	0
0x00176919	0xStack[0x8]	READ	1
0x00176920	0x00176ce0	CONDITIONAL_JUMP	0
0x00176926	0xStack[0x4]	READ	1
0x0017692d	0x00176ce0	CONDITIONAL_JUMP	0
0x00176933	0xStack[-0x18]	READ	1
0x00176940	0x0017693e	CONDITIONAL_JUMP	0
0x0017694e	0x0017693c	CONDITIONAL_JUMP	0
0x00176950	0xStack[0x8]	READ	1
0x00176962	0x00176967	CONDITIONAL_JUMP	0
0x0017696a	0x00176980	CONDITIONAL_JUMP	0
0x0017696e	0x001769cb	CONDITIONAL_JUMP	0
0x00176973	0x001769c7	CONDITIONAL_JUMP	0
0x00176975	0xStack[-0x8]	WRITE	0
0x00176978	0x00176a00	UNCONDITIONAL_JUMP	0
0x00176983	0xStack[0x8]	READ	1
0x00176989	0x001769c7	UNCONDITIONAL_JUMP	0
0x0017698f	0x001769c4	CONDITIONAL_JUMP	0
0x00176994	0x001769cb	CONDITIONAL_JUMP	0
0x00176996	0xStack[-0x8]	WRITE	0
0x00176999	0xStack[0x8]	READ	1
0x001769a4	0x001769a2	CONDITIONAL_JUMP	0
0x001769b2	0x001769a0	CONDITIONAL_JUMP	0
0x001769b4	0xStack[0x8]	READ	1
0x001769bf	0x00176a00	UNCONDITIONAL_JUMP	0
0x001769c9	0x0017698c	CONDITIONAL_JUMP	0
0x001769cd	0xStack[-0x8]	WRITE	0
0x001769d0	0xStack[0x8]	READ	1
0x001769dc	0x001769da	CONDITIONAL_JUMP	0
0x001769ea	0x001769d8	CONDITIONAL_JUMP	0
0x001769ec	0xStack[-0x8]	READ	1
0x001769ef	0xStack[0x8]	READ	1
0x001769fa	0x00176cd4	UNCONDITIONAL_JUMP	0
0x00176a00	0xStack[-0x8]	READ	1
0x00176a03	0xStack[-0x1c]	READ	0
0x00176a06	0x00176a36	CONDITIONAL_JUMP	0
0x00176a08	0xStack[0x8]	READ	1
0x00176a12	0x00176cd4	CONDITIONAL_JUMP	0
0x00176a1b	0x00176cd4	CONDITIONAL_JUMP	0
0x00176a25	0x00176cd4	CONDITIONAL_JUMP	0
0x00176a31	0xStack[-0x1c]	READ	0
0x00176a34	0x00176a10	CONDITIONAL_JUMP	0
0x00176a36	0xStack[0x18]	READ	0
0x00176a3a	0x00176be0	CONDITIONAL_JUMP	0
0x00176a40	0xStack[-0x20]	READ	1
0x00176a43	0xStack[0x4]	READ	1
0x00176a49	0x00176a58	CONDITIONAL_JUMP	0
0x00176a4b	0xStack[-0x24]	READ	1
0x00176a51	0x00176a58	CONDITIONAL_JUMP	0
0x00176a53	0xStack[-0x20]	READ	0
0x00176a56	0x00176a64	CONDITIONAL_JUMP	0
0x00176a58	0xStack[-0x28]	WRITE	0
0x00176a5f	0x00177a31	UNCONDITIONAL_JUMP	0
0x00176a64	0xStack[-0x8]	DATA	0
0x00176a68	0xStack[-0x20]	READ	1
0x00176a6c	0xStack[0x4]	READ	1
0x00176a70	0x001749c4	UNCONDITIONAL_CALL	0
0x00176a7a	0x00176a94	CONDITIONAL_JUMP	0
0x00176a7c	0xStack[-0x8]	READ	1
0x00176a7f	0xStack[0x4]	READ	1
0x00176a8a	0x00176aa0	CONDITIONAL_JUMP	0
0x00176a8c	0xStack[-0x24]	READ	1
0x00176a92	0x00176aa0	CONDITIONAL_JUMP	0
0x00176a94	0xStack[-0x28]	WRITE	0
0x00176a9b	0x00177a31	UNCONDITIONAL_JUMP	0
0x00176aa0	0xStack[0x4]	READ	1
0x00176aa8	0x00176b1c	CONDITIONAL_JUMP	0
0x00176aaa	0xStack[-0x20]	READ	1
0x00176ab0	0x00176b1c	CONDITIONAL_JUMP	0
0x00176ab6	0x00176b1c	CONDITIONAL_JUMP	0
0x00176abc	0x00176b1c	CONDITIONAL_JUMP	0
0x00176ac2	0x00176b1c	CONDITIONAL_JUMP	0
0x00176ac8	0x00176b1c	CONDITIONAL_JUMP	0
0x00176acf	0x00176b1c	CONDITIONAL_JUMP	0
0x00176ad1	0xStack[-0x24]	READ	1
0x00176ad7	0xStack[-0x20]	READ	1
0x00176aea	0xStack[-0x60]	WRITE	0
0x00176aed	0x00179c28	UNCONDITIONAL_CALL	0
0x00176af5	0xStack[-0x60]	READ	1
0x00176afa	0x00176b1c	CONDITIONAL_JUMP	0
0x00176afc	0xStack[-0x24]	READ	1
0x00176b02	0xStack[0x4]	READ	1
0x00176b08	0xStack[-0x24]	READ	1
0x00176b0e	0xStack[-0x28]	WRITE	0
0x00176b15	0x00176ce0	UNCONDITIONAL_JUMP	0
0x00176b1c	0xStack[0x4]	READ	1
0x00176b23	0x00176b2c	CONDITIONAL_JUMP	0
0x00176b25	0x001f6ebc	READ	1
0x00176b2a	0x00176b31	UNCONDITIONAL_JUMP	0
0x00176b2c	0x001f6ec0	READ	1
0x00176b32	0xStack[-0x60]	WRITE	0
0x00176b35	0x0016b790	UNCONDITIONAL_CALL	0
0x00176b3f	0xStack[-0x60]	READ	1
0x00176b44	0x00176b59	CONDITIONAL_JUMP	0
0x00176b46	0x001e0ab0	DATA	0
0x00176b4b	0xStack[-0x60]	WRITE	0
0x00176b4e	0x0010ca6c	UNCONDITIONAL_CALL	0
0x00176b5b	0xStack[-0x20]	READ	1
0x00176b61	0xStack[-0x24]	READ	1
0x00176b7d	0xStack[0x4]	READ	1
0x00176b84	0x00176ba1	CONDITIONAL_JUMP	0
0x00176ba1	0xStack[0x4]	READ	1
0x00176bc5	0x00176b0e	CONDITIONAL_JUMP	0
0x00176bd1	0x00176b0e	CONDITIONAL_JUMP	0
0x00176bda	0x00176b0e	UNCONDITIONAL_JUMP	0
0x00176be0	0xStack[-0x20]	READ	1
0x00176be3	0xStack[0x4]	READ	1
0x00176bf0	0x00176bee	CONDITIONAL_JUMP	0
0x00176bfe	0x00176bec	CONDITIONAL_JUMP	0
0x00176c00	0xStack[0x4]	READ	1
0x00176c12	0x00176c17	CONDITIONAL_JUMP	0
0x00176c1a	0x00176c2c	CONDITIONAL_JUMP	0
0x00176c1e	0x00176c77	CONDITIONAL_JUMP	0
0x00176c23	0x00176c73	CONDITIONAL_JUMP	0
0x00176c25	0xStack[-0x8]	WRITE	0
0x00176c28	0x00176ca8	UNCONDITIONAL_JUMP	0
0x00176c2f	0xStack[0x4]	READ	1
0x00176c35	0x00176c73	UNCONDITIONAL_JUMP	0
0x00176c3b	0x00176c70	CONDITIONAL_JUMP	0
0x00176c40	0x00176c77	CONDITIONAL_JUMP	0
0x00176c42	0xStack[-0x8]	WRITE	0
0x00176c45	0xStack[0x4]	READ	1
0x00176c50	0x00176c4e	CONDITIONAL_JUMP	0
0x00176c5e	0x00176c4c	CONDITIONAL_JUMP	0
0x00176c60	0xStack[0x4]	READ	1
0x00176c6b	0x00176ca8	UNCONDITIONAL_JUMP	0
0x00176c75	0x00176c38	CONDITIONAL_JUMP	0
0x00176c79	0xStack[-0x8]	WRITE	0
0x00176c7c	0xStack[0x4]	READ	1
0x00176c88	0x00176c86	CONDITIONAL_JUMP	0
0x00176c96	0x00176c84	CONDITIONAL_JUMP	0
0x00176c98	0xStack[-0x8]	READ	1
0x00176c9b	0xStack[0x4]	READ	1
0x00176ca6	0x00176cd4	UNCONDITIONAL_JUMP	0
0x00176ca8	0xStack[-0x8]	READ	1
0x00176cab	0xStack[-0x24]	READ	0
0x00176cae	0x00176ce0	CONDITIONAL_JUMP	0
0x00176cb0	0xStack[0x4]	READ	1
0x00176cba	0x00176cd4	CONDITIONAL_JUMP	0
0x00176cbf	0x00176cd4	CONDITIONAL_JUMP	0
0x00176cc5	0x00176cd4	CONDITIONAL_JUMP	0
0x00176ccd	0xStack[-0x24]	READ	0
0x00176cd0	0x00176cb8	CONDITIONAL_JUMP	0
0x00176cd2	0x00176ce0	UNCONDITIONAL_JUMP	0
0x00176cd4	0xStack[-0x28]	WRITE	0
0x00176cdb	0x00177a31	UNCONDITIONAL_JUMP	0
0x00176ce0	0xStack[0x8]	READ	1
0x00176cec	0x00176cea	CONDITIONAL_JUMP	0
0x00176cfa	0x00176ce8	CONDITIONAL_JUMP	0
0x00176cfc	0xStack[0x8]	READ	1
0x00176d0e	0x00176d13	CONDITIONAL_JUMP	0
0x00176d13	0xStack[0x14]	READ	1
0x00176d19	0x00176d2c	CONDITIONAL_JUMP	0
0x00176d1d	0x00176d7b	CONDITIONAL_JUMP	0
0x00176d22	0x00176d77	CONDITIONAL_JUMP	0
0x00176d24	0xStack[-0xc]	WRITE	0
0x00176d27	0x00176daa	UNCONDITIONAL_JUMP	0
0x00176d2f	0xStack[0x8]	READ	1
0x00176d35	0x00176d77	UNCONDITIONAL_JUMP	0
0x00176d38	0xStack[0x14]	READ	1
0x00176d3e	0x00176d74	CONDITIONAL_JUMP	0
0x00176d43	0x00176d7b	CONDITIONAL_JUMP	0
0x00176d45	0xStack[-0xc]	WRITE	0
0x00176d48	0xStack[0x8]	READ	1
0x00176d54	0x00176d52	CONDITIONAL_JUMP	0
0x00176d62	0x00176d50	CONDITIONAL_JUMP	0
0x00176d64	0xStack[0x8]	READ	1
0x00176d6f	0x00176daa	UNCONDITIONAL_JUMP	0
0x00176d79	0x00176d38	CONDITIONAL_JUMP	0
0x00176d7d	0xStack[-0xc]	WRITE	0
0x00176d80	0xStack[0x8]	READ	1
0x00176d8c	0x00176d8a	CONDITIONAL_JUMP	0
0x00176d9a	0x00176d88	CONDITIONAL_JUMP	0
0x00176d9c	0xStack[-0xc]	READ	1
0x00176d9f	0xStack[0x8]	READ	1
0x00176daa	0xStack[-0xc]	READ	1
0x00176dad	0xStack[-0x10]	WRITE	0
0x00176db0	0xStack[-0x18]	READ	1
0x00176db6	0x00176e87	CONDITIONAL_JUMP	0
0x00176dbc	0xStack[0x8]	READ	1
0x00176dc2	0xStack[0x8]	READ	1
0x00176dc9	0x00176dd4	CONDITIONAL_JUMP	0
0x00176dcb	0x001f6ebc	READ	1
0x00176dd0	0x00176dd9	UNCONDITIONAL_JUMP	0
0x00176dd4	0x001f6ec0	READ	1
0x00176dda	0x0016b790	UNCONDITIONAL_CALL	0
0x00176ddf	0xStack[-0x30]	WRITE	0
0x00176de7	0x00176df6	CONDITIONAL_JUMP	0
0x00176de9	0x001e0ab0	DATA	0
0x00176dee	0x0010ca6c	UNCONDITIONAL_CALL	0
0x00176df6	0xStack[-0x30]	READ	1
0x00176df9	0xStack[-0x58]	WRITE	0
0x00176dfc	0xStack[-0x58]	READ	1
0x00176dff	0xStack[-0x10]	READ	1
0x00176e0e	0xStack[-0x18]	READ	1
0x00176e14	0xStack[-0x18]	READ	1
0x00176e17	0xStack[-0x10]	READ	1
0x00176e28	0xStack[-0x58]	READ	1
0x00176e2d	0xStack[-0x10]	READ	1
0x00176e35	0xStack[-0x58]	READ	1
0x00176e49	0x00176e78	CONDITIONAL_JUMP	0
0x00176e50	0x00176e87	CONDITIONAL_JUMP	0
0x00176e5c	0x00176e5a	CONDITIONAL_JUMP	0
0x00176e6a	0x00176e58	CONDITIONAL_JUMP	0
0x00176e74	0x00176e87	UNCONDITIONAL_JUMP	0
0x00176e78	0xStack[-0x30]	READ	1
0x00176e7f	0x00178c30	UNCONDITIONAL_CALL	0
0x00176e87	0xStack[0x4]	READ	1
0x00176e94	0x00176e92	CONDITIONAL_JUMP	0
0x00176ea2	0x00176e90	CONDITIONAL_JUMP	0
0x00176ea4	0xStack[0x4]	READ	1
0x00176eb6	0x00176ebb	CONDITIONAL_JUMP	0
0x00176ebb	0xStack[0xc]	READ	1
0x00176ec1	0x00176ed4	CONDITIONAL_JUMP	0
0x00176ec5	0x00176f23	CONDITIONAL_JUMP	0
0x00176eca	0x00176f1f	CONDITIONAL_JUMP	0
0x00176ecc	0xStack[-0xc]	WRITE	0
0x00176ecf	0x00176f52	UNCONDITIONAL_JUMP	0
0x00176ed7	0xStack[0x4]	READ	1
0x00176edd	0x00176f1f	UNCONDITIONAL_JUMP	0
0x00176ee0	0xStack[0xc]	READ	1
0x00176ee6	0x00176f1c	CONDITIONAL_JUMP	0
0x00176eeb	0x00176f23	CONDITIONAL_JUMP	0
0x00176eed	0xStack[-0xc]	WRITE	0
0x00176ef0	0xStack[0x4]	READ	1
0x00176efc	0x00176efa	CONDITIONAL_JUMP	0
0x00176f0a	0x00176ef8	CONDITIONAL_JUMP	0
0x00176f0c	0xStack[0x4]	READ	1
0x00176f17	0x00176f52	UNCONDITIONAL_JUMP	0
0x00176f21	0x00176ee0	CONDITIONAL_JUMP	0
0x00176f25	0xStack[-0xc]	WRITE	0
0x00176f28	0xStack[0x4]	READ	1
0x00176f34	0x00176f32	CONDITIONAL_JUMP	0
0x00176f42	0x00176f30	CONDITIONAL_JUMP	0
0x00176f44	0xStack[-0xc]	READ	1
0x00176f47	0xStack[0x4]	READ	1
0x00176f52	0xStack[-0xc]	READ	1
0x00176f55	0xStack[-0x14]	WRITE	0
0x00176f58	0xStack[-0x20]	READ	1
0x00176f5e	0x0017702f	CONDITIONAL_JUMP	0
0x00176f64	0xStack[0x4]	READ	1
0x00176f6a	0xStack[0x4]	READ	1
0x00176f71	0x00176f7c	CONDITIONAL_JUMP	0
0x00176f73	0x001f6ebc	READ	1
0x00176f78	0x00176f81	UNCONDITIONAL_JUMP	0
0x00176f7c	0x001f6ec0	READ	1
0x00176f82	0x0016b790	UNCONDITIONAL_CALL	0
0x00176f87	0xStack[-0x34]	WRITE	0
0x00176f8f	0x00176f9e	CONDITIONAL_JUMP	0
0x00176f91	0x001e0ab0	DATA	0
0x00176f96	0x0010ca6c	UNCONDITIONAL_CALL	0
0x00176f9e	0xStack[-0x34]	READ	1
0x00176fa1	0xStack[-0x58]	WRITE	0
0x00176fa4	0xStack[-0x58]	READ	1
0x00176fa7	0xStack[-0x14]	READ	1
0x00176fb6	0xStack[-0x20]	READ	1
0x00176fbc	0xStack[-0x20]	READ	1
0x00176fbf	0xStack[-0x14]	READ	1
0x00176fd0	0xStack[-0x58]	READ	1
0x00176fd5	0xStack[-0x14]	READ	1
0x00176fdd	0xStack[-0x58]	READ	1
0x00176ff1	0x00177020	CONDITIONAL_JUMP	0
0x00176ff8	0x0017702f	CONDITIONAL_JUMP	0
0x00177004	0x00177002	CONDITIONAL_JUMP	0
0x00177012	0x00177000	CONDITIONAL_JUMP	0
0x0017701c	0x0017702f	UNCONDITIONAL_JUMP	0
0x00177020	0xStack[-0x34]	READ	1
0x00177027	0x00178c30	UNCONDITIONAL_CALL	0
0x0017702f	0xStack[-0x14]	READ	1
0x00177032	0xStack[-0x10]	READ	0
0x00177035	0x00177117	CONDITIONAL_JUMP	0
0x0017703b	0xStack[0x8]	READ	1
0x00177048	0x00177046	CONDITIONAL_JUMP	0
0x00177056	0x00177044	CONDITIONAL_JUMP	0
0x00177058	0xStack[0x8]	READ	1
0x0017706a	0x0017706f	CONDITIONAL_JUMP	0
0x0017706f	0xStack[0x14]	READ	1
0x00177075	0x00177088	CONDITIONAL_JUMP	0
0x00177079	0x001770d7	CONDITIONAL_JUMP	0
0x0017707e	0x001770d3	CONDITIONAL_JUMP	0
0x00177080	0xStack[-0xc]	WRITE	0
0x00177083	0x00177106	UNCONDITIONAL_JUMP	0
0x0017708b	0xStack[0x8]	READ	1
0x00177091	0x001770d3	UNCONDITIONAL_JUMP	0
0x00177094	0xStack[0x14]	READ	1
0x0017709a	0x001770d0	CONDITIONAL_JUMP	0
0x0017709f	0x001770d7	CONDITIONAL_JUMP	0
0x001770a1	0xStack[-0xc]	WRITE	0
0x001770a4	0xStack[0x8]	READ	1
0x001770b0	0x001770ae	CONDITIONAL_JUMP	0
0x001770be	0x001770ac	CONDITIONAL_JUMP	0
0x001770c0	0xStack[0x8]	READ	1
0x001770cb	0x00177106	UNCONDITIONAL_JUMP	0
0x001770d5	0x00177094	CONDITIONAL_JUMP	0
0x001770d9	0xStack[-0xc]	WRITE	0
0x001770dc	0xStack[0x8]	READ	1
0x001770e8	0x001770e6	CONDITIONAL_JUMP	0
0x001770f6	0x001770e4	CONDITIONAL_JUMP	0
0x001770f8	0xStack[-0xc]	READ	1
0x001770fb	0xStack[0x8]	READ	1
0x00177106	0xStack[-0xc]	READ	1
0x00177109	0xStack[-0x10]	WRITE	0
0x0017710c	0xStack[-0x14]	READ	1
0x00177111	0x00177a31	CONDITIONAL_JUMP	0
0x00177117	0xStack[-0x1c]	READ	1
0x0017711a	0xStack[-0x18]	READ	0
0x0017711d	0x001779ff	CONDITIONAL_JUMP	0
0x00177124	0xStack[-0x1c]	READ	1
0x00177127	0xStack[-0x10]	READ	1
0x0017712d	0x00177204	CONDITIONAL_JUMP	0
0x00177133	0xStack[0x8]	READ	1
0x00177139	0xStack[0x8]	READ	1
0x00177140	0x0017714c	CONDITIONAL_JUMP	0
0x00177142	0x001f6ebc	READ	1
0x00177147	0x00177151	UNCONDITIONAL_JUMP	0
0x0017714c	0x001f6ec0	READ	1
0x00177152	0xStack[-0x54]	WRITE	0
0x00177155	0x0016b790	UNCONDITIONAL_CALL	0
0x0017715f	0xStack[-0x54]	READ	1
0x00177164	0x00177179	CONDITIONAL_JUMP	0
0x00177166	0x001e0ab0	DATA	0
0x0017716b	0xStack[-0x54]	WRITE	0
0x0017716e	0x0010ca6c	UNCONDITIONAL_CALL	0
0x00177179	0xStack[-0x58]	WRITE	0
0x0017717c	0xStack[-0x58]	READ	1
0x0017717f	0xStack[-0x10]	READ	1
0x00177182	0xStack[-0x5c]	WRITE	0
0x00177187	0xStack[-0x5c]	READ	1
0x00177192	0xStack[-0x1c]	READ	1
0x00177195	0xStack[-0x10]	READ	1
0x0017719b	0xStack[-0x58]	READ	1
0x001771a1	0xStack[-0x1c]	READ	1
0x001771a4	0xStack[-0x10]	READ	1
0x001771c2	0xStack[-0x10]	READ	1
0x001771c9	0x001771f8	CONDITIONAL_JUMP	0
0x001771cb	0xStack[-0x58]	READ	1
0x001771d3	0x00177204	CONDITIONAL_JUMP	0
0x001771dc	0x001771da	CONDITIONAL_JUMP	0
0x001771ea	0x001771d8	CONDITIONAL_JUMP	0
0x001771f4	0x00177204	UNCONDITIONAL_JUMP	0
0x001771fc	0x00178c30	UNCONDITIONAL_CALL	0
0x00177204	0xStack[-0x24]	READ	1
0x00177207	0xStack[-0x14]	READ	1
0x0017720d	0x001772e4	CONDITIONAL_JUMP	0
0x00177213	0xStack[0x4]	READ	1
0x00177219	0xStack[0x4]	READ	1
0x00177220	0x0017722c	CONDITIONAL_JUMP	0
0x00177222	0x001f6ebc	READ	1
0x00177227	0x00177231	UNCONDITIONAL_JUMP	0
0x0017722c	0x001f6ec0	READ	1
0x00177232	0xStack[-0x54]	WRITE	0
0x00177235	0x0016b790	UNCONDITIONAL_CALL	0
0x0017723f	0xStack[-0x54]	READ	1
0x00177244	0x00177259	CONDITIONAL_JUMP	0
0x00177246	0x001e0ab0	DATA	0
0x0017724b	0xStack[-0x54]	WRITE	0
0x0017724e	0x0010ca6c	UNCONDITIONAL_CALL	0
0x00177259	0xStack[-0x58]	WRITE	0
0x0017725c	0xStack[-0x58]	READ	1
0x0017725f	0xStack[-0x14]	READ	1
0x00177262	0xStack[-0x5c]	WRITE	0
0x00177267	0xStack[-0x5c]	READ	1
0x00177272	0xStack[-0x24]	READ	1
0x00177275	0xStack[-0x14]	READ	1
0x0017727b	0xStack[-0x58]	READ	1
0x00177281	0xStack[-0x24]	READ	1
0x00177284	0xStack[-0x14]	READ	1
0x001772a2	0xStack[-0x14]	READ	1
0x001772a9	0x001772d8	CONDITIONAL_JUMP	0
0x001772ab	0xStack[-0x58]	READ	1
0x001772b3	0x001772e4	CONDITIONAL_JUMP	0
0x001772bc	0x001772ba	CONDITIONAL_JUMP	0
0x001772ca	0x001772b8	CONDITIONAL_JUMP	0
0x001772d4	0x001772e4	UNCONDITIONAL_JUMP	0
0x001772dc	0x00178c30	UNCONDITIONAL_CALL	0
0x001772e4	0xStack[-0x14]	READ	1
0x001772ed	0xStack[-0x10]	READ	1
0x001772f8	0x001773cb	CONDITIONAL_JUMP	0
0x001772fe	0xStack[0x8]	READ	1
0x00177304	0xStack[0x8]	READ	1
0x0017730b	0x00177314	CONDITIONAL_JUMP	0
0x0017730d	0x001f6ebc	READ	1
0x00177312	0x00177319	UNCONDITIONAL_JUMP	0
0x00177314	0x001f6ec0	READ	1
0x0017731a	0xStack[-0x54]	WRITE	0
0x0017731d	0x0016b790	UNCONDITIONAL_CALL	0
0x00177322	0xStack[-0x38]	WRITE	0
0x00177328	0xStack[-0x54]	READ	1
0x0017732d	0x00177342	CONDITIONAL_JUMP	0
0x0017732f	0x001e0ab0	DATA	0
0x00177334	0xStack[-0x54]	WRITE	0
0x00177337	0x0010ca6c	UNCONDITIONAL_CALL	0
0x00177342	0xStack[-0x38]	READ	1
0x00177345	0xStack[-0x58]	WRITE	0
0x00177348	0xStack[-0x58]	READ	1
0x0017734b	0xStack[-0x10]	READ	1
0x0017734e	0xStack[-0x5c]	WRITE	0
0x0017735b	0xStack[-0x10]	READ	1
0x00177361	0xStack[-0x58]	READ	1
0x00177384	0xStack[-0x10]	READ	1
0x0017738b	0x001773bc	CONDITIONAL_JUMP	0
0x0017738d	0xStack[-0x58]	READ	1
0x00177395	0x001773cb	CONDITIONAL_JUMP	0
0x001773a0	0x0017739e	CONDITIONAL_JUMP	0
0x001773ae	0x0017739c	CONDITIONAL_JUMP	0
0x001773b8	0x001773cb	UNCONDITIONAL_JUMP	0
0x001773bc	0xStack[-0x38]	READ	1
0x001773c3	0x00178c30	UNCONDITIONAL_CALL	0
0x001773cb	0xStack[-0x10]	READ	1
0x001773d4	0xStack[-0x14]	READ	1
0x001773df	0x001774b3	CONDITIONAL_JUMP	0
0x001773e5	0xStack[0x4]	READ	1
0x001773eb	0xStack[0x4]	READ	1
0x001773f2	0x001773fc	CONDITIONAL_JUMP	0
0x001773f4	0x001f6ebc	READ	1
0x001773f9	0x00177401	UNCONDITIONAL_JUMP	0
0x001773fc	0x001f6ec0	READ	1
0x00177402	0xStack[-0x54]	WRITE	0
0x00177405	0x0016b790	UNCONDITIONAL_CALL	0
0x0017740a	0xStack[-0x3c]	WRITE	0
0x00177410	0xStack[-0x54]	READ	1
0x00177415	0x0017742a	CONDITIONAL_JUMP	0
0x00177417	0x001e0ab0	DATA	0
0x0017741c	0xStack[-0x54]	WRITE	0
0x0017741f	0x0010ca6c	UNCONDITIONAL_CALL	0
0x0017742a	0xStack[-0x3c]	READ	1
0x0017742d	0xStack[-0x58]	WRITE	0
0x00177430	0xStack[-0x58]	READ	1
0x00177433	0xStack[-0x14]	READ	1
0x00177436	0xStack[-0x5c]	WRITE	0
0x00177443	0xStack[-0x14]	READ	1
0x00177449	0xStack[-0x58]	READ	1
0x0017746c	0xStack[-0x14]	READ	1
0x00177473	0x001774a4	CONDITIONAL_JUMP	0
0x00177475	0xStack[-0x58]	READ	1
0x0017747d	0x001774b3	CONDITIONAL_JUMP	0
0x00177488	0x00177486	CONDITIONAL_JUMP	0
0x00177496	0x00177484	CONDITIONAL_JUMP	0
0x001774a0	0x001774b3	UNCONDITIONAL_JUMP	0
0x001774a4	0xStack[-0x3c]	READ	1
0x001774ab	0x00178c30	UNCONDITIONAL_CALL	0
0x001774b3	0xStack[-0x10]	READ	1
0x001774bc	0x0017768c	CONDITIONAL_JUMP	0
0x001774c2	0xStack[-0x14]	READ	1
0x001774ca	0x0017768c	CONDITIONAL_JUMP	0
0x001774d3	0x001778cf	CONDITIONAL_JUMP	0
0x001774db	0x001778cf	CONDITIONAL_JUMP	0
0x001774e6	0x001774fb	CONDITIONAL_JUMP	0
0x001774e9	0xStack[0x4]	READ	1
0x001774ed	0x001735f4	UNCONDITIONAL_CALL	0
0x001774fb	0xStack[0x4]	READ	1
0x00177502	0x00177523	CONDITIONAL_JUMP	0
0x00177504	0xStack[-0x14]	READ	1
0x00177514	0xStack[-0x14]	READ	1
0x0017751b	0x00179350	UNCONDITIONAL_CALL	0
0x00177523	0xStack[-0x14]	READ	1
0x0017752a	0xStack[-0x14]	READ	1
0x00177531	0xStack[0x4]	READ	1
0x00177538	0x0018fa44	UNCONDITIONAL_CALL	0
0x00177540	0xStack[-0x10]	READ	1
0x00177548	0x0017766c	CONDITIONAL_JUMP	0
0x00177552	0x001775cf	CONDITIONAL_JUMP	0
0x00177554	0xStack[0x8]	READ	1
0x0017755b	0x0017758e	CONDITIONAL_JUMP	0
0x00177568	0x00177566	CONDITIONAL_JUMP	0
0x00177576	0x00177564	CONDITIONAL_JUMP	0
0x00177578	0xStack[0x8]	READ	1
0x0017758c	0x001775b0	CONDITIONAL_JUMP	0
0x0017758e	0xStack[-0x10]	READ	1
0x0017759f	0xStack[0x8]	READ	1
0x001775a6	0x0018fee4	UNCONDITIONAL_CALL	0
0x001775ae	0x001775cf	UNCONDITIONAL_JUMP	0
0x001775b0	0xStack[-0x10]	READ	1
0x001775c0	0xStack[-0x10]	READ	1
0x001775c7	0x001792e8	UNCONDITIONAL_CALL	0
0x001775cf	0xStack[-0x14]	READ	1
0x001775d5	0xStack[-0x8]	DATA	0
0x001775d9	0xStack[-0x14]	READ	1
0x001775e0	0xStack[-0x14]	READ	1
0x001775e7	0xStack[-0x10]	READ	1
0x001775f1	0xStack[-0x10]	READ	1
0x001775f8	0xStack[-0x10]	READ	1
0x001775ff	0x001793b0	UNCONDITIONAL_CALL	0
0x00177607	0xStack[-0x8]	READ	0
0x0017760b	0x00177614	CONDITIONAL_JUMP	0
0x0017760d	0xStack[-0x10]	READ	1
0x00177614	0xStack[-0x14]	READ	1
0x0017761b	0xStack[-0x10]	READ	1
0x0017762a	0x00177635	CONDITIONAL_JUMP	0
0x00177636	0x00178c64	UNCONDITIONAL_CALL	0
0x0017763b	0xStack[-0x10]	READ	1
0x00177642	0xStack[-0x14]	READ	1
0x0017764f	0xStack[0x8]	READ	1
0x00177656	0xStack[0x4]	READ	1
0x0017765d	0x0019113c	UNCONDITIONAL_CALL	0
0x00177665	0x001778cf	UNCONDITIONAL_JUMP	0
0x0017766c	0xStack[-0x10]	READ	1
0x00177670	0xStack[-0x14]	READ	1
0x00177674	0xStack[0x8]	READ	1
0x00177678	0xStack[0x4]	READ	1
0x0017767c	0x0017369c	UNCONDITIONAL_CALL	0
0x00177684	0x001778cf	UNCONDITIONAL_JUMP	0
0x0017768c	0xStack[-0x14]	READ	1
0x00177695	0xStack[-0x44]	WRITE	0
0x00177698	0xStack[-0x10]	READ	1
0x0017769f	0x001776b0	CONDITIONAL_JUMP	0
0x001776a4	0xStack[-0x48]	WRITE	0
0x001776aa	0xStack[-0x4c]	WRITE	0
0x001776ad	0x001776c8	UNCONDITIONAL_JUMP	0
0x001776b0	0xStack[0x8]	READ	1
0x001776b3	0xStack[-0x48]	WRITE	0
0x001776b6	0xStack[-0x10]	READ	1
0x001776bc	0xStack[-0x4c]	WRITE	0
0x001776c0	0x0015bb9c	UNCONDITIONAL_CALL	0
0x001776c8	0xStack[-0x14]	READ	1
0x001776cf	0x00177878	CONDITIONAL_JUMP	0
0x001776db	0xStack[-0x40]	WRITE	0
0x001776de	0xStack[-0x44]	READ	1
0x001776e1	0xStack[-0x50]	WRITE	0
0x001776e4	0xStack[-0x48]	READ	0
0x001776e7	0x0017788d	CONDITIONAL_JUMP	0
0x001776ee	0x0015b5d0	UNCONDITIONAL_CALL	0
0x001776fa	0xStack[-0x40]	READ	1
0x001776ff	0x00176164	UNCONDITIONAL_CALL	0
0x0017770a	0x00177870	CONDITIONAL_JUMP	0
0x00177713	0x00177870	CONDITIONAL_JUMP	0
0x0017771b	0x00177870	CONDITIONAL_JUMP	0
0x00177721	0xStack[-0x8]	DATA	0
0x00177727	0x001749c4	UNCONDITIONAL_CALL	0
0x00177731	0x00177870	CONDITIONAL_JUMP	0
0x00177737	0xStack[-0x8]	READ	1
0x00177742	0x0017774d	CONDITIONAL_JUMP	0
0x00177747	0x00177870	CONDITIONAL_JUMP	0
0x0017774f	0x001777b8	CONDITIONAL_JUMP	0
0x00177751	0xStack[-0x40]	READ	1
0x00177757	0x001777b8	CONDITIONAL_JUMP	0
0x0017775d	0x001777b8	CONDITIONAL_JUMP	0
0x00177763	0x001777b8	CONDITIONAL_JUMP	0
0x00177769	0x001777b8	CONDITIONAL_JUMP	0
0x0017776f	0x001777b8	CONDITIONAL_JUMP	0
0x00177776	0x001777b8	CONDITIONAL_JUMP	0
0x00177778	0xStack[-0x50]	READ	1
0x0017777e	0xStack[-0x40]	READ	1
0x00177791	0xStack[-0x60]	WRITE	0
0x00177794	0x00179c28	UNCONDITIONAL_CALL	0
0x0017779c	0xStack[-0x60]	READ	1
0x001777a1	0x001777b8	CONDITIONAL_JUMP	0
0x001777a3	0xStack[-0x50]	READ	1
0x001777ac	0xStack[-0x50]	READ	1
0x001777b2	0x00177870	UNCONDITIONAL_JUMP	0
0x001777bc	0x001777c8	CONDITIONAL_JUMP	0
0x001777be	0x001f6ebc	READ	1
0x001777c3	0x001777cd	UNCONDITIONAL_JUMP	0
0x001777c8	0x001f6ec0	READ	1
0x001777ce	0xStack[-0x60]	WRITE	0
0x001777d1	0x0016b790	UNCONDITIONAL_CALL	0
0x001777d6	0xStack[-0x5c]	WRITE	0
0x001777dc	0xStack[-0x60]	READ	1
0x001777e1	0x001777f6	CONDITIONAL_JUMP	0
0x001777e3	0x001e0ab0	DATA	0
0x001777e8	0xStack[-0x60]	WRITE	0
0x001777eb	0x0010ca6c	UNCONDITIONAL_CALL	0
0x001777f6	0xStack[-0x5c]	READ	1
0x001777f9	0xStack[-0x40]	READ	1
0x001777ff	0xStack[-0x50]	READ	1
0x0017781f	0x0017783c	CONDITIONAL_JUMP	0
0x0017783f	0xStack[-0x5c]	READ	1
0x00177860	0x00177870	CONDITIONAL_JUMP	0
0x00177862	0xStack[-0x5c]	READ	1
0x0017786b	0x00177870	CONDITIONAL_JUMP	0
0x00177871	0x0015b73c	UNCONDITIONAL_CALL	0
0x00177876	0x0017788a	UNCONDITIONAL_JUMP	0
0x00177878	0xStack[0x4]	READ	1
0x0017787b	0xStack[-0x14]	READ	1
0x00177881	0xStack[-0x40]	WRITE	0
0x00177885	0x0015bb9c	UNCONDITIONAL_CALL	0
0x00177891	0xStack[-0x4c]	READ	1
0x00177895	0xStack[-0x44]	READ	1
0x00177899	0xStack[-0x40]	READ	1
0x0017789d	0xStack[-0x48]	READ	1
0x001778a2	0x00176888	UNCONDITIONAL_CALL	0
0x001778aa	0xStack[0x4]	READ	0
0x001778ad	0x001778bb	CONDITIONAL_JUMP	0
0x001778af	0xStack[0x4]	READ	1
0x001778b3	0x0015bbe0	UNCONDITIONAL_CALL	0
0x001778bb	0xStack[-0x48]	READ	1
0x001778be	0xStack[0x8]	READ	0
0x001778c1	0x001778cf	CONDITIONAL_JUMP	0
0x001778c3	0xStack[0x8]	READ	1
0x001778c7	0x0015bbe0	UNCONDITIONAL_CALL	0
0x001778cf	0xStack[-0x10]	READ	1
0x001778d5	0xStack[-0x18]	WRITE	0
0x001778d8	0xStack[-0x10]	READ	1
0x001778de	0xStack[-0x10]	WRITE	0
0x001778e1	0xStack[-0x14]	READ	1
0x001778e7	0xStack[-0x14]	WRITE	0
0x001778ee	0x001779f3	CONDITIONAL_JUMP	0
0x001778f4	0xStack[0x8]	READ	1
0x001778fb	0x001779f3	CONDITIONAL_JUMP	0
0x00177901	0xStack[0x4]	READ	1
0x00177908	0x001779f3	CONDITIONAL_JUMP	0
0x0017790e	0xStack[-0x10]	READ	1
0x00177918	0x0017792d	CONDITIONAL_JUMP	0
0x0017791b	0xStack[0x8]	READ	1
0x0017791f	0x001735f4	UNCONDITIONAL_CALL	0
0x0017792d	0xStack[0x8]	READ	1
0x00177948	0xStack[0x8]	READ	1
0x00177952	0x001779c8	CONDITIONAL_JUMP	0
0x00177959	0x001779d4	CONDITIONAL_JUMP	0
0x00177964	0x00177962	CONDITIONAL_JUMP	0
0x00177972	0x00177960	CONDITIONAL_JUMP	0
0x00177985	0x001779d4	CONDITIONAL_JUMP	0
0x00177988	0xStack[-0x60]	WRITE	0
0x0017798b	0x0015b5d0	UNCONDITIONAL_CALL	0
0x00177990	0xStack[-0x60]	READ	1
0x001779a2	0x00176164	UNCONDITIONAL_CALL	0
0x001779a7	0xStack[-0x60]	READ	1
0x001779ae	0x0018f69c	UNCONDITIONAL_CALL	0
0x001779b3	0xStack[-0x60]	READ	1
0x001779b7	0x001f6ec4	READ	1
0x001779be	0x0016b84c	UNCONDITIONAL_CALL	0
0x001779c6	0x001779d4	UNCONDITIONAL_JUMP	0
0x001779cc	0x00178c64	UNCONDITIONAL_CALL	0
0x001779d4	0xStack[0x8]	READ	1
0x001779db	0x001779e4	CONDITIONAL_JUMP	0
0x001779dd	0x001f6ebc	READ	1
0x001779e2	0x001779e9	UNCONDITIONAL_JUMP	0
0x001779e4	0x001f6ec0	READ	1
0x001779eb	0x0016b84c	UNCONDITIONAL_CALL	0
0x001779f3	0xStack[-0x1c]	READ	1
0x001779f6	0xStack[-0x18]	READ	0
0x001779f9	0x00177124	CONDITIONAL_JUMP	0
0x001779ff	0xStack[0x8]	READ	1
0x00177a06	0x00177a31	CONDITIONAL_JUMP	0
0x00177a08	0xStack[0x4]	READ	1
0x00177a0f	0x00177a31	CONDITIONAL_JUMP	0
0x00177a15	0x00177a31	CONDITIONAL_JUMP	0
0x00177a17	0xStack[0x14]	READ	1
0x00177a1a	0xStack[0x10]	READ	1
0x00177a1e	0xStack[0x14]	READ	1
0x00177a22	0xStack[0x8]	READ	1
0x00177a29	0x0018fa44	UNCONDITIONAL_CALL	0
0x00177a31	0xStack[-0x2c]	READ	0
0x00177a35	0x00177a4e	CONDITIONAL_JUMP	0
0x00177a37	0xStack[0x14]	READ	1
0x00177a3a	0xStack[0x10]	READ	1
0x00177a3e	0xStack[0x14]	READ	1
0x00177a42	0xStack[0x8]	READ	1
0x00177a46	0x00176164	UNCONDITIONAL_CALL	0
0x00177a4e	0xStack[0x8]	READ	1
0x00177a52	0x0015b73c	UNCONDITIONAL_CALL	0
0x00177a5a	0xStack[0x4]	READ	1
0x00177a5f	0x00177a67	CONDITIONAL_JUMP	0
0x00177a62	0x0015b73c	UNCONDITIONAL_CALL	0
0x00177a67	0xStack[-0x28]	READ	1
0x00177a6a	0xStack[-0x6c]	DATA	0
0x00177a7d	0xStack[0x4]	READ	1
0x00177a81	0x0015b5d0	UNCONDITIONAL_CALL	0
0x00177a86	0xStack[0x4]	READ	1
0x00177a91	0x0018f644	UNCONDITIONAL_CALL	0
0x00177a96	0xStack[-0x1c]	WRITE	0
0x00177a9c	0xStack[-0x14]	WRITE	0
0x00177aa2	0xStack[-0x18]	WRITE	0
0x00177aa5	0xStack[0x4]	READ	1
0x00177aae	0x001f6ec4	READ	1
0x00177ab5	0x0016b790	UNCONDITIONAL_CALL	0
0x00177ac1	0x00177ad0	CONDITIONAL_JUMP	0
0x00177ac3	0x001e0aa2	DATA	0
0x00177ac8	0x0010ca6c	UNCONDITIONAL_CALL	0
0x00177af1	0xStack[-0x1c]	READ	1
0x00177afe	0xStack[-0x14]	READ	1
0x00177b04	0xStack[-0x18]	READ	1
0x00177b28	0x0015b54c	UNCONDITIONAL_CALL	0
0x00177b45	0xStack[-0xc]	WRITE	0
0x00177b48	0xStack[0x4]	READ	1
0x00177b4e	0x00177ff6	UNCONDITIONAL_JUMP	0
0x00177b54	0xStack[-0x10]	READ	1
0x00177b5b	0x00177b6a	CONDITIONAL_JUMP	0
0x00177b5d	0x001e0ac4	DATA	0
0x00177b62	0x0010ca6c	UNCONDITIONAL_CALL	0
0x00177b6a	0xStack[-0x10]	READ	1
0x00177b73	0x00177d74	CONDITIONAL_JUMP	0
0x00177b79	0x00177ff0	CONDITIONAL_JUMP	0
0x00177b81	0x00177ff0	CONDITIONAL_JUMP	0
0x00177b8b	0x00177cab	CONDITIONAL_JUMP	0
0x00177b97	0xStack[-0x1c]	WRITE	0
0x00177b9a	0x001f6ec4	READ	1
0x00177ba1	0x0016b790	UNCONDITIONAL_CALL	0
0x00177bad	0x00177bbc	CONDITIONAL_JUMP	0
0x00177baf	0x001e0aa2	DATA	0
0x00177bb4	0x0010ca6c	UNCONDITIONAL_CALL	0
0x00177bf2	0xStack[-0x1c]	READ	1
0x00177c16	0x0015b54c	UNCONDITIONAL_CALL	0
0x00177c3e	0x00177c48	CONDITIONAL_JUMP	0
0x00177c40	0x001f6ebc	READ	1
0x00177c45	0x00177c4d	UNCONDITIONAL_JUMP	0
0x00177c48	0x001f6ec0	READ	1
0x00177c4e	0x0016b790	UNCONDITIONAL_CALL	0
0x00177c53	0xStack[-0x1c]	WRITE	0
0x00177c5b	0x00177c6a	CONDITIONAL_JUMP	0
0x00177c5d	0x001e0ab0	DATA	0
0x00177c62	0x0010ca6c	UNCONDITIONAL_CALL	0
0x00177c6a	0xStack[-0x1c]	READ	1
0x00177c6d	0xStack[-0x10]	READ	1
0x00177c80	0xStack[-0x1c]	READ	1
0x00177c98	0xStack[-0x10]	READ	1
0x00177ca2	0xStack[-0x10]	READ	1
0x00177cab	0xStack[-0xc]	READ	1
0x00177cb2	0x00177cbc	CONDITIONAL_JUMP	0
0x00177cb4	0x001f6ebc	READ	1
0x00177cb9	0x00177cc1	UNCONDITIONAL_JUMP	0
0x00177cbc	0x001f6ec0	READ	1
0x00177cc2	0x0016b790	UNCONDITIONAL_CALL	0
0x00177cce	0x00177cdd	CONDITIONAL_JUMP	0
0x00177cd0	0x001e0ab0	DATA	0
0x00177cd5	0x0010ca6c	UNCONDITIONAL_CALL	0
0x00177cdd	0xStack[-0x1c]	WRITE	0
0x00177ce0	0xStack[-0x1c]	READ	1
0x00177ce3	0xStack[-0x10]	READ	1
0x00177cf5	0x00177d18	CONDITIONAL_JUMP	0
0x00177d00	0x00177cfe	CONDITIONAL_JUMP	0
0x00177d0e	0x00177cfc	CONDITIONAL_JUMP	0
0x00177d18	0xStack[-0xc]	READ	1
0x00177d21	0xStack[-0x1c]	READ	1
0x00177d26	0xStack[-0xc]	READ	1
0x00177d2f	0xStack[-0x1c]	READ	1
0x00177d3f	0xStack[-0x10]	READ	1
0x00177d46	0xStack[-0x10]	READ	1
0x00177d50	0xStack[-0x1c]	READ	1
0x00177d57	0xStack[0x4]	READ	1
0x00177d5e	0xStack[-0xc]	READ	1
0x00177d65	0x0019113c	UNCONDITIONAL_CALL	0
0x00177d6d	0x00177ff0	UNCONDITIONAL_JUMP	0
0x00177d74	0xStack[-0xc]	READ	1
0x00177d7b	0x00177d84	CONDITIONAL_JUMP	0
0x00177d7d	0x001f6ebc	READ	1
0x00177d82	0x00177d89	UNCONDITIONAL_JUMP	0
0x00177d84	0x001f6ec0	READ	1
0x00177d8a	0x0016b790	UNCONDITIONAL_CALL	0
0x00177d96	0x00177da5	CONDITIONAL_JUMP	0
0x00177d98	0x001e0ab0	DATA	0
0x00177d9d	0x0010ca6c	UNCONDITIONAL_CALL	0
0x00177da5	0xStack[-0x1c]	WRITE	0
0x00177da8	0xStack[-0x1c]	READ	1
0x00177dab	0xStack[-0x10]	READ	1
0x00177dbe	0xStack[-0x1c]	READ	1
0x00177dcc	0xStack[-0xc]	READ	1
0x00177dd7	0xStack[-0xc]	READ	1
0x00177de0	0xStack[-0x1c]	READ	1
0x00177df0	0xStack[-0x10]	READ	1
0x00177df8	0x00177e3c	CONDITIONAL_JUMP	0
0x00177e02	0xStack[-0x1c]	READ	1
0x00177e0f	0xStack[-0x10]	READ	1
0x00177e16	0xStack[-0xc]	READ	1
0x00177e1a	0x00176888	UNCONDITIONAL_CALL	0
0x00177e24	0x00177ff0	CONDITIONAL_JUMP	0
0x00177e2a	0x001e0ae6	DATA	0
0x00177e2f	0x0010c0d8	UNCONDITIONAL_CALL	0
0x00177e37	0x00177ff0	UNCONDITIONAL_JUMP	0
0x00177e3e	0x00177ff0	CONDITIONAL_JUMP	0
0x00177e44	0xStack[-0x1c]	READ	1
0x00177e4b	0x00177ff0	CONDITIONAL_JUMP	0
0x00177e56	0x00177e6b	CONDITIONAL_JUMP	0
0x00177e59	0xStack[-0xc]	READ	1
0x00177e5d	0x001735f4	UNCONDITIONAL_CALL	0
0x00177e6b	0xStack[-0xc]	READ	1
0x00177e72	0x00177e93	CONDITIONAL_JUMP	0
0x00177e74	0xStack[-0x1c]	READ	1
0x00177e84	0xStack[-0x1c]	READ	1
0x00177e8b	0x00179350	UNCONDITIONAL_CALL	0
0x00177e93	0xStack[-0x1c]	READ	1
0x00177e9a	0xStack[-0x1c]	READ	1
0x00177ea1	0xStack[-0xc]	READ	1
0x00177ea8	0x0018fa44	UNCONDITIONAL_CALL	0
0x00177eb0	0xStack[-0x10]	READ	1
0x00177eb8	0x00177fd8	CONDITIONAL_JUMP	0
0x00177ec2	0x00177f3f	CONDITIONAL_JUMP	0
0x00177ec4	0xStack[0x4]	READ	1
0x00177ecb	0x00177efe	CONDITIONAL_JUMP	0
0x00177ed8	0x00177ed6	CONDITIONAL_JUMP	0
0x00177ee6	0x00177ed4	CONDITIONAL_JUMP	0
0x00177ee8	0xStack[0x4]	READ	1
0x00177efc	0x00177f20	CONDITIONAL_JUMP	0
0x00177efe	0xStack[-0x10]	READ	1
0x00177f0f	0xStack[0x4]	READ	1
0x00177f16	0x0018fee4	UNCONDITIONAL_CALL	0
0x00177f1e	0x00177f3f	UNCONDITIONAL_JUMP	0
0x00177f20	0xStack[-0x10]	READ	1
0x00177f30	0xStack[-0x10]	READ	1
0x00177f37	0x001792e8	UNCONDITIONAL_CALL	0
0x00177f3f	0xStack[-0x1c]	READ	1
0x00177f45	0xStack[-0x8]	DATA	0
0x00177f49	0xStack[-0x1c]	READ	1
0x00177f50	0xStack[-0x1c]	READ	1
0x00177f57	0xStack[-0x10]	READ	1
0x00177f61	0xStack[-0x10]	READ	1
0x00177f68	0xStack[-0x10]	READ	1
0x00177f6f	0x001793b0	UNCONDITIONAL_CALL	0
0x00177f77	0xStack[-0x8]	READ	0
0x00177f7b	0x00177f84	CONDITIONAL_JUMP	0
0x00177f7d	0xStack[-0x10]	READ	1
0x00177f84	0xStack[-0x1c]	READ	1
0x00177f8b	0xStack[-0x10]	READ	1
0x00177f9a	0x00177fa5	CONDITIONAL_JUMP	0
0x00177fa6	0x00178c64	UNCONDITIONAL_CALL	0
0x00177fab	0xStack[-0x10]	READ	1
0x00177fb2	0xStack[-0x1c]	READ	1
0x00177fbf	0xStack[0x4]	READ	1
0x00177fc6	0xStack[-0xc]	READ	1
0x00177fcd	0x0019113c	UNCONDITIONAL_CALL	0
0x00177fd5	0x00177ff0	UNCONDITIONAL_JUMP	0
0x00177fd8	0xStack[-0x10]	READ	1
0x00177fdc	0xStack[-0x1c]	READ	1
0x00177fe0	0xStack[0x4]	READ	1
0x00177fe4	0xStack[-0xc]	READ	1
0x00177fe8	0x0017369c	UNCONDITIONAL_CALL	0
0x00177ff0	0xStack[-0x10]	READ	1
0x00177ff6	0xStack[-0x10]	WRITE	0
0x00177ff9	0xStack[0x4]	READ	1
0x00178001	0x00177b54	CONDITIONAL_JUMP	0
0x00178007	0xStack[0x4]	READ	1
0x0017800d	0xStack[-0xc]	READ	1
0x00178013	0xStack[0x4]	READ	1
0x00178017	0x0015b73c	UNCONDITIONAL_CALL	0
0x0017801c	0xStack[-0xc]	READ	1
0x0017801f	0xStack[-0x28]	DATA	0
0x00178035	0xStack[0x4]	READ	1
0x0017803b	0x0015b7d0	UNCONDITIONAL_CALL	0
0x0017804c	0x0017804a	CONDITIONAL_JUMP	0
0x0017805a	0x00178048	CONDITIONAL_JUMP	0
0x00178064	0xStack[0x10]	READ	1
0x0017806e	0x00178081	CONDITIONAL_JUMP	0
0x00178070	0xStack[0x8]	READ	1
0x00178076	0x00178081	CONDITIONAL_JUMP	0
0x0017807b	0x00178144	CONDITIONAL_JUMP	0
0x00178088	0x00178086	CONDITIONAL_JUMP	0
0x00178096	0x00178084	CONDITIONAL_JUMP	0
0x001780a5	0x001780aa	CONDITIONAL_JUMP	0
0x001780aa	0xStack[0x8]	READ	1
0x001780b0	0x001780c0	CONDITIONAL_JUMP	0
0x001780b4	0x00178103	CONDITIONAL_JUMP	0
0x001780b9	0x001780ff	CONDITIONAL_JUMP	0
0x001780bb	0xStack[-0x8]	WRITE	0
0x001780be	0x0017813c	UNCONDITIONAL_JUMP	0
0x001780c6	0x001780ff	UNCONDITIONAL_JUMP	0
0x001780c8	0xStack[0x8]	READ	1
0x001780ce	0x001780fc	CONDITIONAL_JUMP	0
0x001780d3	0x00178103	CONDITIONAL_JUMP	0
0x001780d5	0xStack[-0x8]	WRITE	0
0x001780e0	0x001780de	CONDITIONAL_JUMP	0
0x001780ee	0x001780dc	CONDITIONAL_JUMP	0
0x001780f8	0x0017813c	UNCONDITIONAL_JUMP	0
0x00178101	0x001780c8	CONDITIONAL_JUMP	0
0x00178105	0xStack[-0x8]	WRITE	0
0x00178110	0x0017810e	CONDITIONAL_JUMP	0
0x0017811e	0x0017810c	CONDITIONAL_JUMP	0
0x00178120	0xStack[-0x8]	READ	1
0x0017812c	0x0015b73c	UNCONDITIONAL_CALL	0
0x00178136	0x001783cd	UNCONDITIONAL_JUMP	0
0x0017813c	0xStack[-0x8]	READ	1
0x0017813f	0xStack[0x10]	READ	1
0x00178148	0x0017815c	CONDITIONAL_JUMP	0
0x0017814f	0xStack[0x4]	READ	1
0x00178155	0x00178335	UNCONDITIONAL_JUMP	0
0x0017815f	0xStack[-0x14]	WRITE	0
0x00178162	0xStack[0xc]	READ	1
0x00178167	0xStack[0xc]	READ	0
0x0017816a	0x0017817c	CONDITIONAL_JUMP	0
0x0017816d	0x0015b73c	UNCONDITIONAL_CALL	0
0x00178177	0x001783cd	UNCONDITIONAL_JUMP	0
0x00178189	0xStack[0x20]	READ	1
0x00178190	0x0017819b	CONDITIONAL_JUMP	0
0x00178195	0xStack[-0x14]	WRITE	0
0x00178198	0xStack[0xc]	WRITE	0
0x001781a3	0xStack[-0x18]	WRITE	0
0x001781a6	0x001781b8	CONDITIONAL_JUMP	0
0x001781a8	0xStack[-0x1c]	WRITE	0
0x001781ab	0xStack[0x8]	READ	1
0x001781ae	0xStack[-0x10]	WRITE	0
0x001781b1	0x001782b7	UNCONDITIONAL_JUMP	0
0x001781bb	0xStack[-0x1c]	WRITE	0
0x001781be	0xStack[0x8]	READ	1
0x001781c7	0xStack[-0x10]	WRITE	0
0x001781cb	0x0015b7d0	UNCONDITIONAL_CALL	0
0x001781d3	0xStack[-0x1c]	READ	1
0x001781e0	0x001781de	CONDITIONAL_JUMP	0
0x001781ee	0x001781dc	CONDITIONAL_JUMP	0
0x001781f0	0xStack[-0x1c]	READ	1
0x00178202	0x00178207	CONDITIONAL_JUMP	0
0x00178207	0xStack[-0x10]	READ	1
0x0017820d	0x00178220	CONDITIONAL_JUMP	0
0x00178211	0x0017826f	CONDITIONAL_JUMP	0
0x00178216	0x0017826b	CONDITIONAL_JUMP	0
0x00178218	0xStack[-0xc]	WRITE	0
0x0017821b	0x001782b4	UNCONDITIONAL_JUMP	0
0x00178223	0xStack[-0x1c]	READ	1
0x00178229	0x0017826b	UNCONDITIONAL_JUMP	0
0x0017822c	0xStack[-0x10]	READ	1
0x00178232	0x00178268	CONDITIONAL_JUMP	0
0x00178237	0x0017826f	CONDITIONAL_JUMP	0
0x00178239	0xStack[-0xc]	WRITE	0
0x0017823c	0xStack[-0x1c]	READ	1
0x00178248	0x00178246	CONDITIONAL_JUMP	0
0x00178256	0x00178244	CONDITIONAL_JUMP	0
0x00178258	0xStack[-0x1c]	READ	1
0x00178263	0x001782b4	UNCONDITIONAL_JUMP	0
0x0017826d	0x0017822c	CONDITIONAL_JUMP	0
0x00178271	0xStack[-0xc]	WRITE	0
0x00178274	0xStack[-0x1c]	READ	1
0x00178280	0x0017827e	CONDITIONAL_JUMP	0
0x0017828e	0x0017827c	CONDITIONAL_JUMP	0
0x00178290	0xStack[-0xc]	READ	1
0x00178293	0xStack[-0x1c]	READ	1
0x0017829f	0x0015b73c	UNCONDITIONAL_CALL	0
0x001782a5	0x0015b73c	UNCONDITIONAL_CALL	0
0x001782af	0x001783cd	UNCONDITIONAL_JUMP	0
0x001782b4	0xStack[-0xc]	READ	1
0x001782bb	0x00178310	CONDITIONAL_JUMP	0
0x001782bd	0xStack[0xc]	READ	1
0x001782c3	0x0017830c	CONDITIONAL_JUMP	0
0x001782c5	0xStack[-0x1c]	READ	1
0x001782c9	0xStack[-0x20]	WRITE	0
0x001782cc	0x0015b890	UNCONDITIONAL_CALL	0
0x001782d4	0xStack[-0x20]	READ	1
0x001782d9	0x0017832c	CONDITIONAL_JUMP	0
0x001782ea	0xStack[-0x20]	WRITE	0
0x001782ed	0x001795a0	UNCONDITIONAL_CALL	0
0x001782f2	0xStack[-0x20]	READ	1
0x001782f9	0xStack[-0x1c]	READ	1
0x001782fd	0x0015b9b0	UNCONDITIONAL_CALL	0
0x00178305	0xStack[-0x20]	READ	1
0x00178308	0x00178310	UNCONDITIONAL_JUMP	0
0x0017830c	0xStack[-0x14]	READ_WRITE	0
0x00178314	0x0017836c	CONDITIONAL_JUMP	0
0x00178316	0xStack[-0x1c]	READ	1
0x0017831a	0xStack[-0x20]	WRITE	0
0x0017831d	0x0015b890	UNCONDITIONAL_CALL	0
0x00178325	0xStack[-0x20]	READ	1
0x0017832a	0x00178344	CONDITIONAL_JUMP	0
0x0017832e	0x0017803a	CONDITIONAL_JUMP	0
0x00178335	0x0015b73c	UNCONDITIONAL_CALL	0
0x0017833d	0x0017803a	UNCONDITIONAL_JUMP	0
0x0017834b	0xStack[-0x20]	WRITE	0
0x0017834e	0x00178b80	UNCONDITIONAL_CALL	0
0x00178353	0xStack[-0x20]	READ	1
0x00178360	0xStack[-0x1c]	READ	1
0x00178364	0x0015b9b0	UNCONDITIONAL_CALL	0
0x00178369	0xStack[-0x20]	READ	1
0x0017836c	0xStack[-0x10]	READ	1
0x00178375	0xStack[0x18]	READ	1
0x0017837d	0xStack[0x14]	READ	1
0x00178382	0xStack[-0x18]	READ	0
0x00178386	0x001783bb	CONDITIONAL_JUMP	0
0x00178388	0xStack[-0x1c]	READ	1
0x00178394	0x00178392	CONDITIONAL_JUMP	0
0x001783a2	0x00178390	CONDITIONAL_JUMP	0
0x001783a4	0xStack[-0x1c]	READ	1
0x001783b3	0xStack[-0x18]	WRITE	0
0x001783bb	0xStack[-0x14]	READ	1
0x001783be	0xStack[0x1c]	READ	1
0x001783c3	0xStack[-0x18]	READ	1
0x001783c6	0xStack[0x24]	READ	1
0x001783cd	0xStack[-0x2c]	DATA	0
0x001783db	0xStack[0x8]	READ	1
0x001783e2	0x001783f0	CONDITIONAL_JUMP	0
0x001783e8	0x0015b73c	UNCONDITIONAL_CALL	0
0x001783f0	0xStack[0x4]	READ	1
0x001783f4	0x0015b73c	UNCONDITIONAL_CALL	0
0x00178406	0xStack[0x4]	READ	1
0x00178409	0xStack[0x8]	READ	1
0x0017840c	0xStack[0xc]	READ	1
0x00178412	0x0017841c	CONDITIONAL_JUMP	0
0x0017841a	0x00178424	CONDITIONAL_JUMP	0
0x00178421	0x0017844d	UNCONDITIONAL_JUMP	0
0x00178425	0x0015b5d0	UNCONDITIONAL_CALL	0
0x00178430	0xStack[0x14]	READ	1
0x00178434	0xStack[0x10]	READ	1
0x0017843e	0x001914d0	UNCONDITIONAL_CALL	0
0x00178446	0x0015b73c	UNCONDITIONAL_CALL	0
0x0017844d	0xStack[-0x10]	DATA	0
0x00178461	0xStack[0x4]	READ	0
0x00178465	0x00178474	CONDITIONAL_JUMP	0
0x0017846c	0x001786fd	UNCONDITIONAL_JUMP	0
0x00178474	0xStack[0x8]	READ	1
0x00178479	0xStack[0x4]	READ	1
0x0017847d	0x0015b7d0	UNCONDITIONAL_CALL	0
0x00178485	0xStack[0x4]	READ	1
0x00178490	0x0017848e	CONDITIONAL_JUMP	0
0x0017849e	0x0017848c	CONDITIONAL_JUMP	0
0x001784a0	0xStack[0x4]	READ	1
0x001784b2	0x001784b7	CONDITIONAL_JUMP	0
0x001784ba	0x001784d0	CONDITIONAL_JUMP	0
0x001784be	0x0017851b	CONDITIONAL_JUMP	0
0x001784c3	0x00178517	CONDITIONAL_JUMP	0
0x001784c5	0xStack[-0x8]	WRITE	0
0x001784c8	0x0017856c	UNCONDITIONAL_JUMP	0
0x001784d3	0xStack[0x4]	READ	1
0x001784d9	0x00178517	UNCONDITIONAL_JUMP	0
0x001784df	0x00178514	CONDITIONAL_JUMP	0
0x001784e4	0x0017851b	CONDITIONAL_JUMP	0
0x001784e6	0xStack[-0x8]	WRITE	0
0x001784e9	0xStack[0x4]	READ	1
0x001784f4	0x001784f2	CONDITIONAL_JUMP	0
0x00178502	0x001784f0	CONDITIONAL_JUMP	0
0x00178504	0xStack[0x4]	READ	1
0x0017850f	0x0017856c	UNCONDITIONAL_JUMP	0
0x00178519	0x001784dc	CONDITIONAL_JUMP	0
0x0017851d	0xStack[-0x8]	WRITE	0
0x00178520	0xStack[0x4]	READ	1
0x0017852c	0x0017852a	CONDITIONAL_JUMP	0
0x0017853a	0x00178528	CONDITIONAL_JUMP	0
0x0017853c	0xStack[-0x8]	READ	1
0x0017853f	0xStack[0x4]	READ	1
0x0017854a	0xStack[-0x8]	READ	1
0x00178550	0xStack[0x4]	READ	1
0x00178558	0x0017856f	CONDITIONAL_JUMP	0
0x0017855b	0x0015b73c	UNCONDITIONAL_CALL	0
0x00178565	0x001786fd	UNCONDITIONAL_JUMP	0
0x0017856c	0xStack[-0x8]	READ	1
0x00178575	0xStack[0x10]	READ	1
0x0017857d	0xStack[0x14]	READ	1
0x00178585	0xStack[0x18]	READ	1
0x0017858a	0xStack[0x8]	READ	1
0x00178594	0xStack[0xc]	READ	1
0x0017859c	0xStack[-0xc]	WRITE	0
0x001785a4	0x001786b0	CONDITIONAL_JUMP	0
0x001785ae	0x0015b7d0	UNCONDITIONAL_CALL	0
0x001785c0	0x001785be	CONDITIONAL_JUMP	0
0x001785ce	0x001785bc	CONDITIONAL_JUMP	0
0x001785dd	0x001785e2	CONDITIONAL_JUMP	0
0x001785e2	0xStack[-0xc]	READ	1
0x001785e8	0x001785f8	CONDITIONAL_JUMP	0
0x001785ec	0x00178637	CONDITIONAL_JUMP	0
0x001785f1	0x00178633	CONDITIONAL_JUMP	0
0x001785f3	0xStack[-0x8]	WRITE	0
0x001785f6	0x0017865f	UNCONDITIONAL_JUMP	0
0x001785fe	0x00178633	UNCONDITIONAL_JUMP	0
0x00178600	0xStack[-0xc]	READ	1
0x00178606	0x00178630	CONDITIONAL_JUMP	0
0x0017860b	0x00178637	CONDITIONAL_JUMP	0
0x0017860d	0xStack[-0x8]	WRITE	0
0x00178618	0x00178616	CONDITIONAL_JUMP	0
0x00178626	0x00178614	CONDITIONAL_JUMP	0
0x0017862b	0x0017865a	UNCONDITIONAL_JUMP	0
0x00178635	0x00178600	CONDITIONAL_JUMP	0
0x00178639	0xStack[-0x8]	WRITE	0
0x00178644	0x00178642	CONDITIONAL_JUMP	0
0x00178652	0x00178640	CONDITIONAL_JUMP	0
0x00178654	0xStack[-0x8]	READ	1
0x0017865f	0xStack[-0x8]	READ	1
0x00178665	0xStack[-0xc]	READ	1
0x00178668	0xStack[0xc]	READ	1
0x0017866d	0x00178671	CONDITIONAL_JUMP	0
0x00178671	0xStack[-0x8]	READ	1
0x00178678	0x00179d38	UNCONDITIONAL_CALL	0
0x0017867d	0xStack[0x20]	READ	1
0x00178682	0xStack[-0x8]	READ	1
0x00178685	0xStack[-0xc]	READ	1
0x0017868e	0xStack[0x24]	READ	1
0x001786a2	0xStack[0x1c]	READ	1
0x001786a8	0x0015b73c	UNCONDITIONAL_CALL	0
0x001786ad	0x001786ef	UNCONDITIONAL_JUMP	0
0x001786b2	0x001786d0	CONDITIONAL_JUMP	0
0x001786b4	0xStack[0x1c]	READ	1
0x001786bd	0xStack[0x20]	READ	1
0x001786c6	0xStack[-0xc]	READ	1
0x001786c9	0xStack[0x24]	READ	1
0x001786ce	0x001786f2	UNCONDITIONAL_JUMP	0
0x001786d0	0xStack[0x1c]	READ	1
0x001786dd	0x00179d38	UNCONDITIONAL_CALL	0
0x001786e2	0xStack[0x20]	READ	1
0x001786e7	0xStack[-0xc]	READ	1
0x001786ea	0xStack[0x24]	READ	1
0x001786f2	0xStack[0x4]	READ	1
0x001786f6	0x0015b73c	UNCONDITIONAL_CALL	0
0x001786fd	0xStack[-0x18]	DATA	0
0x00178711	0xStack[0x10]	READ	1
0x00178716	0x00178728	CONDITIONAL_JUMP	0
0x00178718	0xStack[0x18]	READ	1
0x00178723	0x001787a8	UNCONDITIONAL_JUMP	0
0x00178728	0x001e89ec	READ	1
0x00178730	0xStack[0x8]	READ	1
0x00178735	0xStack[0x8]	READ	1
0x00178738	0x001e89ec	READ	1
0x00178744	0xStack[-0x8]	WRITE	0
0x0017874e	0xStack[-0x8]	DATA	0
0x00178752	0xStack[0xc]	READ	1
0x00178756	0x0017c5b8	UNCONDITIONAL_CALL	0
0x00178762	0x001787a6	CONDITIONAL_JUMP	0
0x00178764	0xStack[0x14]	READ	1
0x0017876c	0xStack[-0x8]	READ	1
0x00178770	0xStack[0x4]	READ	1
0x00178774	0xStack[0xc]	READ	1
0x00178778	0x00176888	UNCONDITIONAL_CALL	0
0x00178784	0x00178798	CONDITIONAL_JUMP	0
0x00178786	0xStack[0x8]	READ	1
0x0017878b	0xStack[-0x8]	READ	1
0x0017878e	0xStack[0x18]	READ	1
0x00178793	0x001787a6	UNCONDITIONAL_JUMP	0
0x00178799	0xStack[-0x8]	READ	1
0x0017879d	0xStack[0xc]	READ	1
0x001787a1	0x0017c620	UNCONDITIONAL_CALL	0
0x001787a8	0xStack[-0x14]	DATA	0
0x001787b7	0xStack[0x4]	READ	1
0x001787cd	0xStack[0x4]	READ	1
0x001787d2	0x001f6e60	DATA	1
0x001787d2	0xStack[-0xc]	WRITE	0
0x001787d9	0x001f6e98	READ	1
0x001787e5	0x001f6e60	DATA	1
0x001787ec	0xStack[-0xc]	READ	0
0x001787ef	0x0017882e	CONDITIONAL_JUMP	0
0x001787f1	0x001f6ea4	READ	1
0x001787f7	0xStack[-0x8]	WRITE	0
0x001787fc	0x001f6e6c	DATA	1
0x00178804	0x001f6e74	READ	1
0x00178804	0x001f6e90	READ	1
0x00178809	0x00178820	CONDITIONAL_JUMP	0
0x0017880b	0x001f6e78	READ	0
0x0017880b	0x001f6e94	READ	0
0x0017880e	0x00178820	CONDITIONAL_JUMP	0
0x00178814	0xStack[-0x8]	READ	1
0x0017881b	0x00178838	UNCONDITIONAL_JUMP	0
0x00178820	0x001f6e6c	READ	1
0x00178820	0x001f6e88	READ	1
0x00178825	0x001f6e7c	DATA	1
0x00178825	0x001f6e98	DATA	1
0x00178825	0xStack[-0xc]	READ_WRITE	0
0x00178829	0xStack[-0xc]	READ	0
0x0017882c	0x00178804	CONDITIONAL_JUMP	0
0x0017882e	0x001e0b14	DATA	0
0x00178833	0x0010ca6c	UNCONDITIONAL_CALL	0
0x00178838	0xStack[-0x18]	DATA	0
0x00178848	0xStack[0x4]	READ	1
0x0017884b	0x001f6e60	DATA	1
0x00178850	0x001f6e98	READ	1
0x0017885c	0x001f6e60	DATA	1
0x00178865	0x0017888a	CONDITIONAL_JUMP	0
0x00178869	0x001f6e78	DATA	1
0x00178870	0x001f6e74	READ	0
0x00178870	0x001f6e90	READ	0
0x00178873	0x00178880	CONDITIONAL_JUMP	0
0x00178875	0x001f6e78	READ	0
0x00178875	0x001f6e94	READ	0
0x00178877	0x00178880	CONDITIONAL_JUMP	0
0x0017887e	0x0017888c	UNCONDITIONAL_JUMP	0
0x00178888	0x00178870	CONDITIONAL_JUMP	0
0x0017888c	0xStack[-0x8]	READ	1
0x0017889a	0xStack[0x4]	READ	1
0x0017889d	0x001f6e60	DATA	1
0x001788a2	0x001f6e98	READ	1
0x001788ae	0x001f6e60	DATA	1
0x001788b7	0x001788ee	CONDITIONAL_JUMP	0
0x001788b9	0x001f6ea4	READ	1
0x001788c6	0x001f6e64	DATA	1
0x001788cc	0x001f6e74	READ	0
0x001788cc	0x001f6e90	READ	0
0x001788cf	0x001788e4	CONDITIONAL_JUMP	0
0x001788d1	0x001f6e78	READ	0
0x001788d1	0x001f6e94	READ	0
0x001788d4	0x001788e4	CONDITIONAL_JUMP	0
0x001788d8	0x001f6e64	READ	1
0x001788d8	0x001f6e80	READ	1
0x001788e0	0x001f6e60	READ	1
0x001788e0	0x001f6e7c	READ	1
0x001788e2	0x001788f0	UNCONDITIONAL_JUMP	0
0x001788ec	0x001788cc	CONDITIONAL_JUMP	0
0x001788f0	0xStack[-0x10]	DATA	0
0x00178902	0xStack[0x4]	READ	1
0x00178905	0x001f6e60	DATA	1
0x0017890a	0x001f6e98	READ	1
0x00178916	0x001f6e60	DATA	1
0x0017891f	0x00178956	CONDITIONAL_JUMP	0
0x00178921	0x001f6ea4	READ	1
0x0017892e	0x001f6e64	DATA	1
0x00178934	0x001f6e74	READ	0
0x00178934	0x001f6e90	READ	0
0x00178937	0x0017894c	CONDITIONAL_JUMP	0
0x00178939	0x001f6e78	READ	0
0x00178939	0x001f6e94	READ	0
0x0017893c	0x0017894c	CONDITIONAL_JUMP	0
0x00178940	0x001f6e64	READ	1
0x00178940	0x001f6e80	READ	1
0x00178948	0x001f6e60	READ	1
0x00178948	0x001f6e7c	READ	1
0x0017894a	0x00178958	UNCONDITIONAL_JUMP	0
0x00178954	0x00178934	CONDITIONAL_JUMP	0
0x00178958	0xStack[-0x10]	DATA	0
0x0017896d	0x001f6e60	DATA	1
0x00178972	0x001f6e98	READ	1
0x0017897e	0x001f6e60	DATA	1
0x00178987	0x001789bb	CONDITIONAL_JUMP	0
0x00178989	0xStack[0x8]	READ	1
0x0017898e	0xStack[-0x8]	WRITE	0
0x00178991	0x001f6e74	DATA	1
0x00178998	0x001f6e74	READ	1
0x00178998	0x001f6e90	READ	1
0x0017899b	0xStack[0x8]	READ	1
0x001789a0	0xStack[0x4]	READ	1
0x001789a5	0x001f6e78	READ	0
0x001789a5	0x001f6e94	READ	0
0x001789a8	0x001789b0	CONDITIONAL_JUMP	0
0x001789aa	0x001f6e74	WRITE	0
0x001789aa	0x001f6e90	WRITE	0
0x001789ac	0x001789c5	UNCONDITIONAL_JUMP	0
0x001789b6	0xStack[-0x8]	READ	0
0x001789b9	0x00178998	CONDITIONAL_JUMP	0
0x001789bb	0x001e0b1c	DATA	0
0x001789c0	0x0010ca6c	UNCONDITIONAL_CALL	0
0x001789c5	0xStack[-0x14]	DATA	0
0x001789d4	0x001e0b40	DATA	0
0x001789dd	0x001e89ec	READ	1
0x001789ef	0x0016a490	UNCONDITIONAL_CALL	0
0x001789f4	0x001f73b8	WRITE	0
0x001789f9	0x001e0b48	DATA	0
0x00178a09	0x0016a490	UNCONDITIONAL_CALL	0
0x00178a0e	0x001f6f28	WRITE	0
0x00178a13	0x001f6f3c	WRITE	0
0x00178a13	0x001f6f38	DATA	1
0x00178a1d	0x001f6f38	WRITE	0
0x00178a1d	0x001f6f38	WRITE	1
0x00178a27	0x001f7354	WRITE	0
0x00178a27	0x001f7350	DATA	1
0x00178a31	0x001f7350	WRITE	0
0x00178a31	0x001f7350	WRITE	1
0x00178a3b	0x001f6f40	WRITE	0
0x00178a48	0x001f6f2c	WRITE	0
0x00178a52	0x001f7358	WRITE	0
0x00178a5c	0x001f6f50	DATA	1
0x00178a63	0x001f7348	DATA	1
0x00178a68	0x001f6f54	WRITE	0
0x00178a68	0x001f6f50	DATA	1
0x00178a68	0x001f6f5c	WRITE	0
0x00178a68	0x001f6f58	DATA	1
0x00178a6e	0x001f6f50	WRITE	0
0x00178a6e	0x001f6f58	WRITE	0
0x00178a78	0x00178a68	CONDITIONAL_JUMP	0
0x00178a7a	0x001f63f4	READ	1
0x00178a8a	0x001f6f30	WRITE	0
0x00178a94	0x00178aa0	CONDITIONAL_JUMP	0
0x00178a96	0x001f6f30	WRITE	0
0x00178aa0	0x001f7378	WRITE	0
0x00178aa9	0x001f737a	WRITE	0
0x00178ab2	0x001f7374	WRITE	0
0x00178abc	0x001f73a6	READ	1
0x00178ac7	0x001f73a6	WRITE	0
0x00178acd	0x001f73a4	WRITE	0
0x00178ad6	0x001f737c	WRITE	0
0x00178ae0	0x001f7388	WRITE	0
0x00178aea	0x001f7390	WRITE	0
0x00178af4	0x001f7394	WRITE	0
0x00178b00	0x001f73a6	WRITE	0
0x00178b06	0x001f73aa	READ_WRITE	0
0x00178b0f	0x001f73a6	WRITE	0
0x00178b15	0x001f738c	WRITE	0
0x00178b1f	0x001f7380	WRITE	0
0x00178b29	0x001f7384	WRITE	0
0x00178b33	0x001f73b4	WRITE	0
0x00178b3d	0x001f73a8	WRITE	0
0x00178b46	0x001f6ea0	WRITE	0
0x00178b46	0x001f6ed0	DATA	1
0x00178b50	0x001f6ed0	DATA	0
0x00178b5a	0x00178ba8	UNCONDITIONAL_CALL	0
0x00178b5f	0x001f6ea8	WRITE	0
0x00178b5f	0x001f73c0	DATA	1
0x00178b69	0x001f73c0	DATA	0
0x00178b73	0x00178ba8	UNCONDITIONAL_CALL	0
0x00178b78	0xStack[-0x8]	READ	1
0x00178b85	0xStack[0x4]	READ	1
0x00178b88	0x001f73b8	READ	1
0x00178b8f	0x0016b790	UNCONDITIONAL_CALL	0
0x00178b98	0x00178ba8	UNCONDITIONAL_CALL	0
0x00178b9f	0xStack[-0xc]	DATA	0
0x00178bae	0xStack[0x4]	READ	1
0x00178bb1	0xStack[0x8]	READ	1
0x00178bb6	0x001f7360	DATA	1
0x00178bc3	0x001f7360	READ	1
0x00178bc3	0x001f7364	READ	1
0x00178bd4	0x001f7358	READ	1
0x00178bdb	0x00178bd9	CONDITIONAL_JUMP	0
0x00178be2	0x001f7358	READ_WRITE	0
0x00178bed	0x00178bd4	CONDITIONAL_JUMP	0
0x00178bef	0x001f7354	READ	1
0x00178bf4	0x001f7350	DATA	1
0x00178bf9	0x00178c04	CONDITIONAL_JUMP	0
0x00178bfb	0x001f7350	WRITE	0
0x00178c01	0x00178c07	UNCONDITIONAL_JUMP	0
0x00178c0a	0x001f7350	DATA	1
0x00178c11	0x001f7354	WRITE	0
0x00178c17	0x001f6f40	READ_WRITE	0
0x00178c1f	0x001f7358	READ_WRITE	0
0x00178c25	0xStack[-0x10]	DATA	0
0x00178c33	0xStack[0x4]	READ	1
0x00178c38	0x00178c5d	CONDITIONAL_JUMP	0
0x00178c44	0x00178c42	CONDITIONAL_JUMP	0
0x00178c52	0x00178c40	CONDITIONAL_JUMP	0
0x00178c69	0xStack[0x4]	READ	1
0x00178c6e	0x00178d57	CONDITIONAL_JUMP	0
0x00178c74	0x001f6f2c	READ	1
0x00178c7b	0x00178c79	CONDITIONAL_JUMP	0
0x00178c82	0x001f6f2c	READ_WRITE	0
0x00178c8d	0x00178c74	CONDITIONAL_JUMP	0
0x00178c98	0x00178c96	CONDITIONAL_JUMP	0
0x00178ca6	0x00178c94	CONDITIONAL_JUMP	0
0x00178cb8	0x00178ccc	CONDITIONAL_JUMP	0
0x00178cc1	0x001f6f2c	READ_WRITE	0
0x00178cc7	0x00178d57	UNCONDITIONAL_JUMP	0
0x00178cd1	0x00178d2d	CONDITIONAL_JUMP	0
0x00178cd8	0x00178d28	CONDITIONAL_JUMP	0
0x00178cda	0x001f6f3c	READ	1
0x00178cdf	0x001f6f38	DATA	1
0x00178ce4	0x00178cf0	CONDITIONAL_JUMP	0
0x00178ce6	0x001f6f38	WRITE	0
0x00178cec	0x00178cf3	UNCONDITIONAL_JUMP	0
0x00178cf6	0x001f6f38	DATA	1
0x00178cfd	0x001f6f3c	WRITE	0
0x00178d03	0x001f6f34	READ_WRITE	0
0x00178d0b	0x001f6f2c	READ_WRITE	0
0x00178d12	0x00179084	UNCONDITIONAL_CALL	0
0x00178d1f	0x001790dc	UNCONDITIONAL_CALL	0
0x00178d24	0x00178d57	UNCONDITIONAL_JUMP	0
0x00178d31	0x00179764	UNCONDITIONAL_CALL	0
0x00178d3b	0x001f6f2c	READ_WRITE	0
0x00178d45	0x00178d60	UNCONDITIONAL_CALL	0
0x00178d51	0x00178c74	CONDITIONAL_JUMP	0
0x00178d57	0xStack[-0xc]	DATA	0
0x00178d66	0xStack[0x4]	READ	1
0x00178d6e	0x00178dba	CONDITIONAL_JUMP	0
0x00178d78	0x00178d76	CONDITIONAL_JUMP	0
0x00178d86	0x00178d74	CONDITIONAL_JUMP	0
0x00178d8d	0x00178da4	CONDITIONAL_JUMP	0
0x00178d96	0x00178db5	UNCONDITIONAL_JUMP	0
0x00178d98	0x001f7350	WRITE	0
0x00178d9e	0x00178f55	UNCONDITIONAL_JUMP	0
0x00178da6	0x00178db5	CONDITIONAL_JUMP	0
0x00178da8	0x001e0b59	DATA	0
0x00178dad	0x0010ca6c	UNCONDITIONAL_CALL	0
0x00178dbf	0x00178deb	CONDITIONAL_JUMP	0
0x00178dc8	0x00163320	UNCONDITIONAL_CALL	0
0x00178dd4	0x00178dd2	CONDITIONAL_JUMP	0
0x00178de2	0x00178dd0	CONDITIONAL_JUMP	0
0x00178de9	0x00178dc4	CONDITIONAL_JUMP	0
0x00178def	0x00178eb0	CONDITIONAL_JUMP	0
0x00178df8	0x001f64e8	READ	1
0x00178dff	0x00178dfd	CONDITIONAL_JUMP	0
0x00178e06	0x001f64e8	READ_WRITE	0
0x00178e11	0x00178df8	CONDITIONAL_JUMP	0
0x00178e17	0x00178e50	CONDITIONAL_JUMP	0
0x00178e1e	0x001f6e40	DATA	1
0x00178e24	0x00178e30	CONDITIONAL_JUMP	0
0x00178e26	0x001f6e44	WRITE	0
0x00178e2b	0x00178e33	UNCONDITIONAL_JUMP	0
0x00178e33	0x001f6e40	DATA	1
0x00178e38	0x00178e44	CONDITIONAL_JUMP	0
0x00178e3a	0x001f6e40	WRITE	0
0x00178e40	0x00178e46	UNCONDITIONAL_JUMP	0
0x00178e4a	0x001f6e34	READ_WRITE	0
0x00178e54	0x00178e8c	CONDITIONAL_JUMP	0
0x00178e5b	0x001f64e0	DATA	1
0x00178e61	0x00178e6c	CONDITIONAL_JUMP	0
0x00178e63	0x001f64e4	WRITE	0
0x00178e68	0x00178e6f	UNCONDITIONAL_JUMP	0
0x00178e6f	0x001f64e0	DATA	1
0x00178e74	0x00178e80	CONDITIONAL_JUMP	0
0x00178e76	0x001f64e0	WRITE	0
0x00178e7c	0x00178e82	UNCONDITIONAL_JUMP	0
0x00178e86	0x001f64d8	READ_WRITE	0
0x00178e93	0x00178e9e	CONDITIONAL_JUMP	0
0x00178e96	0x0017b540	UNCONDITIONAL_CALL	0
0x00178ea0	0x001f64e8	READ_WRITE	0
0x00178eaa	0x00178df8	CONDITIONAL_JUMP	0
0x00178eba	0x00178ec5	CONDITIONAL_JUMP	0
0x00178ebd	0x0017a2c0	UNCONDITIONAL_CALL	0
0x00178eca	0x00178f0c	CONDITIONAL_JUMP	0
0x00178ecc	0x001e0b88	DATA	0
0x00178ed1	0x0010ca6c	UNCONDITIONAL_CALL	0
0x00178ee0	0x001f64e8	READ	1
0x00178ee7	0x00178ee5	CONDITIONAL_JUMP	0
0x00178eee	0x001f64e8	READ_WRITE	0
0x00178ef9	0x00178ee0	CONDITIONAL_JUMP	0
0x00178efc	0x0017b540	UNCONDITIONAL_CALL	0
0x00178f06	0x001f64e8	READ_WRITE	0
0x00178f0e	0x00178edc	CONDITIONAL_JUMP	0
0x00178f10	0x001f7358	READ	1
0x00178f1a	0x00178f18	CONDITIONAL_JUMP	0
0x00178f21	0x001f7358	READ_WRITE	0
0x00178f2c	0x00178f10	CONDITIONAL_JUMP	0
0x00178f34	0x001f7350	DATA	1
0x00178f3a	0x00178f44	CONDITIONAL_JUMP	0
0x00178f3c	0x001f7354	WRITE	0
0x00178f41	0x00178f47	UNCONDITIONAL_JUMP	0
0x00178f47	0x001f7350	DATA	1
0x00178f4c	0x00178d98	CONDITIONAL_JUMP	0
0x00178f55	0x001f6f40	READ_WRITE	0
0x00178f5d	0x001f7358	READ_WRITE	0
0x00178f64	0x001f73b8	READ	1
0x00178f6b	0x0016b84c	UNCONDITIONAL_CALL	0
0x00178f70	0xStack[-0x10]	DATA	0
0x00178f81	0xStack[0x4]	READ	1
0x00178f85	0x00179630	UNCONDITIONAL_CALL	0
0x00178f8f	0x0017907b	CONDITIONAL_JUMP	0
0x00178f98	0x001f6f2c	READ	1
0x00178f9f	0x00178f9d	CONDITIONAL_JUMP	0
0x00178fa6	0x001f6f2c	READ_WRITE	0
0x00178fb1	0x00178f98	CONDITIONAL_JUMP	0
0x00178fbc	0x00178fba	CONDITIONAL_JUMP	0
0x00178fca	0x00178fb8	CONDITIONAL_JUMP	0
0x00178fdc	0x00178ff0	CONDITIONAL_JUMP	0
0x00178fe5	0x001f6f2c	READ_WRITE	0
0x00178feb	0x0017907b	UNCONDITIONAL_JUMP	0
0x00178ff5	0x00179051	CONDITIONAL_JUMP	0
0x00178ffc	0x0017904c	CONDITIONAL_JUMP	0
0x00178ffe	0x001f6f3c	READ	1
0x00179003	0x001f6f38	DATA	1
0x00179008	0x00179014	CONDITIONAL_JUMP	0
0x0017900a	0x001f6f38	WRITE	0
0x00179010	0x00179017	UNCONDITIONAL_JUMP	0
0x0017901a	0x001f6f38	DATA	1
0x00179021	0x001f6f3c	WRITE	0
0x00179027	0x001f6f34	READ_WRITE	0
0x0017902f	0x001f6f2c	READ_WRITE	0
0x00179036	0x00179084	UNCONDITIONAL_CALL	0
0x00179043	0x001790dc	UNCONDITIONAL_CALL	0
0x00179048	0x0017907b	UNCONDITIONAL_JUMP	0
0x00179055	0x00179764	UNCONDITIONAL_CALL	0
0x0017905f	0x001f6f2c	READ_WRITE	0
0x00179069	0x00178d60	UNCONDITIONAL_CALL	0
0x00179075	0x00178f98	CONDITIONAL_JUMP	0
0x0017907b	0xStack[-0xc]	DATA	0
0x00179089	0xStack[0x4]	READ	1
0x00179090	0x001790d0	CONDITIONAL_JUMP	0
0x00179098	0x001f64e8	READ	1
0x0017909f	0x0017909d	CONDITIONAL_JUMP	0
0x001790a6	0x001f64e8	READ_WRITE	0
0x001790b1	0x00179098	CONDITIONAL_JUMP	0
0x001790b7	0x001790c2	CONDITIONAL_JUMP	0
0x001790ba	0x0017b810	UNCONDITIONAL_CALL	0
0x001790c4	0x001f64e8	READ_WRITE	0
0x001790ce	0x00179094	CONDITIONAL_JUMP	0
0x001790d0	0xStack[-0xc]	DATA	0
0x001790e0	0x001f6f2c	READ	1
0x001790e7	0x001790e5	CONDITIONAL_JUMP	0
0x001790ee	0x001f6f2c	READ_WRITE	0
0x001790f9	0x001790e0	CONDITIONAL_JUMP	0
0x001790fb	0x00179153	UNCONDITIONAL_JUMP	0
0x00179100	0x001f6f38	READ	1
0x00179108	0x001f6f2c	READ_WRITE	0
0x00179112	0x00179630	UNCONDITIONAL_CALL	0
0x0017911c	0x0017912b	CONDITIONAL_JUMP	0
0x0017911e	0x001e0bb2	DATA	0
0x00179123	0x0010ca6c	UNCONDITIONAL_CALL	0
0x0017912e	0x00179170	UNCONDITIONAL_CALL	0
0x00179138	0x001f6f2c	READ	1
0x0017913f	0x0017913d	CONDITIONAL_JUMP	0
0x00179146	0x001f6f2c	READ_WRITE	0
0x00179151	0x00179138	CONDITIONAL_JUMP	0
0x00179153	0x001f6f30	READ	1
0x00179158	0x001f6f34	READ	0
0x0017915e	0x00179100	CONDITIONAL_JUMP	0
0x00179162	0x001f6f2c	READ_WRITE	0
0x00179168	0xStack[-0x8]	READ	1
0x00179176	0xStack[0x4]	READ	1
0x0017917b	0x0017919c	CONDITIONAL_JUMP	0
0x00179182	0x001792d1	UNCONDITIONAL_JUMP	0
0x0017918f	0x001f6f2c	READ_WRITE	0
0x00179195	0x001792cf	UNCONDITIONAL_JUMP	0
0x0017919c	0x001f6f2c	READ	1
0x001791a3	0x001791a1	CONDITIONAL_JUMP	0
0x001791aa	0x001f6f2c	READ_WRITE	0
0x001791b5	0x0017919c	CONDITIONAL_JUMP	0
0x001791c0	0x001791be	CONDITIONAL_JUMP	0
0x001791ce	0x001791bc	CONDITIONAL_JUMP	0
0x001791d0	0xStack[0x8]	READ	1
0x001791ea	0x001f6f2c	READ_WRITE	0
0x001791f4	0x001792cf	CONDITIONAL_JUMP	0
0x001791fc	0x001f6f2c	READ	1
0x00179203	0x00179201	CONDITIONAL_JUMP	0
0x0017920a	0x001f6f2c	READ_WRITE	0
0x00179215	0x001791fc	CONDITIONAL_JUMP	0
0x00179220	0x0017921e	CONDITIONAL_JUMP	0
0x0017922e	0x0017921c	CONDITIONAL_JUMP	0
0x00179240	0x00179188	CONDITIONAL_JUMP	0
0x0017924b	0x001792a5	CONDITIONAL_JUMP	0
0x00179252	0x001792a0	CONDITIONAL_JUMP	0
0x00179254	0x001f6f3c	READ	1
0x00179259	0x001f6f38	DATA	1
0x0017925e	0x00179268	CONDITIONAL_JUMP	0
0x00179260	0x001f6f38	WRITE	0
0x00179266	0x0017926b	UNCONDITIONAL_JUMP	0
0x0017926e	0x001f6f38	DATA	1
0x00179275	0x001f6f3c	WRITE	0
0x0017927b	0x001f6f34	READ_WRITE	0
0x00179283	0x001f6f2c	READ_WRITE	0
0x0017928a	0x00179084	UNCONDITIONAL_CALL	0
0x00179297	0x001790dc	UNCONDITIONAL_CALL	0
0x0017929c	0x001792cf	UNCONDITIONAL_JUMP	0
0x001792a9	0x00179764	UNCONDITIONAL_CALL	0
0x001792b3	0x001f6f2c	READ_WRITE	0
0x001792bd	0x00178d60	UNCONDITIONAL_CALL	0
0x001792c9	0x001791fc	CONDITIONAL_JUMP	0
0x001792d1	0xStack[-0x10]	DATA	0
0x001792df	0x001797c8	UNCONDITIONAL_CALL	0
0x001792ee	0xStack[0x4]	READ	1
0x001792f1	0xStack[0xc]	READ	1
0x001792f6	0x00179346	CONDITIONAL_JUMP	0
0x00179300	0x001792fe	CONDITIONAL_JUMP	0
0x0017930e	0x001792fc	CONDITIONAL_JUMP	0
0x00179314	0x00179341	CONDITIONAL_JUMP	0
0x0017931b	0xStack[0x8]	READ	0
0x0017931e	0x0017933a	CONDITIONAL_JUMP	0
0x00179322	0x0017933a	CONDITIONAL_JUMP	0
0x00179328	0x0017933a	CONDITIONAL_JUMP	0
0x0017932e	0x0018fd2c	UNCONDITIONAL_CALL	0
0x0017933f	0x00179318	CONDITIONAL_JUMP	0
0x00179346	0xStack[-0x10]	DATA	0
0x00179356	0xStack[0x4]	READ	1
0x00179359	0xStack[0xc]	READ	1
0x0017935e	0x001793a4	CONDITIONAL_JUMP	0
0x00179368	0x00179366	CONDITIONAL_JUMP	0
0x00179376	0x00179364	CONDITIONAL_JUMP	0
0x0017937c	0x0017939f	CONDITIONAL_JUMP	0
0x00179383	0xStack[0x8]	READ	0
0x00179386	0x00179398	CONDITIONAL_JUMP	0
0x0017938a	0x00179398	CONDITIONAL_JUMP	0
0x00179390	0x0018fb0c	UNCONDITIONAL_CALL	0
0x0017939d	0x00179380	CONDITIONAL_JUMP	0
0x001793a4	0xStack[-0x10]	DATA	0
0x001793b9	0xStack[0x4]	READ	1
0x001793be	0x001793d8	CONDITIONAL_JUMP	0
0x001793c0	0xStack[0x10]	READ	1
0x001793c9	0xStack[0x14]	READ	1
0x001793d2	0x0017958c	UNCONDITIONAL_JUMP	0
0x001793e0	0x001793de	CONDITIONAL_JUMP	0
0x001793ee	0x001793dc	CONDITIONAL_JUMP	0
0x001793f4	0x001793fc	CONDITIONAL_JUMP	0
0x001793fa	0x00179444	CONDITIONAL_JUMP	0
0x00179404	0x00179423	CONDITIONAL_JUMP	0
0x00179406	0xStack[0x8]	READ	1
0x00179409	0xStack[0xc]	READ	1
0x0017940f	0xStack[0x8]	READ	0
0x00179412	0x0017941c	CONDITIONAL_JUMP	0
0x00179416	0x0017941c	CONDITIONAL_JUMP	0
0x00179421	0x0017940c	CONDITIONAL_JUMP	0
0x00179428	0xStack[0x10]	READ	1
0x0017942d	0xStack[0x8]	READ	1
0x00179430	0xStack[0x14]	READ	1
0x00179435	0xStack[0x18]	READ	1
0x0017943e	0x00179595	UNCONDITIONAL_JUMP	0
0x00179445	0x00179914	UNCONDITIONAL_CALL	0
0x00179452	0x001794b5	CONDITIONAL_JUMP	0
0x00179461	0x00179488	CONDITIONAL_JUMP	0
0x00179474	0x00179472	CONDITIONAL_JUMP	0
0x00179482	0x00179470	CONDITIONAL_JUMP	0
0x00179484	0x0017944d	UNCONDITIONAL_JUMP	0
0x0017948d	0x001794b0	CONDITIONAL_JUMP	0
0x00179493	0x001794b0	CONDITIONAL_JUMP	0
0x001794a3	0xStack[0x10]	READ	1
0x001794a8	0xStack[0x8]	READ	1
0x001794ab	0x00179587	UNCONDITIONAL_JUMP	0
0x001794bd	0x001f73b8	READ	1
0x001794c4	0x0016b790	UNCONDITIONAL_CALL	0
0x001794c9	0xStack[-0x8]	WRITE	0
0x001794ce	0x00178ba8	UNCONDITIONAL_CALL	0
0x001794d3	0xStack[-0x8]	READ	1
0x001794d6	0xStack[-0x8]	WRITE	0
0x001794e4	0x001794e2	CONDITIONAL_JUMP	0
0x001794f2	0x001794e0	CONDITIONAL_JUMP	0
0x001794f9	0x0017953c	CONDITIONAL_JUMP	0
0x00179508	0x00179514	CONDITIONAL_JUMP	0
0x0017950f	0x001794dc	UNCONDITIONAL_JUMP	0
0x00179517	0x0017951f	CONDITIONAL_JUMP	0
0x0017951d	0x00179529	CONDITIONAL_JUMP	0
0x0017951f	0x001e0bdb	DATA	0
0x00179524	0x0010ca6c	UNCONDITIONAL_CALL	0
0x0017952d	0xStack[-0x8]	READ	1
0x0017953c	0xStack[-0x8]	READ	1
0x00179557	0x00179574	CONDITIONAL_JUMP	0
0x00179563	0x0017956d	CONDITIONAL_JUMP	0
0x00179567	0x0017956d	CONDITIONAL_JUMP	0
0x00179572	0x0017955c	CONDITIONAL_JUMP	0
0x00179579	0xStack[-0x8]	READ	1
0x0017957c	0xStack[0x10]	READ	1
0x00179581	0xStack[0x8]	READ	1
0x00179587	0xStack[0x14]	READ	1
0x0017958c	0xStack[0x18]	READ	1
0x00179595	0xStack[-0x14]	DATA	0
0x001795a6	0xStack[0xc]	READ	1
0x001795a9	0xStack[0x4]	READ	1
0x001795ae	0x001f73b8	READ	1
0x001795b5	0x0016b790	UNCONDITIONAL_CALL	0
0x001795be	0x00178ba8	UNCONDITIONAL_CALL	0
0x001795c8	0x001795d4	CONDITIONAL_JUMP	0
0x001795ca	0x001e0c05	DATA	0
0x001795cf	0x0010ca6c	UNCONDITIONAL_CALL	0
0x001795d7	0xStack[0x8]	READ	1
0x001795df	0xStack[0x8]	READ	1
0x001795e8	0xStack[0x4]	READ	1
0x001795ed	0xStack[-0x10]	DATA	0
0x001795fc	0xStack[0x4]	READ	1
0x00179608	0x00179606	CONDITIONAL_JUMP	0
0x00179616	0x00179604	CONDITIONAL_JUMP	0
0x00179618	0xStack[0x8]	READ	1
0x0017961e	0xStack[0xc]	READ	1
0x00179629	0xStack[-0x8]	READ	1
0x00179634	0xStack[0x4]	READ	1
0x0017963c	0x001f6f50	DATA	1
0x00179644	0x001f6f2c	READ	1
0x0017964b	0x00179649	CONDITIONAL_JUMP	0
0x00179652	0x001f6f2c	READ_WRITE	0
0x0017965d	0x00179644	CONDITIONAL_JUMP	0
0x0017965f	0x001f6f50	DATA	1
0x00179663	0x001796da	CONDITIONAL_JUMP	0
0x0017966e	0x001796d4	CONDITIONAL_JUMP	0
0x00179678	0x00179676	CONDITIONAL_JUMP	0
0x00179686	0x00179674	CONDITIONAL_JUMP	0
0x0017968d	0x001796b7	CONDITIONAL_JUMP	0
0x00179695	0x001f6f38	DATA	1
0x0017969b	0x001796a4	CONDITIONAL_JUMP	0
0x0017969d	0x001f6f3c	WRITE	0
0x001796a2	0x001796a7	UNCONDITIONAL_JUMP	0
0x001796a7	0x001f6f38	DATA	1
0x001796ac	0x001796cc	CONDITIONAL_JUMP	0
0x001796b1	0x001f6f34	READ_WRITE	0
0x001796c2	0x001f6f2c	READ_WRITE	0
0x001796ca	0x001796e4	UNCONDITIONAL_JUMP	0
0x001796cc	0x001f6f38	WRITE	0
0x001796d2	0x001796b1	UNCONDITIONAL_JUMP	0
0x001796d8	0x00179668	CONDITIONAL_JUMP	0
0x001796dc	0x001f6f2c	READ_WRITE	0
0x001796e4	0xStack[-0x8]	READ	1
0x001796f1	0xStack[0x4]	READ	1
0x001796f4	0xStack[0x8]	READ	1
0x001796f9	0x0017975a	CONDITIONAL_JUMP	0
0x001796fd	0x0017975a	CONDITIONAL_JUMP	0
0x00179702	0x001f6f50	DATA	1
0x00179709	0x001f6f28	READ	1
0x00179710	0x0016b790	UNCONDITIONAL_CALL	0
0x00179720	0x001f6f2c	READ	1
0x00179727	0x00179725	CONDITIONAL_JUMP	0
0x0017972e	0x001f6f2c	READ_WRITE	0
0x00179739	0x00179720	CONDITIONAL_JUMP	0
0x0017973b	0x001f6f54	DATA	1
0x00179740	0x00179748	CONDITIONAL_JUMP	0
0x00179742	0x001f6f50	DATA	1
0x00179744	0x0017974a	UNCONDITIONAL_JUMP	0
0x0017974f	0x001f6f54	DATA	1
0x00179754	0x001f6f2c	READ_WRITE	0
0x0017975a	0xStack[-0xc]	DATA	0
0x00179769	0xStack[0x4]	READ	1
0x00179774	0x001f6f50	DATA	1
0x0017977a	0x001f6f50	DATA	1
0x00179782	0x001797be	CONDITIONAL_JUMP	0
0x0017978a	0x001797b8	CONDITIONAL_JUMP	0
0x00179793	0x0017979c	CONDITIONAL_JUMP	0
0x00179795	0x001f6f54	DATA	1
0x00179798	0x0017979f	UNCONDITIONAL_JUMP	0
0x001797a1	0x001797b4	CONDITIONAL_JUMP	0
0x001797a6	0x001f6f28	READ	1
0x001797ad	0x0016b84c	UNCONDITIONAL_CALL	0
0x001797b2	0x001797be	UNCONDITIONAL_JUMP	0
0x001797b4	0x001f6f50	DATA	1
0x001797b6	0x001797a5	UNCONDITIONAL_JUMP	0
0x001797bc	0x00179784	CONDITIONAL_JUMP	0
0x001797be	0xStack[-0xc]	DATA	0
0x001797d0	0x001f6f2c	READ	1
0x001797d7	0x001797d5	CONDITIONAL_JUMP	0
0x001797de	0x001f6f2c	READ_WRITE	0
0x001797e9	0x001797d0	CONDITIONAL_JUMP	0
0x001797eb	0x001f6f38	READ	0
0x001797eb	0x001f6f38	READ	1
0x001797f5	0x00179903	CONDITIONAL_JUMP	0
0x001797fc	0x001f6f38	READ	1
0x00179804	0x001f6f2c	READ_WRITE	0
0x00179812	0x001f6f50	DATA	1
0x0017981c	0x001f6f2c	READ	1
0x00179823	0x00179821	CONDITIONAL_JUMP	0
0x0017982a	0x001f6f2c	READ_WRITE	0
0x00179835	0x0017981c	CONDITIONAL_JUMP	0
0x00179837	0x001f6f50	DATA	1
0x0017983b	0x001798b2	CONDITIONAL_JUMP	0
0x00179846	0x001798ac	CONDITIONAL_JUMP	0
0x00179850	0x0017984e	CONDITIONAL_JUMP	0
0x0017985e	0x0017984c	CONDITIONAL_JUMP	0
0x00179865	0x0017988f	CONDITIONAL_JUMP	0
0x0017986d	0x001f6f38	DATA	1
0x00179873	0x0017987c	CONDITIONAL_JUMP	0
0x00179875	0x001f6f3c	WRITE	0
0x0017987a	0x0017987f	UNCONDITIONAL_JUMP	0
0x0017987f	0x001f6f38	DATA	1
0x00179884	0x001798a4	CONDITIONAL_JUMP	0
0x00179889	0x001f6f34	READ_WRITE	0
0x0017989a	0x001f6f2c	READ_WRITE	0
0x001798a2	0x001798bc	UNCONDITIONAL_JUMP	0
0x001798a4	0x001f6f38	WRITE	0
0x001798aa	0x00179889	UNCONDITIONAL_JUMP	0
0x001798b0	0x00179840	CONDITIONAL_JUMP	0
0x001798b4	0x001f6f2c	READ_WRITE	0
0x001798be	0x001798cd	CONDITIONAL_JUMP	0
0x001798c0	0x001e0c2f	DATA	0
0x001798c5	0x0010ca6c	UNCONDITIONAL_CALL	0
0x001798d0	0x00179170	UNCONDITIONAL_CALL	0
0x001798d8	0x001f6f2c	READ	1
0x001798df	0x001798dd	CONDITIONAL_JUMP	0
0x001798e6	0x001f6f2c	READ_WRITE	0
0x001798f1	0x001798d8	CONDITIONAL_JUMP	0
0x001798f3	0x001f6f38	READ	0
0x001798f3	0x001f6f38	READ	1
0x001798fd	0x001797fc	CONDITIONAL_JUMP	0
0x00179905	0x001f6f2c	READ_WRITE	0
0x0017990b	0xStack[-0xc]	DATA	0
0x0017991d	0x001e0c5c	READ	0
0x00179924	0x00179bb0	CONDITIONAL_JUMP	0
0x0017992c	0xStack[0x4]	READ	0
0x00179930	0x00179bb0	CONDITIONAL_JUMP	0
0x00179936	0xStack[0x4]	READ	1
0x0017993e	0x00179bb0	CONDITIONAL_JUMP	0
0x00179948	0x00179bb0	CONDITIONAL_JUMP	0
0x00179953	0x00179bb0	CONDITIONAL_JUMP	0
0x00179960	0x0017995e	CONDITIONAL_JUMP	0
0x0017996e	0x0017995c	CONDITIONAL_JUMP	0
0x00179978	0x00100000	DATA	1
0x0017997d	0x00179b4f	CONDITIONAL_JUMP	0
0x00179988	0x001799a4	CONDITIONAL_JUMP	0
0x0017998e	0x001799a4	CONDITIONAL_JUMP	0
0x00179990	0x00179b4f	UNCONDITIONAL_JUMP	0
0x00179998	0x001f7350	WRITE	0
0x0017999e	0x00179af5	UNCONDITIONAL_JUMP	0
0x001799a4	0xStack[0x4]	READ	1
0x001799aa	0xStack[-0x8]	WRITE	0
0x001799ad	0xStack[0x4]	READ	1
0x001799b3	0xStack[-0xc]	WRITE	0
0x001799bb	0x00179b20	CONDITIONAL_JUMP	0
0x001799c3	0x00179a60	CONDITIONAL_JUMP	0
0x001799d0	0xStack[-0x8]	READ	1
0x001799d3	0xStack[-0x8]	READ	0
0x001799d6	0x001799e0	CONDITIONAL_JUMP	0
0x001799d8	0xStack[-0xc]	READ	0
0x001799db	0x00179a00	CONDITIONAL_JUMP	0
0x001799e0	0x001f64e8	READ	1
0x001799e7	0x001799e5	CONDITIONAL_JUMP	0
0x001799ee	0x001f64e8	READ_WRITE	0
0x001799f9	0x001799e0	CONDITIONAL_JUMP	0
0x001799fb	0x00179a33	UNCONDITIONAL_JUMP	0
0x00179a01	0xStack[0x4]	READ	1
0x00179a05	0xStack[-0x10]	WRITE	0
0x00179a08	0x0017af58	UNCONDITIONAL_CALL	0
0x00179a10	0xStack[-0x10]	READ	1
0x00179a15	0x00179a4c	CONDITIONAL_JUMP	0
0x00179a18	0x001f64e8	READ	1
0x00179a1f	0x00179a1d	CONDITIONAL_JUMP	0
0x00179a26	0x001f64e8	READ_WRITE	0
0x00179a31	0x00179a18	CONDITIONAL_JUMP	0
0x00179a34	0x0017b540	UNCONDITIONAL_CALL	0
0x00179a3e	0x001f64e8	READ_WRITE	0
0x00179a44	0x001799c1	UNCONDITIONAL_JUMP	0
0x00179a4d	0xStack[0x4]	READ	1
0x00179a52	0x0017afd8	UNCONDITIONAL_CALL	0
0x00179a5a	0x001799c1	UNCONDITIONAL_JUMP	0
0x00179a63	0xStack[0x4]	READ	1
0x00179a69	0xStack[-0x8]	READ	1
0x00179a98	0x00179aad	CONDITIONAL_JUMP	0
0x00179a9e	0x00179aad	CONDITIONAL_JUMP	0
0x00179aa0	0x001e0c60	DATA	0
0x00179aa5	0x0010ca6c	UNCONDITIONAL_CALL	0
0x00179ab4	0x001f7358	READ	1
0x00179abb	0x00179ab9	CONDITIONAL_JUMP	0
0x00179ac2	0x001f7358	READ_WRITE	0
0x00179acd	0x00179ab4	CONDITIONAL_JUMP	0
0x00179ad5	0x001f7350	DATA	1
0x00179adb	0x00179ae4	CONDITIONAL_JUMP	0
0x00179add	0x001f7354	WRITE	0
0x00179ae2	0x00179ae7	UNCONDITIONAL_JUMP	0
0x00179ae7	0x001f7350	DATA	1
0x00179aec	0x00179998	CONDITIONAL_JUMP	0
0x00179af5	0x001f6f40	READ_WRITE	0
0x00179afd	0x001f7358	READ_WRITE	0
0x00179b04	0x001f73b8	READ	1
0x00179b0b	0x0016b84c	UNCONDITIONAL_CALL	0
0x00179b10	0x001e0b38	READ_WRITE	0
0x00179b19	0x0017992c	UNCONDITIONAL_JUMP	0
0x00179b24	0x00179b4f	CONDITIONAL_JUMP	0
0x00179b2a	0x00179b5f	CONDITIONAL_JUMP	0
0x00179b31	0xStack[-0x8]	READ	1
0x00179b34	0xStack[-0x8]	READ	0
0x00179b37	0x00179b58	CONDITIONAL_JUMP	0
0x00179b39	0xStack[-0xc]	READ	0
0x00179b3c	0x00179b58	CONDITIONAL_JUMP	0
0x00179b3f	0xStack[0x4]	READ	1
0x00179b43	0x0017af58	UNCONDITIONAL_CALL	0
0x00179b4d	0x00179b58	CONDITIONAL_JUMP	0
0x00179b54	0x00179bb0	UNCONDITIONAL_JUMP	0
0x00179b5d	0x00179b2c	CONDITIONAL_JUMP	0
0x00179b62	0xStack[0x4]	READ	1
0x00179b6c	0x00179b91	CONDITIONAL_JUMP	0
0x00179b78	0x00179b76	CONDITIONAL_JUMP	0
0x00179b86	0x00179b74	CONDITIONAL_JUMP	0
0x00179b94	0xStack[0x4]	READ	1
0x00179ba3	0x001e0b3c	READ_WRITE	0
0x00179ba9	0x0017992c	UNCONDITIONAL_JUMP	0
0x00179bb0	0xStack[-0x1c]	DATA	0
0x00179bc2	0xStack[0x4]	READ	1
0x00179bc7	0x00179c1e	CONDITIONAL_JUMP	0
0x00179bcd	0x00179c1e	CONDITIONAL_JUMP	0
0x00179bd6	0xStack[0x8]	READ	0
0x00179bd9	0x00179c18	CONDITIONAL_JUMP	0
0x00179bdb	0xStack[0xc]	READ	0
0x00179bde	0x00179c18	CONDITIONAL_JUMP	0
0x00179be4	0x0018fb0c	UNCONDITIONAL_CALL	0
0x00179bec	0x001f64e8	READ	1
0x00179bf3	0x00179bf1	CONDITIONAL_JUMP	0
0x00179bfa	0x001f64e8	READ_WRITE	0
0x00179c05	0x00179bec	CONDITIONAL_JUMP	0
0x00179c08	0x0017b540	UNCONDITIONAL_CALL	0
0x00179c12	0x001f64e8	READ_WRITE	0
0x00179c1c	0x00179bd0	CONDITIONAL_JUMP	0
0x00179c1e	0xStack[-0x10]	DATA	0
0x00179c31	0xStack[0x4]	READ	1
0x00179c34	0xStack[0x8]	READ	0
0x00179c38	0x00179c44	CONDITIONAL_JUMP	0
0x00179c3c	0x00179d1a	UNCONDITIONAL_JUMP	0
0x00179c46	0x00179d15	CONDITIONAL_JUMP	0
0x00179c54	0x00179c52	CONDITIONAL_JUMP	0
0x00179c62	0x00179c50	CONDITIONAL_JUMP	0
0x00179c65	0x00179914	UNCONDITIONAL_CALL	0
0x00179c72	0x00179c86	CONDITIONAL_JUMP	0
0x00179c78	0x00179c86	CONDITIONAL_JUMP	0
0x00179c7e	0x00179c86	CONDITIONAL_JUMP	0
0x00179c84	0x00179c94	CONDITIONAL_JUMP	0
0x00179c8d	0x00179d1a	UNCONDITIONAL_JUMP	0
0x00179c94	0xStack[0xc]	READ	1
0x00179c97	0xStack[0x14]	READ	1
0x00179c9a	0xStack[-0x8]	WRITE	0
0x00179c9d	0xStack[0x18]	READ	1
0x00179ca2	0x00179cff	CONDITIONAL_JUMP	0
0x00179ca8	0x00179cff	CONDITIONAL_JUMP	0
0x00179caf	0xStack[-0xc]	WRITE	0
0x00179cb5	0xStack[-0x8]	READ	0
0x00179cb8	0x00179cf8	CONDITIONAL_JUMP	0
0x00179cbc	0x00179cf8	CONDITIONAL_JUMP	0
0x00179cc2	0x0018fb0c	UNCONDITIONAL_CALL	0
0x00179ccc	0x001f64e8	READ	1
0x00179cd3	0x00179cd1	CONDITIONAL_JUMP	0
0x00179cda	0x001f64e8	READ_WRITE	0
0x00179ce5	0x00179ccc	CONDITIONAL_JUMP	0
0x00179ce8	0x0017b540	UNCONDITIONAL_CALL	0
0x00179cf2	0x001f64e8	READ_WRITE	0
0x00179cf8	0xStack[-0xc]	READ	1
0x00179cfd	0x00179cac	CONDITIONAL_JUMP	0
0x00179cff	0xStack[0xc]	READ	1
0x00179d02	0xStack[0x14]	READ	1
0x00179d05	0xStack[0x18]	READ	1
0x00179d0b	0x00179d10	CONDITIONAL_JUMP	0
0x00179d1a	0xStack[-0x18]	DATA	0
0x00179d27	0x001e0c90	DATA	0
0x00179d2c	0x0010c0d8	UNCONDITIONAL_CALL	0
0x00179d4d	0xStack[-0xc]	WRITE	0
0x00179d54	0x0018b970	UNCONDITIONAL_CALL	0
0x00179d5c	0x001f7418	READ	1
0x00179d63	0x00179d61	CONDITIONAL_JUMP	0
0x00179d6a	0x001f7418	READ_WRITE	0
0x00179d75	0x00179d5c	CONDITIONAL_JUMP	0
0x00179d77	0xStack[-0x8]	WRITE	0
0x00179d7e	0x001e0d14	READ	1
0x00179d83	0x001f6e38	READ	0
0x00179d89	0x00179dbc	CONDITIONAL_JUMP	0
0x00179d8b	0xStack[-0x8]	READ_WRITE	0
0x00179d90	0x001f7418	READ_WRITE	0
0x00179d97	0x0018b544	UNCONDITIONAL_CALL	0
0x00179d9c	0x00191144	UNCONDITIONAL_CALL	0
0x00179da1	0x00179dca	UNCONDITIONAL_JUMP	0
0x00179da6	0x001f7418	READ_WRITE	0
0x00179dad	0x0018b544	UNCONDITIONAL_CALL	0
0x00179db5	0x0017a054	UNCONDITIONAL_JUMP	0
0x00179dbe	0x001f7418	READ_WRITE	0
0x00179dc5	0x0018b544	UNCONDITIONAL_CALL	0
0x00179dd0	0x001f64e8	READ	1
0x00179dd7	0x00179dd5	CONDITIONAL_JUMP	0
0x00179dde	0x001f64e8	READ_WRITE	0
0x00179de9	0x00179dd0	CONDITIONAL_JUMP	0
0x00179deb	0x001f64e0	READ	1
0x00179df1	0xStack[-0x8]	READ	0
0x00179df5	0x0017a054	CONDITIONAL_JUMP	0
0x00179dfb	0x001f64e0	DATA	1
0x00179e01	0x0017a054	CONDITIONAL_JUMP	0
0x00179e07	0x0018b970	UNCONDITIONAL_CALL	0
0x00179e10	0x001f7418	READ	1
0x00179e17	0x00179e15	CONDITIONAL_JUMP	0
0x00179e1e	0x001f7418	READ_WRITE	0
0x00179e29	0x00179e10	CONDITIONAL_JUMP	0
0x00179e2b	0x001e0d10	READ	1
0x00179e30	0x001f6e38	READ	0
0x00179e36	0x00179da4	CONDITIONAL_JUMP	0
0x00179e3e	0x001f7418	READ_WRITE	0
0x00179e45	0x0018b544	UNCONDITIONAL_CALL	0
0x00179e4e	0x00191550	UNCONDITIONAL_CALL	0
0x00179e58	0x00179e70	CONDITIONAL_JUMP	0
0x00179e5d	0x0017b8cc	UNCONDITIONAL_CALL	0
0x00179e62	0x001f6508	READ_WRITE	0
0x00179e6d	0x00179df1	UNCONDITIONAL_JUMP	0
0x00179e75	0x00179f04	CONDITIONAL_JUMP	0
0x00179e8d	0x00179e98	CONDITIONAL_JUMP	0
0x00179e91	0x00179df1	UNCONDITIONAL_JUMP	0
0x00179e98	0xStack[-0xc]	WRITE	0
0x00179ea5	0x001f64e8	READ_WRITE	0
0x00179eaf	0x0018fb0c	UNCONDITIONAL_CALL	0
0x00179eb8	0x001f64e8	READ	1
0x00179ebf	0x00179ebd	CONDITIONAL_JUMP	0
0x00179ec6	0x001f64e8	READ_WRITE	0
0x00179ed1	0x00179eb8	CONDITIONAL_JUMP	0
0x00179ee0	0x00179ef4	CONDITIONAL_JUMP	0
0x00179eec	0x001631a0	UNCONDITIONAL_CALL	0
0x00179ef7	0x0017b5f8	UNCONDITIONAL_CALL	0
0x00179eff	0x0017a03f	UNCONDITIONAL_JUMP	0
0x00179f06	0x0017a04c	CONDITIONAL_JUMP	0
0x00179f1c	0x0017a04c	CONDITIONAL_JUMP	0
0x00179f26	0x001f6510	READ_WRITE	0
0x00179f2e	0x001f64e8	READ_WRITE	0
0x00179f34	0xStack[-0xc]	WRITE	0
0x00179f3f	0x0018fb0c	UNCONDITIONAL_CALL	0
0x00179f45	0x00179914	UNCONDITIONAL_CALL	0
0x00179f5a	0x001f6e38	DATA	0
0x00179f5f	0x001631a0	UNCONDITIONAL_CALL	0
0x00179f6c	0x00179f92	CONDITIONAL_JUMP	0
0x00179f72	0x0017a2f8	UNCONDITIONAL_CALL	0
0x00179f7c	0x00179f92	CONDITIONAL_JUMP	0
0x00179f84	0xStack[-0x10]	WRITE	0
0x00179f87	0x001795f8	UNCONDITIONAL_CALL	0
0x00179f8f	0xStack[-0x10]	READ	1
0x00179f92	0xStack[-0x18]	WRITE	0
0x00179f9b	0x00179fb2	CONDITIONAL_JUMP	0
0x00179f9f	0x0017a284	UNCONDITIONAL_CALL	0
0x00179fa9	0x00179fb2	CONDITIONAL_JUMP	0
0x00179fab	0xStack[-0x18]	WRITE	0
0x00179fbc	0x00179fba	CONDITIONAL_JUMP	0
0x00179fca	0x00179fb8	CONDITIONAL_JUMP	0
0x00179fcc	0x001f64e8	READ	1
0x00179fd3	0x00179fd1	CONDITIONAL_JUMP	0
0x00179fda	0x001f64e8	READ_WRITE	0
0x00179fe5	0x00179fcc	CONDITIONAL_JUMP	0
0x00179fe9	0xStack[-0x18]	READ	0
0x00179fed	0x00179ff8	CONDITIONAL_JUMP	0
0x00179ff3	0x0017a001	UNCONDITIONAL_JUMP	0
0x00179ff9	0x0017b8cc	UNCONDITIONAL_CALL	0
0x0017a005	0x0019152c	UNCONDITIONAL_CALL	0
0x0017a01a	0x0017a02e	CONDITIONAL_JUMP	0
0x0017a026	0x001631a0	UNCONDITIONAL_CALL	0
0x0017a037	0x001631a0	UNCONDITIONAL_CALL	0
0x0017a046	0x00179df1	UNCONDITIONAL_JUMP	0
0x0017a04e	0x00179df1	UNCONDITIONAL_JUMP	0
0x0017a054	0x001e0d18	READ	1
0x0017a05a	0x001f64d8	READ	1
0x0017a060	0x001f6e38	READ	1
0x0017a068	0x0017a08d	CONDITIONAL_JUMP	0
0x0017a06c	0x001f6e40	READ	1
0x0017a071	0x001f6e40	DATA	1
0x0017a076	0x0017a08d	CONDITIONAL_JUMP	0
0x0017a078	0xStack[-0xc]	WRITE	0
0x0017a080	0x0017b810	UNCONDITIONAL_CALL	0
0x0017a08b	0x0017a06c	CONDITIONAL_JUMP	0
0x0017a08f	0x001f64e8	READ_WRITE	0
0x0017a095	0xStack[-0xc]	READ	1
0x0017a098	0xStack[-0x24]	DATA	0
0x0017a0ae	0x001e8b54	READ	1
0x0017a0ba	0x0018b60c	UNCONDITIONAL_CALL	0
0x0017a0bf	0x001e0d14	READ	0
0x0017a0c6	0x0017a10c	CONDITIONAL_JUMP	0
0x0017a0c8	0x001f6e38	READ	1
0x0017a0d5	0x001e0d14	WRITE	0
0x0017a0dd	0x0017a0e9	CONDITIONAL_JUMP	0
0x0017a0df	0x001e0d14	WRITE	0
0x0017a0e9	0x001e0d0c	READ	1
0x0017a0ef	0x001e0d14	READ	1
0x0017a0f7	0x001e0cb8	READ	1
0x0017a0ff	0x0017a10c	CONDITIONAL_JUMP	0
0x0017a107	0x001e0d14	WRITE	0
0x0017a10c	0x001e0d1c	READ	0
0x0017a113	0x0017a11f	CONDITIONAL_JUMP	0
0x0017a115	0x001e0d1c	WRITE	0
0x0017a11f	0x001e0cb4	READ	0
0x0017a126	0x0017a14c	CONDITIONAL_JUMP	0
0x0017a128	0x001e0d1c	READ	1
0x0017a130	0x001e0d1c	READ	1
0x0017a138	0x001e0cb4	WRITE	0
0x0017a140	0x0017a14c	CONDITIONAL_JUMP	0
0x0017a142	0x001e0cb4	WRITE	0
0x0017a14c	0x001e0d10	READ	0
0x0017a153	0x0017a164	CONDITIONAL_JUMP	0
0x0017a155	0x001e0d14	READ	1
0x0017a15e	0x001e0d10	WRITE	0
0x0017a164	0x001e0d18	READ	0
0x0017a16b	0x0017a17f	CONDITIONAL_JUMP	0
0x0017a16d	0x001f6e38	READ	1
0x0017a17a	0x001e0d18	WRITE	0
0x0017a17f	0x001e0d14	READ	1
0x0017a184	0x001e0d10	READ	0
0x0017a18a	0x0017a192	CONDITIONAL_JUMP	0
0x0017a18d	0x001e0d10	WRITE	0
0x0017a192	0x001e0d10	READ	1
0x0017a197	0x001e0d18	READ	0
0x0017a19d	0x0017a1a8	CONDITIONAL_JUMP	0
0x0017a1a0	0x001e0d18	WRITE	0
0x0017a1a8	0x001f6e54	READ	1
0x0017a1af	0x0017a1ad	CONDITIONAL_JUMP	0
0x0017a1b6	0x001f6e54	READ_WRITE	0
0x0017a1c1	0x0017a1a8	CONDITIONAL_JUMP	0
0x0017a1c6	0x0017a1ea	CONDITIONAL_JUMP	0
0x0017a1c8	0x001f6e38	READ	1
0x0017a1cd	0x001e0d14	READ	0
0x0017a1d3	0x0017a200	CONDITIONAL_JUMP	0
0x0017a1d5	0x001e0d10	READ	0
0x0017a1db	0x0017a1ea	CONDITIONAL_JUMP	0
0x0017a1dd	0x001e0d18	READ	1
0x0017a1e2	0x001f64d8	READ	0
0x0017a1e8	0x0017a200	CONDITIONAL_JUMP	0
0x0017a1ec	0x001f6e54	DATA	0
0x0017a1f1	0x001f6e50	DATA	0
0x0017a1f6	0x00163320	UNCONDITIONAL_CALL	0
0x0017a1fe	0x0017a208	UNCONDITIONAL_JUMP	0
0x0017a202	0x001f6e54	READ_WRITE	0
0x0017a208	0x00179d44	UNCONDITIONAL_CALL	0
0x0017a210	0x001f6e54	READ	1
0x0017a217	0x0017a215	CONDITIONAL_JUMP	0
0x0017a21e	0x001f6e54	READ_WRITE	0
0x0017a229	0x0017a210	CONDITIONAL_JUMP	0
0x0017a22f	0x001f6e38	DATA	0
0x0017a234	0x001631a0	UNCONDITIONAL_CALL	0
0x0017a23c	0x0017a1c4	UNCONDITIONAL_JUMP	0
0x0017a24b	0xStack[0x4]	READ	1
0x0017a24e	0xStack[0x8]	READ	1
0x0017a253	0x0017a264	CONDITIONAL_JUMP	0
0x0017a256	0x0017b99c	UNCONDITIONAL_CALL	0
0x0017a267	0x0017a274	CONDITIONAL_JUMP	0
0x0017a26a	0x0017c264	UNCONDITIONAL_CALL	0
0x0017a274	0xStack[0xc]	READ	1
0x0017a279	0x0017d2d0	UNCONDITIONAL_CALL	0
0x0017a289	0xStack[0x4]	READ	1
0x0017a28c	0xStack[0x8]	READ	1
0x0017a291	0x0017a2a0	CONDITIONAL_JUMP	0
0x0017a293	0x001e0cbc	DATA	0
0x0017a298	0x0010ca6c	UNCONDITIONAL_CALL	0
0x0017a2a3	0x0017a2b0	CONDITIONAL_JUMP	0
0x0017a2a6	0x0017c278	UNCONDITIONAL_CALL	0
0x0017a2ab	0x0017a2b6	UNCONDITIONAL_JUMP	0
0x0017a2b1	0x0017d3bc	UNCONDITIONAL_CALL	0
0x0017a2b6	0xStack[-0xc]	DATA	0
0x0017a2c4	0xStack[0x4]	READ	1
0x0017a2c9	0x0017a2d8	CONDITIONAL_JUMP	0
0x0017a2cb	0x001e0cd5	DATA	0
0x0017a2d0	0x0010ca6c	UNCONDITIONAL_CALL	0
0x0017a2db	0x0017a2e8	CONDITIONAL_JUMP	0
0x0017a2de	0x0017c28c	UNCONDITIONAL_CALL	0
0x0017a2e3	0x0017a2ee	UNCONDITIONAL_JUMP	0
0x0017a2e9	0x0017dc74	UNCONDITIONAL_CALL	0
0x0017a2ee	0xStack[-0x8]	READ	1
0x0017a2fb	0xStack[0x4]	READ	1
0x0017a2ff	0x0017d998	UNCONDITIONAL_CALL	0
0x0017a30c	0xStack[0x4]	READ	1
0x0017a311	0x0017a318	CONDITIONAL_JUMP	0
0x0017a316	0x0017a325	CONDITIONAL_JUMP	0
0x0017a318	0x001e0cf5	DATA	0
0x0017a31d	0x0010ca6c	UNCONDITIONAL_CALL	0
0x0017a325	0xStack[0x8]	READ	1
0x0017a32a	0x0017d530	UNCONDITIONAL_CALL	0
0x0017a32f	0xStack[-0x8]	READ	1
0x0017a33d	0xStack[0x4]	READ	1
0x0017a340	0xStack[0x8]	READ	1
0x0017a343	0xStack[0xc]	READ	1
0x0017a34d	0x0017a363	CONDITIONAL_JUMP	0
0x0017a354	0x0017a363	CONDITIONAL_JUMP	0
0x0017a359	0x0017a363	CONDITIONAL_JUMP	0
0x0017a366	0x0017a370	CONDITIONAL_JUMP	0
0x0017a36a	0x0017a4e4	CONDITIONAL_JUMP	0
0x0017a370	0x001f64e8	READ	1
0x0017a377	0x0017a375	CONDITIONAL_JUMP	0
0x0017a37e	0x001f64e8	READ_WRITE	0
0x0017a389	0x0017a370	CONDITIONAL_JUMP	0
0x0017a38d	0x0017a3b4	CONDITIONAL_JUMP	0
0x0017a392	0x0017a4d0	CONDITIONAL_JUMP	0
0x0017a398	0x0017a4dc	UNCONDITIONAL_JUMP	0
0x0017a3a0	0x001f6e40	WRITE	0
0x0017a3a6	0x0017a40c	UNCONDITIONAL_JUMP	0
0x0017a3a8	0x001f64e0	WRITE	0
0x0017a3ae	0x0017a440	UNCONDITIONAL_JUMP	0
0x0017a3b8	0x0017a4b4	CONDITIONAL_JUMP	0
0x0017a3c2	0x00191500	UNCONDITIONAL_CALL	0
0x0017a3cc	0x0017a4b4	CONDITIONAL_JUMP	0
0x0017a3d3	0x0017aeac	UNCONDITIONAL_CALL	0
0x0017a3e0	0x0017a4c3	CONDITIONAL_JUMP	0
0x0017a3e8	0x0017a416	CONDITIONAL_JUMP	0
0x0017a3ef	0x001f6e40	DATA	1
0x0017a3f5	0x0017a400	CONDITIONAL_JUMP	0
0x0017a3f7	0x001f6e44	WRITE	0
0x0017a3fc	0x0017a403	UNCONDITIONAL_JUMP	0
0x0017a403	0x001f6e40	DATA	1
0x0017a408	0x0017a3a0	CONDITIONAL_JUMP	0
0x0017a410	0x001f6e34	READ_WRITE	0
0x0017a41a	0x0017a44a	CONDITIONAL_JUMP	0
0x0017a421	0x001f64e0	DATA	1
0x0017a427	0x0017a430	CONDITIONAL_JUMP	0
0x0017a429	0x001f64e4	WRITE	0
0x0017a42e	0x0017a433	UNCONDITIONAL_JUMP	0
0x0017a433	0x001f64e0	DATA	1
0x0017a438	0x0017a3a8	CONDITIONAL_JUMP	0
0x0017a444	0x001f64d8	READ_WRITE	0
0x0017a44e	0x0017a4c3	CONDITIONAL_JUMP	0
0x0017a450	0x0018b970	UNCONDITIONAL_CALL	0
0x0017a458	0x001f7418	READ	1
0x0017a45f	0x0017a45d	CONDITIONAL_JUMP	0
0x0017a466	0x001f7418	READ_WRITE	0
0x0017a471	0x0017a458	CONDITIONAL_JUMP	0
0x0017a473	0x001f6e48	READ	1
0x0017a478	0x001f6e48	DATA	1
0x0017a47d	0x0017a488	CONDITIONAL_JUMP	0
0x0017a47f	0x001f6e4c	WRITE	0
0x0017a485	0x0017a48b	UNCONDITIONAL_JUMP	0
0x0017a48d	0x001f6e48	DATA	1
0x0017a494	0x001f6e48	WRITE	0
0x0017a49e	0x001f6e38	READ_WRITE	0
0x0017a4a6	0x001f7418	READ_WRITE	0
0x0017a4ad	0x0018b544	UNCONDITIONAL_CALL	0
0x0017a4b2	0x0017a4c0	UNCONDITIONAL_JUMP	0
0x0017a4b8	0x0017a4c3	CONDITIONAL_JUMP	0
0x0017a4bb	0x0017b810	UNCONDITIONAL_CALL	0
0x0017a4c7	0x0018fb0c	UNCONDITIONAL_CALL	0
0x0017a4cc	0x0017a4dc	UNCONDITIONAL_JUMP	0
0x0017a4d4	0x0017a4dc	CONDITIONAL_JUMP	0
0x0017a4d7	0x0017b810	UNCONDITIONAL_CALL	0
0x0017a4de	0x001f64e8	READ_WRITE	0
0x0017a4e4	0xStack[-0xc]	DATA	0
0x0017a4f9	0xStack[0x4]	READ	1
0x0017a4fc	0xStack[0x8]	READ	1
0x0017a501	0x0017a587	CONDITIONAL_JUMP	0
0x0017a510	0x0017a50e	CONDITIONAL_JUMP	0
0x0017a51e	0x0017a50c	CONDITIONAL_JUMP	0
0x0017a524	0x0017a549	CONDITIONAL_JUMP	0
0x0017a52d	0x0017a542	CONDITIONAL_JUMP	0
0x0017a52f	0xStack[0xc]	READ	0
0x0017a532	0x0017a542	CONDITIONAL_JUMP	0
0x0017a534	0xStack[0x10]	READ	1
0x0017a53a	0x0017a338	UNCONDITIONAL_CALL	0
0x0017a547	0x0017a528	CONDITIONAL_JUMP	0
0x0017a549	0xStack[0xc]	READ	1
0x0017a553	0x0017a55b	CONDITIONAL_JUMP	0
0x0017a557	0x0017a55b	CONDITIONAL_JUMP	0
0x0017a560	0xStack[0xc]	WRITE	0
0x0017a563	0xStack[0x10]	READ	1
0x0017a567	0xStack[0xc]	READ	1
0x0017a570	0x0017a4f0	UNCONDITIONAL_CALL	0
0x0017a582	0x001631a0	UNCONDITIONAL_CALL	0
0x0017a587	0xStack[-0x14]	DATA	0
0x0017a59d	0xStack[0x4]	READ	1
0x0017a5a1	0x0015b7d0	UNCONDITIONAL_CALL	0
0x0017a5a9	0xStack[-0x8]	WRITE	0
0x0017a5af	0xStack[0x4]	READ	1
0x0017a5b7	0x0017a6e0	CONDITIONAL_JUMP	0
0x0017a5c0	0xStack[-0x8]	READ	1
0x0017a5c7	0x0017a5ec	CONDITIONAL_JUMP	0
0x0017a5c9	0xStack[0x10]	READ	1
0x0017a5cd	0xStack[0xc]	READ	1
0x0017a5d1	0xStack[0x8]	READ	1
0x0017a5d5	0xStack[-0x8]	READ	1
0x0017a5dc	0x0017a594	UNCONDITIONAL_CALL	0
0x0017a5e4	0x0017a6c9	UNCONDITIONAL_JUMP	0
0x0017a5ec	0xStack[-0x8]	READ	1
0x0017a5f2	0xStack[0xc]	READ	0
0x0017a5f5	0x0017a6c9	CONDITIONAL_JUMP	0
0x0017a5fe	0xStack[0x8]	READ	0
0x0017a601	0x0017a6c9	CONDITIONAL_JUMP	0
0x0017a607	0xStack[0x8]	READ	0
0x0017a60a	0x0017a60f	CONDITIONAL_JUMP	0
0x0017a60c	0xStack[0x8]	WRITE	0
0x0017a60f	0xStack[0xc]	READ	1
0x0017a614	0x0017a618	CONDITIONAL_JUMP	0
0x0017a618	0xStack[-0x8]	READ	1
0x0017a61e	0xStack[0x8]	READ	1
0x0017a628	0xStack[-0x10]	WRITE	0
0x0017a62d	0xStack[0x8]	READ	1
0x0017a632	0x0017a6c9	CONDITIONAL_JUMP	0
0x0017a640	0x0017a63e	CONDITIONAL_JUMP	0
0x0017a64e	0x0017a63c	CONDITIONAL_JUMP	0
0x0017a654	0x0017a685	CONDITIONAL_JUMP	0
0x0017a65b	0xStack[-0x10]	READ	0
0x0017a65e	0x0017a67e	CONDITIONAL_JUMP	0
0x0017a662	0x0017a67e	CONDITIONAL_JUMP	0
0x0017a664	0xStack[0x10]	READ	1
0x0017a66a	0xStack[-0x14]	WRITE	0
0x0017a66d	0xStack[-0xc]	WRITE	0
0x0017a670	0x0017a338	UNCONDITIONAL_CALL	0
0x0017a678	0xStack[-0xc]	READ	1
0x0017a67b	0xStack[-0x14]	READ	1
0x0017a683	0x0017a658	CONDITIONAL_JUMP	0
0x0017a687	0xStack[-0x10]	READ	1
0x0017a68f	0x0017a697	CONDITIONAL_JUMP	0
0x0017a693	0x0017a697	CONDITIONAL_JUMP	0
0x0017a69a	0xStack[-0x10]	READ_WRITE	0
0x0017a69d	0xStack[-0x10]	READ	1
0x0017a6a2	0xStack[0x10]	READ	1
0x0017a6a7	0xStack[-0x10]	READ	1
0x0017a6af	0x0017a4f0	UNCONDITIONAL_CALL	0
0x0017a6c1	0x001631a0	UNCONDITIONAL_CALL	0
0x0017a6c9	0xStack[-0x8]	READ	1
0x0017a6cf	0xStack[-0x8]	WRITE	0
0x0017a6d2	0xStack[0x4]	READ	1
0x0017a6da	0x0017a5c0	CONDITIONAL_JUMP	0
0x0017a6e0	0xStack[0x4]	READ	1
0x0017a6e4	0x0015b73c	UNCONDITIONAL_CALL	0
0x0017a6e9	0xStack[-0x20]	DATA	0
0x0017a6fa	0xStack[0x4]	READ	1
0x0017a6fd	0xStack[0x10]	READ	1
0x0017a701	0x0015b7d0	UNCONDITIONAL_CALL	0
0x0017a70c	0x0017a756	UNCONDITIONAL_JUMP	0
0x0017a714	0x0017a730	CONDITIONAL_JUMP	0
0x0017a717	0xStack[0xc]	READ	1
0x0017a71b	0xStack[0x8]	READ	1
0x0017a723	0x0017a6f4	UNCONDITIONAL_CALL	0
0x0017a72b	0x0017a753	UNCONDITIONAL_JUMP	0
0x0017a730	0xStack[0xc]	READ	1
0x0017a736	0x0017a753	CONDITIONAL_JUMP	0
0x0017a738	0xStack[0x8]	READ	1
0x0017a73e	0x0017a753	CONDITIONAL_JUMP	0
0x0017a745	0x0017a753	CONDITIONAL_JUMP	0
0x0017a751	0x0017a748	CONDITIONAL_JUMP	0
0x0017a75b	0x0017a710	CONDITIONAL_JUMP	0
0x0017a75e	0x0015b73c	UNCONDITIONAL_CALL	0
0x0017a763	0xStack[-0x10]	DATA	0
0x0017a779	0xStack[0x4]	READ	1
0x0017a77c	0xStack[0x8]	READ	1
0x0017a77f	0xStack[0xc]	READ	1
0x0017a784	0x0017a790	CONDITIONAL_JUMP	0
0x0017a78b	0x0017a809	UNCONDITIONAL_JUMP	0
0x0017a792	0x0017a79a	CONDITIONAL_JUMP	0
0x0017a79c	0x0017a7a1	CONDITIONAL_JUMP	0
0x0017a7a3	0xStack[-0x8]	WRITE	0
0x0017a7a7	0x0015b7d0	UNCONDITIONAL_CALL	0
0x0017a7b2	0x0017a7fa	UNCONDITIONAL_JUMP	0
0x0017a7b8	0x0017a7d4	CONDITIONAL_JUMP	0
0x0017a7ba	0xStack[0x10]	READ	1
0x0017a7be	0xStack[-0x8]	READ	1
0x0017a7c7	0x0017a6f4	UNCONDITIONAL_CALL	0
0x0017a7cf	0x0017a7f7	UNCONDITIONAL_JUMP	0
0x0017a7d4	0xStack[-0x8]	READ	1
0x0017a7da	0x0017a7f7	CONDITIONAL_JUMP	0
0x0017a7df	0x0017a7f7	CONDITIONAL_JUMP	0
0x0017a7e6	0x0017a7f7	CONDITIONAL_JUMP	0
0x0017a7e8	0xStack[0x10]	READ	1
0x0017a7f5	0x0017a7e8	CONDITIONAL_JUMP	0
0x0017a7ff	0x0017a7b4	CONDITIONAL_JUMP	0
0x0017a802	0x0015b73c	UNCONDITIONAL_CALL	0
0x0017a809	0xStack[-0x14]	DATA	0
0x0017a829	0xStack[0x8]	READ	1
0x0017a82c	0xStack[0x4]	READ	0
0x0017a830	0x0017a83c	CONDITIONAL_JUMP	0
0x0017a837	0x0017a9a7	UNCONDITIONAL_JUMP	0
0x0017a83c	0xStack[0xc]	READ	0
0x0017a840	0x0017a84e	CONDITIONAL_JUMP	0
0x0017a842	0xStack[0x4]	READ	1
0x0017a84b	0xStack[0xc]	WRITE	0
0x0017a850	0x0017a858	CONDITIONAL_JUMP	0
0x0017a852	0xStack[0x4]	READ	1
0x0017a858	0xStack[-0x8]	WRITE	0
0x0017a85b	0xStack[0x4]	READ	1
0x0017a85f	0x0015b7d0	UNCONDITIONAL_CALL	0
0x0017a867	0xStack[-0xc]	WRITE	0
0x0017a86d	0xStack[0x4]	READ	1
0x0017a875	0x0017a99c	CONDITIONAL_JUMP	0
0x0017a87c	0xStack[-0xc]	READ	1
0x0017a883	0x0017a8a8	CONDITIONAL_JUMP	0
0x0017a885	0xStack[0x10]	READ	1
0x0017a889	0xStack[0xc]	READ	1
0x0017a88d	0xStack[-0x8]	READ	1
0x0017a891	0xStack[-0xc]	READ	1
0x0017a898	0x0017a594	UNCONDITIONAL_CALL	0
0x0017a8a0	0x0017a985	UNCONDITIONAL_JUMP	0
0x0017a8a8	0xStack[-0xc]	READ	1
0x0017a8ae	0xStack[0xc]	READ	0
0x0017a8b1	0x0017a985	CONDITIONAL_JUMP	0
0x0017a8ba	0xStack[-0x8]	READ	0
0x0017a8bd	0x0017a985	CONDITIONAL_JUMP	0
0x0017a8c3	0xStack[-0x8]	READ	0
0x0017a8c6	0x0017a8cb	CONDITIONAL_JUMP	0
0x0017a8c8	0xStack[-0x8]	WRITE	0
0x0017a8cb	0xStack[0xc]	READ	1
0x0017a8d0	0x0017a8d4	CONDITIONAL_JUMP	0
0x0017a8d4	0xStack[-0xc]	READ	1
0x0017a8da	0xStack[-0x8]	READ	1
0x0017a8e4	0xStack[-0x14]	WRITE	0
0x0017a8e9	0xStack[-0x8]	READ	1
0x0017a8ee	0x0017a985	CONDITIONAL_JUMP	0
0x0017a8fc	0x0017a8fa	CONDITIONAL_JUMP	0
0x0017a90a	0x0017a8f8	CONDITIONAL_JUMP	0
0x0017a910	0x0017a941	CONDITIONAL_JUMP	0
0x0017a917	0xStack[-0x14]	READ	0
0x0017a91a	0x0017a93a	CONDITIONAL_JUMP	0
0x0017a91e	0x0017a93a	CONDITIONAL_JUMP	0
0x0017a920	0xStack[0x10]	READ	1
0x0017a926	0xStack[-0x18]	WRITE	0
0x0017a929	0xStack[-0x10]	WRITE	0
0x0017a92c	0x0017a338	UNCONDITIONAL_CALL	0
0x0017a934	0xStack[-0x10]	READ	1
0x0017a937	0xStack[-0x18]	READ	1
0x0017a93f	0x0017a914	CONDITIONAL_JUMP	0
0x0017a943	0xStack[-0x14]	READ	1
0x0017a94b	0x0017a953	CONDITIONAL_JUMP	0
0x0017a94f	0x0017a953	CONDITIONAL_JUMP	0
0x0017a956	0xStack[-0x14]	READ_WRITE	0
0x0017a959	0xStack[-0x14]	READ	1
0x0017a95e	0xStack[0x10]	READ	1
0x0017a963	0xStack[-0x14]	READ	1
0x0017a96b	0x0017a4f0	UNCONDITIONAL_CALL	0
0x0017a97d	0x001631a0	UNCONDITIONAL_CALL	0
0x0017a985	0xStack[-0xc]	READ	1
0x0017a98b	0xStack[-0xc]	WRITE	0
0x0017a98e	0xStack[0x4]	READ	1
0x0017a996	0x0017a87c	CONDITIONAL_JUMP	0
0x0017a99c	0xStack[0x4]	READ	1
0x0017a9a0	0x0015b73c	UNCONDITIONAL_CALL	0
0x0017a9a7	0xStack[-0x24]	DATA	0
0x0017a9b7	0x001e0d0c	READ	1
0x0017a9c0	0x001e89ec	WRITE	0
0x0017a9c7	0x0017a9d3	CONDITIONAL_JUMP	0
0x0017a9c9	0x001e0d24	DATA	0
0x0017a9ce	0x0010ca6c	UNCONDITIONAL_CALL	0
0x0017a9d3	0x001f6ea4	WRITE	0
0x0017a9dd	0x001e0d0c	READ	1
0x0017a9e5	0x0017aa03	CONDITIONAL_JUMP	0
0x0017a9ec	0x001f6ea4	READ_WRITE	0
0x0017a9f2	0x001f6ea4	READ	1
0x0017aa01	0x0017a9ec	CONDITIONAL_JUMP	0
0x0017aa11	0x001f7454	WRITE	0
0x0017aa1b	0x001f7458	WRITE	0
0x0017aa25	0x001f745c	WRITE	0
0x0017aa2e	0x001f745e	READ	1
0x0017aa36	0x001f745e	WRITE	0
0x0017aa3c	0x001f7461	READ	1
0x0017aa47	0x001f7461	WRITE	0
0x0017aa52	0x001f745e	WRITE	0
0x0017aa58	0x001f7460	WRITE	0
0x0017aa62	0x001f7461	WRITE	0
0x0017aa6a	0x001f745e	WRITE	0
0x0017aa70	0x001f7464	WRITE	0
0x0017aa7a	0x001f7468	WRITE	0
0x0017aa84	0x001f746c	WRITE	0
0x0017aa8e	0x001f7418	WRITE	0
0x0017aa98	0x001f64e8	WRITE	0
0x0017aaa2	0x001f6e4c	WRITE	0
0x0017aaa2	0x001f6e48	DATA	1
0x0017aaac	0x001f6e48	WRITE	0
0x0017aaac	0x001f6e48	WRITE	1
0x0017aab6	0x001f6e44	WRITE	0
0x0017aab6	0x001f6e40	DATA	1
0x0017aac0	0x001f6e40	WRITE	0
0x0017aac0	0x001f6e40	WRITE	1
0x0017aaca	0x001f64e4	WRITE	0
0x0017aaca	0x001f64e0	DATA	1
0x0017aad4	0x001f64e0	WRITE	0
0x0017aad4	0x001f64e0	WRITE	1
0x0017aade	0xStack[-0x8]	WRITE	0
0x0017aae5	0xStack[0x4]	READ	1
0x0017aae8	0xStack[-0x20]	WRITE	0
0x0017aaeb	0xStack[0x8]	READ	1
0x0017aafa	0x0017ab35	CONDITIONAL_JUMP	0
0x0017aafc	0x001e89ec	READ	1
0x0017ab06	0xStack[-0x1c]	WRITE	0
0x0017ab09	0xStack[-0x10]	WRITE	0
0x0017ab0c	0xStack[-0x20]	READ	1
0x0017ab14	0xStack[-0x1c]	READ	1
0x0017ab1e	0xStack[-0x1c]	READ	1
0x0017ab23	0xStack[-0x8]	READ_WRITE	0
0x0017ab29	0xStack[-0x20]	READ_WRITE	0
0x0017ab2d	0xStack[-0x10]	READ	1
0x0017ab30	0xStack[-0x20]	READ	0
0x0017ab33	0x0017ab14	CONDITIONAL_JUMP	0
0x0017ab35	0x001e0d08	READ	0
0x0017ab3c	0x0017ab6f	CONDITIONAL_JUMP	0
0x0017ab3e	0x001e0d08	WRITE	0
0x0017ab48	0x001f6ea4	READ	1
0x0017ab4e	0xStack[-0x8]	READ	1
0x0017ab56	0x0017ab6f	CONDITIONAL_JUMP	0
0x0017ab5c	0x001e0d08	READ	1
0x0017ab66	0x001e0d08	WRITE	0
0x0017ab6d	0x0017ab5c	CONDITIONAL_JUMP	0
0x0017ab6f	0x001e0d08	READ	1
0x0017ab78	0x001f743c	WRITE	0
0x0017ab7f	0x0017ab8e	CONDITIONAL_JUMP	0
0x0017ab81	0x001e0d53	DATA	0
0x0017ab86	0x0010c0d8	UNCONDITIONAL_CALL	0
0x0017ab90	0x001e0d08	READ	1
0x0017ab9e	0x00178964	UNCONDITIONAL_CALL	0
0x0017aba5	0x001f7438	WRITE	0
0x0017abab	0x001e0d08	READ	1
0x0017abba	0x00101600	UNCONDITIONAL_CALL	0
0x0017abc4	0x001e0d08	READ	1
0x0017abcc	0x0017abe9	CONDITIONAL_JUMP	0
0x0017abce	0x001f7438	READ	1
0x0017abe7	0x0017abd4	CONDITIONAL_JUMP	0
0x0017abe9	0x001e0d0c	READ	1
0x0017abf5	0x001dfcf4	WRITE	0
0x0017abfd	0x00178964	UNCONDITIONAL_CALL	0
0x0017ac02	0x001f6df0	WRITE	0
0x0017ac07	0x001dfcf4	READ	1
0x0017ac0f	0x00101600	UNCONDITIONAL_CALL	0
0x0017ac17	0x001f6eb8	WRITE	0
0x0017ac28	0x00178964	UNCONDITIONAL_CALL	0
0x0017ac2d	0x001f6eb4	WRITE	0
0x0017ac32	0x001f6eb8	READ	1
0x0017ac3a	0x00101600	UNCONDITIONAL_CALL	0
0x0017ac42	0x001f6eb0	WRITE	0
0x0017ac53	0x00178964	UNCONDITIONAL_CALL	0
0x0017ac58	0x001f6eac	WRITE	0
0x0017ac5d	0x001f6eb0	READ	1
0x0017ac65	0x00101600	UNCONDITIONAL_CALL	0
0x0017ac6d	0xStack[0x4]	READ	1
0x0017ac70	0xStack[-0x20]	WRITE	0
0x0017ac73	0xStack[0x8]	READ	1
0x0017ac82	0x0017ad0d	CONDITIONAL_JUMP	0
0x0017ac88	0xStack[-0x14]	WRITE	0
0x0017ac92	0x001e89ec	READ	1
0x0017aca7	0x001f6ea4	READ	1
0x0017acb6	0x00178964	UNCONDITIONAL_CALL	0
0x0017acbb	0xStack[-0x1c]	WRITE	0
0x0017acbe	0xStack[-0x20]	READ	1
0x0017acc3	0x001e89ec	READ	1
0x0017acd8	0x001f6ea4	READ	1
0x0017ace7	0xStack[-0x1c]	READ	1
0x0017aceb	0x00101600	UNCONDITIONAL_CALL	0
0x0017acf9	0xStack[-0x20]	WRITE	0
0x0017acfc	0xStack[-0x14]	READ	1
0x0017ad02	0xStack[0x8]	READ	1
0x0017ad05	0xStack[0x4]	READ	1
0x0017ad08	0xStack[-0x20]	READ	0
0x0017ad0b	0x0017ac90	CONDITIONAL_JUMP	0
0x0017ad0d	0x001f6e38	WRITE	0
0x0017ad17	0xStack[0x4]	READ	1
0x0017ad1a	0xStack[-0x20]	WRITE	0
0x0017ad1d	0xStack[0x8]	READ	1
0x0017ad2c	0x0017adf3	CONDITIONAL_JUMP	0
0x0017ad32	0xStack[-0x18]	WRITE	0
0x0017ad35	0xStack[-0x20]	READ	1
0x0017ad3b	0xStack[-0x1c]	WRITE	0
0x0017ad40	0x001e89ec	READ	1
0x0017ad45	0xStack[-0x1c]	READ	1
0x0017ad57	0x001f6ea4	READ	1
0x0017ad5d	0xStack[-0x1c]	READ	1
0x0017ad75	0x001f6e38	READ_WRITE	0
0x0017ad7b	0xStack[-0x20]	READ	1
0x0017ad80	0xStack[-0x1c]	READ	1
0x0017ad86	0xStack[-0xc]	WRITE	0
0x0017ad8b	0xStack[-0x1c]	READ	1
0x0017ad90	0x0017addf	CONDITIONAL_JUMP	0
0x0017ad98	0xStack[-0xc]	READ	1
0x0017ad9e	0x001f6e4c	READ	1
0x0017ada3	0x001f6e48	DATA	1
0x0017ada8	0x0017adb4	CONDITIONAL_JUMP	0
0x0017adaa	0x001f6e48	WRITE	0
0x0017adb0	0x0017adb6	UNCONDITIONAL_JUMP	0
0x0017adb6	0x001f6e48	DATA	1
0x0017adb9	0x001f6e48	DATA	1
0x0017adbf	0x001f6e4c	WRITE	0
0x0017adce	0x001e0d0c	READ	1
0x0017add4	0xStack[-0xc]	READ_WRITE	0
0x0017add8	0xStack[-0x1c]	READ	1
0x0017addd	0x0017ad98	CONDITIONAL_JUMP	0
0x0017addf	0xStack[-0x1c]	READ_WRITE	0
0x0017ade3	0xStack[-0x20]	READ_WRITE	0
0x0017ade7	0xStack[-0x18]	READ	1
0x0017adea	0xStack[-0x20]	READ	0
0x0017aded	0x0017ad40	CONDITIONAL_JUMP	0
0x0017adf3	0x001f6e54	WRITE	0
0x0017adfd	0xStack[0xc]	READ	1
0x0017ae00	0xStack[-0x2c]	DATA	0
0x0017ae12	0xStack[0x4]	READ	1
0x0017ae15	0xStack[0x8]	READ	1
0x0017ae18	0xStack[0xc]	READ	1
0x0017ae1f	0x0017ae2e	CONDITIONAL_JUMP	0
0x0017ae21	0x001e0d84	DATA	0
0x0017ae26	0x0010ca6c	UNCONDITIONAL_CALL	0
0x0017ae34	0x001f6ea4	READ	1
0x0017ae40	0x001f743c	READ	1
0x0017ae46	0x001f7438	READ	1
0x0017ae4f	0x0018b970	UNCONDITIONAL_CALL	0
0x0017ae5c	0x0017ae5a	CONDITIONAL_JUMP	0
0x0017ae6a	0x0017ae58	CONDITIONAL_JUMP	0
0x0017ae7a	0x0018b544	UNCONDITIONAL_CALL	0
0x0017ae84	0x0017ae8c	CONDITIONAL_JUMP	0
0x0017ae88	0x0017ae8f	UNCONDITIONAL_JUMP	0
0x0017aea0	0xStack[-0x10]	DATA	0
0x0017aeb2	0xStack[0x4]	READ	1
0x0017aeb9	0x0017af4e	CONDITIONAL_JUMP	0
0x0017aebf	0x001f6ea4	READ	1
0x0017aecd	0x001f743c	READ	1
0x0017aed3	0x001f7438	READ	1
0x0017aedc	0x0018b970	UNCONDITIONAL_CALL	0
0x0017aee8	0x0017aee6	CONDITIONAL_JUMP	0
0x0017aef6	0x0017aee4	CONDITIONAL_JUMP	0
0x0017aefd	0x0017af0c	CONDITIONAL_JUMP	0
0x0017af05	0x0017af1b	UNCONDITIONAL_JUMP	0
0x0017af0a	0x0017af43	UNCONDITIONAL_JUMP	0
0x0017af14	0x0017af0c	CONDITIONAL_JUMP	0
0x0017af20	0x0018b544	UNCONDITIONAL_CALL	0
0x0017af2e	0x0017af38	CONDITIONAL_JUMP	0
0x0017af33	0x0017af3b	UNCONDITIONAL_JUMP	0
0x0017af3e	0x0017af08	CONDITIONAL_JUMP	0
0x0017af4e	0xStack[-0x10]	DATA	0
0x0017af61	0xStack[0x8]	READ	1
0x0017af64	0x001f6ea4	READ	1
0x0017af71	0xStack[0x4]	READ	1
0x0017af74	0x001f743c	READ	1
0x0017af7a	0x001f7438	READ	1
0x0017af83	0x0018b970	UNCONDITIONAL_CALL	0
0x0017af88	0xStack[-0x8]	WRITE	0
0x0017af90	0x0017af8e	CONDITIONAL_JUMP	0
0x0017af9e	0x0017af8c	CONDITIONAL_JUMP	0
0x0017afa5	0x0017afbc	CONDITIONAL_JUMP	0
0x0017afa8	0xStack[0x4]	READ	1
0x0017afae	0x0017afb5	CONDITIONAL_JUMP	0
0x0017afb3	0x0017afbc	CONDITIONAL_JUMP	0
0x0017afba	0x0017afa8	CONDITIONAL_JUMP	0
0x0017afc0	0xStack[-0x8]	READ	1
0x0017afc4	0x0018b544	UNCONDITIONAL_CALL	0
0x0017afcb	0xStack[-0x14]	DATA	0
0x0017afe1	0xStack[0x4]	READ	1
0x0017afe4	0x001f64e8	READ	1
0x0017afeb	0x0017afe9	CONDITIONAL_JUMP	0
0x0017aff2	0x001f64e8	READ_WRITE	0
0x0017affd	0x0017afe4	CONDITIONAL_JUMP	0
0x0017b003	0x0017b09e	CONDITIONAL_JUMP	0
0x0017b009	0x001f6ea4	READ	1
0x0017b017	0x001f743c	READ	1
0x0017b01d	0x001f7438	READ	1
0x0017b026	0x0018b970	UNCONDITIONAL_CALL	0
0x0017b02b	0xStack[-0x8]	WRITE	0
0x0017b034	0x0017b032	CONDITIONAL_JUMP	0
0x0017b042	0x0017b030	CONDITIONAL_JUMP	0
0x0017b049	0x0017b058	CONDITIONAL_JUMP	0
0x0017b051	0x0017b067	UNCONDITIONAL_JUMP	0
0x0017b056	0x0017b093	UNCONDITIONAL_JUMP	0
0x0017b060	0x0017b058	CONDITIONAL_JUMP	0
0x0017b06b	0xStack[-0x8]	READ	1
0x0017b06f	0x0018b544	UNCONDITIONAL_CALL	0
0x0017b080	0x0017b088	CONDITIONAL_JUMP	0
0x0017b085	0x0017b08b	UNCONDITIONAL_JUMP	0
0x0017b08e	0x0017b054	CONDITIONAL_JUMP	0
0x0017b09e	0xStack[0x8]	READ	1
0x0017b0a4	0xStack[0xc]	READ	1
0x0017b0aa	0x001f6ea4	READ	1
0x0017b0b5	0xStack[0x8]	READ	1
0x0017b0b8	0x001f743c	READ	1
0x0017b0be	0x001f7438	READ	1
0x0017b0c7	0x0018b970	UNCONDITIONAL_CALL	0
0x0017b0d4	0x0017b0d2	CONDITIONAL_JUMP	0
0x0017b0e2	0x0017b0d0	CONDITIONAL_JUMP	0
0x0017b0f2	0x0018b544	UNCONDITIONAL_CALL	0
0x0017b0f7	0xStack[0x8]	READ	1
0x0017b0ff	0x0017b108	CONDITIONAL_JUMP	0
0x0017b103	0x0017b10b	UNCONDITIONAL_JUMP	0
0x0017b10e	0xStack[0x8]	READ	1
0x0017b121	0x001f64e8	READ_WRITE	0
0x0017b127	0xStack[-0x14]	DATA	0
0x0017b13a	0xStack[0xc]	READ	1
0x0017b13d	0xStack[0x10]	READ	1
0x0017b140	0xStack[0x4]	READ	1
0x0017b143	0x001f7440	DATA	1
0x0017b150	0x001f7440	READ	1
0x0017b150	0x001f7444	READ	1
0x0017b155	0xStack[0x4]	READ	1
0x0017b15c	0x0017b16b	CONDITIONAL_JUMP	0
0x0017b15e	0x001e0d84	DATA	0
0x0017b163	0x0010ca6c	UNCONDITIONAL_CALL	0
0x0017b16b	0xStack[0x8]	READ	1
0x0017b16e	0xStack[0x4]	READ	1
0x0017b177	0x001f6ea4	READ	1
0x0017b182	0xStack[0x8]	READ	1
0x0017b185	0x001f743c	READ	1
0x0017b18b	0x001f7438	READ	1
0x0017b194	0x0018b970	UNCONDITIONAL_CALL	0
0x0017b1a0	0x0017b19e	CONDITIONAL_JUMP	0
0x0017b1ae	0x0017b19c	CONDITIONAL_JUMP	0
0x0017b1b3	0xStack[0x4]	READ	1
0x0017b1c1	0x0018b544	UNCONDITIONAL_CALL	0
0x0017b1c6	0xStack[0x8]	READ	1
0x0017b1ce	0x0017b1d8	CONDITIONAL_JUMP	0
0x0017b1d0	0xStack[0x4]	READ	1
0x0017b1d5	0x0017b1de	UNCONDITIONAL_JUMP	0
0x0017b1d8	0xStack[0x4]	READ	1
0x0017b1de	0xStack[0x4]	READ	1
0x0017b1e4	0xStack[0x8]	READ	1
0x0017b1f5	0xStack[-0x10]	DATA	0
0x0017b209	0x0018b970	UNCONDITIONAL_CALL	0
0x0017b210	0x001f7418	READ	1
0x0017b217	0x0017b215	CONDITIONAL_JUMP	0
0x0017b21e	0x001f7418	READ_WRITE	0
0x0017b229	0x0017b210	CONDITIONAL_JUMP	0
0x0017b22b	0x001f6e48	READ	0
0x0017b22b	0x001f6e48	READ	1
0x0017b235	0x0017b24c	CONDITIONAL_JUMP	0
0x0017b239	0x001f7418	READ_WRITE	0
0x0017b240	0x0018b544	UNCONDITIONAL_CALL	0
0x0017b247	0x0017b533	UNCONDITIONAL_JUMP	0
0x0017b24c	0x001e0d1c	READ	1
0x0017b251	0x001f6e38	READ	0
0x0017b257	0x0017b27c	CONDITIONAL_JUMP	0
0x0017b259	0x001e8b54	READ	1
0x0017b262	0x0017b27c	CONDITIONAL_JUMP	0
0x0017b266	0x001f7418	READ_WRITE	0
0x0017b26d	0x0018b544	UNCONDITIONAL_CALL	0
0x0017b274	0x0017b533	UNCONDITIONAL_JUMP	0
0x0017b27c	0x001f6e48	READ	1
0x0017b282	0xStack[-0xc]	WRITE	0
0x0017b287	0x001f6e48	DATA	1
0x0017b28c	0x0017b29c	CONDITIONAL_JUMP	0
0x0017b28e	0x001f6e4c	WRITE	0
0x0017b28e	0x001f6e48	DATA	1
0x0017b298	0x0017b2a3	UNCONDITIONAL_JUMP	0
0x0017b29c	0x001f6e48	DATA	1
0x0017b2a3	0x001f6e48	WRITE	0
0x0017b2a8	0xStack[-0xc]	READ	1
0x0017b2af	0x001f6e38	READ_WRITE	0
0x0017b2b7	0x001f7418	READ_WRITE	0
0x0017b2be	0x0018b544	UNCONDITIONAL_CALL	0
0x0017b2ca	0x0017b36c	CONDITIONAL_JUMP	0
0x0017b2d0	0x001f6ea4	READ	1
0x0017b2de	0x001f743c	READ	1
0x0017b2e4	0x001f7438	READ	1
0x0017b2ed	0x0018b970	UNCONDITIONAL_CALL	0
0x0017b2f8	0x0017b2f6	CONDITIONAL_JUMP	0
0x0017b306	0x0017b2f4	CONDITIONAL_JUMP	0
0x0017b30b	0xStack[-0xc]	READ	0
0x0017b30e	0x0017b320	CONDITIONAL_JUMP	0
0x0017b310	0xStack[-0xc]	READ	1
0x0017b319	0x0017b330	UNCONDITIONAL_JUMP	0
0x0017b31e	0x0017b35e	UNCONDITIONAL_JUMP	0
0x0017b326	0xStack[-0xc]	READ	0
0x0017b329	0x0017b320	CONDITIONAL_JUMP	0
0x0017b335	0x0018b544	UNCONDITIONAL_CALL	0
0x0017b33d	0xStack[-0xc]	READ	1
0x0017b349	0x0017b350	CONDITIONAL_JUMP	0
0x0017b34e	0x0017b353	UNCONDITIONAL_JUMP	0
0x0017b353	0xStack[-0xc]	READ	1
0x0017b359	0x0017b31c	CONDITIONAL_JUMP	0
0x0017b35e	0xStack[-0xc]	READ	1
0x0017b36c	0xStack[-0xc]	READ	1
0x0017b372	0xStack[-0xc]	READ	1
0x0017b375	0x001f7440	DATA	1
0x0017b384	0x001f7440	READ	1
0x0017b384	0x001f7444	READ	1
0x0017b389	0xStack[-0xc]	READ	1
0x0017b390	0x0017b39f	CONDITIONAL_JUMP	0
0x0017b392	0x001e0d84	DATA	0
0x0017b397	0x0010ca6c	UNCONDITIONAL_CALL	0
0x0017b39f	0xStack[0x4]	READ	1
0x0017b3a2	0xStack[-0xc]	READ	1
0x0017b3a8	0xStack[0x8]	READ	1
0x0017b3ae	0x001f6ea4	READ	1
0x0017b3b4	0xStack[0x8]	READ	1
0x0017b3b9	0xStack[0x4]	READ	1
0x0017b3bc	0x001f743c	READ	1
0x0017b3c2	0x001f7438	READ	1
0x0017b3cb	0x0018b970	UNCONDITIONAL_CALL	0
0x0017b3d8	0x0017b3d6	CONDITIONAL_JUMP	0
0x0017b3e6	0x0017b3d4	CONDITIONAL_JUMP	0
0x0017b3eb	0xStack[-0xc]	READ	1
0x0017b3f9	0x0018b544	UNCONDITIONAL_CALL	0
0x0017b401	0xStack[0x4]	READ	1
0x0017b409	0x0017b414	CONDITIONAL_JUMP	0
0x0017b40b	0xStack[-0xc]	READ	1
0x0017b410	0x0017b41a	UNCONDITIONAL_JUMP	0
0x0017b414	0xStack[-0xc]	READ	1
0x0017b41a	0xStack[-0xc]	READ	1
0x0017b420	0xStack[0x4]	READ	1
0x0017b431	0x001f6e38	READ	1
0x0017b436	0x001e0d14	READ	0
0x0017b43c	0x0017b453	CONDITIONAL_JUMP	0
0x0017b43e	0x001e0d10	READ	0
0x0017b444	0x0017b464	CONDITIONAL_JUMP	0
0x0017b446	0x001e0d18	READ	1
0x0017b44b	0x001f64d8	READ	0
0x0017b451	0x0017b464	CONDITIONAL_JUMP	0
0x0017b457	0x001f6e50	DATA	0
0x0017b45c	0x001631a0	UNCONDITIONAL_CALL	0
0x0017b464	0xStack[0x4]	READ	1
0x0017b46b	0x0017b527	CONDITIONAL_JUMP	0
0x0017b471	0xStack[0xc]	READ	0
0x0017b475	0x0017b527	CONDITIONAL_JUMP	0
0x0017b47e	0xStack[0x8]	READ	1
0x0017b483	0x0017b487	CONDITIONAL_JUMP	0
0x0017b487	0x001e0d0c	READ	0
0x0017b48d	0x0017b527	CONDITIONAL_JUMP	0
0x0017b493	0xStack[-0x8]	WRITE	0
0x0017b496	0x001f6ea4	READ	1
0x0017b49e	0xStack[0x4]	READ	1
0x0017b4a1	0x001f743c	READ	1
0x0017b4a7	0x001f7438	READ	1
0x0017b4b0	0xStack[-0x10]	WRITE	0
0x0017b4b3	0x0018b970	UNCONDITIONAL_CALL	0
0x0017b4ba	0xStack[-0x10]	READ	1
0x0017b4c4	0x0017b4c2	CONDITIONAL_JUMP	0
0x0017b4d2	0x0017b4c0	CONDITIONAL_JUMP	0
0x0017b4d9	0x0017b4f3	CONDITIONAL_JUMP	0
0x0017b4dc	0xStack[0x4]	READ	1
0x0017b4e2	0x0017b4ec	CONDITIONAL_JUMP	0
0x0017b4e4	0xStack[-0x8]	READ	1
0x0017b4ea	0x0017b4f3	CONDITIONAL_JUMP	0
0x0017b4f1	0x0017b4dc	CONDITIONAL_JUMP	0
0x0017b4f8	0x0018b544	UNCONDITIONAL_CALL	0
0x0017b504	0x0017b527	CONDITIONAL_JUMP	0
0x0017b506	0xStack[0x4]	READ	1
0x0017b513	0x0017b51c	CONDITIONAL_JUMP	0
0x0017b519	0x0017b51c	CONDITIONAL_JUMP	0
0x0017b51e	0xStack[0x4]	READ	1
0x0017b522	0x0017a338	UNCONDITIONAL_CALL	0
0x0017b527	0xStack[0x8]	READ	1
0x0017b52a	0xStack[0x4]	READ	1
0x0017b530	0xStack[-0xc]	READ	1
0x0017b533	0xStack[-0x1c]	DATA	0
0x0017b546	0xStack[0x4]	READ	1
0x0017b54d	0x0017b5e2	CONDITIONAL_JUMP	0
0x0017b553	0x001f6ea4	READ	1
0x0017b561	0x001f743c	READ	1
0x0017b567	0x001f7438	READ	1
0x0017b570	0x0018b970	UNCONDITIONAL_CALL	0
0x0017b57c	0x0017b57a	CONDITIONAL_JUMP	0
0x0017b58a	0x0017b578	CONDITIONAL_JUMP	0
0x0017b591	0x0017b5a0	CONDITIONAL_JUMP	0
0x0017b599	0x0017b5af	UNCONDITIONAL_JUMP	0
0x0017b59e	0x0017b5d7	UNCONDITIONAL_JUMP	0
0x0017b5a8	0x0017b5a0	CONDITIONAL_JUMP	0
0x0017b5b4	0x0018b544	UNCONDITIONAL_CALL	0
0x0017b5c5	0x0017b5cc	CONDITIONAL_JUMP	0
0x0017b5ca	0x0017b5cf	UNCONDITIONAL_JUMP	0
0x0017b5d2	0x0017b59c	CONDITIONAL_JUMP	0
0x0017b5e6	0x0017b5ee	CONDITIONAL_JUMP	0
0x0017b5e9	0x0017b5f8	UNCONDITIONAL_CALL	0
0x0017b5ee	0xStack[-0x10]	DATA	0
0x0017b5fc	0xStack[0x4]	READ	1
0x0017b603	0x0017b63c	CONDITIONAL_JUMP	0
0x0017b60a	0x001f6e40	DATA	1
0x0017b610	0x0017b61c	CONDITIONAL_JUMP	0
0x0017b612	0x001f6e44	WRITE	0
0x0017b617	0x0017b61f	UNCONDITIONAL_JUMP	0
0x0017b61f	0x001f6e40	DATA	1
0x0017b624	0x0017b630	CONDITIONAL_JUMP	0
0x0017b626	0x001f6e40	WRITE	0
0x0017b62c	0x0017b632	UNCONDITIONAL_JUMP	0
0x0017b636	0x001f6e34	READ_WRITE	0
0x0017b640	0x0017b678	CONDITIONAL_JUMP	0
0x0017b647	0x001f64e0	DATA	1
0x0017b64d	0x0017b658	CONDITIONAL_JUMP	0
0x0017b64f	0x001f64e4	WRITE	0
0x0017b654	0x0017b65b	UNCONDITIONAL_JUMP	0
0x0017b65b	0x001f64e0	DATA	1
0x0017b660	0x0017b66c	CONDITIONAL_JUMP	0
0x0017b662	0x001f64e0	WRITE	0
0x0017b668	0x0017b66e	UNCONDITIONAL_JUMP	0
0x0017b672	0x001f64d8	READ_WRITE	0
0x0017b67c	0x0017b6e1	CONDITIONAL_JUMP	0
0x0017b67e	0x0018b970	UNCONDITIONAL_CALL	0
0x0017b688	0x001f7418	READ	1
0x0017b68f	0x0017b68d	CONDITIONAL_JUMP	0
0x0017b696	0x001f7418	READ_WRITE	0
0x0017b6a1	0x0017b688	CONDITIONAL_JUMP	0
0x0017b6a3	0x001f6e4c	READ	1
0x0017b6a8	0x001f6e48	DATA	1
0x0017b6ad	0x0017b6b8	CONDITIONAL_JUMP	0
0x0017b6af	0x001f6e48	WRITE	0
0x0017b6b5	0x0017b6ba	UNCONDITIONAL_JUMP	0
0x0017b6bd	0x001f6e48	DATA	1
0x0017b6c3	0x001f6e4c	WRITE	0
0x0017b6cd	0x001f6e38	READ_WRITE	0
0x0017b6d5	0x001f7418	READ_WRITE	0
0x0017b6dc	0x0018b544	UNCONDITIONAL_CALL	0
0x0017b6e1	0xStack[-0x8]	READ	1
0x0017b6eb	0xStack[0x4]	READ	1
0x0017b6f3	0x0017b7b2	CONDITIONAL_JUMP	0
0x0017b6fd	0x0017b734	CONDITIONAL_JUMP	0
0x0017b704	0x001f6e40	DATA	1
0x0017b70a	0x0017b714	CONDITIONAL_JUMP	0
0x0017b70c	0x001f6e44	WRITE	0
0x0017b711	0x0017b717	UNCONDITIONAL_JUMP	0
0x0017b717	0x001f6e40	DATA	1
0x0017b71c	0x0017b728	CONDITIONAL_JUMP	0
0x0017b71e	0x001f6e40	WRITE	0
0x0017b724	0x0017b72a	UNCONDITIONAL_JUMP	0
0x0017b72a	0x001f6e34	READ_WRITE	0
0x0017b738	0x0017b770	CONDITIONAL_JUMP	0
0x0017b73f	0x001f64e0	DATA	1
0x0017b745	0x0017b750	CONDITIONAL_JUMP	0
0x0017b747	0x001f64e4	WRITE	0
0x0017b74c	0x0017b753	UNCONDITIONAL_JUMP	0
0x0017b753	0x001f64e0	DATA	1
0x0017b758	0x0017b764	CONDITIONAL_JUMP	0
0x0017b75a	0x001f64e0	WRITE	0
0x0017b760	0x0017b766	UNCONDITIONAL_JUMP	0
0x0017b766	0x001f64d8	READ_WRITE	0
0x0017b774	0x0017b7ac	CONDITIONAL_JUMP	0
0x0017b77b	0x001f6e48	DATA	1
0x0017b781	0x0017b78c	CONDITIONAL_JUMP	0
0x0017b783	0x001f6e4c	WRITE	0
0x0017b788	0x0017b78f	UNCONDITIONAL_JUMP	0
0x0017b78f	0x001f6e48	DATA	1
0x0017b794	0x0017b7a0	CONDITIONAL_JUMP	0
0x0017b796	0x001f6e48	WRITE	0
0x0017b79c	0x0017b7a2	UNCONDITIONAL_JUMP	0
0x0017b7a2	0x001f6e38	READ_WRITE	0
0x0017b7ac	0x001f7470	READ_WRITE	0
0x0017b7bf	0xStack[0x4]	READ	1
0x0017b7d2	0x0017b809	CONDITIONAL_JUMP	0
0x0017b7d4	0x001f6e44	READ	1
0x0017b7d9	0x001f6e40	DATA	1
0x0017b7de	0x0017b7e8	CONDITIONAL_JUMP	0
0x0017b7e0	0x001f6e40	WRITE	0
0x0017b7e6	0x0017b7ea	UNCONDITIONAL_JUMP	0
0x0017b7ed	0x001f6e40	DATA	1
0x0017b7f3	0x001f6e44	WRITE	0
0x0017b7f9	0x001f6e34	READ_WRITE	0
0x0017b803	0x001f7470	READ_WRITE	0
0x0017b814	0xStack[0x4]	READ	1
0x0017b81b	0x0017b8c5	CONDITIONAL_JUMP	0
0x0017b825	0x0019152c	UNCONDITIONAL_CALL	0
0x0017b832	0x001f6e40	DATA	1
0x0017b838	0x0017b844	CONDITIONAL_JUMP	0
0x0017b83a	0x001f6e44	WRITE	0
0x0017b83f	0x0017b847	UNCONDITIONAL_JUMP	0
0x0017b847	0x001f6e40	DATA	1
0x0017b84c	0x0017b858	CONDITIONAL_JUMP	0
0x0017b84e	0x001f6e40	WRITE	0
0x0017b854	0x0017b85a	UNCONDITIONAL_JUMP	0
0x0017b85a	0x001f64e4	READ	1
0x0017b85f	0x001f64e0	DATA	1
0x0017b864	0x0017b870	CONDITIONAL_JUMP	0
0x0017b866	0x001f64e0	WRITE	0
0x0017b86c	0x0017b872	UNCONDITIONAL_JUMP	0
0x0017b875	0x001f64e0	DATA	1
0x0017b87b	0x001f64e4	WRITE	0
0x0017b88b	0x001f6e34	READ_WRITE	0
0x0017b891	0x001f64d8	READ_WRITE	0
0x0017b89b	0x0017b8ae	CONDITIONAL_JUMP	0
0x0017b8a1	0x00191500	UNCONDITIONAL_CALL	0
0x0017b8a8	0x0017b8ae	CONDITIONAL_JUMP	0
0x0017b8c5	0xStack[-0x8]	READ	1
0x0017b8d0	0xStack[0x4]	READ	1
0x0017b8d7	0x0017b910	CONDITIONAL_JUMP	0
0x0017b8de	0x001f64e0	DATA	1
0x0017b8e4	0x0017b8f0	CONDITIONAL_JUMP	0
0x0017b8e6	0x001f64e4	WRITE	0
0x0017b8eb	0x0017b8f3	UNCONDITIONAL_JUMP	0
0x0017b8f3	0x001f64e0	DATA	1
0x0017b8f8	0x0017b904	CONDITIONAL_JUMP	0
0x0017b8fa	0x001f64e0	WRITE	0
0x0017b900	0x0017b906	UNCONDITIONAL_JUMP	0
0x0017b906	0x001f64d8	READ_WRITE	0
0x0017b914	0x0017b94c	CONDITIONAL_JUMP	0
0x0017b91b	0x001f6e48	DATA	1
0x0017b921	0x0017b92c	CONDITIONAL_JUMP	0
0x0017b923	0x001f6e4c	WRITE	0
0x0017b928	0x0017b92f	UNCONDITIONAL_JUMP	0
0x0017b92f	0x001f6e48	DATA	1
0x0017b934	0x0017b940	CONDITIONAL_JUMP	0
0x0017b936	0x001f6e48	WRITE	0
0x0017b93c	0x0017b942	UNCONDITIONAL_JUMP	0
0x0017b942	0x001f6e38	READ_WRITE	0
0x0017b951	0x0017b993	CONDITIONAL_JUMP	0
0x0017b957	0x0017b963	CONDITIONAL_JUMP	0
0x0017b959	0x001e0d93	DATA	0
0x0017b95e	0x0010ca6c	UNCONDITIONAL_CALL	0
0x0017b963	0x001f6e44	READ	1
0x0017b968	0x001f6e40	DATA	1
0x0017b96d	0x0017b978	CONDITIONAL_JUMP	0
0x0017b96f	0x001f6e40	WRITE	0
0x0017b975	0x0017b97a	UNCONDITIONAL_JUMP	0
0x0017b97d	0x001f6e40	DATA	1
0x0017b983	0x001f6e44	WRITE	0
0x0017b98d	0x001f6e34	READ_WRITE	0
0x0017b993	0xStack[-0x8]	READ	1
0x0017b99f	0xStack[0x4]	READ	1
0x0017b9a6	0x00191428	UNCONDITIONAL_CALL	0
0x0017b9b7	0xStack[0x4]	READ	1
0x0017b9ba	0xStack[0x8]	READ	1
0x0017b9c5	0x00191444	UNCONDITIONAL_CALL	0
0x0017b9d3	0xStack[0x4]	READ	1
0x0017b9e3	0xStack[0x4]	READ	1
0x0017b9e6	0xStack[0x8]	READ	1
0x0017b9e9	0xStack[0xc]	READ	1
0x0017b9ee	0x0017b9fc	CONDITIONAL_JUMP	0
0x0017b9fe	0x0017ba06	CONDITIONAL_JUMP	0
0x0017ba08	0x0017ba0d	CONDITIONAL_JUMP	0
0x0017ba12	0x0017ba1c	UNCONDITIONAL_CALL	0
0x0017ba25	0xStack[0x8]	READ	1
0x0017ba28	0xStack[-0x8]	WRITE	0
0x0017ba2f	0xStack[0x4]	READ	1
0x0017ba33	0x0015b7d0	UNCONDITIONAL_CALL	0
0x0017ba3e	0x0017baab	UNCONDITIONAL_JUMP	0
0x0017ba44	0x0017ba60	CONDITIONAL_JUMP	0
0x0017ba46	0xStack[0xc]	READ	1
0x0017ba4f	0x0017ba1c	UNCONDITIONAL_CALL	0
0x0017ba5a	0x0017baa8	CONDITIONAL_JUMP	0
0x0017ba5c	0x0017baa1	UNCONDITIONAL_JUMP	0
0x0017ba63	0xStack[0xc]	READ	0
0x0017ba66	0x0017baa8	CONDITIONAL_JUMP	0
0x0017ba6d	0x0017baa8	CONDITIONAL_JUMP	0
0x0017ba72	0xStack[-0xc]	WRITE	0
0x0017ba77	0x0017ba7b	CONDITIONAL_JUMP	0
0x0017ba7b	0xStack[0xc]	READ	1
0x0017ba80	0x0017ba84	CONDITIONAL_JUMP	0
0x0017ba91	0xStack[-0xc]	READ	1
0x0017ba95	0x0017bc50	UNCONDITIONAL_CALL	0
0x0017ba9f	0x0017baa8	CONDITIONAL_JUMP	0
0x0017baa1	0xStack[-0x8]	WRITE	0
0x0017baab	0xStack[0x4]	READ	1
0x0017bab3	0x0017ba40	CONDITIONAL_JUMP	0
0x0017bab5	0xStack[0x4]	READ	1
0x0017bab9	0x0015b73c	UNCONDITIONAL_CALL	0
0x0017babe	0xStack[-0x8]	READ	1
0x0017bac1	0xStack[-0x18]	DATA	0
0x0017bad5	0xStack[0x4]	READ	1
0x0017bad8	0xStack[0x8]	READ	1
0x0017bade	0xStack[-0xc]	WRITE	0
0x0017bae4	0x001f64e8	READ	1
0x0017baeb	0x0017bae9	CONDITIONAL_JUMP	0
0x0017baf2	0x001f64e8	READ_WRITE	0
0x0017bafd	0x0017bae4	CONDITIONAL_JUMP	0
0x0017bb03	0x0017bb24	CONDITIONAL_JUMP	0
0x0017bb09	0x00191500	UNCONDITIONAL_CALL	0
0x0017bb13	0x0017bb24	CONDITIONAL_JUMP	0
0x0017bb17	0x001f64e8	READ_WRITE	0
0x0017bb1f	0x0017bc44	UNCONDITIONAL_JUMP	0
0x0017bb28	0x0017bb70	CONDITIONAL_JUMP	0
0x0017bb2c	0x001f64e8	READ_WRITE	0
0x0017bb39	0x00162f20	UNCONDITIONAL_CALL	0
0x0017bb49	0x00165328	UNCONDITIONAL_CALL	0
0x0017bb54	0x0017bb52	CONDITIONAL_JUMP	0
0x0017bb62	0x0017bb50	CONDITIONAL_JUMP	0
0x0017bb69	0x0017bc44	UNCONDITIONAL_JUMP	0
0x0017bb7c	0x0017bb87	CONDITIONAL_JUMP	0
0x0017bb7f	0x0017b8cc	UNCONDITIONAL_CALL	0
0x0017bb88	0x0017b810	UNCONDITIONAL_CALL	0
0x0017bb91	0x0018fb0c	UNCONDITIONAL_CALL	0
0x0017bb96	0x001f6510	READ_WRITE	0
0x0017bba1	0x001f64e8	READ_WRITE	0
0x0017bba7	0xStack[-0xc]	READ	0
0x0017bbab	0x0017bbbc	CONDITIONAL_JUMP	0
0x0017bbb6	0x0017bc44	UNCONDITIONAL_JUMP	0
0x0017bbc4	0xStack[-0x8]	WRITE	0
0x0017bbcc	0xStack[-0xc]	READ	1
0x0017bbd0	0x0017a284	UNCONDITIONAL_CALL	0
0x0017bbda	0x0017bbe3	CONDITIONAL_JUMP	0
0x0017bbdc	0xStack[-0x8]	WRITE	0
0x0017bbec	0x0017bbea	CONDITIONAL_JUMP	0
0x0017bbfa	0x0017bbe8	CONDITIONAL_JUMP	0
0x0017bbfc	0x001f64e8	READ	1
0x0017bc03	0x0017bc01	CONDITIONAL_JUMP	0
0x0017bc0a	0x001f64e8	READ_WRITE	0
0x0017bc15	0x0017bbfc	CONDITIONAL_JUMP	0
0x0017bc24	0x0017bc35	CONDITIONAL_JUMP	0
0x0017bc30	0x001631a0	UNCONDITIONAL_CALL	0
0x0017bc3b	0x001f64e8	READ_WRITE	0
0x0017bc41	0xStack[-0x8]	READ	1
0x0017bc44	0xStack[-0x18]	DATA	0
0x0017bc59	0xStack[0x4]	READ	1
0x0017bc5c	0xStack[0x8]	READ	1
0x0017bc5f	0xStack[-0x8]	WRITE	0
0x0017bc66	0xStack[-0xc]	WRITE	0
0x0017bc6f	0x0017bd1c	CONDITIONAL_JUMP	0
0x0017bc7c	0x0017bc7a	CONDITIONAL_JUMP	0
0x0017bc8a	0x0017bc78	CONDITIONAL_JUMP	0
0x0017bc90	0x0017bcc6	CONDITIONAL_JUMP	0
0x0017bc99	0x0017bcbf	CONDITIONAL_JUMP	0
0x0017bc9b	0xStack[0xc]	READ	0
0x0017bc9e	0x0017bcbf	CONDITIONAL_JUMP	0
0x0017bca2	0x0017bacc	UNCONDITIONAL_CALL	0
0x0017bcad	0x0017bcb8	CONDITIONAL_JUMP	0
0x0017bcaf	0x0017bcbf	CONDITIONAL_JUMP	0
0x0017bcb4	0x0017bcbf	CONDITIONAL_JUMP	0
0x0017bcb6	0x0017bc8c	UNCONDITIONAL_JUMP	0
0x0017bcb8	0xStack[-0x8]	WRITE	0
0x0017bcc4	0x0017bc94	CONDITIONAL_JUMP	0
0x0017bcc6	0xStack[0xc]	READ	1
0x0017bcd0	0x0017bcd8	CONDITIONAL_JUMP	0
0x0017bcd4	0x0017bcd8	CONDITIONAL_JUMP	0
0x0017bcdd	0xStack[0xc]	WRITE	0
0x0017bce6	0x0017bc50	UNCONDITIONAL_CALL	0
0x0017bcf0	0x0017bcf9	CONDITIONAL_JUMP	0
0x0017bcf2	0xStack[-0xc]	WRITE	0
0x0017bd03	0x001631a0	UNCONDITIONAL_CALL	0
0x0017bd08	0xStack[-0xc]	READ	0
0x0017bd0c	0x0017bd14	CONDITIONAL_JUMP	0
0x0017bd0e	0xStack[-0x8]	READ	0
0x0017bd12	0x0017bd1c	CONDITIONAL_JUMP	0
0x0017bd19	0x0017bd1e	UNCONDITIONAL_JUMP	0
0x0017bd1e	0xStack[-0x1c]	DATA	0
0x0017bd2b	0xStack[0x4]	READ	1
0x0017bd33	0xStack[0xc]	READ	0
0x0017bd37	0x0017bd3e	CONDITIONAL_JUMP	0
0x0017bd41	0xStack[0x8]	READ	1
0x0017bd44	0x001e89ec	READ	1
0x0017bd53	0x001e8b54	READ	1
0x0017bd5f	0x001765fc	UNCONDITIONAL_CALL	0
0x0017bd6b	0xStack[0x4]	READ	1
0x0017bd72	0xStack[0x8]	READ	1
0x0017bd75	0x001e89ec	READ	1
0x0017bd85	0x001e8b54	READ	1
0x0017bd91	0x00175b2c	UNCONDITIONAL_CALL	0
0x0017bda5	0xStack[0x4]	READ	1
0x0017bda8	0xStack[0xc]	READ	0
0x0017bdac	0x0017be09	CONDITIONAL_JUMP	0
0x0017bdae	0x001e8b54	READ	1
0x0017bdbc	0xStack[-0x8]	WRITE	0
0x0017bdbf	0x001e89ec	READ	1
0x0017bdcc	0xStack[0x8]	READ	1
0x0017bdd7	0x0017be09	CONDITIONAL_JUMP	0
0x0017bddd	0xStack[-0x8]	READ	1
0x0017bde1	0x00190c24	UNCONDITIONAL_CALL	0
0x0017bde7	0x00178894	UNCONDITIONAL_CALL	0
0x0017bdf3	0x001e0d0c	READ	1
0x0017bdf9	0x001e89ec	READ	1
0x0017be07	0x0017bddc	CONDITIONAL_JUMP	0
0x0017be0b	0xStack[0x8]	READ	1
0x0017be10	0x001e89ec	READ	1
0x0017be1f	0x001e8b54	READ	1
0x0017be2b	0x00175b2c	UNCONDITIONAL_CALL	0
0x0017be30	0xStack[-0x14]	DATA	0
0x0017be4d	0xStack[0x4]	READ	1
0x0017be50	0xStack[0x8]	READ	1
0x0017be5b	0x001dfb90	READ	0
0x0017be61	0x0017be65	CONDITIONAL_JUMP	0
0x0017be65	0xStack[-0x8]	DATA	0
0x0017be6b	0x00165a20	UNCONDITIONAL_CALL	0
0x0017be75	0x0017be85	CONDITIONAL_JUMP	0
0x0017be78	0x001e0db4	DATA	0
0x0017be7d	0x0010c0d8	UNCONDITIONAL_CALL	0
0x0017be85	0xStack[-0x8]	READ	1
0x0017be8b	0xStack[-0x8]	READ	1
0x0017be8f	0x00165bec	UNCONDITIONAL_CALL	0
0x0017be94	0xStack[-0x8]	READ	1
0x0017be9a	0xStack[-0xc]	DATA	0
0x0017be9f	0x00166c48	UNCONDITIONAL_CALL	0
0x0017bea9	0x0017beb9	CONDITIONAL_JUMP	0
0x0017beac	0x001e0de2	DATA	0
0x0017beb1	0x0010c0d8	UNCONDITIONAL_CALL	0
0x0017beb9	0xStack[-0xc]	READ	1
0x0017bebd	0x00166ea0	UNCONDITIONAL_CALL	0
0x0017bec4	0xStack[-0xc]	READ	1
0x0017bec8	0x00163d28	UNCONDITIONAL_CALL	0
0x0017bed2	0xStack[-0x8]	READ	1
0x0017bee0	0x001013cc	UNCONDITIONAL_CALL	0
0x0017bee7	0xStack[-0x8]	READ	1
0x0017bef3	0x00101600	UNCONDITIONAL_CALL	0
0x0017bef8	0xStack[-0x8]	READ	1
0x0017bf16	0x00104b38	UNCONDITIONAL_CALL	0
0x0017bf1b	0xStack[-0x8]	READ	1
0x0017bf40	0x001013cc	UNCONDITIONAL_CALL	0
0x0017bf45	0xStack[-0x8]	READ	1
0x0017bf67	0x001013cc	UNCONDITIONAL_CALL	0
0x0017bf6c	0xStack[-0xc]	READ	1
0x0017bf88	0x00101600	UNCONDITIONAL_CALL	0
0x0017bf8f	0xStack[-0xc]	READ	1
0x0017bf9e	0x00101600	UNCONDITIONAL_CALL	0
0x0017bfa3	0xStack[-0xc]	READ	1
0x0017bfb5	0xStack[-0x18]	DATA	0
0x0017bfc4	0xStack[0x4]	READ	1
0x0017bfc9	0xStack[0x8]	READ	1
0x0017bfcd	0x001e89ec	READ	1
0x0017bfdf	0x001e8b54	READ	1
0x0017bfeb	0x001752f8	UNCONDITIONAL_CALL	0
0x0017bffa	0xStack[-0x8]	READ	1
0x0017c007	0xStack[0x4]	READ	1
0x0017c00a	0xStack[0x8]	READ	1
0x0017c00f	0x0017c020	CONDITIONAL_JUMP	0
0x0017c025	0x0017c011	CONDITIONAL_JUMP	0
0x0017c03a	0xStack[0x4]	READ	1
0x0017c03d	0xStack[0xc]	READ	1
0x0017c040	0xStack[0x8]	READ	1
0x0017c044	0x00107374	UNCONDITIONAL_CALL	0
0x0017c050	0x0017c0a8	CONDITIONAL_JUMP	0
0x0017c057	0x0017c0a8	CONDITIONAL_JUMP	0
0x0017c061	0x0017c06c	CONDITIONAL_JUMP	0
0x0017c063	0x00108310	UNCONDITIONAL_CALL	0
0x0017c06a	0x0017c0a8	CONDITIONAL_JUMP	0
0x0017c070	0x0017c0a8	CONDITIONAL_JUMP	0
0x0017c077	0x0017c082	CONDITIONAL_JUMP	0
0x0017c07a	0x00165c94	UNCONDITIONAL_CALL	0
0x0017c087	0x00108310	UNCONDITIONAL_CALL	0
0x0017c08e	0x0017c0a3	CONDITIONAL_JUMP	0
0x0017c090	0x001e8b54	READ	1
0x0017c09d	0x0017c0a3	CONDITIONAL_JUMP	0
0x0017c0a5	0x0017c0b3	UNCONDITIONAL_JUMP	0
0x0017c0b3	0xStack[-0x10]	DATA	0
0x0017c0c8	0xStack[0x4]	READ	1
0x0017c0cb	0x001e8b54	READ	1
0x0017c0d3	0xStack[-0xc]	WRITE	0
0x0017c0db	0x00107374	UNCONDITIONAL_CALL	0
0x0017c0e7	0x0017c140	CONDITIONAL_JUMP	0
0x0017c0ee	0x0017c140	CONDITIONAL_JUMP	0
0x0017c0f8	0x0017c103	CONDITIONAL_JUMP	0
0x0017c0fa	0x00108310	UNCONDITIONAL_CALL	0
0x0017c101	0x0017c140	CONDITIONAL_JUMP	0
0x0017c107	0x0017c140	CONDITIONAL_JUMP	0
0x0017c10e	0x0017c119	CONDITIONAL_JUMP	0
0x0017c111	0x00165c94	UNCONDITIONAL_CALL	0
0x0017c11c	0xStack[-0x8]	WRITE	0
0x0017c11f	0x00108310	UNCONDITIONAL_CALL	0
0x0017c126	0x0017c14c	CONDITIONAL_JUMP	0
0x0017c128	0x001e8b54	READ	1
0x0017c135	0x0017c14c	CONDITIONAL_JUMP	0
0x0017c13b	0x0017c14c	UNCONDITIONAL_JUMP	0
0x0017c140	0xStack[-0x8]	WRITE	0
0x0017c147	0x0017c16e	UNCONDITIONAL_JUMP	0
0x0017c14c	0xStack[-0x8]	READ	1
0x0017c150	0x0015a2e4	UNCONDITIONAL_CALL	0
0x0017c157	0xStack[-0xc]	WRITE	0
0x0017c15f	0x0017c16e	CONDITIONAL_JUMP	0
0x0017c161	0xStack[-0xc]	DATA	0
0x0017c169	0x0015a5a4	UNCONDITIONAL_CALL	0
0x0017c16e	0xStack[-0xc]	READ	1
0x0017c171	0xStack[-0x14]	DATA	0
0x0017c185	0xStack[0x4]	READ	1
0x0017c189	0xStack[-0x8]	WRITE	0
0x0017c18d	0x001e89ec	READ	1
0x0017c192	0xStack[0x14]	READ	1
0x0017c19b	0xStack[-0x18]	WRITE	0
0x0017c19e	0x001f6ea4	READ	1
0x0017c1a8	0xStack[-0x10]	WRITE	0
0x0017c1ac	0x00178b80	UNCONDITIONAL_CALL	0
0x0017c1b1	0xStack[-0xc]	WRITE	0
0x0017c1b4	0xStack[-0x10]	READ	1
0x0017c1c1	0x0015a75c	UNCONDITIONAL_CALL	0
0x0017c1ca	0x00101600	UNCONDITIONAL_CALL	0
0x0017c1d7	0xStack[-0xc]	READ	1
0x0017c1e6	0xStack[-0x14]	WRITE	0
0x0017c1ee	0xStack[-0x10]	READ	0
0x0017c1f1	0x0017c246	CONDITIONAL_JUMP	0
0x0017c1fe	0xStack[0xc]	READ	1
0x0017c202	0x001f6ea4	READ	1
0x0017c20c	0xStack[0x10]	READ	1
0x0017c210	0xStack[-0x8]	READ	1
0x0017c215	0xStack[0x8]	READ	1
0x0017c21a	0x001f6ea4	READ	1
0x0017c229	0xStack[-0xc]	READ	1
0x0017c22d	0xStack[-0x14]	READ	1
0x0017c231	0x0017ae0c	UNCONDITIONAL_CALL	0
0x0017c23d	0xStack[-0x14]	READ_WRITE	0
0x0017c241	0xStack[-0x10]	READ	0
0x0017c244	0x0017c1f8	CONDITIONAL_JUMP	0
0x0017c24b	0xStack[-0xc]	READ	1
0x0017c24f	0x001795f8	UNCONDITIONAL_CALL	0
0x0017c254	0xStack[-0xc]	READ	1
0x0017c257	0xStack[-0x24]	DATA	0
0x0017c267	0x001e0e12	DATA	0
0x0017c26c	0x0010ca6c	UNCONDITIONAL_CALL	0
0x0017c27b	0x001e0e27	DATA	0
0x0017c280	0x0010ca6c	UNCONDITIONAL_CALL	0
0x0017c291	0xStack[0x4]	READ	1
0x0017c299	0x0017c2ab	CONDITIONAL_JUMP	0
0x0017c29f	0x0017aeac	UNCONDITIONAL_CALL	0
0x0017c2a9	0x0017c29c	CONDITIONAL_JUMP	0
0x0017c2b3	0x0015a824	UNCONDITIONAL_CALL	0
0x0017c2b8	0xStack[-0xc]	DATA	0
0x0017c2cd	0xStack[0x8]	READ	1
0x0017c2d6	0xStack[-0x18]	WRITE	0
0x0017c2e1	0xStack[0x4]	READ	1
0x0017c2e8	0xStack[-0x18]	READ	1
0x0017c2ef	0x001013cc	UNCONDITIONAL_CALL	0
0x0017c2f6	0xStack[0x4]	READ	1
0x0017c301	0x001013cc	UNCONDITIONAL_CALL	0
0x0017c306	0xStack[-0x18]	READ	1
0x0017c30c	0xStack[0x4]	READ	1
0x0017c31a	0xStack[0x4]	READ	1
0x0017c323	0xStack[-0x18]	READ	1
0x0017c32a	0x001013cc	UNCONDITIONAL_CALL	0
0x0017c332	0xStack[0x4]	READ	1
0x0017c33b	0xStack[-0x18]	READ	1
0x0017c34a	0xStack[-0x18]	READ	1
0x0017c354	0xStack[0x4]	READ	1
0x0017c35e	0xStack[0x4]	READ	1
0x0017c367	0xStack[-0x18]	READ	1
0x0017c37b	0x0018be68	UNCONDITIONAL_CALL	0
0x0017c382	0xStack[0x8]	READ	1
0x0017c38c	0x0017c38a	CONDITIONAL_JUMP	0
0x0017c39a	0x0017c388	CONDITIONAL_JUMP	0
0x0017c39c	0xStack[-0x14]	DATA	0
0x0017c3a0	0xStack[-0xc]	DATA	0
0x0017c3a4	0xStack[0x8]	READ	1
0x0017c3a8	0x0016a280	UNCONDITIONAL_CALL	0
0x0017c3b2	0xStack[0x8]	READ	1
0x0017c3b9	0x0018b544	UNCONDITIONAL_CALL	0
0x0017c3be	0xStack[-0x14]	READ	1
0x0017c3c1	0xStack[0x4]	READ	1
0x0017c3ca	0xStack[-0x10]	READ	1
0x0017c3d3	0xStack[-0xc]	READ	1
0x0017c3dc	0xStack[-0x8]	READ	1
0x0017c3e5	0xStack[0x4]	READ	1
0x0017c3ee	0xStack[-0x18]	READ	1
0x0017c3ff	0xStack[-0x24]	DATA	0
0x0017c40f	0x001f7478	WRITE	0
0x0017c419	0x001f7474	WRITE	0
0x0017c42c	0x001e875c	READ	1
0x0017c434	0x00108310	UNCONDITIONAL_CALL	0
0x0017c43b	0x0017c4d9	CONDITIONAL_JUMP	0
0x0017c444	0x001f7478	READ	1
0x0017c44b	0x0017c449	CONDITIONAL_JUMP	0
0x0017c452	0x001f7478	READ_WRITE	0
0x0017c45d	0x0017c444	CONDITIONAL_JUMP	0
0x0017c45f	0x001f7474	READ	0
0x0017c466	0x0017c4d1	CONDITIONAL_JUMP	0
0x0017c468	0x001f7474	WRITE	0
0x0017c474	0x001f7478	READ_WRITE	0
0x0017c47d	0x0017c498	CONDITIONAL_JUMP	0
0x0017c47f	0x0015ed8c	UNCONDITIONAL_CALL	0
0x0017c484	0x001797c8	UNCONDITIONAL_CALL	0
0x0017c489	0x00140664	UNCONDITIONAL_CALL	0
0x0017c48e	0x0012f48c	UNCONDITIONAL_CALL	0
0x0017c493	0x00107400	UNCONDITIONAL_CALL	0
0x0017c49b	0x0017c4a2	CONDITIONAL_JUMP	0
0x0017c49d	0x0016b970	UNCONDITIONAL_CALL	0
0x0017c4a5	0x0017c4ac	CONDITIONAL_JUMP	0
0x0017c4a7	0x0016bad0	UNCONDITIONAL_CALL	0
0x0017c4ac	0x001f7478	READ	1
0x0017c4b3	0x0017c4b1	CONDITIONAL_JUMP	0
0x0017c4ba	0x001f7478	READ_WRITE	0
0x0017c4c5	0x0017c4ac	CONDITIONAL_JUMP	0
0x0017c4c7	0x001f7474	WRITE	0
0x0017c4d3	0x001f7478	READ_WRITE	0
0x0017c4d9	0xStack[-0x8]	READ	1
0x0017c4e5	0x001f64c0	DATA	0
0x0017c4ea	0x0015b54c	UNCONDITIONAL_CALL	0
0x0017c4fa	0xStack[0xc]	READ	1
0x0017c4fd	0xStack[0x14]	READ	1
0x0017c500	0xStack[0x4]	READ	0
0x0017c504	0x0017c510	CONDITIONAL_JUMP	0
0x0017c50b	0x0017c5ac	UNCONDITIONAL_JUMP	0
0x0017c510	0x001e89ec	READ	1
0x0017c517	0xStack[0x8]	READ	1
0x0017c51c	0x001e89ec	READ	1
0x0017c52a	0x001f64c0	DATA	0
0x0017c52f	0x0015b5d0	UNCONDITIONAL_CALL	0
0x0017c535	0x00179630	UNCONDITIONAL_CALL	0
0x0017c53c	0x001f651c	READ_WRITE	0
0x0017c547	0x0017c570	CONDITIONAL_JUMP	0
0x0017c54a	0x00178b80	UNCONDITIONAL_CALL	0
0x0017c556	0x0017c576	CONDITIONAL_JUMP	0
0x0017c55e	0x001795f8	UNCONDITIONAL_CALL	0
0x0017c565	0x001796ec	UNCONDITIONAL_CALL	0
0x0017c56d	0x0017c576	UNCONDITIONAL_JUMP	0
0x0017c570	0x001f6520	READ_WRITE	0
0x0017c576	0x001f64c0	DATA	0
0x0017c57b	0x0015b73c	UNCONDITIONAL_CALL	0
0x0017c584	0xStack[0x10]	READ	1
0x0017c589	0xStack[0x8]	READ	1
0x0017c58d	0xStack[0x18]	READ	1
0x0017c592	0xStack[0x4]	READ	1
0x0017c596	0x00174a90	UNCONDITIONAL_CALL	0
0x0017c5a2	0x0017c5aa	CONDITIONAL_JUMP	0
0x0017c5a5	0x00178c64	UNCONDITIONAL_CALL	0
0x0017c5ac	0xStack[-0x10]	DATA	0
0x0017c5be	0xStack[0x4]	READ	1
0x0017c5c1	0xStack[0x8]	READ	1
0x0017c5c4	0xStack[0xc]	READ	1
0x0017c5c7	0xStack[0x10]	READ	1
0x0017c5cc	0x0017c5d8	CONDITIONAL_JUMP	0
0x0017c5d3	0x0017c615	UNCONDITIONAL_JUMP	0
0x0017c5da	0x0017c5e8	CONDITIONAL_JUMP	0
0x0017c5e4	0x0017c615	UNCONDITIONAL_JUMP	0
0x0017c5ea	0x0017c5f4	CONDITIONAL_JUMP	0
0x0017c5f1	0x0017c5fd	UNCONDITIONAL_JUMP	0
0x0017c5f4	0x001e89ec	READ	1
0x0017c5fd	0x001e89ec	READ	1
0x0017c610	0x00174a90	UNCONDITIONAL_CALL	0
0x0017c615	0xStack[-0x10]	DATA	0
0x0017c624	0xStack[0x4]	READ	1
0x0017c627	0xStack[0x8]	READ	1
0x0017c62a	0xStack[0xc]	READ	1
0x0017c62f	0x0017c638	CONDITIONAL_JUMP	0
0x0017c636	0x0017c65a	UNCONDITIONAL_JUMP	0
0x0017c63a	0x0017c658	CONDITIONAL_JUMP	0
0x0017c63f	0x001e89ec	READ	1
0x0017c64f	0x001765ac	UNCONDITIONAL_CALL	0
0x0017c654	0x0017c65a	UNCONDITIONAL_JUMP	0
0x0017c65a	0xStack[-0x8]	READ	1
0x0017c669	0xStack[0x4]	READ	1
0x0017c66c	0xStack[0x8]	READ	1
0x0017c671	0x0017c694	CONDITIONAL_JUMP	0
0x0017c673	0xStack[0x10]	READ	1
0x0017c679	0xStack[0xc]	READ	1
0x0017c67c	0x001e89ec	READ	1
0x0017c68c	0x00175814	UNCONDITIONAL_CALL	0
0x0017c691	0x0017c699	UNCONDITIONAL_JUMP	0
0x0017c699	0xStack[-0xc]	DATA	0
0x0017c6a9	0xStack[0x4]	READ	1
0x0017c6ac	0xStack[0x8]	READ	1
0x0017c6b1	0x0017c6d8	CONDITIONAL_JUMP	0
0x0017c6b3	0xStack[0x10]	READ	1
0x0017c6b7	0xStack[0x14]	READ	1
0x0017c6bd	0xStack[0xc]	READ	1
0x0017c6c0	0x001e89ec	READ	1
0x0017c6d0	0x001752f8	UNCONDITIONAL_CALL	0
0x0017c6d5	0x0017c6dd	UNCONDITIONAL_JUMP	0
0x0017c6dd	0xStack[-0xc]	DATA	0
0x0017c6ed	0xStack[0x4]	READ	0
0x0017c6f1	0x0017c744	CONDITIONAL_JUMP	0
0x0017c6f3	0x001e0d0c	READ	1
0x0017c6f9	0x001f64f0	WRITE	0
0x0017c6ff	0x001f6e38	READ	1
0x0017c705	0x001f64f4	WRITE	0
0x0017c70b	0x001f6e34	READ	1
0x0017c711	0x001f64f8	WRITE	0
0x0017c717	0x001f64d8	READ	1
0x0017c71d	0x001f64fc	WRITE	0
0x0017c723	0x001f7470	READ	1
0x0017c729	0x001f6500	WRITE	0
0x0017c72f	0xStack[0x8]	READ	1
0x0017c732	0x001f64f0	DATA	1
0x0017c73d	0x001f64f0	READ	1
0x0017c73d	0x001f64f4	READ	1
0x0017c741	0x0017c749	UNCONDITIONAL_JUMP	0
0x0017c749	0xStack[-0xc]	DATA	0
0x0017c757	0xStack[0x4]	READ	1
0x0017c75c	0x0017c778	CONDITIONAL_JUMP	0
0x0017c75e	0xStack[0x14]	READ	1
0x0017c762	0xStack[0x10]	READ	1
0x0017c766	0xStack[0xc]	READ	1
0x0017c76a	0xStack[0x8]	READ	1
0x0017c76f	0x00178400	UNCONDITIONAL_CALL	0
0x0017c78d	0xStack[0x8]	READ	1
0x0017c790	0xStack[0xc]	READ	1
0x0017c793	0x001e89ec	READ	1
0x0017c7a0	0xStack[-0x10]	WRITE	0
0x0017c7a7	0x0017c7b2	CONDITIONAL_JUMP	0
0x0017c7b0	0x0017c7bc	CONDITIONAL_JUMP	0
0x0017c7b7	0x0017c87c	UNCONDITIONAL_JUMP	0
0x0017c7bc	0x001f6244	READ	1
0x0017c7c1	0xStack[-0x8]	DATA	0
0x0017c7c6	0x0017c7d4	CONDITIONAL_JUMP	0
0x0017c7c8	0xStack[-0x10]	WRITE	0
0x0017c7cf	0x0017c802	UNCONDITIONAL_JUMP	0
0x0017c7d6	0x0017c7e4	CONDITIONAL_JUMP	0
0x0017c7d8	0xStack[-0x8]	WRITE	0
0x0017c7df	0x0017c818	UNCONDITIONAL_JUMP	0
0x0017c7e7	0xStack[-0x8]	WRITE	0
0x0017c7f3	0x00174a90	UNCONDITIONAL_CALL	0
0x0017c7f8	0xStack[-0x10]	WRITE	0
0x0017c800	0x0017c818	CONDITIONAL_JUMP	0
0x0017c802	0xStack[-0x10]	READ	1
0x0017c806	0x001e0e3d	DATA	0
0x0017c80b	0x0010c0d8	UNCONDITIONAL_CALL	0
0x0017c815	0x0017c87c	UNCONDITIONAL_JUMP	0
0x0017c81e	0xStack[-0x8]	READ	1
0x0017c822	0xStack[0x4]	READ	1
0x0017c826	0x001f6244	READ	1
0x0017c82d	0x00176888	UNCONDITIONAL_CALL	0
0x0017c832	0xStack[-0x10]	WRITE	0
0x0017c83a	0x0017c84c	CONDITIONAL_JUMP	0
0x0017c83c	0xStack[-0x8]	READ	1
0x0017c83f	0xStack[0x10]	READ	1
0x0017c844	0xStack[0x14]	READ	1
0x0017c849	0x0017c879	UNCONDITIONAL_JUMP	0
0x0017c84c	0x001f6244	READ	1
0x0017c852	0xStack[-0x8]	READ	1
0x0017c855	0xStack[-0xc]	WRITE	0
0x0017c85a	0x0017c879	CONDITIONAL_JUMP	0
0x0017c85e	0x0017c879	CONDITIONAL_JUMP	0
0x0017c864	0x001e89ec	READ	1
0x0017c874	0x001765ac	UNCONDITIONAL_CALL	0
0x0017c879	0xStack[-0x10]	READ	1
0x0017c87c	0xStack[-0x1c]	DATA	0
0x0017c88e	0xStack[0x8]	READ	1
0x0017c891	0xStack[0x10]	READ	1
0x0017c894	0x001e89ec	READ	1
0x0017c8a7	0x0017c8b2	CONDITIONAL_JUMP	0
0x0017c8b0	0x0017c8bc	CONDITIONAL_JUMP	0
0x0017c8b7	0x0017c8d6	UNCONDITIONAL_JUMP	0
0x0017c8c0	0xStack[0xc]	READ	1
0x0017c8c6	0x001f6244	READ	1
0x0017c8cd	0xStack[0x4]	READ	1
0x0017c8d1	0x00176888	UNCONDITIONAL_CALL	0
0x0017c8d6	0xStack[-0x10]	DATA	0
0x0017c8e9	0xStack[0x8]	READ	1
0x0017c8ec	0xStack[0x10]	READ	1
0x0017c8ef	0x001e89ec	READ	1
0x0017c8fe	0xStack[-0x8]	WRITE	0
0x0017c903	0x0017c91c	CONDITIONAL_JUMP	0
0x0017c90e	0x0017c91c	CONDITIONAL_JUMP	0
0x0017c910	0xStack[0xc]	READ	1
0x0017c917	0xStack[0xc]	READ	0
0x0017c91a	0x0017c924	CONDITIONAL_JUMP	0
0x0017c921	0x0017c938	UNCONDITIONAL_JUMP	0
0x0017c928	0xStack[-0x8]	READ	1
0x0017c92e	0xStack[0x4]	READ	1
0x0017c933	0x00176888	UNCONDITIONAL_CALL	0
0x0017c938	0xStack[-0x14]	DATA	0
0x0017c947	0xStack[0x4]	READ	1
0x0017c94c	0x001f747c	READ	1
0x0017c953	0x0017c951	CONDITIONAL_JUMP	0
0x0017c95a	0x001f747c	READ_WRITE	0
0x0017c965	0x0017c94c	CONDITIONAL_JUMP	0
0x0017c96d	0x001f747c	READ_WRITE	0
0x0017c97b	0xStack[0x4]	READ	1
0x0017c980	0x001f747c	READ	1
0x0017c987	0x0017c985	CONDITIONAL_JUMP	0
0x0017c98e	0x001f747c	READ_WRITE	0
0x0017c999	0x0017c980	CONDITIONAL_JUMP	0
0x0017c9a1	0x001f747c	READ_WRITE	0
0x0017c9b9	0xStack[0x4]	READ	1
0x0017c9c0	0x0015b5d0	UNCONDITIONAL_CALL	0
0x0017c9cc	0x0017c9e0	CONDITIONAL_JUMP	0
0x0017c9cf	0x0015b73c	UNCONDITIONAL_CALL	0
0x0017c9d9	0x0017cab1	UNCONDITIONAL_JUMP	0
0x0017c9e7	0x0017c9ec	CONDITIONAL_JUMP	0
0x0017c9ef	0xStack[-0xc]	WRITE	0
0x0017c9fd	0x0017ca02	CONDITIONAL_JUMP	0
0x0017ca05	0xStack[-0xc]	READ	0
0x0017ca08	0x0017ca54	CONDITIONAL_JUMP	0
0x0017ca0d	0xStack[-0xc]	READ	1
0x0017ca14	0x0017ca4c	CONDITIONAL_JUMP	0
0x0017ca1c	0x0017ca21	CONDITIONAL_JUMP	0
0x0017ca26	0xStack[-0xc]	READ	1
0x0017ca30	0xStack[-0x8]	WRITE	0
0x0017ca3a	0xStack[-0x8]	READ	1
0x0017ca40	0x0017ca54	CONDITIONAL_JUMP	0
0x0017ca46	0x0017ca18	CONDITIONAL_JUMP	0
0x0017ca48	0x0017ca54	UNCONDITIONAL_JUMP	0
0x0017ca4c	0xStack[-0xc]	READ_WRITE	0
0x0017ca4f	0x0017c9f8	UNCONDITIONAL_JUMP	0
0x0017ca54	0xStack[-0xc]	READ	1
0x0017ca5d	0x0017ca6c	CONDITIONAL_JUMP	0
0x0017ca5f	0x001e0e5c	DATA	0
0x0017ca64	0x0010ca6c	UNCONDITIONAL_CALL	0
0x0017ca6f	0x0017ca74	CONDITIONAL_JUMP	0
0x0017ca78	0x0017ca7d	CONDITIONAL_JUMP	0
0x0017caaa	0x0015b73c	UNCONDITIONAL_CALL	0
0x0017cab1	0xStack[-0x18]	DATA	0
0x0017cac5	0xStack[0x4]	READ	0
0x0017cac9	0x0017cafb	CONDITIONAL_JUMP	0
0x0017cacb	0x001e7288	READ	1
0x0017cad0	0x001e7288	DATA	1
0x0017cad5	0x0017caf8	CONDITIONAL_JUMP	0
0x0017cad7	0x0017cc1f	UNCONDITIONAL_JUMP	0
0x0017cadf	0xStack[0x8]	READ	1
0x0017caf2	0x0017cc24	UNCONDITIONAL_JUMP	0
0x0017caf8	0xStack[0x4]	WRITE	0
0x0017cafb	0xStack[0x4]	READ	1
0x0017cb04	0x0015b5d0	UNCONDITIONAL_CALL	0
0x0017cb10	0x0017cb24	CONDITIONAL_JUMP	0
0x0017cb13	0x0015b73c	UNCONDITIONAL_CALL	0
0x0017cb1d	0x0017cbf5	UNCONDITIONAL_JUMP	0
0x0017cb2b	0x0017cb30	CONDITIONAL_JUMP	0
0x0017cb33	0xStack[-0xc]	WRITE	0
0x0017cb41	0x0017cb46	CONDITIONAL_JUMP	0
0x0017cb49	0xStack[-0xc]	READ	0
0x0017cb4c	0x0017cb98	CONDITIONAL_JUMP	0
0x0017cb51	0xStack[-0xc]	READ	1
0x0017cb58	0x0017cb90	CONDITIONAL_JUMP	0
0x0017cb60	0x0017cb65	CONDITIONAL_JUMP	0
0x0017cb6a	0xStack[-0xc]	READ	1
0x0017cb74	0xStack[-0x8]	WRITE	0
0x0017cb7e	0xStack[-0x8]	READ	1
0x0017cb84	0x0017cb98	CONDITIONAL_JUMP	0
0x0017cb8a	0x0017cb5c	CONDITIONAL_JUMP	0
0x0017cb8c	0x0017cb98	UNCONDITIONAL_JUMP	0
0x0017cb90	0xStack[-0xc]	READ_WRITE	0
0x0017cb93	0x0017cb3c	UNCONDITIONAL_JUMP	0
0x0017cb98	0xStack[-0xc]	READ	1
0x0017cba1	0x0017cbb0	CONDITIONAL_JUMP	0
0x0017cba3	0x001e0e5c	DATA	0
0x0017cba8	0x0010ca6c	UNCONDITIONAL_CALL	0
0x0017cbb3	0x0017cbb8	CONDITIONAL_JUMP	0
0x0017cbbc	0x0017cbc1	CONDITIONAL_JUMP	0
0x0017cbee	0x0015b73c	UNCONDITIONAL_CALL	0
0x0017cbfb	0x0017cadc	CONDITIONAL_JUMP	0
0x0017cc01	0x001e7288	DATA	1
0x0017cc07	0x0017cc14	CONDITIONAL_JUMP	0
0x0017cc09	0x001e7288	READ	1
0x0017cc0f	0x0017cc16	UNCONDITIONAL_JUMP	0
0x0017cc16	0xStack[0x4]	READ	0
0x0017cc19	0x0017cb00	CONDITIONAL_JUMP	0
0x0017cc24	0xStack[-0x18]	DATA	0
0x0017cc36	0xStack[0x4]	READ	1
0x0017cc39	0x001f7480	READ	1
0x0017cc40	0x0016b7a4	UNCONDITIONAL_CALL	0
0x0017cc4c	0x0017cc58	CONDITIONAL_JUMP	0
0x0017cc50	0x0017cd4d	UNCONDITIONAL_JUMP	0
0x0017cc58	0x001e89ec	READ	1
0x0017cc5d	0xStack[0x8]	READ	1
0x0017cc66	0x001f6ea4	READ	1
0x0017cc75	0x0017cc84	CONDITIONAL_JUMP	0
0x0017cc7e	0x0017cd05	UNCONDITIONAL_JUMP	0
0x0017cc8e	0x0017cca0	CONDITIONAL_JUMP	0
0x0017cc9c	0x0017cca1	UNCONDITIONAL_JUMP	0
0x0017cca1	0x0015a6ec	UNCONDITIONAL_CALL	0
0x0017ccb1	0x0017ccc8	CONDITIONAL_JUMP	0
0x0017ccb4	0x001f7480	READ	1
0x0017ccbb	0x0016b84c	UNCONDITIONAL_CALL	0
0x0017ccc2	0x0017cd4d	UNCONDITIONAL_JUMP	0
0x0017ccd5	0x0017ccf0	CONDITIONAL_JUMP	0
0x0017cce6	0x00101600	UNCONDITIONAL_CALL	0
0x0017cceb	0x0017cd05	UNCONDITIONAL_JUMP	0
0x0017ccf4	0x0017cd05	CONDITIONAL_JUMP	0
0x0017cd03	0x0017ccf8	CONDITIONAL_JUMP	0
0x0017cd24	0x001f747c	READ	1
0x0017cd2b	0x0017cd29	CONDITIONAL_JUMP	0
0x0017cd32	0x001f747c	READ_WRITE	0
0x0017cd3d	0x0017cd24	CONDITIONAL_JUMP	0
0x0017cd45	0x001f747c	READ_WRITE	0
0x0017cd4d	0xStack[-0x10]	DATA	0
0x0017cd61	0xStack[0x4]	READ	1
0x0017cd64	0x001f6ea4	READ	1
0x0017cd69	0xStack[0x8]	READ	1
0x0017cd70	0xStack[-0x8]	WRITE	0
0x0017cd78	0x0017cdb4	CONDITIONAL_JUMP	0
0x0017cd80	0x0017cda8	CONDITIONAL_JUMP	0
0x0017cd82	0xStack[-0x8]	READ	1
0x0017cd88	0xStack[-0x8]	READ	1
0x0017cd96	0x0017cdb4	CONDITIONAL_JUMP	0
0x0017cd9c	0x0017cdb4	CONDITIONAL_JUMP	0
0x0017cda1	0xStack[0x10]	READ	1
0x0017cda6	0x0017cdc3	UNCONDITIONAL_JUMP	0
0x0017cdab	0xStack[-0x8]	READ	1
0x0017cdb2	0x0017cdb8	CONDITIONAL_JUMP	0
0x0017cdb6	0x0017cdc8	UNCONDITIONAL_JUMP	0
0x0017cdb8	0xStack[-0x8]	READ	1
0x0017cdbe	0xStack[0x10]	READ	1
0x0017cdc8	0xStack[0xc]	READ	0
0x0017cdcc	0x0017cde0	CONDITIONAL_JUMP	0
0x0017cdd2	0x0017cdd9	CONDITIONAL_JUMP	0
0x0017cddb	0x0017d15c	UNCONDITIONAL_JUMP	0
0x0017cde2	0x0017ce9c	CONDITIONAL_JUMP	0
0x0017cde8	0xStack[0x10]	READ	1
0x0017cdee	0x001e7294	DATA	1
0x0017cdff	0x0017ce94	CONDITIONAL_JUMP	0
0x0017ce07	0x0017ce9c	CONDITIONAL_JUMP	0
0x0017ce10	0x001e7294	DATA	1
0x0017ce17	0xStack[-0x18]	WRITE	0
0x0017ce1f	0xStack[-0xc]	WRITE	0
0x0017ce23	0x0015b5d0	UNCONDITIONAL_CALL	0
0x0017ce2b	0xStack[-0x18]	READ	1
0x0017ce31	0x0017ce40	CONDITIONAL_JUMP	0
0x0017ce33	0x001e0e72	DATA	0
0x0017ce38	0x0010ca6c	UNCONDITIONAL_CALL	0
0x0017ce40	0xStack[-0x18]	READ	1
0x0017ce46	0x0017ce4b	CONDITIONAL_JUMP	0
0x0017ce4f	0x0017ce54	CONDITIONAL_JUMP	0
0x0017ce59	0xStack[-0x18]	READ	1
0x0017ce5f	0xStack[-0x1c]	WRITE	0
0x0017ce78	0xStack[-0x1c]	READ	1
0x0017ce7e	0xStack[-0x18]	READ	1
0x0017ce84	0xStack[-0xc]	READ	1
0x0017ce88	0x0015b73c	UNCONDITIONAL_CALL	0
0x0017ce90	0x0017ce9c	UNCONDITIONAL_JUMP	0
0x0017ce96	0x0017d15c	UNCONDITIONAL_JUMP	0
0x0017ce9c	0xStack[-0x8]	READ	1
0x0017cea5	0x0017d0ae	CONDITIONAL_JUMP	0
0x0017ceab	0xStack[-0x10]	WRITE	0
0x0017ceb4	0x0017d03c	CONDITIONAL_JUMP	0
0x0017cebc	0x0017cef0	CONDITIONAL_JUMP	0
0x0017cebe	0xStack[-0x8]	READ	1
0x0017cecb	0xStack[-0x18]	WRITE	0
0x0017cecf	0x0015a6ec	UNCONDITIONAL_CALL	0
0x0017cedb	0x0017d142	CONDITIONAL_JUMP	0
0x0017cee1	0xStack[-0x18]	READ	1
0x0017cee6	0x00101600	UNCONDITIONAL_CALL	0
0x0017ceeb	0x0017d0a2	UNCONDITIONAL_JUMP	0
0x0017cefa	0x0017cf90	CONDITIONAL_JUMP	0
0x0017cf00	0xStack[-0x8]	READ	1
0x0017cf0d	0xStack[-0x18]	WRITE	0
0x0017cf1d	0xStack[-0x18]	READ	0
0x0017cf20	0x0017d0a8	CONDITIONAL_JUMP	0
0x0017cf26	0xStack[-0x18]	READ	1
0x0017cf2a	0x0015a6ec	UNCONDITIONAL_CALL	0
0x0017cf36	0x0017d142	CONDITIONAL_JUMP	0
0x0017cf3c	0xStack[-0x18]	READ	1
0x0017cf41	0x00101600	UNCONDITIONAL_CALL	0
0x0017cf50	0xStack[-0x14]	WRITE	0
0x0017cf5a	0x0017cf78	CONDITIONAL_JUMP	0
0x0017cf5f	0xStack[-0x14]	READ	1
0x0017cf69	0xStack[-0x14]	WRITE	0
0x0017cf76	0x0017cf5c	CONDITIONAL_JUMP	0
0x0017cf8b	0x0017d09d	UNCONDITIONAL_JUMP	0
0x0017cf90	0xStack[-0x8]	READ	1
0x0017cf9d	0xStack[-0x18]	WRITE	0
0x0017cfa1	0x0015a6ec	UNCONDITIONAL_CALL	0
0x0017cfad	0x0017d142	CONDITIONAL_JUMP	0
0x0017cfb3	0xStack[-0x18]	READ	1
0x0017cfb8	0x00101600	UNCONDITIONAL_CALL	0
0x0017cfbf	0x0015a6ec	UNCONDITIONAL_CALL	0
0x0017cfcb	0x0017cfe4	CONDITIONAL_JUMP	0
0x0017cfcd	0xStack[-0x18]	READ	1
0x0017cfd2	0x0015a824	UNCONDITIONAL_CALL	0
0x0017cfdc	0x0017d15c	UNCONDITIONAL_JUMP	0
0x0017cfe4	0xStack[-0x14]	WRITE	0
0x0017cfeb	0xStack[-0x14]	READ	1
0x0017cff1	0x0017d00b	CONDITIONAL_JUMP	0
0x0017cff9	0xStack[-0x14]	READ	1
0x0017d003	0xStack[-0x14]	WRITE	0
0x0017d009	0x0017cff4	CONDITIONAL_JUMP	0
0x0017d00e	0xStack[-0x14]	WRITE	0
0x0017d014	0x0017d02a	CONDITIONAL_JUMP	0
0x0017d01a	0xStack[-0x14]	READ	1
0x0017d022	0xStack[-0x14]	WRITE	0
0x0017d028	0x0017d018	CONDITIONAL_JUMP	0
0x0017d039	0x0017d09d	UNCONDITIONAL_JUMP	0
0x0017d03d	0x0015a6ec	UNCONDITIONAL_CALL	0
0x0017d049	0x0017d142	CONDITIONAL_JUMP	0
0x0017d04f	0xStack[-0x14]	WRITE	0
0x0017d056	0xStack[-0x14]	READ	1
0x0017d05c	0x0017d075	CONDITIONAL_JUMP	0
0x0017d063	0xStack[-0x14]	READ	1
0x0017d06d	0xStack[-0x14]	WRITE	0
0x0017d073	0x0017d060	CONDITIONAL_JUMP	0
0x0017d078	0x0017d084	UNCONDITIONAL_JUMP	0
0x0017d07c	0xStack[-0x14]	READ	1
0x0017d084	0xStack[-0x14]	WRITE	0
0x0017d087	0xStack[-0x10]	READ	1
0x0017d08c	0x0017d07c	CONDITIONAL_JUMP	0
0x0017d093	0x0017d0a5	CONDITIONAL_JUMP	0
0x0017d09d	0x0015a824	UNCONDITIONAL_CALL	0
0x0017d0a8	0xStack[-0x10]	READ	1
0x0017d0bb	0x0017d130	CONDITIONAL_JUMP	0
0x0017d0bd	0xStack[-0x8]	READ	1
0x0017d0c3	0xStack[-0x8]	READ	1
0x0017d0c9	0xStack[-0x18]	WRITE	0
0x0017d0d3	0x0017d10e	CONDITIONAL_JUMP	0
0x0017d0d7	0x0015a6ec	UNCONDITIONAL_CALL	0
0x0017d0ee	0x0017d142	CONDITIONAL_JUMP	0
0x0017d0f0	0xStack[-0x14]	WRITE	0
0x0017d0fe	0xStack[-0x14]	READ	1
0x0017d106	0xStack[-0x14]	WRITE	0
0x0017d10c	0x0017d0f8	CONDITIONAL_JUMP	0
0x0017d10e	0xStack[0x10]	READ	1
0x0017d116	0x0017cabc	UNCONDITIONAL_CALL	0
0x0017d11e	0x0017d142	CONDITIONAL_JUMP	0
0x0017d126	0xStack[0x10]	READ	1
0x0017d12b	0xStack[-0x18]	READ	1
0x0017d12e	0x0017d157	UNCONDITIONAL_JUMP	0
0x0017d130	0xStack[0x10]	READ	1
0x0017d138	0x0017cabc	UNCONDITIONAL_CALL	0
0x0017d140	0x0017d14c	CONDITIONAL_JUMP	0
0x0017d147	0x0017d15c	UNCONDITIONAL_JUMP	0
0x0017d14f	0xStack[0x10]	READ	1
0x0017d154	0xStack[-0x8]	READ	1
0x0017d15c	0xStack[-0x28]	DATA	0
0x0017d16d	0xStack[0x4]	READ	1
0x0017d170	0x001f7480	READ	1
0x0017d177	0x0016b790	UNCONDITIONAL_CALL	0
0x0017d183	0x0017d18c	CONDITIONAL_JUMP	0
0x0017d187	0x0017d1d9	UNCONDITIONAL_JUMP	0
0x0017d18f	0x00101600	UNCONDITIONAL_CALL	0
0x0017d1b0	0x001f747c	READ	1
0x0017d1b7	0x0017d1b5	CONDITIONAL_JUMP	0
0x0017d1be	0x001f747c	READ_WRITE	0
0x0017d1c9	0x0017d1b0	CONDITIONAL_JUMP	0
0x0017d1d1	0x001f747c	READ_WRITE	0
0x0017d1d9	0xStack[-0xc]	DATA	0
0x0017d1e9	0xStack[0x4]	READ	1
0x0017d1ec	0xStack[0x8]	READ	0
0x0017d1f0	0x0017d1f6	CONDITIONAL_JUMP	0
0x0017d1fb	0x0017d2a5	CONDITIONAL_JUMP	0
0x0017d201	0x001e7288	READ	1
0x0017d206	0x001e7288	DATA	1
0x0017d20b	0x0017d222	CONDITIONAL_JUMP	0
0x0017d213	0x0017d2c4	CONDITIONAL_JUMP	0
0x0017d21b	0x001e7288	DATA	1
0x0017d220	0x0017d210	CONDITIONAL_JUMP	0
0x0017d222	0x001f7480	READ	1
0x0017d229	0x0016b790	UNCONDITIONAL_CALL	0
0x0017d235	0x0017d287	CONDITIONAL_JUMP	0
0x0017d23a	0x00101600	UNCONDITIONAL_CALL	0
0x0017d260	0x001f747c	READ	1
0x0017d267	0x0017d265	CONDITIONAL_JUMP	0
0x0017d26e	0x001f747c	READ_WRITE	0
0x0017d279	0x0017d260	CONDITIONAL_JUMP	0
0x0017d281	0x001f747c	READ_WRITE	0
0x0017d287	0xStack[0xc]	READ	0
0x0017d28b	0x0017d2a5	CONDITIONAL_JUMP	0
0x0017d294	0x00179630	UNCONDITIONAL_CALL	0
0x0017d29d	0x00179170	UNCONDITIONAL_CALL	0
0x0017d2a5	0x001f7480	READ	1
0x0017d2ac	0x0016b790	UNCONDITIONAL_CALL	0
0x0017d2b2	0x001f7480	READ	1
0x0017d2b9	0x0016b84c	UNCONDITIONAL_CALL	0
0x0017d2c2	0x0017d2c6	UNCONDITIONAL_JUMP	0
0x0017d2c6	0xStack[-0xc]	DATA	0
0x0017d2db	0xStack[0x4]	READ	1
0x0017d2e4	0x001f747c	READ	1
0x0017d2eb	0x0017d2e9	CONDITIONAL_JUMP	0
0x0017d2f2	0x001f747c	READ_WRITE	0
0x0017d2fd	0x0017d2e4	CONDITIONAL_JUMP	0
0x0017d305	0x001f747c	READ_WRITE	0
0x0017d30e	0xStack[0x4]	READ	1
0x0017d31e	0x0017d362	CONDITIONAL_JUMP	0
0x0017d320	0xStack[-0x8]	DATA	0
0x0017d328	0xStack[-0xc]	WRITE	0
0x0017d32b	0x0017cd58	UNCONDITIONAL_CALL	0
0x0017d333	0xStack[-0xc]	READ	1
0x0017d339	0x0017d344	CONDITIONAL_JUMP	0
0x0017d340	0x0017d362	UNCONDITIONAL_JUMP	0
0x0017d344	0xStack[-0x8]	READ	1
0x0017d34a	0x001f6ea4	READ	1
0x0017d354	0xStack[-0x8]	READ	1
0x0017d358	0x001e7294	DATA	1
0x0017d365	0x0017d388	CONDITIONAL_JUMP	0
0x0017d36b	0xStack[0x4]	READ	1
0x0017d377	0xStack[0x8]	READ	0
0x0017d37b	0x0017d388	CONDITIONAL_JUMP	0
0x0017d382	0xStack[0x8]	READ	1
0x0017d388	0x001f747c	READ	1
0x0017d38f	0x0017d38d	CONDITIONAL_JUMP	0
0x0017d396	0x001f747c	READ_WRITE	0
0x0017d3a1	0x0017d388	CONDITIONAL_JUMP	0
0x0017d3a9	0x001f747c	READ_WRITE	0
0x0017d3b1	0xStack[-0x18]	DATA	0
0x0017d3c5	0xStack[0x4]	READ	1
0x0017d3d0	0x001f747c	READ	1
0x0017d3d7	0x0017d3d5	CONDITIONAL_JUMP	0
0x0017d3de	0x001f747c	READ_WRITE	0
0x0017d3e9	0x0017d3d0	CONDITIONAL_JUMP	0
0x0017d3f1	0x001f747c	READ_WRITE	0
0x0017d3fa	0xStack[0x4]	READ	1
0x0017d406	0x001e0d0c	READ	1
0x0017d40c	0xStack[-0x10]	WRITE	0
0x0017d413	0x0017d43b	CONDITIONAL_JUMP	0
0x0017d415	0xStack[-0x10]	READ	1
0x0017d421	0x0017d435	CONDITIONAL_JUMP	0
0x0017d425	0x0017d430	CONDITIONAL_JUMP	0
0x0017d427	0xStack[-0x10]	WRITE	0
0x0017d42e	0x0017d435	UNCONDITIONAL_JUMP	0
0x0017d432	0xStack[-0x10]	WRITE	0
0x0017d439	0x0017d4b4	CONDITIONAL_JUMP	0
0x0017d43b	0xStack[-0x8]	DATA	0
0x0017d443	0x0017cd58	UNCONDITIONAL_CALL	0
0x0017d44e	0x0017d484	CONDITIONAL_JUMP	0
0x0017d450	0x001f747c	READ	1
0x0017d457	0x0017d455	CONDITIONAL_JUMP	0
0x0017d45e	0x001f747c	READ_WRITE	0
0x0017d469	0x0017d450	CONDITIONAL_JUMP	0
0x0017d471	0x001f747c	READ_WRITE	0
0x0017d47c	0x0017d525	UNCONDITIONAL_JUMP	0
0x0017d484	0xStack[-0x8]	READ	1
0x0017d48a	0x001f6ea4	READ	1
0x0017d494	0xStack[-0x8]	READ	1
0x0017d498	0x001e7294	DATA	1
0x0017d4a2	0xStack[-0x10]	READ	1
0x0017d4a7	0xStack[-0xc]	WRITE	0
0x0017d4af	0x0017d4b4	CONDITIONAL_JUMP	0
0x0017d4b4	0xStack[-0x10]	READ	0
0x0017d4b8	0x0017d4d8	CONDITIONAL_JUMP	0
0x0017d4be	0xStack[-0x10]	READ	1
0x0017d4c2	0xStack[0x4]	READ	1
0x0017d4d4	0x0017d4da	UNCONDITIONAL_JUMP	0
0x0017d4dc	0x0017d4f0	CONDITIONAL_JUMP	0
0x0017d4de	0xStack[0x4]	READ	1
0x0017d4e9	0x001914dc	UNCONDITIONAL_CALL	0
0x0017d4ee	0x0017d4fc	UNCONDITIONAL_JUMP	0
0x0017d4f0	0x001e0e8a	DATA	0
0x0017d4f5	0x0010c0d8	UNCONDITIONAL_CALL	0
0x0017d4fc	0x001f747c	READ	1
0x0017d503	0x0017d501	CONDITIONAL_JUMP	0
0x0017d50a	0x001f747c	READ_WRITE	0
0x0017d515	0x0017d4fc	CONDITIONAL_JUMP	0
0x0017d51d	0x001f747c	READ_WRITE	0
0x0017d525	0xStack[-0x1c]	DATA	0
0x0017d537	0xStack[0x4]	READ	1
0x0017d53c	0x0017d54b	CONDITIONAL_JUMP	0
0x0017d53e	0x001e0ea2	DATA	0
0x0017d543	0x0010ca6c	UNCONDITIONAL_CALL	0
0x0017d54f	0x0017d574	CONDITIONAL_JUMP	0
0x0017d551	0xStack[-0x8]	DATA	0
0x0017d557	0xStack[0x8]	READ	1
0x0017d55c	0x0017cd58	UNCONDITIONAL_CALL	0
0x0017d564	0x0017d56c	CONDITIONAL_JUMP	0
0x0017d568	0x0017d57e	UNCONDITIONAL_JUMP	0
0x0017d571	0x0017d57e	UNCONDITIONAL_JUMP	0
0x0017d574	0x001e0ec0	DATA	0
0x0017d579	0x0010ca6c	UNCONDITIONAL_CALL	0
0x0017d57e	0xStack[-0xc]	READ	1
0x0017d594	0xStack[0x4]	READ	1
0x0017d59d	0xStack[0x8]	READ	1
0x0017d5a1	0x0015eae8	UNCONDITIONAL_CALL	0
0x0017d5af	0x0017d5bc	CONDITIONAL_JUMP	0
0x0017d5b6	0x0017d76b	UNCONDITIONAL_JUMP	0
0x0017d5bc	0x001e8758	READ	1
0x0017d5c4	0xStack[-0x90]	WRITE	0
0x0017d5ca	0xStack[0x8]	READ	1
0x0017d5d0	0xStack[-0x90]	READ	1
0x0017d5d7	0xStack[-0x44]	DATA	0
0x0017d5e1	0xStack[-0x2c]	READ	1
0x0017d5e7	0xStack[0xc]	READ	0
0x0017d5ea	0x0017d611	CONDITIONAL_JUMP	0
0x0017d5ed	0x0011ea88	UNCONDITIONAL_CALL	0
0x0017d5f2	0xStack[0xc]	READ	1
0x0017d5f5	0xStack[-0x2c]	WRITE	0
0x0017d5f8	0xStack[0x8]	READ	1
0x0017d60b	0x0017d76b	CONDITIONAL_JUMP	0
0x0017d611	0xStack[0x8]	READ	1
0x0017d61b	0x0015a75c	UNCONDITIONAL_CALL	0
0x0017d629	0xStack[-0x90]	READ	1
0x0017d645	0x001e89ec	READ	1
0x0017d64a	0xStack[0xc]	READ	1
0x0017d653	0x001f6ea4	READ	1
0x0017d662	0xStack[0x10]	READ	0
0x0017d666	0x0017d6a2	CONDITIONAL_JUMP	0
0x0017d66e	0xStack[-0x84]	DATA	0
0x0017d67d	0x0017d698	CONDITIONAL_JUMP	0
0x0017d682	0xStack[-0x8c]	WRITE	0
0x0017d688	0x0015a824	UNCONDITIONAL_CALL	0
0x0017d68d	0xStack[-0x8c]	READ	1
0x0017d693	0x0017d76b	UNCONDITIONAL_JUMP	0
0x0017d698	0xStack[-0x7c]	READ	1
0x0017d69b	0xStack[-0x80]	READ	1
0x0017d69f	0xStack[0x10]	WRITE	0
0x0017d6a2	0x001f6ea4	READ	1
0x0017d6a8	0xStack[0x10]	READ	1
0x0017d6bb	0x0017d6c0	CONDITIONAL_JUMP	0
0x0017d6c4	0x0015a75c	UNCONDITIONAL_CALL	0
0x0017d6d4	0x0017d70a	CONDITIONAL_JUMP	0
0x0017d6dc	0x0017d6e1	CONDITIONAL_JUMP	0
0x0017d708	0x0017d6d8	CONDITIONAL_JUMP	0
0x0017d71e	0x0015b54c	UNCONDITIONAL_CALL	0
0x0017d723	0x001e728c	READ	1
0x0017d728	0x001e7288	DATA	1
0x0017d72d	0x0017d738	CONDITIONAL_JUMP	0
0x0017d72f	0x001e7288	WRITE	0
0x0017d735	0x0017d73a	UNCONDITIONAL_JUMP	0
0x0017d73d	0x001e7288	DATA	1
0x0017d743	0x001e728c	WRITE	0
0x0017d749	0x001e7290	READ_WRITE	0
0x0017d74f	0x001e7290	READ	1
0x0017d758	0x001e7290	READ	1
0x0017d75d	0x001e7294	DATA	0
0x0017d764	0xStack[0x4]	READ	1
0x0017d76b	0xStack[-0x9c]	DATA	0
0x0017d77c	0x001e7288	READ	0
0x0017d77c	0x001e7288	READ	1
0x0017d786	0x0017d7d8	CONDITIONAL_JUMP	0
0x0017d788	0x001e7288	READ	1
0x0017d792	0x0011df54	UNCONDITIONAL_CALL	0
0x0017d79f	0x001e7288	DATA	1
0x0017d7a5	0x0017d7b0	CONDITIONAL_JUMP	0
0x0017d7a7	0x001e728c	WRITE	0
0x0017d7ac	0x0017d7b3	UNCONDITIONAL_JUMP	0
0x0017d7b3	0x001e7288	DATA	1
0x0017d7b8	0x0017d7c4	CONDITIONAL_JUMP	0
0x0017d7ba	0x001e7288	WRITE	0
0x0017d7c0	0x0017d7c6	UNCONDITIONAL_JUMP	0
0x0017d7c6	0x001e7290	READ_WRITE	0
0x0017d7cc	0x001e7288	READ	0
0x0017d7cc	0x001e7288	READ	1
0x0017d7d6	0x0017d788	CONDITIONAL_JUMP	0
0x0017d7d8	0xStack[-0x8]	READ	1
0x0017d7e9	0x00108310	UNCONDITIONAL_CALL	0
0x0017d7f0	0x0017d7fc	CONDITIONAL_JUMP	0
0x0017d7f7	0x0017d907	UNCONDITIONAL_JUMP	0
0x0017d7fc	0x001e875c	READ	1
0x0017d805	0xStack[-0x14]	WRITE	0
0x0017d80c	0xStack[-0x10]	DATA	0
0x0017d812	0xStack[0x4]	READ	1
0x0017d816	0x0011c9a0	UNCONDITIONAL_CALL	0
0x0017d822	0x0017d830	CONDITIONAL_JUMP	0
0x0017d829	0x0017d907	UNCONDITIONAL_JUMP	0
0x0017d830	0xStack[-0x8]	READ	1
0x0017d836	0xStack[-0x1c]	WRITE	0
0x0017d83a	0x0015a75c	UNCONDITIONAL_CALL	0
0x0017d842	0xStack[-0xc]	READ	1
0x0017d847	0x00101bc0	UNCONDITIONAL_CALL	0
0x0017d84c	0xStack[-0x1c]	READ	1
0x0017d854	0xStack[-0x14]	DATA	0
0x0017d85d	0x0011c13c	UNCONDITIONAL_CALL	0
0x0017d868	0x0011cb84	UNCONDITIONAL_CALL	0
0x0017d872	0x0017d8e7	CONDITIONAL_JUMP	0
0x0017d874	0xStack[-0x14]	READ	1
0x0017d87b	0x0017d884	CONDITIONAL_JUMP	0
0x0017d882	0x0017d8e7	UNCONDITIONAL_JUMP	0
0x0017d884	0x001e7288	READ	1
0x0017d889	0xStack[-0x18]	WRITE	0
0x0017d88c	0x001e7288	DATA	1
0x0017d891	0x0017d8b8	CONDITIONAL_JUMP	0
0x0017d894	0xStack[-0x18]	READ	1
0x0017d89a	0x0017d8a8	CONDITIONAL_JUMP	0
0x0017d89e	0xStack[-0x18]	WRITE	0
0x0017d8a1	0x001e7288	DATA	1
0x0017d8a6	0x0017d894	CONDITIONAL_JUMP	0
0x0017d8a8	0x001e7288	DATA	1
0x0017d8a8	0xStack[-0x18]	READ	0
0x0017d8af	0x0017d8b8	CONDITIONAL_JUMP	0
0x0017d8b6	0x0017d8e7	UNCONDITIONAL_JUMP	0
0x0017d8b8	0xStack[0x10]	READ	1
0x0017d8bc	0xStack[0xc]	READ	1
0x0017d8c0	0xStack[-0x14]	READ	1
0x0017d8c4	0xStack[-0x18]	DATA	0
0x0017d8c8	0x0017d588	UNCONDITIONAL_CALL	0
0x0017d8d4	0x0017d8e7	CONDITIONAL_JUMP	0
0x0017d8d6	0xStack[-0x18]	READ	1
0x0017d8d9	0xStack[0x8]	READ	1
0x0017d8e7	0xStack[-0x14]	READ	1
0x0017d8ec	0x0017d8f7	CONDITIONAL_JUMP	0
0x0017d8ef	0x0011df54	UNCONDITIONAL_CALL	0
0x0017d8f9	0x0017d905	CONDITIONAL_JUMP	0
0x0017d8fb	0xStack[-0x1c]	READ	1
0x0017d900	0x0015a824	UNCONDITIONAL_CALL	0
0x0017d907	0xStack[-0x28]	DATA	0
0x0017d921	0x001e7290	READ	1
0x0017d92a	0x0017d980	CONDITIONAL_JUMP	0
0x0017d930	0x001e7288	READ	1
0x0017d935	0x001e7288	DATA	1
0x0017d93a	0x0017d973	CONDITIONAL_JUMP	0
0x0017d94a	0x0017d952	CONDITIONAL_JUMP	0
0x0017d950	0x0017d96a	CONDITIONAL_JUMP	0
0x0017d954	0x0017d95f	CONDITIONAL_JUMP	0
0x0017d956	0x001de480	DATA	1
0x0017d95d	0x0017d96a	CONDITIONAL_JUMP	0
0x0017d964	0x0017d96a	CONDITIONAL_JUMP	0
0x0017d96c	0x001e7288	DATA	1
0x0017d971	0x0017d944	CONDITIONAL_JUMP	0
0x0017d975	0x0017d98b	CONDITIONAL_JUMP	0
0x0017d97b	0x0017d930	CONDITIONAL_JUMP	0
0x0017d97d	0x0017d98b	UNCONDITIONAL_JUMP	0
0x0017d983	0x0017d98b	CONDITIONAL_JUMP	0
0x0017d985	0x001e7288	READ	1
0x0017d98d	0xStack[-0x50]	DATA	0
0x0017d9a1	0xStack[-0x48]	WRITE	0
0x0017d9aa	0xStack[-0x4c]	WRITE	0
0x0017d9b1	0x001e7290	READ	1
0x0017d9ba	0x0017da14	CONDITIONAL_JUMP	0
0x0017d9c0	0x001e7288	READ	1
0x0017d9c6	0x001e7288	DATA	1
0x0017d9cc	0x0017da06	CONDITIONAL_JUMP	0
0x0017d9da	0x0017d9e2	CONDITIONAL_JUMP	0
0x0017d9e0	0x0017d9fc	CONDITIONAL_JUMP	0
0x0017d9e4	0x0017d9ef	CONDITIONAL_JUMP	0
0x0017d9e6	0x001de480	DATA	1
0x0017d9ed	0x0017d9fc	CONDITIONAL_JUMP	0
0x0017d9f2	0xStack[-0x4c]	READ	0
0x0017d9f5	0x0017d9fc	CONDITIONAL_JUMP	0
0x0017d9f7	0xStack[-0x4c]	WRITE	0
0x0017d9fe	0x001e7288	DATA	1
0x0017da04	0x0017d9d4	CONDITIONAL_JUMP	0
0x0017da08	0x0017da1f	CONDITIONAL_JUMP	0
0x0017da0e	0x0017d9c0	CONDITIONAL_JUMP	0
0x0017da10	0x0017da1f	UNCONDITIONAL_JUMP	0
0x0017da17	0x0017da1f	CONDITIONAL_JUMP	0
0x0017da19	0x001e7288	READ	1
0x0017da23	0x0017db46	CONDITIONAL_JUMP	0
0x0017da29	0x001f7480	READ	1
0x0017da30	0x0016b7a4	UNCONDITIONAL_CALL	0
0x0017da3c	0x0017da4c	CONDITIONAL_JUMP	0
0x0017da3e	0xStack[-0x48]	WRITE	0
0x0017da45	0x0017db46	UNCONDITIONAL_JUMP	0
0x0017da4c	0x001e89ec	READ	1
0x0017da51	0xStack[0x4]	READ	1
0x0017da5a	0x001f6ea4	READ	1
0x0017da69	0x0017da78	CONDITIONAL_JUMP	0
0x0017da72	0x0017dafd	UNCONDITIONAL_JUMP	0
0x0017da82	0x0017da94	CONDITIONAL_JUMP	0
0x0017da90	0x0017da95	UNCONDITIONAL_JUMP	0
0x0017da95	0x0015a6ec	UNCONDITIONAL_CALL	0
0x0017daa5	0x0017dac0	CONDITIONAL_JUMP	0
0x0017daa8	0x001f7480	READ	1
0x0017daaf	0x0016b84c	UNCONDITIONAL_CALL	0
0x0017dab4	0xStack[-0x48]	WRITE	0
0x0017dabb	0x0017db46	UNCONDITIONAL_JUMP	0
0x0017dacd	0x0017dae8	CONDITIONAL_JUMP	0
0x0017dade	0x00101600	UNCONDITIONAL_CALL	0
0x0017dae3	0x0017dafd	UNCONDITIONAL_JUMP	0
0x0017daec	0x0017dafd	CONDITIONAL_JUMP	0
0x0017dafb	0x0017daf0	CONDITIONAL_JUMP	0
0x0017db1c	0x001f747c	READ	1
0x0017db23	0x0017db21	CONDITIONAL_JUMP	0
0x0017db2a	0x001f747c	READ_WRITE	0
0x0017db35	0x0017db1c	CONDITIONAL_JUMP	0
0x0017db3d	0x001f747c	READ_WRITE	0
0x0017db43	0xStack[-0x48]	WRITE	0
0x0017db46	0xStack[-0x48]	READ	1
0x0017db49	0xStack[-0x58]	DATA	0
0x0017db5d	0xStack[0x4]	READ	1
0x0017db63	0x001e7294	DATA	1
0x0017db6d	0xStack[-0x48]	WRITE	0
0x0017db78	0x0017dc68	CONDITIONAL_JUMP	0
0x0017db7e	0x001dd7b8	READ	0
0x0017db85	0x0017dc68	CONDITIONAL_JUMP	0
0x0017db8f	0x0015b5d0	UNCONDITIONAL_CALL	0
0x0017db9a	0x0017dbc0	CONDITIONAL_JUMP	0
0x0017dba0	0x0017dba5	CONDITIONAL_JUMP	0
0x0017dbbb	0x0017dbf4	CONDITIONAL_JUMP	0
0x0017dbbe	0x0017db9c	CONDITIONAL_JUMP	0
0x0017dbc4	0xStack[-0x4c]	WRITE	0
0x0017dbcc	0x0017dc5f	CONDITIONAL_JUMP	0
0x0017dbd4	0x0017dc5f	CONDITIONAL_JUMP	0
0x0017dbda	0xStack[-0x48]	READ	1
0x0017dbdf	0x001f6ea4	READ	1
0x0017dbed	0x0017dbfc	CONDITIONAL_JUMP	0
0x0017dbef	0x0017dc5f	UNCONDITIONAL_JUMP	0
0x0017dbf7	0x0017dbc0	UNCONDITIONAL_JUMP	0
0x0017dbfc	0xStack[-0x44]	DATA	0
0x0017dc00	0x0011ea88	UNCONDITIONAL_CALL	0
0x0017dc05	0x001f6ea4	READ	1
0x0017dc0a	0xStack[-0x4c]	READ	1
0x0017dc11	0xStack[-0x2c]	WRITE	0
0x0017dc14	0x001e8758	READ	1
0x0017dc1d	0xStack[-0x4c]	WRITE	0
0x0017dc20	0xStack[-0x48]	READ	1
0x0017dc40	0x0017dc54	CONDITIONAL_JUMP	0
0x0017dc47	0x001e0eeb	DATA	0
0x0017dc4c	0x0010c0d8	UNCONDITIONAL_CALL	0
0x0017dc54	0x001e8758	READ	1
0x0017dc59	0xStack[-0x4c]	READ	1
0x0017dc63	0x0015b73c	UNCONDITIONAL_CALL	0
0x0017dc68	0xStack[-0x58]	DATA	0
0x0017dc7d	0xStack[0x4]	READ	1
0x0017dc80	0xStack[-0x48]	WRITE	0
0x0017dc84	0x001f747c	READ	1
0x0017dc8b	0x0017dc89	CONDITIONAL_JUMP	0
0x0017dc92	0x001f747c	READ_WRITE	0
0x0017dc9d	0x0017dc84	CONDITIONAL_JUMP	0
0x0017dc9f	0xStack[-0x48]	READ	1
0x0017dca8	0x001f747c	READ_WRITE	0
0x0017dcb1	0x001e0e58	WRITE	0
0x0017dcbf	0x0017df8c	CONDITIONAL_JUMP	0
0x0017dcc8	0xStack[-0x50]	WRITE	0
0x0017dcd8	0x0017de58	CONDITIONAL_JUMP	0
0x0017dce4	0xStack[-0x54]	WRITE	0
0x0017dcee	0x0017de42	CONDITIONAL_JUMP	0
0x0017dcf4	0xStack[-0x48]	READ	1
0x0017dcfa	0xStack[-0x54]	READ	1
0x0017dd01	0x0017de2b	CONDITIONAL_JUMP	0
0x0017dd07	0xStack[-0x58]	WRITE	0
0x0017dd10	0xStack[-0x48]	READ	1
0x0017dd16	0xStack[-0x54]	READ	1
0x0017dd1c	0xStack[-0x58]	READ	1
0x0017dd24	0x0017dd97	CONDITIONAL_JUMP	0
0x0017dd29	0x001e7294	DATA	1
0x0017dd38	0xStack[-0x64]	WRITE	0
0x0017dd3c	0x0015b5d0	UNCONDITIONAL_CALL	0
0x0017dd47	0x0017dd56	CONDITIONAL_JUMP	0
0x0017dd49	0x001e0e72	DATA	0
0x0017dd4e	0x0010ca6c	UNCONDITIONAL_CALL	0
0x0017dd59	0x0017dd5e	CONDITIONAL_JUMP	0
0x0017dd62	0x0017dd67	CONDITIONAL_JUMP	0
0x0017dd8b	0xStack[-0x64]	READ	1
0x0017dd8f	0x0015b73c	UNCONDITIONAL_CALL	0
0x0017dd97	0xStack[-0x48]	READ	1
0x0017dd9d	0xStack[-0x54]	READ	1
0x0017dda3	0xStack[-0x58]	READ	1
0x0017ddab	0x0017de07	CONDITIONAL_JUMP	0
0x0017ddaf	0x001e0e58	READ	1
0x0017ddb6	0x0017ddf5	CONDITIONAL_JUMP	0
0x0017ddbd	0x001e72d4	DATA	1
0x0017ddbd	0xStack[-0x64]	WRITE	0
0x0017ddc4	0xStack[-0x64]	READ	1
0x0017ddc7	0x001e72d4	READ	0
0x0017ddc7	0x001e72d8	READ	0
0x0017ddc9	0x0017ddec	CONDITIONAL_JUMP	0
0x0017ddcb	0x001e72d4	READ	1
0x0017ddcb	0x001e72d8	READ	1
0x0017ddd4	0x0017ddd8	CONDITIONAL_JUMP	0
0x0017dde2	0xStack[-0x64]	READ	1
0x0017dde5	0x001e72d4	WRITE	0
0x0017dde5	0x001e72d8	WRITE	0
0x0017dde7	0x0017de07	UNCONDITIONAL_JUMP	0
0x0017ddec	0x001e72d8	DATA	1
0x0017ddec	0xStack[-0x64]	READ_WRITE	0
0x0017ddf3	0x0017ddc4	CONDITIONAL_JUMP	0
0x0017ddf5	0x001e0e58	READ	1
0x0017ddfa	0x001e72d4	WRITE	0
0x0017de01	0x001e0e58	READ_WRITE	0
0x0017de07	0xStack[-0x58]	READ_WRITE	0
0x0017de0a	0xStack[-0x58]	READ	0
0x0017de0e	0x0017dd10	CONDITIONAL_JUMP	0
0x0017de16	0xStack[-0x48]	READ	1
0x0017de1c	0xStack[-0x54]	READ	1
0x0017de23	0x0015a824	UNCONDITIONAL_CALL	0
0x0017de2b	0xStack[-0x54]	READ_WRITE	0
0x0017de2e	0xStack[-0x48]	READ	1
0x0017de39	0xStack[-0x54]	READ	0
0x0017de3c	0x0017dcf4	CONDITIONAL_JUMP	0
0x0017de42	0xStack[-0x48]	READ	1
0x0017de53	0x0017df76	UNCONDITIONAL_JUMP	0
0x0017de58	0xStack[-0x54]	WRITE	0
0x0017de5f	0xStack[-0x54]	READ	0
0x0017de62	0x0017df69	CONDITIONAL_JUMP	0
0x0017de68	0xStack[-0x48]	READ	1
0x0017de6e	0xStack[-0x54]	READ	1
0x0017de76	0x0017dee9	CONDITIONAL_JUMP	0
0x0017de7b	0x001e7294	DATA	1
0x0017de8a	0xStack[-0x64]	WRITE	0
0x0017de8e	0x0015b5d0	UNCONDITIONAL_CALL	0
0x0017de99	0x0017dea8	CONDITIONAL_JUMP	0
0x0017de9b	0x001e0e72	DATA	0
0x0017dea0	0x0010ca6c	UNCONDITIONAL_CALL	0
0x0017deab	0x0017deb0	CONDITIONAL_JUMP	0
0x0017deb4	0x0017deb9	CONDITIONAL_JUMP	0
0x0017dedd	0xStack[-0x64]	READ	1
0x0017dee1	0x0015b73c	UNCONDITIONAL_CALL	0
0x0017dee9	0xStack[-0x48]	READ	1
0x0017deef	0xStack[-0x54]	READ	1
0x0017def7	0x0017df57	CONDITIONAL_JUMP	0
0x0017defb	0x001e0e58	READ	1
0x0017df03	0x0017df45	CONDITIONAL_JUMP	0
0x0017df0a	0x001e72d4	DATA	1
0x0017df0a	0xStack[-0x64]	WRITE	0
0x0017df14	0xStack[-0x64]	READ	1
0x0017df17	0x001e72d4	READ	0
0x0017df17	0x001e72d8	READ	0
0x0017df19	0x0017df3c	CONDITIONAL_JUMP	0
0x0017df1b	0x001e72d4	READ	1
0x0017df1b	0x001e72d8	READ	1
0x0017df24	0x0017df28	CONDITIONAL_JUMP	0
0x0017df32	0xStack[-0x64]	READ	1
0x0017df35	0x001e72d4	WRITE	0
0x0017df35	0x001e72d8	WRITE	0
0x0017df37	0x0017df57	UNCONDITIONAL_JUMP	0
0x0017df3c	0x001e72d8	DATA	1
0x0017df3c	0xStack[-0x64]	READ_WRITE	0
0x0017df43	0x0017df14	CONDITIONAL_JUMP	0
0x0017df45	0x001e0e58	READ	1
0x0017df4a	0x001e72d4	WRITE	0
0x0017df4a	0x001e72d8	WRITE	0
0x0017df51	0x001e0e58	READ_WRITE	0
0x0017df57	0xStack[-0x54]	READ_WRITE	0
0x0017df5a	0xStack[-0x54]	READ	1
0x0017df5d	0xStack[-0x48]	READ	1
0x0017df63	0x0017de68	CONDITIONAL_JUMP	0
0x0017df69	0xStack[-0x48]	READ	1
0x0017df71	0x0017df83	CONDITIONAL_JUMP	0
0x0017df7b	0x0015a824	UNCONDITIONAL_CALL	0
0x0017df83	0xStack[-0x50]	READ	1
0x0017df89	0x0017dfa1	UNCONDITIONAL_JUMP	0
0x0017df99	0x0011df54	UNCONDITIONAL_CALL	0
0x0017dfa1	0xStack[-0x4c]	WRITE	0
0x0017dfa8	0xStack[-0x4c]	READ	1
0x0017dfab	0x001e0e58	READ	0
0x0017dfb1	0x0017e0e7	CONDITIONAL_JUMP	0
0x0017dfb7	0xStack[-0x44]	DATA	0
0x0017dfba	0xStack[-0x60]	WRITE	0
0x0017dfc0	0xStack[-0x4c]	READ	1
0x0017dfc3	0x001e72d4	DATA	1
0x0017dfcd	0x001e7294	DATA	1
0x0017dfd7	0xStack[-0x64]	WRITE	0
0x0017dfe2	0x0017e0d5	CONDITIONAL_JUMP	0
0x0017dfe8	0x001dd7b8	READ	0
0x0017dfef	0x0017e0d5	CONDITIONAL_JUMP	0
0x0017dff9	0x0015b5d0	UNCONDITIONAL_CALL	0
0x0017e004	0x0017e032	CONDITIONAL_JUMP	0
0x0017e00c	0x0017e011	CONDITIONAL_JUMP	0
0x0017e01d	0xStack[-0x5c]	WRITE	0
0x0017e027	0xStack[-0x5c]	READ	1
0x0017e02d	0x0017e064	CONDITIONAL_JUMP	0
0x0017e030	0x0017e008	CONDITIONAL_JUMP	0
0x0017e03b	0x0017e0c9	CONDITIONAL_JUMP	0
0x0017e043	0x0017e0c9	CONDITIONAL_JUMP	0
0x0017e049	0xStack[-0x64]	READ	1
0x0017e04e	0x001f6ea4	READ	1
0x0017e05e	0x0017e06c	CONDITIONAL_JUMP	0
0x0017e060	0x0017e0c9	UNCONDITIONAL_JUMP	0
0x0017e067	0x0017e032	UNCONDITIONAL_JUMP	0
0x0017e06c	0xStack[-0x60]	READ	1
0x0017e070	0x0011ea88	UNCONDITIONAL_CALL	0
0x0017e075	0x001f6ea4	READ	1
0x0017e07e	0xStack[-0x2c]	WRITE	0
0x0017e081	0x001e8758	READ	1
0x0017e08a	0xStack[-0x64]	READ	1
0x0017e09e	0xStack[-0x60]	READ	1
0x0017e0ad	0x0017e0c1	CONDITIONAL_JUMP	0
0x0017e0b4	0x001e0eeb	DATA	0
0x0017e0b9	0x0010c0d8	UNCONDITIONAL_CALL	0
0x0017e0c1	0x001e8758	READ	1
0x0017e0cd	0x0015b73c	UNCONDITIONAL_CALL	0
0x0017e0d5	0xStack[-0x4c]	READ_WRITE	0
0x0017e0d8	0xStack[-0x4c]	READ	1
0x0017e0db	0x001e0e58	READ	0
0x0017e0e1	0x0017dfc0	CONDITIONAL_JUMP	0
0x0017e0e7	0xStack[-0x48]	READ	1
0x0017e0eb	0x001f7480	READ	1
0x0017e0f2	0x0016b84c	UNCONDITIONAL_CALL	0
0x0017e0f7	0xStack[-0x70]	DATA	0
0x0017e109	0xStack[0x4]	READ	1
0x0017e110	0x0017e19a	CONDITIONAL_JUMP	0
0x0017e119	0x0017e19a	CONDITIONAL_JUMP	0
0x0017e120	0x001de480	DATA	1
0x0017e125	0x0017e13c	CONDITIONAL_JUMP	0
0x0017e130	0x0017e159	CONDITIONAL_JUMP	0
0x0017e139	0x0017e159	UNCONDITIONAL_JUMP	0
0x0017e13c	0x001dca20	DATA	1
0x0017e141	0x0017e159	CONDITIONAL_JUMP	0
0x0017e14c	0x0017e159	CONDITIONAL_JUMP	0
0x0017e15a	0x0015eae8	UNCONDITIONAL_CALL	0
0x0017e166	0x00179630	UNCONDITIONAL_CALL	0
0x0017e16f	0x00179170	UNCONDITIONAL_CALL	0
0x0017e176	0x0017e19a	CONDITIONAL_JUMP	0
0x0017e17b	0x001de480	DATA	1
0x0017e180	0x0017e18c	CONDITIONAL_JUMP	0
0x0017e189	0x0017e19a	UNCONDITIONAL_JUMP	0
0x0017e18c	0x001dca20	DATA	1
0x0017e191	0x0017e19a	CONDITIONAL_JUMP	0
0x0017e19a	0xStack[-0xc]	DATA	0
0x0017e1a7	0x001e0f1f	DATA	0
0x0017e1ae	0x001e0d0c	READ	1
0x0017e1bc	0x0016a490	UNCONDITIONAL_CALL	0
0x0017e1c1	0x001f7480	WRITE	0
0x0017e1c6	0x001f747c	WRITE	0
0x0017e1d0	0x001e728c	WRITE	0
0x0017e1d0	0x001e7288	DATA	1
0x0017e1da	0x001e7288	WRITE	0
0x0017e1da	0x001e7288	WRITE	1
0x0017e1f9	0xStack[0x8]	READ	1
0x0017e1fc	0x0018c0d8	UNCONDITIONAL_CALL	0
0x0017e203	0xStack[0xc]	DATA	0
0x0017e20a	0x0010c220	UNCONDITIONAL_CALL	0
0x0017e210	0x0018b544	UNCONDITIONAL_CALL	0
0x0017e215	0xStack[-0xc]	DATA	0
0x0017e223	0x001e0f36	DATA	0
0x0017e228	0x0010ca6c	UNCONDITIONAL_CALL	0
0x0017e239	0x0017e2e0	UNCONDITIONAL_CALL	0
0x0017e23e	0x001a90b8	UNCONDITIONAL_CALL	0
0x0017e243	0x001a758c	UNCONDITIONAL_CALL	0
0x0017e248	0x001e4f80	DATA	1
0x0017e24d	0x001e4f84	READ	0
0x0017e254	0x0017e271	CONDITIONAL_JUMP	0
0x0017e256	0x001e4f84	DATA	1
0x0017e25c	0x001e4f80	READ	1
0x0017e25c	0x001e4f88	READ	1
0x0017e25f	0x001e4f84	READ	1
0x0017e25f	0x001e4f8c	READ	1
0x0017e261	0x00111c00	COMPUTED_CALL	0
0x0017e261	0x0011f968	COMPUTED_CALL	0
0x0017e26c	0x001e4f8c	READ	0
0x0017e26f	0x0017e25c	CONDITIONAL_JUMP	0
0x0017e271	0x001f9210	READ	1
0x0017e277	0x00201900	DATA	0
0x0017e278	0x001f9d64	READ	1
0x0017e27e	0x001fdfbd	DATA	0
0x0017e27f	0x001ce960	UNCONDITIONAL_CALL	0
0x0017e284	0x001e7314	WRITE	0
0x0017e28b	0x001f9214	READ	1
0x0017e291	0x00201908	DATA	0
0x0017e293	0x001ce960	UNCONDITIONAL_CALL	0
0x0017e29a	0x0017e4e8	DATA	0
0x0017e29f	0x001f748c	READ	1
0x0017e2a6	0x0016848c	UNCONDITIONAL_CALL	0
0x0017e2b0	0x001f9218	READ	1
0x0017e2b6	0x00201914	DATA	0
0x0017e2b7	0x001e7314	READ	1
0x0017e2be	0x001ce960	UNCONDITIONAL_CALL	0
0x0017e2c3	0x001f921c	READ	1
0x0017e2c9	0x00201920	DATA	0
0x0017e2ca	0x001e7314	READ	1
0x0017e2d1	0x001ce960	UNCONDITIONAL_CALL	0
0x0017e2d6	0xStack[-0xc]	DATA	0
0x0017e2e3	0x001f7494	WRITE	0
0x0017e2e3	0x001f7490	DATA	1
0x0017e2ed	0x001f7490	WRITE	0
0x0017e2ed	0x001f7490	WRITE	1
0x0017e2f7	0x001f748c	DATA	0
0x0017e2fe	0x001dfb90	READ	1
0x0017e305	0x00165a20	UNCONDITIONAL_CALL	0
0x0017e30f	0x0017e320	CONDITIONAL_JUMP	0
0x0017e312	0x001e0f49	DATA	0
0x0017e317	0x001a5514	UNCONDITIONAL_CALL	0
0x0017e320	0x001f748c	READ	1
0x0017e327	0x00165bec	UNCONDITIONAL_CALL	0
0x0017e32c	0x001f748c	READ	1
0x0017e335	0x001747d8	UNCONDITIONAL_CALL	0
0x0017e33a	0x001f748c	READ	1
0x0017e33f	0x001e8de8	READ	1
0x0017e348	0x001e8dec	READ	1
0x0017e361	0x0015b54c	UNCONDITIONAL_CALL	0
0x0017e366	0x001f748c	READ	1
0x0017e36f	0x001e9058	READ	1
0x0017e37b	0x001e8dec	READ	1
0x0017e385	0x001e9610	DATA	0
0x0017e38a	0x00161a98	UNCONDITIONAL_CALL	0
0x0017e38f	0x001f748c	READ	1
0x0017e398	0x001a9264	UNCONDITIONAL_CALL	0
0x0017e39d	0x001f7488	WRITE	0
0x0017e3ab	0x001f748c	READ	1
0x0017e3bb	0x001e8b54	READ	1
0x0017e3cf	0xStack[0x4]	READ	1
0x0017e3df	0xStack[0x4]	READ	1
0x0017e3f3	0xStack[0x4]	READ	1
0x0017e3f7	0x0015a600	UNCONDITIONAL_CALL	0
0x0017e3fc	0xStack[-0x8]	DATA	0
0x0017e403	0x001f748c	READ	1
0x0017e40a	0x0015a5a4	UNCONDITIONAL_CALL	0
0x0017e40f	0xStack[-0x8]	READ	1
0x0017e412	0xStack[-0xc]	READ	1
0x0017e422	0xStack[-0x8]	DATA	0
0x0017e42a	0xStack[0x4]	READ	1
0x0017e42e	0x001f748c	READ	1
0x0017e435	0x0015a56c	UNCONDITIONAL_CALL	0
0x0017e43c	0x0017e448	CONDITIONAL_JUMP	0
0x0017e43e	0xStack[-0x8]	READ	1
0x0017e456	0xStack[-0x8]	DATA	0
0x0017e45e	0xStack[0x4]	READ	1
0x0017e462	0x001e8b54	READ	1
0x0017e46b	0x0015a56c	UNCONDITIONAL_CALL	0
0x0017e472	0x0017e47c	CONDITIONAL_JUMP	0
0x0017e474	0xStack[-0x8]	READ	1
0x0017e48b	0xStack[0x4]	READ	1
0x0017e48f	0x0015a600	UNCONDITIONAL_CALL	0
0x0017e494	0xStack[-0x8]	DATA	0
0x0017e49b	0x001e8b54	READ	1
0x0017e4a4	0x0015a5a4	UNCONDITIONAL_CALL	0
0x0017e4a9	0xStack[-0x8]	READ	1
0x0017e4ac	0xStack[-0xc]	READ	1
0x0017e4bb	0x001e97b4	READ	1
0x0017e4c2	0x0015a600	UNCONDITIONAL_CALL	0
0x0017e4c7	0xStack[-0x8]	DATA	0
0x0017e4ce	0x001e8b54	READ	1
0x0017e4d7	0x0015a5a4	UNCONDITIONAL_CALL	0
0x0017e4dc	0xStack[-0x8]	READ	1
0x0017e4df	0xStack[-0xc]	READ	1
0x0017e4eb	0x0017e538	UNCONDITIONAL_CALL	0
0x0017e4f0	0x00193f34	UNCONDITIONAL_CALL	0
0x0017e4f5	0x00194804	UNCONDITIONAL_CALL	0
0x0017e4fa	0x0019480c	UNCONDITIONAL_CALL	0
0x0017e4ff	0x0017e58c	UNCONDITIONAL_CALL	0
0x0017e504	0x001f9220	READ	1
0x0017e50a	0x00201928	DATA	0
0x0017e50b	0x001e7314	READ	1
0x0017e512	0x001ce960	UNCONDITIONAL_CALL	0
0x0017e519	0x001f9224	READ	1
0x0017e51f	0x00201930	DATA	0
0x0017e520	0x001e7314	READ	1
0x0017e527	0x001ce960	UNCONDITIONAL_CALL	0
0x0017e52c	0x001a9220	UNCONDITIONAL_CALL	0
0x0017e53c	0x001e2954	DATA	1
0x0017e541	0x001e2954	READ	0
0x0017e548	0x0017e584	CONDITIONAL_JUMP	0
0x0017e54c	0x001e2954	READ	1
0x0017e54c	0x001e2958	READ	1
0x0017e54e	0x001e2980	DATA	0
0x0017e54e	0x001e2974	DATA	0
0x0017e54f	0x001ced1c	UNCONDITIONAL_CALL	0
0x0017e559	0x0017e56c	CONDITIONAL_JUMP	0
0x0017e55b	0x001e2954	READ	1
0x0017e55d	0x001e2980	DATA	0
0x0017e55e	0x001e0f6e	DATA	0
0x0017e563	0x001a5514	UNCONDITIONAL_CALL	0
0x0017e568	0x0017e579	UNCONDITIONAL_JUMP	0
0x0017e56c	0x001f9228	READ	1
0x0017e572	0x0020193c	DATA	0
0x0017e574	0x001ce960	UNCONDITIONAL_CALL	0
0x0017e57f	0x001e2958	READ	0
0x0017e582	0x0017e54c	CONDITIONAL_JUMP	0
0x0017e584	0xStack[-0x8]	READ	1
0x0017e590	0x001e298c	DATA	1
0x0017e595	0x001e298c	READ	0
0x0017e59c	0x0017e5e5	CONDITIONAL_JUMP	0
0x0017e5a0	0x001e298c	READ	1
0x0017e5a0	0x001e2990	READ	1
0x0017e5a2	0x001e29a1	DATA	0
0x0017e5a2	0x001e2998	DATA	0
0x0017e5a3	0x001ced1c	UNCONDITIONAL_CALL	0
0x0017e5ad	0x0017e5c4	CONDITIONAL_JUMP	0
0x0017e5af	0x001e298c	READ	1
0x0017e5b1	0x001e29a1	DATA	0
0x0017e5b2	0x001e0fa0	DATA	0
0x0017e5b7	0x001a5514	UNCONDITIONAL_CALL	0
0x0017e5bf	0x0017e5dd	UNCONDITIONAL_JUMP	0
0x0017e5c7	0x001f922c	READ	1
0x0017e5cd	0x00201944	DATA	0
0x0017e5ce	0x001f9d68	READ	1
0x0017e5d4	0x001fdfcd	DATA	0
0x0017e5d5	0x001ce960	UNCONDITIONAL_CALL	0
0x0017e5e0	0x001e2990	READ	0
0x0017e5e3	0x0017e5a0	CONDITIONAL_JUMP	0
0x0017e5e5	0xStack[-0x8]	READ	1
0x0017e5f5	0xStack[0x4]	READ	1
0x0017e5f8	0x001f9240	READ	1
0x0017e600	0xStack[-0x8]	DATA	0
0x0017e606	0x001f9230	READ	1
0x0017e60c	0x00201960	DATA	0
0x0017e60d	0x001f9d68	READ	1
0x0017e613	0x001fdfcd	DATA	0
0x0017e614	0x001ce960	UNCONDITIONAL_CALL	0
0x0017e621	0x0017e670	CONDITIONAL_JUMP	0
0x0017e628	0x0017e600	CONDITIONAL_JUMP	0
0x0017e62a	0x001fdd2c	DATA	0
0x0017e62f	0x001f9238	READ	1
0x0017e635	0x00201988	DATA	0
0x0017e636	0x001f9234	READ	1
0x0017e63c	0x00201980	DATA	0
0x0017e63d	0xStack[-0x8]	READ	1
0x0017e641	0x001ce960	UNCONDITIONAL_CALL	0
0x0017e64a	0x001ce960	UNCONDITIONAL_CALL	0
0x0017e654	0x0017e600	CONDITIONAL_JUMP	0
0x0017e657	0x002019a4	DATA	0
0x0017e658	0x001f923c	READ	1
0x0017e65e	0x00201994	DATA	0
0x0017e65f	0xStack[-0x8]	READ	1
0x0017e663	0x001ce960	UNCONDITIONAL_CALL	0
0x0017e66b	0x0017e600	UNCONDITIONAL_JUMP	0
0x0017e670	0xStack[-0x14]	DATA	0
0x0017e685	0xStack[0x4]	READ	1
0x0017e688	0x001f9244	READ	1
0x0017e690	0xStack[-0x8]	DATA	0
0x0017e696	0x001f9230	READ	1
0x0017e69c	0x00201960	DATA	0
0x0017e69d	0x001f9d68	READ	1
0x0017e6a3	0x001fdfcd	DATA	0
0x0017e6a4	0x001ce960	UNCONDITIONAL_CALL	0
0x0017e6b1	0x0017e700	CONDITIONAL_JUMP	0
0x0017e6b8	0x0017e690	CONDITIONAL_JUMP	0
0x0017e6ba	0x001fdd2c	DATA	0
0x0017e6bf	0x001f9238	READ	1
0x0017e6c5	0x00201988	DATA	0
0x0017e6c6	0x001f9234	READ	1
0x0017e6cc	0x00201980	DATA	0
0x0017e6cd	0xStack[-0x8]	READ	1
0x0017e6d1	0x001ce960	UNCONDITIONAL_CALL	0
0x0017e6da	0x001ce960	UNCONDITIONAL_CALL	0
0x0017e6e4	0x0017e690	CONDITIONAL_JUMP	0
0x0017e6e7	0x002019b4	DATA	0
0x0017e6e8	0x001f923c	READ	1
0x0017e6ee	0x00201994	DATA	0
0x0017e6ef	0xStack[-0x8]	READ	1
0x0017e6f3	0x001ce960	UNCONDITIONAL_CALL	0
0x0017e6fb	0x0017e690	UNCONDITIONAL_JUMP	0
0x0017e700	0xStack[-0x14]	DATA	0
0x0017e712	0xStack[0x4]	READ	1
0x0017e717	0x0018c27c	UNCONDITIONAL_CALL	0
0x0017e720	0x0017e738	CONDITIONAL_JUMP	0
0x0017e727	0x0017e735	CONDITIONAL_JUMP	0
0x0017e72a	0x0018c270	UNCONDITIONAL_CALL	0
0x0017e730	0x0018c1a8	UNCONDITIONAL_CALL	0
0x0017e738	0xStack[-0x10]	DATA	0
0x0017e747	0xStack[0x4]	READ	1
0x0017e74c	0x0017e75d	CONDITIONAL_JUMP	0
0x0017e752	0x0018c270	UNCONDITIONAL_CALL	0
0x0017e758	0x0018c1a8	UNCONDITIONAL_CALL	0
0x0017e76a	0xStack[0x4]	READ	1
0x0017e76d	0xStack[0xc]	READ	1
0x0017e772	0x0017e794	CONDITIONAL_JUMP	0
0x0017e774	0x001f921c	READ	1
0x0017e77a	0x00201920	DATA	0
0x0017e77b	0xStack[-0xc]	WRITE	0
0x0017e77e	0x001f9de8	READ	1
0x0017e784	0x001fdfdf	DATA	1
0x0017e784	0xStack[-0x8]	WRITE	0
0x0017e787	0xStack[-0xc]	DATA	0
0x0017e78b	0x001cea70	UNCONDITIONAL_CALL	0
0x0017e7a1	0x001f9248	READ	1
0x0017e7a7	0x00201a2c	DATA	0
0x0017e7a8	0xStack[0x4]	READ	1
0x0017e7ac	0x001ce960	UNCONDITIONAL_CALL	0
0x0017e7be	0x001f921c	READ	1
0x0017e7c4	0x00201920	DATA	0
0x0017e7c5	0xStack[0x4]	READ	1
0x0017e7c8	0xStack[-0xc]	WRITE	0
0x0017e7cb	0x001f9de8	READ	1
0x0017e7d1	0x001fdfdf	DATA	1
0x0017e7d1	0xStack[-0x8]	WRITE	0
0x0017e7d4	0xStack[-0xc]	DATA	0
0x0017e7d8	0x001cea70	UNCONDITIONAL_CALL	0
0x0017e7e7	0xStack[0x4]	READ	1
0x0017e7f9	0xStack[0x4]	READ	1
0x0017e7fc	0x0018c27c	UNCONDITIONAL_CALL	0
0x0017e808	0x0017e816	CONDITIONAL_JUMP	0
0x0017e80b	0x0018c270	UNCONDITIONAL_CALL	0
0x0017e811	0x0018c1a8	UNCONDITIONAL_CALL	0
0x0017e819	0xStack[-0xc]	DATA	0
0x0017e827	0xStack[0x4]	READ	1
0x0017e82e	0x0018c270	UNCONDITIONAL_CALL	0
0x0017e834	0x0018c1a8	UNCONDITIONAL_CALL	0
0x0017e849	0xStack[0x4]	READ	1
0x0017e84c	0xStack[0xc]	READ	1
0x0017e84f	0xStack[0x14]	READ	1
0x0017e852	0x001f924c	READ	1
0x0017e858	0x00201a24	DATA	0
0x0017e859	0xStack[-0xc]	WRITE	0
0x0017e85c	0x001f9ed8	READ	1
0x0017e862	0x001fdfdf	DATA	1
0x0017e862	0xStack[-0x8]	WRITE	0
0x0017e865	0xStack[-0xc]	DATA	0
0x0017e869	0x001cea70	UNCONDITIONAL_CALL	0
0x0017e877	0x0017e883	CONDITIONAL_JUMP	0
0x0017e879	0xStack[0x10]	READ	1
0x0017e87e	0xStack[0x10]	READ	0
0x0017e881	0x0017e894	CONDITIONAL_JUMP	0
0x0017e883	0x001f921c	READ	1
0x0017e889	0x00201920	DATA	0
0x0017e88b	0x001ce960	UNCONDITIONAL_CALL	0
0x0017e890	0x0017e8e9	UNCONDITIONAL_JUMP	0
0x0017e894	0xStack[0x18]	READ	1
0x0017e89c	0x0017e8a4	CONDITIONAL_JUMP	0
0x0017e8a1	0x0017e8bd	UNCONDITIONAL_JUMP	0
0x0017e8a4	0x001f9234	READ	1
0x0017e8aa	0x00201980	DATA	0
0x0017e8ab	0x001f9d6c	READ	1
0x0017e8b1	0x001fe06b	DATA	0
0x0017e8b2	0x001ce960	UNCONDITIONAL_CALL	0
0x0017e8c5	0x001a5448	UNCONDITIONAL_CALL	0
0x0017e8d9	0x00101600	UNCONDITIONAL_CALL	0
0x0017e8e1	0xStack[0x10]	READ	1
0x0017e8e9	0xStack[-0x18]	DATA	0
0x0017e8f7	0xStack[0x14]	READ	1
0x0017e8fb	0xStack[0x10]	READ	1
0x0017e901	0xStack[0xc]	READ	1
0x0017e905	0x001f9250	READ	1
0x0017e90b	0x00201e24	DATA	0
0x0017e90c	0xStack[0x4]	READ	1
0x0017e910	0x001ce960	UNCONDITIONAL_CALL	0
0x0017e91f	0x001f921c	READ	1
0x0017e925	0x00201920	DATA	0
0x0017e926	0xStack[0x4]	READ	1
0x0017e92a	0x001ce960	UNCONDITIONAL_CALL	0
0x0017e93b	0xStack[0x4]	READ	1
0x0017e942	0x0017e948	CONDITIONAL_JUMP	0
0x0017e946	0x0017e97c	UNCONDITIONAL_JUMP	0
0x0017e94c	0x0017e960	CONDITIONAL_JUMP	0
0x0017e953	0x0017e960	CONDITIONAL_JUMP	0
0x0017e958	0x001a5458	UNCONDITIONAL_CALL	0
0x0017e960	0x001f921c	READ	1
0x0017e966	0x00201920	DATA	0
0x0017e967	0xStack[-0xc]	WRITE	0
0x0017e96a	0x001f9ed8	READ	1
0x0017e970	0x001fdfdf	DATA	1
0x0017e970	0xStack[-0x8]	WRITE	0
0x0017e973	0xStack[-0xc]	DATA	0
0x0017e977	0x001cea70	UNCONDITIONAL_CALL	0
0x0017e97c	0xStack[-0x10]	READ	1
0x0017e98a	0xStack[0x4]	READ	1
0x0017e98d	0xStack[0xc]	READ	1
0x0017e998	0x0017e9af	CONDITIONAL_JUMP	0
0x0017e9a1	0x0017e9af	CONDITIONAL_JUMP	0
0x0017e9ad	0x0017e9b4	CONDITIONAL_JUMP	0
0x0017e9b1	0x0017ea00	UNCONDITIONAL_JUMP	0
0x0017e9b8	0x001f9254	READ	1
0x0017e9be	0x00201d88	DATA	0
0x0017e9bf	0x001f9210	READ	1
0x0017e9c5	0x00201900	DATA	0
0x0017e9ca	0x001ce960	UNCONDITIONAL_CALL	0
0x0017e9d3	0x001ce960	UNCONDITIONAL_CALL	0
0x0017e9df	0x0017e9fe	CONDITIONAL_JUMP	0
0x0017e9ec	0x0017e9fe	CONDITIONAL_JUMP	0
0x0017e9ee	0x001f9258	READ	1
0x0017e9f4	0x00201a50	DATA	0
0x0017e9f9	0x001ce960	UNCONDITIONAL_CALL	0
0x0017ea00	0xStack[-0x10]	DATA	0
0x0017ea12	0xStack[0x4]	READ	1
0x0017ea15	0xStack[0xc]	READ	1
0x0017ea20	0x0017ea2b	CONDITIONAL_JUMP	0
0x0017ea29	0x0017ea30	CONDITIONAL_JUMP	0
0x0017ea2d	0x0017ea98	UNCONDITIONAL_JUMP	0
0x0017ea3b	0x0017ea4c	CONDITIONAL_JUMP	0
0x0017ea3d	0x001f925c	READ	1
0x0017ea43	0x00201cb4	DATA	0
0x0017ea45	0x001ce960	UNCONDITIONAL_CALL	0
0x0017ea4a	0x0017ea98	UNCONDITIONAL_JUMP	0
0x0017ea50	0x001f9254	READ	1
0x0017ea56	0x00201d88	DATA	0
0x0017ea57	0x001f9210	READ	1
0x0017ea5d	0x00201900	DATA	0
0x0017ea62	0x001ce960	UNCONDITIONAL_CALL	0
0x0017ea6b	0x001ce960	UNCONDITIONAL_CALL	0
0x0017ea77	0x0017ea96	CONDITIONAL_JUMP	0
0x0017ea84	0x0017ea96	CONDITIONAL_JUMP	0
0x0017ea86	0x001f9258	READ	1
0x0017ea8c	0x00201a50	DATA	0
0x0017ea91	0x001ce960	UNCONDITIONAL_CALL	0
0x0017ea98	0xStack[-0x10]	DATA	0
0x0017eaa8	0xStack[0x4]	READ	1
0x0017eab5	0x0017eac3	CONDITIONAL_JUMP	0
0x0017eabc	0x0017eac3	CONDITIONAL_JUMP	0
0x0017eac1	0x0017eab8	CONDITIONAL_JUMP	0
0x0017eac6	0xStack[-0x8]	READ	1
0x0017ead6	0xStack[0x4]	READ	1
0x0017ead9	0xStack[0xc]	READ	1
0x0017eae3	0x001f9260	READ	1
0x0017eae9	0x00201e50	DATA	0
0x0017eaeb	0x001ce960	UNCONDITIONAL_CALL	0
0x0017eaf5	0x0017eb05	CONDITIONAL_JUMP	0
0x0017eb03	0x0017eb0c	CONDITIONAL_JUMP	0
0x0017eb07	0x0017eb40	UNCONDITIONAL_JUMP	0
0x0017eb1e	0x0017eb33	CONDITIONAL_JUMP	0
0x0017eb20	0x001f9264	READ	1
0x0017eb26	0x00201a3c	DATA	0
0x0017eb2b	0x001ce960	UNCONDITIONAL_CALL	0
0x0017eb33	0x001f9268	READ	1
0x0017eb39	0x00201cbc	DATA	0
0x0017eb3b	0x001ce960	UNCONDITIONAL_CALL	0
0x0017eb40	0xStack[-0x10]	DATA	0
0x0017eb54	0xStack[0x4]	READ	1
0x0017eb57	0xStack[0xc]	READ	1
0x0017eb5a	0xStack[0x14]	READ	1
0x0017eb5d	0xStack[-0x10]	WRITE	0
0x0017eb62	0x0017eb84	CONDITIONAL_JUMP	0
0x0017eb64	0x001f921c	READ	1
0x0017eb6a	0x00201920	DATA	0
0x0017eb6b	0xStack[-0xc]	WRITE	0
0x0017eb6e	0x001f9eb0	READ	1
0x0017eb74	0x001fdfdf	DATA	1
0x0017eb74	0xStack[-0x8]	WRITE	0
0x0017eb77	0xStack[-0xc]	DATA	0
0x0017eb7b	0x001cea70	UNCONDITIONAL_CALL	0
0x0017eb80	0x0017ebb8	UNCONDITIONAL_JUMP	0
0x0017eb84	0x001f924c	READ	1
0x0017eb8a	0x00201a24	DATA	0
0x0017eb8b	0xStack[-0xc]	WRITE	0
0x0017eb8e	0x001f9eb0	READ	1
0x0017eb94	0x001fdfdf	DATA	1
0x0017eb94	0xStack[-0x8]	WRITE	0
0x0017eb97	0xStack[-0xc]	DATA	0
0x0017eb9b	0x001cea70	UNCONDITIONAL_CALL	0
0x0017eba3	0xStack[0x10]	READ	1
0x0017ebb0	0xStack[-0x10]	READ	1
0x0017ebb8	0xStack[-0x18]	DATA	0
0x0017ebca	0x001f921c	READ	1
0x0017ebd0	0x00201920	DATA	0
0x0017ebd1	0xStack[0x4]	READ	1
0x0017ebd4	0xStack[-0xc]	WRITE	0
0x0017ebd7	0x001f9eb0	READ	1
0x0017ebdd	0x001fdfdf	DATA	1
0x0017ebdd	0xStack[-0x8]	WRITE	0
0x0017ebe0	0xStack[-0xc]	DATA	0
0x0017ebe4	0x001cea70	UNCONDITIONAL_CALL	0
0x0017ebf3	0xStack[0x4]	READ	1
0x0017ec02	0x0017ec1c	CONDITIONAL_JUMP	0
0x0017ec05	0x001f926c	READ	1
0x0017ec0b	0x00201da8	DATA	0
0x0017ec10	0x001ce960	UNCONDITIONAL_CALL	0
0x0017ec2a	0xStack[0x4]	READ	1
0x0017ec31	0x0017ec54	CONDITIONAL_JUMP	0
0x0017ec33	0x001f921c	READ	1
0x0017ec39	0x00201920	DATA	0
0x0017ec3a	0xStack[-0xc]	WRITE	0
0x0017ec3d	0x001f9eb0	READ	1
0x0017ec43	0x001fdfdf	DATA	1
0x0017ec43	0xStack[-0x8]	WRITE	0
0x0017ec46	0xStack[-0xc]	DATA	0
0x0017ec4a	0x001cea70	UNCONDITIONAL_CALL	0
0x0017ec5b	0xStack[0x4]	READ	1
0x0017ec62	0x0017ec6c	CONDITIONAL_JUMP	0
0x0017ec77	0xStack[0x4]	READ	1
0x0017ec8d	0xStack[0x4]	READ	1
0x0017ec90	0xStack[0xc]	READ	1
0x0017ec93	0xStack[0x10]	READ	1
0x0017ec99	0xStack[-0x10]	WRITE	0
0x0017ec9c	0x001f924c	READ	1
0x0017eca2	0x00201a24	DATA	0
0x0017eca3	0xStack[-0xc]	WRITE	0
0x0017eca6	0x001f9e88	READ	1
0x0017ecac	0x001fdfdf	DATA	1
0x0017ecac	0xStack[-0x8]	WRITE	0
0x0017ecaf	0xStack[-0xc]	DATA	0
0x0017ecb3	0x001cea70	UNCONDITIONAL_CALL	0
0x0017ecbb	0xStack[-0x10]	READ	0
0x0017ecbf	0x0017eccc	CONDITIONAL_JUMP	0
0x0017ecc1	0xStack[-0x10]	READ	0
0x0017ecc4	0x0017eccc	CONDITIONAL_JUMP	0
0x0017ecc8	0x0017ecd1	UNCONDITIONAL_JUMP	0
0x0017ecd3	0x0017ece4	CONDITIONAL_JUMP	0
0x0017ecd5	0x001f921c	READ	1
0x0017ecdb	0x00201920	DATA	0
0x0017ecdd	0x001ce960	UNCONDITIONAL_CALL	0
0x0017ece2	0x0017ed27	UNCONDITIONAL_JUMP	0
0x0017ece4	0xStack[0x18]	READ	1
0x0017ecea	0xStack[0x14]	READ	0
0x0017ecee	0x0017ecf8	CONDITIONAL_JUMP	0
0x0017ecf0	0xStack[0x14]	READ	1
0x0017ecf6	0x0017ed0e	UNCONDITIONAL_JUMP	0
0x0017ecf8	0x001f9234	READ	1
0x0017ecfe	0x00201980	DATA	0
0x0017ecff	0x001f9d70	READ	1
0x0017ed05	0x001fe049	DATA	0
0x0017ed06	0x001ce960	UNCONDITIONAL_CALL	0
0x0017ed1c	0xStack[-0x10]	READ	1
0x0017ed27	0xStack[-0x1c]	DATA	0
0x0017ed3a	0xStack[0x4]	READ	1
0x0017ed41	0x0017ed64	CONDITIONAL_JUMP	0
0x0017ed43	0x001f921c	READ	1
0x0017ed49	0x00201920	DATA	0
0x0017ed4a	0xStack[-0xc]	WRITE	0
0x0017ed4d	0x001f9e88	READ	1
0x0017ed53	0x001fdfdf	DATA	1
0x0017ed53	0xStack[-0x8]	WRITE	0
0x0017ed56	0xStack[-0xc]	DATA	0
0x0017ed5a	0x001cea70	UNCONDITIONAL_CALL	0
0x0017ed71	0xStack[0x4]	READ	1
0x0017ed74	0xStack[0xc]	READ	1
0x0017ed77	0xStack[-0x8]	WRITE	0
0x0017ed7a	0xStack[0x10]	READ	1
0x0017ed7d	0xStack[-0xc]	WRITE	0
0x0017ed83	0xStack[-0x10]	WRITE	0
0x0017ed88	0xStack[0xc]	READ	1
0x0017ed8b	0xStack[0x10]	READ	1
0x0017ed8e	0x0017ed9c	CONDITIONAL_JUMP	0
0x0017ed90	0xStack[0xc]	READ	0
0x0017ed93	0x0017ed9c	CONDITIONAL_JUMP	0
0x0017ed97	0x0017eda1	UNCONDITIONAL_JUMP	0
0x0017eda3	0x0017edb9	CONDITIONAL_JUMP	0
0x0017eda5	0xStack[-0x8]	READ	1
0x0017edab	0x0017edb9	CONDITIONAL_JUMP	0
0x0017edb2	0x0017edc0	CONDITIONAL_JUMP	0
0x0017edb4	0xStack[-0xc]	READ	0
0x0017edb7	0x0017edc0	CONDITIONAL_JUMP	0
0x0017edbb	0x0017ee48	UNCONDITIONAL_JUMP	0
0x0017edc0	0xStack[-0x10]	READ	1
0x0017edc7	0x0017edd1	CONDITIONAL_JUMP	0
0x0017edc9	0xStack[-0xc]	READ	1
0x0017edcf	0x0017ee34	CONDITIONAL_JUMP	0
0x0017edd3	0xStack[0x10]	READ	0
0x0017edd6	0xStack[0xc]	READ	0
0x0017edda	0x001f9270	READ	1
0x0017ede0	0x00201cc4	DATA	0
0x0017ede1	0x001f9210	READ	1
0x0017ede7	0x00201900	DATA	0
0x0017edec	0xStack[-0x18]	WRITE	0
0x0017edef	0x001ce960	UNCONDITIONAL_CALL	0
0x0017edf8	0x001ce960	UNCONDITIONAL_CALL	0
0x0017ee00	0xStack[-0x18]	READ	1
0x0017ee05	0x0017ee48	CONDITIONAL_JUMP	0
0x0017ee0a	0xStack[-0x10]	READ	1
0x0017ee1a	0x0017ee48	CONDITIONAL_JUMP	0
0x0017ee1c	0x001f9258	READ	1
0x0017ee22	0x00201a50	DATA	0
0x0017ee27	0xStack[-0x14]	WRITE	0
0x0017ee2a	0x001ce960	UNCONDITIONAL_CALL	0
0x0017ee2f	0xStack[-0x14]	READ	1
0x0017ee32	0x0017ee48	UNCONDITIONAL_JUMP	0
0x0017ee34	0xStack[-0x8]	READ	1
0x0017ee3a	0x0017ee48	CONDITIONAL_JUMP	0
0x0017ee3f	0xStack[-0x10]	WRITE	0
0x0017ee42	0x0017edc0	UNCONDITIONAL_JUMP	0
0x0017ee48	0xStack[-0x24]	DATA	0
0x0017ee5d	0xStack[0xc]	READ	1
0x0017ee60	0xStack[-0x14]	WRITE	0
0x0017ee63	0xStack[0x10]	READ	1
0x0017ee66	0xStack[-0x8]	WRITE	0
0x0017ee69	0xStack[0x4]	READ	1
0x0017ee6f	0xStack[-0xc]	WRITE	0
0x0017ee74	0xStack[0xc]	READ	1
0x0017ee77	0xStack[0x10]	READ	1
0x0017ee7a	0x0017ee88	CONDITIONAL_JUMP	0
0x0017ee7c	0xStack[0xc]	READ	0
0x0017ee7f	0x0017ee88	CONDITIONAL_JUMP	0
0x0017ee83	0x0017ee8d	UNCONDITIONAL_JUMP	0
0x0017ee8f	0x0017eea8	CONDITIONAL_JUMP	0
0x0017ee91	0xStack[-0x14]	READ	1
0x0017ee94	0xStack[0x4]	READ	1
0x0017ee9a	0x0017eea8	CONDITIONAL_JUMP	0
0x0017eea1	0x0017eec4	CONDITIONAL_JUMP	0
0x0017eea3	0xStack[-0x8]	READ	0
0x0017eea6	0x0017eec4	CONDITIONAL_JUMP	0
0x0017eeaa	0x0017ef64	UNCONDITIONAL_JUMP	0
0x0017eeb0	0x001f925c	READ	1
0x0017eeb6	0x00201cb4	DATA	0
0x0017eeb8	0x001ce960	UNCONDITIONAL_CALL	0
0x0017eebd	0x0017ef64	UNCONDITIONAL_JUMP	0
0x0017eec4	0xStack[-0xc]	READ	1
0x0017eecb	0x0017eed5	CONDITIONAL_JUMP	0
0x0017eed0	0xStack[-0x8]	READ	0
0x0017eed3	0x0017ef40	CONDITIONAL_JUMP	0
0x0017eed7	0xStack[0x10]	READ	0
0x0017eeda	0xStack[0xc]	READ	0
0x0017eedd	0xStack[0x4]	READ	1
0x0017eee1	0x001f9270	READ	1
0x0017eee7	0x00201cc4	DATA	0
0x0017eee8	0x001f9210	READ	1
0x0017eeee	0x00201900	DATA	0
0x0017eeef	0xStack[0x4]	READ	1
0x0017eef6	0x001ce960	UNCONDITIONAL_CALL	0
0x0017eeff	0x001ce960	UNCONDITIONAL_CALL	0
0x0017ef09	0x0017ef64	CONDITIONAL_JUMP	0
0x0017ef0e	0xStack[-0xc]	READ	1
0x0017ef13	0xStack[0x4]	READ	1
0x0017ef21	0x0017ef64	CONDITIONAL_JUMP	0
0x0017ef23	0x001f9258	READ	1
0x0017ef29	0x00201a50	DATA	0
0x0017ef2a	0xStack[0x4]	READ	1
0x0017ef31	0xStack[-0x10]	WRITE	0
0x0017ef34	0x001ce960	UNCONDITIONAL_CALL	0
0x0017ef39	0xStack[-0x10]	READ	1
0x0017ef3c	0x0017ef64	UNCONDITIONAL_JUMP	0
0x0017ef40	0xStack[-0x14]	READ	0
0x0017ef43	0x0017ef51	CONDITIONAL_JUMP	0
0x0017ef45	0xStack[-0x8]	READ	1
0x0017ef4b	0x0017eeb0	CONDITIONAL_JUMP	0
0x0017ef51	0xStack[-0x14]	READ	1
0x0017ef57	0x0017ef64	CONDITIONAL_JUMP	0
0x0017ef5c	0xStack[-0xc]	WRITE	0
0x0017ef5f	0x0017eec4	UNCONDITIONAL_JUMP	0
0x0017ef64	0xStack[-0x20]	DATA	0
0x0017ef79	0xStack[0x4]	READ	1
0x0017ef7f	0xStack[-0x8]	WRITE	0
0x0017ef87	0xStack[0xc]	READ	1
0x0017ef93	0x0017efd7	CONDITIONAL_JUMP	0
0x0017ef95	0xStack[-0xc]	WRITE	0
0x0017ef9c	0xStack[-0x10]	WRITE	0
0x0017efa0	0xStack[-0x8]	READ	1
0x0017efa7	0x0017efae	CONDITIONAL_JUMP	0
0x0017efac	0x0017efb8	CONDITIONAL_JUMP	0
0x0017efb0	0xStack[-0x10]	READ	1
0x0017efb3	0x0017efc8	UNCONDITIONAL_JUMP	0
0x0017efbb	0x0017efc8	CONDITIONAL_JUMP	0
0x0017efc0	0xStack[-0x8]	WRITE	0
0x0017efc3	0x0017efa0	UNCONDITIONAL_JUMP	0
0x0017efca	0x0017efd7	CONDITIONAL_JUMP	0
0x0017efcc	0xStack[0x10]	READ	1
0x0017efcf	0xStack[0x10]	READ	1
0x0017efd2	0xStack[-0xc]	READ	0
0x0017efd5	0x0017ef98	CONDITIONAL_JUMP	0
0x0017efdb	0xStack[-0x1c]	DATA	0
0x0017efee	0xStack[0x4]	READ	1
0x0017eff8	0x001f9260	READ	1
0x0017effe	0x00201e50	DATA	0
0x0017efff	0xStack[0xc]	READ	1
0x0017f003	0x001ce960	UNCONDITIONAL_CALL	0
0x0017f00d	0x0017f014	CONDITIONAL_JUMP	0
0x0017f011	0x0017f064	UNCONDITIONAL_JUMP	0
0x0017f019	0x0017f062	CONDITIONAL_JUMP	0
0x0017f01c	0xStack[0xc]	READ	0
0x0017f01f	0x0017f058	CONDITIONAL_JUMP	0
0x0017f032	0x0017f047	CONDITIONAL_JUMP	0
0x0017f034	0x001f9264	READ	1
0x0017f03a	0x00201a3c	DATA	0
0x0017f03f	0x001ce960	UNCONDITIONAL_CALL	0
0x0017f047	0x001f9268	READ	1
0x0017f04d	0x00201cbc	DATA	0
0x0017f04f	0x001ce960	UNCONDITIONAL_CALL	0
0x0017f054	0x0017f064	UNCONDITIONAL_JUMP	0
0x0017f060	0x0017f01c	CONDITIONAL_JUMP	0
0x0017f064	0xStack[-0x10]	DATA	0
0x0017f079	0xStack[0x4]	READ	1
0x0017f07c	0xStack[0x10]	READ	1
0x0017f07f	0xStack[0x14]	READ	1
0x0017f082	0xStack[0x18]	READ	1
0x0017f085	0xStack[-0x10]	WRITE	0
0x0017f088	0xStack[0xc]	READ	0
0x0017f08c	0x0017f0ac	CONDITIONAL_JUMP	0
0x0017f08e	0x001f921c	READ	1
0x0017f094	0x00201920	DATA	0
0x0017f095	0xStack[-0xc]	WRITE	0
0x0017f098	0x001f9e60	READ	1
0x0017f09e	0x001fdfdf	DATA	1
0x0017f09e	0xStack[-0x8]	WRITE	0
0x0017f0a1	0xStack[-0xc]	DATA	0
0x0017f0a5	0x001cea70	UNCONDITIONAL_CALL	0
0x0017f0aa	0x0017f0ee	UNCONDITIONAL_JUMP	0
0x0017f0ac	0x001f924c	READ	1
0x0017f0b2	0x00201a24	DATA	0
0x0017f0b3	0xStack[-0xc]	WRITE	0
0x0017f0b6	0x001f9e60	READ	1
0x0017f0bc	0x001fdfdf	DATA	1
0x0017f0bc	0xStack[-0x8]	WRITE	0
0x0017f0bf	0xStack[-0xc]	DATA	0
0x0017f0c3	0x001cea70	UNCONDITIONAL_CALL	0
0x0017f0c8	0xStack[0xc]	READ	1
0x0017f0df	0xStack[-0x10]	READ	1
0x0017f0ee	0xStack[-0x1c]	DATA	0
0x0017f0fe	0x001f921c	READ	1
0x0017f104	0x00201920	DATA	0
0x0017f105	0xStack[0x4]	READ	1
0x0017f108	0xStack[-0xc]	WRITE	0
0x0017f10b	0x001f9e60	READ	1
0x0017f111	0x001fdfdf	DATA	1
0x0017f111	0xStack[-0x8]	WRITE	0
0x0017f114	0xStack[-0xc]	DATA	0
0x0017f118	0x001cea70	UNCONDITIONAL_CALL	0
0x0017f127	0xStack[0x4]	READ	1
0x0017f12e	0x0017f138	CONDITIONAL_JUMP	0
0x0017f144	0x0017f15c	CONDITIONAL_JUMP	0
0x0017f147	0x001f9274	READ	1
0x0017f14d	0x00201ce8	DATA	0
0x0017f152	0x001ce960	UNCONDITIONAL_CALL	0
0x0017f16a	0xStack[0x4]	READ	1
0x0017f171	0x0017f194	CONDITIONAL_JUMP	0
0x0017f173	0x001f921c	READ	1
0x0017f179	0x00201920	DATA	0
0x0017f17a	0xStack[-0xc]	WRITE	0
0x0017f17d	0x001f9e60	READ	1
0x0017f183	0x001fdfdf	DATA	1
0x0017f183	0xStack[-0x8]	WRITE	0
0x0017f186	0xStack[-0xc]	DATA	0
0x0017f18a	0x001cea70	UNCONDITIONAL_CALL	0
0x0017f19b	0xStack[0x4]	READ	1
0x0017f1a2	0x0017f1ac	CONDITIONAL_JUMP	0
0x0017f1b9	0xStack[0x4]	READ	1
0x0017f1ca	0xStack[-0xc]	DATA	0
0x0017f1d7	0xStack[0x4]	READ	1
0x0017f1e7	0xStack[0x4]	READ	1
0x0017f1ed	0x001f921c	READ	1
0x0017f1f3	0x00201920	DATA	0
0x0017f1f4	0xStack[0xc]	READ	1
0x0017f1f8	0x001ce960	UNCONDITIONAL_CALL	0
0x0017f20d	0xStack[0x10]	READ	1
0x0017f210	0xStack[0x14]	READ	1
0x0017f213	0xStack[0xc]	READ	0
0x0017f217	0x0017f230	CONDITIONAL_JUMP	0
0x0017f219	0x001f921c	READ	1
0x0017f21f	0x00201920	DATA	0
0x0017f220	0xStack[0x4]	READ	1
0x0017f224	0x001ce960	UNCONDITIONAL_CALL	0
0x0017f229	0x0017f2f1	UNCONDITIONAL_JUMP	0
0x0017f230	0x001f924c	READ	1
0x0017f236	0x00201a24	DATA	0
0x0017f237	0xStack[0x4]	READ	1
0x0017f23a	0xStack[-0xc]	WRITE	0
0x0017f23d	0x001f9e38	READ	1
0x0017f243	0x001fdfdf	DATA	1
0x0017f243	0xStack[-0x8]	WRITE	0
0x0017f246	0xStack[-0xc]	DATA	0
0x0017f24a	0x001cea70	UNCONDITIONAL_CALL	0
0x0017f257	0x0017f264	CONDITIONAL_JUMP	0
0x0017f25b	0x0017f264	CONDITIONAL_JUMP	0
0x0017f25f	0x0017f269	UNCONDITIONAL_JUMP	0
0x0017f26b	0x0017f280	CONDITIONAL_JUMP	0
0x0017f26d	0x001f921c	READ	1
0x0017f273	0x00201920	DATA	0
0x0017f274	0xStack[0x4]	READ	1
0x0017f278	0x001ce960	UNCONDITIONAL_CALL	0
0x0017f27d	0x0017f2f1	UNCONDITIONAL_JUMP	0
0x0017f280	0x001f9278	READ	1
0x0017f286	0x00201cac	DATA	0
0x0017f287	0xStack[0xc]	READ	1
0x0017f28b	0x001ce960	UNCONDITIONAL_CALL	0
0x0017f290	0xStack[-0x14]	WRITE	0
0x0017f293	0xStack[-0x10]	WRITE	0
0x0017f296	0xStack[-0x14]	READ	1
0x0017f299	0xStack[-0x10]	READ	1
0x0017f2a1	0xStack[-0x18]	WRITE	0
0x0017f2a6	0xStack[-0x14]	WRITE	0
0x0017f2ac	0xStack[-0x18]	READ	0
0x0017f2af	0x0017f2b9	CONDITIONAL_JUMP	0
0x0017f2b3	0x0017f2cc	CONDITIONAL_JUMP	0
0x0017f2b7	0x0017f2cc	CONDITIONAL_JUMP	0
0x0017f2b9	0x001f921c	READ	1
0x0017f2bf	0x00201920	DATA	0
0x0017f2c0	0xStack[0x4]	READ	1
0x0017f2c4	0x001ce960	UNCONDITIONAL_CALL	0
0x0017f2c9	0x0017f2f1	UNCONDITIONAL_JUMP	0
0x0017f2cc	0xStack[0xc]	READ	1
0x0017f2cf	0xStack[0x4]	READ	1
0x0017f2d5	0xStack[-0x18]	READ	1
0x0017f2de	0x001f927c	READ	1
0x0017f2e4	0x00201c54	DATA	0
0x0017f2e5	0xStack[0xc]	READ	1
0x0017f2e9	0x001ce960	UNCONDITIONAL_CALL	0
0x0017f2ee	0xStack[0x4]	READ	1
0x0017f2f1	0xStack[-0x24]	DATA	0
0x0017f302	0xStack[0x4]	READ	1
0x0017f30a	0x0017f32c	CONDITIONAL_JUMP	0
0x0017f30c	0x001f921c	READ	1
0x0017f312	0x00201920	DATA	0
0x0017f313	0xStack[-0xc]	WRITE	0
0x0017f316	0x001f9e38	READ	1
0x0017f31c	0x001fdfdf	DATA	1
0x0017f31c	0xStack[-0x8]	WRITE	0
0x0017f31f	0xStack[-0xc]	DATA	0
0x0017f323	0x001cea70	UNCONDITIONAL_CALL	0
0x0017f334	0x001f9280	READ	1
0x0017f33a	0x00201c40	DATA	0
0x0017f33c	0x001ce960	UNCONDITIONAL_CALL	0
0x0017f34b	0xStack[0x4]	READ	1
0x0017f35b	0x001e731c	READ	0
0x0017f362	0x0017f394	CONDITIONAL_JUMP	0
0x0017f364	0x001e0fc8	DATA	0
0x0017f369	0x001f9284	READ	1
0x0017f36f	0x00201e5c	DATA	0
0x0017f370	0x001f9210	READ	1
0x0017f376	0x00201900	DATA	0
0x0017f377	0x001f9d74	READ	1
0x0017f37d	0x001fe0c9	DATA	0
0x0017f37e	0x001ce960	UNCONDITIONAL_CALL	0
0x0017f387	0x001ce960	UNCONDITIONAL_CALL	0
0x0017f38c	0x001e731c	WRITE	0
0x0017f394	0x001e7320	READ	0
0x0017f39b	0x0017f3ca	CONDITIONAL_JUMP	0
0x0017f39d	0x001e0fca	DATA	0
0x0017f3a2	0x001f9284	READ	1
0x0017f3a8	0x00201e5c	DATA	0
0x0017f3a9	0x001f9210	READ	1
0x0017f3af	0x00201900	DATA	0
0x0017f3b0	0x001f9d74	READ	1
0x0017f3b6	0x001fe0c9	DATA	0
0x0017f3b7	0x001ce960	UNCONDITIONAL_CALL	0
0x0017f3c0	0x001ce960	UNCONDITIONAL_CALL	0
0x0017f3c5	0x001e7320	WRITE	0
0x0017f3ca	0xStack[0x4]	READ	1
0x0017f3d8	0xStack[0xc]	READ	1
0x0017f3dc	0xStack[0x10]	READ	1
0x0017f3e0	0x001f9288	READ	1
0x0017f3e6	0x00201e6c	DATA	0
0x0017f3e7	0x001e731c	READ	1
0x0017f3ee	0x001ce960	UNCONDITIONAL_CALL	0
0x0017f3f5	0xStack[-0x8]	READ	1
0x0017f402	0xStack[0xc]	READ	1
0x0017f405	0xStack[0x10]	READ	1
0x0017f409	0x001f928c	READ	1
0x0017f40f	0x00201e80	DATA	0
0x0017f410	0x001e7320	READ	1
0x0017f417	0x001ce960	UNCONDITIONAL_CALL	0
0x0017f423	0x0017f467	CONDITIONAL_JUMP	0
0x0017f425	0x001e0fcc	DATA	0
0x0017f42a	0x001f9284	READ	1
0x0017f430	0x00201e5c	DATA	0
0x0017f431	0x001f9210	READ	1
0x0017f437	0x00201900	DATA	0
0x0017f438	0x001f9d74	READ	1
0x0017f43e	0x001fe0c9	DATA	0
0x0017f43f	0x001ce960	UNCONDITIONAL_CALL	0
0x0017f448	0x001ce960	UNCONDITIONAL_CALL	0
0x0017f451	0x001f9288	READ	1
0x0017f457	0x00201e6c	DATA	0
0x0017f458	0x001e7320	READ	1
0x0017f45f	0x001ce960	UNCONDITIONAL_CALL	0
0x0017f468	0xStack[0x14]	READ	1
0x0017f46c	0x001f9288	READ	1
0x0017f472	0x00201e6c	DATA	0
0x0017f474	0x001ce960	UNCONDITIONAL_CALL	0
0x0017f47b	0xStack[-0x10]	DATA	0
0x0017f48b	0xStack[0xc]	READ	1
0x0017f48f	0x001f928c	READ	1
0x0017f495	0x00201e80	DATA	0
0x0017f496	0x001e731c	READ	1
0x0017f49d	0x001ce960	UNCONDITIONAL_CALL	0
0x0017f4ae	0xStack[0xc]	READ	1
0x0017f4b2	0x001f928c	READ	1
0x0017f4b8	0x00201e80	DATA	0
0x0017f4b9	0x001e7320	READ	1
0x0017f4c0	0x001ce960	UNCONDITIONAL_CALL	0
0x0017f4ca	0x0017f4df	CONDITIONAL_JUMP	0
0x0017f4cc	0xStack[0x10]	READ	1
0x0017f4d0	0x001f928c	READ	1
0x0017f4d6	0x00201e80	DATA	0
0x0017f4d8	0x001ce960	UNCONDITIONAL_CALL	0
0x0017f4e1	0xStack[-0x8]	READ	1
0x0017f4ef	0xStack[0x4]	READ	1
0x0017f4f2	0x001f924c	READ	1
0x0017f4f8	0x00201a24	DATA	0
0x0017f4f9	0xStack[-0xc]	WRITE	0
0x0017f4fc	0x001f9e10	READ	1
0x0017f502	0x001fdfdf	DATA	1
0x0017f502	0xStack[-0x8]	WRITE	0
0x0017f505	0xStack[-0xc]	DATA	0
0x0017f509	0x001cea70	UNCONDITIONAL_CALL	0
0x0017f515	0x0017f542	CONDITIONAL_JUMP	0
0x0017f517	0x001e0fce	DATA	0
0x0017f51c	0x001f9284	READ	1
0x0017f522	0x00201e5c	DATA	0
0x0017f523	0x001f9210	READ	1
0x0017f529	0x00201900	DATA	0
0x0017f52a	0x001f9d74	READ	1
0x0017f530	0x001fe0c9	DATA	0
0x0017f531	0x001ce960	UNCONDITIONAL_CALL	0
0x0017f53a	0x001ce960	UNCONDITIONAL_CALL	0
0x0017f544	0xStack[-0x10]	READ	1
0x0017f552	0xStack[0x4]	READ	1
0x0017f559	0x0017f57c	CONDITIONAL_JUMP	0
0x0017f55b	0x001f921c	READ	1
0x0017f561	0x00201920	DATA	0
0x0017f562	0xStack[-0xc]	WRITE	0
0x0017f565	0x001f9e10	READ	1
0x0017f56b	0x001fdfdf	DATA	1
0x0017f56b	0xStack[-0x8]	WRITE	0
0x0017f56e	0xStack[-0xc]	DATA	0
0x0017f572	0x001cea70	UNCONDITIONAL_CALL	0
0x0017f583	0xStack[0x4]	READ	1
0x0017f59b	0xStack[0xc]	READ	1
0x0017f59f	0x001f9290	READ	1
0x0017f5a5	0x00201e90	DATA	0
0x0017f5a6	0x001f9210	READ	1
0x0017f5ac	0x00201900	DATA	0
0x0017f5ad	0x001f9d78	READ	1
0x0017f5b3	0x001fe0d3	DATA	0
0x0017f5b4	0x001ce960	UNCONDITIONAL_CALL	0
0x0017f5bd	0x001ce960	UNCONDITIONAL_CALL	0
0x0017f5cd	0xStack[0xc]	READ	1
0x0017f5d0	0x001f9294	READ	1
0x0017f5d6	0x00201b6c	DATA	0
0x0017f5d7	0xStack[0x4]	READ	1
0x0017f5db	0x001ce960	UNCONDITIONAL_CALL	0
0x0017f5e7	0x0017f611	CONDITIONAL_JUMP	0
0x0017f5f0	0x0017f611	CONDITIONAL_JUMP	0
0x0017f5f3	0x001f9298	READ	1
0x0017f5f9	0x00201ea8	DATA	0
0x0017f5fb	0x001ce960	UNCONDITIONAL_CALL	0
0x0017f605	0x0017f60c	CONDITIONAL_JUMP	0
0x0017f609	0x0017f613	UNCONDITIONAL_JUMP	0
0x0017f60f	0x0017f5ec	CONDITIONAL_JUMP	0
0x0017f613	0xStack[-0xc]	DATA	0
0x0017f622	0xStack[0x4]	READ	1
0x0017f625	0xStack[0xc]	READ	1
0x0017f628	0xStack[0x10]	READ	1
0x0017f62f	0x001f929c	READ	1
0x0017f635	0x00201ec4	DATA	0
0x0017f637	0x001ce960	UNCONDITIONAL_CALL	0
0x0017f641	0x0017f658	CONDITIONAL_JUMP	0
0x0017f645	0x001f9288	READ	1
0x0017f64b	0x00201e6c	DATA	0
0x0017f64d	0x001ce960	UNCONDITIONAL_CALL	0
0x0017f654	0x0017f65a	UNCONDITIONAL_JUMP	0
0x0017f65a	0xStack[-0x10]	DATA	0
0x0017f66a	0xStack[0x4]	READ	1
0x0017f66d	0xStack[0xc]	READ	1
0x0017f674	0x001f928c	READ	1
0x0017f67a	0x00201e80	DATA	0
0x0017f67c	0x001ce960	UNCONDITIONAL_CALL	0
0x0017f688	0x0017f69c	CONDITIONAL_JUMP	0
0x0017f68b	0x001f92a0	READ	1
0x0017f691	0x00201ecc	DATA	0
0x0017f693	0x001ce960	UNCONDITIONAL_CALL	0
0x0017f69a	0x0017f69e	UNCONDITIONAL_JUMP	0
0x0017f69e	0xStack[-0x10]	DATA	0
0x0017f6ab	0xStack[0x4]	READ	1
0x0017f6ae	0xStack[0xc]	READ	1
0x0017f6b2	0x001f928c	READ	1
0x0017f6b8	0x00201e80	DATA	0
0x0017f6bd	0x001ce960	UNCONDITIONAL_CALL	0
0x0017f6cb	0x001e7318	DATA	1
0x0017f6e3	0xStack[0x4]	READ	1
0x0017f6f3	0xStack[0x4]	READ	1
0x0017f6f6	0xStack[0xc]	READ	1
0x0017f703	0x001f924c	READ	1
0x0017f709	0x00201a24	DATA	0
0x0017f70a	0x001f9210	READ	1
0x0017f710	0x00201900	DATA	0
0x0017f711	0xStack[0x4]	READ	1
0x0017f715	0x001ce960	UNCONDITIONAL_CALL	0
0x0017f71e	0x001ce960	UNCONDITIONAL_CALL	0
0x0017f72f	0xStack[0x4]	READ	1
0x0017f73f	0xStack[0x4]	READ	1
0x0017f755	0xStack[0x8]	READ	1
0x0017f758	0xStack[0xc]	READ	1
0x0017f75b	0xStack[0x10]	READ	1
0x0017f75e	0xStack[0x14]	READ	1
0x0017f764	0xStack[-0x8]	WRITE	0
0x0017f768	0x001747a8	UNCONDITIONAL_CALL	0
0x0017f772	0x0017f780	CONDITIONAL_JUMP	0
0x0017f774	0xStack[-0x8]	READ	1
0x0017f77c	0x0017f789	UNCONDITIONAL_JUMP	0
0x0017f780	0x001e89ec	READ	1
0x0017f793	0xStack[-0x8]	READ	1
0x0017f797	0x00174a90	UNCONDITIONAL_CALL	0
0x0017f7a3	0x0017f7b8	CONDITIONAL_JUMP	0
0x0017f7a5	0xStack[-0x8]	READ	1
0x0017f7a9	0x001747d8	UNCONDITIONAL_CALL	0
0x0017f7b0	0x0017f840	UNCONDITIONAL_JUMP	0
0x0017f7b8	0x001e89ec	READ	1
0x0017f7d2	0xStack[-0x8]	READ	1
0x0017f7d6	0x00175814	UNCONDITIONAL_CALL	0
0x0017f7db	0x001e89ec	READ	1
0x0017f7e2	0xStack[0x4]	READ_WRITE	0
0x0017f7e8	0xStack[0x18]	READ	0
0x0017f7ec	0x0017f7f8	CONDITIONAL_JUMP	0
0x0017f7ee	0xStack[0x18]	READ	0
0x0017f7f2	0x0017f800	CONDITIONAL_JUMP	0
0x0017f7f4	0x0017f808	UNCONDITIONAL_JUMP	0
0x0017f7fd	0x0017f831	UNCONDITIONAL_JUMP	0
0x0017f805	0x0017f831	UNCONDITIONAL_JUMP	0
0x0017f80a	0x0017f831	UNCONDITIONAL_JUMP	0
0x0017f811	0xStack[0x4]	READ	1
0x0017f816	0xStack[-0x8]	READ	1
0x0017f81d	0x00190188	UNCONDITIONAL_CALL	0
0x0017f822	0x001e0d0c	READ	1
0x0017f82b	0xStack[0x4]	READ_WRITE	0
0x0017f833	0x0017f80c	CONDITIONAL_JUMP	0
0x0017f835	0xStack[-0x8]	READ	1
0x0017f839	0x001747d8	UNCONDITIONAL_CALL	0
0x0017f840	0xStack[-0x18]	DATA	0
0x0017f852	0xStack[0x4]	READ	1
0x0017f855	0xStack[0x10]	READ	1
0x0017f858	0xStack[0x14]	READ	1
0x0017f85b	0x001f9278	READ	1
0x0017f861	0x00201cac	DATA	0
0x0017f863	0x001ce960	UNCONDITIONAL_CALL	0
0x0017f86c	0xStack[0xc]	READ	1
0x0017f873	0x001f92a4	READ	1
0x0017f879	0x00201f24	DATA	0
0x0017f87a	0x001f9210	READ	1
0x0017f880	0x00201900	DATA	0
0x0017f881	0x001f9d7c	READ	1
0x0017f887	0x001fe0e9	DATA	0
0x0017f888	0x001ce960	UNCONDITIONAL_CALL	0
0x0017f891	0x001ce960	UNCONDITIONAL_CALL	0
0x0017f896	0xStack[-0x10]	DATA	0
0x0017f8a6	0xStack[0x4]	READ	1
0x0017f8a9	0xStack[0xc]	READ	1
0x0017f8ac	0xStack[0x10]	READ	1
0x0017f8af	0x001f9278	READ	1
0x0017f8b5	0x00201cac	DATA	0
0x0017f8b7	0x001ce960	UNCONDITIONAL_CALL	0
0x0017f8c3	0x001f92a8	READ	1
0x0017f8c9	0x00201efc	DATA	0
0x0017f8ca	0x001f9210	READ	1
0x0017f8d0	0x00201900	DATA	0
0x0017f8d1	0x001f9d7c	READ	1
0x0017f8d7	0x001fe0e9	DATA	0
0x0017f8d8	0x001ce960	UNCONDITIONAL_CALL	0
0x0017f8e1	0x001ce960	UNCONDITIONAL_CALL	0
0x0017f8e6	0xStack[-0x10]	DATA	0
0x0017f8f9	0xStack[0x4]	READ	1
0x0017f8fc	0xStack[0x1c]	READ	1
0x0017f901	0x0017f918	CONDITIONAL_JUMP	0
0x0017f903	0x001f921c	READ	1
0x0017f909	0x00201920	DATA	0
0x0017f90b	0x001ce960	UNCONDITIONAL_CALL	0
0x0017f910	0x0017f99b	UNCONDITIONAL_JUMP	0
0x0017f918	0xStack[0x14]	READ	1
0x0017f91c	0xStack[0x10]	READ	1
0x0017f920	0xStack[0xc]	READ	1
0x0017f924	0x001f92ac	READ	1
0x0017f92a	0x00201c28	DATA	0
0x0017f92b	0xStack[-0xc]	WRITE	0
0x0017f92e	0x001f9f00	READ	1
0x0017f934	0x001fe035	DATA	1
0x0017f934	0xStack[-0x8]	WRITE	0
0x0017f937	0xStack[-0xc]	DATA	0
0x0017f93b	0x001cea70	UNCONDITIONAL_CALL	0
0x0017f945	0x0017f94c	CONDITIONAL_JUMP	0
0x0017f949	0x0017f99b	UNCONDITIONAL_JUMP	0
0x0017f94c	0x001f92b0	READ	1
0x0017f952	0x00201c1c	DATA	0
0x0017f954	0x001ce960	UNCONDITIONAL_CALL	0
0x0017f959	0xStack[-0x14]	WRITE	0
0x0017f95c	0xStack[-0x10]	WRITE	0
0x0017f95f	0xStack[0x20]	READ	1
0x0017f966	0xStack[0x18]	DATA	0
0x0017f96a	0xStack[-0x10]	READ	1
0x0017f96e	0xStack[-0x14]	READ	1
0x0017f972	0x0017f74c	UNCONDITIONAL_CALL	0
0x0017f97c	0x0017f990	CONDITIONAL_JUMP	0
0x0017f97e	0x001f921c	READ	1
0x0017f984	0x00201920	DATA	0
0x0017f986	0x001ce960	UNCONDITIONAL_CALL	0
0x0017f98b	0x0017f99b	UNCONDITIONAL_JUMP	0
0x0017f993	0xStack[0x18]	READ	1
0x0017f99b	0xStack[-0x20]	DATA	0
0x0017f9b1	0xStack[0x4]	READ	1
0x0017f9b4	0xStack[0x18]	READ	1
0x0017f9b9	0x0017f9cc	CONDITIONAL_JUMP	0
0x0017f9bb	0x001f921c	READ	1
0x0017f9c1	0x00201920	DATA	0
0x0017f9c3	0x001ce960	UNCONDITIONAL_CALL	0
0x0017f9c8	0x0017fa49	UNCONDITIONAL_JUMP	0
0x0017f9cc	0xStack[0x14]	READ	1
0x0017f9d0	0xStack[0x10]	READ	1
0x0017f9d4	0xStack[0xc]	READ	1
0x0017f9d8	0x001f92ac	READ	1
0x0017f9de	0x00201c28	DATA	0
0x0017f9df	0xStack[-0xc]	WRITE	0
0x0017f9e2	0x001f9f00	READ	1
0x0017f9e8	0x001fe035	DATA	1
0x0017f9e8	0xStack[-0x8]	WRITE	0
0x0017f9eb	0xStack[-0xc]	DATA	0
0x0017f9ef	0x001cea70	UNCONDITIONAL_CALL	0
0x0017f9f9	0x0017fa00	CONDITIONAL_JUMP	0
0x0017f9fd	0x0017fa49	UNCONDITIONAL_JUMP	0
0x0017fa00	0x001f92b0	READ	1
0x0017fa06	0x00201c1c	DATA	0
0x0017fa08	0x001ce960	UNCONDITIONAL_CALL	0
0x0017fa0d	0xStack[-0x14]	WRITE	0
0x0017fa10	0xStack[-0x10]	WRITE	0
0x0017fa13	0xStack[0x1c]	READ	1
0x0017fa1e	0xStack[-0x10]	READ	1
0x0017fa22	0xStack[-0x14]	READ	1
0x0017fa26	0x0017f74c	UNCONDITIONAL_CALL	0
0x0017fa30	0x0017fa44	CONDITIONAL_JUMP	0
0x0017fa32	0x001f921c	READ	1
0x0017fa38	0x00201920	DATA	0
0x0017fa3a	0x001ce960	UNCONDITIONAL_CALL	0
0x0017fa3f	0x0017fa49	UNCONDITIONAL_JUMP	0
0x0017fa49	0xStack[-0x20]	DATA	0
0x0017fa5c	0xStack[0x4]	READ	1
0x0017fa5f	0x001f92b0	READ	1
0x0017fa65	0x00201c1c	DATA	0
0x0017fa67	0x001ce960	UNCONDITIONAL_CALL	0
0x0017fa74	0x0017fa87	CONDITIONAL_JUMP	0
0x0017fa7f	0x0017c620	UNCONDITIONAL_CALL	0
0x0017fa87	0x001f921c	READ	1
0x0017fa8d	0x00201920	DATA	0
0x0017fa8e	0xStack[-0xc]	WRITE	0
0x0017fa91	0x001f9f00	READ	1
0x0017fa97	0x001fe035	DATA	1
0x0017fa97	0xStack[-0x8]	WRITE	0
0x0017fa9a	0xStack[-0xc]	DATA	0
0x0017fa9e	0x001cea70	UNCONDITIONAL_CALL	0
0x0017faa3	0xStack[-0x14]	DATA	0
0x0017faaf	0xStack[0x4]	READ	1
0x0017fabf	0xStack[0x4]	READ	1
0x0017fad5	0xStack[0x4]	READ	1
0x0017fadb	0xStack[-0x8]	WRITE	0
0x0017fae2	0x0017e70c	UNCONDITIONAL_CALL	0
0x0017faf3	0x0017fb0a	UNCONDITIONAL_JUMP	0
0x0017faf8	0xStack[0x8]	READ	1
0x0017fb02	0xStack[-0x8]	READ	1
0x0017fb0f	0x0017faf8	CONDITIONAL_JUMP	0
0x0017fb15	0x0017e70c	UNCONDITIONAL_CALL	0
0x0017fb23	0x0017fb2d	CONDITIONAL_JUMP	0
0x0017fb29	0x0017fb2d	CONDITIONAL_JUMP	0
0x0017fb31	0x0017e744	UNCONDITIONAL_CALL	0
0x0017fb3a	0x0017e744	UNCONDITIONAL_CALL	0
0x0017fb42	0xStack[-0x14]	DATA	0
0x0017fb51	0xStack[0x4]	READ	1
0x0017fb58	0x0017fb82	CONDITIONAL_JUMP	0
0x0017fb5e	0x0017e70c	UNCONDITIONAL_CALL	0
0x0017fb74	0x0017fb79	CONDITIONAL_JUMP	0
0x0017fb7d	0x0017e744	UNCONDITIONAL_CALL	0
0x0017fb82	0xStack[-0xc]	DATA	0
0x0017fb91	0xStack[0x4]	READ	1
0x0017fb98	0x0017fbba	CONDITIONAL_JUMP	0
0x0017fb9e	0x0017e70c	UNCONDITIONAL_CALL	0
0x0017fbab	0x0017fbb1	CONDITIONAL_JUMP	0
0x0017fbb5	0x0017e744	UNCONDITIONAL_CALL	0
0x0017fbba	0xStack[-0xc]	DATA	0
0x0017fbcc	0xStack[0x4]	READ	1
0x0017fbcf	0xStack[0x18]	READ	1
0x0017fbd6	0xStack[0x10]	READ	1
0x0017fbda	0xStack[0xc]	READ	1
0x0017fbde	0x001f9254	READ	1
0x0017fbe4	0x00201d88	DATA	0
0x0017fbe5	0xStack[-0xc]	WRITE	0
0x0017fbe8	0x001f9f50	READ	1
0x0017fbee	0x001fe06b	DATA	1
0x0017fbee	0xStack[-0x8]	WRITE	0
0x0017fbf1	0xStack[-0xc]	DATA	0
0x0017fbf5	0x001cea70	UNCONDITIONAL_CALL	0
0x0017fbfa	0x001f924c	READ	1
0x0017fc00	0x00201a24	DATA	0
0x0017fc01	0x001f9210	READ	1
0x0017fc07	0x00201900	DATA	0
0x0017fc08	0x001f9d80	READ	1
0x0017fc0e	0x001fe1b2	DATA	0
0x0017fc0f	0x001ce960	UNCONDITIONAL_CALL	0
0x0017fc18	0x001ce960	UNCONDITIONAL_CALL	0
0x0017fc20	0x001f924c	READ	1
0x0017fc26	0x00201a24	DATA	0
0x0017fc27	0x001f9210	READ	1
0x0017fc2d	0x00201900	DATA	0
0x0017fc2e	0x001f9d84	READ	1
0x0017fc34	0x001fdfd6	DATA	0
0x0017fc35	0x001ce960	UNCONDITIONAL_CALL	0
0x0017fc3e	0x001ce960	UNCONDITIONAL_CALL	0
0x0017fc49	0x001f924c	READ	1
0x0017fc4f	0x00201a24	DATA	0
0x0017fc50	0x001f9210	READ	1
0x0017fc56	0x00201900	DATA	0
0x0017fc57	0x001f9d84	READ	1
0x0017fc5d	0x001fdfd6	DATA	0
0x0017fc5e	0x001ce960	UNCONDITIONAL_CALL	0
0x0017fc67	0x001ce960	UNCONDITIONAL_CALL	0
0x0017fc6f	0xStack[0x14]	READ	1
0x0017fc77	0x0017fc8a	CONDITIONAL_JUMP	0
0x0017fc79	0x00180184	DATA	1
0x0017fc80	0x0017fc87	CONDITIONAL_JUMP	0
0x0017fc82	0x0018019c	DATA	1
0x0017fc87	0x0018019c	DATA	1
0x0017fc87	0x00180184	DATA	1
0x0017fc8c	0xStack[-0x14]	DATA	0
0x0017fc9b	0xStack[0x14]	READ	1
0x0017fca2	0xStack[0x10]	READ	1
0x0017fca6	0xStack[0xc]	READ	1
0x0017fcaa	0x001f92b4	READ	1
0x0017fcb0	0x00202058	DATA	0
0x0017fcb1	0xStack[0x4]	READ	1
0x0017fcb5	0x001ce960	UNCONDITIONAL_CALL	0
0x0017fcc7	0xStack[0x4]	READ	1
0x0017fcca	0x001f92b8	READ	1
0x0017fcd0	0x00201a14	DATA	0
0x0017fcd5	0x001ce960	UNCONDITIONAL_CALL	0
0x0017fce1	0x0017fcf8	CONDITIONAL_JUMP	0
0x0017fce3	0x001f92bc	READ	1
0x0017fce9	0x00201a0c	DATA	0
0x0017fcee	0x001ce960	UNCONDITIONAL_CALL	0
0x0017fcf5	0x0017fd24	UNCONDITIONAL_JUMP	0
0x0017fcf8	0x001f92bc	READ	1
0x0017fcfe	0x00201a0c	DATA	0
0x0017fd03	0x001ce960	UNCONDITIONAL_CALL	0
0x0017fd08	0x001f921c	READ	1
0x0017fd0e	0x00201920	DATA	0
0x0017fd0f	0xStack[-0xc]	WRITE	0
0x0017fd12	0x001f9f50	READ	1
0x0017fd18	0x001fe06b	DATA	1
0x0017fd18	0xStack[-0x8]	WRITE	0
0x0017fd1b	0xStack[-0xc]	DATA	0
0x0017fd1f	0x001cea70	UNCONDITIONAL_CALL	0
0x0017fd24	0xStack[-0x10]	READ	1
0x0017fd33	0xStack[0x4]	READ	1
0x0017fd36	0x001f92b8	READ	1
0x0017fd3c	0x00201a14	DATA	0
0x0017fd41	0x001ce960	UNCONDITIONAL_CALL	0
0x0017fd4d	0x0017fd68	CONDITIONAL_JUMP	0
0x0017fd4f	0x001f92bc	READ	1
0x0017fd55	0x00201a0c	DATA	0
0x0017fd5a	0x001ce960	UNCONDITIONAL_CALL	0
0x0017fd61	0x0017fdfd	UNCONDITIONAL_JUMP	0
0x0017fd68	0x001f92b8	READ	1
0x0017fd6e	0x00201a14	DATA	0
0x0017fd73	0x001ce960	UNCONDITIONAL_CALL	0
0x0017fd89	0x0017fd8e	CONDITIONAL_JUMP	0
0x0017fd8e	0x001f92bc	READ	1
0x0017fd94	0x00201a0c	DATA	0
0x0017fd99	0x001ce960	UNCONDITIONAL_CALL	0
0x0017fd9e	0x001f92bc	READ	1
0x0017fda4	0x00201a0c	DATA	0
0x0017fda9	0x001ce960	UNCONDITIONAL_CALL	0
0x0017fdae	0x001f921c	READ	1
0x0017fdb4	0x00201920	DATA	0
0x0017fdb9	0x001ce960	UNCONDITIONAL_CALL	0
0x0017fdbe	0x001f921c	READ	1
0x0017fdc4	0x00201920	DATA	0
0x0017fdc9	0x001ce960	UNCONDITIONAL_CALL	0
0x0017fdd1	0x001f921c	READ	1
0x0017fdd7	0x00201920	DATA	0
0x0017fddc	0x001ce960	UNCONDITIONAL_CALL	0
0x0017fde1	0x001f9268	READ	1
0x0017fde7	0x00201cbc	DATA	0
0x0017fde8	0xStack[-0xc]	WRITE	0
0x0017fdeb	0x001f9f50	READ	1
0x0017fdf1	0x001fe06b	DATA	1
0x0017fdf1	0xStack[-0x8]	WRITE	0
0x0017fdf4	0xStack[-0xc]	DATA	0
0x0017fdf8	0x001cea70	UNCONDITIONAL_CALL	0
0x0017fdfd	0xStack[-0x10]	READ	1
0x0017fe09	0xStack[0x4]	READ	1
0x0017fe0c	0xStack[0xc]	READ	1
0x0017fe0f	0x001f92b8	READ	1
0x0017fe15	0x00201a14	DATA	0
0x0017fe1a	0x001ce960	UNCONDITIONAL_CALL	0
0x0017fe20	0x001f92c0	READ	1
0x0017fe26	0x00202084	DATA	0
0x0017fe2b	0x001ce960	UNCONDITIONAL_CALL	0
0x0017fe36	0x0017fe53	CONDITIONAL_JUMP	0
0x0017fe39	0x001f92c4	READ	1
0x0017fe3f	0x00202090	DATA	0
0x0017fe44	0x001ce960	UNCONDITIONAL_CALL	0
0x0017fe4e	0x0017fe53	CONDITIONAL_JUMP	0
0x0017fe53	0x001f92b8	READ	1
0x0017fe59	0x00201a14	DATA	0
0x0017fe5e	0x001ce960	UNCONDITIONAL_CALL	0
0x0017fe6c	0x0017fe76	CONDITIONAL_JUMP	0
0x0017fe72	0x0017fe76	CONDITIONAL_JUMP	0
0x0017fe76	0x001f92bc	READ	1
0x0017fe7c	0x00201a0c	DATA	0
0x0017fe81	0x001ce960	UNCONDITIONAL_CALL	0
0x0017fe86	0x001f92bc	READ	1
0x0017fe8c	0x00201a0c	DATA	0
0x0017fe91	0x001ce960	UNCONDITIONAL_CALL	0
0x0017fe98	0xStack[-0xc]	DATA	0
0x0017fea7	0xStack[0xc]	READ	1
0x0017feab	0x001f92c8	READ	1
0x0017feb1	0x00202040	DATA	0
0x0017feb2	0xStack[0x4]	READ	1
0x0017feb6	0x001ce960	UNCONDITIONAL_CALL	0
0x0017fec5	0xStack[0x4]	READ	1
0x0017fec8	0xStack[0xc]	READ	1
0x0017fecb	0x001f92b8	READ	1
0x0017fed1	0x00201a14	DATA	0
0x0017fed6	0x001ce960	UNCONDITIONAL_CALL	0
0x0017fedc	0x001f92cc	READ	1
0x0017fee2	0x0020209c	DATA	0
0x0017fee7	0x001ce960	UNCONDITIONAL_CALL	0
0x0017fef1	0x0017fef6	CONDITIONAL_JUMP	0
0x0017fef6	0x001f92b8	READ	1
0x0017fefc	0x00201a14	DATA	0
0x0017ff01	0x001ce960	UNCONDITIONAL_CALL	0
0x0017ff0f	0x0017ff19	CONDITIONAL_JUMP	0
0x0017ff15	0x0017ff19	CONDITIONAL_JUMP	0
0x0017ff19	0x001f92bc	READ	1
0x0017ff1f	0x00201a0c	DATA	0
0x0017ff24	0x001ce960	UNCONDITIONAL_CALL	0
0x0017ff29	0x001f92bc	READ	1
0x0017ff2f	0x00201a0c	DATA	0
0x0017ff34	0x001ce960	UNCONDITIONAL_CALL	0
0x0017ff3b	0xStack[-0xc]	DATA	0
0x0017ff48	0xStack[0x4]	READ	1
0x0017ff4b	0x001f92b8	READ	1
0x0017ff51	0x00201a14	DATA	0
0x0017ff56	0x001ce960	UNCONDITIONAL_CALL	0
0x0017ff6c	0x0017ff71	CONDITIONAL_JUMP	0
0x0017ff71	0x001f92bc	READ	1
0x0017ff77	0x00201a0c	DATA	0
0x0017ff7c	0x001ce960	UNCONDITIONAL_CALL	0
0x0017ff83	0xStack[-0x8]	READ	1
0x0017ff91	0xStack[0x4]	READ	1
0x0017ff94	0x001f92b8	READ	1
0x0017ff9a	0x00201a14	DATA	0
0x0017ff9f	0x001ce960	UNCONDITIONAL_CALL	0
0x0017ffac	0x0017ffb2	CONDITIONAL_JUMP	0
0x0017ffb8	0x0017ffbc	CONDITIONAL_JUMP	0
0x0017ffbc	0x001f92bc	READ	1
0x0017ffc2	0x00201a0c	DATA	0
0x0017ffc7	0x001ce960	UNCONDITIONAL_CALL	0
0x0017ffce	0xStack[-0xc]	DATA	0
0x0017ffe1	0xStack[0x4]	READ	1
0x0017ffe6	0x0015a75c	UNCONDITIONAL_CALL	0
0x0017ffeb	0xStack[-0x8]	WRITE	0
0x0017ffee	0xStack[-0x8]	READ	1
0x0017fff1	0x001d1390	DATA	1
0x0017fffe	0x001d1390	READ	1
0x0017fffe	0x001d1394	READ	1
0x00180002	0x001f9248	READ	1
0x00180008	0x00201a2c	DATA	0
0x00180009	0x001f9210	READ	1
0x0018000f	0x00201900	DATA	0
0x00180010	0x001f9d84	READ	1
0x00180016	0x001fdfd6	DATA	0
0x00180017	0x001ce960	UNCONDITIONAL_CALL	0
0x00180020	0x001ce960	UNCONDITIONAL_CALL	0
0x00180025	0xStack[-0x8]	READ	1
0x0018002c	0x0014b844	UNCONDITIONAL_CALL	0
0x00180034	0x001802e8	DATA	1
0x0018003b	0xStack[-0x8]	READ	1
0x00180064	0x0014b844	UNCONDITIONAL_CALL	0
0x00180069	0xStack[-0x8]	READ	1
0x0018006c	0xStack[-0x14]	DATA	0
0x0018007c	0xStack[0x4]	READ	1
0x00180083	0x0017e70c	UNCONDITIONAL_CALL	0
0x00180090	0x001800a4	CONDITIONAL_JUMP	0
0x0018009b	0x0017e744	UNCONDITIONAL_CALL	0
0x001800a0	0x001800d7	UNCONDITIONAL_JUMP	0
0x001800a8	0x0017e744	UNCONDITIONAL_CALL	0
0x001800b1	0x0014b86c	UNCONDITIONAL_CALL	0
0x001800ba	0x0014b86c	UNCONDITIONAL_CALL	0
0x001800bf	0x001f921c	READ	1
0x001800c5	0x00201920	DATA	0
0x001800ca	0x001ce960	UNCONDITIONAL_CALL	0
0x001800d2	0x0015a824	UNCONDITIONAL_CALL	0
0x001800d7	0xStack[-0x8]	READ	1
0x001800e5	0xStack[0x4]	READ	1
0x001800ee	0x0014b844	UNCONDITIONAL_CALL	0
0x001800f7	0x0017e70c	UNCONDITIONAL_CALL	0
0x0018010c	0x00180170	CONDITIONAL_JUMP	0
0x00180112	0x0017e744	UNCONDITIONAL_CALL	0
0x0018011e	0x0017e70c	UNCONDITIONAL_CALL	0
0x0018012b	0x00180138	CONDITIONAL_JUMP	0
0x00180136	0x00180174	UNCONDITIONAL_JUMP	0
0x0018013c	0x0017e744	UNCONDITIONAL_CALL	0
0x00180145	0x0014b86c	UNCONDITIONAL_CALL	0
0x0018014e	0x0014b86c	UNCONDITIONAL_CALL	0
0x00180153	0x001f921c	READ	1
0x00180159	0x00201920	DATA	0
0x0018015e	0x001ce960	UNCONDITIONAL_CALL	0
0x00180166	0x0015a824	UNCONDITIONAL_CALL	0
0x0018016b	0x00180179	UNCONDITIONAL_JUMP	0
0x00180174	0x0017e744	UNCONDITIONAL_CALL	0
0x00180179	0xStack[-0xc]	DATA	0
0x00180187	0xStack[0x4]	READ	1
0x00180191	0xStack[0x8]	READ	1
0x001801a2	0xStack[0x4]	READ	1
0x001801a5	0xStack[0x8]	READ	1
0x001801ac	0x00180208	UNCONDITIONAL_CALL	0
0x001801b9	0xStack[-0x10]	DATA	0
0x001801cc	0xStack[0x4]	READ	1
0x001801d3	0x0017e70c	UNCONDITIONAL_CALL	0
0x001801de	0xStack[-0x8]	WRITE	0
0x001801e9	0x0017e744	UNCONDITIONAL_CALL	0
0x001801f1	0xStack[-0x8]	READ	0
0x001801f5	0x001801fd	CONDITIONAL_JUMP	0
0x001801f8	0x0017fb8c	UNCONDITIONAL_CALL	0
0x001801fd	0xStack[-0x10]	DATA	0
0x00180210	0xStack[0x4]	READ	1
0x00180217	0x0017e70c	UNCONDITIONAL_CALL	0
0x00180222	0xStack[-0x8]	WRITE	0
0x0018022d	0x0017e744	UNCONDITIONAL_CALL	0
0x00180235	0xStack[-0x8]	READ	0
0x00180239	0x00180241	CONDITIONAL_JUMP	0
0x0018023c	0x0017fb4c	UNCONDITIONAL_CALL	0
0x00180241	0xStack[-0x10]	DATA	0
0x00180252	0xStack[0x4]	READ	1
0x00180258	0x0018c27c	UNCONDITIONAL_CALL	0
0x00180260	0x001802dc	CONDITIONAL_JUMP	0
0x00180266	0x0017e70c	UNCONDITIONAL_CALL	0
0x00180273	0x00180280	CONDITIONAL_JUMP	0
0x00180279	0x0017e744	UNCONDITIONAL_CALL	0
0x0018027e	0x001802dc	UNCONDITIONAL_JUMP	0
0x00180289	0x0017e744	UNCONDITIONAL_CALL	0
0x00180291	0x001e0fd0	DATA	1
0x0018029c	0x001e0fd0	READ	1
0x0018029c	0x001e0fd4	READ	1
0x0018029e	0xStack[0xc]	READ	1
0x001802ab	0x0014aa34	UNCONDITIONAL_CALL	0
0x001802b5	0x001802dc	CONDITIONAL_JUMP	0
0x001802bb	0x0017e70c	UNCONDITIONAL_CALL	0
0x001802ce	0x0017e744	UNCONDITIONAL_CALL	0
0x001802d7	0x0016982c	UNCONDITIONAL_CALL	0
0x001802dc	0xStack[-0x10]	DATA	0
0x001802ec	0xStack[0x4]	READ	1
0x001802f3	0x0017e70c	UNCONDITIONAL_CALL	0
0x00180306	0x0017e744	UNCONDITIONAL_CALL	0
0x00180315	0x0014a764	UNCONDITIONAL_CALL	0
0x0018031f	0x001803ba	CONDITIONAL_JUMP	0
0x00180329	0x0014b86c	UNCONDITIONAL_CALL	0
0x00180335	0x0014b844	UNCONDITIONAL_CALL	0
0x0018033e	0x0017e70c	UNCONDITIONAL_CALL	0
0x00180353	0x001803b1	CONDITIONAL_JUMP	0
0x00180359	0x0017e744	UNCONDITIONAL_CALL	0
0x00180365	0x0017e70c	UNCONDITIONAL_CALL	0
0x00180372	0x001803ac	CONDITIONAL_JUMP	0
0x00180378	0x0017e744	UNCONDITIONAL_CALL	0
0x00180381	0x0014b86c	UNCONDITIONAL_CALL	0
0x0018038a	0x0014b86c	UNCONDITIONAL_CALL	0
0x0018038f	0x001f921c	READ	1
0x00180395	0x00201920	DATA	0
0x0018039a	0x001ce960	UNCONDITIONAL_CALL	0
0x001803a2	0x0015a824	UNCONDITIONAL_CALL	0
0x001803a7	0x001803ba	UNCONDITIONAL_JUMP	0
0x001803b5	0x0017e744	UNCONDITIONAL_CALL	0
0x001803ba	0xStack[-0x8]	READ	1
0x001803cc	0xStack[0x4]	READ	1
0x001803cf	0xStack[0xc]	READ	1
0x001803d4	0x001803e8	CONDITIONAL_JUMP	0
0x001803d6	0x001f921c	READ	1
0x001803dc	0x00201920	DATA	0
0x001803de	0x001ce960	UNCONDITIONAL_CALL	0
0x001803e3	0x00180409	UNCONDITIONAL_JUMP	0
0x001803e8	0x001f924c	READ	1
0x001803ee	0x00201a24	DATA	0
0x001803ef	0xStack[-0xc]	WRITE	0
0x001803f2	0x001f9fa0	READ	1
0x001803f8	0x001fdfdf	DATA	1
0x001803f8	0xStack[-0x8]	WRITE	0
0x001803fb	0xStack[-0xc]	DATA	0
0x001803ff	0x001cea70	UNCONDITIONAL_CALL	0
0x00180409	0xStack[-0x14]	DATA	0
0x00180417	0x001f921c	READ	1
0x0018041d	0x00201920	DATA	0
0x0018041e	0xStack[0x4]	READ	1
0x00180422	0x001ce960	UNCONDITIONAL_CALL	0
0x00180433	0xStack[0x4]	READ	1
0x00180436	0x001f92d0	READ	1
0x0018043c	0x002021e0	DATA	0
0x0018043e	0x001ce960	UNCONDITIONAL_CALL	0
0x00180443	0x001f921c	READ	1
0x00180449	0x00201920	DATA	0
0x0018044a	0xStack[-0xc]	WRITE	0
0x0018044d	0x001f9fa0	READ	1
0x00180453	0x001fdfdf	DATA	1
0x00180453	0xStack[-0x8]	WRITE	0
0x00180456	0xStack[-0xc]	DATA	0
0x0018045a	0x001cea70	UNCONDITIONAL_CALL	0
0x0018045f	0xStack[-0x10]	READ	1
0x0018046b	0xStack[0x4]	READ	1
0x00180481	0xStack[0x4]	READ	1
0x00180488	0x001804af	CONDITIONAL_JUMP	0
0x0018048a	0xStack[-0x8]	DATA	0
0x00180490	0xStack[0xc]	READ	1
0x00180494	0x001e8b54	READ	1
0x001804a3	0x0014bbec	UNCONDITIONAL_CALL	0
0x001804ad	0x001804b8	CONDITIONAL_JUMP	0
0x001804b1	0x0018059e	UNCONDITIONAL_JUMP	0
0x001804b8	0x001f92d4	READ	1
0x001804be	0x002021c8	DATA	0
0x001804c3	0x001ce960	UNCONDITIONAL_CALL	0
0x001804cd	0x001804e0	CONDITIONAL_JUMP	0
0x001804cf	0xStack[-0x8]	READ	1
0x001804d3	0x0014d050	UNCONDITIONAL_CALL	0
0x001804d8	0x0018059c	UNCONDITIONAL_JUMP	0
0x001804e0	0x001f92d8	READ	1
0x001804e6	0x0020223c	DATA	0
0x001804e8	0x001ce960	UNCONDITIONAL_CALL	0
0x001804f4	0x0018051c	CONDITIONAL_JUMP	0
0x001804f6	0x001804cf	UNCONDITIONAL_JUMP	0
0x001804f8	0x001f92e4	READ	1
0x001804fe	0x00202180	DATA	0
0x00180500	0x001ce960	UNCONDITIONAL_CALL	0
0x00180509	0x0014d050	UNCONDITIONAL_CALL	0
0x00180517	0x0018059e	UNCONDITIONAL_JUMP	0
0x0018051c	0xStack[-0x8]	READ	1
0x00180523	0x001f92dc	READ	1
0x00180529	0x00202244	DATA	0
0x0018052a	0x001f9210	READ	1
0x00180530	0x00201900	DATA	0
0x00180531	0x001f9d80	READ	1
0x00180537	0x001fe1b2	DATA	0
0x00180538	0x001ce960	UNCONDITIONAL_CALL	0
0x00180541	0x001ce960	UNCONDITIONAL_CALL	0
0x00180550	0x0018059c	CONDITIONAL_JUMP	0
0x00180558	0x001f92e0	READ	1
0x0018055e	0x00202168	DATA	0
0x0018055f	0x001f9210	READ	1
0x00180565	0x00201900	DATA	0
0x00180566	0x001f9d88	READ	1
0x0018056c	0x001fe1b7	DATA	0
0x0018056d	0x001ce960	UNCONDITIONAL_CALL	0
0x00180576	0x001ce960	UNCONDITIONAL_CALL	0
0x0018057c	0x001f92c4	READ	1
0x00180582	0x00202090	DATA	0
0x00180587	0x001ce960	UNCONDITIONAL_CALL	0
0x00180591	0x001804f8	CONDITIONAL_JUMP	0
0x0018059a	0x00180554	CONDITIONAL_JUMP	0
0x0018059e	0xStack[-0x14]	DATA	0
0x001805ac	0xStack[0x4]	READ	1
0x001805b3	0x001805d2	CONDITIONAL_JUMP	0
0x001805b5	0x001f92e4	READ	1
0x001805bb	0x00202180	DATA	0
0x001805bd	0x001ce960	UNCONDITIONAL_CALL	0
0x001805c6	0x0014d050	UNCONDITIONAL_CALL	0
0x001805d4	0xStack[-0x8]	READ	1
0x001805df	0xStack[0x4]	READ	1
0x001805e2	0xStack[0xc]	READ	1
0x001805e6	0x001f92e8	READ	1
0x001805ec	0x00202250	DATA	0
0x001805f1	0x001ce960	UNCONDITIONAL_CALL	0
0x001805ff	0xStack[0x4]	READ	1
0x00180610	0xStack[0x4]	READ	1
0x00180618	0x0018063e	CONDITIONAL_JUMP	0
0x0018061a	0x001f921c	READ	1
0x00180620	0x00201920	DATA	0
0x00180621	0x001f92ec	READ	1
0x00180627	0x0020225c	DATA	0
0x00180629	0x001ce960	UNCONDITIONAL_CALL	0
0x00180632	0x001ce960	UNCONDITIONAL_CALL	0
0x0018063e	0xStack[-0x8]	READ	1
0x00180650	0xStack[0x4]	READ	1
0x00180653	0xStack[0xc]	READ	1
0x00180656	0x001f924c	READ	1
0x0018065c	0x00201a24	DATA	0
0x0018065d	0xStack[-0xc]	WRITE	0
0x00180660	0x001f9f78	READ	1
0x00180666	0x001fdfdf	DATA	1
0x00180666	0xStack[-0x8]	WRITE	0
0x00180669	0xStack[-0xc]	DATA	0
0x0018066d	0x001cea70	UNCONDITIONAL_CALL	0
0x00180674	0x001f9248	READ	1
0x0018067a	0x00201a2c	DATA	0
0x0018067b	0x001f9210	READ	1
0x00180681	0x00201900	DATA	0
0x00180682	0x001f9d84	READ	1
0x00180688	0x001fdfd6	DATA	0
0x00180689	0x001ce960	UNCONDITIONAL_CALL	0
0x00180692	0x001ce960	UNCONDITIONAL_CALL	0
0x0018069b	0x0017ffd8	UNCONDITIONAL_CALL	0
0x001806a5	0xStack[-0x14]	DATA	0
0x001806b7	0xStack[0x4]	READ	1
0x001806ba	0x001f92f0	READ	1
0x001806c0	0x00202100	DATA	0
0x001806c2	0x001ce960	UNCONDITIONAL_CALL	0
0x001806c7	0x001f921c	READ	1
0x001806cd	0x00201920	DATA	0
0x001806d2	0x001ce960	UNCONDITIONAL_CALL	0
0x001806db	0x00180078	UNCONDITIONAL_CALL	0
0x001806e0	0x001f921c	READ	1
0x001806e6	0x00201920	DATA	0
0x001806e7	0xStack[-0xc]	WRITE	0
0x001806ea	0x001f9f78	READ	1
0x001806f0	0x001fdfdf	DATA	1
0x001806f0	0xStack[-0x8]	WRITE	0
0x001806f3	0xStack[-0xc]	DATA	0
0x001806f7	0x001cea70	UNCONDITIONAL_CALL	0
0x001806fc	0xStack[-0x10]	READ	1
0x00180709	0xStack[0x4]	READ	1
0x0018070c	0xStack[0xc]	READ	1
0x0018070f	0x001f92b8	READ	1
0x00180715	0x00201a14	DATA	0
0x0018071a	0x001ce960	UNCONDITIONAL_CALL	0
0x00180726	0x00180740	CONDITIONAL_JUMP	0
0x00180728	0x001f92bc	READ	1
0x0018072e	0x00201a0c	DATA	0
0x00180733	0x001ce960	UNCONDITIONAL_CALL	0
0x0018073a	0x001807ec	UNCONDITIONAL_JUMP	0
0x00180743	0x001f92bc	READ	1
0x00180749	0x00201a0c	DATA	0
0x0018074e	0x001ce960	UNCONDITIONAL_CALL	0
0x00180753	0x001f92f4	READ	1
0x00180759	0x00202000	DATA	0
0x0018075b	0x001ce960	UNCONDITIONAL_CALL	0
0x00180761	0x001f92c8	READ	1
0x00180767	0x00202040	DATA	0
0x00180769	0x001ce960	UNCONDITIONAL_CALL	0
0x00180773	0x001807b0	CONDITIONAL_JUMP	0
0x00180775	0x001f92f8	READ	1
0x0018077b	0x00201ff8	DATA	0
0x0018077d	0x001ce960	UNCONDITIONAL_CALL	0
0x00180782	0x001f92b8	READ	1
0x00180788	0x00201a14	DATA	0
0x0018078d	0x001ce960	UNCONDITIONAL_CALL	0
0x00180799	0x001f92bc	READ	1
0x0018079f	0x00201a0c	DATA	0
0x001807a4	0x001ce960	UNCONDITIONAL_CALL	0
0x001807ab	0x001807ec	UNCONDITIONAL_JUMP	0
0x001807b0	0x001f92b8	READ	1
0x001807b6	0x00201a14	DATA	0
0x001807bb	0x001ce960	UNCONDITIONAL_CALL	0
0x001807c0	0x0018024c	DATA	1
0x001807c7	0xStack[0x10]	READ	1
0x001807cd	0x001f92bc	READ	1
0x001807d3	0x00201a0c	DATA	0
0x001807d8	0x001ce960	UNCONDITIONAL_CALL	0
0x001807dd	0x001f92f8	READ	1
0x001807e3	0x00201ff8	DATA	0
0x001807e5	0x001ce960	UNCONDITIONAL_CALL	0
0x001807ec	0xStack[-0xc]	DATA	0
0x001807fd	0xStack[0x4]	READ	1
0x00180800	0xStack[0xc]	READ	1
0x00180803	0x001f92b8	READ	1
0x00180809	0x00201a14	DATA	0
0x0018080e	0x001ce960	UNCONDITIONAL_CALL	0
0x0018081a	0x00180834	CONDITIONAL_JUMP	0
0x0018081c	0x001f92bc	READ	1
0x00180822	0x00201a0c	DATA	0
0x00180827	0x001ce960	UNCONDITIONAL_CALL	0
0x0018082e	0x001808e3	UNCONDITIONAL_JUMP	0
0x00180837	0x001f92bc	READ	1
0x0018083d	0x00201a0c	DATA	0
0x00180842	0x001ce960	UNCONDITIONAL_CALL	0
0x00180847	0x001f92f4	READ	1
0x0018084d	0x00202000	DATA	0
0x0018084f	0x001ce960	UNCONDITIONAL_CALL	0
0x00180854	0xStack[0x18]	READ	1
0x00180859	0x001f92fc	READ	1
0x0018085f	0x00202020	DATA	0
0x00180864	0x001ce960	UNCONDITIONAL_CALL	0
0x0018086e	0x001808a8	CONDITIONAL_JUMP	0
0x00180870	0x001f92f8	READ	1
0x00180876	0x00201ff8	DATA	0
0x00180878	0x001ce960	UNCONDITIONAL_CALL	0
0x0018087d	0x001f92b8	READ	1
0x00180883	0x00201a14	DATA	0
0x00180888	0x001ce960	UNCONDITIONAL_CALL	0
0x00180894	0x001f92bc	READ	1
0x0018089a	0x00201a0c	DATA	0
0x0018089f	0x001ce960	UNCONDITIONAL_CALL	0
0x001808a6	0x001808e3	UNCONDITIONAL_JUMP	0
0x001808a8	0x001f92b8	READ	1
0x001808ae	0x00201a14	DATA	0
0x001808b3	0x001ce960	UNCONDITIONAL_CALL	0
0x001808b8	0xStack[0x10]	READ	1
0x001808be	0xStack[0x14]	READ	1
0x001808c4	0x001f92bc	READ	1
0x001808ca	0x00201a0c	DATA	0
0x001808cf	0x001ce960	UNCONDITIONAL_CALL	0
0x001808d4	0x001f92f8	READ	1
0x001808da	0x00201ff8	DATA	0
0x001808dc	0x001ce960	UNCONDITIONAL_CALL	0
0x001808e3	0xStack[-0xc]	DATA	0
0x001808f2	0xStack[0x4]	READ	1
0x001808f5	0x001f92b8	READ	1
0x001808fb	0x00201a14	DATA	0
0x00180900	0x001ce960	UNCONDITIONAL_CALL	0
0x0018090d	0x00180924	CONDITIONAL_JUMP	0
0x0018090f	0x001f92bc	READ	1
0x00180915	0x00201a0c	DATA	0
0x0018091a	0x001ce960	UNCONDITIONAL_CALL	0
0x00180921	0x00180976	UNCONDITIONAL_JUMP	0
0x00180932	0x001f92bc	READ	1
0x00180938	0x00201a0c	DATA	0
0x0018093d	0x001ce960	UNCONDITIONAL_CALL	0
0x00180947	0x00180959	CONDITIONAL_JUMP	0
0x00180949	0x001f92f4	READ	1
0x0018094f	0x00202000	DATA	0
0x00180951	0x001ce960	UNCONDITIONAL_CALL	0
0x0018095a	0x001f9300	READ	1
0x00180960	0x00202008	DATA	0
0x00180962	0x001ce960	UNCONDITIONAL_CALL	0
0x00180967	0x001f92f8	READ	1
0x0018096d	0x00201ff8	DATA	0
0x0018096f	0x001ce960	UNCONDITIONAL_CALL	0
0x00180976	0xStack[-0x10]	DATA	0
0x00180986	0xStack[0x4]	READ	1
0x00180989	0x001f92b8	READ	1
0x0018098f	0x00201a14	DATA	0
0x00180994	0x001ce960	UNCONDITIONAL_CALL	0
0x001809a1	0x001809b8	CONDITIONAL_JUMP	0
0x001809a3	0x001f92bc	READ	1
0x001809a9	0x00201a0c	DATA	0
0x001809ae	0x001ce960	UNCONDITIONAL_CALL	0
0x001809b5	0x001809e5	UNCONDITIONAL_JUMP	0
0x001809bf	0x001f92bc	READ	1
0x001809c5	0x00201a0c	DATA	0
0x001809ca	0x001ce960	UNCONDITIONAL_CALL	0
0x001809d4	0x001809e3	CONDITIONAL_JUMP	0
0x001809d6	0x001f92f4	READ	1
0x001809dc	0x00202000	DATA	0
0x001809de	0x001ce960	UNCONDITIONAL_CALL	0
0x001809e5	0xStack[-0x10]	DATA	0
0x001809f6	0xStack[0x4]	READ	1
0x001809f9	0x001f92b8	READ	1
0x001809ff	0x00201a14	DATA	0
0x00180a04	0x001ce960	UNCONDITIONAL_CALL	0
0x00180a11	0x00180a28	CONDITIONAL_JUMP	0
0x00180a13	0x001f92bc	READ	1
0x00180a19	0x00201a0c	DATA	0
0x00180a1e	0x001ce960	UNCONDITIONAL_CALL	0
0x00180a25	0x00180a55	UNCONDITIONAL_JUMP	0
0x00180a2f	0x001f92bc	READ	1
0x00180a35	0x00201a0c	DATA	0
0x00180a3a	0x001ce960	UNCONDITIONAL_CALL	0
0x00180a44	0x00180a53	CONDITIONAL_JUMP	0
0x00180a46	0x001f92f8	READ	1
0x00180a4c	0x00201ff8	DATA	0
0x00180a4e	0x001ce960	UNCONDITIONAL_CALL	0
0x00180a55	0xStack[-0x10]	DATA	0
0x00180a69	0xStack[0x14]	READ	1
0x00180a6d	0x001f9340	READ	1
0x00180a73	0x002022a8	DATA	0
0x00180a74	0xStack[0x4]	READ	1
0x00180a78	0x001ce960	UNCONDITIONAL_CALL	0
0x00180a7d	0xStack[-0x14]	WRITE	0
0x00180a80	0xStack[0x14]	READ	1
0x00180a84	0x001f9344	READ	1
0x00180a8a	0x0020240c	DATA	0
0x00180a8b	0xStack[0x4]	READ	1
0x00180a8f	0x001ce960	UNCONDITIONAL_CALL	0
0x00180a94	0xStack[-0x8]	WRITE	0
0x00180a97	0x001f924c	READ	1
0x00180a9d	0x00201a24	DATA	0
0x00180a9e	0x001f9210	READ	1
0x00180aa4	0x00201900	DATA	0
0x00180aa5	0x001f9d80	READ	1
0x00180aab	0x001fe1b2	DATA	0
0x00180aac	0x001ce960	UNCONDITIONAL_CALL	0
0x00180ab5	0x001ce960	UNCONDITIONAL_CALL	0
0x00180aba	0xStack[-0xc]	WRITE	0
0x00180ac0	0x001f924c	READ	1
0x00180ac6	0x00201a24	DATA	0
0x00180ac7	0x001f9210	READ	1
0x00180acd	0x00201900	DATA	0
0x00180ace	0x001f9d80	READ	1
0x00180ad4	0x001fe1b2	DATA	0
0x00180ad5	0x001ce960	UNCONDITIONAL_CALL	0
0x00180ade	0x001ce960	UNCONDITIONAL_CALL	0
0x00180ae3	0xStack[-0x10]	WRITE	0
0x00180aeb	0xStack[0x10]	READ	0
0x00180aee	0x00180bf7	CONDITIONAL_JUMP	0
0x00180af4	0xStack[0xc]	READ	1
0x00180af7	0xStack[-0x1c]	WRITE	0
0x00180afc	0xStack[-0x1c]	READ	1
0x00180b01	0xStack[-0x18]	WRITE	0
0x00180b08	0x001f92d8	READ	1
0x00180b0e	0x0020223c	DATA	0
0x00180b0f	0xStack[-0x8]	READ	1
0x00180b13	0x001ce960	UNCONDITIONAL_CALL	0
0x00180b1d	0x00180b50	CONDITIONAL_JUMP	0
0x00180b1f	0x001f933c	READ	1
0x00180b25	0x00201d80	DATA	0
0x00180b27	0x001f92e8	READ	1
0x00180b2d	0x00202250	DATA	0
0x00180b2e	0xStack[-0x8]	READ	1
0x00180b32	0x001ce960	UNCONDITIONAL_CALL	0
0x00180b3d	0x001ce960	UNCONDITIONAL_CALL	0
0x00180b45	0xStack[-0x18]	READ	0
0x00180b48	0x00180b52	CONDITIONAL_JUMP	0
0x00180b4b	0x00180b08	UNCONDITIONAL_JUMP	0
0x00180b54	0x00180b6c	CONDITIONAL_JUMP	0
0x00180b57	0x001f92c4	READ	1
0x00180b5d	0x00202090	DATA	0
0x00180b5e	0xStack[-0xc]	READ	1
0x00180b62	0x001ce960	UNCONDITIONAL_CALL	0
0x00180b6a	0x00180be9	UNCONDITIONAL_JUMP	0
0x00180b6c	0xStack[0x14]	READ	1
0x00180b70	0x001f9348	READ	1
0x00180b76	0x00201b7c	DATA	0
0x00180b77	0xStack[0x4]	READ	1
0x00180b7e	0x001ce960	UNCONDITIONAL_CALL	0
0x00180b88	0x00180c94	CONDITIONAL_JUMP	0
0x00180b8e	0xStack[-0x14]	READ	0
0x00180b92	0x00180ba4	CONDITIONAL_JUMP	0
0x00180b94	0xStack[-0x1c]	READ	1
0x00180b9a	0x001f934c	READ	1
0x00180ba0	0x00180bb0	UNCONDITIONAL_JUMP	0
0x00180ba4	0xStack[-0x1c]	READ	1
0x00180baa	0x001f9350	READ	1
0x00180bb0	0x00201de4	DATA	0
0x00180bb0	0x00201df0	DATA	0
0x00180bb2	0x001ce960	UNCONDITIONAL_CALL	0
0x00180bbe	0x00180c94	CONDITIONAL_JUMP	0
0x00180bc5	0x001f92c4	READ	1
0x00180bcb	0x00202090	DATA	0
0x00180bcc	0xStack[-0x10]	READ	1
0x00180bd0	0x001ce960	UNCONDITIONAL_CALL	0
0x00180bd6	0x001f92c4	READ	1
0x00180bdc	0x00202090	DATA	0
0x00180bdd	0xStack[-0xc]	READ	1
0x00180be1	0x001ce960	UNCONDITIONAL_CALL	0
0x00180be9	0xStack[-0x1c]	READ_WRITE	0
0x00180bee	0xStack[0x10]	READ	0
0x00180bf1	0x00180afc	CONDITIONAL_JUMP	0
0x00180bfc	0x001f92d8	READ	1
0x00180c02	0x0020223c	DATA	0
0x00180c03	0xStack[-0x8]	READ	1
0x00180c07	0x001ce960	UNCONDITIONAL_CALL	0
0x00180c11	0x00180c54	CONDITIONAL_JUMP	0
0x00180c14	0x001f92e8	READ	1
0x00180c1a	0x00202250	DATA	0
0x00180c1b	0xStack[-0x8]	READ	1
0x00180c1f	0x001ce960	UNCONDITIONAL_CALL	0
0x00180c27	0x001f92c0	READ	1
0x00180c2d	0x00202084	DATA	0
0x00180c2e	0xStack[-0xc]	READ	1
0x00180c32	0x001ce960	UNCONDITIONAL_CALL	0
0x00180c3d	0x00180c4f	CONDITIONAL_JUMP	0
0x00180c3f	0x001f921c	READ	1
0x00180c45	0x00201920	DATA	0
0x00180c47	0x001ce960	UNCONDITIONAL_CALL	0
0x00180c50	0x00180bfc	UNCONDITIONAL_JUMP	0
0x00180c54	0x001f931c	READ	1
0x00180c5a	0x002024b4	DATA	0
0x00180c5b	0xStack[-0x8]	READ	1
0x00180c5f	0x001ce960	UNCONDITIONAL_CALL	0
0x00180c64	0xStack[0x14]	READ	1
0x00180c68	0xStack[-0xc]	READ	1
0x00180c6c	0x001f9338	READ	1
0x00180c72	0x002023e0	DATA	0
0x00180c73	0xStack[0x4]	READ	1
0x00180c77	0x001ce960	UNCONDITIONAL_CALL	0
0x00180c7c	0x001f921c	READ	1
0x00180c82	0x00201920	DATA	0
0x00180c83	0xStack[-0x10]	READ	1
0x00180c87	0x001ce960	UNCONDITIONAL_CALL	0
0x00180c8c	0xStack[0x4]	READ	1
0x00180c8f	0x00180cc6	UNCONDITIONAL_JUMP	0
0x00180c94	0x001f921c	READ	1
0x00180c9a	0x00201920	DATA	0
0x00180c9b	0x001f92ec	READ	1
0x00180ca1	0x0020225c	DATA	0
0x00180ca2	0xStack[-0x10]	READ	1
0x00180ca6	0x001ce960	UNCONDITIONAL_CALL	0
0x00180caf	0x001ce960	UNCONDITIONAL_CALL	0
0x00180cb4	0x001f921c	READ	1
0x00180cba	0x00201920	DATA	0
0x00180cbb	0xStack[-0xc]	READ	1
0x00180cbf	0x001ce960	UNCONDITIONAL_CALL	0
0x00180cc6	0xStack[-0x28]	DATA	0
0x00180cd9	0xStack[0x14]	READ	1
0x00180cdd	0x001f9340	READ	1
0x00180ce3	0x002022a8	DATA	0
0x00180ce4	0xStack[0x4]	READ	1
0x00180ce8	0x001ce960	UNCONDITIONAL_CALL	0
0x00180ced	0xStack[-0x14]	WRITE	0
0x00180cf0	0xStack[0x14]	READ	1
0x00180cf4	0x001f9344	READ	1
0x00180cfa	0x0020240c	DATA	0
0x00180cfb	0xStack[0x4]	READ	1
0x00180cff	0x001ce960	UNCONDITIONAL_CALL	0
0x00180d04	0xStack[-0x8]	WRITE	0
0x00180d07	0x001f924c	READ	1
0x00180d0d	0x00201a24	DATA	0
0x00180d0e	0x001f9210	READ	1
0x00180d14	0x00201900	DATA	0
0x00180d15	0x001f9d80	READ	1
0x00180d1b	0x001fe1b2	DATA	0
0x00180d1c	0x001ce960	UNCONDITIONAL_CALL	0
0x00180d25	0x001ce960	UNCONDITIONAL_CALL	0
0x00180d2a	0xStack[-0xc]	WRITE	0
0x00180d30	0x001f924c	READ	1
0x00180d36	0x00201a24	DATA	0
0x00180d37	0x001f9210	READ	1
0x00180d3d	0x00201900	DATA	0
0x00180d3e	0x001f9d80	READ	1
0x00180d44	0x001fe1b2	DATA	0
0x00180d45	0x001ce960	UNCONDITIONAL_CALL	0
0x00180d4e	0x001ce960	UNCONDITIONAL_CALL	0
0x00180d53	0xStack[-0x10]	WRITE	0
0x00180d5b	0xStack[0x10]	READ	0
0x00180d5e	0x00180e6f	CONDITIONAL_JUMP	0
0x00180d64	0xStack[0xc]	READ	1
0x00180d6a	0xStack[-0x1c]	WRITE	0
0x00180d71	0xStack[-0x18]	WRITE	0
0x00180d74	0xStack[-0x20]	WRITE	0
0x00180d7c	0x001f92d8	READ	1
0x00180d82	0x0020223c	DATA	0
0x00180d83	0xStack[-0x8]	READ	1
0x00180d87	0x001ce960	UNCONDITIONAL_CALL	0
0x00180d8f	0xStack[-0x20]	READ	0
0x00180d92	0x00180dcc	CONDITIONAL_JUMP	0
0x00180d94	0xStack[-0x20]	READ	1
0x00180d98	0x001f92e8	READ	1
0x00180d9e	0x00202250	DATA	0
0x00180d9f	0xStack[-0x8]	READ	1
0x00180da3	0x001ce960	UNCONDITIONAL_CALL	0
0x00180daa	0x001f9278	READ	1
0x00180db0	0x00201cac	DATA	0
0x00180db2	0x001ce960	UNCONDITIONAL_CALL	0
0x00180dba	0xStack[-0x1c]	READ	0
0x00180dbd	0x00180dc4	CONDITIONAL_JUMP	0
0x00180dbf	0xStack[-0x18]	READ	0
0x00180dc2	0x00180dce	CONDITIONAL_JUMP	0
0x00180dc4	0xStack[-0x20]	READ_WRITE	0
0x00180dc7	0x00180d7c	UNCONDITIONAL_JUMP	0
0x00180dd0	0x00180de8	CONDITIONAL_JUMP	0
0x00180dd3	0x001f92c4	READ	1
0x00180dd9	0x00202090	DATA	0
0x00180dda	0xStack[-0xc]	READ	1
0x00180dde	0x001ce960	UNCONDITIONAL_CALL	0
0x00180de6	0x00180e65	UNCONDITIONAL_JUMP	0
0x00180de8	0xStack[0x14]	READ	1
0x00180dec	0x001f9348	READ	1
0x00180df2	0x00201b7c	DATA	0
0x00180df3	0xStack[0x4]	READ	1
0x00180dfa	0x001ce960	UNCONDITIONAL_CALL	0
0x00180e04	0x00180f0c	CONDITIONAL_JUMP	0
0x00180e0a	0xStack[-0x14]	READ	0
0x00180e0e	0x00180e20	CONDITIONAL_JUMP	0
0x00180e10	0xStack[-0x18]	READ	0
0x00180e13	0xStack[-0x1c]	READ	0
0x00180e16	0x001f9354	READ	1
0x00180e1c	0x00201d40	DATA	0
0x00180e1d	0x00180e2d	UNCONDITIONAL_JUMP	0
0x00180e20	0xStack[-0x18]	READ	0
0x00180e23	0xStack[-0x1c]	READ	0
0x00180e26	0x001f9358	READ	1
0x00180e2c	0x00201d4c	DATA	0
0x00180e2e	0x001ce960	UNCONDITIONAL_CALL	0
0x00180e3a	0x00180f0c	CONDITIONAL_JUMP	0
0x00180e41	0x001f92c4	READ	1
0x00180e47	0x00202090	DATA	0
0x00180e48	0xStack[-0x10]	READ	1
0x00180e4c	0x001ce960	UNCONDITIONAL_CALL	0
0x00180e52	0x001f92c4	READ	1
0x00180e58	0x00202090	DATA	0
0x00180e59	0xStack[-0xc]	READ	1
0x00180e5d	0x001ce960	UNCONDITIONAL_CALL	0
0x00180e66	0xStack[0x10]	READ	0
0x00180e69	0x00180d64	CONDITIONAL_JUMP	0
0x00180e74	0x001f92d8	READ	1
0x00180e7a	0x0020223c	DATA	0
0x00180e7b	0xStack[-0x8]	READ	1
0x00180e7f	0x001ce960	UNCONDITIONAL_CALL	0
0x00180e89	0x00180ecc	CONDITIONAL_JUMP	0
0x00180e8c	0x001f92e8	READ	1
0x00180e92	0x00202250	DATA	0
0x00180e93	0xStack[-0x8]	READ	1
0x00180e97	0x001ce960	UNCONDITIONAL_CALL	0
0x00180e9f	0x001f92c0	READ	1
0x00180ea5	0x00202084	DATA	0
0x00180ea6	0xStack[-0xc]	READ	1
0x00180eaa	0x001ce960	UNCONDITIONAL_CALL	0
0x00180eb5	0x00180ec7	CONDITIONAL_JUMP	0
0x00180eb7	0x001f921c	READ	1
0x00180ebd	0x00201920	DATA	0
0x00180ebf	0x001ce960	UNCONDITIONAL_CALL	0
0x00180ec8	0x00180e74	UNCONDITIONAL_JUMP	0
0x00180ecc	0x001f931c	READ	1
0x00180ed2	0x002024b4	DATA	0
0x00180ed3	0xStack[-0x8]	READ	1
0x00180ed7	0x001ce960	UNCONDITIONAL_CALL	0
0x00180edc	0xStack[0x14]	READ	1
0x00180ee0	0xStack[-0xc]	READ	1
0x00180ee4	0x001f9338	READ	1
0x00180eea	0x002023e0	DATA	0
0x00180eeb	0xStack[0x4]	READ	1
0x00180eef	0x001ce960	UNCONDITIONAL_CALL	0
0x00180ef4	0x001f921c	READ	1
0x00180efa	0x00201920	DATA	0
0x00180efb	0xStack[-0x10]	READ	1
0x00180eff	0x001ce960	UNCONDITIONAL_CALL	0
0x00180f04	0xStack[0x4]	READ	1
0x00180f07	0x00180f3e	UNCONDITIONAL_JUMP	0
0x00180f0c	0x001f921c	READ	1
0x00180f12	0x00201920	DATA	0
0x00180f13	0x001f92ec	READ	1
0x00180f19	0x0020225c	DATA	0
0x00180f1a	0xStack[-0x10]	READ	1
0x00180f1e	0x001ce960	UNCONDITIONAL_CALL	0
0x00180f27	0x001ce960	UNCONDITIONAL_CALL	0
0x00180f2c	0x001f921c	READ	1
0x00180f32	0x00201920	DATA	0
0x00180f33	0xStack[-0xc]	READ	1
0x00180f37	0x001ce960	UNCONDITIONAL_CALL	0
0x00180f3e	0xStack[-0x2c]	DATA	0
0x00180f51	0xStack[0x4]	READ	1
0x00180f54	0xStack[-0xc]	WRITE	0
0x00180f5b	0xStack[-0x18]	WRITE	0
0x00180f68	0xStack[-0x1c]	WRITE	0
0x00180f70	0x00180f7f	CONDITIONAL_JUMP	0
0x00180f78	0x00180f7f	CONDITIONAL_JUMP	0
0x00180f7d	0x00180f84	CONDITIONAL_JUMP	0
0x00180f86	0x00180f64	CONDITIONAL_JUMP	0
0x00180f8b	0x00180f98	CONDITIONAL_JUMP	0
0x00180f8d	0xStack[-0xc]	WRITE	0
0x00180f94	0x00180f9d	UNCONDITIONAL_JUMP	0
0x00180f9b	0x00180fa1	CONDITIONAL_JUMP	0
0x00180fa4	0x00180fbe	CONDITIONAL_JUMP	0
0x00180faa	0x00180fb0	CONDITIONAL_JUMP	0
0x00180fae	0x00180fbe	CONDITIONAL_JUMP	0
0x00180fb7	0xStack[-0x18]	WRITE	0
0x00180fbe	0xStack[-0x18]	READ	0
0x00180fc2	0x00180fd7	CONDITIONAL_JUMP	0
0x00180fc4	0xStack[-0x18]	WRITE	0
0x00180fce	0x00180fd7	CONDITIONAL_JUMP	0
0x00180fd0	0xStack[-0x18]	WRITE	0
0x00180fde	0xStack[-0x18]	READ	0
0x00180fe1	0xStack[-0x14]	WRITE	0
0x00180fe4	0xStack[-0x8]	WRITE	0
0x00180fe9	0xStack[-0x10]	WRITE	0
0x00180ff0	0xStack[-0x1c]	WRITE	0
0x00180ff9	0x00181000	CONDITIONAL_JUMP	0
0x00180ffe	0x00181031	UNCONDITIONAL_JUMP	0
0x00181002	0xStack[-0x1c]	READ	1
0x00181009	0x00181014	CONDITIONAL_JUMP	0
0x0018100b	0xStack[-0x1c]	READ	1
0x00181012	0x00181019	CONDITIONAL_JUMP	0
0x0018101b	0x00181068	CONDITIONAL_JUMP	0
0x00181023	0x0018102c	CONDITIONAL_JUMP	0
0x00181028	0x0018102f	UNCONDITIONAL_JUMP	0
0x00181031	0xStack[-0x18]	READ	0
0x00181034	0x00181068	CONDITIONAL_JUMP	0
0x00181036	0xStack[-0x10]	READ	0
0x0018103a	0x00181048	CONDITIONAL_JUMP	0
0x0018103c	0xStack[-0x8]	READ	0
0x0018103f	0x00181048	CONDITIONAL_JUMP	0
0x00181041	0x00181054	CONDITIONAL_JUMP	0
0x00181043	0xStack[-0x14]	READ	0
0x00181046	0x00181054	CONDITIONAL_JUMP	0
0x00181048	0xStack[-0x10]	WRITE	0
0x0018104f	0x00181061	UNCONDITIONAL_JUMP	0
0x00181054	0xStack[-0x10]	WRITE	0
0x0018105b	0xStack[-0x18]	READ	1
0x00181065	0x00180ff0	UNCONDITIONAL_JUMP	0
0x00181068	0xStack[-0x10]	READ	0
0x0018106c	0x00181078	CONDITIONAL_JUMP	0
0x00181073	0x00181080	UNCONDITIONAL_JUMP	0
0x00181078	0xStack[-0xc]	READ	0
0x0018107c	0x00181080	CONDITIONAL_JUMP	0
0x00181080	0xStack[0x8]	READ	0
0x00181084	0x00181097	CONDITIONAL_JUMP	0
0x00181086	0xStack[0x4]	READ	1
0x00181089	0xStack[-0x10]	READ	0
0x0018108d	0x00181092	CONDITIONAL_JUMP	0
0x00181092	0xStack[0x8]	READ	1
0x00181097	0xStack[0xc]	READ	0
0x0018109b	0x001810a2	CONDITIONAL_JUMP	0
0x0018109d	0xStack[0xc]	READ	1
0x001810a2	0xStack[-0x10]	READ	0
0x001810ae	0xStack[-0x28]	DATA	0
0x001810c1	0xStack[0x4]	READ	1
0x001810c4	0xStack[0xc]	READ	1
0x001810c7	0x001f924c	READ	1
0x001810cd	0x00201a24	DATA	0
0x001810ce	0xStack[-0xc]	WRITE	0
0x001810d1	0x001f9fc8	READ	1
0x001810d7	0x001fdfdf	DATA	1
0x001810d7	0xStack[-0x8]	WRITE	0
0x001810da	0xStack[-0xc]	DATA	0
0x001810de	0x001cea70	UNCONDITIONAL_CALL	0
0x001810ed	0x001e0ff3	DATA	0
0x001810f2	0x001e0ff5	DATA	0
0x001810f7	0x001f9304	READ	1
0x001810fd	0x00202468	DATA	0
0x001810fe	0x001f9210	READ	1
0x00181104	0x00201900	DATA	0
0x00181105	0x001f9d74	READ	1
0x0018110b	0x001fe0c9	DATA	0
0x0018110c	0x001ce960	UNCONDITIONAL_CALL	0
0x00181115	0x001ce960	UNCONDITIONAL_CALL	0
0x0018111d	0x001e0ff7	DATA	0
0x00181122	0x001e0ff9	DATA	0
0x00181127	0x001f9304	READ	1
0x0018112d	0x00202468	DATA	0
0x0018112e	0x001f9210	READ	1
0x00181134	0x00201900	DATA	0
0x00181135	0x001f9d74	READ	1
0x0018113b	0x001fe0c9	DATA	0
0x0018113c	0x001ce960	UNCONDITIONAL_CALL	0
0x00181145	0x001ce960	UNCONDITIONAL_CALL	0
0x00181150	0x001f924c	READ	1
0x00181156	0x00201a24	DATA	0
0x00181157	0x001f9210	READ	1
0x0018115d	0x00201900	DATA	0
0x0018115e	0x001f9d80	READ	1
0x00181164	0x001fe1b2	DATA	0
0x00181165	0x001ce960	UNCONDITIONAL_CALL	0
0x0018116e	0x001ce960	UNCONDITIONAL_CALL	0
0x00181176	0x001e0ffb	DATA	0
0x0018117b	0x001f9308	READ	1
0x00181181	0x00202480	DATA	0
0x00181186	0x001ce960	UNCONDITIONAL_CALL	0
0x0018118e	0x001f930c	READ	1
0x00181194	0x00201afc	DATA	0
0x00181195	0x001f9d8c	READ	1
0x0018119b	0x001fe02d	DATA	0
0x0018119c	0x001ce960	UNCONDITIONAL_CALL	0
0x001811a7	0x001e1004	DATA	0
0x001811ac	0x001f9308	READ	1
0x001811b2	0x00202480	DATA	0
0x001811b7	0x001ce960	UNCONDITIONAL_CALL	0
0x001811c3	0x001811de	CONDITIONAL_JUMP	0
0x001811c5	0xStack[-0x10]	DATA	0
0x001811cc	0x00180f48	UNCONDITIONAL_CALL	0
0x001811d6	0x001811de	CONDITIONAL_JUMP	0
0x001811d8	0xStack[-0x10]	READ	1
0x001811e3	0x001f9310	READ	1
0x001811e9	0x00201ad8	DATA	0
0x001811ea	0x001f9d8c	READ	1
0x001811f0	0x001fe02d	DATA	0
0x001811f1	0x001ce960	UNCONDITIONAL_CALL	0
0x001811fe	0x00181214	CONDITIONAL_JUMP	0
0x00181201	0x001f9314	READ	1
0x00181207	0x00202494	DATA	0
0x0018120c	0x001ce960	UNCONDITIONAL_CALL	0
0x00181216	0x00181229	CONDITIONAL_JUMP	0
0x00181219	0x001f9314	READ	1
0x0018121f	0x00202494	DATA	0
0x00181224	0x001ce960	UNCONDITIONAL_CALL	0
0x0018122b	0xStack[-0x1c]	DATA	0
0x0018123d	0x001f9290	READ	1
0x00181243	0x00201e90	DATA	0
0x00181244	0xStack[0x4]	READ	1
0x00181248	0x001ce960	UNCONDITIONAL_CALL	0
0x0018125b	0xStack[0x4]	READ	1
0x0018125e	0x00181a10	DATA	0
0x00181263	0x00181a08	DATA	0
0x00181268	0x001f9318	READ	1
0x0018126e	0x002024a0	DATA	0
0x00181273	0x001ce960	UNCONDITIONAL_CALL	0
0x00181278	0x001f921c	READ	1
0x0018127e	0x00201920	DATA	0
0x00181283	0x001ce960	UNCONDITIONAL_CALL	0
0x00181288	0x00181a38	DATA	0
0x0018128d	0x00181a08	DATA	0
0x00181292	0x001f9318	READ	1
0x00181298	0x002024a0	DATA	0
0x0018129d	0x001ce960	UNCONDITIONAL_CALL	0
0x001812a5	0x001f921c	READ	1
0x001812ab	0x00201920	DATA	0
0x001812b0	0x001ce960	UNCONDITIONAL_CALL	0
0x001812b5	0x001f921c	READ	1
0x001812bb	0x00201920	DATA	0
0x001812c0	0x001ce960	UNCONDITIONAL_CALL	0
0x001812c5	0x001f921c	READ	1
0x001812cb	0x00201920	DATA	0
0x001812cc	0xStack[-0xc]	WRITE	0
0x001812cf	0x001f9fc8	READ	1
0x001812d5	0x001fdfdf	DATA	1
0x001812d5	0xStack[-0x8]	WRITE	0
0x001812d8	0xStack[-0xc]	DATA	0
0x001812dc	0x001cea70	UNCONDITIONAL_CALL	0
0x001812e1	0xStack[-0x10]	READ	1
0x001812eb	0xStack[0x4]	READ	1
0x001812fb	0xStack[0x4]	READ	1
0x001812fe	0xStack[0xc]	READ	1
0x00181305	0x0018130b	CONDITIONAL_JUMP	0
0x00181309	0x0018130e	CONDITIONAL_JUMP	0
0x00181311	0x00181315	CONDITIONAL_JUMP	0
0x0018131f	0xStack[0x4]	READ	1
0x0018132f	0xStack[0x4]	READ	1
0x0018133f	0xStack[0x4]	READ	1
0x00181342	0xStack[0xc]	READ	1
0x00181353	0xStack[0x4]	READ	1
0x00181366	0xStack[0x4]	READ	1
0x00181369	0xStack[0xc]	READ	1
0x0018136d	0x001f928c	READ	1
0x00181373	0x00201e80	DATA	0
0x00181378	0x001ce960	UNCONDITIONAL_CALL	0
0x00181384	0x001813b2	CONDITIONAL_JUMP	0
0x00181387	0x001f9308	READ	1
0x0018138d	0x00202480	DATA	0
0x00181392	0x001ce960	UNCONDITIONAL_CALL	0
0x0018139e	0x001813b2	CONDITIONAL_JUMP	0
0x001813a2	0x001f9288	READ	1
0x001813a8	0x00201e6c	DATA	0
0x001813ad	0x001ce960	UNCONDITIONAL_CALL	0
0x001813b4	0xStack[-0x10]	DATA	0
0x001813c3	0xStack[0x4]	READ	1
0x001813c6	0xStack[0xc]	READ	1
0x001813ca	0x001f928c	READ	1
0x001813d0	0x00201e80	DATA	0
0x001813d5	0x001ce960	UNCONDITIONAL_CALL	0
0x001813e9	0xStack[0x4]	READ	1
0x001813ec	0xStack[0xc]	READ	1
0x001813ef	0xStack[0x10]	READ	1
0x001813ff	0xStack[-0x8]	WRITE	0
0x00181403	0x001a5448	UNCONDITIONAL_CALL	0
0x0018140e	0x00101b48	UNCONDITIONAL_CALL	0
0x0018141a	0x001f9288	READ	1
0x0018141f	0x00201e6c	DATA	0
0x00181424	0x001ce960	UNCONDITIONAL_CALL	0
0x00181430	0x0018144a	CONDITIONAL_JUMP	0
0x00181440	0xStack[-0x8]	WRITE	0
0x00181445	0x001a5458	UNCONDITIONAL_CALL	0
0x0018144c	0xStack[-0x14]	DATA	0
0x0018145e	0xStack[0x10]	READ	1
0x00181463	0x001e0fe8	DATA	1
0x00181472	0x001e0fe8	READ	0
0x00181472	0x001e0fe9	READ	0
0x00181474	0x00181480	CONDITIONAL_JUMP	0
0x0018147b	0x00181482	UNCONDITIONAL_JUMP	0
0x00181484	0x001814b3	CONDITIONAL_JUMP	0
0x00181486	0x001f931c	READ	1
0x0018148c	0x002024b4	DATA	0
0x0018148d	0xStack[0x4]	READ	1
0x00181494	0x001ce960	UNCONDITIONAL_CALL	0
0x00181499	0xStack[0xc]	READ	1
0x0018149d	0x001f9320	READ	1
0x001814a3	0x002024bc	DATA	0
0x001814a4	0xStack[0x4]	READ	1
0x001814ab	0x001ce960	UNCONDITIONAL_CALL	0
0x001814b3	0xStack[0xc]	READ	1
0x001814b8	0x001f9288	READ	1
0x001814be	0x00201e6c	DATA	0
0x001814bf	0xStack[0x4]	READ	1
0x001814c6	0x001ce960	UNCONDITIONAL_CALL	0
0x001814d2	0x001814f3	CONDITIONAL_JUMP	0
0x001814d4	0xStack[0xc]	READ	0
0x001814d7	0x001814f3	CONDITIONAL_JUMP	0
0x001814d9	0x001f92ec	READ	1
0x001814df	0x0020225c	DATA	0
0x001814e1	0x001ce960	UNCONDITIONAL_CALL	0
0x001814e6	0x001f921c	READ	1
0x001814ec	0x00201920	DATA	0
0x001814ee	0x001ce960	UNCONDITIONAL_CALL	0
0x001814f3	0xStack[0x4]	READ	1
0x001814f6	0xStack[-0x10]	DATA	0
0x00181505	0xStack[0x4]	READ	1
0x00181508	0xStack[0xc]	READ	1
0x0018150c	0x001f92a0	READ	1
0x00181512	0x00201ecc	DATA	0
0x00181517	0x001ce960	UNCONDITIONAL_CALL	0
0x00181523	0x0018152c	CONDITIONAL_JUMP	0
0x00181527	0x00181548	UNCONDITIONAL_JUMP	0
0x0018153e	0x001a5458	UNCONDITIONAL_CALL	0
0x00181548	0xStack[-0xc]	DATA	0
0x0018155d	0xStack[0xc]	READ	1
0x00181561	0x001f92a0	READ	1
0x00181567	0x00201ecc	DATA	0
0x00181568	0xStack[0x4]	READ	1
0x0018156f	0x001ce960	UNCONDITIONAL_CALL	0
0x00181574	0xStack[-0x8]	WRITE	0
0x0018157c	0x00181608	CONDITIONAL_JUMP	0
0x00181582	0x001e0fe8	DATA	1
0x0018158f	0x001e0fe8	READ	0
0x0018158f	0x001e0fe9	READ	0
0x00181591	0x0018159c	CONDITIONAL_JUMP	0
0x00181598	0x0018159e	UNCONDITIONAL_JUMP	0
0x001815a0	0x001815e8	CONDITIONAL_JUMP	0
0x001815a4	0x001f92d8	READ	1
0x001815aa	0x0020223c	DATA	0
0x001815ab	0xStack[-0x8]	READ	1
0x001815af	0x001ce960	UNCONDITIONAL_CALL	0
0x001815b9	0x001815e8	CONDITIONAL_JUMP	0
0x001815bc	0x001f92e8	READ	1
0x001815c2	0x00202250	DATA	0
0x001815c3	0xStack[-0x8]	READ	1
0x001815c7	0x001ce960	UNCONDITIONAL_CALL	0
0x001815cd	0x001f92cc	READ	1
0x001815d3	0x0020209c	DATA	0
0x001815d4	0xStack[0x4]	READ	1
0x001815db	0x001ce960	UNCONDITIONAL_CALL	0
0x001815e4	0x001815a4	UNCONDITIONAL_JUMP	0
0x001815e8	0x001f92ec	READ	1
0x001815ee	0x0020225c	DATA	0
0x001815ef	0xStack[-0x8]	READ	1
0x001815f3	0x001ce960	UNCONDITIONAL_CALL	0
0x001815f8	0x001f921c	READ	1
0x001815fe	0x00201920	DATA	0
0x001815ff	0xStack[-0x8]	READ	1
0x00181603	0x001ce960	UNCONDITIONAL_CALL	0
0x0018160a	0xStack[-0x14]	DATA	0
0x00181617	0xStack[0x4]	READ	1
0x00181627	0xStack[0x4]	READ	1
0x0018162a	0x001f9324	READ	1
0x00181630	0x002024c8	DATA	0
0x00181635	0x001ce960	UNCONDITIONAL_CALL	0
0x00181643	0xStack[0x4]	READ	1
0x00181646	0xStack[0x14]	READ	1
0x0018164a	0xStack[0x10]	READ	1
0x0018164e	0xStack[0xc]	READ	1
0x00181652	0x001f9328	READ	1
0x00181658	0x002024d4	DATA	0
0x0018165d	0x001ce960	UNCONDITIONAL_CALL	0
0x0018166f	0xStack[0x4]	READ	1
0x00181672	0x001f9324	READ	1
0x00181678	0x002024c8	DATA	0
0x0018167d	0x001ce960	UNCONDITIONAL_CALL	0
0x0018168b	0xStack[0x4]	READ	1
0x0018168e	0xStack[0x14]	READ	1
0x00181692	0xStack[0x10]	READ	1
0x00181696	0xStack[0xc]	READ	1
0x0018169a	0x001f9328	READ	1
0x001816a0	0x002024d4	DATA	0
0x001816a5	0x001ce960	UNCONDITIONAL_CALL	0
0x001816ba	0xStack[0x4]	READ	1
0x001816bd	0xStack[0xc]	READ	1
0x001816c1	0x001f932c	READ	1
0x001816c7	0x00202420	DATA	0
0x001816c9	0x001ce960	UNCONDITIONAL_CALL	0
0x001816d5	0x001816dc	CONDITIONAL_JUMP	0
0x001816d9	0x00181726	UNCONDITIONAL_JUMP	0
0x001816df	0x00101a10	UNCONDITIONAL_CALL	0
0x001816e9	0x001816f8	CONDITIONAL_JUMP	0
0x001816ed	0x001f9330	READ	1
0x001816f3	0x00181700	UNCONDITIONAL_JUMP	0
0x001816fa	0x001f9334	READ	1
0x00181700	0x00202288	DATA	0
0x00181700	0x00202268	DATA	0
0x00181702	0x001ce960	UNCONDITIONAL_CALL	0
0x0018170c	0x00181724	CONDITIONAL_JUMP	0
0x00181710	0x001f9338	READ	1
0x00181716	0x002023e0	DATA	0
0x00181718	0x001ce960	UNCONDITIONAL_CALL	0
0x0018171f	0x00181726	UNCONDITIONAL_JUMP	0
0x00181726	0xStack[-0x10]	DATA	0
0x0018173b	0xStack[0x4]	READ	1
0x0018173e	0xStack[0xc]	READ	1
0x00181742	0x001e100b	DATA	0
0x00181747	0xStack[-0x84]	DATA	0
0x0018174b	0x0010c188	UNCONDITIONAL_CALL	0
0x00181751	0x001f932c	READ	1
0x00181757	0x00202420	DATA	0
0x00181759	0x001ce960	UNCONDITIONAL_CALL	0
0x00181760	0x00181774	CONDITIONAL_JUMP	0
0x00181766	0x0018176c	CONDITIONAL_JUMP	0
0x0018176a	0x00181774	CONDITIONAL_JUMP	0
0x00181771	0x00181776	UNCONDITIONAL_JUMP	0
0x00181776	0xStack[-0x8c]	DATA	0
0x0018178d	0xStack[0x4]	READ	1
0x00181790	0xStack[0x10]	READ	1
0x00181793	0xStack[0xc]	READ	1
0x00181797	0x001f9348	READ	1
0x0018179d	0x00201b7c	DATA	0
0x001817a2	0x001ce960	UNCONDITIONAL_CALL	0
0x001817a7	0xStack[-0x14]	WRITE	0
0x001817af	0x001817c8	CONDITIONAL_JUMP	0
0x001817b1	0xStack[0xc]	READ	1
0x001817b5	0x001e1014	DATA	0
0x001817ba	0x0010c0d8	UNCONDITIONAL_CALL	0
0x001817c1	0x001818df	UNCONDITIONAL_JUMP	0
0x001817c8	0x001f924c	READ	1
0x001817ce	0x00201a24	DATA	0
0x001817cf	0x001f9210	READ	1
0x001817d5	0x00201900	DATA	0
0x001817d6	0x001f9d80	READ	1
0x001817dc	0x001fe1b2	DATA	0
0x001817dd	0x001ce960	UNCONDITIONAL_CALL	0
0x001817e6	0x001ce960	UNCONDITIONAL_CALL	0
0x001817eb	0xStack[-0x1c]	WRITE	0
0x001817ee	0xStack[-0x8]	WRITE	0
0x001817f6	0x00181800	CONDITIONAL_JUMP	0
0x001817f8	0xStack[-0x1c]	READ	1
0x001817fb	0x001818df	UNCONDITIONAL_JUMP	0
0x00181800	0xStack[0xc]	READ	1
0x00181804	0x001f9340	READ	1
0x0018180a	0x002022a8	DATA	0
0x0018180c	0x001ce960	UNCONDITIONAL_CALL	0
0x00181811	0xStack[-0x18]	WRITE	0
0x00181817	0xStack[-0x8]	DATA	0
0x0018181c	0xStack[-0xc]	DATA	0
0x00181821	0xStack[-0x8]	READ	1
0x00181825	0x00180f48	UNCONDITIONAL_CALL	0
0x0018182f	0x001818dc	CONDITIONAL_JUMP	0
0x00181835	0xStack[-0x10]	DATA	0
0x0018183a	0xStack[-0x8]	READ_WRITE	0
0x0018183d	0xStack[-0x8]	READ	1
0x00181841	0x00180f48	UNCONDITIONAL_CALL	0
0x0018184b	0x001818dc	CONDITIONAL_JUMP	0
0x00181851	0xStack[-0xc]	READ	1
0x00181856	0xStack[-0x10]	READ	1
0x00181860	0xStack[-0x18]	READ	0
0x00181864	0x00181870	CONDITIONAL_JUMP	0
0x00181868	0x001f9354	READ	1
0x0018186e	0x00181878	UNCONDITIONAL_JUMP	0
0x00181872	0x001f9358	READ	1
0x00181878	0x00201d40	DATA	0
0x00181878	0x00201d4c	DATA	0
0x00181879	0xStack[-0x14]	READ	1
0x0018187d	0x001ce960	UNCONDITIONAL_CALL	0
0x00181886	0x001f92c4	READ	1
0x0018188c	0x00202090	DATA	0
0x0018188d	0xStack[-0x1c]	READ	1
0x00181891	0x001ce960	UNCONDITIONAL_CALL	0
0x0018189b	0x0018181c	CONDITIONAL_JUMP	0
0x001818a1	0xStack[-0x10]	READ	1
0x001818a5	0xStack[-0xc]	READ	1
0x001818a9	0xStack[0xc]	READ	1
0x001818ad	0x001e1039	DATA	0
0x001818b2	0x0010c0d8	UNCONDITIONAL_CALL	0
0x001818b7	0x001f921c	READ	1
0x001818bd	0x00201920	DATA	0
0x001818be	0x001f92ec	READ	1
0x001818c4	0x0020225c	DATA	0
0x001818c5	0xStack[-0x1c]	READ	1
0x001818c9	0x001ce960	UNCONDITIONAL_CALL	0
0x001818d2	0x001ce960	UNCONDITIONAL_CALL	0
0x001818d7	0x001818df	UNCONDITIONAL_JUMP	0
0x001818dc	0xStack[-0x1c]	READ	1
0x001818df	0xStack[-0x28]	DATA	0
0x001818f5	0xStack[0xc]	READ	1
0x001818f9	0x001f9348	READ	1
0x001818ff	0x00201b7c	DATA	0
0x00181900	0xStack[0x4]	READ	1
0x00181907	0x001ce960	UNCONDITIONAL_CALL	0
0x00181913	0x00181928	CONDITIONAL_JUMP	0
0x00181916	0x001e105f	DATA	0
0x0018191b	0x0010c0d8	UNCONDITIONAL_CALL	0
0x00181922	0x001819fe	UNCONDITIONAL_JUMP	0
0x00181928	0x001f924c	READ	1
0x0018192e	0x00201a24	DATA	0
0x0018192f	0x001f9210	READ	1
0x00181935	0x00201900	DATA	0
0x00181936	0x001f9d80	READ	1
0x0018193c	0x001fe1b2	DATA	0
0x0018193d	0x001ce960	UNCONDITIONAL_CALL	0
0x00181946	0x001ce960	UNCONDITIONAL_CALL	0
0x0018194d	0xStack[0x10]	READ	1
0x00181950	0xStack[-0x8]	WRITE	0
0x00181958	0x001819fe	CONDITIONAL_JUMP	0
0x0018195f	0x001f9340	READ	1
0x00181965	0x002022a8	DATA	0
0x00181966	0xStack[0x4]	READ	1
0x0018196a	0x001ce960	UNCONDITIONAL_CALL	0
0x0018196f	0xStack[-0x10]	WRITE	0
0x00181978	0xStack[-0xc]	DATA	0
0x0018197c	0xStack[-0x8]	DATA	0
0x00181980	0xStack[-0x8]	READ	1
0x00181984	0x00180f48	UNCONDITIONAL_CALL	0
0x0018198e	0x001819fc	CONDITIONAL_JUMP	0
0x00181990	0xStack[-0x10]	READ	0
0x00181994	0x001819a4	CONDITIONAL_JUMP	0
0x00181996	0xStack[-0xc]	READ	1
0x0018199a	0x001f934c	READ	1
0x001819a0	0x001819ae	UNCONDITIONAL_JUMP	0
0x001819a4	0xStack[-0xc]	READ	1
0x001819a8	0x001f9350	READ	1
0x001819ae	0x00201de4	DATA	0
0x001819ae	0x00201df0	DATA	0
0x001819b0	0x001ce960	UNCONDITIONAL_CALL	0
0x001819b9	0x001f92c4	READ	1
0x001819bf	0x00202090	DATA	0
0x001819c1	0x001ce960	UNCONDITIONAL_CALL	0
0x001819cb	0x00181978	CONDITIONAL_JUMP	0
0x001819cd	0xStack[-0xc]	READ	1
0x001819d2	0x001e1084	DATA	0
0x001819d7	0x0010c0d8	UNCONDITIONAL_CALL	0
0x001819dc	0x001f921c	READ	1
0x001819e2	0x00201920	DATA	0
0x001819e3	0x001f92ec	READ	1
0x001819e9	0x0020225c	DATA	0
0x001819eb	0x001ce960	UNCONDITIONAL_CALL	0
0x001819f4	0x001ce960	UNCONDITIONAL_CALL	0
0x001819f9	0x001819fe	UNCONDITIONAL_JUMP	0
0x001819fe	0xStack[-0x1c]	DATA	0
0x00181a14	0xStack[0x4]	READ	1
0x00181a29	0x001a5458	UNCONDITIONAL_CALL	0
0x00181a2e	0xStack[-0x8]	READ	1
0x00181a3c	0xStack[0x4]	READ	1
0x00181a3f	0x001f92ec	READ	1
0x00181a45	0x0020225c	DATA	0
0x00181a47	0x001ce960	UNCONDITIONAL_CALL	0
0x00181a4c	0x001f921c	READ	1
0x00181a52	0x00201920	DATA	0
0x00181a54	0x001ce960	UNCONDITIONAL_CALL	0
0x00181a59	0xStack[-0x8]	READ	1
0x00181a69	0xStack[0xc]	READ	1
0x00181a6c	0x001f924c	READ	1
0x00181a72	0x00201a24	DATA	0
0x00181a73	0xStack[0x4]	READ	1
0x00181a76	0xStack[-0xc]	WRITE	0
0x00181a79	0x001f9ff0	READ	1
0x00181a7f	0x001fdfdf	DATA	1
0x00181a7f	0xStack[-0x8]	WRITE	0
0x00181a82	0xStack[-0xc]	DATA	0
0x00181a86	0xStack[-0x18]	WRITE	0
0x00181a89	0x001cea70	UNCONDITIONAL_CALL	0
0x00181a91	0xStack[-0x18]	READ	1
0x00181a97	0x00181aae	CONDITIONAL_JUMP	0
0x00181aa0	0x00181aa8	CONDITIONAL_JUMP	0
0x00181aa6	0x00181aae	CONDITIONAL_JUMP	0
0x00181aac	0x00181a9c	CONDITIONAL_JUMP	0
0x00181ab3	0x00181af0	CONDITIONAL_JUMP	0
0x00181abc	0x00181ac4	CONDITIONAL_JUMP	0
0x00181ac2	0x00181aca	CONDITIONAL_JUMP	0
0x00181ac8	0x00181ab8	CONDITIONAL_JUMP	0
0x00181acd	0x00181af0	CONDITIONAL_JUMP	0
0x00181acf	0xStack[0x4]	READ	1
0x00181ad5	0x00181ae1	UNCONDITIONAL_JUMP	0
0x00181ade	0x00181aeb	CONDITIONAL_JUMP	0
0x00181ae5	0x00181af0	CONDITIONAL_JUMP	0
0x00181ae9	0x00181ad8	CONDITIONAL_JUMP	0
0x00181aee	0x00181ab8	CONDITIONAL_JUMP	0
0x00181af0	0xStack[0x4]	READ	1
0x00181afe	0xStack[-0x18]	WRITE	0
0x00181b01	0x001a5448	UNCONDITIONAL_CALL	0
0x00181b09	0xStack[0x4]	READ	1
0x00181b0f	0xStack[-0x10]	WRITE	0
0x00181b16	0xStack[-0x18]	READ	1
0x00181b1b	0x00181bb1	CONDITIONAL_JUMP	0
0x00181b28	0x00181bb1	CONDITIONAL_JUMP	0
0x00181b32	0x00181b47	CONDITIONAL_JUMP	0
0x00181b3a	0x00181b47	CONDITIONAL_JUMP	0
0x00181b41	0x00181b47	CONDITIONAL_JUMP	0
0x00181b45	0x00181b34	CONDITIONAL_JUMP	0
0x00181b4b	0xStack[-0x1c]	WRITE	0
0x00181b4f	0xStack[-0x20]	WRITE	0
0x00181b53	0xStack[-0x18]	WRITE	0
0x00181b56	0x001a5448	UNCONDITIONAL_CALL	0
0x00181b60	0xStack[0x4]	READ	1
0x00181b66	0xStack[-0x10]	READ	1
0x00181b6c	0xStack[-0x1c]	READ	1
0x00181b70	0xStack[-0x18]	READ	1
0x00181b75	0xStack[-0x14]	WRITE	0
0x00181b78	0x00101bc0	UNCONDITIONAL_CALL	0
0x00181b7d	0xStack[-0x14]	READ	1
0x00181b80	0xStack[-0x20]	READ	1
0x00181b90	0x00181ba6	CONDITIONAL_JUMP	0
0x00181b98	0x00181ba0	CONDITIONAL_JUMP	0
0x00181b9e	0x00181ba6	CONDITIONAL_JUMP	0
0x00181ba4	0x00181b94	CONDITIONAL_JUMP	0
0x00181ba6	0xStack[-0x10]	READ_WRITE	0
0x00181bab	0x00181b24	CONDITIONAL_JUMP	0
0x00181bb1	0xStack[0x4]	READ	1
0x00181bb4	0xStack[-0x2c]	DATA	0
0x00181bc5	0x001f935c	READ	1
0x00181bcb	0x0020250c	DATA	0
0x00181bcc	0xStack[0x4]	READ	1
0x00181bd0	0x001ce960	UNCONDITIONAL_CALL	0
0x00181be5	0xStack[0x4]	READ	1
0x00181bed	0x00181c17	CONDITIONAL_JUMP	0
0x00181c04	0xStack[-0x10]	WRITE	0
0x00181c09	0x001a5458	UNCONDITIONAL_CALL	0
0x00181c15	0x00181bf0	CONDITIONAL_JUMP	0
0x00181c1d	0xStack[-0x10]	WRITE	0
0x00181c25	0x001a5458	UNCONDITIONAL_CALL	0
0x00181c2d	0x001f921c	READ	1
0x00181c32	0x00201920	DATA	0
0x00181c33	0xStack[-0xc]	WRITE	0
0x00181c36	0x001f9ff0	READ	1
0x00181c3b	0x001fdfdf	DATA	1
0x00181c3b	0xStack[-0x8]	WRITE	0
0x00181c3e	0xStack[-0xc]	DATA	0
0x00181c42	0x001cea70	UNCONDITIONAL_CALL	0
0x00181c49	0xStack[-0x1c]	DATA	0
0x00181c57	0xStack[0x4]	READ	1
0x00181c67	0xStack[0x4]	READ	1
0x00181c6a	0xStack[0xc]	READ	1
0x00181c70	0x00181c78	CONDITIONAL_JUMP	0
0x00181c87	0xStack[0x4]	READ	1
0x00181c9b	0x00188044	UNCONDITIONAL_CALL	0
0x00181ca0	0x001c0918	UNCONDITIONAL_CALL	0
0x00181cb1	0xStack[0x4]	READ	1
0x00181cb6	0x00181cc0	CONDITIONAL_JUMP	0
0x00181cc4	0x00181cc2	CONDITIONAL_JUMP	0
0x00181cd2	0x00181cc0	CONDITIONAL_JUMP	0
0x00181cd9	0x00181cde	CONDITIONAL_JUMP	0
0x00181cec	0x001f624c	READ	1
0x00181cf3	0x0014d1a4	UNCONDITIONAL_CALL	0
0x00181cff	0x00181d1c	CONDITIONAL_JUMP	0
0x00181d03	0xStack[0x4]	READ	1
0x00181d08	0x0015839c	UNCONDITIONAL_CALL	0
0x00181d12	0x001a9284	UNCONDITIONAL_CALL	0
0x00181d17	0x00181d1e	UNCONDITIONAL_JUMP	0
0x00181d1e	0xStack[-0x8]	READ	1
0x00181d2b	0xStack[0x4]	READ	1
0x00181d30	0x00181d5e	CONDITIONAL_JUMP	0
0x00181d37	0x001a9284	UNCONDITIONAL_CALL	0
0x00181d48	0x00181d46	CONDITIONAL_JUMP	0
0x00181d56	0x00181d44	CONDITIONAL_JUMP	0
0x00181d59	0x0014cb80	UNCONDITIONAL_CALL	0
0x00181d67	0xStack[0x4]	READ	0
0x00181d6b	0x00181d90	CONDITIONAL_JUMP	0
0x00181d6d	0xStack[0x10]	READ	1
0x00181d71	0xStack[0xc]	READ	1
0x00181d75	0xStack[0x8]	READ	1
0x00181d79	0x001f9360	READ	1
0x00181d7f	0x00202530	DATA	0
0x00181d80	0x001f9d68	READ	1
0x00181d86	0x001fdfcd	DATA	0
0x00181d87	0x001ce960	UNCONDITIONAL_CALL	0
0x00181d9f	0xStack[0x4]	READ	0
0x00181da3	0x00181dc8	CONDITIONAL_JUMP	0
0x00181da5	0xStack[0x10]	READ	1
0x00181da9	0xStack[0xc]	READ	1
0x00181dad	0xStack[0x8]	READ	1
0x00181db1	0x001f9364	READ	1
0x00181db7	0x0020255c	DATA	0
0x00181db8	0x001f9d68	READ	1
0x00181dbe	0x001fdfcd	DATA	0
0x00181dbf	0x001ce960	UNCONDITIONAL_CALL	0
0x00181ddb	0xStack[0x4]	READ	1
0x00181dde	0xStack[0x18]	READ	1
0x00181de1	0xStack[0x10]	READ	1
0x00181de4	0xStack[-0x8]	WRITE	0
0x00181de9	0x00181e18	CONDITIONAL_JUMP	0
0x00181deb	0xStack[-0x8]	DATA	0
0x00181def	0xStack[0x8]	READ	1
0x00181df3	0xStack[0xc]	READ	1
0x00181df7	0xStack[0x14]	READ	1
0x00181dfb	0x001f9368	READ	1
0x00181e01	0x00202588	DATA	0
0x00181e02	0x001f9d68	READ	1
0x00181e08	0x001fdfcd	DATA	0
0x00181e09	0x001ce960	UNCONDITIONAL_CALL	0
0x00181e0e	0xStack[-0x8]	READ	1
0x00181e13	0x00181e1d	UNCONDITIONAL_JUMP	0
0x00181e1d	0xStack[-0xc]	READ	1
0x00181e2b	0xStack[0x4]	READ	1
0x00181e2e	0xStack[0x18]	READ	1
0x00181e31	0xStack[0x10]	READ	1
0x00181e34	0xStack[-0x8]	WRITE	0
0x00181e39	0x00181e68	CONDITIONAL_JUMP	0
0x00181e3b	0xStack[-0x8]	DATA	0
0x00181e3f	0xStack[0x8]	READ	1
0x00181e43	0xStack[0xc]	READ	1
0x00181e47	0xStack[0x14]	READ	1
0x00181e4b	0x001f936c	READ	1
0x00181e51	0x002025b8	DATA	0
0x00181e52	0x001f9d68	READ	1
0x00181e58	0x001fdfcd	DATA	0
0x00181e59	0x001ce960	UNCONDITIONAL_CALL	0
0x00181e5e	0xStack[-0x8]	READ	1
0x00181e63	0x00181e6d	UNCONDITIONAL_JUMP	0
0x00181e6d	0xStack[-0xc]	READ	1
0x00181e77	0xStack[0x4]	READ	0
0x00181e7b	0x00181ea4	CONDITIONAL_JUMP	0
0x00181e7d	0xStack[0x14]	READ	1
0x00181e81	0xStack[0x8]	READ	1
0x00181e85	0xStack[0xc]	READ	1
0x00181e89	0xStack[0x10]	READ	1
0x00181e8d	0x001f9370	READ	1
0x00181e93	0x002025e8	DATA	0
0x00181e94	0x001f9d68	READ	1
0x00181e9a	0x001fdfcd	DATA	0
0x00181e9b	0x001ce960	UNCONDITIONAL_CALL	0
0x00181eb3	0xStack[0x4]	READ	0
0x00181eb7	0x00181ee0	CONDITIONAL_JUMP	0
0x00181eb9	0xStack[0x14]	READ	1
0x00181ebd	0xStack[0x8]	READ	1
0x00181ec1	0xStack[0xc]	READ	1
0x00181ec5	0xStack[0x10]	READ	1
0x00181ec9	0x001f9374	READ	1
0x00181ecf	0x00202618	DATA	0
0x00181ed0	0x001f9d68	READ	1
0x00181ed6	0x001fdfcd	DATA	0
0x00181ed7	0x001ce960	UNCONDITIONAL_CALL	0
0x00181ef5	0xStack[0x4]	READ	1
0x00181efa	0x00181f08	CONDITIONAL_JUMP	0
0x00181f01	0x001820d3	UNCONDITIONAL_JUMP	0
0x00181f08	0x001f9378	READ	1
0x00181f0e	0x0020220c	DATA	0
0x00181f10	0x001ce960	UNCONDITIONAL_CALL	0
0x00181f15	0xStack[-0x8]	WRITE	0
0x00181f18	0x001e109d	DATA	0
0x00181f1d	0x001f9344	READ	1
0x00181f23	0x0020240c	DATA	0
0x00181f24	0xStack[-0x8]	READ	1
0x00181f28	0x001ce960	UNCONDITIONAL_CALL	0
0x00181f2f	0x001f92d8	READ	1
0x00181f35	0x0020223c	DATA	0
0x00181f37	0x001ce960	UNCONDITIONAL_CALL	0
0x00181f44	0x00181f4b	CONDITIONAL_JUMP	0
0x00181f4f	0x00181f80	CONDITIONAL_JUMP	0
0x00181f54	0x001f933c	READ	1
0x00181f5a	0x00201d80	DATA	0
0x00181f5c	0x001f92e8	READ	1
0x00181f62	0x00202250	DATA	0
0x00181f64	0x001ce960	UNCONDITIONAL_CALL	0
0x00181f6d	0x001ce960	UNCONDITIONAL_CALL	0
0x00181f72	0xStack[0x8]	READ	1
0x00181f7e	0x00181f54	CONDITIONAL_JUMP	0
0x00181f80	0xStack[0xc]	READ	1
0x00181f85	0x001e10a8	DATA	0
0x00181f8a	0x001f9344	READ	1
0x00181f90	0x0020240c	DATA	0
0x00181f91	0xStack[-0x8]	READ	1
0x00181f95	0x001ce960	UNCONDITIONAL_CALL	0
0x00181f9c	0x001f92d8	READ	1
0x00181fa2	0x0020223c	DATA	0
0x00181fa4	0x001ce960	UNCONDITIONAL_CALL	0
0x00181fb1	0x00181fb8	CONDITIONAL_JUMP	0
0x00181fbc	0x00181fec	CONDITIONAL_JUMP	0
0x00181fc0	0x001f933c	READ	1
0x00181fc6	0x00201d80	DATA	0
0x00181fc8	0x001f92e8	READ	1
0x00181fce	0x00202250	DATA	0
0x00181fd0	0x001ce960	UNCONDITIONAL_CALL	0
0x00181fd9	0x001ce960	UNCONDITIONAL_CALL	0
0x00181fde	0xStack[0x10]	READ	1
0x00181fea	0x00181fc0	CONDITIONAL_JUMP	0
0x00181fec	0xStack[0x14]	READ	1
0x00181ff1	0x001e10b5	DATA	0
0x00181ff6	0x001f9344	READ	1
0x00181ffc	0x0020240c	DATA	0
0x00181ffd	0xStack[-0x8]	READ	1
0x00182001	0x001ce960	UNCONDITIONAL_CALL	0
0x00182008	0x001f92d8	READ	1
0x0018200e	0x0020223c	DATA	0
0x00182010	0x001ce960	UNCONDITIONAL_CALL	0
0x0018201d	0x00182024	CONDITIONAL_JUMP	0
0x00182028	0x0018205c	CONDITIONAL_JUMP	0
0x0018202c	0x001f9278	READ	1
0x00182032	0x00201cac	DATA	0
0x00182034	0x001f92e8	READ	1
0x0018203a	0x00202250	DATA	0
0x0018203c	0x001ce960	UNCONDITIONAL_CALL	0
0x00182045	0x001ce960	UNCONDITIONAL_CALL	0
0x0018204a	0xStack[0x18]	READ	1
0x0018205a	0x0018202c	CONDITIONAL_JUMP	0
0x0018205c	0xStack[0x1c]	READ	1
0x00182061	0x001e10bf	DATA	0
0x00182066	0x001f9344	READ	1
0x0018206c	0x0020240c	DATA	0
0x0018206d	0xStack[-0x8]	READ	1
0x00182071	0x001ce960	UNCONDITIONAL_CALL	0
0x00182078	0x001f92d8	READ	1
0x0018207e	0x0020223c	DATA	0
0x00182080	0x001ce960	UNCONDITIONAL_CALL	0
0x0018208d	0x00182094	CONDITIONAL_JUMP	0
0x00182098	0x001820cc	CONDITIONAL_JUMP	0
0x0018209c	0x001f9278	READ	1
0x001820a2	0x00201cac	DATA	0
0x001820a4	0x001f92e8	READ	1
0x001820aa	0x00202250	DATA	0
0x001820ac	0x001ce960	UNCONDITIONAL_CALL	0
0x001820b5	0x001ce960	UNCONDITIONAL_CALL	0
0x001820ba	0xStack[0x20]	READ	1
0x001820ca	0x0018209c	CONDITIONAL_JUMP	0
0x001820cc	0xStack[0x24]	READ	1
0x001820d3	0xStack[-0x14]	DATA	0
0x001820e3	0xStack[0x4]	READ	1
0x001820e6	0xStack[0x8]	READ	1
0x001820eb	0x001820f8	CONDITIONAL_JUMP	0
0x001820ff	0x00182110	CONDITIONAL_JUMP	0
0x00182105	0x00182190	UNCONDITIONAL_CALL	0
0x0018211b	0xStack[0x4]	READ	1
0x0018211e	0xStack[0x8]	READ	1
0x00182123	0x00182130	CONDITIONAL_JUMP	0
0x00182137	0x00182148	CONDITIONAL_JUMP	0
0x0018213d	0x00182190	UNCONDITIONAL_CALL	0
0x00182154	0xStack[0x4]	READ	1
0x00182157	0xStack[0x8]	READ	1
0x0018215a	0xStack[0x18]	READ	1
0x0018215f	0x00182184	CONDITIONAL_JUMP	0
0x00182161	0xStack[0x1c]	READ	1
0x00182169	0xStack[0x14]	READ	1
0x0018216d	0xStack[0x10]	READ	1
0x00182171	0xStack[0xc]	READ	1
0x0018217a	0x00182220	UNCONDITIONAL_CALL	0
0x0018217f	0x00182189	UNCONDITIONAL_JUMP	0
0x00182189	0xStack[-0x8]	READ	1
0x00182199	0x001f9378	READ	1
0x0018219f	0x0020220c	DATA	0
0x001821a0	0xStack[0x4]	READ	1
0x001821a4	0x001ce960	UNCONDITIONAL_CALL	0
0x001821a9	0x001e10cb	DATA	0
0x001821ae	0x001f9344	READ	1
0x001821b4	0x0020240c	DATA	0
0x001821b6	0x001ce960	UNCONDITIONAL_CALL	0
0x001821bd	0x001f92d8	READ	1
0x001821c3	0x0020223c	DATA	0
0x001821c5	0x001ce960	UNCONDITIONAL_CALL	0
0x001821ca	0xStack[-0x8]	WRITE	0
0x001821d4	0x00182211	CONDITIONAL_JUMP	0
0x001821d8	0x001f9278	READ	1
0x001821de	0x00201cac	DATA	0
0x001821e0	0x001f92e8	READ	1
0x001821e6	0x00202250	DATA	0
0x001821e8	0x001ce960	UNCONDITIONAL_CALL	0
0x001821f1	0x001ce960	UNCONDITIONAL_CALL	0
0x001821f6	0xStack[0xc]	READ	1
0x001821fc	0xStack[0x8]	READ	1
0x00182203	0x0018d7d4	UNCONDITIONAL_CALL	0
0x0018220c	0xStack[-0x8]	READ	0
0x0018220f	0x001821d8	CONDITIONAL_JUMP	0
0x00182213	0xStack[-0x14]	DATA	0
0x00182229	0xStack[0x10]	READ	1
0x0018222c	0xStack[0x1c]	READ	1
0x00182231	0x0018223c	CONDITIONAL_JUMP	0
0x00182236	0x00182248	CONDITIONAL_JUMP	0
0x00182238	0x00182254	UNCONDITIONAL_JUMP	0
0x0018223c	0xStack[-0xc]	WRITE	0
0x00182243	0x0018225b	UNCONDITIONAL_JUMP	0
0x00182248	0xStack[-0xc]	WRITE	0
0x0018224f	0x0018225b	UNCONDITIONAL_JUMP	0
0x00182254	0xStack[-0xc]	WRITE	0
0x0018225b	0x001f9378	READ	1
0x00182261	0x0020220c	DATA	0
0x00182262	0xStack[0x4]	READ	1
0x00182266	0x001ce960	UNCONDITIONAL_CALL	0
0x0018226b	0x001e10d5	DATA	0
0x00182270	0x001f9344	READ	1
0x00182276	0x0020240c	DATA	0
0x00182278	0x001ce960	UNCONDITIONAL_CALL	0
0x0018227d	0xStack[-0x8]	WRITE	0
0x00182280	0x001f92d8	READ	1
0x00182286	0x0020223c	DATA	0
0x00182287	0xStack[-0x8]	READ	1
0x0018228b	0x001ce960	UNCONDITIONAL_CALL	0
0x00182290	0xStack[-0x10]	WRITE	0
0x0018229a	0x001822d7	CONDITIONAL_JUMP	0
0x0018229c	0x001f9278	READ	1
0x001822a2	0x00201cac	DATA	0
0x001822a4	0x001f92e8	READ	1
0x001822aa	0x00202250	DATA	0
0x001822ab	0xStack[-0x8]	READ	1
0x001822af	0x001ce960	UNCONDITIONAL_CALL	0
0x001822b8	0x001ce960	UNCONDITIONAL_CALL	0
0x001822c0	0xStack[0xc]	READ	0
0x001822c3	0x001822d1	CONDITIONAL_JUMP	0
0x001822c8	0xStack[0xc]	READ	1
0x001822cf	0x001822d7	CONDITIONAL_JUMP	0
0x001822d2	0xStack[-0x10]	READ	0
0x001822d5	0x0018229c	CONDITIONAL_JUMP	0
0x001822d7	0xStack[-0x10]	READ	0
0x001822da	0x001822e8	CONDITIONAL_JUMP	0
0x001822e1	0x001823bb	UNCONDITIONAL_JUMP	0
0x001822e8	0xStack[0x18]	READ	0
0x001822ec	0x001822fc	CONDITIONAL_JUMP	0
0x001822ee	0xStack[0x8]	READ	1
0x001822f4	0xStack[0x14]	READ	1
0x001822f9	0x00182309	UNCONDITIONAL_JUMP	0
0x001822fc	0x001e89ec	READ	1
0x00182304	0xStack[0x14]	READ	1
0x00182309	0xStack[0x8]	READ	1
0x0018230c	0x001e8de8	READ	0
0x00182312	0x00182329	CONDITIONAL_JUMP	0
0x00182314	0xStack[0x18]	READ	0
0x00182318	0x00182329	CONDITIONAL_JUMP	0
0x0018231a	0xStack[0x14]	READ	1
0x00182323	0x001823b9	CONDITIONAL_JUMP	0
0x00182329	0xStack[0x18]	READ	1
0x0018232e	0xStack[0x14]	READ	1
0x00182336	0xStack[0x8]	READ	1
0x0018233a	0x00174a90	UNCONDITIONAL_CALL	0
0x00182344	0x00182350	CONDITIONAL_JUMP	0
0x0018234b	0x001823bb	UNCONDITIONAL_JUMP	0
0x00182350	0x001e89ec	READ	1
0x0018235c	0xStack[0x14]	READ	1
0x0018236e	0xStack[0x8]	READ	1
0x00182372	0x00175814	UNCONDITIONAL_CALL	0
0x00182377	0x001e89ec	READ	1
0x0018237f	0xStack[0xc]	READ_WRITE	0
0x00182387	0x001823b9	CONDITIONAL_JUMP	0
0x0018238c	0xStack[-0xc]	READ	1
0x00182394	0xStack[0xc]	READ	1
0x00182399	0xStack[0x8]	READ	1
0x001823a0	0x00190188	UNCONDITIONAL_CALL	0
0x001823a5	0x001e0d0c	READ	1
0x001823af	0xStack[0xc]	READ_WRITE	0
0x001823b7	0x0018238c	CONDITIONAL_JUMP	0
0x001823bb	0xStack[-0x20]	DATA	0
0x001823d1	0xStack[0xc]	READ	1
0x001823d4	0xStack[0x4]	READ	0
0x001823d8	0x001823e4	CONDITIONAL_JUMP	0
0x001823df	0x0018247a	UNCONDITIONAL_JUMP	0
0x001823e8	0x001a5448	UNCONDITIONAL_CALL	0
0x001823f4	0x00182400	CONDITIONAL_JUMP	0
0x001823fb	0x0018247a	UNCONDITIONAL_JUMP	0
0x00182402	0xStack[0x8]	READ	1
0x00182406	0x001013cc	UNCONDITIONAL_CALL	0
0x0018240f	0x001f9210	READ	1
0x00182415	0x00201900	DATA	0
0x00182416	0x001f9d64	READ	1
0x0018241c	0x001fdfbd	DATA	0
0x0018241d	0x001ce960	UNCONDITIONAL_CALL	0
0x00182426	0x001f9214	READ	1
0x0018242c	0x00201908	DATA	0
0x0018242e	0x001ce960	UNCONDITIONAL_CALL	0
0x00182433	0xStack[-0x10]	WRITE	0
0x00182436	0xStack[-0xc]	WRITE	0
0x0018243c	0xStack[-0x10]	DATA	0
0x00182440	0x001947c4	DATA	0
0x00182445	0x001a90ec	UNCONDITIONAL_CALL	0
0x0018244c	0x001f9218	READ	1
0x00182452	0x00201914	DATA	0
0x00182454	0x001ce960	UNCONDITIONAL_CALL	0
0x00182459	0x001f921c	READ	1
0x0018245f	0x00201920	DATA	0
0x00182461	0x001ce960	UNCONDITIONAL_CALL	0
0x00182468	0x001a5458	UNCONDITIONAL_CALL	0
0x0018246f	0xStack[-0x8]	READ	0
0x00182473	0x0018247a	CONDITIONAL_JUMP	0
0x0018247a	0xStack[-0x1c]	DATA	0
0x0018248a	0xStack[0xc]	READ	1
0x0018248d	0xStack[0x10]	READ	1
0x00182490	0xStack[0x4]	READ	0
0x00182494	0x001824a0	CONDITIONAL_JUMP	0
0x0018249b	0x001824f3	UNCONDITIONAL_JUMP	0
0x001824a6	0x001824ad	CONDITIONAL_JUMP	0
0x001824ad	0xStack[0x8]	READ	1
0x001824b1	0x00194814	UNCONDITIONAL_CALL	0
0x001824bd	0x001824c8	CONDITIONAL_JUMP	0
0x001824c4	0x001824f3	UNCONDITIONAL_JUMP	0
0x001824db	0x001824df	CONDITIONAL_JUMP	0
0x001824e2	0x001013cc	UNCONDITIONAL_CALL	0
0x001824ec	0xStack[0x14]	READ	1
0x001824f3	0xStack[-0x10]	DATA	0
0x00182506	0xStack[0xc]	READ	1
0x00182509	0xStack[0x8]	READ	1
0x0018250c	0xStack[0x4]	READ	0
0x00182510	0x0018251c	CONDITIONAL_JUMP	0
0x00182517	0x0018256b	UNCONDITIONAL_JUMP	0
0x00182522	0x00182529	CONDITIONAL_JUMP	0
0x0018252b	0x00194814	UNCONDITIONAL_CALL	0
0x00182537	0x00182540	CONDITIONAL_JUMP	0
0x0018253e	0x0018256b	UNCONDITIONAL_JUMP	0
0x00182553	0x00182557	CONDITIONAL_JUMP	0
0x0018255a	0x001013cc	UNCONDITIONAL_CALL	0
0x00182564	0xStack[0x10]	READ	1
0x0018256b	0xStack[-0x10]	DATA	0
0x0018257d	0xStack[0x4]	READ	0
0x00182581	0x00182590	CONDITIONAL_JUMP	0
0x00182588	0x00182614	UNCONDITIONAL_JUMP	0
0x00182590	0xStack[0x8]	READ	1
0x00182594	0x001f937c	READ	1
0x0018259a	0x00202648	DATA	0
0x0018259b	0x001f9d90	READ	1
0x001825a1	0x001fe305	DATA	0
0x001825a2	0x001ce960	UNCONDITIONAL_CALL	0
0x001825a9	0x001e10e1	DATA	0
0x001825ae	0x001f9308	READ	1
0x001825b4	0x00202480	DATA	0
0x001825b6	0x001ce960	UNCONDITIONAL_CALL	0
0x001825be	0x001ced1c	UNCONDITIONAL_CALL	0
0x001825c8	0x001825f0	CONDITIONAL_JUMP	0
0x001825cb	0x001e10ed	DATA	0
0x001825d0	0x001a5514	UNCONDITIONAL_CALL	0
0x001825da	0x001825e9	CONDITIONAL_JUMP	0
0x001825dc	0x001f921c	READ	1
0x001825e2	0x00201920	DATA	0
0x001825e4	0x001ce960	UNCONDITIONAL_CALL	0
0x001825ee	0x00182614	UNCONDITIONAL_JUMP	0
0x001825f1	0x001f9380	READ	1
0x001825f7	0x0020265c	DATA	0
0x001825f9	0x001ce960	UNCONDITIONAL_CALL	0
0x00182603	0x00182612	CONDITIONAL_JUMP	0
0x00182605	0x001f921c	READ	1
0x0018260b	0x00201920	DATA	0
0x0018260d	0x001ce960	UNCONDITIONAL_CALL	0
0x00182614	0xStack[-0xc]	DATA	0
0x00182629	0xStack[0x4]	READ	1
0x0018262c	0xStack[0x8]	READ	1
0x0018262f	0xStack[0x18]	READ	1
0x00182634	0x00182640	CONDITIONAL_JUMP	0
0x0018263b	0x001827e3	UNCONDITIONAL_JUMP	0
0x00182643	0xStack[-0x8]	WRITE	0
0x00182646	0xStack[0xc]	READ	1
0x00182649	0xStack[-0xc]	WRITE	0
0x0018264c	0xStack[0x10]	READ	1
0x00182652	0xStack[-0x10]	WRITE	0
0x00182655	0xStack[0x1c]	READ	0
0x00182659	0x00182664	CONDITIONAL_JUMP	0
0x0018265b	0xStack[0x1c]	READ	0
0x0018265f	0x00182670	CONDITIONAL_JUMP	0
0x00182661	0x0018267c	UNCONDITIONAL_JUMP	0
0x00182664	0xStack[-0x14]	WRITE	0
0x0018266b	0x00182683	UNCONDITIONAL_JUMP	0
0x00182670	0xStack[-0x14]	WRITE	0
0x00182677	0x00182683	UNCONDITIONAL_JUMP	0
0x0018267c	0xStack[-0x14]	WRITE	0
0x00182683	0x001f9378	READ	1
0x00182689	0x0020220c	DATA	0
0x0018268b	0x001ce960	UNCONDITIONAL_CALL	0
0x00182690	0x001e10d5	DATA	0
0x00182695	0x001f9344	READ	1
0x0018269b	0x0020240c	DATA	0
0x0018269d	0x001ce960	UNCONDITIONAL_CALL	0
0x001826a2	0xStack[-0x18]	WRITE	0
0x001826a5	0x001f92d8	READ	1
0x001826ab	0x0020223c	DATA	0
0x001826ac	0xStack[-0x18]	READ	1
0x001826b0	0x001ce960	UNCONDITIONAL_CALL	0
0x001826b5	0xStack[-0x1c]	WRITE	0
0x001826bf	0x001826ff	CONDITIONAL_JUMP	0
0x001826c4	0x001f9278	READ	1
0x001826ca	0x00201cac	DATA	0
0x001826cc	0x001f92e8	READ	1
0x001826d2	0x00202250	DATA	0
0x001826d3	0xStack[-0x18]	READ	1
0x001826d7	0x001ce960	UNCONDITIONAL_CALL	0
0x001826e0	0x001ce960	UNCONDITIONAL_CALL	0
0x001826e8	0xStack[-0xc]	READ	0
0x001826eb	0x001826f9	CONDITIONAL_JUMP	0
0x001826f0	0xStack[-0xc]	READ	1
0x001826f7	0x001826ff	CONDITIONAL_JUMP	0
0x001826fa	0xStack[-0x1c]	READ	0
0x001826fd	0x001826c4	CONDITIONAL_JUMP	0
0x001826ff	0xStack[-0x1c]	READ	0
0x00182702	0x00182710	CONDITIONAL_JUMP	0
0x00182709	0x001827e3	UNCONDITIONAL_JUMP	0
0x00182710	0xStack[-0x10]	READ	0
0x00182714	0x00182724	CONDITIONAL_JUMP	0
0x00182716	0xStack[-0x8]	READ	1
0x0018271c	0xStack[0x14]	READ	1
0x00182721	0x00182731	UNCONDITIONAL_JUMP	0
0x00182724	0x001e89ec	READ	1
0x0018272c	0xStack[0x14]	READ	1
0x00182731	0xStack[-0x8]	READ	1
0x00182734	0x001e8de8	READ	0
0x0018273a	0x00182751	CONDITIONAL_JUMP	0
0x0018273c	0xStack[-0x10]	READ	0
0x00182740	0x00182751	CONDITIONAL_JUMP	0
0x00182742	0xStack[0x14]	READ	1
0x0018274b	0x001827e1	CONDITIONAL_JUMP	0
0x00182751	0xStack[-0x10]	READ	1
0x00182756	0xStack[0x14]	READ	1
0x0018275e	0xStack[-0x8]	READ	1
0x00182762	0x00174a90	UNCONDITIONAL_CALL	0
0x0018276c	0x00182778	CONDITIONAL_JUMP	0
0x00182773	0x001827e3	UNCONDITIONAL_JUMP	0
0x00182778	0x001e89ec	READ	1
0x00182784	0xStack[0x14]	READ	1
0x00182796	0xStack[-0x8]	READ	1
0x0018279a	0x00175814	UNCONDITIONAL_CALL	0
0x0018279f	0x001e89ec	READ	1
0x001827a7	0xStack[-0xc]	READ_WRITE	0
0x001827af	0x001827e1	CONDITIONAL_JUMP	0
0x001827b4	0xStack[-0x14]	READ	1
0x001827bc	0xStack[-0xc]	READ	1
0x001827c1	0xStack[-0x8]	READ	1
0x001827c8	0x00190188	UNCONDITIONAL_CALL	0
0x001827cd	0x001e0d0c	READ	1
0x001827d7	0xStack[-0xc]	READ_WRITE	0
0x001827df	0x001827b4	CONDITIONAL_JUMP	0
0x001827e3	0xStack[-0x2c]	DATA	0
0x001827fc	0xStack[0x4]	READ	1
0x001827ff	0xStack[0x8]	READ	1
0x00182802	0xStack[-0x120]	WRITE	0
0x0018280c	0x00182813	CONDITIONAL_JUMP	0
0x00182811	0x00182828	CONDITIONAL_JUMP	0
0x00182813	0xStack[-0x120]	READ	1
0x00182820	0x001829fd	UNCONDITIONAL_JUMP	0
0x00182828	0xStack[-0x100]	WRITE	0
0x00182832	0xStack[-0x104]	WRITE	0
0x0018283c	0xStack[-0x108]	WRITE	0
0x00182846	0xStack[-0x10c]	WRITE	0
0x00182850	0xStack[-0x10c]	DATA	0
0x00182857	0xStack[-0xfc]	DATA	0
0x0018285d	0xStack[-0x114]	WRITE	0
0x00182864	0xStack[-0x108]	DATA	0
0x0018286b	0xStack[-0xb4]	DATA	0
0x00182871	0xStack[-0x118]	WRITE	0
0x00182878	0xStack[-0x104]	DATA	0
0x0018287f	0xStack[-0x14]	DATA	0
0x00182883	0xStack[-0x100]	DATA	0
0x0018288a	0xStack[0x8]	READ	1
0x00182895	0x00181cac	UNCONDITIONAL_CALL	0
0x0018289e	0x00181eec	UNCONDITIONAL_CALL	0
0x001828a3	0xStack[0x8]	READ	1
0x001828ae	0x001829fd	CONDITIONAL_JUMP	0
0x001828b4	0x001e1164	READ	1
0x001828bd	0xStack[-0x100]	READ	1
0x001828dd	0xStack[-0x110]	WRITE	0
0x001828e3	0xStack[0x8]	READ	1
0x001828e9	0xStack[-0x120]	WRITE	0
0x001828ef	0x001e1168	READ	1
0x001828f8	0xStack[-0x104]	READ	1
0x0018290b	0x001013e4	UNCONDITIONAL_CALL	0
0x00182913	0xStack[-0x104]	READ	1
0x00182930	0xStack[-0x110]	READ_WRITE	0
0x00182936	0xStack[-0x120]	READ	1
0x0018293f	0xStack[-0x120]	WRITE	0
0x00182945	0x001e116c	READ	1
0x0018294e	0xStack[-0x108]	READ	1
0x0018295f	0xStack[-0x118]	READ	1
0x00182967	0x001013e4	UNCONDITIONAL_CALL	0
0x0018296f	0xStack[-0x108]	READ	1
0x0018298f	0xStack[-0x110]	READ_WRITE	0
0x00182995	0xStack[-0x120]	READ	1
0x0018299b	0x001e1170	READ	1
0x001829a4	0xStack[-0x10c]	READ	1
0x001829b5	0xStack[-0x114]	READ	1
0x001829bd	0x001013e4	UNCONDITIONAL_CALL	0
0x001829c2	0xStack[-0x10c]	READ	1
0x001829ce	0xStack[-0x11c]	WRITE	0
0x001829dd	0xStack[-0x11c]	READ	1
0x001829e8	0xStack[-0x110]	READ	1
0x001829f1	0xStack[-0x110]	WRITE	0
0x001829f7	0xStack[0x8]	READ	1
0x001829fd	0xStack[-0x12c]	DATA	0
0x00182a11	0xStack[0x4]	READ	1
0x00182a14	0xStack[0x8]	READ	1
0x00182a41	0x001e1264	READ	1
0x00182a56	0x00182a63	CONDITIONAL_JUMP	0
0x00182a58	0x001de798	DATA	1
0x00182a61	0x00182a70	CONDITIONAL_JUMP	0
0x00182a6c	0x00182a79	UNCONDITIONAL_JUMP	0
0x00182a79	0xStack[-0xc]	DATA	0
0x00182a87	0xStack[0x4]	READ	1
0x00182a95	0x00182aa4	CONDITIONAL_JUMP	0
0x00182a97	0x001e11c8	DATA	1
0x00182ab0	0xStack[0x4]	READ	1
0x00182ab3	0xStack[0x8]	READ	1
0x00182aba	0x00182acb	CONDITIONAL_JUMP	0
0x00182abf	0x00182acb	CONDITIONAL_JUMP	0
0x00182ac1	0x001e111c	READ	1
0x00182ac9	0x00182ad4	CONDITIONAL_JUMP	0
0x00182ad2	0x00182b12	UNCONDITIONAL_JUMP	0
0x00182ae4	0x00157f4c	UNCONDITIONAL_CALL	0
0x00182aed	0x00181d64	UNCONDITIONAL_CALL	0
0x00182af7	0x00182b12	CONDITIONAL_JUMP	0
0x00182b00	0x001e1120	READ	1
0x00182b09	0x001e1124	READ	1
0x00182b12	0xStack[-0x8]	READ	1
0x00182b20	0xStack[0x4]	READ	1
0x00182b23	0xStack[0x8]	READ	1
0x00182b2a	0x00182b3b	CONDITIONAL_JUMP	0
0x00182b2f	0x00182b3b	CONDITIONAL_JUMP	0
0x00182b31	0x001e1128	READ	1
0x00182b39	0x00182b44	CONDITIONAL_JUMP	0
0x00182b42	0x00182b82	UNCONDITIONAL_JUMP	0
0x00182b54	0x00157f4c	UNCONDITIONAL_CALL	0
0x00182b5d	0x00181d9c	UNCONDITIONAL_CALL	0
0x00182b67	0x00182b82	CONDITIONAL_JUMP	0
0x00182b70	0x001e112c	READ	1
0x00182b79	0x001e1130	READ	1
0x00182b82	0xStack[-0x8]	READ	1
0x00182b94	0xStack[0x4]	READ	1
0x00182b97	0xStack[0x8]	READ	1
0x00182b9e	0x00182bc3	CONDITIONAL_JUMP	0
0x00182ba3	0x00182bc3	CONDITIONAL_JUMP	0
0x00182ba5	0x001e1134	READ	1
0x00182bad	0x00182bc3	CONDITIONAL_JUMP	0
0x00182baf	0x001e1138	READ	1
0x00182bb7	0x00182bc3	CONDITIONAL_JUMP	0
0x00182bb9	0x001e113c	READ	1
0x00182bc1	0x00182bcc	CONDITIONAL_JUMP	0
0x00182bca	0x00182c2b	UNCONDITIONAL_JUMP	0
0x00182bcc	0xStack[-0x8]	WRITE	0
0x00182bd3	0xStack[-0x8]	DATA	0
0x00182beb	0x00157f4c	UNCONDITIONAL_CALL	0
0x00182bf4	0x00181dd4	UNCONDITIONAL_CALL	0
0x00182bfe	0x00182c2b	CONDITIONAL_JUMP	0
0x00182c00	0x001e1140	READ	1
0x00182c09	0xStack[-0x8]	READ	1
0x00182c2b	0xStack[-0x10]	DATA	0
0x00182c3c	0xStack[0x4]	READ	1
0x00182c3f	0xStack[0x8]	READ	1
0x00182c46	0x00182c6b	CONDITIONAL_JUMP	0
0x00182c4b	0x00182c6b	CONDITIONAL_JUMP	0
0x00182c4d	0x001e1144	READ	1
0x00182c55	0x00182c6b	CONDITIONAL_JUMP	0
0x00182c57	0x001e1148	READ	1
0x00182c5f	0x00182c6b	CONDITIONAL_JUMP	0
0x00182c61	0x001e114c	READ	1
0x00182c69	0x00182c74	CONDITIONAL_JUMP	0
0x00182c72	0x00182cd4	UNCONDITIONAL_JUMP	0
0x00182c74	0xStack[-0x8]	WRITE	0
0x00182c7b	0xStack[-0x8]	DATA	0
0x00182c93	0x00157f4c	UNCONDITIONAL_CALL	0
0x00182c9c	0x00181e24	UNCONDITIONAL_CALL	0
0x00182ca6	0x00182cd4	CONDITIONAL_JUMP	0
0x00182ca8	0x001e1150	READ	1
0x00182cb1	0xStack[-0x8]	READ	1
0x00182cd4	0xStack[-0x10]	DATA	0
0x00182ce6	0xStack[0x4]	READ	1
0x00182ce9	0xStack[0x8]	READ	1
0x00182cf2	0x00182d31	CONDITIONAL_JUMP	0
0x00182cf7	0x00182d31	CONDITIONAL_JUMP	0
0x00182cf9	0x001e1154	READ	1
0x00182d01	0x00182d31	CONDITIONAL_JUMP	0
0x00182d03	0x001e1158	READ	1
0x00182d0b	0x00182d31	CONDITIONAL_JUMP	0
0x00182d1a	0x00182d31	CONDITIONAL_JUMP	0
0x00182d2f	0x00182d3c	CONDITIONAL_JUMP	0
0x00182d38	0x00182d5e	UNCONDITIONAL_JUMP	0
0x00182d4d	0x00157f98	UNCONDITIONAL_CALL	0
0x00182d56	0x00181e74	UNCONDITIONAL_CALL	0
0x00182d5e	0xStack[-0x10]	DATA	0
0x00182d6e	0xStack[0x4]	READ	1
0x00182d71	0xStack[0x8]	READ	1
0x00182d7a	0x00182dba	CONDITIONAL_JUMP	0
0x00182d7f	0x00182dba	CONDITIONAL_JUMP	0
0x00182d81	0x001e115c	READ	1
0x00182d89	0x00182dba	CONDITIONAL_JUMP	0
0x00182d8b	0x001e1160	READ	1
0x00182d93	0x00182dba	CONDITIONAL_JUMP	0
0x00182da2	0x00182dba	CONDITIONAL_JUMP	0
0x00182db8	0x00182dc4	CONDITIONAL_JUMP	0
0x00182dc1	0x00182de6	UNCONDITIONAL_JUMP	0
0x00182dd5	0x00157f98	UNCONDITIONAL_CALL	0
0x00182dde	0x00181eb0	UNCONDITIONAL_CALL	0
0x00182de6	0xStack[-0x10]	DATA	0
0x00182df6	0xStack[0x4]	READ	1
0x00182df9	0xStack[0x8]	READ	1
0x00182e00	0x00182e16	CONDITIONAL_JUMP	0
0x00182e05	0x00182e16	CONDITIONAL_JUMP	0
0x00182e14	0x00182e20	CONDITIONAL_JUMP	0
0x00182e1d	0x00182e62	UNCONDITIONAL_JUMP	0
0x00182e24	0x0015a294	UNCONDITIONAL_CALL	0
0x00182e30	0x00181cac	UNCONDITIONAL_CALL	0
0x00182e39	0x001820e0	UNCONDITIONAL_CALL	0
0x00182e42	0x00166ea0	UNCONDITIONAL_CALL	0
0x00182e4e	0x00182e62	CONDITIONAL_JUMP	0
0x00182e55	0x00182e62	CONDITIONAL_JUMP	0
0x00182e5a	0x00182e62	CONDITIONAL_JUMP	0
0x00182e5d	0x0014d050	UNCONDITIONAL_CALL	0
0x00182e62	0xStack[-0x10]	DATA	0
0x00182e72	0xStack[0x4]	READ	1
0x00182e75	0xStack[0x8]	READ	1
0x00182e7c	0x00182e92	CONDITIONAL_JUMP	0
0x00182e81	0x00182e92	CONDITIONAL_JUMP	0
0x00182e90	0x00182e9c	CONDITIONAL_JUMP	0
0x00182e99	0x00182ede	UNCONDITIONAL_JUMP	0
0x00182ea0	0x0015a294	UNCONDITIONAL_CALL	0
0x00182eac	0x00181cac	UNCONDITIONAL_CALL	0
0x00182eb5	0x00182118	UNCONDITIONAL_CALL	0
0x00182ebe	0x00166ea0	UNCONDITIONAL_CALL	0
0x00182eca	0x00182ede	CONDITIONAL_JUMP	0
0x00182ed1	0x00182ede	CONDITIONAL_JUMP	0
0x00182ed6	0x00182ede	CONDITIONAL_JUMP	0
0x00182ed9	0x0014d050	UNCONDITIONAL_CALL	0
0x00182ede	0xStack[-0x10]	DATA	0
0x00182eee	0xStack[0x4]	READ	1
0x00182ef1	0xStack[0x8]	READ	1
0x00182ef8	0x00182f40	CONDITIONAL_JUMP	0
0x00182efd	0x00182f40	CONDITIONAL_JUMP	0
0x00182f0c	0x00182f40	CONDITIONAL_JUMP	0
0x00182f0e	0x001e1174	READ	1
0x00182f16	0x00182f40	CONDITIONAL_JUMP	0
0x00182f18	0x001e1178	READ	1
0x00182f20	0x00182f40	CONDITIONAL_JUMP	0
0x00182f22	0x001e117c	READ	1
0x00182f2a	0x00182f40	CONDITIONAL_JUMP	0
0x00182f2c	0x001e1180	READ	1
0x00182f34	0x00182f40	CONDITIONAL_JUMP	0
0x00182f36	0x001e1184	READ	1
0x00182f3e	0x00182f4c	CONDITIONAL_JUMP	0
0x00182f47	0x00182fbc	UNCONDITIONAL_JUMP	0
0x00182f50	0x0015a1a0	UNCONDITIONAL_CALL	0
0x00182f71	0x00181cac	UNCONDITIONAL_CALL	0
0x00182f7a	0x00182150	UNCONDITIONAL_CALL	0
0x00182f86	0x00165bec	UNCONDITIONAL_CALL	0
0x00182f92	0x00182fbc	CONDITIONAL_JUMP	0
0x00182f99	0x00182fa6	CONDITIONAL_JUMP	0
0x00182f9e	0x00182fa6	CONDITIONAL_JUMP	0
0x00182fa1	0x0014d050	UNCONDITIONAL_CALL	0
0x00182fad	0x001e1188	READ	1
0x00182fbc	0xStack[-0x10]	DATA	0
0x00182fcd	0xStack[0x4]	READ	1
0x00182fd0	0xStack[0x8]	READ	1
0x00182fd9	0x00183001	CONDITIONAL_JUMP	0
0x00182fde	0x00183001	CONDITIONAL_JUMP	0
0x00182fe7	0x00183001	CONDITIONAL_JUMP	0
0x00182ff0	0x00183001	CONDITIONAL_JUMP	0
0x00182fff	0x0018300c	CONDITIONAL_JUMP	0
0x00183008	0x00183026	UNCONDITIONAL_JUMP	0
0x00183015	0x00157f4c	UNCONDITIONAL_CALL	0
0x0018301e	0x001823c8	UNCONDITIONAL_CALL	0
0x00183026	0xStack[-0xc]	DATA	0
0x00183037	0xStack[0x4]	READ	1
0x0018303a	0xStack[0x8]	READ	1
0x00183041	0x00183052	CONDITIONAL_JUMP	0
0x00183046	0x00183052	CONDITIONAL_JUMP	0
0x00183048	0x001e118c	READ	1
0x00183050	0x0018305c	CONDITIONAL_JUMP	0
0x00183059	0x001830b7	UNCONDITIONAL_JUMP	0
0x0018305c	0xStack[-0x8]	WRITE	0
0x00183063	0xStack[-0x8]	DATA	0
0x00183073	0x00157f4c	UNCONDITIONAL_CALL	0
0x0018307c	0x00182500	UNCONDITIONAL_CALL	0
0x00183086	0x001830b7	CONDITIONAL_JUMP	0
0x00183088	0x001e1190	READ	1
0x00183091	0x001e1194	READ	1
0x0018309a	0x001e1198	READ	1
0x001830a3	0xStack[-0x8]	READ	1
0x001830a9	0xStack[-0x8]	READ	1
0x001830b7	0xStack[-0xc]	READ	1
0x001830c5	0xStack[0x4]	READ	1
0x001830c8	0xStack[0x8]	READ	1
0x001830d1	0x001830f9	CONDITIONAL_JUMP	0
0x001830d6	0x001830f9	CONDITIONAL_JUMP	0
0x001830df	0x001830f9	CONDITIONAL_JUMP	0
0x001830e8	0x001830f9	CONDITIONAL_JUMP	0
0x001830f7	0x00183104	CONDITIONAL_JUMP	0
0x00183100	0x0018311e	UNCONDITIONAL_JUMP	0
0x0018310d	0x00157f4c	UNCONDITIONAL_CALL	0
0x00183116	0x00182578	UNCONDITIONAL_CALL	0
0x0018311e	0xStack[-0xc]	DATA	0
0x0018312f	0xStack[0x4]	READ	1
0x00183132	0xStack[0x8]	READ	1
0x00183139	0x00183154	CONDITIONAL_JUMP	0
0x0018313e	0x00183154	CONDITIONAL_JUMP	0
0x00183140	0x001e119c	READ	1
0x00183148	0x00183154	CONDITIONAL_JUMP	0
0x0018314a	0x001e11a0	READ	1
0x00183152	0x00183160	CONDITIONAL_JUMP	0
0x0018315b	0x001831bf	UNCONDITIONAL_JUMP	0
0x00183160	0xStack[-0x8]	WRITE	0
0x00183167	0xStack[-0x8]	DATA	0
0x0018317b	0x00157f4c	UNCONDITIONAL_CALL	0
0x00183184	0x00182484	UNCONDITIONAL_CALL	0
0x0018318e	0x001831bf	CONDITIONAL_JUMP	0
0x00183190	0x001e11a4	READ	1
0x00183199	0x001e11a8	READ	1
0x001831a2	0x001e11ac	READ	1
0x001831ab	0xStack[-0x8]	READ	1
0x001831b1	0xStack[-0x8]	READ	1
0x001831bf	0xStack[-0xc]	READ	1
0x001831cc	0xStack[0x4]	READ	1
0x001831cf	0xStack[0x8]	READ	1
0x001831d6	0x001831f1	CONDITIONAL_JUMP	0
0x001831db	0x001831f1	CONDITIONAL_JUMP	0
0x001831dd	0x001e11b0	READ	1
0x001831e5	0x001831f1	CONDITIONAL_JUMP	0
0x001831e7	0x001e11b4	READ	1
0x001831ef	0x001831fc	CONDITIONAL_JUMP	0
0x001831f8	0x00183219	UNCONDITIONAL_JUMP	0
0x00183208	0x00157f4c	UNCONDITIONAL_CALL	0
0x00183211	0x00160cf8	UNCONDITIONAL_CALL	0
0x00183219	0xStack[-0x8]	READ	1
0x00183224	0xStack[0x4]	READ	1
0x00183227	0xStack[0x8]	READ	1
0x0018322e	0x00183235	CONDITIONAL_JUMP	0
0x00183233	0x00183240	CONDITIONAL_JUMP	0
0x0018323c	0x0018326d	UNCONDITIONAL_JUMP	0
0x00183248	0x00157f4c	UNCONDITIONAL_CALL	0
0x00183251	0x00160d24	UNCONDITIONAL_CALL	0
0x0018325b	0x0018326d	CONDITIONAL_JUMP	0
0x00183264	0x001e11b8	READ	1
0x0018326d	0xStack[-0x8]	READ	1
0x00183278	0xStack[0x4]	READ	1
0x0018327b	0xStack[0x8]	READ	1
0x00183282	0x00183289	CONDITIONAL_JUMP	0
0x00183287	0x00183294	CONDITIONAL_JUMP	0
0x00183290	0x001832c1	UNCONDITIONAL_JUMP	0
0x0018329c	0x00157f4c	UNCONDITIONAL_CALL	0
0x001832a5	0x00160e0c	UNCONDITIONAL_CALL	0
0x001832af	0x001832c1	CONDITIONAL_JUMP	0
0x001832b8	0x001e11bc	READ	1
0x001832c1	0xStack[-0x8]	READ	1
0x001832cc	0xStack[0x4]	READ	1
0x001832cf	0xStack[0x8]	READ	1
0x001832d6	0x001832f1	CONDITIONAL_JUMP	0
0x001832db	0x001832f1	CONDITIONAL_JUMP	0
0x001832dd	0x001e11c0	READ	1
0x001832e5	0x001832f1	CONDITIONAL_JUMP	0
0x001832e7	0x001e11c4	READ	1
0x001832ef	0x001832fc	CONDITIONAL_JUMP	0
0x001832f8	0x00183319	UNCONDITIONAL_JUMP	0
0x00183308	0x00157f4c	UNCONDITIONAL_CALL	0
0x00183311	0x00160e34	UNCONDITIONAL_CALL	0
0x00183319	0xStack[-0x8]	READ	1
0x00183324	0xStack[0x4]	READ	1
0x00183327	0xStack[0x8]	READ	1
0x0018332e	0x00183335	CONDITIONAL_JUMP	0
0x00183333	0x00183340	CONDITIONAL_JUMP	0
0x0018333c	0x00183352	UNCONDITIONAL_JUMP	0
0x00183344	0x00157f4c	UNCONDITIONAL_CALL	0
0x0018334a	0x00160e60	UNCONDITIONAL_CALL	0
0x00183352	0xStack[-0x8]	READ	1
0x00183362	0x001e7324	DATA	1
0x00183367	0x001e1268	DATA	1
0x0018336c	0x001e2cf4	DATA	1
0x00183371	0x001e2f34	READ	1
0x00183379	0x001e2f34	DATA	1
0x00183382	0x001833bf	CONDITIONAL_JUMP	0
0x00183384	0x001e2cf4	READ	0
0x00183384	0x001e2d0c	READ	0
0x00183384	0x00183488	DATA	1
0x0018338a	0x001833b8	CONDITIONAL_JUMP	0
0x0018338c	0x001e2cf4	DATA	1
0x001833ae	0x001e7564	WRITE	0
0x001833b3	0x001833bf	UNCONDITIONAL_JUMP	0
0x001833bd	0x00183384	CONDITIONAL_JUMP	0
0x001833bf	0x001e2f38	DATA	1
0x001833c4	0x001e369c	READ	1
0x001833cf	0x001e369c	DATA	1
0x001833d8	0x00183417	CONDITIONAL_JUMP	0
0x001833dc	0x001e2f38	READ	0
0x001833dc	0x001e2f64	READ	0
0x001833dc	0x00183488	DATA	1
0x001833e2	0x00183410	CONDITIONAL_JUMP	0
0x001833e4	0x001e2f38	DATA	1
0x00183409	0x001e7568	WRITE	0
0x0018340e	0x00183417	UNCONDITIONAL_JUMP	0
0x00183415	0x001833dc	CONDITIONAL_JUMP	0
0x0018341c	0x001e7324	DATA	0
0x0018341d	0x00101600	UNCONDITIONAL_CALL	0
0x0018342c	0x001e7568	READ	1
0x0018343f	0x001e7344	WRITE	0
0x0018343f	0x001e7368	WRITE	0
0x00183443	0x001e7564	READ	1
0x00183450	0x001e7346	WRITE	0
0x00183450	0x001e736a	WRITE	0
0x00183458	0x001a5448	UNCONDITIONAL_CALL	0
0x0018345d	0x001e1268	WRITE	0
0x0018346f	0x0018342c	CONDITIONAL_JUMP	0
0x00183471	0xStack[-0x10]	DATA	0
0x0018347f	0x001e7324	DATA	1
0x00183491	0xStack[0x8]	READ	1
0x00183494	0xStack[0x4]	READ	1
0x0018349c	0x001840ec	UNCONDITIONAL_CALL	0
0x001834a8	0x001834ce	CONDITIONAL_JUMP	0
0x001834b2	0x001834b6	CONDITIONAL_JUMP	0
0x001834ba	0x001f9384	READ	1
0x001834c0	0x00202670	DATA	0
0x001834c2	0x001ce960	UNCONDITIONAL_CALL	0
0x001834cc	0x001834d8	CONDITIONAL_JUMP	0
0x001834d3	0x00183551	UNCONDITIONAL_JUMP	0
0x001834d8	0x001e756c	READ	0
0x001834df	0x0018351b	CONDITIONAL_JUMP	0
0x001834e1	0xStack[-0x8]	DATA	0
0x001834e5	0x001e134c	DATA	0
0x001834ea	0x001a3d0c	UNCONDITIONAL_CALL	0
0x001834f4	0x00183503	CONDITIONAL_JUMP	0
0x001834f6	0x001e1350	DATA	0
0x001834fb	0x001a552c	UNCONDITIONAL_CALL	0
0x00183503	0x001f9388	READ	1
0x00183509	0x00202680	DATA	0
0x0018350a	0xStack[-0x8]	READ	1
0x0018350e	0x001ce960	UNCONDITIONAL_CALL	0
0x00183513	0x001e756c	WRITE	0
0x00183525	0x0018354f	CONDITIONAL_JUMP	0
0x0018352e	0x001e7564	READ	0
0x00183534	0x00183540	CONDITIONAL_JUMP	0
0x00183538	0x001f938c	READ	1
0x0018353e	0x00183548	UNCONDITIONAL_JUMP	0
0x00183542	0x001f9390	READ	1
0x00183548	0x0020268c	DATA	0
0x00183548	0x002026a0	DATA	0
0x0018354a	0x001ce960	UNCONDITIONAL_CALL	0
0x00183551	0xStack[-0x14]	DATA	0
0x00183561	0xStack[0x4]	READ	1
0x00183569	0x001840ec	UNCONDITIONAL_CALL	0
0x00183575	0x00183597	CONDITIONAL_JUMP	0
0x00183581	0x001835cb	CONDITIONAL_JUMP	0
0x00183583	0x001f9394	READ	1
0x00183589	0x002026b4	DATA	0
0x0018358b	0x001ce960	UNCONDITIONAL_CALL	0
0x00183595	0x001835a0	CONDITIONAL_JUMP	0
0x0018359c	0x001835cd	UNCONDITIONAL_JUMP	0
0x001835a7	0x001e7564	READ	0
0x001835ad	0x001835bc	CONDITIONAL_JUMP	0
0x001835b1	0x001f938c	READ	1
0x001835b7	0x001835c4	UNCONDITIONAL_JUMP	0
0x001835be	0x001f9390	READ	1
0x001835c4	0x0020268c	DATA	0
0x001835c4	0x002026a0	DATA	0
0x001835c6	0x001ce960	UNCONDITIONAL_CALL	0
0x001835cd	0xStack[-0xc]	DATA	0
0x001835e1	0xStack[0x4]	READ	1
0x001835e5	0xStack[-0x20]	WRITE	0
0x001835ed	0x001840ec	UNCONDITIONAL_CALL	0
0x001835f2	0xStack[-0x24]	WRITE	0
0x001835f5	0xStack[-0x20]	READ	1
0x001835ff	0xStack[-0x28]	WRITE	0
0x00183602	0xStack[-0x18]	WRITE	0
0x0018360b	0xStack[-0x1c]	WRITE	0
0x00183612	0xStack[-0x2c]	WRITE	0
0x00183619	0xStack[-0x30]	WRITE	0
0x0018361f	0xStack[-0x34]	WRITE	0
0x00183627	0x0018414c	UNCONDITIONAL_CALL	0
0x0018362c	0xStack[-0x38]	WRITE	0
0x00183632	0xStack[-0x24]	READ	0
0x00183636	0x00183644	CONDITIONAL_JUMP	0
0x0018363d	0x00183785	UNCONDITIONAL_JUMP	0
0x00183644	0x001f9398	READ	1
0x0018364a	0x002026c4	DATA	0
0x0018364b	0xStack[-0x24]	READ	1
0x0018364f	0x001ce960	UNCONDITIONAL_CALL	0
0x00183659	0x00183668	CONDITIONAL_JUMP	0
0x00183660	0x00183785	UNCONDITIONAL_JUMP	0
0x00183668	0xStack[0x8]	READ	1
0x0018366d	0xStack[-0x14]	DATA	0
0x00183671	0x001f93a0	READ	1
0x00183677	0x002026dc	DATA	0
0x00183678	0x001f939c	READ	1
0x0018367e	0x002026d0	DATA	0
0x0018367f	0xStack[-0x38]	READ	1
0x00183683	0x001ce960	UNCONDITIONAL_CALL	0
0x0018368c	0x001ce960	UNCONDITIONAL_CALL	0
0x00183694	0x001e1378	READ	0
0x0018369b	0x001836a6	CONDITIONAL_JUMP	0
0x0018369d	0x001e0d0c	READ	1
0x001836a3	0xStack[-0x14]	WRITE	0
0x001836a6	0xStack[-0x14]	READ	1
0x001836ac	0x001836b3	CONDITIONAL_JUMP	0
0x001836b1	0x001836c1	CONDITIONAL_JUMP	0
0x001836b3	0xStack[-0xc]	READ	1
0x001836b9	0x00183713	CONDITIONAL_JUMP	0
0x001836bf	0x00183713	CONDITIONAL_JUMP	0
0x001836c1	0xStack[-0x30]	WRITE	0
0x001836c5	0xStack[-0x1c]	DATA	0
0x001836c9	0xStack[-0x18]	DATA	0
0x001836d1	0x001f93a4	READ	1
0x001836d7	0x002026f0	DATA	0
0x001836d8	0x001f939c	READ	1
0x001836de	0x002026d0	DATA	0
0x001836df	0xStack[-0x38]	READ	1
0x001836e3	0x001ce960	UNCONDITIONAL_CALL	0
0x001836ec	0x001ce960	UNCONDITIONAL_CALL	0
0x001836f5	0xStack[-0x2c]	WRITE	0
0x001836fd	0xStack[0x8]	READ	1
0x00183703	0xStack[-0x34]	WRITE	0
0x00183706	0xStack[0x8]	READ	1
0x00183713	0x001f93a8	READ	1
0x00183719	0x00202724	DATA	0
0x0018371a	0xStack[-0x24]	READ	1
0x0018371e	0x001ce960	UNCONDITIONAL_CALL	0
0x00183724	0xStack[0x8]	READ	1
0x00183728	0x001840d0	DATA	0
0x0018372f	0xStack[-0x20]	READ	1
0x00183734	0xStack[-0x28]	READ	1
0x00183737	0x001e1268	DATA	1
0x0018373f	0x00183920	DATA	0
0x00183744	0x0011eb50	UNCONDITIONAL_CALL	0
0x0018374e	0xStack[-0x30]	READ	0
0x00183752	0x00183783	CONDITIONAL_JUMP	0
0x00183754	0xStack[-0x34]	READ	0
0x00183758	0x00183768	CONDITIONAL_JUMP	0
0x0018375b	0xStack[-0x2c]	READ	1
0x00183760	0x001013cc	UNCONDITIONAL_CALL	0
0x00183765	0x00183773	UNCONDITIONAL_JUMP	0
0x00183769	0xStack[-0x2c]	READ	1
0x0018376e	0x00189cec	UNCONDITIONAL_CALL	0
0x00183776	0xStack[-0x1c]	READ	1
0x0018377a	0xStack[-0x18]	READ	1
0x0018377e	0x001a5458	UNCONDITIONAL_CALL	0
0x00183785	0xStack[-0x44]	DATA	0
0x00183799	0xStack[0x4]	READ	1
0x001837a1	0x001840ec	UNCONDITIONAL_CALL	0
0x001837b0	0xStack[-0x20]	WRITE	0
0x001837b3	0xStack[-0x18]	WRITE	0
0x001837ba	0xStack[-0x1c]	WRITE	0
0x001837c1	0xStack[-0x24]	WRITE	0
0x001837c6	0x0018414c	UNCONDITIONAL_CALL	0
0x001837cb	0xStack[-0x28]	WRITE	0
0x001837d3	0x001837e0	CONDITIONAL_JUMP	0
0x001837da	0x00183913	UNCONDITIONAL_JUMP	0
0x001837e0	0x001f9398	READ	1
0x001837e6	0x002026c4	DATA	0
0x001837e8	0x001ce960	UNCONDITIONAL_CALL	0
0x001837f2	0x00183800	CONDITIONAL_JUMP	0
0x001837f9	0x00183913	UNCONDITIONAL_JUMP	0
0x00183800	0xStack[0x8]	READ	1
0x00183805	0xStack[-0x14]	DATA	0
0x00183809	0x001f93a0	READ	1
0x0018380f	0x002026dc	DATA	0
0x00183810	0x001f939c	READ	1
0x00183816	0x002026d0	DATA	0
0x00183817	0xStack[-0x28]	READ	1
0x0018381b	0x001ce960	UNCONDITIONAL_CALL	0
0x00183824	0x001ce960	UNCONDITIONAL_CALL	0
0x0018382c	0x001e1378	READ	0
0x00183833	0x0018383e	CONDITIONAL_JUMP	0
0x00183835	0x001e0d0c	READ	1
0x0018383b	0xStack[-0x10]	WRITE	0
0x0018383e	0xStack[-0x10]	READ	1
0x00183844	0x0018384b	CONDITIONAL_JUMP	0
0x00183849	0x00183859	CONDITIONAL_JUMP	0
0x0018384b	0xStack[-0x8]	READ	1
0x00183851	0x001838c7	CONDITIONAL_JUMP	0
0x00183857	0x001838c7	CONDITIONAL_JUMP	0
0x00183859	0xStack[-0x24]	WRITE	0
0x0018385d	0xStack[-0x1c]	DATA	0
0x00183861	0xStack[-0x18]	DATA	0
0x00183869	0x001f93a4	READ	1
0x0018386f	0x002026f0	DATA	0
0x00183870	0x001f939c	READ	1
0x00183876	0x002026d0	DATA	0
0x00183877	0xStack[-0x28]	READ	1
0x0018387b	0x001ce960	UNCONDITIONAL_CALL	0
0x00183884	0x001ce960	UNCONDITIONAL_CALL	0
0x0018388b	0xStack[-0x2c]	WRITE	0
0x00183893	0xStack[0x8]	READ	1
0x0018389a	0x001838ac	CONDITIONAL_JUMP	0
0x001838a2	0x001013cc	UNCONDITIONAL_CALL	0
0x001838a7	0x001838c4	UNCONDITIONAL_JUMP	0
0x001838b1	0xStack[-0x2c]	READ	1
0x001838b5	0x00189a5c	UNCONDITIONAL_CALL	0
0x001838ba	0xStack[0x8]	READ	1
0x001838c7	0x001f93a8	READ	1
0x001838cd	0x00202724	DATA	0
0x001838cf	0x001ce960	UNCONDITIONAL_CALL	0
0x001838d5	0xStack[0x8]	READ	1
0x001838d9	0x001840d0	DATA	0
0x001838e4	0xStack[-0x20]	READ	1
0x001838e7	0x001e1268	DATA	1
0x001838ef	0x00183920	DATA	0
0x001838f4	0x0011eb50	UNCONDITIONAL_CALL	0
0x001838fe	0xStack[-0x24]	READ	0
0x00183902	0x00183911	CONDITIONAL_JUMP	0
0x00183904	0xStack[-0x1c]	READ	1
0x00183908	0xStack[-0x18]	READ	1
0x0018390c	0x001a5458	UNCONDITIONAL_CALL	0
0x00183913	0xStack[-0x38]	DATA	0
0x00183929	0xStack[0x4]	READ	1
0x00183931	0x001840ec	UNCONDITIONAL_CALL	0
0x0018393d	0x00183972	CONDITIONAL_JUMP	0
0x00183949	0x00183958	CONDITIONAL_JUMP	0
0x00183954	0x0018395e	UNCONDITIONAL_JUMP	0
0x00183958	0x001e8de8	READ	1
0x0018395e	0x001f93a8	READ	1
0x00183964	0x00202724	DATA	0
0x00183966	0x001ce960	UNCONDITIONAL_CALL	0
0x00183970	0x0018397c	CONDITIONAL_JUMP	0
0x00183978	0x001839d1	UNCONDITIONAL_JUMP	0
0x00183982	0xStack[-0x8]	WRITE	0
0x0018398b	0x0018399c	CONDITIONAL_JUMP	0
0x00183992	0x001f93ac	READ	1
0x00183998	0x001839aa	UNCONDITIONAL_JUMP	0
0x0018399f	0xStack[-0x8]	READ	1
0x001839a4	0x001f93b0	READ	1
0x001839aa	0x00202730	DATA	0
0x001839aa	0x0020275c	DATA	0
0x001839ac	0x001ce960	UNCONDITIONAL_CALL	0
0x001839b6	0x001839bc	CONDITIONAL_JUMP	0
0x001839ba	0x001839df	UNCONDITIONAL_JUMP	0
0x001839bd	0x001f93b4	READ	1
0x001839c3	0x00202788	DATA	0
0x001839c5	0x001ce960	UNCONDITIONAL_CALL	0
0x001839d5	0x0011aad4	UNCONDITIONAL_CALL	0
0x001839df	0xStack[-0x14]	DATA	0
0x001839f8	0xStack[0x8]	READ	1
0x001839fb	0xStack[0xc]	READ	1
0x001839fe	0xStack[0x4]	READ	1
0x00183a0c	0xStack[-0xa8]	WRITE	0
0x00183a16	0xStack[-0xac]	WRITE	0
0x00183a25	0x00184088	CONDITIONAL_JUMP	0
0x00183a32	0x001e7568	READ	0
0x00183a38	0x00184088	CONDITIONAL_JUMP	0
0x00183a41	0x001e7324	DATA	1
0x00183a4e	0x00183ac0	CONDITIONAL_JUMP	0
0x00183a50	0x00183a88	CONDITIONAL_JUMP	0
0x00183a58	0x00183ad8	CONDITIONAL_JUMP	0
0x00183a5a	0x00183a6c	CONDITIONAL_JUMP	0
0x00183a62	0x00183ac0	CONDITIONAL_JUMP	0
0x00183a64	0x00184050	UNCONDITIONAL_JUMP	0
0x00183a72	0x00184050	CONDITIONAL_JUMP	0
0x00183a7e	0x00184050	CONDITIONAL_JUMP	0
0x00183a84	0x00183ac0	UNCONDITIONAL_JUMP	0
0x00183a8e	0x00183aa8	CONDITIONAL_JUMP	0
0x00183a96	0x00183ad8	CONDITIONAL_JUMP	0
0x00183a9e	0x00183ac0	CONDITIONAL_JUMP	0
0x00183aa0	0x00184050	UNCONDITIONAL_JUMP	0
0x00183aae	0x00183ad8	CONDITIONAL_JUMP	0
0x00183ab6	0x00183ad8	CONDITIONAL_JUMP	0
0x00183ab8	0x00184050	UNCONDITIONAL_JUMP	0
0x00183ac6	0x00183aca	CONDITIONAL_JUMP	0
0x00183aca	0x001e7328	DATA	1
0x00183ace	0xStack[-0xa4]	WRITE	0
0x00183ad4	0x00183ae0	UNCONDITIONAL_JUMP	0
0x00183ad8	0x001e7324	DATA	1
0x00183ada	0xStack[-0xa4]	WRITE	0
0x00183ae0	0xStack[-0xa4]	READ	0
0x00183ae7	0x00184088	CONDITIONAL_JUMP	0
0x00183af3	0x00183ce4	CONDITIONAL_JUMP	0
0x00183af9	0x00183b38	CONDITIONAL_JUMP	0
0x00183b01	0x00183d4c	CONDITIONAL_JUMP	0
0x00183b07	0x00183b18	CONDITIONAL_JUMP	0
0x00183b0f	0x00183b80	CONDITIONAL_JUMP	0
0x00183b11	0x00184050	UNCONDITIONAL_JUMP	0
0x00183b1e	0x00183bc8	CONDITIONAL_JUMP	0
0x00183b2a	0x00183c14	CONDITIONAL_JUMP	0
0x00183b30	0x00184050	UNCONDITIONAL_JUMP	0
0x00183b3e	0x00183d2c	CONDITIONAL_JUMP	0
0x00183b44	0x00183b60	CONDITIONAL_JUMP	0
0x00183b4c	0x00183bac	CONDITIONAL_JUMP	0
0x00183b54	0x00183d24	CONDITIONAL_JUMP	0
0x00183b5a	0x00184050	UNCONDITIONAL_JUMP	0
0x00183b66	0x00183fb0	CONDITIONAL_JUMP	0
0x00183b72	0x00183c60	CONDITIONAL_JUMP	0
0x00183b78	0x00184050	UNCONDITIONAL_JUMP	0
0x00183b83	0xStack[-0xb8]	WRITE	0
0x00183b8a	0x001f93b8	READ	1
0x00183b8f	0x0020279c	DATA	0
0x00183b90	0xStack[-0xa4]	READ	1
0x00183b97	0x001ce960	UNCONDITIONAL_CALL	0
0x00183b9c	0xStack[-0xac]	WRITE	0
0x00183ba5	0x00184058	UNCONDITIONAL_JUMP	0
0x00183bac	0x001f9398	READ	1
0x00183bb1	0x002026c4	DATA	0
0x00183bb2	0xStack[-0xa4]	READ	1
0x00183bb9	0x001ce960	UNCONDITIONAL_CALL	0
0x00183bc3	0x00183d40	UNCONDITIONAL_JUMP	0
0x00183bcd	0x001a5448	UNCONDITIONAL_CALL	0
0x00183bd5	0x001f93bc	READ	1
0x00183bda	0x002027ac	DATA	0
0x00183bdb	0xStack[-0xa4]	READ	1
0x00183be2	0x001ce960	UNCONDITIONAL_CALL	0
0x00183be7	0xStack[-0xac]	WRITE	0
0x00183bf2	0x00183c09	CONDITIONAL_JUMP	0
0x00183bfb	0x00189cec	UNCONDITIONAL_CALL	0
0x00183c00	0xStack[-0xa8]	WRITE	0
0x00183c0f	0x00183fa0	UNCONDITIONAL_JUMP	0
0x00183c19	0x001a5448	UNCONDITIONAL_CALL	0
0x00183c27	0x00189a5c	UNCONDITIONAL_CALL	0
0x00183c2c	0xStack[-0xa8]	WRITE	0
0x00183c37	0x00183c55	CONDITIONAL_JUMP	0
0x00183c3a	0x001f93c0	READ	1
0x00183c3f	0x002027b8	DATA	0
0x00183c40	0xStack[-0xa4]	READ	1
0x00183c47	0x001ce960	UNCONDITIONAL_CALL	0
0x00183c4c	0xStack[-0xac]	WRITE	0
0x00183c5b	0x00183fa0	UNCONDITIONAL_JUMP	0
0x00183c62	0xStack[-0x88]	DATA	0
0x00183c69	0x00101600	UNCONDITIONAL_CALL	0
0x00183c6e	0x001f93c4	READ	1
0x00183c73	0x002027c4	DATA	0
0x00183c74	0xStack[-0xa4]	READ	1
0x00183c7b	0x001ce960	UNCONDITIONAL_CALL	0
0x00183c84	0x00101b48	UNCONDITIONAL_CALL	0
0x00183c89	0x001f93a8	READ	1
0x00183c8e	0x00202724	DATA	0
0x00183c8f	0xStack[-0xa4]	READ	1
0x00183c96	0x001ce960	UNCONDITIONAL_CALL	0
0x00183c9d	0xStack[-0x60]	WRITE	0
0x00183ca0	0x001e756c	READ	1
0x00183ca5	0xStack[-0x5c]	WRITE	0
0x00183cad	0x00183cd1	CONDITIONAL_JUMP	0
0x00183ccf	0x00183cc8	CONDITIONAL_JUMP	0
0x00183cd1	0xStack[-0x88]	DATA	0
0x00183cdf	0x00184058	UNCONDITIONAL_JUMP	0
0x00183ce4	0x001f93c8	READ	1
0x00183ce9	0x002027d0	DATA	0
0x00183cea	0xStack[-0xa4]	READ	1
0x00183cf1	0x001ce960	UNCONDITIONAL_CALL	0
0x00183cfd	0x00184058	CONDITIONAL_JUMP	0
0x00183d03	0x001f93cc	READ	1
0x00183d08	0x002027dc	DATA	0
0x00183d09	0xStack[-0xa4]	READ	1
0x00183d10	0x001ce960	UNCONDITIONAL_CALL	0
0x00183d15	0xStack[-0xac]	WRITE	0
0x00183d1e	0x00184058	UNCONDITIONAL_JUMP	0
0x00183d24	0x001f93a8	READ	1
0x00183d29	0x00183d31	UNCONDITIONAL_JUMP	0
0x00183d2c	0x001f93d0	READ	1
0x00183d31	0x00202724	DATA	0
0x00183d31	0x002027e4	DATA	0
0x00183d32	0xStack[-0xa4]	READ	1
0x00183d39	0x001ce960	UNCONDITIONAL_CALL	0
0x00183d45	0x00184058	UNCONDITIONAL_JUMP	0
0x00183d52	0x00183e14	CONDITIONAL_JUMP	0
0x00183d58	0x001f939c	READ	1
0x00183d5d	0x002026d0	DATA	0
0x00183d5e	0x001e7324	DATA	1
0x00183d61	0x001ce960	UNCONDITIONAL_CALL	0
0x00183d66	0xStack[-0xb4]	WRITE	0
0x00183d6c	0xStack[-0x98]	DATA	0
0x00183d73	0x001f93a0	READ	1
0x00183d78	0x002026dc	DATA	0
0x00183d79	0xStack[-0xb4]	READ	1
0x00183d80	0x001ce960	UNCONDITIONAL_CALL	0
0x00183d8c	0x00183d98	CONDITIONAL_JUMP	0
0x00183d8e	0xStack[-0x8c]	READ	1
0x00183d94	0x00183d9e	UNCONDITIONAL_JUMP	0
0x00183d98	0xStack[-0x90]	READ	1
0x00183da1	0x00183db4	CONDITIONAL_JUMP	0
0x00183daf	0x00183db7	UNCONDITIONAL_JUMP	0
0x00183db7	0xStack[-0xa0]	DATA	0
0x00183dbe	0xStack[-0x9c]	DATA	0
0x00183dc6	0x001f93a4	READ	1
0x00183dcb	0x002026f0	DATA	0
0x00183dcc	0xStack[-0xb4]	READ	1
0x00183dd3	0x001ce960	UNCONDITIONAL_CALL	0
0x00183dd8	0xStack[-0xb0]	WRITE	0
0x00183de5	0x00183e20	CONDITIONAL_JUMP	0
0x00183deb	0xStack[-0xb0]	READ	1
0x00183df6	0x00189a5c	UNCONDITIONAL_CALL	0
0x00183dfb	0xStack[-0xa8]	WRITE	0
0x00183e06	0x00183e20	CONDITIONAL_JUMP	0
0x00183e0f	0x00183f88	UNCONDITIONAL_JUMP	0
0x00183e16	0xStack[-0xb0]	WRITE	0
0x00183e22	0xStack[-0x58]	DATA	0
0x00183e26	0x00101600	UNCONDITIONAL_CALL	0
0x00183e2b	0x001f93d4	READ	1
0x00183e30	0x002027f0	DATA	0
0x00183e31	0xStack[-0xa4]	READ	1
0x00183e38	0x001ce960	UNCONDITIONAL_CALL	0
0x00183e3f	0xStack[-0x58]	WRITE	0
0x00183e42	0x001f93d8	READ	1
0x00183e47	0x002027f8	DATA	0
0x00183e48	0xStack[-0xa4]	READ	1
0x00183e4f	0x001ce960	UNCONDITIONAL_CALL	0
0x00183e56	0xStack[-0x57]	WRITE	0
0x00183e5b	0xStack[-0x56]	WRITE	0
0x00183e61	0xStack[-0x52]	WRITE	0
0x00183e67	0xStack[-0x4e]	WRITE	0
0x00183e74	0xStack[-0x4a]	WRITE	0
0x00183e77	0xStack[-0x48]	WRITE	0
0x00183e7d	0xStack[-0x44]	WRITE	0
0x00183e85	0xStack[-0xb8]	WRITE	0
0x00183e8b	0xStack[-0xb8]	READ	1
0x00183e94	0xStack[-0x40]	READ	1
0x00183e9b	0xStack[-0x40]	WRITE	0
0x00183ea8	0xStack[-0x40]	WRITE	0
0x00183eb5	0xStack[-0x40]	WRITE	0
0x00183ebe	0xStack[-0x3d]	READ	1
0x00183ec5	0xStack[-0x3d]	WRITE	0
0x00183ecc	0x00183ee4	CONDITIONAL_JUMP	0
0x00183ece	0x001e8de8	READ	1
0x00183ed4	0xStack[-0xb0]	READ	1
0x00183edc	0x001f93dc	READ	1
0x00183ee1	0x00183ef7	UNCONDITIONAL_JUMP	0
0x00183ee4	0x001e8de8	READ	1
0x00183eea	0xStack[-0xb0]	READ	1
0x00183ef2	0x001f93e0	READ	1
0x00183ef7	0x002027fc	DATA	0
0x00183ef7	0x00202818	DATA	0
0x00183ef8	0xStack[-0xa4]	READ	1
0x00183eff	0x001ce960	UNCONDITIONAL_CALL	0
0x00183f04	0xStack[-0xac]	WRITE	0
0x00183f0d	0xStack[-0x3c]	READ	1
0x00183f16	0x00183f25	CONDITIONAL_JUMP	0
0x00183f18	0xStack[-0x38]	READ	0
0x00183f1c	0x00183f25	CONDITIONAL_JUMP	0
0x00183f25	0xStack[-0x38]	READ	1
0x00183f2b	0xStack[-0x34]	READ	1
0x00183f36	0x00183f3b	CONDITIONAL_JUMP	0
0x00183f4d	0x00183f72	CONDITIONAL_JUMP	0
0x00183f4f	0xStack[-0x34]	READ	0
0x00183f53	0x00183f72	CONDITIONAL_JUMP	0
0x00183f5d	0xStack[-0xb0]	READ	1
0x00183f64	0x00189cec	UNCONDITIONAL_CALL	0
0x00183f69	0xStack[-0xa8]	WRITE	0
0x00183f76	0x00183f88	CONDITIONAL_JUMP	0
0x00183f7b	0xStack[-0x20]	DATA	0
0x00183f8c	0x00184058	CONDITIONAL_JUMP	0
0x00183f92	0xStack[-0xa0]	READ	1
0x00183f99	0xStack[-0x9c]	READ	1
0x00183fa0	0x001a5458	UNCONDITIONAL_CALL	0
0x00183fa8	0x00184058	UNCONDITIONAL_JUMP	0
0x00183fb0	0x001f93e4	READ	1
0x00183fb5	0x00202834	DATA	0
0x00183fb6	0xStack[-0xa4]	READ	1
0x00183fbd	0x001ce960	UNCONDITIONAL_CALL	0
0x00183fc2	0xStack[-0xac]	WRITE	0
0x00183fcd	0x00184061	CONDITIONAL_JUMP	0
0x00183fd3	0x001f93a8	READ	1
0x00183fd8	0x00202724	DATA	0
0x00183fd9	0xStack[-0xa4]	READ	1
0x00183fe0	0x001ce960	UNCONDITIONAL_CALL	0
0x00183fe7	0x001f93d0	READ	1
0x00183fec	0x002027e4	DATA	0
0x00183fed	0xStack[-0xa4]	READ	1
0x00183ff4	0x001ce960	UNCONDITIONAL_CALL	0
0x00184004	0xStack[-0xb8]	WRITE	0
0x0018400a	0xStack[-0xb8]	READ	1
0x0018402b	0xStack[-0xb8]	WRITE	0
0x00184031	0xStack[-0xb8]	READ	1
0x0018404c	0x00184058	UNCONDITIONAL_JUMP	0
0x00184055	0x0018408d	UNCONDITIONAL_JUMP	0
0x00184058	0xStack[-0xac]	READ	0
0x0018405f	0x00184080	CONDITIONAL_JUMP	0
0x00184061	0xStack[-0xac]	READ	1
0x00184068	0x001f93b4	READ	1
0x0018406d	0x00202788	DATA	0
0x0018406e	0xStack[-0xa4]	READ	1
0x00184075	0x001ce960	UNCONDITIONAL_CALL	0
0x0018407a	0xStack[-0xa8]	WRITE	0
0x00184080	0xStack[-0xa8]	READ	1
0x00184086	0x0018408d	UNCONDITIONAL_JUMP	0
0x0018408d	0xStack[-0xc4]	DATA	0
0x0018409f	0xStack[0x4]	READ	1
0x001840a4	0x001840ec	UNCONDITIONAL_CALL	0
0x001840ae	0x001840c4	CONDITIONAL_JUMP	0
0x001840b0	0x001f93a8	READ	1
0x001840b6	0x00202724	DATA	0
0x001840b8	0x001ce960	UNCONDITIONAL_CALL	0
0x001840d3	0xStack[0x4]	READ	1
0x001840d6	0x001e756c	READ	1
0x001840de	0x001840e3	CONDITIONAL_JUMP	0
0x001840f0	0xStack[0x4]	READ	1
0x00184104	0x0018410b	CONDITIONAL_JUMP	0
0x00184109	0x00184110	CONDITIONAL_JUMP	0
0x0018410d	0x00184144	UNCONDITIONAL_JUMP	0
0x0018411a	0x001e7324	DATA	1
0x00184123	0x00184140	CONDITIONAL_JUMP	0
0x0018412c	0x001e7564	READ	0
0x00184132	0x00184138	CONDITIONAL_JUMP	0
0x00184136	0x00184144	UNCONDITIONAL_JUMP	0
0x00184138	0x001e7324	DATA	1
0x0018413e	0x00184144	UNCONDITIONAL_JUMP	0
0x00184144	0xStack[-0x8]	READ	1
0x0018414f	0xStack[0x4]	READ	1
0x0018415b	0x00184170	CONDITIONAL_JUMP	0
0x00184163	0x001e7324	DATA	1
0x0018417b	0xStack[0x4]	READ	1
0x00184180	0x0018447c	UNCONDITIONAL_CALL	0
0x0018418a	0x00184198	CONDITIONAL_JUMP	0
0x00184199	0x001f93e8	READ	1
0x0018419f	0x00202850	DATA	0
0x001841a1	0x001ce960	UNCONDITIONAL_CALL	0
0x001841a8	0x001841b0	CONDITIONAL_JUMP	0
0x001841bf	0xStack[0x4]	READ	1
0x001841c4	0x0018447c	UNCONDITIONAL_CALL	0
0x001841ce	0x001841dc	CONDITIONAL_JUMP	0
0x001841dd	0x001f93ec	READ	1
0x001841e3	0x0020285c	DATA	0
0x001841e5	0x001ce960	UNCONDITIONAL_CALL	0
0x001841f9	0xStack[0x8]	READ	1
0x001841fc	0xStack[0x4]	READ	1
0x00184201	0x0018447c	UNCONDITIONAL_CALL	0
0x00184208	0xStack[-0x8]	WRITE	0
0x00184214	0x00184220	CONDITIONAL_JUMP	0
0x0018421b	0x00184472	UNCONDITIONAL_JUMP	0
0x00184226	0x001843a0	CONDITIONAL_JUMP	0
0x0018422c	0x0018427c	CONDITIONAL_JUMP	0
0x00184234	0x00184318	CONDITIONAL_JUMP	0
0x0018423a	0x0018425c	CONDITIONAL_JUMP	0
0x00184242	0x001842cc	CONDITIONAL_JUMP	0
0x0018424e	0x001842f0	CONDITIONAL_JUMP	0
0x00184254	0x00184468	UNCONDITIONAL_JUMP	0
0x00184262	0x00184384	CONDITIONAL_JUMP	0
0x0018426e	0x0018438c	CONDITIONAL_JUMP	0
0x00184274	0x00184468	UNCONDITIONAL_JUMP	0
0x00184282	0x001843c8	CONDITIONAL_JUMP	0
0x00184288	0x001842a8	CONDITIONAL_JUMP	0
0x00184290	0x001843bc	CONDITIONAL_JUMP	0
0x0018429c	0x00184434	CONDITIONAL_JUMP	0
0x001842a2	0x00184468	UNCONDITIONAL_JUMP	0
0x001842ae	0x00184410	CONDITIONAL_JUMP	0
0x001842b4	0x001843ec	CONDITIONAL_JUMP	0
0x001842c0	0x00184354	CONDITIONAL_JUMP	0
0x001842c6	0x00184468	UNCONDITIONAL_JUMP	0
0x001842cc	0x00108310	UNCONDITIONAL_CALL	0
0x001842d5	0xStack[0xc]	READ	1
0x001842e1	0x001f93f0	READ	1
0x001842e7	0x00202868	DATA	0
0x001842e9	0x001ce960	UNCONDITIONAL_CALL	0
0x001842ee	0x00184340	UNCONDITIONAL_JUMP	0
0x001842f0	0xStack[0xc]	READ	1
0x001842f6	0x001f93f4	READ	1
0x001842fc	0x00202880	DATA	0
0x001842fe	0x001ce960	UNCONDITIONAL_CALL	0
0x00184305	0x0018446f	CONDITIONAL_JUMP	0
0x0018430b	0xStack[-0x8]	WRITE	0
0x00184312	0x0018446f	UNCONDITIONAL_JUMP	0
0x00184318	0x00108310	UNCONDITIONAL_CALL	0
0x00184321	0xStack[0xc]	READ	1
0x00184333	0x001f93f8	READ	1
0x00184339	0x00202890	DATA	0
0x0018433b	0x001ce960	UNCONDITIONAL_CALL	0
0x00184342	0x0018446f	CONDITIONAL_JUMP	0
0x00184348	0xStack[-0x8]	WRITE	0
0x0018434f	0x0018446f	UNCONDITIONAL_JUMP	0
0x00184354	0x001f93fc	READ	1
0x0018435a	0x002028ac	DATA	0
0x0018435c	0x001ce960	UNCONDITIONAL_CALL	0
0x00184361	0xStack[0xc]	READ	1
0x00184369	0x001f9400	READ	1
0x0018436f	0x002028bc	DATA	0
0x00184371	0x001ce960	UNCONDITIONAL_CALL	0
0x0018437c	0x0018446f	UNCONDITIONAL_JUMP	0
0x00184386	0xStack[0xc]	READ	1
0x0018438a	0x00184392	UNCONDITIONAL_JUMP	0
0x0018438c	0xStack[0xc]	READ	1
0x00184393	0x0018449c	UNCONDITIONAL_CALL	0
0x00184398	0xStack[-0x8]	WRITE	0
0x0018439b	0x0018446f	UNCONDITIONAL_JUMP	0
0x001843a0	0x001f9404	READ	1
0x001843a6	0x002028c8	DATA	0
0x001843a8	0x001ce960	UNCONDITIONAL_CALL	0
0x001843af	0x0018446f	CONDITIONAL_JUMP	0
0x001843b5	0x00184468	UNCONDITIONAL_JUMP	0
0x001843bc	0x001f9408	READ	1
0x001843c2	0x002028d8	DATA	0
0x001843c3	0x001843a7	UNCONDITIONAL_JUMP	0
0x001843c8	0x001f940c	READ	1
0x001843ce	0x002028ec	DATA	0
0x001843d0	0x001ce960	UNCONDITIONAL_CALL	0
0x001843df	0xStack[0xc]	READ	1
0x001843e4	0x0018446f	UNCONDITIONAL_JUMP	0
0x001843ec	0x001f9388	READ	1
0x001843f2	0x00202680	DATA	0
0x001843f3	0x001f939c	READ	1
0x001843f9	0x002026d0	DATA	0
0x001843fb	0x001ce960	UNCONDITIONAL_CALL	0
0x00184404	0x001ce960	UNCONDITIONAL_CALL	0
0x00184409	0xStack[0xc]	READ	1
0x0018440e	0x0018446f	UNCONDITIONAL_JUMP	0
0x00184410	0x001f9410	READ	1
0x00184416	0x002028f8	DATA	0
0x00184417	0x001f939c	READ	1
0x0018441d	0x002026d0	DATA	0
0x0018441f	0x001ce960	UNCONDITIONAL_CALL	0
0x00184428	0x001ce960	UNCONDITIONAL_CALL	0
0x0018442d	0xStack[0xc]	READ	1
0x00184432	0x0018446f	UNCONDITIONAL_JUMP	0
0x00184434	0x00108310	UNCONDITIONAL_CALL	0
0x0018443b	0x0018444c	CONDITIONAL_JUMP	0
0x0018443d	0x001e875c	READ	1
0x00184447	0xStack[-0x8]	WRITE	0
0x0018444a	0x0018446f	UNCONDITIONAL_JUMP	0
0x0018444c	0x001f9414	READ	1
0x00184452	0x00202908	DATA	0
0x00184454	0x001ce960	UNCONDITIONAL_CALL	0
0x0018445b	0x0018446f	CONDITIONAL_JUMP	0
0x0018445d	0xStack[-0x8]	WRITE	0
0x00184464	0x0018446f	UNCONDITIONAL_JUMP	0
0x00184468	0xStack[-0x8]	WRITE	0
0x0018446f	0xStack[-0x8]	READ	1
0x00184472	0xStack[-0x14]	DATA	0
0x0018447f	0xStack[0x4]	READ	1
0x00184486	0x00184494	CONDITIONAL_JUMP	0
0x00184488	0x001f74a0	DATA	1
0x001844a8	0xStack[0x8]	READ	1
0x001844ab	0xStack[0xc]	READ	1
0x001844ae	0xStack[-0xe4]	WRITE	0
0x001844b8	0xStack[-0xe8]	WRITE	0
0x001844bf	0xStack[-0xec]	WRITE	0
0x001844c9	0xStack[-0xf0]	WRITE	0
0x001844d5	0x001844f4	CONDITIONAL_JUMP	0
0x001844da	0xStack[-0x100]	WRITE	0
0x001844e3	0xStack[-0xf4]	WRITE	0
0x001844ec	0xStack[-0xf8]	WRITE	0
0x001844f2	0x00184525	UNCONDITIONAL_JUMP	0
0x001844f6	0x00184518	CONDITIONAL_JUMP	0
0x001844fb	0xStack[-0x100]	WRITE	0
0x00184504	0xStack[-0xf4]	WRITE	0
0x0018450d	0xStack[-0xf8]	WRITE	0
0x00184513	0x00184525	UNCONDITIONAL_JUMP	0
0x00184518	0x001e1380	DATA	0
0x0018451d	0x001a552c	UNCONDITIONAL_CALL	0
0x00184525	0x001f9388	READ	1
0x0018452b	0x00202680	DATA	0
0x0018452c	0x001f939c	READ	1
0x00184532	0x002026d0	DATA	0
0x00184533	0xStack[0x4]	READ	1
0x00184537	0x001ce960	UNCONDITIONAL_CALL	0
0x00184540	0x001ce960	UNCONDITIONAL_CALL	0
0x00184548	0xStack[-0x100]	READ	0
0x0018454e	0x0018455c	CONDITIONAL_JUMP	0
0x00184555	0x0018493f	UNCONDITIONAL_JUMP	0
0x0018455c	0xStack[-0x100]	READ	0
0x00184563	0x00184654	CONDITIONAL_JUMP	0
0x00184569	0x001f939c	READ	1
0x0018456f	0x002026d0	DATA	0
0x00184570	0xStack[0x4]	READ	1
0x00184574	0x001ce960	UNCONDITIONAL_CALL	0
0x00184579	0xStack[-0xfc]	WRITE	0
0x0018457f	0xStack[-0x14]	DATA	0
0x00184583	0x001f93a0	READ	1
0x00184589	0x002026dc	DATA	0
0x0018458a	0xStack[-0xfc]	READ	1
0x00184591	0x001ce960	UNCONDITIONAL_CALL	0
0x00184599	0xStack[-0xf4]	READ	0
0x001845a0	0x001845a8	CONDITIONAL_JUMP	0
0x001845a2	0xStack[-0x8]	READ	1
0x001845a5	0x001845ab	UNCONDITIONAL_JUMP	0
0x001845a8	0xStack[-0xc]	READ	1
0x001845ab	0xStack[-0xe8]	WRITE	0
0x001845b2	0x001e8de8	READ	1
0x001845b8	0xStack[-0xec]	WRITE	0
0x001845c1	0x001845dc	CONDITIONAL_JUMP	0
0x001845c3	0xStack[-0x100]	READ	1
0x001845d1	0xStack[-0xe4]	WRITE	0
0x001845d7	0x001845e8	UNCONDITIONAL_JUMP	0
0x001845dc	0xStack[-0x100]	READ	1
0x001845e2	0xStack[-0xe4]	WRITE	0
0x001845e8	0xStack[-0x1c]	DATA	0
0x001845ec	0xStack[-0x18]	DATA	0
0x001845f0	0xStack[-0x100]	READ	1
0x001845f7	0x001f93a4	READ	1
0x001845fd	0x002026f0	DATA	0
0x001845fe	0xStack[-0xfc]	READ	1
0x00184605	0x001ce960	UNCONDITIONAL_CALL	0
0x0018460a	0xStack[-0xe0]	WRITE	0
0x00184613	0xStack[-0xf4]	READ	0
0x0018461a	0x00184660	CONDITIONAL_JUMP	0
0x0018461c	0xStack[-0x100]	READ	1
0x00184623	0xStack[-0xe0]	READ	1
0x0018462a	0xStack[-0xf8]	READ	1
0x00184631	0x00189a5c	UNCONDITIONAL_CALL	0
0x00184636	0xStack[-0xf0]	WRITE	0
0x00184641	0x00184660	CONDITIONAL_JUMP	0
0x00184643	0xStack[-0xf0]	WRITE	0
0x0018464d	0x00184923	UNCONDITIONAL_JUMP	0
0x00184654	0xStack[-0xf8]	READ	1
0x0018465a	0xStack[-0xe0]	WRITE	0
0x00184662	0x00184790	CONDITIONAL_JUMP	0
0x0018466a	0xStack[-0x70]	DATA	0
0x0018466e	0x00101600	UNCONDITIONAL_CALL	0
0x00184673	0x001f93fc	READ	1
0x00184679	0x002028ac	DATA	0
0x0018467a	0xStack[0x4]	READ	1
0x0018467e	0x001ce960	UNCONDITIONAL_CALL	0
0x00184688	0x001846b2	CONDITIONAL_JUMP	0
0x0018468a	0x00184691	CONDITIONAL_JUMP	0
0x0018468f	0x001846b2	CONDITIONAL_JUMP	0
0x00184691	0xStack[-0x70]	WRITE	0
0x00184694	0x001f9400	READ	1
0x0018469a	0x002028bc	DATA	0
0x0018469b	0xStack[0x4]	READ	1
0x0018469f	0x001ce960	UNCONDITIONAL_CALL	0
0x001846a9	0x001846b2	CONDITIONAL_JUMP	0
0x001846ab	0x001846c4	CONDITIONAL_JUMP	0
0x001846b0	0x001846c4	CONDITIONAL_JUMP	0
0x001846b2	0xStack[-0xf0]	WRITE	0
0x001846bc	0x00184923	UNCONDITIONAL_JUMP	0
0x001846c4	0xStack[-0x6f]	WRITE	0
0x001846c9	0xStack[-0x6e]	WRITE	0
0x001846cf	0xStack[-0x6a]	WRITE	0
0x001846d5	0xStack[-0x66]	WRITE	0
0x001846df	0xStack[-0x62]	WRITE	0
0x001846e2	0xStack[-0xe4]	READ	1
0x001846e8	0xStack[-0x60]	WRITE	0
0x001846ee	0xStack[-0x5c]	WRITE	0
0x001846fb	0xStack[-0x58]	READ	1
0x00184703	0xStack[-0x58]	WRITE	0
0x00184711	0xStack[-0x58]	WRITE	0
0x0018471f	0xStack[-0x58]	WRITE	0
0x00184728	0xStack[-0x55]	READ	1
0x00184730	0xStack[-0x55]	WRITE	0
0x00184737	0xStack[-0xec]	READ	1
0x0018473e	0xStack[-0xe0]	READ	1
0x00184745	0xStack[-0x70]	DATA	0
0x00184749	0x001f9418	READ	1
0x0018474f	0x00202918	DATA	0
0x00184750	0xStack[0x4]	READ	1
0x00184754	0x001ce960	UNCONDITIONAL_CALL	0
0x0018475c	0xStack[-0x50]	READ	1
0x00184762	0xStack[-0x4c]	READ	1
0x00184768	0xStack[-0x100]	WRITE	0
0x00184774	0xStack[-0x100]	READ	0
0x0018477a	0x0018477f	CONDITIONAL_JUMP	0
0x00184783	0xStack[-0x44]	READ	1
0x00184786	0xStack[-0x48]	READ	1
0x0018478b	0x001848dd	UNCONDITIONAL_JUMP	0
0x00184792	0xStack[-0xdc]	DATA	0
0x00184798	0xStack[-0x100]	WRITE	0
0x0018479f	0x00101600	UNCONDITIONAL_CALL	0
0x001847a4	0x001f93fc	READ	1
0x001847aa	0x002028ac	DATA	0
0x001847ab	0xStack[0x4]	READ	1
0x001847af	0x001ce960	UNCONDITIONAL_CALL	0
0x001847b4	0xStack[-0xdc]	WRITE	0
0x001847ba	0xStack[-0xd8]	WRITE	0
0x001847c0	0x001f9400	READ	1
0x001847c6	0x002028bc	DATA	0
0x001847c7	0xStack[0x4]	READ	1
0x001847cb	0x001ce960	UNCONDITIONAL_CALL	0
0x001847d0	0xStack[-0xd4]	WRITE	0
0x001847d6	0xStack[-0xd0]	WRITE	0
0x001847de	0xStack[-0xcc]	WRITE	0
0x001847e7	0xStack[-0xc8]	WRITE	0
0x001847f0	0xStack[-0xc4]	WRITE	0
0x001847f9	0xStack[-0xc0]	WRITE	0
0x00184809	0xStack[-0xbc]	WRITE	0
0x0018480f	0xStack[-0xe4]	READ	1
0x00184815	0xStack[-0xb8]	WRITE	0
0x0018481e	0xStack[-0xb4]	WRITE	0
0x0018482e	0xStack[-0xb0]	READ	1
0x00184839	0xStack[-0xb0]	WRITE	0
0x0018484a	0xStack[-0xb0]	WRITE	0
0x0018485b	0xStack[-0xb0]	WRITE	0
0x00184867	0xStack[-0xad]	READ	1
0x00184872	0xStack[-0xad]	WRITE	0
0x0018487a	0xStack[-0xec]	READ	1
0x00184881	0xStack[-0xe0]	READ	1
0x00184888	0xStack[-0x100]	READ	1
0x0018488f	0x001f941c	READ	1
0x00184895	0x00202940	DATA	0
0x00184896	0xStack[0x4]	READ	1
0x0018489a	0x001ce960	UNCONDITIONAL_CALL	0
0x001848a2	0xStack[-0xa8]	READ	1
0x001848ab	0xStack[-0xa4]	READ	1
0x001848b4	0xStack[-0x100]	WRITE	0
0x001848c0	0xStack[-0x100]	READ	0
0x001848c6	0x001848cb	CONDITIONAL_JUMP	0
0x001848cf	0xStack[-0x9c]	READ	1
0x001848d5	0xStack[-0xa0]	READ	1
0x001848dd	0x0016058c	UNCONDITIONAL_CALL	0
0x001848e5	0xStack[-0xf4]	READ	0
0x001848ec	0x00184923	CONDITIONAL_JUMP	0
0x001848ee	0xStack[-0x100]	READ	0
0x001848f5	0x00184923	CONDITIONAL_JUMP	0
0x001848f7	0xStack[-0xe8]	READ	0
0x001848fe	0x00184939	CONDITIONAL_JUMP	0
0x00184900	0xStack[-0x100]	READ	1
0x00184907	0xStack[-0xf8]	READ	1
0x0018490e	0xStack[-0xe0]	READ	1
0x00184915	0x00189cec	UNCONDITIONAL_CALL	0
0x0018491a	0xStack[-0xf0]	WRITE	0
0x00184923	0xStack[-0xe8]	READ	0
0x0018492a	0x00184939	CONDITIONAL_JUMP	0
0x0018492c	0xStack[-0x1c]	READ	1
0x00184930	0xStack[-0x18]	READ	1
0x00184934	0x001a5458	UNCONDITIONAL_CALL	0
0x00184939	0xStack[-0xf0]	READ	1
0x0018493f	0xStack[-0x10c]	DATA	0
0x00184951	0xStack[0x4]	READ	1
0x00184954	0x001e7584	READ	0
0x0018495b	0x00184996	CONDITIONAL_JUMP	0
0x00184964	0x001a5448	UNCONDITIONAL_CALL	0
0x00184969	0x001f74c4	WRITE	0
0x0018496e	0x001f74c0	WRITE	0
0x00184978	0x001e7580	WRITE	0
0x0018497d	0x00184a58	UNCONDITIONAL_CALL	0
0x00184982	0x001f74d0	WRITE	0
0x0018498c	0x001e7584	WRITE	0
0x00184996	0xStack[-0xc]	DATA	0
0x001849a4	0x001f74c4	READ	0
0x001849ab	0x00184a4f	CONDITIONAL_JUMP	0
0x001849b1	0x0018c0d8	UNCONDITIONAL_CALL	0
0x001849bd	0x001f74d0	READ_WRITE	0
0x001849c8	0x00184a49	CONDITIONAL_JUMP	0
0x001849ca	0x001e13a0	READ	0
0x001849d1	0x00184a41	CONDITIONAL_JUMP	0
0x001849d3	0x001f74c8	READ_WRITE	0
0x001849da	0x001e7580	READ	1
0x001849df	0x001f74c8	READ	0
0x001849e5	0x001849f3	CONDITIONAL_JUMP	0
0x001849e7	0x001f74c4	READ	1
0x001849ed	0x001f74c8	WRITE	0
0x001849f3	0x001f74c8	READ	1
0x001849f8	0xStack[0x4]	READ	1
0x001849fd	0xStack[0x8]	READ	1
0x00184a03	0xStack[0xc]	READ	1
0x00184a09	0xStack[0x10]	READ	1
0x00184a0f	0xStack[0x14]	READ	1
0x00184a15	0xStack[0x18]	READ	1
0x00184a26	0x001a54f8	UNCONDITIONAL_CALL	0
0x00184a2b	0x001f74cc	READ	1
0x00184a33	0x001f74c0	READ	0
0x00184a39	0x00184a41	CONDITIONAL_JUMP	0
0x00184a3c	0x001f74cc	WRITE	0
0x00184a43	0x001f74d0	READ_WRITE	0
0x00184a4a	0x0018b544	UNCONDITIONAL_CALL	0
0x00184a4f	0xStack[-0x8]	READ	1
0x00184a5b	0x001e7580	READ	1
0x00184a60	0x001f74c8	WRITE	0
0x00184a65	0x001f74cc	WRITE	0
0x00184a77	0xStack[0x4]	READ	1
0x00184a7d	0x00184a90	CONDITIONAL_JUMP	0
0x00184a80	0x001e13a4	DATA	0
0x00184a85	0x001a5514	UNCONDITIONAL_CALL	0
0x00184a90	0xStack[0x8]	READ	1
0x00184a93	0x001f74b0	DATA	0
0x00184aa3	0xStack[0x4]	READ	1
0x00184aa9	0x00184abc	CONDITIONAL_JUMP	0
0x00184aac	0x001e13c7	DATA	0
0x00184ab1	0x001a5514	UNCONDITIONAL_CALL	0
0x00184abc	0x001f74b0	DATA	1
0x00184ad4	0xStack[0x4]	READ	1
0x00184ad7	0x001f74cc	READ	0
0x00184add	0x00184aec	CONDITIONAL_JUMP	0
0x00184ae4	0x00184b77	UNCONDITIONAL_JUMP	0
0x00184af2	0x001f74c8	READ	1
0x00184afa	0x001f74c4	READ	0
0x00184b00	0x00184b0e	CONDITIONAL_JUMP	0
0x00184b02	0x001f74c0	READ	1
0x00184b25	0xStack[-0x130]	DATA	0
0x00184b2c	0x0010c188	UNCONDITIONAL_CALL	0
0x00184b45	0xStack[0x8]	READ	0
0x00184b48	0x00184b55	CONDITIONAL_JUMP	0
0x00184b4a	0xStack[0x8]	READ	1
0x00184b56	0xStack[0xc]	READ	1
0x00184b5a	0x00101b48	UNCONDITIONAL_CALL	0
0x00184b5f	0xStack[0x10]	READ	1
0x00184b70	0xStack[0x14]	READ	1
0x00184b77	0xStack[-0x13c]	DATA	0
0x00184b89	0xStack[0x4]	READ	1
0x00184b9d	0x001a5448	UNCONDITIONAL_CALL	0
0x00184ba6	0x00101b48	UNCONDITIONAL_CALL	0
0x00184bad	0xStack[-0xc]	DATA	0
0x00184bbb	0x001e7588	READ	0
0x00184bc2	0x00184bd4	CONDITIONAL_JUMP	0
0x00184bc4	0x001e7588	WRITE	0
0x00184be3	0x001e7588	WRITE	0
0x00184bf6	0xStack[0x8]	READ	1
0x00184bf9	0xStack[0xc]	READ	1
0x00184c03	0x00184c34	CONDITIONAL_JUMP	0
0x00184c05	0x00184c18	CONDITIONAL_JUMP	0
0x00184c0c	0x00184d50	CONDITIONAL_JUMP	0
0x00184c12	0x00184d5c	UNCONDITIONAL_JUMP	0
0x00184c1d	0x00184d0c	CONDITIONAL_JUMP	0
0x00184c28	0x00184d44	CONDITIONAL_JUMP	0
0x00184c2e	0x00184d5c	UNCONDITIONAL_JUMP	0
0x00184c34	0x001e13ec	DATA	0
0x00184c3c	0x001e8b54	READ	1
0x00184c45	0x0016d60c	UNCONDITIONAL_CALL	0
0x00184c4f	0x00184d5c	CONDITIONAL_JUMP	0
0x00184c55	0x001e758c	DATA	0
0x00184c5a	0x0015b5d0	UNCONDITIONAL_CALL	0
0x00184c5f	0x001e13fc	READ	1
0x00184c68	0x001e13fc	DATA	1
0x00184c6e	0x00184ce9	CONDITIONAL_JUMP	0
0x00184c70	0x001e13fc	READ	1
0x00184c74	0x001e1400	READ	1
0x00184c77	0x001e13fc	DATA	1
0x00184c7d	0x00184c88	CONDITIONAL_JUMP	0
0x00184c7f	0x001e1400	WRITE	0
0x00184c84	0x00184c8b	UNCONDITIONAL_JUMP	0
0x00184c88	0x001e1400	WRITE	0
0x00184c88	0x001e13fc	DATA	0
0x00184c8b	0x001e13fc	DATA	1
0x00184c90	0x00184c9c	CONDITIONAL_JUMP	0
0x00184c92	0x001e13fc	WRITE	0
0x00184c98	0x00184c9e	UNCONDITIONAL_JUMP	0
0x00184c9c	0x001e13fc	WRITE	0
0x00184c9e	0x001e1408	READ	1
0x00184ca2	0x001e905c	READ	0
0x00184ca9	0x00184cd4	CONDITIONAL_JUMP	0
0x00184cab	0x001e145c	READ	1
0x00184caf	0x001e1454	DATA	1
0x00184cb2	0x001e1454	DATA	0
0x00184cb3	0x001e1414	DATA	1
0x00184cb6	0x001e1414	DATA	0
0x00184cb7	0x001e1410	READ	1
0x00184cbb	0x001e140c	READ	1
0x00184cbf	0x001e140a	READ	1
0x00184cc8	0x001e1404	READ	1
0x00184ccb	0x001e1404	DATA	0
0x00184ccc	0x00184d9c	UNCONDITIONAL_CALL	0
0x00184cd6	0x001e13fc	DATA	0
0x00184cd7	0x0015a824	UNCONDITIONAL_CALL	0
0x00184ce1	0x001e13fc	DATA	1
0x00184ce7	0x00184c70	CONDITIONAL_JUMP	0
0x00184ce9	0x001e758c	DATA	0
0x00184cee	0x0015b73c	UNCONDITIONAL_CALL	0
0x00184cf8	0x00184d61	CONDITIONAL_JUMP	0
0x00184cfa	0x001e13f4	READ	1
0x00184d01	0x001e13ec	READ	1
0x00184d07	0x00184d3b	UNCONDITIONAL_JUMP	0
0x00184d0c	0x001e13f0	DATA	0
0x00184d14	0x001e8b54	READ	1
0x00184d1d	0x0016d60c	UNCONDITIONAL_CALL	0
0x00184d27	0x00184d2e	CONDITIONAL_JUMP	0
0x00184d2e	0x001e13f4	READ	1
0x00184d35	0x001e13f0	READ	1
0x00184d3c	0x0016d554	UNCONDITIONAL_CALL	0
0x00184d41	0x00184d61	UNCONDITIONAL_JUMP	0
0x00184d44	0x001e759c	WRITE	0
0x00184d4e	0x00184d61	UNCONDITIONAL_JUMP	0
0x00184d54	0x00184f50	UNCONDITIONAL_CALL	0
0x00184d59	0x00184d61	UNCONDITIONAL_JUMP	0
0x00184d63	0xStack[-0x10]	DATA	0
0x00184d73	0xStack[0x18]	READ	1
0x00184d77	0xStack[0x14]	READ	1
0x00184d7b	0xStack[0xc]	READ	1
0x00184d7f	0xStack[0x10]	READ	1
0x00184d85	0xStack[0x8]	READ	1
0x00184d8a	0xStack[0x4]	READ	1
0x00184d91	0x00184d9c	UNCONDITIONAL_CALL	0
0x00184da5	0xStack[0x4]	READ	1
0x00184da8	0xStack[0x8]	READ	1
0x00184dac	0xStack[-0x8]	WRITE	0
0x00184db0	0xStack[0xc]	READ	1
0x00184db4	0xStack[-0xc]	WRITE	0
0x00184db8	0x001e7589	READ	0
0x00184dbf	0x00184dd7	CONDITIONAL_JUMP	0
0x00184dc3	0x001e758c	DATA	0
0x00184dc8	0x0015b54c	UNCONDITIONAL_CALL	0
0x00184dcd	0x001e7589	WRITE	0
0x00184dd7	0x001e13ec	READ	0
0x00184dde	0x00184e74	CONDITIONAL_JUMP	0
0x00184de6	0x0015a75c	UNCONDITIONAL_CALL	0
0x00184df0	0xStack[-0x8]	READ	1
0x00184df8	0xStack[-0xc]	READ	1
0x00184e00	0xStack[0x10]	READ	1
0x00184e06	0xStack[0x14]	READ	1
0x00184e0c	0xStack[0x20]	READ	1
0x00184e12	0xStack[0x18]	READ	1
0x00184e1a	0x00101b48	UNCONDITIONAL_CALL	0
0x00184e1f	0xStack[0x1c]	READ	1
0x00184e27	0x00101b48	UNCONDITIONAL_CALL	0
0x00184e2c	0x001e758c	DATA	0
0x00184e31	0x0015b5d0	UNCONDITIONAL_CALL	0
0x00184e39	0x001e1400	READ	1
0x00184e3e	0x001e13fc	DATA	1
0x00184e43	0x00184e50	CONDITIONAL_JUMP	0
0x00184e45	0x001e13fc	WRITE	0
0x00184e4b	0x00184e52	UNCONDITIONAL_JUMP	0
0x00184e50	0x001e13fc	WRITE	0
0x00184e52	0x001e13fc	DATA	1
0x00184e55	0x001e13fc	DATA	1
0x00184e5b	0x001e1400	WRITE	0
0x00184e61	0x001e758c	DATA	0
0x00184e66	0x0015b73c	UNCONDITIONAL_CALL	0
0x00184e6d	0x00184f43	UNCONDITIONAL_JUMP	0
0x00184e76	0x00184e84	CONDITIONAL_JUMP	0
0x00184e7d	0x00184f43	UNCONDITIONAL_JUMP	0
0x00184e89	0x0015a75c	UNCONDITIONAL_CALL	0
0x00184e90	0x001e1410	DATA	1
0x00184e9d	0x001e1410	READ	1
0x00184e9d	0x001e1414	READ	1
0x00184ead	0x001e13ec	READ	1
0x00184eb6	0xStack[0x14]	READ	1
0x00184ec3	0xStack[0x20]	READ	1
0x00184ec9	0xStack[0x18]	READ	1
0x00184ed1	0x00101b48	UNCONDITIONAL_CALL	0
0x00184ef9	0xStack[-0x8]	READ	1
0x00184f01	0xStack[-0xc]	READ	1
0x00184f29	0xStack[0x1c]	READ	1
0x00184f31	0x00101b48	UNCONDITIONAL_CALL	0
0x00184f3e	0x001586d4	UNCONDITIONAL_CALL	0
0x00184f43	0xStack[-0x18]	DATA	0
0x00184f55	0xStack[0x4]	READ	1
0x00184f5e	0x001e7589	READ	0
0x00184f65	0x00184f7d	CONDITIONAL_JUMP	0
0x00184f69	0x001e758c	DATA	0
0x00184f6e	0x0015b54c	UNCONDITIONAL_CALL	0
0x00184f73	0x001e7589	WRITE	0
0x00184f7d	0x001e758c	DATA	0
0x00184f82	0x0015b5d0	UNCONDITIONAL_CALL	0
0x00184f87	0x001e13fc	READ	1
0x00184f90	0x001e13fc	DATA	1
0x00184f96	0x00184fe7	CONDITIONAL_JUMP	0
0x00184f98	0x001e13fc	READ	1
0x00184f9a	0x001e1408	READ	0
0x00184f9e	0x00184fa6	CONDITIONAL_JUMP	0
0x00184fa0	0x001e140a	READ	0
0x00184fa4	0x00184fdd	CONDITIONAL_JUMP	0
0x00184fa8	0x001e1400	READ	1
0x00184fab	0x001e13fc	DATA	1
0x00184fb1	0x00184fbc	CONDITIONAL_JUMP	0
0x00184fb3	0x001e1400	WRITE	0
0x00184fb8	0x00184fbf	UNCONDITIONAL_JUMP	0
0x00184fbc	0x001e1400	WRITE	0
0x00184fbc	0x001e13fc	DATA	0
0x00184fbf	0x001e13fc	DATA	1
0x00184fc4	0x00184fd0	CONDITIONAL_JUMP	0
0x00184fc6	0x001e13fc	WRITE	0
0x00184fcc	0x00184fd2	UNCONDITIONAL_JUMP	0
0x00184fd0	0x001e13fc	WRITE	0
0x00184fd4	0x001e13fc	DATA	0
0x00184fd5	0x0015a824	UNCONDITIONAL_CALL	0
0x00184fdf	0x001e13fc	DATA	1
0x00184fe5	0x00184f98	CONDITIONAL_JUMP	0
0x00184fe7	0x001e758c	DATA	0
0x00184fec	0x0015b73c	UNCONDITIONAL_CALL	0
0x00184ff1	0xStack[-0xc]	DATA	0
0x00185005	0xStack[0x14]	READ	1
0x00185008	0xStack[0x18]	READ	1
0x0018500b	0x001e13f0	READ	0
0x00185012	0x00185124	CONDITIONAL_JUMP	0
0x0018501b	0x00185038	CONDITIONAL_JUMP	0
0x0018501d	0x00185028	CONDITIONAL_JUMP	0
0x00185021	0x00185030	CONDITIONAL_JUMP	0
0x00185023	0x00185048	UNCONDITIONAL_JUMP	0
0x0018502b	0x00185040	CONDITIONAL_JUMP	0
0x0018502d	0x00185048	UNCONDITIONAL_JUMP	0
0x00185030	0x001e152c	DATA	1
0x00185035	0x0018504d	UNCONDITIONAL_JUMP	0
0x00185038	0x001e1533	DATA	1
0x0018503d	0x0018504d	UNCONDITIONAL_JUMP	0
0x00185040	0x001e153b	DATA	1
0x00185045	0x0018504d	UNCONDITIONAL_JUMP	0
0x00185048	0x001e1540	DATA	1
0x0018504d	0xStack[0x8]	READ	0
0x00185051	0x00185110	CONDITIONAL_JUMP	0
0x00185057	0xStack[0x8]	READ	1
0x0018505a	0x00185080	COMPUTED_JUMP	-1
0x0018505a	0x00185098	COMPUTED_JUMP	-1
0x0018505a	0x001850b0	COMPUTED_JUMP	-1
0x0018505a	0x001850c8	COMPUTED_JUMP	-1
0x0018505a	0x001850e0	COMPUTED_JUMP	-1
0x0018505a	0x001850f0	COMPUTED_JUMP	-1
0x0018505a	0x001850fc	COMPUTED_JUMP	-1
0x0018505a	0x00185064	DATA	0
0x00185064	0x00185080	DATA	0
0x00185068	0x00185098	DATA	0
0x0018506c	0x001850b0	DATA	0
0x00185070	0x001850c8	DATA	0
0x00185074	0x001850e0	DATA	0
0x00185078	0x001850f0	DATA	0
0x0018507c	0x001850fc	DATA	0
0x00185081	0xStack[0x10]	READ	1
0x00185085	0x001e1540	DATA	0
0x00185086	0x001e1541	DATA	0
0x0018508b	0x0010c0d8	UNCONDITIONAL_CALL	0
0x00185090	0x00185265	UNCONDITIONAL_JUMP	0
0x00185099	0xStack[0x20]	READ	1
0x0018509d	0x001e1540	DATA	0
0x0018509e	0x001e1567	DATA	0
0x001850a3	0x0010c0d8	UNCONDITIONAL_CALL	0
0x001850a8	0x00185265	UNCONDITIONAL_JUMP	0
0x001850b1	0xStack[0x10]	READ	1
0x001850b5	0x001e1540	DATA	0
0x001850b6	0x001e158f	DATA	0
0x001850bb	0x0010c0d8	UNCONDITIONAL_CALL	0
0x001850c0	0x00185265	UNCONDITIONAL_JUMP	0
0x001850c9	0xStack[0x20]	READ	1
0x001850cd	0x001e1540	DATA	0
0x001850ce	0x001e15c1	DATA	0
0x001850d3	0x0010c0d8	UNCONDITIONAL_CALL	0
0x001850d8	0x00185265	UNCONDITIONAL_JUMP	0
0x001850e0	0x001e15f5	DATA	0
0x001850e5	0x0010c0d8	UNCONDITIONAL_CALL	0
0x001850ea	0x00185265	UNCONDITIONAL_JUMP	0
0x001850f0	0xStack[0x20]	READ	1
0x001850f4	0x001e160d	DATA	0
0x001850f9	0x00185119	UNCONDITIONAL_JUMP	0
0x001850fd	0x001e1540	DATA	0
0x001850fe	0x001e1628	DATA	0
0x00185103	0x0010c0d8	UNCONDITIONAL_CALL	0
0x00185108	0x00185265	UNCONDITIONAL_JUMP	0
0x00185110	0xStack[0x8]	READ	1
0x00185114	0x001e1641	DATA	0
0x00185119	0x0010c0d8	UNCONDITIONAL_CALL	0
0x0018511e	0x00185265	UNCONDITIONAL_JUMP	0
0x00185129	0xStack[-0x8]	WRITE	0
0x0018512c	0x0015a75c	UNCONDITIONAL_CALL	0
0x00185131	0xStack[-0x10]	WRITE	0
0x00185134	0xStack[-0xc]	WRITE	0
0x00185137	0x001e1480	DATA	1
0x00185144	0x001e1480	READ	1
0x00185144	0x001e1484	READ	1
0x00185146	0x001e13f4	READ	1
0x0018514f	0x001e13f0	READ	1
0x00185155	0xStack[-0x10]	READ	1
0x0018515b	0xStack[0x8]	READ	1
0x00185161	0xStack[0xc]	READ	1
0x00185167	0x001e7598	READ	1
0x00185170	0x001e7598	READ_WRITE	0
0x00185176	0xStack[0x10]	READ	1
0x0018517f	0xStack[-0x8]	READ	1
0x00185185	0xStack[0x1c]	READ	1
0x0018518d	0xStack[0x20]	READ	1
0x001851a7	0x001851ad	CONDITIONAL_JUMP	0
0x001851ad	0xStack[0x24]	READ	1
0x001851c4	0x001851ca	CONDITIONAL_JUMP	0
0x001851ca	0xStack[0x20]	READ	1
0x001851ce	0xStack[-0x10]	READ	1
0x001851d5	0x00101b48	UNCONDITIONAL_CALL	0
0x001851da	0xStack[0x24]	READ	1
0x001851de	0xStack[-0x10]	READ	1
0x001851e5	0x00101b48	UNCONDITIONAL_CALL	0
0x001851ee	0xStack[-0x10]	READ	1
0x001851f2	0x001586d4	UNCONDITIONAL_CALL	0
0x001851fe	0x00185267	CONDITIONAL_JUMP	0
0x00185200	0xStack[-0x10]	READ	1
0x00185206	0xStack[0x2c]	READ	1
0x0018520b	0xStack[0xc]	READ	0
0x0018520f	0x00185265	CONDITIONAL_JUMP	0
0x00185213	0x0015a75c	UNCONDITIONAL_CALL	0
0x0018521c	0x00185228	CONDITIONAL_JUMP	0
0x00185223	0x00185267	UNCONDITIONAL_JUMP	0
0x00185228	0xStack[-0x10]	READ	1
0x00185231	0xStack[0x4]	READ	1
0x00185237	0xStack[0x28]	READ	1
0x0018523d	0x001e1408	READ	1
0x00185243	0x001e1404	DATA	1
0x00185249	0x00185254	CONDITIONAL_JUMP	0
0x0018524b	0x001e1404	WRITE	0
0x00185251	0x00185256	UNCONDITIONAL_JUMP	0
0x00185254	0x001e1404	WRITE	0
0x00185256	0x001e1404	DATA	1
0x00185259	0x001e1404	DATA	1
0x0018525f	0x001e1408	WRITE	0
0x00185267	0xStack[-0x1c]	DATA	0
0x0018527a	0xStack[0x4]	READ	1
0x0018527f	0x001e13f0	READ	0
0x00185286	0x001852d6	CONDITIONAL_JUMP	0
0x0018528a	0x0015a75c	UNCONDITIONAL_CALL	0
0x00185291	0x001e150c	DATA	1
0x0018529e	0x001e150c	READ	1
0x0018529e	0x001e1510	READ	1
0x001852a0	0x001e13f4	READ	1
0x001852a9	0x001e13f0	READ	1
0x001852ba	0x001586d4	UNCONDITIONAL_CALL	0
0x001852c6	0x001852d6	CONDITIONAL_JUMP	0
0x001852c9	0x001e166b	DATA	0
0x001852ce	0x0010c0d8	UNCONDITIONAL_CALL	0
0x001852d7	0x001857fc	UNCONDITIONAL_CALL	0
0x001852e1	0x001852eb	CONDITIONAL_JUMP	0
0x001852e6	0x0015a824	UNCONDITIONAL_CALL	0
0x001852ed	0xStack[-0x10]	DATA	0
0x00185301	0xStack[0xc]	READ	1
0x00185306	0xStack[0x18]	READ	0
0x0018530a	0x00185311	CONDITIONAL_JUMP	0
0x00185313	0x001e13f0	READ	0
0x0018531a	0x0018542c	CONDITIONAL_JUMP	0
0x00185323	0x00185340	CONDITIONAL_JUMP	0
0x00185325	0x00185330	CONDITIONAL_JUMP	0
0x00185329	0x00185338	CONDITIONAL_JUMP	0
0x0018532b	0x00185350	UNCONDITIONAL_JUMP	0
0x00185333	0x00185348	CONDITIONAL_JUMP	0
0x00185335	0x00185350	UNCONDITIONAL_JUMP	0
0x00185338	0x001e152c	DATA	1
0x0018533d	0x00185355	UNCONDITIONAL_JUMP	0
0x00185340	0x001e1533	DATA	1
0x00185345	0x00185355	UNCONDITIONAL_JUMP	0
0x00185348	0x001e153b	DATA	1
0x0018534d	0x00185355	UNCONDITIONAL_JUMP	0
0x00185350	0x001e1540	DATA	1
0x00185358	0x0018541c	CONDITIONAL_JUMP	0
0x0018535e	0x00185370	READ	1
0x00185365	0x00185384	COMPUTED_JUMP	-1
0x00185365	0x001853b8	COMPUTED_JUMP	-1
0x00185368	0x00185384	DATA	0
0x00185370	0x001853b8	DATA	0
0x00185374	0x001853d0	DATA	0
0x00185378	0x001853ec	DATA	0
0x0018537c	0x001853fc	DATA	0
0x00185380	0x00185408	DATA	0
0x00185384	0xStack[0x10]	READ	1
0x00185388	0xStack[0x8]	READ	1
0x0018538c	0x001e1540	DATA	0
0x0018538d	0x001e1541	DATA	0
0x00185392	0x0010c0d8	UNCONDITIONAL_CALL	0
0x00185397	0x00185575	UNCONDITIONAL_JUMP	0
0x001853b8	0xStack[0x10]	READ	1
0x001853bc	0xStack[0x8]	READ	1
0x001853c0	0x001e1540	DATA	0
0x001853c1	0x001e158f	DATA	0
0x001853c6	0x0010c0d8	UNCONDITIONAL_CALL	0
0x001853cb	0x00185575	UNCONDITIONAL_JUMP	0
0x001853d4	0x001e1693	DATA	0
0x001853da	0x001e15c1	DATA	0
0x001853df	0x0010c0d8	UNCONDITIONAL_CALL	0
0x001853e4	0x00185575	UNCONDITIONAL_JUMP	0
0x001853ec	0x001e15f5	DATA	0
0x001853f1	0x0010c0d8	UNCONDITIONAL_CALL	0
0x001853f6	0x00185575	UNCONDITIONAL_JUMP	0
0x001853fc	0x001e1693	DATA	0
0x00185401	0x001e160d	DATA	0
0x00185406	0x00185422	UNCONDITIONAL_JUMP	0
0x0018540d	0x001e1628	DATA	0
0x00185412	0x0010c0d8	UNCONDITIONAL_CALL	0
0x00185417	0x00185575	UNCONDITIONAL_JUMP	0
0x0018541d	0x001e1641	DATA	0
0x00185422	0x0010c0d8	UNCONDITIONAL_CALL	0
0x00185427	0x00185575	UNCONDITIONAL_JUMP	0
0x00185431	0xStack[-0x8]	WRITE	0
0x00185434	0x0015a75c	UNCONDITIONAL_CALL	0
0x00185439	0xStack[-0x10]	WRITE	0
0x0018543c	0xStack[-0xc]	WRITE	0
0x0018543f	0x001e1480	DATA	1
0x0018544c	0x001e1480	READ	1
0x0018544c	0x001e1484	READ	1
0x0018544e	0x001e13f4	READ	1
0x00185457	0x001e13f0	READ	1
0x0018545d	0xStack[-0x10]	READ	1
0x0018546d	0x001e7598	READ	1
0x00185476	0x001e7598	READ_WRITE	0
0x0018547c	0xStack[0x8]	READ	1
0x00185482	0xStack[-0x8]	READ	1
0x00185488	0xStack[0x10]	READ	1
0x00185497	0x001e1693	DATA	1
0x001854a6	0x001e1693	READ	0
0x001854a6	0x001e1694	READ	0
0x001854b3	0x001854bc	CONDITIONAL_JUMP	0
0x001854b5	0x001e16ba	WRITE	0
0x001854bc	0x001e1694	DATA	1
0x001854cb	0x001e1694	READ	0
0x001854cb	0x001e1695	READ	0
0x001854d5	0x001854de	CONDITIONAL_JUMP	0
0x001854d7	0x001e16bb	WRITE	0
0x001854de	0x001e1693	DATA	0
0x001854e3	0xStack[-0x10]	READ	1
0x001854ea	0x00101b48	UNCONDITIONAL_CALL	0
0x001854ef	0x001e1694	DATA	0
0x001854f4	0xStack[-0x10]	READ	1
0x001854fb	0x00101b48	UNCONDITIONAL_CALL	0
0x00185504	0xStack[-0x10]	READ	1
0x00185508	0x001586d4	UNCONDITIONAL_CALL	0
0x00185514	0x00185577	CONDITIONAL_JUMP	0
0x00185516	0xStack[-0x10]	READ	1
0x0018551c	0xStack[0x1c]	READ	1
0x00185523	0x0015a75c	UNCONDITIONAL_CALL	0
0x0018552c	0x00185538	CONDITIONAL_JUMP	0
0x00185533	0x00185577	UNCONDITIONAL_JUMP	0
0x00185538	0xStack[-0x10]	READ	1
0x00185541	0xStack[0x4]	READ	1
0x00185547	0xStack[0x14]	READ	1
0x0018554d	0x001e1408	READ	1
0x00185553	0x001e1404	DATA	1
0x00185559	0x00185564	CONDITIONAL_JUMP	0
0x0018555b	0x001e1404	WRITE	0
0x00185561	0x00185566	UNCONDITIONAL_JUMP	0
0x00185564	0x001e1404	WRITE	0
0x00185566	0x001e1404	DATA	1
0x00185569	0x001e1404	DATA	1
0x0018556f	0x001e1408	WRITE	0
0x00185579	0xStack[-0x1c]	DATA	0
0x00185592	0xStack[0x18]	READ	0
0x00185596	0x0018559d	CONDITIONAL_JUMP	0
0x0018559f	0x001e13f0	READ	0
0x001855a6	0x001856b0	CONDITIONAL_JUMP	0
0x001855ac	0xStack[0xc]	READ	0
0x001855b0	0x001855cc	CONDITIONAL_JUMP	0
0x001855b2	0x001855bc	CONDITIONAL_JUMP	0
0x001855b4	0xStack[0xc]	READ	0
0x001855b8	0x001855c4	CONDITIONAL_JUMP	0
0x001855ba	0x001855dc	UNCONDITIONAL_JUMP	0
0x001855bc	0xStack[0xc]	READ	0
0x001855c0	0x001855d4	CONDITIONAL_JUMP	0
0x001855c2	0x001855dc	UNCONDITIONAL_JUMP	0
0x001855c4	0x001e152c	DATA	1
0x001855c9	0x001855e1	UNCONDITIONAL_JUMP	0
0x001855cc	0x001e1533	DATA	1
0x001855d1	0x001855e1	UNCONDITIONAL_JUMP	0
0x001855d4	0x001e153b	DATA	1
0x001855d9	0x001855e1	UNCONDITIONAL_JUMP	0
0x001855dc	0x001e1540	DATA	1
0x001855e4	0x001856a0	CONDITIONAL_JUMP	0
0x001855ea	0x00185610	COMPUTED_JUMP	-1
0x001855ea	0x00185628	COMPUTED_JUMP	-1
0x001855ea	0x00185640	COMPUTED_JUMP	-1
0x001855ea	0x00185658	COMPUTED_JUMP	-1
0x001855ea	0x00185600	READ	0
0x001855f4	0x00185610	DATA	0
0x001855f8	0x00185628	DATA	0
0x001855fc	0x00185640	DATA	0
0x00185600	0x00185658	DATA	0
0x00185604	0x00185670	DATA	0
0x00185608	0x00185680	DATA	0
0x0018560c	0x0018568c	DATA	0
0x00185610	0xStack[0x10]	READ	1
0x00185616	0x001e1540	DATA	0
0x00185617	0x001e1541	DATA	0
0x0018561c	0x0010c0d8	UNCONDITIONAL_CALL	0
0x00185621	0x001857ed	UNCONDITIONAL_JUMP	0
0x00185628	0xStack[0x10]	READ	1
0x0018562c	0xStack[0x8]	READ	1
0x00185630	0x001e1540	DATA	0
0x00185631	0x001e1567	DATA	0
0x00185636	0x0010c0d8	UNCONDITIONAL_CALL	0
0x0018563b	0x001857ed	UNCONDITIONAL_JUMP	0
0x00185640	0xStack[0x10]	READ	1
0x00185646	0x001e1540	DATA	0
0x00185647	0x001e158f	DATA	0
0x0018564c	0x0010c0d8	UNCONDITIONAL_CALL	0
0x00185651	0x001857ed	UNCONDITIONAL_JUMP	0
0x00185658	0xStack[0x10]	READ	1
0x0018565c	0xStack[0x8]	READ	1
0x00185660	0x001e1540	DATA	0
0x00185661	0x001e15c1	DATA	0
0x00185666	0x0010c0d8	UNCONDITIONAL_CALL	0
0x0018566b	0x001857ed	UNCONDITIONAL_JUMP	0
0x00185670	0x001e15f5	DATA	0
0x00185675	0x0010c0d8	UNCONDITIONAL_CALL	0
0x0018567a	0x001857ed	UNCONDITIONAL_JUMP	0
0x00185684	0x001e160d	DATA	0
0x00185689	0x001856a6	UNCONDITIONAL_JUMP	0
0x00185691	0x001e1628	DATA	0
0x00185696	0x0010c0d8	UNCONDITIONAL_CALL	0
0x0018569b	0x001857ed	UNCONDITIONAL_JUMP	0
0x001856a1	0x001e1641	DATA	0
0x001856a6	0x0010c0d8	UNCONDITIONAL_CALL	0
0x001856ab	0x001857ed	UNCONDITIONAL_JUMP	0
0x001856b5	0x0015a75c	UNCONDITIONAL_CALL	0
0x001856ba	0xStack[-0xc]	WRITE	0
0x001856bd	0xStack[-0xc]	READ	1
0x001856c0	0x001e1480	DATA	1
0x001856cd	0x001e1480	READ	1
0x001856cd	0x001e1484	READ	1
0x001856cf	0x001e13f4	READ	1
0x001856d7	0x001e13f0	READ	1
0x001856dc	0xStack[-0xc]	READ	1
0x001856ec	0x001e7598	READ	1
0x001856f4	0x001e7598	READ_WRITE	0
0x00185701	0xStack[0xc]	READ	1
0x00185707	0xStack[0x10]	READ	1
0x00185716	0xStack[0x8]	READ	1
0x00185730	0x00185736	CONDITIONAL_JUMP	0
0x00185736	0x001e1695	DATA	1
0x00185745	0x001e1695	READ	0
0x00185745	0x001e1696	READ	0
0x0018574f	0x00185758	CONDITIONAL_JUMP	0
0x00185751	0x001e16bc	WRITE	0
0x00185758	0xStack[0x8]	READ	1
0x0018575c	0xStack[-0xc]	READ	1
0x00185763	0x00101b48	UNCONDITIONAL_CALL	0
0x00185768	0x001e1695	DATA	0
0x0018576d	0xStack[-0xc]	READ	1
0x00185774	0x00101b48	UNCONDITIONAL_CALL	0
0x0018577d	0xStack[-0xc]	READ	1
0x00185781	0x001586d4	UNCONDITIONAL_CALL	0
0x0018578d	0x001857ef	CONDITIONAL_JUMP	0
0x0018578f	0xStack[-0xc]	READ	1
0x00185795	0xStack[0x1c]	READ	1
0x0018579c	0x0015a75c	UNCONDITIONAL_CALL	0
0x001857a5	0x001857b0	CONDITIONAL_JUMP	0
0x001857ac	0x001857ef	UNCONDITIONAL_JUMP	0
0x001857b0	0xStack[-0xc]	READ	1
0x001857b9	0xStack[0x4]	READ	1
0x001857bf	0xStack[0x14]	READ	1
0x001857c5	0x001e1408	READ	1
0x001857cb	0x001e1404	DATA	1
0x001857d1	0x001857dc	CONDITIONAL_JUMP	0
0x001857d3	0x001e1404	WRITE	0
0x001857d9	0x001857de	UNCONDITIONAL_JUMP	0
0x001857dc	0x001e1404	WRITE	0
0x001857de	0x001e1404	DATA	1
0x001857e1	0x001e1404	DATA	1
0x001857e7	0x001e1408	WRITE	0
0x001857f1	0xStack[-0x18]	DATA	0
0x001857ff	0xStack[0x4]	READ	1
0x00185802	0x001e1404	READ	1
0x00185807	0x001e1404	DATA	1
0x0018580c	0x00185855	CONDITIONAL_JUMP	0
0x00185810	0x001e140c	READ	0
0x00185813	0x0018584c	CONDITIONAL_JUMP	0
0x00185815	0x001e1404	READ	1
0x00185817	0x001e1408	READ	1
0x0018581a	0x001e1404	DATA	1
0x00185820	0x0018582c	CONDITIONAL_JUMP	0
0x00185822	0x001e1408	WRITE	0
0x00185828	0x0018582f	UNCONDITIONAL_JUMP	0
0x0018582c	0x001e1408	WRITE	0
0x0018582c	0x001e1404	DATA	0
0x0018582f	0x001e1404	DATA	1
0x00185835	0x00185840	CONDITIONAL_JUMP	0
0x00185837	0x001e1404	WRITE	0
0x00185840	0x001e1404	WRITE	0
0x0018584c	0x001e1404	READ	0
0x0018584e	0x001e1404	DATA	1
0x00185853	0x00185810	CONDITIONAL_JUMP	0
0x00185861	0xStack[0x4]	READ	1
0x00185867	0x001e13ec	READ	0
0x0018586d	0x0018587c	CONDITIONAL_JUMP	0
0x0018586f	0x001e13ec	WRITE	0
0x00185879	0x001858f5	UNCONDITIONAL_JUMP	0
0x0018587c	0x001e13f0	READ	0
0x00185882	0x001858f5	CONDITIONAL_JUMP	0
0x00185884	0x001e1404	READ	1
0x0018588a	0x001e1404	DATA	1
0x00185890	0x001858eb	CONDITIONAL_JUMP	0
0x00185894	0x001e1404	READ	1
0x00185896	0x001e1410	READ	1
0x0018589b	0x001858ac	CONDITIONAL_JUMP	0
0x0018589f	0x001e140c	READ	1
0x001858a3	0x001e1414	READ	1
0x001858ac	0x001e1404	READ	1
0x001858ae	0x001e1408	READ	1
0x001858b1	0x001e1404	DATA	1
0x001858b7	0x001858c0	CONDITIONAL_JUMP	0
0x001858b9	0x001e1408	WRITE	0
0x001858be	0x001858c3	UNCONDITIONAL_JUMP	0
0x001858c0	0x001e1408	WRITE	0
0x001858c0	0x001e1404	DATA	0
0x001858c3	0x001e1404	DATA	1
0x001858c8	0x001858d4	CONDITIONAL_JUMP	0
0x001858ca	0x001e1404	WRITE	0
0x001858d0	0x001858d6	UNCONDITIONAL_JUMP	0
0x001858d4	0x001e1404	WRITE	0
0x001858d8	0x001e1404	DATA	0
0x001858d9	0x0015a824	UNCONDITIONAL_CALL	0
0x001858e3	0x001e1404	DATA	1
0x001858e9	0x00185894	CONDITIONAL_JUMP	0
0x001858eb	0x001e13f0	WRITE	0
0x001858f5	0xStack[-0xc]	DATA	0
0x00185906	0x001e13f4	DATA	0
0x0018590b	0xStack[-0x8]	DATA	0
0x0018590f	0x001dfb90	READ	1
0x0018591b	0x0014c9c4	UNCONDITIONAL_CALL	0
0x00185925	0x00185938	CONDITIONAL_JUMP	0
0x00185928	0x001e16ec	DATA	0
0x0018592d	0x0010c0d8	UNCONDITIONAL_CALL	0
0x00185938	0x001e13f4	READ	1
0x00185940	0x001e13f8	WRITE	0
0x0018594c	0x001859dc	DATA	0
0x00185951	0x001dfb90	READ	1
0x00185958	0x0016848c	UNCONDITIONAL_CALL	0
0x0018595d	0x001e1408	WRITE	0
0x0018595d	0x001e1404	DATA	1
0x00185967	0x001e1404	WRITE	0
0x00185967	0x001e1404	WRITE	1
0x00185971	0x001e140c	WRITE	0
0x0018597e	0x001e7589	READ	0
0x00185985	0x0018599a	CONDITIONAL_JUMP	0
0x00185989	0x001e758c	DATA	0
0x0018598e	0x0015b54c	UNCONDITIONAL_CALL	0
0x00185993	0x001e7589	WRITE	0
0x001859a3	0x001e759c	READ	0
0x001859aa	0x001859b4	CONDITIONAL_JUMP	0
0x001859b4	0x001e759c	WRITE	0
0x001859cb	0x001e759c	WRITE	0
0x001859e8	0x0015a75c	UNCONDITIONAL_CALL	0
0x001859f4	0x001e13f8	READ	1
0x00185a09	0x001588d4	UNCONDITIONAL_CALL	0
0x00185a13	0x00185a20	CONDITIONAL_JUMP	0
0x00185a16	0x001e1696	DATA	0
0x00185a1b	0x00185a7e	UNCONDITIONAL_JUMP	0
0x00185a26	0x00185a6c	CONDITIONAL_JUMP	0
0x00185a2d	0x00185a78	CONDITIONAL_JUMP	0
0x00185a33	0x001857fc	UNCONDITIONAL_CALL	0
0x00185a3d	0x001859f4	CONDITIONAL_JUMP	0
0x00185a44	0x00185a5d	CONDITIONAL_JUMP	0
0x00185a52	0xStack[-0x8]	WRITE	0
0x00185a5a	0xStack[-0x8]	READ	1
0x00185a60	0x0015a824	UNCONDITIONAL_CALL	0
0x00185a68	0x001859f4	UNCONDITIONAL_JUMP	0
0x00185a6d	0x0018585c	UNCONDITIONAL_CALL	0
0x00185a72	0x001859ef	UNCONDITIONAL_JUMP	0
0x00185a79	0x001e16bd	DATA	0
0x00185a7e	0x0010c0d8	UNCONDITIONAL_CALL	0
0x00185a86	0x001859f4	UNCONDITIONAL_JUMP	0
0x00185a92	0xStack[0x4]	READ	1
0x00185a95	0x001f66ac	READ	1
0x00185a9c	0x001d13f4	DATA	1
0x00185aa9	0x001d13f4	READ	1
0x00185aa9	0x001d13f8	READ	1
0x00185b0f	0xStack[-0x10]	DATA	0
0x00185b1f	0xStack[0x4]	READ	1
0x00185b22	0x001f66ac	READ	1
0x00185b76	0xStack[0x4]	READ	1
0x00185b79	0xStack[0x8]	READ	1
0x00185b7c	0xStack[0xc]	READ	1
0x00185b7f	0xStack[0x10]	READ	1
0x00185b82	0xStack[0x18]	READ	1
0x00185b88	0x001f66b6	READ	1
0x00185baf	0xStack[0x14]	READ	1
0x00185bc2	0x001f66b8	WRITE	0
0x00185bcc	0x001f66b4	READ	1
0x00185bdc	0xStack[-0x10]	DATA	0
0x00185beb	0xStack[0x4]	READ	1
0x00185bee	0xStack[0x8]	READ	0
0x00185bf2	0x00185c16	CONDITIONAL_JUMP	0
0x00185bf7	0x00185c16	CONDITIONAL_JUMP	0
0x00185bfc	0x001f66b6	READ	0
0x00185c02	0x00185c16	CONDITIONAL_JUMP	0
0x00185c04	0x001f66b8	WRITE	0
0x00185c10	0x001f66b6	WRITE	0
0x00185c22	0xStack[0x8]	READ	1
0x00185c25	0xStack[0x10]	READ	1
0x00185c2b	0x00185cc4	CONDITIONAL_JUMP	0
0x00185c34	0x00185ce0	CONDITIONAL_JUMP	0
0x00185c3a	0x001f66ac	READ	1
0x00185c3f	0xStack[0xc]	READ	1
0x00185c42	0x001d13f4	DATA	1
0x00185c4f	0x001d13f4	READ	1
0x00185c4f	0x001d13f8	READ	1
0x00185c59	0xStack[0xc]	READ	1
0x00185cc0	0x00185ce5	UNCONDITIONAL_JUMP	0
0x00185cc4	0xStack[0xc]	READ	1
0x00185cc7	0x001d1434	DATA	1
0x00185cd2	0x001d1434	READ	1
0x00185cd2	0x001d1438	READ	1
0x00185cdc	0x00185ce5	UNCONDITIONAL_JUMP	0
0x00185ce5	0xStack[-0x10]	DATA	0
0x00185cf3	0xStack[0x8]	READ	1
0x00185cf6	0xStack[0xc]	READ	1
0x00185cfc	0x00185d4c	CONDITIONAL_JUMP	0
0x00185d01	0x00185d54	CONDITIONAL_JUMP	0
0x00185d03	0x001f66ac	READ	1
0x00185d63	0xStack[0x4]	READ	1
0x00185d83	0xStack[0x4]	READ	1
0x00185d87	0x001e1716	DATA	0
0x00185d8c	0x001603b4	UNCONDITIONAL_CALL	0
0x00185d9b	0x001a0d90	UNCONDITIONAL_CALL	0
0x00185da7	0x0018b514	UNCONDITIONAL_CALL	0
0x00185db3	0xStack[0x4]	READ	1
0x00185db7	0x0018b524	UNCONDITIONAL_CALL	0
0x00185dc3	0xStack[0x8]	READ	1
0x00185dc7	0xStack[0x4]	READ	1
0x00185dcb	0x001aad8c	UNCONDITIONAL_CALL	0
0x00185dd7	0xStack[0xc]	READ	1
0x00185ddb	0xStack[0x8]	READ	1
0x00185ddf	0xStack[0x4]	READ	1
0x00185de3	0x001aad58	UNCONDITIONAL_CALL	0
0x00185def	0xStack[0x4]	READ	1
0x00185df3	0x0018d1e4	UNCONDITIONAL_CALL	0
0x00185e0a	0xStack[0x4]	READ	1
0x00185e0d	0x00185e16	UNCONDITIONAL_JUMP	0
0x00185e13	0x00185e2f	CONDITIONAL_JUMP	0
0x00185e1a	0x00185e34	CONDITIONAL_JUMP	0
0x00185e1e	0x00185e10	CONDITIONAL_JUMP	0
0x00185e20	0x00185e2f	UNCONDITIONAL_JUMP	0
0x00185e28	0x00185e2e	CONDITIONAL_JUMP	0
0x00185e2c	0x00185e34	CONDITIONAL_JUMP	0
0x00185e32	0x00185e24	CONDITIONAL_JUMP	0
0x00185e3b	0x00185e9c	CONDITIONAL_JUMP	0
0x00185e48	0x00185e5a	CONDITIONAL_JUMP	0
0x00185e50	0x00185e5a	CONDITIONAL_JUMP	0
0x00185e58	0x00185e9c	CONDITIONAL_JUMP	0
0x00185e62	0x00185e6c	CONDITIONAL_JUMP	0
0x00185e6a	0x00185e8e	UNCONDITIONAL_JUMP	0
0x00185e72	0x00185e7c	CONDITIONAL_JUMP	0
0x00185e7a	0x00185e8e	UNCONDITIONAL_JUMP	0
0x00185e82	0x00185e8c	CONDITIONAL_JUMP	0
0x00185e8a	0x00185e8e	UNCONDITIONAL_JUMP	0
0x00185e9a	0x00185e40	CONDITIONAL_JUMP	0
0x00185e9e	0x00185eae	CONDITIONAL_JUMP	0
0x00185ea0	0x001e75a0	WRITE	0
0x00185ea6	0x00185eae	UNCONDITIONAL_JUMP	0
0x00185eab	0x00185ec7	CONDITIONAL_JUMP	0
0x00185eb2	0x00185ecc	CONDITIONAL_JUMP	0
0x00185eb6	0x00185ea8	CONDITIONAL_JUMP	0
0x00185eb8	0x00185ec7	UNCONDITIONAL_JUMP	0
0x00185ec0	0x00185ec6	CONDITIONAL_JUMP	0
0x00185ec4	0x00185ecc	CONDITIONAL_JUMP	0
0x00185eca	0x00185ebc	CONDITIONAL_JUMP	0
0x00185ed0	0x00185ee0	CONDITIONAL_JUMP	0
0x00185ed2	0x001e75a0	READ	1
0x00185ed9	0x00185f9b	UNCONDITIONAL_JUMP	0
0x00185ee4	0x00185f44	CONDITIONAL_JUMP	0
0x00185ef0	0x00185f02	CONDITIONAL_JUMP	0
0x00185ef8	0x00185f02	CONDITIONAL_JUMP	0
0x00185f00	0x00185f44	CONDITIONAL_JUMP	0
0x00185f0a	0x00185f14	CONDITIONAL_JUMP	0
0x00185f12	0x00185f36	UNCONDITIONAL_JUMP	0
0x00185f1a	0x00185f24	CONDITIONAL_JUMP	0
0x00185f22	0x00185f36	UNCONDITIONAL_JUMP	0
0x00185f2a	0x00185f34	CONDITIONAL_JUMP	0
0x00185f32	0x00185f36	UNCONDITIONAL_JUMP	0
0x00185f42	0x00185ee8	CONDITIONAL_JUMP	0
0x00185f46	0x00185f50	CONDITIONAL_JUMP	0
0x00185f48	0x001e1740	READ	1
0x00185f4e	0x00185f56	UNCONDITIONAL_JUMP	0
0x00185f50	0x001e1740	WRITE	0
0x00185f5c	0x00185f63	CONDITIONAL_JUMP	0
0x00185f63	0x001e75a0	READ	1
0x00185f6a	0x001e1744	DATA	0
0x00185f6f	0x00185f88	UNCONDITIONAL_JUMP	0
0x00185f74	0x001e75a0	READ	1
0x00185f7c	0x001e75a0	READ_WRITE	0
0x00185f83	0x001e174c	DATA	0
0x00185f88	0x001603b4	UNCONDITIONAL_CALL	0
0x00185f94	0x00185f74	CONDITIONAL_JUMP	0
0x00185f96	0x001e1752	DATA	0
0x00185f9b	0x001603b4	UNCONDITIONAL_CALL	0
0x00185fa5	0xStack[-0x10]	DATA	0
0x00185fb3	0x001a0d90	UNCONDITIONAL_CALL	0
0x00185fc5	0x0018cc40	UNCONDITIONAL_CALL	0
0x00185fdf	0x00196084	UNCONDITIONAL_CALL	0
0x00185fec	0x00196084	UNCONDITIONAL_CALL	0
0x00185ff6	0x00185fec	CONDITIONAL_JUMP	0
0x00185ffb	0x00186025	CONDITIONAL_JUMP	0
0x00185ffd	0x00186008	CONDITIONAL_JUMP	0
0x00186002	0x00186014	CONDITIONAL_JUMP	0
0x00186004	0x00186025	UNCONDITIONAL_JUMP	0
0x0018600b	0x00186025	CONDITIONAL_JUMP	0
0x00186012	0x00186025	UNCONDITIONAL_JUMP	0
0x00186018	0x0019704c	UNCONDITIONAL_CALL	0
0x00186028	0x0019704c	UNCONDITIONAL_CALL	0
0x0018602f	0xStack[-0x8]	READ	1
0x0018603b	0xStack[0x4]	READ	1
0x00186041	0x0019704c	UNCONDITIONAL_CALL	0
0x00186051	0xStack[0x4]	READ	1
0x00186054	0x0018605e	UNCONDITIONAL_JUMP	0
0x0018605b	0x00186077	CONDITIONAL_JUMP	0
0x00186062	0x0018607c	CONDITIONAL_JUMP	0
0x00186066	0x00186058	CONDITIONAL_JUMP	0
0x00186068	0x00186077	UNCONDITIONAL_JUMP	0
0x00186070	0x00186076	CONDITIONAL_JUMP	0
0x00186074	0x0018607c	CONDITIONAL_JUMP	0
0x0018607a	0x0018606c	CONDITIONAL_JUMP	0
0x00186081	0x001860a1	CONDITIONAL_JUMP	0
0x0018608c	0x001860a1	CONDITIONAL_JUMP	0
0x0018609f	0x00186084	CONDITIONAL_JUMP	0
0x001860a3	0x001860aa	CONDITIONAL_JUMP	0
0x001860aa	0x001f6528	READ	1
0x001860b1	0x001e1728	DATA	0
0x001860b6	0x0010c0d8	UNCONDITIONAL_CALL	0
0x001860be	0x001f6528	READ	1
0x001860c5	0x001860ce	CONDITIONAL_JUMP	0
0x001860c9	0x00192ba0	UNCONDITIONAL_CALL	0
0x001860d3	0xStack[-0xc]	DATA	0
0x001860e0	0x00000472	WRITE	0
0x001860e7	0x0018a924	UNCONDITIONAL_CALL	0
0x001860ec	0x0018b1a4	UNCONDITIONAL_CALL	0
0x001860f1	0x001860f8	UNCONDITIONAL_JUMP	0
0x0018610b	0x0018aafc	UNCONDITIONAL_CALL	0
0x00186110	0x00186117	UNCONDITIONAL_JUMP	0
0x00186124	0x00193a98	UNCONDITIONAL_CALL	0
0x00186129	0x0015c828	UNCONDITIONAL_CALL	0
0x0018612f	0x0018e0e4	UNCONDITIONAL_CALL	0
0x0018613c	0x00186d20	UNCONDITIONAL_CALL	0
0x00186148	0x00186d20	UNCONDITIONAL_CALL	0
0x00186154	0x00186d20	UNCONDITIONAL_CALL	0
0x00186160	0x00186d20	UNCONDITIONAL_CALL	0
0x0018616c	0x00186d20	UNCONDITIONAL_CALL	0
0x00186178	0x00186d20	UNCONDITIONAL_CALL	0
0x00186184	0x00186d20	UNCONDITIONAL_CALL	0
0x00186190	0x00186d20	UNCONDITIONAL_CALL	0
0x0018619a	0x00186d20	UNCONDITIONAL_CALL	0
0x001861a4	0x00186d20	UNCONDITIONAL_CALL	0
0x001861ae	0x00186d20	UNCONDITIONAL_CALL	0
0x001861b6	0x00186d20	UNCONDITIONAL_CALL	0
0x001861be	0x00186d20	UNCONDITIONAL_CALL	0
0x001861c6	0x00186d20	UNCONDITIONAL_CALL	0
0x001861ce	0x00186d20	UNCONDITIONAL_CALL	0
0x001861d8	0x00186d20	UNCONDITIONAL_CALL	0
0x001861e4	0x00186d20	UNCONDITIONAL_CALL	0
0x001861f0	0x00186d20	UNCONDITIONAL_CALL	0
0x001861fc	0x00186d20	UNCONDITIONAL_CALL	0
0x00186208	0x00186d20	UNCONDITIONAL_CALL	0
0x00186214	0x00186d20	UNCONDITIONAL_CALL	0
0x00186220	0x00186d20	UNCONDITIONAL_CALL	0
0x0018622c	0x00186d20	UNCONDITIONAL_CALL	0
0x00186238	0x00186d20	UNCONDITIONAL_CALL	0
0x00186244	0x00186d20	UNCONDITIONAL_CALL	0
0x00186250	0x00186d20	UNCONDITIONAL_CALL	0
0x0018625c	0x00186d20	UNCONDITIONAL_CALL	0
0x00186268	0x00186d20	UNCONDITIONAL_CALL	0
0x00186274	0x00186d20	UNCONDITIONAL_CALL	0
0x00186280	0x00186d20	UNCONDITIONAL_CALL	0
0x0018628c	0x00186d20	UNCONDITIONAL_CALL	0
0x00186298	0x00186d20	UNCONDITIONAL_CALL	0
0x001862a4	0x00186d20	UNCONDITIONAL_CALL	0
0x001862b0	0x00186d20	UNCONDITIONAL_CALL	0
0x001862bc	0x00186d20	UNCONDITIONAL_CALL	0
0x001862c8	0x00186d20	UNCONDITIONAL_CALL	0
0x001862d4	0x00186d20	UNCONDITIONAL_CALL	0
0x001862e0	0x00186d20	UNCONDITIONAL_CALL	0
0x001862ec	0x00186d20	UNCONDITIONAL_CALL	0
0x001862f8	0x00186d20	UNCONDITIONAL_CALL	0
0x00186304	0x00186d20	UNCONDITIONAL_CALL	0
0x00186310	0x00186d20	UNCONDITIONAL_CALL	0
0x0018631c	0x00186d20	UNCONDITIONAL_CALL	0
0x00186328	0x00186d20	UNCONDITIONAL_CALL	0
0x00186334	0x00186d20	UNCONDITIONAL_CALL	0
0x00186340	0x00186d20	UNCONDITIONAL_CALL	0
0x0018634c	0x00186d20	UNCONDITIONAL_CALL	0
0x00186358	0x00186d20	UNCONDITIONAL_CALL	0
0x00186364	0x00186d20	UNCONDITIONAL_CALL	0
0x00186370	0x00186d20	UNCONDITIONAL_CALL	0
0x0018637c	0x00186d20	UNCONDITIONAL_CALL	0
0x00186388	0x00186d20	UNCONDITIONAL_CALL	0
0x00186394	0x00186d20	UNCONDITIONAL_CALL	0
0x001863a0	0x00186d20	UNCONDITIONAL_CALL	0
0x001863ac	0x00186d20	UNCONDITIONAL_CALL	0
0x001863b8	0x00186d20	UNCONDITIONAL_CALL	0
0x001863c4	0x00186d20	UNCONDITIONAL_CALL	0
0x001863d0	0x00186d20	UNCONDITIONAL_CALL	0
0x001863dc	0x00186d20	UNCONDITIONAL_CALL	0
0x001863e8	0x00186d20	UNCONDITIONAL_CALL	0
0x001863f4	0x00186d20	UNCONDITIONAL_CALL	0
0x00186400	0x00186d20	UNCONDITIONAL_CALL	0
0x0018640c	0x00186d20	UNCONDITIONAL_CALL	0
0x00186418	0x00186d20	UNCONDITIONAL_CALL	0
0x00186424	0x00186d80	UNCONDITIONAL_CALL	0
0x00186430	0x00186d80	UNCONDITIONAL_CALL	0
0x0018643c	0x00186d80	UNCONDITIONAL_CALL	0
0x00186448	0x00186d80	UNCONDITIONAL_CALL	0
0x00186454	0x00186d80	UNCONDITIONAL_CALL	0
0x00186460	0x00186d80	UNCONDITIONAL_CALL	0
0x0018646c	0x00186d80	UNCONDITIONAL_CALL	0
0x00186478	0x00186d80	UNCONDITIONAL_CALL	0
0x00186484	0x00186d80	UNCONDITIONAL_CALL	0
0x00186490	0x00186d80	UNCONDITIONAL_CALL	0
0x0018649c	0x00186d80	UNCONDITIONAL_CALL	0
0x001864a8	0x00186d80	UNCONDITIONAL_CALL	0
0x001864b4	0x00186d80	UNCONDITIONAL_CALL	0
0x001864c0	0x00186d80	UNCONDITIONAL_CALL	0
0x001864cc	0x00186d80	UNCONDITIONAL_CALL	0
0x001864d8	0x00186d80	UNCONDITIONAL_CALL	0
0x001864e4	0x00186d80	UNCONDITIONAL_CALL	0
0x001864f0	0x00186d80	UNCONDITIONAL_CALL	0
0x001864fc	0x00186d80	UNCONDITIONAL_CALL	0
0x00186508	0x00186d80	UNCONDITIONAL_CALL	0
0x00186514	0x00186d80	UNCONDITIONAL_CALL	0
0x00186520	0x00186d80	UNCONDITIONAL_CALL	0
0x0018652c	0x00186d80	UNCONDITIONAL_CALL	0
0x00186538	0x00186d80	UNCONDITIONAL_CALL	0
0x00186544	0x00186d80	UNCONDITIONAL_CALL	0
0x00186550	0x00186d80	UNCONDITIONAL_CALL	0
0x0018655c	0x00186d80	UNCONDITIONAL_CALL	0
0x00186568	0x00186d80	UNCONDITIONAL_CALL	0
0x00186574	0x00186d80	UNCONDITIONAL_CALL	0
0x00186580	0x00186d80	UNCONDITIONAL_CALL	0
0x0018658c	0x00186d80	UNCONDITIONAL_CALL	0
0x00186598	0x00186d80	UNCONDITIONAL_CALL	0
0x001865a4	0x00186d80	UNCONDITIONAL_CALL	0
0x001865b0	0x00186d80	UNCONDITIONAL_CALL	0
0x001865bc	0x00186d80	UNCONDITIONAL_CALL	0
0x001865c8	0x00186d80	UNCONDITIONAL_CALL	0
0x001865d4	0x00186d80	UNCONDITIONAL_CALL	0
0x001865e0	0x00186d80	UNCONDITIONAL_CALL	0
0x001865ec	0x00186d80	UNCONDITIONAL_CALL	0
0x001865f8	0x00186d80	UNCONDITIONAL_CALL	0
0x00186604	0x00186d80	UNCONDITIONAL_CALL	0
0x00186610	0x00186d80	UNCONDITIONAL_CALL	0
0x0018661c	0x00186d80	UNCONDITIONAL_CALL	0
0x00186628	0x00186d80	UNCONDITIONAL_CALL	0
0x00186634	0x00186d80	UNCONDITIONAL_CALL	0
0x00186640	0x00186d80	UNCONDITIONAL_CALL	0
0x0018664c	0x00186d80	UNCONDITIONAL_CALL	0
0x00186658	0x00186d80	UNCONDITIONAL_CALL	0
0x00186664	0x00186d80	UNCONDITIONAL_CALL	0
0x00186670	0x00186d80	UNCONDITIONAL_CALL	0
0x0018667c	0x00186d80	UNCONDITIONAL_CALL	0
0x00186688	0x00186d80	UNCONDITIONAL_CALL	0
0x00186694	0x00186d80	UNCONDITIONAL_CALL	0
0x001866a0	0x00186d80	UNCONDITIONAL_CALL	0
0x001866ac	0x00186d80	UNCONDITIONAL_CALL	0
0x001866b8	0x00186d80	UNCONDITIONAL_CALL	0
0x001866c4	0x00186d80	UNCONDITIONAL_CALL	0
0x001866d0	0x00186d80	UNCONDITIONAL_CALL	0
0x001866dc	0x00186d80	UNCONDITIONAL_CALL	0
0x001866e8	0x00186d80	UNCONDITIONAL_CALL	0
0x001866f4	0x00186d80	UNCONDITIONAL_CALL	0
0x00186700	0x00186d80	UNCONDITIONAL_CALL	0
0x0018670c	0x00186d80	UNCONDITIONAL_CALL	0
0x00186718	0x00186d80	UNCONDITIONAL_CALL	0
0x00186727	0x00186d80	UNCONDITIONAL_CALL	0
0x00186733	0x00186d80	UNCONDITIONAL_CALL	0
0x0018673f	0x00186d80	UNCONDITIONAL_CALL	0
0x0018674b	0x00186d80	UNCONDITIONAL_CALL	0
0x00186757	0x00186d80	UNCONDITIONAL_CALL	0
0x00186763	0x00186d80	UNCONDITIONAL_CALL	0
0x0018676f	0x00186d80	UNCONDITIONAL_CALL	0
0x0018677b	0x00186d80	UNCONDITIONAL_CALL	0
0x00186787	0x00186d80	UNCONDITIONAL_CALL	0
0x00186793	0x00186d80	UNCONDITIONAL_CALL	0
0x0018679f	0x00186d80	UNCONDITIONAL_CALL	0
0x001867ab	0x00186d80	UNCONDITIONAL_CALL	0
0x001867b7	0x00186d80	UNCONDITIONAL_CALL	0
0x001867c3	0x00186d80	UNCONDITIONAL_CALL	0
0x001867cf	0x00186d80	UNCONDITIONAL_CALL	0
0x001867db	0x00186d80	UNCONDITIONAL_CALL	0
0x001867e7	0x00186d80	UNCONDITIONAL_CALL	0
0x001867f3	0x00186d80	UNCONDITIONAL_CALL	0
0x001867ff	0x00186d80	UNCONDITIONAL_CALL	0
0x0018680b	0x00186d80	UNCONDITIONAL_CALL	0
0x00186817	0x00186d80	UNCONDITIONAL_CALL	0
0x00186823	0x00186d80	UNCONDITIONAL_CALL	0
0x0018682f	0x00186d80	UNCONDITIONAL_CALL	0
0x0018683b	0x00186d80	UNCONDITIONAL_CALL	0
0x00186847	0x00186d80	UNCONDITIONAL_CALL	0
0x00186853	0x00186d80	UNCONDITIONAL_CALL	0
0x0018685f	0x00186d80	UNCONDITIONAL_CALL	0
0x0018686b	0x00186d80	UNCONDITIONAL_CALL	0
0x00186877	0x00186d80	UNCONDITIONAL_CALL	0
0x00186883	0x00186d80	UNCONDITIONAL_CALL	0
0x0018688f	0x00186d80	UNCONDITIONAL_CALL	0
0x0018689b	0x00186d80	UNCONDITIONAL_CALL	0
0x001868a7	0x00186d80	UNCONDITIONAL_CALL	0
0x001868b3	0x00186d80	UNCONDITIONAL_CALL	0
0x001868bf	0x00186d80	UNCONDITIONAL_CALL	0
0x001868cb	0x00186d80	UNCONDITIONAL_CALL	0
0x001868d7	0x00186d80	UNCONDITIONAL_CALL	0
0x001868e3	0x00186d80	UNCONDITIONAL_CALL	0
0x001868ef	0x00186d80	UNCONDITIONAL_CALL	0
0x001868fb	0x00186d80	UNCONDITIONAL_CALL	0
0x00186907	0x00186d80	UNCONDITIONAL_CALL	0
0x00186913	0x00186d80	UNCONDITIONAL_CALL	0
0x0018691f	0x00186d80	UNCONDITIONAL_CALL	0
0x0018692b	0x00186d80	UNCONDITIONAL_CALL	0
0x00186937	0x00186d80	UNCONDITIONAL_CALL	0
0x00186943	0x00186d80	UNCONDITIONAL_CALL	0
0x0018694f	0x00186d80	UNCONDITIONAL_CALL	0
0x0018695b	0x00186d80	UNCONDITIONAL_CALL	0
0x00186967	0x00186d80	UNCONDITIONAL_CALL	0
0x00186973	0x00186d80	UNCONDITIONAL_CALL	0
0x0018697f	0x00186d80	UNCONDITIONAL_CALL	0
0x0018698b	0x00186d80	UNCONDITIONAL_CALL	0
0x00186997	0x00186d80	UNCONDITIONAL_CALL	0
0x001869a3	0x00186d80	UNCONDITIONAL_CALL	0
0x001869af	0x00186d80	UNCONDITIONAL_CALL	0
0x001869bb	0x00186d80	UNCONDITIONAL_CALL	0
0x001869c7	0x00186d80	UNCONDITIONAL_CALL	0
0x001869d3	0x00186d80	UNCONDITIONAL_CALL	0
0x001869df	0x00186d80	UNCONDITIONAL_CALL	0
0x001869eb	0x00186d80	UNCONDITIONAL_CALL	0
0x001869f7	0x00186d80	UNCONDITIONAL_CALL	0
0x00186a03	0x00186d80	UNCONDITIONAL_CALL	0
0x00186a0f	0x00186d80	UNCONDITIONAL_CALL	0
0x00186a1b	0x00186d80	UNCONDITIONAL_CALL	0
0x00186a27	0x00186d80	UNCONDITIONAL_CALL	0
0x00186a33	0x00186d80	UNCONDITIONAL_CALL	0
0x00186a3f	0x00186d80	UNCONDITIONAL_CALL	0
0x00186a4b	0x00186d80	UNCONDITIONAL_CALL	0
0x00186a57	0x00186d80	UNCONDITIONAL_CALL	0
0x00186a63	0x00186d80	UNCONDITIONAL_CALL	0
0x00186a6f	0x00186d80	UNCONDITIONAL_CALL	0
0x00186a7b	0x00186d80	UNCONDITIONAL_CALL	0
0x00186a87	0x00186d80	UNCONDITIONAL_CALL	0
0x00186a93	0x00186d80	UNCONDITIONAL_CALL	0
0x00186a9f	0x00186d80	UNCONDITIONAL_CALL	0
0x00186aab	0x00186d80	UNCONDITIONAL_CALL	0
0x00186ab7	0x00186d80	UNCONDITIONAL_CALL	0
0x00186ac3	0x00186d80	UNCONDITIONAL_CALL	0
0x00186acf	0x00186d80	UNCONDITIONAL_CALL	0
0x00186adb	0x00186d80	UNCONDITIONAL_CALL	0
0x00186ae7	0x00186d80	UNCONDITIONAL_CALL	0
0x00186af3	0x00186d80	UNCONDITIONAL_CALL	0
0x00186aff	0x00186d80	UNCONDITIONAL_CALL	0
0x00186b0b	0x00186d80	UNCONDITIONAL_CALL	0
0x00186b17	0x00186d80	UNCONDITIONAL_CALL	0
0x00186b23	0x00186d80	UNCONDITIONAL_CALL	0
0x00186b2f	0x00186d80	UNCONDITIONAL_CALL	0
0x00186b3b	0x00186d80	UNCONDITIONAL_CALL	0
0x00186b47	0x00186d80	UNCONDITIONAL_CALL	0
0x00186b53	0x00186d80	UNCONDITIONAL_CALL	0
0x00186b5f	0x00186d80	UNCONDITIONAL_CALL	0
0x00186b6b	0x00186d80	UNCONDITIONAL_CALL	0
0x00186b77	0x00186d80	UNCONDITIONAL_CALL	0
0x00186b83	0x00186d80	UNCONDITIONAL_CALL	0
0x00186b8f	0x00186d80	UNCONDITIONAL_CALL	0
0x00186b9b	0x00186d80	UNCONDITIONAL_CALL	0
0x00186ba7	0x00186d80	UNCONDITIONAL_CALL	0
0x00186bb3	0x00186d80	UNCONDITIONAL_CALL	0
0x00186bbf	0x00186d80	UNCONDITIONAL_CALL	0
0x00186bcb	0x00186d80	UNCONDITIONAL_CALL	0
0x00186bd7	0x00186d80	UNCONDITIONAL_CALL	0
0x00186be3	0x00186d80	UNCONDITIONAL_CALL	0
0x00186bef	0x00186d80	UNCONDITIONAL_CALL	0
0x00186bfb	0x00186d80	UNCONDITIONAL_CALL	0
0x00186c07	0x00186d80	UNCONDITIONAL_CALL	0
0x00186c13	0x00186d80	UNCONDITIONAL_CALL	0
0x00186c1f	0x00186d80	UNCONDITIONAL_CALL	0
0x00186c2b	0x00186d80	UNCONDITIONAL_CALL	0
0x00186c37	0x00186d80	UNCONDITIONAL_CALL	0
0x00186c43	0x00186d80	UNCONDITIONAL_CALL	0
0x00186c4f	0x00186d80	UNCONDITIONAL_CALL	0
0x00186c5b	0x00186d80	UNCONDITIONAL_CALL	0
0x00186c67	0x00186d80	UNCONDITIONAL_CALL	0
0x00186c73	0x00186d80	UNCONDITIONAL_CALL	0
0x00186c7f	0x00186d80	UNCONDITIONAL_CALL	0
0x00186c8b	0x00186d80	UNCONDITIONAL_CALL	0
0x00186c97	0x00186d80	UNCONDITIONAL_CALL	0
0x00186ca3	0x00186d80	UNCONDITIONAL_CALL	0
0x00186caf	0x00186d80	UNCONDITIONAL_CALL	0
0x00186cbb	0x00186d80	UNCONDITIONAL_CALL	0
0x00186cc7	0x00186d80	UNCONDITIONAL_CALL	0
0x00186cd3	0x00186d80	UNCONDITIONAL_CALL	0
0x00186cdf	0x00186d80	UNCONDITIONAL_CALL	0
0x00186ceb	0x00186d80	UNCONDITIONAL_CALL	0
0x00186cf7	0x00186d80	UNCONDITIONAL_CALL	0
0x00186d03	0x00186d80	UNCONDITIONAL_CALL	0
0x00186d0f	0x00186d80	UNCONDITIONAL_CALL	0
0x00186d1b	0x00186d80	UNCONDITIONAL_CALL	0
0x00186d40	0xStack[-0x18]	DATA	0
0x00186d44	0x001f74d4	READ	1
0x00186d4e	0x00186d62	CONDITIONAL_JUMP	0
0x00186d51	0x001f74d8	READ	1
0x00186d57	0x001f74d4	WRITE	0
0x00186d63	0x00187068	UNCONDITIONAL_CALL	0
0x00186d6b	0x001f74d4	WRITE	0
0x00186da0	0xStack[-0x18]	DATA	0
0x00186da4	0x001f74d4	READ	1
0x00186dae	0x00186dc0	CONDITIONAL_JUMP	0
0x00186db0	0x001f74d8	READ	1
0x00186db6	0x001f74d4	WRITE	0
0x00186dc1	0x00186fdc	UNCONDITIONAL_CALL	0
0x00186dc8	0x001f74d4	WRITE	0
0x00186de6	0xStack[-0x4]	READ	1
0x00186dea	0xStack[0x8]	WRITE	0
0x00186e07	0xStack[-0x20]	DATA	0
0x00186e0b	0x001f74d4	READ	1
0x00186e15	0x00186e29	CONDITIONAL_JUMP	0
0x00186e18	0x001f74d8	READ	1
0x00186e1e	0x001f74d4	WRITE	0
0x00186e2a	0x001925a0	UNCONDITIONAL_CALL	0
0x00186e46	0xStack[-0x4]	READ	1
0x00186e4a	0xStack[0x8]	WRITE	0
0x00186e67	0xStack[-0x20]	DATA	0
0x00186e6b	0x001f74d4	READ	1
0x00186e75	0x00186e89	CONDITIONAL_JUMP	0
0x00186e78	0x001f74d8	READ	1
0x00186e7e	0x001f74d4	WRITE	0
0x00186e8a	0x00192698	UNCONDITIONAL_CALL	0
0x00186ea6	0xStack[-0x4]	READ	1
0x00186eaa	0xStack[0x8]	WRITE	0
0x00186ec7	0xStack[-0x20]	DATA	0
0x00186ecb	0x001f74d4	READ	1
0x00186ed5	0x00186ee9	CONDITIONAL_JUMP	0
0x00186ed8	0x001f74d8	READ	1
0x00186ede	0x001f74d4	WRITE	0
0x00186eea	0x00192790	UNCONDITIONAL_CALL	0
0x00186efc	0x001899d0	UNCONDITIONAL_CALL	0
0x00186f01	0x00186efc	UNCONDITIONAL_JUMP	0
0x00186f09	0x001f74d4	WRITE	0
0x00186f20	0xStack[0x4]	READ	1
0x00186f26	0x00186f57	CONDITIONAL_JUMP	0
0x00186f3b	0xStack[0x8]	READ	1
0x00186f4b	0xStack[0xc]	READ	1
0x00186f58	0xStack[0x8]	READ	1
0x00186f68	0xStack[0xc]	READ	1
0x00186f7c	0xStack[0x4]	READ	1
0x00186f80	0xStack[0x8]	READ	1
0x00186f88	0x0018c27c	UNCONDITIONAL_CALL	0
0x00186f8d	0xStack[0x4]	READ	1
0x00186fa3	0xStack[0x0]	DATA	1
0x00186fb0	0xStack[0x4]	READ	1
0x00186fcd	0x0018b544	UNCONDITIONAL_CALL	0
0x00186fe1	0xStack[0x4]	READ	1
0x00186fe5	0x0018c85c	UNCONDITIONAL_CALL	0
0x00186ff1	0x00186ffc	CONDITIONAL_JUMP	0
0x00186ffa	0x0018705c	CONDITIONAL_JUMP	0
0x00186ffc	0x001e8b54	READ	1
0x0018700f	0x00187013	CONDITIONAL_JUMP	0
0x00187015	0x00187034	CONDITIONAL_JUMP	0
0x00187020	0x00187034	CONDITIONAL_JUMP	0
0x00187030	0x00187036	UNCONDITIONAL_JUMP	0
0x00187038	0x00187056	CONDITIONAL_JUMP	0
0x0018703e	0x00187046	CONDITIONAL_JUMP	0
0x00187044	0x00187056	CONDITIONAL_JUMP	0
0x0018704a	0x00187056	CONDITIONAL_JUMP	0
0x0018704e	0x001a1750	UNCONDITIONAL_CALL	0
0x00187057	0x001929e8	UNCONDITIONAL_CALL	0
0x0018705c	0xStack[-0xc]	DATA	0
0x0018706e	0xStack[0x4]	READ	1
0x00187075	0x00187080	CONDITIONAL_JUMP	0
0x0018707e	0x001870f8	CONDITIONAL_JUMP	0
0x00187080	0x001e8b54	READ	1
0x00187093	0x00187097	CONDITIONAL_JUMP	0
0x00187099	0x001870e8	CONDITIONAL_JUMP	0
0x001870a4	0x001870bc	CONDITIONAL_JUMP	0
0x001870b8	0x001870d8	UNCONDITIONAL_JUMP	0
0x001870c0	0x001870c5	CONDITIONAL_JUMP	0
0x001870da	0x001870e8	CONDITIONAL_JUMP	0
0x001870de	0x001a13a0	UNCONDITIONAL_CALL	0
0x001870e6	0x001870ea	UNCONDITIONAL_JUMP	0
0x001870ec	0x001870fe	CONDITIONAL_JUMP	0
0x001870ef	0x00191e50	UNCONDITIONAL_CALL	0
0x001870f4	0x001870fe	UNCONDITIONAL_JUMP	0
0x001870f9	0x001920f4	UNCONDITIONAL_CALL	0
0x001870fe	0xStack[-0x10]	DATA	0
0x00187113	0xStack[0x4]	READ	1
0x0018711a	0x00187166	WRITE	0
0x00187123	0x00187162	WRITE	0
0x00187137	0x001e17c8	WRITE	0
0x00187140	0x001e17d0	WRITE	0
0x00187148	0x001e17d4	WRITE	0
0x00187153	0x001e17d0	READ	1
0x00187158	0x001e17d4	READ	1
0x00187161	0x00000000	UNCONDITIONAL_CALL	0
0x00187174	0x001e17c4	WRITE	0
0x0018717a	0x001e17cc	WRITE	0
0x00187183	0x001e17c0	WRITE	0
0x00187189	0x001e17d4	WRITE	0
0x0018718f	0x001e17c8	READ	1
0x00187195	0x001e17d4	READ	1
0x0018719d	0x001e17c4	READ	1
0x001871a5	0x001e17c0	READ	1
0x001871af	0x001e17cc	READ	1
0x001871d7	0xStack[0x4]	READ	1
0x001871db	0x00187108	UNCONDITIONAL_CALL	0
0x001871f6	0x001e19b0	READ	1
0x001871fc	0x0001136c	READ	1
0x00187206	0x00011378	READ	1
0x0018720c	0x001e192a	WRITE	0
0x00187215	0x001e192c	WRITE	0
0x0018721b	0x001e192f	WRITE	0
0x0018721e	0x001e192d	WRITE	0
0x00187222	0x001e192e	READ	1
0x00187225	0xStack[-0x8]	WRITE	0
0x0018722b	0xStack[-0x14]	WRITE	0
0x0018722e	0x001e192e	WRITE	0
0x00187239	0x00187254	CONDITIONAL_JUMP	0
0x00187240	0x001e192e	WRITE	0
0x00187243	0x001e1928	WRITE	0
0x0018724f	0x0018727a	UNCONDITIONAL_JUMP	0
0x00187265	0xStack[-0x8]	READ	1
0x0018726b	0x001e192e	WRITE	0
0x00187273	0x001e1928	WRITE	0
0x0018727a	0x001e192e	READ	1
0x00187281	0x001e192e	WRITE	0
0x00187284	0x001e19b0	READ	1
0x0018728a	0x00011370	READ	1
0x00187295	0x00011378	READ	1
0x0018729b	0x001e1932	WRITE	0
0x001872a7	0x001e1934	WRITE	0
0x001872b0	0x001e1937	WRITE	0
0x001872b6	0x001e1935	WRITE	0
0x001872bd	0x001e1936	READ	1
0x001872c3	0xStack[-0x14]	WRITE	0
0x001872c9	0xStack[-0xc]	WRITE	0
0x001872cc	0x001e1936	WRITE	0
0x001872da	0x001872fc	CONDITIONAL_JUMP	0
0x001872de	0xStack[-0x14]	READ	1
0x001872e4	0x001e1936	WRITE	0
0x001872ea	0x001e1930	WRITE	0
0x001872f9	0x00187328	UNCONDITIONAL_JUMP	0
0x0018730d	0xStack[-0xc]	READ	1
0x00187313	0x001e1936	WRITE	0
0x0018731e	0x001e1930	WRITE	0
0x00187328	0x001e1936	READ	1
0x00187332	0x001e1936	WRITE	0
0x00187338	0x001e19b0	READ	1
0x0018733e	0x00011374	READ	1
0x00187349	0x0001137c	READ	1
0x0018734f	0x001e193a	WRITE	0
0x0018735b	0x001e193c	WRITE	0
0x00187364	0x001e193f	WRITE	0
0x0018736a	0x001e193d	WRITE	0
0x00187371	0x001e193e	READ	1
0x00187377	0xStack[-0x10]	WRITE	0
0x0018737d	0xStack[-0x14]	WRITE	0
0x00187380	0x001e193e	WRITE	0
0x0018738e	0x001873ac	CONDITIONAL_JUMP	0
0x00187395	0x001e193e	WRITE	0
0x0018739b	0x001e1938	WRITE	0
0x001873aa	0x001873d8	UNCONDITIONAL_JUMP	0
0x001873bd	0xStack[-0x10]	READ	1
0x001873c3	0x001e193e	WRITE	0
0x001873ce	0x001e1938	WRITE	0
0x001873d8	0x001e193e	READ	1
0x001873e2	0x001e193e	WRITE	0
0x001873e8	0x00011380	READ	1
0x001873ee	0x001e75b4	WRITE	0
0x001873f4	0xStack[-0x20]	DATA	0
0x00187403	0x00011368	READ	1
0x0018740a	0x001e75bc	WRITE	0
0x00187410	0x0001136a	READ	1
0x00187417	0x001e75c0	WRITE	0
0x0018741d	0x00011388	READ	0
0x00187424	0x00187448	CONDITIONAL_JUMP	0
0x00187426	0x001e75b8	WRITE	0
0x00187430	0x001871e8	UNCONDITIONAL_CALL	0
0x00187435	0x001e17d8	DATA	0
0x0018743a	0x0010c0d8	UNCONDITIONAL_CALL	0
0x00187466	0xStack[0x4]	READ	1
0x00187469	0x001e75b8	READ	0
0x00187470	0x001874e0	CONDITIONAL_JUMP	0
0x00187474	0x00187480	CONDITIONAL_JUMP	0
0x00187479	0x001874bc	CONDITIONAL_JUMP	0
0x0018747b	0x001874d0	UNCONDITIONAL_JUMP	0
0x00187480	0xStack[-0x2f]	WRITE	0
0x00187484	0xStack[-0x30]	WRITE	0
0x00187488	0xStack[-0x14]	WRITE	0
0x0018748e	0xStack[-0x12]	WRITE	0
0x00187494	0x001e75b4	READ	1
0x0018749a	0xStack[-0x8]	WRITE	0
0x0018749d	0xStack[-0x34]	DATA	0
0x001874a1	0x001871d4	UNCONDITIONAL_CALL	0
0x001874a6	0xStack[-0xc]	READ	0
0x001874aa	0x001874d6	CONDITIONAL_JUMP	0
0x001874ac	0xStack[-0x2f]	READ	1
0x001874b2	0x001874c8	CONDITIONAL_JUMP	0
0x001874b9	0x001874d2	UNCONDITIONAL_JUMP	0
0x001874bc	0xStack[-0x2f]	WRITE	0
0x001874c0	0xStack[-0x30]	WRITE	0
0x001874c4	0x00187488	UNCONDITIONAL_JUMP	0
0x001874cd	0x001874d2	UNCONDITIONAL_JUMP	0
0x001874d4	0x001874e5	CONDITIONAL_JUMP	0
0x001874e2	0x001874e5	CONDITIONAL_JUMP	0
0x001874f5	0xStack[0x4]	READ	1
0x001874f8	0xStack[0x8]	READ	1
0x001874fe	0x00187509	CONDITIONAL_JUMP	0
0x00187501	0x0017e5ec	UNCONDITIONAL_CALL	0
0x00187509	0x001e75b8	READ	0
0x00187510	0x001875a0	CONDITIONAL_JUMP	0
0x00187519	0x0018752c	CONDITIONAL_JUMP	0
0x0018751d	0x00187524	CONDITIONAL_JUMP	0
0x00187522	0x0018752c	CONDITIONAL_JUMP	0
0x00187529	0x001875a5	UNCONDITIONAL_JUMP	0
0x00187540	0xStack[-0x38]	WRITE	0
0x00187546	0xStack[-0x2f]	WRITE	0
0x0018754a	0xStack[-0x30]	WRITE	0
0x0018754e	0xStack[-0x14]	WRITE	0
0x00187554	0xStack[-0x12]	WRITE	0
0x0018755a	0x001e75b4	READ	1
0x00187560	0xStack[-0x8]	WRITE	0
0x00187563	0xStack[-0x38]	READ	1
0x0018756a	0xStack[-0x2c]	WRITE	0
0x0018756e	0xStack[-0x28]	WRITE	0
0x00187572	0xStack[-0x34]	DATA	0
0x00187576	0x001871d4	UNCONDITIONAL_CALL	0
0x0018757b	0xStack[-0xc]	READ	0
0x0018757f	0x00187588	CONDITIONAL_JUMP	0
0x00187583	0x001875a5	UNCONDITIONAL_JUMP	0
0x00187588	0xStack[-0x2f]	READ	1
0x0018758e	0x00187598	CONDITIONAL_JUMP	0
0x00187595	0x001875a5	UNCONDITIONAL_JUMP	0
0x0018759d	0x001875a5	UNCONDITIONAL_JUMP	0
0x001875a5	0xStack[-0x44]	DATA	0
0x001875b7	0xStack[0x4]	READ	1
0x001875ba	0x001e75b8	READ	0
0x001875c1	0x00187620	CONDITIONAL_JUMP	0
0x001875c3	0xStack[-0x33]	WRITE	0
0x001875c7	0xStack[-0x34]	WRITE	0
0x001875cb	0xStack[-0x18]	WRITE	0
0x001875d1	0xStack[-0x16]	WRITE	0
0x001875d7	0x001e75b4	READ	1
0x001875dd	0xStack[-0xc]	WRITE	0
0x001875e0	0xStack[-0x38]	DATA	0
0x001875e4	0x001871d4	UNCONDITIONAL_CALL	0
0x001875e9	0xStack[-0x10]	READ	0
0x001875ed	0x001875fc	CONDITIONAL_JUMP	0
0x001875ef	0xStack[-0x30]	READ	1
0x001875f3	0xStack[-0x6]	WRITE	0
0x001875f7	0x00187615	UNCONDITIONAL_JUMP	0
0x001875fc	0xStack[-0x33]	READ	1
0x00187602	0x0018760c	CONDITIONAL_JUMP	0
0x00187609	0x00187611	UNCONDITIONAL_JUMP	0
0x00187613	0x00187625	CONDITIONAL_JUMP	0
0x00187615	0xStack[-0x6]	READ	1
0x0018761d	0x00187625	UNCONDITIONAL_JUMP	0
0x00187625	0xStack[-0x3c]	READ	1
0x00187633	0xStack[0x4]	READ	1
0x00187636	0x001e75b8	READ	0
0x0018763d	0x001876cc	CONDITIONAL_JUMP	0
0x00187643	0xStack[-0x33]	WRITE	0
0x00187647	0xStack[-0x34]	WRITE	0
0x0018764b	0xStack[-0x18]	WRITE	0
0x00187651	0xStack[-0x16]	WRITE	0
0x00187657	0x001e75b4	READ	1
0x0018765d	0xStack[-0xc]	WRITE	0
0x00187660	0xStack[-0x30]	WRITE	0
0x00187666	0xStack[-0x38]	DATA	0
0x0018766a	0x001871d4	UNCONDITIONAL_CALL	0
0x0018766f	0xStack[-0x10]	READ	0
0x00187673	0x0018768c	CONDITIONAL_JUMP	0
0x00187675	0xStack[-0x2f]	READ	1
0x00187678	0xStack[-0x5]	WRITE	0
0x0018767b	0xStack[-0x30]	READ	1
0x0018767e	0xStack[-0x6]	WRITE	0
0x00187681	0xStack[-0x2c]	READ	1
0x00187684	0xStack[-0x7]	WRITE	0
0x00187687	0x001876a5	UNCONDITIONAL_JUMP	0
0x0018768c	0xStack[-0x33]	READ	1
0x00187692	0x0018769c	CONDITIONAL_JUMP	0
0x00187699	0x001876a1	UNCONDITIONAL_JUMP	0
0x001876a3	0x001876d1	CONDITIONAL_JUMP	0
0x001876a5	0xStack[-0x5]	READ	1
0x001876ab	0xStack[-0x6]	READ	1
0x001876b2	0xStack[-0x7]	READ	1
0x001876bd	0x001876c2	CONDITIONAL_JUMP	0
0x001876c7	0x001876d1	UNCONDITIONAL_JUMP	0
0x001876d1	0xStack[-0x3c]	READ	1
0x001876de	0x001e75b8	READ	0
0x001876e5	0x00187764	CONDITIONAL_JUMP	0
0x001876e7	0xStack[0x4]	READ	0
0x001876eb	0x00187758	CONDITIONAL_JUMP	0
0x001876ed	0xStack[-0x2f]	WRITE	0
0x001876f1	0xStack[-0x30]	WRITE	0
0x001876f5	0xStack[-0x14]	WRITE	0
0x001876fb	0xStack[-0x12]	WRITE	0
0x00187701	0x001e75b4	READ	1
0x00187707	0xStack[-0x8]	WRITE	0
0x0018770a	0xStack[0x8]	READ	0
0x00187717	0xStack[-0x28]	WRITE	0
0x0018771b	0xStack[-0x2c]	WRITE	0
0x00187721	0xStack[-0x34]	DATA	0
0x00187725	0x001871d4	UNCONDITIONAL_CALL	0
0x0018772a	0xStack[-0xc]	READ	0
0x0018772e	0x00187738	CONDITIONAL_JUMP	0
0x00187738	0xStack[-0x2f]	READ	1
0x0018773e	0x0018774c	CONDITIONAL_JUMP	0
0x00187776	0x001e75b8	READ	0
0x0018777d	0x001877d8	CONDITIONAL_JUMP	0
0x0018777f	0xStack[-0x2f]	WRITE	0
0x00187783	0xStack[-0x30]	WRITE	0
0x00187787	0xStack[-0x14]	WRITE	0
0x0018778d	0xStack[-0x12]	WRITE	0
0x00187793	0x001e75b4	READ	1
0x00187799	0xStack[-0x8]	WRITE	0
0x0018779c	0xStack[-0x2c]	WRITE	0
0x001877a2	0xStack[-0x34]	DATA	0
0x001877a6	0x001871d4	UNCONDITIONAL_CALL	0
0x001877ab	0xStack[-0xc]	READ	0
0x001877af	0x001877b8	CONDITIONAL_JUMP	0
0x001877b8	0xStack[-0x2f]	READ	1
0x001877be	0x001877cc	CONDITIONAL_JUMP	0
0x001877e7	0x001dee38	DATA	0
0x001877ec	0x00195030	UNCONDITIONAL_CALL	0
0x001877fc	0xStack[0x4]	READ	1
0x00187801	0xStack[0x8]	READ	1
0x00187804	0x00187819	UNCONDITIONAL_JUMP	0
0x0018781d	0x00187808	CONDITIONAL_JUMP	0
0x00187830	0x00187838	CONDITIONAL_JUMP	0
0x0018783b	0xStack[-0x8]	READ	1
0x0018784c	0xStack[0x8]	READ	1
0x0018784f	0xStack[0xc]	READ	1
0x00187852	0x001e75d0	READ_WRITE	0
0x0018785c	0x001e75d4	READ_WRITE	0
0x00187863	0x001e75da	READ	1
0x0018786a	0x001e75d8	WRITE	0
0x00187873	0x00187898	CONDITIONAL_JUMP	0
0x00187878	0xStack[-0x10]	WRITE	0
0x0018787f	0x0018788c	CONDITIONAL_JUMP	0
0x00187887	0xStack[-0xc]	WRITE	0
0x0018788a	0x001878a6	UNCONDITIONAL_JUMP	0
0x0018788c	0xStack[-0xc]	WRITE	0
0x00187893	0x001878a6	UNCONDITIONAL_JUMP	0
0x00187898	0xStack[-0x10]	WRITE	0
0x0018789f	0xStack[-0xc]	WRITE	0
0x001878a6	0xStack[-0x8]	WRITE	0
0x001878a9	0x001e75e8	READ	0
0x001878b0	0x001878be	CONDITIONAL_JUMP	0
0x001878b2	0xStack[-0x10]	DATA	0
0x001878b6	0x00187938	UNCONDITIONAL_CALL	0
0x001878be	0x001e75e4	READ	1
0x001878c6	0x00187910	CONDITIONAL_JUMP	0
0x001878c8	0x001e75dc	READ	1
0x001878cf	0x001878da	CONDITIONAL_JUMP	0
0x001878d1	0x001e75e0	READ	0
0x001878d8	0x00187910	CONDITIONAL_JUMP	0
0x001878da	0x001e75e0	READ	1
0x001878e0	0x001e75d4	READ	1
0x001878e8	0x00187910	CONDITIONAL_JUMP	0
0x001878ea	0x001878f4	CONDITIONAL_JUMP	0
0x001878ec	0x001e75d0	READ	0
0x001878f2	0x00187910	CONDITIONAL_JUMP	0
0x001878f4	0x001e75dc	WRITE	0
0x001878fe	0x001e75e0	WRITE	0
0x00187910	0xStack[-0x18]	DATA	0
0x0018791f	0x001e75e8	WRITE	0
0x0018793c	0xStack[0x4]	READ	1
0x00187959	0x001dee34	READ	1
0x00187960	0x0015bc30	UNCONDITIONAL_CALL	0
0x00187972	0x0010349c	UNCONDITIONAL_CALL	0
0x00187977	0xStack[-0x8]	READ	1
0x00187991	0x001e75c4	READ_WRITE	0
0x00187998	0x0018bd98	UNCONDITIONAL_CALL	0
0x0018799f	0x001d14a0	READ	1
0x001879ab	0x001e75c4	READ_WRITE	0
0x001879b3	0x001e75c4	READ_WRITE	0
0x001879bc	0x0018d1e4	UNCONDITIONAL_CALL	0
0x001879cc	0x001e75c4	READ_WRITE	0
0x001879d3	0x001d14a0	READ	1
0x001879dd	0xStack[-0x10]	WRITE	0
0x001879e0	0xStack[-0x10]	READ	1
0x001879e4	0xStack[-0x14]	WRITE	0
0x001879f3	0x0018b544	UNCONDITIONAL_CALL	0
0x001879fe	0xStack[-0xc]	WRITE	0
0x00187a08	0xStack[-0xc]	WRITE	0
0x00187a19	0x001e17f8	READ	1
0x00187a2d	0x001e17f8	WRITE	0
0x00187a33	0xStack[-0x20]	DATA	0
0x00187a4d	0x00187844	DATA	0
0x00187a54	0x0018c39c	UNCONDITIONAL_CALL	0
0x00187a5b	0x0018c5a0	UNCONDITIONAL_CALL	0
0x00187a60	0xStack[-0x8]	WRITE	0
0x00187a67	0xStack[-0xc]	DATA	0
0x00187a6b	0x00195030	UNCONDITIONAL_CALL	0
0x00187a71	0x001605e4	UNCONDITIONAL_CALL	0
0x00187a7a	0x001f63e0	WRITE	0
0x00187a80	0x001f63e4	WRITE	0
0x00187a86	0x0018bd98	UNCONDITIONAL_CALL	0
0x00187a8b	0xStack[-0x18]	WRITE	0
0x00187a9b	0x001e75c4	READ_WRITE	0
0x00187aa2	0x001d14d4	READ	1
0x00187aa8	0xStack[-0x14]	WRITE	0
0x00187aab	0x001d14d8	READ	1
0x00187ab1	0xStack[-0x10]	WRITE	0
0x00187abb	0x00187ad9	UNCONDITIONAL_JUMP	0
0x00187ac4	0xStack[-0x10]	READ	0
0x00187ac7	0xStack[-0x14]	READ	0
0x00187aca	0x001d0fb4	UNCONDITIONAL_CALL	0
0x00187ad2	0xStack[-0x14]	WRITE	0
0x00187ad5	0xStack[-0x10]	WRITE	0
0x00187ad9	0xStack[-0x10]	READ	0
0x00187add	0x00187ac0	CONDITIONAL_JUMP	0
0x00187adf	0x00187ae7	CONDITIONAL_JUMP	0
0x00187ae1	0xStack[-0x14]	READ	0
0x00187ae5	0x00187ac0	CONDITIONAL_JUMP	0
0x00187ae7	0xStack[-0x14]	READ	0
0x00187aeb	0x00187b00	CONDITIONAL_JUMP	0
0x00187aed	0xStack[-0x10]	READ	0
0x00187af1	0x00187b00	CONDITIONAL_JUMP	0
0x00187af3	0x001e17fc	DATA	0
0x00187af8	0x0010ca6c	UNCONDITIONAL_CALL	0
0x00187b0c	0x00187b2e	CONDITIONAL_JUMP	0
0x00187b0e	0x001e1813	DATA	0
0x00187b13	0x0010ca6c	UNCONDITIONAL_CALL	0
0x00187b30	0x00187b20	CONDITIONAL_JUMP	0
0x00187b38	0x00187b47	CONDITIONAL_JUMP	0
0x00187b3a	0x001e182a	DATA	0
0x00187b3f	0x0010ca6c	UNCONDITIONAL_CALL	0
0x00187b47	0x001e75d8	WRITE	0
0x00187b50	0x001e75da	WRITE	0
0x00187b56	0x001d14a0	READ	1
0x00187b5d	0x001e75d8	READ	1
0x00187b68	0x001e75c4	READ_WRITE	0
0x00187b6f	0x001e75d8	READ	1
0x00187b7d	0x001e75c4	READ_WRITE	0
0x00187b84	0xStack[-0x18]	READ	1
0x00187b88	0x0018b544	UNCONDITIONAL_CALL	0
0x00187b8d	0xStack[-0x24]	DATA	0
0x00187b9c	0xStack[0x4]	READ	1
0x00187b9f	0x00187d48	UNCONDITIONAL_CALL	0
0x00187ba6	0x00187bb0	CONDITIONAL_JUMP	0
0x00187bab	0x00187bc0	CONDITIONAL_JUMP	0
0x00187bad	0x00187bca	UNCONDITIONAL_JUMP	0
0x00187bb0	0x001f63e0	READ	1
0x00187bb6	0x001f63e4	READ	1
0x00187bbc	0x00187bca	UNCONDITIONAL_JUMP	0
0x00187bca	0xStack[-0x8]	READ	1
0x00187bdd	0xStack[0x8]	READ	1
0x00187be0	0xStack[0xc]	READ	1
0x00187be3	0xStack[0x4]	READ	0
0x00187be7	0x00187c21	CONDITIONAL_JUMP	0
0x00187be9	0x0018bd98	UNCONDITIONAL_CALL	0
0x00187bf2	0x001e75d0	READ	1
0x00187bf8	0x001e75d4	READ	1
0x00187bfe	0x001f63e0	WRITE	0
0x00187c04	0x001f63e4	WRITE	0
0x00187c0b	0x0018b544	UNCONDITIONAL_CALL	0
0x00187c10	0xStack[-0xc]	DATA	0
0x00187c16	0x0016058c	UNCONDITIONAL_CALL	0
0x00187c1c	0x0019523c	UNCONDITIONAL_CALL	0
0x00187c21	0xStack[-0x18]	DATA	0
0x00187c2f	0xStack[0x4]	READ	1
0x00187c34	0x00187c44	CONDITIONAL_JUMP	0
0x00187c39	0x00187c50	CONDITIONAL_JUMP	0
0x00187c3b	0x001d14ac	DATA	1
0x00187c44	0x001d14bc	DATA	1
0x00187c5b	0xStack[0x4]	READ	0
0x00187c5f	0x00187c68	CONDITIONAL_JUMP	0
0x00187c68	0x001d14cc	DATA	1
0x00187c77	0x001e75e4	READ	0
0x00187c7e	0x00187c88	CONDITIONAL_JUMP	0
0x00187c80	0xStack[0x8]	READ	1
0x00187c83	0x001e75e4	WRITE	0
0x00187c95	0xStack[0x4]	READ	0
0x00187c99	0x00187d3b	CONDITIONAL_JUMP	0
0x00187c9f	0xStack[0x8]	READ	1
0x00187ca2	0xStack[0xc]	READ	1
0x00187cb7	0x001d0fb4	UNCONDITIONAL_CALL	0
0x00187cbf	0xStack[-0xc]	WRITE	0
0x00187cc2	0xStack[-0x8]	WRITE	0
0x00187cd4	0xStack[-0xc]	READ	1
0x00187cd7	0xStack[-0x8]	READ	1
0x00187cf4	0xStack[-0xc]	READ	1
0x00187cf7	0xStack[-0x8]	READ	1
0x00187d14	0x0018bd98	UNCONDITIONAL_CALL	0
0x00187d1b	0x001e75d0	READ	1
0x00187d21	0x001e75dc	WRITE	0
0x00187d29	0x001e75d4	READ	1
0x00187d2f	0x001e75e0	WRITE	0
0x00187d36	0x0018b544	UNCONDITIONAL_CALL	0
0x00187d3b	0xStack[-0x18]	DATA	0
0x00187d51	0x0018bd98	UNCONDITIONAL_CALL	0
0x00187d58	0x001e75d0	READ	1
0x00187d5d	0xStack[-0x14]	WRITE	0
0x00187d60	0x001e75d4	READ	1
0x00187d65	0xStack[-0x10]	WRITE	0
0x00187d68	0x001e75d8	READ	1
0x00187d77	0x001e75c4	READ_WRITE	0
0x00187d7e	0x001d14a0	READ	1
0x00187d88	0xStack[-0x18]	WRITE	0
0x00187d8d	0xStack[-0x18]	READ	1
0x00187d93	0xStack[-0x1c]	WRITE	0
0x00187da4	0x001e75d8	WRITE	0
0x00187dac	0x0018b544	UNCONDITIONAL_CALL	0
0x00187db7	0x00187dc4	CONDITIONAL_JUMP	0
0x00187db9	0xStack[-0x14]	READ_WRITE	0
0x00187dc0	0xStack[-0x10]	READ_WRITE	0
0x00187dc4	0x001e75da	READ	1
0x00187dd1	0xStack[-0xc]	WRITE	0
0x00187dd4	0xStack[-0x8]	WRITE	0
0x00187de2	0xStack[-0xc]	READ	1
0x00187de5	0xStack[-0x8]	READ	1
0x00187df3	0xStack[-0x2c]	WRITE	0
0x00187df6	0xStack[-0x28]	WRITE	0
0x00187df9	0xStack[-0x2c]	READ	1
0x00187dfc	0xStack[-0x28]	READ	1
0x00187e0e	0xStack[-0xc]	READ	1
0x00187e11	0xStack[-0x8]	READ	1
0x00187e1f	0xStack[-0x2c]	WRITE	0
0x00187e22	0xStack[-0x28]	WRITE	0
0x00187e25	0xStack[-0x2c]	READ	1
0x00187e28	0xStack[-0x28]	READ	1
0x00187e36	0xStack[-0x2c]	WRITE	0
0x00187e39	0xStack[-0x28]	WRITE	0
0x00187e3c	0xStack[-0x2c]	READ	1
0x00187e3f	0xStack[-0x28]	READ	1
0x00187e4d	0xStack[-0x2c]	WRITE	0
0x00187e50	0xStack[-0x28]	WRITE	0
0x00187e53	0xStack[-0x2c]	READ	1
0x00187e56	0xStack[-0x28]	READ	1
0x00187e64	0xStack[-0x2c]	WRITE	0
0x00187e67	0xStack[-0x28]	WRITE	0
0x00187e71	0xStack[-0x28]	READ	0
0x00187e74	0xStack[-0x2c]	READ	0
0x00187e77	0x001d0fb4	UNCONDITIONAL_CALL	0
0x00187e80	0xStack[-0x14]	READ	1
0x00187e83	0xStack[-0x10]	READ	1
0x00187e8a	0xStack[-0x38]	DATA	0
0x00187e9d	0x0018bd98	UNCONDITIONAL_CALL	0
0x00187ea4	0x001e75d0	READ	1
0x00187ea9	0xStack[-0xc]	WRITE	0
0x00187eac	0x001e75d4	READ	1
0x00187eb1	0xStack[-0x8]	WRITE	0
0x00187eb4	0x001e75d8	READ	1
0x00187ec3	0x001e75c4	READ_WRITE	0
0x00187eca	0x001d14a0	READ	1
0x00187ed4	0xStack[-0x18]	WRITE	0
0x00187ed9	0xStack[-0x18]	READ	1
0x00187edf	0xStack[-0x1c]	WRITE	0
0x00187ef0	0x001e75d8	WRITE	0
0x00187ef8	0x0018b544	UNCONDITIONAL_CALL	0
0x00187f03	0x00187f10	CONDITIONAL_JUMP	0
0x00187f05	0xStack[-0xc]	READ_WRITE	0
0x00187f0c	0xStack[-0x8]	READ_WRITE	0
0x00187f10	0x001e75da	READ	1
0x00187f1d	0xStack[-0x14]	WRITE	0
0x00187f20	0xStack[-0x10]	WRITE	0
0x00187f2e	0xStack[-0x14]	READ	1
0x00187f31	0xStack[-0x10]	READ	1
0x00187f3f	0xStack[-0x2c]	WRITE	0
0x00187f42	0xStack[-0x28]	WRITE	0
0x00187f45	0xStack[-0x2c]	READ	1
0x00187f48	0xStack[-0x28]	READ	1
0x00187f5a	0xStack[-0x14]	READ	1
0x00187f5d	0xStack[-0x10]	READ	1
0x00187f6b	0xStack[-0x2c]	WRITE	0
0x00187f6e	0xStack[-0x28]	WRITE	0
0x00187f71	0xStack[-0x2c]	READ	1
0x00187f74	0xStack[-0x28]	READ	1
0x00187f82	0xStack[-0x2c]	WRITE	0
0x00187f85	0xStack[-0x28]	WRITE	0
0x00187f88	0xStack[-0x2c]	READ	1
0x00187f8b	0xStack[-0x28]	READ	1
0x00187f99	0xStack[-0x2c]	WRITE	0
0x00187f9c	0xStack[-0x28]	WRITE	0
0x00187f9f	0xStack[-0x2c]	READ	1
0x00187fa2	0xStack[-0x28]	READ	1
0x00187fb0	0xStack[-0x2c]	WRITE	0
0x00187fb3	0xStack[-0x28]	WRITE	0
0x00187fbd	0xStack[-0x28]	READ	0
0x00187fc0	0xStack[-0x2c]	READ	0
0x00187fc3	0x001d0fb4	UNCONDITIONAL_CALL	0
0x00187fcc	0xStack[-0xc]	READ	1
0x00187fcf	0xStack[-0x8]	READ	1
0x00187fd6	0xStack[-0x2c]	WRITE	0
0x00187fd9	0xStack[-0x28]	WRITE	0
0x00187fdc	0xStack[-0x2c]	READ	1
0x00187fdf	0xStack[-0x38]	DATA	0
0x00187ff2	0xStack[0x4]	READ	1
0x00187ff5	0xStack[0x8]	READ	1
0x00187ffb	0xStack[0xc]	READ	1
0x00188005	0xStack[0x10]	READ	1
0x0018801d	0x00188024	CONDITIONAL_JUMP	0
0x00188021	0x0018803a	UNCONDITIONAL_JUMP	0
0x00188026	0x00188035	CONDITIONAL_JUMP	0
0x0018802a	0x00188035	CONDITIONAL_JUMP	0
0x00188033	0x0018800c	CONDITIONAL_JUMP	0
0x0018803a	0xStack[-0x10]	DATA	0
0x0018804a	0x0018d1e4	UNCONDITIONAL_CALL	0
0x0018804f	0x001e189c	READ	1
0x0018805c	0x001e75ec	READ_WRITE	0
0x00188065	0x0018d1e4	UNCONDITIONAL_CALL	0
0x0018806a	0x001e18aa	READ	1
0x00188077	0x001e75ec	READ_WRITE	0
0x0018807e	0x001f7500	WRITE	0
0x00188088	0x001f7504	WRITE	0
0x00188096	0x0018d1e4	UNCONDITIONAL_CALL	0
0x0018809e	0x001e1892	READ	1
0x001880a8	0x001e75ec	READ_WRITE	0
0x001880b1	0x0018d1e4	UNCONDITIONAL_CALL	0
0x001880b9	0x001e18a0	READ	1
0x001880c3	0x001e75ec	READ_WRITE	0
0x001880ca	0x001f74e0	WRITE	0
0x001880d1	0x001f74e1	WRITE	0
0x001880dd	0x00188234	UNCONDITIONAL_CALL	0
0x001880e8	0x001880fc	CONDITIONAL_JUMP	0
0x001880eb	0x00188268	UNCONDITIONAL_CALL	0
0x001880f1	0x00188124	UNCONDITIONAL_CALL	0
0x001880f9	0x0018810f	UNCONDITIONAL_JUMP	0
0x00188100	0x00188448	UNCONDITIONAL_CALL	0
0x00188107	0x0018836c	UNCONDITIONAL_CALL	0
0x00188113	0x001880dc	CONDITIONAL_JUMP	0
0x00188115	0x00189748	UNCONDITIONAL_CALL	0
0x0018811a	0xStack[-0x8]	READ	1
0x0018812d	0xStack[0x4]	READ	1
0x00188133	0x001f74f0	DATA	1
0x00188138	0x001f74f1	DATA	0
0x0018813d	0x001946e0	UNCONDITIONAL_CALL	0
0x00188144	0x0018816c	CONDITIONAL_JUMP	0
0x00188149	0x00188158	CONDITIONAL_JUMP	0
0x0018814b	0x001f74f1	DATA	0
0x00188150	0x0018822a	UNCONDITIONAL_JUMP	0
0x00188158	0x001f74f1	DATA	1
0x00188160	0x001f74f1	DATA	0
0x00188164	0x0018822a	UNCONDITIONAL_JUMP	0
0x0018816c	0x001f74f1	DATA	1
0x00188173	0x001f74f1	DATA	0
0x00188177	0xStack[-0x8]	WRITE	0
0x00188183	0x001f74e0	DATA	1
0x0018818b	0xStack[-0xc]	WRITE	0
0x0018818e	0x001f74e0	DATA	0
0x00188196	0x0018d1e4	UNCONDITIONAL_CALL	0
0x001881a0	0x001881ac	CONDITIONAL_JUMP	0
0x001881a2	0x001e18a0	READ	1
0x001881a9	0x001881b3	UNCONDITIONAL_JUMP	0
0x001881ac	0x001e1892	READ	1
0x001881b3	0xStack[-0xc]	READ	1
0x001881b7	0x001e75ec	READ_WRITE	0
0x001881c0	0x0018d1e4	UNCONDITIONAL_CALL	0
0x001881cb	0x001881d8	CONDITIONAL_JUMP	0
0x001881cd	0x001e189e	READ	1
0x001881d4	0x001881df	UNCONDITIONAL_JUMP	0
0x001881d8	0x001e18ac	READ	1
0x001881df	0xStack[-0x8]	READ	1
0x001881e3	0x001e75ec	READ_WRITE	0
0x001881f3	0x001f74e0	DATA	1
0x001881fb	0xStack[-0x10]	WRITE	0
0x001881fe	0x001f74e0	DATA	0
0x00188206	0x0018d1e4	UNCONDITIONAL_CALL	0
0x0018820d	0x00188218	CONDITIONAL_JUMP	0
0x0018820f	0x001e18a0	READ	1
0x00188216	0x0018821f	UNCONDITIONAL_JUMP	0
0x00188218	0x001e1892	READ	1
0x0018821f	0xStack[-0x10]	READ	1
0x00188223	0x001e75ec	READ_WRITE	0
0x0018822a	0xStack[-0x20]	DATA	0
0x00188237	0xStack[0x4]	READ	1
0x0018823a	0x001f74dc	READ	1
0x00188246	0x00188260	CONDITIONAL_JUMP	0
0x00188251	0x001f74dc	WRITE	0
0x0018826c	0xStack[0x4]	READ	1
0x00188270	0x0018828c	UNCONDITIONAL_CALL	0
0x0018827e	0x001f74dc	READ_WRITE	0
0x00188284	0xStack[-0x8]	READ	1
0x00188294	0xStack[0x4]	READ	1
0x00188297	0x001f74dc	READ	1
0x001882a1	0x00188362	CONDITIONAL_JUMP	0
0x001882ad	0xStack[-0x8]	WRITE	0
0x001882b9	0x001f74e0	DATA	1
0x001882c1	0xStack[-0xc]	WRITE	0
0x001882c4	0x001f74e0	DATA	0
0x001882cc	0x0018d1e4	UNCONDITIONAL_CALL	0
0x001882d6	0x001882e4	CONDITIONAL_JUMP	0
0x001882d8	0x001e18a0	READ	1
0x001882df	0x001882eb	UNCONDITIONAL_JUMP	0
0x001882e4	0x001e1892	READ	1
0x001882eb	0xStack[-0xc]	READ	1
0x001882ef	0x001e75ec	READ_WRITE	0
0x001882f8	0x0018d1e4	UNCONDITIONAL_CALL	0
0x00188303	0x00188310	CONDITIONAL_JUMP	0
0x00188305	0x001e1896	READ	1
0x0018830c	0x00188317	UNCONDITIONAL_JUMP	0
0x00188310	0x001e18a4	READ	1
0x00188317	0xStack[-0x8]	READ	1
0x0018831b	0x001e75ec	READ_WRITE	0
0x0018832b	0x001f74e0	DATA	1
0x00188333	0xStack[-0x10]	WRITE	0
0x00188336	0x001f74e0	DATA	0
0x0018833e	0x0018d1e4	UNCONDITIONAL_CALL	0
0x00188345	0x00188350	CONDITIONAL_JUMP	0
0x00188347	0x001e18a0	READ	1
0x0018834e	0x00188357	UNCONDITIONAL_JUMP	0
0x00188350	0x001e1892	READ	1
0x00188357	0xStack[-0x10]	READ	1
0x0018835b	0x001e75ec	READ_WRITE	0
0x00188362	0xStack[-0x1c]	DATA	0
0x00188374	0xStack[0x4]	READ	1
0x00188377	0x001f74dc	READ	1
0x00188381	0x0018843e	CONDITIONAL_JUMP	0
0x0018838b	0xStack[-0x8]	WRITE	0
0x00188397	0x001f74e0	DATA	1
0x0018839f	0xStack[-0xc]	WRITE	0
0x001883a2	0x001f74e0	DATA	0
0x001883aa	0x0018d1e4	UNCONDITIONAL_CALL	0
0x001883b4	0x001883c0	CONDITIONAL_JUMP	0
0x001883b6	0x001e18a0	READ	1
0x001883bd	0x001883c7	UNCONDITIONAL_JUMP	0
0x001883c0	0x001e1892	READ	1
0x001883c7	0xStack[-0xc]	READ	1
0x001883cb	0x001e75ec	READ_WRITE	0
0x001883d4	0x0018d1e4	UNCONDITIONAL_CALL	0
0x001883df	0x001883ec	CONDITIONAL_JUMP	0
0x001883e1	0x001e1896	READ	1
0x001883e8	0x001883f3	UNCONDITIONAL_JUMP	0
0x001883ec	0x001e18a4	READ	1
0x001883f3	0xStack[-0x8]	READ	1
0x001883f7	0x001e75ec	READ_WRITE	0
0x00188407	0x001f74e0	DATA	1
0x0018840f	0xStack[-0x10]	WRITE	0
0x00188412	0x001f74e0	DATA	0
0x0018841a	0x0018d1e4	UNCONDITIONAL_CALL	0
0x00188421	0x0018842c	CONDITIONAL_JUMP	0
0x00188423	0x001e18a0	READ	1
0x0018842a	0x00188433	UNCONDITIONAL_JUMP	0
0x0018842c	0x001e1892	READ	1
0x00188433	0xStack[-0x10]	READ	1
0x00188437	0x001e75ec	READ_WRITE	0
0x0018843e	0xStack[-0x1c]	DATA	0
0x00188450	0xStack[0x4]	READ	1
0x00188453	0x001f74dc	READ	1
0x0018845d	0x0018853a	CONDITIONAL_JUMP	0
0x00188466	0xStack[0x8]	READ	1
0x0018846c	0x001f74f0	DATA	1
0x00188476	0x001f74f0	DATA	0
0x00188485	0xStack[-0x8]	WRITE	0
0x00188491	0x001f74e0	DATA	1
0x00188499	0xStack[-0xc]	WRITE	0
0x0018849c	0x001f74e0	DATA	0
0x001884a4	0x0018d1e4	UNCONDITIONAL_CALL	0
0x001884ae	0x001884bc	CONDITIONAL_JUMP	0
0x001884b0	0x001e18a0	READ	1
0x001884b7	0x001884c3	UNCONDITIONAL_JUMP	0
0x001884bc	0x001e1892	READ	1
0x001884c3	0xStack[-0xc]	READ	1
0x001884c7	0x001e75ec	READ_WRITE	0
0x001884d0	0x0018d1e4	UNCONDITIONAL_CALL	0
0x001884db	0x001884e8	CONDITIONAL_JUMP	0
0x001884dd	0x001e1898	READ	1
0x001884e4	0x001884ef	UNCONDITIONAL_JUMP	0
0x001884e8	0x001e18a6	READ	1
0x001884ef	0xStack[-0x8]	READ	1
0x001884f3	0x001e75ec	READ_WRITE	0
0x00188503	0x001f74e0	DATA	1
0x0018850b	0xStack[-0x10]	WRITE	0
0x0018850e	0x001f74e0	DATA	0
0x00188516	0x0018d1e4	UNCONDITIONAL_CALL	0
0x0018851d	0x00188528	CONDITIONAL_JUMP	0
0x0018851f	0x001e18a0	READ	1
0x00188526	0x0018852f	UNCONDITIONAL_JUMP	0
0x00188528	0x001e1892	READ	1
0x0018852f	0xStack[-0x10]	READ	1
0x00188533	0x001e75ec	READ_WRITE	0
0x0018853a	0xStack[-0x1c]	DATA	0
0x0018854c	0xStack[0x4]	READ	1
0x0018854f	0x001f74dc	READ	1
0x00188559	0x00188636	CONDITIONAL_JUMP	0
0x00188562	0xStack[0x8]	READ	1
0x0018856b	0x001f74f0	DATA	1
0x00188575	0x001f74f0	DATA	0
0x00188584	0xStack[-0x8]	WRITE	0
0x00188590	0x001f74e0	DATA	1
0x00188598	0xStack[-0xc]	WRITE	0
0x0018859b	0x001f74e0	DATA	0
0x001885a3	0x0018d1e4	UNCONDITIONAL_CALL	0
0x001885ad	0x001885b8	CONDITIONAL_JUMP	0
0x001885af	0x001e18a0	READ	1
0x001885b6	0x001885bf	UNCONDITIONAL_JUMP	0
0x001885b8	0x001e1892	READ	1
0x001885bf	0xStack[-0xc]	READ	1
0x001885c3	0x001e75ec	READ_WRITE	0
0x001885cc	0x0018d1e4	UNCONDITIONAL_CALL	0
0x001885d7	0x001885e4	CONDITIONAL_JUMP	0
0x001885d9	0x001e1898	READ	1
0x001885e0	0x001885eb	UNCONDITIONAL_JUMP	0
0x001885e4	0x001e18a6	READ	1
0x001885eb	0xStack[-0x8]	READ	1
0x001885ef	0x001e75ec	READ_WRITE	0
0x001885ff	0x001f74e0	DATA	1
0x00188607	0xStack[-0x10]	WRITE	0
0x0018860a	0x001f74e0	DATA	0
0x00188612	0x0018d1e4	UNCONDITIONAL_CALL	0
0x00188619	0x00188624	CONDITIONAL_JUMP	0
0x0018861b	0x001e18a0	READ	1
0x00188622	0x0018862b	UNCONDITIONAL_JUMP	0
0x00188624	0x001e1892	READ	1
0x0018862b	0xStack[-0x10]	READ	1
0x0018862f	0x001e75ec	READ_WRITE	0
0x00188636	0xStack[-0x1c]	DATA	0
0x00188648	0xStack[0x4]	READ	1
0x0018864b	0x001f74dc	READ	1
0x00188655	0x00188736	CONDITIONAL_JUMP	0
0x0018865e	0xStack[0x8]	READ	0
0x00188668	0x001f74f0	DATA	1
0x00188672	0x001f74f0	DATA	0
0x00188681	0xStack[-0x8]	WRITE	0
0x0018868d	0x001f74e0	DATA	1
0x00188695	0xStack[-0xc]	WRITE	0
0x00188698	0x001f74e0	DATA	0
0x001886a0	0x0018d1e4	UNCONDITIONAL_CALL	0
0x001886aa	0x001886b8	CONDITIONAL_JUMP	0
0x001886ac	0x001e18a0	READ	1
0x001886b3	0x001886bf	UNCONDITIONAL_JUMP	0
0x001886b8	0x001e1892	READ	1
0x001886bf	0xStack[-0xc]	READ	1
0x001886c3	0x001e75ec	READ_WRITE	0
0x001886cc	0x0018d1e4	UNCONDITIONAL_CALL	0
0x001886d7	0x001886e4	CONDITIONAL_JUMP	0
0x001886d9	0x001e1898	READ	1
0x001886e0	0x001886eb	UNCONDITIONAL_JUMP	0
0x001886e4	0x001e18a6	READ	1
0x001886eb	0xStack[-0x8]	READ	1
0x001886ef	0x001e75ec	READ_WRITE	0
0x001886ff	0x001f74e0	DATA	1
0x00188707	0xStack[-0x10]	WRITE	0
0x0018870a	0x001f74e0	DATA	0
0x00188712	0x0018d1e4	UNCONDITIONAL_CALL	0
0x00188719	0x00188724	CONDITIONAL_JUMP	0
0x0018871b	0x001e18a0	READ	1
0x00188722	0x0018872b	UNCONDITIONAL_JUMP	0
0x00188724	0x001e1892	READ	1
0x0018872b	0xStack[-0x10]	READ	1
0x0018872f	0x001e75ec	READ_WRITE	0
0x00188736	0xStack[-0x1c]	DATA	0
0x00188748	0xStack[0x4]	READ	1
0x0018874b	0x001f74dc	READ	1
0x00188755	0x00188832	CONDITIONAL_JUMP	0
0x0018875e	0xStack[0x8]	READ	1
0x00188767	0x001f74f0	DATA	1
0x00188771	0x001f74f0	DATA	0
0x00188780	0xStack[-0x8]	WRITE	0
0x0018878c	0x001f74e0	DATA	1
0x00188794	0xStack[-0xc]	WRITE	0
0x00188797	0x001f74e0	DATA	0
0x0018879f	0x0018d1e4	UNCONDITIONAL_CALL	0
0x001887a9	0x001887b4	CONDITIONAL_JUMP	0
0x001887ab	0x001e18a0	READ	1
0x001887b2	0x001887bb	UNCONDITIONAL_JUMP	0
0x001887b4	0x001e1892	READ	1
0x001887bb	0xStack[-0xc]	READ	1
0x001887bf	0x001e75ec	READ_WRITE	0
0x001887c8	0x0018d1e4	UNCONDITIONAL_CALL	0
0x001887d3	0x001887e0	CONDITIONAL_JUMP	0
0x001887d5	0x001e1898	READ	1
0x001887dc	0x001887e7	UNCONDITIONAL_JUMP	0
0x001887e0	0x001e18a6	READ	1
0x001887e7	0xStack[-0x8]	READ	1
0x001887eb	0x001e75ec	READ_WRITE	0
0x001887fb	0x001f74e0	DATA	1
0x00188803	0xStack[-0x10]	WRITE	0
0x00188806	0x001f74e0	DATA	0
0x0018880e	0x0018d1e4	UNCONDITIONAL_CALL	0
0x00188815	0x00188820	CONDITIONAL_JUMP	0
0x00188817	0x001e18a0	READ	1
0x0018881e	0x00188827	UNCONDITIONAL_JUMP	0
0x00188820	0x001e1892	READ	1
0x00188827	0xStack[-0x10]	READ	1
0x0018882b	0x001e75ec	READ_WRITE	0
0x00188832	0xStack[-0x1c]	DATA	0
0x00188845	0xStack[0x4]	READ	1
0x00188848	0x001f74dc	READ	1
0x00188852	0x0018887a	CONDITIONAL_JUMP	0
0x00188854	0x001946e0	UNCONDITIONAL_CALL	0
0x0018885b	0x00188864	CONDITIONAL_JUMP	0
0x0018885d	0xStack[0x8]	READ	1
0x00188864	0xStack[-0x8]	DATA	0
0x00188868	0xStack[0x8]	READ	1
0x0018886c	0x00188edc	UNCONDITIONAL_CALL	0
0x00188878	0x00188884	CONDITIONAL_JUMP	0
0x0018887c	0x00188ecf	UNCONDITIONAL_JUMP	0
0x00188884	0xStack[0x8]	READ	1
0x0018888e	0x001f74dc	READ	1
0x00188898	0x0018895a	CONDITIONAL_JUMP	0
0x001888a4	0xStack[-0xc]	WRITE	0
0x001888b0	0x001f74e0	DATA	1
0x001888b8	0xStack[-0x10]	WRITE	0
0x001888bb	0x001f74e0	DATA	0
0x001888c3	0x0018d1e4	UNCONDITIONAL_CALL	0
0x001888cd	0x001888d8	CONDITIONAL_JUMP	0
0x001888cf	0x001e18a0	READ	1
0x001888d6	0x001888df	UNCONDITIONAL_JUMP	0
0x001888d8	0x001e1892	READ	1
0x001888df	0xStack[-0x10]	READ	1
0x001888e3	0x001e75ec	READ_WRITE	0
0x001888ec	0x0018d1e4	UNCONDITIONAL_CALL	0
0x001888f7	0x00188904	CONDITIONAL_JUMP	0
0x001888f9	0x001e1896	READ	1
0x00188900	0x0018890b	UNCONDITIONAL_JUMP	0
0x00188904	0x001e18a4	READ	1
0x0018890b	0xStack[-0xc]	READ	1
0x0018890f	0x001e75ec	READ_WRITE	0
0x0018891f	0x001f74e0	DATA	1
0x00188927	0xStack[-0x14]	WRITE	0
0x0018892a	0x001f74e0	DATA	0
0x00188932	0x0018d1e4	UNCONDITIONAL_CALL	0
0x0018893c	0x00188948	CONDITIONAL_JUMP	0
0x0018893e	0x001e18a0	READ	1
0x00188945	0x0018894f	UNCONDITIONAL_JUMP	0
0x00188948	0x001e1892	READ	1
0x0018894f	0xStack[-0x14]	READ	1
0x00188953	0x001e75ec	READ_WRITE	0
0x0018895a	0xStack[0x8]	READ	1
0x00188961	0x00188a50	CONDITIONAL_JUMP	0
0x00188967	0x001f74dc	READ	1
0x00188971	0x00188b36	CONDITIONAL_JUMP	0
0x0018897a	0x001f74f0	DATA	1
0x00188984	0x001f74f0	DATA	0
0x00188993	0xStack[-0x18]	WRITE	0
0x0018899f	0x001f74e0	DATA	1
0x001889a7	0xStack[-0x1c]	WRITE	0
0x001889aa	0x001f74e0	DATA	0
0x001889b2	0x0018d1e4	UNCONDITIONAL_CALL	0
0x001889bc	0x001889c8	CONDITIONAL_JUMP	0
0x001889be	0x001e18a0	READ	1
0x001889c5	0x001889cf	UNCONDITIONAL_JUMP	0
0x001889c8	0x001e1892	READ	1
0x001889cf	0xStack[-0x1c]	READ	1
0x001889d3	0x001e75ec	READ_WRITE	0
0x001889dc	0x0018d1e4	UNCONDITIONAL_CALL	0
0x001889e7	0x001889f4	CONDITIONAL_JUMP	0
0x001889e9	0x001e1898	READ	1
0x001889f0	0x001889fb	UNCONDITIONAL_JUMP	0
0x001889f4	0x001e18a6	READ	1
0x001889fb	0xStack[-0x18]	READ	1
0x001889ff	0x001e75ec	READ_WRITE	0
0x00188a0f	0x001f74e0	DATA	1
0x00188a17	0xStack[-0x20]	WRITE	0
0x00188a1a	0x001f74e0	DATA	0
0x00188a22	0x0018d1e4	UNCONDITIONAL_CALL	0
0x00188a2c	0x00188a40	CONDITIONAL_JUMP	0
0x00188a2e	0x001e18a0	READ	1
0x00188a35	0xStack[-0x20]	READ	1
0x00188a38	0x00188b2e	UNCONDITIONAL_JUMP	0
0x00188a40	0x001e1892	READ	1
0x00188a47	0xStack[-0x20]	READ	1
0x00188a4a	0x00188b2e	UNCONDITIONAL_JUMP	0
0x00188a50	0x001f74dc	READ	1
0x00188a5a	0x00188b36	CONDITIONAL_JUMP	0
0x00188a63	0x001f74f0	DATA	1
0x00188a6f	0x001f74f0	DATA	0
0x00188a7f	0xStack[-0x24]	WRITE	0
0x00188a8b	0x001f74e0	DATA	1
0x00188a94	0xStack[-0x28]	WRITE	0
0x00188a97	0x001f74e0	DATA	0
0x00188a9f	0x0018d1e4	UNCONDITIONAL_CALL	0
0x00188aa9	0x00188ab4	CONDITIONAL_JUMP	0
0x00188aab	0x001e18a0	READ	1
0x00188ab2	0x00188abb	UNCONDITIONAL_JUMP	0
0x00188ab4	0x001e1892	READ	1
0x00188abb	0xStack[-0x28]	READ	1
0x00188abf	0x001e75ec	READ_WRITE	0
0x00188ac8	0x0018d1e4	UNCONDITIONAL_CALL	0
0x00188ad3	0x00188ae0	CONDITIONAL_JUMP	0
0x00188ad5	0x001e1898	READ	1
0x00188adc	0x00188ae7	UNCONDITIONAL_JUMP	0
0x00188ae0	0x001e18a6	READ	1
0x00188ae7	0xStack[-0x24]	READ	1
0x00188aeb	0x001e75ec	READ_WRITE	0
0x00188afb	0x001f74e0	DATA	1
0x00188b03	0xStack[-0x2c]	WRITE	0
0x00188b06	0x001f74e0	DATA	0
0x00188b0e	0x0018d1e4	UNCONDITIONAL_CALL	0
0x00188b18	0x00188b24	CONDITIONAL_JUMP	0
0x00188b1a	0x001e18a0	READ	1
0x00188b21	0x00188b2b	UNCONDITIONAL_JUMP	0
0x00188b24	0x001e1892	READ	1
0x00188b2b	0xStack[-0x2c]	READ	1
0x00188b2f	0x001e75ec	READ_WRITE	0
0x00188b36	0xStack[-0x8]	READ	1
0x00188b39	0x001f74f1	DATA	1
0x00188b49	0x00188b53	CONDITIONAL_JUMP	0
0x00188b5c	0x001f74e0	DATA	1
0x00188b64	0xStack[-0x30]	WRITE	0
0x00188b67	0x001f74e0	DATA	0
0x00188b6f	0x0018d1e4	UNCONDITIONAL_CALL	0
0x00188b79	0x00188b84	CONDITIONAL_JUMP	0
0x00188b7b	0x001e18a0	READ	1
0x00188b82	0x00188b8b	UNCONDITIONAL_JUMP	0
0x00188b84	0x001e1892	READ	1
0x00188b8b	0xStack[-0x30]	READ	1
0x00188b8f	0x001e75ec	READ_WRITE	0
0x00188b98	0x0018d1e4	UNCONDITIONAL_CALL	0
0x00188ba3	0x00188bb0	CONDITIONAL_JUMP	0
0x00188ba5	0x001e189a	READ	1
0x00188bac	0x00188bb7	UNCONDITIONAL_JUMP	0
0x00188bb0	0x001e18a8	READ	1
0x00188bba	0x001e75ec	READ_WRITE	0
0x00188bc3	0x0018d1e4	UNCONDITIONAL_CALL	0
0x00188bd1	0xStack[-0x50]	WRITE	0
0x00188bd4	0x001e1842	DATA	1
0x00188bdf	0x001e75ec	READ_WRITE	0
0x00188be8	0x0018d1e4	UNCONDITIONAL_CALL	0
0x00188bf2	0x001e1842	DATA	1
0x00188bff	0x001e75ec	READ_WRITE	0
0x00188c08	0x0018d1e4	UNCONDITIONAL_CALL	0
0x00188c12	0x001e1844	DATA	1
0x00188c1f	0x001e75ec	READ_WRITE	0
0x00188c26	0x001946e0	UNCONDITIONAL_CALL	0
0x00188c2f	0x00188c4f	CONDITIONAL_JUMP	0
0x00188c33	0x0018d1e4	UNCONDITIONAL_CALL	0
0x00188c3d	0x001e1846	DATA	1
0x00188c48	0x001e75ec	READ_WRITE	0
0x00188c58	0x001f74e0	DATA	1
0x00188c60	0xStack[-0x34]	WRITE	0
0x00188c63	0x001f74e0	DATA	0
0x00188c6b	0x0018d1e4	UNCONDITIONAL_CALL	0
0x00188c75	0x00188c80	CONDITIONAL_JUMP	0
0x00188c77	0x001e18a0	READ	1
0x00188c7e	0x00188c87	UNCONDITIONAL_JUMP	0
0x00188c80	0x001e1892	READ	1
0x00188c87	0xStack[-0x34]	READ	1
0x00188c8b	0x001e75ec	READ_WRITE	0
0x00188c92	0xStack[0x8]	READ	1
0x00188c98	0x001f74f1	DATA	1
0x00188ca2	0xStack[-0x4c]	WRITE	0
0x00188cad	0x00188cb8	CONDITIONAL_JUMP	0
0x00188cb6	0x00188cbb	UNCONDITIONAL_JUMP	0
0x00188cc4	0x001f74e0	DATA	1
0x00188ccd	0xStack[-0x38]	WRITE	0
0x00188cd0	0x001f74e0	DATA	0
0x00188cd8	0x0018d1e4	UNCONDITIONAL_CALL	0
0x00188ce2	0x00188cf0	CONDITIONAL_JUMP	0
0x00188ce4	0x001e18a0	READ	1
0x00188ceb	0x00188cf7	UNCONDITIONAL_JUMP	0
0x00188cf0	0x001e1892	READ	1
0x00188cf7	0xStack[-0x38]	READ	1
0x00188cfb	0x001e75ec	READ_WRITE	0
0x00188d04	0x0018d1e4	UNCONDITIONAL_CALL	0
0x00188d0f	0x00188d1c	CONDITIONAL_JUMP	0
0x00188d11	0x001e189a	READ	1
0x00188d18	0x00188d23	UNCONDITIONAL_JUMP	0
0x00188d1c	0x001e18a8	READ	1
0x00188d26	0x001e75ec	READ_WRITE	0
0x00188d2f	0x0018d1e4	UNCONDITIONAL_CALL	0
0x00188d3d	0xStack[-0x54]	WRITE	0
0x00188d40	0x001e1848	DATA	1
0x00188d4b	0x001e75ec	READ_WRITE	0
0x00188d54	0x0018d1e4	UNCONDITIONAL_CALL	0
0x00188d5e	0x001e1848	DATA	1
0x00188d6b	0x001e75ec	READ_WRITE	0
0x00188d72	0x001946e0	UNCONDITIONAL_CALL	0
0x00188d7b	0x00188d9b	CONDITIONAL_JUMP	0
0x00188d7f	0x0018d1e4	UNCONDITIONAL_CALL	0
0x00188d89	0x001e184a	DATA	1
0x00188d94	0x001e75ec	READ_WRITE	0
0x00188da4	0x001f74e0	DATA	1
0x00188dac	0xStack[-0x3c]	WRITE	0
0x00188daf	0x001f74e0	DATA	0
0x00188db7	0x0018d1e4	UNCONDITIONAL_CALL	0
0x00188dc1	0x00188dcc	CONDITIONAL_JUMP	0
0x00188dc3	0x001e18a0	READ	1
0x00188dca	0x00188dd3	UNCONDITIONAL_JUMP	0
0x00188dcc	0x001e1892	READ	1
0x00188dd3	0xStack[-0x3c]	READ	1
0x00188dd7	0x001e75ec	READ_WRITE	0
0x00188de1	0x00188df4	CONDITIONAL_JUMP	0
0x00188dec	0x001f7500	READ_WRITE	0
0x00188df2	0x00188e04	UNCONDITIONAL_JUMP	0
0x00188dfe	0x001f7504	READ_WRITE	0
0x00188e04	0x001f74dc	READ	1
0x00188e0e	0x00188eca	CONDITIONAL_JUMP	0
0x00188e18	0xStack[-0x40]	WRITE	0
0x00188e24	0x001f74e0	DATA	1
0x00188e2c	0xStack[-0x44]	WRITE	0
0x00188e2f	0x001f74e0	DATA	0
0x00188e37	0x0018d1e4	UNCONDITIONAL_CALL	0
0x00188e41	0x00188e4c	CONDITIONAL_JUMP	0
0x00188e43	0x001e18a0	READ	1
0x00188e4a	0x00188e53	UNCONDITIONAL_JUMP	0
0x00188e4c	0x001e1892	READ	1
0x00188e53	0xStack[-0x44]	READ	1
0x00188e57	0x001e75ec	READ_WRITE	0
0x00188e60	0x0018d1e4	UNCONDITIONAL_CALL	0
0x00188e6b	0x00188e78	CONDITIONAL_JUMP	0
0x00188e6d	0x001e1896	READ	1
0x00188e74	0x00188e7f	UNCONDITIONAL_JUMP	0
0x00188e78	0x001e18a4	READ	1
0x00188e7f	0xStack[-0x40]	READ	1
0x00188e83	0x001e75ec	READ_WRITE	0
0x00188e93	0x001f74e0	DATA	1
0x00188e9b	0xStack[-0x48]	WRITE	0
0x00188e9e	0x001f74e0	DATA	0
0x00188ea6	0x0018d1e4	UNCONDITIONAL_CALL	0
0x00188ead	0x00188eb8	CONDITIONAL_JUMP	0
0x00188eaf	0x001e18a0	READ	1
0x00188eb6	0x00188ebf	UNCONDITIONAL_JUMP	0
0x00188eb8	0x001e1892	READ	1
0x00188ebf	0xStack[-0x48]	READ	1
0x00188ec3	0x001e75ec	READ_WRITE	0
0x00188ecf	0xStack[-0x60]	DATA	0
0x00188ee2	0xStack[0x4]	READ	1
0x00188ee5	0xStack[0x8]	READ	1
0x00188ef0	0x00188f34	CONDITIONAL_JUMP	0
0x00188ef8	0x00188f34	CONDITIONAL_JUMP	0
0x00188efc	0x00188f34	CONDITIONAL_JUMP	0
0x00188f03	0x0018980c	UNCONDITIONAL_CALL	0
0x00188f0d	0x00188f14	CONDITIONAL_JUMP	0
0x00188f11	0x00188f41	UNCONDITIONAL_JUMP	0
0x00188f21	0x00188f30	CONDITIONAL_JUMP	0
0x00188f2b	0x001013cc	UNCONDITIONAL_CALL	0
0x00188f32	0x00188f38	UNCONDITIONAL_JUMP	0
0x00188f41	0xStack[-0x10]	DATA	0
0x00188f51	0xStack[0x4]	READ	1
0x00188f59	0x00188f83	CONDITIONAL_JUMP	0
0x00188f5d	0x00188f7f	CONDITIONAL_JUMP	0
0x00188f67	0x00188f79	CONDITIONAL_JUMP	0
0x00188f71	0x001013cc	UNCONDITIONAL_CALL	0
0x00188f7a	0x0018987c	UNCONDITIONAL_CALL	0
0x00188f83	0xStack[-0xc]	DATA	0
0x00188f90	0xStack[0x4]	READ	1
0x00188f98	0x00188fab	CONDITIONAL_JUMP	0
0x00188f9c	0x00188fa7	CONDITIONAL_JUMP	0
0x00188fa2	0x0018987c	UNCONDITIONAL_CALL	0
0x00188fab	0xStack[-0x8]	READ	1
0x00188fbc	0xStack[0x4]	READ	1
0x00188fbf	0x001f74dc	READ	1
0x00188fc9	0x001890aa	CONDITIONAL_JUMP	0
0x00188fd2	0x001f74f0	DATA	1
0x00188fd7	0xStack[0x8]	READ	1
0x00188fe0	0x001f74f1	DATA	1
0x00188fe8	0x001f74f1	DATA	0
0x00188ff5	0xStack[-0x8]	WRITE	0
0x00189001	0x001f74e0	DATA	1
0x00189009	0xStack[-0xc]	WRITE	0
0x0018900c	0x001f74e0	DATA	0
0x00189014	0x0018d1e4	UNCONDITIONAL_CALL	0
0x0018901e	0x0018902c	CONDITIONAL_JUMP	0
0x00189020	0x001e18a0	READ	1
0x00189027	0x00189033	UNCONDITIONAL_JUMP	0
0x0018902c	0x001e1892	READ	1
0x00189033	0xStack[-0xc]	READ	1
0x00189037	0x001e75ec	READ_WRITE	0
0x00189040	0x0018d1e4	UNCONDITIONAL_CALL	0
0x0018904b	0x00189058	CONDITIONAL_JUMP	0
0x0018904d	0x001e189e	READ	1
0x00189054	0x0018905f	UNCONDITIONAL_JUMP	0
0x00189058	0x001e18ac	READ	1
0x0018905f	0xStack[-0x8]	READ	1
0x00189063	0x001e75ec	READ_WRITE	0
0x00189073	0x001f74e0	DATA	1
0x0018907b	0xStack[-0x10]	WRITE	0
0x0018907e	0x001f74e0	DATA	0
0x00189086	0x0018d1e4	UNCONDITIONAL_CALL	0
0x0018908d	0x00189098	CONDITIONAL_JUMP	0
0x0018908f	0x001e18a0	READ	1
0x00189096	0x0018909f	UNCONDITIONAL_JUMP	0
0x00189098	0x001e1892	READ	1
0x0018909f	0xStack[-0x10]	READ	1
0x001890a3	0x001e75ec	READ_WRITE	0
0x001890aa	0xStack[-0x1c]	DATA	0
0x001890b7	0xStack[0x4]	READ	1
0x001890ba	0x001f74dc	READ	1
0x001890c4	0x001890d8	CONDITIONAL_JUMP	0
0x001890c6	0x001f74f1	DATA	1
0x001890ec	0xStack[0x4]	READ	1
0x001890ef	0x001f74dc	READ	1
0x001890f9	0x001891da	CONDITIONAL_JUMP	0
0x00189102	0x001f74f0	DATA	1
0x00189107	0xStack[0x8]	READ	1
0x00189110	0x001f74f1	DATA	1
0x00189118	0x001f74f1	DATA	0
0x00189125	0xStack[-0x8]	WRITE	0
0x00189131	0x001f74e0	DATA	1
0x00189139	0xStack[-0xc]	WRITE	0
0x0018913c	0x001f74e0	DATA	0
0x00189144	0x0018d1e4	UNCONDITIONAL_CALL	0
0x0018914e	0x0018915c	CONDITIONAL_JUMP	0
0x00189150	0x001e18a0	READ	1
0x00189157	0x00189163	UNCONDITIONAL_JUMP	0
0x0018915c	0x001e1892	READ	1
0x00189163	0xStack[-0xc]	READ	1
0x00189167	0x001e75ec	READ_WRITE	0
0x00189170	0x0018d1e4	UNCONDITIONAL_CALL	0
0x0018917b	0x00189188	CONDITIONAL_JUMP	0
0x0018917d	0x001e189e	READ	1
0x00189184	0x0018918f	UNCONDITIONAL_JUMP	0
0x00189188	0x001e18ac	READ	1
0x0018918f	0xStack[-0x8]	READ	1
0x00189193	0x001e75ec	READ_WRITE	0
0x001891a3	0x001f74e0	DATA	1
0x001891ab	0xStack[-0x10]	WRITE	0
0x001891ae	0x001f74e0	DATA	0
0x001891b6	0x0018d1e4	UNCONDITIONAL_CALL	0
0x001891bd	0x001891c8	CONDITIONAL_JUMP	0
0x001891bf	0x001e18a0	READ	1
0x001891c6	0x001891cf	UNCONDITIONAL_JUMP	0
0x001891c8	0x001e1892	READ	1
0x001891cf	0xStack[-0x10]	READ	1
0x001891d3	0x001e75ec	READ_WRITE	0
0x001891da	0xStack[-0x1c]	DATA	0
0x001891ec	0xStack[0x4]	READ	1
0x001891ef	0x001f74dc	READ	1
0x001891f9	0x001892da	CONDITIONAL_JUMP	0
0x00189202	0x001f74f0	DATA	1
0x00189207	0xStack[0x8]	READ	1
0x00189210	0x001f74f1	DATA	1
0x00189218	0x001f74f1	DATA	0
0x00189225	0xStack[-0x8]	WRITE	0
0x00189231	0x001f74e0	DATA	1
0x00189239	0xStack[-0xc]	WRITE	0
0x0018923c	0x001f74e0	DATA	0
0x00189244	0x0018d1e4	UNCONDITIONAL_CALL	0
0x0018924e	0x0018925c	CONDITIONAL_JUMP	0
0x00189250	0x001e18a0	READ	1
0x00189257	0x00189263	UNCONDITIONAL_JUMP	0
0x0018925c	0x001e1892	READ	1
0x00189263	0xStack[-0xc]	READ	1
0x00189267	0x001e75ec	READ_WRITE	0
0x00189270	0x0018d1e4	UNCONDITIONAL_CALL	0
0x0018927b	0x00189288	CONDITIONAL_JUMP	0
0x0018927d	0x001e189e	READ	1
0x00189284	0x0018928f	UNCONDITIONAL_JUMP	0
0x00189288	0x001e18ac	READ	1
0x0018928f	0xStack[-0x8]	READ	1
0x00189293	0x001e75ec	READ_WRITE	0
0x001892a3	0x001f74e0	DATA	1
0x001892ab	0xStack[-0x10]	WRITE	0
0x001892ae	0x001f74e0	DATA	0
0x001892b6	0x0018d1e4	UNCONDITIONAL_CALL	0
0x001892bd	0x001892c8	CONDITIONAL_JUMP	0
0x001892bf	0x001e18a0	READ	1
0x001892c6	0x001892cf	UNCONDITIONAL_JUMP	0
0x001892c8	0x001e1892	READ	1
0x001892cf	0xStack[-0x10]	READ	1
0x001892d3	0x001e75ec	READ_WRITE	0
0x001892da	0xStack[-0x1c]	DATA	0
0x001892ec	0xStack[0x4]	READ	1
0x001892ef	0x001f74dc	READ	1
0x001892f9	0x001893d6	CONDITIONAL_JUMP	0
0x00189302	0x001f74f0	DATA	1
0x00189307	0xStack[0x8]	READ	1
0x0018930d	0x001f74f1	DATA	1
0x00189315	0x001f74f1	DATA	0
0x00189322	0xStack[-0x8]	WRITE	0
0x0018932e	0x001f74e0	DATA	1
0x00189336	0xStack[-0xc]	WRITE	0
0x00189339	0x001f74e0	DATA	0
0x00189341	0x0018d1e4	UNCONDITIONAL_CALL	0
0x0018934b	0x00189358	CONDITIONAL_JUMP	0
0x0018934d	0x001e18a0	READ	1
0x00189354	0x0018935f	UNCONDITIONAL_JUMP	0
0x00189358	0x001e1892	READ	1
0x0018935f	0xStack[-0xc]	READ	1
0x00189363	0x001e75ec	READ_WRITE	0
0x0018936c	0x0018d1e4	UNCONDITIONAL_CALL	0
0x00189377	0x00189384	CONDITIONAL_JUMP	0
0x00189379	0x001e189e	READ	1
0x00189380	0x0018938b	UNCONDITIONAL_JUMP	0
0x00189384	0x001e18ac	READ	1
0x0018938b	0xStack[-0x8]	READ	1
0x0018938f	0x001e75ec	READ_WRITE	0
0x0018939f	0x001f74e0	DATA	1
0x001893a7	0xStack[-0x10]	WRITE	0
0x001893aa	0x001f74e0	DATA	0
0x001893b2	0x0018d1e4	UNCONDITIONAL_CALL	0
0x001893b9	0x001893c4	CONDITIONAL_JUMP	0
0x001893bb	0x001e18a0	READ	1
0x001893c2	0x001893cb	UNCONDITIONAL_JUMP	0
0x001893c4	0x001e1892	READ	1
0x001893cb	0xStack[-0x10]	READ	1
0x001893cf	0x001e75ec	READ_WRITE	0
0x001893d6	0xStack[-0x1c]	DATA	0
0x001893e4	0xStack[0x4]	READ	1
0x001893e9	0x0018d1e4	UNCONDITIONAL_CALL	0
0x001893f1	0x001893fc	CONDITIONAL_JUMP	0
0x001893f3	0x001e1892	READ	1
0x001893fa	0x00189403	UNCONDITIONAL_JUMP	0
0x001893fc	0x001e18a0	READ	1
0x00189407	0x0018941c	CONDITIONAL_JUMP	0
0x0018940f	0x001f7504	READ	1
0x00189415	0x001f7504	WRITE	0
0x0018941a	0x0018942a	UNCONDITIONAL_JUMP	0
0x0018941f	0x001f7500	READ	1
0x00189425	0x001f7500	WRITE	0
0x00189435	0xStack[-0x8]	READ	1
0x00189445	0xStack[0x4]	READ	1
0x00189453	0x001f74e0	DATA	1
0x0018945b	0xStack[-0x8]	WRITE	0
0x0018945e	0x001f74e0	DATA	0
0x00189466	0x0018d1e4	UNCONDITIONAL_CALL	0
0x00189470	0x0018947c	CONDITIONAL_JUMP	0
0x00189472	0x001e18a0	READ	1
0x00189479	0x00189483	UNCONDITIONAL_JUMP	0
0x0018947c	0x001e1892	READ	1
0x00189483	0xStack[-0x8]	READ	1
0x00189487	0x001e75ec	READ_WRITE	0
0x00189490	0x0018d1e4	UNCONDITIONAL_CALL	0
0x0018949b	0x001894a8	CONDITIONAL_JUMP	0
0x0018949d	0x001e189a	READ	1
0x001894a4	0x001894af	UNCONDITIONAL_JUMP	0
0x001894a8	0x001e18a8	READ	1
0x001894b2	0x001e75ec	READ_WRITE	0
0x001894bb	0x0018d1e4	UNCONDITIONAL_CALL	0
0x001894c7	0x001e1842	DATA	1
0x001894dc	0x0018d1e4	UNCONDITIONAL_CALL	0
0x001894e1	0x001e1842	DATA	1
0x00189503	0x0018d1e4	UNCONDITIONAL_CALL	0
0x00189508	0x001e1844	DATA	1
0x00189528	0x001946e0	UNCONDITIONAL_CALL	0
0x00189531	0x00189550	CONDITIONAL_JUMP	0
0x00189535	0x0018d1e4	UNCONDITIONAL_CALL	0
0x0018953a	0x001e1846	DATA	1
0x00189559	0x001f74e0	DATA	1
0x00189561	0xStack[-0xc]	WRITE	0
0x00189564	0x001f74e0	DATA	0
0x0018956c	0x0018d1e4	UNCONDITIONAL_CALL	0
0x00189573	0x00189580	CONDITIONAL_JUMP	0
0x00189575	0x001e18a0	READ	1
0x0018957c	0x00189587	UNCONDITIONAL_JUMP	0
0x00189580	0x001e1892	READ	1
0x00189587	0xStack[-0xc]	READ	1
0x0018958b	0x001e75ec	READ_WRITE	0
0x00189592	0x001f74f1	DATA	1
0x001895a2	0x001895ac	CONDITIONAL_JUMP	0
0x001895ae	0xStack[-0x20]	DATA	0
0x001895c1	0xStack[0x4]	READ	0
0x001895cb	0x001f74e0	DATA	1
0x001895d4	0xStack[-0x8]	WRITE	0
0x001895d7	0x001f74e0	DATA	0
0x001895df	0x0018d1e4	UNCONDITIONAL_CALL	0
0x001895e9	0x001895f4	CONDITIONAL_JUMP	0
0x001895eb	0x001e18a0	READ	1
0x001895f2	0x001895fb	UNCONDITIONAL_JUMP	0
0x001895f4	0x001e1892	READ	1
0x001895fb	0xStack[-0x8]	READ	1
0x001895ff	0x001e75ec	READ_WRITE	0
0x0018960a	0x0018d1e4	UNCONDITIONAL_CALL	0
0x00189612	0xStack[0x4]	READ	0
0x00189616	0x00189624	CONDITIONAL_JUMP	0
0x00189618	0x001e189a	READ	1
0x0018961f	0x0018962b	UNCONDITIONAL_JUMP	0
0x00189624	0x001e18a8	READ	1
0x0018962e	0x001e75ec	READ_WRITE	0
0x00189637	0x0018d1e4	UNCONDITIONAL_CALL	0
0x0018963c	0xStack[0x4]	READ	1
0x00189642	0xStack[0x4]	READ	1
0x00189647	0x001e1842	DATA	1
0x0018964c	0x001e1848	DATA	1
0x0018965f	0x0018d1e4	UNCONDITIONAL_CALL	0
0x00189664	0x001e1848	DATA	1
0x00189682	0x001946e0	UNCONDITIONAL_CALL	0
0x0018968b	0x001896e4	CONDITIONAL_JUMP	0
0x0018968d	0x001e184a	DATA	1
0x001896a8	0xStack[0x4]	READ	0
0x001896b2	0x001f74e0	DATA	1
0x001896bb	0xStack[-0xc]	WRITE	0
0x001896be	0x001f74e0	DATA	0
0x001896c6	0x0018d1e4	UNCONDITIONAL_CALL	0
0x001896cd	0x001896d8	CONDITIONAL_JUMP	0
0x001896cf	0x001e18a0	READ	1
0x001896d6	0x001896df	UNCONDITIONAL_JUMP	0
0x001896d8	0x001e1892	READ	1
0x001896df	0xStack[-0xc]	READ	1
0x001896e2	0x0018971e	UNCONDITIONAL_JUMP	0
0x001896e4	0xStack[0x4]	READ	0
0x001896ee	0x001f74e0	DATA	1
0x001896f6	0xStack[-0x10]	WRITE	0
0x001896f9	0x001f74e0	DATA	0
0x00189701	0x0018d1e4	UNCONDITIONAL_CALL	0
0x00189708	0x00189714	CONDITIONAL_JUMP	0
0x0018970a	0x001e18a0	READ	1
0x00189711	0x0018971b	UNCONDITIONAL_JUMP	0
0x00189714	0x001e1892	READ	1
0x0018971b	0xStack[-0x10]	READ	1
0x0018971f	0x001e75ec	READ_WRITE	0
0x00189726	0xStack[0x4]	READ	1
0x00189729	0x001f74f1	DATA	1
0x00189733	0xStack[-0x18]	WRITE	0
0x0018973b	0xStack[-0x24]	DATA	0
0x00189758	0x001e0d0c	READ	0
0x0018976e	0x001f7520	WRITE	0
0x0018976e	0x001898bc	DATA	1
0x00189778	0x001f7510	WRITE	0
0x00189778	0x001898ec	DATA	1
0x00189784	0x001e0d0c	READ	1
0x0018978b	0xStack[-0xc]	DATA	0
0x0018978f	0x0018980c	UNCONDITIONAL_CALL	0
0x0018979a	0x001897c4	CONDITIONAL_JUMP	0
0x0018979c	0xStack[-0xc]	READ	1
0x0018979f	0xStack[-0x8]	READ	1
0x001897ae	0x001897c4	CONDITIONAL_JUMP	0
0x001897b0	0xStack[-0xc]	READ	1
0x001897b3	0x001e0d0c	READ	1
0x001897c2	0x00189784	CONDITIONAL_JUMP	0
0x001897c6	0x001897e4	CONDITIONAL_JUMP	0
0x001897d8	0x0018987c	UNCONDITIONAL_CALL	0
0x001897e2	0x001897d0	CONDITIONAL_JUMP	0
0x001897e9	0xStack[-0xc]	DATA	0
0x001897ed	0x0018980c	UNCONDITIONAL_CALL	0
0x001897f8	0x00189800	CONDITIONAL_JUMP	0
0x001897fb	0x0018987c	UNCONDITIONAL_CALL	0
0x00189800	0xStack[-0x18]	DATA	0
0x00189812	0xStack[0x8]	READ	1
0x0018981a	0x00189870	CONDITIONAL_JUMP	0
0x0018981c	0x001f7520	DATA	1
0x00189821	0x001e0d0c	READ	0
0x00189827	0x0018982e	CONDITIONAL_JUMP	0
0x00189829	0x001f7510	DATA	1
0x0018982e	0x0018bcc8	UNCONDITIONAL_CALL	0
0x00189835	0x001f7514	READ	1
0x00189835	0x001f7524	READ	1
0x0018983a	0x00189848	CONDITIONAL_JUMP	0
0x0018983e	0x001f7514	WRITE	0
0x0018983e	0x001f7524	WRITE	0
0x00189841	0x001f7518	READ_WRITE	0
0x00189841	0x001f7528	READ_WRITE	0
0x00189844	0x00189855	UNCONDITIONAL_JUMP	0
0x00189848	0x001f7510	READ	1
0x00189850	0x00189855	CONDITIONAL_JUMP	0
0x00189852	0x001f751c	READ_WRITE	0
0x00189856	0x0018b544	UNCONDITIONAL_CALL	0
0x0018985d	0x00189870	CONDITIONAL_JUMP	0
0x0018985f	0xStack[0x4]	READ	1
0x00189864	0x001f7510	DATA	1
0x0018986c	0x00189872	UNCONDITIONAL_JUMP	0
0x00189872	0xStack[-0x10]	DATA	0
0x00189882	0xStack[0x4]	READ	1
0x00189889	0x001898b1	CONDITIONAL_JUMP	0
0x0018988e	0x0018bcc8	UNCONDITIONAL_CALL	0
0x0018989f	0x0018b544	UNCONDITIONAL_CALL	0
0x001898b1	0xStack[-0x10]	DATA	0
0x001898c0	0x001e0d0c	READ	1
0x001898c8	0x0018ad9c	UNCONDITIONAL_CALL	0
0x001898d4	0x001898e3	CONDITIONAL_JUMP	0
0x001898d6	0x001e0d0c	READ	1
0x001898de	0x00101600	UNCONDITIONAL_CALL	0
0x001898e5	0xStack[-0x8]	READ	1
0x001898fa	0x0018ad9c	UNCONDITIONAL_CALL	0
0x00189906	0x00189913	CONDITIONAL_JUMP	0
0x0018990e	0x00101600	UNCONDITIONAL_CALL	0
0x00189915	0xStack[-0x8]	READ	1
0x0018991f	0x0019141c	UNCONDITIONAL_CALL	0
0x00189927	0x001f79ac	WRITE	0
0x0018992c	0x001f7994	WRITE	0
0x0018992c	0x001f7930	DATA	1
0x00189936	0x001f7998	WRITE	0
0x0018993f	0x001f79cc	WRITE	0
0x0018993f	0x001f7930	DATA	1
0x00189949	0x001f79c8	WRITE	0
0x00189949	0x001f7930	DATA	1
0x00189953	0x001f79e0	WRITE	0
0x0018995c	0x001f79b0	WRITE	0
0x0018995c	0x00186efc	DATA	1
0x00189966	0x001f79dc	WRITE	0
0x0018996f	0x001f79e4	WRITE	0
0x00189978	0x001f79d8	WRITE	0
0x00189981	0x001f79f6	WRITE	0
0x0018998a	0x001e19b0	READ	1
0x00189994	0x001e1922	WRITE	0
0x0018999b	0x001e1924	WRITE	0
0x001899a6	0x001e1927	WRITE	0
0x001899a9	0x001e1925	WRITE	0
0x001899ad	0x001e1926	READ_WRITE	0
0x001899b1	0x001e1920	WRITE	0
0x001899b7	0x001e1926	READ_WRITE	0
0x001899bb	0x001e2204	READ	1
0x001899bb	0x001e1a04	DATA	0
0x001899c0	0x001e1a46	WRITE	0
0x001899c6	0x001e1a49	WRITE	0
0x001899d6	0xStack[0x4]	READ	1
0x001899d9	0x001f7930	DATA	1
0x001899de	0x001e8b54	READ	1
0x001899e8	0x001f7960	WRITE	0
0x001899ef	0x001f7964	WRITE	0
0x001899f5	0x001f7968	WRITE	0
0x001899fc	0x001f796c	WRITE	0
0x00189a03	0x001f7970	WRITE	0
0x00189a09	0x001f795c	WRITE	0
0x00189a0f	0x001f7958	WRITE	0
0x00189a15	0x001f7954	WRITE	0
0x00189a1b	0x001f7950	WRITE	0
0x00189a21	0x001f7948	WRITE	0
0x00189a27	0x001f7944	WRITE	0
0x00189a2d	0x001f7940	WRITE	0
0x00189a34	0x001f793c	WRITE	0
0x00189a3c	0x001f7938	WRITE	0
0x00189a44	0x001f7934	WRITE	0
0x00189a4c	0x001f7930	WRITE	0
0x00189a4f	0x001f7930	DATA	0
0x00189a50	0x001920f4	UNCONDITIONAL_CALL	0
0x00189a58	0x001899e8	UNCONDITIONAL_JUMP	0
0x00189a62	0xStack[0xc]	READ	1
0x00189a65	0x001e8b54	READ	1
0x00189a6a	0x00189b18	DATA	1
0x00189a74	0x00189a88	CONDITIONAL_JUMP	0
0x00189a78	0xStack[0x8]	READ	1
0x00189a7b	0xStack[0x4]	READ	1
0x00189a83	0x00189b29	UNCONDITIONAL_JUMP	0
0x00189a88	0xStack[0x4]	READ	1
0x00189a8e	0x00189aaa	CONDITIONAL_JUMP	0
0x00189a99	0xStack[0x8]	READ	1
0x00189a9c	0xStack[0x4]	READ	1
0x00189aa4	0xStack[0x8]	READ_WRITE	0
0x00189aa7	0xStack[0x4]	READ_WRITE	0
0x00189ab1	0xStack[0x8]	READ	1
0x00189ab4	0xStack[0x4]	READ	1
0x00189abf	0x00189b08	CONDITIONAL_JUMP	0
0x00189ac5	0xStack[0x4]	READ_WRITE	0
0x00189ac8	0xStack[0x8]	READ_WRITE	0
0x00189ace	0x00189af0	CONDITIONAL_JUMP	0
0x00189ad0	0x00189adc	CONDITIONAL_JUMP	0
0x00189ad5	0x00189afd	CONDITIONAL_JUMP	0
0x00189ad7	0x00189b08	UNCONDITIONAL_JUMP	0
0x00189adf	0x00189b08	CONDITIONAL_JUMP	0
0x00189ae1	0xStack[0x4]	READ	1
0x00189aea	0xStack[0x8]	READ	1
0x00189af0	0xStack[0x4]	READ	1
0x00189af7	0xStack[0x8]	READ	1
0x00189afd	0xStack[0x4]	READ	1
0x00189b03	0xStack[0x8]	READ	1
0x00189b08	0x001e8b54	READ	1
0x00189b16	0x00189b29	UNCONDITIONAL_JUMP	0
0x00189b29	0xStack[-0x10]	DATA	0
0x00189b3d	0xStack[0x4]	READ	1
0x00189b40	0xStack[-0x8]	WRITE	0
0x00189b43	0xStack[0x8]	READ	1
0x00189b46	0xStack[-0xc]	WRITE	0
0x00189b49	0xStack[0xc]	READ	1
0x00189b4c	0x001e8b54	READ	1
0x00189b51	0x00189c00	DATA	1
0x00189b5b	0x00189b70	CONDITIONAL_JUMP	0
0x00189b5f	0xStack[-0xc]	READ	1
0x00189b62	0xStack[-0x8]	READ	1
0x00189b6a	0x00189c11	UNCONDITIONAL_JUMP	0
0x00189b70	0xStack[-0x8]	READ	1
0x00189b76	0x00189b92	CONDITIONAL_JUMP	0
0x00189b81	0xStack[-0xc]	READ	1
0x00189b84	0xStack[-0x8]	READ	1
0x00189b8c	0xStack[-0xc]	READ_WRITE	0
0x00189b8f	0xStack[-0x8]	READ_WRITE	0
0x00189b99	0xStack[-0xc]	READ	1
0x00189b9c	0xStack[-0x8]	READ	1
0x00189ba7	0x00189bf0	CONDITIONAL_JUMP	0
0x00189bad	0xStack[-0x8]	READ_WRITE	0
0x00189bb0	0xStack[-0xc]	READ_WRITE	0
0x00189bb6	0x00189bd8	CONDITIONAL_JUMP	0
0x00189bb8	0x00189bc4	CONDITIONAL_JUMP	0
0x00189bbd	0x00189be5	CONDITIONAL_JUMP	0
0x00189bbf	0x00189bf0	UNCONDITIONAL_JUMP	0
0x00189bc7	0x00189bf0	CONDITIONAL_JUMP	0
0x00189bc9	0xStack[-0x8]	READ	1
0x00189bd2	0xStack[-0xc]	READ	1
0x00189bd8	0xStack[-0x8]	READ	1
0x00189bdf	0xStack[-0xc]	READ	1
0x00189be5	0xStack[-0x8]	READ	1
0x00189beb	0xStack[-0xc]	READ	1
0x00189bf0	0x001e8b54	READ	1
0x00189bfe	0x00189c11	UNCONDITIONAL_JUMP	0
0x00189c11	0xStack[-0x18]	DATA	0
0x00189c22	0xStack[0xc]	READ	1
0x00189c25	0x001e8b54	READ	1
0x00189c2a	0x00189cd0	DATA	1
0x00189c34	0x00189c48	CONDITIONAL_JUMP	0
0x00189c38	0xStack[0x8]	READ	1
0x00189c3b	0xStack[0x4]	READ	1
0x00189c42	0x00189ce1	UNCONDITIONAL_JUMP	0
0x00189c48	0xStack[0x4]	READ	1
0x00189c4e	0x00189c69	CONDITIONAL_JUMP	0
0x00189c59	0xStack[0x8]	READ	1
0x00189c5c	0xStack[0x4]	READ	1
0x00189c63	0xStack[0x8]	READ_WRITE	0
0x00189c66	0xStack[0x4]	READ_WRITE	0
0x00189c70	0xStack[0x8]	READ	1
0x00189c73	0xStack[0x4]	READ	1
0x00189c7d	0x00189cbf	CONDITIONAL_JUMP	0
0x00189c83	0xStack[0x4]	READ_WRITE	0
0x00189c86	0xStack[0x8]	READ_WRITE	0
0x00189c8c	0x00189ca9	CONDITIONAL_JUMP	0
0x00189c8e	0x00189c98	CONDITIONAL_JUMP	0
0x00189c93	0x00189cb5	CONDITIONAL_JUMP	0
0x00189c95	0x00189cbf	UNCONDITIONAL_JUMP	0
0x00189c9b	0x00189cbf	CONDITIONAL_JUMP	0
0x00189c9d	0xStack[0x4]	READ	1
0x00189ca3	0xStack[0x8]	READ	1
0x00189ca9	0xStack[0x4]	READ	1
0x00189caf	0xStack[0x8]	READ	1
0x00189cb5	0xStack[0x4]	READ	1
0x00189cba	0xStack[0x8]	READ	1
0x00189cbf	0x001e8b54	READ	1
0x00189ccd	0x00189ce1	UNCONDITIONAL_JUMP	0
0x00189ce1	0xStack[-0x10]	DATA	0
0x00189cf5	0xStack[0x4]	READ	1
0x00189cf8	0xStack[0xc]	READ	1
0x00189cfb	0xStack[-0x8]	WRITE	0
0x00189cfe	0x001e8b54	READ	1
0x00189d03	0x00189e70	DATA	1
0x00189d0d	0x00189d5c	CONDITIONAL_JUMP	0
0x00189d0f	0xStack[0x8]	READ	1
0x00189d17	0x00189d22	CONDITIONAL_JUMP	0
0x00189d22	0xStack[-0x8]	READ	1
0x00189d2b	0x00189d3a	CONDITIONAL_JUMP	0
0x00189d3a	0xStack[-0x8]	READ	1
0x00189d40	0x00189d4f	UNCONDITIONAL_JUMP	0
0x00189d53	0x00189d44	CONDITIONAL_JUMP	0
0x00189d57	0x00189e81	UNCONDITIONAL_JUMP	0
0x00189d61	0x00189dc3	CONDITIONAL_JUMP	0
0x00189d6c	0xStack[0x8]	READ	1
0x00189d6f	0xStack[-0xc]	WRITE	0
0x00189d77	0x00189d85	CONDITIONAL_JUMP	0
0x00189d7f	0xStack[-0xc]	WRITE	0
0x00189d88	0x00189d9d	CONDITIONAL_JUMP	0
0x00189d8d	0xStack[-0xc]	READ	1
0x00189d97	0xStack[-0xc]	WRITE	0
0x00189da2	0x00189db5	UNCONDITIONAL_JUMP	0
0x00189da6	0xStack[-0xc]	READ	1
0x00189daf	0xStack[-0xc]	WRITE	0
0x00189db9	0x00189da4	CONDITIONAL_JUMP	0
0x00189dbb	0xStack[-0x8]	READ_WRITE	0
0x00189dbe	0xStack[0x8]	READ_WRITE	0
0x00189dc3	0xStack[-0x8]	READ	1
0x00189dc6	0xStack[-0xc]	WRITE	0
0x00189dd2	0xStack[0x8]	READ	1
0x00189ddc	0x00189e0d	CONDITIONAL_JUMP	0
0x00189dde	0x00189de8	CONDITIONAL_JUMP	0
0x00189de2	0x00189e14	CONDITIONAL_JUMP	0
0x00189de4	0x00189e1a	UNCONDITIONAL_JUMP	0
0x00189deb	0x00189e06	CONDITIONAL_JUMP	0
0x00189df0	0x00189dff	CONDITIONAL_JUMP	0
0x00189df2	0x00189e1a	UNCONDITIONAL_JUMP	0
0x00189e14	0xStack[-0xc]	READ_WRITE	0
0x00189e18	0x00189df4	CONDITIONAL_JUMP	0
0x00189e1a	0xStack[-0x8]	READ	1
0x00189e20	0x00189e5d	CONDITIONAL_JUMP	0
0x00189e22	0xStack[-0x8]	READ	1
0x00189e29	0xStack[0x8]	READ_WRITE	0
0x00189e2f	0x00189e4b	CONDITIONAL_JUMP	0
0x00189e31	0x00189e3c	CONDITIONAL_JUMP	0
0x00189e36	0x00189e55	CONDITIONAL_JUMP	0
0x00189e38	0x00189e5d	UNCONDITIONAL_JUMP	0
0x00189e3f	0x00189e5d	CONDITIONAL_JUMP	0
0x00189e44	0xStack[0x8]	READ	1
0x00189e4e	0xStack[0x8]	READ	1
0x00189e57	0xStack[0x8]	READ	1
0x00189e5d	0x001e8b54	READ	1
0x00189e6b	0x00189e81	UNCONDITIONAL_JUMP	0
0x00189e81	0xStack[-0x18]	DATA	0
0x00189e95	0xStack[0x4]	READ	1
0x00189e98	0xStack[0x8]	READ	1
0x00189e9b	0xStack[-0x10]	WRITE	0
0x00189e9e	0xStack[0xc]	READ	1
0x00189ea1	0xStack[-0x8]	WRITE	0
0x00189ea4	0x001e8b54	READ	1
0x00189ea9	0x0018a018	DATA	1
0x00189eb3	0x00189f04	CONDITIONAL_JUMP	0
0x00189eb5	0xStack[-0x10]	READ	1
0x00189ec0	0x00189ecb	CONDITIONAL_JUMP	0
0x00189ecb	0xStack[-0x8]	READ	1
0x00189ed4	0x00189ee3	CONDITIONAL_JUMP	0
0x00189ee3	0xStack[-0x8]	READ	1
0x00189ee9	0x00189ef7	UNCONDITIONAL_JUMP	0
0x00189efb	0x00189eec	CONDITIONAL_JUMP	0
0x00189eff	0x0018a029	UNCONDITIONAL_JUMP	0
0x00189f09	0x00189f6b	CONDITIONAL_JUMP	0
0x00189f14	0xStack[-0x10]	READ	1
0x00189f17	0xStack[-0xc]	WRITE	0
0x00189f1f	0x00189f2d	CONDITIONAL_JUMP	0
0x00189f27	0xStack[-0xc]	WRITE	0
0x00189f30	0x00189f45	CONDITIONAL_JUMP	0
0x00189f35	0xStack[-0xc]	READ	1
0x00189f3f	0xStack[-0xc]	WRITE	0
0x00189f4a	0x00189f5d	UNCONDITIONAL_JUMP	0
0x00189f4e	0xStack[-0xc]	READ	1
0x00189f57	0xStack[-0xc]	WRITE	0
0x00189f61	0x00189f4c	CONDITIONAL_JUMP	0
0x00189f63	0xStack[-0x8]	READ_WRITE	0
0x00189f66	0xStack[-0x10]	READ_WRITE	0
0x00189f6b	0xStack[-0x8]	READ	1
0x00189f6e	0xStack[-0xc]	WRITE	0
0x00189f7a	0xStack[-0x10]	READ	1
0x00189f84	0x00189fb5	CONDITIONAL_JUMP	0
0x00189f86	0x00189f90	CONDITIONAL_JUMP	0
0x00189f8a	0x00189fbc	CONDITIONAL_JUMP	0
0x00189f8c	0x00189fc2	UNCONDITIONAL_JUMP	0
0x00189f93	0x00189fae	CONDITIONAL_JUMP	0
0x00189f98	0x00189fa7	CONDITIONAL_JUMP	0
0x00189f9a	0x00189fc2	UNCONDITIONAL_JUMP	0
0x00189fbc	0xStack[-0xc]	READ_WRITE	0
0x00189fc0	0x00189f9c	CONDITIONAL_JUMP	0
0x00189fc2	0xStack[-0x8]	READ	1
0x00189fc8	0x0018a005	CONDITIONAL_JUMP	0
0x00189fca	0xStack[-0x8]	READ	1
0x00189fd1	0xStack[-0x10]	READ_WRITE	0
0x00189fd7	0x00189ff3	CONDITIONAL_JUMP	0
0x00189fd9	0x00189fe4	CONDITIONAL_JUMP	0
0x00189fde	0x00189ffd	CONDITIONAL_JUMP	0
0x00189fe0	0x0018a005	UNCONDITIONAL_JUMP	0
0x00189fe7	0x0018a005	CONDITIONAL_JUMP	0
0x00189fec	0xStack[-0x10]	READ	1
0x00189ff6	0xStack[-0x10]	READ	1
0x00189fff	0xStack[-0x10]	READ	1
0x0018a005	0x001e8b54	READ	1
0x0018a013	0x0018a029	UNCONDITIONAL_JUMP	0
0x0018a029	0xStack[-0x1c]	DATA	0
0x0018a03a	0xStack[0x4]	READ	1
0x0018a03d	0xStack[0x8]	READ	1
0x0018a040	0xStack[0xc]	READ	1
0x0018a043	0xStack[0x10]	READ	1
0x0018a046	0x001e8b54	READ	1
0x0018a04b	0x0018a088	DATA	1
0x0018a057	0x0018a06d	CONDITIONAL_JUMP	0
0x0018a064	0x0018a06d	CONDITIONAL_JUMP	0
0x0018a06b	0x0018a05c	CONDITIONAL_JUMP	0
0x0018a06f	0x0018a075	CONDITIONAL_JUMP	0
0x0018a075	0x001e8b54	READ	1
0x0018a083	0x0018a099	UNCONDITIONAL_JUMP	0
0x0018a099	0xStack[-0x10]	DATA	0
0x0018a0aa	0xStack[0x4]	READ	1
0x0018a0ad	0xStack[0x8]	READ	1
0x0018a0b0	0xStack[0xc]	READ	1
0x0018a0b3	0xStack[0x10]	READ	1
0x0018a0b6	0x001e8b54	READ	1
0x0018a0bb	0x0018a0f8	DATA	1
0x0018a0c7	0x0018a0de	CONDITIONAL_JUMP	0
0x0018a0d5	0x0018a0de	CONDITIONAL_JUMP	0
0x0018a0dc	0x0018a0cc	CONDITIONAL_JUMP	0
0x0018a0e0	0x0018a0e6	CONDITIONAL_JUMP	0
0x0018a0e6	0x001e8b54	READ	1
0x0018a0f4	0x0018a109	UNCONDITIONAL_JUMP	0
0x0018a109	0xStack[-0x10]	DATA	0
0x0018a11a	0xStack[0x4]	READ	1
0x0018a11d	0xStack[0x8]	READ	1
0x0018a120	0xStack[0xc]	READ	1
0x0018a123	0xStack[0x10]	READ	1
0x0018a126	0x001e8b54	READ	1
0x0018a12b	0x0018a168	DATA	1
0x0018a137	0x0018a14e	CONDITIONAL_JUMP	0
0x0018a145	0x0018a14e	CONDITIONAL_JUMP	0
0x0018a14c	0x0018a13c	CONDITIONAL_JUMP	0
0x0018a150	0x0018a156	CONDITIONAL_JUMP	0
0x0018a156	0x001e8b54	READ	1
0x0018a164	0x0018a179	UNCONDITIONAL_JUMP	0
0x0018a179	0xStack[-0x10]	DATA	0
0x0018a187	0xStack[0x4]	READ	1
0x0018a18a	0x001e8b54	READ	1
0x0018a190	0x0018a1ac	DATA	1
0x0018a19a	0x001e8b54	READ	1
0x0018a1ac	0x001e8b54	READ	1
0x0018a1c7	0xStack[0x4]	READ	1
0x0018a1ca	0x001e8b54	READ	1
0x0018a1cf	0x0018a1ec	DATA	1
0x0018a1d9	0x001e8b54	READ	1
0x0018a1ec	0x001e8b54	READ	1
0x0018a207	0xStack[0x4]	READ	1
0x0018a20a	0x001e8b54	READ	1
0x0018a20f	0x0018a22c	DATA	1
0x0018a219	0x001e8b54	READ	1
0x0018a22c	0x001e8b54	READ	1
0x0018a247	0xStack[0x4]	READ	1
0x0018a24a	0xStack[0x8]	READ	1
0x0018a24d	0x001e8b54	READ	1
0x0018a252	0x0018a270	DATA	1
0x0018a25c	0x001e8b54	READ	1
0x0018a270	0x001e8b54	READ	1
0x0018a28b	0xStack[0x4]	READ	1
0x0018a28e	0xStack[0x8]	READ	1
0x0018a291	0x001e8b54	READ	1
0x0018a296	0x0018a2b4	DATA	1
0x0018a2a0	0x001e8b54	READ	1
0x0018a2b4	0x001e8b54	READ	1
0x0018a2cf	0xStack[0x4]	READ	1
0x0018a2d2	0xStack[0x8]	READ	1
0x0018a2d5	0x001e8b54	READ	1
0x0018a2da	0x0018a2f8	DATA	1
0x0018a2e4	0x001e8b54	READ	1
0x0018a2f8	0x001e8b54	READ	1
0x0018a31f	0xStack[-0x6]	WRITE	0
0x0018a327	0xStack[-0x6]	WRITE	0
0x0018a32a	0xStack[-0x6]	READ	1
0x0018a331	0x0018a33c	CONDITIONAL_JUMP	0
0x0018a333	0x001e2636	READ	0
0x0018a33a	0x0018a34c	CONDITIONAL_JUMP	0
0x0018a352	0x001f79f8	READ	1
0x0018a35c	0x001f79f8	WRITE	0
0x0018a36b	0x001f79f8	READ	0
0x0018a372	0x0018a382	CONDITIONAL_JUMP	0
0x0018a37a	0x001569c0	UNCONDITIONAL_CALL	0
0x0018a382	0x0018a4a8	UNCONDITIONAL_CALL	0
0x0018a390	0x001e75f8	READ	1
0x0018a396	0x0018a428	UNCONDITIONAL_CALL	0
0x0018a39b	0x001e8b54	READ	0
0x0018a3a1	0x0018a3b0	CONDITIONAL_JUMP	0
0x0018a3a9	0x001569c0	UNCONDITIONAL_CALL	0
0x0018a3ae	0x0018a3ba	UNCONDITIONAL_JUMP	0
0x0018a3ba	0xStack[-0x8]	READ	1
0x0018a3c8	0x001e75f8	READ	1
0x0018a3ce	0x0018a428	UNCONDITIONAL_CALL	0
0x0018a3e5	0x001e8b54	READ	0
0x0018a3eb	0x0018a3fe	CONDITIONAL_JUMP	0
0x0018a3ed	0x001e90ac	READ	1
0x0018a3f4	0x001e90ac	WRITE	0
0x0018a3f9	0x001e90ac	READ	1
0x0018a3fe	0xStack[-0x8]	READ	1
0x0018a40b	0xStack[0x4]	READ	1
0x0018a41e	0x001569c0	UNCONDITIONAL_CALL	0
0x0018a42c	0x001e75f8	READ	1
0x0018a434	0x0018a49e	CONDITIONAL_JUMP	0
0x0018a443	0x0018a447	CONDITIONAL_JUMP	0
0x0018a449	0x0018a478	CONDITIONAL_JUMP	0
0x0018a454	0x0018a478	CONDITIONAL_JUMP	0
0x0018a456	0x001f79f8	READ	1
0x0018a460	0x0018a46b	CONDITIONAL_JUMP	0
0x0018a474	0x0018a499	UNCONDITIONAL_JUMP	0
0x0018a478	0x001f79f8	READ	1
0x0018a482	0x0018a48f	CONDITIONAL_JUMP	0
0x0018a499	0x0018a7e4	UNCONDITIONAL_CALL	0
0x0018a49e	0xStack[-0x8]	READ	1
0x0018a4ad	0x001e8b54	READ	1
0x0018a4b3	0x001e75f8	READ	1
0x0018a4ba	0x0018a5f4	CONDITIONAL_JUMP	0
0x0018a4cd	0x0018a4d1	CONDITIONAL_JUMP	0
0x0018a4d3	0x0018a7d9	CONDITIONAL_JUMP	0
0x0018a4e2	0x0018a4f4	CONDITIONAL_JUMP	0
0x0018a4f2	0x0018a4f6	UNCONDITIONAL_JUMP	0
0x0018a4fa	0x0018a530	CONDITIONAL_JUMP	0
0x0018a503	0x0018a7d9	CONDITIONAL_JUMP	0
0x0018a509	0x001f79f8	READ	1
0x0018a513	0x0018a520	CONDITIONAL_JUMP	0
0x0018a52a	0x0018a6b0	UNCONDITIONAL_JUMP	0
0x0018a539	0x0018a7d9	CONDITIONAL_JUMP	0
0x0018a53f	0x001f79f8	READ	1
0x0018a549	0x0018a554	CONDITIONAL_JUMP	0
0x0018a569	0x0018a588	CONDITIONAL_JUMP	0
0x0018a56b	0x001f79f8	READ	1
0x0018a575	0x0018a57c	CONDITIONAL_JUMP	0
0x0018a585	0x0018a5e5	UNCONDITIONAL_JUMP	0
0x0018a5cf	0x001f79f8	READ	1
0x0018a5d9	0x0018a5e5	CONDITIONAL_JUMP	0
0x0018a5ec	0x0018a7d9	UNCONDITIONAL_JUMP	0
0x0018a5f8	0x0018a662	CONDITIONAL_JUMP	0
0x0018a607	0x0018a60b	CONDITIONAL_JUMP	0
0x0018a60d	0x0018a63c	CONDITIONAL_JUMP	0
0x0018a618	0x0018a63c	CONDITIONAL_JUMP	0
0x0018a61a	0x001f79f8	READ	1
0x0018a624	0x0018a62f	CONDITIONAL_JUMP	0
0x0018a638	0x0018a65d	UNCONDITIONAL_JUMP	0
0x0018a63c	0x001f79f8	READ	1
0x0018a646	0x0018a653	CONDITIONAL_JUMP	0
0x0018a65d	0x0018a7e4	UNCONDITIONAL_CALL	0
0x0018a662	0x001e75f8	WRITE	0
0x0018a668	0x001e8b54	READ	1
0x0018a67b	0x0018a67f	CONDITIONAL_JUMP	0
0x0018a681	0x0018a74f	CONDITIONAL_JUMP	0
0x0018a690	0x0018a6a4	CONDITIONAL_JUMP	0
0x0018a6a0	0x0018a6a6	UNCONDITIONAL_JUMP	0
0x0018a6aa	0x0018a748	CONDITIONAL_JUMP	0
0x0018a6b9	0x0018a6dc	CONDITIONAL_JUMP	0
0x0018a6bb	0x001f79f8	READ	1
0x0018a6c5	0x0018a6cf	CONDITIONAL_JUMP	0
0x0018a6d8	0x0018a73c	UNCONDITIONAL_JUMP	0
0x0018a72c	0x001f79f8	READ	1
0x0018a736	0x0018a73c	CONDITIONAL_JUMP	0
0x0018a743	0x0018a7d9	UNCONDITIONAL_JUMP	0
0x0018a75b	0x0018a77c	CONDITIONAL_JUMP	0
0x0018a75d	0x001f79f8	READ	1
0x0018a767	0x0018a76e	CONDITIONAL_JUMP	0
0x0018a777	0x0018a7d9	UNCONDITIONAL_JUMP	0
0x0018a7c3	0x001f79f8	READ	1
0x0018a7cd	0x0018a7d9	CONDITIONAL_JUMP	0
0x0018a7db	0xStack[-0xc]	DATA	0
0x0018a7e7	0x001e75f8	WRITE	0
0x0018a803	0x001e75f8	READ	1
0x0018a808	0xStack[0x4]	READ	0
0x0018a80b	0x0018a81f	CONDITIONAL_JUMP	0
0x0018a80d	0x001e75f8	WRITE	0
0x0018a828	0xStack[0x4]	READ	1
0x0018a82b	0x001e75f8	READ	0
0x0018a831	0x0018a8a8	CONDITIONAL_JUMP	0
0x0018a837	0x0018a8fb	CONDITIONAL_JUMP	0
0x0018a84a	0x0018a84e	CONDITIONAL_JUMP	0
0x0018a850	0x0018a880	CONDITIONAL_JUMP	0
0x0018a85b	0x0018a880	CONDITIONAL_JUMP	0
0x0018a85d	0x001f79f8	READ	1
0x0018a867	0x0018a872	CONDITIONAL_JUMP	0
0x0018a87b	0x0018a8a1	UNCONDITIONAL_JUMP	0
0x0018a880	0x001f79f8	READ	1
0x0018a88a	0x0018a897	CONDITIONAL_JUMP	0
0x0018a8a1	0x0018a7e4	UNCONDITIONAL_CALL	0
0x0018a8a6	0x0018a8fb	UNCONDITIONAL_JUMP	0
0x0018a8b2	0x0018a8fb	CONDITIONAL_JUMP	0
0x0018a8fb	0xStack[-0x8]	READ	1
0x0018a907	0xStack[0x4]	READ	1
0x0018a90a	0x001e17b2	WRITE	0
0x0018a90f	0x001e17b0	WRITE	0
0x0018a918	0x001e17b0	READ	0
0x0018a927	0x001e19b0	READ	1
0x0018a92d	0x001e18ba	WRITE	0
0x0018a933	0x001e18bc	WRITE	0
0x0018a937	0x001e18bf	WRITE	0
0x0018a93b	0x001e18bd	WRITE	0
0x0018a93f	0x001e18be	READ_WRITE	0
0x0018a943	0x001e18b8	WRITE	0
0x0018a949	0x001e18be	READ	1
0x0018a950	0x001e18be	WRITE	0
0x0018a953	0x001e19b0	READ	1
0x0018a959	0x001e18c2	WRITE	0
0x0018a95f	0x001e18c4	WRITE	0
0x0018a963	0x001e18c7	WRITE	0
0x0018a967	0x001e18c5	WRITE	0
0x0018a96b	0x001e18c6	READ_WRITE	0
0x0018a96f	0x001e18c0	WRITE	0
0x0018a975	0x001e18c6	READ	1
0x0018a97c	0x001e18c6	WRITE	0
0x0018a97f	0x001e19b0	READ	1
0x0018a985	0x001e18fa	WRITE	0
0x0018a98b	0x001e18fc	WRITE	0
0x0018a98f	0x001e18ff	WRITE	0
0x0018a993	0x001e18fd	WRITE	0
0x0018a997	0x001e18fe	READ_WRITE	0
0x0018a99b	0x001e18f8	WRITE	0
0x0018a9a1	0x001e18fe	READ	1
0x0018a9a8	0x001e18fe	WRITE	0
0x0018a9ab	0x001e19b0	READ	1
0x0018a9b1	0x001e1902	WRITE	0
0x0018a9b7	0x001e1904	WRITE	0
0x0018a9bb	0x001e1907	WRITE	0
0x0018a9bf	0x001e1905	WRITE	0
0x0018a9c3	0x001e1906	READ_WRITE	0
0x0018a9c7	0x001e1900	WRITE	0
0x0018a9cd	0x001e1906	READ	1
0x0018a9d4	0x001e1906	WRITE	0
0x0018a9d7	0x001e19b0	READ	1
0x0018a9dd	0x001e1912	WRITE	0
0x0018a9e3	0x001e1914	WRITE	0
0x0018a9e7	0x001e1917	WRITE	0
0x0018a9eb	0x001e1915	WRITE	0
0x0018a9ef	0x001e1916	READ_WRITE	0
0x0018a9f3	0x001e1910	WRITE	0
0x0018a9f9	0x001e1916	READ	1
0x0018aa00	0x001e1916	WRITE	0
0x0018aa03	0x001e19b0	READ	1
0x0018aa09	0x001e191a	WRITE	0
0x0018aa0f	0x001e191c	WRITE	0
0x0018aa13	0x001e191f	WRITE	0
0x0018aa17	0x001e191d	WRITE	0
0x0018aa1b	0x001e191e	READ_WRITE	0
0x0018aa1f	0x001e1918	WRITE	0
0x0018aa25	0x001e191e	READ	1
0x0018aa2c	0x001e191e	WRITE	0
0x0018aa2f	0x001e19b0	READ	1
0x0018aa34	0x001e18f2	WRITE	0
0x0018aa3a	0x001e18f4	WRITE	0
0x0018aa3e	0x001e18f7	WRITE	0
0x0018aa42	0x001e18f5	WRITE	0
0x0018aa46	0x001e18f6	READ	1
0x0018aa4f	0x001e18f6	WRITE	0
0x0018aa52	0x001e18f0	WRITE	0
0x0018aa58	0x001e18f6	READ_WRITE	0
0x0018aa5c	0x001e19b0	READ	1
0x0018aa62	0x00186e9c	DATA	1
0x0018aa67	0x001e18d8	WRITE	0
0x0018aa6e	0x001e18de	WRITE	0
0x0018aa72	0x001e18da	WRITE	0
0x0018aa78	0x001e18dc	READ	1
0x0018aa7f	0x001e18dc	WRITE	0
0x0018aa82	0x001e18dd	WRITE	0
0x0018aa86	0x001e19b0	READ	1
0x0018aa8c	0x00186e3c	DATA	1
0x0018aa91	0x001e18e0	WRITE	0
0x0018aa98	0x001e18e6	WRITE	0
0x0018aa9c	0x001e18e2	WRITE	0
0x0018aaa2	0x001e18e4	READ	1
0x0018aaa9	0x001e18e4	WRITE	0
0x0018aaac	0x001e18e5	WRITE	0
0x0018aab0	0x001e19b0	READ	1
0x0018aab6	0x00186ddc	DATA	1
0x0018aabb	0x001e18e8	WRITE	0
0x0018aac2	0x001e18ee	WRITE	0
0x0018aac6	0x001e18ea	WRITE	0
0x0018aacc	0x001e18ec	READ	1
0x0018aad3	0x001e18ec	WRITE	0
0x0018aad6	0x001e18ed	WRITE	0
0x0018aada	0x001e19b0	READ	1
0x0018aae0	0x001e17b2	WRITE	0
0x0018aae6	0x001e17b0	WRITE	0
0x0018aaef	0x001e17b0	READ	0
0x0018aaff	0x000110b0	READ	1
0x0018ab05	0x001e19e8	WRITE	0
0x0018ab0b	0x000110b4	READ	1
0x0018ab11	0x001e19ec	WRITE	0
0x0018ab17	0x0018abd0	UNCONDITIONAL_CALL	0
0x0018ab1c	0x0018ac28	UNCONDITIONAL_CALL	0
0x0018ab21	0x0018c288	UNCONDITIONAL_CALL	0
0x0018ab26	0x00187980	UNCONDITIONAL_CALL	0
0x0018ab2b	0x001e0d0c	WRITE	0
0x0018ab35	0x0017a9b4	UNCONDITIONAL_CALL	0
0x0018ab3f	0x0018ae2c	UNCONDITIONAL_CALL	0
0x0018ab44	0x0018acf8	UNCONDITIONAL_CALL	0
0x0018ab49	0x001f6e98	WRITE	0
0x0018ab53	0x001e7604	READ	1
0x0018ab58	0x001f6e74	WRITE	0
0x0018ab5d	0x001f6e70	WRITE	0
0x0018ab62	0x001e7608	READ	1
0x0018ab68	0x001f6e78	WRITE	0
0x0018ab6e	0x001f6e9c	DATA	0
0x0018ab73	0x001f63f8	DATA	0
0x0018ab7a	0x001f6e60	DATA	0
0x0018ab7f	0x0018eee8	UNCONDITIONAL_CALL	0
0x0018ab84	0x001e19b0	READ	1
0x0018ab8f	0x0018a904	UNCONDITIONAL_CALL	0
0x0018ab94	0x001e2204	READ	1
0x0018ab9f	0x0018b184	UNCONDITIONAL_CALL	0
0x0018aba4	0x0018991c	UNCONDITIONAL_CALL	0
0x0018aba9	0x001e89ec	READ	1
0x0018abb8	0x001f6e78	READ	1
0x0018abbf	0x001f6e78	WRITE	0
0x0018abc4	0x001dac14	WRITE	0
0x0018abd5	0x001e19f0	DATA	0
0x0018abda	0x0015c534	UNCONDITIONAL_CALL	0
0x0018abe6	0x0018ac1e	CONDITIONAL_JUMP	0
0x0018abe9	0x0015c63c	UNCONDITIONAL_CALL	0
0x0018abf5	0x0018ac1e	CONDITIONAL_JUMP	0
0x0018abfc	0x0018ac0e	CONDITIONAL_JUMP	0
0x0018ac06	0x00101600	UNCONDITIONAL_CALL	0
0x0018ac10	0x0015c65c	UNCONDITIONAL_CALL	0
0x0018ac1c	0x0018abf8	CONDITIONAL_JUMP	0
0x0018ac1e	0xStack[-0xc]	DATA	0
0x0018ac41	0x0018ac50	CONDITIONAL_JUMP	0
0x0018ac4b	0x0018ac54	UNCONDITIONAL_JUMP	0
0x0018ac61	0x0018a310	UNCONDITIONAL_CALL	0
0x0018ac66	0x001e8e00	WRITE	0
0x0018ac70	0x001e8e0c	WRITE	0
0x0018ac7a	0x001e8e04	WRITE	0
0x0018ac86	0x00200000	DATA	1
0x0018ac90	0x00200000	DATA	1
0x0018ac96	0x0018accc	CONDITIONAL_JUMP	0
0x0018acb5	0x0018acb9	CONDITIONAL_JUMP	0
0x0018acbb	0x0018accc	CONDITIONAL_JUMP	0
0x0018acbd	0x001e8e08	WRITE	0
0x0018acc7	0x0018acee	UNCONDITIONAL_JUMP	0
0x0018accc	0x001f79f8	READ	1
0x0018acd6	0x0018ace4	CONDITIONAL_JUMP	0
0x0018acd8	0x001e8e08	WRITE	0
0x0018ace2	0x0018acee	UNCONDITIONAL_JUMP	0
0x0018ace4	0x001e8e08	WRITE	0
0x0018acee	0xStack[-0x14]	DATA	0
0x0018ad03	0x0015c2fc	UNCONDITIONAL_CALL	0
0x0018ad0c	0x00011154	READ	1
0x0018ad14	0x0018ad2b	CONDITIONAL_JUMP	0
0x0018ad29	0x0018ad1c	CONDITIONAL_JUMP	0
0x0018ad2b	0x001e760c	READ	1
0x0018ad32	0x0018ad38	CONDITIONAL_JUMP	0
0x0018ad36	0x0018ad3e	UNCONDITIONAL_JUMP	0
0x0018ad38	0x001e19ec	READ	1
0x0018ad41	0x001f63f4	WRITE	0
0x0018ad47	0x00011138	READ	1
0x0018ad4d	0x001e89ec	READ	1
0x0018ad5b	0x001e7610	WRITE	0
0x0018ad60	0x001e19e8	READ	1
0x0018ad6a	0x001e7614	WRITE	0
0x0018ad73	0x001e7604	WRITE	0
0x0018ad7b	0x001e7608	WRITE	0
0x0018ad81	0xStack[-0x10]	DATA	0
0x0018ad8f	0x001e19e8	READ	1
0x0018ad9f	0xStack[0x8]	READ	1
0x0018ada2	0x001e75fc	READ	0
0x0018ada9	0x0018adc3	CONDITIONAL_JUMP	0
0x0018adab	0x001e7610	READ	1
0x0018adb1	0x001e75fc	WRITE	0
0x0018adb7	0x001e7614	READ	1
0x0018adbd	0x001e7600	WRITE	0
0x0018adc3	0x001e75fc	READ	1
0x0018add1	0xStack[0x4]	READ	1
0x0018add4	0x001e7600	READ	0
0x0018adda	0x0018ade8	CONDITIONAL_JUMP	0
0x0018addc	0x001e75fc	WRITE	0
0x0018adf4	0xStack[0x4]	READ	1
0x0018adf7	0x001e2484	READ	0
0x0018adfe	0x0018ae0a	CONDITIONAL_JUMP	0
0x0018ae00	0x001e19f7	DATA	0
0x0018ae05	0x0010ca6c	UNCONDITIONAL_CALL	0
0x0018ae0a	0x001e89ec	READ	1
0x0018ae18	0x001f6e74	READ	1
0x0018ae1f	0x001f6e74	WRITE	0
0x0018ae25	0xStack[-0x8]	READ	1
0x0018ae35	0xStack[0x4]	READ	1
0x0018ae3f	0x001e9c30	DATA	0
0x0018ae44	0x00101bc0	UNCONDITIONAL_CALL	0
0x0018ae4f	0x0018ae5c	CONDITIONAL_JUMP	0
0x0018ae56	0x0018b019	UNCONDITIONAL_JUMP	0
0x0018ae60	0x0018b024	UNCONDITIONAL_CALL	0
0x0018ae6a	0x0018b00e	CONDITIONAL_JUMP	0
0x0018ae71	0x0018ae5c	UNCONDITIONAL_JUMP	0
0x0018ae77	0x0018af04	CONDITIONAL_JUMP	0
0x0018ae7d	0x001da769	DATA	1
0x0018ae82	0x001da769	DATA	0
0x0018ae88	0x0018b04c	UNCONDITIONAL_CALL	0
0x0018ae90	0x001da769	READ	1
0x0018ae90	0x001da76a	READ	1
0x0018ae94	0x0018aec4	CONDITIONAL_JUMP	0
0x0018ae96	0x0018aea0	CONDITIONAL_JUMP	0
0x0018ae9a	0x0018aeac	CONDITIONAL_JUMP	0
0x0018ae9c	0x0018aeda	UNCONDITIONAL_JUMP	0
0x0018aea2	0x0018aed0	CONDITIONAL_JUMP	0
0x0018aea6	0x0018aeb8	CONDITIONAL_JUMP	0
0x0018aea8	0x0018aeda	UNCONDITIONAL_JUMP	0
0x0018aeac	0x001e2634	READ_WRITE	0
0x0018aeb3	0x0018aeda	UNCONDITIONAL_JUMP	0
0x0018aeb8	0x001e2634	READ_WRITE	0
0x0018aebf	0x0018aeda	UNCONDITIONAL_JUMP	0
0x0018aec4	0x001e2634	READ_WRITE	0
0x0018aecb	0x0018aeda	UNCONDITIONAL_JUMP	0
0x0018aed0	0x001e2634	READ_WRITE	0
0x0018aed0	0x00200000	DATA	1
0x0018aeda	0x001da769	READ	1
0x0018aeda	0x001da76a	READ	1
0x0018aede	0x0018afdc	CONDITIONAL_JUMP	0
0x0018aee9	0x0018b024	UNCONDITIONAL_CALL	0
0x0018aef3	0x0018ae90	CONDITIONAL_JUMP	0
0x0018aef5	0x0018afdc	UNCONDITIONAL_JUMP	0
0x0018aeff	0x0018afdc	UNCONDITIONAL_JUMP	0
0x0018af0c	0x0018b024	UNCONDITIONAL_CALL	0
0x0018af16	0x0018af20	CONDITIONAL_JUMP	0
0x0018af1b	0x0018af29	CONDITIONAL_JUMP	0
0x0018af1e	0x0018af08	UNCONDITIONAL_JUMP	0
0x0018af23	0x0018afdc	CONDITIONAL_JUMP	0
0x0018af2b	0xStack[-0xc]	WRITE	0
0x0018af2e	0x001e19b4	DATA	1
0x0018af33	0x001e19b4	READ	0
0x0018af3a	0x0018afdc	CONDITIONAL_JUMP	0
0x0018af40	0x001e19b8	DATA	1
0x0018af4d	0x001e19b4	READ	1
0x0018af4d	0x001e19bc	READ	1
0x0018af4f	0x001e19e3	DATA	0
0x0018af4f	0x001e19db	DATA	0
0x0018af51	0x001e19b8	DATA	1
0x0018af51	0x001e19c0	DATA	1
0x0018af51	0xStack[-0x10]	WRITE	0
0x0018af54	0x00101efc	UNCONDITIONAL_CALL	0
0x0018af5c	0xStack[-0x10]	READ	1
0x0018af61	0x0018afcc	CONDITIONAL_JUMP	0
0x0018af68	0x001e19b8	DATA	1
0x0018af68	0xStack[-0x10]	WRITE	0
0x0018af6b	0x0018b024	UNCONDITIONAL_CALL	0
0x0018af73	0xStack[-0x10]	READ	1
0x0018af78	0x0018af80	CONDITIONAL_JUMP	0
0x0018af7b	0x0018af64	UNCONDITIONAL_JUMP	0
0x0018af83	0x0018af8f	CONDITIONAL_JUMP	0
0x0018af85	0xStack[-0xc]	READ	0
0x0018af89	0x0018aefc	CONDITIONAL_JUMP	0
0x0018af8f	0xStack[-0x8]	DATA	0
0x0018af94	0x001e19b8	DATA	1
0x0018af94	0xStack[-0x10]	WRITE	0
0x0018af97	0x0018b080	UNCONDITIONAL_CALL	0
0x0018af9f	0xStack[-0x10]	READ	1
0x0018afa4	0x0018afb0	CONDITIONAL_JUMP	0
0x0018afa9	0x0018afbc	CONDITIONAL_JUMP	0
0x0018afab	0x0018afdc	UNCONDITIONAL_JUMP	0
0x0018afb0	0x001e19b8	READ	1
0x0018afb2	0xStack[-0x8]	READ	1
0x0018afb5	0x001e289c	WRITE	0
0x0018afb7	0x0018afdc	UNCONDITIONAL_JUMP	0
0x0018afbc	0x001e19b8	READ	0
0x0018afbe	0x001e289c	DATA	0
0x0018afc1	0x0018b04c	UNCONDITIONAL_CALL	0
0x0018afc9	0x0018afdc	UNCONDITIONAL_JUMP	0
0x0018afd2	0x001e19bc	READ	0
0x0018afd5	0x0018af48	CONDITIONAL_JUMP	0
0x0018afe0	0x0018b024	UNCONDITIONAL_CALL	0
0x0018afea	0x0018aff0	CONDITIONAL_JUMP	0
0x0018afed	0x0018afdc	UNCONDITIONAL_JUMP	0
0x0018aff3	0x0018b017	CONDITIONAL_JUMP	0
0x0018affc	0x0018b024	UNCONDITIONAL_CALL	0
0x0018b006	0x0018b00e	CONDITIONAL_JUMP	0
0x0018b00c	0x0018aff8	CONDITIONAL_JUMP	0
0x0018b011	0x0018ae74	CONDITIONAL_JUMP	0
0x0018b019	0xStack[-0x1c]	DATA	0
0x0018b027	0xStack[0x4]	READ	1
0x0018b02c	0x0018b03a	CONDITIONAL_JUMP	0
0x0018b030	0x0018b03a	CONDITIONAL_JUMP	0
0x0018b034	0x0018b03a	CONDITIONAL_JUMP	0
0x0018b038	0x0018b044	CONDITIONAL_JUMP	0
0x0018b050	0xStack[0x4]	READ	1
0x0018b053	0xStack[0x8]	READ	1
0x0018b05d	0x0018b074	CONDITIONAL_JUMP	0
0x0018b061	0x0018b074	CONDITIONAL_JUMP	0
0x0018b066	0x0018b074	CONDITIONAL_JUMP	0
0x0018b06b	0x0018b074	CONDITIONAL_JUMP	0
0x0018b072	0x0018b058	UNCONDITIONAL_JUMP	0
0x0018b079	0xStack[-0x8]	READ	1
0x0018b089	0xStack[0x4]	READ	1
0x0018b08c	0xStack[-0x8]	WRITE	0
0x0018b096	0x0018b16c	CONDITIONAL_JUMP	0
0x0018b0a0	0x0018b0aa	CONDITIONAL_JUMP	0
0x0018b0a2	0xStack[-0x8]	WRITE	0
0x0018b0b8	0x0018b100	CONDITIONAL_JUMP	0
0x0018b0be	0x0018b0ec	CONDITIONAL_JUMP	0
0x0018b0c2	0x0018b0dc	CONDITIONAL_JUMP	0
0x0018b0c6	0x0018b0d4	CONDITIONAL_JUMP	0
0x0018b0ca	0x0018b0ec	CONDITIONAL_JUMP	0
0x0018b0d2	0x0018b100	UNCONDITIONAL_JUMP	0
0x0018b0da	0x0018b100	UNCONDITIONAL_JUMP	0
0x0018b0e8	0x0018b100	UNCONDITIONAL_JUMP	0
0x0018b0f0	0x0018b100	CONDITIONAL_JUMP	0
0x0018b0f4	0x0018b100	CONDITIONAL_JUMP	0
0x0018b0f8	0x0018b100	CONDITIONAL_JUMP	0
0x0018b0fc	0x0018b164	CONDITIONAL_JUMP	0
0x0018b106	0x0018b114	CONDITIONAL_JUMP	0
0x0018b10b	0x0018b114	CONDITIONAL_JUMP	0
0x0018b110	0x0018b147	UNCONDITIONAL_JUMP	0
0x0018b11a	0x0018b124	CONDITIONAL_JUMP	0
0x0018b11f	0x0018b147	UNCONDITIONAL_JUMP	0
0x0018b12a	0x0018b144	CONDITIONAL_JUMP	0
0x0018b12f	0x0018b158	CONDITIONAL_JUMP	0
0x0018b133	0x0018b158	CONDITIONAL_JUMP	0
0x0018b138	0x0018b158	CONDITIONAL_JUMP	0
0x0018b13d	0x0018b158	CONDITIONAL_JUMP	0
0x0018b13f	0x0018b164	UNCONDITIONAL_JUMP	0
0x0018b14c	0x0018b164	CONDITIONAL_JUMP	0
0x0018b153	0x0018b100	UNCONDITIONAL_JUMP	0
0x0018b158	0xStack[-0x8]	READ	1
0x0018b15c	0xStack[0x8]	READ	1
0x0018b161	0x0018b175	UNCONDITIONAL_JUMP	0
0x0018b169	0x0018b177	UNCONDITIONAL_JUMP	0
0x0018b16c	0xStack[0x8]	READ	1
0x0018b177	0xStack[-0x14]	DATA	0
0x0018b187	0xStack[0x4]	READ	1
0x0018b18a	0x001e17ba	WRITE	0
0x0018b18f	0x001e17b8	WRITE	0
0x0018b198	0x001e17b8	READ	0
0x0018b1ad	0xStack[-0x8]	WRITE	0
0x0018b1b4	0xStack[-0xc]	WRITE	0
0x0018b1bc	0xStack[-0xc]	READ	1
0x0018b1bf	0x001e1a04	DATA	1
0x0018b1bf	0x001e1a0c	DATA	1
0x0018b1c5	0x001e1a08	DATA	1
0x0018b1c5	0x001e1a10	DATA	1
0x0018b1d6	0x0018b20c	CONDITIONAL_JUMP	0
0x0018b1e3	0x001e2204	READ	1
0x0018b1e9	0x001e1a04	DATA	1
0x0018b1e9	0x001e1a0c	DATA	1
0x0018b1ef	0x001e1a0a	DATA	1
0x0018b1ef	0x001e1a12	DATA	1
0x0018b1f3	0x001e1a06	DATA	1
0x0018b1f7	0x001e1a09	DATA	1
0x0018b208	0x0018b269	UNCONDITIONAL_JUMP	0
0x0018b20f	0x0018b244	CONDITIONAL_JUMP	0
0x0018b21a	0xStack[-0xc]	READ	1
0x0018b21d	0x001e2204	READ	1
0x0018b223	0x001e1a0c	DATA	1
0x0018b229	0x001e1a12	DATA	1
0x0018b22d	0x001e1a0e	DATA	1
0x0018b231	0x001e1a11	DATA	1
0x0018b242	0x0018b269	UNCONDITIONAL_JUMP	0
0x0018b247	0x0018b271	CONDITIONAL_JUMP	0
0x0018b24d	0xStack[-0xc]	READ	1
0x0018b250	0x001e2204	READ	1
0x0018b256	0x001e1a0e	DATA	1
0x0018b25a	0x001e1a11	DATA	1
0x0018b26e	0x001e1a09	DATA	1
0x0018b26e	0x001e1a11	DATA	1
0x0018b271	0xStack[-0xc]	READ_WRITE	0
0x0018b275	0xStack[-0x8]	READ_WRITE	0
0x0018b278	0xStack[-0x8]	READ	0
0x0018b27f	0x0018b1bc	CONDITIONAL_JUMP	0
0x0018b285	0x001e2204	READ	1
0x0018b28b	0x001e17ba	WRITE	0
0x0018b291	0x001e17b8	WRITE	0
0x0018b29a	0x001e17b8	READ	0
0x0018b2a1	0xStack[-0x18]	DATA	0
0x0018b2b5	0xStack[-0x8]	WRITE	0
0x0018b2bc	0x0018b46c	UNCONDITIONAL_JUMP	0
0x0018b2c7	0xStack[-0xc]	WRITE	0
0x0018b2ca	0xStack[0x4]	READ	1
0x0018b2d0	0xStack[-0x8]	READ	1
0x0018b2da	0x0018b326	CONDITIONAL_JUMP	0
0x0018b2df	0x0018b33b	CONDITIONAL_JUMP	0
0x0018b2e7	0x0018b2f1	CONDITIONAL_JUMP	0
0x0018b2f3	0x0018b319	CONDITIONAL_JUMP	0
0x0018b2fb	0x0018b312	CONDITIONAL_JUMP	0
0x0018b310	0x0018b300	CONDITIONAL_JUMP	0
0x0018b324	0x0018b344	UNCONDITIONAL_JUMP	0
0x0018b329	0x0018b332	CONDITIONAL_JUMP	0
0x0018b339	0x0018b2e1	UNCONDITIONAL_JUMP	0
0x0018b342	0x0018b2e1	UNCONDITIONAL_JUMP	0
0x0018b34c	0xStack[-0x8]	WRITE	0
0x0018b34f	0xStack[0x4]	READ	1
0x0018b354	0xStack[0x4]	WRITE	0
0x0018b357	0xStack[-0xc]	READ	1
0x0018b35a	0xStack[0x8]	READ_WRITE	0
0x0018b360	0x0018b46c	CONDITIONAL_JUMP	0
0x0018b366	0x0018b431	UNCONDITIONAL_JUMP	0
0x0018b36c	0xStack[0x4]	READ	1
0x0018b372	0xStack[-0x10]	WRITE	0
0x0018b375	0xStack[-0xc]	READ	1
0x0018b37b	0x0018b398	CONDITIONAL_JUMP	0
0x0018b383	0xStack[-0xc]	WRITE	0
0x0018b386	0xStack[0x8]	READ_WRITE	0
0x0018b38f	0xStack[-0x8]	READ_WRITE	0
0x0018b392	0xStack[-0x10]	READ_WRITE	0
0x0018b395	0x0018b3a2	UNCONDITIONAL_JUMP	0
0x0018b398	0xStack[0x4]	READ	1
0x0018b39f	0xStack[-0xc]	WRITE	0
0x0018b3a2	0xStack[-0x8]	READ	1
0x0018b3a5	0xStack[-0xc]	READ	1
0x0018b3a8	0xStack[-0x10]	READ	1
0x0018b3ae	0x0018b3fa	CONDITIONAL_JUMP	0
0x0018b3b3	0x0018b40f	CONDITIONAL_JUMP	0
0x0018b3bb	0x0018b3c5	CONDITIONAL_JUMP	0
0x0018b3c7	0x0018b3ed	CONDITIONAL_JUMP	0
0x0018b3cf	0x0018b3e6	CONDITIONAL_JUMP	0
0x0018b3e4	0x0018b3d4	CONDITIONAL_JUMP	0
0x0018b3f8	0x0018b418	UNCONDITIONAL_JUMP	0
0x0018b3fd	0x0018b406	CONDITIONAL_JUMP	0
0x0018b40d	0x0018b3b5	UNCONDITIONAL_JUMP	0
0x0018b416	0x0018b3b5	UNCONDITIONAL_JUMP	0
0x0018b420	0xStack[-0x8]	WRITE	0
0x0018b423	0xStack[0x4]	READ	1
0x0018b428	0xStack[0x4]	WRITE	0
0x0018b42b	0xStack[-0xc]	READ	1
0x0018b42e	0xStack[0x8]	READ_WRITE	0
0x0018b438	0xStack[0x8]	READ	0
0x0018b43b	0x0018b36c	CONDITIONAL_JUMP	0
0x0018b441	0xStack[-0xc]	READ	1
0x0018b446	0x0018b46c	CONDITIONAL_JUMP	0
0x0018b448	0xStack[0x4]	READ	1
0x0018b454	0xStack[-0x8]	READ_WRITE	0
0x0018b458	0xStack[-0x10]	WRITE	0
0x0018b45b	0xStack[0x8]	READ	1
0x0018b45f	0xStack[-0x8]	READ	1
0x0018b464	0xStack[-0x10]	READ	1
0x0018b467	0x0018b48d	UNCONDITIONAL_JUMP	0
0x0018b46c	0xStack[0x4]	READ	1
0x0018b476	0xStack[0x8]	READ	0
0x0018b479	0x0018b2c4	CONDITIONAL_JUMP	0
0x0018b47f	0xStack[0x4]	READ	1
0x0018b485	0xStack[-0x8]	READ	1
0x0018b488	0xStack[0x8]	READ	1
0x0018b490	0x0018b4dc	CONDITIONAL_JUMP	0
0x0018b495	0x0018b4f1	CONDITIONAL_JUMP	0
0x0018b49d	0x0018b4a7	CONDITIONAL_JUMP	0
0x0018b4a9	0x0018b4cf	CONDITIONAL_JUMP	0
0x0018b4b1	0x0018b4c8	CONDITIONAL_JUMP	0
0x0018b4c6	0x0018b4b6	CONDITIONAL_JUMP	0
0x0018b4da	0x0018b4fa	UNCONDITIONAL_JUMP	0
0x0018b4df	0x0018b4e8	CONDITIONAL_JUMP	0
0x0018b4ef	0x0018b497	UNCONDITIONAL_JUMP	0
0x0018b4f8	0x0018b497	UNCONDITIONAL_JUMP	0
0x0018b4ff	0xStack[-0x14]	WRITE	0
0x0018b508	0xStack[-0x20]	DATA	0
0x0018b527	0xStack[0x4]	READ	1
0x0018b52e	0x0018b534	CONDITIONAL_JUMP	0
0x0018b531	0x0018b535	UNCONDITIONAL_JUMP	0
0x0018b54d	0xStack[0x4]	READ	1
0x0018b551	0x001e7714	READ	1
0x0018b556	0x001e7714	WRITE	0
0x0018b55c	0xStack[-0x8]	WRITE	0
0x0018b561	0x0018b5fd	CONDITIONAL_JUMP	0
0x0018b567	0x001e76f4	DATA	1
0x0018b56e	0x001e76f4	DATA	1
0x0018b577	0x0018b5a8	CONDITIONAL_JUMP	0
0x0018b57c	0x001e76f4	DATA	1
0x0018b57c	0x001e76f0	DATA	1
0x0018b580	0x0018b5a1	CONDITIONAL_JUMP	0
0x0018b582	0x001e76f4	DATA	1
0x0018b582	0x001e76f0	DATA	1
0x0018b58b	0x001e7714	WRITE	0
0x0018b5a6	0x0018b57c	CONDITIONAL_JUMP	0
0x0018b5a8	0x001e7714	WRITE	0
0x0018b5ae	0x001e7718	READ	0
0x0018b5b4	0x0018b5fd	CONDITIONAL_JUMP	0
0x0018b5b6	0x001e76e4	DATA	1
0x0018b5be	0x001e771e	READ	1
0x0018b5c5	0x001e771c	READ	0
0x0018b5cc	0x0018b5f7	CONDITIONAL_JUMP	0
0x0018b5ce	0x001e771c	WRITE	0
0x0018b5dd	0x001e7618	READ_WRITE	0
0x0018b5f0	0x001e7618	READ_WRITE	0
0x0018b5f7	0x001e7718	WRITE	0
0x0018b5fe	0xStack[-0x8]	READ	1
0x0018b601	0xStack[-0x14]	DATA	0
0x0018b615	0x001e7714	READ	1
0x0018b61a	0x001e7714	WRITE	0
0x0018b628	0x0018b6cd	CONDITIONAL_JUMP	0
0x0018b62e	0x001e76f4	DATA	1
0x0018b635	0x001e76f4	DATA	1
0x0018b63b	0x0018b671	CONDITIONAL_JUMP	0
0x0018b640	0x001e76f4	DATA	1
0x0018b640	0x001e76f0	DATA	1
0x0018b644	0x0018b666	CONDITIONAL_JUMP	0
0x0018b646	0x001e76f4	DATA	1
0x0018b646	0x001e76f0	DATA	1
0x0018b64f	0x001e7714	WRITE	0
0x0018b669	0x001e76f4	DATA	1
0x0018b66f	0x0018b640	CONDITIONAL_JUMP	0
0x0018b671	0x001e7714	WRITE	0
0x0018b67b	0x001e7718	READ	0
0x0018b681	0x0018b6cd	CONDITIONAL_JUMP	0
0x0018b683	0x001e76e4	READ	1
0x0018b68a	0x001e771e	READ	1
0x0018b691	0x001e771c	READ	0
0x0018b698	0x0018b6c3	CONDITIONAL_JUMP	0
0x0018b69a	0x001e771c	WRITE	0
0x0018b6a9	0x001e7618	READ_WRITE	0
0x0018b6bc	0x001e7618	READ_WRITE	0
0x0018b6c3	0x001e7718	WRITE	0
0x0018b6d0	0xStack[-0x10]	DATA	0
0x0018b6e8	0x001e7714	READ	1
0x0018b6ed	0x001e7714	WRITE	0
0x0018b6fb	0x0018b79d	CONDITIONAL_JUMP	0
0x0018b701	0x001e76f4	DATA	1
0x0018b708	0x001e76f8	DATA	1
0x0018b70e	0x0018b741	CONDITIONAL_JUMP	0
0x0018b710	0x001e76f4	DATA	1
0x0018b710	0x001e76f0	DATA	1
0x0018b714	0x0018b736	CONDITIONAL_JUMP	0
0x0018b716	0x001e76f4	DATA	1
0x0018b716	0x001e76f0	DATA	1
0x0018b71f	0x001e7714	WRITE	0
0x0018b739	0x001e76f8	DATA	1
0x0018b73f	0x0018b710	CONDITIONAL_JUMP	0
0x0018b741	0x001e7714	WRITE	0
0x0018b74b	0x001e7718	READ	0
0x0018b751	0x0018b79d	CONDITIONAL_JUMP	0
0x0018b753	0x001e76e6	READ	1
0x0018b75a	0x001e771e	READ	1
0x0018b761	0x001e771c	READ	0
0x0018b768	0x0018b793	CONDITIONAL_JUMP	0
0x0018b76a	0x001e771c	WRITE	0
0x0018b779	0x001e7618	READ_WRITE	0
0x0018b78c	0x001e7618	READ_WRITE	0
0x0018b793	0x001e7718	WRITE	0
0x0018b7a0	0xStack[-0x10]	DATA	0
0x0018b7af	0x001e7714	READ	1
0x0018b7c4	0x001e7714	READ	1
0x0018b7c9	0x001e7714	WRITE	0
0x0018b7d7	0x0018b879	CONDITIONAL_JUMP	0
0x0018b7dd	0x001e76f4	DATA	1
0x0018b7e4	0x001e76fc	DATA	1
0x0018b7ea	0x0018b81d	CONDITIONAL_JUMP	0
0x0018b7ec	0x001e76f4	DATA	1
0x0018b7ec	0x001e76f0	DATA	1
0x0018b7f0	0x0018b812	CONDITIONAL_JUMP	0
0x0018b7f2	0x001e76f4	DATA	1
0x0018b7f2	0x001e76f0	DATA	1
0x0018b7fb	0x001e7714	WRITE	0
0x0018b815	0x001e76fc	DATA	1
0x0018b81b	0x0018b7ec	CONDITIONAL_JUMP	0
0x0018b81d	0x001e7714	WRITE	0
0x0018b827	0x001e7718	READ	0
0x0018b82d	0x0018b879	CONDITIONAL_JUMP	0
0x0018b82f	0x001e76e8	READ	1
0x0018b836	0x001e771e	READ	1
0x0018b83d	0x001e771c	READ	0
0x0018b844	0x0018b86f	CONDITIONAL_JUMP	0
0x0018b846	0x001e771c	WRITE	0
0x0018b855	0x001e7618	READ_WRITE	0
0x0018b868	0x001e7618	READ_WRITE	0
0x0018b86f	0x001e7718	WRITE	0
0x0018b87c	0xStack[-0x10]	DATA	0
0x0018b894	0x001e7714	READ	1
0x0018b899	0x001e7714	WRITE	0
0x0018b8a7	0x0018b949	CONDITIONAL_JUMP	0
0x0018b8ad	0x001e76f4	DATA	1
0x0018b8b4	0x001e7700	DATA	1
0x0018b8ba	0x0018b8ed	CONDITIONAL_JUMP	0
0x0018b8bc	0x001e76f4	DATA	1
0x0018b8bc	0x001e76f0	DATA	1
0x0018b8c0	0x0018b8e2	CONDITIONAL_JUMP	0
0x0018b8c2	0x001e76f4	DATA	1
0x0018b8c2	0x001e76f0	DATA	1
0x0018b8cb	0x001e7714	WRITE	0
0x0018b8e5	0x001e7700	DATA	1
0x0018b8eb	0x0018b8bc	CONDITIONAL_JUMP	0
0x0018b8ed	0x001e7714	WRITE	0
0x0018b8f7	0x001e7718	READ	0
0x0018b8fd	0x0018b949	CONDITIONAL_JUMP	0
0x0018b8ff	0x001e76ea	READ	1
0x0018b906	0x001e771e	READ	1
0x0018b90d	0x001e771c	READ	0
0x0018b914	0x0018b93f	CONDITIONAL_JUMP	0
0x0018b916	0x001e771c	WRITE	0
0x0018b925	0x001e7618	READ_WRITE	0
0x0018b938	0x001e7618	READ_WRITE	0
0x0018b93f	0x001e7718	WRITE	0
0x0018b94c	0xStack[-0x10]	DATA	0
0x0018b95b	0x001e7714	READ	1
0x0018b967	0x001e7714	READ	1
0x0018b973	0x001e7714	READ	1
0x0018b97f	0x001e7714	READ	1
0x0018b994	0x001e7714	READ	1
0x0018b999	0x001e7714	WRITE	0
0x0018b9a7	0x0018ba49	CONDITIONAL_JUMP	0
0x0018b9ad	0x001e76f4	DATA	1
0x0018b9b4	0x001e7700	DATA	1
0x0018b9ba	0x0018b9ed	CONDITIONAL_JUMP	0
0x0018b9bc	0x001e76f4	DATA	1
0x0018b9bc	0x001e76f0	DATA	1
0x0018b9c0	0x0018b9e2	CONDITIONAL_JUMP	0
0x0018b9c2	0x001e76f4	DATA	1
0x0018b9c2	0x001e76f0	DATA	1
0x0018b9cb	0x001e7714	WRITE	0
0x0018b9e5	0x001e7700	DATA	1
0x0018b9eb	0x0018b9bc	CONDITIONAL_JUMP	0
0x0018b9ed	0x001e7714	WRITE	0
0x0018b9f7	0x001e7718	READ	0
0x0018b9fd	0x0018ba49	CONDITIONAL_JUMP	0
0x0018b9ff	0x001e76ea	READ	1
0x0018ba06	0x001e771e	READ	1
0x0018ba0d	0x001e771c	READ	0
0x0018ba14	0x0018ba3f	CONDITIONAL_JUMP	0
0x0018ba16	0x001e771c	WRITE	0
0x0018ba25	0x001e7618	READ_WRITE	0
0x0018ba38	0x001e7618	READ_WRITE	0
0x0018ba3f	0x001e7718	WRITE	0
0x0018ba4c	0xStack[-0x10]	DATA	0
0x0018ba64	0x001e7714	READ	1
0x0018ba69	0x001e7714	WRITE	0
0x0018ba77	0x0018bb19	CONDITIONAL_JUMP	0
0x0018ba7d	0x001e76f4	DATA	1
0x0018ba84	0x001e7704	DATA	1
0x0018ba8a	0x0018babd	CONDITIONAL_JUMP	0
0x0018ba8c	0x001e76f4	DATA	1
0x0018ba8c	0x001e76f0	DATA	1
0x0018ba90	0x0018bab2	CONDITIONAL_JUMP	0
0x0018ba92	0x001e76f4	DATA	1
0x0018ba92	0x001e76f0	DATA	1
0x0018ba9b	0x001e7714	WRITE	0
0x0018bab5	0x001e7704	DATA	1
0x0018babb	0x0018ba8c	CONDITIONAL_JUMP	0
0x0018babd	0x001e7714	WRITE	0
0x0018bac7	0x001e7718	READ	0
0x0018bacd	0x0018bb19	CONDITIONAL_JUMP	0
0x0018bacf	0x001e76ec	READ	1
0x0018bad6	0x001e771e	READ	1
0x0018badd	0x001e771c	READ	0
0x0018bae4	0x0018bb0f	CONDITIONAL_JUMP	0
0x0018bae6	0x001e771c	WRITE	0
0x0018baf5	0x001e7618	READ_WRITE	0
0x0018bb08	0x001e7618	READ_WRITE	0
0x0018bb0f	0x001e7718	WRITE	0
0x0018bb1c	0xStack[-0x10]	DATA	0
0x0018bb34	0x001e7714	READ	1
0x0018bb39	0x001e7714	WRITE	0
0x0018bb47	0x0018bbe9	CONDITIONAL_JUMP	0
0x0018bb4d	0x001e76f4	DATA	1
0x0018bb54	0x001e7708	DATA	1
0x0018bb5a	0x0018bb8d	CONDITIONAL_JUMP	0
0x0018bb5c	0x001e76f4	DATA	1
0x0018bb5c	0x001e76f0	DATA	1
0x0018bb60	0x0018bb82	CONDITIONAL_JUMP	0
0x0018bb62	0x001e76f4	DATA	1
0x0018bb62	0x001e76f0	DATA	1
0x0018bb6b	0x001e7714	WRITE	0
0x0018bb85	0x001e7708	DATA	1
0x0018bb8b	0x0018bb5c	CONDITIONAL_JUMP	0
0x0018bb8d	0x001e7714	WRITE	0
0x0018bb97	0x001e7718	READ	0
0x0018bb9d	0x0018bbe9	CONDITIONAL_JUMP	0
0x0018bb9f	0x001e76ee	READ	1
0x0018bba6	0x001e771e	READ	1
0x0018bbad	0x001e771c	READ	0
0x0018bbb4	0x0018bbdf	CONDITIONAL_JUMP	0
0x0018bbb6	0x001e771c	WRITE	0
0x0018bbc5	0x001e7618	READ_WRITE	0
0x0018bbd8	0x001e7618	READ_WRITE	0
0x0018bbdf	0x001e7718	WRITE	0
0x0018bbec	0xStack[-0x10]	DATA	0
0x0018bc04	0x001e7714	READ	1
0x0018bc09	0x001e7714	WRITE	0
0x0018bc17	0x0018bcb9	CONDITIONAL_JUMP	0
0x0018bc1d	0x001e76f4	DATA	1
0x0018bc24	0x001e770c	DATA	1
0x0018bc2a	0x0018bc5d	CONDITIONAL_JUMP	0
0x0018bc2c	0x001e76f4	DATA	1
0x0018bc2c	0x001e76f0	DATA	1
0x0018bc30	0x0018bc52	CONDITIONAL_JUMP	0
0x0018bc32	0x001e76f4	DATA	1
0x0018bc32	0x001e76f0	DATA	1
0x0018bc3b	0x001e7714	WRITE	0
0x0018bc55	0x001e770c	DATA	1
0x0018bc5b	0x0018bc2c	CONDITIONAL_JUMP	0
0x0018bc5d	0x001e7714	WRITE	0
0x0018bc67	0x001e7718	READ	0
0x0018bc6d	0x0018bcb9	CONDITIONAL_JUMP	0
0x0018bc6f	0x001e76f0	READ	1
0x0018bc76	0x001e771e	READ	1
0x0018bc7d	0x001e771c	READ	0
0x0018bc84	0x0018bcaf	CONDITIONAL_JUMP	0
0x0018bc86	0x001e771c	WRITE	0
0x0018bc95	0x001e7618	READ_WRITE	0
0x0018bca8	0x001e7618	READ_WRITE	0
0x0018bcaf	0x001e7718	WRITE	0
0x0018bcbc	0xStack[-0x10]	DATA	0
0x0018bcd4	0x001e7714	READ	1
0x0018bcd9	0x001e7714	WRITE	0
0x0018bce7	0x0018bd89	CONDITIONAL_JUMP	0
0x0018bced	0x001e76f4	DATA	1
0x0018bcf4	0x001e770c	DATA	1
0x0018bcfa	0x0018bd2d	CONDITIONAL_JUMP	0
0x0018bcfc	0x001e76f4	DATA	1
0x0018bcfc	0x001e76f0	DATA	1
0x0018bd00	0x0018bd22	CONDITIONAL_JUMP	0
0x0018bd02	0x001e76f4	DATA	1
0x0018bd02	0x001e76f0	DATA	1
0x0018bd0b	0x001e7714	WRITE	0
0x0018bd25	0x001e770c	DATA	1
0x0018bd2b	0x0018bcfc	CONDITIONAL_JUMP	0
0x0018bd2d	0x001e7714	WRITE	0
0x0018bd37	0x001e7718	READ	0
0x0018bd3d	0x0018bd89	CONDITIONAL_JUMP	0
0x0018bd3f	0x001e76f0	READ	1
0x0018bd46	0x001e771e	READ	1
0x0018bd4d	0x001e771c	READ	0
0x0018bd54	0x0018bd7f	CONDITIONAL_JUMP	0
0x0018bd56	0x001e771c	WRITE	0
0x0018bd65	0x001e7618	READ_WRITE	0
0x0018bd78	0x001e7618	READ_WRITE	0
0x0018bd7f	0x001e7718	WRITE	0
0x0018bd8c	0xStack[-0x10]	DATA	0
0x0018bda4	0x001e7714	READ	1
0x0018bda9	0x001e7714	WRITE	0
0x0018bdb7	0x0018be59	CONDITIONAL_JUMP	0
0x0018bdbd	0x001e76f4	DATA	1
0x0018bdc4	0x001e770c	DATA	1
0x0018bdca	0x0018bdfd	CONDITIONAL_JUMP	0
0x0018bdcc	0x001e76f4	DATA	1
0x0018bdcc	0x001e76f0	DATA	1
0x0018bdd0	0x0018bdf2	CONDITIONAL_JUMP	0
0x0018bdd2	0x001e76f4	DATA	1
0x0018bdd2	0x001e76f0	DATA	1
0x0018bddb	0x001e7714	WRITE	0
0x0018bdf5	0x001e770c	DATA	1
0x0018bdfb	0x0018bdcc	CONDITIONAL_JUMP	0
0x0018bdfd	0x001e7714	WRITE	0
0x0018be07	0x001e7718	READ	0
0x0018be0d	0x0018be59	CONDITIONAL_JUMP	0
0x0018be0f	0x001e76f0	READ	1
0x0018be16	0x001e771e	READ	1
0x0018be1d	0x001e771c	READ	0
0x0018be24	0x0018be4f	CONDITIONAL_JUMP	0
0x0018be26	0x001e771c	WRITE	0
0x0018be35	0x001e7618	READ_WRITE	0
0x0018be48	0x001e7618	READ_WRITE	0
0x0018be4f	0x001e7718	WRITE	0
0x0018be5c	0xStack[-0x10]	DATA	0
0x0018be74	0x001e7714	READ	1
0x0018be79	0x001e7714	WRITE	0
0x0018be87	0x0018bf29	CONDITIONAL_JUMP	0
0x0018be8d	0x001e76f4	DATA	1
0x0018be94	0x001e770c	DATA	1
0x0018be9a	0x0018becd	CONDITIONAL_JUMP	0
0x0018be9c	0x001e76f4	DATA	1
0x0018be9c	0x001e76f0	DATA	1
0x0018bea0	0x0018bec2	CONDITIONAL_JUMP	0
0x0018bea2	0x001e76f4	DATA	1
0x0018bea2	0x001e76f0	DATA	1
0x0018beab	0x001e7714	WRITE	0
0x0018bec5	0x001e770c	DATA	1
0x0018becb	0x0018be9c	CONDITIONAL_JUMP	0
0x0018becd	0x001e7714	WRITE	0
0x0018bed7	0x001e7718	READ	0
0x0018bedd	0x0018bf29	CONDITIONAL_JUMP	0
0x0018bedf	0x001e76f0	READ	1
0x0018bee6	0x001e771e	READ	1
0x0018beed	0x001e771c	READ	0
0x0018bef4	0x0018bf1f	CONDITIONAL_JUMP	0
0x0018bef6	0x001e771c	WRITE	0
0x0018bf05	0x001e7618	READ_WRITE	0
0x0018bf18	0x001e7618	READ_WRITE	0
0x0018bf1f	0x001e7718	WRITE	0
0x0018bf2c	0xStack[-0x10]	DATA	0
0x0018bf44	0x001e7714	READ	1
0x0018bf49	0x001e7714	WRITE	0
0x0018bf57	0x0018bff9	CONDITIONAL_JUMP	0
0x0018bf5d	0x001e76f4	DATA	1
0x0018bf64	0x001e770c	DATA	1
0x0018bf6a	0x0018bf9d	CONDITIONAL_JUMP	0
0x0018bf6c	0x001e76f4	DATA	1
0x0018bf6c	0x001e76f0	DATA	1
0x0018bf70	0x0018bf92	CONDITIONAL_JUMP	0
0x0018bf72	0x001e76f4	DATA	1
0x0018bf72	0x001e76f0	DATA	1
0x0018bf7b	0x001e7714	WRITE	0
0x0018bf95	0x001e770c	DATA	1
0x0018bf9b	0x0018bf6c	CONDITIONAL_JUMP	0
0x0018bf9d	0x001e7714	WRITE	0
0x0018bfa7	0x001e7718	READ	0
0x0018bfad	0x0018bff9	CONDITIONAL_JUMP	0
0x0018bfaf	0x001e76f0	READ	1
0x0018bfb6	0x001e771e	READ	1
0x0018bfbd	0x001e771c	READ	0
0x0018bfc4	0x0018bfef	CONDITIONAL_JUMP	0
0x0018bfc6	0x001e771c	WRITE	0
0x0018bfd5	0x001e7618	READ_WRITE	0
0x0018bfe8	0x001e7618	READ_WRITE	0
0x0018bfef	0x001e7718	WRITE	0
0x0018bffc	0xStack[-0x10]	DATA	0
0x0018c014	0x001e7714	READ	1
0x0018c019	0x001e7714	WRITE	0
0x0018c027	0x0018c0c9	CONDITIONAL_JUMP	0
0x0018c02d	0x001e76f4	DATA	1
0x0018c034	0x001e7710	DATA	1
0x0018c03a	0x0018c06d	CONDITIONAL_JUMP	0
0x0018c03c	0x001e76f4	DATA	1
0x0018c03c	0x001e76f0	DATA	1
0x0018c040	0x0018c062	CONDITIONAL_JUMP	0
0x0018c042	0x001e76f4	DATA	1
0x0018c042	0x001e76f0	DATA	1
0x0018c04b	0x001e7714	WRITE	0
0x0018c065	0x001e7710	DATA	1
0x0018c06b	0x0018c03c	CONDITIONAL_JUMP	0
0x0018c06d	0x001e7714	WRITE	0
0x0018c077	0x001e7718	READ	0
0x0018c07d	0x0018c0c9	CONDITIONAL_JUMP	0
0x0018c07f	0x001e76f2	READ	1
0x0018c086	0x001e771e	READ	1
0x0018c08d	0x001e771c	READ	0
0x0018c094	0x0018c0bf	CONDITIONAL_JUMP	0
0x0018c096	0x001e771c	WRITE	0
0x0018c0a5	0x001e7618	READ_WRITE	0
0x0018c0b8	0x001e7618	READ_WRITE	0
0x0018c0bf	0x001e7718	WRITE	0
0x0018c0cc	0xStack[-0x10]	DATA	0
0x0018c0e4	0x001e7714	READ	1
0x0018c0e9	0x001e7714	WRITE	0
0x0018c0f7	0x0018c199	CONDITIONAL_JUMP	0
0x0018c0fd	0x001e76f4	DATA	1
0x0018c104	0x001e7710	DATA	1
0x0018c10a	0x0018c13d	CONDITIONAL_JUMP	0
0x0018c10c	0x001e76f4	DATA	1
0x0018c10c	0x001e76f0	DATA	1
0x0018c110	0x0018c132	CONDITIONAL_JUMP	0
0x0018c112	0x001e76f4	DATA	1
0x0018c112	0x001e76f0	DATA	1
0x0018c11b	0x001e7714	WRITE	0
0x0018c135	0x001e7710	DATA	1
0x0018c13b	0x0018c10c	CONDITIONAL_JUMP	0
0x0018c13d	0x001e7714	WRITE	0
0x0018c147	0x001e7718	READ	0
0x0018c14d	0x0018c199	CONDITIONAL_JUMP	0
0x0018c14f	0x001e76f2	READ	1
0x0018c156	0x001e771e	READ	1
0x0018c15d	0x001e771c	READ	0
0x0018c164	0x0018c18f	CONDITIONAL_JUMP	0
0x0018c166	0x001e771c	WRITE	0
0x0018c175	0x001e7618	READ_WRITE	0
0x0018c188	0x001e7618	READ_WRITE	0
0x0018c18f	0x001e7718	WRITE	0
0x0018c19c	0xStack[-0x10]	DATA	0
0x0018c1b1	0xStack[0x4]	READ	1
0x0018c1b5	0x001e7714	READ	1
0x0018c1ba	0x001e7714	WRITE	0
0x0018c1c0	0xStack[-0x8]	WRITE	0
0x0018c1c5	0x0018c261	CONDITIONAL_JUMP	0
0x0018c1cb	0x001e76f4	DATA	1
0x0018c1d2	0x001e76f4	DATA	1
0x0018c1db	0x0018c20c	CONDITIONAL_JUMP	0
0x0018c1e0	0x001e76f4	DATA	1
0x0018c1e0	0x001e76f0	DATA	1
0x0018c1e4	0x0018c205	CONDITIONAL_JUMP	0
0x0018c1e6	0x001e76f4	DATA	1
0x0018c1e6	0x001e76f0	DATA	1
0x0018c1ef	0x001e7714	WRITE	0
0x0018c20a	0x0018c1e0	CONDITIONAL_JUMP	0
0x0018c20c	0x001e7714	WRITE	0
0x0018c212	0x001e7718	READ	0
0x0018c218	0x0018c261	CONDITIONAL_JUMP	0
0x0018c21a	0x001e76e4	DATA	1
0x0018c222	0x001e771e	READ	1
0x0018c229	0x001e771c	READ	0
0x0018c230	0x0018c25b	CONDITIONAL_JUMP	0
0x0018c232	0x001e771c	WRITE	0
0x0018c241	0x001e7618	READ_WRITE	0
0x0018c254	0x001e7618	READ_WRITE	0
0x0018c25b	0x001e7718	WRITE	0
0x0018c262	0xStack[-0x8]	READ	1
0x0018c265	0xStack[-0x14]	DATA	0
0x0018c273	0xStack[0x4]	READ	1
0x0018c27f	0x001e7714	READ	1
0x0018c29a	0x001e7618	READ_WRITE	0
0x0018c2a9	0x001e7618	READ_WRITE	0
0x0018c2b3	0x001e7618	READ_WRITE	0
0x0018c2bd	0x001e7618	READ_WRITE	0
0x0018c2cc	0x001e7618	READ_WRITE	0
0x0018c2db	0x001e7618	READ_WRITE	0
0x0018c2ea	0x001e7618	READ_WRITE	0
0x0018c2f4	0x001e7618	READ_WRITE	0
0x0018c2fe	0x001e7618	READ_WRITE	0
0x0018c30d	0x001e7618	READ_WRITE	0
0x0018c319	0x001e76e4	DATA	1
0x0018c324	0x001e76e4	WRITE	0
0x0018c324	0x001e76e6	WRITE	0
0x0018c330	0x0018c324	CONDITIONAL_JUMP	0
0x0018c332	0x001e771e	WRITE	0
0x0018c33b	0x001e7718	READ	0
0x0018c342	0x0018c387	CONDITIONAL_JUMP	0
0x0018c344	0x001e76f2	READ	1
0x0018c34b	0x001e771c	READ	0
0x0018c352	0x0018c37d	CONDITIONAL_JUMP	0
0x0018c354	0x001e771c	WRITE	0
0x0018c363	0x001e7618	READ_WRITE	0
0x0018c376	0x001e7618	READ_WRITE	0
0x0018c37d	0x001e7718	WRITE	0
0x0018c387	0x001e7714	WRITE	0
0x0018c392	0xStack[-0xc]	DATA	0
0x0018c3a5	0xStack[0x4]	READ	1
0x0018c3a8	0xStack[0x10]	READ	1
0x0018c3ae	0x0018c3cf	CONDITIONAL_JUMP	0
0x0018c3b3	0x0018c3cf	CONDITIONAL_JUMP	0
0x0018c3b8	0x0018c3cf	CONDITIONAL_JUMP	0
0x0018c3c0	0xStack[-0x8]	WRITE	0
0x0018c3c3	0x001e7624	DATA	1
0x0018c3c8	0x001e7628	DATA	0
0x0018c3cd	0x0018c3d8	CONDITIONAL_JUMP	0
0x0018c3d1	0x0018c4aa	UNCONDITIONAL_JUMP	0
0x0018c3e1	0xStack[-0x10]	WRITE	0
0x0018c3e4	0xStack[0xc]	READ	1
0x0018c3e7	0xStack[-0x8]	READ	1
0x0018c3ea	0x001e7624	DATA	0
0x0018c3f0	0xStack[0x8]	READ	1
0x0018c3f3	0x001e7624	DATA	1
0x0018c3f8	0x001e7628	DATA	0
0x0018c3fc	0x001e762c	DATA	0
0x0018c40e	0xStack[-0x8]	WRITE	0
0x0018c413	0x001e76e4	DATA	1
0x0018c413	0xStack[-0xc]	WRITE	0
0x0018c41a	0xStack[-0x8]	READ	1
0x0018c426	0x0018c430	CONDITIONAL_JUMP	0
0x0018c428	0xStack[-0xc]	READ	1
0x0018c42b	0x001e76e4	READ_WRITE	0
0x0018c42b	0x001e76e6	READ_WRITE	0
0x0018c42e	0x0018c43a	UNCONDITIONAL_JUMP	0
0x0018c430	0xStack[-0x8]	READ	1
0x0018c434	0xStack[-0xc]	READ	1
0x0018c437	0x001e76e6	READ_WRITE	0
0x0018c43b	0x001e76e6	DATA	1
0x0018c43b	0x001e76e8	DATA	1
0x0018c43b	0xStack[-0xc]	READ_WRITE	0
0x0018c442	0x0018c424	CONDITIONAL_JUMP	0
0x0018c444	0xStack[-0x8]	READ	1
0x0018c448	0x001e771e	READ	1
0x0018c44f	0x001e771e	WRITE	0
0x0018c456	0x001e7718	READ	1
0x0018c45d	0x001e76e4	DATA	1
0x0018c465	0x001e771c	READ	0
0x0018c46c	0x0018c497	CONDITIONAL_JUMP	0
0x0018c46e	0x001e771c	WRITE	0
0x0018c47d	0x001e7618	READ_WRITE	0
0x0018c490	0x001e7618	READ_WRITE	0
0x0018c499	0xStack[-0x10]	READ	0
0x0018c49d	0x0018c4a4	CONDITIONAL_JUMP	0
0x0018c4a0	0x0018c4a5	UNCONDITIONAL_JUMP	0
0x0018c4aa	0xStack[-0x1c]	DATA	0
0x0018c4bd	0xStack[0x4]	READ	1
0x0018c4c3	0x0018c4dd	CONDITIONAL_JUMP	0
0x0018c4c8	0x0018c4dd	CONDITIONAL_JUMP	0
0x0018c4d4	0x001e7628	DATA	0
0x0018c4db	0x0018c4e4	CONDITIONAL_JUMP	0
0x0018c4df	0x0018c596	UNCONDITIONAL_JUMP	0
0x0018c4ef	0x001e7624	DATA	0
0x0018c4f9	0x001e7628	DATA	0
0x0018c503	0x001e762c	DATA	0
0x0018c51b	0xStack[-0x8]	WRITE	0
0x0018c522	0x001e76e4	DATA	1
0x0018c528	0x001e76e4	READ_WRITE	0
0x0018c528	0x001e76e6	READ_WRITE	0
0x0018c52b	0xStack[-0x8]	READ_WRITE	0
0x0018c531	0xStack[-0x8]	READ	0
0x0018c535	0x0018c528	CONDITIONAL_JUMP	0
0x0018c537	0x001e7718	READ	1
0x0018c53c	0x001e76e4	DATA	1
0x0018c544	0x001e771e	READ	1
0x0018c54b	0x001e771c	READ	0
0x0018c552	0x0018c57f	CONDITIONAL_JUMP	0
0x0018c554	0x001e771c	WRITE	0
0x0018c565	0x001e7618	READ_WRITE	0
0x0018c578	0x001e7618	READ_WRITE	0
0x0018c583	0x0018c588	CONDITIONAL_JUMP	0
0x0018c586	0x0018c589	UNCONDITIONAL_JUMP	0
0x0018c58c	0x0018c7b0	UNCONDITIONAL_CALL	0
0x0018c596	0xStack[-0x14]	DATA	0
0x0018c5a4	0xStack[0x4]	READ	1
0x0018c5aa	0x0018c5b1	CONDITIONAL_JUMP	0
0x0018c5af	0x0018c5b8	CONDITIONAL_JUMP	0
0x0018c5b3	0x0018c62e	UNCONDITIONAL_JUMP	0
0x0018c5ca	0x001e771e	READ	1
0x0018c5d4	0x001e771e	WRITE	0
0x0018c5db	0x001e7718	READ	1
0x0018c5e2	0x001e76e4	DATA	1
0x0018c5ea	0x001e771c	READ	0
0x0018c5f1	0x0018c61c	CONDITIONAL_JUMP	0
0x0018c5f3	0x001e771c	WRITE	0
0x0018c602	0x001e7618	READ_WRITE	0
0x0018c615	0x001e7618	READ_WRITE	0
0x0018c620	0x0018c628	CONDITIONAL_JUMP	0
0x0018c623	0x0018c629	UNCONDITIONAL_JUMP	0
0x0018c62e	0xStack[-0x8]	READ	1
0x0018c63c	0xStack[0x4]	READ	1
0x0018c642	0x0018c649	CONDITIONAL_JUMP	0
0x0018c647	0x0018c650	CONDITIONAL_JUMP	0
0x0018c64b	0x0018c6c2	UNCONDITIONAL_JUMP	0
0x0018c664	0x001e771e	READ	1
0x0018c66b	0x001e771e	WRITE	0
0x0018c672	0x001e7718	READ	1
0x0018c679	0x001e76e4	DATA	1
0x0018c681	0x001e771c	READ	0
0x0018c688	0x0018c6b3	CONDITIONAL_JUMP	0
0x0018c68a	0x001e771c	WRITE	0
0x0018c699	0x001e7618	READ_WRITE	0
0x0018c6ac	0x001e7618	READ_WRITE	0
0x0018c6b7	0x0018c6bc	CONDITIONAL_JUMP	0
0x0018c6ba	0x0018c6bd	UNCONDITIONAL_JUMP	0
0x0018c6c2	0xStack[-0x8]	READ	1
0x0018c6d5	0xStack[0x4]	READ	1
0x0018c6d8	0xStack[0x8]	READ	1
0x0018c6de	0x0018c6ff	CONDITIONAL_JUMP	0
0x0018c6e3	0x0018c6ff	CONDITIONAL_JUMP	0
0x0018c6e8	0x0018c6ff	CONDITIONAL_JUMP	0
0x0018c6f0	0xStack[-0x8]	WRITE	0
0x0018c6f3	0x001e7624	DATA	1
0x0018c6f8	0x001e7628	DATA	0
0x0018c6fd	0x0018c708	CONDITIONAL_JUMP	0
0x0018c701	0x0018c7a6	UNCONDITIONAL_JUMP	0
0x0018c713	0xStack[-0x8]	READ	1
0x0018c716	0x001e762c	DATA	0
0x0018c728	0x001e76e4	DATA	1
0x0018c728	0xStack[-0x8]	WRITE	0
0x0018c736	0x0018c740	CONDITIONAL_JUMP	0
0x0018c738	0xStack[-0x8]	READ	1
0x0018c73b	0x001e76e4	READ_WRITE	0
0x0018c73b	0x001e76e6	READ_WRITE	0
0x0018c73e	0x0018c746	UNCONDITIONAL_JUMP	0
0x0018c740	0xStack[-0x8]	READ	1
0x0018c743	0x001e76e6	READ_WRITE	0
0x0018c747	0x001e76e6	DATA	1
0x0018c747	0x001e76e8	DATA	1
0x0018c747	0xStack[-0x8]	READ_WRITE	0
0x0018c74e	0x0018c734	CONDITIONAL_JUMP	0
0x0018c750	0x001e7718	READ	1
0x0018c755	0x001e76e4	DATA	1
0x0018c75d	0x001e771e	READ	1
0x0018c764	0x001e771c	READ	0
0x0018c76b	0x0018c796	CONDITIONAL_JUMP	0
0x0018c76d	0x001e771c	WRITE	0
0x0018c77c	0x001e7618	READ_WRITE	0
0x0018c78f	0x001e7618	READ_WRITE	0
0x0018c79a	0x0018c7a0	CONDITIONAL_JUMP	0
0x0018c79d	0x0018c7a1	UNCONDITIONAL_JUMP	0
0x0018c7a6	0xStack[-0x14]	DATA	0
0x0018c7b8	0xStack[0x4]	READ	1
0x0018c7bb	0xStack[-0x8]	WRITE	0
0x0018c7be	0x001946e0	UNCONDITIONAL_CALL	0
0x0018c7c3	0xStack[-0x8]	READ	1
0x0018c7c8	0x0018c7d9	CONDITIONAL_JUMP	0
0x0018c7cd	0x0018c7d9	CONDITIONAL_JUMP	0
0x0018c7cf	0x001e2208	DATA	0
0x0018c7d7	0x0018c7e0	CONDITIONAL_JUMP	0
0x0018c7db	0x0018c852	UNCONDITIONAL_JUMP	0
0x0018c7eb	0x001e7720	READ	1
0x0018c7f2	0xStack[0x8]	READ	0
0x0018c7f6	0x0018c804	CONDITIONAL_JUMP	0
0x0018c802	0x0018c80e	UNCONDITIONAL_JUMP	0
0x0018c80e	0x001e7720	READ	0
0x0018c815	0x0018c842	CONDITIONAL_JUMP	0
0x0018c817	0x001e7720	WRITE	0
0x0018c828	0x001e7618	READ_WRITE	0
0x0018c83b	0x001e7618	READ_WRITE	0
0x0018c846	0x0018c84c	CONDITIONAL_JUMP	0
0x0018c849	0x0018c84d	UNCONDITIONAL_JUMP	0
0x0018c852	0xStack[-0x10]	DATA	0
0x0018c865	0xStack[0x4]	READ	1
0x0018c868	0xStack[-0x8]	WRITE	0
0x0018c874	0x001e7624	DATA	1
0x0018c87b	0x001f7a10	READ_WRITE	0
0x0018c884	0x0018c890	CONDITIONAL_JUMP	0
0x0018c88e	0x0018c89f	CONDITIONAL_JUMP	0
0x0018c893	0x0018c8ac	CONDITIONAL_JUMP	0
0x0018c89d	0x0018c8ac	CONDITIONAL_JUMP	0
0x0018c89f	0x001f7a18	READ_WRITE	0
0x0018c8a5	0x0018c9d0	UNCONDITIONAL_JUMP	0
0x0018c8ac	0x001e762c	DATA	1
0x0018c8af	0x001e7718	READ	1
0x0018c8b7	0x0018c90b	CONDITIONAL_JUMP	0
0x0018c8b9	0x001e76e4	DATA	1
0x0018c8c1	0x001e771e	READ	1
0x0018c8c8	0xStack[-0x10]	WRITE	0
0x0018c8cc	0x001e771c	READ	0
0x0018c8d3	0x0018c905	CONDITIONAL_JUMP	0
0x0018c8d5	0x001e771c	WRITE	0
0x0018c8db	0xStack[-0x10]	READ	1
0x0018c8e6	0x001e7618	READ_WRITE	0
0x0018c8ed	0xStack[-0x10]	READ	1
0x0018c8f5	0xStack[-0xc]	WRITE	0
0x0018c8fe	0x001e7618	READ_WRITE	0
0x0018c905	0x001e7718	WRITE	0
0x0018c915	0x001e7618	READ_WRITE	0
0x0018c924	0x001e7618	READ_WRITE	0
0x0018c92b	0x001e7628	DATA	1
0x0018c92f	0x0018c944	CONDITIONAL_JUMP	0
0x0018c932	0x001e2248	DATA	0
0x0018c937	0x0010c0d8	UNCONDITIONAL_CALL	0
0x0018c93c	0x0018c9d0	UNCONDITIONAL_JUMP	0
0x0018c944	0x001e7714	READ	1
0x0018c94a	0x001e762c	DATA	1
0x0018c94f	0x0018c9c0	CONDITIONAL_JUMP	0
0x0018c951	0x001e7714	WRITE	0
0x0018c959	0xStack[-0x8]	READ	1
0x0018c95d	0x001e7624	DATA	1
0x0018c960	0x001e7628	DATA	1
0x0018c963	0xStack[-0xc]	WRITE	0
0x0018c969	0x001e7714	WRITE	0
0x0018c96f	0x001e7718	READ	0
0x0018c975	0x0018c9d0	CONDITIONAL_JUMP	0
0x0018c977	0x001e76e4	DATA	1
0x0018c97f	0x001e771e	READ	1
0x0018c986	0x001e771c	READ	0
0x0018c98d	0x0018c9b8	CONDITIONAL_JUMP	0
0x0018c98f	0x001e771c	WRITE	0
0x0018c99e	0x001e7618	READ_WRITE	0
0x0018c9b1	0x001e7618	READ_WRITE	0
0x0018c9b8	0x001e7718	WRITE	0
0x0018c9be	0x0018c9d0	UNCONDITIONAL_JUMP	0
0x0018c9c0	0x001f7a14	READ_WRITE	0
0x0018c9c6	0x001e762c	DATA	1
0x0018c9c9	0x001e76f4	DATA	0
0x0018c9d0	0xStack[-0x1c]	DATA	0
0x0018c9df	0xStack[0x4]	READ	1
0x0018c9f3	0xStack[0x4]	READ	1
0x0018ca07	0xStack[0x4]	READ	1
0x0018ca1b	0xStack[0x4]	READ	1
0x0018ca1f	0xStack[0x8]	READ	1
0x0018ca23	0x001e7724	READ_WRITE	0
0x0018ca33	0xStack[0x4]	READ	1
0x0018ca37	0xStack[0x8]	READ	1
0x0018ca3d	0x001e7728	READ_WRITE	0
0x0018ca4b	0xStack[0x4]	READ	1
0x0018ca4f	0xStack[0x8]	READ	1
0x0018ca54	0x001e772c	READ_WRITE	0
0x0018ca65	0xStack[0x8]	READ	1
0x0018ca68	0xStack[0xc]	READ	1
0x0018ca6b	0xStack[0x4]	READ	1
0x0018ca6f	0x0018ca7e	UNCONDITIONAL_JUMP	0
0x0018ca83	0x0018ca74	CONDITIONAL_JUMP	0
0x0018ca85	0xStack[-0xc]	DATA	0
0x0018ca95	0xStack[0x8]	READ	1
0x0018ca98	0xStack[0xc]	READ	1
0x0018ca9b	0xStack[0x4]	READ	1
0x0018ca9f	0x0018cab5	UNCONDITIONAL_JUMP	0
0x0018caae	0x001e7728	READ_WRITE	0
0x0018caba	0x0018caa4	CONDITIONAL_JUMP	0
0x0018cabc	0xStack[-0xc]	DATA	0
0x0018cacb	0xStack[0x4]	READ	1
0x0018cace	0x001e8e08	READ	1
0x0018cad6	0x0018cb00	CONDITIONAL_JUMP	0
0x0018cad8	0x0018cae4	CONDITIONAL_JUMP	0
0x0018cadd	0x0018cb18	CONDITIONAL_JUMP	0
0x0018cadf	0x0018cb1d	UNCONDITIONAL_JUMP	0
0x0018cae7	0x0018cb08	CONDITIONAL_JUMP	0
0x0018caee	0x0018cb00	CONDITIONAL_JUMP	0
0x0018caf0	0x0018cb1d	UNCONDITIONAL_JUMP	0
0x0018cb03	0x0018caf4	CONDITIONAL_JUMP	0
0x0018cb05	0x0018cb10	UNCONDITIONAL_JUMP	0
0x0018cb0e	0x0018caf4	CONDITIONAL_JUMP	0
0x0018cb16	0x0018caf4	CONDITIONAL_JUMP	0
0x0018cb1b	0x0018caf4	CONDITIONAL_JUMP	0
0x0018cb27	0xStack[0x4]	READ	1
0x0018cb2a	0x001e8e08	READ	1
0x0018cb32	0x0018cb68	CONDITIONAL_JUMP	0
0x0018cb34	0x0018cb40	CONDITIONAL_JUMP	0
0x0018cb39	0x0018cb50	CONDITIONAL_JUMP	0
0x0018cb3b	0x0018cbc4	UNCONDITIONAL_JUMP	0
0x0018cb43	0x0018cbac	CONDITIONAL_JUMP	0
0x0018cb4a	0x0018cb98	CONDITIONAL_JUMP	0
0x0018cb4c	0x0018cbc4	UNCONDITIONAL_JUMP	0
0x0018cb53	0x0018cb60	CONDITIONAL_JUMP	0
0x0018cb6b	0x0018cb8c	CONDITIONAL_JUMP	0
0x0018cb6d	0x0018cb78	CONDITIONAL_JUMP	0
0x0018cb72	0x0018cb55	CONDITIONAL_JUMP	0
0x0018cb74	0x0018cb60	UNCONDITIONAL_JUMP	0
0x0018cb7e	0x0018cb60	CONDITIONAL_JUMP	0
0x0018cb9b	0x0018cb80	CONDITIONAL_JUMP	0
0x0018cb9d	0x0018cb6f	CONDITIONAL_JUMP	0
0x0018cba5	0x0018cb8c	CONDITIONAL_JUMP	0
0x0018cba7	0x0018cb60	UNCONDITIONAL_JUMP	0
0x0018cbaf	0x0018cb8c	CONDITIONAL_JUMP	0
0x0018cbb1	0x0018cb6f	CONDITIONAL_JUMP	0
0x0018cbb6	0x0018cb78	CONDITIONAL_JUMP	0
0x0018cbcf	0x001e2278	READ	1
0x0018cbd4	0x001e226a	WRITE	0
0x0018cbda	0x001e226c	WRITE	0
0x0018cbde	0x001e226f	WRITE	0
0x0018cbe2	0x001e226d	WRITE	0
0x0018cbe6	0x001e226e	READ_WRITE	0
0x0018cbea	0x001e2268	WRITE	0
0x0018cbf0	0x001e226e	READ	1
0x0018cbf9	0x001e226e	WRITE	0
0x0018cbfc	0x001e2278	READ	1
0x0018cbfc	0x001e2260	DATA	0
0x0018cc01	0x001e2272	WRITE	0
0x0018cc07	0x001e2274	WRITE	0
0x0018cc0b	0x001e2277	WRITE	0
0x0018cc0f	0x001e2275	WRITE	0
0x0018cc13	0x001e2276	READ_WRITE	0
0x0018cc17	0x001e2270	WRITE	0
0x0018cc1d	0x001e2276	READ_WRITE	0
0x0018cc2b	0x001f7a48	READ	1
0x0018cc34	0x00108b84	UNCONDITIONAL_CALL	0
0x0018cc43	0xStack[0x4]	READ	1
0x0018cc46	0x001dfb90	READ	0
0x0018cc4d	0x0018cc64	CONDITIONAL_JUMP	0
0x0018cc4f	0x001f7a48	WRITE	0
0x0018cc56	0x0018cc28	DATA	0
0x0018cc5b	0x00169208	UNCONDITIONAL_CALL	0
0x0018cc69	0x00108b84	UNCONDITIONAL_CALL	0
0x0018cc79	0xStack[0x4]	READ	1
0x0018cc8e	0x001e7730	READ_WRITE	0
0x0018cc99	0x0018cc80	CONDITIONAL_JUMP	0
0x0018cc9b	0xStack[-0xc]	DATA	0
0x0018ccad	0x0018c0d8	UNCONDITIONAL_CALL	0
0x0018ccb2	0xStack[-0x8]	WRITE	0
0x0018ccb5	0xStack[0x4]	READ	1
0x0018ccb8	0x001e22c8	DATA	1
0x0018ccc5	0x001e22c8	READ	0
0x0018ccc5	0x001e22c9	READ	0
0x0018cccf	0xStack[-0xc]	WRITE	0
0x0018ccd2	0xStack[0x4]	READ	1
0x0018ccd5	0x001e22d0	DATA	1
0x0018cce2	0x001e22d0	READ	0
0x0018cce2	0x001e22d1	READ	0
0x0018ccec	0x0018ccf1	CONDITIONAL_JUMP	0
0x0018ccee	0xStack[0xc]	WRITE	0
0x0018ccf6	0xStack[-0xc]	READ	0
0x0018ccfa	0x0018cd14	CONDITIONAL_JUMP	0
0x0018ccfc	0x001e227c	DATA	0
0x0018cd01	0xStack[0x8]	READ	1
0x0018cd05	0x00195ec0	UNCONDITIONAL_CALL	0
0x0018cd0a	0xStack[-0xc]	WRITE	0
0x0018cd11	0x0018cd22	UNCONDITIONAL_JUMP	0
0x0018cd14	0x001e22d6	DATA	0
0x0018cd19	0xStack[0x8]	READ	1
0x0018cd1d	0x00195ec0	UNCONDITIONAL_CALL	0
0x0018cd27	0x0018cd2e	CONDITIONAL_JUMP	0
0x0018cd29	0x001974f4	UNCONDITIONAL_CALL	0
0x0018cd2e	0xStack[-0xc]	READ	0
0x0018cd32	0x0018cdac	CONDITIONAL_JUMP	0
0x0018cd34	0x00196084	UNCONDITIONAL_CALL	0
0x0018cd3e	0x0018cd70	CONDITIONAL_JUMP	0
0x0018cd40	0x001dfb90	READ	0
0x0018cd47	0x0018cd64	CONDITIONAL_JUMP	0
0x0018cd49	0x001f7a48	WRITE	0
0x0018cd55	0x0018cc28	DATA	0
0x0018cd5a	0x00169208	UNCONDITIONAL_CALL	0
0x0018cd5f	0x0018cd6d	UNCONDITIONAL_JUMP	0
0x0018cd68	0x00108b84	UNCONDITIONAL_CALL	0
0x0018cd73	0x0018cda4	CONDITIONAL_JUMP	0
0x0018cd75	0x001dfb90	READ	0
0x0018cd7c	0x0018cd98	CONDITIONAL_JUMP	0
0x0018cd7e	0x001f7a48	WRITE	0
0x0018cd8a	0x0018cc28	DATA	0
0x0018cd8f	0x00169208	UNCONDITIONAL_CALL	0
0x0018cd94	0x0018cda1	UNCONDITIONAL_JUMP	0
0x0018cd9c	0x00108b84	UNCONDITIONAL_CALL	0
0x0018cda7	0x0018cd34	CONDITIONAL_JUMP	0
0x0018cda9	0x0018cdc1	UNCONDITIONAL_JUMP	0
0x0018cdac	0xStack[0xc]	READ	1
0x0018cdb1	0xStack[0x4]	READ	1
0x0018cdb5	0x001601d0	UNCONDITIONAL_CALL	0
0x0018cdbf	0x0018cdac	CONDITIONAL_JUMP	0
0x0018cdc3	0x0018cdd3	CONDITIONAL_JUMP	0
0x0018cdc5	0x001f7a40	READ	0
0x0018cdcc	0x0018cdd3	CONDITIONAL_JUMP	0
0x0018cdce	0x00195758	UNCONDITIONAL_CALL	0
0x0018cdd3	0x001f7a40	WRITE	0
0x0018cddd	0xStack[-0x8]	READ	1
0x0018cde1	0x0018b544	UNCONDITIONAL_CALL	0
0x0018cde6	0xStack[-0x18]	DATA	0
0x0018cdf7	0xStack[0x8]	DATA	0
0x0018cdfb	0xStack[0x4]	READ	1
0x0018cdff	0x0010c290	UNCONDITIONAL_CALL	0
0x0018ce11	0xStack[0x8]	READ	1
0x0018ce16	0x0018ce93	CONDITIONAL_JUMP	0
0x0018ce18	0xStack[-0x6]	DATA	0
0x0018ce1b	0xStack[-0xc]	WRITE	0
0x0018ce20	0xStack[0x4]	READ	1
0x0018ce49	0x0018ce8c	CONDITIONAL_JUMP	0
0x0018ce50	0x0018ce8c	CONDITIONAL_JUMP	0
0x0018ce54	0xStack[-0xc]	READ	1
0x0018ce59	0x00189a5c	UNCONDITIONAL_CALL	0
0x0018ce63	0x0018ce74	CONDITIONAL_JUMP	0
0x0018ce65	0xStack[0x8]	READ	1
0x0018ce6f	0x0018ce93	UNCONDITIONAL_JUMP	0
0x0018ce74	0xStack[0xc]	READ	1
0x0018ce78	0xStack[-0x6]	READ_WRITE	0
0x0018ce7f	0xStack[-0xc]	READ	1
0x0018ce83	0x00189cec	UNCONDITIONAL_CALL	0
0x0018ce88	0x0018ce93	UNCONDITIONAL_JUMP	0
0x0018ce91	0x0018ce20	CONDITIONAL_JUMP	0
0x0018ce93	0xStack[-0x18]	DATA	0
0x0018cea5	0xStack[0x4]	READ	1
0x0018cea8	0x001f7a1c	READ	1
0x0018ceb1	0x0018ced4	CONDITIONAL_JUMP	0
0x0018ceb3	0x0018ced4	COMPUTED_JUMP	-1
0x0018ceb3	0x0018cedc	COMPUTED_JUMP	-1
0x0018ceb3	0x0018cee4	COMPUTED_JUMP	-1
0x0018ceb3	0x0018ceec	COMPUTED_JUMP	-1
0x0018ceb3	0x0018cef4	COMPUTED_JUMP	-1
0x0018ceb3	0x0018cefc	COMPUTED_JUMP	-1
0x0018ceb3	0x0018cebc	DATA	0
0x0018cebc	0x0018ced4	DATA	0
0x0018cec0	0x0018cedc	DATA	0
0x0018cec4	0x0018cee4	DATA	0
0x0018cec8	0x0018ceec	DATA	0
0x0018cecc	0x0018cef4	DATA	0
0x0018ced0	0x0018cefc	DATA	0
0x0018ced4	0x001e22d8	DATA	0
0x0018ced9	0x0018cf01	UNCONDITIONAL_JUMP	0
0x0018cedc	0x001e22fd	DATA	0
0x0018cee1	0x0018cf01	UNCONDITIONAL_JUMP	0
0x0018cee4	0x001e2342	DATA	0
0x0018cee9	0x0018cf01	UNCONDITIONAL_JUMP	0
0x0018ceec	0x001e2378	DATA	0
0x0018cef1	0x0018cf01	UNCONDITIONAL_JUMP	0
0x0018cef4	0x001e239e	DATA	0
0x0018cef9	0x0018cf01	UNCONDITIONAL_JUMP	0
0x0018cefc	0x001e23be	DATA	0
0x0018cf01	0x0018cf54	UNCONDITIONAL_CALL	0
0x0018cf09	0x00195a30	UNCONDITIONAL_CALL	0
0x0018cf18	0x001e23e6	READ	1
0x0018cf18	0x001e23e7	READ	1
0x0018cf21	0x001e7730	READ_WRITE	0
0x0018cf2c	0x0018cf10	CONDITIONAL_JUMP	0
0x0018cf2e	0x0018b514	UNCONDITIONAL_CALL	0
0x0018cf33	0x001e8e0c	WRITE	0
0x0018cf43	0x0018cf50	CONDITIONAL_JUMP	0
0x0018cf49	0x001874ec	UNCONDITIONAL_CALL	0
0x0018cf58	0xStack[0x4]	READ	1
0x0018cf5c	0x0010c0d8	UNCONDITIONAL_CALL	0
0x0018cf64	0x001f7a44	READ	0
0x0018cf6c	0x0018cf74	CONDITIONAL_JUMP	0
0x0018cf6f	0x001975ac	UNCONDITIONAL_CALL	0
0x0018cf74	0xStack[-0x8]	READ	1
0x0018cf80	0xStack[0x8]	READ	0
0x0018cf84	0x0018cfae	CONDITIONAL_JUMP	0
0x0018cf86	0x001e23eb	DATA	0
0x0018cf8b	0x00197988	UNCONDITIONAL_CALL	0
0x0018cf96	0x0010c0d8	UNCONDITIONAL_CALL	0
0x0018cf9e	0x001f7a44	READ	0
0x0018cfa6	0x0018cfae	CONDITIONAL_JUMP	0
0x0018cfa9	0x001975ac	UNCONDITIONAL_CALL	0
0x0018cfae	0xStack[-0x8]	READ	1
0x0018cfbd	0x0017e5ec	UNCONDITIONAL_CALL	0
0x0018cfd0	0xStack[0x8]	READ	1
0x0018cfd3	0x001f7a4c	WRITE	0
0x0018cfe0	0x0018d090	CONDITIONAL_JUMP	0
0x0018cfe6	0x001f7a1c	READ	1
0x0018cfef	0x0018d010	CONDITIONAL_JUMP	0
0x0018cff1	0x0018d010	COMPUTED_JUMP	-1
0x0018cff1	0x0018d018	COMPUTED_JUMP	-1
0x0018cff1	0x0018d020	COMPUTED_JUMP	-1
0x0018cff1	0x0018d028	COMPUTED_JUMP	-1
0x0018cff1	0x0018d030	COMPUTED_JUMP	-1
0x0018cff1	0x0018d038	COMPUTED_JUMP	-1
0x0018cff1	0x0018cff8	DATA	0
0x0018cff8	0x0018d010	DATA	0
0x0018cffc	0x0018d018	DATA	0
0x0018d000	0x0018d020	DATA	0
0x0018d004	0x0018d028	DATA	0
0x0018d008	0x0018d030	DATA	0
0x0018d00c	0x0018d038	DATA	0
0x0018d010	0x001e22d8	DATA	0
0x0018d015	0x0018d03d	UNCONDITIONAL_JUMP	0
0x0018d018	0x001e22fd	DATA	0
0x0018d01d	0x0018d03d	UNCONDITIONAL_JUMP	0
0x0018d020	0x001e2342	DATA	0
0x0018d025	0x0018d03d	UNCONDITIONAL_JUMP	0
0x0018d028	0x001e2378	DATA	0
0x0018d02d	0x0018d03d	UNCONDITIONAL_JUMP	0
0x0018d030	0x001e239e	DATA	0
0x0018d035	0x0018d03d	UNCONDITIONAL_JUMP	0
0x0018d038	0x001e23be	DATA	0
0x0018d03d	0x0018cf54	UNCONDITIONAL_CALL	0
0x0018d045	0x00195a30	UNCONDITIONAL_CALL	0
0x0018d054	0x001e23e6	READ	1
0x0018d054	0x001e23e7	READ	1
0x0018d05d	0x001e7730	READ_WRITE	0
0x0018d068	0x0018d04c	CONDITIONAL_JUMP	0
0x0018d06a	0x0018b514	UNCONDITIONAL_CALL	0
0x0018d06f	0x001e8e0c	WRITE	0
0x0018d07f	0x0018d08c	CONDITIONAL_JUMP	0
0x0018d085	0x001874ec	UNCONDITIONAL_CALL	0
0x0018d090	0xStack[0x4]	READ	0
0x0018d094	0x0018d144	CONDITIONAL_JUMP	0
0x0018d09a	0x001f7a1c	READ	1
0x0018d0a3	0x0018d0c4	CONDITIONAL_JUMP	0
0x0018d0a5	0x0018d0c4	COMPUTED_JUMP	-1
0x0018d0a5	0x0018d0cc	COMPUTED_JUMP	-1
0x0018d0a5	0x0018d0d4	COMPUTED_JUMP	-1
0x0018d0a5	0x0018d0dc	COMPUTED_JUMP	-1
0x0018d0a5	0x0018d0e4	COMPUTED_JUMP	-1
0x0018d0a5	0x0018d0ec	COMPUTED_JUMP	-1
0x0018d0a5	0x0018d0ac	DATA	0
0x0018d0ac	0x0018d0c4	DATA	0
0x0018d0b0	0x0018d0cc	DATA	0
0x0018d0b4	0x0018d0d4	DATA	0
0x0018d0b8	0x0018d0dc	DATA	0
0x0018d0bc	0x0018d0e4	DATA	0
0x0018d0c0	0x0018d0ec	DATA	0
0x0018d0c4	0x001e22d8	DATA	0
0x0018d0c9	0x0018d0f1	UNCONDITIONAL_JUMP	0
0x0018d0cc	0x001e22fd	DATA	0
0x0018d0d1	0x0018d0f1	UNCONDITIONAL_JUMP	0
0x0018d0d4	0x001e2342	DATA	0
0x0018d0d9	0x0018d0f1	UNCONDITIONAL_JUMP	0
0x0018d0dc	0x001e2378	DATA	0
0x0018d0e1	0x0018d0f1	UNCONDITIONAL_JUMP	0
0x0018d0e4	0x001e239e	DATA	0
0x0018d0e9	0x0018d0f1	UNCONDITIONAL_JUMP	0
0x0018d0ec	0x001e23be	DATA	0
0x0018d0f1	0x0018cf54	UNCONDITIONAL_CALL	0
0x0018d0f9	0x00195a30	UNCONDITIONAL_CALL	0
0x0018d108	0x001e23e6	READ	1
0x0018d108	0x001e23e7	READ	1
0x0018d111	0x001e7730	READ_WRITE	0
0x0018d11c	0x0018d100	CONDITIONAL_JUMP	0
0x0018d11e	0x0018b514	UNCONDITIONAL_CALL	0
0x0018d123	0x001e8e0c	WRITE	0
0x0018d133	0x0018d140	CONDITIONAL_JUMP	0
0x0018d139	0x001874ec	UNCONDITIONAL_CALL	0
0x0018d14a	0x0018d170	CONDITIONAL_JUMP	0
0x0018d154	0x001e7730	READ_WRITE	0
0x0018d16d	0x0018d199	UNCONDITIONAL_JUMP	0
0x0018d176	0x0018d1bd	CONDITIONAL_JUMP	0
0x0018d180	0x001e7730	READ_WRITE	0
0x0018d199	0xStack[-0x8]	WRITE	0
0x0018d1a4	0x001e7730	READ_WRITE	0
0x0018d1ab	0xStack[-0x8]	READ	1
0x0018d1b6	0x001e7730	READ_WRITE	0
0x0018d1bd	0x0018b514	UNCONDITIONAL_CALL	0
0x0018d1c2	0x001a0d90	UNCONDITIONAL_CALL	0
0x0018d1e7	0xStack[0x4]	READ	1
0x0018d1ea	0x0018d1fb	UNCONDITIONAL_JUMP	0
0x0018d1ec	0x001e17f8	READ	1
0x0018d1f9	0x0018d1f4	CONDITIONAL_JUMP	0
0x0018d200	0x0018d1ec	CONDITIONAL_JUMP	0
0x0018d20b	0xStack[0x4]	READ	1
0x0018d20e	0xStack[0x8]	READ	1
0x0018d211	0xStack[0xc]	READ	1
0x0018d228	0x00186f74	DATA	1
0x0018d23b	0xStack[0x4]	READ	1
0x0018d256	0xStack[0x4]	READ	1
0x0018d259	0xStack[0x8]	READ	1
0x0018d280	0x00186f74	DATA	1
0x0018d294	0x0018d2b3	CONDITIONAL_JUMP	0
0x0018d2b3	0x001e8b54	WRITE	0
0x0018d2c3	0x0018d2c8	CONDITIONAL_JUMP	0
0x0018d2ce	0x0018d2d8	CONDITIONAL_JUMP	0
0x0018d2d6	0x0018d31f	CONDITIONAL_JUMP	0
0x0018d2d8	0x001e19b0	READ	1
0x0018d2e2	0x001e18d2	WRITE	0
0x0018d2eb	0x001e18d4	WRITE	0
0x0018d2f3	0x001e18d7	WRITE	0
0x0018d2f6	0x001e18d5	READ	1
0x0018d2fd	0x001e18d5	WRITE	0
0x0018d300	0x001e18d6	READ_WRITE	0
0x0018d304	0x001e18d0	WRITE	0
0x0018d30e	0x001e18d6	READ	1
0x0018d315	0x001e18d6	WRITE	0
0x0018d318	0x001d14ea	READ	0
0x0018d31f	0x001e19b0	READ	1
0x0018d330	0x001e18ca	WRITE	0
0x0018d339	0x001e18cc	WRITE	0
0x0018d33f	0x001e18cf	WRITE	0
0x0018d342	0x001e18cd	WRITE	0
0x0018d346	0x001e18ce	READ_WRITE	0
0x0018d34a	0x001e18c8	WRITE	0
0x0018d356	0x001e18ce	READ	1
0x0018d35d	0x001e18ce	WRITE	0
0x0018d360	0x001d14e8	READ	0
0x0018d36f	0xStack[-0x10]	DATA	0
0x0018d385	0xStack[0xc]	READ	1
0x0018d38b	0xStack[-0xc]	WRITE	0
0x0018d38e	0xStack[0x4]	READ	1
0x0018d394	0xStack[-0x8]	WRITE	0
0x0018d397	0xStack[0x4]	READ	1
0x0018d3a0	0x0018d3bf	CONDITIONAL_JUMP	0
0x0018d3bf	0x001e8b54	WRITE	0
0x0018d3c8	0x001f6354	WRITE	0
0x0018d3d7	0x001f74d8	WRITE	0
0x0018d3dd	0xStack[-0xc]	READ	1
0x0018d3e2	0xStack[-0x8]	READ	1
0x0018d3ed	0x0018d3f2	CONDITIONAL_JUMP	0
0x0018d3f2	0xStack[-0xc]	READ	1
0x0018d3f8	0xStack[-0x8]	READ	1
0x0018d3fe	0x0018d408	CONDITIONAL_JUMP	0
0x0018d406	0x0018d452	CONDITIONAL_JUMP	0
0x0018d408	0x001e19b0	READ	1
0x0018d40e	0xStack[-0xc]	READ	1
0x0018d415	0x001e18d2	WRITE	0
0x0018d41e	0x001e18d4	WRITE	0
0x0018d426	0x001e18d7	WRITE	0
0x0018d429	0x001e18d5	READ	1
0x0018d430	0x001e18d5	WRITE	0
0x0018d433	0x001e18d6	READ_WRITE	0
0x0018d437	0x001e18d0	WRITE	0
0x0018d441	0x001e18d6	READ	1
0x0018d448	0x001e18d6	WRITE	0
0x0018d44b	0x001d14ea	READ	0
0x0018d452	0x001e19b0	READ	1
0x0018d458	0xStack[-0xc]	READ	1
0x0018d466	0x001e18ca	WRITE	0
0x0018d46f	0x001e18cc	WRITE	0
0x0018d475	0x001e18cf	WRITE	0
0x0018d478	0x001e18cd	WRITE	0
0x0018d47c	0x001e18ce	READ_WRITE	0
0x0018d480	0x001e18c8	WRITE	0
0x0018d48c	0x001e18ce	READ	1
0x0018d493	0x001e18ce	WRITE	0
0x0018d496	0x001d14e8	READ	0
0x0018d4a5	0xStack[0x8]	READ	1
0x0018d4a8	0xStack[0x4]	READ	1
0x0018d4b0	0x0018d4c0	CONDITIONAL_JUMP	0
0x0018d4b3	0xStack[-0xc]	READ	1
0x0018d4bb	0x0018d4d0	UNCONDITIONAL_JUMP	0
0x0018d4c0	0xStack[0x4]	READ	1
0x0018d4c4	0xStack[-0xc]	READ	1
0x0018d4ca	0xStack[-0x8]	READ	1
0x0018d4d0	0x00186f20	UNCONDITIONAL_CALL	0
0x0018d4d5	0xStack[-0x18]	DATA	0
0x0018d4e3	0x001f74d8	READ	1
0x0018d4ea	0xStack[0x4]	READ	1
0x0018d4ee	0x00186f7c	UNCONDITIONAL_CALL	0
0x0018d4fb	0x001e2478	DATA	0
0x0018d511	0x0016a490	UNCONDITIONAL_CALL	0
0x0018d516	0x001f7a50	WRITE	0
0x0018d526	0xStack[0x4]	READ	1
0x0018d529	0x001f7a50	READ	1
0x0018d530	0x0016b790	UNCONDITIONAL_CALL	0
0x0018d53a	0x001d14ec	DATA	1
0x0018d547	0x001d14ec	READ	1
0x0018d547	0x001d14f0	READ	1
0x0018d564	0x001e2278	READ	1
0x0018d5b7	0xStack[-0x10]	DATA	0
0x0018d5c9	0xStack[0x4]	READ	1
0x0018d5ce	0x0015a75c	UNCONDITIONAL_CALL	0
0x0018d5db	0x0015b54c	UNCONDITIONAL_CALL	0
0x0018d5e0	0x001e2278	READ	1
0x0018d606	0xStack[-0xc]	DATA	0
0x0018d619	0xStack[0x4]	READ	1
0x0018d61f	0xStack[-0x10]	WRITE	0
0x0018d622	0xStack[0x4]	READ	1
0x0018d628	0xStack[-0x8]	WRITE	0
0x0018d630	0xStack[0x4]	READ	1
0x0018d637	0x0018d635	CONDITIONAL_JUMP	0
0x0018d63e	0xStack[0x4]	READ	1
0x0018d648	0x0018d630	CONDITIONAL_JUMP	0
0x0018d64a	0xStack[-0x8]	READ	1
0x0018d64f	0x0018d7ac	UNCONDITIONAL_JUMP	0
0x0018d654	0xStack[-0xc]	READ	1
0x0018d658	0x00167238	UNCONDITIONAL_CALL	0
0x0018d662	0xStack[0x4]	READ	1
0x0018d669	0x0018d674	CONDITIONAL_JUMP	0
0x0018d66c	0x00166ea0	UNCONDITIONAL_CALL	0
0x0018d674	0xStack[-0x10]	READ	1
0x0018d67a	0xStack[-0x14]	WRITE	0
0x0018d67d	0xStack[-0x10]	READ	1
0x0018d683	0xStack[-0x18]	WRITE	0
0x0018d686	0xStack[-0xc]	READ	1
0x0018d68c	0xStack[-0x1c]	WRITE	0
0x0018d697	0x0018d76d	CONDITIONAL_JUMP	0
0x0018d69d	0xStack[-0x20]	WRITE	0
0x0018d6a1	0x0015a75c	UNCONDITIONAL_CALL	0
0x0018d6a6	0xStack[-0x24]	WRITE	0
0x0018d6bc	0xStack[-0x1c]	READ	1
0x0018d6c6	0x0018d6f8	CONDITIONAL_JUMP	0
0x0018d6ce	0xStack[-0x24]	READ	1
0x0018d6d4	0xStack[-0x20]	READ	1
0x0018d6dc	0xStack[-0x20]	READ	1
0x0018d6eb	0x0015a824	UNCONDITIONAL_CALL	0
0x0018d6f3	0x0018d716	UNCONDITIONAL_JUMP	0
0x0018d6f8	0xStack[-0x1c]	READ	1
0x0018d6fb	0xStack[-0x24]	READ	1
0x0018d701	0xStack[-0x20]	READ	1
0x0018d709	0xStack[-0x20]	READ	1
0x0018d716	0xStack[-0xc]	READ	1
0x0018d719	0x001e8b54	READ	0
0x0018d71f	0x0018d76d	CONDITIONAL_JUMP	0
0x0018d721	0x001e19b0	READ	1
0x0018d735	0x001e18ca	WRITE	0
0x0018d73e	0x001e18cc	WRITE	0
0x0018d744	0x001e18cf	WRITE	0
0x0018d747	0x001e18cd	WRITE	0
0x0018d74b	0x001e18ce	READ_WRITE	0
0x0018d74f	0x001e18c8	WRITE	0
0x0018d75b	0x001e18ce	READ	1
0x0018d763	0x001e18ce	WRITE	0
0x0018d766	0x001d14e8	READ	0
0x0018d76d	0xStack[-0x1c]	READ	1
0x0018d778	0xStack[-0x18]	READ	1
0x0018d77c	0xStack[-0x14]	READ	1
0x0018d781	0x001013e4	UNCONDITIONAL_CALL	0
0x0018d789	0xStack[-0xc]	READ	1
0x0018d78c	0xStack[0x4]	READ	1
0x0018d793	0x0018d791	CONDITIONAL_JUMP	0
0x0018d79a	0xStack[0x4]	READ	1
0x0018d7a4	0x0018d78c	CONDITIONAL_JUMP	0
0x0018d7a6	0xStack[-0xc]	READ	1
0x0018d7ac	0xStack[-0xc]	WRITE	0
0x0018d7af	0xStack[-0x8]	READ	0
0x0018d7b2	0x0018d654	CONDITIONAL_JUMP	0
0x0018d7ba	0xStack[0x4]	READ	1
0x0018d7c1	0x0018d7c9	CONDITIONAL_JUMP	0
0x0018d7c4	0x00166ea0	UNCONDITIONAL_CALL	0
0x0018d7c9	0xStack[-0x30]	DATA	0
0x0018d7dd	0xStack[0x4]	READ	1
0x0018d7e3	0xStack[0x8]	READ	1
0x0018d7e6	0xStack[0xc]	READ	1
0x0018d7e9	0xStack[-0x8]	WRITE	0
0x0018d7f2	0x0018d800	CONDITIONAL_JUMP	0
0x0018d7f9	0x0018d924	UNCONDITIONAL_JUMP	0
0x0018d800	0xStack[0x4]	READ	1
0x0018d807	0x0018d810	CONDITIONAL_JUMP	0
0x0018d80b	0x0018d924	UNCONDITIONAL_JUMP	0
0x0018d810	0xStack[0x4]	READ	1
0x0018d814	0x00166094	UNCONDITIONAL_CALL	0
0x0018d81e	0x0018d82c	CONDITIONAL_JUMP	0
0x0018d825	0x0018d924	UNCONDITIONAL_JUMP	0
0x0018d82c	0xStack[-0x8]	READ	1
0x0018d835	0xStack[-0xc]	WRITE	0
0x0018d83c	0x0015b5d0	UNCONDITIONAL_CALL	0
0x0018d844	0xStack[-0xc]	READ	1
0x0018d84a	0x0018d88d	CONDITIONAL_JUMP	0
0x0018d84d	0x0015a75c	UNCONDITIONAL_CALL	0
0x0018d854	0xStack[-0xc]	READ	1
0x0018d85e	0x00101630	UNCONDITIONAL_CALL	0
0x0018d86c	0x001013e4	UNCONDITIONAL_CALL	0
0x0018d87c	0x0015a824	UNCONDITIONAL_CALL	0
0x0018d884	0xStack[-0xc]	READ	1
0x0018d88d	0xStack[0x8]	READ	1
0x0018d890	0xStack[-0x8]	READ	0
0x0018d893	0x0018d902	CONDITIONAL_JUMP	0
0x0018d895	0xStack[-0x8]	READ	1
0x0018d898	0xStack[-0xc]	WRITE	0
0x0018d89c	0xStack[0x10]	READ	0
0x0018d8a0	0x0018d8d0	CONDITIONAL_JUMP	0
0x0018d8a6	0x0018d8ab	CONDITIONAL_JUMP	0
0x0018d8cc	0x0018d8fc	UNCONDITIONAL_JUMP	0
0x0018d8d4	0x0018d8d9	CONDITIONAL_JUMP	0
0x0018d8fd	0xStack[-0xc]	READ	0
0x0018d900	0x0018d89c	CONDITIONAL_JUMP	0
0x0018d904	0xStack[0x4]	READ	1
0x0018d908	0x0016610c	UNCONDITIONAL_CALL	0
0x0018d90e	0x0018d610	UNCONDITIONAL_CALL	0
0x0018d914	0x001661cc	UNCONDITIONAL_CALL	0
0x0018d91d	0x0015b73c	UNCONDITIONAL_CALL	0
0x0018d924	0xStack[-0x18]	DATA	0
0x0018d939	0xStack[0x8]	READ	1
0x0018d93c	0xStack[0xc]	READ	1
0x0018d93f	0xStack[0x4]	READ	1
0x0018d945	0xStack[-0x8]	WRITE	0
0x0018d948	0xStack[0x4]	READ	1
0x0018d951	0x0018d95b	CONDITIONAL_JUMP	0
0x0018d959	0x0018d968	CONDITIONAL_JUMP	0
0x0018d960	0x0018dabd	UNCONDITIONAL_JUMP	0
0x0018d968	0xStack[0x4]	READ	1
0x0018d96c	0x00166094	UNCONDITIONAL_CALL	0
0x0018d976	0x0018d984	CONDITIONAL_JUMP	0
0x0018d97d	0x0018dabd	UNCONDITIONAL_JUMP	0
0x0018d984	0xStack[-0x8]	READ	1
0x0018d98b	0x0015b5d0	UNCONDITIONAL_CALL	0
0x0018d990	0xStack[-0x8]	READ	1
0x0018d99a	0xStack[0x4]	READ	1
0x0018d99e	0x0016610c	UNCONDITIONAL_CALL	0
0x0018d9a6	0xStack[0x4]	READ	1
0x0018d9ac	0xStack[-0xc]	WRITE	0
0x0018d9af	0xStack[0x4]	READ	1
0x0018d9b5	0xStack[-0x10]	WRITE	0
0x0018d9bc	0xStack[0x4]	READ	1
0x0018d9c3	0x0018d9c1	CONDITIONAL_JUMP	0
0x0018d9ca	0xStack[0x4]	READ	1
0x0018d9d4	0x0018d9bc	CONDITIONAL_JUMP	0
0x0018d9d6	0xStack[-0x10]	READ	1
0x0018d9dd	0x0018da92	CONDITIONAL_JUMP	0
0x0018d9e5	0x00167238	UNCONDITIONAL_CALL	0
0x0018d9ef	0xStack[0x4]	READ	1
0x0018d9f6	0x0018da01	CONDITIONAL_JUMP	0
0x0018d9f9	0x00166ea0	UNCONDITIONAL_CALL	0
0x0018da01	0xStack[-0xc]	READ	1
0x0018da15	0x001e8b54	READ	0
0x0018da1b	0x0018da6a	CONDITIONAL_JUMP	0
0x0018da1d	0x001e19b0	READ	1
0x0018da2d	0x001e18d2	WRITE	0
0x0018da36	0x001e18d4	WRITE	0
0x0018da3c	0x001e18d7	WRITE	0
0x0018da3f	0x001e18d5	READ	1
0x0018da46	0x001e18d5	WRITE	0
0x0018da49	0x001e18d6	READ_WRITE	0
0x0018da4d	0x001e18d0	WRITE	0
0x0018da59	0x001e18d6	READ	1
0x0018da60	0x001e18d6	WRITE	0
0x0018da63	0x001d14ea	READ	0
0x0018da6c	0xStack[0x4]	READ	1
0x0018da73	0x0018da71	CONDITIONAL_JUMP	0
0x0018da7a	0xStack[0x4]	READ	1
0x0018da84	0x0018da6c	CONDITIONAL_JUMP	0
0x0018da89	0xStack[-0x10]	READ	0
0x0018da8c	0x0018d9e4	CONDITIONAL_JUMP	0
0x0018da94	0xStack[0x4]	READ	1
0x0018da9b	0x0018daa6	CONDITIONAL_JUMP	0
0x0018da9e	0x00166ea0	UNCONDITIONAL_CALL	0
0x0018daa6	0xStack[0x4]	READ	1
0x0018daaa	0x001661cc	UNCONDITIONAL_CALL	0
0x0018daaf	0xStack[-0x8]	READ	1
0x0018dab6	0x0015b73c	UNCONDITIONAL_CALL	0
0x0018dabd	0xStack[-0x1c]	DATA	0
0x0018dad1	0xStack[0x4]	READ	1
0x0018dad7	0xStack[-0x8]	WRITE	0
0x0018dadb	0x00166094	UNCONDITIONAL_CALL	0
0x0018dae5	0x0018daf4	CONDITIONAL_JUMP	0
0x0018daec	0x0018dc47	UNCONDITIONAL_JUMP	0
0x0018daf4	0xStack[-0x8]	READ	1
0x0018dafb	0x0015b5d0	UNCONDITIONAL_CALL	0
0x0018db00	0x001e2278	READ	1
0x0018db0c	0xStack[-0x8]	READ	1
0x0018db1b	0x0016610c	UNCONDITIONAL_CALL	0
0x0018db26	0xStack[-0xc]	WRITE	0
0x0018db2c	0xStack[-0x10]	WRITE	0
0x0018db38	0x0018db36	CONDITIONAL_JUMP	0
0x0018db46	0x0018db34	CONDITIONAL_JUMP	0
0x0018db48	0xStack[-0x10]	READ	1
0x0018db4d	0xStack[-0x14]	WRITE	0
0x0018db50	0xStack[-0x10]	READ	0
0x0018db53	0x0018dc22	CONDITIONAL_JUMP	0
0x0018db5c	0xStack[-0x14]	READ	1
0x0018db60	0xStack[-0x18]	WRITE	0
0x0018db63	0x00167238	UNCONDITIONAL_CALL	0
0x0018db6f	0xStack[-0x18]	READ	1
0x0018db74	0x0018db7f	CONDITIONAL_JUMP	0
0x0018db77	0x00166ea0	UNCONDITIONAL_CALL	0
0x0018db7f	0xStack[-0xc]	READ	1
0x0018db85	0xStack[-0x14]	READ	1
0x0018db96	0x001e8b54	READ	0
0x0018db9c	0x0018dbf9	CONDITIONAL_JUMP	0
0x0018db9e	0x001e19b0	READ	1
0x0018dbae	0xStack[-0x1c]	WRITE	0
0x0018dbb1	0x001e18d2	WRITE	0
0x0018dbba	0x001e18d4	WRITE	0
0x0018dbc0	0x001e18d7	WRITE	0
0x0018dbc3	0x001e18d5	READ	1
0x0018dbca	0x001e18d5	WRITE	0
0x0018dbcd	0x001e18d6	READ_WRITE	0
0x0018dbd1	0xStack[-0x1c]	READ	1
0x0018dbd5	0x001e18d0	WRITE	0
0x0018dbd9	0xStack[-0x1c]	READ	1
0x0018dbdf	0xStack[-0x1c]	WRITE	0
0x0018dbe2	0xStack[-0x1c]	READ	1
0x0018dbe8	0x001e18d6	READ	1
0x0018dbef	0x001e18d6	WRITE	0
0x0018dbf2	0x001d14ea	READ	0
0x0018dbf9	0xStack[-0x14]	READ	1
0x0018dc00	0x0018dbfe	CONDITIONAL_JUMP	0
0x0018dc0e	0x0018dbfc	CONDITIONAL_JUMP	0
0x0018dc10	0xStack[-0x14]	READ	1
0x0018dc16	0xStack[-0x14]	WRITE	0
0x0018dc19	0xStack[-0x10]	READ	0
0x0018dc1c	0x0018db5c	CONDITIONAL_JUMP	0
0x0018dc28	0x0018dc33	CONDITIONAL_JUMP	0
0x0018dc2b	0x00166ea0	UNCONDITIONAL_CALL	0
0x0018dc34	0x001661cc	UNCONDITIONAL_CALL	0
0x0018dc39	0xStack[-0x8]	READ	1
0x0018dc40	0x0015b73c	UNCONDITIONAL_CALL	0
0x0018dc47	0xStack[-0x28]	DATA	0
0x0018dc59	0xStack[0x4]	READ	1
0x0018dc64	0x0018dcd0	CONDITIONAL_JUMP	0
0x0018dc6b	0x0015a75c	UNCONDITIONAL_CALL	0
0x0018dc80	0x001d15e0	DATA	1
0x0018dc8b	0x001d15e0	READ	1
0x0018dc8b	0x001d15e4	READ	1
0x0018dccd	0x0018dcd6	UNCONDITIONAL_JUMP	0
0x0018dcd6	0xStack[-0xc]	DATA	0
0x0018dce9	0x001e8b54	READ	1
0x0018dcef	0xStack[-0x8]	WRITE	0
0x0018dcf8	0xStack[-0xc]	WRITE	0
0x0018dcfe	0xStack[-0x10]	WRITE	0
0x0018dd05	0x0015b7d0	UNCONDITIONAL_CALL	0
0x0018dd0d	0xStack[-0xc]	READ	1
0x0018dd15	0x0018de2c	CONDITIONAL_JUMP	0
0x0018dd1e	0xStack[-0x14]	WRITE	0
0x0018dd21	0xStack[-0x18]	WRITE	0
0x0018dd24	0xStack[-0x8]	READ	1
0x0018dd2a	0xStack[-0x28]	WRITE	0
0x0018dd33	0x0018de10	CONDITIONAL_JUMP	0
0x0018dd39	0xStack[-0x20]	WRITE	0
0x0018dd3d	0x0015a75c	UNCONDITIONAL_CALL	0
0x0018dd42	0xStack[-0x1c]	WRITE	0
0x0018dd45	0xStack[-0x24]	WRITE	0
0x0018dd48	0xStack[-0x1c]	READ	1
0x0018dd5c	0xStack[-0x28]	READ	1
0x0018dd66	0x0018dd98	CONDITIONAL_JUMP	0
0x0018dd6e	0xStack[-0x24]	READ	1
0x0018dd74	0xStack[-0x20]	READ	1
0x0018dd7c	0xStack[-0x20]	READ	1
0x0018dd8b	0x0015a824	UNCONDITIONAL_CALL	0
0x0018dd93	0x0018ddb9	UNCONDITIONAL_JUMP	0
0x0018dd98	0xStack[-0x28]	READ	1
0x0018dd9b	0xStack[-0x24]	READ	1
0x0018dda1	0xStack[-0x20]	READ	1
0x0018dda7	0xStack[-0x1c]	READ	1
0x0018ddac	0xStack[-0x20]	READ	1
0x0018ddb9	0xStack[-0x8]	READ	1
0x0018ddbc	0x001e8b54	READ	0
0x0018ddc2	0x0018de10	CONDITIONAL_JUMP	0
0x0018ddc4	0x001e19b0	READ	1
0x0018ddd9	0x001e18ca	WRITE	0
0x0018dde2	0x001e18cc	WRITE	0
0x0018dde8	0x001e18cf	WRITE	0
0x0018ddeb	0x001e18cd	WRITE	0
0x0018ddef	0x001e18ce	READ_WRITE	0
0x0018ddf3	0x001e18c8	WRITE	0
0x0018ddfe	0x001e18ce	READ	1
0x0018de06	0x001e18ce	WRITE	0
0x0018de09	0x001d14e8	READ	0
0x0018de10	0xStack[-0x28]	READ	1
0x0018de1b	0xStack[-0x18]	READ	1
0x0018de1f	0xStack[-0x14]	READ	1
0x0018de24	0x001013e4	UNCONDITIONAL_CALL	0
0x0018de2c	0xStack[-0xc]	READ	1
0x0018de31	0xStack[-0x10]	READ	1
0x0018de37	0x0018dea2	CONDITIONAL_JUMP	0
0x0018de3c	0xStack[-0x8]	READ	1
0x0018de4b	0x001e8b54	READ	0
0x0018de51	0x0018dea2	CONDITIONAL_JUMP	0
0x0018de53	0x001e19b0	READ	1
0x0018de63	0x001e18d2	WRITE	0
0x0018de6c	0x001e18d4	WRITE	0
0x0018de72	0x001e18d7	WRITE	0
0x0018de75	0x001e18d5	READ	1
0x0018de7e	0x001e18d5	WRITE	0
0x0018de81	0x001e18d6	READ_WRITE	0
0x0018de85	0x001e18d0	WRITE	0
0x0018de90	0x001e18d6	READ	1
0x0018de98	0x001e18d6	WRITE	0
0x0018de9b	0x001d14ea	READ	0
0x0018dea2	0xStack[-0xc]	READ	1
0x0018dea9	0x0015b73c	UNCONDITIONAL_CALL	0
0x0018deae	0x0018dec0	UNCONDITIONAL_CALL	0
0x0018deb3	0xStack[-0x34]	DATA	0
0x0018dec6	0x001e8b54	READ	1
0x0018ded4	0x0018dee0	CONDITIONAL_JUMP	0
0x0018dedc	0x0018df4c	UNCONDITIONAL_JUMP	0
0x0018dee5	0x0015a75c	UNCONDITIONAL_CALL	0
0x0018defa	0x001d15e0	DATA	1
0x0018df05	0x001d15e0	READ	1
0x0018df05	0x001d15e4	READ	1
0x0018df4d	0x001929e8	UNCONDITIONAL_CALL	0
0x0018df5e	0x0018df68	CONDITIONAL_JUMP	0
0x0018df63	0x0018df6b	UNCONDITIONAL_JUMP	0
0x0018df6f	0x00186f04	UNCONDITIONAL_CALL	0
0x0018df74	0xStack[-0x10]	DATA	0
0x0018df89	0x001e8b54	READ	1
0x0018df8f	0xStack[-0x8]	WRITE	0
0x0018df9a	0x0018dfa4	CONDITIONAL_JUMP	0
0x0018dfa2	0x0018e013	UNCONDITIONAL_JUMP	0
0x0018dfa9	0x0015a75c	UNCONDITIONAL_CALL	0
0x0018dfb0	0xStack[-0x8]	READ	1
0x0018dfc1	0x001d15e0	DATA	1
0x0018dfcc	0x001d15e0	READ	1
0x0018dfcc	0x001d15e4	READ	1
0x0018e013	0xStack[0x4]	READ	1
0x0018e01a	0x001929e8	UNCONDITIONAL_CALL	0
0x0018e022	0xStack[-0x8]	READ	1
0x0018e02e	0x0018e038	CONDITIONAL_JUMP	0
0x0018e033	0x0018e03b	UNCONDITIONAL_JUMP	0
0x0018e03f	0x00186f04	UNCONDITIONAL_CALL	0
0x0018e044	0xStack[-0x14]	DATA	0
0x0018e055	0xStack[0x4]	READ	1
0x0018e060	0x0018e06c	CONDITIONAL_JUMP	0
0x0018e067	0x0018e0d3	UNCONDITIONAL_JUMP	0
0x0018e071	0x0015a75c	UNCONDITIONAL_CALL	0
0x0018e086	0x001d15e0	DATA	1
0x0018e091	0x001d15e0	READ	1
0x0018e091	0x001d15e4	READ	1
0x0018e0d3	0xStack[0x8]	READ	1
0x0018e0d9	0xStack[-0xc]	DATA	0
0x0018e0ea	0xStack[0x4]	READ	1
0x0018e0f0	0x0018cbcc	UNCONDITIONAL_CALL	0
0x0018e105	0x001e8b54	WRITE	0
0x0018e10e	0x001f6354	WRITE	0
0x0018e11d	0x001f74d8	WRITE	0
0x0018e12b	0x001e19b0	READ	1
0x0018e138	0x001e18d2	WRITE	0
0x0018e141	0x001e18d4	WRITE	0
0x0018e147	0x001e18d7	WRITE	0
0x0018e14a	0x001e18d5	READ	1
0x0018e151	0x001e18d5	WRITE	0
0x0018e154	0x001e18d6	READ_WRITE	0
0x0018e158	0x001e18d0	WRITE	0
0x0018e164	0x001e18d6	READ	1
0x0018e16b	0x001e18d6	WRITE	0
0x0018e16e	0x001d14ea	READ	0
0x0018e175	0x001e19b0	READ	1
0x0018e186	0x001e18ca	WRITE	0
0x0018e18f	0x001e18cc	WRITE	0
0x0018e195	0x001e18cf	WRITE	0
0x0018e198	0x001e18cd	WRITE	0
0x0018e19c	0x001e18ce	READ_WRITE	0
0x0018e1a0	0x001e18c8	WRITE	0
0x0018e1ac	0x001e18ce	READ	1
0x0018e1b3	0x001e18ce	WRITE	0
0x0018e1b6	0x001d14e8	READ	0
0x0018e1cc	0x00186f20	UNCONDITIONAL_CALL	0
0x0018e1d1	0xStack[-0x10]	DATA	0
0x0018e1e0	0xStack[0x4]	READ	1
0x0018e1e3	0xStack[0x8]	READ	1
0x0018e1e6	0xStack[0xc]	READ	1
0x0018e1e9	0xStack[0x10]	READ	1
0x0018e1ef	0x0018e200	CONDITIONAL_JUMP	0
0x0018e1f4	0x0018e20c	CONDITIONAL_JUMP	0
0x0018e1f9	0x0018e218	UNCONDITIONAL_CALL	0
0x0018e1fe	0x0018e211	UNCONDITIONAL_JUMP	0
0x0018e203	0x0018e634	UNCONDITIONAL_CALL	0
0x0018e208	0x0018e211	UNCONDITIONAL_JUMP	0
0x0018e211	0xStack[-0x8]	READ	1
0x0018e21e	0xStack[0x4]	READ	1
0x0018e221	0xStack[0xc]	READ	0
0x0018e225	0x0018e3ce	CONDITIONAL_JUMP	0
0x0018e22b	0xStack[0x8]	READ	1
0x0018e232	0x0018e240	CONDITIONAL_JUMP	0
0x0018e236	0x0018e510	UNCONDITIONAL_CALL	0
0x0018e23b	0x0018e502	UNCONDITIONAL_JUMP	0
0x0018e247	0x0018e3c0	CONDITIONAL_JUMP	0
0x0018e254	0x0018e3ce	CONDITIONAL_JUMP	0
0x0018e25d	0x0018e270	CONDITIONAL_JUMP	0
0x0018e265	0x0018e3ce	CONDITIONAL_JUMP	0
0x0018e26b	0x0018e2a1	UNCONDITIONAL_JUMP	0
0x0018e27c	0x0018e3ce	CONDITIONAL_JUMP	0
0x0018e288	0x0018e3ce	CONDITIONAL_JUMP	0
0x0018e28e	0x001e19b0	READ	1
0x0018e293	0x001e18b5	DATA	1
0x0018e29b	0x0018e3ce	CONDITIONAL_JUMP	0
0x0018e2aa	0x0018e2d9	CONDITIONAL_JUMP	0
0x0018e2af	0x0018e2d9	CONDITIONAL_JUMP	0
0x0018e2bf	0x0018e2d1	CONDITIONAL_JUMP	0
0x0018e2c1	0x001e19b0	READ	1
0x0018e2c6	0x001e18b5	DATA	1
0x0018e2ce	0x0018e2d1	CONDITIONAL_JUMP	0
0x0018e2d3	0x0018e3ce	CONDITIONAL_JUMP	0
0x0018e2e2	0x0018e311	CONDITIONAL_JUMP	0
0x0018e2e7	0x0018e311	CONDITIONAL_JUMP	0
0x0018e2f7	0x0018e309	CONDITIONAL_JUMP	0
0x0018e2f9	0x001e19b0	READ	1
0x0018e2fe	0x001e18b5	DATA	1
0x0018e306	0x0018e309	CONDITIONAL_JUMP	0
0x0018e30b	0x0018e3ce	CONDITIONAL_JUMP	0
0x0018e31a	0x0018e349	CONDITIONAL_JUMP	0
0x0018e31f	0x0018e349	CONDITIONAL_JUMP	0
0x0018e32f	0x0018e341	CONDITIONAL_JUMP	0
0x0018e331	0x001e19b0	READ	1
0x0018e336	0x001e18b5	DATA	1
0x0018e33e	0x0018e341	CONDITIONAL_JUMP	0
0x0018e343	0x0018e3ce	CONDITIONAL_JUMP	0
0x0018e352	0x0018e37d	CONDITIONAL_JUMP	0
0x0018e357	0x0018e37d	CONDITIONAL_JUMP	0
0x0018e367	0x0018e379	CONDITIONAL_JUMP	0
0x0018e369	0x001e19b0	READ	1
0x0018e36e	0x001e18b5	DATA	1
0x0018e376	0x0018e379	CONDITIONAL_JUMP	0
0x0018e37b	0x0018e3ce	CONDITIONAL_JUMP	0
0x0018e386	0x0018e3ce	CONDITIONAL_JUMP	0
0x0018e38b	0x0018e398	CONDITIONAL_JUMP	0
0x0018e393	0x0018e3ce	CONDITIONAL_JUMP	0
0x0018e395	0x0018e40c	UNCONDITIONAL_JUMP	0
0x0018e3a4	0x0018e3ce	CONDITIONAL_JUMP	0
0x0018e3ac	0x0018e3ce	CONDITIONAL_JUMP	0
0x0018e3ae	0x001e19b0	READ	1
0x0018e3b3	0x001e18b5	DATA	1
0x0018e3bb	0x0018e40c	CONDITIONAL_JUMP	0
0x0018e3bd	0x0018e3ce	UNCONDITIONAL_JUMP	0
0x0018e3c5	0x0018dce0	DATA	1
0x0018e3cc	0x0018e3d8	CONDITIONAL_JUMP	0
0x0018e3d3	0x0018e504	UNCONDITIONAL_JUMP	0
0x0018e400	0x0016847c	UNCONDITIONAL_CALL	0
0x0018e405	0x0018e502	UNCONDITIONAL_JUMP	0
0x0018e414	0x0018e420	CONDITIONAL_JUMP	0
0x0018e41c	0x0018e489	UNCONDITIONAL_JUMP	0
0x0018e425	0x0015a75c	UNCONDITIONAL_CALL	0
0x0018e43a	0x001d15e0	DATA	1
0x0018e445	0x001d15e0	READ	1
0x0018e445	0x001d15e4	READ	1
0x0018e504	0xStack[-0x10]	DATA	0
0x0018e516	0xStack[0x4]	READ	1
0x0018e519	0xStack[0x8]	READ	1
0x0018e524	0x0018e530	CONDITIONAL_JUMP	0
0x0018e52c	0x0018e599	UNCONDITIONAL_JUMP	0
0x0018e535	0x0015a75c	UNCONDITIONAL_CALL	0
0x0018e54a	0x001d15e0	DATA	1
0x0018e555	0x001d15e0	READ	1
0x0018e555	0x001d15e4	READ	1
0x0018e62a	0xStack[-0x10]	DATA	0
0x0018e63a	0xStack[0xc]	READ	0
0x0018e63e	0x0018e680	CONDITIONAL_JUMP	0
0x0018e640	0xStack[0x4]	READ	1
0x0018e64a	0x0018a800	UNCONDITIONAL_CALL	0
0x0018e64f	0xStack[0x8]	READ	1
0x0018e660	0xStack[0x8]	READ	1
0x0018e66e	0xStack[0x4]	READ	1
0x0018e67d	0x0018e685	UNCONDITIONAL_JUMP	0
0x0018e685	0xStack[-0x10]	DATA	0
0x0018e693	0x001e8b54	READ	1
0x0018e69b	0xStack[0x4]	READ	1
0x0018e6b0	0xStack[0x4]	READ	1
0x0018e6b3	0xStack[0xc]	READ	1
0x0018e6b6	0xStack[0x10]	READ	1
0x0018e6b9	0xStack[0x8]	READ	1
0x0018e6c2	0x0018e71c	CONDITIONAL_JUMP	0
0x0018e6c4	0x0018e704	COMPUTED_JUMP	-1
0x0018e6c4	0x0018e6f8	COMPUTED_JUMP	-1
0x0018e6c4	0x0018e6ec	COMPUTED_JUMP	-1
0x0018e6c4	0x0018e6e0	COMPUTED_JUMP	-1
0x0018e6c4	0x0018e710	COMPUTED_JUMP	-1
0x0018e6c4	0x0018e6cc	DATA	0
0x0018e6cc	0x0018e704	DATA	0
0x0018e6d0	0x0018e6f8	DATA	0
0x0018e6d4	0x0018e6ec	DATA	0
0x0018e6d8	0x0018e6e0	DATA	0
0x0018e6dc	0x0018e710	DATA	0
0x0018e6e3	0x0018e728	UNCONDITIONAL_CALL	0
0x0018e6e8	0x0018e721	UNCONDITIONAL_JUMP	0
0x0018e6ef	0x0018e85c	UNCONDITIONAL_CALL	0
0x0018e6f4	0x0018e721	UNCONDITIONAL_JUMP	0
0x0018e6fb	0x0018e8b8	UNCONDITIONAL_CALL	0
0x0018e700	0x0018e721	UNCONDITIONAL_JUMP	0
0x0018e707	0x0018e970	UNCONDITIONAL_CALL	0
0x0018e70c	0x0018e721	UNCONDITIONAL_JUMP	0
0x0018e712	0x0018e9bc	UNCONDITIONAL_CALL	0
0x0018e717	0x0018e721	UNCONDITIONAL_JUMP	0
0x0018e721	0xStack[-0x8]	READ	1
0x0018e72e	0xStack[0x4]	READ	1
0x0018e731	0xStack[0xc]	READ	1
0x0018e737	0x0018e744	CONDITIONAL_JUMP	0
0x0018e73e	0x0018e84f	UNCONDITIONAL_JUMP	0
0x0018e744	0xStack[0x8]	READ	1
0x0018e74f	0x0018e758	CONDITIONAL_JUMP	0
0x0018e756	0x0018e7bf	UNCONDITIONAL_JUMP	0
0x0018e75d	0x0015a75c	UNCONDITIONAL_CALL	0
0x0018e772	0x001d15e0	DATA	1
0x0018e77d	0x001d15e0	READ	1
0x0018e77d	0x001d15e4	READ	1
0x0018e80c	0x0018e828	CONDITIONAL_JUMP	0
0x0018e826	0x0018e841	UNCONDITIONAL_JUMP	0
0x0018e844	0xStack[0xc]	READ	1
0x0018e84f	0xStack[-0x10]	DATA	0
0x0018e862	0xStack[0x4]	READ	1
0x0018e865	0xStack[0xc]	READ	1
0x0018e86b	0x0018e8a8	CONDITIONAL_JUMP	0
0x0018e874	0x0018a824	UNCONDITIONAL_CALL	0
0x0018e879	0xStack[0x8]	READ	1
0x0018e884	0xStack[0x8]	READ	1
0x0018e898	0xStack[0xc]	READ	1
0x0018e8a3	0x0018e8ad	UNCONDITIONAL_JUMP	0
0x0018e8ad	0xStack[-0x10]	DATA	0
0x0018e8be	0xStack[0x4]	READ	1
0x0018e8c1	0xStack[0xc]	READ	1
0x0018e8c7	0x0018e8d4	CONDITIONAL_JUMP	0
0x0018e8ce	0x0018e965	UNCONDITIONAL_JUMP	0
0x0018e8d4	0xStack[0x8]	READ	1
0x0018e8df	0x0018e8e8	CONDITIONAL_JUMP	0
0x0018e8e6	0x0018e94f	UNCONDITIONAL_JUMP	0
0x0018e8ed	0x0015a75c	UNCONDITIONAL_CALL	0
0x0018e902	0x001d15e0	DATA	1
0x0018e90d	0x001d15e0	READ	1
0x0018e90d	0x001d15e4	READ	1
0x0018e95a	0xStack[0xc]	READ	1
0x0018e965	0xStack[-0x10]	DATA	0
0x0018e973	0xStack[0x4]	READ	1
0x0018e976	0xStack[0x8]	READ	1
0x0018e979	0xStack[0xc]	READ	1
0x0018e97f	0x0018e998	CONDITIONAL_JUMP	0
0x0018e9a7	0x001e8b54	READ	1
0x0018e9bf	0xStack[0x4]	READ	1
0x0018e9c2	0xStack[0x8]	READ	1
0x0018e9c8	0x0018ea10	CONDITIONAL_JUMP	0
0x0018ea1f	0xStack[0xc]	READ	1
0x0018ea22	0xStack[0x14]	READ	1
0x0018ea28	0x0018ea30	CONDITIONAL_JUMP	0
0x0018ea30	0xStack[0x8]	READ	0
0x0018ea34	0x0018ea56	CONDITIONAL_JUMP	0
0x0018ea36	0xStack[0x10]	READ	0
0x0018ea3a	0x0018ea48	CONDITIONAL_JUMP	0
0x0018ea4d	0x0018ea54	CONDITIONAL_JUMP	0
0x0018ea5f	0xStack[0xc]	READ	1
0x0018ea62	0xStack[0x14]	READ	1
0x0018ea68	0x0018ea6e	CONDITIONAL_JUMP	0
0x0018ea6e	0xStack[0x8]	READ	0
0x0018ea72	0x0018ea89	CONDITIONAL_JUMP	0
0x0018ea74	0xStack[0x10]	READ	0
0x0018ea78	0x0018ea84	CONDITIONAL_JUMP	0
0x0018ea99	0xStack[0x4]	READ	1
0x0018eaa4	0x0018eab0	CONDITIONAL_JUMP	0
0x0018eaac	0x0018eb1c	UNCONDITIONAL_JUMP	0
0x0018eab5	0x0015a75c	UNCONDITIONAL_CALL	0
0x0018eaca	0x001d15e0	DATA	1
0x0018ead5	0x001d15e0	READ	1
0x0018ead5	0x001d15e4	READ	1
0x0018eb1c	0xStack[0x8]	READ	1
0x0018eb27	0x0018eb98	CONDITIONAL_JUMP	0
0x0018eb2e	0x0015a75c	UNCONDITIONAL_CALL	0
0x0018eb41	0xStack[-0x8]	WRITE	0
0x0018eb44	0x001d15e0	DATA	1
0x0018eb51	0x001d15e0	READ	1
0x0018eb51	0x001d15e4	READ	1
0x0018eb95	0x0018eb9e	UNCONDITIONAL_JUMP	0
0x0018ebac	0xStack[0x8]	READ	1
0x0018ebc7	0xStack[-0x14]	DATA	0
0x0018ebd9	0xStack[0x4]	READ	1
0x0018ebe0	0x0018a800	UNCONDITIONAL_CALL	0
0x0018ebef	0x0018ebfa	CONDITIONAL_JUMP	0
0x0018ebf2	0x001a1040	UNCONDITIONAL_CALL	0
0x0018ebff	0x0018ec0f	CONDITIONAL_JUMP	0
0x0018ec07	0x0015a824	UNCONDITIONAL_CALL	0
0x0018ec16	0x0018ec28	CONDITIONAL_JUMP	0
0x0018ec20	0x0015a824	UNCONDITIONAL_CALL	0
0x0018ec30	0x001f7a50	READ	1
0x0018ec37	0x0016b84c	UNCONDITIONAL_CALL	0
0x0018ec3c	0xStack[-0xc]	DATA	0
0x0018ec4b	0xStack[0x4]	READ	1
0x0018ec4f	0x0018a824	UNCONDITIONAL_CALL	0
0x0018ec5b	0xStack[0x4]	READ	1
0x0018ec64	0x0015a824	UNCONDITIONAL_CALL	0
0x0018ec73	0xStack[0x4]	READ	1
0x0018ec76	0xStack[0x8]	READ	1
0x0018ec86	0x0018eca0	CONDITIONAL_JUMP	0
0x0018ecab	0xStack[0x4]	READ	1
0x0018ecae	0xStack[0x8]	READ	1
0x0018ecc8	0x001f7ae8	READ	1
0x0018eccf	0xStack[0x4]	READ	1
0x0018ecd2	0x001f63f0	READ	1
0x0018ece5	0x0018ecf4	CONDITIONAL_JUMP	0
0x0018ece7	0x001e2488	DATA	0
0x0018ecec	0x0010ca6c	UNCONDITIONAL_CALL	0
0x0018ecf4	0x001e2484	READ	0
0x0018ecfb	0x0018ed38	CONDITIONAL_JUMP	0
0x0018ecfd	0x001e0d0c	READ	1
0x0018ed04	0x0018adf0	UNCONDITIONAL_CALL	0
0x0018ed09	0xStack[-0x8]	WRITE	0
0x0018ed11	0x0018ed20	CONDITIONAL_JUMP	0
0x0018ed13	0x001e249d	DATA	0
0x0018ed18	0x0010ca6c	UNCONDITIONAL_CALL	0
0x0018ed20	0x001e0d0c	READ	1
0x0018ed27	0xStack[-0x8]	READ	1
0x0018ed2b	0x00101600	UNCONDITIONAL_CALL	0
0x0018ed30	0xStack[-0x8]	READ	1
0x0018ed33	0x0018eda9	UNCONDITIONAL_JUMP	0
0x0018ed38	0x001e0d0c	READ	1
0x0018ed3f	0xStack[-0x8]	DATA	0
0x0018ed43	0x001e8de8	READ	1
0x0018ed4a	0x00173d1c	UNCONDITIONAL_CALL	0
0x0018ed54	0x0018ed60	CONDITIONAL_JUMP	0
0x0018ed56	0x001e24b4	DATA	0
0x0018ed5b	0x0010ca6c	UNCONDITIONAL_CALL	0
0x0018ed60	0x001f63f0	READ	1
0x0018ed66	0xStack[-0x8]	READ	1
0x0018ed76	0x0018ed93	CONDITIONAL_JUMP	0
0x0018ed8c	0x0018ed93	CONDITIONAL_JUMP	0
0x0018ed91	0x0018ed98	CONDITIONAL_JUMP	0
0x0018ed95	0x0018eda9	UNCONDITIONAL_JUMP	0
0x0018edb3	0x001f7ae0	READ	1
0x0018edb9	0x0018edd5	UNCONDITIONAL_JUMP	0
0x0018edda	0x0018edbc	CONDITIONAL_JUMP	0
0x0018eddc	0xStack[-0x10]	DATA	0
0x0018edf1	0xStack[0x4]	READ	1
0x0018edf4	0xStack[0x8]	READ	1
0x0018edf9	0xStack[0x10]	READ	0
0x0018edfd	0x0018eecb	CONDITIONAL_JUMP	0
0x0018ee03	0xStack[0x10]	READ	1
0x0018ee06	0x001f7a80	DATA	1
0x0018ee21	0x0018eecb	UNCONDITIONAL_JUMP	0
0x0018ee28	0x001f63f0	READ	1
0x0018ee3b	0x0018ee53	CONDITIONAL_JUMP	0
0x0018ee51	0x0018ee8c	CONDITIONAL_JUMP	0
0x0018ee54	0x0018ecc0	UNCONDITIONAL_CALL	0
0x0018ee59	0x001f63f0	READ	1
0x0018ee6f	0x0018ee78	CONDITIONAL_JUMP	0
0x0018ee73	0x0018ee8c	UNCONDITIONAL_JUMP	0
0x0018ee97	0x0018eea0	CONDITIONAL_JUMP	0
0x0018ee9c	0x0018eea3	UNCONDITIONAL_JUMP	0
0x0018eea5	0xStack[0x10]	READ	0
0x0018eea9	0x0018eebf	CONDITIONAL_JUMP	0
0x0018eecb	0xStack[0xc]	READ	0
0x0018eece	0x0018ee28	CONDITIONAL_JUMP	0
0x0018eedc	0xStack[-0x14]	DATA	0
0x0018eef1	0xStack[0x4]	READ	1
0x0018eef7	0xStack[-0xc]	WRITE	0
0x0018eefa	0x001e0d0c	READ	1
0x0018ef08	0x001f7ae8	WRITE	0
0x0018ef10	0x001f7ae0	WRITE	0
0x0018ef16	0x001f7a80	DATA	1
0x0018ef1b	0x001f7b00	DATA	1
0x0018ef27	0x0018ef8a	CONDITIONAL_JUMP	0
0x0018ef29	0x0018ef50	COMPUTED_JUMP	-1
0x0018ef29	0x0018ef64	COMPUTED_JUMP	-1
0x0018ef29	0x0018ef78	COMPUTED_JUMP	-1
0x0018ef29	0x0018ef30	READ	0
0x0018ef29	0x0018ef34	READ	0
0x0018ef30	0x0018ef50	DATA	0
0x0018ef34	0x0018ef64	DATA	0
0x0018ef38	0x0018ef78	DATA	0
0x0018ef3c	0x0018ef78	DATA	0
0x0018ef40	0x0018ef64	DATA	0
0x0018ef44	0x0018ef64	DATA	0
0x0018ef48	0x0018ef78	DATA	0
0x0018ef4c	0x0018ef78	DATA	0
0x0018ef50	0x001f7a84	WRITE	0
0x0018ef59	0x001f7b04	WRITE	0
0x0018ef5f	0x0018ef87	UNCONDITIONAL_JUMP	0
0x0018ef64	0x001f7a84	WRITE	0
0x0018ef6d	0x001f7b04	WRITE	0
0x0018ef73	0x0018ef87	UNCONDITIONAL_JUMP	0
0x0018ef78	0x001f7a80	WRITE	0
0x0018ef81	0x001f7b00	WRITE	0
0x0018ef8e	0x0018ef24	CONDITIONAL_JUMP	0
0x0018ef90	0x001f63f0	WRITE	0
0x0018ef90	0x001f7a60	DATA	1
0x0018ef9a	0x001f7a6c	WRITE	0
0x0018efae	0x0018ad9c	UNCONDITIONAL_CALL	0
0x0018efb5	0x001f63f0	READ	1
0x0018efba	0xStack[-0x10]	WRITE	0
0x0018efbd	0x001f7a60	WRITE	0
0x0018efc4	0xStack[-0x10]	READ	1
0x0018efc8	0x00101600	UNCONDITIONAL_CALL	0
0x0018efcd	0x001f63f0	READ	1
0x0018efd2	0x001f7a68	WRITE	0
0x0018efd9	0x001f7a60	READ_WRITE	0
0x0018efe1	0xStack[-0x18]	WRITE	0
0x0018efeb	0x001f7a8c	READ	1
0x0018effa	0xStack[-0xc]	READ	0
0x0018effd	0x0018f0ae	CONDITIONAL_JUMP	0
0x0018f004	0x001f63f0	READ	1
0x0018f012	0x001f7a60	READ	1
0x0018f017	0x0018f02f	CONDITIONAL_JUMP	0
0x0018f02d	0x0018f068	CONDITIONAL_JUMP	0
0x0018f030	0x0018ecc0	UNCONDITIONAL_CALL	0
0x0018f035	0x001f63f0	READ	1
0x0018f046	0x001f7a60	READ	1
0x0018f04b	0x0018f054	CONDITIONAL_JUMP	0
0x0018f04f	0x0018f068	UNCONDITIONAL_JUMP	0
0x0018f068	0xStack[-0x18]	READ	1
0x0018f075	0x0018f07c	CONDITIONAL_JUMP	0
0x0018f07a	0x0018f07f	UNCONDITIONAL_JUMP	0
0x0018f09b	0xStack[-0x18]	READ_WRITE	0
0x0018f0a2	0xStack[-0xc]	READ	1
0x0018f0a5	0xStack[-0x18]	READ	0
0x0018f0a8	0x0018f004	CONDITIONAL_JUMP	0
0x0018f0b4	0xStack[-0x8]	WRITE	0
0x0018f0b7	0xStack[0xc]	READ	1
0x0018f0bc	0xStack[-0x8]	READ	1
0x0018f0bf	0xStack[-0x18]	WRITE	0
0x0018f0c6	0xStack[-0x18]	READ	1
0x0018f0cc	0x001f63f0	READ	1
0x0018f0da	0x001f7a60	READ	1
0x0018f0df	0x0018f0f7	CONDITIONAL_JUMP	0
0x0018f0f5	0x0018f130	CONDITIONAL_JUMP	0
0x0018f0f8	0x0018ecc0	UNCONDITIONAL_CALL	0
0x0018f0fd	0x001f63f0	READ	1
0x0018f10e	0x001f7a60	READ	1
0x0018f113	0x0018f11c	CONDITIONAL_JUMP	0
0x0018f117	0x0018f130	UNCONDITIONAL_JUMP	0
0x0018f130	0xStack[-0x18]	READ	1
0x0018f13d	0x0018f144	CONDITIONAL_JUMP	0
0x0018f142	0x0018f147	UNCONDITIONAL_JUMP	0
0x0018f14f	0xStack[-0x18]	READ_WRITE	0
0x0018f156	0xStack[-0x18]	READ	0
0x0018f15d	0x0018f0cc	CONDITIONAL_JUMP	0
0x0018f169	0xStack[-0x8]	WRITE	0
0x0018f16c	0x0001285c	READ	0
0x0018f174	0x0018f29b	CONDITIONAL_JUMP	0
0x0018f17a	0x00012860	READ	1
0x0018f181	0x0001285e	READ	1
0x0018f18b	0x001e89ec	READ	1
0x0018f195	0x0001286c	READ	1
0x0018f19d	0x0001286c	READ	1
0x0018f1ac	0xStack[-0x14]	WRITE	0
0x0018f1af	0xStack[-0x8]	READ	1
0x0018f1b4	0x00012854	WRITE	0
0x0018f1ba	0xStack[-0x8]	READ	1
0x0018f1bd	0xStack[-0x18]	WRITE	0
0x0018f1c0	0x001f7a8c	READ	1
0x0018f1d9	0xStack[-0x14]	READ	0
0x0018f1dc	0x0018f28f	CONDITIONAL_JUMP	0
0x0018f1e4	0x001f63f0	READ	1
0x0018f1ea	0xStack[-0x18]	READ	1
0x0018f1f3	0x001f7a60	READ	1
0x0018f1f8	0x0018f211	CONDITIONAL_JUMP	0
0x0018f202	0xStack[-0x18]	READ	1
0x0018f20f	0x0018f24d	CONDITIONAL_JUMP	0
0x0018f211	0xStack[-0x18]	READ	1
0x0018f215	0x0018ecc0	UNCONDITIONAL_CALL	0
0x0018f21a	0x001f63f0	READ	1
0x0018f223	0xStack[-0x18]	READ	1
0x0018f22c	0x001f7a60	READ	1
0x0018f231	0x0018f238	CONDITIONAL_JUMP	0
0x0018f235	0x0018f24d	UNCONDITIONAL_JUMP	0
0x0018f240	0xStack[-0x18]	READ	1
0x0018f258	0x0018f260	CONDITIONAL_JUMP	0
0x0018f25d	0x0018f263	UNCONDITIONAL_JUMP	0
0x0018f279	0xStack[-0x18]	READ_WRITE	0
0x0018f286	0xStack[-0x14]	READ	0
0x0018f289	0x0018f1e4	CONDITIONAL_JUMP	0
0x0018f295	0xStack[-0x18]	READ	1
0x0018f298	0xStack[-0x8]	WRITE	0
0x0018f29b	0xStack[-0x8]	READ	1
0x0018f29e	0xStack[0x10]	READ	1
0x0018f2a6	0xStack[-0x10]	READ	1
0x0018f2a9	0x001f63f0	READ	1
0x0018f2ae	0x001f7a60	READ	0
0x0018f2b8	0x0018f2ca	CONDITIONAL_JUMP	0
0x0018f2c8	0x0018f2bc	CONDITIONAL_JUMP	0
0x0018f2ca	0x001f63f0	READ	1
0x0018f2d0	0xStack[-0x10]	READ	1
0x0018f2d9	0x001f7a60	READ	1
0x0018f2de	0x0018f2fc	CONDITIONAL_JUMP	0
0x0018f2e8	0xStack[-0x10]	READ	1
0x0018f2f5	0x0018f2fc	CONDITIONAL_JUMP	0
0x0018f2fa	0x0018f300	CONDITIONAL_JUMP	0
0x0018f2fe	0x0018f312	UNCONDITIONAL_JUMP	0
0x0018f308	0xStack[-0x10]	READ	1
0x0018f312	0x001f63f0	READ	1
0x0018f312	0x001f7a60	DATA	0
0x0018f317	0x001f7a64	WRITE	0
0x0018f326	0xStack[-0x28]	DATA	0
0x0018f336	0xStack[0x4]	READ	1
0x0018f349	0x001f7ab0	DATA	0
0x0018f34e	0x001e8de8	READ	1
0x0018f355	0x00173d1c	UNCONDITIONAL_CALL	0
0x0018f35a	0x001f7ab8	WRITE	0
0x0018f360	0x001e24cb	DATA	0
0x0018f370	0x0016a490	UNCONDITIONAL_CALL	0
0x0018f375	0x001f7abc	WRITE	0
0x0018f37d	0x001e24d0	DATA	0
0x0018f38d	0x0016a490	UNCONDITIONAL_CALL	0
0x0018f392	0x001f7ae4	WRITE	0
0x0018f397	0x001e24d9	DATA	0
0x0018f3a6	0x0016a490	UNCONDITIONAL_CALL	0
0x0018f3ab	0x001f7ab4	WRITE	0
0x0018f3b0	0x001f7acc	WRITE	0
0x0018f3b0	0x001f7ac8	DATA	1
0x0018f3ba	0x001f7ac8	WRITE	0
0x0018f3ba	0x001f7ac8	WRITE	1
0x0018f3c4	0x001f7adc	WRITE	0
0x0018f3c4	0x001f7ad8	DATA	1
0x0018f3ce	0x001f7ad8	WRITE	0
0x0018f3ce	0x001f7ad8	WRITE	1
0x0018f3d8	0x001f7aac	WRITE	0
0x0018f3d8	0x001f7aa8	DATA	1
0x0018f3e2	0x001f7aa8	WRITE	0
0x0018f3e2	0x001f7aa8	WRITE	1
0x0018f3ec	0x001e247c	WRITE	0
0x0018f3f2	0x001e2480	WRITE	0
0x0018f3f8	0x001e2484	WRITE	0
0x0018f402	0xStack[-0x10]	DATA	0
0x0018f412	0xStack[0x4]	READ	1
0x0018f415	0x001f7aa8	READ	1
0x0018f41b	0x001f7aa8	DATA	1
0x0018f421	0x0018f425	CONDITIONAL_JUMP	0
0x0018f427	0x0018f48c	CONDITIONAL_JUMP	0
0x0018f43c	0x001f7ae0	READ	0
0x0018f442	0x0018f459	CONDITIONAL_JUMP	0
0x0018f453	0x001f7aa4	READ_WRITE	0
0x0018f464	0x0018f46b	CONDITIONAL_JUMP	0
0x0018f486	0x0018f581	UNCONDITIONAL_JUMP	0
0x0018f48c	0x001e0d0c	READ	1
0x0018f494	0x001e8de8	READ	1
0x0018f49b	0x00173d1c	UNCONDITIONAL_CALL	0
0x0018f4a5	0x0018f4b4	CONDITIONAL_JUMP	0
0x0018f4a7	0x001e24e2	DATA	0
0x0018f4ac	0x0010ca6c	UNCONDITIONAL_CALL	0
0x0018f4b4	0x001f7aa0	READ_WRITE	0
0x0018f4bc	0x001f7ab4	READ	1
0x0018f4c3	0x0016b790	UNCONDITIONAL_CALL	0
0x0018f4ca	0x001f63f0	READ	1
0x0018f4dd	0x0018f4fa	CONDITIONAL_JUMP	0
0x0018f4f3	0x0018f4fa	CONDITIONAL_JUMP	0
0x0018f4f8	0x0018f500	CONDITIONAL_JUMP	0
0x0018f4fc	0x0018f511	UNCONDITIONAL_JUMP	0
0x0018f514	0x001f7ab8	READ	1
0x0018f51d	0x001f7ae0	READ	1
0x0018f529	0x001f7ab0	READ	1
0x0018f554	0x001f7ae0	READ	0
0x0018f55b	0x0018f57d	CONDITIONAL_JUMP	0
0x0018f55d	0x001f7aa8	READ	1
0x0018f565	0x001f7aa8	DATA	1
0x0018f571	0x001f7aa8	WRITE	0
0x0018f577	0x001f7aa4	READ_WRITE	0
0x0018f581	0xStack[-0x10]	DATA	0
0x0018f591	0xStack[0x4]	READ	1
0x0018f595	0x0018f40c	UNCONDITIONAL_CALL	0
0x0018f5a0	0x0018f5af	CONDITIONAL_JUMP	0
0x0018f5a2	0x001e24f0	DATA	0
0x0018f5a7	0x0010ca6c	UNCONDITIONAL_CALL	0
0x0018f5b8	0x0018f5c4	CONDITIONAL_JUMP	0
0x0018f5ba	0x001e250b	DATA	0
0x0018f5bf	0x0010ca6c	UNCONDITIONAL_CALL	0
0x0018f5c4	0x001f63f0	READ	1
0x0018f5d9	0x0018f5f6	CONDITIONAL_JUMP	0
0x0018f5ef	0x0018f5f6	CONDITIONAL_JUMP	0
0x0018f5f4	0x0018f5fc	CONDITIONAL_JUMP	0
0x0018f5f8	0x0018f60d	UNCONDITIONAL_JUMP	0
0x0018f610	0x001f63f0	READ	1
0x0018f627	0x0018f63a	CONDITIONAL_JUMP	0
0x0018f638	0x0018f62c	CONDITIONAL_JUMP	0
0x0018f63a	0xStack[-0xc]	DATA	0
0x0018f648	0xStack[0x4]	READ	0
0x0018f64c	0x0018f654	CONDITIONAL_JUMP	0
0x0018f650	0x0018f694	UNCONDITIONAL_JUMP	0
0x0018f654	0x001f7abc	READ	1
0x0018f65b	0x0016b790	UNCONDITIONAL_CALL	0
0x0018f667	0x0018f676	CONDITIONAL_JUMP	0
0x0018f669	0x001e2528	DATA	0
0x0018f66e	0x0010ca6c	UNCONDITIONAL_CALL	0
0x0018f679	0x00101600	UNCONDITIONAL_CALL	0
0x0018f67f	0x0018f58c	UNCONDITIONAL_CALL	0
0x0018f694	0xStack[-0x8]	READ	1
0x0018f6a2	0xStack[0x4]	READ	1
0x0018f6a7	0x0018f7a7	CONDITIONAL_JUMP	0
0x0018f6ad	0x0018b964	UNCONDITIONAL_CALL	0
0x0018f6bc	0x0018f6ba	CONDITIONAL_JUMP	0
0x0018f6ca	0x0018f6b8	CONDITIONAL_JUMP	0
0x0018f6dc	0x0018b544	UNCONDITIONAL_CALL	0
0x0018f6e6	0x0018f7a7	CONDITIONAL_JUMP	0
0x0018f6ec	0x001f63f0	READ	1
0x0018f701	0x0018f71e	CONDITIONAL_JUMP	0
0x0018f717	0x0018f71e	CONDITIONAL_JUMP	0
0x0018f71c	0x0018f724	CONDITIONAL_JUMP	0
0x0018f720	0x0018f735	UNCONDITIONAL_JUMP	0
0x0018f735	0x001f7ab8	READ	1
0x0018f73e	0x001f7ae0	READ	1
0x0018f74a	0x001f7ab0	READ	1
0x0018f75e	0x001f7ae0	READ	0
0x0018f764	0x0018f786	CONDITIONAL_JUMP	0
0x0018f766	0x001f7aa8	READ	1
0x0018f76e	0x001f7aa8	DATA	1
0x0018f77a	0x001f7aa8	WRITE	0
0x0018f780	0x001f7aa4	READ_WRITE	0
0x0018f79b	0x001f7abc	READ	1
0x0018f7a2	0x0016b84c	UNCONDITIONAL_CALL	0
0x0018f7a7	0xStack[-0x10]	DATA	0
0x0018f7b8	0xStack[0x4]	READ	1
0x0018f7bd	0x0018f7ee	CONDITIONAL_JUMP	0
0x0018f7bf	0x0018b964	UNCONDITIONAL_CALL	0
0x0018f7d0	0x0018f7ce	CONDITIONAL_JUMP	0
0x0018f7de	0x0018f7cc	CONDITIONAL_JUMP	0
0x0018f7e9	0x0018b544	UNCONDITIONAL_CALL	0
0x0018f7ee	0xStack[-0x8]	READ	1
0x0018f801	0xStack[0xc]	READ	1
0x0018f804	0xStack[0x8]	READ	1
0x0018f807	0xStack[-0x10]	WRITE	0
0x0018f80a	0xStack[-0x14]	WRITE	0
0x0018f811	0xStack[-0x18]	WRITE	0
0x0018f818	0xStack[0x4]	READ	1
0x0018f81d	0xStack[0x8]	READ	1
0x0018f829	0x0018fa38	CONDITIONAL_JUMP	0
0x0018f837	0xStack[0x8]	READ	1
0x0018f847	0x0018fa38	CONDITIONAL_JUMP	0
0x0018f858	0x0018f864	CONDITIONAL_JUMP	0
0x0018f85a	0xStack[-0x8]	WRITE	0
0x0018f861	0x0018f87b	UNCONDITIONAL_JUMP	0
0x0018f878	0xStack[-0x8]	WRITE	0
0x0018f87b	0x001e89ec	READ	1
0x0018f889	0xStack[-0x8]	READ	1
0x0018f890	0x0018fa16	CONDITIONAL_JUMP	0
0x0018f896	0x001f7ae0	READ	1
0x0018f8a9	0xStack[-0x8]	WRITE	0
0x0018f8ac	0x0018fa16	UNCONDITIONAL_JUMP	0
0x0018f8b7	0x0018f8d0	CONDITIONAL_JUMP	0
0x0018f8b9	0x001f7ae0	READ	1
0x0018f8c8	0x0018fa0d	UNCONDITIONAL_JUMP	0
0x0018f8d0	0xStack[-0x14]	READ_WRITE	0
0x0018f8d7	0x0018f8dc	CONDITIONAL_JUMP	0
0x0018f8d9	0xStack[-0x18]	READ_WRITE	0
0x0018f8e4	0xStack[-0xc]	WRITE	0
0x0018f8e7	0x001e247c	READ	0
0x0018f8ed	0x0018f8f7	CONDITIONAL_JUMP	0
0x0018f8ef	0x001e2480	READ	0
0x0018f8f5	0x0018f920	CONDITIONAL_JUMP	0
0x0018f8f7	0x001f7ae0	READ	1
0x0018f902	0x0018fa0d	CONDITIONAL_JUMP	0
0x0018f916	0x0018f908	CONDITIONAL_JUMP	0
0x0018f918	0x0018fa0d	UNCONDITIONAL_JUMP	0
0x0018f920	0xStack[-0xc]	READ	1
0x0018f923	0x001f7ab8	READ	1
0x0018f92c	0x001f7ae0	READ	1
0x0018f93a	0x001f7ab0	READ	1
0x0018f943	0x001f7ae0	READ	0
0x0018f94a	0x0018f97e	CONDITIONAL_JUMP	0
0x0018f94f	0x0018f965	CONDITIONAL_JUMP	0
0x0018f951	0xStack[-0xc]	READ	1
0x0018f955	0x00178894	UNCONDITIONAL_CALL	0
0x0018f968	0x0018f96e	CONDITIONAL_JUMP	0
0x0018f97c	0x0018f94c	CONDITIONAL_JUMP	0
0x0018f984	0x0018f993	CONDITIONAL_JUMP	0
0x0018f986	0x001e2539	DATA	0
0x0018f98b	0x0010ca6c	UNCONDITIONAL_CALL	0
0x0018f993	0xStack[-0x10]	READ	1
0x0018f999	0x0018f9c8	CONDITIONAL_JUMP	0
0x0018f99b	0xStack[0x4]	READ	1
0x0018f9a1	0x0018f9c8	CONDITIONAL_JUMP	0
0x0018f9a7	0x0018f9bc	CONDITIONAL_JUMP	0
0x0018f9b9	0x0018f9fd	UNCONDITIONAL_JUMP	0
0x0018f9c3	0x0018fa0d	UNCONDITIONAL_JUMP	0
0x0018f9cc	0x0018f9ec	CONDITIONAL_JUMP	0
0x0018f9d0	0xStack[-0x10]	READ	1
0x0018f9d6	0x0018f9e0	CONDITIONAL_JUMP	0
0x0018f9d8	0xStack[0x4]	READ	1
0x0018f9de	0x0018f9e8	CONDITIONAL_JUMP	0
0x0018f9e6	0x0018f9d0	CONDITIONAL_JUMP	0
0x0018f9ea	0x0018f9f9	CONDITIONAL_JUMP	0
0x0018f9ec	0x001e254b	DATA	0
0x0018f9f1	0x0010ca6c	UNCONDITIONAL_CALL	0
0x0018f9fe	0x001f7ae4	READ	1
0x0018fa05	0x0016b84c	UNCONDITIONAL_CALL	0
0x0018fa0d	0x001e0d0c	READ	1
0x0018fa13	0xStack[-0x10]	READ_WRITE	0
0x0018fa16	0xStack[-0x8]	READ	0
0x0018fa19	0x0018f8b4	CONDITIONAL_JUMP	0
0x0018fa1f	0xStack[0x10]	READ	1
0x0018fa23	0xStack[-0x18]	READ	1
0x0018fa27	0xStack[-0x14]	READ	1
0x0018fa2b	0xStack[0x8]	READ	1
0x0018fa2f	0xStack[0x4]	READ	1
0x0018fa33	0x00190f90	UNCONDITIONAL_CALL	0
0x0018fa38	0xStack[-0x28]	DATA	0
0x0018fa4d	0xStack[0x8]	READ	1
0x0018fa50	0xStack[0xc]	READ	1
0x0018fa53	0xStack[0x4]	READ	0
0x0018fa57	0x0018fb00	CONDITIONAL_JUMP	0
0x0018fa5d	0x0018b964	UNCONDITIONAL_CALL	0
0x0018fa62	0xStack[-0x8]	WRITE	0
0x0018fa67	0x001f63f0	READ	1
0x0018fa6d	0xStack[0x4]	READ	0
0x0018fa70	0x0018fa7b	CONDITIONAL_JUMP	0
0x0018fa72	0xStack[0x4]	READ	1
0x0018fa79	0x0018faf3	CONDITIONAL_JUMP	0
0x0018fa7b	0x001f7af0	READ_WRITE	0
0x0018fa85	0x001e0d0c	READ	0
0x0018fa8b	0x0018fa98	CONDITIONAL_JUMP	0
0x0018fa93	0x0018faf3	UNCONDITIONAL_JUMP	0
0x0018fa9a	0x0018faba	CONDITIONAL_JUMP	0
0x0018faa0	0xStack[0x4]	READ	0
0x0018faa3	0x0018faac	CONDITIONAL_JUMP	0
0x0018faa8	0x0018fab0	UNCONDITIONAL_JUMP	0
0x0018fab8	0x0018faa0	CONDITIONAL_JUMP	0
0x0018faba	0x001f7af4	READ_WRITE	0
0x0018fac0	0x0018faf3	UNCONDITIONAL_JUMP	0
0x0018fac6	0x001e0d0c	READ	1
0x0018facc	0x001f7ae8	READ	1
0x0018fadd	0x0018fae1	CONDITIONAL_JUMP	0
0x0018fae5	0xStack[0x4]	READ	1
0x0018fae9	0x0018f7f8	UNCONDITIONAL_CALL	0
0x0018faf5	0x0018fac4	CONDITIONAL_JUMP	0
0x0018faf7	0xStack[-0x8]	READ	1
0x0018fafb	0x0018b544	UNCONDITIONAL_CALL	0
0x0018fb00	0xStack[-0x14]	DATA	0
0x0018fb15	0xStack[0x4]	READ	1
0x0018fb18	0x001e247c	READ	0
0x0018fb1e	0x0018fd20	CONDITIONAL_JUMP	0
0x0018fb24	0x001e2480	READ	0
0x0018fb2a	0x0018fd20	CONDITIONAL_JUMP	0
0x0018fb30	0x0018b964	UNCONDITIONAL_CALL	0
0x0018fb35	0xStack[-0x18]	WRITE	0
0x0018fb38	0xStack[0x4]	READ	1
0x0018fb3b	0x001f7ab8	READ	1
0x0018fb44	0x001f7ae0	READ	1
0x0018fb52	0x001f7ab0	READ	1
0x0018fb5b	0xStack[-0x8]	WRITE	0
0x0018fb5e	0xStack[-0xc]	WRITE	0
0x0018fb64	0xStack[-0x14]	WRITE	0
0x0018fb69	0x0018fd17	CONDITIONAL_JUMP	0
0x0018fb70	0xStack[-0x8]	READ	1
0x0018fb76	0xStack[-0x10]	WRITE	0
0x0018fb79	0xStack[-0x14]	READ	1
0x0018fb84	0x0018fb82	CONDITIONAL_JUMP	0
0x0018fb92	0x0018fb80	CONDITIONAL_JUMP	0
0x0018fb94	0xStack[-0x10]	READ	1
0x0018fb9d	0xStack[-0x14]	READ	1
0x0018fba5	0x0018fbac	CONDITIONAL_JUMP	0
0x0018fba9	0x0018fbcb	UNCONDITIONAL_JUMP	0
0x0018fbb4	0xStack[-0x10]	READ	1
0x0018fbc4	0x0018fbcb	CONDITIONAL_JUMP	0
0x0018fbc9	0x0018fbd8	CONDITIONAL_JUMP	0
0x0018fbcb	0x001e255f	DATA	0
0x0018fbd0	0x0010ca6c	UNCONDITIONAL_CALL	0
0x0018fbdf	0xStack[0x4]	READ	0
0x0018fbe2	0x0018fbf1	CONDITIONAL_JUMP	0
0x0018fbe4	0x001e256f	DATA	0
0x0018fbe9	0x0010ca6c	UNCONDITIONAL_CALL	0
0x0018fbf5	0x0018fc04	CONDITIONAL_JUMP	0
0x0018fbf7	0x001e2581	DATA	0
0x0018fbfc	0x0010ca6c	UNCONDITIONAL_CALL	0
0x0018fc04	0xStack[-0x10]	READ	1
0x0018fc07	0x001e0d0c	READ	1
0x0018fc11	0xStack[-0x20]	WRITE	0
0x0018fc14	0x001f63f0	READ	1
0x0018fc1a	0xStack[-0x1c]	WRITE	0
0x0018fc1d	0xStack[-0x14]	READ	0
0x0018fc20	0x0018fc2b	CONDITIONAL_JUMP	0
0x0018fc22	0xStack[-0x14]	READ	1
0x0018fc29	0x0018fc71	CONDITIONAL_JUMP	0
0x0018fc2b	0x001f7af0	READ_WRITE	0
0x0018fc31	0xStack[-0x20]	READ	1
0x0018fc34	0xStack[-0x10]	READ	1
0x0018fc39	0x0018fc44	CONDITIONAL_JUMP	0
0x0018fc41	0x0018fc71	UNCONDITIONAL_JUMP	0
0x0018fc44	0xStack[-0x20]	READ	1
0x0018fc47	0xStack[-0x10]	READ	0
0x0018fc4a	0x0018fc6b	CONDITIONAL_JUMP	0
0x0018fc4c	0xStack[-0x1c]	READ	1
0x0018fc50	0xStack[-0x14]	READ	0
0x0018fc53	0x0018fc5c	CONDITIONAL_JUMP	0
0x0018fc58	0x0018fc60	UNCONDITIONAL_JUMP	0
0x0018fc66	0xStack[-0x20]	READ	0
0x0018fc69	0x0018fc50	CONDITIONAL_JUMP	0
0x0018fc6b	0x001f7af4	READ_WRITE	0
0x0018fc71	0xStack[-0x8]	READ	1
0x0018fc78	0x0018fc9c	CONDITIONAL_JUMP	0
0x0018fc8b	0x001f7ae4	READ	1
0x0018fc92	0x0016b84c	UNCONDITIONAL_CALL	0
0x0018fc9a	0x0018fca6	UNCONDITIONAL_JUMP	0
0x0018fc9c	0xStack[-0x8]	READ	1
0x0018fca6	0x001f7ae0	READ	1
0x0018fcac	0x0018fce1	UNCONDITIONAL_JUMP	0
0x0018fcb3	0x0018fccc	CONDITIONAL_JUMP	0
0x0018fcb5	0xStack[0x4]	READ	1
0x0018fcb9	0x00178894	UNCONDITIONAL_CALL	0
0x0018fcc2	0xStack[-0xc]	READ	1
0x0018fccf	0x0018fcd8	CONDITIONAL_JUMP	0
0x0018fcd1	0xStack[-0xc]	READ	1
0x0018fce6	0x0018fcb0	CONDITIONAL_JUMP	0
0x0018fcee	0xStack[-0x10]	READ	1
0x0018fcf2	0xStack[-0x14]	READ	1
0x0018fcf6	0x00190f90	UNCONDITIONAL_CALL	0
0x0018fd00	0xStack[-0x14]	READ	1
0x0018fd06	0xStack[-0x8]	READ	1
0x0018fd0c	0xStack[-0x14]	WRITE	0
0x0018fd11	0x0018fb70	CONDITIONAL_JUMP	0
0x0018fd17	0xStack[-0x18]	READ	1
0x0018fd1b	0x0018b544	UNCONDITIONAL_CALL	0
0x0018fd20	0xStack[-0x2c]	DATA	0
0x0018fd35	0xStack[0x4]	READ	1
0x0018fd38	0x001e247c	READ	0
0x0018fd3e	0x0018fed9	CONDITIONAL_JUMP	0
0x0018fd44	0x001e2480	READ	0
0x0018fd4a	0x0018fed9	CONDITIONAL_JUMP	0
0x0018fd50	0x0018b964	UNCONDITIONAL_CALL	0
0x0018fd55	0xStack[-0xc]	WRITE	0
0x0018fd5a	0x001f7ab8	READ	1
0x0018fd63	0x001f7ae0	READ	1
0x0018fd6f	0x001f7ab0	READ	1
0x0018fd78	0xStack[-0x8]	WRITE	0
0x0018fd7f	0x0018fed0	CONDITIONAL_JUMP	0
0x0018fd85	0xStack[-0x8]	READ	0
0x0018fd89	0x0018fed0	CONDITIONAL_JUMP	0
0x0018fd90	0xStack[-0x8]	READ	1
0x0018fd96	0xStack[-0x10]	WRITE	0
0x0018fd99	0xStack[-0x8]	READ	1
0x0018fd9f	0xStack[-0x10]	READ	1
0x0018fdac	0x0018fdaa	CONDITIONAL_JUMP	0
0x0018fdba	0x0018fda8	CONDITIONAL_JUMP	0
0x0018fdc4	0xStack[-0x10]	READ	1
0x0018fdcc	0x0018fdd4	CONDITIONAL_JUMP	0
0x0018fdd0	0x0018fdf2	UNCONDITIONAL_JUMP	0
0x0018fdeb	0x0018fdf2	CONDITIONAL_JUMP	0
0x0018fdf0	0x0018fdff	CONDITIONAL_JUMP	0
0x0018fdf2	0x001e2593	DATA	0
0x0018fdf7	0x0010ca6c	UNCONDITIONAL_CALL	0
0x0018fe01	0x001e0d0c	READ	1
0x0018fe0a	0x001f63f0	READ	1
0x0018fe10	0xStack[-0x14]	WRITE	0
0x0018fe13	0xStack[-0x10]	READ	0
0x0018fe16	0x0018fe21	CONDITIONAL_JUMP	0
0x0018fe18	0xStack[-0x10]	READ	1
0x0018fe1f	0x0018fe60	CONDITIONAL_JUMP	0
0x0018fe21	0x001f7af0	READ_WRITE	0
0x0018fe2d	0x0018fe38	CONDITIONAL_JUMP	0
0x0018fe35	0x0018fe60	UNCONDITIONAL_JUMP	0
0x0018fe3a	0x0018fe5a	CONDITIONAL_JUMP	0
0x0018fe3c	0xStack[-0x14]	READ	1
0x0018fe40	0xStack[-0x10]	READ	0
0x0018fe43	0x0018fe4c	CONDITIONAL_JUMP	0
0x0018fe48	0x0018fe50	UNCONDITIONAL_JUMP	0
0x0018fe58	0x0018fe40	CONDITIONAL_JUMP	0
0x0018fe5a	0x001f7af4	READ_WRITE	0
0x0018fe66	0x0018fe6c	CONDITIONAL_JUMP	0
0x0018fe6a	0x0018feb8	CONDITIONAL_JUMP	0
0x0018fe6c	0x001f7ae0	READ	1
0x0018fe72	0x0018feb1	UNCONDITIONAL_JUMP	0
0x0018fe7d	0xStack[-0x10]	READ	1
0x0018fe80	0x001f63f0	READ	0
0x0018fe86	0x0018fe90	CONDITIONAL_JUMP	0
0x0018fe88	0x001f7a84	READ	1
0x0018fe8e	0x0018fe96	UNCONDITIONAL_JUMP	0
0x0018fe90	0x001f7b04	READ	1
0x0018feb6	0x0018fe74	CONDITIONAL_JUMP	0
0x0018feba	0xStack[-0x10]	READ	1
0x0018fec0	0xStack[-0x8]	READ	1
0x0018fec5	0xStack[-0x8]	WRITE	0
0x0018feca	0x0018fd90	CONDITIONAL_JUMP	0
0x0018fed0	0xStack[-0xc]	READ	1
0x0018fed4	0x0018b544	UNCONDITIONAL_CALL	0
0x0018fed9	0xStack[-0x20]	DATA	0
0x0018feed	0xStack[0x8]	READ	1
0x0018fef0	0xStack[0x4]	READ	0
0x0018fef4	0x0019017e	CONDITIONAL_JUMP	0
0x0018fefa	0xStack[0x10]	READ	0
0x0018fefe	0x0018ffac	CONDITIONAL_JUMP	0
0x0018ff06	0x0018b964	UNCONDITIONAL_CALL	0
0x0018ff0b	0xStack[-0x10]	WRITE	0
0x0018ff10	0x001f63f0	READ	1
0x0018ff16	0xStack[0x4]	READ	0
0x0018ff19	0x0018ff24	CONDITIONAL_JUMP	0
0x0018ff1b	0xStack[0x4]	READ	1
0x0018ff22	0x0018ff9d	CONDITIONAL_JUMP	0
0x0018ff24	0x001f7af0	READ_WRITE	0
0x0018ff2a	0xStack[0xc]	READ	1
0x0018ff2f	0x001e0d0c	READ	0
0x0018ff35	0x0018ff40	CONDITIONAL_JUMP	0
0x0018ff3d	0x0018ff9d	UNCONDITIONAL_JUMP	0
0x0018ff40	0xStack[0xc]	READ	0
0x0018ff43	0x0018ff63	CONDITIONAL_JUMP	0
0x0018ff48	0xStack[0x4]	READ	0
0x0018ff4b	0x0018ff54	CONDITIONAL_JUMP	0
0x0018ff50	0x0018ff58	UNCONDITIONAL_JUMP	0
0x0018ff5e	0xStack[0xc]	READ	0
0x0018ff61	0x0018ff48	CONDITIONAL_JUMP	0
0x0018ff63	0x001f7af4	READ_WRITE	0
0x0018ff69	0x0018ff9d	UNCONDITIONAL_JUMP	0
0x0018ff6e	0x001e0d0c	READ	1
0x0018ff74	0x001f7ae8	READ	1
0x0018ff83	0xStack[0xc]	READ	0
0x0018ff86	0x0018ff8b	CONDITIONAL_JUMP	0
0x0018ff88	0xStack[0xc]	READ	1
0x0018ff8f	0xStack[0x4]	READ	1
0x0018ff93	0x0018f7f8	UNCONDITIONAL_CALL	0
0x0018ff9d	0xStack[0xc]	READ	0
0x0018ffa0	0x0018ff6c	CONDITIONAL_JUMP	0
0x0018ffa2	0xStack[-0x10]	READ	1
0x0018ffa5	0x00190178	UNCONDITIONAL_JUMP	0
0x0018ffac	0x0018b964	UNCONDITIONAL_CALL	0
0x0018ffb1	0xStack[-0xc]	WRITE	0
0x0018ffb4	0xStack[0x4]	READ	1
0x0018ffc0	0x0018ffbe	CONDITIONAL_JUMP	0
0x0018ffce	0x0018ffbc	CONDITIONAL_JUMP	0
0x0018ffd2	0x001f63f0	READ	1
0x0018ffd8	0xStack[0x4]	READ	0
0x0018ffdb	0x0018ffea	CONDITIONAL_JUMP	0
0x0018ffdd	0xStack[0x4]	READ	1
0x0018ffe4	0x00190164	CONDITIONAL_JUMP	0
0x0018ffea	0x001f7af0	READ_WRITE	0
0x0018fff0	0xStack[0xc]	READ	1
0x0018fff5	0x001e0d0c	READ	0
0x0018fffb	0x00190008	CONDITIONAL_JUMP	0
0x00190003	0x00190164	UNCONDITIONAL_JUMP	0
0x00190008	0xStack[0xc]	READ	0
0x0019000b	0x0019002b	CONDITIONAL_JUMP	0
0x00190010	0xStack[0x4]	READ	0
0x00190013	0x0019001c	CONDITIONAL_JUMP	0
0x00190018	0x00190020	UNCONDITIONAL_JUMP	0
0x00190026	0xStack[0xc]	READ	0
0x00190029	0x00190010	CONDITIONAL_JUMP	0
0x0019002b	0x001f7af4	READ_WRITE	0
0x00190031	0x00190164	UNCONDITIONAL_JUMP	0
0x0019003a	0x001e0d0c	READ	1
0x00190040	0x001f7ae8	READ	1
0x0019004d	0xStack[-0x8]	WRITE	0
0x00190050	0xStack[0xc]	READ	1
0x00190055	0x0019005a	CONDITIONAL_JUMP	0
0x00190057	0xStack[-0x8]	WRITE	0
0x0019005a	0xStack[0x4]	READ	1
0x0019006a	0x00190161	CONDITIONAL_JUMP	0
0x00190087	0x00190161	CONDITIONAL_JUMP	0
0x0019008d	0xStack[-0x8]	READ	1
0x00190099	0x001900a4	CONDITIONAL_JUMP	0
0x0019009b	0xStack[-0x10]	WRITE	0
0x001900a2	0x001900bc	UNCONDITIONAL_JUMP	0
0x001900ac	0xStack[-0x8]	READ	1
0x001900b9	0xStack[-0x10]	WRITE	0
0x001900bc	0x001e89ec	READ	1
0x001900ca	0xStack[-0x10]	READ	1
0x001900d1	0x0019015c	CONDITIONAL_JUMP	0
0x001900d7	0x001f7ae0	READ	1
0x001900ea	0xStack[-0x10]	WRITE	0
0x001900ed	0x0019015c	UNCONDITIONAL_JUMP	0
0x001900f3	0x00190108	CONDITIONAL_JUMP	0
0x001900f5	0x001f7ae0	READ	1
0x00190104	0x0019015c	UNCONDITIONAL_JUMP	0
0x00190108	0x001f7ae0	READ	1
0x0019010e	0x00190155	UNCONDITIONAL_JUMP	0
0x00190119	0xStack[0x4]	READ	1
0x0019011c	0x001f63f0	READ	0
0x00190122	0x00190130	CONDITIONAL_JUMP	0
0x00190124	0xStack[0x10]	READ	1
0x00190127	0x001f7a80	DATA	1
0x0019012e	0x0019013a	UNCONDITIONAL_JUMP	0
0x00190130	0xStack[0x10]	READ	1
0x00190133	0x001f7b00	DATA	1
0x0019015a	0x00190110	CONDITIONAL_JUMP	0
0x0019015c	0xStack[-0x10]	READ	0
0x0019015f	0x001900f0	CONDITIONAL_JUMP	0
0x00190161	0xStack[-0x8]	READ	1
0x00190164	0xStack[0xc]	READ	0
0x00190167	0x00190038	CONDITIONAL_JUMP	0
0x0019016f	0xStack[0x4]	READ	1
0x00190175	0xStack[-0xc]	READ	1
0x00190179	0x0018b544	UNCONDITIONAL_CALL	0
0x0019017e	0xStack[-0x1c]	DATA	0
0x00190191	0xStack[0x4]	READ	0
0x00190195	0x00190650	CONDITIONAL_JUMP	0
0x0019019b	0xStack[0x10]	READ	0
0x0019019f	0x00190274	CONDITIONAL_JUMP	0
0x001901a5	0xStack[0x8]	READ	1
0x001901a8	0xStack[-0x18]	WRITE	0
0x001901ab	0x001e0d0c	READ	1
0x001901b1	0xStack[-0x1c]	WRITE	0
0x001901b4	0x0018b964	UNCONDITIONAL_CALL	0
0x001901b9	0xStack[-0x14]	WRITE	0
0x001901bc	0xStack[0x8]	READ	1
0x001901bf	0x001f63f0	READ	1
0x001901c5	0xStack[0x4]	READ	0
0x001901c8	0x001901d3	CONDITIONAL_JUMP	0
0x001901ca	0xStack[0x4]	READ	1
0x001901d1	0x0019021d	CONDITIONAL_JUMP	0
0x001901d3	0x001f7af0	READ_WRITE	0
0x001901d9	0xStack[-0x1c]	READ	1
0x001901dc	0xStack[0x8]	READ	1
0x001901df	0x001e0d0c	READ	0
0x001901e5	0x001901f0	CONDITIONAL_JUMP	0
0x001901ed	0x0019021d	UNCONDITIONAL_JUMP	0
0x001901f0	0xStack[-0x1c]	READ	1
0x001901f3	0xStack[0x8]	READ	0
0x001901f6	0x00190217	CONDITIONAL_JUMP	0
0x001901fc	0xStack[0x4]	READ	0
0x001901ff	0x00190208	CONDITIONAL_JUMP	0
0x00190204	0x0019020c	UNCONDITIONAL_JUMP	0
0x00190212	0xStack[-0x1c]	READ	0
0x00190215	0x001901fc	CONDITIONAL_JUMP	0
0x00190217	0x001f7af4	READ_WRITE	0
0x0019021d	0xStack[-0x1c]	READ	1
0x00190220	0xStack[-0x18]	READ	0
0x00190223	0x00190265	CONDITIONAL_JUMP	0
0x00190228	0xStack[-0x18]	READ	1
0x0019022b	0x001e0d0c	READ	1
0x00190231	0x001f7ae8	READ	1
0x00190240	0xStack[-0x1c]	READ	0
0x00190243	0x00190248	CONDITIONAL_JUMP	0
0x00190245	0xStack[-0x1c]	READ	1
0x0019024b	0xStack[-0x18]	READ	1
0x0019024f	0xStack[0x4]	READ	1
0x00190253	0x0018f7f8	UNCONDITIONAL_CALL	0
0x00190258	0xStack[-0x18]	WRITE	0
0x0019025e	0xStack[-0x1c]	READ	1
0x00190263	0x00190228	CONDITIONAL_JUMP	0
0x00190265	0xStack[-0x14]	READ	1
0x00190269	0x0018b544	UNCONDITIONAL_CALL	0
0x0019026e	0x00190650	UNCONDITIONAL_JUMP	0
0x00190274	0xStack[-0x10]	WRITE	0
0x0019027b	0xStack[-0x8]	WRITE	0
0x00190282	0xStack[-0x8]	READ	1
0x00190285	0xStack[-0x8]	WRITE	0
0x00190288	0x0018b964	UNCONDITIONAL_CALL	0
0x0019028d	0xStack[-0xc]	WRITE	0
0x00190290	0xStack[0x8]	READ	1
0x00190299	0xStack[-0x18]	WRITE	0
0x0019029c	0xStack[0x8]	READ	1
0x001902a7	0xStack[-0x1c]	WRITE	0
0x001902ac	0xStack[-0x18]	READ	1
0x001902af	0xStack[0x4]	READ	1
0x001902b7	0x001902c7	CONDITIONAL_JUMP	0
0x001902c0	0xStack[-0x1c]	READ	1
0x001902c5	0x001902ec	CONDITIONAL_JUMP	0
0x001902c7	0xStack[-0xc]	READ	1
0x001902cb	0x0018b544	UNCONDITIONAL_CALL	0
0x001902d0	0xStack[0x8]	READ	1
0x001902d4	0xStack[0x4]	READ	1
0x001902d8	0x00190cfc	UNCONDITIONAL_CALL	0
0x001902dd	0x0018b964	UNCONDITIONAL_CALL	0
0x001902e2	0xStack[-0xc]	WRITE	0
0x001902e8	0x001902ac	UNCONDITIONAL_JUMP	0
0x001902f6	0x001904e0	CONDITIONAL_JUMP	0
0x001902fc	0xStack[0xc]	READ	0
0x001902ff	0x0019045c	CONDITIONAL_JUMP	0
0x00190305	0xStack[0x14]	READ	0
0x00190309	0x00190320	CONDITIONAL_JUMP	0
0x0019030f	0x00190336	CONDITIONAL_JUMP	0
0x00190311	0xStack[0x8]	READ	1
0x00190315	0xStack[0x4]	READ	1
0x00190319	0x0019108c	UNCONDITIONAL_CALL	0
0x0019031e	0x00190333	UNCONDITIONAL_JUMP	0
0x00190324	0x00190336	CONDITIONAL_JUMP	0
0x00190326	0xStack[0x8]	READ	1
0x0019032a	0xStack[0x4]	READ	1
0x0019032e	0x001910e4	UNCONDITIONAL_CALL	0
0x00190336	0xStack[0x4]	READ	1
0x00190339	0x001f63f0	READ	0
0x0019033f	0x00190350	CONDITIONAL_JUMP	0
0x00190341	0xStack[0x10]	READ	1
0x00190344	0x001f7a80	DATA	1
0x0019034b	0x0019035a	UNCONDITIONAL_JUMP	0
0x00190350	0xStack[0x10]	READ	1
0x00190353	0x001f7b00	DATA	1
0x0019035f	0xStack[-0x8]	READ	1
0x00190366	0xStack[-0x8]	WRITE	0
0x00190369	0xStack[-0x8]	READ_WRITE	0
0x0019036d	0xStack[0xc]	READ	1
0x00190376	0xStack[-0x8]	READ	1
0x00190380	0xStack[-0x8]	WRITE	0
0x00190383	0xStack[0x14]	READ	0
0x00190387	0x0019038d	CONDITIONAL_JUMP	0
0x00190389	0xStack[-0x7]	READ_WRITE	0
0x0019038d	0xStack[0x18]	READ	0
0x00190391	0x0019039c	CONDITIONAL_JUMP	0
0x00190393	0xStack[-0x8]	READ_WRITE	0
0x00190397	0x001903a6	UNCONDITIONAL_JUMP	0
0x0019039c	0xStack[0x18]	READ	0
0x001903a0	0x001903a6	CONDITIONAL_JUMP	0
0x001903a2	0xStack[-0x8]	READ_WRITE	0
0x001903a6	0xStack[0x8]	READ	1
0x001903a9	0x001e0d0c	READ	1
0x001903af	0xStack[-0x1c]	WRITE	0
0x001903b6	0x001f63f0	READ	1
0x001903bc	0xStack[-0x18]	WRITE	0
0x001903bf	0xStack[0x4]	READ	0
0x001903c2	0x001903cd	CONDITIONAL_JUMP	0
0x001903c4	0xStack[0x4]	READ	1
0x001903cb	0x00190410	CONDITIONAL_JUMP	0
0x001903cd	0x001f7af0	READ_WRITE	0
0x001903d5	0xStack[0x8]	READ	1
0x001903d8	0xStack[-0x1c]	READ	0
0x001903db	0x001903e8	CONDITIONAL_JUMP	0
0x001903e3	0x00190410	UNCONDITIONAL_JUMP	0
0x001903e8	0xStack[0x8]	READ	0
0x001903eb	0x0019040a	CONDITIONAL_JUMP	0
0x001903ed	0xStack[-0x18]	READ	1
0x001903f0	0xStack[0x4]	READ	0
0x001903f3	0x001903fc	CONDITIONAL_JUMP	0
0x001903f8	0x00190400	UNCONDITIONAL_JUMP	0
0x00190408	0x001903f0	CONDITIONAL_JUMP	0
0x0019040a	0x001f7af4	READ_WRITE	0
0x00190410	0x001f7ae0	READ	1
0x0019041b	0x0019062e	CONDITIONAL_JUMP	0
0x00190427	0x0019042d	CONDITIONAL_JUMP	0
0x00190429	0xStack[-0x8]	READ_WRITE	0
0x0019042d	0xStack[-0x8]	READ	1
0x00190432	0xStack[-0x8]	READ	1
0x0019044a	0xStack[-0x8]	WRITE	0
0x00190455	0x00190424	CONDITIONAL_JUMP	0
0x00190457	0x0019062e	UNCONDITIONAL_JUMP	0
0x0019045c	0xStack[0x8]	READ	1
0x0019045f	0x001e0d0c	READ	1
0x00190465	0xStack[-0x1c]	WRITE	0
0x0019046c	0x001f63f0	READ	1
0x00190472	0xStack[-0x18]	WRITE	0
0x00190475	0xStack[0x4]	READ	0
0x00190478	0x00190483	CONDITIONAL_JUMP	0
0x0019047a	0xStack[0x4]	READ	1
0x00190481	0x001904c4	CONDITIONAL_JUMP	0
0x00190483	0x001f7af0	READ_WRITE	0
0x0019048b	0xStack[0x8]	READ	1
0x0019048e	0xStack[-0x1c]	READ	0
0x00190491	0x0019049c	CONDITIONAL_JUMP	0
0x00190499	0x001904c4	UNCONDITIONAL_JUMP	0
0x0019049c	0xStack[0x8]	READ	0
0x0019049f	0x001904be	CONDITIONAL_JUMP	0
0x001904a1	0xStack[-0x18]	READ	1
0x001904a4	0xStack[0x4]	READ	0
0x001904a7	0x001904b0	CONDITIONAL_JUMP	0
0x001904ac	0x001904b4	UNCONDITIONAL_JUMP	0
0x001904bc	0x001904a4	CONDITIONAL_JUMP	0
0x001904be	0x001f7af4	READ_WRITE	0
0x001904c6	0xStack[0x8]	READ	1
0x001904c9	0x001e0d0c	READ	1
0x001904d0	0xStack[0x8]	READ	1
0x001904d4	0xStack[0x4]	READ	1
0x001904d8	0x0018f7f8	UNCONDITIONAL_CALL	0
0x001904e0	0xStack[0xc]	READ	1
0x001904e3	0x001e247c	READ	0
0x001904e9	0x0019057c	CONDITIONAL_JUMP	0
0x001904ef	0x001e2480	READ	0
0x001904f5	0x0019057c	CONDITIONAL_JUMP	0
0x001904fd	0x001f7ab8	READ	1
0x00190506	0x001f7ae0	READ	1
0x00190512	0x001f7ab0	READ	1
0x00190521	0x00190538	CONDITIONAL_JUMP	0
0x00190523	0xStack[0x8]	READ	1
0x00190529	0xStack[0x4]	READ	1
0x00190535	0x0019057c	UNCONDITIONAL_JUMP	0
0x00190538	0xStack[-0x10]	READ	0
0x0019053c	0x00190560	CONDITIONAL_JUMP	0
0x0019053e	0xStack[-0xc]	READ	1
0x00190542	0x0018b544	UNCONDITIONAL_CALL	0
0x00190547	0x001f7ae4	READ	1
0x0019054e	0x0016b790	UNCONDITIONAL_CALL	0
0x00190553	0xStack[-0x10]	WRITE	0
0x00190559	0x00190288	UNCONDITIONAL_JUMP	0
0x00190560	0xStack[0x8]	READ	1
0x00190563	0xStack[-0x10]	READ	1
0x00190569	0xStack[0x4]	READ	1
0x00190575	0xStack[-0x10]	WRITE	0
0x0019057c	0xStack[0x14]	READ	1
0x00190580	0xStack[0x8]	READ	1
0x00190584	0xStack[0x4]	READ	1
0x00190588	0x00190f24	UNCONDITIONAL_CALL	0
0x00190590	0x001f63f0	READ	0
0x00190596	0x001905a4	CONDITIONAL_JUMP	0
0x00190598	0xStack[0x10]	READ	1
0x0019059b	0x001f7a80	DATA	1
0x001905a2	0x001905ae	UNCONDITIONAL_JUMP	0
0x001905a4	0xStack[0x10]	READ	1
0x001905a7	0x001f7b00	DATA	1
0x001905b3	0xStack[-0x8]	READ	1
0x001905ba	0xStack[-0x8]	WRITE	0
0x001905bd	0xStack[-0x8]	READ_WRITE	0
0x001905c1	0xStack[0xc]	READ	1
0x001905ca	0xStack[-0x8]	READ	1
0x001905d4	0xStack[-0x8]	WRITE	0
0x001905d7	0xStack[0x14]	READ	0
0x001905db	0x001905e1	CONDITIONAL_JUMP	0
0x001905dd	0xStack[-0x7]	READ_WRITE	0
0x001905e1	0xStack[0x18]	READ	0
0x001905e5	0x001905f0	CONDITIONAL_JUMP	0
0x001905e7	0xStack[-0x8]	READ_WRITE	0
0x001905eb	0x001905fa	UNCONDITIONAL_JUMP	0
0x001905f0	0xStack[0x18]	READ	0
0x001905f4	0x001905fa	CONDITIONAL_JUMP	0
0x001905f6	0xStack[-0x8]	READ_WRITE	0
0x001905fa	0x001f7ae0	READ	1
0x00190600	0x00190627	UNCONDITIONAL_JUMP	0
0x00190604	0xStack[-0x8]	READ	1
0x00190609	0xStack[-0x8]	READ	1
0x00190621	0xStack[-0x8]	WRITE	0
0x0019062c	0x00190604	CONDITIONAL_JUMP	0
0x0019062e	0xStack[-0xc]	READ	1
0x00190632	0x0018b544	UNCONDITIONAL_CALL	0
0x0019063a	0xStack[-0x10]	READ	0
0x0019063e	0x00190650	CONDITIONAL_JUMP	0
0x00190640	0xStack[-0x10]	READ	1
0x00190644	0x001f7ae4	READ	1
0x0019064b	0x0016b84c	UNCONDITIONAL_CALL	0
0x00190650	0xStack[-0x28]	DATA	0
0x00190665	0xStack[0x4]	READ	0
0x00190669	0x00190af0	CONDITIONAL_JUMP	0
0x0019066f	0xStack[0x10]	READ	0
0x00190673	0x00190748	CONDITIONAL_JUMP	0
0x00190679	0xStack[0x8]	READ	1
0x0019067c	0xStack[-0x18]	WRITE	0
0x0019067f	0x001e0d0c	READ	1
0x00190685	0xStack[-0x1c]	WRITE	0
0x00190688	0x0018b964	UNCONDITIONAL_CALL	0
0x0019068d	0xStack[-0xc]	WRITE	0
0x00190690	0xStack[0x8]	READ	1
0x00190693	0x001f63f0	READ	1
0x00190699	0xStack[0x4]	READ	0
0x0019069c	0x001906a7	CONDITIONAL_JUMP	0
0x0019069e	0xStack[0x4]	READ	1
0x001906a5	0x001906f1	CONDITIONAL_JUMP	0
0x001906a7	0x001f7af0	READ_WRITE	0
0x001906ad	0xStack[-0x1c]	READ	1
0x001906b0	0xStack[0x8]	READ	1
0x001906b3	0x001e0d0c	READ	0
0x001906b9	0x001906c4	CONDITIONAL_JUMP	0
0x001906c1	0x001906f1	UNCONDITIONAL_JUMP	0
0x001906c4	0xStack[-0x1c]	READ	1
0x001906c7	0xStack[0x8]	READ	0
0x001906ca	0x001906eb	CONDITIONAL_JUMP	0
0x001906d0	0xStack[0x4]	READ	0
0x001906d3	0x001906dc	CONDITIONAL_JUMP	0
0x001906d8	0x001906e0	UNCONDITIONAL_JUMP	0
0x001906e6	0xStack[-0x1c]	READ	0
0x001906e9	0x001906d0	CONDITIONAL_JUMP	0
0x001906eb	0x001f7af4	READ_WRITE	0
0x001906f1	0xStack[-0x1c]	READ	1
0x001906f4	0xStack[-0x18]	READ	0
0x001906f7	0x00190739	CONDITIONAL_JUMP	0
0x001906fc	0xStack[-0x18]	READ	1
0x001906ff	0x001e0d0c	READ	1
0x00190705	0x001f7ae8	READ	1
0x00190714	0xStack[-0x1c]	READ	0
0x00190717	0x0019071c	CONDITIONAL_JUMP	0
0x00190719	0xStack[-0x1c]	READ	1
0x0019071f	0xStack[-0x18]	READ	1
0x00190723	0xStack[0x4]	READ	1
0x00190727	0x0018f7f8	UNCONDITIONAL_CALL	0
0x0019072c	0xStack[-0x18]	WRITE	0
0x00190732	0xStack[-0x1c]	READ	1
0x00190737	0x001906fc	CONDITIONAL_JUMP	0
0x00190739	0xStack[-0xc]	READ	1
0x0019073d	0x0018b544	UNCONDITIONAL_CALL	0
0x00190742	0x00190af0	UNCONDITIONAL_JUMP	0
0x00190748	0xStack[-0x10]	WRITE	0
0x0019074f	0xStack[-0x8]	WRITE	0
0x00190756	0xStack[-0x8]	READ	1
0x00190759	0xStack[-0x8]	WRITE	0
0x0019075c	0x0018b964	UNCONDITIONAL_CALL	0
0x00190761	0xStack[-0x14]	WRITE	0
0x00190764	0xStack[0x8]	READ	1
0x0019076d	0xStack[-0x18]	WRITE	0
0x00190770	0xStack[0x8]	READ	1
0x0019077b	0xStack[-0x1c]	WRITE	0
0x00190780	0xStack[-0x18]	READ	1
0x00190783	0xStack[0x4]	READ	1
0x0019078b	0x0019079b	CONDITIONAL_JUMP	0
0x00190794	0xStack[-0x1c]	READ	1
0x00190799	0x001907c0	CONDITIONAL_JUMP	0
0x0019079b	0xStack[-0x14]	READ	1
0x0019079f	0x0018b544	UNCONDITIONAL_CALL	0
0x001907a4	0xStack[0x8]	READ	1
0x001907a8	0xStack[0x4]	READ	1
0x001907ac	0x00190cfc	UNCONDITIONAL_CALL	0
0x001907b1	0x0018b964	UNCONDITIONAL_CALL	0
0x001907b6	0xStack[-0x14]	WRITE	0
0x001907bc	0x00190780	UNCONDITIONAL_JUMP	0
0x001907ca	0x00190998	CONDITIONAL_JUMP	0
0x001907d0	0xStack[0xc]	READ	0
0x001907d3	0x00190914	CONDITIONAL_JUMP	0
0x001907d9	0xStack[0x14]	READ	0
0x001907dd	0x001907f4	CONDITIONAL_JUMP	0
0x001907e3	0x0019080a	CONDITIONAL_JUMP	0
0x001907e5	0xStack[0x8]	READ	1
0x001907e9	0xStack[0x4]	READ	1
0x001907ed	0x0019108c	UNCONDITIONAL_CALL	0
0x001907f2	0x00190807	UNCONDITIONAL_JUMP	0
0x001907f8	0x0019080a	CONDITIONAL_JUMP	0
0x001907fa	0xStack[0x8]	READ	1
0x001907fe	0xStack[0x4]	READ	1
0x00190802	0x001910e4	UNCONDITIONAL_CALL	0
0x0019080a	0xStack[0x4]	READ	1
0x0019080d	0x001f63f0	READ	0
0x00190813	0x00190824	CONDITIONAL_JUMP	0
0x00190815	0xStack[0x10]	READ	1
0x00190818	0x001f7a80	DATA	1
0x0019081f	0x0019082e	UNCONDITIONAL_JUMP	0
0x00190824	0xStack[0x10]	READ	1
0x00190827	0x001f7b00	DATA	1
0x00190833	0xStack[-0x8]	READ	1
0x0019083a	0xStack[-0x8]	WRITE	0
0x0019083d	0xStack[-0x8]	READ_WRITE	0
0x00190841	0xStack[0xc]	READ	1
0x0019084a	0xStack[-0x8]	READ	1
0x00190854	0xStack[-0x8]	WRITE	0
0x00190857	0xStack[0x14]	READ	0
0x0019085b	0x00190861	CONDITIONAL_JUMP	0
0x0019085d	0xStack[-0x7]	READ_WRITE	0
0x00190861	0xStack[0x8]	READ	1
0x00190864	0x001e0d0c	READ	1
0x0019086a	0xStack[-0x1c]	WRITE	0
0x00190871	0x001f63f0	READ	1
0x00190877	0xStack[-0x18]	WRITE	0
0x0019087a	0xStack[0x4]	READ	0
0x0019087d	0x00190888	CONDITIONAL_JUMP	0
0x0019087f	0xStack[0x4]	READ	1
0x00190886	0x001908c8	CONDITIONAL_JUMP	0
0x00190888	0x001f7af0	READ_WRITE	0
0x00190890	0xStack[0x8]	READ	1
0x00190893	0xStack[-0x1c]	READ	0
0x00190896	0x001908a0	CONDITIONAL_JUMP	0
0x0019089e	0x001908c8	UNCONDITIONAL_JUMP	0
0x001908a0	0xStack[0x8]	READ	0
0x001908a3	0x001908c2	CONDITIONAL_JUMP	0
0x001908a5	0xStack[-0x18]	READ	1
0x001908a8	0xStack[0x4]	READ	0
0x001908ab	0x001908b4	CONDITIONAL_JUMP	0
0x001908b0	0x001908b8	UNCONDITIONAL_JUMP	0
0x001908c0	0x001908a8	CONDITIONAL_JUMP	0
0x001908c2	0x001f7af4	READ_WRITE	0
0x001908c8	0x001f7ae0	READ	1
0x001908d3	0x00190ace	CONDITIONAL_JUMP	0
0x001908df	0x001908e5	CONDITIONAL_JUMP	0
0x001908e1	0xStack[-0x8]	READ_WRITE	0
0x001908e5	0xStack[-0x8]	READ	1
0x001908ea	0xStack[-0x8]	READ	1
0x00190902	0xStack[-0x8]	WRITE	0
0x0019090d	0x001908dc	CONDITIONAL_JUMP	0
0x0019090f	0x00190ace	UNCONDITIONAL_JUMP	0
0x00190914	0xStack[0x8]	READ	1
0x00190917	0x001e0d0c	READ	1
0x0019091d	0xStack[-0x1c]	WRITE	0
0x00190924	0x001f63f0	READ	1
0x0019092a	0xStack[-0x18]	WRITE	0
0x0019092d	0xStack[0x4]	READ	0
0x00190930	0x0019093b	CONDITIONAL_JUMP	0
0x00190932	0xStack[0x4]	READ	1
0x00190939	0x0019097c	CONDITIONAL_JUMP	0
0x0019093b	0x001f7af0	READ_WRITE	0
0x00190943	0xStack[0x8]	READ	1
0x00190946	0xStack[-0x1c]	READ	0
0x00190949	0x00190954	CONDITIONAL_JUMP	0
0x00190951	0x0019097c	UNCONDITIONAL_JUMP	0
0x00190954	0xStack[0x8]	READ	0
0x00190957	0x00190976	CONDITIONAL_JUMP	0
0x00190959	0xStack[-0x18]	READ	1
0x0019095c	0xStack[0x4]	READ	0
0x0019095f	0x00190968	CONDITIONAL_JUMP	0
0x00190964	0x0019096c	UNCONDITIONAL_JUMP	0
0x00190974	0x0019095c	CONDITIONAL_JUMP	0
0x00190976	0x001f7af4	READ_WRITE	0
0x0019097e	0xStack[0x8]	READ	1
0x00190981	0x001e0d0c	READ	1
0x00190988	0xStack[0x8]	READ	1
0x0019098c	0xStack[0x4]	READ	1
0x00190990	0x0018f7f8	UNCONDITIONAL_CALL	0
0x00190998	0xStack[0xc]	READ	1
0x0019099b	0x001e247c	READ	0
0x001909a1	0x00190a34	CONDITIONAL_JUMP	0
0x001909a7	0x001e2480	READ	0
0x001909ad	0x00190a34	CONDITIONAL_JUMP	0
0x001909b5	0x001f7ab8	READ	1
0x001909be	0x001f7ae0	READ	1
0x001909ca	0x001f7ab0	READ	1
0x001909d9	0x001909f0	CONDITIONAL_JUMP	0
0x001909db	0xStack[0x8]	READ	1
0x001909e1	0xStack[0x4]	READ	1
0x001909ed	0x00190a34	UNCONDITIONAL_JUMP	0
0x001909f0	0xStack[-0x10]	READ	0
0x001909f4	0x00190a18	CONDITIONAL_JUMP	0
0x001909f6	0xStack[-0x14]	READ	1
0x001909fa	0x0018b544	UNCONDITIONAL_CALL	0
0x001909ff	0x001f7ae4	READ	1
0x00190a06	0x0016b790	UNCONDITIONAL_CALL	0
0x00190a0b	0xStack[-0x10]	WRITE	0
0x00190a11	0x0019075c	UNCONDITIONAL_JUMP	0
0x00190a18	0xStack[0x8]	READ	1
0x00190a1b	0xStack[-0x10]	READ	1
0x00190a21	0xStack[0x4]	READ	1
0x00190a2d	0xStack[-0x10]	WRITE	0
0x00190a34	0xStack[0x14]	READ	1
0x00190a38	0xStack[0x8]	READ	1
0x00190a3c	0xStack[0x4]	READ	1
0x00190a40	0x00190f24	UNCONDITIONAL_CALL	0
0x00190a48	0x001f63f0	READ	0
0x00190a4e	0x00190a5c	CONDITIONAL_JUMP	0
0x00190a50	0xStack[0x10]	READ	1
0x00190a53	0x001f7a80	DATA	1
0x00190a5a	0x00190a66	UNCONDITIONAL_JUMP	0
0x00190a5c	0xStack[0x10]	READ	1
0x00190a5f	0x001f7b00	DATA	1
0x00190a6b	0xStack[-0x8]	READ	1
0x00190a72	0xStack[-0x8]	WRITE	0
0x00190a75	0xStack[-0x8]	READ_WRITE	0
0x00190a79	0xStack[0xc]	READ	1
0x00190a82	0xStack[-0x8]	READ	1
0x00190a8c	0xStack[-0x8]	WRITE	0
0x00190a8f	0xStack[0x14]	READ	0
0x00190a93	0x00190a99	CONDITIONAL_JUMP	0
0x00190a95	0xStack[-0x7]	READ_WRITE	0
0x00190a99	0x001f7ae0	READ	1
0x00190a9f	0x00190ac7	UNCONDITIONAL_JUMP	0
0x00190aa4	0xStack[-0x8]	READ	1
0x00190aa9	0xStack[-0x8]	READ	1
0x00190ac1	0xStack[-0x8]	WRITE	0
0x00190acc	0x00190aa4	CONDITIONAL_JUMP	0
0x00190ace	0xStack[-0x14]	READ	1
0x00190ad2	0x0018b544	UNCONDITIONAL_CALL	0
0x00190ada	0xStack[-0x10]	READ	0
0x00190ade	0x00190af0	CONDITIONAL_JUMP	0
0x00190ae0	0xStack[-0x10]	READ	1
0x00190ae4	0x001f7ae4	READ	1
0x00190aeb	0x0016b84c	UNCONDITIONAL_CALL	0
0x00190af0	0xStack[-0x28]	DATA	0
0x00190b02	0xStack[0x8]	READ	1
0x00190b05	0xStack[0x10]	READ	1
0x00190b0a	0xStack[0xc]	READ	1
0x00190b0d	0x001e89ec	READ	1
0x00190b1c	0x00190b4f	CONDITIONAL_JUMP	0
0x00190b25	0x001f63f0	READ	1
0x00190b2c	0x00190ca8	UNCONDITIONAL_CALL	0
0x00190b36	0xStack[0x4]	READ	1
0x00190b3a	0x0019065c	UNCONDITIONAL_CALL	0
0x00190b3f	0x001e0d0c	READ	1
0x00190b4d	0x00190b20	CONDITIONAL_JUMP	0
0x00190b4f	0xStack[-0x10]	DATA	0
0x00190b65	0xStack[0x4]	READ	1
0x00190b68	0xStack[0x8]	READ	1
0x00190b6b	0x0018b964	UNCONDITIONAL_CALL	0
0x00190b70	0xStack[-0x8]	WRITE	0
0x00190b80	0x00190b8c	CONDITIONAL_JUMP	0
0x00190b82	0xStack[-0x10]	WRITE	0
0x00190b89	0x00190ba5	UNCONDITIONAL_JUMP	0
0x00190ba0	0xStack[-0x10]	WRITE	0
0x00190ba3	0x00190bb2	CONDITIONAL_JUMP	0
0x00190ba5	0x001e25a6	DATA	0
0x00190baa	0x0010ca6c	UNCONDITIONAL_CALL	0
0x00190bb2	0xStack[0xc]	READ	0
0x00190bb6	0x00190bcc	CONDITIONAL_JUMP	0
0x00190bb8	0xStack[-0x10]	READ	1
0x00190bc0	0x00190be0	CONDITIONAL_JUMP	0
0x00190bc4	0x0019108c	UNCONDITIONAL_CALL	0
0x00190bc9	0x00190bdd	UNCONDITIONAL_JUMP	0
0x00190bcc	0xStack[-0x10]	READ	1
0x00190bd4	0x00190be0	CONDITIONAL_JUMP	0
0x00190bd8	0x001910e4	UNCONDITIONAL_CALL	0
0x00190be0	0x001f7ae0	READ	1
0x00190beb	0x00190c0f	CONDITIONAL_JUMP	0
0x00190bed	0xStack[0xc]	READ	1
0x00190bf4	0xStack[-0xc]	WRITE	0
0x00190bf7	0xStack[-0x10]	READ	1
0x00190c00	0xStack[-0xc]	READ	1
0x00190c0d	0x00190bfc	CONDITIONAL_JUMP	0
0x00190c0f	0xStack[-0x8]	READ	1
0x00190c13	0x0018b544	UNCONDITIONAL_CALL	0
0x00190c18	0xStack[-0x1c]	DATA	0
0x00190c29	0xStack[0x4]	READ	1
0x00190c2c	0xStack[0x8]	READ	1
0x00190c2f	0x0018b964	UNCONDITIONAL_CALL	0
0x00190c40	0x00190c3e	CONDITIONAL_JUMP	0
0x00190c4e	0x00190c3c	CONDITIONAL_JUMP	0
0x00190c5d	0x00190c7a	CONDITIONAL_JUMP	0
0x00190c73	0x00190c7a	CONDITIONAL_JUMP	0
0x00190c78	0x00190c80	CONDITIONAL_JUMP	0
0x00190c7c	0x00190c92	UNCONDITIONAL_JUMP	0
0x00190c98	0x0018b544	UNCONDITIONAL_CALL	0
0x00190c9f	0xStack[-0xc]	DATA	0
0x00190cab	0xStack[0x4]	READ	1
0x00190cae	0xStack[0x8]	READ	1
0x00190cbe	0x00190cdb	CONDITIONAL_JUMP	0
0x00190cd4	0x00190cdb	CONDITIONAL_JUMP	0
0x00190cd9	0x00190ce4	CONDITIONAL_JUMP	0
0x00190d05	0xStack[0x4]	READ	1
0x00190d08	0x001f63f0	READ	0
0x00190d0e	0x00190d1d	CONDITIONAL_JUMP	0
0x00190d10	0x001e25b9	DATA	0
0x00190d15	0x0010ca6c	UNCONDITIONAL_CALL	0
0x00190d1d	0x001f7ad8	READ	1
0x00190d23	0x001f7ad8	DATA	1
0x00190d29	0x00190d30	CONDITIONAL_JUMP	0
0x00190d2d	0x00190d4d	UNCONDITIONAL_JUMP	0
0x00190d32	0x001f7ad8	DATA	1
0x00190d3b	0x001f7ad8	WRITE	0
0x00190d45	0x00190d4d	CONDITIONAL_JUMP	0
0x00190d47	0x001f7ad4	READ_WRITE	0
0x00190d51	0x00190d64	CONDITIONAL_JUMP	0
0x00190d59	0xStack[-0x8]	WRITE	0
0x00190d5c	0x00190e20	UNCONDITIONAL_JUMP	0
0x00190d64	0x001e0d0c	READ	1
0x00190d6b	0xStack[-0x8]	DATA	0
0x00190d6f	0x001e8de8	READ	1
0x00190d76	0x00173d1c	UNCONDITIONAL_CALL	0
0x00190d80	0x00190f1a	CONDITIONAL_JUMP	0
0x00190d86	0x001f7ad0	READ_WRITE	0
0x00190d8c	0xStack[-0x8]	READ	1
0x00190d8f	0x001f7ab4	READ	1
0x00190d96	0x0016b790	UNCONDITIONAL_CALL	0
0x00190d9d	0x001f63f0	READ	1
0x00190db3	0x00190dd0	CONDITIONAL_JUMP	0
0x00190dc9	0x00190dd0	CONDITIONAL_JUMP	0
0x00190dce	0x00190dd4	CONDITIONAL_JUMP	0
0x00190dd2	0x00190de5	UNCONDITIONAL_JUMP	0
0x00190de8	0x001f7ab8	READ	1
0x00190df1	0x001f7ae0	READ	1
0x00190dfd	0x001f7ab0	READ	1
0x00190e20	0x0018b964	UNCONDITIONAL_CALL	0
0x00190e27	0xStack[0x8]	READ	1
0x00190e30	0xStack[0x4]	READ	1
0x00190e38	0x00190e98	CONDITIONAL_JUMP	0
0x00190e42	0xStack[0x8]	READ	1
0x00190e4f	0x00190e98	CONDITIONAL_JUMP	0
0x00190e52	0x0018b544	UNCONDITIONAL_CALL	0
0x00190e65	0x001f7ab4	READ	1
0x00190e6c	0x0016b84c	UNCONDITIONAL_CALL	0
0x00190e74	0x001e0d0c	READ	1
0x00190e7b	0xStack[-0x8]	READ	1
0x00190e7f	0x001e8de8	READ	1
0x00190e86	0x00173e90	UNCONDITIONAL_CALL	0
0x00190e8b	0x001f7ad0	READ_WRITE	0
0x00190e91	0x00190f1a	UNCONDITIONAL_JUMP	0
0x00190e98	0x001f7ae8	READ	1
0x00190e9f	0xStack[0x8]	READ	1
0x00190ea5	0xStack[0x4]	READ	1
0x00190eaf	0x001f7ac8	DATA	1
0x00190eb5	0x001f7acc	READ	1
0x00190ec3	0x001f7acc	WRITE	0
0x00190ec9	0x001f7ac0	READ_WRITE	0
0x00190ee5	0xStack[0x4]	READ	1
0x00190eec	0x001f7ae0	READ	1
0x00190ef2	0x00190f0d	UNCONDITIONAL_JUMP	0
0x00190f12	0x00190ef4	CONDITIONAL_JUMP	0
0x00190f15	0x0018b544	UNCONDITIONAL_CALL	0
0x00190f1a	0xStack[-0x14]	DATA	0
0x00190f28	0xStack[0x4]	READ	1
0x00190f2b	0xStack[0xc]	READ	1
0x00190f33	0x00190f38	CONDITIONAL_JUMP	0
0x00190f38	0x001f63f0	READ	0
0x00190f3e	0x00190f89	CONDITIONAL_JUMP	0
0x00190f40	0x001f7ae8	READ	1
0x00190f47	0xStack[0x8]	READ	1
0x00190f55	0x00190f89	CONDITIONAL_JUMP	0
0x00190f5e	0x001f7ab8	READ	1
0x00190f67	0x001f7ae0	READ	1
0x00190f70	0x001f7ab0	READ	1
0x00190f83	0x00190f89	CONDITIONAL_JUMP	0
0x00190f89	0xStack[-0x8]	READ	1
0x00190f96	0xStack[0x4]	READ	1
0x00190f99	0xStack[0x10]	READ	1
0x00190f9f	0xStack[0xc]	READ	1
0x00190fa5	0x001f63f0	READ	0
0x00190fab	0x00191082	CONDITIONAL_JUMP	0
0x00190fb1	0x001f7ae8	READ	1
0x00190fb8	0xStack[0x8]	READ	1
0x00190fc8	0x00191082	CONDITIONAL_JUMP	0
0x00190fd5	0x001f7ab8	READ	1
0x00190fde	0x001f7ae0	READ	1
0x00190fe7	0x001f7ab0	READ	1
0x00190ffa	0x00191009	CONDITIONAL_JUMP	0
0x00190ffc	0x001e25c5	DATA	0
0x00191001	0x0010ca6c	UNCONDITIONAL_CALL	0
0x00191011	0xStack[0xc]	READ	0
0x00191014	0x00191020	CONDITIONAL_JUMP	0
0x00191016	0x001e25e5	DATA	0
0x0019101b	0x0010ca6c	UNCONDITIONAL_CALL	0
0x00191024	0xStack[0xc]	READ	1
0x0019102c	0xStack[0x14]	READ	0
0x00191030	0x00191082	CONDITIONAL_JUMP	0
0x00191035	0x00191082	CONDITIONAL_JUMP	0
0x00191037	0x001f7ae0	READ	1
0x0019103d	0x00191046	UNCONDITIONAL_JUMP	0
0x0019104b	0x00191040	CONDITIONAL_JUMP	0
0x0019105c	0x001f7ac0	READ_WRITE	0
0x00191062	0x001f7ad8	DATA	1
0x00191068	0x001f7adc	READ	1
0x00191076	0x001f7adc	WRITE	0
0x0019107c	0x001f7ad4	READ_WRITE	0
0x00191082	0xStack[-0x10]	DATA	0
0x0019108f	0xStack[0x4]	READ	1
0x00191095	0x001f63f0	READ	0
0x0019109b	0x001910de	CONDITIONAL_JUMP	0
0x0019109d	0x001f7ae8	READ	1
0x001910a4	0xStack[0x8]	READ	1
0x001910b2	0x001910de	CONDITIONAL_JUMP	0
0x001910bb	0x001f7ab8	READ	1
0x001910c4	0x001f7ae0	READ	1
0x001910cd	0x001f7ab0	READ	1
0x001910e7	0xStack[0x4]	READ	1
0x001910ed	0x001f63f0	READ	0
0x001910f3	0x00191136	CONDITIONAL_JUMP	0
0x001910f5	0x001f7ae8	READ	1
0x001910fc	0xStack[0x8]	READ	1
0x0019110a	0x00191136	CONDITIONAL_JUMP	0
0x00191113	0x001f7ab8	READ	1
0x0019111c	0x001f7ae0	READ	1
0x00191125	0x001f7ab0	READ	1
0x0019114d	0x001e773c	READ	0
0x00191154	0x00191162	CONDITIONAL_JUMP	0
0x00191156	0x001f653c	READ	1
0x0019115c	0x001e773c	WRITE	0
0x00191162	0x001f653c	READ	1
0x00191168	0x001e773c	READ	1
0x0019116e	0xStack[-0xc]	WRITE	0
0x00191174	0x00191260	CONDITIONAL_JUMP	0
0x0019117c	0x001f7ad8	READ	1
0x00191182	0x001f7ad8	DATA	1
0x00191188	0x00191190	CONDITIONAL_JUMP	0
0x0019118c	0x001911ad	UNCONDITIONAL_JUMP	0
0x00191192	0x001f7ad8	DATA	1
0x0019119b	0x001f7ad8	WRITE	0
0x001911a5	0x001911ad	CONDITIONAL_JUMP	0
0x001911a7	0x001f7ad4	READ_WRITE	0
0x001911b1	0x001911f0	CONDITIONAL_JUMP	0
0x001911c1	0x001f7ab4	READ	1
0x001911c8	0x0016b84c	UNCONDITIONAL_CALL	0
0x001911d0	0x001e0d0c	READ	1
0x001911d8	0x001e8de8	READ	1
0x001911df	0x00173e90	UNCONDITIONAL_CALL	0
0x001911e4	0x001f7ad0	READ_WRITE	0
0x001911ed	0x0019117c	UNCONDITIONAL_JUMP	0
0x001911f0	0x001f7aa8	READ	1
0x001911f6	0x001f7aa8	DATA	1
0x001911fc	0x00191260	CONDITIONAL_JUMP	0
0x00191203	0x0019125c	CONDITIONAL_JUMP	0
0x00191214	0x001f7aa4	READ_WRITE	0
0x00191228	0x001f7ab4	READ	1
0x0019122f	0x0016b84c	UNCONDITIONAL_CALL	0
0x00191237	0x001e0d0c	READ	1
0x0019123f	0x001e8de8	READ	1
0x00191246	0x00173e90	UNCONDITIONAL_CALL	0
0x0019124b	0x001f7aa0	READ_WRITE	0
0x00191251	0x001f7aa8	READ	1
0x0019125a	0x001911f6	UNCONDITIONAL_JUMP	0
0x0019125e	0x001911f6	UNCONDITIONAL_JUMP	0
0x00191260	0xStack[-0xc]	READ	1
0x00191266	0xStack[-0x10]	WRITE	0
0x00191269	0x001e2614	READ	1
0x00191274	0x00191280	CONDITIONAL_JUMP	0
0x00191276	0x001e2610	READ	1
0x0019127d	0x0019128a	UNCONDITIONAL_JUMP	0
0x00191280	0xStack[-0x10]	READ	1
0x00191283	0x001e2600	DATA	1
0x0019128a	0xStack[-0x10]	WRITE	0
0x0019128d	0x001f7ac8	READ	1
0x00191293	0x001f7ac8	DATA	1
0x00191299	0x001913d8	CONDITIONAL_JUMP	0
0x001912b4	0x001913cc	CONDITIONAL_JUMP	0
0x001912be	0x001913cc	CONDITIONAL_JUMP	0
0x001912c6	0xStack[-0x8]	WRITE	0
0x001912c9	0xStack[-0xc]	READ	0
0x001912cd	0x001913b8	CONDITIONAL_JUMP	0
0x001912d5	0x001913bc	CONDITIONAL_JUMP	0
0x001912de	0xStack[-0xc]	READ	1
0x001912eb	0x001912f6	CONDITIONAL_JUMP	0
0x001912ed	0xStack[-0x10]	READ	0
0x001912f0	0x001913c3	CONDITIONAL_JUMP	0
0x001912f9	0xStack[-0x14]	WRITE	0
0x00191301	0x001f7ae8	READ	1
0x00191309	0x001913c3	CONDITIONAL_JUMP	0
0x0019130f	0x0018b964	UNCONDITIONAL_CALL	0
0x00191314	0xStack[-0x18]	WRITE	0
0x00191319	0x001f63f0	READ	1
0x00191321	0x00191329	CONDITIONAL_JUMP	0
0x00191327	0x001913a3	CONDITIONAL_JUMP	0
0x00191329	0x001f7af0	READ_WRITE	0
0x00191333	0x001e0d0c	READ	0
0x00191339	0x00191344	CONDITIONAL_JUMP	0
0x00191341	0x001913a3	UNCONDITIONAL_JUMP	0
0x00191346	0x00191366	CONDITIONAL_JUMP	0
0x0019134c	0xStack[-0x14]	READ	0
0x0019134f	0x00191358	CONDITIONAL_JUMP	0
0x00191354	0x0019135c	UNCONDITIONAL_JUMP	0
0x00191364	0x0019134c	CONDITIONAL_JUMP	0
0x00191366	0x001f7af4	READ_WRITE	0
0x0019136c	0x001913a3	UNCONDITIONAL_JUMP	0
0x00191372	0x001e0d0c	READ	1
0x00191378	0x001f7ae8	READ	1
0x00191387	0x0019138b	CONDITIONAL_JUMP	0
0x0019138f	0xStack[-0x14]	READ	1
0x00191393	0xStack[-0x1c]	WRITE	0
0x00191396	0x0018f7f8	UNCONDITIONAL_CALL	0
0x0019139b	0xStack[-0x1c]	READ	1
0x001913a5	0x00191370	CONDITIONAL_JUMP	0
0x001913a7	0xStack[-0x18]	READ	1
0x001913ab	0x0018b544	UNCONDITIONAL_CALL	0
0x001913b3	0x001913c3	UNCONDITIONAL_JUMP	0
0x001913ba	0x001913c3	CONDITIONAL_JUMP	0
0x001913c3	0xStack[-0x8]	READ	1
0x001913c6	0x00191293	UNCONDITIONAL_JUMP	0
0x001913d2	0x00191293	UNCONDITIONAL_JUMP	0
0x001913d8	0xStack[-0xc]	READ	1
0x001913db	0x001e773c	READ_WRITE	0
0x001913e1	0xStack[-0x28]	DATA	0
0x001913f7	0xStack[0x4]	READ	1
0x0019140b	0xStack[0x4]	READ	1
0x0019141f	0x001f63f0	READ	1
0x0019142b	0x001e0d0c	READ	1
0x00191434	0xStack[0x4]	READ	1
0x00191438	0x001019c0	UNCONDITIONAL_CALL	0
0x00191447	0x001e0d0c	READ	1
0x0019144e	0xStack[0x4]	READ	1
0x00191452	0xStack[0x8]	READ	1
0x00191456	0x001019f0	UNCONDITIONAL_CALL	0
0x00191463	0xStack[0xc]	READ	1
0x00191467	0xStack[0x8]	READ	1
0x0019146b	0xStack[0x4]	READ	1
0x0019146f	0x001013cc	UNCONDITIONAL_CALL	0
0x0019147b	0xStack[0xc]	READ	1
0x0019147f	0xStack[0x8]	READ	1
0x00191483	0xStack[0x4]	READ	1
0x00191487	0x001013cc	UNCONDITIONAL_CALL	0
0x00191493	0xStack[0xc]	READ	1
0x00191497	0xStack[0x8]	READ	1
0x0019149b	0xStack[0x4]	READ	1
0x0019149f	0x0013a8b4	UNCONDITIONAL_CALL	0
0x001914ab	0xStack[0x14]	READ	1
0x001914af	0xStack[0x10]	READ	1
0x001914b3	0xStack[0xc]	READ	1
0x001914b7	0xStack[0x8]	READ	1
0x001914bb	0xStack[0x4]	READ	1
0x001914bf	0x0013a95c	UNCONDITIONAL_CALL	0
0x001914df	0xStack[0x4]	READ	1
0x001914e2	0x001e247c	READ	0
0x001914e8	0x001914fa	CONDITIONAL_JUMP	0
0x001914ea	0x001e2480	READ	0
0x001914f0	0x001914fa	CONDITIONAL_JUMP	0
0x001914f5	0x0019157c	UNCONDITIONAL_CALL	0
0x00191503	0xStack[0x4]	READ	1
0x00191506	0x001e247c	READ	0
0x0019150c	0x00191524	CONDITIONAL_JUMP	0
0x0019150e	0x001e2480	READ	0
0x00191514	0x00191524	CONDITIONAL_JUMP	0
0x00191519	0x001916e0	UNCONDITIONAL_CALL	0
0x0019152f	0xStack[0x4]	READ	1
0x00191532	0x001e247c	READ	0
0x00191538	0x0019154a	CONDITIONAL_JUMP	0
0x0019153a	0x001e2480	READ	0
0x00191540	0x0019154a	CONDITIONAL_JUMP	0
0x00191545	0x0019157c	UNCONDITIONAL_CALL	0
0x00191553	0xStack[0x4]	READ	1
0x00191556	0x001e247c	READ	0
0x0019155c	0x00191574	CONDITIONAL_JUMP	0
0x0019155e	0x001e2480	READ	0
0x00191564	0x00191574	CONDITIONAL_JUMP	0
0x00191569	0x001916e0	UNCONDITIONAL_CALL	0
0x00191585	0xStack[0x4]	READ	1
0x00191588	0x001f7ab8	READ	1
0x00191591	0x001f7ae0	READ	1
0x0019159a	0xStack[-0x20]	WRITE	0
0x001915a0	0x001f7ab0	READ	1
0x001915a8	0xStack[-0x20]	WRITE	0
0x001915ab	0x0018b964	UNCONDITIONAL_CALL	0
0x001915b0	0xStack[-0x10]	WRITE	0
0x001915b3	0xStack[0x8]	READ	1
0x001915b8	0xStack[-0x20]	READ	1
0x001915be	0xStack[-0x8]	WRITE	0
0x001915c6	0x001916cc	CONDITIONAL_JUMP	0
0x001915cc	0xStack[0x8]	READ	1
0x001915d2	0xStack[-0x14]	WRITE	0
0x001915d5	0xStack[0x8]	READ	1
0x001915db	0xStack[-0x18]	WRITE	0
0x001915e0	0xStack[-0x8]	READ	1
0x001915e6	0xStack[-0xc]	WRITE	0
0x001915f0	0x001915ee	CONDITIONAL_JUMP	0
0x001915fe	0x001915ec	CONDITIONAL_JUMP	0
0x00191600	0xStack[-0xc]	READ	1
0x00191603	0x001e0d0c	READ	1
0x00191609	0xStack[-0x20]	WRITE	0
0x00191610	0x001f63f0	READ	1
0x00191616	0xStack[-0x1c]	WRITE	0
0x0019161b	0x00191623	CONDITIONAL_JUMP	0
0x00191621	0x00191664	CONDITIONAL_JUMP	0
0x00191623	0x001f7af0	READ_WRITE	0
0x0019162b	0xStack[-0xc]	READ	1
0x0019162e	0xStack[-0x20]	READ	0
0x00191631	0x0019163c	CONDITIONAL_JUMP	0
0x00191639	0x00191664	UNCONDITIONAL_JUMP	0
0x0019163c	0xStack[-0xc]	READ	0
0x0019163f	0x0019165e	CONDITIONAL_JUMP	0
0x00191641	0xStack[-0x1c]	READ	1
0x00191646	0x00191650	CONDITIONAL_JUMP	0
0x0019164b	0x00191654	UNCONDITIONAL_JUMP	0
0x0019165c	0x00191644	CONDITIONAL_JUMP	0
0x0019165e	0x001f7af4	READ_WRITE	0
0x00191664	0xStack[-0xc]	READ	1
0x00191672	0x001916b0	CONDITIONAL_JUMP	0
0x0019167c	0xStack[-0xc]	READ	1
0x00191689	0x001916b0	CONDITIONAL_JUMP	0
0x0019168b	0x001f7ae0	READ	1
0x00191691	0x001916a9	UNCONDITIONAL_JUMP	0
0x00191694	0xStack[-0x14]	READ	0
0x00191698	0x0019169d	CONDITIONAL_JUMP	0
0x0019169d	0xStack[-0x18]	READ	0
0x001916a1	0x001916a6	CONDITIONAL_JUMP	0
0x001916ae	0x00191694	CONDITIONAL_JUMP	0
0x001916b5	0xStack[-0x8]	READ	1
0x001916ba	0xStack[-0x8]	WRITE	0
0x001916bf	0x001916cc	CONDITIONAL_JUMP	0
0x001916c6	0x001915e0	CONDITIONAL_JUMP	0
0x001916cc	0xStack[-0x10]	READ	1
0x001916d0	0x0018b544	UNCONDITIONAL_CALL	0
0x001916d5	0xStack[-0x2c]	DATA	0
0x001916e9	0xStack[0x4]	READ	1
0x001916ec	0x001f7ab8	READ	1
0x001916f5	0x001f7ae0	READ	1
0x00191701	0x001f7ab0	READ	1
0x0019170e	0xStack[0x8]	READ	1
0x00191711	0xStack[0x8]	READ	0
0x00191714	0x00191720	CONDITIONAL_JUMP	0
0x0019171b	0x001917ef	UNCONDITIONAL_JUMP	0
0x00191720	0xStack[-0xc]	WRITE	0
0x00191723	0x0018b964	UNCONDITIONAL_CALL	0
0x00191728	0xStack[-0x8]	WRITE	0
0x00191730	0x001917cc	CONDITIONAL_JUMP	0
0x00191738	0xStack[-0xc]	READ	1
0x00191748	0x00191746	CONDITIONAL_JUMP	0
0x00191756	0x00191744	CONDITIONAL_JUMP	0
0x00191765	0x001917b0	CONDITIONAL_JUMP	0
0x0019177b	0x001917b0	CONDITIONAL_JUMP	0
0x0019177d	0x001f7ae0	READ	1
0x00191783	0x0019179d	UNCONDITIONAL_JUMP	0
0x0019178b	0x00191791	CONDITIONAL_JUMP	0
0x00191794	0x0019179a	CONDITIONAL_JUMP	0
0x001917a2	0x00191788	CONDITIONAL_JUMP	0
0x001917a8	0xStack[0x8]	READ	1
0x001917ab	0xStack[0x8]	READ	0
0x001917ae	0x001917dc	CONDITIONAL_JUMP	0
0x001917b5	0xStack[-0xc]	READ	1
0x001917ba	0xStack[-0xc]	WRITE	0
0x001917bf	0x001917cc	CONDITIONAL_JUMP	0
0x001917c6	0x00191738	CONDITIONAL_JUMP	0
0x001917cc	0xStack[-0x8]	READ	1
0x001917d0	0x0018b544	UNCONDITIONAL_CALL	0
0x001917d7	0x001917ef	UNCONDITIONAL_JUMP	0
0x001917e1	0xStack[-0x8]	READ	1
0x001917e5	0x0018b544	UNCONDITIONAL_CALL	0
0x001917ef	0xStack[-0x18]	DATA	0
0x001917ff	0x001e2618	DATA	0
0x00191804	0x0010ca6c	UNCONDITIONAL_CALL	0
0x00191813	0xStack[0x4]	READ	1
0x00191816	0xStack[0x8]	READ	1
0x0019181c	0x00191830	CONDITIONAL_JUMP	0
0x0019181e	0x00191828	CONDITIONAL_JUMP	0
0x00191823	0x00191830	CONDITIONAL_JUMP	0
0x00191825	0x0019183c	UNCONDITIONAL_JUMP	0
0x0019182b	0x00191842	CONDITIONAL_JUMP	0
0x0019182d	0x0019183c	UNCONDITIONAL_JUMP	0
0x00191831	0x0018fd2c	UNCONDITIONAL_CALL	0
0x0019183d	0x0018fb0c	UNCONDITIONAL_CALL	0
0x00191854	0xStack[-0x98]	WRITE	0
0x0019185e	0x000110a4	READ	0
0x00191868	0x00191877	CONDITIONAL_JUMP	0
0x0019186a	0x001e2677	DATA	0
0x0019186f	0x0010ca6c	UNCONDITIONAL_CALL	0
0x00191877	0x001e268b	READ	1
0x0019187d	0x001e98f0	WRITE	0
0x00191883	0x001e2634	READ	0
0x0019188a	0x001918a2	CONDITIONAL_JUMP	0
0x0019188c	0x001f7a00	READ	0
0x00191893	0x00191a9c	CONDITIONAL_JUMP	0
0x00191899	0x001e2634	READ	0
0x001918a0	0x001918c0	CONDITIONAL_JUMP	0
0x001918a2	0x001e268f	DATA	0
0x001918a7	0x0010c0d8	UNCONDITIONAL_CALL	0
0x001918ac	0xStack[-0x84]	DATA	0
0x001918b1	0x00191af8	UNCONDITIONAL_CALL	0
0x001918b9	0x0019195f	UNCONDITIONAL_JUMP	0
0x001918c0	0x001e269d	DATA	1
0x001918c5	0x001f7a00	DATA	1
0x001918d2	0x001f7a00	READ	0
0x001918d2	0x001e269d	READ	1
0x001918d2	0x001f7a01	READ	0
0x001918d2	0x001e269e	READ	1
0x001918d4	0x0019194c	CONDITIONAL_JUMP	0
0x001918d6	0xStack[-0x94]	WRITE	0
0x001918e2	0xStack[-0x90]	DATA	0
0x001918e9	0x001e26a3	DATA	0
0x001918ef	0x0010c188	UNCONDITIONAL_CALL	0
0x001918f4	0xStack[-0x94]	DATA	0
0x001918fc	0x001a3d0c	UNCONDITIONAL_CALL	0
0x00191906	0x00191928	CONDITIONAL_JUMP	0
0x00191908	0x001f9420	READ	1
0x0019190e	0x0020296c	DATA	0
0x0019190f	0xStack[-0x94]	READ	1
0x00191916	0x001ce960	UNCONDITIONAL_CALL	0
0x00191920	0x00191948	CONDITIONAL_JUMP	0
0x00191926	0x001918e8	CONDITIONAL_JUMP	0
0x00191928	0x00191c68	UNCONDITIONAL_CALL	0
0x0019192f	0x0019193c	CONDITIONAL_JUMP	0
0x00191931	0x001e26a8	DATA	0
0x00191936	0x001919e5	UNCONDITIONAL_JUMP	0
0x0019193c	0x001e26bf	DATA	0
0x00191941	0x001919e5	UNCONDITIONAL_JUMP	0
0x0019194a	0x00191951	UNCONDITIONAL_JUMP	0
0x0019194c	0x001f7a00	DATA	1
0x00191951	0x001f7a00	DATA	0
0x00191952	0x001e26e9	DATA	0
0x00191957	0x0010c0d8	UNCONDITIONAL_CALL	0
0x0019195f	0x001e7740	WRITE	0
0x0019195f	0x001e2638	DATA	1
0x00191969	0x001e2638	READ	0
0x00191970	0x001919ed	CONDITIONAL_JUMP	0
0x00191974	0x001e7740	READ	1
0x0019197a	0x001e2638	READ	1
0x0019197a	0x001e2640	READ	1
0x0019197c	0xStack[-0x84]	DATA	1
0x0019197e	0x001e2674	READ	0
0x0019197e	0x001e2671	READ	0
0x00191980	0x0019198a	CONDITIONAL_JUMP	0
0x00191982	0xStack[-0x83]	READ	1
0x00191985	0x001e2675	READ	0
0x00191985	0x001e2672	READ	0
0x00191988	0x0019199c	CONDITIONAL_JUMP	0
0x0019198a	0x001e2640	DATA	1
0x0019198d	0x001e7740	WRITE	0
0x00191993	0x001e2640	READ	0
0x00191993	0x001e2648	READ	0
0x00191997	0x00191974	CONDITIONAL_JUMP	0
0x00191999	0x001919ed	UNCONDITIONAL_JUMP	0
0x0019199c	0x001e263c	READ	0
0x001919a1	0x00191a74	CONDITIONAL_JUMP	0
0x001919a7	0xStack[-0x8e]	READ	1
0x001919ae	0x001919e0	CONDITIONAL_JUMP	0
0x001919b0	0xStack[-0x8d]	READ	1
0x001919b9	0x001919c8	CONDITIONAL_JUMP	0
0x001919bd	0x001919d4	CONDITIONAL_JUMP	0
0x001919bf	0x001e26f5	DATA	0
0x001919c4	0x001919e5	UNCONDITIONAL_JUMP	0
0x001919ce	0xStack[-0x98]	WRITE	0
0x001919d4	0xStack[-0x8e]	READ	1
0x001919db	0x00191a64	UNCONDITIONAL_JUMP	0
0x001919e0	0x001e270b	DATA	0
0x001919e5	0x0010c0d8	UNCONDITIONAL_CALL	0
0x001919ed	0x001e7740	WRITE	0
0x001919ed	0x001e2638	DATA	1
0x001919f7	0x001e2638	READ	0
0x001919fe	0x00191a4b	CONDITIONAL_JUMP	0
0x00191a00	0x001e7740	READ	1
0x00191a05	0x001e2638	READ	1
0x00191a05	0x001e2640	READ	0
0x00191a07	0x001e2674	DATA	0
0x00191a07	0x001e2671	DATA	0
0x00191a08	0x001e2638	DATA	1
0x00191a0d	0x00191a24	CONDITIONAL_JUMP	0
0x00191a0f	0x001e2727	DATA	1
0x00191a14	0x001e2648	READ	0
0x00191a14	0x001e2640	READ	0
0x00191a18	0x00191a29	CONDITIONAL_JUMP	0
0x00191a1a	0x001e2724	DATA	1
0x00191a1f	0x00191a29	UNCONDITIONAL_JUMP	0
0x00191a24	0x001e272c	DATA	1
0x00191a29	0x001e272c	DATA	0
0x00191a29	0x001e2724	DATA	0
0x00191a29	0x001e2727	DATA	0
0x00191a2a	0x001e2731	DATA	0
0x00191a2f	0x0010c0d8	UNCONDITIONAL_CALL	0
0x00191a37	0x001e7740	READ	1
0x00191a3c	0x001e2640	DATA	1
0x00191a3f	0x001e7740	WRITE	0
0x00191a45	0x001e2640	READ	0
0x00191a49	0x00191a00	CONDITIONAL_JUMP	0
0x00191a4b	0x001e2739	DATA	0
0x00191a50	0x0010c0d8	UNCONDITIONAL_CALL	0
0x00191a55	0x001e2634	READ_WRITE	0
0x00191a5f	0x00191899	UNCONDITIONAL_JUMP	0
0x00191a64	0x001e7740	READ	1
0x00191a6a	0x001e263c	READ	1
0x00191a72	0x00191a84	CONDITIONAL_JUMP	0
0x00191a74	0x001e273b	READ	1
0x00191a7a	0x001e98f0	WRITE	0
0x00191a80	0x00191ad0	UNCONDITIONAL_JUMP	0
0x00191a89	0xStack[-0x98]	READ	1
0x00191a93	0x001e263c	WRITE	0
0x00191a97	0x00191aca	UNCONDITIONAL_JUMP	0
0x00191a9c	0x000110ac	READ	1
0x00191aa2	0x001e2630	WRITE	0
0x00191aa8	0x000110ac	READ	1
0x00191aae	0x000110ad	READ	1
0x00191aca	0x001e905c	WRITE	0
0x00191ad0	0x001e2634	READ	1
0x00191ad7	0x001e905c	READ	1
0x00191adf	0x001e273f	DATA	0
0x00191ae4	0x0010c0d8	UNCONDITIONAL_CALL	0
0x00191ae9	0xStack[-0xa4]	DATA	0
0x00191afd	0xStack[0x4]	READ	1
0x00191b00	0xStack[0x8]	READ	1
0x00191b04	0x00194ba0	UNCONDITIONAL_CALL	0
0x00191b0f	0x00191b38	CONDITIONAL_JUMP	0
0x00191b11	0x00191b20	CONDITIONAL_JUMP	0
0x00191b16	0x00191b59	CONDITIONAL_JUMP	0
0x00191b1b	0x00191b38	CONDITIONAL_JUMP	0
0x00191b1d	0x00191b8c	UNCONDITIONAL_JUMP	0
0x00191b23	0x00191b78	CONDITIONAL_JUMP	0
0x00191b25	0x00191b30	CONDITIONAL_JUMP	0
0x00191b2a	0x00191b78	CONDITIONAL_JUMP	0
0x00191b2c	0x00191b8c	UNCONDITIONAL_JUMP	0
0x00191b33	0x00191b40	CONDITIONAL_JUMP	0
0x00191b35	0x00191b8c	UNCONDITIONAL_JUMP	0
0x00191b3b	0x00191b94	UNCONDITIONAL_JUMP	0
0x00191b42	0x00191b48	CONDITIONAL_JUMP	0
0x00191b46	0x00191b7c	UNCONDITIONAL_JUMP	0
0x00191b4a	0x00194bc8	UNCONDITIONAL_CALL	0
0x00191b51	0x00194bc8	UNCONDITIONAL_CALL	0
0x00191b5b	0x00191b64	CONDITIONAL_JUMP	0
0x00191b5f	0x00191b7c	UNCONDITIONAL_JUMP	0
0x00191b66	0x00194bc8	UNCONDITIONAL_CALL	0
0x00191b6d	0x00194bc8	UNCONDITIONAL_CALL	0
0x00191b76	0x00191b04	UNCONDITIONAL_JUMP	0
0x00191b7c	0x00194bc8	UNCONDITIONAL_CALL	0
0x00191b84	0x00191b04	UNCONDITIONAL_JUMP	0
0x00191b8f	0x00191b04	UNCONDITIONAL_JUMP	0
0x00191b94	0xStack[-0xc]	DATA	0
0x00191ba5	0xStack[0x4]	READ	1
0x00191ba8	0xStack[0x8]	READ	1
0x00191bab	0x001e2634	READ	0
0x00191bb2	0x00191c5c	CONDITIONAL_JUMP	0
0x00191bba	0x001e2755	DATA	0
0x00191bbf	0x0010c0d8	UNCONDITIONAL_CALL	0
0x00191bcc	0x00194ba0	UNCONDITIONAL_CALL	0
0x00191bd7	0x00191c00	CONDITIONAL_JUMP	0
0x00191bd9	0x00191be8	CONDITIONAL_JUMP	0
0x00191bde	0x00191c21	CONDITIONAL_JUMP	0
0x00191be3	0x00191c00	CONDITIONAL_JUMP	0
0x00191be5	0x00191c54	UNCONDITIONAL_JUMP	0
0x00191beb	0x00191c40	CONDITIONAL_JUMP	0
0x00191bed	0x00191bf8	CONDITIONAL_JUMP	0
0x00191bf2	0x00191c40	CONDITIONAL_JUMP	0
0x00191bf4	0x00191c54	UNCONDITIONAL_JUMP	0
0x00191bfb	0x00191c08	CONDITIONAL_JUMP	0
0x00191bfd	0x00191c54	UNCONDITIONAL_JUMP	0
0x00191c03	0x00191c5c	UNCONDITIONAL_JUMP	0
0x00191c0a	0x00191c10	CONDITIONAL_JUMP	0
0x00191c0e	0x00191c44	UNCONDITIONAL_JUMP	0
0x00191c12	0x00194bc8	UNCONDITIONAL_CALL	0
0x00191c19	0x00194bc8	UNCONDITIONAL_CALL	0
0x00191c23	0x00191c2c	CONDITIONAL_JUMP	0
0x00191c27	0x00191c44	UNCONDITIONAL_JUMP	0
0x00191c2e	0x00194bc8	UNCONDITIONAL_CALL	0
0x00191c35	0x00194bc8	UNCONDITIONAL_CALL	0
0x00191c3e	0x00191bcc	UNCONDITIONAL_JUMP	0
0x00191c44	0x00194bc8	UNCONDITIONAL_CALL	0
0x00191c4c	0x00191bcc	UNCONDITIONAL_JUMP	0
0x00191c57	0x00191bcc	UNCONDITIONAL_JUMP	0
0x00191c5c	0xStack[-0xc]	DATA	0
0x00191c74	0x001f9424	READ	1
0x00191c7a	0x00202980	DATA	0
0x00191c7b	0x001f9d94	READ	1
0x00191c81	0x001fe3dd	DATA	0
0x00191c82	0x001ce960	UNCONDITIONAL_CALL	0
0x00191c8e	0x00191d2a	CONDITIONAL_JUMP	0
0x00191c97	0x00191d2a	CONDITIONAL_JUMP	0
0x00191c9f	0xStack[-0x54]	DATA	0
0x00191ca2	0xStack[-0xac]	WRITE	0
0x00191ca8	0xStack[-0xac]	READ	1
0x00191caf	0xStack[-0xa4]	DATA	0
0x00191cb7	0x001f9360	READ	1
0x00191cbd	0x00202530	DATA	0
0x00191cbe	0x001f9d68	READ	1
0x00191cc4	0x001fdfcd	DATA	0
0x00191cc5	0x001ce960	UNCONDITIONAL_CALL	0
0x00191ccf	0x00191cd8	CONDITIONAL_JUMP	0
0x00191cd6	0x00191d3c	CONDITIONAL_JUMP	0
0x00191cd8	0xStack[-0xa8]	DATA	0
0x00191cdf	0xStack[-0xac]	READ	1
0x00191ce6	0x001a3d0c	UNCONDITIONAL_CALL	0
0x00191cf0	0x00191d34	CONDITIONAL_JUMP	0
0x00191cf5	0x00191d21	CONDITIONAL_JUMP	0
0x00191cff	0x001f9238	READ	1
0x00191d05	0x00201988	DATA	0
0x00191d06	0xStack[-0xa8]	READ	1
0x00191d0d	0x001ce960	UNCONDITIONAL_CALL	0
0x00191d17	0x00191d34	CONDITIONAL_JUMP	0
0x00191d1f	0x00191cfc	CONDITIONAL_JUMP	0
0x00191d28	0x00191d34	CONDITIONAL_JUMP	0
0x00191d2f	0x00191d3e	UNCONDITIONAL_JUMP	0
0x00191d35	0x00191ca8	UNCONDITIONAL_JUMP	0
0x00191d3e	0xStack[-0xb8]	DATA	0
0x00191d54	0xStack[-0x28]	WRITE	0
0x00191d5d	0x001eaa60	READ	1
0x00191d64	0x00191d78	CONDITIONAL_JUMP	0
0x00191d6d	0x00191d78	CONDITIONAL_JUMP	0
0x00191d71	0x00191e3f	UNCONDITIONAL_JUMP	0
0x00191d78	0x001e7740	READ	1
0x00191d82	0xStack[-0x24]	WRITE	0
0x00191d8a	0xStack[-0x23]	WRITE	0
0x00191d8d	0xStack[-0x22]	WRITE	0
0x00191d91	0xStack[-0x21]	WRITE	0
0x00191d99	0xStack[-0x28]	DATA	0
0x00191d9f	0x00114bd4	UNCONDITIONAL_CALL	0
0x00191dab	0x00191db4	CONDITIONAL_JUMP	0
0x00191dad	0x001e2763	DATA	0
0x00191db2	0x00191df9	UNCONDITIONAL_JUMP	0
0x00191db4	0xStack[-0x14]	WRITE	0
0x00191dbc	0xStack[-0x24]	DATA	0
0x00191dc5	0xStack[-0x28]	READ	1
0x00191dc9	0x0011f060	UNCONDITIONAL_CALL	0
0x00191dd5	0x00191e04	CONDITIONAL_JUMP	0
0x00191dda	0x00191df4	CONDITIONAL_JUMP	0
0x00191dde	0x00191dbc	CONDITIONAL_JUMP	0
0x00191de0	0x001e2781	DATA	0
0x00191de5	0x0010c0d8	UNCONDITIONAL_CALL	0
0x00191df2	0x00191dbc	UNCONDITIONAL_JUMP	0
0x00191df4	0x001e27b0	DATA	0
0x00191df9	0x0010c0d8	UNCONDITIONAL_CALL	0
0x00191e01	0x00191e30	UNCONDITIONAL_JUMP	0
0x00191e06	0x00191e15	CONDITIONAL_JUMP	0
0x00191e08	0x001e27ce	DATA	0
0x00191e0d	0x0010c0d8	UNCONDITIONAL_CALL	0
0x00191e15	0xStack[-0x24]	DATA	0
0x00191e18	0xStack[-0x10]	DATA	0
0x00191e1c	0x00123dc4	UNCONDITIONAL_CALL	0
0x00191e23	0x001e27e8	DATA	0
0x00191e28	0x0010c0d8	UNCONDITIONAL_CALL	0
0x00191e30	0xStack[-0x28]	READ	1
0x00191e35	0x00191e3d	CONDITIONAL_JUMP	0
0x00191e38	0x00114db8	UNCONDITIONAL_CALL	0
0x00191e3f	0xStack[-0x30]	DATA	0
0x00191e59	0xStack[0x4]	READ	1
0x00191e61	0x001e8b54	READ	1
0x00191e66	0xStack[-0x8]	WRITE	0
0x00191e69	0xStack[0x4]	READ	1
0x00191e6f	0xStack[-0x20]	WRITE	0
0x00191e72	0x001e8758	READ	1
0x00191e7a	0xStack[-0xc]	WRITE	0
0x00191e7f	0x00191e93	CONDITIONAL_JUMP	0
0x00191e87	0xStack[-0x14]	WRITE	0
0x00191e90	0xStack[-0x10]	WRITE	0
0x00191e93	0xStack[-0x20]	READ	0
0x00191e97	0x0019204c	CONDITIONAL_JUMP	0
0x00191e9d	0xStack[-0x20]	READ	1
0x00191ea0	0x00191ef0	COMPUTED_JUMP	-1
0x00191ea0	0x00191f04	COMPUTED_JUMP	-1
0x00191ea0	0x0019204c	COMPUTED_JUMP	-1
0x00191ea0	0x00191f18	COMPUTED_JUMP	-1
0x00191ea0	0x00191f2c	COMPUTED_JUMP	-1
0x00191ea0	0x00191f40	COMPUTED_JUMP	-1
0x00191ea0	0x00191f54	COMPUTED_JUMP	-1
0x00191ea0	0x00191f68	COMPUTED_JUMP	-1
0x00191ea0	0x00191f7c	COMPUTED_JUMP	-1
0x00191ea0	0x00191f90	COMPUTED_JUMP	-1
0x00191ea0	0x00191fa4	COMPUTED_JUMP	-1
0x00191ea0	0x00191fb8	COMPUTED_JUMP	-1
0x00191ea0	0x0019202c	COMPUTED_JUMP	-1
0x00191ea0	0x0019203c	COMPUTED_JUMP	-1
0x00191ea0	0x00191ea8	DATA	0
0x00191ea8	0x00191ef0	DATA	0
0x00191eac	0x00191f04	DATA	0
0x00191eb0	0x0019204c	DATA	0
0x00191eb4	0x00191f18	DATA	0
0x00191eb8	0x00191f2c	DATA	0
0x00191ebc	0x00191f40	DATA	0
0x00191ec0	0x00191f54	DATA	0
0x00191ec4	0x00191f68	DATA	0
0x00191ec8	0x0019204c	DATA	0
0x00191ecc	0x0019204c	DATA	0
0x00191ed0	0x0019204c	DATA	0
0x00191ed4	0x00191f7c	DATA	0
0x00191ed8	0x00191f90	DATA	0
0x00191edc	0x00191fa4	DATA	0
0x00191ee0	0x00191fb8	DATA	0
0x00191ee4	0x0019204c	DATA	0
0x00191ee8	0x0019202c	DATA	0
0x00191eec	0x0019203c	DATA	0
0x00191ef5	0xStack[-0x20]	WRITE	0
0x00191efc	0x00192057	UNCONDITIONAL_JUMP	0
0x00191f09	0xStack[-0x20]	WRITE	0
0x00191f10	0x00192057	UNCONDITIONAL_JUMP	0
0x00191f1d	0xStack[-0x20]	WRITE	0
0x00191f24	0x00192057	UNCONDITIONAL_JUMP	0
0x00191f31	0xStack[-0x20]	WRITE	0
0x00191f38	0x00192057	UNCONDITIONAL_JUMP	0
0x00191f45	0xStack[-0x20]	WRITE	0
0x00191f4c	0x00192057	UNCONDITIONAL_JUMP	0
0x00191f59	0xStack[-0x20]	WRITE	0
0x00191f60	0x00192057	UNCONDITIONAL_JUMP	0
0x00191f68	0xStack[0x4]	READ	1
0x00191f6c	0x0018a368	UNCONDITIONAL_CALL	0
0x00191f74	0x00192065	UNCONDITIONAL_JUMP	0
0x00191f81	0xStack[-0x20]	WRITE	0
0x00191f8a	0x00192057	UNCONDITIONAL_JUMP	0
0x00191f95	0xStack[-0x20]	WRITE	0
0x00191f9e	0x00192057	UNCONDITIONAL_JUMP	0
0x00191fa9	0xStack[-0x20]	WRITE	0
0x00191fb2	0x00192057	UNCONDITIONAL_JUMP	0
0x00191fbb	0xStack[-0x1c]	WRITE	0
0x00191fbe	0xStack[-0x1c]	READ	1
0x00191fc1	0x001e875c	READ	1
0x00191fcb	0xStack[-0x20]	WRITE	0
0x00191fce	0x001e875c	READ	1
0x00191fe4	0x00191feb	CONDITIONAL_JUMP	0
0x00191fec	0x001e89ec	READ	1
0x00191ff6	0xStack[-0x8]	READ	1
0x00192000	0x00172038	UNCONDITIONAL_CALL	0
0x00192005	0xStack[-0x18]	WRITE	0
0x00192008	0xStack[-0x20]	READ	1
0x0019200b	0x001e875c	READ	1
0x00192017	0xStack[-0x18]	READ	0
0x0019201b	0x00192065	CONDITIONAL_JUMP	0
0x00192022	0xStack[-0x18]	READ	1
0x00192025	0xStack[-0x20]	WRITE	0
0x00192028	0x00192057	UNCONDITIONAL_JUMP	0
0x0019202c	0xStack[0x4]	READ	1
0x00192030	0x0018a38c	UNCONDITIONAL_CALL	0
0x00192038	0x00192065	UNCONDITIONAL_JUMP	0
0x00192041	0xStack[-0x20]	WRITE	0
0x00192048	0x00192057	UNCONDITIONAL_JUMP	0
0x00192051	0xStack[-0x20]	READ	1
0x00192054	0xStack[-0x20]	WRITE	0
0x00192058	0xStack[-0x20]	READ	1
0x0019205d	0x001569c0	UNCONDITIONAL_CALL	0
0x00192065	0xStack[-0xc]	READ	0
0x00192069	0x001920e3	CONDITIONAL_JUMP	0
0x0019206b	0x001e8758	READ	1
0x00192078	0x001920e3	CONDITIONAL_JUMP	0
0x00192080	0xStack[-0x14]	READ	1
0x00192083	0xStack[-0x1c]	WRITE	0
0x00192089	0xStack[-0x1c]	WRITE	0
0x0019208f	0xStack[-0x1c]	WRITE	0
0x00192095	0xStack[-0x1c]	WRITE	0
0x0019209e	0xStack[-0x10]	READ	1
0x001920ab	0xStack[-0x1c]	READ	1
0x001920b1	0xStack[-0x1c]	WRITE	0
0x001920b4	0x001dee34	READ	1
0x001920bf	0xStack[-0x20]	WRITE	0
0x001920c2	0xStack[-0x1c]	READ	1
0x001920c6	0xStack[-0x20]	READ	0
0x001920cd	0x001920e3	CONDITIONAL_JUMP	0
0x001920db	0x0018ce08	UNCONDITIONAL_CALL	0
0x001920e3	0x0018dec0	UNCONDITIONAL_CALL	0
0x001920e8	0xStack[-0x2c]	DATA	0
0x001920fd	0xStack[0x4]	READ	1
0x00192105	0xStack[0x4]	READ	1
0x0019210b	0xStack[-0x8]	WRITE	0
0x00192114	0x0019228f	CONDITIONAL_JUMP	0
0x0019211a	0x00192174	COMPUTED_JUMP	-1
0x0019211a	0x0019228f	COMPUTED_JUMP	-1
0x0019211a	0x001923d3	COMPUTED_JUMP	-1
0x0019211a	0x00192278	COMPUTED_JUMP	-1
0x0019211a	0x0019224c	COMPUTED_JUMP	-1
0x0019211a	0x00192184	COMPUTED_JUMP	-1
0x0019211a	0x00192164	COMPUTED_JUMP	-1
0x0019211a	0x00192124	DATA	0
0x00192124	0x00192174	DATA	0
0x00192128	0x0019228f	DATA	0
0x0019212c	0x00192174	DATA	0
0x00192130	0x0019228f	DATA	0
0x00192134	0x0019228f	DATA	0
0x00192138	0x0019228f	DATA	0
0x0019213c	0x001923d3	DATA	0
0x00192140	0x0019228f	DATA	0
0x00192144	0x0019228f	DATA	0
0x00192148	0x00192278	DATA	0
0x0019214c	0x0019224c	DATA	0
0x00192150	0x0019224c	DATA	0
0x00192154	0x0019224c	DATA	0
0x00192158	0x00192184	DATA	0
0x0019215c	0x0019228f	DATA	0
0x00192160	0x00192164	DATA	0
0x00192164	0xStack[0x4]	READ	1
0x00192168	0x0018a3c4	UNCONDITIONAL_CALL	0
0x0019216d	0x001923d3	UNCONDITIONAL_JUMP	0
0x00192174	0xStack[0x4]	READ	1
0x00192178	0x00192438	UNCONDITIONAL_CALL	0
0x0019217d	0x001923d3	UNCONDITIONAL_JUMP	0
0x00192187	0xStack[-0xc]	WRITE	0
0x0019218a	0x001e8b54	READ	0
0x00192191	0x001921a0	CONDITIONAL_JUMP	0
0x00192193	0x001e875c	READ	1
0x001921a0	0xStack[-0xc]	READ	0
0x001921a7	0x001921bc	CONDITIONAL_JUMP	0
0x001921aa	0xStack[-0xc]	READ	1
0x001921ae	0x001923e0	UNCONDITIONAL_CALL	0
0x001921b3	0xStack[-0x10]	WRITE	0
0x001921b9	0x001921f2	UNCONDITIONAL_JUMP	0
0x001921c8	0x001921cf	CONDITIONAL_JUMP	0
0x001921d0	0x001e89ec	READ	1
0x001921d7	0xStack[-0xc]	READ	1
0x001921db	0x001e8b54	READ	1
0x001921e7	0x00172038	UNCONDITIONAL_CALL	0
0x001921ec	0xStack[-0x10]	WRITE	0
0x001921f2	0x001e8b54	READ	0
0x001921f9	0x00192203	CONDITIONAL_JUMP	0
0x001921fb	0x001e875c	READ	1
0x00192203	0xStack[-0x10]	READ	0
0x00192207	0x001923d3	CONDITIONAL_JUMP	0
0x0019220e	0x001924a0	UNCONDITIONAL_CALL	0
0x00192218	0x001923d3	CONDITIONAL_JUMP	0
0x0019221e	0xStack[-0xc]	READ	0
0x00192225	0x0019228f	CONDITIONAL_JUMP	0
0x00192227	0xStack[0x4]	READ	1
0x0019222b	0x001924e0	UNCONDITIONAL_CALL	0
0x00192230	0xStack[-0xc]	READ	1
0x00192234	0xStack[-0x10]	READ	1
0x0019223a	0x00156aac	UNCONDITIONAL_CALL	0
0x0019223f	0x0018dec0	UNCONDITIONAL_CALL	0
0x00192247	0x0019228f	UNCONDITIONAL_JUMP	0
0x00192252	0x0019228f	CONDITIONAL_JUMP	0
0x00192254	0xStack[0x4]	READ	1
0x00192258	0x001924e0	UNCONDITIONAL_CALL	0
0x00192263	0xStack[-0x8]	READ	1
0x00192269	0x00156aac	UNCONDITIONAL_CALL	0
0x0019226e	0x0018dec0	UNCONDITIONAL_CALL	0
0x00192276	0x0019228f	UNCONDITIONAL_JUMP	0
0x0019227c	0x0019228f	CONDITIONAL_JUMP	0
0x0019227e	0xStack[0x4]	READ	1
0x00192282	0x001924e0	UNCONDITIONAL_CALL	0
0x00192287	0x0018dec0	UNCONDITIONAL_CALL	0
0x00192290	0x001924a0	UNCONDITIONAL_CALL	0
0x0019229a	0x001923d3	CONDITIONAL_JUMP	0
0x001922a0	0x001e280c	DATA	0
0x001922a5	0x001e280d	DATA	0
0x001922aa	0x00195ec0	UNCONDITIONAL_CALL	0
0x001922b3	0xStack[-0x8]	READ	1
0x001922b7	0x001e2819	DATA	0
0x001922bc	0x0010c0d8	UNCONDITIONAL_CALL	0
0x001922c4	0xStack[-0x8]	READ	0
0x001922c8	0x0019239c	CONDITIONAL_JUMP	0
0x001922ce	0xStack[-0x8]	READ	1
0x001922d1	0x00192320	COMPUTED_JUMP	-1
0x001922d1	0x0019239c	COMPUTED_JUMP	-1
0x001922d1	0x0019232c	COMPUTED_JUMP	-1
0x001922d1	0x00192338	COMPUTED_JUMP	-1
0x001922d1	0x00192344	COMPUTED_JUMP	-1
0x001922d1	0x00192350	COMPUTED_JUMP	-1
0x001922d1	0x00192360	COMPUTED_JUMP	-1
0x001922d1	0x00192370	COMPUTED_JUMP	-1
0x001922d1	0x00192380	COMPUTED_JUMP	-1
0x001922d1	0x00192390	COMPUTED_JUMP	-1
0x001922d1	0x001922d8	DATA	0
0x001922d8	0x00192320	DATA	0
0x001922dc	0x0019239c	DATA	0
0x001922e0	0x0019239c	DATA	0
0x001922e4	0x0019239c	DATA	0
0x001922e8	0x0019232c	DATA	0
0x001922ec	0x00192338	DATA	0
0x001922f0	0x00192344	DATA	0
0x001922f4	0x0019239c	DATA	0
0x001922f8	0x0019239c	DATA	0
0x001922fc	0x0019239c	DATA	0
0x00192300	0x0019239c	DATA	0
0x00192304	0x00192350	DATA	0
0x00192308	0x00192360	DATA	0
0x0019230c	0x00192370	DATA	0
0x00192310	0x00192380	DATA	0
0x00192314	0x0019239c	DATA	0
0x00192318	0x0019239c	DATA	0
0x0019231c	0x00192390	DATA	0
0x00192327	0x001923a4	UNCONDITIONAL_JUMP	0
0x00192336	0x001923a4	UNCONDITIONAL_JUMP	0
0x00192342	0x001923a4	UNCONDITIONAL_JUMP	0
0x0019234e	0x001923a4	UNCONDITIONAL_JUMP	0
0x0019235c	0x001923a4	UNCONDITIONAL_JUMP	0
0x0019236c	0x001923a4	UNCONDITIONAL_JUMP	0
0x0019237c	0x001923a4	UNCONDITIONAL_JUMP	0
0x00192385	0xStack[-0x10]	READ	1
0x00192388	0xStack[-0xc]	READ	1
0x0019238b	0x001923a4	UNCONDITIONAL_JUMP	0
0x0019239a	0x001923a4	UNCONDITIONAL_JUMP	0
0x001923a1	0xStack[-0x8]	READ	1
0x001923a6	0xStack[0x4]	READ	1
0x001923ad	0xStack[-0x14]	WRITE	0
0x001923b0	0x00192ba0	UNCONDITIONAL_CALL	0
0x001923b5	0xStack[0x4]	READ	1
0x001923ba	0xStack[-0x14]	READ	1
0x001923bf	0x00162a24	UNCONDITIONAL_CALL	0
0x001923c4	0x00195758	UNCONDITIONAL_CALL	0
0x001923c9	0x001e283b	DATA	0
0x001923ce	0x0010ca6c	UNCONDITIONAL_CALL	0
0x001923d3	0xStack[-0x20]	DATA	0
0x001923e3	0xStack[0x8]	READ	1
0x001923e6	0x001e8b54	READ	1
0x001923ed	0x001923ff	CONDITIONAL_JUMP	0
0x001923f5	0x001f63f0	READ	1
0x001923fd	0x00192405	CONDITIONAL_JUMP	0
0x001923ff	0x001e8de8	READ	1
0x00192411	0x00192418	CONDITIONAL_JUMP	0
0x00192419	0xStack[0x4]	READ	1
0x00192421	0x001e89ec	READ	1
0x0019242d	0x00172038	UNCONDITIONAL_CALL	0
0x0019243c	0xStack[0x4]	READ	1
0x0019244b	0x00192488	CONDITIONAL_JUMP	0
0x00192450	0x00186e9c	DATA	1
0x00192455	0x00192465	CONDITIONAL_JUMP	0
0x00192457	0x00186e3c	DATA	1
0x0019245c	0x00192465	CONDITIONAL_JUMP	0
0x0019245e	0x00186ddc	DATA	1
0x00192463	0x00192480	CONDITIONAL_JUMP	0
0x00192465	0x001e8b54	READ	1
0x0019247b	0x00192498	UNCONDITIONAL_JUMP	0
0x00192485	0x0019248d	UNCONDITIONAL_JUMP	0
0x00192493	0x00162a24	UNCONDITIONAL_CALL	0
0x00192498	0xStack[-0x8]	READ	1
0x001924a3	0xStack[0x4]	READ	1
0x001924a6	0x001e8b54	READ	1
0x001924b0	0x001924b8	CONDITIONAL_JUMP	0
0x001924c8	0x001e8b54	READ	1
0x001924e5	0xStack[0x4]	READ	1
0x001924e8	0x001e8b54	READ	1
0x001924f6	0x00192500	CONDITIONAL_JUMP	0
0x001924fe	0x00192508	UNCONDITIONAL_JUMP	0
0x00192501	0x0018dc54	UNCONDITIONAL_CALL	0
0x00192516	0x0019255c	CONDITIONAL_JUMP	0
0x0019255a	0x00192590	UNCONDITIONAL_JUMP	0
0x00192561	0x00192578	CONDITIONAL_JUMP	0
0x00192573	0x00192590	UNCONDITIONAL_JUMP	0
0x0019257d	0x0019258c	CONDITIONAL_JUMP	0
0x00192587	0x00192590	UNCONDITIONAL_JUMP	0
0x0019258e	0x00192596	CONDITIONAL_JUMP	0
0x00192596	0xStack[-0xc]	DATA	0
0x001925a9	0xStack[0x4]	READ	1
0x001925af	0xStack[-0x8]	WRITE	0
0x001925b2	0xStack[-0x1c]	WRITE	0
0x001925b5	0x001e8b54	READ	1
0x001925c5	0x001925d9	CONDITIONAL_JUMP	0
0x001925cf	0xStack[-0x1c]	READ	1
0x001925d9	0xStack[-0x1c]	READ	1
0x001925e1	0x001925eb	CONDITIONAL_JUMP	0
0x001925e3	0x001e2474	READ	0
0x001925e9	0x001925fb	CONDITIONAL_JUMP	0
0x001925eb	0x00165958	UNCONDITIONAL_CALL	0
0x001925f0	0xStack[-0x1c]	READ	1
0x001925f6	0x0018dec0	UNCONDITIONAL_CALL	0
0x00192602	0x001e2424	DATA	1
0x00192608	0xStack[-0xc]	WRITE	0
0x0019260b	0x001e2428	DATA	1
0x0019260e	0xStack[-0x18]	WRITE	0
0x00192613	0x00192678	CONDITIONAL_JUMP	0
0x00192615	0xStack[-0x10]	WRITE	0
0x00192621	0xStack[-0x14]	WRITE	0
0x00192625	0xStack[-0x14]	READ	1
0x00192629	0xStack[-0x8]	READ	1
0x00192633	0x00189a5c	UNCONDITIONAL_CALL	0
0x0019263d	0x0019264e	CONDITIONAL_JUMP	0
0x0019263f	0xStack[-0x1c]	READ	1
0x00192649	0x0018dec0	UNCONDITIONAL_CALL	0
0x0019264e	0xStack[-0x14]	READ	1
0x00192655	0xStack[-0x18]	READ	1
0x00192658	0xStack[-0xc]	READ	1
0x00192662	0x0019265b	CONDITIONAL_JUMP	0
0x00192664	0x001e2424	DATA	1
0x0019266a	0xStack[-0x1c]	READ	1
0x00192670	0xStack[-0x10]	READ	1
0x00192673	0x00192686	UNCONDITIONAL_JUMP	0
0x00192678	0x001e2424	DATA	1
0x00192680	0xStack[-0x1c]	READ	1
0x00192686	0x0018dec0	UNCONDITIONAL_CALL	0
0x0019268b	0xStack[-0x28]	DATA	0
0x001926a1	0xStack[0x4]	READ	1
0x001926a7	0xStack[-0x8]	WRITE	0
0x001926aa	0xStack[-0x1c]	WRITE	0
0x001926ad	0x001e8b54	READ	1
0x001926bd	0x001926d1	CONDITIONAL_JUMP	0
0x001926c7	0xStack[-0x1c]	READ	1
0x001926d1	0xStack[-0x1c]	READ	1
0x001926d9	0x001926e3	CONDITIONAL_JUMP	0
0x001926db	0x001dfb8c	READ	0
0x001926e1	0x001926f3	CONDITIONAL_JUMP	0
0x001926e3	0x00165958	UNCONDITIONAL_CALL	0
0x001926e8	0xStack[-0x1c]	READ	1
0x001926ee	0x0018dec0	UNCONDITIONAL_CALL	0
0x001926f8	0x001df72c	DATA	1
0x001926fe	0xStack[-0xc]	WRITE	0
0x00192701	0x001df72c	DATA	1
0x00192707	0xStack[-0x18]	WRITE	0
0x0019270c	0x00192770	CONDITIONAL_JUMP	0
0x0019270e	0xStack[-0x10]	WRITE	0
0x0019271a	0xStack[-0x14]	WRITE	0
0x0019271e	0xStack[-0x14]	READ	1
0x00192722	0xStack[-0x8]	READ	1
0x0019272c	0x00189a5c	UNCONDITIONAL_CALL	0
0x00192736	0x00192748	CONDITIONAL_JUMP	0
0x00192743	0x001569c0	UNCONDITIONAL_CALL	0
0x00192748	0xStack[-0x14]	READ	1
0x0019274f	0xStack[-0x18]	READ	1
0x00192752	0xStack[-0xc]	READ	1
0x0019275c	0x00192755	CONDITIONAL_JUMP	0
0x0019275e	0x001df730	DATA	1
0x00192765	0xStack[-0x1c]	READ	1
0x0019276b	0xStack[-0x10]	READ	1
0x0019276e	0x0019277e	UNCONDITIONAL_JUMP	0
0x00192770	0xStack[-0xc]	READ	1
0x00192773	0x001df730	DATA	1
0x00192778	0xStack[-0x1c]	READ	1
0x0019277e	0x0018dec0	UNCONDITIONAL_CALL	0
0x00192783	0xStack[-0x28]	DATA	0
0x00192797	0xStack[0x4]	READ	1
0x0019279d	0xStack[-0x8]	WRITE	0
0x001927a0	0xStack[-0xc]	WRITE	0
0x001927a3	0x001e8b54	READ	1
0x001927a9	0xStack[-0x10]	WRITE	0
0x001927ac	0xStack[-0x2c]	WRITE	0
0x001927bf	0x001927d4	CONDITIONAL_JUMP	0
0x001927ca	0xStack[0x4]	READ	1
0x001927d4	0xStack[-0x10]	READ	1
0x001927dd	0xStack[-0x14]	WRITE	0
0x001927e0	0xStack[0x4]	READ	1
0x001927e5	0x001e8758	READ	1
0x001927ec	0xStack[-0x1c]	WRITE	0
0x001927f1	0x00192805	CONDITIONAL_JUMP	0
0x001927ff	0xStack[-0x24]	WRITE	0
0x00192802	0xStack[-0x20]	WRITE	0
0x00192805	0x001e875c	READ	1
0x0019280f	0xStack[-0xc]	READ	1
0x00192816	0xStack[-0x2e]	WRITE	0
0x0019281a	0xStack[-0x8]	READ	1
0x00192823	0xStack[-0x34]	WRITE	0
0x00192829	0x001da5f4	READ	0
0x0019282f	0x00192840	CONDITIONAL_JUMP	0
0x00192831	0x001da034	DATA	1
0x00192838	0xStack[-0x18]	WRITE	0
0x0019283b	0x00192847	UNCONDITIONAL_JUMP	0
0x00192840	0x001da22c	DATA	1
0x00192840	0xStack[-0x18]	WRITE	0
0x00192847	0x001da034	DATA	1
0x00192847	0xStack[-0x18]	READ	0
0x0019284e	0x00192887	CONDITIONAL_JUMP	0
0x00192850	0xStack[-0x34]	READ	1
0x00192854	0x0018a184	UNCONDITIONAL_CALL	0
0x0019285b	0xStack[-0x2e]	WRITE	0
0x0019285f	0xStack[-0x34]	READ_WRITE	0
0x0019286c	0x001da5f4	READ	0
0x00192872	0x00192880	CONDITIONAL_JUMP	0
0x00192874	0x001da034	DATA	1
0x0019287b	0xStack[-0x18]	WRITE	0
0x0019287e	0x00192887	UNCONDITIONAL_JUMP	0
0x00192880	0x001da22c	DATA	1
0x00192880	0xStack[-0x18]	WRITE	0
0x00192887	0xStack[-0x18]	READ	1
0x0019288a	0x001da034	DATA	1
0x0019288a	0x001da22c	READ	0
0x00192890	0xStack[-0x28]	WRITE	0
0x00192893	0x001928c2	CONDITIONAL_JUMP	0
0x00192896	0xStack[-0x14]	READ	1
0x0019289d	0xStack[-0x34]	READ	1
0x001928a1	0x00189a5c	UNCONDITIONAL_CALL	0
0x001928a6	0xStack[-0x2c]	WRITE	0
0x001928ae	0x001928c2	CONDITIONAL_JUMP	0
0x001928b0	0xStack[-0xc]	READ	1
0x001928b6	0xStack[-0x8]	READ	1
0x001928bd	0x0018dec0	UNCONDITIONAL_CALL	0
0x001928c2	0xStack[-0x14]	READ	1
0x001928cc	0xStack[-0xc]	READ	1
0x001928d9	0x00186f88	UNCONDITIONAL_CALL	0
0x001928e3	0x00192900	CONDITIONAL_JUMP	0
0x001928e5	0xStack[-0x14]	READ	1
0x001928ec	0x0019292a	CONDITIONAL_JUMP	0
0x001928f2	0x0019292a	CONDITIONAL_JUMP	0
0x001928f4	0xStack[-0x2c]	WRITE	0
0x001928fb	0x0019292a	UNCONDITIONAL_JUMP	0
0x00192900	0xStack[-0x14]	READ	1
0x00192907	0xStack[-0x14]	READ	1
0x0019290e	0xStack[-0x14]	READ	1
0x00192918	0xStack[-0x18]	READ	1
0x0019291b	0x001da038	DATA	1
0x00192920	0xStack[-0x14]	READ	1
0x00192927	0xStack[-0x2c]	WRITE	0
0x0019292a	0xStack[-0x2c]	READ	1
0x0019292e	0x0019293c	UNCONDITIONAL_CALL	0
0x00192933	0xStack[-0x38]	READ	1
0x00192944	0xStack[0x4]	READ	1
0x00192947	0x001e8b54	READ	1
0x00192955	0x00192960	CONDITIONAL_JUMP	0
0x0019295d	0x00192971	UNCONDITIONAL_JUMP	0
0x00192961	0xStack[-0x8]	WRITE	0
0x00192964	0x0018dc54	UNCONDITIONAL_CALL	0
0x0019296e	0xStack[-0x8]	READ	1
0x00192979	0x001929a2	CONDITIONAL_JUMP	0
0x0019297e	0x001929a2	CONDITIONAL_JUMP	0
0x00192980	0x001929a2	CONDITIONAL_JUMP	0
0x00192985	0x001929a2	CONDITIONAL_JUMP	0
0x00192989	0x0013ba10	UNCONDITIONAL_CALL	0
0x00192993	0x0019299e	CONDITIONAL_JUMP	0
0x00192995	0x001e875c	READ	1
0x001929a7	0x001929cc	CONDITIONAL_JUMP	0
0x001929ab	0x001929b8	CONDITIONAL_JUMP	0
0x001929b4	0x001929d4	UNCONDITIONAL_JUMP	0
0x001929c8	0x001929d4	UNCONDITIONAL_JUMP	0
0x001929ce	0x001929d4	CONDITIONAL_JUMP	0
0x001929d7	0x0018dec0	UNCONDITIONAL_CALL	0
0x001929dc	0xStack[-0x10]	DATA	0
0x001929f1	0x001e8b54	READ	1
0x001929f7	0xStack[-0x8]	WRITE	0
0x001929fa	0x001e8758	READ	1
0x00192a05	0x001e90ac	READ	1
0x00192a0b	0xStack[-0xc]	WRITE	0
0x00192a10	0x00192aa7	CONDITIONAL_JUMP	0
0x00192a1a	0x00192a48	CONDITIONAL_JUMP	0
0x00192a1c	0x001e8758	READ	1
0x00192a28	0x00192a48	CONDITIONAL_JUMP	0
0x00192a32	0xStack[0x4]	READ	1
0x00192a39	0x0018ce08	UNCONDITIONAL_CALL	0
0x00192a4a	0x001e90ac	READ	1
0x00192a53	0x001e90ac	WRITE	0
0x00192a5a	0x001e90ac	READ	1
0x00192a61	0xStack[-0x8]	READ	1
0x00192a6b	0x00192aa7	CONDITIONAL_JUMP	0
0x00192a71	0x00192aa1	CONDITIONAL_JUMP	0
0x00192a7f	0x00192aa7	CONDITIONAL_JUMP	0
0x00192a85	0x00192a93	CONDITIONAL_JUMP	0
0x00192a91	0x00192aa7	CONDITIONAL_JUMP	0
0x00192a95	0x00109bd4	UNCONDITIONAL_CALL	0
0x00192a9f	0x00192aa6	CONDITIONAL_JUMP	0
0x00192aa1	0x0010a094	UNCONDITIONAL_CALL	0
0x00192aa7	0xStack[-0xc]	READ	1
0x00192aae	0x001e90ac	READ	1
0x00192ab7	0x001e90ac	WRITE	0
0x00192abe	0x001e90ac	READ	1
0x00192ac5	0xStack[-0x8]	READ	1
0x00192acf	0x00192adc	CONDITIONAL_JUMP	0
0x00192ad1	0x001678b4	UNCONDITIONAL_CALL	0
0x00192ad6	0x00192a04	UNCONDITIONAL_JUMP	0
0x00192adc	0xStack[-0xc]	READ	1
0x00192ae5	0x00192b58	CONDITIONAL_JUMP	0
0x00192ae7	0x001e9050	READ	1
0x00192af8	0xStack[-0x14]	WRITE	0
0x00192b01	0xStack[-0x18]	WRITE	0
0x00192b10	0xStack[-0x10]	WRITE	0
0x00192b13	0xStack[-0x8]	READ	1
0x00192b20	0x00192b58	CONDITIONAL_JUMP	0
0x00192b22	0xStack[-0x14]	READ	0
0x00192b26	0x00192b58	CONDITIONAL_JUMP	0
0x00192b2b	0x00192b34	CONDITIONAL_JUMP	0
0x00192b2d	0x00192b34	CONDITIONAL_JUMP	0
0x00192b32	0x00192b48	CONDITIONAL_JUMP	0
0x00192b34	0xStack[-0x18]	READ	0
0x00192b38	0x00192b78	CONDITIONAL_JUMP	0
0x00192b3c	0x00192b78	CONDITIONAL_JUMP	0
0x00192b3e	0x00192b58	CONDITIONAL_JUMP	0
0x00192b40	0xStack[-0x10]	READ	0
0x00192b44	0x00192b78	CONDITIONAL_JUMP	0
0x00192b46	0x00192b58	UNCONDITIONAL_JUMP	0
0x00192b48	0xStack[-0x10]	READ	0
0x00192b4c	0x00192b78	CONDITIONAL_JUMP	0
0x00192b4e	0xStack[-0x18]	READ	0
0x00192b52	0x00192b78	CONDITIONAL_JUMP	0
0x00192b56	0x00192b78	CONDITIONAL_JUMP	0
0x00192b58	0x001e8758	READ	1
0x00192b63	0x0018dec0	DATA	0
0x00192b68	0x00163a18	UNCONDITIONAL_CALL	0
0x00192b70	0x00192a04	UNCONDITIONAL_JUMP	0
0x00192b78	0xStack[-0xc]	READ	1
0x00192b81	0x00192b94	CONDITIONAL_JUMP	0
0x00192b83	0xStack[-0x8]	READ	1
0x00192b87	0x0018a408	UNCONDITIONAL_CALL	0
0x00192b8f	0x00192a04	UNCONDITIONAL_JUMP	0
0x00192b94	0xStack[-0x24]	DATA	0
0x00192ba6	0xStack[0x8]	READ	1
0x00192ba9	0xStack[0x4]	READ	1
0x00192bb0	0x00192c15	CONDITIONAL_JUMP	0
0x00192bba	0x00192c08	CONDITIONAL_JUMP	0
0x00192bc1	0x001e2857	DATA	0
0x00192bc6	0x001603b4	UNCONDITIONAL_CALL	0
0x00192bdb	0x001e286e	DATA	0
0x00192be0	0x001603b4	UNCONDITIONAL_CALL	0
0x00192bec	0x00192c08	CONDITIONAL_JUMP	0
0x00192bfa	0x00192c08	CONDITIONAL_JUMP	0
0x00192c01	0x00192bb4	CONDITIONAL_JUMP	0
0x00192c03	0x00192c15	UNCONDITIONAL_JUMP	0
0x00192c0b	0x001e2880	DATA	0
0x00192c10	0x001603b4	UNCONDITIONAL_CALL	0
0x00192c15	0xStack[-0x10]	DATA	0
0x00192c24	0xStack[0x8]	READ	1
0x00192c2b	0x00192c3e	CONDITIONAL_JUMP	0
0x00192c2d	0xStack[0x4]	READ	1
0x00192c3c	0x00192c30	CONDITIONAL_JUMP	0
0x00192c3e	0xStack[-0x8]	READ	1
0x00192c4c	0xStack[0x8]	READ	1
0x00192c53	0x00192c6a	CONDITIONAL_JUMP	0
0x00192c55	0xStack[0x4]	READ	1
0x00192c68	0x00192c58	CONDITIONAL_JUMP	0
0x00192c6a	0xStack[-0x8]	READ	1
0x00192c78	0xStack[0x4]	READ	1
0x00192c8d	0x00192c80	CONDITIONAL_JUMP	0
0x00192cc8	0x00192cb4	CONDITIONAL_JUMP	0
0x00192cd8	0xStack[-0x8]	READ	1
0x00192ce5	0xStack[0x4]	READ	1
0x00192cff	0x00192cf0	CONDITIONAL_JUMP	0
0x00192d3d	0x00192ee0	UNCONDITIONAL_CALL	0
0x00192d48	0x00192d60	CONDITIONAL_JUMP	0
0x00192d5c	0x00192d7a	UNCONDITIONAL_JUMP	0
0x00192d78	0x00192d68	CONDITIONAL_JUMP	0
0x00192d7a	0xStack[-0xc]	DATA	0
0x00192d89	0xStack[0x4]	READ	1
0x00192d92	0x00192da8	CONDITIONAL_JUMP	0
0x00192da6	0x00192dc2	UNCONDITIONAL_JUMP	0
0x00192dc0	0x00192db0	CONDITIONAL_JUMP	0
0x00192dfe	0x00192f3c	UNCONDITIONAL_CALL	0
0x00192e1c	0x00192e08	CONDITIONAL_JUMP	0
0x00192e1e	0xStack[-0xc]	DATA	0
0x00192e2e	0xStack[0x4]	READ	1
0x00192eb5	0x00192ea8	CONDITIONAL_JUMP	0
0x00192ec4	0x00192f90	UNCONDITIONAL_CALL	0
0x00192ed3	0x00192ec0	CONDITIONAL_JUMP	0
0x00192ed5	0xStack[-0x10]	DATA	0
0x00192ee9	0xStack[-0x38]	WRITE	0
0x00192efc	0xStack[0x4]	READ	1
0x00192f01	0xStack[-0x34]	DATA	0
0x00192f12	0xStack[-0x34]	DATA	0
0x00192f23	0xStack[-0x38]	READ_WRITE	0
0x00192f26	0x00192efc	CONDITIONAL_JUMP	0
0x00192f28	0xStack[0x4]	READ	1
0x00192f2c	0x00192e28	UNCONDITIONAL_CALL	0
0x00192f31	0xStack[-0x44]	DATA	0
0x00192f45	0xStack[0x4]	READ	1
0x00192f49	0x00192e28	UNCONDITIONAL_CALL	0
0x00192f56	0xStack[0x4]	READ	1
0x00192f60	0xStack[-0x34]	DATA	0
0x00192f75	0xStack[-0x34]	DATA	0
0x00192f83	0x00192f50	CONDITIONAL_JUMP	0
0x00192f85	0xStack[-0x40]	DATA	0
0x00192f93	0xStack[0x4]	READ	1
0x00192fdb	0xStack[0x4]	READ	1
0x00192fef	0x00192fe4	CONDITIONAL_JUMP	0
0x00192ffc	0xStack[0x4]	READ	1
0x00193041	0x00193034	CONDITIONAL_JUMP	0
0x0019306d	0x00193060	CONDITIONAL_JUMP	0
0x00193081	0x00193074	CONDITIONAL_JUMP	0
0x001930a0	0x0019308c	CONDITIONAL_JUMP	0
0x001930b0	0xStack[-0x8]	READ	1
0x001930bd	0xStack[0x8]	READ	1
0x001930c0	0xStack[0x4]	READ	1
0x0019314b	0x00193178	CONDITIONAL_JUMP	0
0x0019315e	0x00193150	CONDITIONAL_JUMP	0
0x00193172	0x00193164	CONDITIONAL_JUMP	0
0x00193174	0x0019318a	UNCONDITIONAL_JUMP	0
0x00193185	0x001013cc	UNCONDITIONAL_CALL	0
0x001931aa	0x0019319c	CONDITIONAL_JUMP	0
0x001931ac	0xStack[-0xc]	DATA	0
0x001931bd	0xStack[0x4]	READ	1
0x001931c0	0xStack[0x8]	READ	1
0x00193250	0x0019327c	CONDITIONAL_JUMP	0
0x00193262	0x00193254	CONDITIONAL_JUMP	0
0x00193276	0x00193268	CONDITIONAL_JUMP	0
0x00193278	0x0019328e	UNCONDITIONAL_JUMP	0
0x00193289	0x001013cc	UNCONDITIONAL_CALL	0
0x001932ae	0x001932a0	CONDITIONAL_JUMP	0
0x001932b0	0xStack[-0xc]	DATA	0
0x001932c1	0xStack[0x4]	READ	1
0x001932c9	0x001932ff	CONDITIONAL_JUMP	0
0x001932f8	0x001932ff	CONDITIONAL_JUMP	0
0x001932fd	0x001932cc	CONDITIONAL_JUMP	0
0x001932ff	0xStack[-0xc]	DATA	0
0x0019330d	0xStack[0x4]	READ	1
0x00193310	0xStack[0x8]	READ	1
0x00193317	0x00193350	CONDITIONAL_JUMP	0
0x0019334a	0x00193350	CONDITIONAL_JUMP	0
0x0019334e	0x0019331c	CONDITIONAL_JUMP	0
0x00193350	0xStack[-0xc]	DATA	0
0x00193365	0xStack[0x8]	READ	1
0x00193368	0x001e0d0c	READ	1
0x00193376	0x001e0d0c	READ	0
0x0019337e	0x001e0d0c	READ	1
0x00193387	0xStack[0x4]	READ	1
0x0019338f	0x001934be	CONDITIONAL_JUMP	0
0x00193395	0x00193410	CONDITIONAL_JUMP	0
0x00193397	0x001e8838	READ	1
0x0019339d	0x001e882c	DATA	1
0x001933a3	0x001934be	CONDITIONAL_JUMP	0
0x001933a9	0x0018b97c	UNCONDITIONAL_CALL	0
0x001933c6	0x0018b544	UNCONDITIONAL_CALL	0
0x001933cb	0xStack[0x4]	READ	1
0x001933d8	0xStack[0x4]	READ	1
0x001933e1	0x00193e58	UNCONDITIONAL_CALL	0
0x001933e6	0xStack[0x4]	READ	1
0x001933f1	0xStack[0x4]	READ	1
0x00193405	0x0011a288	UNCONDITIONAL_CALL	0
0x0019340a	0x001934be	UNCONDITIONAL_JUMP	0
0x00193412	0x001934be	CONDITIONAL_JUMP	0
0x0019341a	0xStack[0x4]	READ	1
0x00193420	0x0011a924	UNCONDITIONAL_CALL	0
0x0019342c	0x00193430	CONDITIONAL_JUMP	0
0x00193431	0xStack[0x4]	READ	1
0x00193443	0x00193e58	UNCONDITIONAL_CALL	0
0x00193448	0xStack[0x4]	READ	1
0x0019345c	0x00193461	CONDITIONAL_JUMP	0
0x00193465	0x001934a9	CONDITIONAL_JUMP	0
0x00193479	0x001e8830	READ	1
0x00193482	0x001e882c	DATA	1
0x00193489	0x001e8830	READ	1
0x00193491	0x001e8830	WRITE	0
0x001934aa	0x0011a288	UNCONDITIONAL_CALL	0
0x001934b2	0xStack[0x4]	READ	1
0x001934b8	0x00193418	CONDITIONAL_JUMP	0
0x001934be	0xStack[0x8]	READ	1
0x001934c1	0xStack[0x4]	READ	1
0x001934cc	0xStack[-0x14]	DATA	0
0x001934db	0xStack[0x4]	READ	1
0x001934f5	0x001e8b54	READ	1
0x001934fb	0xStack[-0x64]	WRITE	0
0x00193506	0x00193510	CONDITIONAL_JUMP	0
0x0019350e	0x0019351e	UNCONDITIONAL_JUMP	0
0x00193510	0xStack[-0x64]	READ	1
0x00193514	0x0018dc54	UNCONDITIONAL_CALL	0
0x0019351e	0x001e8758	READ	1
0x0019352c	0x00193558	CONDITIONAL_JUMP	0
0x0019352e	0xStack[0x8]	READ	1
0x0019353c	0x00193558	CONDITIONAL_JUMP	0
0x00193547	0xStack[-0x60]	WRITE	0
0x00193554	0x00193561	UNCONDITIONAL_JUMP	0
0x0019355e	0xStack[-0x60]	WRITE	0
0x00193561	0xStack[-0x60]	READ	1
0x00193567	0xStack[-0x5c]	WRITE	0
0x0019356a	0xStack[0x8]	READ	1
0x0019356d	0xStack[-0x10]	WRITE	0
0x00193573	0x0019357a	CONDITIONAL_JUMP	0
0x00193578	0x00193590	CONDITIONAL_JUMP	0
0x0019357a	0x001e875c	READ	1
0x00193582	0xStack[-0xc]	WRITE	0
0x0019358c	0x00193597	UNCONDITIONAL_JUMP	0
0x00193590	0xStack[-0xc]	WRITE	0
0x00193597	0xStack[-0x60]	READ	1
0x0019359a	0xStack[-0x8]	WRITE	0
0x0019359f	0xStack[-0x5c]	READ	1
0x001935a3	0xStack[-0x10]	DATA	0
0x001935a7	0x00189cec	UNCONDITIONAL_CALL	0
0x001935b1	0x001936e4	CONDITIONAL_JUMP	0
0x001935b7	0xStack[-0x64]	READ	1
0x001935c7	0x001935cb	CONDITIONAL_JUMP	0
0x001935cd	0x001935ec	CONDITIONAL_JUMP	0
0x001935d8	0x001935ec	CONDITIONAL_JUMP	0
0x001935e8	0x001935ee	UNCONDITIONAL_JUMP	0
0x001935f0	0x00193602	CONDITIONAL_JUMP	0
0x001935f6	0x00193602	CONDITIONAL_JUMP	0
0x00193602	0xStack[-0x58]	WRITE	0
0x00193605	0xStack[0xc]	READ	1
0x00193608	0xStack[-0x54]	WRITE	0
0x0019360e	0xStack[-0x50]	WRITE	0
0x00193614	0xStack[-0x4c]	WRITE	0
0x0019361a	0xStack[-0x48]	WRITE	0
0x00193620	0xStack[-0x44]	WRITE	0
0x00193626	0xStack[-0x40]	WRITE	0
0x0019362c	0xStack[-0x3c]	WRITE	0
0x00193632	0xStack[-0x38]	WRITE	0
0x00193638	0xStack[-0x34]	WRITE	0
0x0019363f	0xStack[-0x30]	WRITE	0
0x00193645	0xStack[-0x2c]	WRITE	0
0x0019364b	0xStack[-0x28]	WRITE	0
0x00193652	0xStack[-0x24]	WRITE	0
0x00193659	0x00193680	CONDITIONAL_JUMP	0
0x0019365f	0xStack[-0x20]	WRITE	0
0x00193666	0xStack[-0x1c]	WRITE	0
0x0019366d	0xStack[-0x18]	WRITE	0
0x00193674	0xStack[-0x14]	WRITE	0
0x0019367e	0x0019369b	UNCONDITIONAL_JUMP	0
0x00193684	0xStack[-0x20]	WRITE	0
0x0019368b	0xStack[-0x1c]	WRITE	0
0x00193692	0xStack[-0x18]	WRITE	0
0x00193698	0xStack[-0x14]	WRITE	0
0x0019369d	0xStack[-0x60]	READ	1
0x001936a1	0xStack[-0x58]	DATA	0
0x001936a5	0x00189cec	UNCONDITIONAL_CALL	0
0x001936af	0x001936e4	CONDITIONAL_JUMP	0
0x001936b1	0xStack[0x4]	READ	1
0x001936bd	0xStack[-0x5c]	READ	1
0x001936e0	0x00193720	UNCONDITIONAL_JUMP	0
0x001936e4	0x001e8758	READ	1
0x001936f0	0x001e8758	READ	1
0x001936fb	0x001e8758	READ	1
0x00193706	0x001e8758	READ	1
0x00193713	0x001e8758	READ	1
0x0019371b	0x00109870	UNCONDITIONAL_CALL	0
0x00193720	0xStack[-0x70]	DATA	0
0x00193735	0x001e875c	READ	1
0x0019373d	0xStack[-0x50]	WRITE	0
0x00193740	0x001e8b54	READ	1
0x00193746	0xStack[-0x54]	WRITE	0
0x00193751	0x0019375c	CONDITIONAL_JUMP	0
0x00193759	0x0019376a	UNCONDITIONAL_JUMP	0
0x0019375c	0xStack[-0x54]	READ	1
0x00193760	0x0018dc54	UNCONDITIONAL_CALL	0
0x0019376c	0xStack[-0x4c]	DATA	0
0x00193770	0xStack[-0x50]	READ	1
0x00193776	0x00189a5c	UNCONDITIONAL_CALL	0
0x0019377d	0x00193a49	CONDITIONAL_JUMP	0
0x00193783	0xStack[-0x1e]	READ	0
0x00193787	0x00193915	CONDITIONAL_JUMP	0
0x0019378d	0xStack[-0x18]	READ	1
0x00193796	0x00193a49	CONDITIONAL_JUMP	0
0x0019379f	0x001937b0	CONDITIONAL_JUMP	0
0x001937a7	0x00193a49	CONDITIONAL_JUMP	0
0x001937ad	0x001937e1	UNCONDITIONAL_JUMP	0
0x001937bc	0x00193a49	CONDITIONAL_JUMP	0
0x001937c8	0x00193a49	CONDITIONAL_JUMP	0
0x001937ce	0x001e19b0	READ	1
0x001937d3	0x001e18b5	DATA	1
0x001937db	0x00193a49	CONDITIONAL_JUMP	0
0x001937e1	0xStack[-0x14]	READ	1
0x001937ea	0x00193819	CONDITIONAL_JUMP	0
0x001937ef	0x00193819	CONDITIONAL_JUMP	0
0x001937ff	0x00193811	CONDITIONAL_JUMP	0
0x00193801	0x001e19b0	READ	1
0x00193806	0x001e18b5	DATA	1
0x0019380e	0x00193811	CONDITIONAL_JUMP	0
0x00193813	0x00193a49	CONDITIONAL_JUMP	0
0x00193819	0xStack[-0x10]	READ	1
0x00193822	0x00193851	CONDITIONAL_JUMP	0
0x00193827	0x00193851	CONDITIONAL_JUMP	0
0x00193837	0x00193849	CONDITIONAL_JUMP	0
0x00193839	0x001e19b0	READ	1
0x0019383e	0x001e18b5	DATA	1
0x00193846	0x00193849	CONDITIONAL_JUMP	0
0x0019384b	0x00193a49	CONDITIONAL_JUMP	0
0x00193851	0xStack[-0xc]	READ	1
0x0019385a	0x00193889	CONDITIONAL_JUMP	0
0x0019385f	0x00193889	CONDITIONAL_JUMP	0
0x0019386f	0x00193881	CONDITIONAL_JUMP	0
0x00193871	0x001e19b0	READ	1
0x00193876	0x001e18b5	DATA	1
0x0019387e	0x00193881	CONDITIONAL_JUMP	0
0x00193883	0x00193a49	CONDITIONAL_JUMP	0
0x00193889	0xStack[-0x8]	READ	1
0x00193892	0x001938c1	CONDITIONAL_JUMP	0
0x00193897	0x001938c1	CONDITIONAL_JUMP	0
0x001938a7	0x001938b9	CONDITIONAL_JUMP	0
0x001938a9	0x001e19b0	READ	1
0x001938ae	0x001e18b5	DATA	1
0x001938b6	0x001938b9	CONDITIONAL_JUMP	0
0x001938bb	0x00193a49	CONDITIONAL_JUMP	0
0x001938c1	0xStack[-0x24]	READ	1
0x001938ca	0x00193a49	CONDITIONAL_JUMP	0
0x001938d3	0x001938e4	CONDITIONAL_JUMP	0
0x001938db	0x00193a49	CONDITIONAL_JUMP	0
0x001938e1	0x00193915	UNCONDITIONAL_JUMP	0
0x001938f0	0x00193a49	CONDITIONAL_JUMP	0
0x001938fc	0x00193a49	CONDITIONAL_JUMP	0
0x00193902	0x001e19b0	READ	1
0x00193907	0x001e18b5	DATA	1
0x0019390f	0x00193a49	CONDITIONAL_JUMP	0
0x00193915	0x001e875c	READ	1
0x0019391e	0x001e8758	READ	1
0x00193923	0xStack[-0x4c]	READ	1
0x0019392f	0x001e8758	READ	1
0x00193936	0xStack[-0x48]	READ	1
0x00193942	0xStack[-0x44]	READ	1
0x00193948	0xStack[-0x40]	READ	1
0x0019394e	0xStack[-0x3c]	READ	1
0x00193954	0xStack[-0x38]	READ	1
0x0019395a	0xStack[-0x34]	READ	1
0x00193960	0xStack[-0x30]	READ	1
0x00193966	0xStack[-0x2c]	READ	1
0x0019396c	0xStack[-0x28]	READ	1
0x00193972	0xStack[-0x24]	READ	1
0x0019397a	0xStack[-0x20]	READ	1
0x0019398f	0xStack[-0x1c]	READ	1
0x00193995	0xStack[-0x18]	READ	1
0x0019399d	0xStack[-0x1e]	READ	0
0x001939a1	0x001939e4	CONDITIONAL_JUMP	0
0x001939ba	0xStack[-0x14]	READ	1
0x001939c2	0xStack[-0x10]	READ	1
0x001939ca	0xStack[-0xc]	READ	1
0x001939d2	0xStack[-0x8]	READ	1
0x001939e1	0x00193a03	UNCONDITIONAL_JUMP	0
0x001939e4	0xStack[-0x14]	READ	1
0x001939ec	0xStack[-0x10]	READ	1
0x001939f4	0xStack[-0xc]	READ	1
0x001939fc	0xStack[-0x8]	READ	1
0x00193a03	0xStack[-0x4c]	READ	0
0x00193a07	0x00193a49	CONDITIONAL_JUMP	0
0x00193a09	0xStack[-0x54]	READ	1
0x00193a19	0x00193a1d	CONDITIONAL_JUMP	0
0x00193a1f	0x00193a3c	CONDITIONAL_JUMP	0
0x00193a2a	0x00193a3c	CONDITIONAL_JUMP	0
0x00193a3a	0x00193a3e	UNCONDITIONAL_JUMP	0
0x00193a40	0x00193a49	CONDITIONAL_JUMP	0
0x00193a49	0xStack[-0x60]	DATA	0
0x00193a58	0xStack[0x4]	READ	1
0x00193a5b	0xStack[0x8]	READ	1
0x00193a5e	0xStack[0x10]	READ	1
0x00193a61	0xStack[0x14]	READ	1
0x00193a67	0x00193a70	CONDITIONAL_JUMP	0
0x00193a6c	0x00193a7c	CONDITIONAL_JUMP	0
0x00193a6e	0x00193a88	UNCONDITIONAL_JUMP	0
0x00193a78	0x00193a8c	UNCONDITIONAL_JUMP	0
0x00193a84	0x00193a8c	UNCONDITIONAL_JUMP	0
0x00193a8a	0x00193a91	UNCONDITIONAL_JUMP	0
0x00193a91	0xStack[-0x8]	READ	1
0x00193a9e	0x001f6e60	DATA	1
0x00193aa3	0x001f6e74	READ	1
0x00193aab	0x001e8b58	WRITE	0
0x00193ab1	0x001de690	READ	1
0x00193abb	0x001e9bf0	WRITE	0
0x00193ac1	0x001de69c	READ	1
0x00193acc	0x001e289c	READ	0
0x00193ad3	0x00193b03	CONDITIONAL_JUMP	0
0x00193ad5	0x001f63f4	READ	1
0x00193ae3	0x001f6ea4	READ	1
0x00193aed	0x001e289c	WRITE	0
0x00193af7	0x00193b03	CONDITIONAL_JUMP	0
0x00193af9	0x001e289c	WRITE	0
0x00193b03	0x001e289c	READ	0
0x00193b0a	0x00193b16	CONDITIONAL_JUMP	0
0x00193b0c	0x001e289c	WRITE	0
0x00193b1d	0x001e0d0c	READ	0
0x00193b23	0x001e289c	READ	1
0x00193b2c	0x001e28a4	WRITE	0
0x00193b31	0x001e8870	WRITE	0
0x00193b41	0x001e28a0	READ	0
0x00193b48	0x00193b58	CONDITIONAL_JUMP	0
0x00193b53	0x001e28a0	WRITE	0
0x00193b5e	0x00101600	UNCONDITIONAL_CALL	0
0x00193b64	0x001f63f0	READ	1
0x00193b6b	0x00190ca8	UNCONDITIONAL_CALL	0
0x00193b70	0x001f6e74	WRITE	0
0x00193b73	0xStack[-0x10]	DATA	0
0x00193b89	0x001e98bc	WRITE	0
0x00193b89	0x001e97d0	DATA	1
0x00193b93	0x001e9808	WRITE	0
0x00193b9c	0x00197514	UNCONDITIONAL_CALL	0
0x00193ba1	0x0010ca58	UNCONDITIONAL_CALL	0
0x00193ba6	0x001e5659	DATA	0
0x00193bab	0x0010c0d8	UNCONDITIONAL_CALL	0
0x00193bb0	0x001f63f4	READ	1
0x00193bc6	0xStack[-0x14]	WRITE	0
0x00193be4	0xStack[-0x14]	WRITE	0
0x00193be8	0x001e28ac	DATA	0
0x00193bed	0x0010c0d8	UNCONDITIONAL_CALL	0
0x00193bf2	0x001e89ec	READ	1
0x00193bf7	0xStack[0x4]	READ	1
0x00193bfa	0x001e89ec	READ	1
0x00193c04	0xStack[0x4]	WRITE	0
0x00193c0e	0xStack[0x4]	DATA	0
0x00193c16	0x00178b80	UNCONDITIONAL_CALL	0
0x00193c21	0x001e8de8	READ	1
0x00193c27	0x00174a90	UNCONDITIONAL_CALL	0
0x00193c2f	0xStack[0x4]	READ	1
0x00193c32	0xStack[-0x18]	WRITE	0
0x00193c3c	0xStack[-0x18]	READ	1
0x00193c40	0x001e8de8	READ	1
0x00193c46	0x001765ac	UNCONDITIONAL_CALL	0
0x00193c4b	0xStack[0x4]	READ	1
0x00193c4e	0x001e8874	WRITE	0
0x00193c54	0x001e289c	READ	1
0x00193c61	0x001e28a4	READ	1
0x00193c6a	0x001e289c	READ	0
0x00193c70	0xStack[-0xc]	WRITE	0
0x00193c73	0xStack[-0x1c]	WRITE	0
0x00193c76	0x001e89ec	READ	1
0x00193c7c	0xStack[-0x18]	WRITE	0
0x00193c7f	0x001e89ec	READ	1
0x00193c8e	0xStack[-0x8]	DATA	0
0x00193c92	0xStack[0x4]	DATA	0
0x00193c96	0x001e8de8	READ	1
0x00193c9d	0x00173fbc	UNCONDITIONAL_CALL	0
0x00193ca4	0x001f7b2c	WRITE	0
0x00193cb0	0xStack[0x4]	DATA	0
0x00193cb7	0x00178b80	UNCONDITIONAL_CALL	0
0x00193cc2	0x001f7b2c	READ	1
0x00193cc9	0x00174a90	UNCONDITIONAL_CALL	0
0x00193cd3	0x001e289c	READ	0
0x00193cd9	0x00193d28	CONDITIONAL_JUMP	0
0x00193cdb	0xStack[-0x1c]	READ	1
0x00193cdf	0xStack[-0x10]	WRITE	0
0x00193ce4	0xStack[-0xc]	READ	0
0x00193ce7	0x00193cf0	CONDITIONAL_JUMP	0
0x00193ce9	0xStack[-0x10]	READ	1
0x00193cec	0x00193cf3	UNCONDITIONAL_JUMP	0
0x00193cf0	0xStack[-0x1c]	READ	1
0x00193cf3	0x001e0d0c	READ	1
0x00193cfa	0x001e8874	READ	1
0x00193d05	0xStack[-0x14]	WRITE	0
0x00193d0a	0x001f7b2c	READ	1
0x00193d11	0x00175b2c	UNCONDITIONAL_CALL	0
0x00193d20	0x001e289c	READ	0
0x00193d26	0x00193ce4	CONDITIONAL_JUMP	0
0x00193d28	0x001f6ea4	READ	1
0x00193d2e	0x001e28a4	READ	1
0x00193d47	0xStack[-0x14]	WRITE	0
0x00193d56	0x00193d5e	CONDITIONAL_JUMP	0
0x00193d68	0x00193d70	CONDITIONAL_JUMP	0
0x00193d84	0x00193d8c	CONDITIONAL_JUMP	0
0x00193d8f	0xStack[-0x14]	WRITE	0
0x00193d94	0x001e289c	READ	1
0x00193d9b	0x001e28d2	DATA	0
0x00193da0	0x0010c0d8	UNCONDITIONAL_CALL	0
0x00193da5	0x001f6ea4	READ	1
0x00193dab	0x001f6e38	READ	1
0x00193db5	0x001f6e38	READ	1
0x00193dca	0xStack[-0x14]	WRITE	0
0x00193dd9	0x00193de1	CONDITIONAL_JUMP	0
0x00193deb	0x00193df3	CONDITIONAL_JUMP	0
0x00193e06	0x00193e0e	CONDITIONAL_JUMP	0
0x00193e15	0x001e290b	DATA	0
0x00193e1a	0x0010c0d8	UNCONDITIONAL_CALL	0
0x00193e24	0x001de694	READ	1
0x00193e2e	0x001e90d0	DATA	0
0x00193e33	0x001e91bc	DATA	0
0x00193e38	0x001e8de8	READ	1
0x00193e3f	0x00173fbc	UNCONDITIONAL_CALL	0
0x00193e46	0x001e8e20	WRITE	0
0x00193e4c	0xStack[-0x28]	DATA	0
0x00193e5e	0xStack[0x8]	READ	1
0x00193e61	0xStack[0xc]	READ	1
0x00193e6a	0x00193ebb	CONDITIONAL_JUMP	0
0x00193e6c	0x001e294a	DATA	0
0x00193e71	0x0010ca6c	UNCONDITIONAL_CALL	0
0x00193e7c	0xStack[0x4]	READ	1
0x00193e80	0x001f63f0	READ	1
0x00193e87	0x0018ec70	UNCONDITIONAL_CALL	0
0x00193e8f	0x001f63f0	READ	1
0x00193e96	0x0018ec70	UNCONDITIONAL_CALL	0
0x00193ea5	0xStack[0x4]	READ_WRITE	0
0x00193ebd	0x00193e7c	CONDITIONAL_JUMP	0
0x00193ec5	0xStack[-0x10]	DATA	0
0x00193ed6	0xStack[0x4]	READ	1
0x00193ed9	0xStack[0xc]	READ	1
0x00193ede	0xStack[0x8]	READ	1
0x00193ee1	0x001e89ec	READ	1
0x00193eec	0x00193f22	CONDITIONAL_JUMP	0
0x00193ef1	0x001f63f0	READ	1
0x00193ef8	0x0018ec70	UNCONDITIONAL_CALL	0
0x00193f02	0x00193f12	CONDITIONAL_JUMP	0
0x00193f08	0x00193f12	CONDITIONAL_JUMP	0
0x00193f0c	0x00193f18	CONDITIONAL_JUMP	0
0x00193f10	0x00193f18	CONDITIONAL_JUMP	0
0x00193f14	0x00193f27	UNCONDITIONAL_JUMP	0
0x00193f18	0x001e0d0c	READ	1
0x00193f20	0x00193ef0	CONDITIONAL_JUMP	0
0x00193f27	0xStack[-0x10]	DATA	0
0x00193f3d	0x00194890	UNCONDITIONAL_CALL	0
0x00193f47	0x001a5448	UNCONDITIONAL_CALL	0
0x00193f4c	0xStack[-0x14]	WRITE	0
0x00193f4f	0xStack[-0xc]	WRITE	0
0x00193f5c	0xStack[-0xc]	READ	1
0x00193f60	0x00194814	UNCONDITIONAL_CALL	0
0x00193f6a	0x00194004	CONDITIONAL_JUMP	0
0x00193f71	0x001f937c	READ	1
0x00193f77	0x00202648	DATA	0
0x00193f78	0x001f9d90	READ	1
0x00193f7e	0x001fe305	DATA	0
0x00193f7f	0x001ce960	UNCONDITIONAL_CALL	0
0x00193f84	0xStack[-0x10]	WRITE	0
0x00193f87	0x001e2a0b	DATA	0
0x00193f8c	0x001f9308	READ	1
0x00193f92	0x00202480	DATA	0
0x00193f93	0xStack[-0x10]	READ	1
0x00193f97	0x001ce960	UNCONDITIONAL_CALL	0
0x00193fa3	0x00193ffb	CONDITIONAL_JUMP	0
0x00193fa7	0x001e2a12	DATA	1
0x00193fb4	0x001e2a12	READ	0
0x00193fb4	0x001e2a13	READ	0
0x00193fb6	0x00193fe7	CONDITIONAL_JUMP	0
0x00193fb8	0x001e2a16	DATA	0
0x00193fbd	0x001f9308	READ	1
0x00193fc3	0x00202480	DATA	0
0x00193fc4	0xStack[-0x10]	READ	1
0x00193fc8	0x001ce960	UNCONDITIONAL_CALL	0
0x00193fce	0x001ced1c	UNCONDITIONAL_CALL	0
0x00193fd3	0xStack[-0x10]	READ	1
0x00193fd7	0x001f942c	READ	1
0x00193fdd	0x00201a8c	DATA	0
0x00193fdf	0x001ce960	UNCONDITIONAL_CALL	0
0x00193fe8	0x001f9314	READ	1
0x00193fee	0x00202494	DATA	0
0x00193fef	0xStack[-0x10]	READ	1
0x00193ff3	0x001ce960	UNCONDITIONAL_CALL	0
0x00193ffb	0xStack[-0xc]	READ_WRITE	0
0x00193ffe	0x00193f5c	UNCONDITIONAL_JUMP	0
0x00194004	0x001e2a20	DATA	0
0x00194009	0x001f930c	READ	1
0x0019400f	0x00201afc	DATA	0
0x00194010	0x001f9d8c	READ	1
0x00194016	0x001fe02d	DATA	0
0x00194017	0x001ce960	UNCONDITIONAL_CALL	0
0x0019401c	0x001f7b34	WRITE	0
0x00194026	0x00194047	CONDITIONAL_JUMP	0
0x00194028	0x001e2a25	DATA	0
0x0019402d	0x001e2a2a	DATA	0
0x00194032	0xStack[-0x14]	READ	1
0x00194036	0x0010c188	UNCONDITIONAL_CALL	0
0x0019403b	0xStack[-0x14]	READ	1
0x0019403f	0x0010ca6c	UNCONDITIONAL_CALL	0
0x00194049	0x001e2a46	DATA	0
0x0019404e	0x001f9310	READ	1
0x00194054	0x00201ad8	DATA	0
0x00194055	0x001f9d8c	READ	1
0x0019405b	0x001fe02d	DATA	0
0x0019405c	0x001ce960	UNCONDITIONAL_CALL	0
0x00194061	0x001f7b30	WRITE	0
0x00194066	0xStack[-0x8]	DATA	0
0x0019406c	0x00194720	UNCONDITIONAL_CALL	0
0x00194076	0x001940cc	CONDITIONAL_JUMP	0
0x00194078	0xStack[-0x8]	READ	1
0x0019407c	0x001e2a4b	DATA	0
0x00194081	0x0010c0d8	UNCONDITIONAL_CALL	0
0x00194092	0x00194720	UNCONDITIONAL_CALL	0
0x0019409c	0x001940b0	CONDITIONAL_JUMP	0
0x0019409e	0xStack[-0x8]	READ	1
0x001940a3	0x001e2a5e	DATA	0
0x001940a8	0x0010c0d8	UNCONDITIONAL_CALL	0
0x001940b4	0x00194090	CONDITIONAL_JUMP	0
0x001940b6	0x001e2a75	DATA	0
0x001940bb	0x0018cc74	UNCONDITIONAL_CALL	0
0x001940c0	0x001f7b38	WRITE	0
0x001940c7	0x001940dd	UNCONDITIONAL_JUMP	0
0x001940cc	0x001e2a7a	DATA	0
0x001940d1	0x0010c0d8	UNCONDITIONAL_CALL	0
0x001940d6	0x001f7b38	WRITE	0
0x001940e0	0x001f9430	READ	1
0x001940e6	0x002029b4	DATA	0
0x001940e7	0x001f9d68	READ	1
0x001940ed	0x001fdfcd	DATA	0
0x001940ee	0x001ce960	UNCONDITIONAL_CALL	0
0x001940f4	0x001e2a83	DATA	0
0x001940f9	0x0010c0d8	UNCONDITIONAL_CALL	0
0x001940fe	0xStack[-0xc]	WRITE	0
0x00194108	0xStack[-0xc]	READ	1
0x0019410c	0x00194814	UNCONDITIONAL_CALL	0
0x00194116	0x00194128	CONDITIONAL_JUMP	0
0x00194119	0x00194140	UNCONDITIONAL_CALL	0
0x00194121	0xStack[-0xc]	READ_WRITE	0
0x00194124	0x00194108	UNCONDITIONAL_JUMP	0
0x0019412d	0xStack[-0x14]	READ	1
0x00194131	0x001a5458	UNCONDITIONAL_CALL	0
0x00194136	0xStack[-0x20]	DATA	0
0x00194149	0xStack[0x4]	READ	1
0x0019414e	0xStack[-0x14]	WRITE	0
0x00194155	0xStack[-0x18]	WRITE	0
0x0019415c	0xStack[-0x24]	WRITE	0
0x00194165	0x001a5448	UNCONDITIONAL_CALL	0
0x0019416a	0xStack[-0x30]	WRITE	0
0x0019416e	0x001f937c	READ	1
0x00194173	0x00202648	DATA	0
0x00194174	0x001f9d90	READ	1
0x00194179	0x001fe305	DATA	0
0x0019417a	0x001ce960	UNCONDITIONAL_CALL	0
0x0019417f	0xStack[-0x10]	WRITE	0
0x00194182	0x001e2a99	DATA	0
0x00194187	0x001f9308	READ	1
0x0019418c	0x00202480	DATA	0
0x0019418d	0xStack[-0x10]	READ	1
0x00194191	0x001ce960	UNCONDITIONAL_CALL	0
0x00194196	0xStack[-0xc]	WRITE	0
0x00194199	0x001e2aa5	DATA	0
0x0019419e	0x001f9308	READ	1
0x001941a3	0x00202480	DATA	0
0x001941a4	0xStack[-0x10]	READ	1
0x001941a8	0x001ce960	UNCONDITIONAL_CALL	0
0x001941b4	0x001941cf	CONDITIONAL_JUMP	0
0x001941b6	0x001e2ab1	DATA	0
0x001941bb	0x001f9308	READ	1
0x001941c0	0x00202480	DATA	0
0x001941c1	0xStack[-0x10]	READ	1
0x001941c5	0x001ce960	UNCONDITIONAL_CALL	0
0x001941d0	0x001f935c	READ	1
0x001941d5	0x0020250c	DATA	0
0x001941d6	0x001f9210	READ	1
0x001941db	0x00201900	DATA	0
0x001941dc	0x001f9d98	READ	1
0x001941e1	0x001fe26b	DATA	0
0x001941e2	0x001ce960	UNCONDITIONAL_CALL	0
0x001941ed	0x001ce960	UNCONDITIONAL_CALL	0
0x001941f2	0xStack[-0x8]	WRITE	0
0x001941f7	0xStack[-0x24]	READ	1
0x00194204	0xStack[-0x38]	WRITE	0
0x00194209	0x001a5458	UNCONDITIONAL_CALL	0
0x0019420e	0x001e2abd	DATA	0
0x00194213	0x001f9308	READ	1
0x00194218	0x00202480	DATA	0
0x00194219	0xStack[-0x10]	READ	1
0x0019421d	0x001ce960	UNCONDITIONAL_CALL	0
0x00194222	0xStack[-0x2c]	WRITE	0
0x0019422a	0x00194231	CONDITIONAL_JUMP	0
0x0019422f	0x00194248	CONDITIONAL_JUMP	0
0x00194231	0x001e2ac6	DATA	1
0x00194231	0xStack[-0x28]	WRITE	0
0x00194238	0x0019424e	UNCONDITIONAL_JUMP	0
0x0019423c	0xStack[-0x20]	WRITE	0
0x00194243	0x00194570	UNCONDITIONAL_JUMP	0
0x00194248	0xStack[-0x2c]	READ	1
0x0019424b	0xStack[-0x28]	WRITE	0
0x0019424e	0xStack[-0x28]	READ	1
0x00194251	0x001e2ac6	DATA	0
0x00194252	0x001e2acb	DATA	0
0x00194257	0xStack[-0x30]	READ	1
0x0019425b	0x0010c188	UNCONDITIONAL_CALL	0
0x00194260	0xStack[-0x30]	READ	1
0x00194264	0x001ced1c	UNCONDITIONAL_CALL	0
0x00194269	0xStack[-0x34]	WRITE	0
0x00194271	0x00194282	CONDITIONAL_JUMP	0
0x00194273	0x001f7b34	READ	1
0x00194278	0xStack[-0x34]	WRITE	0
0x0019427b	0x001e2ad5	DATA	1
0x0019427b	0xStack[-0x28]	WRITE	0
0x00194282	0xStack[-0x20]	WRITE	0
0x00194289	0xStack[-0x1c]	WRITE	0
0x00194290	0x001f92d8	READ	1
0x00194295	0x0020223c	DATA	0
0x00194296	0xStack[-0x8]	READ	1
0x0019429a	0x001ce960	UNCONDITIONAL_CALL	0
0x001942a4	0xStack[-0x1c]	READ	0
0x001942a7	0x00194570	CONDITIONAL_JUMP	0
0x001942ad	0xStack[-0x1c]	READ	1
0x001942b1	0x001f9434	READ	1
0x001942b6	0x00202500	DATA	0
0x001942b7	0xStack[-0x8]	READ	1
0x001942bb	0x001ce960	UNCONDITIONAL_CALL	0
0x001942c3	0x001ced1c	UNCONDITIONAL_CALL	0
0x001942cf	0x00194628	CONDITIONAL_JUMP	0
0x001942d5	0xStack[-0x24]	READ	0
0x001942d9	0x00194345	CONDITIONAL_JUMP	0
0x001942db	0xStack[-0xc]	READ	0
0x001942df	0x00194341	CONDITIONAL_JUMP	0
0x001942e1	0xStack[-0xc]	READ	1
0x001942e5	0x001f9428	READ	1
0x001942ea	0x00202994	DATA	0
0x001942eb	0x001f9d68	READ	1
0x001942f0	0x001fdfcd	DATA	0
0x001942f1	0x001ce960	UNCONDITIONAL_CALL	0
0x001942fe	0x00194305	CONDITIONAL_JUMP	0
0x0019430b	0x00194334	CONDITIONAL_JUMP	0
0x0019430e	0xStack[-0xc]	READ	1
0x00194312	0x001e29ad	DATA	0
0x00194317	0x001a5514	UNCONDITIONAL_CALL	0
0x0019431c	0xStack[-0xc]	READ	1
0x00194320	0x001e29e8	DATA	0
0x00194325	0x001a5514	UNCONDITIONAL_CALL	0
0x0019432f	0x00194339	UNCONDITIONAL_JUMP	0
0x0019433b	0x00194644	CONDITIONAL_JUMP	0
0x00194341	0xStack[-0x24]	WRITE	0
0x00194345	0xStack[-0x10]	READ	1
0x00194349	0x001f9438	READ	1
0x0019434e	0x00201a98	DATA	0
0x0019434f	0xStack[-0x34]	READ	1
0x00194353	0x001ce960	UNCONDITIONAL_CALL	0
0x0019435f	0x0019423c	CONDITIONAL_JUMP	0
0x00194365	0x001f943c	READ	1
0x0019436a	0x002029c8	DATA	0
0x0019436c	0x001ce960	UNCONDITIONAL_CALL	0
0x00194378	0x00194388	CONDITIONAL_JUMP	0
0x0019437d	0x0019450c	CONDITIONAL_JUMP	0
0x00194383	0x001944a4	UNCONDITIONAL_JUMP	0
0x00194388	0xStack[-0x10]	READ	1
0x0019438c	0x001f9440	READ	1
0x00194391	0x00201ab4	DATA	0
0x00194392	0xStack[-0x34]	READ	1
0x00194396	0x001ce960	UNCONDITIONAL_CALL	0
0x001943a2	0x00194608	CONDITIONAL_JUMP	0
0x001943a8	0x001f9444	READ	1
0x001943ad	0x00202430	DATA	0
0x001943af	0x001ce960	UNCONDITIONAL_CALL	0
0x001943bb	0x001943d2	CONDITIONAL_JUMP	0
0x001943bd	0x001f7b30	READ	1
0x001943c3	0x001f9448	READ	1
0x001943c8	0x00202434	DATA	0
0x001943ca	0x001ce960	UNCONDITIONAL_CALL	0
0x001943d3	0x001f944c	READ	1
0x001943d8	0x00201bc8	DATA	0
0x001943d9	0x001f9444	READ	1
0x001943de	0x00202430	DATA	0
0x001943e0	0x001ce960	UNCONDITIONAL_CALL	0
0x001943eb	0x001ce960	UNCONDITIONAL_CALL	0
0x001943f7	0x00194610	CONDITIONAL_JUMP	0
0x001943fe	0x001f9450	READ	1
0x00194403	0x00202220	DATA	0
0x00194404	0x001f9210	READ	1
0x00194409	0x00201900	DATA	0
0x0019440a	0x001f9d9c	READ	1
0x0019440f	0x001fe1cb	DATA	0
0x00194410	0x001ce960	UNCONDITIONAL_CALL	0
0x0019441b	0x001ce960	UNCONDITIONAL_CALL	0
0x00194420	0xStack[-0x14]	WRITE	0
0x00194428	0x00194618	CONDITIONAL_JUMP	0
0x0019442f	0x001f9454	READ	1
0x00194434	0x00202450	DATA	0
0x00194436	0x001ce960	UNCONDITIONAL_CALL	0
0x0019443b	0xStack[-0x28]	READ	1
0x0019443e	0x001e2ad5	DATA	0
0x0019443f	0x001e2be6	DATA	0
0x00194444	0xStack[-0x30]	READ	1
0x00194448	0x0010c188	UNCONDITIONAL_CALL	0
0x0019444d	0xStack[-0x30]	READ	1
0x00194451	0x001ced1c	UNCONDITIONAL_CALL	0
0x00194459	0x001f9458	READ	1
0x0019445e	0x002029d4	DATA	0
0x0019445f	0x001f9210	READ	1
0x00194464	0x00201900	DATA	0
0x00194466	0x001ce960	UNCONDITIONAL_CALL	0
0x00194471	0x001ce960	UNCONDITIONAL_CALL	0
0x00194476	0xStack[-0x18]	WRITE	0
0x0019447e	0x00194644	CONDITIONAL_JUMP	0
0x00194484	0xStack[-0x14]	READ	1
0x00194488	0x00181ce8	UNCONDITIONAL_CALL	0
0x00194490	0x001f945c	READ	1
0x00194495	0x002029e8	DATA	0
0x00194496	0xStack[-0x18]	READ	1
0x0019449a	0x001ce960	UNCONDITIONAL_CALL	0
0x001944a2	0x00194518	UNCONDITIONAL_JUMP	0
0x001944a4	0xStack[-0x10]	READ	1
0x001944a8	0x001f9290	READ	1
0x001944ad	0x00201e90	DATA	0
0x001944ae	0x001f9210	READ	1
0x001944b3	0x00201900	DATA	0
0x001944b4	0x001f9d78	READ	1
0x001944b9	0x001fe0d3	DATA	0
0x001944ba	0x001ce960	UNCONDITIONAL_CALL	0
0x001944c5	0x001ce960	UNCONDITIONAL_CALL	0
0x001944d1	0x00194644	CONDITIONAL_JUMP	0
0x001944d8	0x001f9458	READ	1
0x001944dd	0x002029d4	DATA	0
0x001944de	0x001f9210	READ	1
0x001944e3	0x00201900	DATA	0
0x001944e4	0x001f9da0	READ	1
0x001944e9	0x001fe42f	DATA	0
0x001944ea	0x001ce960	UNCONDITIONAL_CALL	0
0x001944f5	0x001ce960	UNCONDITIONAL_CALL	0
0x001944fa	0xStack[-0x18]	WRITE	0
0x00194502	0x00194644	CONDITIONAL_JUMP	0
0x00194508	0x00194518	UNCONDITIONAL_JUMP	0
0x0019450d	0x001e2bfc	DATA	0
0x00194512	0x0019461e	UNCONDITIONAL_JUMP	0
0x00194518	0x001f9460	READ	1
0x0019451d	0x002029f8	DATA	0
0x0019451e	0x001f9464	READ	1
0x00194523	0x00202a00	DATA	0
0x00194525	0x001ce960	UNCONDITIONAL_CALL	0
0x00194531	0x00194544	CONDITIONAL_JUMP	0
0x00194534	0x001e2c17	DATA	0
0x00194539	0x001a5514	UNCONDITIONAL_CALL	0
0x00194541	0x00194566	UNCONDITIONAL_JUMP	0
0x00194544	0xStack[-0x18]	READ	1
0x00194549	0x001f922c	READ	1
0x0019454e	0x00201944	DATA	0
0x0019454f	0x001f9d68	READ	1
0x00194554	0x001fdfcd	DATA	0
0x00194555	0x001ce960	UNCONDITIONAL_CALL	0
0x00194561	0x00194566	CONDITIONAL_JUMP	0
0x00194563	0xStack[-0x20]	READ_WRITE	0
0x00194566	0xStack[-0x1c]	READ_WRITE	0
0x00194569	0x00194290	UNCONDITIONAL_JUMP	0
0x00194575	0xStack[-0x30]	READ	1
0x00194579	0x001a5458	UNCONDITIONAL_CALL	0
0x0019457e	0x001f921c	READ	1
0x00194583	0x00201920	DATA	0
0x00194584	0xStack[-0x8]	READ	1
0x00194588	0x001ce960	UNCONDITIONAL_CALL	0
0x00194590	0xStack[-0xc]	READ	0
0x00194594	0x001945ac	CONDITIONAL_JUMP	0
0x00194596	0xStack[-0xc]	READ	1
0x0019459a	0x001f9314	READ	1
0x0019459f	0x00202494	DATA	0
0x001945a0	0xStack[-0x10]	READ	1
0x001945a4	0x001ce960	UNCONDITIONAL_CALL	0
0x001945ac	0xStack[-0x2c]	READ	0
0x001945b0	0x001945c8	CONDITIONAL_JUMP	0
0x001945b2	0xStack[-0x2c]	READ	1
0x001945b6	0x001f9314	READ	1
0x001945bb	0x00202494	DATA	0
0x001945bc	0xStack[-0x10]	READ	1
0x001945c0	0x001ce960	UNCONDITIONAL_CALL	0
0x001945c8	0xStack[-0x20]	READ	0
0x001945cc	0x001945d8	CONDITIONAL_JUMP	0
0x001945d3	0x001946d6	UNCONDITIONAL_JUMP	0
0x001945d8	0x001f921c	READ	1
0x001945dd	0x00201920	DATA	0
0x001945de	0xStack[-0x10]	READ	1
0x001945e2	0x001ce960	UNCONDITIONAL_CALL	0
0x001945e7	0x001f921c	READ	1
0x001945ec	0x00201920	DATA	0
0x001945ed	0xStack[-0x18]	READ	1
0x001945f1	0x001ce960	UNCONDITIONAL_CALL	0
0x001945f6	0x001f921c	READ	1
0x001945fb	0x00201920	DATA	0
0x001945fd	0x001ce960	UNCONDITIONAL_CALL	0
0x00194602	0x001946c5	UNCONDITIONAL_JUMP	0
0x00194609	0x001e2b30	DATA	0
0x0019460e	0x0019461e	UNCONDITIONAL_JUMP	0
0x00194611	0x001e2b6a	DATA	0
0x00194616	0x0019461e	UNCONDITIONAL_JUMP	0
0x00194619	0x001e2ba6	DATA	0
0x0019461e	0x001a5514	UNCONDITIONAL_CALL	0
0x00194626	0x00194644	UNCONDITIONAL_JUMP	0
0x00194629	0x001e2ada	DATA	0
0x0019462e	0x001a5514	UNCONDITIONAL_CALL	0
0x00194633	0xStack[-0xc]	READ	1
0x00194637	0x001e2b0d	DATA	0
0x0019463c	0x001a5514	UNCONDITIONAL_CALL	0
0x00194644	0xStack[-0xc]	READ	0
0x00194648	0x00194660	CONDITIONAL_JUMP	0
0x0019464a	0xStack[-0xc]	READ	1
0x0019464e	0x001f9314	READ	1
0x00194653	0x00202494	DATA	0
0x00194654	0xStack[-0x10]	READ	1
0x00194658	0x001ce960	UNCONDITIONAL_CALL	0
0x00194660	0xStack[-0x2c]	READ	0
0x00194664	0x0019467c	CONDITIONAL_JUMP	0
0x00194666	0xStack[-0x2c]	READ	1
0x0019466a	0x001f9314	READ	1
0x0019466f	0x00202494	DATA	0
0x00194670	0xStack[-0x10]	READ	1
0x00194674	0x001ce960	UNCONDITIONAL_CALL	0
0x0019467c	0xStack[-0x10]	READ	0
0x00194680	0x00194694	CONDITIONAL_JUMP	0
0x00194682	0x001f921c	READ	1
0x00194687	0x00201920	DATA	0
0x00194688	0xStack[-0x10]	READ	1
0x0019468c	0x001ce960	UNCONDITIONAL_CALL	0
0x00194694	0xStack[-0x18]	READ	0
0x00194698	0x001946ac	CONDITIONAL_JUMP	0
0x0019469a	0x001f921c	READ	1
0x0019469f	0x00201920	DATA	0
0x001946a0	0xStack[-0x18]	READ	1
0x001946a4	0x001ce960	UNCONDITIONAL_CALL	0
0x001946ae	0x001946bf	CONDITIONAL_JUMP	0
0x001946b0	0x001f921c	READ	1
0x001946b5	0x00201920	DATA	0
0x001946b7	0x001ce960	UNCONDITIONAL_CALL	0
0x001946bf	0xStack[-0x14]	READ	0
0x001946c3	0x001946d4	CONDITIONAL_JUMP	0
0x001946c5	0x001f921c	READ	1
0x001946ca	0x00201920	DATA	0
0x001946cb	0xStack[-0x14]	READ	1
0x001946cf	0x001ce960	UNCONDITIONAL_CALL	0
0x001946d6	0xStack[-0x44]	DATA	0
0x001946e3	0x001e7744	READ	0
0x001946ea	0x00194715	CONDITIONAL_JUMP	0
0x001946ee	0x001e2c54	DATA	0
0x001946f8	0x00101efc	UNCONDITIONAL_CALL	0
0x001946ff	0x0019470b	CONDITIONAL_JUMP	0
0x00194701	0x001e2c50	WRITE	0
0x0019470b	0x001e7744	WRITE	0
0x00194715	0x001e2c50	READ	1
0x00194726	0xStack[0x8]	READ	1
0x0019472b	0x001e7744	READ	0
0x00194732	0x00194760	CONDITIONAL_JUMP	0
0x00194736	0x001e2c54	DATA	0
0x00194740	0x00101efc	UNCONDITIONAL_CALL	0
0x0019474a	0x00194756	CONDITIONAL_JUMP	0
0x0019474c	0x001e2c50	WRITE	0
0x00194756	0x001e7744	WRITE	0
0x00194760	0x001e2c50	READ	0
0x00194767	0x001947b8	CONDITIONAL_JUMP	0
0x00194769	0xStack[0x4]	READ	1
0x0019477a	0x0018c9dc	UNCONDITIONAL_CALL	0
0x00194788	0x0018c9dc	UNCONDITIONAL_CALL	0
0x00194796	0x0018c9dc	UNCONDITIONAL_CALL	0
0x001947a4	0x0018c9dc	UNCONDITIONAL_CALL	0
0x001947ae	0x001947b8	CONDITIONAL_JUMP	0
0x001947b5	0x001947ba	UNCONDITIONAL_JUMP	0
0x001947ba	0xStack[-0x10]	DATA	0
0x001947c8	0xStack[0x4]	READ	1
0x001947cf	0x00194140	UNCONDITIONAL_CALL	0
0x001947d7	0x001f9220	READ	1
0x001947dd	0x00201928	DATA	0
0x001947e1	0x001ce960	UNCONDITIONAL_CALL	0
0x001947e8	0x001f9224	READ	1
0x001947ee	0x00201930	DATA	0
0x001947f2	0x001ce960	UNCONDITIONAL_CALL	0
0x001947f7	0x001a9220	UNCONDITIONAL_CALL	0
0x001947fc	0xStack[-0x8]	READ	1
0x00194822	0xStack[-0x8]	WRITE	0
0x00194829	0x000134fc	READ	0
0x00194830	0x00194840	CONDITIONAL_JUMP	0
0x00194832	0x001e2cb7	DATA	0
0x00194837	0x001a5514	UNCONDITIONAL_CALL	0
0x0019483e	0x00194884	UNCONDITIONAL_JUMP	0
0x00194842	0xStack[0x4]	READ	0
0x00194845	0x00194882	CONDITIONAL_JUMP	0
0x00194852	0x000134fc	READ	0
0x00194852	0x000134fd	READ	0
0x00194852	0x000134fe	READ	0
0x00194856	0xStack[-0xc]	WRITE	0
0x0019485c	0xStack[-0x8]	READ	1
0x00194863	0xStack[-0x8]	WRITE	0
0x0019486a	0x00194878	CONDITIONAL_JUMP	0
0x00194871	0x00194878	CONDITIONAL_JUMP	0
0x00194873	0x000134fd	READ	0
0x00194873	0x000134ff	READ	0
0x00194876	0x0019487c	CONDITIONAL_JUMP	0
0x0019487a	0x00194884	UNCONDITIONAL_JUMP	0
0x0019487d	0xStack[0x4]	READ	0
0x00194880	0x00194848	CONDITIONAL_JUMP	0
0x00194882	0x000134fd	DATA	0
0x00194882	0x000134fc	DATA	0
0x00194884	0xStack[-0x18]	DATA	0
0x0019489d	0x00011154	READ	0
0x001948a3	0x001948ec	CONDITIONAL_JUMP	0
0x001948a8	0x00011168	READ	1
0x001948a8	0x00011170	READ	1
0x001948af	0x001e2ce4	DATA	0
0x001948b4	0x001e2cea	DATA	0
0x001948ba	0x0015c38c	UNCONDITIONAL_CALL	0
0x001948c4	0x001948d6	CONDITIONAL_JUMP	0
0x001948ce	0x00101600	UNCONDITIONAL_CALL	0
0x001948d9	0x001ce0cc	UNCONDITIONAL_CALL	0
0x001948e2	0x00011154	READ	1
0x001948ea	0x001948a8	CONDITIONAL_JUMP	0
0x001948ec	0xStack[-0x10]	DATA	0
0x00194901	0xStack[0x4]	READ	1
0x00194905	0xStack[-0x8]	WRITE	0
0x00194909	0x001e98bc	READ	1
0x00194910	0x00111b58	UNCONDITIONAL_CALL	0
0x00194917	0x001e98bc	READ	1
0x00194920	0xStack[-0xc]	WRITE	0
0x00194924	0x001e8758	READ	1
0x00194930	0x00107898	UNCONDITIONAL_CALL	0
0x0019493e	0x001949d0	CONDITIONAL_JUMP	0
0x0019494d	0x00194a5b	CONDITIONAL_JUMP	0
0x00194957	0x00194a5b	CONDITIONAL_JUMP	0
0x00194961	0x00194a5b	CONDITIONAL_JUMP	0
0x0019496b	0x00194a5b	CONDITIONAL_JUMP	0
0x00194971	0x001e8758	READ	1
0x00194976	0x001e98bc	READ	1
0x00194982	0x001e8758	READ	1
0x00194987	0xStack[-0x8]	READ	1
0x001949a1	0x001e98bc	READ	1
0x001949b0	0x001e98bc	READ	1
0x001949c8	0x00194a5b	UNCONDITIONAL_JUMP	0
0x001949d4	0x00194a5b	CONDITIONAL_JUMP	0
0x001949da	0x001e8758	READ	1
0x001949df	0x001e98bc	READ	1
0x001949eb	0x001e8758	READ	1
0x001949f0	0xStack[-0x8]	READ	1
0x00194a0a	0x001e98bc	READ	1
0x00194a13	0x001e98bc	READ	1
0x00194a1f	0x00194a48	CONDITIONAL_JUMP	0
0x00194a29	0x00107504	UNCONDITIONAL_CALL	0
0x00194a34	0x001e98bc	READ	1
0x00194a45	0x00194a58	UNCONDITIONAL_JUMP	0
0x00194a4c	0x00194a5b	CONDITIONAL_JUMP	0
0x00194a53	0x00107504	UNCONDITIONAL_CALL	0
0x00194a5b	0xStack[-0xc]	READ	1
0x00194a6a	0xStack[0x8]	READ	1
0x00194a6e	0xStack[-0xc]	READ	1
0x00194a73	0x001e2f38	DATA	1
0x00194a7c	0xStack[-0x18]	DATA	0
0x00194a8c	0x001e98bc	READ	1
0x00194a9c	0xStack[0x8]	READ	1
0x00194aa5	0x001e2f40	DATA	1
0x00194aae	0xStack[-0x8]	READ	1
0x00194abc	0x001e98bc	READ	1
0x00194acc	0xStack[0x8]	READ	1
0x00194ad5	0x001e2f44	DATA	1
0x00194ade	0xStack[-0x8]	READ	1
0x00194aed	0xStack[0x8]	READ	1
0x00194af6	0x00194b40	CONDITIONAL_JUMP	0
0x00194af8	0x001e8758	READ	1
0x00194b04	0x00107898	UNCONDITIONAL_CALL	0
0x00194b0b	0x001e98bc	WRITE	0
0x00194b0b	0x001e97d0	DATA	1
0x00194b1e	0x00194b33	CONDITIONAL_JUMP	0
0x00194b3c	0x00194b67	UNCONDITIONAL_JUMP	0
0x00194b40	0x001e98bc	READ	1
0x00194b50	0xStack[0x10]	READ	1
0x00194b54	0xStack[0xc]	READ	1
0x00194b5e	0x001e2f48	DATA	1
0x00194b67	0xStack[-0xc]	DATA	0
0x00194b74	0x001e98bc	READ	1
0x00194b84	0xStack[0x8]	READ	1
0x00194b8d	0x001e2f54	DATA	1
0x00194b96	0xStack[-0x8]	READ	1
0x00194ba3	0x001e98bc	READ	1
0x00194bb8	0x001e2f5c	DATA	1
0x00194bcb	0x001e98bc	READ	1
0x00194bdb	0xStack[0x4]	READ	1
0x00194be5	0x001e2f60	DATA	1
0x00194bf9	0xStack[0x8]	READ	1
0x00194bfd	0xStack[0x4]	READ	1
0x00194c02	0x00194c24	UNCONDITIONAL_CALL	0
0x00194c11	0xStack[0x8]	READ	1
0x00194c15	0xStack[0x4]	READ	1
0x00194c1a	0x00194c24	UNCONDITIONAL_CALL	0
0x00194c2d	0xStack[0x4]	READ	1
0x00194c33	0xStack[0x8]	READ	1
0x00194c3a	0x00194ddb	CONDITIONAL_JUMP	0
0x00194c42	0xStack[-0x10]	WRITE	0
0x00194c48	0xStack[0x8]	READ	1
0x00194c52	0x00194c7c	CONDITIONAL_JUMP	0
0x00194c63	0x00194dca	CONDITIONAL_JUMP	0
0x00194c69	0x001e36a0	DATA	0
0x00194c6e	0x0010ca6c	UNCONDITIONAL_CALL	0
0x00194c7c	0xStack[-0x10]	READ	0
0x00194c81	0x00194d74	CONDITIONAL_JUMP	0
0x00194c87	0x00194c98	CONDITIONAL_JUMP	0
0x00194c89	0xStack[-0x10]	READ	0
0x00194c8e	0x00194ca8	CONDITIONAL_JUMP	0
0x00194c90	0x00194db8	UNCONDITIONAL_JUMP	0
0x00194c98	0xStack[-0x10]	READ	0
0x00194c9d	0x00194db0	CONDITIONAL_JUMP	0
0x00194ca3	0x00194db8	UNCONDITIONAL_JUMP	0
0x00194ca8	0x001e89ec	READ	1
0x00194cb0	0xStack[0x8]	READ	1
0x00194cba	0x001f63f4	READ	0
0x00194cc0	0x00194ded	CONDITIONAL_JUMP	0
0x00194cc6	0x0018b964	UNCONDITIONAL_CALL	0
0x00194ccb	0xStack[-0xc]	WRITE	0
0x00194cce	0x001e8de8	READ	1
0x00194cd4	0xStack[-0x14]	WRITE	0
0x00194cda	0xStack[-0x8]	WRITE	0
0x00194cdf	0x001e0d0c	READ	1
0x00194ce6	0xStack[-0x8]	DATA	0
0x00194cee	0xStack[-0x14]	READ	1
0x00194cf2	0x00174a90	UNCONDITIONAL_CALL	0
0x00194cfc	0x00194de4	CONDITIONAL_JUMP	0
0x00194d07	0xStack[-0x8]	READ	1
0x00194d0b	0x001e8de8	READ	1
0x00194d14	0x0019065c	UNCONDITIONAL_CALL	0
0x00194d19	0xStack[0x8]	READ	1
0x00194d27	0x001e0d0c	READ	1
0x00194d2f	0x0010cd2c	UNCONDITIONAL_CALL	0
0x00194d36	0xStack[0x8]	READ	1
0x00194d3a	0xStack[0xc]	READ	1
0x00194d3f	0xStack[-0x8]	READ	1
0x00194d43	0x0010a384	UNCONDITIONAL_CALL	0
0x00194d4d	0xStack[-0x8]	READ	1
0x00194d52	0x001e0d0c	READ	1
0x00194d5a	0x001e8de8	READ	1
0x00194d61	0x001765ac	UNCONDITIONAL_CALL	0
0x00194d66	0xStack[-0xc]	READ	1
0x00194d6a	0x0018b544	UNCONDITIONAL_CALL	0
0x00194d72	0x00194dca	UNCONDITIONAL_JUMP	0
0x00194d76	0xStack[0xc]	READ	0
0x00194d84	0xStack[0x8]	READ	1
0x00194d8b	0x00193ed0	UNCONDITIONAL_CALL	0
0x00194d95	0x00194ded	CONDITIONAL_JUMP	0
0x00194d97	0xStack[0x8]	READ	1
0x00194d9b	0xStack[0xc]	READ	1
0x00194da4	0x0010a384	UNCONDITIONAL_CALL	0
0x00194dae	0x00194dca	UNCONDITIONAL_JUMP	0
0x00194db0	0xStack[0xc]	READ	0
0x00194db4	0x00194de0	CONDITIONAL_JUMP	0
0x00194dba	0x00194ddb	CONDITIONAL_JUMP	0
0x00194dc1	0xStack[0x8]	READ	1
0x00194dca	0xStack[0x8]	READ	1
0x00194dd1	0x00194ddb	CONDITIONAL_JUMP	0
0x00194dd5	0x00194c48	CONDITIONAL_JUMP	0
0x00194ddd	0x00194df2	UNCONDITIONAL_JUMP	0
0x00194de2	0x00194df2	UNCONDITIONAL_JUMP	0
0x00194de4	0xStack[-0xc]	READ	1
0x00194de8	0x0018b544	UNCONDITIONAL_CALL	0
0x00194df2	0xStack[-0x20]	DATA	0
0x00194e00	0xStack[0x4]	READ	1
0x00194e03	0xStack[0x8]	READ	1
0x00194e06	0xStack[0xc]	READ	1
0x00194e15	0xStack[0x4]	READ	1
0x00194e18	0xStack[0x8]	READ	1
0x00194e1b	0xStack[0xc]	READ	1
0x00194e2d	0xStack[0x4]	READ	1
0x00194e30	0xStack[0x8]	READ	1
0x00194e33	0xStack[0xc]	READ	1
0x00194e4b	0x0018ca18	UNCONDITIONAL_CALL	0
0x00194e54	0x0018ca18	UNCONDITIONAL_CALL	0
0x00194e5d	0x0018ca18	UNCONDITIONAL_CALL	0
0x00194e66	0x0018ca18	UNCONDITIONAL_CALL	0
0x00194e75	0xStack[0x4]	READ	1
0x00194e78	0x001e36a8	READ	0
0x00194e7f	0x00194eb2	CONDITIONAL_JUMP	0
0x00194e85	0x0018ca18	UNCONDITIONAL_CALL	0
0x00194e8e	0x0018ca18	UNCONDITIONAL_CALL	0
0x00194e97	0x0018ca18	UNCONDITIONAL_CALL	0
0x00194ea0	0x0018ca18	UNCONDITIONAL_CALL	0
0x00194ea8	0x001e36a8	WRITE	0
0x00194eb6	0x0018ca18	UNCONDITIONAL_CALL	0
0x00194ebd	0x0018c9dc	UNCONDITIONAL_CALL	0
0x00194ec9	0x0018ca18	UNCONDITIONAL_CALL	0
0x00194ed3	0x0018c9dc	UNCONDITIONAL_CALL	0
0x00194edd	0x00194ec5	CONDITIONAL_JUMP	0
0x00194ee7	0x0018ca18	UNCONDITIONAL_CALL	0
0x00194eee	0x0018c9dc	UNCONDITIONAL_CALL	0
0x00194efd	0x00194ee4	CONDITIONAL_JUMP	0
0x00194f01	0xStack[-0xc]	DATA	0
0x00194f14	0xStack[0x4]	READ	1
0x00194f17	0x001e36a8	READ	0
0x00194f1e	0x00194f51	CONDITIONAL_JUMP	0
0x00194f24	0x0018ca18	UNCONDITIONAL_CALL	0
0x00194f2d	0x0018ca18	UNCONDITIONAL_CALL	0
0x00194f36	0x0018ca18	UNCONDITIONAL_CALL	0
0x00194f3f	0x0018ca18	UNCONDITIONAL_CALL	0
0x00194f47	0x001e36a8	WRITE	0
0x00194f55	0x0018ca18	UNCONDITIONAL_CALL	0
0x00194f5c	0x0018c9dc	UNCONDITIONAL_CALL	0
0x00194f61	0xStack[-0x8]	WRITE	0
0x00194f68	0x0018ca18	UNCONDITIONAL_CALL	0
0x00194f6d	0xStack[-0x8]	READ	1
0x00194f7a	0x0018ca18	UNCONDITIONAL_CALL	0
0x00194f87	0x0018ca18	UNCONDITIONAL_CALL	0
0x00194f93	0x0018ca18	UNCONDITIONAL_CALL	0
0x00194f9f	0x00194f84	CONDITIONAL_JUMP	0
0x00194fa5	0x0018ca18	UNCONDITIONAL_CALL	0
0x00194faa	0xStack[0x8]	READ	1
0x00194fb0	0x0018ca18	UNCONDITIONAL_CALL	0
0x00194fb9	0x0018ca18	UNCONDITIONAL_CALL	0
0x00194fbe	0xStack[-0x8]	READ	1
0x00194fc7	0x0018ca18	UNCONDITIONAL_CALL	0
0x00194fcc	0xStack[-0x10]	DATA	0
0x00194fe0	0xStack[0x4]	READ	0
0x00194fe4	0x00194feb	CONDITIONAL_JUMP	0
0x00194ff3	0xStack[0x4]	READ	1
0x00195013	0xStack[0x4]	READ	1
0x0019503b	0x0018bd98	UNCONDITIONAL_CALL	0
0x00195040	0xStack[-0x24]	WRITE	0
0x00195043	0xStack[-0x14]	DATA	0
0x00195046	0xStack[-0x28]	WRITE	0
0x00195049	0x001e36a8	READ	0
0x00195050	0x00195083	CONDITIONAL_JUMP	0
0x00195056	0x0018ca18	UNCONDITIONAL_CALL	0
0x0019505f	0x0018ca18	UNCONDITIONAL_CALL	0
0x00195068	0x0018ca18	UNCONDITIONAL_CALL	0
0x00195071	0x0018ca18	UNCONDITIONAL_CALL	0
0x00195079	0x001e36a8	WRITE	0
0x00195087	0x0018ca18	UNCONDITIONAL_CALL	0
0x0019508e	0x0018c9dc	UNCONDITIONAL_CALL	0
0x0019509a	0x0018ca18	UNCONDITIONAL_CALL	0
0x001950a4	0x0018c9dc	UNCONDITIONAL_CALL	0
0x001950ae	0x00195096	CONDITIONAL_JUMP	0
0x001950b7	0x0018ca18	UNCONDITIONAL_CALL	0
0x001950be	0x0018c9dc	UNCONDITIONAL_CALL	0
0x001950c3	0xStack[-0x28]	READ	1
0x001950d0	0x001950b4	CONDITIONAL_JUMP	0
0x001950d2	0xStack[-0x24]	READ	1
0x001950d6	0x0018b544	UNCONDITIONAL_CALL	0
0x001950db	0xStack[-0x14]	READ	1
0x001950f2	0xStack[-0x18]	WRITE	0
0x001950f5	0xStack[-0x12]	READ	1
0x0019510c	0xStack[-0x28]	WRITE	0
0x0019510f	0xStack[-0x10]	READ	1
0x00195127	0xStack[-0xd]	READ	1
0x0019513e	0xStack[-0x1c]	WRITE	0
0x00195141	0xStack[-0xc]	READ	1
0x00195158	0xStack[-0x20]	WRITE	0
0x0019515b	0xStack[-0xb]	READ	1
0x00195178	0x0019517d	CONDITIONAL_JUMP	0
0x0019517f	0xStack[-0x28]	READ	1
0x00195188	0xStack[-0x18]	READ	1
0x0019519f	0xStack[-0x1c]	READ	1
0x001951be	0x001951c5	CONDITIONAL_JUMP	0
0x001951ca	0x001951d6	CONDITIONAL_JUMP	0
0x001951cc	0x001e36b0	WRITE	0
0x001951d6	0xStack[-0x20]	READ	1
0x001951dc	0x001951ea	CONDITIONAL_JUMP	0
0x001951e0	0x001e36ac	DATA	1
0x001951e8	0x001951e0	CONDITIONAL_JUMP	0
0x001951ea	0x001e36b0	WRITE	0
0x001951fb	0x00195215	CONDITIONAL_JUMP	0
0x00195207	0x0019520e	CONDITIONAL_JUMP	0
0x00195213	0x00195200	CONDITIONAL_JUMP	0
0x00195228	0xStack[0x4]	READ	1
0x0019522f	0xStack[-0x34]	DATA	0
0x00195245	0x0018bd98	UNCONDITIONAL_CALL	0
0x0019524a	0xStack[-0x30]	WRITE	0
0x0019524d	0xStack[-0x14]	DATA	0
0x00195250	0x001e36a8	READ	0
0x00195257	0x0019528a	CONDITIONAL_JUMP	0
0x0019525d	0x0018ca18	UNCONDITIONAL_CALL	0
0x00195266	0x0018ca18	UNCONDITIONAL_CALL	0
0x0019526f	0x0018ca18	UNCONDITIONAL_CALL	0
0x00195278	0x0018ca18	UNCONDITIONAL_CALL	0
0x00195280	0x001e36a8	WRITE	0
0x0019528e	0x0018ca18	UNCONDITIONAL_CALL	0
0x00195295	0x0018c9dc	UNCONDITIONAL_CALL	0
0x001952a1	0x0018ca18	UNCONDITIONAL_CALL	0
0x001952ab	0x0018c9dc	UNCONDITIONAL_CALL	0
0x001952b5	0x0019529d	CONDITIONAL_JUMP	0
0x001952bf	0x0018ca18	UNCONDITIONAL_CALL	0
0x001952c6	0x0018c9dc	UNCONDITIONAL_CALL	0
0x001952d5	0x001952bc	CONDITIONAL_JUMP	0
0x001952d7	0xStack[-0x30]	READ	1
0x001952db	0x0018b544	UNCONDITIONAL_CALL	0
0x001952e0	0xStack[0x4]	READ	1
0x00195316	0xStack[-0x20]	WRITE	0
0x0019531b	0xStack[-0x14]	WRITE	0
0x00195340	0xStack[-0x20]	WRITE	0
0x00195345	0xStack[-0x12]	WRITE	0
0x00195354	0xStack[-0x28]	WRITE	0
0x0019535a	0xStack[-0x20]	WRITE	0
0x00195361	0xStack[-0x10]	WRITE	0
0x00195364	0xStack[0x4]	READ	1
0x00195384	0xStack[-0xe]	WRITE	0
0x00195397	0x001953b5	CONDITIONAL_JUMP	0
0x001953aa	0x001953b1	CONDITIONAL_JUMP	0
0x001953b3	0x0019539c	CONDITIONAL_JUMP	0
0x001953bf	0xStack[-0x30]	WRITE	0
0x001953c4	0xStack[-0x30]	READ	1
0x001953cf	0xStack[-0x30]	WRITE	0
0x001953d2	0xStack[-0x2c]	WRITE	0
0x001953d5	0xStack[-0x2c]	READ	1
0x001953db	0xStack[-0x30]	READ	1
0x001953e3	0xStack[-0xb]	WRITE	0
0x001953ed	0xStack[-0x30]	WRITE	0
0x001953f0	0xStack[-0x30]	READ	1
0x001953fe	0xStack[-0x18]	WRITE	0
0x00195407	0x00195413	CONDITIONAL_JUMP	0
0x00195409	0x001e36b0	WRITE	0
0x00195415	0x001e36ac	READ	0
0x0019541b	0x0019542e	CONDITIONAL_JUMP	0
0x0019541d	0x001e36ac	DATA	1
0x00195424	0x001e36ac	READ	1
0x00195424	0x001e36b0	READ	1
0x0019542a	0x001e36b0	READ	0
0x0019542a	0x001e36b4	READ	0
0x0019542c	0x00195424	CONDITIONAL_JUMP	0
0x0019542e	0x001e36b0	WRITE	0
0x0019544d	0xStack[-0x20]	WRITE	0
0x00195452	0xStack[-0xc]	WRITE	0
0x00195462	0xStack[-0x2c]	WRITE	0
0x00195468	0xStack[-0x20]	WRITE	0
0x0019546f	0xStack[-0xd]	WRITE	0
0x00195472	0x0018bd98	UNCONDITIONAL_CALL	0
0x00195477	0xStack[-0x30]	WRITE	0
0x0019547a	0xStack[-0x14]	DATA	0
0x0019547d	0x001e36a8	READ	0
0x00195484	0x001954b7	CONDITIONAL_JUMP	0
0x0019548a	0x0018ca18	UNCONDITIONAL_CALL	0
0x00195493	0x0018ca18	UNCONDITIONAL_CALL	0
0x0019549c	0x0018ca18	UNCONDITIONAL_CALL	0
0x001954a5	0x0018ca18	UNCONDITIONAL_CALL	0
0x001954ad	0x001e36a8	WRITE	0
0x001954bb	0x0018ca18	UNCONDITIONAL_CALL	0
0x001954c2	0x0018c9dc	UNCONDITIONAL_CALL	0
0x001954c7	0xStack[-0x1c]	WRITE	0
0x001954ce	0x0018ca18	UNCONDITIONAL_CALL	0
0x001954d3	0xStack[-0x1c]	READ	1
0x001954e0	0x0018ca18	UNCONDITIONAL_CALL	0
0x001954ef	0x0018ca18	UNCONDITIONAL_CALL	0
0x001954fb	0x0018ca18	UNCONDITIONAL_CALL	0
0x00195507	0x001954ec	CONDITIONAL_JUMP	0
0x0019550d	0x0018ca18	UNCONDITIONAL_CALL	0
0x00195512	0xStack[-0x18]	READ	1
0x00195518	0x0018ca18	UNCONDITIONAL_CALL	0
0x00195521	0x0018ca18	UNCONDITIONAL_CALL	0
0x00195526	0xStack[-0x1c]	READ	1
0x0019552f	0x0018ca18	UNCONDITIONAL_CALL	0
0x00195537	0xStack[-0x30]	READ	1
0x0019553b	0x0018b544	UNCONDITIONAL_CALL	0
0x00195542	0xStack[-0x3c]	DATA	0
0x0019554f	0x001e36dc	DATA	1
0x00195561	0xStack[0x4]	READ	1
0x00195564	0xStack[0xc]	READ	1
0x0019556e	0x001a9274	UNCONDITIONAL_CALL	0
0x0019557a	0x00195588	CONDITIONAL_JUMP	0
0x00195581	0x001956a5	UNCONDITIONAL_JUMP	0
0x00195589	0x0015a244	UNCONDITIONAL_CALL	0
0x00195595	0x001955a8	CONDITIONAL_JUMP	0
0x00195598	0x0015a614	UNCONDITIONAL_CALL	0
0x001955a2	0x001956a5	UNCONDITIONAL_JUMP	0
0x001955a9	0x0015a614	UNCONDITIONAL_CALL	0
0x001955ae	0x001e89ec	READ	1
0x001955b3	0xStack[0x8]	READ	1
0x001955bf	0xStack[0x14]	READ	1
0x001955c3	0x001e8de8	READ	1
0x001955ca	0x00173d1c	UNCONDITIONAL_CALL	0
0x001955d4	0x001955e8	CONDITIONAL_JUMP	0
0x001955d7	0x001747d8	UNCONDITIONAL_CALL	0
0x001955e1	0x001956a5	UNCONDITIONAL_JUMP	0
0x001955eb	0xStack[0x10]	READ	1
0x001955f9	0x00174a90	UNCONDITIONAL_CALL	0
0x00195603	0x00195658	CONDITIONAL_JUMP	0
0x00195606	0x001e370d	DATA	0
0x0019560b	0x001a5514	UNCONDITIONAL_CALL	0
0x00195611	0x001747d8	UNCONDITIONAL_CALL	0
0x0019561b	0x001956a5	UNCONDITIONAL_JUMP	0
0x00195620	0xStack[0x14]	READ	1
0x00195628	0x001e373a	DATA	0
0x0019562d	0x001a5514	UNCONDITIONAL_CALL	0
0x00195632	0xStack[0x8]	READ	1
0x00195636	0xStack[0x14]	READ	1
0x0019563c	0x001e8de8	READ	1
0x00195643	0x00173e90	UNCONDITIONAL_CALL	0
0x00195649	0x001747d8	UNCONDITIONAL_CALL	0
0x00195653	0x001956a5	UNCONDITIONAL_JUMP	0
0x0019565c	0x0019569e	CONDITIONAL_JUMP	0
0x00195660	0xStack[0x14]	READ	1
0x00195668	0x001f63f0	READ	1
0x0019566f	0x00190c24	UNCONDITIONAL_CALL	0
0x00195679	0x00195620	CONDITIONAL_JUMP	0
0x00195680	0xStack[0x10]	READ	1
0x0019568c	0x0019065c	UNCONDITIONAL_CALL	0
0x00195694	0x001e0d0c	READ	1
0x0019569c	0x00195660	CONDITIONAL_JUMP	0
0x0019569e	0xStack[0xc]	READ	1
0x001956a5	0xStack[-0x14]	DATA	0
0x001956b6	0xStack[0x8]	READ	0
0x001956ba	0x001956c8	CONDITIONAL_JUMP	0
0x001956c1	0x0019574e	UNCONDITIONAL_JUMP	0
0x001956c8	0x001e89ec	READ	1
0x001956cd	0xStack[0xc]	READ	1
0x001956dc	0x00195708	CONDITIONAL_JUMP	0
0x001956e0	0xStack[0x10]	READ	1
0x001956e7	0x001e0d0c	READ	1
0x001956ef	0xStack[0x8]	READ	1
0x001956f6	0x0018fa44	UNCONDITIONAL_CALL	0
0x001956fe	0x001e0d0c	READ	1
0x00195706	0x001956e0	CONDITIONAL_JUMP	0
0x00195708	0xStack[0x10]	READ	1
0x0019570e	0xStack[0x10]	READ	1
0x00195712	0xStack[0x8]	READ	1
0x00195716	0x001765ac	UNCONDITIONAL_CALL	0
0x00195722	0x00195732	CONDITIONAL_JUMP	0
0x00195725	0x001e3765	DATA	0
0x0019572a	0x001a5514	UNCONDITIONAL_CALL	0
0x00195733	0xStack[0x14]	READ	1
0x00195737	0x001e8de8	READ	1
0x0019573e	0x00173e90	UNCONDITIONAL_CALL	0
0x00195743	0xStack[0x8]	READ	1
0x00195747	0x001747d8	UNCONDITIONAL_CALL	0
0x0019574e	0xStack[-0x10]	DATA	0
0x0019575e	0x001f7b44	READ	1
0x00195765	0x00195788	CONDITIONAL_JUMP	0
0x0019576d	0x001f7b44	READ	1
0x00195777	0x001f7b44	WRITE	0
0x00195783	0x00195855	UNCONDITIONAL_JUMP	0
0x00195788	0x001f7b48	READ	1
0x0019578f	0x00195798	CONDITIONAL_JUMP	0
0x00195793	0x00195855	UNCONDITIONAL_JUMP	0
0x00195798	0x001f9220	READ	1
0x0019579e	0x00201928	DATA	0
0x001957a6	0x001e776c	READ	1
0x001957ad	0x001f7b48	READ	1
0x001957bd	0x00195834	CONDITIONAL_JUMP	0
0x001957c7	0x001957d0	CONDITIONAL_JUMP	0
0x001957ce	0x00195839	UNCONDITIONAL_JUMP	0
0x001957dc	0x00195839	CONDITIONAL_JUMP	0
0x001957ed	0x00195824	CONDITIONAL_JUMP	0
0x001957fd	0x001f7b48	READ	1
0x0019580d	0x001f7b48	READ	1
0x0019581f	0x00195839	UNCONDITIONAL_JUMP	0
0x00195824	0x001e3997	DATA	0
0x00195829	0x001a5514	UNCONDITIONAL_CALL	0
0x00195831	0x00195839	UNCONDITIONAL_JUMP	0
0x00195839	0x001f9474	READ	1
0x0019583f	0x00202be8	DATA	0
0x00195840	0x001f7b48	READ	1
0x0019584c	0x001e7770	READ	1
0x00195855	0xStack[-0x8]	READ	1
0x00195860	0x001e7774	READ	1
0x00195867	0x00195865	CONDITIONAL_JUMP	0
0x0019586e	0x001e7774	READ_WRITE	0
0x00195879	0x00195860	CONDITIONAL_JUMP	0
0x0019587b	0x001f7b48	READ	1
0x00195882	0x001958a0	CONDITIONAL_JUMP	0
0x00195884	0x001f7b3c	READ	1
0x0019588f	0x0001114c	READ	0
0x00195896	0x001958ac	CONDITIONAL_JUMP	0
0x0019589d	0x001958ac	UNCONDITIONAL_JUMP	0
0x001958ac	0x001e38e8	READ	1
0x001958b3	0x0019590a	CONDITIONAL_JUMP	0
0x001958b8	0x001958c4	CONDITIONAL_JUMP	0
0x001958bc	0x001e38e8	WRITE	0
0x001958c1	0x0019590a	UNCONDITIONAL_JUMP	0
0x001958c6	0x001958dc	CONDITIONAL_JUMP	0
0x001958cb	0x001e3840	DATA	1
0x001958d2	0x001e3840	DATA	0
0x001958dc	0x001e38e8	READ_WRITE	0
0x001958e2	0x001e38e8	READ	0
0x001958e9	0x001958f5	CONDITIONAL_JUMP	0
0x001958eb	0x001e38e8	WRITE	0
0x00195900	0x0019585c	DATA	0
0x00195905	0x001604b0	UNCONDITIONAL_CALL	0
0x0019590c	0x001e7774	READ_WRITE	0
0x0019591b	0x001e7778	READ	0
0x00195922	0x00195938	CONDITIONAL_JUMP	0
0x00195924	0x001e7774	WRITE	0
0x0019592e	0x001e7778	WRITE	0
0x00195938	0x0001114c	READ	0
0x0019593f	0x00195a2a	CONDITIONAL_JUMP	0
0x00195948	0x001e7774	READ	1
0x0019594f	0x0019594d	CONDITIONAL_JUMP	0
0x00195956	0x001e7774	READ_WRITE	0
0x00195961	0x00195948	CONDITIONAL_JUMP	0
0x00195963	0x001e38e8	WRITE	0
0x0019596f	0x001e7774	READ_WRITE	0
0x00195978	0x001e7774	READ	1
0x0019597f	0x0019597d	CONDITIONAL_JUMP	0
0x00195986	0x001e7774	READ_WRITE	0
0x00195991	0x00195978	CONDITIONAL_JUMP	0
0x00195993	0x001f7b48	READ	1
0x0019599a	0x001959b8	CONDITIONAL_JUMP	0
0x0019599c	0x001f7b3c	READ	1
0x001959a7	0x0001114c	READ	0
0x001959ae	0x001959c4	CONDITIONAL_JUMP	0
0x001959b5	0x001959c4	UNCONDITIONAL_JUMP	0
0x001959c4	0x001e38e8	READ	1
0x001959cb	0x00195a22	CONDITIONAL_JUMP	0
0x001959d0	0x001959dc	CONDITIONAL_JUMP	0
0x001959d4	0x001e38e8	WRITE	0
0x001959d9	0x00195a22	UNCONDITIONAL_JUMP	0
0x001959de	0x001959f4	CONDITIONAL_JUMP	0
0x001959e3	0x001e3858	DATA	1
0x001959ea	0x001e3858	DATA	0
0x001959f4	0x001e38e8	READ_WRITE	0
0x001959fa	0x001e38e8	READ	0
0x00195a01	0x00195a0d	CONDITIONAL_JUMP	0
0x00195a03	0x001e38e8	WRITE	0
0x00195a18	0x0019585c	DATA	0
0x00195a1d	0x001604b0	UNCONDITIONAL_CALL	0
0x00195a24	0x001e7774	READ_WRITE	0
0x00195a33	0x001f7b48	READ	1
0x00195a3a	0x00195a4b	CONDITIONAL_JUMP	0
0x00195a3e	0x001f94a4	READ	1
0x00195a44	0x00202b64	DATA	0
0x00195a46	0x001ce960	UNCONDITIONAL_CALL	0
0x00195a56	0xStack[0x4]	READ	1
0x00195a59	0xStack[0xc]	READ	1
0x00195a64	0x00195ad0	CONDITIONAL_JUMP	0
0x00195a66	0x00195a78	CONDITIONAL_JUMP	0
0x00195a6b	0x00195a94	CONDITIONAL_JUMP	0
0x00195a70	0x00195abc	CONDITIONAL_JUMP	0
0x00195a72	0x00195b0c	UNCONDITIONAL_JUMP	0
0x00195a7b	0x00195aa8	CONDITIONAL_JUMP	0
0x00195a7d	0x00195a8c	CONDITIONAL_JUMP	0
0x00195a82	0x00195ae4	CONDITIONAL_JUMP	0
0x00195a84	0x00195b0c	UNCONDITIONAL_JUMP	0
0x00195a8f	0x00195af8	CONDITIONAL_JUMP	0
0x00195a91	0x00195b0c	UNCONDITIONAL_JUMP	0
0x00195a98	0x001e774c	WRITE	0
0x00195aa5	0x00195b11	UNCONDITIONAL_JUMP	0
0x00195aac	0x001e7750	WRITE	0
0x00195ab9	0x00195b11	UNCONDITIONAL_JUMP	0
0x00195ac0	0x001e7754	WRITE	0
0x00195acd	0x00195b11	UNCONDITIONAL_JUMP	0
0x00195ad4	0x001e7758	WRITE	0
0x00195ae1	0x00195b11	UNCONDITIONAL_JUMP	0
0x00195ae8	0x001e775c	WRITE	0
0x00195af5	0x00195b11	UNCONDITIONAL_JUMP	0
0x00195afc	0x001e7760	WRITE	0
0x00195b09	0x00195b11	UNCONDITIONAL_JUMP	0
0x00195b13	0x00195bba	CONDITIONAL_JUMP	0
0x00195b1b	0x001e7758	READ	0
0x00195b22	0x00195b2d	CONDITIONAL_JUMP	0
0x00195b24	0x001e7754	READ	0
0x00195b2b	0x00195b32	CONDITIONAL_JUMP	0
0x00195b32	0x001e774c	READ	0
0x00195b39	0x00195b44	CONDITIONAL_JUMP	0
0x00195b3b	0x001e7750	READ	0
0x00195b42	0x00195b4c	CONDITIONAL_JUMP	0
0x00195b49	0x00195b4e	UNCONDITIONAL_JUMP	0
0x00195b59	0x001e39c2	DATA	1
0x00195b61	0x001e7760	READ	0
0x00195b68	0x00195b73	CONDITIONAL_JUMP	0
0x00195b6a	0x001e775c	READ	0
0x00195b71	0x00195b7c	CONDITIONAL_JUMP	0
0x00195b78	0x00195b7e	UNCONDITIONAL_JUMP	0
0x00195b87	0x00195bb0	CONDITIONAL_JUMP	0
0x00195b89	0x00195bb2	COMPUTED_JUMP	-1
0x00195b89	0x00195bb0	COMPUTED_JUMP	-1
0x00195b89	0x00195b90	DATA	0
0x00195b90	0x00195bb2	DATA	0
0x00195b94	0x00195bb2	DATA	0
0x00195b98	0x00195bb0	DATA	0
0x00195b9c	0x00195bb2	DATA	0
0x00195ba0	0x00195bb0	DATA	0
0x00195ba4	0x00195bb2	DATA	0
0x00195ba8	0x00195bb2	DATA	0
0x00195bac	0x00195bb2	DATA	0
0x00195bb8	0x00195bbf	CONDITIONAL_JUMP	0
0x00195bc5	0x00195c5b	CONDITIONAL_JUMP	0
0x00195bd2	0x00195c40	CONDITIONAL_JUMP	0
0x00195be0	0x00195bde	CONDITIONAL_JUMP	0
0x00195bee	0x00195bdc	CONDITIONAL_JUMP	0
0x00195bfc	0x00195c00	CONDITIONAL_JUMP	0
0x00195c06	0x00195c33	CONDITIONAL_JUMP	0
0x00195c19	0x00195c1d	CONDITIONAL_JUMP	0
0x00195c2e	0x001631a0	UNCONDITIONAL_CALL	0
0x00195c3b	0x00195c5b	UNCONDITIONAL_JUMP	0
0x00195c40	0x001e9817	READ	1
0x00195c4d	0x001e97d0	DATA	0
0x00195c53	0x001daffc	DATA	1
0x00195c5b	0xStack[-0x10]	DATA	0
0x00195c71	0xStack[0x4]	READ	1
0x00195c75	0x001f9494	READ	1
0x00195c7b	0x00202c4c	DATA	0
0x00195c83	0x001ce960	UNCONDITIONAL_CALL	0
0x00195c8d	0x00195cae	CONDITIONAL_JUMP	0
0x00195c90	0x001f9490	READ	1
0x00195c96	0x00202c38	DATA	0
0x00195c97	0xStack[0x4]	READ	1
0x00195c9b	0x001ce960	UNCONDITIONAL_CALL	0
0x00195ca1	0x001e3d8c	DATA	0
0x00195ca6	0x001a5514	UNCONDITIONAL_CALL	0
0x00195cae	0x001e3d88	READ	0
0x00195cb6	0x00195d9f	CONDITIONAL_JUMP	0
0x00195cbc	0x001e3d88	WRITE	0
0x00195cc5	0x001f94ac	READ	1
0x00195ccb	0x00202c94	DATA	0
0x00195ccc	0x001f9d90	READ	1
0x00195cd2	0x001fe305	DATA	0
0x00195cd3	0x001ce960	UNCONDITIONAL_CALL	0
0x00195cd8	0xStack[-0x8]	WRITE	0
0x00195cdb	0x001e3db8	DATA	0
0x00195ce0	0x001f9308	READ	1
0x00195ce6	0x00202480	DATA	0
0x00195ce7	0xStack[-0x8]	READ	1
0x00195ceb	0x001ce960	UNCONDITIONAL_CALL	0
0x00195cf0	0xStack[-0xc]	WRITE	0
0x00195cf8	0x00195d33	CONDITIONAL_JUMP	0
0x00195cfa	0xStack[-0xc]	READ	1
0x00195cfd	0x001e3dca	DATA	1
0x00195d0c	0x001e3dca	READ	0
0x00195d0c	0x001e3dcb	READ	0
0x00195d0e	0x00195d19	CONDITIONAL_JUMP	0
0x00195d10	0x001e3d8a	WRITE	0
0x00195d19	0xStack[-0xc]	READ	1
0x00195d1d	0x001f9314	READ	1
0x00195d23	0x00202494	DATA	0
0x00195d24	0x001f9d90	READ	1
0x00195d2a	0x001fe305	DATA	0
0x00195d2b	0x001ce960	UNCONDITIONAL_CALL	0
0x00195d33	0x001e3dcd	DATA	0
0x00195d38	0x001f9308	READ	1
0x00195d3e	0x00202480	DATA	0
0x00195d3f	0xStack[-0x8]	READ	1
0x00195d43	0x001ce960	UNCONDITIONAL_CALL	0
0x00195d48	0xStack[-0xc]	WRITE	0
0x00195d50	0x00195d8c	CONDITIONAL_JUMP	0
0x00195d54	0x001e3d34	READ	1
0x00195d54	0x001e3d38	READ	1
0x00195d5b	0x001e3d7f	DATA	0
0x00195d5b	0x001e3d78	DATA	0
0x00195d5c	0xStack[-0xc]	READ	1
0x00195d60	0x00101e7c	UNCONDITIONAL_CALL	0
0x00195d6a	0x00195de4	CONDITIONAL_JUMP	0
0x00195d70	0x00195d54	CONDITIONAL_JUMP	0
0x00195d72	0xStack[-0xc]	READ	1
0x00195d76	0x001f9314	READ	1
0x00195d7c	0x00202494	DATA	0
0x00195d7d	0x001f9d90	READ	1
0x00195d83	0x001fe305	DATA	0
0x00195d84	0x001ce960	UNCONDITIONAL_CALL	0
0x00195d8c	0x001f921c	READ	1
0x00195d92	0x00201920	DATA	0
0x00195d93	0xStack[-0x8]	READ	1
0x00195d97	0x001ce960	UNCONDITIONAL_CALL	0
0x00195d9f	0x001e3d8a	READ	0
0x00195da7	0x00195db2	CONDITIONAL_JUMP	0
0x00195da9	0x001f7a44	WRITE	0
0x00195db2	0x001e7768	READ	1
0x00195db9	0x00195dc5	CONDITIONAL_JUMP	0
0x00195dbb	0x001f7a44	READ	0
0x00195dc3	0x00195dec	CONDITIONAL_JUMP	0
0x00195dc5	0x001f94b0	READ	1
0x00195dcb	0x00202b04	DATA	0
0x00195dcc	0xStack[0x4]	READ	1
0x00195dd0	0x001ce960	UNCONDITIONAL_CALL	0
0x00195dd5	0x001f7b3c	READ	1
0x00195de1	0x00195e02	UNCONDITIONAL_JUMP	0
0x00195de4	0x001f7a1c	WRITE	0
0x00195dea	0x00195d72	UNCONDITIONAL_JUMP	0
0x00195dec	0x001f949c	READ	1
0x00195df2	0x00202c70	DATA	0
0x00195df4	0x001ce960	UNCONDITIONAL_CALL	0
0x00195df9	0xStack[0x4]	READ	1
0x00195e05	0x001f7a44	READ	0
0x00195e0d	0x00195e20	CONDITIONAL_JUMP	0
0x00195e0f	0xStack[0x4]	READ	1
0x00195e1c	0x00195e2d	UNCONDITIONAL_JUMP	0
0x00195e20	0xStack[0x4]	READ	1
0x00195e2d	0xStack[0x4]	READ	1
0x00195e36	0x001e38a4	READ	1
0x00195e3c	0x001e3888	DATA	0
0x00195e50	0x001f94b4	READ	1
0x00195e56	0x00202ca8	DATA	0
0x00195e57	0xStack[0x4]	READ	1
0x00195e5b	0x001ce960	UNCONDITIONAL_CALL	0
0x00195e63	0x001f7a44	READ	1
0x00195e6d	0x00195e78	CONDITIONAL_JUMP	0
0x00195e73	0x00195e80	CONDITIONAL_JUMP	0
0x00195e75	0x00195e88	UNCONDITIONAL_JUMP	0
0x00195e78	0x001e3dd6	DATA	0
0x00195e7d	0x00195e8d	UNCONDITIONAL_JUMP	0
0x00195e80	0x001e3df2	DATA	0
0x00195e85	0x00195e8d	UNCONDITIONAL_JUMP	0
0x00195e88	0x001e3e29	DATA	0
0x00195e8d	0x001f94b8	READ	1
0x00195e93	0x00202cbc	DATA	0
0x00195e94	0xStack[0x4]	READ	1
0x00195e98	0x001ce960	UNCONDITIONAL_CALL	0
0x00195ea2	0x001f94a4	READ	1
0x00195ea8	0x00202b64	DATA	0
0x00195ea9	0xStack[0x4]	READ	1
0x00195ead	0x001ce960	UNCONDITIONAL_CALL	0
0x00195eb4	0xStack[-0x18]	DATA	0
0x00195ec6	0xStack[0x4]	READ	1
0x00195ec9	0xStack[0x8]	READ	1
0x00195ecc	0x001f7b48	READ	1
0x00195ed3	0x00195f78	CONDITIONAL_JUMP	0
0x00195ed9	0x001f7b44	READ	0
0x00195ee0	0x00196077	CONDITIONAL_JUMP	0
0x00195ee6	0x001f7b40	READ	1
0x00195eee	0x00195ef5	CONDITIONAL_JUMP	0
0x00195ef3	0x00195f2c	CONDITIONAL_JUMP	0
0x00195ef5	0x001f7b3c	READ	0
0x00195efc	0x00196077	CONDITIONAL_JUMP	0
0x00195f05	0x00196077	CONDITIONAL_JUMP	0
0x00195f0c	0x001f7b3c	READ	1
0x00195f22	0x00195f0c	CONDITIONAL_JUMP	0
0x00195f24	0x00196077	UNCONDITIONAL_JUMP	0
0x00195f2c	0x00197c58	UNCONDITIONAL_CALL	0
0x00195f31	0x001f7b44	WRITE	0
0x00195f38	0x00196077	CONDITIONAL_JUMP	0
0x00195f51	0x00196077	CONDITIONAL_JUMP	0
0x00195f58	0x001f7b44	READ	1
0x00195f6e	0x00195f58	CONDITIONAL_JUMP	0
0x00195f70	0x00196077	UNCONDITIONAL_JUMP	0
0x00195f78	0x001f9220	READ	1
0x00195f7e	0x00201928	DATA	0
0x00195f86	0x001e776c	READ	1
0x00195f90	0x001f7b48	READ	1
0x00195f9f	0x00196028	CONDITIONAL_JUMP	0
0x00195fa8	0x00196028	CONDITIONAL_JUMP	0
0x00195fac	0x001e7768	READ	1
0x00195fb3	0x00195fbc	CONDITIONAL_JUMP	0
0x00195fb5	0x00197c58	UNCONDITIONAL_CALL	0
0x00195fba	0x00195fcc	UNCONDITIONAL_JUMP	0
0x00195fbc	0x001f949c	READ	1
0x00195fc2	0x00202c70	DATA	0
0x00195fc4	0x001ce960	UNCONDITIONAL_CALL	0
0x00195fd2	0x001f7b48	READ	1
0x00195fde	0x00195fec	CONDITIONAL_JUMP	0
0x00195fe0	0x001f7b3c	READ	1
0x00195fec	0x001f7b48	READ	1
0x00196004	0x001f7b48	READ	1
0x00196028	0x001f9474	READ	1
0x0019602e	0x00202be8	DATA	0
0x0019602f	0x001f7b48	READ	1
0x0019603b	0x001e7770	READ	1
0x00196042	0x001f7b48	READ	1
0x00196051	0x0019605c	CONDITIONAL_JUMP	0
0x00196059	0x00196072	UNCONDITIONAL_JUMP	0
0x00196062	0x00196072	UNCONDITIONAL_JUMP	0
0x00196075	0x00196064	CONDITIONAL_JUMP	0
0x00196077	0xStack[-0x10]	DATA	0
0x00196089	0x001a0df0	UNCONDITIONAL_CALL	0
0x00196092	0x001960a0	CONDITIONAL_JUMP	0
0x00196099	0x00196213	UNCONDITIONAL_JUMP	0
0x001960a8	0x00196114	CONDITIONAL_JUMP	0
0x001960aa	0x001960bc	CONDITIONAL_JUMP	0
0x001960af	0x001960d8	CONDITIONAL_JUMP	0
0x001960b4	0x00196100	CONDITIONAL_JUMP	0
0x001960b6	0x00196150	UNCONDITIONAL_JUMP	0
0x001960bf	0x001960ec	CONDITIONAL_JUMP	0
0x001960c1	0x001960d0	CONDITIONAL_JUMP	0
0x001960c6	0x00196128	CONDITIONAL_JUMP	0
0x001960c8	0x00196150	UNCONDITIONAL_JUMP	0
0x001960d3	0x0019613c	CONDITIONAL_JUMP	0
0x001960d5	0x00196150	UNCONDITIONAL_JUMP	0
0x001960dc	0x001e774c	WRITE	0
0x001960e9	0x00196155	UNCONDITIONAL_JUMP	0
0x001960f0	0x001e7750	WRITE	0
0x001960fd	0x00196155	UNCONDITIONAL_JUMP	0
0x00196104	0x001e7754	WRITE	0
0x00196111	0x00196155	UNCONDITIONAL_JUMP	0
0x00196118	0x001e7758	WRITE	0
0x00196125	0x00196155	UNCONDITIONAL_JUMP	0
0x0019612c	0x001e775c	WRITE	0
0x00196139	0x00196155	UNCONDITIONAL_JUMP	0
0x00196140	0x001e7760	WRITE	0
0x0019614d	0x00196155	UNCONDITIONAL_JUMP	0
0x00196157	0x001961fe	CONDITIONAL_JUMP	0
0x0019615f	0x001e7758	READ	0
0x00196166	0x00196171	CONDITIONAL_JUMP	0
0x00196168	0x001e7754	READ	0
0x0019616f	0x00196176	CONDITIONAL_JUMP	0
0x00196176	0x001e774c	READ	0
0x0019617d	0x00196188	CONDITIONAL_JUMP	0
0x0019617f	0x001e7750	READ	0
0x00196186	0x00196190	CONDITIONAL_JUMP	0
0x0019618d	0x00196192	UNCONDITIONAL_JUMP	0
0x0019619d	0x001e39c2	DATA	1
0x001961a5	0x001e7760	READ	0
0x001961ac	0x001961b7	CONDITIONAL_JUMP	0
0x001961ae	0x001e775c	READ	0
0x001961b5	0x001961c0	CONDITIONAL_JUMP	0
0x001961bc	0x001961c2	UNCONDITIONAL_JUMP	0
0x001961cb	0x001961f4	CONDITIONAL_JUMP	0
0x001961cd	0x001961f6	COMPUTED_JUMP	-1
0x001961cd	0x001961f4	COMPUTED_JUMP	-1
0x001961cd	0x001961d4	DATA	0
0x001961d4	0x001961f6	DATA	0
0x001961d8	0x001961f6	DATA	0
0x001961dc	0x001961f4	DATA	0
0x001961e0	0x001961f6	DATA	0
0x001961e4	0x001961f4	DATA	0
0x001961e8	0x001961f6	DATA	0
0x001961ec	0x001961f6	DATA	0
0x001961f0	0x001961f6	DATA	0
0x001961fc	0x00196203	CONDITIONAL_JUMP	0
0x0019620d	0x00196211	CONDITIONAL_JUMP	0
0x00196213	0xStack[-0xc]	DATA	0
0x00196220	0x001f7b48	READ	1
0x00196227	0x00196238	CONDITIONAL_JUMP	0
0x00196229	0x001e7764	READ	0
0x00196230	0x00196238	CONDITIONAL_JUMP	0
0x00196234	0x0019624d	UNCONDITIONAL_JUMP	0
0x00196238	0x001f9468	READ	1
0x0019623e	0x00202a84	DATA	0
0x0019623f	0xStack[0x4]	READ	1
0x00196243	0x001ce960	UNCONDITIONAL_CALL	0
0x0019624d	0x0001114c	READ	1
0x00196259	0x00196260	CONDITIONAL_JUMP	0
0x00196263	0x001f946c	READ	1
0x00196269	0x00202bcc	DATA	0
0x0019626b	0x001ce960	UNCONDITIONAL_CALL	0
0x00196275	0x0019629c	CONDITIONAL_JUMP	0
0x00196277	0x001e38b4	DATA	0
0x0019627c	0x001a5514	UNCONDITIONAL_CALL	0
0x00196281	0x001f921c	READ	1
0x00196287	0x00201920	DATA	0
0x00196289	0x001ce960	UNCONDITIONAL_CALL	0
0x0019628e	0x001f7b48	WRITE	0
0x0019629a	0x001962a1	UNCONDITIONAL_JUMP	0
0x001962a1	0xStack[-0x8]	READ	1
0x001962bc	0x001e7778	READ	0
0x001962c3	0x001962d9	CONDITIONAL_JUMP	0
0x001962c5	0x001e7774	WRITE	0
0x001962cf	0x001e7778	WRITE	0
0x001962d9	0x001f9210	READ	1
0x001962df	0x00201900	DATA	0
0x001962e0	0xStack[0x4]	READ	1
0x001962e4	0x001ce960	UNCONDITIONAL_CALL	0
0x001962eb	0x001f9468	READ	1
0x001962f1	0x00202a84	DATA	0
0x001962f2	0x001f9da4	READ	1
0x001962f8	0x001fe4a1	DATA	0
0x001962f9	0x001ce960	UNCONDITIONAL_CALL	0
0x00196304	0x001f9220	READ	1
0x0019630a	0x00201928	DATA	0
0x0019630b	0x001f9470	READ	1
0x00196311	0x00202bdc	DATA	0
0x00196313	0x001ce960	UNCONDITIONAL_CALL	0
0x00196318	0x001e776c	WRITE	0
0x0019631d	0x001f9474	READ	1
0x00196323	0x00202be8	DATA	0
0x00196324	0x001f9470	READ	1
0x0019632a	0x00202bdc	DATA	0
0x00196332	0x001ce960	UNCONDITIONAL_CALL	0
0x00196337	0x001e7770	WRITE	0
0x0019635c	0x00196350	CONDITIONAL_JUMP	0
0x0019635e	0x001e7764	READ	1
0x00196365	0x0019636d	CONDITIONAL_JUMP	0
0x00196367	0x001f7b48	WRITE	0
0x0019636d	0x001f7b3c	READ	1
0x0019637a	0x001f9478	READ	1
0x00196380	0x00202bf0	DATA	0
0x00196381	0x001f7b48	READ	1
0x00196388	0x001ce960	UNCONDITIONAL_CALL	0
0x0019638d	0x001e7764	READ	1
0x00196394	0x001e7764	READ_WRITE	0
0x0019639a	0x001e38ec	DATA	0
0x0019639f	0xStack[-0x18]	DATA	0
0x001963a3	0x0010c188	UNCONDITIONAL_CALL	0
0x001963a9	0x001f947c	READ	1
0x001963af	0x00202bfc	DATA	0
0x001963b0	0x001f7b48	READ	1
0x001963b7	0x001ce960	UNCONDITIONAL_CALL	0
0x001963bf	0x001e38f7	DATA	0
0x001963c4	0x001f9480	READ	1
0x001963ca	0x00202c08	DATA	0
0x001963cb	0x001f7b48	READ	1
0x001963d2	0x001ce960	UNCONDITIONAL_CALL	0
0x001963d9	0x001f9484	READ	1
0x001963df	0x00202c18	DATA	0
0x001963e0	0x001f7b48	READ	1
0x001963e7	0x001ce960	UNCONDITIONAL_CALL	0
0x001963ee	0xStack[-0x20]	DATA	0
0x00196401	0xStack[0x4]	READ	1
0x00196404	0xStack[0xc]	READ	1
0x00196409	0x001f9220	READ	1
0x0019640f	0x00201928	DATA	0
0x00196417	0x001ce960	UNCONDITIONAL_CALL	0
0x00196441	0xStack[0x10]	READ	1
0x00196459	0x0019647c	CONDITIONAL_JUMP	0
0x0019645b	0x001f9488	READ	1
0x00196461	0x00202bc4	DATA	0
0x00196463	0x001ce960	UNCONDITIONAL_CALL	0
0x0019646d	0x0019647c	CONDITIONAL_JUMP	0
0x0019646f	0x001e3900	DATA	0
0x00196474	0x001a5514	UNCONDITIONAL_CALL	0
0x0019647c	0x001f924c	READ	1
0x00196482	0x00201a24	DATA	0
0x00196483	0xStack[-0xc]	WRITE	0
0x00196486	0x001fa018	READ	1
0x0019648c	0x001fdfcd	DATA	1
0x0019648c	0xStack[-0x8]	WRITE	0
0x0019648f	0xStack[-0xc]	DATA	0
0x00196493	0x001cea70	UNCONDITIONAL_CALL	0
0x001964a2	0x001964bb	CONDITIONAL_JUMP	0
0x001964a4	0x001f948c	READ	1
0x001964aa	0x00202c28	DATA	0
0x001964ac	0x001ce960	UNCONDITIONAL_CALL	0
0x001964bb	0x001f9474	READ	1
0x001964c1	0x00202be8	DATA	0
0x001964c9	0x001ce960	UNCONDITIONAL_CALL	0
0x001964d0	0xStack[-0x18]	DATA	0
0x001964e0	0xStack[0x4]	READ	1
0x001964ea	0x001e391d	DATA	0
0x001964ef	0x001a3d0c	UNCONDITIONAL_CALL	0
0x001964f9	0x00196518	CONDITIONAL_JUMP	0
0x001964fc	0x001f9490	READ	1
0x00196502	0x00202c38	DATA	0
0x00196504	0x001ce960	UNCONDITIONAL_CALL	0
0x0019650a	0x001e3929	DATA	0
0x0019650f	0x001a5514	UNCONDITIONAL_CALL	0
0x00196516	0x0019658a	UNCONDITIONAL_JUMP	0
0x00196519	0x001f9494	READ	1
0x0019651f	0x00202c4c	DATA	0
0x00196527	0x001ce960	UNCONDITIONAL_CALL	0
0x00196531	0x00196550	CONDITIONAL_JUMP	0
0x00196534	0x001f9490	READ	1
0x0019653a	0x00202c38	DATA	0
0x0019653c	0x001ce960	UNCONDITIONAL_CALL	0
0x00196542	0x001e394f	DATA	0
0x00196547	0x001a5514	UNCONDITIONAL_CALL	0
0x0019654e	0x0019658a	UNCONDITIONAL_JUMP	0
0x00196551	0x001f9498	READ	1
0x00196557	0x00202c5c	DATA	0
0x0019655f	0x001ce960	UNCONDITIONAL_CALL	0
0x00196569	0x00196588	CONDITIONAL_JUMP	0
0x0019656c	0x001f9490	READ	1
0x00196572	0x00202c38	DATA	0
0x00196574	0x001ce960	UNCONDITIONAL_CALL	0
0x0019657a	0x001e3971	DATA	0
0x0019657f	0x001a5514	UNCONDITIONAL_CALL	0
0x00196586	0x0019658a	UNCONDITIONAL_JUMP	0
0x0019658a	0xStack[-0x8]	READ	1
0x0019659a	0xStack[0x4]	READ	1
0x0019659d	0xStack[0xc]	READ	1
0x001965a2	0x001f9220	READ	1
0x001965a8	0x00201928	DATA	0
0x001965b0	0x001ce960	UNCONDITIONAL_CALL	0
0x001965be	0x0019666a	CONDITIONAL_JUMP	0
0x001965cd	0x0019666a	CONDITIONAL_JUMP	0
0x001965d6	0x0019666a	CONDITIONAL_JUMP	0
0x001965dc	0x00108310	UNCONDITIONAL_CALL	0
0x001965e3	0x001965ec	CONDITIONAL_JUMP	0
0x001965ea	0x0019666a	UNCONDITIONAL_JUMP	0
0x001965f3	0x001965fc	CONDITIONAL_JUMP	0
0x001965fa	0x0019666a	UNCONDITIONAL_JUMP	0
0x001965fc	0x001e7768	READ	1
0x00196603	0x0019660c	CONDITIONAL_JUMP	0
0x00196605	0x00197c58	UNCONDITIONAL_CALL	0
0x0019660a	0x0019661c	UNCONDITIONAL_JUMP	0
0x0019660c	0x001f949c	READ	1
0x00196612	0x00202c70	DATA	0
0x00196614	0x001ce960	UNCONDITIONAL_CALL	0
0x00196624	0x00196632	CONDITIONAL_JUMP	0
0x00196626	0x001f7b3c	READ	1
0x00196638	0x001e38b0	READ	1
0x0019663e	0x001e38a8	DATA	0
0x0019666a	0x001f9474	READ	1
0x00196670	0x00202be8	DATA	0
0x00196678	0x001ce960	UNCONDITIONAL_CALL	0
0x0019667f	0xStack[-0x10]	DATA	0
0x0019668f	0xStack[0x4]	READ	1
0x00196692	0xStack[0xc]	READ	1
0x0019669e	0x001966a8	CONDITIONAL_JUMP	0
0x001966a3	0x001966c0	CONDITIONAL_JUMP	0
0x001966a5	0x001966b8	UNCONDITIONAL_JUMP	0
0x001966c6	0x001966ae	UNCONDITIONAL_JUMP	0
0x001966cd	0xStack[0x4]	READ	1
0x001966dc	0x001966da	CONDITIONAL_JUMP	0
0x001966ea	0x001966d8	CONDITIONAL_JUMP	0
0x001966ff	0x0019673e	CONDITIONAL_JUMP	0
0x00196712	0x00163320	UNCONDITIONAL_CALL	0
0x00196720	0x0019671e	CONDITIONAL_JUMP	0
0x0019672e	0x0019671c	CONDITIONAL_JUMP	0
0x0019673c	0x00196708	CONDITIONAL_JUMP	0
0x0019674f	0x00196753	CONDITIONAL_JUMP	0
0x0019676a	0xStack[-0xc]	DATA	0
0x0019677a	0x001f7b44	READ	1
0x00196781	0x001967a4	CONDITIONAL_JUMP	0
0x00196789	0x001f7b44	READ	1
0x00196793	0x001f7b44	WRITE	0
0x0019679f	0x00196871	UNCONDITIONAL_JUMP	0
0x001967a4	0x001f7b48	READ	1
0x001967ab	0x001967b4	CONDITIONAL_JUMP	0
0x001967af	0x00196871	UNCONDITIONAL_JUMP	0
0x001967b4	0x001f9220	READ	1
0x001967ba	0x00201928	DATA	0
0x001967c2	0x001e776c	READ	1
0x001967c9	0x001f7b48	READ	1
0x001967d9	0x00196850	CONDITIONAL_JUMP	0
0x001967e3	0x001967ec	CONDITIONAL_JUMP	0
0x001967ea	0x00196855	UNCONDITIONAL_JUMP	0
0x001967f8	0x00196855	CONDITIONAL_JUMP	0
0x00196809	0x00196840	CONDITIONAL_JUMP	0
0x00196819	0x001f7b48	READ	1
0x00196829	0x001f7b48	READ	1
0x0019683b	0x00196855	UNCONDITIONAL_JUMP	0
0x00196840	0x001e3997	DATA	0
0x00196845	0x001a5514	UNCONDITIONAL_CALL	0
0x0019684d	0x00196855	UNCONDITIONAL_JUMP	0
0x00196855	0x001f9474	READ	1
0x0019685b	0x00202be8	DATA	0
0x0019685c	0x001f7b48	READ	1
0x00196868	0x001e7770	READ	1
0x00196871	0xStack[-0x8]	READ	1
0x00196881	0xStack[0x4]	READ	1
0x00196884	0xStack[0xc]	READ	1
0x00196889	0xStack[-0x10]	WRITE	0
0x0019688f	0xStack[-0xc]	WRITE	0
0x00196895	0xStack[-0x8]	WRITE	0
0x0019689f	0x001968a8	CONDITIONAL_JUMP	0
0x001968a6	0x0019690d	UNCONDITIONAL_JUMP	0
0x001968a8	0xStack[-0x10]	READ_WRITE	0
0x001968ac	0xStack[-0xc]	READ	1
0x001968b6	0xStack[-0xc]	WRITE	0
0x001968c1	0xStack[-0xa]	READ	1
0x001968cb	0x0015a75c	UNCONDITIONAL_CALL	0
0x001968d0	0xStack[-0x8]	WRITE	0
0x001968d9	0x00189a5c	UNCONDITIONAL_CALL	0
0x001968e3	0x001968ec	CONDITIONAL_JUMP	0
0x001968ea	0x00196901	UNCONDITIONAL_JUMP	0
0x001968f2	0xStack[-0x10]	DATA	0
0x00196902	0xStack[-0x8]	READ	1
0x00196906	0x0015a824	UNCONDITIONAL_CALL	0
0x0019690d	0xStack[-0x1c]	DATA	0
0x0019691b	0xStack[0x4]	READ	1
0x00196925	0x0019693c	CONDITIONAL_JUMP	0
0x0019692d	0xStack[0xc]	READ	1
0x0019694b	0xStack[0x4]	READ	1
0x00196955	0x00196961	CONDITIONAL_JUMP	0
0x0019696d	0xStack[0x4]	READ	1
0x00196979	0x00196980	CONDITIONAL_JUMP	0
0x0019697e	0x001969e8	CONDITIONAL_JUMP	0
0x00196980	0x001dac14	READ	1
0x0019698c	0x001969e8	CONDITIONAL_JUMP	0
0x0019699c	0x001969c8	CONDITIONAL_JUMP	0
0x001969a0	0x001969b4	CONDITIONAL_JUMP	0
0x001969a4	0x001f94a0	READ	1
0x001969aa	0x00202bb4	DATA	0
0x001969ac	0x001ce960	UNCONDITIONAL_CALL	0
0x001969b8	0x001f94a0	READ	1
0x001969be	0x00202bb4	DATA	0
0x001969c0	0x001ce960	UNCONDITIONAL_CALL	0
0x001969c9	0x001dac14	READ	1
0x001969d7	0x001969dc	CONDITIONAL_JUMP	0
0x001969e6	0x00196998	CONDITIONAL_JUMP	0
0x001969ea	0xStack[-0xc]	DATA	0
0x001969f9	0xStack[0x4]	READ	1
0x001969fc	0xStack[0xc]	READ	1
0x00196a0a	0x00196a14	CONDITIONAL_JUMP	0
0x00196a0e	0x00196b48	UNCONDITIONAL_JUMP	0
0x00196a14	0x001e7774	READ	1
0x00196a1b	0x00196a19	CONDITIONAL_JUMP	0
0x00196a22	0x001e7774	READ_WRITE	0
0x00196a2d	0x00196a14	CONDITIONAL_JUMP	0
0x00196a32	0x00196a3c	CONDITIONAL_JUMP	0
0x00196a37	0x00196a64	CONDITIONAL_JUMP	0
0x00196a39	0x00196a7c	UNCONDITIONAL_JUMP	0
0x00196a3c	0x001e38e8	READ	1
0x00196a43	0x00196a81	CONDITIONAL_JUMP	0
0x00196a47	0x001e38e8	WRITE	0
0x00196a52	0x001e387c	DATA	0
0x00196a60	0x00196a81	UNCONDITIONAL_JUMP	0
0x00196a64	0x001e38e8	READ	1
0x00196a6b	0x00196a81	CONDITIONAL_JUMP	0
0x00196a6f	0x001e38e8	WRITE	0
0x00196a79	0x00196a81	UNCONDITIONAL_JUMP	0
0x00196a83	0x001e7774	READ_WRITE	0
0x00196a8b	0x00196b46	CONDITIONAL_JUMP	0
0x00196a94	0x001e7774	READ	1
0x00196a9b	0x00196a99	CONDITIONAL_JUMP	0
0x00196aa2	0x001e7774	READ_WRITE	0
0x00196aad	0x00196a94	CONDITIONAL_JUMP	0
0x00196aaf	0x001f7b48	READ	1
0x00196ab6	0x00196ad4	CONDITIONAL_JUMP	0
0x00196ab8	0x001f7b3c	READ	1
0x00196ac3	0x0001114c	READ	0
0x00196aca	0x00196ae0	CONDITIONAL_JUMP	0
0x00196ad1	0x00196ae0	UNCONDITIONAL_JUMP	0
0x00196ae0	0x001e38e8	READ	1
0x00196ae7	0x00196b3e	CONDITIONAL_JUMP	0
0x00196aec	0x00196af8	CONDITIONAL_JUMP	0
0x00196af0	0x001e38e8	WRITE	0
0x00196af5	0x00196b3e	UNCONDITIONAL_JUMP	0
0x00196afa	0x00196b10	CONDITIONAL_JUMP	0
0x00196aff	0x001e3840	DATA	1
0x00196b06	0x001e3840	DATA	0
0x00196b10	0x001e38e8	READ_WRITE	0
0x00196b16	0x001e38e8	READ	0
0x00196b1d	0x00196b29	CONDITIONAL_JUMP	0
0x00196b1f	0x001e38e8	WRITE	0
0x00196b34	0x0019585c	DATA	0
0x00196b39	0x001604b0	UNCONDITIONAL_CALL	0
0x00196b40	0x001e7774	READ_WRITE	0
0x00196b48	0xStack[-0xc]	DATA	0
0x00196b57	0xStack[0x4]	READ	1
0x00196b5a	0xStack[0xc]	READ	1
0x00196b66	0x00196b69	CONDITIONAL_JUMP	0
0x00196b77	0xStack[0x4]	READ	1
0x00196b82	0x00196b94	CONDITIONAL_JUMP	0
0x00196b84	0xStack[0xc]	READ	1
0x00196ba4	0xStack[0x4]	READ	1
0x00196baf	0x00196bc0	CONDITIONAL_JUMP	0
0x00196bcc	0xStack[-0x8]	READ	1
0x00196bd7	0x001f94a8	READ	1
0x00196bdd	0x00202c84	DATA	0
0x00196bde	0x001f9464	READ	1
0x00196be4	0x00202a00	DATA	0
0x00196be5	0x001e7768	READ	1
0x00196bec	0x001ce960	UNCONDITIONAL_CALL	0
0x00196bf6	0x00196c15	CONDITIONAL_JUMP	0
0x00196bf8	0x001f94a8	READ	1
0x00196bfe	0x00202c84	DATA	0
0x00196bff	0x001e7768	READ	1
0x00196c06	0x001ce960	UNCONDITIONAL_CALL	0
0x00196c10	0x001a54a8	UNCONDITIONAL_CALL	0
0x00196c22	0x001e3e38	DATA	0
0x00196c27	0x0010c0d8	UNCONDITIONAL_CALL	0
0x00196c2c	0xStack[-0x68]	DATA	0
0x00196c31	0x00191af8	UNCONDITIONAL_CALL	0
0x00196c39	0xStack[-0x68]	READ	0
0x00196c3d	0x00196c50	CONDITIONAL_JUMP	0
0x00196c3f	0x001e3e52	DATA	0
0x00196c44	0x0010c0d8	UNCONDITIONAL_CALL	0
0x00196c50	0x001e3e68	DATA	0
0x00196c5c	0x00108b84	UNCONDITIONAL_CALL	0
0x00196c6b	0xStack[0x10]	READ	1
0x00196c6f	0xStack[0xc]	READ	1
0x00196c73	0x00195ec0	UNCONDITIONAL_CALL	0
0x00196c7f	0x001e7768	READ	0
0x00196c86	0x00196c90	CONDITIONAL_JUMP	0
0x00196c88	0xStack[0xc]	READ	1
0x00196c8b	0x001e7768	WRITE	0
0x00196c97	0x001e7768	READ	1
0x00196c9c	0xStack[0xc]	READ	0
0x00196c9f	0x00196cab	CONDITIONAL_JUMP	0
0x00196ca1	0x001e7768	WRITE	0
0x00196cb9	0xStack[0xc]	READ	1
0x00196cbc	0xStack[0x10]	READ	1
0x00196cc1	0x001e3e69	DATA	1
0x00196cce	0x001e3e69	READ	0
0x00196cce	0x001e3e6a	READ	0
0x00196cd0	0x00196cfc	CONDITIONAL_JUMP	0
0x00196cd2	0xStack[0x14]	READ	1
0x00196cd8	0x001f94bc	READ	1
0x00196cde	0x00202a88	DATA	0
0x00196cdf	0xStack[0x4]	READ	1
0x00196ce2	0xStack[-0xc]	WRITE	0
0x00196ce5	0x001fa018	READ	1
0x00196ceb	0x001fdfcd	DATA	1
0x00196ceb	0xStack[-0x8]	WRITE	0
0x00196cee	0xStack[-0xc]	DATA	0
0x00196cf2	0x001cea70	UNCONDITIONAL_CALL	0
0x00196cf7	0x00196d08	UNCONDITIONAL_JUMP	0
0x00196cff	0x001f7a44	WRITE	0
0x00196d08	0xStack[-0x18]	DATA	0
0x00196d1c	0xStack[0x4]	READ	1
0x00196d22	0x00196d30	CONDITIONAL_JUMP	0
0x00196d29	0x00196e27	UNCONDITIONAL_JUMP	0
0x00196d30	0xStack[0x8]	READ	1
0x00196d34	0x001f94c0	READ	1
0x00196d3a	0x00202bbc	DATA	0
0x00196d3b	0x001f7b48	READ	1
0x00196d42	0x001ce960	UNCONDITIONAL_CALL	0
0x00196d4c	0x00196e27	CONDITIONAL_JUMP	0
0x00196d52	0x001e97d0	DATA	1
0x00196d57	0x001e9804	WRITE	0
0x00196d61	0x001e97f4	WRITE	0
0x00196d61	0x00197134	DATA	1
0x00196d6b	0x001e9817	WRITE	0
0x00196d72	0x001e9810	READ	1
0x00196d79	0x00196d98	CONDITIONAL_JUMP	0
0x00196d7d	0x00196dce	CONDITIONAL_JUMP	0
0x00196d7f	0x001e8758	READ	1
0x00196d8c	0x00196dce	CONDITIONAL_JUMP	0
0x00196d93	0x00196e27	UNCONDITIONAL_JUMP	0
0x00196d98	0x001e97d0	DATA	0
0x00196d9d	0x0010dd68	UNCONDITIONAL_CALL	0
0x00196da2	0x001e980c	WRITE	0
0x00196dac	0x001e981d	WRITE	0
0x00196db3	0x001e981a	WRITE	0
0x00196dba	0x001e9819	WRITE	0
0x00196dc1	0x001e9810	WRITE	0
0x00196dce	0x001e9817	READ	1
0x00196dd8	0x001e97d0	DATA	0
0x00196ddd	0x001db048	READ	1
0x00196de3	0x0010ed98	COMPUTED_CALL	0
0x00196dec	0x00196e25	CONDITIONAL_JUMP	0
0x00196dee	0xStack[-0xc]	DATA	0
0x00196df2	0x001f94c4	READ	1
0x00196df8	0x00202b48	DATA	0
0x00196df9	0x001f7b48	READ	1
0x00196e00	0x001ce960	UNCONDITIONAL_CALL	0
0x00196e05	0xStack[-0xc]	READ	1
0x00196e09	0x001e982c	WRITE	0
0x00196e0d	0xStack[-0xa]	READ	1
0x00196e11	0x001e982e	WRITE	0
0x00196e15	0xStack[-0x8]	READ	1
0x00196e19	0x001e9830	WRITE	0
0x00196e1d	0xStack[-0x6]	READ	1
0x00196e21	0x001e9832	WRITE	0
0x00196e27	0xStack[-0x14]	DATA	0
0x00196e33	0x001e9817	READ	1
0x00196e40	0x001e97d0	DATA	0
0x00196e45	0x001dafec	DATA	1
0x00196e4d	0x001e97d0	DATA	0
0x00196e52	0x0010ef6c	UNCONDITIONAL_CALL	0
0x00196e63	0x001e9817	READ	1
0x00196e70	0xStack[0x8]	READ	1
0x00196e74	0x001e97d0	DATA	0
0x00196e79	0x001daff0	DATA	1
0x00196e8b	0x001e9817	READ	1
0x00196e98	0xStack[0x8]	READ	1
0x00196e9c	0x001e97d0	DATA	0
0x00196ea1	0x001daff4	DATA	1
0x00196eb9	0xStack[0x8]	READ	1
0x00196ebc	0xStack[0xc]	READ	1
0x00196ebf	0x001e97d0	DATA	1
0x00196eca	0x00196f38	CONDITIONAL_JUMP	0
0x00196ecc	0x00196f08	CONDITIONAL_JUMP	0
0x00196ed4	0x00196fdc	CONDITIONAL_JUMP	0
0x00196eda	0x00196ef0	CONDITIONAL_JUMP	0
0x00196ee2	0x00196f88	CONDITIONAL_JUMP	0
0x00196ee8	0x00196fe4	UNCONDITIONAL_JUMP	0
0x00196ef6	0x00196f50	CONDITIONAL_JUMP	0
0x00196efe	0x00196f6c	CONDITIONAL_JUMP	0
0x00196f00	0x00196fe4	UNCONDITIONAL_JUMP	0
0x00196f0e	0x00196f78	CONDITIONAL_JUMP	0
0x00196f10	0x00196f20	CONDITIONAL_JUMP	0
0x00196f18	0x00196f80	CONDITIONAL_JUMP	0
0x00196f1a	0x00196fe4	UNCONDITIONAL_JUMP	0
0x00196f26	0x00196f94	CONDITIONAL_JUMP	0
0x00196f2e	0x00196fa0	CONDITIONAL_JUMP	0
0x00196f30	0x00196fe4	UNCONDITIONAL_JUMP	0
0x00196f38	0x001f94c8	READ	1
0x00196f3e	0x00202b74	DATA	0
0x00196f3e	0x00202b80	DATA	0
0x00196f3e	0x00202ba4	DATA	0
0x00196f3f	0x001f7b48	READ	1
0x00196f46	0x001ce960	UNCONDITIONAL_CALL	0
0x00196f4b	0x00197019	UNCONDITIONAL_JUMP	0
0x00196f51	0x001f94cc	READ	1
0x00196f57	0x00202b64	DATA	0
0x00196f57	0x00202b8c	DATA	0
0x00196f57	0x00202b98	DATA	0
0x00196f57	0x00202b58	DATA	0
0x00196f58	0x001f7b48	READ	1
0x00196f5f	0x001ce960	UNCONDITIONAL_CALL	0
0x00196f64	0x00197019	UNCONDITIONAL_JUMP	0
0x00196f6d	0x001f94d0	READ	1
0x00196f73	0x00196f57	UNCONDITIONAL_JUMP	0
0x00196f78	0x001f94d4	READ	1
0x00196f7e	0x00196f3e	UNCONDITIONAL_JUMP	0
0x00196f80	0x001f94d8	READ	1
0x00196f86	0x00196f3e	UNCONDITIONAL_JUMP	0
0x00196f8b	0x001f94a4	READ	1
0x00196f91	0x00196f57	UNCONDITIONAL_JUMP	0
0x00196f95	0x001f94dc	READ	1
0x00196f9b	0x00196f57	UNCONDITIONAL_JUMP	0
0x00196fa0	0xStack[-0xc]	DATA	0
0x00196fa4	0x001f94c4	READ	1
0x00196faa	0x00202b48	DATA	0
0x00196fab	0x001f7b48	READ	1
0x00196fb2	0x001ce960	UNCONDITIONAL_CALL	0
0x00196fb7	0xStack[-0xc]	READ	1
0x00196fbe	0xStack[-0xa]	READ	1
0x00196fc6	0xStack[-0x8]	READ	1
0x00196fce	0xStack[-0x6]	READ	1
0x00196fd8	0x00197019	UNCONDITIONAL_JUMP	0
0x00196fe1	0x00197019	UNCONDITIONAL_JUMP	0
0x00196fe4	0x001e9817	READ	1
0x00196fee	0xStack[0x10]	READ	1
0x00196ff4	0x001e97d0	DATA	0
0x00196ff5	0x001daff8	DATA	1
0x00197002	0x00197019	CONDITIONAL_JUMP	0
0x00197004	0xStack[0x10]	READ	1
0x0019700a	0x001e97d0	DATA	0
0x0019700b	0x0010df60	UNCONDITIONAL_CALL	0
0x00197012	0x00197019	CONDITIONAL_JUMP	0
0x00197019	0xStack[-0x18]	DATA	0
0x00197027	0x001e9817	READ	1
0x00197034	0xStack[0x8]	READ	1
0x00197038	0x001e97d0	DATA	0
0x0019703d	0x001db010	DATA	1
0x00197051	0xStack[0x8]	READ	1
0x00197054	0x001f7b48	READ	1
0x0019705b	0x0019708c	CONDITIONAL_JUMP	0
0x00197060	0x00197074	CONDITIONAL_JUMP	0
0x00197064	0x001f94a0	READ	1
0x0019706a	0x00202bb4	DATA	0
0x0019706c	0x001ce960	UNCONDITIONAL_CALL	0
0x00197075	0x001f94a0	READ	1
0x0019707b	0x00202bb4	DATA	0
0x0019707c	0x001f7b48	READ	1
0x00197083	0x001ce960	UNCONDITIONAL_CALL	0
0x00197088	0x001970ba	UNCONDITIONAL_JUMP	0
0x0019708c	0x001f7b44	READ	1
0x00197094	0x0019709c	CONDITIONAL_JUMP	0
0x00197096	0x001f7b3c	READ	1
0x0019709f	0x001970ac	CONDITIONAL_JUMP	0
0x001970ba	0xStack[-0xc]	DATA	0
0x001970c8	0x001f7b48	READ	1
0x001970cf	0x001970d8	CONDITIONAL_JUMP	0
0x001970d3	0x001970fc	UNCONDITIONAL_JUMP	0
0x001970d8	0x001f94e0	READ	1
0x001970de	0x00202bac	DATA	0
0x001970e0	0x001ce960	UNCONDITIONAL_CALL	0
0x001970ed	0x001970f4	CONDITIONAL_JUMP	0
0x001970f5	0x00194bc8	UNCONDITIONAL_CALL	0
0x001970fc	0xStack[-0x8]	READ	1
0x00197107	0x001f7b48	READ	1
0x0019710e	0x00197118	CONDITIONAL_JUMP	0
0x00197118	0x001f94e0	READ	1
0x0019711e	0x00202bac	DATA	0
0x00197120	0x001ce960	UNCONDITIONAL_CALL	0
0x00197128	0x0019712f	CONDITIONAL_JUMP	0
0x00197138	0xStack[0x4]	READ	1
0x00197143	0x00197188	CONDITIONAL_JUMP	0
0x00197149	0x00197188	CONDITIONAL_JUMP	0
0x00197156	0x001daeac	DATA	1
0x00197161	0x00197170	CONDITIONAL_JUMP	0
0x00197164	0x001971e4	DATA	0
0x00197169	0x001692d8	UNCONDITIONAL_CALL	0
0x0019716e	0x001971d9	UNCONDITIONAL_JUMP	0
0x0019717a	0x001971e4	DATA	0
0x0019717f	0x001604b0	UNCONDITIONAL_CALL	0
0x00197184	0x001971d9	UNCONDITIONAL_JUMP	0
0x0019718e	0x001daeac	DATA	1
0x00197199	0x001971d9	CONDITIONAL_JUMP	0
0x001971a0	0x001971b3	CONDITIONAL_JUMP	0
0x001971ab	0x0010ab38	UNCONDITIONAL_CALL	0
0x001971b8	0x001971d9	CONDITIONAL_JUMP	0
0x001971c4	0x0010d7e4	UNCONDITIONAL_CALL	0
0x001971cd	0x0010d7b0	UNCONDITIONAL_CALL	0
0x001971db	0xStack[-0x8]	READ	1
0x001971ed	0xStack[0x4]	READ	1
0x001971f1	0x00111b58	UNCONDITIONAL_CALL	0
0x001971f6	0xStack[-0x58]	WRITE	0
0x00197201	0xStack[0x4]	READ	1
0x00197208	0x001972bf	CONDITIONAL_JUMP	0
0x00197211	0xStack[-0x5c]	WRITE	0
0x00197214	0xStack[-0x54]	DATA	0
0x00197217	0xStack[-0x60]	WRITE	0
0x0019721c	0xStack[0x4]	READ	1
0x00197226	0x00197244	CONDITIONAL_JUMP	0
0x00197228	0xStack[-0x58]	READ	1
0x00197234	0x00197244	CONDITIONAL_JUMP	0
0x00197242	0x0019724c	CONDITIONAL_JUMP	0
0x00197246	0xStack[-0x5c]	READ	1
0x0019724a	0x00197255	UNCONDITIONAL_JUMP	0
0x00197251	0xStack[-0x5c]	READ	1
0x00197255	0x00112ff0	UNCONDITIONAL_CALL	0
0x00197261	0x001972c3	CONDITIONAL_JUMP	0
0x0019726b	0x0019726f	CONDITIONAL_JUMP	0
0x00197272	0xStack[-0x60]	READ	1
0x00197276	0xStack[-0x5c]	READ	1
0x0019727a	0x00112eac	UNCONDITIONAL_CALL	0
0x0019727f	0xStack[-0x60]	READ	1
0x0019728a	0x001972b2	CONDITIONAL_JUMP	0
0x0019728c	0xStack[-0x64]	WRITE	0
0x00197290	0xStack[-0x54]	DATA	1
0x00197296	0x001f94a0	READ	1
0x0019729c	0x00202bb4	DATA	0
0x0019729d	0x001f7b48	READ	1
0x001972a4	0x001ce960	UNCONDITIONAL_CALL	0
0x001972ad	0xStack[-0x64]	READ	0
0x001972b0	0x00197290	CONDITIONAL_JUMP	0
0x001972b2	0xStack[0x4]	READ	1
0x001972b9	0x0019721c	CONDITIONAL_JUMP	0
0x001972c1	0x00197300	CONDITIONAL_JUMP	0
0x001972c3	0xStack[0x4]	READ	1
0x001972ca	0x00112db0	UNCONDITIONAL_CALL	0
0x001972d9	0x001606d0	UNCONDITIONAL_CALL	0
0x001972e3	0xStack[0x4]	READ	1
0x001972e7	0x0010dee4	DATA	0
0x001972ec	0x001604b0	UNCONDITIONAL_CALL	0
0x001972f1	0xStack[0x4]	READ	1
0x001972fb	0x00197317	UNCONDITIONAL_JUMP	0
0x00197300	0xStack[0x4]	READ	1
0x00197307	0x00197317	CONDITIONAL_JUMP	0
0x0019730a	0x001971e4	DATA	0
0x0019730f	0x001692d8	UNCONDITIONAL_CALL	0
0x00197317	0xStack[0x4]	READ	1
0x0019732b	0x001daeac	DATA	1
0x00197336	0x0019737d	CONDITIONAL_JUMP	0
0x0019733a	0x00197350	CONDITIONAL_JUMP	0
0x00197341	0xStack[0x4]	READ	1
0x00197348	0x0010ab38	UNCONDITIONAL_CALL	0
0x00197350	0xStack[0x4]	READ	1
0x00197358	0x0019737d	CONDITIONAL_JUMP	0
0x00197365	0x0010d7e4	UNCONDITIONAL_CALL	0
0x0019736a	0xStack[0x4]	READ	1
0x00197371	0x0010d7b0	UNCONDITIONAL_CALL	0
0x0019737f	0xStack[-0x70]	DATA	0
0x0019738f	0x001e777c	READ	0
0x00197396	0x0019739d	CONDITIONAL_JUMP	0
0x00197398	0x00197514	UNCONDITIONAL_CALL	0
0x0019739d	0x001e3e78	DATA	0
0x001973a2	0xStack[0x4]	READ	1
0x001973a6	0x00195ec0	UNCONDITIONAL_CALL	0
0x001973b7	0x00195758	UNCONDITIONAL_CALL	0
0x001973cf	0xStack[0xc]	READ	1
0x001973d2	0xStack[0x30]	READ	1
0x001973d6	0xStack[0x2c]	READ	1
0x001973da	0xStack[0x28]	READ	1
0x001973de	0xStack[0x24]	READ	1
0x001973e2	0xStack[0x20]	READ	1
0x001973e6	0xStack[0x1c]	READ	1
0x001973ea	0xStack[0x18]	READ	1
0x001973ee	0xStack[0x14]	READ	1
0x001973f2	0xStack[0x10]	READ	1
0x001973f6	0xStack[-0xcc]	DATA	0
0x001973fd	0x0010c188	UNCONDITIONAL_CALL	0
0x00197407	0x00195ec0	UNCONDITIONAL_CALL	0
0x0019740e	0xStack[-0xd4]	DATA	0
0x0019741f	0x00195758	UNCONDITIONAL_CALL	0
0x00197438	0xStack[-0xcc]	DATA	0
0x0019743e	0xStack[0x24]	READ	1
0x00197442	0xStack[0x20]	READ	1
0x00197446	0xStack[0x1c]	READ	1
0x0019744a	0xStack[0x18]	READ	1
0x0019744e	0xStack[0x14]	READ	1
0x00197452	0xStack[0x10]	READ	1
0x00197456	0xStack[0xc]	READ	1
0x0019745a	0xStack[0x8]	READ	1
0x0019745e	0xStack[0x4]	READ	1
0x00197463	0x0010c188	UNCONDITIONAL_CALL	0
0x0019746c	0xStack[-0xcc]	DATA	1
0x0019746f	0xStack[-0xd0]	WRITE	0
0x00197476	0x001f7b48	READ	1
0x0019747d	0x001974b0	CONDITIONAL_JUMP	0
0x00197482	0x00197496	CONDITIONAL_JUMP	0
0x00197486	0x001f94a0	READ	1
0x0019748c	0x00202bb4	DATA	0
0x0019748e	0x001ce960	UNCONDITIONAL_CALL	0
0x00197497	0x001f94a0	READ	1
0x0019749d	0x00202bb4	DATA	0
0x0019749e	0x001f7b48	READ	1
0x001974a5	0x001ce960	UNCONDITIONAL_CALL	0
0x001974ad	0x001974e0	UNCONDITIONAL_JUMP	0
0x001974b0	0x001f7b44	READ	1
0x001974b8	0x001974c0	CONDITIONAL_JUMP	0
0x001974ba	0x001f7b3c	READ	1
0x001974c3	0x001974d0	CONDITIONAL_JUMP	0
0x001974d0	0xStack[-0xd0]	READ	1
0x001974e2	0x0019746c	CONDITIONAL_JUMP	0
0x001974e4	0xStack[-0xdc]	DATA	0
0x001974f7	0x001f7b48	READ	1
0x001974fe	0x0019750d	CONDITIONAL_JUMP	0
0x00197500	0x001f94d8	READ	1
0x00197506	0x00202b74	DATA	0
0x00197508	0x001ce960	UNCONDITIONAL_CALL	0
0x00197517	0x001e777c	WRITE	0
0x00197521	0x0019ecb8	UNCONDITIONAL_CALL	0
0x00197526	0x001f7b3c	WRITE	0
0x0019752d	0x00197539	CONDITIONAL_JUMP	0
0x0019752f	0x00197c58	UNCONDITIONAL_CALL	0
0x00197534	0x001f7b3c	WRITE	0
0x00197539	0x0001114c	READ	0
0x00197540	0x00197568	CONDITIONAL_JUMP	0
0x00197542	0x001f7b40	WRITE	0
0x0019754c	0x001f7b3c	READ	1
0x00197551	0x001e38a4	READ	1
0x00197557	0x001e3888	DATA	0
0x00197568	0x001f7b40	WRITE	0
0x00197572	0x001f7b3c	READ	1
0x00197577	0x001e38a4	READ	1
0x0019757d	0x001e3888	DATA	0
0x00197584	0x0019755e	UNCONDITIONAL_JUMP	0
0x0019758b	0x001f7b48	READ	1
0x00197592	0x001975a5	CONDITIONAL_JUMP	0
0x00197594	0xStack[0x4]	READ	1
0x00197598	0x001f94b4	READ	1
0x0019759e	0x00202ca8	DATA	0
0x001975a0	0x001ce960	UNCONDITIONAL_CALL	0
0x001975af	0x001f7b48	READ	1
0x001975b6	0x001975c9	CONDITIONAL_JUMP	0
0x001975b8	0xStack[0x4]	READ	1
0x001975bc	0x001f94b8	READ	1
0x001975c2	0x00202cbc	DATA	0
0x001975c4	0x001ce960	UNCONDITIONAL_CALL	0
0x001975d9	0xStack[0x4]	READ	1
0x001975e3	0x0019790e	CONDITIONAL_JUMP	0
0x001975e9	0xStack[0xc]	READ	1
0x001975ed	0x00197988	UNCONDITIONAL_CALL	0
0x001975f2	0xStack[0xc]	WRITE	0
0x001975f5	0x001e8640	WRITE	0
0x001975ff	0x001e8628	WRITE	0
0x00197609	0x001e862c	WRITE	0
0x00197618	0x001e7780	WRITE	0
0x00197618	0x001e7781	WRITE	0
0x00197626	0x00197618	CONDITIONAL_JUMP	0
0x0019762a	0xStack[0xc]	READ	1
0x0019762d	0xStack[-0x18]	WRITE	0
0x00197630	0xStack[-0x24]	WRITE	0
0x00197637	0x00197654	CONDITIONAL_JUMP	0
0x0019763c	0xStack[-0x18]	READ	1
0x00197641	0xStack[-0x24]	WRITE	0
0x00197646	0x00197649	CONDITIONAL_JUMP	0
0x00197649	0xStack[-0x18]	READ_WRITE	0
0x0019764c	0xStack[-0x18]	READ	1
0x00197652	0x0019763c	CONDITIONAL_JUMP	0
0x00197654	0xStack[-0x24]	READ	0
0x00197658	0x0019765b	CONDITIONAL_JUMP	0
0x0019765b	0x001e8630	READ	1
0x00197667	0x001e8630	WRITE	0
0x0019766d	0x001e8628	READ_WRITE	0
0x00197674	0x001e3e90	READ	1
0x00197679	0x001d4ed0	READ	1
0x0019767d	0xStack[-0x20]	WRITE	0
0x00197691	0xStack[-0x20]	READ	1
0x00197694	0xStack[-0x14]	WRITE	0
0x0019769d	0x001e862c	READ	1
0x001976a5	0xStack[-0x20]	WRITE	0
0x001976ab	0xStack[-0x20]	READ	1
0x001976b5	0x001e863c	WRITE	0
0x001976bb	0xStack[0xc]	READ	1
0x001976be	0xStack[-0x18]	WRITE	0
0x001976c4	0x001978b9	CONDITIONAL_JUMP	0
0x001976cc	0xStack[-0x18]	READ	1
0x001976d4	0x001976fc	CONDITIONAL_JUMP	0
0x001976d6	0x001e3e90	READ	1
0x001976de	0xStack[-0x20]	WRITE	0
0x001976e4	0x001976fc	CONDITIONAL_JUMP	0
0x001976ec	0x001d4ce0	DATA	1
0x001976fa	0x001976dc	CONDITIONAL_JUMP	0
0x001976fc	0x001e8628	READ	1
0x00197704	0xStack[-0x20]	WRITE	0
0x0019770a	0xStack[-0x20]	READ	1
0x00197711	0x001e8638	WRITE	0
0x00197716	0xStack[-0x18]	READ	1
0x0019771c	0x001978a4	CONDITIONAL_JUMP	0
0x00197724	0xStack[-0x18]	READ	1
0x0019772c	0x00197738	CONDITIONAL_JUMP	0
0x0019772f	0xStack[-0x18]	WRITE	0
0x00197732	0x001978a4	UNCONDITIONAL_JUMP	0
0x0019773e	0x001e3e90	READ	1
0x0019774b	0xStack[-0x1c]	WRITE	0
0x00197752	0x001d4cda	DATA	1
0x00197757	0x0019786c	CONDITIONAL_JUMP	0
0x00197760	0x001d4cd8	DATA	1
0x00197768	0x0019785c	CONDITIONAL_JUMP	0
0x00197770	0x001d4cda	DATA	1
0x00197774	0xStack[-0x1c]	READ	1
0x0019777b	0xStack[-0x28]	WRITE	0
0x00197781	0x001d4ce4	DATA	1
0x0019778b	0x001e3e90	READ	1
0x00197791	0x001d54d8	READ	1
0x00197797	0x001d4be8	DATA	1
0x0019779b	0xStack[-0x28]	WRITE	0
0x001977ab	0x0019784d	CONDITIONAL_JUMP	0
0x001977b1	0x001d4cdc	DATA	1
0x001977b5	0x001d4cde	DATA	1
0x001977b9	0x001e863c	READ	1
0x001977c1	0xStack[-0x1c]	READ	1
0x001977c4	0x001e8638	READ	1
0x001977cc	0xStack[-0x2c]	WRITE	0
0x001977d3	0x001e8628	READ	1
0x001977dc	0xStack[-0x20]	WRITE	0
0x001977e8	0x001e3e8c	READ	1
0x001977ee	0xStack[-0x28]	WRITE	0
0x001977f1	0x001e8640	READ	1
0x001977f7	0xStack[-0x20]	WRITE	0
0x001977fc	0x0019781e	CONDITIONAL_JUMP	0
0x00197800	0x0019780a	CONDITIONAL_JUMP	0
0x00197802	0x001e8644	READ	1
0x0019780a	0xStack[-0x28]	READ	1
0x0019780d	0x001e7780	DATA	1
0x0019780f	0x001e8644	WRITE	0
0x00197815	0xStack[-0x28]	READ	1
0x00197818	0x001e8640	WRITE	0
0x0019782a	0xStack[-0x2c]	READ_WRITE	0
0x00197838	0x001e8644	READ	1
0x00197840	0xStack[-0x2c]	READ	1
0x00197847	0x001e8644	WRITE	0
0x0019784e	0x001d4cd8	DATA	1
0x00197856	0x00197770	CONDITIONAL_JUMP	0
0x0019785c	0xStack[-0x1c]	READ_WRITE	0
0x0019785f	0x001d4cda	DATA	1
0x00197863	0xStack[-0x1c]	READ	0
0x00197866	0x00197760	CONDITIONAL_JUMP	0
0x0019786c	0x001e8640	READ	1
0x00197874	0x0019787e	CONDITIONAL_JUMP	0
0x00197876	0x001e8644	READ	1
0x0019787c	0x001e7780	DATA	1
0x0019787e	0x001e8640	WRITE	0
0x00197888	0x001d4ce0	DATA	1
0x0019788c	0xStack[-0x20]	WRITE	0
0x0019788f	0x001e8638	READ_WRITE	0
0x00197895	0xStack[-0x18]	READ_WRITE	0
0x00197898	0xStack[-0x18]	READ	1
0x0019789e	0x00197724	CONDITIONAL_JUMP	0
0x001978a4	0xStack[-0x14]	READ	1
0x001978a7	0x001e863c	READ_WRITE	0
0x001978ad	0xStack[-0x18]	READ	1
0x001978b3	0x001976cc	CONDITIONAL_JUMP	0
0x001978b9	0xStack[0x4]	READ	1
0x001978c2	0xStack[-0x20]	WRITE	0
0x001978c5	0x001e8628	READ	1
0x001978cc	0xStack[-0xc]	WRITE	0
0x001978d0	0x001e862c	READ	1
0x001978d7	0xStack[-0xa]	WRITE	0
0x001978db	0x001e8630	READ	1
0x001978e5	0xStack[-0x10]	WRITE	0
0x001978e9	0x001e8634	READ	1
0x001978f4	0xStack[-0xe]	WRITE	0
0x001978f8	0x001e3e8c	READ	1
0x001978fe	0x001e7780	DATA	1
0x001978fe	0xStack[-0x8]	WRITE	0
0x00197901	0xStack[-0x10]	DATA	0
0x00197905	0xStack[-0x20]	READ	1
0x0019790e	0xStack[-0x38]	DATA	0
0x0019791e	0xStack[0x4]	READ	1
0x00197928	0x00197981	CONDITIONAL_JUMP	0
0x0019792a	0x001e8620	WRITE	0
0x00197934	0xStack[-0xc]	WRITE	0
0x0019793a	0x001e8624	WRITE	0
0x00197944	0xStack[-0xa]	WRITE	0
0x0019794a	0x001e8630	WRITE	0
0x00197954	0xStack[-0x10]	WRITE	0
0x0019795a	0x001e8634	WRITE	0
0x00197964	0xStack[-0xe]	WRITE	0
0x0019796a	0x001d1648	DATA	1
0x0019796a	0xStack[-0x8]	WRITE	0
0x00197977	0xStack[-0x10]	DATA	0
0x0019798e	0x001f7a1c	READ	1
0x00197997	0x0019799b	CONDITIONAL_JUMP	0
0x0019799b	0x001e3e94	READ	0
0x001979a2	0x001979d7	CONDITIONAL_JUMP	0
0x001979a4	0x001e3e94	DATA	1
0x001979ac	0xStack[0x4]	READ	1
0x001979b0	0x001e3e94	READ	1
0x001979b0	0x001e3eb0	READ	1
0x001979b2	0x001e41e0	DATA	0
0x001979b2	0x001e4152	DATA	0
0x001979b3	0x00101e7c	UNCONDITIONAL_CALL	0
0x001979bd	0x001979cc	CONDITIONAL_JUMP	0
0x001979bf	0x001e3e94	READ	1
0x001979bf	0x001e41e0	DATA	0
0x001979c8	0x001979d7	CONDITIONAL_JUMP	0
0x001979ca	0x001979da	UNCONDITIONAL_JUMP	0
0x001979d2	0x001e3eb0	READ	0
0x001979d5	0x001979ac	CONDITIONAL_JUMP	0
0x001979d7	0xStack[0x4]	READ	1
0x001979da	0xStack[-0x10]	DATA	0
0x001979f5	0x001e8648	READ_WRITE	0
0x001979fc	0x001d54df	READ	1
0x00197a0a	0x001e8648	READ_WRITE	0
0x00197a1f	0x001e8648	READ_WRITE	0
0x00197a26	0x001d54dc	READ	1
0x00197a34	0x001e8648	READ_WRITE	0
0x00197a3b	0x001d54dd	READ	1
0x00197a49	0x001e8648	READ_WRITE	0
0x00197a5e	0x001e8648	READ_WRITE	0
0x00197a65	0x001d54de	READ	1
0x00197a65	0x001d54df	READ	1
0x00197a73	0x001e8648	READ_WRITE	0
0x00197a7e	0x00197a54	CONDITIONAL_JUMP	0
0x00197a88	0x001e8648	READ_WRITE	0
0x00197a97	0x001e8648	READ_WRITE	0
0x00197aa6	0x001e8648	READ_WRITE	0
0x00197ab5	0x001e8648	READ_WRITE	0
0x00197aca	0x001e8648	READ_WRITE	0
0x00197ad1	0x001d54e3	READ	1
0x00197ad1	0x001d54e4	READ	1
0x00197adf	0x001e8648	READ_WRITE	0
0x00197aea	0x00197ac0	CONDITIONAL_JUMP	0
0x00197afe	0x001e8648	READ_WRITE	0
0x00197b05	0x001d54fc	READ	1
0x00197b05	0x001d54fd	READ	1
0x00197b0e	0x001e8648	READ_WRITE	0
0x00197b19	0x00197af4	CONDITIONAL_JUMP	0
0x00197b2a	0x001e8648	READ_WRITE	0
0x00197b31	0x001d5511	READ	1
0x00197b31	0x001d5512	READ	1
0x00197b3f	0x001e8648	READ_WRITE	0
0x00197b4a	0x00197b20	CONDITIONAL_JUMP	0
0x00197b4c	0xStack[-0x10]	WRITE	0
0x00197b54	0xStack[-0x10]	READ	1
0x00197b59	0x00197b5e	CONDITIONAL_JUMP	0
0x00197b61	0xStack[-0xc]	WRITE	0
0x00197b64	0xStack[-0x10]	READ	1
0x00197b69	0xStack[-0xc]	WRITE	0
0x00197b6f	0x001d551a	DATA	1
0x00197b76	0x001d551b	DATA	1
0x00197b7d	0x001d551c	DATA	1
0x00197b84	0xStack[-0x10]	READ	1
0x00197b8f	0x001e8648	READ_WRITE	0
0x00197b98	0x0018d1e4	UNCONDITIONAL_CALL	0
0x00197baa	0x001e8648	READ_WRITE	0
0x00197bb3	0x0018d1e4	UNCONDITIONAL_CALL	0
0x00197bc5	0x001e8648	READ_WRITE	0
0x00197bce	0x0018d1e4	UNCONDITIONAL_CALL	0
0x00197be0	0x001e8648	READ_WRITE	0
0x00197be9	0x0018d1e4	UNCONDITIONAL_CALL	0
0x00197bf1	0xStack[-0x10]	READ_WRITE	0
0x00197bf4	0xStack[-0x10]	READ	0
0x00197bf8	0x00197b54	CONDITIONAL_JUMP	0
0x00197c0a	0x00101630	UNCONDITIONAL_CALL	0
0x00197c1d	0x001e8648	READ_WRITE	0
0x00197c2c	0x001e8648	READ_WRITE	0
0x00197c33	0x001d54df	READ	1
0x00197c44	0x001e8648	READ_WRITE	0
0x00197c4d	0xStack[-0x1c]	DATA	0
0x00197c62	0x0019ecb8	UNCONDITIONAL_CALL	0
0x00197c69	0x00197c96	CONDITIONAL_JUMP	0
0x00197c70	0xStack[-0x8c]	DATA	0
0x00197c77	0x00101600	UNCONDITIONAL_CALL	0
0x00197c7c	0xStack[-0x8c]	WRITE	0
0x00197c86	0xStack[-0x88]	WRITE	0
0x00197c91	0x0019b760	UNCONDITIONAL_CALL	0
0x00197c96	0xStack[-0x90]	READ	1
0x00197ca9	0xStack[0x4]	READ	1
0x00197cbe	0xStack[-0x14]	WRITE	0
0x00197ce1	0x001e8654	READ_WRITE	0
0x00197cf0	0x001e8654	READ_WRITE	0
0x00197cff	0x001e8654	READ_WRITE	0
0x00197d0e	0x001e8654	READ_WRITE	0
0x00197d1b	0xStack[-0xc]	WRITE	0
0x00197d26	0x001e8654	READ_WRITE	0
0x00197d32	0xStack[-0xc]	READ	1
0x00197d36	0x001e8654	READ_WRITE	0
0x00197d3d	0xStack[-0x14]	READ	1
0x00197d4c	0xStack[-0x14]	READ	1
0x00197d51	0x00197e10	CONDITIONAL_JUMP	0
0x00197d5a	0xStack[-0x5]	WRITE	0
0x00197d63	0xStack[-0x10]	WRITE	0
0x00197d6e	0x001e8654	READ_WRITE	0
0x00197d7a	0xStack[-0x10]	READ	1
0x00197d7e	0x001e8654	READ_WRITE	0
0x00197d85	0xStack[-0x5]	READ	1
0x00197d8a	0xStack[-0x10]	WRITE	0
0x00197d95	0x001e8654	READ_WRITE	0
0x00197da1	0xStack[-0x10]	READ	1
0x00197da5	0x001e8654	READ_WRITE	0
0x00197db5	0xStack[-0x10]	WRITE	0
0x00197dc0	0x001e8654	READ_WRITE	0
0x00197dcc	0xStack[-0x10]	READ	1
0x00197dd0	0x001e8654	READ_WRITE	0
0x00197dd7	0xStack[-0x5]	READ	1
0x00197dda	0xStack[-0x10]	WRITE	0
0x00197de5	0x001e8654	READ_WRITE	0
0x00197df1	0xStack[-0x10]	READ	1
0x00197df5	0x001e8654	READ_WRITE	0
0x00197dfe	0xStack[-0x5]	WRITE	0
0x00197e0a	0x00197d58	CONDITIONAL_JUMP	0
0x00197e18	0x001e8654	READ_WRITE	0
0x00197e27	0x001e8654	READ_WRITE	0
0x00197e36	0x001e8654	READ_WRITE	0
0x00197e45	0x001e8654	READ_WRITE	0
0x00197e4c	0xStack[-0x20]	DATA	0
0x00197e61	0xStack[0x4]	READ	1
0x00197e64	0xStack[0x8]	READ	1
0x00197e67	0xStack[-0x10]	WRITE	0
0x00197e6a	0xStack[-0x8]	DATA	0
0x00197e6d	0xStack[-0x20]	WRITE	0
0x00197e82	0xStack[-0x28]	WRITE	0
0x00197e8e	0xStack[-0x24]	WRITE	0
0x00197e97	0xStack[-0x24]	WRITE	0
0x00197ea2	0xStack[-0x14]	WRITE	0
0x00197eb3	0x001e8654	READ_WRITE	0
0x00197ec2	0x001e8654	READ_WRITE	0
0x00197ed1	0x001e8654	READ_WRITE	0
0x00197ed8	0xStack[-0x24]	READ	1
0x00197ee3	0xStack[-0x24]	READ	1
0x00197ee9	0x001e4685	DATA	1
0x00197eef	0xStack[-0x18]	WRITE	0
0x00197ef5	0x001e468d	DATA	1
0x00197efb	0xStack[-0x1c]	WRITE	0
0x00197efe	0xStack[-0x28]	READ	1
0x00197f01	0xStack[-0x14]	READ	1
0x00197f0a	0xStack[-0x28]	WRITE	0
0x00197f13	0x00197f4c	CONDITIONAL_JUMP	0
0x00197f1f	0x001e8654	READ_WRITE	0
0x00197f2c	0xStack[-0x28]	READ	1
0x00197f31	0xStack[-0x20]	READ	1
0x00197f34	0xStack[-0x9]	WRITE	0
0x00197f37	0xStack[-0x28]	READ	1
0x00197f3d	0xStack[-0x14]	READ	1
0x00197f42	0xStack[-0x28]	WRITE	0
0x00197f46	0x00197f2c	CONDITIONAL_JUMP	0
0x00197f48	0x00197fbd	UNCONDITIONAL_JUMP	0
0x00197f54	0xStack[-0x28]	READ	1
0x00197f59	0xStack[-0x20]	READ	1
0x00197f5c	0xStack[-0x9]	WRITE	0
0x00197f64	0xStack[-0x18]	READ	1
0x00197f68	0x001e8654	READ_WRITE	0
0x00197f6f	0xStack[-0x28]	READ	1
0x00197f75	0xStack[-0x28]	READ	1
0x00197f7c	0x001e8654	READ_WRITE	0
0x00197f86	0xStack[-0x24]	WRITE	0
0x00197f8b	0x00197f99	CONDITIONAL_JUMP	0
0x00197f94	0xStack[-0x24]	READ_WRITE	0
0x00197f97	0x00197f90	CONDITIONAL_JUMP	0
0x00197f9e	0xStack[-0x1c]	READ	1
0x00197fa2	0x001e8654	READ_WRITE	0
0x00197fab	0xStack[-0x20]	READ	1
0x00197fae	0xStack[-0x9]	WRITE	0
0x00197fb4	0xStack[-0x14]	READ	1
0x00197fb7	0xStack[-0x28]	READ_WRITE	0
0x00197fbb	0x00197f54	CONDITIONAL_JUMP	0
0x00197fc5	0x001e8654	READ_WRITE	0
0x00197fcc	0xStack[-0x10]	READ	0
0x00197fd0	0x0019808b	CONDITIONAL_JUMP	0
0x00197fd6	0xStack[-0x10]	READ	1
0x00197fda	0xStack[-0x24]	WRITE	0
0x00197fe0	0x001e407c	DATA	1
0x0019800c	0xStack[-0x24]	WRITE	0
0x00198015	0xStack[-0x28]	WRITE	0
0x00198020	0x001e8654	READ_WRITE	0
0x0019802c	0xStack[-0x28]	READ	1
0x00198030	0x001e8654	READ_WRITE	0
0x00198037	0xStack[-0x24]	READ	1
0x00198050	0x001e8654	READ_WRITE	0
0x0019805c	0x001e407c	DATA	1
0x0019805c	0x001e407d	DATA	1
0x00198065	0x001e8654	READ_WRITE	0
0x0019806f	0xStack[-0x8]	WRITE	0
0x00198079	0x0019805c	CONDITIONAL_JUMP	0
0x0019807e	0x001e8654	READ_WRITE	0
0x0019808b	0xStack[-0x34]	DATA	0
0x001980a1	0xStack[0x8]	READ	1
0x001980a4	0xStack[-0x3c]	WRITE	0
0x001980a7	0xStack[-0x4c]	WRITE	0
0x001980ae	0xStack[0x4]	READ	1
0x001980b6	0x001980bd	CONDITIONAL_JUMP	0
0x001980bb	0x001980c4	CONDITIONAL_JUMP	0
0x001980bd	0xStack[-0x4c]	WRITE	0
0x001980c4	0xStack[-0x4c]	READ	0
0x001980c8	0x00198ad0	CONDITIONAL_JUMP	0
0x001980ce	0xStack[0x4]	READ	1
0x001980da	0x00198104	CONDITIONAL_JUMP	0
0x001980dc	0x001980e8	CONDITIONAL_JUMP	0
0x001980e1	0x00198129	CONDITIONAL_JUMP	0
0x001980e3	0x00198594	UNCONDITIONAL_JUMP	0
0x001980e8	0xStack[-0x3c]	READ	0
0x001980ec	0x00198594	CONDITIONAL_JUMP	0
0x001980f2	0xStack[0x4]	READ	1
0x001980ff	0x00198ad0	UNCONDITIONAL_JUMP	0
0x00198104	0xStack[-0x3c]	READ	0
0x00198108	0x0019811c	CONDITIONAL_JUMP	0
0x0019810a	0xStack[0x4]	READ	1
0x00198117	0x00198ad0	UNCONDITIONAL_JUMP	0
0x0019811c	0xStack[0x4]	READ	1
0x00198129	0xStack[-0x3c]	READ	1
0x00198132	0x00198154	CONDITIONAL_JUMP	0
0x00198134	0xStack[0x4]	READ	1
0x00198145	0xStack[-0x44]	WRITE	0
0x00198148	0xStack[-0x44]	READ	1
0x0019814d	0x00198ad0	UNCONDITIONAL_JUMP	0
0x00198154	0xStack[-0x3c]	READ	0
0x00198158	0x00198180	CONDITIONAL_JUMP	0
0x0019815a	0xStack[0x4]	READ	1
0x00198163	0xStack[0x4]	READ	1
0x0019816e	0x00198ad0	CONDITIONAL_JUMP	0
0x0019817b	0x00198ad0	UNCONDITIONAL_JUMP	0
0x00198184	0xStack[0x4]	READ	1
0x0019818f	0x00198199	CONDITIONAL_JUMP	0
0x0019819d	0x00198184	CONDITIONAL_JUMP	0
0x0019819f	0xStack[0x4]	READ	1
0x001981ab	0xStack[0x4]	READ	1
0x001981af	0x00197ca0	UNCONDITIONAL_CALL	0
0x001981b7	0xStack[-0x3c]	READ	1
0x001981bf	0xStack[-0x4c]	WRITE	0
0x001981c5	0x0019855c	CONDITIONAL_JUMP	0
0x001981cb	0x00198288	COMPUTED_JUMP	-1
0x001981cb	0x001982bc	COMPUTED_JUMP	-1
0x001981cb	0x001982dc	COMPUTED_JUMP	-1
0x001981cb	0x001982fc	COMPUTED_JUMP	-1
0x001981cb	0x00198330	COMPUTED_JUMP	-1
0x001981cb	0x0019855c	COMPUTED_JUMP	-1
0x001981cb	0x0019835c	COMPUTED_JUMP	-1
0x001981cb	0x0019839c	COMPUTED_JUMP	-1
0x001981cb	0x00198530	COMPUTED_JUMP	-1
0x001981cb	0x001981d4	DATA	0
0x001981d4	0x00198288	DATA	0
0x001981d8	0x001982bc	DATA	0
0x001981dc	0x001982dc	DATA	0
0x001981e0	0x001982fc	DATA	0
0x001981e4	0x00198330	DATA	0
0x001981e8	0x0019855c	DATA	0
0x001981ec	0x0019855c	DATA	0
0x001981f0	0x0019835c	DATA	0
0x001981f4	0x0019855c	DATA	0
0x001981f8	0x0019855c	DATA	0
0x001981fc	0x0019839c	DATA	0
0x00198200	0x0019855c	DATA	0
0x00198204	0x0019855c	DATA	0
0x00198208	0x0019855c	DATA	0
0x0019820c	0x0019855c	DATA	0
0x00198210	0x0019855c	DATA	0
0x00198214	0x0019855c	DATA	0
0x00198218	0x0019855c	DATA	0
0x0019821c	0x0019855c	DATA	0
0x00198220	0x0019855c	DATA	0
0x00198224	0x0019855c	DATA	0
0x00198228	0x0019855c	DATA	0
0x0019822c	0x0019855c	DATA	0
0x00198230	0x0019855c	DATA	0
0x00198234	0x0019855c	DATA	0
0x00198238	0x0019855c	DATA	0
0x0019823c	0x0019855c	DATA	0
0x00198240	0x0019855c	DATA	0
0x00198244	0x0019855c	DATA	0
0x00198248	0x0019855c	DATA	0
0x0019824c	0x0019855c	DATA	0
0x00198250	0x0019855c	DATA	0
0x00198254	0x0019855c	DATA	0
0x00198258	0x0019855c	DATA	0
0x0019825c	0x0019855c	DATA	0
0x00198260	0x0019855c	DATA	0
0x00198264	0x0019855c	DATA	0
0x00198268	0x0019835c	DATA	0
0x0019826c	0x0019855c	DATA	0
0x00198270	0x0019855c	DATA	0
0x00198274	0x0019855c	DATA	0
0x00198278	0x0019855c	DATA	0
0x0019827c	0x0019855c	DATA	0
0x00198280	0x0019855c	DATA	0
0x00198284	0x00198530	DATA	0
0x0019828c	0x0019855c	CONDITIONAL_JUMP	0
0x00198294	0xStack[0x4]	READ	1
0x0019829d	0xStack[-0x4c]	WRITE	0
0x001982a2	0x001982ae	CONDITIONAL_JUMP	0
0x001982a5	0xStack[0x4]	READ	1
0x001982b2	0x00198294	CONDITIONAL_JUMP	0
0x001982b4	0x0019855c	UNCONDITIONAL_JUMP	0
0x001982c0	0x0019855c	CONDITIONAL_JUMP	0
0x001982c8	0xStack[0x4]	READ	1
0x001982d5	0x001982c8	CONDITIONAL_JUMP	0
0x001982d7	0x0019855c	UNCONDITIONAL_JUMP	0
0x001982e0	0x0019855c	CONDITIONAL_JUMP	0
0x001982e8	0xStack[0x4]	READ	1
0x001982f5	0x001982e8	CONDITIONAL_JUMP	0
0x001982f7	0x0019855c	UNCONDITIONAL_JUMP	0
0x00198300	0x0019855c	CONDITIONAL_JUMP	0
0x00198308	0xStack[0x4]	READ	1
0x00198311	0xStack[-0x4c]	WRITE	0
0x00198316	0x00198322	CONDITIONAL_JUMP	0
0x00198319	0xStack[0x4]	READ	1
0x00198326	0x00198308	CONDITIONAL_JUMP	0
0x00198328	0x0019855c	UNCONDITIONAL_JUMP	0
0x00198330	0xStack[0x4]	READ	1
0x00198341	0x0019855c	CONDITIONAL_JUMP	0
0x00198348	0xStack[0x4]	READ	1
0x00198355	0x00198348	CONDITIONAL_JUMP	0
0x00198357	0x0019855c	UNCONDITIONAL_JUMP	0
0x0019835c	0xStack[0x4]	READ	1
0x00198369	0xStack[0x4]	READ	1
0x00198378	0xStack[-0x38]	WRITE	0
0x00198382	0xStack[-0x38]	READ	1
0x00198396	0x0019855c	UNCONDITIONAL_JUMP	0
0x0019839c	0xStack[0x4]	READ	1
0x001983a8	0xStack[-0x38]	WRITE	0
0x001983ab	0xStack[0x4]	READ	1
0x001983b4	0xStack[-0x58]	WRITE	0
0x001983ba	0xStack[0x4]	READ	1
0x001983c6	0xStack[-0x44]	WRITE	0
0x001983c9	0xStack[0x4]	READ	1
0x001983d2	0xStack[-0x38]	WRITE	0
0x001983db	0xStack[0x4]	READ	1
0x001983e4	0xStack[-0x40]	WRITE	0
0x001983ea	0xStack[-0x4c]	WRITE	0
0x001983fb	0x001e8654	READ_WRITE	0
0x0019840a	0x001e8654	READ_WRITE	0
0x00198419	0x001e8654	READ_WRITE	0
0x00198420	0xStack[-0x38]	READ	1
0x00198426	0xStack[-0x48]	WRITE	0
0x00198429	0xStack[-0x40]	READ	1
0x0019842f	0xStack[-0x38]	READ	1
0x00198435	0x001e4685	DATA	1
0x0019843b	0xStack[-0xc]	WRITE	0
0x0019843e	0xStack[-0x40]	READ	1
0x00198444	0x001e468d	DATA	1
0x0019844a	0xStack[-0x10]	WRITE	0
0x0019844d	0xStack[-0x44]	READ	1
0x00198453	0xStack[0x4]	READ	1
0x00198459	0xStack[-0x48]	READ	1
0x0019845c	0xStack[-0x44]	WRITE	0
0x0019845f	0xStack[-0x48]	READ	1
0x00198466	0x001984a4	CONDITIONAL_JUMP	0
0x0019846a	0xStack[-0xc]	READ	1
0x00198473	0x001e8654	READ_WRITE	0
0x0019847a	0xStack[-0x48]	WRITE	0
0x00198484	0xStack[-0x44]	READ	1
0x00198489	0xStack[-0x5]	WRITE	0
0x0019848c	0xStack[-0x44]	READ	1
0x00198492	0xStack[-0x4c]	READ	1
0x00198497	0xStack[-0x44]	WRITE	0
0x0019849a	0xStack[-0x48]	READ_WRITE	0
0x0019849d	0x00198484	CONDITIONAL_JUMP	0
0x0019849f	0x0019851c	UNCONDITIONAL_JUMP	0
0x001984a4	0xStack[-0x48]	WRITE	0
0x001984ac	0xStack[-0x44]	READ	1
0x001984b1	0xStack[-0x5]	WRITE	0
0x001984b9	0xStack[-0xc]	READ	1
0x001984bd	0x001e8654	READ_WRITE	0
0x001984c4	0xStack[-0x44]	READ	1
0x001984cb	0xStack[-0x40]	WRITE	0
0x001984d1	0x001e8654	READ_WRITE	0
0x001984db	0xStack[-0x38]	WRITE	0
0x001984e0	0x001984f3	CONDITIONAL_JUMP	0
0x001984e4	0xStack[-0x40]	READ	1
0x001984eb	0xStack[-0x40]	WRITE	0
0x001984ee	0xStack[-0x38]	READ_WRITE	0
0x001984f1	0x001984e4	CONDITIONAL_JUMP	0
0x001984f8	0xStack[-0x10]	READ	1
0x001984fc	0x001e8654	READ_WRITE	0
0x00198503	0xStack[-0x40]	READ	1
0x00198508	0xStack[-0x5]	WRITE	0
0x0019850b	0xStack[-0x40]	READ	1
0x00198511	0xStack[-0x4c]	READ	1
0x00198514	0xStack[-0x44]	READ_WRITE	0
0x00198517	0xStack[-0x48]	READ_WRITE	0
0x0019851a	0x001984ac	CONDITIONAL_JUMP	0
0x00198524	0x001e8654	READ_WRITE	0
0x0019852b	0x0019855c	UNCONDITIONAL_JUMP	0
0x00198530	0xStack[0x4]	READ	1
0x00198546	0x0019855c	CONDITIONAL_JUMP	0
0x0019855c	0xStack[0x4]	READ	1
0x00198564	0xStack[0x4]	READ	1
0x00198574	0xStack[0x4]	READ	1
0x00198580	0x00198574	CONDITIONAL_JUMP	0
0x0019858c	0x00198821	UNCONDITIONAL_JUMP	0
0x00198594	0xStack[0x4]	READ	1
0x00198598	0x00197ca0	UNCONDITIONAL_CALL	0
0x001985a0	0xStack[-0x3c]	READ	0
0x001985a4	0x001985f8	CONDITIONAL_JUMP	0
0x001985a6	0x001985bc	CONDITIONAL_JUMP	0
0x001985a8	0xStack[-0x3c]	READ	0
0x001985ac	0x00198610	CONDITIONAL_JUMP	0
0x001985ae	0xStack[-0x3c]	READ	0
0x001985b2	0x00198630	CONDITIONAL_JUMP	0
0x001985b4	0x00198810	UNCONDITIONAL_JUMP	0
0x001985bc	0xStack[-0x3c]	READ	0
0x001985c0	0x001985e4	CONDITIONAL_JUMP	0
0x001985c2	0x001985d4	CONDITIONAL_JUMP	0
0x001985c4	0xStack[-0x3c]	READ	0
0x001985c8	0x00198698	CONDITIONAL_JUMP	0
0x001985ce	0x00198810	UNCONDITIONAL_JUMP	0
0x001985d4	0xStack[-0x3c]	READ	0
0x001985d8	0x00198804	CONDITIONAL_JUMP	0
0x001985de	0x00198810	UNCONDITIONAL_JUMP	0
0x001985e4	0xStack[0x4]	READ	1
0x001985f1	0x00198821	UNCONDITIONAL_JUMP	0
0x001985f8	0xStack[0x4]	READ	1
0x0019860b	0x00198821	UNCONDITIONAL_JUMP	0
0x00198610	0xStack[0x4]	READ	1
0x0019861b	0x00198821	CONDITIONAL_JUMP	0
0x00198628	0x00198821	UNCONDITIONAL_JUMP	0
0x00198630	0xStack[0x4]	READ	1
0x00198639	0xStack[-0x4c]	WRITE	0
0x0019863e	0x00198646	CONDITIONAL_JUMP	0
0x00198643	0xStack[-0x4c]	WRITE	0
0x00198646	0xStack[-0x4c]	READ	1
0x0019864e	0xStack[-0x38]	WRITE	0
0x00198658	0xStack[-0x4c]	WRITE	0
0x0019865b	0xStack[0x4]	READ	1
0x0019865f	0x00197ca0	UNCONDITIONAL_CALL	0
0x0019866b	0x00198684	CONDITIONAL_JUMP	0
0x00198672	0xStack[0x4]	READ	1
0x00198676	0x00198098	UNCONDITIONAL_CALL	0
0x0019867f	0xStack[-0x4c]	READ	0
0x00198682	0x00198670	CONDITIONAL_JUMP	0
0x00198684	0xStack[0x4]	READ	1
0x00198688	0x00197ca0	UNCONDITIONAL_CALL	0
0x00198690	0x00198821	UNCONDITIONAL_JUMP	0
0x00198698	0xStack[0x4]	READ	1
0x001986b5	0xStack[-0x64]	WRITE	0
0x001986c4	0xStack[-0x4c]	WRITE	0
0x001986cd	0xStack[-0x40]	WRITE	0
0x001986d3	0xStack[-0x14]	WRITE	0
0x001986dc	0xStack[-0x44]	WRITE	0
0x001986e7	0x001e8654	READ_WRITE	0
0x001986f3	0xStack[-0x44]	READ	1
0x001986f7	0x001e8654	READ_WRITE	0
0x00198706	0x001e8654	READ_WRITE	0
0x0019870d	0xStack[-0x64]	READ	1
0x00198713	0xStack[-0x48]	WRITE	0
0x00198719	0xStack[-0x64]	READ	1
0x0019871f	0x001e4685	DATA	1
0x00198725	0xStack[-0x18]	WRITE	0
0x00198728	0xStack[-0x40]	READ	1
0x0019872e	0x001e468d	DATA	1
0x00198734	0xStack[-0x1c]	WRITE	0
0x00198737	0xStack[-0x14]	READ	1
0x0019873b	0xStack[0x4]	READ	1
0x00198741	0xStack[-0x48]	READ	1
0x00198744	0xStack[-0x48]	READ	1
0x00198748	0xStack[-0x44]	WRITE	0
0x0019874e	0x00198780	CONDITIONAL_JUMP	0
0x00198752	0xStack[-0x18]	READ	1
0x0019875b	0x001e8654	READ_WRITE	0
0x00198762	0xStack[-0x4c]	READ_WRITE	0
0x00198765	0x001987f1	CONDITIONAL_JUMP	0
0x0019876e	0xStack[-0x5]	WRITE	0
0x00198774	0xStack[-0x14]	READ	1
0x00198777	0xStack[-0x4c]	READ_WRITE	0
0x0019877a	0x0019876c	CONDITIONAL_JUMP	0
0x0019877c	0x001987f1	UNCONDITIONAL_JUMP	0
0x00198780	0xStack[-0x4c]	READ_WRITE	0
0x00198783	0x001987f1	CONDITIONAL_JUMP	0
0x0019878a	0xStack[-0x5]	WRITE	0
0x00198792	0xStack[-0x18]	READ	1
0x00198796	0x001e8654	READ_WRITE	0
0x001987a3	0xStack[-0x40]	WRITE	0
0x001987a9	0x001e8654	READ_WRITE	0
0x001987b0	0xStack[-0x44]	READ	1
0x001987b4	0xStack[-0x48]	WRITE	0
0x001987b7	0x001987cb	CONDITIONAL_JUMP	0
0x001987bc	0xStack[-0x40]	READ	1
0x001987c3	0xStack[-0x40]	WRITE	0
0x001987c6	0xStack[-0x48]	READ_WRITE	0
0x001987c9	0x001987bc	CONDITIONAL_JUMP	0
0x001987d0	0xStack[-0x1c]	READ	1
0x001987d4	0x001e8654	READ_WRITE	0
0x001987db	0xStack[-0x40]	READ	1
0x001987e0	0xStack[-0x5]	WRITE	0
0x001987e3	0xStack[-0x40]	READ	1
0x001987e9	0xStack[-0x14]	READ	1
0x001987ec	0xStack[-0x4c]	READ_WRITE	0
0x001987ef	0x00198788	CONDITIONAL_JUMP	0
0x001987f9	0x001e8654	READ_WRITE	0
0x00198800	0x00198821	UNCONDITIONAL_JUMP	0
0x00198804	0xStack[0x4]	READ	1
0x0019880d	0x00198821	UNCONDITIONAL_JUMP	0
0x00198810	0xStack[-0x3c]	READ	1
0x00198815	0xStack[0x4]	READ	1
0x00198819	0x00197e58	UNCONDITIONAL_CALL	0
0x00198821	0xStack[0x4]	READ	1
0x0019882a	0xStack[0x4]	READ	1
0x00198833	0x00198845	CONDITIONAL_JUMP	0
0x00198845	0xStack[0x4]	READ	1
0x00198854	0x00198ac7	CONDITIONAL_JUMP	0
0x00198869	0x001e8654	READ_WRITE	0
0x00198886	0x001e8654	READ_WRITE	0
0x00198895	0x001e8654	READ_WRITE	0
0x001988a5	0xStack[0x4]	READ	1
0x001988ab	0xStack[-0x4c]	WRITE	0
0x001988b1	0xStack[0x4]	READ	1
0x001988d2	0xStack[-0x20]	WRITE	0
0x001988d5	0xStack[-0x38]	WRITE	0
0x001988e2	0xStack[-0x24]	WRITE	0
0x001988e5	0xStack[-0x38]	READ	0
0x001988e8	0x0019891e	CONDITIONAL_JUMP	0
0x001988ea	0xStack[0x4]	READ	1
0x001988f6	0xStack[-0x28]	WRITE	0
0x001988f9	0xStack[-0x4c]	READ	1
0x001988fc	0xStack[-0x40]	WRITE	0
0x00198900	0xStack[-0x28]	READ	1
0x00198903	0xStack[-0x20]	READ	1
0x0019890a	0xStack[-0x40]	READ	1
0x0019890d	0xStack[-0x40]	READ	1
0x00198910	0xStack[-0x20]	READ_WRITE	0
0x00198913	0xStack[-0x38]	READ_WRITE	0
0x00198916	0xStack[-0x24]	READ	1
0x00198919	0xStack[-0x38]	READ	0
0x0019891c	0x00198900	CONDITIONAL_JUMP	0
0x00198926	0x001e8654	READ_WRITE	0
0x00198940	0x001e8654	READ_WRITE	0
0x0019894f	0x001e8654	READ_WRITE	0
0x00198956	0xStack[0x4]	READ	1
0x0019896f	0xStack[-0x6c]	WRITE	0
0x0019897e	0xStack[-0x40]	WRITE	0
0x00198989	0xStack[-0x38]	WRITE	0
0x0019898f	0xStack[-0x4c]	WRITE	0
0x00198998	0xStack[-0x44]	WRITE	0
0x001989a3	0x001e8654	READ_WRITE	0
0x001989af	0xStack[-0x44]	READ	1
0x001989b3	0x001e8654	READ_WRITE	0
0x001989c2	0x001e8654	READ_WRITE	0
0x001989ce	0xStack[-0x48]	WRITE	0
0x001989d4	0xStack[-0x44]	WRITE	0
0x001989da	0x001e4685	DATA	1
0x001989e0	0xStack[-0x2c]	WRITE	0
0x001989e3	0xStack[-0x38]	READ	1
0x001989e9	0x001e468d	DATA	1
0x001989ef	0xStack[-0x30]	WRITE	0
0x001989f2	0xStack[-0x40]	READ	1
0x001989f8	0xStack[0x4]	READ	1
0x001989fe	0xStack[-0x48]	READ	1
0x00198a01	0xStack[-0x40]	WRITE	0
0x00198a04	0xStack[-0x44]	READ	1
0x00198a07	0xStack[-0x48]	READ	1
0x00198a0b	0xStack[-0x44]	WRITE	0
0x00198a11	0x00198a4c	CONDITIONAL_JUMP	0
0x00198a13	0xStack[-0x30]	READ	1
0x00198a1e	0x001e8654	READ_WRITE	0
0x00198a25	0xStack[-0x48]	WRITE	0
0x00198a2c	0xStack[-0x40]	READ	1
0x00198a31	0xStack[-0x5]	WRITE	0
0x00198a34	0xStack[-0x40]	READ	1
0x00198a3a	0xStack[-0x4c]	READ	1
0x00198a3f	0xStack[-0x40]	WRITE	0
0x00198a42	0xStack[-0x48]	READ_WRITE	0
0x00198a45	0x00198a2c	CONDITIONAL_JUMP	0
0x00198a47	0x00198ab8	UNCONDITIONAL_JUMP	0
0x00198a4c	0xStack[-0x48]	WRITE	0
0x00198a54	0xStack[-0x40]	READ	1
0x00198a59	0xStack[-0x5]	WRITE	0
0x00198a61	0xStack[-0x2c]	READ	1
0x00198a65	0x001e8654	READ_WRITE	0
0x00198a6c	0xStack[-0x40]	READ	1
0x00198a72	0xStack[-0x40]	READ	1
0x00198a79	0x001e8654	READ_WRITE	0
0x00198a80	0xStack[-0x44]	READ	1
0x00198a84	0xStack[-0x38]	WRITE	0
0x00198a87	0x00198a95	CONDITIONAL_JUMP	0
0x00198a90	0xStack[-0x38]	READ_WRITE	0
0x00198a93	0x00198a8c	CONDITIONAL_JUMP	0
0x00198a9a	0xStack[-0x30]	READ	1
0x00198a9e	0x001e8654	READ_WRITE	0
0x00198aa7	0xStack[-0x5]	WRITE	0
0x00198aad	0xStack[-0x4c]	READ	1
0x00198ab0	0xStack[-0x40]	READ_WRITE	0
0x00198ab3	0xStack[-0x48]	READ_WRITE	0
0x00198ab6	0x00198a54	CONDITIONAL_JUMP	0
0x00198ac0	0x001e8654	READ_WRITE	0
0x00198ac7	0xStack[0x4]	READ	1
0x00198acb	0x00197ca0	UNCONDITIONAL_CALL	0
0x00198ad0	0xStack[-0x7c]	DATA	0
0x00198ae5	0xStack[0x4]	READ	1
0x00198aee	0xStack[-0xc]	WRITE	0
0x00198af1	0xStack[0x4]	READ	1
0x00198afa	0xStack[-0x10]	WRITE	0
0x00198aff	0xStack[0x8]	READ	1
0x00198b11	0xStack[-0x14]	WRITE	0
0x00198b14	0x00198b21	CONDITIONAL_JUMP	0
0x00198b16	0xStack[0x4]	READ	1
0x00198b1f	0x00198b34	CONDITIONAL_JUMP	0
0x00198b21	0xStack[-0x14]	READ	1
0x00198b25	0x001e4695	DATA	0
0x00198b2a	0x001a5514	UNCONDITIONAL_CALL	0
0x00198b2f	0x0019959a	UNCONDITIONAL_JUMP	0
0x00198b34	0xStack[0x4]	READ	1
0x00198b38	0x00197ca0	UNCONDITIONAL_CALL	0
0x00198b40	0xStack[0x4]	READ	1
0x00198b4a	0x00198b65	CONDITIONAL_JUMP	0
0x00198b61	0xStack[-0xc]	READ_WRITE	0
0x00198b65	0xStack[0x4]	READ	1
0x00198b78	0xStack[-0x68]	WRITE	0
0x00198b8e	0xStack[-0x68]	READ	1
0x00198b93	0xStack[-0x60]	WRITE	0
0x00198b96	0xStack[0x4]	READ	1
0x00198baa	0x001e8654	READ_WRITE	0
0x00198bb9	0x001e8654	READ_WRITE	0
0x00198bc8	0x001e8654	READ_WRITE	0
0x00198bcf	0xStack[-0x68]	READ	1
0x00198bd5	0xStack[-0x60]	READ	1
0x00198bdb	0xStack[-0x68]	READ	1
0x00198be1	0x001e4685	DATA	1
0x00198be7	0xStack[-0x18]	WRITE	0
0x00198bea	0xStack[-0x60]	READ	1
0x00198bf0	0x001e468d	DATA	1
0x00198bf6	0xStack[-0x1c]	WRITE	0
0x00198bfc	0xStack[0x4]	READ	1
0x00198c0a	0x00198c34	CONDITIONAL_JUMP	0
0x00198c0e	0xStack[-0x18]	READ	1
0x00198c17	0x001e8654	READ_WRITE	0
0x00198c26	0xStack[-0x5]	WRITE	0
0x00198c2f	0x00198c24	CONDITIONAL_JUMP	0
0x00198c31	0x00198ca2	UNCONDITIONAL_JUMP	0
0x00198c3e	0xStack[-0x5]	WRITE	0
0x00198c46	0xStack[-0x18]	READ	1
0x00198c4a	0x001e8654	READ_WRITE	0
0x00198c57	0xStack[-0x64]	WRITE	0
0x00198c5d	0x001e8654	READ_WRITE	0
0x00198c67	0xStack[-0x60]	WRITE	0
0x00198c6c	0x00198c7f	CONDITIONAL_JUMP	0
0x00198c70	0xStack[-0x64]	READ	1
0x00198c77	0xStack[-0x64]	WRITE	0
0x00198c7a	0xStack[-0x60]	READ_WRITE	0
0x00198c7d	0x00198c70	CONDITIONAL_JUMP	0
0x00198c84	0xStack[-0x1c]	READ	1
0x00198c88	0x001e8654	READ_WRITE	0
0x00198c8f	0xStack[-0x64]	READ	1
0x00198c94	0xStack[-0x5]	WRITE	0
0x00198c97	0xStack[-0x64]	READ	1
0x00198ca0	0x00198c3c	CONDITIONAL_JUMP	0
0x00198caa	0x001e8654	READ_WRITE	0
0x00198cb1	0xStack[0x4]	READ	1
0x00198cc9	0xStack[-0x14]	READ	1
0x00198ccc	0xStack[-0x60]	WRITE	0
0x00198cd2	0xStack[-0x60]	READ	1
0x00198cd9	0xStack[0x4]	READ	1
0x00198ce3	0x00197ca0	UNCONDITIONAL_CALL	0
0x00198ceb	0xStack[0x4]	READ	1
0x00198cf4	0xStack[-0x60]	WRITE	0
0x00198cf7	0xStack[0x4]	READ	1
0x00198d06	0xStack[-0x60]	READ	1
0x00198d0f	0xStack[0x8]	READ	1
0x00198d15	0x00198d36	CONDITIONAL_JUMP	0
0x00198d18	0xStack[0x8]	READ	1
0x00198d1f	0xStack[0x8]	READ_WRITE	0
0x00198d22	0xStack[0x4]	READ	1
0x00198d26	0x00198098	UNCONDITIONAL_CALL	0
0x00198d2e	0xStack[0x8]	READ	1
0x00198d34	0x00198d18	CONDITIONAL_JUMP	0
0x00198d36	0xStack[0x4]	READ	1
0x00198d3f	0xStack[-0x60]	WRITE	0
0x00198d42	0xStack[0x4]	READ	1
0x00198d51	0xStack[-0x60]	READ	1
0x00198d5b	0x00197ca0	UNCONDITIONAL_CALL	0
0x00198d60	0xStack[0x4]	READ	1
0x00198d72	0xStack[-0x64]	WRITE	0
0x00198d86	0xStack[-0x60]	WRITE	0
0x00198d89	0xStack[0x4]	READ	1
0x00198d9d	0x001e8654	READ_WRITE	0
0x00198dac	0x001e8654	READ_WRITE	0
0x00198dbb	0x001e8654	READ_WRITE	0
0x00198dc2	0xStack[-0x64]	READ	1
0x00198dc8	0xStack[-0x60]	READ	1
0x00198dce	0xStack[-0x64]	READ	1
0x00198dd4	0x001e4685	DATA	1
0x00198dda	0xStack[-0x20]	WRITE	0
0x00198ddd	0xStack[-0x60]	READ	1
0x00198de3	0x001e468d	DATA	1
0x00198de9	0xStack[-0x24]	WRITE	0
0x00198def	0xStack[0x4]	READ	1
0x00198dfd	0x00198e28	CONDITIONAL_JUMP	0
0x00198e01	0xStack[-0x20]	READ	1
0x00198e0a	0x001e8654	READ_WRITE	0
0x00198e1a	0xStack[-0x5]	WRITE	0
0x00198e23	0x00198e18	CONDITIONAL_JUMP	0
0x00198e25	0x00198e96	UNCONDITIONAL_JUMP	0
0x00198e32	0xStack[-0x5]	WRITE	0
0x00198e3a	0xStack[-0x20]	READ	1
0x00198e3e	0x001e8654	READ_WRITE	0
0x00198e4b	0xStack[-0x64]	WRITE	0
0x00198e51	0x001e8654	READ_WRITE	0
0x00198e5b	0xStack[-0x60]	WRITE	0
0x00198e60	0x00198e73	CONDITIONAL_JUMP	0
0x00198e64	0xStack[-0x64]	READ	1
0x00198e6b	0xStack[-0x64]	WRITE	0
0x00198e6e	0xStack[-0x60]	READ_WRITE	0
0x00198e71	0x00198e64	CONDITIONAL_JUMP	0
0x00198e78	0xStack[-0x24]	READ	1
0x00198e7c	0x001e8654	READ_WRITE	0
0x00198e83	0xStack[-0x64]	READ	1
0x00198e88	0xStack[-0x5]	WRITE	0
0x00198e8b	0xStack[-0x64]	READ	1
0x00198e94	0x00198e30	CONDITIONAL_JUMP	0
0x00198e9e	0x001e8654	READ_WRITE	0
0x00198ea5	0xStack[0x4]	READ	1
0x00198eb1	0xStack[-0x64]	WRITE	0
0x00198eb4	0xStack[0x4]	READ	1
0x00198ec9	0xStack[-0x64]	READ	1
0x00198ece	0xStack[-0x60]	WRITE	0
0x00198ed1	0xStack[0x4]	READ	1
0x00198ee5	0x001e8654	READ_WRITE	0
0x00198ef4	0x001e8654	READ_WRITE	0
0x00198f03	0x001e8654	READ_WRITE	0
0x00198f0a	0xStack[-0x64]	READ	1
0x00198f10	0xStack[-0x60]	READ	1
0x00198f16	0xStack[-0x64]	READ	1
0x00198f1c	0x001e4685	DATA	1
0x00198f22	0xStack[-0x28]	WRITE	0
0x00198f25	0xStack[-0x60]	READ	1
0x00198f2b	0x001e468d	DATA	1
0x00198f31	0xStack[-0x2c]	WRITE	0
0x00198f37	0xStack[0x4]	READ	1
0x00198f45	0x00198f70	CONDITIONAL_JUMP	0
0x00198f49	0xStack[-0x28]	READ	1
0x00198f52	0x001e8654	READ_WRITE	0
0x00198f62	0xStack[-0x5]	WRITE	0
0x00198f6b	0x00198f60	CONDITIONAL_JUMP	0
0x00198f6d	0x00198fde	UNCONDITIONAL_JUMP	0
0x00198f7a	0xStack[-0x5]	WRITE	0
0x00198f82	0xStack[-0x28]	READ	1
0x00198f86	0x001e8654	READ_WRITE	0
0x00198f93	0xStack[-0x64]	WRITE	0
0x00198f99	0x001e8654	READ_WRITE	0
0x00198fa3	0xStack[-0x60]	WRITE	0
0x00198fa8	0x00198fbb	CONDITIONAL_JUMP	0
0x00198fac	0xStack[-0x64]	READ	1
0x00198fb3	0xStack[-0x64]	WRITE	0
0x00198fb6	0xStack[-0x60]	READ_WRITE	0
0x00198fb9	0x00198fac	CONDITIONAL_JUMP	0
0x00198fc0	0xStack[-0x2c]	READ	1
0x00198fc4	0x001e8654	READ_WRITE	0
0x00198fcb	0xStack[-0x64]	READ	1
0x00198fd0	0xStack[-0x5]	WRITE	0
0x00198fd3	0xStack[-0x64]	READ	1
0x00198fdc	0x00198f78	CONDITIONAL_JUMP	0
0x00198fe6	0x001e8654	READ_WRITE	0
0x00198fef	0xStack[-0x5c]	WRITE	0
0x00198ffa	0xStack[0x4]	READ	1
0x00199006	0xStack[-0x60]	WRITE	0
0x00199014	0xStack[-0x64]	WRITE	0
0x00199017	0xStack[-0x60]	READ	1
0x0019901e	0xStack[-0x30]	WRITE	0
0x00199021	0xStack[0x4]	READ	1
0x00199032	0x001e8654	READ_WRITE	0
0x00199041	0x001e8654	READ_WRITE	0
0x00199050	0x001e8654	READ_WRITE	0
0x00199057	0xStack[-0x60]	READ	1
0x00199062	0xStack[-0x60]	READ	1
0x00199068	0x001e4685	DATA	1
0x0019906e	0xStack[-0x34]	WRITE	0
0x00199074	0x001e468d	DATA	1
0x0019907a	0xStack[-0x38]	WRITE	0
0x0019907d	0xStack[-0x64]	READ	1
0x00199080	0xStack[-0x30]	READ	1
0x00199084	0xStack[0x4]	READ	1
0x0019908c	0xStack[-0x64]	WRITE	0
0x00199095	0x001990d0	CONDITIONAL_JUMP	0
0x00199099	0xStack[-0x34]	READ	1
0x001990a2	0x001e8654	READ_WRITE	0
0x001990a9	0xStack[-0x5c]	READ	1
0x001990ad	0x0019913a	CONDITIONAL_JUMP	0
0x001990b4	0xStack[-0x64]	READ	1
0x001990b9	0xStack[-0x5]	WRITE	0
0x001990bc	0xStack[-0x64]	READ	1
0x001990c2	0xStack[-0x30]	READ	1
0x001990c7	0xStack[-0x64]	WRITE	0
0x001990cb	0x001990b4	CONDITIONAL_JUMP	0
0x001990cd	0x0019913a	UNCONDITIONAL_JUMP	0
0x001990d0	0xStack[-0x5c]	READ	1
0x001990d4	0x0019913a	CONDITIONAL_JUMP	0
0x001990d8	0xStack[-0x64]	READ	1
0x001990dd	0xStack[-0x5]	WRITE	0
0x001990e5	0xStack[-0x34]	READ	1
0x001990e9	0x001e8654	READ_WRITE	0
0x001990f0	0xStack[-0x64]	READ	1
0x001990f6	0xStack[-0x64]	READ	1
0x001990fd	0x001e8654	READ_WRITE	0
0x00199107	0xStack[-0x60]	WRITE	0
0x0019910c	0x00199119	CONDITIONAL_JUMP	0
0x00199114	0xStack[-0x60]	READ_WRITE	0
0x00199117	0x00199110	CONDITIONAL_JUMP	0
0x0019911e	0xStack[-0x38]	READ	1
0x00199122	0x001e8654	READ_WRITE	0
0x0019912b	0xStack[-0x5]	WRITE	0
0x00199131	0xStack[-0x30]	READ	1
0x00199134	0xStack[-0x64]	READ_WRITE	0
0x00199138	0x001990d8	CONDITIONAL_JUMP	0
0x00199142	0x001e8654	READ_WRITE	0
0x00199149	0xStack[-0x5c]	READ_WRITE	0
0x00199151	0x00198ff8	CONDITIONAL_JUMP	0
0x0019915c	0xStack[-0x58]	WRITE	0
0x00199164	0xStack[0x4]	READ	1
0x0019917f	0xStack[-0x60]	WRITE	0
0x00199183	0xStack[-0x64]	WRITE	0
0x00199189	0xStack[-0x3c]	WRITE	0
0x0019919a	0x001e8654	READ_WRITE	0
0x001991a9	0x001e8654	READ_WRITE	0
0x001991b8	0x001e8654	READ_WRITE	0
0x001991bf	0xStack[-0x60]	READ	1
0x001991c5	0xStack[-0x64]	READ	1
0x001991cb	0xStack[-0x60]	READ	1
0x001991d1	0x001e4685	DATA	1
0x001991d7	0xStack[-0x40]	WRITE	0
0x001991da	0xStack[-0x64]	READ	1
0x001991e0	0x001e468d	DATA	1
0x001991e6	0xStack[-0x44]	WRITE	0
0x001991e9	0xStack[-0x3c]	READ	1
0x001991ed	0xStack[0x4]	READ	1
0x001991fb	0x0019922c	CONDITIONAL_JUMP	0
0x001991ff	0xStack[-0x40]	READ	1
0x00199208	0x001e8654	READ_WRITE	0
0x0019920f	0xStack[-0x58]	READ	1
0x00199213	0x0019929b	CONDITIONAL_JUMP	0
0x0019921e	0xStack[-0x5]	WRITE	0
0x00199224	0xStack[-0x3c]	READ	1
0x00199228	0x0019921c	CONDITIONAL_JUMP	0
0x0019922a	0x0019929b	UNCONDITIONAL_JUMP	0
0x0019922c	0xStack[-0x58]	READ	1
0x00199230	0x0019929b	CONDITIONAL_JUMP	0
0x00199236	0xStack[-0x5]	WRITE	0
0x0019923e	0xStack[-0x40]	READ	1
0x00199242	0x001e8654	READ_WRITE	0
0x0019924f	0xStack[-0x64]	WRITE	0
0x00199255	0x001e8654	READ_WRITE	0
0x0019925f	0xStack[-0x60]	WRITE	0
0x00199264	0x00199277	CONDITIONAL_JUMP	0
0x00199268	0xStack[-0x64]	READ	1
0x0019926f	0xStack[-0x64]	WRITE	0
0x00199272	0xStack[-0x60]	READ_WRITE	0
0x00199275	0x00199268	CONDITIONAL_JUMP	0
0x0019927c	0xStack[-0x44]	READ	1
0x00199280	0x001e8654	READ_WRITE	0
0x00199287	0xStack[-0x64]	READ	1
0x0019928c	0xStack[-0x5]	WRITE	0
0x0019928f	0xStack[-0x64]	READ	1
0x00199295	0xStack[-0x3c]	READ	1
0x00199299	0x00199234	CONDITIONAL_JUMP	0
0x001992a3	0x001e8654	READ_WRITE	0
0x001992aa	0xStack[-0x58]	READ_WRITE	0
0x001992b2	0x00199164	CONDITIONAL_JUMP	0
0x001992b8	0xStack[0x4]	READ	1
0x001992c4	0xStack[-0x64]	WRITE	0
0x001992c7	0xStack[0x4]	READ	1
0x001992dc	0xStack[-0x64]	READ	1
0x001992e1	0xStack[-0x60]	WRITE	0
0x001992e4	0xStack[0x4]	READ	1
0x001992f8	0x001e8654	READ_WRITE	0
0x00199307	0x001e8654	READ_WRITE	0
0x00199316	0x001e8654	READ_WRITE	0
0x0019931d	0xStack[-0x64]	READ	1
0x00199323	0xStack[-0x60]	READ	1
0x00199329	0xStack[-0x64]	READ	1
0x0019932f	0x001e4685	DATA	1
0x00199335	0xStack[-0x48]	WRITE	0
0x00199338	0xStack[-0x60]	READ	1
0x0019933e	0x001e468d	DATA	1
0x00199344	0xStack[-0x4c]	WRITE	0
0x0019934a	0xStack[0x4]	READ	1
0x00199358	0x00199380	CONDITIONAL_JUMP	0
0x0019935c	0xStack[-0x48]	READ	1
0x00199365	0x001e8654	READ_WRITE	0
0x00199372	0xStack[-0x5]	WRITE	0
0x0019937b	0x00199370	CONDITIONAL_JUMP	0
0x0019937d	0x001993ea	UNCONDITIONAL_JUMP	0
0x00199386	0xStack[-0x5]	WRITE	0
0x0019938e	0xStack[-0x48]	READ	1
0x00199392	0x001e8654	READ_WRITE	0
0x0019939f	0xStack[-0x64]	WRITE	0
0x001993a5	0x001e8654	READ_WRITE	0
0x001993af	0xStack[-0x60]	WRITE	0
0x001993b4	0x001993c7	CONDITIONAL_JUMP	0
0x001993b8	0xStack[-0x64]	READ	1
0x001993bf	0xStack[-0x64]	WRITE	0
0x001993c2	0xStack[-0x60]	READ_WRITE	0
0x001993c5	0x001993b8	CONDITIONAL_JUMP	0
0x001993cc	0xStack[-0x4c]	READ	1
0x001993d0	0x001e8654	READ_WRITE	0
0x001993d7	0xStack[-0x64]	READ	1
0x001993dc	0xStack[-0x5]	WRITE	0
0x001993df	0xStack[-0x64]	READ	1
0x001993e8	0x00199384	CONDITIONAL_JUMP	0
0x001993f2	0x001e8654	READ_WRITE	0
0x001993f9	0xStack[0x4]	READ	1
0x00199411	0xStack[-0x10]	READ	1
0x0019941a	0xStack[-0xc]	READ	0
0x0019941e	0x00199434	CONDITIONAL_JUMP	0
0x00199420	0xStack[-0xc]	READ	1
0x0019942c	0x00199584	UNCONDITIONAL_JUMP	0
0x00199434	0xStack[0x4]	READ	1
0x0019943d	0xStack[-0x10]	READ	1
0x00199449	0xStack[-0x6c]	WRITE	0
0x0019944f	0xStack[0x4]	READ	1
0x0019945b	0xStack[-0x64]	WRITE	0
0x0019945e	0xStack[0x4]	READ	1
0x00199470	0xStack[-0x60]	WRITE	0
0x0019947b	0x001e8654	READ_WRITE	0
0x00199487	0xStack[-0x60]	READ	1
0x0019948b	0x001e8654	READ_WRITE	0
0x0019949a	0x001e8654	READ_WRITE	0
0x001994ab	0xStack[-0x60]	WRITE	0
0x001994b1	0x001e4685	DATA	1
0x001994b7	0xStack[-0x50]	WRITE	0
0x001994bd	0x001e468d	DATA	1
0x001994c3	0xStack[-0x54]	WRITE	0
0x001994c6	0xStack[-0x64]	READ	1
0x001994cc	0xStack[0x4]	READ	1
0x001994d4	0xStack[-0x64]	WRITE	0
0x001994d7	0xStack[-0x60]	READ	1
0x001994dd	0xStack[-0x60]	WRITE	0
0x001994e3	0x00199514	CONDITIONAL_JUMP	0
0x001994ef	0x001e8654	READ_WRITE	0
0x001994fc	0xStack[-0x64]	READ	1
0x00199501	0xStack[-0x5]	WRITE	0
0x00199504	0xStack[-0x64]	READ	1
0x0019950c	0xStack[-0x64]	WRITE	0
0x00199510	0x001994fc	CONDITIONAL_JUMP	0
0x00199512	0x00199575	UNCONDITIONAL_JUMP	0
0x0019951c	0xStack[-0x64]	READ	1
0x00199521	0xStack[-0x5]	WRITE	0
0x00199529	0xStack[-0x50]	READ	1
0x0019952d	0x001e8654	READ_WRITE	0
0x00199534	0xStack[-0x64]	READ	1
0x0019953a	0xStack[-0x64]	READ	1
0x00199541	0x001e8654	READ_WRITE	0
0x00199548	0xStack[-0x60]	READ	1
0x0019954c	0x00199557	CONDITIONAL_JUMP	0
0x00199555	0x00199550	CONDITIONAL_JUMP	0
0x0019955c	0xStack[-0x54]	READ	1
0x00199560	0x001e8654	READ_WRITE	0
0x00199569	0xStack[-0x5]	WRITE	0
0x0019956f	0xStack[-0x64]	READ_WRITE	0
0x00199573	0x0019951c	CONDITIONAL_JUMP	0
0x0019957d	0x001e8654	READ_WRITE	0
0x00199584	0xStack[0x4]	READ	1
0x00199588	0x00197ca0	UNCONDITIONAL_CALL	0
0x0019958d	0xStack[0x4]	READ	1
0x0019959a	0xStack[-0x7c]	DATA	0
0x001995b0	0xStack[0x8]	READ	1
0x001995b3	0xStack[-0xa4]	WRITE	0
0x001995bb	0x001995c6	CONDITIONAL_JUMP	0
0x001995c0	0xStack[-0xa4]	WRITE	0
0x001995c6	0xStack[0xc]	READ	1
0x001995d1	0xStack[0xc]	WRITE	0
0x001995d4	0xStack[-0xa4]	READ	1
0x001995dd	0xStack[0x8]	WRITE	0
0x001995ea	0xStack[0xc]	WRITE	0
0x001995ed	0xStack[0x4]	READ	1
0x001995f3	0xStack[-0xa4]	WRITE	0
0x00199600	0x00199605	CONDITIONAL_JUMP	0
0x00199602	0xStack[0x8]	WRITE	0
0x00199605	0xStack[0x4]	READ	1
0x0019960e	0xStack[0xc]	READ	0
0x00199611	0x00199616	CONDITIONAL_JUMP	0
0x00199613	0xStack[0xc]	WRITE	0
0x00199616	0xStack[-0xa4]	READ	1
0x0019961c	0xStack[0x8]	READ	1
0x0019961f	0xStack[-0x90]	WRITE	0
0x00199628	0xStack[-0x90]	READ	1
0x00199632	0xStack[0x4]	READ	1
0x0019963e	0xStack[0xc]	READ	1
0x00199641	0xStack[-0x90]	WRITE	0
0x0019964a	0xStack[-0x90]	READ	1
0x0019965a	0xStack[0x8]	READ	1
0x00199663	0xStack[0xc]	READ	1
0x0019967b	0x00199680	CONDITIONAL_JUMP	0
0x00199683	0xStack[0x4]	READ	1
0x0019969c	0xStack[0x4]	READ	1
0x001996b9	0xStack[0x14]	READ	0
0x001996bd	0x0019ab54	CONDITIONAL_JUMP	0
0x001996c3	0xStack[0x18]	READ	0
0x001996c7	0x00199b21	CONDITIONAL_JUMP	0
0x001996cd	0xStack[-0x90]	WRITE	0
0x001996d8	0xStack[-0x90]	READ	1
0x001996de	0xStack[-0x90]	READ	1
0x001996e4	0x001e467c	DATA	1
0x001996e4	0x001e467d	DATA	1
0x001996ea	0xStack[-0x9c]	WRITE	0
0x001996f8	0x001e8654	READ_WRITE	0
0x00199704	0xStack[-0x9c]	READ	1
0x0019970b	0x001e8654	READ_WRITE	0
0x00199712	0xStack[-0x90]	READ_WRITE	0
0x00199718	0xStack[-0x90]	READ	0
0x0019971f	0x001996d8	CONDITIONAL_JUMP	0
0x00199721	0xStack[0x4]	READ	1
0x0019972b	0x001999fc	CONDITIONAL_JUMP	0
0x00199731	0xStack[-0x5]	WRITE	0
0x0019973b	0xStack[-0xa4]	WRITE	0
0x0019974c	0x001e8654	READ_WRITE	0
0x00199759	0xStack[-0xa4]	READ	1
0x00199766	0x00199744	CONDITIONAL_JUMP	0
0x00199770	0x001e8654	READ_WRITE	0
0x00199782	0xStack[0xc]	READ	1
0x00199788	0xStack[0x4]	READ	1
0x00199791	0xStack[0x8]	READ	1
0x00199796	0x0019979b	CONDITIONAL_JUMP	0
0x001997a3	0xStack[0x4]	READ	1
0x001997ac	0xStack[0x4]	READ	1
0x001997c2	0xStack[-0x10]	WRITE	0
0x001997cd	0x001e8654	READ_WRITE	0
0x001997e7	0x001e8654	READ_WRITE	0
0x001997f6	0x001e8654	READ_WRITE	0
0x00199805	0x001e8654	READ_WRITE	0
0x0019981f	0x001e8654	READ_WRITE	0
0x0019982e	0x001e8654	READ_WRITE	0
0x00199835	0xStack[0x4]	READ	1
0x00199841	0xStack[0x4]	READ	1
0x0019985e	0xStack[-0x94]	WRITE	0
0x0019986a	0xStack[-0x90]	WRITE	0
0x00199872	0x001998a1	CONDITIONAL_JUMP	0
0x0019987d	0xStack[-0x14]	WRITE	0
0x00199882	0xStack[-0x10]	READ	1
0x00199885	0xStack[-0x94]	READ	1
0x0019988d	0xStack[-0x14]	READ	1
0x00199890	0xStack[-0x94]	READ_WRITE	0
0x00199896	0xStack[-0x10]	READ_WRITE	0
0x00199899	0xStack[-0x90]	READ_WRITE	0
0x0019989f	0x00199880	CONDITIONAL_JUMP	0
0x001998a9	0x001e8654	READ_WRITE	0
0x001998c6	0x001e8654	READ_WRITE	0
0x001998d5	0x001e8654	READ_WRITE	0
0x001998dc	0xStack[0x4]	READ	1
0x001998e8	0xStack[0x4]	READ	1
0x00199905	0xStack[-0x94]	WRITE	0
0x00199911	0xStack[-0x90]	WRITE	0
0x00199919	0x00199949	CONDITIONAL_JUMP	0
0x00199924	0xStack[-0x18]	WRITE	0
0x0019992a	0xStack[-0x10]	READ	1
0x0019992d	0xStack[-0x94]	READ	1
0x00199935	0xStack[-0x18]	READ	1
0x00199938	0xStack[-0x94]	READ_WRITE	0
0x0019993e	0xStack[-0x10]	READ_WRITE	0
0x00199941	0xStack[-0x90]	READ_WRITE	0
0x00199947	0x00199928	CONDITIONAL_JUMP	0
0x00199949	0xStack[-0x5]	WRITE	0
0x00199955	0x001e8654	READ_WRITE	0
0x0019996f	0x001e8654	READ_WRITE	0
0x0019997e	0x001e8654	READ_WRITE	0
0x00199985	0xStack[0x4]	READ	1
0x0019998e	0xStack[-0xa4]	WRITE	0
0x00199998	0xStack[-0xa4]	READ	1
0x0019999e	0xStack[-0xa4]	READ	1
0x001999a7	0xStack[-0x9c]	WRITE	0
0x001999b5	0x001e8654	READ_WRITE	0
0x001999c1	0xStack[-0x9c]	READ	1
0x001999c8	0x001e8654	READ_WRITE	0
0x001999cf	0xStack[-0xa4]	READ_WRITE	0
0x001999d5	0xStack[-0xa4]	READ	0
0x001999dc	0x00199998	CONDITIONAL_JUMP	0
0x001999e9	0x001e8654	READ_WRITE	0
0x001999f5	0x00199b17	UNCONDITIONAL_JUMP	0
0x001999fc	0xStack[0xc]	READ	1
0x00199a02	0xStack[0x4]	READ	1
0x00199a0b	0xStack[0x8]	READ	1
0x00199a10	0x00199a15	CONDITIONAL_JUMP	0
0x00199a1d	0xStack[0x4]	READ	1
0x00199a26	0xStack[0x4]	READ	1
0x00199a3c	0xStack[-0x10]	WRITE	0
0x00199a62	0xStack[-0x94]	WRITE	0
0x00199a70	0x001e8654	READ_WRITE	0
0x00199a8d	0x001e8654	READ_WRITE	0
0x00199a9c	0x001e8654	READ_WRITE	0
0x00199aa3	0xStack[0x4]	READ	1
0x00199aac	0xStack[-0x90]	WRITE	0
0x00199ab4	0x00199ae9	CONDITIONAL_JUMP	0
0x00199ab6	0xStack[0x4]	READ	1
0x00199ac2	0xStack[-0x1c]	WRITE	0
0x00199aca	0xStack[-0x10]	READ	1
0x00199acd	0xStack[-0x94]	READ	1
0x00199ad5	0xStack[-0x1c]	READ	1
0x00199ad8	0xStack[-0x94]	READ_WRITE	0
0x00199ade	0xStack[-0x10]	READ_WRITE	0
0x00199ae1	0xStack[-0x90]	READ_WRITE	0
0x00199ae7	0x00199ac8	CONDITIONAL_JUMP	0
0x00199af1	0x001e8654	READ_WRITE	0
0x00199b0b	0x001e8654	READ_WRITE	0
0x00199b1a	0x001e8654	READ_WRITE	0
0x00199b21	0xStack[0x4]	READ	1
0x00199b38	0xStack[-0x8]	DATA	0
0x00199b3b	0xStack[-0xa4]	WRITE	0
0x00199b4a	0xStack[-0x90]	WRITE	0
0x00199b59	0xStack[0x8]	READ	1
0x00199b60	0xStack[-0x94]	WRITE	0
0x00199b69	0xStack[-0x20]	WRITE	0
0x00199b72	0xStack[-0x98]	WRITE	0
0x00199b80	0x001e8654	READ_WRITE	0
0x00199b8c	0xStack[-0x98]	READ	1
0x00199b93	0x001e8654	READ_WRITE	0
0x00199ba2	0x001e8654	READ_WRITE	0
0x00199bac	0xStack[-0x94]	READ	1
0x00199bb5	0xStack[-0x9c]	WRITE	0
0x00199bbb	0xStack[-0x90]	READ	1
0x00199bc4	0x001e4685	DATA	1
0x00199bca	0xStack[-0x24]	WRITE	0
0x00199bcd	0xStack[-0x94]	READ	1
0x00199bd6	0x001e468d	DATA	1
0x00199bdc	0xStack[-0x28]	WRITE	0
0x00199bdf	0xStack[-0x20]	READ	1
0x00199be3	0xStack[0x4]	READ	1
0x00199beb	0xStack[-0x9c]	READ	1
0x00199bf4	0xStack[-0x9c]	WRITE	0
0x00199bfd	0x00199c3c	CONDITIONAL_JUMP	0
0x00199c01	0xStack[-0x24]	READ	1
0x00199c0a	0x001e8654	READ_WRITE	0
0x00199c11	0xStack[-0xa0]	WRITE	0
0x00199c1e	0xStack[-0xa4]	READ	1
0x00199c24	0xStack[-0x9]	WRITE	0
0x00199c2a	0xStack[-0x20]	READ	1
0x00199c2d	0xStack[-0xa0]	READ_WRITE	0
0x00199c33	0x00199c1c	CONDITIONAL_JUMP	0
0x00199c35	0x00199cd9	UNCONDITIONAL_JUMP	0
0x00199c3c	0xStack[-0xa0]	WRITE	0
0x00199c4a	0xStack[-0xa4]	READ	1
0x00199c50	0xStack[-0x9]	WRITE	0
0x00199c58	0xStack[-0x24]	READ	1
0x00199c5c	0x001e8654	READ_WRITE	0
0x00199c69	0xStack[-0x94]	WRITE	0
0x00199c72	0x001e8654	READ_WRITE	0
0x00199c79	0xStack[-0x9c]	READ	1
0x00199c80	0xStack[-0x90]	WRITE	0
0x00199c86	0x00199ca0	CONDITIONAL_JUMP	0
0x00199c88	0xStack[-0x94]	READ	1
0x00199c92	0xStack[-0x94]	WRITE	0
0x00199c98	0xStack[-0x90]	READ_WRITE	0
0x00199c9e	0x00199c88	CONDITIONAL_JUMP	0
0x00199ca5	0xStack[-0x28]	READ	1
0x00199ca9	0x001e8654	READ_WRITE	0
0x00199cb0	0xStack[-0x94]	READ	1
0x00199cb8	0xStack[-0xa4]	READ	1
0x00199cbe	0xStack[-0x9]	WRITE	0
0x00199cc1	0xStack[-0x94]	READ	1
0x00199cca	0xStack[-0x20]	READ	1
0x00199ccd	0xStack[-0xa0]	READ_WRITE	0
0x00199cd3	0x00199c48	CONDITIONAL_JUMP	0
0x00199ce1	0x001e8654	READ_WRITE	0
0x00199ce8	0xStack[-0x8]	DATA	0
0x00199ceb	0xStack[-0xa4]	WRITE	0
0x00199cf1	0xStack[0x4]	READ	1
0x00199cfd	0xStack[-0x90]	WRITE	0
0x00199d03	0xStack[0x4]	READ	1
0x00199d0f	0xStack[0x8]	READ	1
0x00199d16	0xStack[-0x94]	WRITE	0
0x00199d1f	0xStack[-0x2c]	WRITE	0
0x00199d28	0xStack[-0x9c]	WRITE	0
0x00199d36	0x001e8654	READ_WRITE	0
0x00199d42	0xStack[-0x9c]	READ	1
0x00199d49	0x001e8654	READ_WRITE	0
0x00199d58	0x001e8654	READ_WRITE	0
0x00199d62	0xStack[-0xa0]	WRITE	0
0x00199d68	0xStack[-0x94]	READ	1
0x00199d71	0xStack[-0x9c]	WRITE	0
0x00199d77	0xStack[-0x90]	READ	1
0x00199d80	0x001e4685	DATA	1
0x00199d86	0xStack[-0x30]	WRITE	0
0x00199d89	0xStack[-0x94]	READ	1
0x00199d92	0x001e468d	DATA	1
0x00199d98	0xStack[-0x34]	WRITE	0
0x00199d9b	0xStack[-0x2c]	READ	1
0x00199da2	0xStack[-0xa0]	READ	1
0x00199da8	0xStack[-0x9c]	READ	1
0x00199dae	0xStack[-0xa0]	READ	1
0x00199db5	0xStack[-0x9c]	WRITE	0
0x00199dbe	0x00199dfc	CONDITIONAL_JUMP	0
0x00199dc2	0xStack[-0x30]	READ	1
0x00199dcb	0x001e8654	READ_WRITE	0
0x00199dd2	0xStack[-0xa0]	WRITE	0
0x00199dde	0xStack[-0xa4]	READ	1
0x00199de4	0xStack[-0x9]	WRITE	0
0x00199dea	0xStack[-0x2c]	READ	1
0x00199ded	0xStack[-0xa0]	READ_WRITE	0
0x00199df3	0x00199ddc	CONDITIONAL_JUMP	0
0x00199df5	0x00199e99	UNCONDITIONAL_JUMP	0
0x00199dfc	0xStack[-0xa0]	WRITE	0
0x00199e0a	0xStack[-0xa4]	READ	1
0x00199e10	0xStack[-0x9]	WRITE	0
0x00199e18	0xStack[-0x30]	READ	1
0x00199e1c	0x001e8654	READ_WRITE	0
0x00199e29	0xStack[-0x94]	WRITE	0
0x00199e32	0x001e8654	READ_WRITE	0
0x00199e39	0xStack[-0x9c]	READ	1
0x00199e40	0xStack[-0x90]	WRITE	0
0x00199e46	0x00199e60	CONDITIONAL_JUMP	0
0x00199e48	0xStack[-0x94]	READ	1
0x00199e52	0xStack[-0x94]	WRITE	0
0x00199e58	0xStack[-0x90]	READ_WRITE	0
0x00199e5e	0x00199e48	CONDITIONAL_JUMP	0
0x00199e65	0xStack[-0x34]	READ	1
0x00199e69	0x001e8654	READ_WRITE	0
0x00199e70	0xStack[-0x94]	READ	1
0x00199e78	0xStack[-0xa4]	READ	1
0x00199e7e	0xStack[-0x9]	WRITE	0
0x00199e81	0xStack[-0x94]	READ	1
0x00199e8a	0xStack[-0x2c]	READ	1
0x00199e8d	0xStack[-0xa0]	READ_WRITE	0
0x00199e93	0x00199e08	CONDITIONAL_JUMP	0
0x00199ea1	0x001e8654	READ_WRITE	0
0x00199ea8	0xStack[-0x8]	DATA	0
0x00199eab	0xStack[-0xa4]	WRITE	0
0x00199eb1	0xStack[0x4]	READ	1
0x00199ebd	0xStack[-0x90]	WRITE	0
0x00199ec3	0xStack[0xc]	READ	1
0x00199ec6	0xStack[0x4]	READ	1
0x00199ecf	0xStack[0x8]	READ	1
0x00199ed6	0xStack[-0x94]	WRITE	0
0x00199edf	0xStack[-0x38]	WRITE	0
0x00199ee8	0xStack[-0x9c]	WRITE	0
0x00199ef6	0x001e8654	READ_WRITE	0
0x00199f02	0xStack[-0x9c]	READ	1
0x00199f09	0x001e8654	READ_WRITE	0
0x00199f18	0x001e8654	READ_WRITE	0
0x00199f22	0xStack[-0xa0]	WRITE	0
0x00199f28	0xStack[-0x94]	READ	1
0x00199f31	0xStack[-0x9c]	WRITE	0
0x00199f37	0xStack[-0x90]	READ	1
0x00199f40	0x001e4685	DATA	1
0x00199f46	0xStack[-0x3c]	WRITE	0
0x00199f49	0xStack[-0x94]	READ	1
0x00199f52	0x001e468d	DATA	1
0x00199f58	0xStack[-0x40]	WRITE	0
0x00199f5b	0xStack[-0x38]	READ	1
0x00199f62	0xStack[-0xa0]	READ	1
0x00199f68	0xStack[-0x9c]	READ	1
0x00199f6e	0xStack[-0xa0]	READ	1
0x00199f75	0xStack[-0x9c]	WRITE	0
0x00199f7e	0x00199fbc	CONDITIONAL_JUMP	0
0x00199f82	0xStack[-0x3c]	READ	1
0x00199f8b	0x001e8654	READ_WRITE	0
0x00199f92	0xStack[-0xa0]	WRITE	0
0x00199f9e	0xStack[-0xa4]	READ	1
0x00199fa4	0xStack[-0x9]	WRITE	0
0x00199faa	0xStack[-0x38]	READ	1
0x00199fad	0xStack[-0xa0]	READ_WRITE	0
0x00199fb3	0x00199f9c	CONDITIONAL_JUMP	0
0x00199fb5	0x0019a059	UNCONDITIONAL_JUMP	0
0x00199fbc	0xStack[-0xa0]	WRITE	0
0x00199fca	0xStack[-0xa4]	READ	1
0x00199fd0	0xStack[-0x9]	WRITE	0
0x00199fd8	0xStack[-0x3c]	READ	1
0x00199fdc	0x001e8654	READ_WRITE	0
0x00199fe9	0xStack[-0x94]	WRITE	0
0x00199ff2	0x001e8654	READ_WRITE	0
0x00199ff9	0xStack[-0x9c]	READ	1
0x0019a000	0xStack[-0x90]	WRITE	0
0x0019a006	0x0019a020	CONDITIONAL_JUMP	0
0x0019a008	0xStack[-0x94]	READ	1
0x0019a012	0xStack[-0x94]	WRITE	0
0x0019a018	0xStack[-0x90]	READ_WRITE	0
0x0019a01e	0x0019a008	CONDITIONAL_JUMP	0
0x0019a025	0xStack[-0x40]	READ	1
0x0019a029	0x001e8654	READ_WRITE	0
0x0019a030	0xStack[-0x94]	READ	1
0x0019a038	0xStack[-0xa4]	READ	1
0x0019a03e	0xStack[-0x9]	WRITE	0
0x0019a041	0xStack[-0x94]	READ	1
0x0019a04a	0xStack[-0x38]	READ	1
0x0019a04d	0xStack[-0xa0]	READ_WRITE	0
0x0019a053	0x00199fc8	CONDITIONAL_JUMP	0
0x0019a061	0x001e8654	READ_WRITE	0
0x0019a068	0xStack[-0x8]	DATA	0
0x0019a06b	0xStack[-0x4c]	WRITE	0
0x0019a06e	0xStack[0x4]	READ	1
0x0019a07a	0xStack[-0x94]	WRITE	0
0x0019a080	0xStack[0xc]	READ	1
0x0019a083	0xStack[0x4]	READ	1
0x0019a08f	0xStack[-0x90]	WRITE	0
0x0019a095	0xStack[0x8]	READ	1
0x0019a09c	0xStack[-0x9c]	WRITE	0
0x0019a0a5	0xStack[-0xa4]	WRITE	0
0x0019a0b9	0x001e8654	READ_WRITE	0
0x0019a0c8	0x001e8654	READ_WRITE	0
0x0019a0d7	0x001e8654	READ_WRITE	0
0x0019a0e1	0xStack[-0xa0]	WRITE	0
0x0019a0e7	0xStack[-0x9c]	READ	1
0x0019a0f0	0xStack[-0x94]	READ	1
0x0019a0f9	0x001e4685	DATA	1
0x0019a0ff	0xStack[-0x44]	WRITE	0
0x0019a102	0xStack[-0x9c]	READ	1
0x0019a10b	0x001e468d	DATA	1
0x0019a111	0xStack[-0x48]	WRITE	0
0x0019a114	0xStack[-0x90]	READ	1
0x0019a11a	0xStack[-0xa4]	READ	1
0x0019a124	0xStack[-0xa0]	READ	1
0x0019a12a	0xStack[-0x90]	WRITE	0
0x0019a130	0xStack[-0xa0]	READ	1
0x0019a13a	0x0019a190	CONDITIONAL_JUMP	0
0x0019a13c	0xStack[-0x48]	READ	1
0x0019a149	0x001e8654	READ_WRITE	0
0x0019a150	0xStack[-0xa0]	WRITE	0
0x0019a15c	0xStack[-0x90]	READ	1
0x0019a164	0xStack[-0x4c]	READ	1
0x0019a167	0xStack[-0x9]	WRITE	0
0x0019a16a	0xStack[-0x90]	READ	1
0x0019a173	0xStack[-0xa4]	READ	1
0x0019a17b	0xStack[-0x90]	WRITE	0
0x0019a181	0xStack[-0xa0]	READ_WRITE	0
0x0019a187	0x0019a15c	CONDITIONAL_JUMP	0
0x0019a189	0x0019a23b	UNCONDITIONAL_JUMP	0
0x0019a190	0xStack[-0xa0]	WRITE	0
0x0019a19c	0xStack[-0x90]	READ	1
0x0019a1a4	0xStack[-0x4c]	READ	1
0x0019a1a7	0xStack[-0x9]	WRITE	0
0x0019a1af	0xStack[-0x44]	READ	1
0x0019a1b3	0x001e8654	READ_WRITE	0
0x0019a1ba	0xStack[-0x90]	READ	1
0x0019a1c4	0xStack[-0x9c]	WRITE	0
0x0019a1cd	0x001e8654	READ_WRITE	0
0x0019a1d7	0xStack[-0x94]	WRITE	0
0x0019a1df	0x0019a1fc	CONDITIONAL_JUMP	0
0x0019a1e4	0xStack[-0x9c]	READ	1
0x0019a1ee	0xStack[-0x9c]	WRITE	0
0x0019a1f4	0xStack[-0x94]	READ_WRITE	0
0x0019a1fa	0x0019a1e4	CONDITIONAL_JUMP	0
0x0019a201	0xStack[-0x48]	READ	1
0x0019a205	0x001e8654	READ_WRITE	0
0x0019a20c	0xStack[-0x9c]	READ	1
0x0019a214	0xStack[-0x4c]	READ	1
0x0019a217	0xStack[-0x9]	WRITE	0
0x0019a21a	0xStack[-0x9c]	READ	1
0x0019a223	0xStack[-0xa4]	READ	1
0x0019a229	0xStack[-0x90]	READ_WRITE	0
0x0019a22f	0xStack[-0xa0]	READ_WRITE	0
0x0019a235	0x0019a19c	CONDITIONAL_JUMP	0
0x0019a243	0x001e8654	READ_WRITE	0
0x0019a24a	0xStack[-0x8]	DATA	0
0x0019a24d	0xStack[-0xa4]	WRITE	0
0x0019a253	0xStack[0x4]	READ	1
0x0019a25c	0xStack[-0xac]	WRITE	0
0x0019a265	0xStack[-0x94]	WRITE	0
0x0019a26b	0xStack[0x4]	READ	1
0x0019a277	0xStack[-0xac]	READ	1
0x0019a280	0xStack[-0x90]	WRITE	0
0x0019a289	0xStack[-0x50]	WRITE	0
0x0019a292	0xStack[-0x9c]	WRITE	0
0x0019a2a0	0x001e8654	READ_WRITE	0
0x0019a2ac	0xStack[-0x9c]	READ	1
0x0019a2b3	0x001e8654	READ_WRITE	0
0x0019a2c2	0x001e8654	READ_WRITE	0
0x0019a2cc	0xStack[-0xa0]	WRITE	0
0x0019a2d2	0xStack[-0x90]	READ	1
0x0019a2db	0xStack[-0x9c]	WRITE	0
0x0019a2e1	0xStack[-0x94]	READ	1
0x0019a2ea	0x001e4685	DATA	1
0x0019a2f0	0xStack[-0x54]	WRITE	0
0x0019a2f3	0xStack[-0x90]	READ	1
0x0019a2fc	0x001e468d	DATA	1
0x0019a302	0xStack[-0x58]	WRITE	0
0x0019a305	0xStack[-0x50]	READ	1
0x0019a30c	0xStack[-0xa0]	READ	1
0x0019a312	0xStack[-0x9c]	READ	1
0x0019a318	0xStack[-0xa0]	READ	1
0x0019a31f	0xStack[-0x9c]	WRITE	0
0x0019a328	0x0019a370	CONDITIONAL_JUMP	0
0x0019a334	0x001e8654	READ_WRITE	0
0x0019a33b	0xStack[0xc]	READ	1
0x0019a341	0xStack[-0xa0]	WRITE	0
0x0019a347	0x0019a415	CONDITIONAL_JUMP	0
0x0019a352	0xStack[-0xa4]	READ	1
0x0019a358	0xStack[-0x9]	WRITE	0
0x0019a35e	0xStack[-0x50]	READ	1
0x0019a361	0xStack[-0xa0]	READ_WRITE	0
0x0019a367	0x0019a350	CONDITIONAL_JUMP	0
0x0019a369	0x0019a415	UNCONDITIONAL_JUMP	0
0x0019a370	0xStack[0xc]	READ	1
0x0019a376	0xStack[-0xa0]	WRITE	0
0x0019a37c	0x0019a415	CONDITIONAL_JUMP	0
0x0019a386	0xStack[-0xa4]	READ	1
0x0019a38c	0xStack[-0x9]	WRITE	0
0x0019a394	0xStack[-0x54]	READ	1
0x0019a398	0x001e8654	READ_WRITE	0
0x0019a3a5	0xStack[-0x94]	WRITE	0
0x0019a3ae	0x001e8654	READ_WRITE	0
0x0019a3b5	0xStack[-0x9c]	READ	1
0x0019a3bc	0xStack[-0x90]	WRITE	0
0x0019a3c2	0x0019a3dc	CONDITIONAL_JUMP	0
0x0019a3c4	0xStack[-0x94]	READ	1
0x0019a3ce	0xStack[-0x94]	WRITE	0
0x0019a3d4	0xStack[-0x90]	READ_WRITE	0
0x0019a3da	0x0019a3c4	CONDITIONAL_JUMP	0
0x0019a3e1	0xStack[-0x58]	READ	1
0x0019a3e5	0x001e8654	READ_WRITE	0
0x0019a3ec	0xStack[-0x94]	READ	1
0x0019a3f4	0xStack[-0xa4]	READ	1
0x0019a3fa	0xStack[-0x9]	WRITE	0
0x0019a3fd	0xStack[-0x94]	READ	1
0x0019a406	0xStack[-0x50]	READ	1
0x0019a409	0xStack[-0xa0]	READ_WRITE	0
0x0019a40f	0x0019a384	CONDITIONAL_JUMP	0
0x0019a41d	0x001e8654	READ_WRITE	0
0x0019a424	0xStack[-0x8]	DATA	0
0x0019a427	0xStack[-0xa4]	WRITE	0
0x0019a42d	0xStack[0x4]	READ	1
0x0019a436	0xStack[-0xb0]	WRITE	0
0x0019a43f	0xStack[-0x90]	WRITE	0
0x0019a445	0xStack[0x4]	READ	1
0x0019a454	0xStack[-0x5c]	WRITE	0
0x0019a45d	0xStack[-0x9c]	WRITE	0
0x0019a46b	0x001e8654	READ_WRITE	0
0x0019a477	0xStack[-0x9c]	READ	1
0x0019a47e	0x001e8654	READ_WRITE	0
0x0019a48d	0x001e8654	READ_WRITE	0
0x0019a497	0xStack[-0xa0]	WRITE	0
0x0019a49d	0xStack[-0xb0]	READ	1
0x0019a4a6	0xStack[-0x9c]	WRITE	0
0x0019a4ac	0xStack[-0x90]	READ	1
0x0019a4b5	0x001e4685	DATA	1
0x0019a4bb	0xStack[-0x60]	WRITE	0
0x0019a4be	0xStack[-0xb0]	READ	1
0x0019a4c7	0x001e468d	DATA	1
0x0019a4cd	0xStack[-0x64]	WRITE	0
0x0019a4d0	0xStack[-0x5c]	READ	1
0x0019a4d7	0xStack[-0xa0]	READ	1
0x0019a4dd	0xStack[-0x9c]	READ	1
0x0019a4e3	0xStack[-0xa0]	READ	1
0x0019a4ea	0xStack[-0x9c]	WRITE	0
0x0019a4f3	0x0019a538	CONDITIONAL_JUMP	0
0x0019a4ff	0x001e8654	READ_WRITE	0
0x0019a506	0xStack[0xc]	READ	1
0x0019a50c	0xStack[-0xa0]	WRITE	0
0x0019a512	0x0019a5dd	CONDITIONAL_JUMP	0
0x0019a51a	0xStack[-0xa4]	READ	1
0x0019a520	0xStack[-0x9]	WRITE	0
0x0019a526	0xStack[-0x5c]	READ	1
0x0019a529	0xStack[-0xa0]	READ_WRITE	0
0x0019a52f	0x0019a518	CONDITIONAL_JUMP	0
0x0019a531	0x0019a5dd	UNCONDITIONAL_JUMP	0
0x0019a538	0xStack[0xc]	READ	1
0x0019a53e	0xStack[-0xa0]	WRITE	0
0x0019a544	0x0019a5dd	CONDITIONAL_JUMP	0
0x0019a54e	0xStack[-0xa4]	READ	1
0x0019a554	0xStack[-0x9]	WRITE	0
0x0019a55c	0xStack[-0x60]	READ	1
0x0019a560	0x001e8654	READ_WRITE	0
0x0019a56d	0xStack[-0x94]	WRITE	0
0x0019a576	0x001e8654	READ_WRITE	0
0x0019a57d	0xStack[-0x9c]	READ	1
0x0019a584	0xStack[-0x90]	WRITE	0
0x0019a58a	0x0019a5a4	CONDITIONAL_JUMP	0
0x0019a58c	0xStack[-0x94]	READ	1
0x0019a596	0xStack[-0x94]	WRITE	0
0x0019a59c	0xStack[-0x90]	READ_WRITE	0
0x0019a5a2	0x0019a58c	CONDITIONAL_JUMP	0
0x0019a5a9	0xStack[-0x64]	READ	1
0x0019a5ad	0x001e8654	READ_WRITE	0
0x0019a5b4	0xStack[-0x94]	READ	1
0x0019a5bc	0xStack[-0xa4]	READ	1
0x0019a5c2	0xStack[-0x9]	WRITE	0
0x0019a5c5	0xStack[-0x94]	READ	1
0x0019a5ce	0xStack[-0x5c]	READ	1
0x0019a5d1	0xStack[-0xa0]	READ_WRITE	0
0x0019a5d7	0x0019a54c	CONDITIONAL_JUMP	0
0x0019a5e5	0x001e8654	READ_WRITE	0
0x0019a5ec	0xStack[-0x8]	DATA	0
0x0019a5ef	0xStack[-0xa4]	WRITE	0
0x0019a5f5	0xStack[0x8]	READ	1
0x0019a5f8	0xStack[0x4]	READ	1
0x0019a601	0xStack[-0x90]	WRITE	0
0x0019a613	0xStack[-0x94]	WRITE	0
0x0019a61c	0xStack[-0x68]	WRITE	0
0x0019a625	0xStack[-0x9c]	WRITE	0
0x0019a633	0x001e8654	READ_WRITE	0
0x0019a63f	0xStack[-0x9c]	READ	1
0x0019a646	0x001e8654	READ_WRITE	0
0x0019a655	0x001e8654	READ_WRITE	0
0x0019a65c	0xStack[-0x90]	READ	1
0x0019a665	0xStack[-0xa0]	WRITE	0
0x0019a66e	0xStack[-0x90]	READ	1
0x0019a677	0x001e4685	DATA	1
0x0019a67d	0xStack[-0x6c]	WRITE	0
0x0019a680	0xStack[-0x94]	READ	1
0x0019a689	0x001e468d	DATA	1
0x0019a68f	0xStack[-0x70]	WRITE	0
0x0019a692	0xStack[-0x68]	READ	1
0x0019a696	0xStack[0x4]	READ	1
0x0019a69c	0xStack[-0xa0]	READ	1
0x0019a6a2	0xStack[-0xa0]	READ	1
0x0019a6a9	0xStack[-0x9c]	WRITE	0
0x0019a6b2	0x0019a6f8	CONDITIONAL_JUMP	0
0x0019a6be	0x001e8654	READ_WRITE	0
0x0019a6c5	0xStack[0xc]	READ	1
0x0019a6cb	0xStack[-0xa0]	WRITE	0
0x0019a6d1	0x0019a79d	CONDITIONAL_JUMP	0
0x0019a6da	0xStack[-0xa4]	READ	1
0x0019a6e0	0xStack[-0x9]	WRITE	0
0x0019a6e6	0xStack[-0x68]	READ	1
0x0019a6e9	0xStack[-0xa0]	READ_WRITE	0
0x0019a6ef	0x0019a6d8	CONDITIONAL_JUMP	0
0x0019a6f1	0x0019a79d	UNCONDITIONAL_JUMP	0
0x0019a6f8	0xStack[0xc]	READ	1
0x0019a6fe	0xStack[-0xa0]	WRITE	0
0x0019a704	0x0019a79d	CONDITIONAL_JUMP	0
0x0019a70e	0xStack[-0xa4]	READ	1
0x0019a714	0xStack[-0x9]	WRITE	0
0x0019a71c	0xStack[-0x6c]	READ	1
0x0019a720	0x001e8654	READ_WRITE	0
0x0019a72d	0xStack[-0x94]	WRITE	0
0x0019a736	0x001e8654	READ_WRITE	0
0x0019a73d	0xStack[-0x9c]	READ	1
0x0019a744	0xStack[-0x90]	WRITE	0
0x0019a74a	0x0019a764	CONDITIONAL_JUMP	0
0x0019a74c	0xStack[-0x94]	READ	1
0x0019a756	0xStack[-0x94]	WRITE	0
0x0019a75c	0xStack[-0x90]	READ_WRITE	0
0x0019a762	0x0019a74c	CONDITIONAL_JUMP	0
0x0019a769	0xStack[-0x70]	READ	1
0x0019a76d	0x001e8654	READ_WRITE	0
0x0019a774	0xStack[-0x94]	READ	1
0x0019a77c	0xStack[-0xa4]	READ	1
0x0019a782	0xStack[-0x9]	WRITE	0
0x0019a785	0xStack[-0x94]	READ	1
0x0019a78e	0xStack[-0x68]	READ	1
0x0019a791	0xStack[-0xa0]	READ_WRITE	0
0x0019a797	0x0019a70c	CONDITIONAL_JUMP	0
0x0019a7a5	0x001e8654	READ_WRITE	0
0x0019a7ac	0xStack[-0x8]	DATA	0
0x0019a7af	0xStack[-0xa4]	WRITE	0
0x0019a7b5	0xStack[0x8]	READ	1
0x0019a7b8	0xStack[0x4]	READ	1
0x0019a7c4	0xStack[-0x90]	WRITE	0
0x0019a7d4	0xStack[-0x94]	WRITE	0
0x0019a7dd	0xStack[-0x74]	WRITE	0
0x0019a7e6	0xStack[-0x9c]	WRITE	0
0x0019a7f4	0x001e8654	READ_WRITE	0
0x0019a800	0xStack[-0x9c]	READ	1
0x0019a807	0x001e8654	READ_WRITE	0
0x0019a816	0x001e8654	READ_WRITE	0
0x0019a81d	0xStack[-0x90]	READ	1
0x0019a826	0xStack[-0xa0]	WRITE	0
0x0019a82f	0xStack[-0x90]	READ	1
0x0019a838	0x001e4685	DATA	1
0x0019a83e	0xStack[-0x78]	WRITE	0
0x0019a841	0xStack[-0x94]	READ	1
0x0019a84a	0x001e468d	DATA	1
0x0019a850	0xStack[-0x7c]	WRITE	0
0x0019a853	0xStack[-0x74]	READ	1
0x0019a857	0xStack[0x4]	READ	1
0x0019a85d	0xStack[-0xa0]	READ	1
0x0019a863	0xStack[-0xa0]	READ	1
0x0019a86a	0xStack[-0x9c]	WRITE	0
0x0019a873	0x0019a8b8	CONDITIONAL_JUMP	0
0x0019a87f	0x001e8654	READ_WRITE	0
0x0019a886	0xStack[0xc]	READ	1
0x0019a88c	0xStack[-0x90]	WRITE	0
0x0019a892	0x0019a95d	CONDITIONAL_JUMP	0
0x0019a89a	0xStack[-0xa4]	READ	1
0x0019a8a0	0xStack[-0x9]	WRITE	0
0x0019a8a6	0xStack[-0x74]	READ	1
0x0019a8a9	0xStack[-0x90]	READ_WRITE	0
0x0019a8af	0x0019a898	CONDITIONAL_JUMP	0
0x0019a8b1	0x0019a95d	UNCONDITIONAL_JUMP	0
0x0019a8b8	0xStack[0xc]	READ	1
0x0019a8be	0xStack[-0x90]	WRITE	0
0x0019a8c4	0x0019a95d	CONDITIONAL_JUMP	0
0x0019a8ce	0xStack[-0xa4]	READ	1
0x0019a8d4	0xStack[-0x9]	WRITE	0
0x0019a8dc	0xStack[-0x78]	READ	1
0x0019a8e0	0x001e8654	READ_WRITE	0
0x0019a8ed	0xStack[-0xa0]	WRITE	0
0x0019a8f6	0x001e8654	READ_WRITE	0
0x0019a8fd	0xStack[-0x9c]	READ	1
0x0019a904	0xStack[-0x94]	WRITE	0
0x0019a90a	0x0019a924	CONDITIONAL_JUMP	0
0x0019a90c	0xStack[-0xa0]	READ	1
0x0019a916	0xStack[-0xa0]	WRITE	0
0x0019a91c	0xStack[-0x94]	READ_WRITE	0
0x0019a922	0x0019a90c	CONDITIONAL_JUMP	0
0x0019a929	0xStack[-0x7c]	READ	1
0x0019a92d	0x001e8654	READ_WRITE	0
0x0019a934	0xStack[-0xa0]	READ	1
0x0019a93c	0xStack[-0xa4]	READ	1
0x0019a942	0xStack[-0x9]	WRITE	0
0x0019a945	0xStack[-0xa0]	READ	1
0x0019a94e	0xStack[-0x74]	READ	1
0x0019a951	0xStack[-0x90]	READ_WRITE	0
0x0019a957	0x0019a8cc	CONDITIONAL_JUMP	0
0x0019a965	0x001e8654	READ_WRITE	0
0x0019a96c	0xStack[-0x8]	DATA	0
0x0019a96f	0xStack[-0x8c]	WRITE	0
0x0019a975	0xStack[0x4]	READ	1
0x0019a97e	0xStack[-0xb4]	WRITE	0
0x0019a984	0xStack[0x4]	READ	1
0x0019a993	0xStack[-0xa4]	WRITE	0
0x0019a99f	0xStack[-0x94]	WRITE	0
0x0019a9a8	0xStack[-0x80]	WRITE	0
0x0019a9b1	0xStack[-0x9c]	WRITE	0
0x0019a9bf	0x001e8654	READ_WRITE	0
0x0019a9cb	0xStack[-0x9c]	READ	1
0x0019a9d2	0x001e8654	READ_WRITE	0
0x0019a9e1	0x001e8654	READ_WRITE	0
0x0019a9e8	0xStack[-0xb4]	READ	1
0x0019a9f1	0xStack[-0xa0]	WRITE	0
0x0019a9fa	0xStack[-0x9c]	WRITE	0
0x0019aa00	0xStack[-0xb4]	READ	1
0x0019aa09	0x001e4685	DATA	1
0x0019aa0f	0xStack[-0x84]	WRITE	0
0x0019aa12	0xStack[-0x94]	READ	1
0x0019aa1b	0x001e468d	DATA	1
0x0019aa21	0xStack[-0x88]	WRITE	0
0x0019aa27	0xStack[-0x80]	READ	1
0x0019aa2e	0xStack[-0xa0]	READ	1
0x0019aa34	0xStack[-0x9c]	READ	1
0x0019aa3a	0xStack[-0xa0]	READ	1
0x0019aa41	0xStack[-0x9c]	WRITE	0
0x0019aa4a	0x0019aa8c	CONDITIONAL_JUMP	0
0x0019aa4e	0xStack[-0x84]	READ	1
0x0019aa57	0x001e8654	READ_WRITE	0
0x0019aa5e	0xStack[-0xa4]	READ_WRITE	0
0x0019aa64	0x0019ab2c	CONDITIONAL_JUMP	0
0x0019aa6e	0xStack[-0x8c]	READ	1
0x0019aa74	0xStack[-0x9]	WRITE	0
0x0019aa7a	0xStack[-0x80]	READ	1
0x0019aa7d	0xStack[-0xa4]	READ_WRITE	0
0x0019aa83	0x0019aa6c	CONDITIONAL_JUMP	0
0x0019aa85	0x0019ab2c	UNCONDITIONAL_JUMP	0
0x0019aa8c	0xStack[-0xa4]	READ_WRITE	0
0x0019aa92	0x0019ab2c	CONDITIONAL_JUMP	0
0x0019aa9a	0xStack[-0x8c]	READ	1
0x0019aaa0	0xStack[-0x9]	WRITE	0
0x0019aaa8	0xStack[-0x84]	READ	1
0x0019aaac	0x001e8654	READ_WRITE	0
0x0019aab9	0xStack[-0x94]	WRITE	0
0x0019aac2	0x001e8654	READ_WRITE	0
0x0019aac9	0xStack[-0x9c]	READ	1
0x0019aad0	0xStack[-0xa0]	WRITE	0
0x0019aad6	0x0019aaf0	CONDITIONAL_JUMP	0
0x0019aad8	0xStack[-0x94]	READ	1
0x0019aae2	0xStack[-0x94]	WRITE	0
0x0019aae8	0xStack[-0xa0]	READ_WRITE	0
0x0019aaee	0x0019aad8	CONDITIONAL_JUMP	0
0x0019aaf5	0xStack[-0x88]	READ	1
0x0019aafc	0x001e8654	READ_WRITE	0
0x0019ab03	0xStack[-0x94]	READ	1
0x0019ab0b	0xStack[-0x8c]	READ	1
0x0019ab11	0xStack[-0x9]	WRITE	0
0x0019ab14	0xStack[-0x94]	READ	1
0x0019ab1d	0xStack[-0x80]	READ	1
0x0019ab20	0xStack[-0xa4]	READ_WRITE	0
0x0019ab26	0x0019aa98	CONDITIONAL_JUMP	0
0x0019ab34	0x001e8654	READ_WRITE	0
0x0019ab3b	0xStack[0x4]	READ	1
0x0019ab3f	0x00197ca0	UNCONDITIONAL_CALL	0
0x0019ab44	0xStack[0x10]	READ	1
0x0019ab48	0xStack[0x4]	READ	1
0x0019ab4c	0x00198adc	UNCONDITIONAL_CALL	0
0x0019ab51	0x0019ab79	UNCONDITIONAL_JUMP	0
0x0019ab54	0xStack[0x4]	READ	1
0x0019ab64	0xStack[0x10]	READ	1
0x0019ab69	0x00198adc	UNCONDITIONAL_CALL	0
0x0019ab70	0xStack[0x4]	READ	1
0x0019ab74	0x00198098	UNCONDITIONAL_CALL	0
0x0019ab79	0xStack[-0xc4]	DATA	0
0x0019ab91	0xStack[0xc]	READ	1
0x0019ab94	0xStack[0x4]	READ	1
0x0019abe9	0x0019abe0	CONDITIONAL_JUMP	0
0x0019ac0a	0x001e8654	READ_WRITE	0
0x0019ac1e	0x0019ac00	CONDITIONAL_JUMP	0
0x0019ac28	0x001e8654	READ_WRITE	0
0x0019ac38	0xStack[0x8]	READ	1
0x0019ac3f	0x0019ac4a	CONDITIONAL_JUMP	0
0x0019ac43	0x0019ac4a	CONDITIONAL_JUMP	0
0x0019ac45	0x001979e4	UNCONDITIONAL_CALL	0
0x0019ac52	0x001e8654	READ_WRITE	0
0x0019ac61	0x001e8654	READ_WRITE	0
0x0019ac6e	0xStack[-0x1c]	WRITE	0
0x0019ac71	0x001e467c	READ	1
0x0019ac71	0x001e467d	READ	1
0x0019ac7d	0x001e8654	READ_WRITE	0
0x0019ac8c	0x001e8654	READ_WRITE	0
0x0019ac97	0x0019ac6c	CONDITIONAL_JUMP	0
0x0019ac9b	0x0019ada6	CONDITIONAL_JUMP	0
0x0019aca4	0x0019ada6	CONDITIONAL_JUMP	0
0x0019acb0	0xStack[-0xc]	WRITE	0
0x0019acc1	0x001e8654	READ_WRITE	0
0x0019acd0	0x001e8654	READ_WRITE	0
0x0019acdf	0x001e8654	READ_WRITE	0
0x0019acec	0xStack[-0x20]	WRITE	0
0x0019acef	0x001e4685	READ	1
0x0019acf5	0xStack[-0x10]	WRITE	0
0x0019acfe	0x001e468d	DATA	1
0x0019ad04	0xStack[-0x14]	WRITE	0
0x0019ad0a	0xStack[-0x20]	READ	1
0x0019ad0e	0xStack[-0x20]	WRITE	0
0x0019ad14	0x0019ad3c	CONDITIONAL_JUMP	0
0x0019ad18	0xStack[-0x10]	READ	1
0x0019ad21	0x001e8654	READ_WRITE	0
0x0019ad29	0x0019ad97	CONDITIONAL_JUMP	0
0x0019ad2e	0xStack[-0x5]	WRITE	0
0x0019ad34	0xStack[-0xc]	READ	1
0x0019ad38	0x0019ad2c	CONDITIONAL_JUMP	0
0x0019ad3a	0x0019ad97	UNCONDITIONAL_JUMP	0
0x0019ad3d	0x0019ad97	CONDITIONAL_JUMP	0
0x0019ad42	0xStack[-0x5]	WRITE	0
0x0019ad4a	0xStack[-0x10]	READ	1
0x0019ad4e	0x001e8654	READ_WRITE	0
0x0019ad5e	0x001e8654	READ_WRITE	0
0x0019ad65	0xStack[-0x20]	READ	1
0x0019ad69	0xStack[-0x18]	WRITE	0
0x0019ad6c	0x0019ad79	CONDITIONAL_JUMP	0
0x0019ad74	0xStack[-0x18]	READ_WRITE	0
0x0019ad77	0x0019ad70	CONDITIONAL_JUMP	0
0x0019ad7e	0xStack[-0x14]	READ	1
0x0019ad82	0x001e8654	READ_WRITE	0
0x0019ad8b	0xStack[-0x5]	WRITE	0
0x0019ad91	0xStack[-0xc]	READ	1
0x0019ad95	0x0019ad40	CONDITIONAL_JUMP	0
0x0019ad9f	0x001e8654	READ_WRITE	0
0x0019ada6	0xStack[0x8]	READ	1
0x0019adae	0x0019ae02	CONDITIONAL_JUMP	0
0x0019adb0	0x0019adbc	CONDITIONAL_JUMP	0
0x0019adb5	0x0019adc4	CONDITIONAL_JUMP	0
0x0019adb7	0x0019adf8	UNCONDITIONAL_JUMP	0
0x0019adbc	0xStack[0x8]	READ	0
0x0019adc0	0x0019addc	CONDITIONAL_JUMP	0
0x0019adc2	0x0019adf8	UNCONDITIONAL_JUMP	0
0x0019adc6	0xStack[0x10]	READ	1
0x0019adca	0xStack[0x14]	READ	1
0x0019add8	0x0019adf0	UNCONDITIONAL_JUMP	0
0x0019adde	0xStack[0x10]	READ	1
0x0019ade2	0xStack[0x14]	READ	1
0x0019adf1	0x001995a4	UNCONDITIONAL_CALL	0
0x0019adf6	0x0019ae02	UNCONDITIONAL_JUMP	0
0x0019adf8	0x001e46b9	DATA	0
0x0019adfd	0x0010ca6c	UNCONDITIONAL_CALL	0
0x0019ae02	0xStack[-0x2c]	DATA	0
0x0019ae15	0xStack[0x4]	READ	1
0x0019ae1b	0xStack[-0xc]	WRITE	0
0x0019ae23	0x0019ae3c	CONDITIONAL_JUMP	0
0x0019ae26	0x001e46df	DATA	0
0x0019ae2b	0x001a5514	UNCONDITIONAL_CALL	0
0x0019ae35	0x0019b09c	UNCONDITIONAL_JUMP	0
0x0019ae3c	0xStack[-0xc]	READ	1
0x0019ae46	0x0019af9c	CONDITIONAL_JUMP	0
0x0019ae52	0xStack[-0x10]	WRITE	0
0x0019ae5d	0x001e8654	READ_WRITE	0
0x0019ae77	0x001e8654	READ_WRITE	0
0x0019ae86	0x001e8654	READ_WRITE	0
0x0019ae95	0x001e8654	READ_WRITE	0
0x0019aea4	0x001e8654	READ_WRITE	0
0x0019aeb3	0x001e8654	READ_WRITE	0
0x0019aec2	0x001e8654	READ_WRITE	0
0x0019aed1	0x001e8654	READ_WRITE	0
0x0019aee0	0x001e8654	READ_WRITE	0
0x0019aee7	0xStack[-0xc]	READ	1
0x0019aef0	0xStack[-0x24]	WRITE	0
0x0019aef3	0xStack[-0x5]	WRITE	0
0x0019aef7	0xStack[-0xc]	READ	1
0x0019af00	0xStack[-0x20]	WRITE	0
0x0019af05	0x0019af30	CONDITIONAL_JUMP	0
0x0019af07	0xStack[-0xc]	READ	1
0x0019af13	0xStack[-0x14]	WRITE	0
0x0019af1a	0xStack[-0x24]	READ	1
0x0019af1d	0xStack[-0x10]	READ	1
0x0019af22	0xStack[-0x14]	READ	1
0x0019af25	0xStack[-0x24]	READ_WRITE	0
0x0019af28	0xStack[-0x10]	READ_WRITE	0
0x0019af2b	0xStack[-0x20]	READ_WRITE	0
0x0019af2e	0x0019af18	CONDITIONAL_JUMP	0
0x0019af38	0x001e8654	READ_WRITE	0
0x0019af45	0x001e8654	READ_WRITE	0
0x0019af4c	0xStack[-0xc]	READ	1
0x0019af55	0xStack[-0x24]	WRITE	0
0x0019af58	0xStack[-0xc]	READ	1
0x0019af61	0xStack[-0x20]	WRITE	0
0x0019af66	0x0019af90	CONDITIONAL_JUMP	0
0x0019af68	0xStack[-0xc]	READ	1
0x0019af74	0xStack[-0x18]	WRITE	0
0x0019af7a	0xStack[-0x24]	READ	1
0x0019af7d	0xStack[-0x10]	READ	1
0x0019af82	0xStack[-0x18]	READ	1
0x0019af85	0xStack[-0x24]	READ_WRITE	0
0x0019af88	0xStack[-0x10]	READ_WRITE	0
0x0019af8b	0xStack[-0x20]	READ_WRITE	0
0x0019af8e	0x0019af78	CONDITIONAL_JUMP	0
0x0019af90	0xStack[-0x5]	WRITE	0
0x0019af94	0x0019b028	UNCONDITIONAL_JUMP	0
0x0019af9c	0xStack[-0xc]	READ	1
0x0019afa5	0xStack[-0x10]	WRITE	0
0x0019afa8	0xStack[-0xc]	READ	1
0x0019afb1	0xStack[-0x24]	WRITE	0
0x0019afbc	0x001e8654	READ_WRITE	0
0x0019afd9	0x001e8654	READ_WRITE	0
0x0019afe8	0x001e8654	READ_WRITE	0
0x0019afef	0xStack[-0xc]	READ	1
0x0019aff8	0xStack[-0x20]	WRITE	0
0x0019affd	0x0019b028	CONDITIONAL_JUMP	0
0x0019afff	0xStack[-0xc]	READ	1
0x0019b00b	0xStack[-0x1c]	WRITE	0
0x0019b012	0xStack[-0x24]	READ	1
0x0019b015	0xStack[-0x10]	READ	1
0x0019b01a	0xStack[-0x1c]	READ	1
0x0019b01d	0xStack[-0x24]	READ_WRITE	0
0x0019b020	0xStack[-0x10]	READ_WRITE	0
0x0019b023	0xStack[-0x20]	READ_WRITE	0
0x0019b026	0x0019b010	CONDITIONAL_JUMP	0
0x0019b028	0xStack[-0xc]	READ	1
0x0019b031	0xStack[-0x28]	WRITE	0
0x0019b038	0xStack[-0x28]	READ	1
0x0019b03b	0xStack[-0x24]	WRITE	0
0x0019b03e	0xStack[-0x28]	READ	1
0x0019b044	0xStack[-0x2c]	WRITE	0
0x0019b04c	0xStack[-0x24]	READ	1
0x0019b050	0x001e8654	READ_WRITE	0
0x0019b05c	0xStack[-0x2c]	READ	1
0x0019b060	0x001e8654	READ_WRITE	0
0x0019b067	0xStack[-0x28]	READ_WRITE	0
0x0019b06a	0xStack[-0x28]	READ	0
0x0019b06e	0x0019b038	CONDITIONAL_JUMP	0
0x0019b07b	0x001e8654	READ_WRITE	0
0x0019b08a	0x001e8654	READ_WRITE	0
0x0019b091	0xStack[-0xc]	READ	1
0x0019b09c	0xStack[-0x38]	DATA	0
0x0019b0b0	0xStack[0x8]	READ	1
0x0019b0bb	0x001e8654	READ_WRITE	0
0x0019b0c8	0x001e8654	READ_WRITE	0
0x0019b0cf	0xStack[0x4]	READ	1
0x0019b0e7	0xStack[-0x10]	WRITE	0
0x0019b0f4	0xStack[-0xc]	WRITE	0
0x0019b0f7	0xStack[-0x10]	READ	1
0x0019b0fa	0xStack[-0xc]	READ	1
0x0019b107	0xStack[-0xc]	WRITE	0
0x0019b10a	0xStack[-0xc]	READ	1
0x0019b10d	0xStack[-0x10]	WRITE	0
0x0019b11b	0xStack[-0xc]	WRITE	0
0x0019b11e	0xStack[-0x10]	READ	1
0x0019b121	0xStack[-0xc]	READ	1
0x0019b12f	0xStack[-0xc]	WRITE	0
0x0019b132	0xStack[-0xc]	READ	1
0x0019b135	0xStack[-0x10]	WRITE	0
0x0019b13c	0xStack[-0x10]	READ	1
0x0019b14d	0xStack[-0xc]	WRITE	0
0x0019b154	0xStack[-0x8]	WRITE	0
0x0019b167	0xStack[-0x10]	WRITE	0
0x0019b174	0xStack[-0xc]	WRITE	0
0x0019b177	0xStack[-0x10]	READ	1
0x0019b17a	0xStack[-0xc]	READ	1
0x0019b187	0xStack[-0xc]	WRITE	0
0x0019b18a	0xStack[-0xc]	READ	1
0x0019b18d	0xStack[-0x10]	WRITE	0
0x0019b19b	0xStack[-0xc]	WRITE	0
0x0019b19e	0xStack[-0x10]	READ	1
0x0019b1a1	0xStack[-0xc]	READ	1
0x0019b1b6	0xStack[-0x10]	WRITE	0
0x0019b1c0	0xStack[-0x10]	READ	1
0x0019b1c8	0xStack[-0xc]	WRITE	0
0x0019b1d7	0xStack[-0x8]	READ	1
0x0019b1ea	0x001e8654	READ_WRITE	0
0x0019b1f9	0x001e8654	READ_WRITE	0
0x0019b200	0xStack[0x4]	READ	1
0x0019b218	0xStack[-0x10]	WRITE	0
0x0019b225	0xStack[-0xc]	WRITE	0
0x0019b228	0xStack[-0x10]	READ	1
0x0019b22b	0xStack[-0xc]	READ	1
0x0019b238	0xStack[-0xc]	WRITE	0
0x0019b23b	0xStack[-0xc]	READ	1
0x0019b23e	0xStack[-0x10]	WRITE	0
0x0019b24c	0xStack[-0xc]	WRITE	0
0x0019b24f	0xStack[-0x10]	READ	1
0x0019b252	0xStack[-0xc]	READ	1
0x0019b25d	0xStack[-0xc]	WRITE	0
0x0019b260	0xStack[-0xc]	READ	1
0x0019b263	0xStack[-0x10]	WRITE	0
0x0019b26c	0xStack[-0x10]	READ	1
0x0019b27d	0xStack[-0xc]	WRITE	0
0x0019b284	0xStack[-0x8]	WRITE	0
0x0019b29d	0xStack[-0x10]	WRITE	0
0x0019b2aa	0xStack[-0xc]	WRITE	0
0x0019b2ad	0xStack[-0x10]	READ	1
0x0019b2b0	0xStack[-0xc]	READ	1
0x0019b2bd	0xStack[-0xc]	WRITE	0
0x0019b2c0	0xStack[-0xc]	READ	1
0x0019b2c3	0xStack[-0x10]	WRITE	0
0x0019b2d1	0xStack[-0xc]	WRITE	0
0x0019b2d4	0xStack[-0x10]	READ	1
0x0019b2d7	0xStack[-0xc]	READ	1
0x0019b2eb	0xStack[-0x10]	WRITE	0
0x0019b2f5	0xStack[-0x10]	READ	1
0x0019b2fd	0xStack[-0xc]	WRITE	0
0x0019b30c	0xStack[-0x8]	READ	1
0x0019b31f	0x001e8654	READ_WRITE	0
0x0019b32e	0x001e8654	READ_WRITE	0
0x0019b335	0xStack[-0x18]	DATA	0
0x0019b349	0xStack[0x4]	READ	1
0x0019b34f	0xStack[0x8]	READ	1
0x0019b352	0xStack[-0xc]	WRITE	0
0x0019b358	0x0019b397	CONDITIONAL_JUMP	0
0x0019b35a	0xStack[-0xc]	READ	1
0x0019b364	0x0019b397	CONDITIONAL_JUMP	0
0x0019b366	0xStack[-0xc]	READ	1
0x0019b370	0x0019b397	CONDITIONAL_JUMP	0
0x0019b372	0xStack[-0xc]	READ	1
0x0019b389	0xStack[-0xc]	READ	1
0x0019b395	0x0019b3a4	CONDITIONAL_JUMP	0
0x0019b39c	0x0019b542	UNCONDITIONAL_JUMP	0
0x0019b3ac	0x001e8654	READ_WRITE	0
0x0019b3bb	0x001e8654	READ_WRITE	0
0x0019b3c2	0xStack[-0xc]	READ	1
0x0019b3c8	0xStack[-0x10]	WRITE	0
0x0019b3d1	0xStack[-0x14]	WRITE	0
0x0019b3d4	0xStack[-0xc]	READ	1
0x0019b3e7	0xStack[-0x28]	WRITE	0
0x0019b3f2	0xStack[-0x18]	WRITE	0
0x0019b3fc	0xStack[-0x28]	READ	1
0x0019b401	0x0019b406	CONDITIONAL_JUMP	0
0x0019b409	0xStack[-0x24]	WRITE	0
0x0019b40c	0xStack[-0x14]	READ_WRITE	0
0x0019b40f	0xStack[-0x1c]	WRITE	0
0x0019b416	0xStack[-0xc]	READ	1
0x0019b421	0x0019b522	CONDITIONAL_JUMP	0
0x0019b42d	0xStack[-0x8]	WRITE	0
0x0019b434	0xStack[-0x14]	READ	1
0x0019b437	0xStack[-0x20]	WRITE	0
0x0019b43c	0xStack[-0xc]	READ	1
0x0019b444	0x0019b50b	CONDITIONAL_JUMP	0
0x0019b44e	0x0019b476	CONDITIONAL_JUMP	0
0x0019b450	0xStack[-0x28]	WRITE	0
0x0019b457	0xStack[-0x18]	READ	0
0x0019b45a	0x0019b476	CONDITIONAL_JUMP	0
0x0019b45c	0xStack[-0x8]	READ	1
0x0019b465	0xStack[-0x8]	WRITE	0
0x0019b46b	0xStack[-0x28]	READ_WRITE	0
0x0019b46e	0xStack[-0x18]	READ	1
0x0019b471	0xStack[-0x28]	READ	0
0x0019b474	0x0019b45c	CONDITIONAL_JUMP	0
0x0019b476	0xStack[-0x10]	READ	1
0x0019b47b	0xStack[-0x10]	READ_WRITE	0
0x0019b47e	0xStack[-0x28]	WRITE	0
0x0019b48d	0xStack[-0x28]	READ	1
0x0019b4a0	0xStack[-0x8]	READ_WRITE	0
0x0019b4a6	0xStack[-0x28]	READ_WRITE	0
0x0019b4aa	0xStack[-0x28]	READ	0
0x0019b4ae	0x0019b488	CONDITIONAL_JUMP	0
0x0019b4b5	0x0019b4da	CONDITIONAL_JUMP	0
0x0019b4b7	0xStack[-0xc]	READ	1
0x0019b4c0	0x0019b44c	CONDITIONAL_JUMP	0
0x0019b4d2	0xStack[-0x8]	READ_WRITE	0
0x0019b4d8	0x0019b4c4	CONDITIONAL_JUMP	0
0x0019b4da	0xStack[-0x20]	READ	1
0x0019b4e1	0xStack[-0x20]	WRITE	0
0x0019b4e4	0xStack[-0x8]	DATA	0
0x0019b4e8	0x0019b0a8	UNCONDITIONAL_CALL	0
0x0019b4f2	0xStack[-0x8]	WRITE	0
0x0019b4fc	0xStack[-0xc]	READ	1
0x0019b505	0x0019b44c	CONDITIONAL_JUMP	0
0x0019b50b	0xStack[-0x14]	READ_WRITE	0
0x0019b50f	0xStack[-0x1c]	READ_WRITE	0
0x0019b512	0xStack[-0xc]	READ	1
0x0019b519	0xStack[-0x1c]	READ	0
0x0019b51c	0x0019b428	CONDITIONAL_JUMP	0
0x0019b52a	0x001e8654	READ_WRITE	0
0x0019b539	0x001e8654	READ_WRITE	0
0x0019b542	0xStack[-0x34]	DATA	0
0x0019b557	0x001a5448	UNCONDITIONAL_CALL	0
0x0019b563	0xStack[-0x8]	WRITE	0
0x0019b566	0x001a5448	UNCONDITIONAL_CALL	0
0x0019b570	0xStack[-0x8]	READ	1
0x0019b575	0x0019b580	CONDITIONAL_JUMP	0
0x0019b579	0x0019b662	UNCONDITIONAL_JUMP	0
0x0019b585	0x0019b598	CONDITIONAL_JUMP	0
0x0019b58a	0x001a5458	UNCONDITIONAL_CALL	0
0x0019b591	0x0019b662	UNCONDITIONAL_JUMP	0
0x0019b598	0x0019b81c	DATA	1
0x0019b59e	0x0019ab88	DATA	1
0x0019b5a5	0x0019ae0c	DATA	1
0x0019b5ac	0x0019b340	DATA	1
0x0019b5b3	0x0019b860	DATA	1
0x0019b5ba	0x0019b9c8	DATA	1
0x0019b5c1	0x0019b9e0	DATA	1
0x0019b5cb	0xStack[0x4]	READ	1
0x0019b5d8	0xStack[0x8]	READ	1
0x0019b5e3	0x0019b638	CONDITIONAL_JUMP	0
0x0019b606	0xStack[-0x8]	WRITE	0
0x0019b609	0x001a5448	UNCONDITIONAL_CALL	0
0x0019b617	0xStack[-0x8]	READ	1
0x0019b61c	0x0019b65a	CONDITIONAL_JUMP	0
0x0019b621	0x001a5458	UNCONDITIONAL_CALL	0
0x0019b62c	0x001a5458	UNCONDITIONAL_CALL	0
0x0019b633	0x0019b662	UNCONDITIONAL_JUMP	0
0x0019b662	0xStack[-0x14]	DATA	0
0x0019b677	0x001a5448	UNCONDITIONAL_CALL	0
0x0019b683	0xStack[-0x8]	WRITE	0
0x0019b686	0x001a5448	UNCONDITIONAL_CALL	0
0x0019b690	0xStack[-0x8]	READ	1
0x0019b695	0x0019b6a0	CONDITIONAL_JUMP	0
0x0019b699	0x0019b754	UNCONDITIONAL_JUMP	0
0x0019b6a5	0x0019b6b0	CONDITIONAL_JUMP	0
0x0019b6aa	0x0019b741	UNCONDITIONAL_JUMP	0
0x0019b6b0	0x0019b81c	DATA	1
0x0019b6b6	0x0019ab88	DATA	1
0x0019b6bd	0x0019ae0c	DATA	1
0x0019b6c4	0x0019b340	DATA	1
0x0019b6cb	0x0019b860	DATA	1
0x0019b6d2	0x0019b9c8	DATA	1
0x0019b6d9	0x0019b9e0	DATA	1
0x0019b6e3	0xStack[0x4]	READ	1
0x0019b71b	0xStack[-0x8]	WRITE	0
0x0019b71e	0x001a5448	UNCONDITIONAL_CALL	0
0x0019b72c	0xStack[-0x8]	READ	1
0x0019b731	0x0019b74c	CONDITIONAL_JUMP	0
0x0019b736	0x001a5458	UNCONDITIONAL_CALL	0
0x0019b741	0x001a5458	UNCONDITIONAL_CALL	0
0x0019b748	0x0019b754	UNCONDITIONAL_JUMP	0
0x0019b754	0xStack[-0x14]	DATA	0
0x0019b768	0x001a5448	UNCONDITIONAL_CALL	0
0x0019b774	0x001a5448	UNCONDITIONAL_CALL	0
0x0019b780	0x0019b78c	CONDITIONAL_JUMP	0
0x0019b784	0x0019b812	UNCONDITIONAL_JUMP	0
0x0019b791	0x0019b7a0	CONDITIONAL_JUMP	0
0x0019b796	0x001a5458	UNCONDITIONAL_CALL	0
0x0019b79d	0x0019b812	UNCONDITIONAL_JUMP	0
0x0019b7a0	0x0019b81c	DATA	1
0x0019b7a6	0x0019ab88	DATA	1
0x0019b7ad	0x0019ae0c	DATA	1
0x0019b7b4	0x0019b340	DATA	1
0x0019b7bb	0x0019b860	DATA	1
0x0019b7c2	0x0019b9c8	DATA	1
0x0019b7c9	0x0019b9e0	DATA	1
0x0019b7d3	0xStack[0x4]	READ	1
0x0019b812	0xStack[-0x10]	DATA	0
0x0019b821	0xStack[0x4]	READ	1
0x0019b82e	0x0019b844	CONDITIONAL_JUMP	0
0x0019b83c	0x001a5458	UNCONDITIONAL_CALL	0
0x0019b84a	0x001a5458	UNCONDITIONAL_CALL	0
0x0019b852	0x001a5458	UNCONDITIONAL_CALL	0
0x0019b857	0xStack[-0xc]	DATA	0
0x0019b869	0xStack[0x8]	READ	1
0x0019b86c	0xStack[0x4]	READ	1
0x0019b872	0xStack[-0xc]	WRITE	0
0x0019b883	0x0019b89a	CONDITIONAL_JUMP	0
0x0019b889	0xStack[-0x10]	WRITE	0
0x0019b892	0xStack[-0xc]	READ	1
0x0019b898	0x0019b8a4	CONDITIONAL_JUMP	0
0x0019b89f	0x0019b9be	UNCONDITIONAL_JUMP	0
0x0019b8aa	0xStack[-0x20]	WRITE	0
0x0019b8ad	0xStack[-0xc]	READ	1
0x0019b8b3	0xStack[-0x14]	WRITE	0
0x0019b8b8	0xStack[-0x20]	READ	1
0x0019b8c3	0x001e8654	READ_WRITE	0
0x0019b8d2	0x001e8654	READ_WRITE	0
0x0019b8e1	0x001e8654	READ_WRITE	0
0x0019b8f2	0xStack[-0x24]	WRITE	0
0x0019b8f8	0xStack[-0x20]	WRITE	0
0x0019b8fb	0x001e4685	DATA	1
0x0019b901	0xStack[-0x18]	WRITE	0
0x0019b907	0xStack[-0x20]	WRITE	0
0x0019b90a	0x001e468d	DATA	1
0x0019b910	0xStack[-0x1c]	WRITE	0
0x0019b913	0xStack[-0x10]	READ	1
0x0019b916	0xStack[-0x14]	READ	1
0x0019b91a	0xStack[-0xc]	READ	1
0x0019b924	0xStack[-0x24]	READ	1
0x0019b92a	0xStack[-0x24]	WRITE	0
0x0019b930	0x0019b958	CONDITIONAL_JUMP	0
0x0019b932	0xStack[-0x1c]	READ	1
0x0019b935	0xStack[-0x18]	READ	1
0x0019b93e	0x001e8654	READ_WRITE	0
0x0019b946	0x0019b9ad	CONDITIONAL_JUMP	0
0x0019b94a	0xStack[-0x5]	WRITE	0
0x0019b950	0xStack[-0x14]	READ	1
0x0019b954	0x0019b948	CONDITIONAL_JUMP	0
0x0019b956	0x0019b9ad	UNCONDITIONAL_JUMP	0
0x0019b959	0x0019b9ad	CONDITIONAL_JUMP	0
0x0019b95e	0xStack[-0x5]	WRITE	0
0x0019b966	0xStack[-0x18]	READ	1
0x0019b96a	0x001e8654	READ_WRITE	0
0x0019b97a	0x001e8654	READ_WRITE	0
0x0019b981	0xStack[-0x24]	READ	1
0x0019b985	0x0019b98f	CONDITIONAL_JUMP	0
0x0019b98d	0x0019b988	CONDITIONAL_JUMP	0
0x0019b994	0xStack[-0x1c]	READ	1
0x0019b998	0x001e8654	READ_WRITE	0
0x0019b9a1	0xStack[-0x5]	WRITE	0
0x0019b9a7	0xStack[-0x14]	READ	1
0x0019b9ab	0x0019b95c	CONDITIONAL_JUMP	0
0x0019b9b5	0x001e8654	READ_WRITE	0
0x0019b9be	0xStack[-0x30]	DATA	0
0x0019b9cb	0xStack[0x4]	READ	1
0x0019b9ce	0xStack[0x8]	READ	1
0x0019b9d7	0x00198098	UNCONDITIONAL_CALL	0
0x0019b9e3	0xStack[0x4]	READ	1
0x0019b9e6	0xStack[0x8]	READ	1
0x0019ba21	0xStack[0x4]	READ	1
0x0019ba39	0xStack[-0x10]	WRITE	0
0x0019ba45	0xStack[-0x18]	WRITE	0
0x0019ba4e	0xStack[-0x14]	WRITE	0
0x0019ba51	0xStack[-0x8]	WRITE	0
0x0019ba56	0x0019bbd4	CONDITIONAL_JUMP	0
0x0019ba62	0x0019ba74	CONDITIONAL_JUMP	0
0x0019ba67	0x0019bacc	CONDITIONAL_JUMP	0
0x0019ba6c	0x0019ba84	CONDITIONAL_JUMP	0
0x0019ba6e	0x0019bbb8	UNCONDITIONAL_JUMP	0
0x0019ba77	0x0019bb6c	CONDITIONAL_JUMP	0
0x0019ba7d	0x0019bbb8	UNCONDITIONAL_JUMP	0
0x0019ba84	0xStack[-0x8]	READ	1
0x0019ba8e	0xStack[-0x14]	READ	1
0x0019baa1	0xStack[-0x1c]	WRITE	0
0x0019baa9	0x0019bab8	CONDITIONAL_JUMP	0
0x0019bab3	0x0019babd	UNCONDITIONAL_JUMP	0
0x0019bab8	0xStack[-0x1c]	READ	1
0x0019bac2	0x0019ba98	CONDITIONAL_JUMP	0
0x0019bac4	0x0019bbc5	UNCONDITIONAL_JUMP	0
0x0019bacf	0x0019bae0	CONDITIONAL_JUMP	0
0x0019bad4	0x0019bafc	CONDITIONAL_JUMP	0
0x0019bad9	0x0019bae8	CONDITIONAL_JUMP	0
0x0019badb	0x0019bb2c	UNCONDITIONAL_JUMP	0
0x0019bae3	0x0019bb14	CONDITIONAL_JUMP	0
0x0019bae5	0x0019bb2c	UNCONDITIONAL_JUMP	0
0x0019bae8	0xStack[-0x8]	READ	1
0x0019baf2	0xStack[-0x14]	READ	1
0x0019baf5	0xStack[-0xc]	WRITE	0
0x0019baf8	0x0019bb39	UNCONDITIONAL_JUMP	0
0x0019bafc	0xStack[-0x8]	READ	1
0x0019bb06	0xStack[-0x14]	READ	1
0x0019bb0c	0xStack[-0xc]	WRITE	0
0x0019bb0f	0x0019bb39	UNCONDITIONAL_JUMP	0
0x0019bb14	0xStack[-0x8]	READ	1
0x0019bb1e	0xStack[-0x14]	READ	1
0x0019bb24	0xStack[-0xc]	WRITE	0
0x0019bb27	0x0019bb39	UNCONDITIONAL_JUMP	0
0x0019bb2c	0x001e4704	DATA	0
0x0019bb31	0x0010ca6c	UNCONDITIONAL_CALL	0
0x0019bb42	0xStack[-0xc]	READ	1
0x0019bb48	0x0019bb58	CONDITIONAL_JUMP	0
0x0019bb54	0x0019bb5e	UNCONDITIONAL_JUMP	0
0x0019bb58	0xStack[-0xc]	READ	1
0x0019bb5e	0xStack[-0xc]	READ_WRITE	0
0x0019bb66	0x0019bb3c	CONDITIONAL_JUMP	0
0x0019bb68	0x0019bbc5	UNCONDITIONAL_JUMP	0
0x0019bb6c	0xStack[-0x8]	READ	1
0x0019bb76	0xStack[-0x14]	READ	1
0x0019bb8e	0xStack[-0x1c]	WRITE	0
0x0019bb9a	0x0019bba8	CONDITIONAL_JUMP	0
0x0019bba4	0x0019bbad	UNCONDITIONAL_JUMP	0
0x0019bba8	0xStack[-0x1c]	READ	1
0x0019bbb4	0x0019bb80	CONDITIONAL_JUMP	0
0x0019bbb6	0x0019bbc5	UNCONDITIONAL_JUMP	0
0x0019bbb8	0x001e4752	DATA	0
0x0019bbbd	0x0010ca6c	UNCONDITIONAL_CALL	0
0x0019bbc5	0xStack[-0x8]	READ_WRITE	0
0x0019bbc8	0xStack[-0x10]	READ	1
0x0019bbcb	0xStack[-0x8]	READ	0
0x0019bbce	0x0019ba5c	CONDITIONAL_JUMP	0
0x0019bbd4	0xStack[-0x28]	DATA	0
0x0019bbe9	0xStack[0x4]	READ	1
0x0019bc01	0xStack[-0x8]	WRITE	0
0x0019bc17	0xStack[-0x10]	WRITE	0
0x0019bc1c	0xStack[-0x8]	READ	0
0x0019bc1f	0x0019bd2f	CONDITIONAL_JUMP	0
0x0019bc2e	0x0019bc40	CONDITIONAL_JUMP	0
0x0019bc33	0x0019bc78	CONDITIONAL_JUMP	0
0x0019bc38	0x0019bc50	CONDITIONAL_JUMP	0
0x0019bc3a	0x0019bd18	UNCONDITIONAL_JUMP	0
0x0019bc43	0x0019bcf4	CONDITIONAL_JUMP	0
0x0019bc49	0x0019bd18	UNCONDITIONAL_JUMP	0
0x0019bc59	0xStack[-0x10]	READ	1
0x0019bc6e	0x0019bc64	CONDITIONAL_JUMP	0
0x0019bc70	0x0019bd25	UNCONDITIONAL_JUMP	0
0x0019bc7b	0x0019bc8c	CONDITIONAL_JUMP	0
0x0019bc80	0x0019bca4	CONDITIONAL_JUMP	0
0x0019bc85	0x0019bc94	CONDITIONAL_JUMP	0
0x0019bc87	0x0019bccc	UNCONDITIONAL_JUMP	0
0x0019bc8f	0x0019bcb8	CONDITIONAL_JUMP	0
0x0019bc91	0x0019bccc	UNCONDITIONAL_JUMP	0
0x0019bc9d	0xStack[-0x10]	READ	1
0x0019bca2	0x0019bcd9	UNCONDITIONAL_JUMP	0
0x0019bcad	0xStack[-0x10]	READ	1
0x0019bcb3	0x0019bcd9	UNCONDITIONAL_JUMP	0
0x0019bcc1	0xStack[-0x10]	READ	1
0x0019bcc7	0x0019bcd9	UNCONDITIONAL_JUMP	0
0x0019bccc	0x001e4704	DATA	0
0x0019bcd1	0x0010ca6c	UNCONDITIONAL_CALL	0
0x0019bcee	0x0019bce0	CONDITIONAL_JUMP	0
0x0019bcf0	0x0019bd25	UNCONDITIONAL_JUMP	0
0x0019bcfd	0xStack[-0x10]	READ	1
0x0019bd14	0x0019bd08	CONDITIONAL_JUMP	0
0x0019bd16	0x0019bd25	UNCONDITIONAL_JUMP	0
0x0019bd18	0x001e477d	DATA	0
0x0019bd1d	0x0010ca6c	UNCONDITIONAL_CALL	0
0x0019bd26	0xStack[-0x8]	READ	0
0x0019bd29	0x0019bc28	CONDITIONAL_JUMP	0
0x0019bd2f	0xStack[-0x1c]	DATA	0
0x0019bd45	0xStack[0x8]	READ	1
0x0019bd48	0xStack[-0x8]	WRITE	0
0x0019bd4b	0xStack[0x4]	READ	1
0x0019bd4f	0xStack[-0x14]	WRITE	0
0x0019bd52	0x0019bbe0	UNCONDITIONAL_CALL	0
0x0019bd5a	0xStack[-0x14]	READ	1
0x0019bd60	0x0019bf95	CONDITIONAL_JUMP	0
0x0019bd6c	0x001e407c	DATA	1
0x0019bd73	0xStack[-0xc]	WRITE	0
0x0019bda3	0x0019bdb8	CONDITIONAL_JUMP	0
0x0019bda8	0x0019be38	CONDITIONAL_JUMP	0
0x0019bdb1	0x0019bdc8	CONDITIONAL_JUMP	0
0x0019bdb3	0x0019bf8c	UNCONDITIONAL_JUMP	0
0x0019bdbb	0x0019bf24	CONDITIONAL_JUMP	0
0x0019bdc1	0x0019bf8c	UNCONDITIONAL_JUMP	0
0x0019bdc8	0xStack[0x4]	READ	1
0x0019bde0	0xStack[-0xc]	READ	1
0x0019bde3	0x001e407c	DATA	1
0x0019bde3	0x001e407d	DATA	1
0x0019bde6	0xStack[-0xc]	WRITE	0
0x0019bdeb	0x0019bdef	CONDITIONAL_JUMP	0
0x0019bdf2	0x0019bdf7	CONDITIONAL_JUMP	0
0x0019bdfa	0x0019bdff	CONDITIONAL_JUMP	0
0x0019be02	0x0019be07	CONDITIONAL_JUMP	0
0x0019be0a	0x0019be0f	CONDITIONAL_JUMP	0
0x0019be12	0x0019be17	CONDITIONAL_JUMP	0
0x0019be1a	0x0019be1f	CONDITIONAL_JUMP	0
0x0019be22	0x0019be27	CONDITIONAL_JUMP	0
0x0019be27	0xStack[0x4]	READ	1
0x0019be2e	0x0019bde0	CONDITIONAL_JUMP	0
0x0019be30	0x0019bf8c	UNCONDITIONAL_JUMP	0
0x0019be38	0xStack[0x4]	READ	1
0x0019be42	0xStack[-0x10]	WRITE	0
0x0019be49	0x0019be58	CONDITIONAL_JUMP	0
0x0019be4e	0x0019be70	CONDITIONAL_JUMP	0
0x0019be53	0x0019be60	CONDITIONAL_JUMP	0
0x0019be55	0x0019be90	UNCONDITIONAL_JUMP	0
0x0019be5b	0x0019be80	CONDITIONAL_JUMP	0
0x0019be5d	0x0019be90	UNCONDITIONAL_JUMP	0
0x0019be60	0xStack[0x4]	READ	1
0x0019be6d	0x0019bea0	UNCONDITIONAL_JUMP	0
0x0019be70	0xStack[0x4]	READ	1
0x0019be7d	0x0019bea0	UNCONDITIONAL_JUMP	0
0x0019be80	0xStack[0x4]	READ	1
0x0019be8d	0x0019bea0	UNCONDITIONAL_JUMP	0
0x0019be90	0x001e4704	DATA	0
0x0019be95	0xStack[-0x14]	WRITE	0
0x0019be98	0x0010ca6c	UNCONDITIONAL_CALL	0
0x0019bea8	0xStack[-0xc]	READ	1
0x0019beab	0x001e407c	DATA	1
0x0019beab	0x001e407d	DATA	1
0x0019beae	0xStack[-0xc]	WRITE	0
0x0019beb3	0x0019bebc	CONDITIONAL_JUMP	0
0x0019beb5	0xStack[-0x10]	READ	1
0x0019bebf	0x0019bec9	CONDITIONAL_JUMP	0
0x0019bec1	0xStack[-0x10]	READ	1
0x0019becc	0x0019bed6	CONDITIONAL_JUMP	0
0x0019bece	0xStack[-0x10]	READ	1
0x0019bed9	0x0019bee3	CONDITIONAL_JUMP	0
0x0019bedb	0xStack[-0x10]	READ	1
0x0019bee6	0x0019bef0	CONDITIONAL_JUMP	0
0x0019bee8	0xStack[-0x10]	READ	1
0x0019bef3	0x0019befd	CONDITIONAL_JUMP	0
0x0019bef5	0xStack[-0x10]	READ	1
0x0019bf00	0x0019bf0a	CONDITIONAL_JUMP	0
0x0019bf02	0xStack[-0x10]	READ	1
0x0019bf0d	0x0019bf17	CONDITIONAL_JUMP	0
0x0019bf0f	0xStack[-0x10]	READ	1
0x0019bf17	0xStack[0x4]	READ	1
0x0019bf1e	0x0019bea8	CONDITIONAL_JUMP	0
0x0019bf20	0x0019bf8c	UNCONDITIONAL_JUMP	0
0x0019bf24	0xStack[0x4]	READ	1
0x0019bf3c	0xStack[-0xc]	READ	1
0x0019bf3f	0x001e407c	DATA	1
0x0019bf3f	0x001e407d	DATA	1
0x0019bf42	0xStack[-0xc]	WRITE	0
0x0019bf47	0x0019bf4b	CONDITIONAL_JUMP	0
0x0019bf4e	0x0019bf53	CONDITIONAL_JUMP	0
0x0019bf56	0x0019bf5b	CONDITIONAL_JUMP	0
0x0019bf5e	0x0019bf63	CONDITIONAL_JUMP	0
0x0019bf66	0x0019bf6b	CONDITIONAL_JUMP	0
0x0019bf6e	0x0019bf73	CONDITIONAL_JUMP	0
0x0019bf76	0x0019bf7b	CONDITIONAL_JUMP	0
0x0019bf7e	0x0019bf83	CONDITIONAL_JUMP	0
0x0019bf83	0xStack[0x4]	READ	1
0x0019bf8a	0x0019bf3c	CONDITIONAL_JUMP	0
0x0019bf8c	0xStack[0x4]	READ	1
0x0019bf95	0xStack[-0x20]	DATA	0
0x0019bfa9	0xStack[0x4]	READ	1
0x0019bfac	0xStack[0x8]	READ	1
0x0019bfb2	0x0019c88c	CONDITIONAL_JUMP	0
0x0019bfc1	0x0019bfe8	CONDITIONAL_JUMP	0
0x0019bfc3	0x0019bfd0	CONDITIONAL_JUMP	0
0x0019bfc8	0x0019c006	CONDITIONAL_JUMP	0
0x0019bfca	0x0019c3a8	UNCONDITIONAL_JUMP	0
0x0019bfd3	0x0019c3a8	CONDITIONAL_JUMP	0
0x0019bfe3	0x0019c88c	UNCONDITIONAL_JUMP	0
0x0019bfeb	0x0019bffc	CONDITIONAL_JUMP	0
0x0019bff7	0x0019c88c	UNCONDITIONAL_JUMP	0
0x0019c00e	0x0019c028	CONDITIONAL_JUMP	0
0x0019c022	0x0019c88c	UNCONDITIONAL_JUMP	0
0x0019c02b	0x0019c050	CONDITIONAL_JUMP	0
0x0019c03b	0x0019c88c	CONDITIONAL_JUMP	0
0x0019c048	0x0019c88c	UNCONDITIONAL_JUMP	0
0x0019c05c	0x0019c066	CONDITIONAL_JUMP	0
0x0019c06a	0x0019c054	CONDITIONAL_JUMP	0
0x0019c076	0xStack[-0x2c]	WRITE	0
0x0019c079	0x0019ba18	UNCONDITIONAL_CALL	0
0x0019c081	0xStack[-0x2c]	READ	1
0x0019c08e	0x0019c37b	CONDITIONAL_JUMP	0
0x0019c094	0x0019c150	COMPUTED_JUMP	-1
0x0019c094	0x0019c178	COMPUTED_JUMP	-1
0x0019c094	0x0019c198	COMPUTED_JUMP	-1
0x0019c094	0x0019c1b8	COMPUTED_JUMP	-1
0x0019c094	0x0019c1e0	COMPUTED_JUMP	-1
0x0019c094	0x0019c37b	COMPUTED_JUMP	-1
0x0019c094	0x0019c208	COMPUTED_JUMP	-1
0x0019c094	0x0019c240	COMPUTED_JUMP	-1
0x0019c094	0x0019c374	COMPUTED_JUMP	-1
0x0019c094	0x0019c09c	DATA	0
0x0019c09c	0x0019c150	DATA	0
0x0019c0a0	0x0019c178	DATA	0
0x0019c0a4	0x0019c198	DATA	0
0x0019c0a8	0x0019c1b8	DATA	0
0x0019c0ac	0x0019c1e0	DATA	0
0x0019c0b0	0x0019c37b	DATA	0
0x0019c0b4	0x0019c37b	DATA	0
0x0019c0b8	0x0019c208	DATA	0
0x0019c0bc	0x0019c37b	DATA	0
0x0019c0c0	0x0019c37b	DATA	0
0x0019c0c4	0x0019c240	DATA	0
0x0019c0c8	0x0019c37b	DATA	0
0x0019c0cc	0x0019c37b	DATA	0
0x0019c0d0	0x0019c37b	DATA	0
0x0019c0d4	0x0019c37b	DATA	0
0x0019c0d8	0x0019c37b	DATA	0
0x0019c0dc	0x0019c37b	DATA	0
0x0019c0e0	0x0019c37b	DATA	0
0x0019c0e4	0x0019c37b	DATA	0
0x0019c0e8	0x0019c37b	DATA	0
0x0019c0ec	0x0019c37b	DATA	0
0x0019c0f0	0x0019c37b	DATA	0
0x0019c0f4	0x0019c37b	DATA	0
0x0019c0f8	0x0019c37b	DATA	0
0x0019c0fc	0x0019c37b	DATA	0
0x0019c100	0x0019c37b	DATA	0
0x0019c104	0x0019c37b	DATA	0
0x0019c108	0x0019c37b	DATA	0
0x0019c10c	0x0019c37b	DATA	0
0x0019c110	0x0019c37b	DATA	0
0x0019c114	0x0019c37b	DATA	0
0x0019c118	0x0019c37b	DATA	0
0x0019c11c	0x0019c37b	DATA	0
0x0019c120	0x0019c37b	DATA	0
0x0019c124	0x0019c37b	DATA	0
0x0019c128	0x0019c37b	DATA	0
0x0019c12c	0x0019c37b	DATA	0
0x0019c130	0x0019c208	DATA	0
0x0019c134	0x0019c37b	DATA	0
0x0019c138	0x0019c37b	DATA	0
0x0019c13c	0x0019c37b	DATA	0
0x0019c140	0x0019c37b	DATA	0
0x0019c144	0x0019c37b	DATA	0
0x0019c148	0x0019c37b	DATA	0
0x0019c14c	0x0019c374	DATA	0
0x0019c154	0x0019c37b	CONDITIONAL_JUMP	0
0x0019c164	0x0019c16d	CONDITIONAL_JUMP	0
0x0019c171	0x0019c15c	CONDITIONAL_JUMP	0
0x0019c173	0x0019c37b	UNCONDITIONAL_JUMP	0
0x0019c17c	0x0019c37b	CONDITIONAL_JUMP	0
0x0019c18e	0x0019c184	CONDITIONAL_JUMP	0
0x0019c190	0x0019c37b	UNCONDITIONAL_JUMP	0
0x0019c19c	0x0019c37b	CONDITIONAL_JUMP	0
0x0019c1ae	0x0019c1a4	CONDITIONAL_JUMP	0
0x0019c1b0	0x0019c37b	UNCONDITIONAL_JUMP	0
0x0019c1bc	0x0019c37b	CONDITIONAL_JUMP	0
0x0019c1cc	0x0019c1d5	CONDITIONAL_JUMP	0
0x0019c1d9	0x0019c1c4	CONDITIONAL_JUMP	0
0x0019c1db	0x0019c37b	UNCONDITIONAL_JUMP	0
0x0019c1ee	0x0019c37b	CONDITIONAL_JUMP	0
0x0019c1fe	0x0019c1f4	CONDITIONAL_JUMP	0
0x0019c200	0x0019c37b	UNCONDITIONAL_JUMP	0
0x0019c238	0x0019c37b	UNCONDITIONAL_JUMP	0
0x0019c267	0xStack[-0x8]	WRITE	0
0x0019c272	0xStack[-0xc]	WRITE	0
0x0019c275	0xStack[-0x30]	WRITE	0
0x0019c27c	0xStack[-0x8]	READ	1
0x0019c282	0xStack[-0x8]	WRITE	0
0x0019c28b	0x0019c29c	CONDITIONAL_JUMP	0
0x0019c290	0x0019c2b4	CONDITIONAL_JUMP	0
0x0019c295	0x0019c2a4	CONDITIONAL_JUMP	0
0x0019c297	0x0019c2d4	UNCONDITIONAL_JUMP	0
0x0019c29f	0x0019c2c4	CONDITIONAL_JUMP	0
0x0019c2a1	0x0019c2d4	UNCONDITIONAL_JUMP	0
0x0019c2ad	0xStack[-0x10]	WRITE	0
0x0019c2b0	0x0019c2e1	UNCONDITIONAL_JUMP	0
0x0019c2be	0xStack[-0x10]	WRITE	0
0x0019c2c1	0x0019c2e1	UNCONDITIONAL_JUMP	0
0x0019c2ce	0xStack[-0x10]	WRITE	0
0x0019c2d1	0x0019c2e1	UNCONDITIONAL_JUMP	0
0x0019c2d4	0x001e4704	DATA	0
0x0019c2d9	0x0010ca6c	UNCONDITIONAL_CALL	0
0x0019c2e7	0xStack[-0xc]	READ	1
0x0019c2f0	0x0019c300	CONDITIONAL_JUMP	0
0x0019c2f5	0x0019c320	CONDITIONAL_JUMP	0
0x0019c2fa	0x0019c308	CONDITIONAL_JUMP	0
0x0019c2fc	0x0019c358	UNCONDITIONAL_JUMP	0
0x0019c303	0x0019c33c	CONDITIONAL_JUMP	0
0x0019c305	0x0019c358	UNCONDITIONAL_JUMP	0
0x0019c308	0xStack[-0x10]	READ	1
0x0019c30f	0x0019c365	CONDITIONAL_JUMP	0
0x0019c31b	0x0019c314	CONDITIONAL_JUMP	0
0x0019c31d	0x0019c365	UNCONDITIONAL_JUMP	0
0x0019c320	0xStack[-0x10]	READ	1
0x0019c327	0x0019c365	CONDITIONAL_JUMP	0
0x0019c336	0x0019c32c	CONDITIONAL_JUMP	0
0x0019c338	0x0019c365	UNCONDITIONAL_JUMP	0
0x0019c33c	0xStack[-0x10]	READ	1
0x0019c343	0x0019c365	CONDITIONAL_JUMP	0
0x0019c351	0x0019c348	CONDITIONAL_JUMP	0
0x0019c353	0x0019c365	UNCONDITIONAL_JUMP	0
0x0019c358	0x001e472f	DATA	0
0x0019c35d	0x0010ca6c	UNCONDITIONAL_CALL	0
0x0019c365	0xStack[-0x30]	READ_WRITE	0
0x0019c368	0xStack[-0x30]	READ	0
0x0019c36c	0x0019c27c	CONDITIONAL_JUMP	0
0x0019c372	0x0019c37b	UNCONDITIONAL_JUMP	0
0x0019c395	0x0019c38c	CONDITIONAL_JUMP	0
0x0019c3a1	0x0019c5c5	UNCONDITIONAL_JUMP	0
0x0019c3a9	0xStack[-0x2c]	WRITE	0
0x0019c3ac	0x0019ba18	UNCONDITIONAL_CALL	0
0x0019c3b4	0xStack[-0x2c]	READ	1
0x0019c3ba	0x0019c408	CONDITIONAL_JUMP	0
0x0019c3bc	0x0019c3d0	CONDITIONAL_JUMP	0
0x0019c3c1	0x0019c420	CONDITIONAL_JUMP	0
0x0019c3c6	0x0019c43c	CONDITIONAL_JUMP	0
0x0019c3c8	0x0019c5b8	UNCONDITIONAL_JUMP	0
0x0019c3d3	0x0019c3f8	CONDITIONAL_JUMP	0
0x0019c3d5	0x0019c3e8	CONDITIONAL_JUMP	0
0x0019c3da	0x0019c48c	CONDITIONAL_JUMP	0
0x0019c3e0	0x0019c5b8	UNCONDITIONAL_JUMP	0
0x0019c3eb	0x0019c5b0	CONDITIONAL_JUMP	0
0x0019c3f1	0x0019c5b8	UNCONDITIONAL_JUMP	0
0x0019c402	0x0019c5c5	UNCONDITIONAL_JUMP	0
0x0019c418	0x0019c5c5	UNCONDITIONAL_JUMP	0
0x0019c428	0x0019c5c5	CONDITIONAL_JUMP	0
0x0019c435	0x0019c5c5	UNCONDITIONAL_JUMP	0
0x0019c446	0x0019c44b	CONDITIONAL_JUMP	0
0x0019c458	0xStack[-0x30]	WRITE	0
0x0019c45c	0x0019ba18	UNCONDITIONAL_CALL	0
0x0019c468	0x0019c47d	CONDITIONAL_JUMP	0
0x0019c46f	0x0019bfa0	UNCONDITIONAL_CALL	0
0x0019c478	0xStack[-0x30]	READ	0
0x0019c47b	0x0019c46c	CONDITIONAL_JUMP	0
0x0019c47e	0x0019ba18	UNCONDITIONAL_CALL	0
0x0019c486	0x0019c5c5	UNCONDITIONAL_JUMP	0
0x0019c4b2	0x0019c4c0	CONDITIONAL_JUMP	0
0x0019c4b7	0x0019c4d8	CONDITIONAL_JUMP	0
0x0019c4bc	0x0019c4c8	CONDITIONAL_JUMP	0
0x0019c4be	0x0019c4f8	UNCONDITIONAL_JUMP	0
0x0019c4c3	0x0019c4e8	CONDITIONAL_JUMP	0
0x0019c4c5	0x0019c4f8	UNCONDITIONAL_JUMP	0
0x0019c4d1	0xStack[-0x30]	WRITE	0
0x0019c4d4	0x0019c505	UNCONDITIONAL_JUMP	0
0x0019c4e2	0xStack[-0x30]	WRITE	0
0x0019c4e5	0x0019c505	UNCONDITIONAL_JUMP	0
0x0019c4f2	0xStack[-0x30]	WRITE	0
0x0019c4f5	0x0019c505	UNCONDITIONAL_JUMP	0
0x0019c4f8	0x001e4704	DATA	0
0x0019c4fd	0x0010ca6c	UNCONDITIONAL_CALL	0
0x0019c50d	0x0019c5c5	CONDITIONAL_JUMP	0
0x0019c526	0x0019c534	CONDITIONAL_JUMP	0
0x0019c52b	0x0019c554	CONDITIONAL_JUMP	0
0x0019c530	0x0019c53c	CONDITIONAL_JUMP	0
0x0019c532	0x0019c58c	UNCONDITIONAL_JUMP	0
0x0019c537	0x0019c570	CONDITIONAL_JUMP	0
0x0019c539	0x0019c58c	UNCONDITIONAL_JUMP	0
0x0019c53c	0xStack[-0x30]	READ	1
0x0019c543	0x0019c599	CONDITIONAL_JUMP	0
0x0019c54f	0x0019c548	CONDITIONAL_JUMP	0
0x0019c551	0x0019c599	UNCONDITIONAL_JUMP	0
0x0019c554	0xStack[-0x30]	READ	1
0x0019c55b	0x0019c599	CONDITIONAL_JUMP	0
0x0019c56a	0x0019c560	CONDITIONAL_JUMP	0
0x0019c56c	0x0019c599	UNCONDITIONAL_JUMP	0
0x0019c570	0xStack[-0x30]	READ	1
0x0019c577	0x0019c599	CONDITIONAL_JUMP	0
0x0019c585	0x0019c57c	CONDITIONAL_JUMP	0
0x0019c587	0x0019c599	UNCONDITIONAL_JUMP	0
0x0019c58c	0x001e472f	DATA	0
0x0019c591	0x0010ca6c	UNCONDITIONAL_CALL	0
0x0019c59c	0xStack[-0x30]	READ_WRITE	0
0x0019c5a6	0x0019c514	CONDITIONAL_JUMP	0
0x0019c5ac	0x0019c5c5	UNCONDITIONAL_JUMP	0
0x0019c5b6	0x0019c5c5	UNCONDITIONAL_JUMP	0
0x0019c5bd	0x0019bd3c	UNCONDITIONAL_CALL	0
0x0019c5d1	0x0019c5e3	CONDITIONAL_JUMP	0
0x0019c5ef	0x0019c886	CONDITIONAL_JUMP	0
0x0019c602	0x0019c610	CONDITIONAL_JUMP	0
0x0019c607	0x0019c624	CONDITIONAL_JUMP	0
0x0019c60c	0x0019c618	CONDITIONAL_JUMP	0
0x0019c60e	0x0019c644	UNCONDITIONAL_JUMP	0
0x0019c613	0x0019c634	CONDITIONAL_JUMP	0
0x0019c615	0x0019c644	UNCONDITIONAL_JUMP	0
0x0019c61e	0xStack[-0x1c]	WRITE	0
0x0019c621	0x0019c651	UNCONDITIONAL_JUMP	0
0x0019c62c	0xStack[-0x1c]	WRITE	0
0x0019c62f	0x0019c651	UNCONDITIONAL_JUMP	0
0x0019c63d	0xStack[-0x1c]	WRITE	0
0x0019c640	0x0019c651	UNCONDITIONAL_JUMP	0
0x0019c644	0x001e47a3	DATA	0
0x0019c649	0x0010ca6c	UNCONDITIONAL_CALL	0
0x0019c666	0x0019c674	CONDITIONAL_JUMP	0
0x0019c66b	0x0019c68c	CONDITIONAL_JUMP	0
0x0019c670	0x0019c67c	CONDITIONAL_JUMP	0
0x0019c672	0x0019c6ac	UNCONDITIONAL_JUMP	0
0x0019c677	0x0019c69c	CONDITIONAL_JUMP	0
0x0019c679	0x0019c6ac	UNCONDITIONAL_JUMP	0
0x0019c685	0xStack[-0x14]	WRITE	0
0x0019c688	0x0019c6b9	UNCONDITIONAL_JUMP	0
0x0019c696	0xStack[-0x14]	WRITE	0
0x0019c699	0x0019c6b9	UNCONDITIONAL_JUMP	0
0x0019c6a6	0xStack[-0x14]	WRITE	0
0x0019c6a9	0x0019c6b9	UNCONDITIONAL_JUMP	0
0x0019c6ac	0x001e4704	DATA	0
0x0019c6b1	0x0010ca6c	UNCONDITIONAL_CALL	0
0x0019c6cb	0x0019c6dc	CONDITIONAL_JUMP	0
0x0019c6d0	0x0019c6f4	CONDITIONAL_JUMP	0
0x0019c6d5	0x0019c6e4	CONDITIONAL_JUMP	0
0x0019c6d7	0x0019c714	UNCONDITIONAL_JUMP	0
0x0019c6df	0x0019c704	CONDITIONAL_JUMP	0
0x0019c6e1	0x0019c714	UNCONDITIONAL_JUMP	0
0x0019c6ed	0xStack[-0x18]	WRITE	0
0x0019c6f0	0x0019c721	UNCONDITIONAL_JUMP	0
0x0019c6fe	0xStack[-0x18]	WRITE	0
0x0019c701	0x0019c721	UNCONDITIONAL_JUMP	0
0x0019c70e	0xStack[-0x18]	WRITE	0
0x0019c711	0x0019c721	UNCONDITIONAL_JUMP	0
0x0019c714	0x001e4704	DATA	0
0x0019c719	0x0010ca6c	UNCONDITIONAL_CALL	0
0x0019c72c	0x0019c758	CONDITIONAL_JUMP	0
0x0019c730	0xStack[-0x1c]	READ	1
0x0019c734	0xStack[-0x14]	READ	1
0x0019c738	0xStack[-0x18]	READ	1
0x0019c73c	0x00101504	UNCONDITIONAL_CALL	0
0x0019c744	0xStack[-0x14]	READ_WRITE	0
0x0019c749	0xStack[-0x18]	WRITE	0
0x0019c756	0x0019c730	CONDITIONAL_JUMP	0
0x0019c77a	0xStack[-0x20]	WRITE	0
0x0019c783	0xStack[-0x24]	WRITE	0
0x0019c786	0xStack[-0x30]	WRITE	0
0x0019c790	0xStack[-0x20]	READ	1
0x0019c796	0xStack[-0x20]	WRITE	0
0x0019c79f	0x0019c7b0	CONDITIONAL_JUMP	0
0x0019c7a4	0x0019c7c8	CONDITIONAL_JUMP	0
0x0019c7a9	0x0019c7b8	CONDITIONAL_JUMP	0
0x0019c7ab	0x0019c7e8	UNCONDITIONAL_JUMP	0
0x0019c7b3	0x0019c7d8	CONDITIONAL_JUMP	0
0x0019c7b5	0x0019c7e8	UNCONDITIONAL_JUMP	0
0x0019c7c1	0xStack[-0x28]	WRITE	0
0x0019c7c4	0x0019c7f5	UNCONDITIONAL_JUMP	0
0x0019c7d2	0xStack[-0x28]	WRITE	0
0x0019c7d5	0x0019c7f5	UNCONDITIONAL_JUMP	0
0x0019c7e2	0xStack[-0x28]	WRITE	0
0x0019c7e5	0x0019c7f5	UNCONDITIONAL_JUMP	0
0x0019c7e8	0x001e4704	DATA	0
0x0019c7ed	0x0010ca6c	UNCONDITIONAL_CALL	0
0x0019c7fb	0xStack[-0x24]	READ	1
0x0019c804	0x0019c814	CONDITIONAL_JUMP	0
0x0019c809	0x0019c834	CONDITIONAL_JUMP	0
0x0019c80e	0x0019c81c	CONDITIONAL_JUMP	0
0x0019c810	0x0019c86c	UNCONDITIONAL_JUMP	0
0x0019c817	0x0019c850	CONDITIONAL_JUMP	0
0x0019c819	0x0019c86c	UNCONDITIONAL_JUMP	0
0x0019c81c	0xStack[-0x28]	READ	1
0x0019c823	0x0019c879	CONDITIONAL_JUMP	0
0x0019c82f	0x0019c828	CONDITIONAL_JUMP	0
0x0019c831	0x0019c879	UNCONDITIONAL_JUMP	0
0x0019c834	0xStack[-0x28]	READ	1
0x0019c83b	0x0019c879	CONDITIONAL_JUMP	0
0x0019c84a	0x0019c840	CONDITIONAL_JUMP	0
0x0019c84c	0x0019c879	UNCONDITIONAL_JUMP	0
0x0019c850	0xStack[-0x28]	READ	1
0x0019c857	0x0019c879	CONDITIONAL_JUMP	0
0x0019c865	0x0019c85c	CONDITIONAL_JUMP	0
0x0019c867	0x0019c879	UNCONDITIONAL_JUMP	0
0x0019c86c	0x001e472f	DATA	0
0x0019c871	0x0010ca6c	UNCONDITIONAL_CALL	0
0x0019c879	0xStack[-0x30]	READ_WRITE	0
0x0019c87c	0xStack[-0x30]	READ	0
0x0019c880	0x0019c790	CONDITIONAL_JUMP	0
0x0019c887	0x0019ba18	UNCONDITIONAL_CALL	0
0x0019c88c	0xStack[-0x3c]	DATA	0
0x0019c8a4	0xStack[0x4]	READ	1
0x0019c8ad	0xStack[-0x8]	WRITE	0
0x0019c8b6	0xStack[-0xc]	WRITE	0
0x0019c8bb	0xStack[0x8]	READ	1
0x0019c8cd	0xStack[-0x10]	WRITE	0
0x0019c8d0	0x0019c8da	CONDITIONAL_JUMP	0
0x0019c8d8	0x0019c8f0	CONDITIONAL_JUMP	0
0x0019c8da	0xStack[-0x10]	READ	1
0x0019c8de	0x001e47c8	DATA	0
0x0019c8e3	0x001a5514	UNCONDITIONAL_CALL	0
0x0019c8e8	0x0019d246	UNCONDITIONAL_JUMP	0
0x0019c8f1	0x0019ba18	UNCONDITIONAL_CALL	0
0x0019c900	0x0019c91b	CONDITIONAL_JUMP	0
0x0019c917	0xStack[-0x8]	READ_WRITE	0
0x0019c92b	0xStack[-0x84]	WRITE	0
0x0019c934	0xStack[-0x18]	WRITE	0
0x0019c940	0xStack[-0x1c]	WRITE	0
0x0019c949	0xStack[-0x20]	WRITE	0
0x0019c950	0xStack[-0x18]	READ	1
0x0019c956	0xStack[-0x18]	WRITE	0
0x0019c95f	0x0019c970	CONDITIONAL_JUMP	0
0x0019c964	0x0019c988	CONDITIONAL_JUMP	0
0x0019c969	0x0019c978	CONDITIONAL_JUMP	0
0x0019c96b	0x0019c9b0	UNCONDITIONAL_JUMP	0
0x0019c973	0x0019c99c	CONDITIONAL_JUMP	0
0x0019c975	0x0019c9b0	UNCONDITIONAL_JUMP	0
0x0019c97f	0xStack[-0x84]	READ	1
0x0019c982	0xStack[-0x24]	WRITE	0
0x0019c985	0x0019c9bd	UNCONDITIONAL_JUMP	0
0x0019c98f	0xStack[-0x84]	READ	1
0x0019c995	0xStack[-0x24]	WRITE	0
0x0019c998	0x0019c9bd	UNCONDITIONAL_JUMP	0
0x0019c9a3	0xStack[-0x84]	READ	1
0x0019c9a9	0xStack[-0x24]	WRITE	0
0x0019c9ac	0x0019c9bd	UNCONDITIONAL_JUMP	0
0x0019c9b0	0x001e4704	DATA	0
0x0019c9b5	0x0010ca6c	UNCONDITIONAL_CALL	0
0x0019c9bd	0xStack[-0x1c]	READ	1
0x0019c9c6	0x0019c9d4	CONDITIONAL_JUMP	0
0x0019c9cb	0x0019c9f4	CONDITIONAL_JUMP	0
0x0019c9d0	0x0019c9dc	CONDITIONAL_JUMP	0
0x0019c9d2	0x0019ca2c	UNCONDITIONAL_JUMP	0
0x0019c9d7	0x0019ca10	CONDITIONAL_JUMP	0
0x0019c9d9	0x0019ca2c	UNCONDITIONAL_JUMP	0
0x0019c9dc	0xStack[-0x24]	READ	1
0x0019c9e3	0x0019ca39	CONDITIONAL_JUMP	0
0x0019c9ef	0x0019c9e8	CONDITIONAL_JUMP	0
0x0019c9f1	0x0019ca39	UNCONDITIONAL_JUMP	0
0x0019c9f4	0xStack[-0x24]	READ	1
0x0019c9fb	0x0019ca39	CONDITIONAL_JUMP	0
0x0019ca0a	0x0019ca00	CONDITIONAL_JUMP	0
0x0019ca0c	0x0019ca39	UNCONDITIONAL_JUMP	0
0x0019ca10	0xStack[-0x24]	READ	1
0x0019ca17	0x0019ca39	CONDITIONAL_JUMP	0
0x0019ca25	0x0019ca1c	CONDITIONAL_JUMP	0
0x0019ca27	0x0019ca39	UNCONDITIONAL_JUMP	0
0x0019ca2c	0x001e472f	DATA	0
0x0019ca31	0x0010ca6c	UNCONDITIONAL_CALL	0
0x0019ca39	0xStack[-0x20]	READ_WRITE	0
0x0019ca3c	0xStack[-0x20]	READ	0
0x0019ca40	0x0019c950	CONDITIONAL_JUMP	0
0x0019ca5b	0xStack[-0x10]	READ	1
0x0019ca6e	0x0019ba18	UNCONDITIONAL_CALL	0
0x0019ca8e	0x0019caa4	UNCONDITIONAL_JUMP	0
0x0019ca90	0xStack[0x8]	READ	1
0x0019ca98	0xStack[0x8]	WRITE	0
0x0019ca9c	0x0019bfa0	UNCONDITIONAL_CALL	0
0x0019caa4	0xStack[0x8]	READ	1
0x0019caaa	0x0019ca90	CONDITIONAL_JUMP	0
0x0019cac5	0x0019ba18	UNCONDITIONAL_CALL	0
0x0019cad9	0xStack[-0x84]	WRITE	0
0x0019cadf	0xStack[-0x28]	WRITE	0
0x0019caeb	0xStack[-0x2c]	WRITE	0
0x0019caf7	0xStack[-0x30]	WRITE	0
0x0019cb00	0xStack[-0x28]	READ	1
0x0019cb06	0xStack[-0x28]	WRITE	0
0x0019cb0f	0x0019cb20	CONDITIONAL_JUMP	0
0x0019cb14	0x0019cb38	CONDITIONAL_JUMP	0
0x0019cb19	0x0019cb28	CONDITIONAL_JUMP	0
0x0019cb1b	0x0019cb60	UNCONDITIONAL_JUMP	0
0x0019cb23	0x0019cb4c	CONDITIONAL_JUMP	0
0x0019cb25	0x0019cb60	UNCONDITIONAL_JUMP	0
0x0019cb2f	0xStack[-0x84]	READ	1
0x0019cb32	0xStack[-0x34]	WRITE	0
0x0019cb35	0x0019cb6d	UNCONDITIONAL_JUMP	0
0x0019cb3f	0xStack[-0x84]	READ	1
0x0019cb45	0xStack[-0x34]	WRITE	0
0x0019cb48	0x0019cb6d	UNCONDITIONAL_JUMP	0
0x0019cb53	0xStack[-0x84]	READ	1
0x0019cb59	0xStack[-0x34]	WRITE	0
0x0019cb5c	0x0019cb6d	UNCONDITIONAL_JUMP	0
0x0019cb60	0x001e4704	DATA	0
0x0019cb65	0x0010ca6c	UNCONDITIONAL_CALL	0
0x0019cb6d	0xStack[-0x2c]	READ	1
0x0019cb76	0x0019cb84	CONDITIONAL_JUMP	0
0x0019cb7b	0x0019cba4	CONDITIONAL_JUMP	0
0x0019cb80	0x0019cb8c	CONDITIONAL_JUMP	0
0x0019cb82	0x0019cbdc	UNCONDITIONAL_JUMP	0
0x0019cb87	0x0019cbc0	CONDITIONAL_JUMP	0
0x0019cb89	0x0019cbdc	UNCONDITIONAL_JUMP	0
0x0019cb8c	0xStack[-0x34]	READ	1
0x0019cb93	0x0019cbe9	CONDITIONAL_JUMP	0
0x0019cb9f	0x0019cb98	CONDITIONAL_JUMP	0
0x0019cba1	0x0019cbe9	UNCONDITIONAL_JUMP	0
0x0019cba4	0xStack[-0x34]	READ	1
0x0019cbab	0x0019cbe9	CONDITIONAL_JUMP	0
0x0019cbba	0x0019cbb0	CONDITIONAL_JUMP	0
0x0019cbbc	0x0019cbe9	UNCONDITIONAL_JUMP	0
0x0019cbc0	0xStack[-0x34]	READ	1
0x0019cbc7	0x0019cbe9	CONDITIONAL_JUMP	0
0x0019cbd5	0x0019cbcc	CONDITIONAL_JUMP	0
0x0019cbd7	0x0019cbe9	UNCONDITIONAL_JUMP	0
0x0019cbdc	0x001e472f	DATA	0
0x0019cbe1	0x0010ca6c	UNCONDITIONAL_CALL	0
0x0019cbe9	0xStack[-0x30]	READ_WRITE	0
0x0019cbec	0xStack[-0x30]	READ	0
0x0019cbf0	0x0019cb00	CONDITIONAL_JUMP	0
0x0019cbff	0xStack[-0x84]	WRITE	0
0x0019cc0b	0xStack[-0x38]	WRITE	0
0x0019cc17	0xStack[-0x3c]	WRITE	0
0x0019cc20	0xStack[-0x40]	WRITE	0
0x0019cc28	0xStack[-0x38]	READ	1
0x0019cc2e	0xStack[-0x38]	WRITE	0
0x0019cc37	0x0019cc48	CONDITIONAL_JUMP	0
0x0019cc3c	0x0019cc60	CONDITIONAL_JUMP	0
0x0019cc41	0x0019cc50	CONDITIONAL_JUMP	0
0x0019cc43	0x0019cc88	UNCONDITIONAL_JUMP	0
0x0019cc4b	0x0019cc74	CONDITIONAL_JUMP	0
0x0019cc4d	0x0019cc88	UNCONDITIONAL_JUMP	0
0x0019cc57	0xStack[-0x84]	READ	1
0x0019cc5a	0xStack[-0x44]	WRITE	0
0x0019cc5d	0x0019cc95	UNCONDITIONAL_JUMP	0
0x0019cc67	0xStack[-0x84]	READ	1
0x0019cc6d	0xStack[-0x44]	WRITE	0
0x0019cc70	0x0019cc95	UNCONDITIONAL_JUMP	0
0x0019cc7b	0xStack[-0x84]	READ	1
0x0019cc81	0xStack[-0x44]	WRITE	0
0x0019cc84	0x0019cc95	UNCONDITIONAL_JUMP	0
0x0019cc88	0x001e4704	DATA	0
0x0019cc8d	0x0010ca6c	UNCONDITIONAL_CALL	0
0x0019cc95	0xStack[-0x3c]	READ	1
0x0019cc9e	0x0019ccac	CONDITIONAL_JUMP	0
0x0019cca3	0x0019cccc	CONDITIONAL_JUMP	0
0x0019cca8	0x0019ccb4	CONDITIONAL_JUMP	0
0x0019ccaa	0x0019cd04	UNCONDITIONAL_JUMP	0
0x0019ccaf	0x0019cce8	CONDITIONAL_JUMP	0
0x0019ccb1	0x0019cd04	UNCONDITIONAL_JUMP	0
0x0019ccb4	0xStack[-0x44]	READ	1
0x0019ccbb	0x0019cd11	CONDITIONAL_JUMP	0
0x0019ccc7	0x0019ccc0	CONDITIONAL_JUMP	0
0x0019ccc9	0x0019cd11	UNCONDITIONAL_JUMP	0
0x0019cccc	0xStack[-0x44]	READ	1
0x0019ccd3	0x0019cd11	CONDITIONAL_JUMP	0
0x0019cce2	0x0019ccd8	CONDITIONAL_JUMP	0
0x0019cce4	0x0019cd11	UNCONDITIONAL_JUMP	0
0x0019cce8	0xStack[-0x44]	READ	1
0x0019ccef	0x0019cd11	CONDITIONAL_JUMP	0
0x0019ccfd	0x0019ccf4	CONDITIONAL_JUMP	0
0x0019ccff	0x0019cd11	UNCONDITIONAL_JUMP	0
0x0019cd04	0x001e472f	DATA	0
0x0019cd09	0x0010ca6c	UNCONDITIONAL_CALL	0
0x0019cd11	0xStack[-0x40]	READ_WRITE	0
0x0019cd14	0xStack[-0x40]	READ	0
0x0019cd18	0x0019cc28	CONDITIONAL_JUMP	0
0x0019cd1e	0xStack[-0x14]	WRITE	0
0x0019cd25	0xStack[-0x78]	WRITE	0
0x0019cd2c	0xStack[-0x14]	READ	1
0x0019cd35	0xStack[-0x14]	READ	1
0x0019cd44	0xStack[-0x48]	WRITE	0
0x0019cd4d	0xStack[-0x80]	WRITE	0
0x0019cd50	0xStack[-0x78]	READ	1
0x0019cd54	0xStack[-0x84]	WRITE	0
0x0019cd5a	0x0019ce4a	CONDITIONAL_JUMP	0
0x0019cd60	0xStack[-0x48]	READ	1
0x0019cd66	0xStack[-0x48]	WRITE	0
0x0019cd6f	0x0019cd80	CONDITIONAL_JUMP	0
0x0019cd74	0x0019cd98	CONDITIONAL_JUMP	0
0x0019cd79	0x0019cd88	CONDITIONAL_JUMP	0
0x0019cd7b	0x0019cdb8	UNCONDITIONAL_JUMP	0
0x0019cd83	0x0019cda8	CONDITIONAL_JUMP	0
0x0019cd85	0x0019cdb8	UNCONDITIONAL_JUMP	0
0x0019cd91	0xStack[-0x4c]	WRITE	0
0x0019cd94	0x0019cdc5	UNCONDITIONAL_JUMP	0
0x0019cda2	0xStack[-0x4c]	WRITE	0
0x0019cda5	0x0019cdc5	UNCONDITIONAL_JUMP	0
0x0019cdb2	0xStack[-0x4c]	WRITE	0
0x0019cdb5	0x0019cdc5	UNCONDITIONAL_JUMP	0
0x0019cdb8	0x001e4704	DATA	0
0x0019cdbd	0x0010ca6c	UNCONDITIONAL_CALL	0
0x0019cdcb	0x0019cddc	CONDITIONAL_JUMP	0
0x0019cdd0	0x0019cdfc	CONDITIONAL_JUMP	0
0x0019cdd5	0x0019cde4	CONDITIONAL_JUMP	0
0x0019cdd7	0x0019ce30	UNCONDITIONAL_JUMP	0
0x0019cddf	0x0019ce18	CONDITIONAL_JUMP	0
0x0019cde1	0x0019ce30	UNCONDITIONAL_JUMP	0
0x0019cde4	0xStack[-0x4c]	READ	1
0x0019cdec	0xStack[-0x80]	READ	1
0x0019cdf6	0x0019cdec	CONDITIONAL_JUMP	0
0x0019cdf8	0x0019ce3d	UNCONDITIONAL_JUMP	0
0x0019cdfc	0xStack[-0x4c]	READ	1
0x0019ce04	0xStack[-0x80]	READ	1
0x0019ce12	0x0019ce04	CONDITIONAL_JUMP	0
0x0019ce14	0x0019ce3d	UNCONDITIONAL_JUMP	0
0x0019ce18	0xStack[-0x4c]	READ	1
0x0019ce20	0xStack[-0x80]	READ	1
0x0019ce2c	0x0019ce20	CONDITIONAL_JUMP	0
0x0019ce2e	0x0019ce3d	UNCONDITIONAL_JUMP	0
0x0019ce30	0x001e472f	DATA	0
0x0019ce35	0x0010ca6c	UNCONDITIONAL_CALL	0
0x0019ce3d	0xStack[-0x84]	READ_WRITE	0
0x0019ce40	0xStack[-0x84]	READ	0
0x0019ce44	0x0019cd60	CONDITIONAL_JUMP	0
0x0019ce4a	0xStack[-0x78]	READ_WRITE	0
0x0019ce4e	0xStack[-0x14]	READ_WRITE	0
0x0019ce51	0xStack[-0x14]	READ	0
0x0019ce55	0x0019cd2c	CONDITIONAL_JUMP	0
0x0019ce5b	0xStack[-0x14]	WRITE	0
0x0019ce62	0xStack[-0x74]	WRITE	0
0x0019ce78	0xStack[-0x14]	READ	1
0x0019ce87	0xStack[-0x50]	WRITE	0
0x0019ce90	0xStack[-0x80]	WRITE	0
0x0019ce93	0xStack[-0x74]	READ	1
0x0019ce97	0xStack[-0x84]	WRITE	0
0x0019ce9d	0x0019cf8e	CONDITIONAL_JUMP	0
0x0019cea4	0xStack[-0x50]	READ	1
0x0019ceaa	0xStack[-0x50]	WRITE	0
0x0019ceb3	0x0019cec4	CONDITIONAL_JUMP	0
0x0019ceb8	0x0019cedc	CONDITIONAL_JUMP	0
0x0019cebd	0x0019cecc	CONDITIONAL_JUMP	0
0x0019cebf	0x0019cefc	UNCONDITIONAL_JUMP	0
0x0019cec7	0x0019ceec	CONDITIONAL_JUMP	0
0x0019cec9	0x0019cefc	UNCONDITIONAL_JUMP	0
0x0019ced5	0xStack[-0x54]	WRITE	0
0x0019ced8	0x0019cf09	UNCONDITIONAL_JUMP	0
0x0019cee6	0xStack[-0x54]	WRITE	0
0x0019cee9	0x0019cf09	UNCONDITIONAL_JUMP	0
0x0019cef6	0xStack[-0x54]	WRITE	0
0x0019cef9	0x0019cf09	UNCONDITIONAL_JUMP	0
0x0019cefc	0x001e4704	DATA	0
0x0019cf01	0x0010ca6c	UNCONDITIONAL_CALL	0
0x0019cf0f	0x0019cf20	CONDITIONAL_JUMP	0
0x0019cf14	0x0019cf40	CONDITIONAL_JUMP	0
0x0019cf19	0x0019cf28	CONDITIONAL_JUMP	0
0x0019cf1b	0x0019cf74	UNCONDITIONAL_JUMP	0
0x0019cf23	0x0019cf5c	CONDITIONAL_JUMP	0
0x0019cf25	0x0019cf74	UNCONDITIONAL_JUMP	0
0x0019cf28	0xStack[-0x54]	READ	1
0x0019cf30	0xStack[-0x80]	READ	1
0x0019cf3a	0x0019cf30	CONDITIONAL_JUMP	0
0x0019cf3c	0x0019cf81	UNCONDITIONAL_JUMP	0
0x0019cf40	0xStack[-0x54]	READ	1
0x0019cf48	0xStack[-0x80]	READ	1
0x0019cf56	0x0019cf48	CONDITIONAL_JUMP	0
0x0019cf58	0x0019cf81	UNCONDITIONAL_JUMP	0
0x0019cf5c	0xStack[-0x54]	READ	1
0x0019cf64	0xStack[-0x80]	READ	1
0x0019cf70	0x0019cf64	CONDITIONAL_JUMP	0
0x0019cf72	0x0019cf81	UNCONDITIONAL_JUMP	0
0x0019cf74	0x001e472f	DATA	0
0x0019cf79	0x0010ca6c	UNCONDITIONAL_CALL	0
0x0019cf81	0xStack[-0x84]	READ_WRITE	0
0x0019cf84	0xStack[-0x84]	READ	0
0x0019cf88	0x0019cea4	CONDITIONAL_JUMP	0
0x0019cf8e	0xStack[-0x74]	READ_WRITE	0
0x0019cf92	0xStack[-0x14]	READ_WRITE	0
0x0019cf95	0xStack[-0x14]	READ	0
0x0019cf99	0x0019ce6c	CONDITIONAL_JUMP	0
0x0019cfa8	0xStack[-0x84]	WRITE	0
0x0019cfb4	0xStack[-0x58]	WRITE	0
0x0019cfc0	0xStack[-0x5c]	WRITE	0
0x0019cfc9	0xStack[-0x60]	WRITE	0
0x0019cfd0	0xStack[-0x58]	READ	1
0x0019cfd6	0xStack[-0x58]	WRITE	0
0x0019cfdf	0x0019cff0	CONDITIONAL_JUMP	0
0x0019cfe4	0x0019d008	CONDITIONAL_JUMP	0
0x0019cfe9	0x0019cff8	CONDITIONAL_JUMP	0
0x0019cfeb	0x0019d030	UNCONDITIONAL_JUMP	0
0x0019cff3	0x0019d01c	CONDITIONAL_JUMP	0
0x0019cff5	0x0019d030	UNCONDITIONAL_JUMP	0
0x0019cfff	0xStack[-0x84]	READ	1
0x0019d002	0xStack[-0x64]	WRITE	0
0x0019d005	0x0019d03d	UNCONDITIONAL_JUMP	0
0x0019d00f	0xStack[-0x84]	READ	1
0x0019d015	0xStack[-0x64]	WRITE	0
0x0019d018	0x0019d03d	UNCONDITIONAL_JUMP	0
0x0019d023	0xStack[-0x84]	READ	1
0x0019d029	0xStack[-0x64]	WRITE	0
0x0019d02c	0x0019d03d	UNCONDITIONAL_JUMP	0
0x0019d030	0x001e4704	DATA	0
0x0019d035	0x0010ca6c	UNCONDITIONAL_CALL	0
0x0019d03d	0xStack[-0x5c]	READ	1
0x0019d046	0x0019d054	CONDITIONAL_JUMP	0
0x0019d04b	0x0019d074	CONDITIONAL_JUMP	0
0x0019d050	0x0019d05c	CONDITIONAL_JUMP	0
0x0019d052	0x0019d0ac	UNCONDITIONAL_JUMP	0
0x0019d057	0x0019d090	CONDITIONAL_JUMP	0
0x0019d059	0x0019d0ac	UNCONDITIONAL_JUMP	0
0x0019d05c	0xStack[-0x64]	READ	1
0x0019d063	0x0019d0b9	CONDITIONAL_JUMP	0
0x0019d06f	0x0019d068	CONDITIONAL_JUMP	0
0x0019d071	0x0019d0b9	UNCONDITIONAL_JUMP	0
0x0019d074	0xStack[-0x64]	READ	1
0x0019d07b	0x0019d0b9	CONDITIONAL_JUMP	0
0x0019d08a	0x0019d080	CONDITIONAL_JUMP	0
0x0019d08c	0x0019d0b9	UNCONDITIONAL_JUMP	0
0x0019d090	0xStack[-0x64]	READ	1
0x0019d097	0x0019d0b9	CONDITIONAL_JUMP	0
0x0019d0a5	0x0019d09c	CONDITIONAL_JUMP	0
0x0019d0a7	0x0019d0b9	UNCONDITIONAL_JUMP	0
0x0019d0ac	0x001e472f	DATA	0
0x0019d0b1	0x0010ca6c	UNCONDITIONAL_CALL	0
0x0019d0b9	0xStack[-0x60]	READ_WRITE	0
0x0019d0bc	0xStack[-0x60]	READ	0
0x0019d0c0	0x0019cfd0	CONDITIONAL_JUMP	0
0x0019d0db	0xStack[-0xc]	READ	1
0x0019d0e4	0xStack[-0x8]	READ	0
0x0019d0e8	0x0019d0fc	CONDITIONAL_JUMP	0
0x0019d0ea	0xStack[-0x8]	READ	1
0x0019d0f6	0x0019d236	UNCONDITIONAL_JUMP	0
0x0019d0fc	0xStack[-0xc]	READ	1
0x0019d11a	0xStack[-0x68]	WRITE	0
0x0019d129	0xStack[-0x6c]	WRITE	0
0x0019d12c	0xStack[-0x84]	WRITE	0
0x0019d134	0xStack[-0x68]	READ	1
0x0019d13a	0xStack[-0x68]	WRITE	0
0x0019d143	0x0019d154	CONDITIONAL_JUMP	0
0x0019d148	0x0019d16c	CONDITIONAL_JUMP	0
0x0019d14d	0x0019d15c	CONDITIONAL_JUMP	0
0x0019d14f	0x0019d18c	UNCONDITIONAL_JUMP	0
0x0019d157	0x0019d17c	CONDITIONAL_JUMP	0
0x0019d159	0x0019d18c	UNCONDITIONAL_JUMP	0
0x0019d165	0xStack[-0x70]	WRITE	0
0x0019d168	0x0019d199	UNCONDITIONAL_JUMP	0
0x0019d176	0xStack[-0x70]	WRITE	0
0x0019d179	0x0019d199	UNCONDITIONAL_JUMP	0
0x0019d186	0xStack[-0x70]	WRITE	0
0x0019d189	0x0019d199	UNCONDITIONAL_JUMP	0
0x0019d18c	0x001e4704	DATA	0
0x0019d191	0x0010ca6c	UNCONDITIONAL_CALL	0
0x0019d19f	0xStack[-0x80]	WRITE	0
0x0019d1a2	0xStack[-0x6c]	READ	1
0x0019d1ab	0x0019d1bc	CONDITIONAL_JUMP	0
0x0019d1b0	0x0019d1e0	CONDITIONAL_JUMP	0
0x0019d1b5	0x0019d1c4	CONDITIONAL_JUMP	0
0x0019d1b7	0x0019d21c	UNCONDITIONAL_JUMP	0
0x0019d1bf	0x0019d200	CONDITIONAL_JUMP	0
0x0019d1c1	0x0019d21c	UNCONDITIONAL_JUMP	0
0x0019d1c4	0xStack[-0x70]	READ	1
0x0019d1cb	0x0019d229	CONDITIONAL_JUMP	0
0x0019d1d0	0xStack[-0x80]	READ	1
0x0019d1da	0x0019d1d0	CONDITIONAL_JUMP	0
0x0019d1dc	0x0019d229	UNCONDITIONAL_JUMP	0
0x0019d1e0	0xStack[-0x70]	READ	1
0x0019d1e7	0x0019d229	CONDITIONAL_JUMP	0
0x0019d1ec	0xStack[-0x80]	READ	1
0x0019d1fa	0x0019d1ec	CONDITIONAL_JUMP	0
0x0019d1fc	0x0019d229	UNCONDITIONAL_JUMP	0
0x0019d200	0xStack[-0x70]	READ	1
0x0019d207	0x0019d229	CONDITIONAL_JUMP	0
0x0019d20c	0xStack[-0x80]	READ	1
0x0019d218	0x0019d20c	CONDITIONAL_JUMP	0
0x0019d21a	0x0019d229	UNCONDITIONAL_JUMP	0
0x0019d21c	0x001e472f	DATA	0
0x0019d221	0x0010ca6c	UNCONDITIONAL_CALL	0
0x0019d229	0xStack[-0x84]	READ_WRITE	0
0x0019d22c	0xStack[-0x84]	READ	0
0x0019d230	0x0019d134	CONDITIONAL_JUMP	0
0x0019d237	0x0019ba18	UNCONDITIONAL_CALL	0
0x0019d246	0xStack[-0x90]	DATA	0
0x0019d260	0xStack[0x4]	READ	1
0x0019d263	0xStack[0x8]	READ	1
0x0019d268	0x0019d26d	CONDITIONAL_JUMP	0
0x0019d26d	0xStack[0xc]	READ	1
0x0019d278	0xStack[0xc]	WRITE	0
0x0019d27e	0xStack[0x8]	WRITE	0
0x0019d28b	0xStack[0xc]	WRITE	0
0x0019d294	0xStack[0x8]	READ	0
0x0019d297	0x0019d29c	CONDITIONAL_JUMP	0
0x0019d299	0xStack[0x8]	WRITE	0
0x0019d2a2	0xStack[0xc]	READ	0
0x0019d2a5	0x0019d2aa	CONDITIONAL_JUMP	0
0x0019d2a7	0xStack[0xc]	WRITE	0
0x0019d2aa	0xStack[0x8]	READ	1
0x0019d2ad	0xStack[-0x80]	WRITE	0
0x0019d2c4	0xStack[0xc]	READ	1
0x0019d2d8	0xStack[0x8]	READ	1
0x0019d2e1	0xStack[0xc]	READ	1
0x0019d2f9	0x0019d2fe	CONDITIONAL_JUMP	0
0x0019d333	0xStack[0x14]	READ	0
0x0019d337	0x0019df50	CONDITIONAL_JUMP	0
0x0019d33d	0xStack[0x18]	READ	0
0x0019d341	0x0019d46b	CONDITIONAL_JUMP	0
0x0019d34f	0x0019d360	CONDITIONAL_JUMP	0
0x0019d354	0x0019d370	CONDITIONAL_JUMP	0
0x0019d359	0x0019d368	CONDITIONAL_JUMP	0
0x0019d35b	0x0019d37d	UNCONDITIONAL_JUMP	0
0x0019d363	0x0019d378	CONDITIONAL_JUMP	0
0x0019d365	0x0019d37d	UNCONDITIONAL_JUMP	0
0x0019d36d	0x0019d37d	UNCONDITIONAL_JUMP	0
0x0019d375	0x0019d37d	UNCONDITIONAL_JUMP	0
0x0019d37d	0xStack[0xc]	READ	1
0x0019d389	0xStack[0x8]	READ	1
0x0019d392	0xStack[-0x80]	WRITE	0
0x0019d39b	0xStack[-0x80]	READ	1
0x0019d3ac	0x001a5448	UNCONDITIONAL_CALL	0
0x0019d3b9	0xStack[-0x8]	WRITE	0
0x0019d3c5	0xStack[-0x84]	WRITE	0
0x0019d3da	0x0019d3e8	CONDITIONAL_JUMP	0
0x0019d3df	0x0019d400	CONDITIONAL_JUMP	0
0x0019d3e4	0x0019d3f0	CONDITIONAL_JUMP	0
0x0019d3e6	0x0019d428	UNCONDITIONAL_JUMP	0
0x0019d3eb	0x0019d414	CONDITIONAL_JUMP	0
0x0019d3ed	0x0019d428	UNCONDITIONAL_JUMP	0
0x0019d3f9	0xStack[-0x84]	READ	1
0x0019d3fe	0x0019d435	UNCONDITIONAL_JUMP	0
0x0019d409	0xStack[-0x84]	READ	1
0x0019d40f	0x0019d435	UNCONDITIONAL_JUMP	0
0x0019d41d	0xStack[-0x84]	READ	1
0x0019d423	0x0019d435	UNCONDITIONAL_JUMP	0
0x0019d428	0x001e4704	DATA	0
0x0019d42d	0x0010ca6c	UNCONDITIONAL_CALL	0
0x0019d445	0x0019d46b	CONDITIONAL_JUMP	0
0x0019d450	0xStack[-0x8]	READ	1
0x0019d454	0x00101504	UNCONDITIONAL_CALL	0
0x0019d462	0xStack[-0x8]	READ_WRITE	0
0x0019d469	0x0019d448	CONDITIONAL_JUMP	0
0x0019d491	0xStack[-0xc]	WRITE	0
0x0019d494	0xStack[0x8]	READ	1
0x0019d49a	0xStack[-0x10]	WRITE	0
0x0019d4a3	0xStack[-0x14]	WRITE	0
0x0019d4ac	0xStack[-0xc]	READ	1
0x0019d4af	0xStack[-0x84]	WRITE	0
0x0019d4b5	0xStack[-0xc]	WRITE	0
0x0019d4be	0x0019d4cc	CONDITIONAL_JUMP	0
0x0019d4c3	0x0019d4e8	CONDITIONAL_JUMP	0
0x0019d4c8	0x0019d4d4	CONDITIONAL_JUMP	0
0x0019d4ca	0x0019d510	UNCONDITIONAL_JUMP	0
0x0019d4cf	0x0019d4fc	CONDITIONAL_JUMP	0
0x0019d4d1	0x0019d510	UNCONDITIONAL_JUMP	0
0x0019d4d4	0xStack[-0x84]	READ	1
0x0019d4e0	0xStack[-0x18]	WRITE	0
0x0019d4e3	0x0019d51d	UNCONDITIONAL_JUMP	0
0x0019d4e8	0xStack[-0x84]	READ	1
0x0019d4f5	0xStack[-0x18]	WRITE	0
0x0019d4f8	0x0019d51d	UNCONDITIONAL_JUMP	0
0x0019d4fc	0xStack[-0x84]	READ	1
0x0019d509	0xStack[-0x18]	WRITE	0
0x0019d50c	0x0019d51d	UNCONDITIONAL_JUMP	0
0x0019d510	0x001e4704	DATA	0
0x0019d515	0x0010ca6c	UNCONDITIONAL_CALL	0
0x0019d51d	0xStack[-0x10]	READ	1
0x0019d520	0xStack[-0x84]	WRITE	0
0x0019d529	0x0019d538	CONDITIONAL_JUMP	0
0x0019d52e	0x0019d55c	CONDITIONAL_JUMP	0
0x0019d533	0x0019d540	CONDITIONAL_JUMP	0
0x0019d535	0x0019d598	UNCONDITIONAL_JUMP	0
0x0019d53b	0x0019d57c	CONDITIONAL_JUMP	0
0x0019d53d	0x0019d598	UNCONDITIONAL_JUMP	0
0x0019d540	0xStack[-0x18]	READ	1
0x0019d543	0xStack[-0x84]	READ_WRITE	0
0x0019d546	0xStack[-0x84]	READ	0
0x0019d54a	0x0019d5a5	CONDITIONAL_JUMP	0
0x0019d54f	0xStack[-0x84]	READ_WRITE	0
0x0019d552	0xStack[-0x84]	READ	0
0x0019d556	0x0019d54c	CONDITIONAL_JUMP	0
0x0019d558	0x0019d5a5	UNCONDITIONAL_JUMP	0
0x0019d55c	0xStack[-0x18]	READ	1
0x0019d55f	0xStack[-0x84]	READ_WRITE	0
0x0019d562	0xStack[-0x84]	READ	0
0x0019d566	0x0019d5a5	CONDITIONAL_JUMP	0
0x0019d56e	0xStack[-0x84]	READ_WRITE	0
0x0019d571	0xStack[-0x84]	READ	0
0x0019d575	0x0019d568	CONDITIONAL_JUMP	0
0x0019d577	0x0019d5a5	UNCONDITIONAL_JUMP	0
0x0019d57c	0xStack[-0x18]	READ	1
0x0019d57f	0xStack[-0x84]	READ_WRITE	0
0x0019d582	0xStack[-0x84]	READ	0
0x0019d586	0x0019d5a5	CONDITIONAL_JUMP	0
0x0019d58d	0xStack[-0x84]	READ_WRITE	0
0x0019d590	0xStack[-0x84]	READ	0
0x0019d594	0x0019d588	CONDITIONAL_JUMP	0
0x0019d596	0x0019d5a5	UNCONDITIONAL_JUMP	0
0x0019d598	0x001e472f	DATA	0
0x0019d59d	0x0010ca6c	UNCONDITIONAL_CALL	0
0x0019d5a5	0xStack[-0x14]	READ_WRITE	0
0x0019d5a8	0xStack[-0x14]	READ	0
0x0019d5ac	0x0019d4ac	CONDITIONAL_JUMP	0
0x0019d5c4	0xStack[-0x1c]	WRITE	0
0x0019d5c7	0xStack[0x8]	READ	1
0x0019d5cd	0xStack[-0x20]	WRITE	0
0x0019d5d6	0xStack[-0x24]	WRITE	0
0x0019d5e0	0xStack[-0x1c]	READ	1
0x0019d5e3	0xStack[-0x84]	WRITE	0
0x0019d5e9	0xStack[-0x1c]	WRITE	0
0x0019d5f2	0x0019d600	CONDITIONAL_JUMP	0
0x0019d5f7	0x0019d61c	CONDITIONAL_JUMP	0
0x0019d5fc	0x0019d608	CONDITIONAL_JUMP	0
0x0019d5fe	0x0019d644	UNCONDITIONAL_JUMP	0
0x0019d603	0x0019d630	CONDITIONAL_JUMP	0
0x0019d605	0x0019d644	UNCONDITIONAL_JUMP	0
0x0019d608	0xStack[-0x84]	READ	1
0x0019d614	0xStack[-0x28]	WRITE	0
0x0019d617	0x0019d651	UNCONDITIONAL_JUMP	0
0x0019d61c	0xStack[-0x84]	READ	1
0x0019d629	0xStack[-0x28]	WRITE	0
0x0019d62c	0x0019d651	UNCONDITIONAL_JUMP	0
0x0019d630	0xStack[-0x84]	READ	1
0x0019d63d	0xStack[-0x28]	WRITE	0
0x0019d640	0x0019d651	UNCONDITIONAL_JUMP	0
0x0019d644	0x001e4704	DATA	0
0x0019d649	0x0010ca6c	UNCONDITIONAL_CALL	0
0x0019d651	0xStack[-0x20]	READ	1
0x0019d654	0xStack[-0x84]	WRITE	0
0x0019d65d	0x0019d66c	CONDITIONAL_JUMP	0
0x0019d662	0x0019d690	CONDITIONAL_JUMP	0
0x0019d667	0x0019d674	CONDITIONAL_JUMP	0
0x0019d669	0x0019d6cc	UNCONDITIONAL_JUMP	0
0x0019d66f	0x0019d6b0	CONDITIONAL_JUMP	0
0x0019d671	0x0019d6cc	UNCONDITIONAL_JUMP	0
0x0019d674	0xStack[-0x28]	READ	1
0x0019d677	0xStack[-0x84]	READ_WRITE	0
0x0019d67a	0xStack[-0x84]	READ	0
0x0019d67e	0x0019d6d9	CONDITIONAL_JUMP	0
0x0019d683	0xStack[-0x84]	READ_WRITE	0
0x0019d686	0xStack[-0x84]	READ	0
0x0019d68a	0x0019d680	CONDITIONAL_JUMP	0
0x0019d68c	0x0019d6d9	UNCONDITIONAL_JUMP	0
0x0019d690	0xStack[-0x28]	READ	1
0x0019d693	0xStack[-0x84]	READ_WRITE	0
0x0019d696	0xStack[-0x84]	READ	0
0x0019d69a	0x0019d6d9	CONDITIONAL_JUMP	0
0x0019d6a2	0xStack[-0x84]	READ_WRITE	0
0x0019d6a5	0xStack[-0x84]	READ	0
0x0019d6a9	0x0019d69c	CONDITIONAL_JUMP	0
0x0019d6ab	0x0019d6d9	UNCONDITIONAL_JUMP	0
0x0019d6b0	0xStack[-0x28]	READ	1
0x0019d6b3	0xStack[-0x84]	READ_WRITE	0
0x0019d6b6	0xStack[-0x84]	READ	0
0x0019d6ba	0x0019d6d9	CONDITIONAL_JUMP	0
0x0019d6c1	0xStack[-0x84]	READ_WRITE	0
0x0019d6c4	0xStack[-0x84]	READ	0
0x0019d6c8	0x0019d6bc	CONDITIONAL_JUMP	0
0x0019d6ca	0x0019d6d9	UNCONDITIONAL_JUMP	0
0x0019d6cc	0x001e472f	DATA	0
0x0019d6d1	0x0010ca6c	UNCONDITIONAL_CALL	0
0x0019d6d9	0xStack[-0x24]	READ_WRITE	0
0x0019d6dc	0xStack[-0x24]	READ	0
0x0019d6e0	0x0019d5e0	CONDITIONAL_JUMP	0
0x0019d6ef	0xStack[0xc]	READ	1
0x0019d6f8	0xStack[-0x2c]	WRITE	0
0x0019d6fb	0xStack[0x8]	READ	1
0x0019d701	0xStack[-0x30]	WRITE	0
0x0019d70a	0xStack[-0x34]	WRITE	0
0x0019d714	0xStack[-0x2c]	READ	1
0x0019d717	0xStack[-0x84]	WRITE	0
0x0019d71d	0xStack[-0x2c]	WRITE	0
0x0019d726	0x0019d734	CONDITIONAL_JUMP	0
0x0019d72b	0x0019d750	CONDITIONAL_JUMP	0
0x0019d730	0x0019d73c	CONDITIONAL_JUMP	0
0x0019d732	0x0019d778	UNCONDITIONAL_JUMP	0
0x0019d737	0x0019d764	CONDITIONAL_JUMP	0
0x0019d739	0x0019d778	UNCONDITIONAL_JUMP	0
0x0019d73c	0xStack[-0x84]	READ	1
0x0019d748	0xStack[-0x38]	WRITE	0
0x0019d74b	0x0019d785	UNCONDITIONAL_JUMP	0
0x0019d750	0xStack[-0x84]	READ	1
0x0019d75d	0xStack[-0x38]	WRITE	0
0x0019d760	0x0019d785	UNCONDITIONAL_JUMP	0
0x0019d764	0xStack[-0x84]	READ	1
0x0019d771	0xStack[-0x38]	WRITE	0
0x0019d774	0x0019d785	UNCONDITIONAL_JUMP	0
0x0019d778	0x001e4704	DATA	0
0x0019d77d	0x0010ca6c	UNCONDITIONAL_CALL	0
0x0019d785	0xStack[-0x30]	READ	1
0x0019d788	0xStack[-0x84]	WRITE	0
0x0019d791	0x0019d7a0	CONDITIONAL_JUMP	0
0x0019d796	0x0019d7c4	CONDITIONAL_JUMP	0
0x0019d79b	0x0019d7a8	CONDITIONAL_JUMP	0
0x0019d79d	0x0019d800	UNCONDITIONAL_JUMP	0
0x0019d7a3	0x0019d7e4	CONDITIONAL_JUMP	0
0x0019d7a5	0x0019d800	UNCONDITIONAL_JUMP	0
0x0019d7a8	0xStack[-0x38]	READ	1
0x0019d7ab	0xStack[-0x84]	READ_WRITE	0
0x0019d7ae	0xStack[-0x84]	READ	0
0x0019d7b2	0x0019d80d	CONDITIONAL_JUMP	0
0x0019d7b7	0xStack[-0x84]	READ_WRITE	0
0x0019d7ba	0xStack[-0x84]	READ	0
0x0019d7be	0x0019d7b4	CONDITIONAL_JUMP	0
0x0019d7c0	0x0019d80d	UNCONDITIONAL_JUMP	0
0x0019d7c4	0xStack[-0x38]	READ	1
0x0019d7c7	0xStack[-0x84]	READ_WRITE	0
0x0019d7ca	0xStack[-0x84]	READ	0
0x0019d7ce	0x0019d80d	CONDITIONAL_JUMP	0
0x0019d7d6	0xStack[-0x84]	READ_WRITE	0
0x0019d7d9	0xStack[-0x84]	READ	0
0x0019d7dd	0x0019d7d0	CONDITIONAL_JUMP	0
0x0019d7df	0x0019d80d	UNCONDITIONAL_JUMP	0
0x0019d7e4	0xStack[-0x38]	READ	1
0x0019d7e7	0xStack[-0x84]	READ_WRITE	0
0x0019d7ea	0xStack[-0x84]	READ	0
0x0019d7ee	0x0019d80d	CONDITIONAL_JUMP	0
0x0019d7f5	0xStack[-0x84]	READ_WRITE	0
0x0019d7f8	0xStack[-0x84]	READ	0
0x0019d7fc	0x0019d7f0	CONDITIONAL_JUMP	0
0x0019d7fe	0x0019d80d	UNCONDITIONAL_JUMP	0
0x0019d800	0x001e472f	DATA	0
0x0019d805	0x0010ca6c	UNCONDITIONAL_CALL	0
0x0019d80d	0xStack[-0x34]	READ_WRITE	0
0x0019d810	0xStack[-0x34]	READ	0
0x0019d814	0x0019d714	CONDITIONAL_JUMP	0
0x0019d81a	0xStack[0xc]	READ	1
0x0019d82f	0xStack[-0x3c]	WRITE	0
0x0019d832	0xStack[0x8]	READ	1
0x0019d838	0xStack[-0x40]	WRITE	0
0x0019d841	0xStack[-0x44]	WRITE	0
0x0019d848	0xStack[-0x3c]	READ	1
0x0019d84b	0xStack[-0x84]	WRITE	0
0x0019d851	0xStack[-0x3c]	WRITE	0
0x0019d85a	0x0019d868	CONDITIONAL_JUMP	0
0x0019d85f	0x0019d884	CONDITIONAL_JUMP	0
0x0019d864	0x0019d870	CONDITIONAL_JUMP	0
0x0019d866	0x0019d8ac	UNCONDITIONAL_JUMP	0
0x0019d86b	0x0019d898	CONDITIONAL_JUMP	0
0x0019d86d	0x0019d8ac	UNCONDITIONAL_JUMP	0
0x0019d870	0xStack[-0x84]	READ	1
0x0019d87c	0xStack[-0x48]	WRITE	0
0x0019d87f	0x0019d8b9	UNCONDITIONAL_JUMP	0
0x0019d884	0xStack[-0x84]	READ	1
0x0019d891	0xStack[-0x48]	WRITE	0
0x0019d894	0x0019d8b9	UNCONDITIONAL_JUMP	0
0x0019d898	0xStack[-0x84]	READ	1
0x0019d8a5	0xStack[-0x48]	WRITE	0
0x0019d8a8	0x0019d8b9	UNCONDITIONAL_JUMP	0
0x0019d8ac	0x001e4704	DATA	0
0x0019d8b1	0x0010ca6c	UNCONDITIONAL_CALL	0
0x0019d8b9	0xStack[-0x40]	READ	1
0x0019d8bc	0xStack[-0x84]	WRITE	0
0x0019d8c5	0x0019d8d4	CONDITIONAL_JUMP	0
0x0019d8ca	0x0019d8f8	CONDITIONAL_JUMP	0
0x0019d8cf	0x0019d8dc	CONDITIONAL_JUMP	0
0x0019d8d1	0x0019d934	UNCONDITIONAL_JUMP	0
0x0019d8d7	0x0019d918	CONDITIONAL_JUMP	0
0x0019d8d9	0x0019d934	UNCONDITIONAL_JUMP	0
0x0019d8dc	0xStack[-0x48]	READ	1
0x0019d8df	0xStack[-0x84]	READ_WRITE	0
0x0019d8e2	0xStack[-0x84]	READ	0
0x0019d8e6	0x0019d941	CONDITIONAL_JUMP	0
0x0019d8eb	0xStack[-0x84]	READ_WRITE	0
0x0019d8ee	0xStack[-0x84]	READ	0
0x0019d8f2	0x0019d8e8	CONDITIONAL_JUMP	0
0x0019d8f4	0x0019d941	UNCONDITIONAL_JUMP	0
0x0019d8f8	0xStack[-0x48]	READ	1
0x0019d8fb	0xStack[-0x84]	READ_WRITE	0
0x0019d8fe	0xStack[-0x84]	READ	0
0x0019d902	0x0019d941	CONDITIONAL_JUMP	0
0x0019d90a	0xStack[-0x84]	READ_WRITE	0
0x0019d90d	0xStack[-0x84]	READ	0
0x0019d911	0x0019d904	CONDITIONAL_JUMP	0
0x0019d913	0x0019d941	UNCONDITIONAL_JUMP	0
0x0019d918	0xStack[-0x48]	READ	1
0x0019d91b	0xStack[-0x84]	READ_WRITE	0
0x0019d91e	0xStack[-0x84]	READ	0
0x0019d922	0x0019d941	CONDITIONAL_JUMP	0
0x0019d929	0xStack[-0x84]	READ_WRITE	0
0x0019d92c	0xStack[-0x84]	READ	0
0x0019d930	0x0019d924	CONDITIONAL_JUMP	0
0x0019d932	0x0019d941	UNCONDITIONAL_JUMP	0
0x0019d934	0x001e472f	DATA	0
0x0019d939	0x0010ca6c	UNCONDITIONAL_CALL	0
0x0019d941	0xStack[-0x44]	READ_WRITE	0
0x0019d944	0xStack[-0x44]	READ	0
0x0019d948	0x0019d848	CONDITIONAL_JUMP	0
0x0019d960	0xStack[-0x4c]	WRITE	0
0x0019d969	0xStack[0xc]	READ	1
0x0019d96f	0xStack[-0x50]	WRITE	0
0x0019d975	0x0019da7e	CONDITIONAL_JUMP	0
0x0019d97c	0xStack[-0x4c]	READ	1
0x0019d97f	0xStack[-0x84]	WRITE	0
0x0019d985	0xStack[-0x4c]	WRITE	0
0x0019d98e	0x0019d99c	CONDITIONAL_JUMP	0
0x0019d993	0x0019d9b8	CONDITIONAL_JUMP	0
0x0019d998	0x0019d9a4	CONDITIONAL_JUMP	0
0x0019d99a	0x0019d9e0	UNCONDITIONAL_JUMP	0
0x0019d99f	0x0019d9cc	CONDITIONAL_JUMP	0
0x0019d9a1	0x0019d9e0	UNCONDITIONAL_JUMP	0
0x0019d9a4	0xStack[-0x84]	READ	1
0x0019d9b0	0xStack[-0x54]	WRITE	0
0x0019d9b3	0x0019d9ed	UNCONDITIONAL_JUMP	0
0x0019d9b8	0xStack[-0x84]	READ	1
0x0019d9c5	0xStack[-0x54]	WRITE	0
0x0019d9c8	0x0019d9ed	UNCONDITIONAL_JUMP	0
0x0019d9cc	0xStack[-0x84]	READ	1
0x0019d9d9	0xStack[-0x54]	WRITE	0
0x0019d9dc	0x0019d9ed	UNCONDITIONAL_JUMP	0
0x0019d9e0	0x001e4704	DATA	0
0x0019d9e5	0x0010ca6c	UNCONDITIONAL_CALL	0
0x0019d9f3	0x0019da04	CONDITIONAL_JUMP	0
0x0019d9f8	0x0019da28	CONDITIONAL_JUMP	0
0x0019d9fd	0x0019da0c	CONDITIONAL_JUMP	0
0x0019d9ff	0x0019da64	UNCONDITIONAL_JUMP	0
0x0019da07	0x0019da48	CONDITIONAL_JUMP	0
0x0019da09	0x0019da64	UNCONDITIONAL_JUMP	0
0x0019da0c	0xStack[-0x54]	READ	1
0x0019da0f	0xStack[-0x84]	WRITE	0
0x0019da1b	0xStack[-0x84]	READ_WRITE	0
0x0019da1e	0xStack[-0x84]	READ	0
0x0019da22	0x0019da18	CONDITIONAL_JUMP	0
0x0019da24	0x0019da71	UNCONDITIONAL_JUMP	0
0x0019da28	0xStack[-0x54]	READ	1
0x0019da2b	0xStack[-0x84]	WRITE	0
0x0019da3a	0xStack[-0x84]	READ_WRITE	0
0x0019da3d	0xStack[-0x84]	READ	0
0x0019da41	0x0019da34	CONDITIONAL_JUMP	0
0x0019da43	0x0019da71	UNCONDITIONAL_JUMP	0
0x0019da48	0xStack[-0x54]	READ	1
0x0019da4b	0xStack[-0x84]	WRITE	0
0x0019da59	0xStack[-0x84]	READ_WRITE	0
0x0019da5c	0xStack[-0x84]	READ	0
0x0019da60	0x0019da54	CONDITIONAL_JUMP	0
0x0019da62	0x0019da71	UNCONDITIONAL_JUMP	0
0x0019da64	0x001e472f	DATA	0
0x0019da69	0x0010ca6c	UNCONDITIONAL_CALL	0
0x0019da71	0xStack[-0x50]	READ_WRITE	0
0x0019da74	0xStack[-0x50]	READ	0
0x0019da78	0x0019d97c	CONDITIONAL_JUMP	0
0x0019da90	0xStack[-0x58]	WRITE	0
0x0019da99	0xStack[0xc]	READ	1
0x0019da9f	0xStack[-0x5c]	WRITE	0
0x0019daa5	0x0019dbae	CONDITIONAL_JUMP	0
0x0019daac	0xStack[-0x58]	READ	1
0x0019daaf	0xStack[-0x84]	WRITE	0
0x0019dab5	0xStack[-0x58]	WRITE	0
0x0019dabe	0x0019dacc	CONDITIONAL_JUMP	0
0x0019dac3	0x0019dae8	CONDITIONAL_JUMP	0
0x0019dac8	0x0019dad4	CONDITIONAL_JUMP	0
0x0019daca	0x0019db10	UNCONDITIONAL_JUMP	0
0x0019dacf	0x0019dafc	CONDITIONAL_JUMP	0
0x0019dad1	0x0019db10	UNCONDITIONAL_JUMP	0
0x0019dad4	0xStack[-0x84]	READ	1
0x0019dae0	0xStack[-0x60]	WRITE	0
0x0019dae3	0x0019db1d	UNCONDITIONAL_JUMP	0
0x0019dae8	0xStack[-0x84]	READ	1
0x0019daf5	0xStack[-0x60]	WRITE	0
0x0019daf8	0x0019db1d	UNCONDITIONAL_JUMP	0
0x0019dafc	0xStack[-0x84]	READ	1
0x0019db09	0xStack[-0x60]	WRITE	0
0x0019db0c	0x0019db1d	UNCONDITIONAL_JUMP	0
0x0019db10	0x001e4704	DATA	0
0x0019db15	0x0010ca6c	UNCONDITIONAL_CALL	0
0x0019db23	0x0019db34	CONDITIONAL_JUMP	0
0x0019db28	0x0019db58	CONDITIONAL_JUMP	0
0x0019db2d	0x0019db3c	CONDITIONAL_JUMP	0
0x0019db2f	0x0019db94	UNCONDITIONAL_JUMP	0
0x0019db37	0x0019db78	CONDITIONAL_JUMP	0
0x0019db39	0x0019db94	UNCONDITIONAL_JUMP	0
0x0019db3c	0xStack[-0x60]	READ	1
0x0019db3f	0xStack[-0x84]	WRITE	0
0x0019db4b	0xStack[-0x84]	READ_WRITE	0
0x0019db4e	0xStack[-0x84]	READ	0
0x0019db52	0x0019db48	CONDITIONAL_JUMP	0
0x0019db54	0x0019dba1	UNCONDITIONAL_JUMP	0
0x0019db58	0xStack[-0x60]	READ	1
0x0019db5b	0xStack[-0x84]	WRITE	0
0x0019db6a	0xStack[-0x84]	READ_WRITE	0
0x0019db6d	0xStack[-0x84]	READ	0
0x0019db71	0x0019db64	CONDITIONAL_JUMP	0
0x0019db73	0x0019dba1	UNCONDITIONAL_JUMP	0
0x0019db78	0xStack[-0x60]	READ	1
0x0019db7b	0xStack[-0x84]	WRITE	0
0x0019db89	0xStack[-0x84]	READ_WRITE	0
0x0019db8c	0xStack[-0x84]	READ	0
0x0019db90	0x0019db84	CONDITIONAL_JUMP	0
0x0019db92	0x0019dba1	UNCONDITIONAL_JUMP	0
0x0019db94	0x001e472f	DATA	0
0x0019db99	0x0010ca6c	UNCONDITIONAL_CALL	0
0x0019dba1	0xStack[-0x5c]	READ_WRITE	0
0x0019dba4	0xStack[-0x5c]	READ	0
0x0019dba8	0x0019daac	CONDITIONAL_JUMP	0
0x0019dbae	0xStack[0x8]	READ	1
0x0019dbc0	0xStack[-0x64]	WRITE	0
0x0019dbc9	0xStack[0xc]	READ	1
0x0019dbcf	0xStack[-0x68]	WRITE	0
0x0019dbd5	0x0019dcde	CONDITIONAL_JUMP	0
0x0019dbdc	0xStack[-0x64]	READ	1
0x0019dbdf	0xStack[-0x84]	WRITE	0
0x0019dbe5	0xStack[-0x64]	WRITE	0
0x0019dbee	0x0019dbfc	CONDITIONAL_JUMP	0
0x0019dbf3	0x0019dc18	CONDITIONAL_JUMP	0
0x0019dbf8	0x0019dc04	CONDITIONAL_JUMP	0
0x0019dbfa	0x0019dc40	UNCONDITIONAL_JUMP	0
0x0019dbff	0x0019dc2c	CONDITIONAL_JUMP	0
0x0019dc01	0x0019dc40	UNCONDITIONAL_JUMP	0
0x0019dc04	0xStack[-0x84]	READ	1
0x0019dc10	0xStack[-0x6c]	WRITE	0
0x0019dc13	0x0019dc4d	UNCONDITIONAL_JUMP	0
0x0019dc18	0xStack[-0x84]	READ	1
0x0019dc25	0xStack[-0x6c]	WRITE	0
0x0019dc28	0x0019dc4d	UNCONDITIONAL_JUMP	0
0x0019dc2c	0xStack[-0x84]	READ	1
0x0019dc39	0xStack[-0x6c]	WRITE	0
0x0019dc3c	0x0019dc4d	UNCONDITIONAL_JUMP	0
0x0019dc40	0x001e4704	DATA	0
0x0019dc45	0x0010ca6c	UNCONDITIONAL_CALL	0
0x0019dc53	0x0019dc64	CONDITIONAL_JUMP	0
0x0019dc58	0x0019dc88	CONDITIONAL_JUMP	0
0x0019dc5d	0x0019dc6c	CONDITIONAL_JUMP	0
0x0019dc5f	0x0019dcc4	UNCONDITIONAL_JUMP	0
0x0019dc67	0x0019dca8	CONDITIONAL_JUMP	0
0x0019dc69	0x0019dcc4	UNCONDITIONAL_JUMP	0
0x0019dc6c	0xStack[-0x6c]	READ	1
0x0019dc6f	0xStack[-0x84]	WRITE	0
0x0019dc7b	0xStack[-0x84]	READ_WRITE	0
0x0019dc7e	0xStack[-0x84]	READ	0
0x0019dc82	0x0019dc78	CONDITIONAL_JUMP	0
0x0019dc84	0x0019dcd1	UNCONDITIONAL_JUMP	0
0x0019dc88	0xStack[-0x6c]	READ	1
0x0019dc8b	0xStack[-0x84]	WRITE	0
0x0019dc9a	0xStack[-0x84]	READ_WRITE	0
0x0019dc9d	0xStack[-0x84]	READ	0
0x0019dca1	0x0019dc94	CONDITIONAL_JUMP	0
0x0019dca3	0x0019dcd1	UNCONDITIONAL_JUMP	0
0x0019dca8	0xStack[-0x6c]	READ	1
0x0019dcab	0xStack[-0x84]	WRITE	0
0x0019dcb9	0xStack[-0x84]	READ_WRITE	0
0x0019dcbc	0xStack[-0x84]	READ	0
0x0019dcc0	0x0019dcb4	CONDITIONAL_JUMP	0
0x0019dcc2	0x0019dcd1	UNCONDITIONAL_JUMP	0
0x0019dcc4	0x001e472f	DATA	0
0x0019dcc9	0x0010ca6c	UNCONDITIONAL_CALL	0
0x0019dcd1	0xStack[-0x68]	READ_WRITE	0
0x0019dcd4	0xStack[-0x68]	READ	0
0x0019dcd8	0x0019dbdc	CONDITIONAL_JUMP	0
0x0019dcde	0xStack[0x8]	READ	1
0x0019dcf3	0xStack[-0x70]	WRITE	0
0x0019dcfc	0xStack[-0x84]	WRITE	0
0x0019dcff	0xStack[0xc]	READ	1
0x0019dd08	0x0019de1b	CONDITIONAL_JUMP	0
0x0019dd10	0xStack[-0x70]	READ	1
0x0019dd13	0xStack[-0x80]	WRITE	0
0x0019dd19	0xStack[-0x70]	WRITE	0
0x0019dd22	0x0019dd30	CONDITIONAL_JUMP	0
0x0019dd27	0x0019dd4c	CONDITIONAL_JUMP	0
0x0019dd2c	0x0019dd38	CONDITIONAL_JUMP	0
0x0019dd2e	0x0019dd74	UNCONDITIONAL_JUMP	0
0x0019dd33	0x0019dd60	CONDITIONAL_JUMP	0
0x0019dd35	0x0019dd74	UNCONDITIONAL_JUMP	0
0x0019dd38	0xStack[-0x80]	READ	1
0x0019dd44	0xStack[-0x74]	WRITE	0
0x0019dd47	0x0019dd81	UNCONDITIONAL_JUMP	0
0x0019dd4c	0xStack[-0x80]	READ	1
0x0019dd59	0xStack[-0x74]	WRITE	0
0x0019dd5c	0x0019dd81	UNCONDITIONAL_JUMP	0
0x0019dd60	0xStack[-0x80]	READ	1
0x0019dd6d	0xStack[-0x74]	WRITE	0
0x0019dd70	0x0019dd81	UNCONDITIONAL_JUMP	0
0x0019dd74	0x001e4704	DATA	0
0x0019dd79	0x0010ca6c	UNCONDITIONAL_CALL	0
0x0019dd87	0x0019dd98	CONDITIONAL_JUMP	0
0x0019dd8c	0x0019ddc0	CONDITIONAL_JUMP	0
0x0019dd91	0x0019dda0	CONDITIONAL_JUMP	0
0x0019dd93	0x0019de04	UNCONDITIONAL_JUMP	0
0x0019dd9b	0x0019dde4	CONDITIONAL_JUMP	0
0x0019dd9d	0x0019de04	UNCONDITIONAL_JUMP	0
0x0019dda0	0xStack[-0x74]	READ	1
0x0019dda3	0xStack[-0x80]	WRITE	0
0x0019ddac	0xStack[-0x84]	READ	1
0x0019ddb2	0xStack[-0x80]	READ_WRITE	0
0x0019ddb5	0xStack[-0x80]	READ	0
0x0019ddb9	0x0019ddac	CONDITIONAL_JUMP	0
0x0019ddbb	0x0019de11	UNCONDITIONAL_JUMP	0
0x0019ddc0	0xStack[-0x74]	READ	1
0x0019ddc3	0xStack[-0x80]	WRITE	0
0x0019ddcc	0xStack[-0x84]	READ	1
0x0019ddd6	0xStack[-0x80]	READ_WRITE	0
0x0019ddd9	0xStack[-0x80]	READ	0
0x0019dddd	0x0019ddcc	CONDITIONAL_JUMP	0
0x0019dddf	0x0019de11	UNCONDITIONAL_JUMP	0
0x0019dde4	0xStack[-0x74]	READ	1
0x0019dde7	0xStack[-0x80]	WRITE	0
0x0019ddf0	0xStack[-0x84]	READ	1
0x0019ddf8	0xStack[-0x80]	READ_WRITE	0
0x0019ddfb	0xStack[-0x80]	READ	0
0x0019ddff	0x0019ddf0	CONDITIONAL_JUMP	0
0x0019de01	0x0019de11	UNCONDITIONAL_JUMP	0
0x0019de04	0x001e472f	DATA	0
0x0019de09	0x0010ca6c	UNCONDITIONAL_CALL	0
0x0019de15	0x0019dd10	CONDITIONAL_JUMP	0
0x0019de2d	0x0019de3c	CONDITIONAL_JUMP	0
0x0019de32	0x0019de54	CONDITIONAL_JUMP	0
0x0019de37	0x0019de44	CONDITIONAL_JUMP	0
0x0019de39	0x0019de7c	UNCONDITIONAL_JUMP	0
0x0019de3f	0x0019de68	CONDITIONAL_JUMP	0
0x0019de41	0x0019de7c	UNCONDITIONAL_JUMP	0
0x0019de4f	0xStack[-0x78]	WRITE	0
0x0019de52	0x0019de89	UNCONDITIONAL_JUMP	0
0x0019de60	0xStack[-0x78]	WRITE	0
0x0019de63	0x0019de89	UNCONDITIONAL_JUMP	0
0x0019de74	0xStack[-0x78]	WRITE	0
0x0019de77	0x0019de89	UNCONDITIONAL_JUMP	0
0x0019de7c	0x001e4704	DATA	0
0x0019de81	0x0010ca6c	UNCONDITIONAL_CALL	0
0x0019de91	0x0019df3c	CONDITIONAL_JUMP	0
0x0019de9e	0xStack[-0x84]	WRITE	0
0x0019dead	0x0019debc	CONDITIONAL_JUMP	0
0x0019deb2	0x0019dee0	CONDITIONAL_JUMP	0
0x0019deb7	0x0019dec4	CONDITIONAL_JUMP	0
0x0019deb9	0x0019df1c	UNCONDITIONAL_JUMP	0
0x0019debf	0x0019df00	CONDITIONAL_JUMP	0
0x0019dec1	0x0019df1c	UNCONDITIONAL_JUMP	0
0x0019dec4	0xStack[-0x78]	READ	1
0x0019decb	0x0019df29	CONDITIONAL_JUMP	0
0x0019ded0	0xStack[-0x84]	READ	1
0x0019deda	0x0019ded0	CONDITIONAL_JUMP	0
0x0019dedc	0x0019df29	UNCONDITIONAL_JUMP	0
0x0019dee0	0xStack[-0x78]	READ	1
0x0019dee7	0x0019df29	CONDITIONAL_JUMP	0
0x0019deec	0xStack[-0x84]	READ	1
0x0019defa	0x0019deec	CONDITIONAL_JUMP	0
0x0019defc	0x0019df29	UNCONDITIONAL_JUMP	0
0x0019df00	0xStack[-0x78]	READ	1
0x0019df07	0x0019df29	CONDITIONAL_JUMP	0
0x0019df0c	0xStack[-0x84]	READ	1
0x0019df18	0x0019df0c	CONDITIONAL_JUMP	0
0x0019df1a	0x0019df29	UNCONDITIONAL_JUMP	0
0x0019df1c	0x001e472f	DATA	0
0x0019df21	0x0010ca6c	UNCONDITIONAL_CALL	0
0x0019df2c	0xStack[-0x78]	READ_WRITE	0
0x0019df36	0x0019de98	CONDITIONAL_JUMP	0
0x0019df3d	0x0019ba18	UNCONDITIONAL_CALL	0
0x0019df42	0xStack[0x10]	READ	1
0x0019df47	0x0019c898	UNCONDITIONAL_CALL	0
0x0019df4c	0x0019df6f	UNCONDITIONAL_JUMP	0
0x0019df5d	0xStack[0x10]	READ	1
0x0019df62	0x0019c898	UNCONDITIONAL_CALL	0
0x0019df6a	0x0019bfa0	UNCONDITIONAL_CALL	0
0x0019df6f	0xStack[-0x90]	DATA	0
0x0019df85	0xStack[0x4]	READ	1
0x0019df91	0x0019e034	CONDITIONAL_JUMP	0
0x0019df97	0x0019dfa4	CONDITIONAL_JUMP	0
0x0019df9c	0x0019dfbc	CONDITIONAL_JUMP	0
0x0019df9e	0x0019e0ce	UNCONDITIONAL_JUMP	0
0x0019dfa7	0x0019e068	CONDITIONAL_JUMP	0
0x0019dfb0	0x0019e09c	CONDITIONAL_JUMP	0
0x0019dfb6	0x0019e0ce	UNCONDITIONAL_JUMP	0
0x0019dfc0	0x0019dffc	CONDITIONAL_JUMP	0
0x0019dff4	0x0019e0ce	UNCONDITIONAL_JUMP	0
0x0019e02e	0x0019e0ce	UNCONDITIONAL_JUMP	0
0x0019e066	0x0019e0ce	UNCONDITIONAL_JUMP	0
0x0019e09a	0x0019e0ce	UNCONDITIONAL_JUMP	0
0x0019e0e9	0x0019e0e0	CONDITIONAL_JUMP	0
0x0019e0f7	0xStack[0xc]	READ	0
0x0019e0fb	0x0019e1c1	CONDITIONAL_JUMP	0
0x0019e104	0x0019e1c1	CONDITIONAL_JUMP	0
0x0019e117	0xStack[-0xc]	WRITE	0
0x0019e120	0x0019e130	CONDITIONAL_JUMP	0
0x0019e125	0x0019e135	CONDITIONAL_JUMP	0
0x0019e12a	0x0019e135	CONDITIONAL_JUMP	0
0x0019e12c	0x0019e13c	UNCONDITIONAL_JUMP	0
0x0019e133	0x0019e13c	CONDITIONAL_JUMP	0
0x0019e138	0x0019e14f	UNCONDITIONAL_JUMP	0
0x0019e13c	0x001e4704	DATA	0
0x0019e141	0xStack[-0x8]	WRITE	0
0x0019e144	0x0010ca6c	UNCONDITIONAL_CALL	0
0x0019e14f	0xStack[-0xc]	READ	1
0x0019e158	0x0019e168	CONDITIONAL_JUMP	0
0x0019e15d	0x0019e184	CONDITIONAL_JUMP	0
0x0019e162	0x0019e170	CONDITIONAL_JUMP	0
0x0019e164	0x0019e1b4	UNCONDITIONAL_JUMP	0
0x0019e16b	0x0019e19c	CONDITIONAL_JUMP	0
0x0019e16d	0x0019e1b4	UNCONDITIONAL_JUMP	0
0x0019e176	0x0019e1c1	CONDITIONAL_JUMP	0
0x0019e17f	0x0019e178	CONDITIONAL_JUMP	0
0x0019e181	0x0019e1c1	UNCONDITIONAL_JUMP	0
0x0019e18a	0x0019e1c1	CONDITIONAL_JUMP	0
0x0019e196	0x0019e18c	CONDITIONAL_JUMP	0
0x0019e198	0x0019e1c1	UNCONDITIONAL_JUMP	0
0x0019e1a2	0x0019e1c1	CONDITIONAL_JUMP	0
0x0019e1ad	0x0019e1a4	CONDITIONAL_JUMP	0
0x0019e1af	0x0019e1c1	UNCONDITIONAL_JUMP	0
0x0019e1b4	0x001e472f	DATA	0
0x0019e1b9	0x0010ca6c	UNCONDITIONAL_CALL	0
0x0019e1c1	0xStack[0x8]	READ	1
0x0019e1c9	0x0019e232	CONDITIONAL_JUMP	0
0x0019e1cb	0x0019e1d4	CONDITIONAL_JUMP	0
0x0019e1d0	0x0019e1dc	CONDITIONAL_JUMP	0
0x0019e1d2	0x0019e228	UNCONDITIONAL_JUMP	0
0x0019e1d4	0xStack[0x8]	READ	0
0x0019e1d8	0x0019e20c	CONDITIONAL_JUMP	0
0x0019e1da	0x0019e228	UNCONDITIONAL_JUMP	0
0x0019e1de	0xStack[0x10]	READ	1
0x0019e1e2	0xStack[0x14]	READ	1
0x0019e1ee	0x0019e1f3	CONDITIONAL_JUMP	0
0x0019e1ff	0x0019e204	CONDITIONAL_JUMP	0
0x0019e208	0x0019e220	UNCONDITIONAL_JUMP	0
0x0019e20e	0xStack[0x10]	READ	1
0x0019e212	0xStack[0x14]	READ	1
0x0019e221	0x0019d254	UNCONDITIONAL_CALL	0
0x0019e226	0x0019e232	UNCONDITIONAL_JUMP	0
0x0019e228	0x001e47ec	DATA	0
0x0019e22d	0x0010ca6c	UNCONDITIONAL_CALL	0
0x0019e232	0xStack[-0x18]	DATA	0
0x0019e245	0xStack[0x4]	READ	1
0x0019e24b	0xStack[-0x8]	WRITE	0
0x0019e24e	0xStack[0x8]	READ	1
0x0019e251	0xStack[-0x18]	WRITE	0
0x0019e257	0xStack[-0x1c]	WRITE	0
0x0019e25c	0xStack[-0x8]	READ	1
0x0019e265	0x0019e2ac	CONDITIONAL_JUMP	0
0x0019e267	0x0019e284	COMPUTED_JUMP	-1
0x0019e267	0x0019e28c	COMPUTED_JUMP	-1
0x0019e267	0x0019e294	COMPUTED_JUMP	-1
0x0019e267	0x0019e2a0	COMPUTED_JUMP	-1
0x0019e267	0x0019e270	DATA	0
0x0019e270	0x0019e284	DATA	0
0x0019e274	0x0019e28c	DATA	0
0x0019e278	0x0019e294	DATA	0
0x0019e27c	0x0019e294	DATA	0
0x0019e280	0x0019e2a0	DATA	0
0x0019e284	0x001e4838	DATA	1
0x0019e289	0x0019e2b6	UNCONDITIONAL_JUMP	0
0x0019e28c	0x001e4848	DATA	1
0x0019e291	0x0019e2b6	UNCONDITIONAL_JUMP	0
0x0019e294	0xStack[-0x20]	WRITE	0
0x0019e29b	0x0019e2b6	UNCONDITIONAL_JUMP	0
0x0019e2a0	0xStack[-0x20]	WRITE	0
0x0019e2a7	0x0019e2b6	UNCONDITIONAL_JUMP	0
0x0019e2ac	0x001e4868	DATA	0
0x0019e2b1	0x0010ca6c	UNCONDITIONAL_CALL	0
0x0019e2b8	0x0019e3fa	CONDITIONAL_JUMP	0
0x0019e2be	0xStack[-0x54]	WRITE	0
0x0019e2c5	0xStack[-0x24]	WRITE	0
0x0019e2ce	0xStack[-0x50]	WRITE	0
0x0019e2d5	0xStack[-0x28]	WRITE	0
0x0019e2dc	0xStack[-0x2c]	WRITE	0
0x0019e2e5	0xStack[-0x20]	READ	0
0x0019e2e8	0x0019e338	CONDITIONAL_JUMP	0
0x0019e2ec	0xStack[-0x1c]	READ	1
0x0019e2f6	0x0019e318	CONDITIONAL_JUMP	0
0x0019e2f8	0x0019e304	CONDITIONAL_JUMP	0
0x0019e2fd	0x0019e328	CONDITIONAL_JUMP	0
0x0019e2ff	0x0019e332	UNCONDITIONAL_JUMP	0
0x0019e307	0x0019e332	CONDITIONAL_JUMP	0
0x0019e309	0xStack[-0x50]	READ	0
0x0019e30d	0x0019e312	CONDITIONAL_JUMP	0
0x0019e30f	0xStack[-0x50]	WRITE	0
0x0019e312	0xStack[-0x54]	READ_WRITE	0
0x0019e315	0x0019e332	UNCONDITIONAL_JUMP	0
0x0019e318	0xStack[-0x28]	READ	0
0x0019e31c	0x0019e321	CONDITIONAL_JUMP	0
0x0019e31e	0xStack[-0x28]	WRITE	0
0x0019e321	0xStack[-0x24]	READ_WRITE	0
0x0019e324	0x0019e332	UNCONDITIONAL_JUMP	0
0x0019e328	0xStack[-0x2c]	READ	0
0x0019e32c	0x0019e331	CONDITIONAL_JUMP	0
0x0019e32e	0xStack[-0x2c]	WRITE	0
0x0019e333	0xStack[-0x20]	READ	0
0x0019e336	0x0019e2ec	CONDITIONAL_JUMP	0
0x0019e33f	0xStack[-0x54]	READ	1
0x0019e345	0xStack[-0x30]	WRITE	0
0x0019e348	0xStack[-0x20]	READ	1
0x0019e34b	0xStack[-0x50]	READ	1
0x0019e350	0xStack[-0x34]	WRITE	0
0x0019e358	0xStack[-0x24]	READ	1
0x0019e35e	0xStack[-0x38]	WRITE	0
0x0019e361	0xStack[-0x20]	READ	1
0x0019e364	0xStack[-0x28]	READ	1
0x0019e369	0xStack[-0x3c]	WRITE	0
0x0019e376	0xStack[-0x40]	WRITE	0
0x0019e383	0xStack[-0x50]	WRITE	0
0x0019e386	0xStack[-0x30]	READ	1
0x0019e398	0xStack[-0x34]	READ	1
0x0019e39d	0xStack[-0x54]	WRITE	0
0x0019e3a0	0xStack[-0x38]	READ	1
0x0019e3a3	0xStack[-0x50]	READ	1
0x0019e3b1	0xStack[-0x3c]	READ	1
0x0019e3b6	0xStack[-0x54]	READ	1
0x0019e3bb	0xStack[-0x54]	WRITE	0
0x0019e3be	0xStack[-0x40]	READ	1
0x0019e3c1	0xStack[-0x50]	READ	1
0x0019e3cf	0xStack[-0x50]	WRITE	0
0x0019e3d2	0xStack[-0x20]	READ	1
0x0019e3d5	0xStack[-0x2c]	READ	1
0x0019e3dc	0xStack[-0x50]	READ	1
0x0019e3e3	0xStack[-0x54]	READ	1
0x0019e3e8	0x001e4858	WRITE	0
0x0019e3f3	0x0019e37c	CONDITIONAL_JUMP	0
0x0019e3f5	0x001e4858	DATA	1
0x0019e3fa	0x001e4838	DATA	1
0x0019e3fa	0x001e4848	DATA	1
0x0019e3fa	0x001e4858	DATA	1
0x0019e3fa	0xStack[-0x14]	WRITE	0
0x0019e3fd	0xStack[0x8]	READ	1
0x0019e403	0xStack[-0x8]	READ	1
0x0019e40e	0xStack[-0x48]	WRITE	0
0x0019e414	0xStack[-0x48]	READ	1
0x0019e41f	0xStack[0x8]	READ	1
0x0019e426	0xStack[-0x8]	READ	1
0x0019e431	0xStack[-0x48]	WRITE	0
0x0019e437	0xStack[-0x48]	READ	1
0x0019e445	0xStack[-0x18]	READ	1
0x0019e44f	0xStack[-0x18]	READ	1
0x0019e45b	0xStack[-0x8]	READ	1
0x0019e461	0x0019e46e	CONDITIONAL_JUMP	0
0x0019e46c	0x0019e478	CONDITIONAL_JUMP	0
0x0019e473	0x0019e7c0	UNCONDITIONAL_JUMP	0
0x0019e478	0xStack[-0x18]	READ	1
0x0019e47e	0xStack[-0x10]	WRITE	0
0x0019e481	0xStack[-0x8]	READ	1
0x0019e48a	0x0019e7be	CONDITIONAL_JUMP	0
0x0019e490	0x0019e4ac	COMPUTED_JUMP	-1
0x0019e490	0x0019e568	COMPUTED_JUMP	-1
0x0019e490	0x0019e624	COMPUTED_JUMP	-1
0x0019e490	0x0019e6f8	COMPUTED_JUMP	-1
0x0019e490	0x0019e498	DATA	0
0x0019e498	0x0019e4ac	DATA	0
0x0019e49c	0x0019e568	DATA	0
0x0019e4a0	0x0019e624	DATA	0
0x0019e4a4	0x0019e624	DATA	0
0x0019e4a8	0x0019e6f8	DATA	0
0x0019e4b0	0x0019e4b5	CONDITIONAL_JUMP	0
0x0019e4ba	0xStack[-0x8]	READ	1
0x0019e4c4	0xStack[-0x50]	WRITE	0
0x0019e4c9	0xStack[-0x44]	WRITE	0
0x0019e4cc	0xStack[-0xc]	WRITE	0
0x0019e4d3	0xStack[-0x18]	READ	1
0x0019e4db	0x0019e7be	CONDITIONAL_JUMP	0
0x0019e4e4	0xStack[-0x44]	READ	1
0x0019e4e9	0xStack[-0x18]	READ	1
0x0019e4f1	0x0019e548	CONDITIONAL_JUMP	0
0x0019e4f4	0xStack[-0x10]	READ	1
0x0019e4f9	0xStack[-0x4c]	WRITE	0
0x0019e4fc	0xStack[-0x10]	READ_WRITE	0
0x0019e501	0xStack[-0x54]	WRITE	0
0x0019e50b	0xStack[-0x50]	WRITE	0
0x0019e510	0xStack[-0x50]	READ	1
0x0019e513	0xStack[-0x54]	READ	1
0x0019e51b	0xStack[-0x14]	READ	1
0x0019e51e	0x001e4838	DATA	0
0x0019e51e	0x001e4848	DATA	0
0x0019e51e	0x001e4858	DATA	0
0x0019e526	0xStack[-0x48]	WRITE	0
0x0019e529	0xStack[-0x48]	READ	1
0x0019e52f	0xStack[-0x54]	WRITE	0
0x0019e535	0x0019e510	CONDITIONAL_JUMP	0
0x0019e53d	0xStack[-0x18]	READ	1
0x0019e546	0x0019e4f4	CONDITIONAL_JUMP	0
0x0019e548	0xStack[-0x8]	READ	1
0x0019e54e	0xStack[-0x44]	READ_WRITE	0
0x0019e551	0xStack[-0xc]	READ_WRITE	0
0x0019e554	0xStack[-0x18]	READ	1
0x0019e55b	0xStack[-0xc]	READ	0
0x0019e55e	0x0019e4e4	CONDITIONAL_JUMP	0
0x0019e560	0x0019e7be	UNCONDITIONAL_JUMP	0
0x0019e568	0xStack[-0x8]	READ	1
0x0019e56e	0xStack[-0x50]	WRITE	0
0x0019e575	0xStack[-0x48]	WRITE	0
0x0019e57a	0xStack[-0xc]	WRITE	0
0x0019e581	0xStack[-0x18]	READ	1
0x0019e589	0x0019e7be	CONDITIONAL_JUMP	0
0x0019e594	0xStack[-0x18]	READ	1
0x0019e59c	0x0019e605	CONDITIONAL_JUMP	0
0x0019e5a0	0xStack[-0x10]	READ	1
0x0019e5a5	0xStack[-0x4c]	WRITE	0
0x0019e5a8	0xStack[-0x10]	READ_WRITE	0
0x0019e5b1	0xStack[-0x14]	READ	1
0x0019e5b4	0x001e4838	DATA	1
0x0019e5b4	0x001e4848	DATA	1
0x0019e5b4	0x001e4858	DATA	1
0x0019e5ba	0xStack[-0x4c]	READ	1
0x0019e5c0	0xStack[-0x48]	WRITE	0
0x0019e5c8	0xStack[-0x14]	READ	1
0x0019e5cb	0x001e4838	DATA	1
0x0019e5cb	0x001e4848	DATA	1
0x0019e5cb	0x001e4858	DATA	1
0x0019e5d1	0xStack[-0x4c]	READ	1
0x0019e5d7	0xStack[-0x48]	WRITE	0
0x0019e5df	0xStack[-0x14]	READ	1
0x0019e5e2	0x001e4838	DATA	1
0x0019e5e2	0x001e4848	DATA	1
0x0019e5e2	0x001e4858	DATA	1
0x0019e5e8	0xStack[-0x4c]	READ	1
0x0019e5ee	0xStack[-0x14]	READ	1
0x0019e5f1	0x001e4838	DATA	1
0x0019e5f1	0x001e4848	DATA	1
0x0019e5f1	0x001e4858	DATA	1
0x0019e5fa	0xStack[-0x18]	READ	1
0x0019e603	0x0019e5a0	CONDITIONAL_JUMP	0
0x0019e605	0xStack[-0x8]	READ	1
0x0019e60b	0xStack[-0xc]	READ_WRITE	0
0x0019e60e	0xStack[-0x18]	READ	1
0x0019e615	0xStack[-0xc]	READ	0
0x0019e618	0x0019e590	CONDITIONAL_JUMP	0
0x0019e61e	0x0019e7be	UNCONDITIONAL_JUMP	0
0x0019e624	0xStack[-0x8]	READ	1
0x0019e62d	0xStack[-0x50]	WRITE	0
0x0019e630	0xStack[-0x8]	READ	1
0x0019e637	0xStack[-0x48]	WRITE	0
0x0019e63c	0xStack[-0xc]	WRITE	0
0x0019e643	0xStack[-0x18]	READ	1
0x0019e64b	0x0019e7be	CONDITIONAL_JUMP	0
0x0019e658	0xStack[-0x18]	READ	1
0x0019e660	0x0019e6d9	CONDITIONAL_JUMP	0
0x0019e664	0xStack[-0x10]	READ	1
0x0019e669	0xStack[-0x4c]	WRITE	0
0x0019e66c	0xStack[-0x10]	READ_WRITE	0
0x0019e675	0xStack[-0x14]	READ	1
0x0019e678	0x001e4838	DATA	0
0x0019e678	0x001e4848	DATA	0
0x0019e678	0x001e4858	DATA	0
0x0019e682	0xStack[-0x4c]	READ	1
0x0019e688	0xStack[-0x48]	WRITE	0
0x0019e690	0xStack[-0x14]	READ	1
0x0019e693	0x001e4838	DATA	0
0x0019e693	0x001e4848	DATA	0
0x0019e693	0x001e4858	DATA	0
0x0019e69d	0xStack[-0x4c]	READ	1
0x0019e6a3	0xStack[-0x48]	WRITE	0
0x0019e6ab	0xStack[-0x14]	READ	1
0x0019e6ae	0x001e4838	DATA	0
0x0019e6ae	0x001e4848	DATA	0
0x0019e6ae	0x001e4858	DATA	0
0x0019e6b8	0xStack[-0x4c]	READ	1
0x0019e6be	0xStack[-0x14]	READ	1
0x0019e6c1	0x001e4838	DATA	0
0x0019e6c1	0x001e4848	DATA	0
0x0019e6c1	0x001e4858	DATA	0
0x0019e6ce	0xStack[-0x18]	READ	1
0x0019e6d7	0x0019e664	CONDITIONAL_JUMP	0
0x0019e6d9	0xStack[-0x8]	READ	1
0x0019e6df	0xStack[-0xc]	READ_WRITE	0
0x0019e6e2	0xStack[-0x18]	READ	1
0x0019e6e9	0xStack[-0xc]	READ	0
0x0019e6ec	0x0019e654	CONDITIONAL_JUMP	0
0x0019e6f2	0x0019e7be	UNCONDITIONAL_JUMP	0
0x0019e6f8	0xStack[-0x8]	READ	1
0x0019e701	0xStack[-0x50]	WRITE	0
0x0019e704	0xStack[-0x8]	READ	1
0x0019e70b	0xStack[-0x48]	WRITE	0
0x0019e710	0xStack[-0xc]	WRITE	0
0x0019e717	0xStack[-0x18]	READ	1
0x0019e71f	0x0019e7be	CONDITIONAL_JUMP	0
0x0019e72c	0xStack[-0x18]	READ	1
0x0019e734	0x0019e7a5	CONDITIONAL_JUMP	0
0x0019e738	0xStack[-0x10]	READ	1
0x0019e73d	0xStack[-0x4c]	WRITE	0
0x0019e740	0xStack[-0x10]	READ_WRITE	0
0x0019e749	0xStack[-0x14]	READ	1
0x0019e74c	0x001e4838	DATA	0
0x0019e74c	0x001e4848	DATA	0
0x0019e74c	0x001e4858	DATA	0
0x0019e754	0xStack[-0x4c]	READ	1
0x0019e75a	0xStack[-0x48]	WRITE	0
0x0019e762	0xStack[-0x14]	READ	1
0x0019e765	0x001e4838	DATA	0
0x0019e765	0x001e4848	DATA	0
0x0019e765	0x001e4858	DATA	0
0x0019e76d	0xStack[-0x4c]	READ	1
0x0019e773	0xStack[-0x48]	WRITE	0
0x0019e77b	0xStack[-0x14]	READ	1
0x0019e77e	0x001e4838	DATA	0
0x0019e77e	0x001e4848	DATA	0
0x0019e77e	0x001e4858	DATA	0
0x0019e786	0xStack[-0x4c]	READ	1
0x0019e78c	0xStack[-0x14]	READ	1
0x0019e78f	0x001e4838	DATA	0
0x0019e78f	0x001e4848	DATA	0
0x0019e78f	0x001e4858	DATA	0
0x0019e79a	0xStack[-0x18]	READ	1
0x0019e7a3	0x0019e738	CONDITIONAL_JUMP	0
0x0019e7a5	0xStack[-0x8]	READ	1
0x0019e7ab	0xStack[-0xc]	READ_WRITE	0
0x0019e7ae	0xStack[-0x18]	READ	1
0x0019e7b5	0xStack[-0xc]	READ	0
0x0019e7b8	0x0019e728	CONDITIONAL_JUMP	0
0x0019e7c0	0xStack[-0x68]	DATA	0
0x0019e7d5	0xStack[0x4]	READ	1
0x0019e7db	0xStack[-0x8]	WRITE	0
0x0019e7de	0xStack[0x8]	READ	1
0x0019e7ed	0xStack[-0x50]	WRITE	0
0x0019e7f3	0xStack[-0x50]	READ	1
0x0019e7fc	0xStack[-0xc]	WRITE	0
0x0019e803	0xStack[-0x8]	READ	1
0x0019e80f	0xStack[-0x50]	WRITE	0
0x0019e815	0xStack[-0x50]	READ	1
0x0019e81e	0xStack[-0x10]	WRITE	0
0x0019e821	0xStack[-0xc]	READ_WRITE	0
0x0019e833	0xStack[-0xc]	READ	1
0x0019e836	0xStack[-0x8]	READ	1
0x0019e83c	0x0019e84a	CONDITIONAL_JUMP	0
0x0019e842	0xStack[-0x10]	READ	1
0x0019e848	0x0019e854	CONDITIONAL_JUMP	0
0x0019e84f	0x0019ec17	UNCONDITIONAL_JUMP	0
0x0019e857	0xStack[-0x50]	WRITE	0
0x0019e85f	0xStack[-0x18]	WRITE	0
0x0019e864	0xStack[-0x50]	READ	1
0x0019e86d	0x0019e8b4	CONDITIONAL_JUMP	0
0x0019e86f	0x0019e88c	COMPUTED_JUMP	-1
0x0019e86f	0x0019e894	COMPUTED_JUMP	-1
0x0019e86f	0x0019e89c	COMPUTED_JUMP	-1
0x0019e86f	0x0019e8a8	COMPUTED_JUMP	-1
0x0019e86f	0x0019e878	DATA	0
0x0019e878	0x0019e88c	DATA	0
0x0019e87c	0x0019e894	DATA	0
0x0019e880	0x0019e89c	DATA	0
0x0019e884	0x0019e89c	DATA	0
0x0019e888	0x0019e8a8	DATA	0
0x0019e88c	0x001e4838	DATA	1
0x0019e891	0x0019e8be	UNCONDITIONAL_JUMP	0
0x0019e894	0x001e4848	DATA	1
0x0019e899	0x0019e8be	UNCONDITIONAL_JUMP	0
0x0019e89c	0xStack[-0x1c]	WRITE	0
0x0019e8a3	0x0019e8be	UNCONDITIONAL_JUMP	0
0x0019e8a8	0xStack[-0x1c]	WRITE	0
0x0019e8af	0x0019e8be	UNCONDITIONAL_JUMP	0
0x0019e8b4	0x001e4868	DATA	0
0x0019e8b9	0x0010ca6c	UNCONDITIONAL_CALL	0
0x0019e8c0	0x0019ea07	CONDITIONAL_JUMP	0
0x0019e8c6	0xStack[-0x58]	WRITE	0
0x0019e8cd	0xStack[-0x20]	WRITE	0
0x0019e8d4	0xStack[-0x24]	WRITE	0
0x0019e8db	0xStack[-0x54]	WRITE	0
0x0019e8e2	0xStack[-0x28]	WRITE	0
0x0019e8e9	0xStack[-0x2c]	WRITE	0
0x0019e8f2	0xStack[-0x1c]	READ	0
0x0019e8f5	0x0019e946	CONDITIONAL_JUMP	0
0x0019e8f8	0xStack[-0x18]	READ	1
0x0019e902	0x0019e924	CONDITIONAL_JUMP	0
0x0019e904	0x0019e910	CONDITIONAL_JUMP	0
0x0019e909	0x0019e934	CONDITIONAL_JUMP	0
0x0019e90b	0x0019e940	UNCONDITIONAL_JUMP	0
0x0019e913	0x0019e940	CONDITIONAL_JUMP	0
0x0019e915	0xStack[-0x54]	READ	0
0x0019e919	0x0019e91e	CONDITIONAL_JUMP	0
0x0019e91b	0xStack[-0x54]	WRITE	0
0x0019e91e	0xStack[-0x58]	READ_WRITE	0
0x0019e921	0x0019e940	UNCONDITIONAL_JUMP	0
0x0019e924	0xStack[-0x28]	READ	0
0x0019e928	0x0019e92d	CONDITIONAL_JUMP	0
0x0019e92a	0xStack[-0x28]	WRITE	0
0x0019e92d	0xStack[-0x20]	READ_WRITE	0
0x0019e930	0x0019e940	UNCONDITIONAL_JUMP	0
0x0019e934	0xStack[-0x2c]	READ	0
0x0019e938	0x0019e93d	CONDITIONAL_JUMP	0
0x0019e93a	0xStack[-0x2c]	WRITE	0
0x0019e93d	0xStack[-0x24]	READ_WRITE	0
0x0019e941	0xStack[-0x1c]	READ	0
0x0019e944	0x0019e8f8	CONDITIONAL_JUMP	0
0x0019e94d	0xStack[-0x58]	READ	1
0x0019e953	0xStack[-0x30]	WRITE	0
0x0019e956	0xStack[-0x1c]	READ	1
0x0019e959	0xStack[-0x54]	READ	1
0x0019e95e	0xStack[-0x34]	WRITE	0
0x0019e966	0xStack[-0x20]	READ	1
0x0019e96c	0xStack[-0x38]	WRITE	0
0x0019e96f	0xStack[-0x1c]	READ	1
0x0019e972	0xStack[-0x28]	READ	1
0x0019e977	0xStack[-0x3c]	WRITE	0
0x0019e97f	0xStack[-0x24]	READ	1
0x0019e985	0xStack[-0x40]	WRITE	0
0x0019e98f	0xStack[-0x54]	WRITE	0
0x0019e992	0xStack[-0x30]	READ	1
0x0019e9a4	0xStack[-0x34]	READ	1
0x0019e9a9	0xStack[-0x58]	WRITE	0
0x0019e9ac	0xStack[-0x38]	READ	1
0x0019e9af	0xStack[-0x54]	READ	1
0x0019e9bd	0xStack[-0x3c]	READ	1
0x0019e9c2	0xStack[-0x58]	READ	1
0x0019e9c7	0xStack[-0x58]	WRITE	0
0x0019e9ca	0xStack[-0x40]	READ	1
0x0019e9cd	0xStack[-0x54]	READ	1
0x0019e9db	0xStack[-0x54]	WRITE	0
0x0019e9de	0xStack[-0x1c]	READ	1
0x0019e9e1	0xStack[-0x2c]	READ	1
0x0019e9e6	0xStack[-0x24]	READ	1
0x0019e9e9	0xStack[-0x54]	READ	1
0x0019e9f0	0xStack[-0x58]	READ	1
0x0019e9f5	0x001e4858	WRITE	0
0x0019ea00	0x0019e988	CONDITIONAL_JUMP	0
0x0019ea02	0x001e4858	DATA	1
0x0019ea0d	0x001e4838	DATA	0
0x0019ea0d	0x001e4858	DATA	0
0x0019ea0d	0x001e4848	DATA	0
0x0019ea10	0xStack[-0x14]	WRITE	0
0x0019ea13	0xStack[-0x8]	READ	1
0x0019ea1c	0x0019ec15	CONDITIONAL_JUMP	0
0x0019ea22	0x0019ea40	COMPUTED_JUMP	-1
0x0019ea22	0x0019ead8	COMPUTED_JUMP	-1
0x0019ea22	0x0019eb40	COMPUTED_JUMP	-1
0x0019ea22	0x0019ebb4	COMPUTED_JUMP	-1
0x0019ea22	0x0019ea2c	DATA	0
0x0019ea2c	0x0019ea40	DATA	0
0x0019ea30	0x0019ead8	DATA	0
0x0019ea34	0x0019eb40	DATA	0
0x0019ea38	0x0019eb40	DATA	0
0x0019ea3c	0x0019ebb4	DATA	0
0x0019ea40	0xStack[-0xc]	READ	1
0x0019ea45	0x0019ea4a	CONDITIONAL_JUMP	0
0x0019ea4f	0xStack[-0x8]	READ	1
0x0019ea55	0xStack[-0x10]	READ	1
0x0019ea60	0xStack[-0x14]	READ	1
0x0019ea66	0xStack[-0x50]	WRITE	0
0x0019ea69	0xStack[-0x14]	READ	1
0x0019ea6c	0xStack[-0x14]	READ	1
0x0019ea74	0xStack[-0x14]	READ	1
0x0019ea7c	0xStack[-0x14]	WRITE	0
0x0019ea86	0x0019ec15	CONDITIONAL_JUMP	0
0x0019ea8c	0xStack[-0x14]	READ	1
0x0019ea8f	0xStack[-0x44]	WRITE	0
0x0019ea94	0xStack[-0x54]	WRITE	0
0x0019ea97	0xStack[-0x58]	WRITE	0
0x0019eaa3	0x0019eac1	CONDITIONAL_JUMP	0
0x0019eaa8	0xStack[-0x44]	READ	1
0x0019eaab	0xStack[-0x54]	READ	1
0x0019eab1	0xStack[-0x54]	WRITE	0
0x0019eab4	0xStack[-0x58]	READ_WRITE	0
0x0019eabc	0xStack[-0x58]	READ	0
0x0019eabf	0x0019eaa8	CONDITIONAL_JUMP	0
0x0019eac1	0xStack[-0x8]	READ	1
0x0019eace	0x0019ea94	CONDITIONAL_JUMP	0
0x0019ead0	0x0019ec15	UNCONDITIONAL_JUMP	0
0x0019ead8	0xStack[-0xc]	READ	1
0x0019eadb	0xStack[-0x8]	READ	1
0x0019eae1	0xStack[-0x10]	READ	1
0x0019eaf3	0x0019ec15	CONDITIONAL_JUMP	0
0x0019eaf9	0xStack[-0x14]	READ	1
0x0019eafc	0xStack[-0x48]	WRITE	0
0x0019eb00	0xStack[-0x54]	WRITE	0
0x0019eb03	0xStack[-0x58]	WRITE	0
0x0019eb0f	0x0019eb2c	CONDITIONAL_JUMP	0
0x0019eb14	0xStack[-0x48]	READ	1
0x0019eb17	0xStack[-0x54]	READ	1
0x0019eb1d	0xStack[-0x54]	WRITE	0
0x0019eb20	0xStack[-0x58]	READ_WRITE	0
0x0019eb27	0xStack[-0x58]	READ	0
0x0019eb2a	0x0019eb14	CONDITIONAL_JUMP	0
0x0019eb2c	0xStack[-0x8]	READ	1
0x0019eb39	0x0019eb00	CONDITIONAL_JUMP	0
0x0019eb3b	0x0019ec15	UNCONDITIONAL_JUMP	0
0x0019eb40	0xStack[-0x8]	READ	1
0x0019eb46	0xStack[-0xc]	READ	1
0x0019eb4c	0xStack[-0x10]	READ	1
0x0019eb4f	0xStack[-0x8]	READ	1
0x0019eb61	0x0019ec15	CONDITIONAL_JUMP	0
0x0019eb67	0xStack[-0x14]	READ	1
0x0019eb6b	0xStack[-0x4c]	WRITE	0
0x0019eb70	0xStack[-0x54]	WRITE	0
0x0019eb73	0xStack[-0x58]	WRITE	0
0x0019eb7f	0x0019eba0	CONDITIONAL_JUMP	0
0x0019eb84	0xStack[-0x4c]	READ	1
0x0019eb88	0xStack[-0x54]	READ	1
0x0019eb91	0xStack[-0x54]	WRITE	0
0x0019eb94	0xStack[-0x58]	READ_WRITE	0
0x0019eb9b	0xStack[-0x58]	READ	0
0x0019eb9e	0x0019eb84	CONDITIONAL_JUMP	0
0x0019eba0	0xStack[-0x8]	READ	1
0x0019ebad	0x0019eb70	CONDITIONAL_JUMP	0
0x0019ebaf	0x0019ec15	UNCONDITIONAL_JUMP	0
0x0019ebb4	0xStack[-0x8]	READ	1
0x0019ebba	0xStack[-0xc]	READ	1
0x0019ebc0	0xStack[-0x10]	READ	1
0x0019ebc3	0xStack[-0x8]	READ	1
0x0019ebd5	0x0019ec15	CONDITIONAL_JUMP	0
0x0019ebd8	0xStack[-0x54]	WRITE	0
0x0019ebdb	0xStack[-0x58]	WRITE	0
0x0019ebe7	0x0019ec06	CONDITIONAL_JUMP	0
0x0019ebec	0xStack[-0x14]	READ	1
0x0019ebef	0xStack[-0x54]	READ	1
0x0019ebf7	0xStack[-0x54]	WRITE	0
0x0019ebfa	0xStack[-0x58]	READ_WRITE	0
0x0019ec01	0xStack[-0x58]	READ	0
0x0019ec04	0x0019ebec	CONDITIONAL_JUMP	0
0x0019ec06	0xStack[-0x8]	READ	1
0x0019ec13	0x0019ebd8	CONDITIONAL_JUMP	0
0x0019ec17	0xStack[-0x6c]	DATA	0
0x0019ec2c	0x001a5448	UNCONDITIONAL_CALL	0
0x0019ec38	0x0019ec40	CONDITIONAL_JUMP	0
0x0019ec3c	0x0019ecac	UNCONDITIONAL_JUMP	0
0x0019ec45	0x001a5448	UNCONDITIONAL_CALL	0
0x0019ec52	0x0019ec60	CONDITIONAL_JUMP	0
0x0019ec57	0x001a5458	UNCONDITIONAL_CALL	0
0x0019ec5e	0x0019ecac	UNCONDITIONAL_JUMP	0
0x0019ec60	0x0019efa8	DATA	1
0x0019ec66	0x0019df7c	DATA	1
0x0019ec6d	0x0019efcc	DATA	1
0x0019ec74	0x0019e23c	DATA	1
0x0019ec7b	0x0019e7cc	DATA	1
0x0019ec82	0x0019f050	DATA	1
0x0019ec89	0x0019f068	DATA	1
0x0019ec96	0xStack[0x4]	READ	1
0x0019ecac	0xStack[-0x10]	DATA	0
0x0019ecc4	0x0001285c	READ	0
0x0019eccc	0x0019ecd7	CONDITIONAL_JUMP	0
0x0019ecce	0x00012854	READ	0
0x0019ecd5	0x0019ece0	CONDITIONAL_JUMP	0
0x0019ecd9	0x0019ed7d	UNCONDITIONAL_JUMP	0
0x0019ece0	0xStack[-0x8c]	DATA	0
0x0019ecec	0x0019ed8c	UNCONDITIONAL_CALL	0
0x0019ecf1	0x00012854	READ	1
0x0019ecf7	0xStack[-0x78]	WRITE	0
0x0019ecff	0x001a5448	UNCONDITIONAL_CALL	0
0x0019ed0b	0x0019ed14	CONDITIONAL_JUMP	0
0x0019ed0f	0x0019ed7d	UNCONDITIONAL_JUMP	0
0x0019ed19	0x001a5448	UNCONDITIONAL_CALL	0
0x0019ed26	0x0019ed34	CONDITIONAL_JUMP	0
0x0019ed2b	0x001a5458	UNCONDITIONAL_CALL	0
0x0019ed32	0x0019ed7d	UNCONDITIONAL_JUMP	0
0x0019ed34	0x0019efa8	DATA	1
0x0019ed3a	0x0019df7c	DATA	1
0x0019ed41	0x0019efcc	DATA	1
0x0019ed48	0x0019e23c	DATA	1
0x0019ed4f	0x0019e7cc	DATA	1
0x0019ed56	0x0019f050	DATA	1
0x0019ed5d	0x0019f068	DATA	1
0x0019ed7d	0xStack[-0x98]	DATA	0
0x0019ed92	0xStack[0x4]	READ	1
0x0019ed95	0xStack[0x8]	READ	1
0x0019edca	0x0019ee90	CONDITIONAL_JUMP	0
0x0019edd0	0x0019ee54	COMPUTED_JUMP	-1
0x0019edd0	0x0019ee90	COMPUTED_JUMP	-1
0x0019edd0	0x0019ee60	COMPUTED_JUMP	-1
0x0019edd0	0x0019ee6c	COMPUTED_JUMP	-1
0x0019edd0	0x0019ee78	COMPUTED_JUMP	-1
0x0019edd0	0x0019ee84	COMPUTED_JUMP	-1
0x0019edd0	0x0019edd8	DATA	0
0x0019edd8	0x0019ee54	DATA	0
0x0019eddc	0x0019ee90	DATA	0
0x0019ede0	0x0019ee90	DATA	0
0x0019ede4	0x0019ee90	DATA	0
0x0019ede8	0x0019ee90	DATA	0
0x0019edec	0x0019ee90	DATA	0
0x0019edf0	0x0019ee60	DATA	0
0x0019edf4	0x0019ee90	DATA	0
0x0019edf8	0x0019ee90	DATA	0
0x0019edfc	0x0019ee90	DATA	0
0x0019ee00	0x0019ee6c	DATA	0
0x0019ee04	0x0019ee90	DATA	0
0x0019ee08	0x0019ee90	DATA	0
0x0019ee0c	0x0019ee78	DATA	0
0x0019ee10	0x0019ee78	DATA	0
0x0019ee14	0x0019ee90	DATA	0
0x0019ee18	0x0019ee90	DATA	0
0x0019ee1c	0x0019ee90	DATA	0
0x0019ee20	0x0019ee90	DATA	0
0x0019ee24	0x0019ee90	DATA	0
0x0019ee28	0x0019ee90	DATA	0
0x0019ee2c	0x0019ee90	DATA	0
0x0019ee30	0x0019ee84	DATA	0
0x0019ee34	0x0019ee90	DATA	0
0x0019ee38	0x0019ee90	DATA	0
0x0019ee3c	0x0019ee90	DATA	0
0x0019ee40	0x0019ee90	DATA	0
0x0019ee44	0x0019ee90	DATA	0
0x0019ee48	0x0019ee90	DATA	0
0x0019ee4c	0x0019ee90	DATA	0
0x0019ee50	0x0019ee84	DATA	0
0x0019ee5b	0x0019ee9c	UNCONDITIONAL_JUMP	0
0x0019ee67	0x0019ee9c	UNCONDITIONAL_JUMP	0
0x0019ee73	0x0019ee9c	UNCONDITIONAL_JUMP	0
0x0019ee7f	0x0019ee9c	UNCONDITIONAL_JUMP	0
0x0019ee8b	0x0019ee9c	UNCONDITIONAL_JUMP	0
0x0019ee97	0x0019ef9d	UNCONDITIONAL_JUMP	0
0x0019eea0	0x0019ef64	CONDITIONAL_JUMP	0
0x0019eeb1	0x0019eed4	CONDITIONAL_JUMP	0
0x0019eeb9	0x0019ef82	CONDITIONAL_JUMP	0
0x0019eecc	0x0019eec0	CONDITIONAL_JUMP	0
0x0019eece	0x0019ef82	UNCONDITIONAL_JUMP	0
0x0019eeda	0x0019eeea	CONDITIONAL_JUMP	0
0x0019eee8	0x0019eedc	CONDITIONAL_JUMP	0
0x0019eefd	0x0019ef12	CONDITIONAL_JUMP	0
0x0019ef10	0x0019ef00	CONDITIONAL_JUMP	0
0x0019ef25	0x0019ef3a	CONDITIONAL_JUMP	0
0x0019ef38	0x0019ef28	CONDITIONAL_JUMP	0
0x0019ef4d	0x0019ef82	CONDITIONAL_JUMP	0
0x0019ef60	0x0019ef50	CONDITIONAL_JUMP	0
0x0019ef62	0x0019ef82	UNCONDITIONAL_JUMP	0
0x0019ef71	0x0019ef82	CONDITIONAL_JUMP	0
0x0019ef80	0x0019ef74	CONDITIONAL_JUMP	0
0x0019ef9d	0xStack[-0x10]	DATA	0
0x0019efac	0xStack[0x4]	READ	1
0x0019efb8	0x001a5458	UNCONDITIONAL_CALL	0
0x0019efc0	0x001a5458	UNCONDITIONAL_CALL	0
0x0019efc5	0xStack[-0x8]	READ	1
0x0019efd5	0xStack[0x4]	READ	1
0x0019efe0	0x0019eff4	CONDITIONAL_JUMP	0
0x0019efe3	0x001e4810	DATA	0
0x0019efe8	0x001a5514	UNCONDITIONAL_CALL	0
0x0019eff2	0x0019f044	UNCONDITIONAL_JUMP	0
0x0019f008	0x0019f02f	CONDITIONAL_JUMP	0
0x0019f015	0xStack[-0x8]	WRITE	0
0x0019f018	0x00101504	UNCONDITIONAL_CALL	0
0x0019f020	0xStack[-0x8]	READ	1
0x0019f02d	0x0019f00c	CONDITIONAL_JUMP	0
0x0019f03d	0x001a5458	UNCONDITIONAL_CALL	0
0x0019f044	0xStack[-0x14]	DATA	0
0x0019f053	0xStack[0x4]	READ	1
0x0019f056	0xStack[0x8]	READ	1
0x0019f05f	0x0019bfa0	UNCONDITIONAL_CALL	0
0x0019f06b	0xStack[0x4]	READ	1
0x0019f06e	0xStack[0x8]	READ	1
0x0019f0a3	0x001f94f4	READ	1
0x0019f0a9	0x00202f38	DATA	0
0x0019f0ae	0x001ce960	UNCONDITIONAL_CALL	0
0x0019f0bc	0xStack[0x4]	READ	1
0x0019f0bf	0x001f9220	READ	1
0x0019f0c5	0x00201928	DATA	0
0x0019f0cd	0x001ce960	UNCONDITIONAL_CALL	0
0x0019f0dd	0x0019f0ef	CONDITIONAL_JUMP	0
0x0019f0df	0x001f921c	READ	1
0x0019f0e5	0x00201920	DATA	0
0x0019f0e7	0x001ce960	UNCONDITIONAL_CALL	0
0x0019f0f6	0x001d554a	DATA	0
0x0019f0fb	0x001f94e4	READ	1
0x0019f101	0x00202f68	DATA	0
0x0019f102	0x001f9210	READ	1
0x0019f108	0x00201900	DATA	0
0x0019f109	0x001f9da8	READ	1
0x0019f10f	0x001fe5af	DATA	0
0x0019f110	0x001ce960	UNCONDITIONAL_CALL	0
0x0019f119	0x001ce960	UNCONDITIONAL_CALL	0
0x0019f125	0x001f94e8	READ	1
0x0019f12b	0x00202f8c	DATA	0
0x0019f12d	0x001ce960	UNCONDITIONAL_CALL	0
0x0019f15d	0x001f9474	READ	1
0x0019f163	0x00202be8	DATA	0
0x0019f16b	0x001ce960	UNCONDITIONAL_CALL	0
0x0019f172	0xStack[-0x8]	READ	1
0x0019f180	0xStack[0x4]	READ	1
0x0019f18a	0x0019f1a1	CONDITIONAL_JUMP	0
0x0019f18d	0x0019f0a0	DATA	0
0x0019f192	0x001604fc	UNCONDITIONAL_CALL	0
0x0019f1a8	0x0019f1b3	CONDITIONAL_JUMP	0
0x0019f1b1	0x0019f1d5	CONDITIONAL_JUMP	0
0x0019f1c4	0x0019f0a0	DATA	0
0x0019f1c9	0x001604e0	UNCONDITIONAL_CALL	0
0x0019f1d7	0xStack[-0x8]	READ	1
0x0019f1e8	0xStack[0x4]	READ	1
0x0019f1eb	0xStack[-0xc]	DATA	0
0x0019f1ef	0x001a54f8	UNCONDITIONAL_CALL	0
0x0019f1f4	0x001f9220	READ	1
0x0019f1fa	0x00201928	DATA	0
0x0019f202	0x001ce960	UNCONDITIONAL_CALL	0
0x0019f211	0x0019f2b0	CONDITIONAL_JUMP	0
0x0019f22d	0x0019f238	CONDITIONAL_JUMP	0
0x0019f236	0x0019f29c	CONDITIONAL_JUMP	0
0x0019f23e	0xStack[-0x8]	READ	1
0x0019f243	0x0019f29c	CONDITIONAL_JUMP	0
0x0019f245	0x0019f24c	CONDITIONAL_JUMP	0
0x0019f247	0xStack[-0xc]	READ	0
0x0019f24a	0x0019f29c	CONDITIONAL_JUMP	0
0x0019f24c	0xStack[-0xc]	READ	1
0x0019f24f	0xStack[-0x8]	READ	1
0x0019f26e	0x001f94ec	READ	1
0x0019f274	0x00202f9c	DATA	0
0x0019f27c	0x001ce960	UNCONDITIONAL_CALL	0
0x0019f2a3	0x001f94f0	READ	1
0x0019f2a9	0x00202f44	DATA	0
0x0019f2ab	0x001ce960	UNCONDITIONAL_CALL	0
0x0019f2b0	0x001f9474	READ	1
0x0019f2b6	0x00202be8	DATA	0
0x0019f2be	0x001ce960	UNCONDITIONAL_CALL	0
0x0019f2c5	0xStack[-0x14]	DATA	0
0x0019f2d5	0xStack[0x4]	READ	1
0x0019f2d8	0xStack[0xc]	READ	1
0x0019f2db	0xStack[0x10]	READ	1
0x0019f2e5	0x0019f350	CONDITIONAL_JUMP	0
0x0019f2ea	0x0019f318	CONDITIONAL_JUMP	0
0x0019f316	0x0019f343	UNCONDITIONAL_JUMP	0
0x0019f31b	0x0019f350	CONDITIONAL_JUMP	0
0x0019f323	0x0019f350	CONDITIONAL_JUMP	0
0x0019f343	0x001f94f0	READ	1
0x0019f349	0x00202f44	DATA	0
0x0019f34b	0x001ce960	UNCONDITIONAL_CALL	0
0x0019f352	0xStack[-0xc]	DATA	0
0x0019f360	0xStack[0x4]	READ	1
0x0019f36a	0x001e4890	DATA	0
0x0019f36f	0x001a3d0c	UNCONDITIONAL_CALL	0
0x0019f379	0x0019f398	CONDITIONAL_JUMP	0
0x0019f37c	0x001f9490	READ	1
0x0019f382	0x00202c38	DATA	0
0x0019f384	0x001ce960	UNCONDITIONAL_CALL	0
0x0019f38a	0x001e489c	DATA	0
0x0019f38f	0x001a5514	UNCONDITIONAL_CALL	0
0x0019f396	0x0019f39a	UNCONDITIONAL_JUMP	0
0x0019f39a	0xStack[-0x8]	READ	1
0x0019f3aa	0xStack[0x4]	READ	1
0x0019f3ad	0xStack[0xc]	READ	1
0x0019f3b0	0xStack[0x14]	READ	1
0x0019f3c9	0xStack[0x24]	READ	1
0x0019f3cd	0xStack[0x20]	READ	1
0x0019f3d1	0xStack[0x1c]	READ	1
0x0019f3d5	0xStack[0x18]	READ	1
0x0019f3da	0xStack[0x10]	READ	1
0x0019f3e5	0x001f94fc	READ	1
0x0019f3eb	0x00202fc8	DATA	0
0x0019f3ec	0x001f94f8	READ	1
0x0019f3f2	0x00202fc0	DATA	0
0x0019f3f4	0x001ce960	UNCONDITIONAL_CALL	0
0x0019f3fd	0x001ce960	UNCONDITIONAL_CALL	0
0x0019f407	0x001f9500	READ	1
0x0019f40d	0x00202f24	DATA	0
0x0019f40f	0x001ce960	UNCONDITIONAL_CALL	0
0x0019f414	0xStack[-0x10]	DATA	0
0x0019f426	0xStack[0x4]	READ	1
0x0019f429	0xStack[0x14]	READ	1
0x0019f42c	0xStack[0x18]	READ	1
0x0019f43f	0xStack[0x10]	READ	1
0x0019f449	0xStack[0xc]	READ	1
0x0019f44d	0x001f9504	READ	1
0x0019f453	0x00203028	DATA	0
0x0019f454	0x001f94f8	READ	1
0x0019f45a	0x00202fc0	DATA	0
0x0019f45c	0x001ce960	UNCONDITIONAL_CALL	0
0x0019f465	0x001ce960	UNCONDITIONAL_CALL	0
0x0019f470	0x0019f484	CONDITIONAL_JUMP	0
0x0019f473	0xStack[0xc]	READ	1
0x0019f477	0x001f9500	READ	1
0x0019f47d	0x00202f24	DATA	0
0x0019f47f	0x001ce960	UNCONDITIONAL_CALL	0
0x0019f484	0xStack[-0x10]	DATA	0
0x0019f493	0xStack[0xc]	READ	1
0x0019f497	0x001f9508	READ	1
0x0019f49d	0x00202e80	DATA	0
0x0019f49e	0x001f94f8	READ	1
0x0019f4a4	0x00202fc0	DATA	0
0x0019f4a5	0xStack[0x4]	READ	1
0x0019f4a9	0x001ce960	UNCONDITIONAL_CALL	0
0x0019f4b2	0x001ce960	UNCONDITIONAL_CALL	0
0x0019f4bf	0xStack[0x4]	READ	1
0x0019f4cf	0xStack[0x4]	READ	1
0x0019f4df	0xStack[0x4]	READ	1
0x0019f4e2	0xStack[0xc]	READ	1
0x0019f4f3	0xStack[0x4]	READ	1
0x0019f508	0xStack[0x4]	READ	1
0x0019f50b	0xStack[0xc]	READ	1
0x0019f518	0x001f950c	READ	1
0x0019f51e	0x00203060	DATA	0
0x0019f526	0x001ce960	UNCONDITIONAL_CALL	0
0x0019f52d	0xStack[-0x8]	READ	1
0x0019f537	0xStack[0x4]	READ	1
0x0019f54b	0xStack[0x4]	READ	1
0x0019f54e	0xStack[0xc]	READ	1
0x0019f561	0xStack[0x4]	READ	1
0x0019f564	0xStack[0xc]	READ	1
0x0019f57e	0x0019f639	CONDITIONAL_JUMP	0
0x0019f587	0x0019f5b8	CONDITIONAL_JUMP	0
0x0019f589	0x0019f598	CONDITIONAL_JUMP	0
0x0019f58e	0x0019f5d0	CONDITIONAL_JUMP	0
0x0019f593	0x0019f5b0	CONDITIONAL_JUMP	0
0x0019f595	0x0019f5d8	UNCONDITIONAL_JUMP	0
0x0019f59b	0x0019f5d0	CONDITIONAL_JUMP	0
0x0019f59d	0x0019f5a8	CONDITIONAL_JUMP	0
0x0019f5a2	0x0019f5c0	CONDITIONAL_JUMP	0
0x0019f5a4	0x0019f5d8	UNCONDITIONAL_JUMP	0
0x0019f5ab	0x0019f5c8	CONDITIONAL_JUMP	0
0x0019f5ad	0x0019f5d8	UNCONDITIONAL_JUMP	0
0x0019f5b5	0x0019f5da	UNCONDITIONAL_JUMP	0
0x0019f5bd	0x0019f5da	UNCONDITIONAL_JUMP	0
0x0019f5c5	0x0019f5da	UNCONDITIONAL_JUMP	0
0x0019f5cd	0x0019f5da	UNCONDITIONAL_JUMP	0
0x0019f5d5	0x0019f5da	UNCONDITIONAL_JUMP	0
0x0019f5de	0x0019f5e8	CONDITIONAL_JUMP	0
0x0019f5e6	0x0019f5f0	UNCONDITIONAL_JUMP	0
0x0019f5f0	0x001f9220	READ	1
0x0019f5f6	0x00201928	DATA	0
0x0019f5fe	0x001ce960	UNCONDITIONAL_CALL	0
0x0019f613	0x001f94ec	READ	1
0x0019f619	0x00202f9c	DATA	0
0x0019f621	0x001ce960	UNCONDITIONAL_CALL	0
0x0019f626	0x001f9474	READ	1
0x0019f62c	0x00202be8	DATA	0
0x0019f634	0x001ce960	UNCONDITIONAL_CALL	0
0x0019f639	0xStack[-0xc]	DATA	0
0x0019f649	0xStack[0x4]	READ	1
0x0019f64c	0x001f9220	READ	1
0x0019f652	0x00201928	DATA	0
0x0019f653	0x001f9510	READ	1
0x0019f659	0x00203078	DATA	0
0x0019f65b	0x001ce960	UNCONDITIONAL_CALL	0
0x0019f664	0x001ce960	UNCONDITIONAL_CALL	0
0x0019f669	0x001f94f8	READ	1
0x0019f66f	0x00202fc0	DATA	0
0x0019f671	0x001ce960	UNCONDITIONAL_CALL	0
0x0019f67b	0x0019f688	CONDITIONAL_JUMP	0
0x0019f686	0x0019f68d	UNCONDITIONAL_JUMP	0
0x0019f68d	0x001f9474	READ	1
0x0019f693	0x00202be8	DATA	0
0x0019f694	0x001f9510	READ	1
0x0019f69a	0x00203078	DATA	0
0x0019f69c	0x001ce960	UNCONDITIONAL_CALL	0
0x0019f6a5	0x001ce960	UNCONDITIONAL_CALL	0
0x0019f6ac	0xStack[-0xc]	DATA	0
0x0019f6bd	0xStack[0x4]	READ	1
0x0019f6c0	0xStack[0xc]	READ	1
0x0019f6c4	0x001f9494	READ	1
0x0019f6ca	0x00202c4c	DATA	0
0x0019f6cc	0x001ce960	UNCONDITIONAL_CALL	0
0x0019f6d6	0x0019f718	CONDITIONAL_JUMP	0
0x0019f6d9	0x001f9490	READ	1
0x0019f6df	0x00202c38	DATA	0
0x0019f6e1	0x001ce960	UNCONDITIONAL_CALL	0
0x0019f6e7	0x001f9228	READ	1
0x0019f6ed	0x0020193c	DATA	0
0x0019f6ef	0x001ce960	UNCONDITIONAL_CALL	0
0x0019f6f8	0x001f9228	READ	1
0x0019f6fe	0x0020193c	DATA	0
0x0019f700	0x001ce960	UNCONDITIONAL_CALL	0
0x0019f709	0x001e48c7	DATA	0
0x0019f70e	0x001a5514	UNCONDITIONAL_CALL	0
0x0019f713	0x0019f71f	UNCONDITIONAL_JUMP	0
0x0019f71f	0xStack[-0xc]	DATA	0
0x0019f72f	0xStack[0x4]	READ	1
0x0019f732	0x001f9220	READ	1
0x0019f738	0x00201928	DATA	0
0x0019f740	0x001ce960	UNCONDITIONAL_CALL	0
0x0019f745	0x001f924c	READ	1
0x0019f74b	0x00201a24	DATA	0
0x0019f74c	0xStack[-0xc]	WRITE	0
0x0019f74f	0x001fa040	READ	1
0x0019f755	0x001fe546	DATA	1
0x0019f755	0xStack[-0x8]	WRITE	0
0x0019f758	0xStack[-0xc]	DATA	0
0x0019f75c	0x001cea70	UNCONDITIONAL_CALL	0
0x0019f76c	0x0019f77e	CONDITIONAL_JUMP	0
0x0019f76e	0x001f921c	READ	1
0x0019f774	0x00201920	DATA	0
0x0019f776	0x001ce960	UNCONDITIONAL_CALL	0
0x0019f785	0x001d554a	DATA	0
0x0019f78a	0x001f94e4	READ	1
0x0019f790	0x00202f68	DATA	0
0x0019f791	0x001f9210	READ	1
0x0019f797	0x00201900	DATA	0
0x0019f798	0x001f9da8	READ	1
0x0019f79e	0x001fe5af	DATA	0
0x0019f79f	0x001ce960	UNCONDITIONAL_CALL	0
0x0019f7a8	0x001ce960	UNCONDITIONAL_CALL	0
0x0019f7b4	0x001f94e8	READ	1
0x0019f7ba	0x00202f8c	DATA	0
0x0019f7bc	0x001ce960	UNCONDITIONAL_CALL	0
0x0019f7c4	0x001f9514	READ	1
0x0019f7ca	0x00202f14	DATA	0
0x0019f7cc	0x001ce960	UNCONDITIONAL_CALL	0
0x0019f7f9	0x001f9474	READ	1
0x0019f7ff	0x00202be8	DATA	0
0x0019f807	0x001ce960	UNCONDITIONAL_CALL	0
0x0019f80e	0xStack[-0x10]	READ	1
0x0019f81b	0x001e488c	READ	1
0x0019f822	0x0019f8bc	CONDITIONAL_JUMP	0
0x0019f828	0x001f9210	READ	1
0x0019f82e	0x00201900	DATA	0
0x0019f82f	0xStack[0x4]	READ	1
0x0019f833	0x001ce960	UNCONDITIONAL_CALL	0
0x0019f838	0x001e488c	WRITE	0
0x0019f83d	0x001f9468	READ	1
0x0019f843	0x00202a84	DATA	0
0x0019f844	0x001f9da4	READ	1
0x0019f84a	0x001fe4a1	DATA	0
0x0019f84b	0x001ce960	UNCONDITIONAL_CALL	0
0x0019f852	0x001e488c	READ	1
0x0019f85d	0x001e48ea	DATA	0
0x0019f862	0x001f947c	READ	1
0x0019f868	0x00202bfc	DATA	0
0x0019f86a	0x001ce960	UNCONDITIONAL_CALL	0
0x0019f86f	0x001e48fe	DATA	0
0x0019f874	0x001f9480	READ	1
0x0019f87a	0x00202c08	DATA	0
0x0019f87b	0x001e488c	READ	1
0x0019f882	0x001ce960	UNCONDITIONAL_CALL	0
0x0019f88a	0x001f924c	READ	1
0x0019f890	0x00201a24	DATA	0
0x0019f891	0x001e488c	READ	1
0x0019f898	0x001ce960	UNCONDITIONAL_CALL	0
0x0019f8a2	0x0019f8b7	CONDITIONAL_JUMP	0
0x0019f8a4	0x001f921c	READ	1
0x0019f8aa	0x00201920	DATA	0
0x0019f8ab	0x001e488c	READ	1
0x0019f8b2	0x001ce960	UNCONDITIONAL_CALL	0
0x0019f8b7	0x001e488c	READ	1
0x0019f8c8	0xStack[0x4]	READ	1
0x0019f8d1	0x001f9220	READ	1
0x0019f8d7	0x00201928	DATA	0
0x0019f8d9	0x001ce960	UNCONDITIONAL_CALL	0
0x0019f8de	0x001e488c	WRITE	0
0x0019f8fd	0x0019f90f	CONDITIONAL_JUMP	0
0x0019f8ff	0x001f921c	READ	1
0x0019f905	0x00201920	DATA	0
0x0019f907	0x001ce960	UNCONDITIONAL_CALL	0
0x0019f917	0x0019f92a	CONDITIONAL_JUMP	0
0x0019f91a	0x001f9518	READ	1
0x0019f920	0x00202dbc	DATA	0
0x0019f922	0x001ce960	UNCONDITIONAL_CALL	0
0x0019f92a	0x001f9474	READ	1
0x0019f930	0x00202be8	DATA	0
0x0019f932	0x001ce960	UNCONDITIONAL_CALL	0
0x0019f937	0x001f921c	READ	1
0x0019f93d	0x00201920	DATA	0
0x0019f93f	0x001ce960	UNCONDITIONAL_CALL	0
0x0019f944	0x001f921c	READ	1
0x0019f94a	0x00201920	DATA	0
0x0019f94b	0xStack[-0xc]	WRITE	0
0x0019f94e	0x001fa040	READ	1
0x0019f954	0x001fe546	DATA	1
0x0019f954	0xStack[-0x8]	WRITE	0
0x0019f957	0xStack[-0xc]	DATA	0
0x0019f95b	0x001cea70	UNCONDITIONAL_CALL	0
0x0019f960	0xStack[-0x14]	DATA	0
0x0019f975	0xStack[0xc]	READ	1
0x0019f978	0xStack[0x10]	READ	1
0x0019f980	0xStack[0x14]	READ	1
0x0019f985	0xStack[-0x18]	WRITE	0
0x0019f988	0xStack[-0x20]	WRITE	0
0x0019f98b	0x001e4911	DATA	1
0x0019f990	0xStack[-0x1c]	WRITE	0
0x0019f999	0xStack[-0x1c]	READ	1
0x0019f99f	0x001e4911	READ	0
0x0019f99f	0x001e4912	READ	0
0x0019f9a1	0x0019fa34	CONDITIONAL_JUMP	0
0x0019f9a7	0xStack[-0x18]	READ	0
0x0019f9ab	0x0019fb51	CONDITIONAL_JUMP	0
0x0019f9b1	0xStack[0x14]	READ	1
0x0019f9ba	0x001f9220	READ	1
0x0019f9c0	0x00201928	DATA	0
0x0019f9c1	0xStack[0x4]	READ	1
0x0019f9cb	0x001ce960	UNCONDITIONAL_CALL	0
0x0019f9d3	0xStack[0x4]	READ	1
0x0019f9dc	0xStack[-0xc]	WRITE	0
0x0019f9e5	0xStack[-0x8]	WRITE	0
0x0019f9ec	0xStack[-0x8]	DATA	1
0x0019f9f7	0x0019f9ec	CONDITIONAL_JUMP	0
0x0019f9fc	0xStack[0x4]	READ	1
0x0019fa05	0xStack[-0xc]	WRITE	0
0x0019fa0e	0xStack[-0x8]	WRITE	0
0x0019fa14	0xStack[-0x8]	DATA	1
0x0019fa1f	0x0019fa14	CONDITIONAL_JUMP	0
0x0019fa21	0x001f9474	READ	1
0x0019fa27	0x00202be8	DATA	0
0x0019fa28	0xStack[0x4]	READ	1
0x0019fa32	0x0019faab	UNCONDITIONAL_JUMP	0
0x0019fa36	0x001e4926	DATA	1
0x0019fa43	0x001e4926	READ	0
0x0019fa43	0x001e4927	READ	0
0x0019fa45	0x0019fab8	CONDITIONAL_JUMP	0
0x0019fa47	0xStack[-0x18]	READ	0
0x0019fa4b	0x0019fb51	CONDITIONAL_JUMP	0
0x0019fa51	0xStack[0x14]	READ	1
0x0019fa5a	0x001f9220	READ	1
0x0019fa60	0x00201928	DATA	0
0x0019fa61	0xStack[0x4]	READ	1
0x0019fa6b	0x001ce960	UNCONDITIONAL_CALL	0
0x0019fa73	0xStack[0x4]	READ	1
0x0019fa7e	0x0019fa88	CONDITIONAL_JUMP	0
0x0019fa86	0x0019fa9a	UNCONDITIONAL_JUMP	0
0x0019fa88	0x001f951c	READ	1
0x0019fa8e	0x00203084	DATA	0
0x0019fa90	0x001ce960	UNCONDITIONAL_CALL	0
0x0019fa9a	0x001f9474	READ	1
0x0019faa0	0x00202be8	DATA	0
0x0019faa1	0xStack[0x4]	READ	1
0x0019faab	0x001ce960	UNCONDITIONAL_CALL	0
0x0019fab2	0x0019fb51	UNCONDITIONAL_JUMP	0
0x0019faba	0x001e4942	DATA	1
0x0019fac7	0x001e4942	READ	0
0x0019fac7	0x001e4943	READ	0
0x0019fac9	0x0019fb20	CONDITIONAL_JUMP	0
0x0019facb	0xStack[0x14]	READ	1
0x0019fad4	0x001f9520	READ	1
0x0019fada	0x00203098	DATA	0
0x0019fadb	0xStack[0x4]	READ	1
0x0019fae5	0x001ce960	UNCONDITIONAL_CALL	0
0x0019fafa	0x001f9524	READ	1
0x0019fb00	0x002030a4	DATA	0
0x0019fb01	0xStack[0x4]	READ	1
0x0019fb0b	0x001ce960	UNCONDITIONAL_CALL	0
0x0019fb13	0xStack[0x14]	READ	1
0x0019fb1e	0x0019fb51	UNCONDITIONAL_JUMP	0
0x0019fb20	0xStack[0x14]	READ	1
0x0019fb26	0x001f9528	READ	1
0x0019fb2c	0x00202e1c	DATA	0
0x0019fb2d	0xStack[0x4]	READ	1
0x0019fb30	0xStack[-0x14]	WRITE	0
0x0019fb33	0x001fa040	READ	1
0x0019fb39	0x001fe546	DATA	1
0x0019fb39	0xStack[-0x10]	WRITE	0
0x0019fb3c	0xStack[-0x14]	DATA	0
0x0019fb40	0x001cea70	UNCONDITIONAL_CALL	0
0x0019fb4a	0x0019fb51	CONDITIONAL_JUMP	0
0x0019fb51	0xStack[-0x2c]	DATA	0
0x0019fb65	0xStack[0x10]	READ	1
0x0019fb68	0xStack[0x14]	READ	1
0x0019fb6d	0xStack[-0x10]	WRITE	0
0x0019fb72	0x001e4956	DATA	1
0x0019fb77	0xStack[-0x14]	WRITE	0
0x0019fb7e	0xStack[-0x14]	READ	1
0x0019fb84	0x001e4956	READ	0
0x0019fb84	0x001e4957	READ	0
0x0019fb86	0x0019fc1c	CONDITIONAL_JUMP	0
0x0019fb8c	0x001f9220	READ	1
0x0019fb92	0x00201928	DATA	0
0x0019fb93	0xStack[0x4]	READ	1
0x0019fb9d	0x001ce960	UNCONDITIONAL_CALL	0
0x0019fba5	0xStack[0x4]	READ	1
0x0019fbb0	0x0019fbfc	CONDITIONAL_JUMP	0
0x0019fbb2	0x001f951c	READ	1
0x0019fbb8	0x00203084	DATA	0
0x0019fbba	0x001ce960	UNCONDITIONAL_CALL	0
0x0019fbc2	0xStack[-0x10]	READ	0
0x0019fbc5	0x0019fbca	CONDITIONAL_JUMP	0
0x0019fbc7	0xStack[-0x10]	READ	1
0x0019fbcd	0xStack[0xc]	READ	1
0x0019fbd3	0x001f952c	READ	1
0x0019fbd9	0x002030b0	DATA	0
0x0019fbda	0xStack[0x4]	READ	1
0x0019fbe4	0x001ce960	UNCONDITIONAL_CALL	0
0x0019fbed	0x001013cc	UNCONDITIONAL_CALL	0
0x0019fbf7	0x0019fc01	UNCONDITIONAL_JUMP	0
0x0019fc01	0x001f9474	READ	1
0x0019fc07	0x00202be8	DATA	0
0x0019fc08	0xStack[0x4]	READ	1
0x0019fc12	0x001ce960	UNCONDITIONAL_CALL	0
0x0019fc17	0x0019fc50	UNCONDITIONAL_JUMP	0
0x0019fc1e	0xStack[0xc]	READ	1
0x0019fc22	0x001f9530	READ	1
0x0019fc28	0x00202df8	DATA	0
0x0019fc29	0xStack[0x4]	READ	1
0x0019fc2c	0xStack[-0xc]	WRITE	0
0x0019fc2f	0x001fa040	READ	1
0x0019fc35	0x001fe546	DATA	1
0x0019fc35	0xStack[-0x8]	WRITE	0
0x0019fc38	0xStack[-0xc]	DATA	0
0x0019fc3c	0x001cea70	UNCONDITIONAL_CALL	0
0x0019fc49	0x0019fc50	CONDITIONAL_JUMP	0
0x0019fc52	0xStack[-0x20]	DATA	0
0x0019fc65	0xStack[0x4]	READ	1
0x0019fc68	0xStack[0x10]	READ	1
0x0019fc70	0xStack[-0x1c]	WRITE	0
0x0019fc73	0x001e496c	DATA	1
0x0019fc78	0xStack[-0x18]	WRITE	0
0x0019fc81	0xStack[-0x18]	READ	1
0x0019fc87	0x001e496c	READ	0
0x0019fc87	0x001e496d	READ	0
0x0019fc89	0x0019fd14	CONDITIONAL_JUMP	0
0x0019fc8f	0xStack[0x14]	READ	0
0x0019fc93	0x0019fe01	CONDITIONAL_JUMP	0
0x0019fc99	0x001f9220	READ	1
0x0019fc9f	0x00201928	DATA	0
0x0019fca7	0x001ce960	UNCONDITIONAL_CALL	0
0x0019fcb8	0xStack[0xc]	READ	1
0x0019fcbe	0xStack[-0x8]	DATA	0
0x0019fcc6	0x0019fcb8	CONDITIONAL_JUMP	0
0x0019fcc8	0xStack[-0xc]	READ	1
0x0019fccb	0xStack[-0x8]	READ	1
0x0019fcdb	0x0019fcff	CONDITIONAL_JUMP	0
0x0019fcdd	0x0019fceb	CONDITIONAL_JUMP	0
0x0019fce9	0x0019fcff	CONDITIONAL_JUMP	0
0x0019fcff	0x001f9474	READ	1
0x0019fd05	0x00202be8	DATA	0
0x0019fd0c	0x0019fdc6	UNCONDITIONAL_JUMP	0
0x0019fd16	0x001e497d	DATA	1
0x0019fd23	0x001e497d	READ	0
0x0019fd23	0x001e497e	READ	0
0x0019fd25	0x0019fdac	CONDITIONAL_JUMP	0
0x0019fd2b	0xStack[0x14]	READ	0
0x0019fd2f	0x0019fe01	CONDITIONAL_JUMP	0
0x0019fd35	0x001f9220	READ	1
0x0019fd3b	0x00201928	DATA	0
0x0019fd43	0x001ce960	UNCONDITIONAL_CALL	0
0x0019fd54	0xStack[0xc]	READ	1
0x0019fd5a	0xStack[-0x8]	DATA	0
0x0019fd62	0x0019fd54	CONDITIONAL_JUMP	0
0x0019fd64	0xStack[-0xc]	READ	1
0x0019fd67	0xStack[-0x8]	READ	1
0x0019fd77	0x0019fd9b	CONDITIONAL_JUMP	0
0x0019fd79	0x0019fd87	CONDITIONAL_JUMP	0
0x0019fd85	0x0019fd9b	CONDITIONAL_JUMP	0
0x0019fd9b	0x001f9474	READ	1
0x0019fda1	0x00202be8	DATA	0
0x0019fda8	0x0019fdc6	UNCONDITIONAL_JUMP	0
0x0019fdae	0x001e4995	DATA	1
0x0019fdbb	0x001e4995	READ	0
0x0019fdbb	0x001e4996	READ	0
0x0019fdbd	0x0019fdd0	CONDITIONAL_JUMP	0
0x0019fdbf	0x001f9534	READ	1
0x0019fdc5	0x00202f58	DATA	0
0x0019fdc7	0x001ce960	UNCONDITIONAL_CALL	0
0x0019fdce	0x0019fe01	UNCONDITIONAL_JUMP	0
0x0019fdd0	0xStack[0x14]	READ	1
0x0019fdd5	0xStack[0xc]	READ	1
0x0019fdd9	0x001f94bc	READ	1
0x0019fddf	0x00202a88	DATA	0
0x0019fde0	0xStack[-0x14]	WRITE	0
0x0019fde3	0x001fa040	READ	1
0x0019fde9	0x001fe546	DATA	1
0x0019fde9	0xStack[-0x10]	WRITE	0
0x0019fdec	0xStack[-0x14]	DATA	0
0x0019fdf0	0x001cea70	UNCONDITIONAL_CALL	0
0x0019fdfa	0x0019fe01	CONDITIONAL_JUMP	0
0x0019fe01	0xStack[-0x28]	DATA	0
0x0019fe15	0xStack[0x10]	READ	1
0x0019fe1f	0x001e49a7	DATA	1
0x0019fe24	0xStack[-0x10]	WRITE	0
0x0019fe2b	0xStack[-0x10]	READ	1
0x0019fe31	0x001e49a7	READ	0
0x0019fe31	0x001e49a8	READ	0
0x0019fe33	0x0019ff04	CONDITIONAL_JUMP	0
0x0019fe39	0xStack[0x14]	READ	1
0x0019fe3d	0x001a5448	UNCONDITIONAL_CALL	0
0x0019fe44	0xStack[0x14]	READ	1
0x0019fe49	0xStack[0xc]	READ	1
0x0019fe4d	0x001013cc	UNCONDITIONAL_CALL	0
0x0019fe52	0x001f9220	READ	1
0x0019fe58	0x00201928	DATA	0
0x0019fe59	0xStack[0x4]	READ	1
0x0019fe63	0x001ce960	UNCONDITIONAL_CALL	0
0x0019fe68	0xStack[0x4]	READ	1
0x0019fe73	0xStack[0x14]	READ	1
0x0019fe78	0x001f94e4	READ	1
0x0019fe7e	0x00202f68	DATA	0
0x0019fe7f	0x001f9210	READ	1
0x0019fe85	0x00201900	DATA	0
0x0019fe86	0x001f9da8	READ	1
0x0019fe8c	0x001fe5af	DATA	0
0x0019fe8d	0x001ce960	UNCONDITIONAL_CALL	0
0x0019fe96	0x001ce960	UNCONDITIONAL_CALL	0
0x0019fe9b	0xStack[0x4]	READ	1
0x0019fea9	0x0019fee0	CONDITIONAL_JUMP	0
0x0019fead	0x0019febf	CONDITIONAL_JUMP	0
0x0019feaf	0x001f921c	READ	1
0x0019feb5	0x00201920	DATA	0
0x0019feb7	0x001ce960	UNCONDITIONAL_CALL	0
0x0019febf	0xStack[0x4]	READ	1
0x0019fec3	0x001f94e8	READ	1
0x0019fec9	0x00202f8c	DATA	0
0x0019fed1	0x001ce960	UNCONDITIONAL_CALL	0
0x0019fedb	0x0019fee9	UNCONDITIONAL_JUMP	0
0x0019fee0	0xStack[0x4]	READ	1
0x0019fee9	0x001f9474	READ	1
0x0019feef	0x00202be8	DATA	0
0x0019fef0	0xStack[0x4]	READ	1
0x0019fefa	0x001ce960	UNCONDITIONAL_CALL	0
0x0019feff	0x0019ff3b	UNCONDITIONAL_JUMP	0
0x0019ff04	0xStack[0x14]	READ	1
0x0019ff09	0xStack[0xc]	READ	1
0x0019ff0d	0x001f9538	READ	1
0x0019ff13	0x00202dd4	DATA	0
0x0019ff14	0xStack[0x4]	READ	1
0x0019ff17	0xStack[-0xc]	WRITE	0
0x0019ff1a	0x001fa040	READ	1
0x0019ff20	0x001fe546	DATA	1
0x0019ff20	0xStack[-0x8]	WRITE	0
0x0019ff23	0xStack[-0xc]	DATA	0
0x0019ff27	0x001cea70	UNCONDITIONAL_CALL	0
0x0019ff34	0x0019ff3b	CONDITIONAL_JUMP	0
0x0019ff3d	0xStack[-0x1c]	DATA	0
0x0019ff50	0xStack[0x4]	READ	1
0x0019ff53	0xStack[0xc]	READ	1
0x0019ff57	0x001f9518	READ	1
0x0019ff5d	0x00202dbc	DATA	0
0x0019ff5e	0xStack[-0xc]	WRITE	0
0x0019ff61	0x001fa040	READ	1
0x0019ff67	0x001fe546	DATA	1
0x0019ff67	0xStack[-0x8]	WRITE	0
0x0019ff6a	0xStack[-0xc]	DATA	0
0x0019ff6e	0x001cea70	UNCONDITIONAL_CALL	0
0x0019ff75	0x001f9220	READ	1
0x0019ff7b	0x00201928	DATA	0
0x0019ff7c	0x001f9510	READ	1
0x0019ff82	0x00203078	DATA	0
0x0019ff84	0x001ce960	UNCONDITIONAL_CALL	0
0x0019ff8d	0x001ce960	UNCONDITIONAL_CALL	0
0x0019ff97	0x0019ffcf	CONDITIONAL_JUMP	0
0x0019ff99	0x001f94f8	READ	1
0x0019ff9f	0x00202fc0	DATA	0
0x0019ffa1	0x001ce960	UNCONDITIONAL_CALL	0
0x0019ffab	0x0019ffcf	CONDITIONAL_JUMP	0
0x0019ffae	0x001f9518	READ	1
0x0019ffb4	0x00202dbc	DATA	0
0x0019ffbc	0x001ce960	UNCONDITIONAL_CALL	0
0x0019ffc6	0x0019ffcf	CONDITIONAL_JUMP	0
0x0019ffcf	0x001f9474	READ	1
0x0019ffd5	0x00202be8	DATA	0
0x0019ffd6	0x001f9510	READ	1
0x0019ffdc	0x00203078	DATA	0
0x0019ffde	0x001ce960	UNCONDITIONAL_CALL	0
0x0019ffe7	0x001ce960	UNCONDITIONAL_CALL	0
0x0019ffee	0xStack[-0x14]	DATA	0
0x001a0001	0xStack[0x4]	READ	1
0x001a0004	0xStack[0xc]	READ	1
0x001a0008	0x001f9494	READ	1
0x001a000e	0x00202c4c	DATA	0
0x001a000f	0xStack[-0xc]	WRITE	0
0x001a0012	0x001fa040	READ	1
0x001a0018	0x001fe546	DATA	1
0x001a0018	0xStack[-0x8]	WRITE	0
0x001a001b	0xStack[-0xc]	DATA	0
0x001a001f	0x001cea70	UNCONDITIONAL_CALL	0
0x001a0026	0x001f9220	READ	1
0x001a002c	0x00201928	DATA	0
0x001a002d	0x001f9510	READ	1
0x001a0033	0x00203078	DATA	0
0x001a0035	0x001ce960	UNCONDITIONAL_CALL	0
0x001a003e	0x001ce960	UNCONDITIONAL_CALL	0
0x001a0048	0x001a00b8	CONDITIONAL_JUMP	0
0x001a0051	0x001a00b8	CONDITIONAL_JUMP	0
0x001a0054	0x001f9494	READ	1
0x001a005a	0x00202c4c	DATA	0
0x001a0062	0x001ce960	UNCONDITIONAL_CALL	0
0x001a006c	0x001a0078	CONDITIONAL_JUMP	0
0x001a0075	0x001a00b8	UNCONDITIONAL_JUMP	0
0x001a0079	0x001f9498	READ	1
0x001a007f	0x00202c5c	DATA	0
0x001a0087	0x001ce960	UNCONDITIONAL_CALL	0
0x001a0091	0x001a00b8	CONDITIONAL_JUMP	0
0x001a0093	0xStack[0xc]	READ	1
0x001a0097	0x001f9518	READ	1
0x001a009d	0x00202dbc	DATA	0
0x001a009e	0xStack[-0xc]	WRITE	0
0x001a00a1	0x001fa040	READ	1
0x001a00a7	0x001fe546	DATA	1
0x001a00a7	0xStack[-0x8]	WRITE	0
0x001a00ab	0x001cea70	UNCONDITIONAL_CALL	0
0x001a00b8	0x001f9474	READ	1
0x001a00be	0x00202be8	DATA	0
0x001a00bf	0x001f9510	READ	1
0x001a00c5	0x00203078	DATA	0
0x001a00c7	0x001ce960	UNCONDITIONAL_CALL	0
0x001a00d0	0x001ce960	UNCONDITIONAL_CALL	0
0x001a00d7	0xStack[-0x18]	DATA	0
0x001a00ed	0xStack[0x4]	READ	1
0x001a00f0	0xStack[0x14]	READ	1
0x001a00f3	0xStack[0xc]	READ	1
0x001a00f8	0xStack[-0x8]	WRITE	0
0x001a00fb	0xStack[0x10]	READ	1
0x001a0100	0xStack[-0xc]	WRITE	0
0x001a0103	0xStack[-0x10]	WRITE	0
0x001a0108	0x001a010d	CONDITIONAL_JUMP	0
0x001a010a	0xStack[-0x10]	READ_WRITE	0
0x001a010d	0xStack[-0xc]	READ	1
0x001a0110	0xStack[-0x14]	WRITE	0
0x001a0115	0x001a011a	CONDITIONAL_JUMP	0
0x001a0117	0xStack[-0x14]	READ_WRITE	0
0x001a011a	0xStack[-0x10]	READ	1
0x001a011d	0xStack[-0x14]	READ	1
0x001a0122	0x001a0129	CONDITIONAL_JUMP	0
0x001a0132	0xStack[-0x18]	WRITE	0
0x001a0147	0xStack[0x18]	READ	1
0x001a014b	0xStack[-0x18]	WRITE	0
0x001a015c	0xStack[-0x1c]	WRITE	0
0x001a0168	0x001a019c	CONDITIONAL_JUMP	0
0x001a0177	0x001a018d	CONDITIONAL_JUMP	0
0x001a0186	0x001a018d	CONDITIONAL_JUMP	0
0x001a018b	0x001a017c	CONDITIONAL_JUMP	0
0x001a0195	0xStack[-0x1c]	READ	1
0x001a0199	0xStack[-0x1c]	WRITE	0
0x001a019c	0xStack[-0x8]	READ	0
0x001a01a0	0x001a01d0	CONDITIONAL_JUMP	0
0x001a01a2	0xStack[-0x8]	READ	1
0x001a01a5	0xStack[-0x1c]	READ	1
0x001a01bc	0xStack[0xc]	READ	1
0x001a01cc	0x001a01fe	UNCONDITIONAL_JUMP	0
0x001a01d0	0xStack[-0x10]	READ	1
0x001a01d3	0xStack[-0x1c]	READ	1
0x001a01e9	0xStack[0xc]	READ	1
0x001a01f4	0xStack[-0x18]	WRITE	0
0x001a0204	0xStack[-0xc]	READ	0
0x001a0208	0x001a0238	CONDITIONAL_JUMP	0
0x001a020a	0xStack[-0xc]	READ	1
0x001a020d	0xStack[-0x1c]	READ	1
0x001a0224	0xStack[0x10]	READ	1
0x001a0234	0x001a0266	UNCONDITIONAL_JUMP	0
0x001a0238	0xStack[-0x14]	READ	1
0x001a023b	0xStack[-0x1c]	READ	1
0x001a0251	0xStack[0x10]	READ	1
0x001a025c	0xStack[-0x18]	WRITE	0
0x001a026e	0xStack[-0x28]	DATA	0
0x001a027e	0xStack[0x4]	READ	1
0x001a0281	0xStack[0xc]	READ	1
0x001a0284	0xStack[0x10]	READ	1
0x001a028a	0x001a0291	CONDITIONAL_JUMP	0
0x001a0291	0x001f9220	READ	1
0x001a0297	0x00201928	DATA	0
0x001a029f	0x001ce960	UNCONDITIONAL_CALL	0
0x001a02b1	0x001a02d5	CONDITIONAL_JUMP	0
0x001a02d3	0x001a02b4	CONDITIONAL_JUMP	0
0x001a02d5	0x001f9474	READ	1
0x001a02db	0x00202be8	DATA	0
0x001a02e3	0x001ce960	UNCONDITIONAL_CALL	0
0x001a02ea	0xStack[-0x10]	DATA	0
0x001a02fa	0xStack[0x4]	READ	1
0x001a02fd	0xStack[0xc]	READ	1
0x001a0300	0xStack[0x10]	READ	1
0x001a0303	0x001f9220	READ	1
0x001a0309	0x00201928	DATA	0
0x001a0311	0x001ce960	UNCONDITIONAL_CALL	0
0x001a0321	0x001a0325	CONDITIONAL_JUMP	0
0x001a0329	0x001a034b	CONDITIONAL_JUMP	0
0x001a0349	0x001a032c	CONDITIONAL_JUMP	0
0x001a034b	0x001f9474	READ	1
0x001a0351	0x00202be8	DATA	0
0x001a0359	0x001ce960	UNCONDITIONAL_CALL	0
0x001a0360	0xStack[-0x10]	DATA	0
0x001a0370	0xStack[0x4]	READ	1
0x001a0373	0x001f953c	READ	1
0x001a0379	0x002031dc	DATA	0
0x001a037a	0x001f9dac	READ	1
0x001a0380	0x001fe623	DATA	0
0x001a0381	0x001ce960	UNCONDITIONAL_CALL	0
0x001a0391	0x001a03a4	CONDITIONAL_JUMP	0
0x001a0393	0x001e49c0	DATA	0
0x001a0398	0x001a5514	UNCONDITIONAL_CALL	0
0x001a039f	0x001a03fd	UNCONDITIONAL_JUMP	0
0x001a03a4	0x001f9540	READ	1
0x001a03aa	0x002031f0	DATA	0
0x001a03ab	0x001f9464	READ	1
0x001a03b1	0x00202a00	DATA	0
0x001a03b3	0x001ce960	UNCONDITIONAL_CALL	0
0x001a03bd	0x001a03d0	CONDITIONAL_JUMP	0
0x001a03bf	0x001e49ef	DATA	0
0x001a03c4	0x001a5514	UNCONDITIONAL_CALL	0
0x001a03cb	0x001a03fd	UNCONDITIONAL_JUMP	0
0x001a03d1	0x001f9540	READ	1
0x001a03d7	0x002031f0	DATA	0
0x001a03df	0x001ce960	UNCONDITIONAL_CALL	0
0x001a03e8	0x001f9540	READ	1
0x001a03ee	0x002031f0	DATA	0
0x001a03f6	0x001ce960	UNCONDITIONAL_CALL	0
0x001a03fd	0xStack[-0x8]	READ	1
0x001a0408	0xStack[0x4]	READ	1
0x001a040b	0x001f9220	READ	1
0x001a0411	0x00201928	DATA	0
0x001a0419	0x001ce960	UNCONDITIONAL_CALL	0
0x001a0428	0x001f9474	READ	1
0x001a042e	0x00202be8	DATA	0
0x001a0436	0x001ce960	UNCONDITIONAL_CALL	0
0x001a043b	0x001d58bc	DATA	0
0x001a0442	0x001f9544	READ	1
0x001a0448	0x002031a0	DATA	0
0x001a044a	0x001ce960	UNCONDITIONAL_CALL	0
0x001a0451	0xStack[-0x8]	READ	1
0x001a0461	0xStack[0x4]	READ	1
0x001a0464	0xStack[0xc]	READ	1
0x001a0467	0x001f9220	READ	1
0x001a046d	0x00201928	DATA	0
0x001a0475	0x001ce960	UNCONDITIONAL_CALL	0
0x001a0485	0x001a048c	CONDITIONAL_JUMP	0
0x001a048f	0x001a0494	CONDITIONAL_JUMP	0
0x001a049b	0x001a04b0	CONDITIONAL_JUMP	0
0x001a04a3	0xStack[-0x8]	WRITE	0
0x001a04aa	0xStack[-0xc]	WRITE	0
0x001a04ad	0x001a04c0	UNCONDITIONAL_JUMP	0
0x001a04b4	0xStack[-0x8]	WRITE	0
0x001a04bd	0xStack[-0xc]	WRITE	0
0x001a04d8	0xStack[-0x14]	WRITE	0
0x001a04db	0xStack[-0x10]	WRITE	0
0x001a04de	0xStack[-0x10]	READ	0
0x001a04e2	0x001a04ef	CONDITIONAL_JUMP	0
0x001a04e4	0x001a04f8	CONDITIONAL_JUMP	0
0x001a04e6	0xStack[-0x14]	READ	0
0x001a04ed	0x001a04f8	CONDITIONAL_JUMP	0
0x001a04f4	0x001a04fb	UNCONDITIONAL_JUMP	0
0x001a04f8	0xStack[-0x14]	READ	1
0x001a0514	0xStack[-0xc]	DATA	0
0x001a0518	0xStack[-0x8]	DATA	0
0x001a051c	0x001f9548	READ	1
0x001a0522	0x002031b8	DATA	0
0x001a0524	0x001ce960	UNCONDITIONAL_CALL	0
0x001a0534	0x001a0544	CONDITIONAL_JUMP	0
0x001a0539	0x001a055b	CONDITIONAL_JUMP	0
0x001a0540	0x001a055b	UNCONDITIONAL_JUMP	0
0x001a0547	0x001a055b	CONDITIONAL_JUMP	0
0x001a054e	0x001a0551	CONDITIONAL_JUMP	0
0x001a0554	0x001a0559	CONDITIONAL_JUMP	0
0x001a055b	0x001f9474	READ	1
0x001a0561	0x00202be8	DATA	0
0x001a0569	0x001ce960	UNCONDITIONAL_CALL	0
0x001a0575	0xStack[-0xc]	READ	1
0x001a0579	0xStack[-0x8]	READ	1
0x001a057e	0x001f954c	READ	1
0x001a0584	0x00203200	DATA	0
0x001a0585	0x001f94f8	READ	1
0x001a058b	0x00202fc0	DATA	0
0x001a058d	0x001ce960	UNCONDITIONAL_CALL	0
0x001a0596	0x001ce960	UNCONDITIONAL_CALL	0
0x001a059b	0xStack[-0x20]	DATA	0
0x001a05b0	0xStack[0x4]	READ	1
0x001a05e2	0x001a0600	CONDITIONAL_JUMP	0
0x001a05e4	0x001f9468	READ	1
0x001a05ea	0x00202a84	DATA	0
0x001a05eb	0x001f9da4	READ	1
0x001a05f1	0x001fe4a1	DATA	0
0x001a05f2	0x001ce960	UNCONDITIONAL_CALL	0
0x001a0600	0x001f9220	READ	1
0x001a0606	0x00201928	DATA	0
0x001a060e	0x001ce960	UNCONDITIONAL_CALL	0
0x001a0613	0x001f924c	READ	1
0x001a0619	0x00201a24	DATA	0
0x001a061a	0xStack[-0xc]	WRITE	0
0x001a061d	0x001fa068	READ	1
0x001a0623	0x001fe546	DATA	1
0x001a0623	0xStack[-0x8]	WRITE	0
0x001a0626	0xStack[-0xc]	DATA	0
0x001a062a	0x001cea70	UNCONDITIONAL_CALL	0
0x001a0643	0x001f9550	READ	1
0x001a0649	0x0020317c	DATA	0
0x001a064b	0x001ce960	UNCONDITIONAL_CALL	0
0x001a0652	0x001f9554	READ	1
0x001a0658	0x0020322c	DATA	0
0x001a0660	0x001ce960	UNCONDITIONAL_CALL	0
0x001a0670	0x001a067c	CONDITIONAL_JUMP	0
0x001a068f	0x001f9558	READ	1
0x001a0695	0x0020323c	DATA	0
0x001a069d	0x001ce960	UNCONDITIONAL_CALL	0
0x001a06a8	0x001f9474	READ	1
0x001a06ae	0x00202be8	DATA	0
0x001a06b6	0x001ce960	UNCONDITIONAL_CALL	0
0x001a06bb	0x001d58bc	DATA	0
0x001a06c2	0x001f9544	READ	1
0x001a06c8	0x002031a0	DATA	0
0x001a06ca	0x001ce960	UNCONDITIONAL_CALL	0
0x001a06d1	0xStack[-0x14]	DATA	0
0x001a06df	0x001e49bc	READ	1
0x001a06e6	0x001a075c	CONDITIONAL_JUMP	0
0x001a06e8	0x001f9210	READ	1
0x001a06ee	0x00201900	DATA	0
0x001a06ef	0xStack[0x4]	READ	1
0x001a06f3	0x001ce960	UNCONDITIONAL_CALL	0
0x001a06f8	0x001e49bc	WRITE	0
0x001a06fd	0x001e4a2c	DATA	0
0x001a0702	0x001f947c	READ	1
0x001a0708	0x00202bfc	DATA	0
0x001a070a	0x001ce960	UNCONDITIONAL_CALL	0
0x001a070f	0x001e4a3f	DATA	0
0x001a0714	0x001f9480	READ	1
0x001a071a	0x00202c08	DATA	0
0x001a071b	0x001e49bc	READ	1
0x001a0722	0x001ce960	UNCONDITIONAL_CALL	0
0x001a072a	0x001f924c	READ	1
0x001a0730	0x00201a24	DATA	0
0x001a0731	0x001e49bc	READ	1
0x001a0738	0x001ce960	UNCONDITIONAL_CALL	0
0x001a0742	0x001a0757	CONDITIONAL_JUMP	0
0x001a0744	0x001f921c	READ	1
0x001a074a	0x00201920	DATA	0
0x001a074b	0x001e49bc	READ	1
0x001a0752	0x001ce960	UNCONDITIONAL_CALL	0
0x001a0757	0x001e49bc	READ	1
0x001a0768	0xStack[0x4]	READ	1
0x001a076b	0x001f9220	READ	1
0x001a0771	0x00201928	DATA	0
0x001a0779	0x001ce960	UNCONDITIONAL_CALL	0
0x001a077e	0x001e49bc	WRITE	0
0x001a07a3	0x001a07b7	CONDITIONAL_JUMP	0
0x001a07a7	0x001f9540	READ	1
0x001a07ad	0x002031f0	DATA	0
0x001a07af	0x001ce960	UNCONDITIONAL_CALL	0
0x001a07b7	0x001f9474	READ	1
0x001a07bd	0x00202be8	DATA	0
0x001a07bf	0x001ce960	UNCONDITIONAL_CALL	0
0x001a07c4	0x001f921c	READ	1
0x001a07ca	0x00201920	DATA	0
0x001a07cc	0x001ce960	UNCONDITIONAL_CALL	0
0x001a07d1	0x001f921c	READ	1
0x001a07d7	0x00201920	DATA	0
0x001a07d8	0xStack[-0xc]	WRITE	0
0x001a07db	0x001fa068	READ	1
0x001a07e1	0x001fe546	DATA	1
0x001a07e1	0xStack[-0x8]	WRITE	0
0x001a07e4	0xStack[-0xc]	DATA	0
0x001a07e8	0x001cea70	UNCONDITIONAL_CALL	0
0x001a07ed	0xStack[-0x14]	DATA	0
0x001a0801	0xStack[0xc]	READ	1
0x001a0809	0xStack[0x14]	READ	1
0x001a080e	0xStack[-0x10]	WRITE	0
0x001a0811	0xStack[0x10]	READ	1
0x001a0814	0x001e4a51	DATA	1
0x001a0819	0xStack[-0x14]	WRITE	0
0x001a0820	0xStack[-0x14]	READ	1
0x001a0826	0x001e4a51	READ	0
0x001a0826	0x001e4a52	READ	0
0x001a0828	0x001a085c	CONDITIONAL_JUMP	0
0x001a0836	0x001f955c	READ	1
0x001a083c	0x00203188	DATA	0
0x001a083d	0xStack[0x4]	READ	1
0x001a0841	0x001ce960	UNCONDITIONAL_CALL	0
0x001a084e	0xStack[0x14]	READ	1
0x001a0855	0x001a0938	UNCONDITIONAL_JUMP	0
0x001a085c	0xStack[0x10]	READ	1
0x001a085f	0x001e4a69	DATA	1
0x001a086c	0x001e4a69	READ	0
0x001a086c	0x001e4a6a	READ	0
0x001a086e	0x001a08c0	CONDITIONAL_JUMP	0
0x001a0870	0xStack[-0x10]	READ	0
0x001a0874	0x001a0938	CONDITIONAL_JUMP	0
0x001a087a	0xStack[0x14]	READ	1
0x001a0883	0x001f9220	READ	1
0x001a0889	0x00201928	DATA	0
0x001a088a	0xStack[0x4]	READ	1
0x001a0894	0x001ce960	UNCONDITIONAL_CALL	0
0x001a0899	0xStack[0x4]	READ	1
0x001a08a4	0x001f9474	READ	1
0x001a08aa	0x00202be8	DATA	0
0x001a08ab	0xStack[0x4]	READ	1
0x001a08b5	0x001ce960	UNCONDITIONAL_CALL	0
0x001a08bc	0x001a0938	UNCONDITIONAL_JUMP	0
0x001a08c0	0xStack[0x10]	READ	1
0x001a08c3	0x001e4a84	DATA	1
0x001a08d0	0x001e4a84	READ	0
0x001a08d0	0x001e4a85	READ	0
0x001a08d2	0x001a0904	CONDITIONAL_JUMP	0
0x001a08d4	0xStack[0x14]	READ	1
0x001a0900	0x001a0938	UNCONDITIONAL_JUMP	0
0x001a0904	0xStack[0x14]	READ	1
0x001a0908	0xStack[0x10]	READ	1
0x001a090d	0x001f9528	READ	1
0x001a0913	0x00202e1c	DATA	0
0x001a0914	0xStack[0x4]	READ	1
0x001a0917	0xStack[-0xc]	WRITE	0
0x001a091a	0x001fa068	READ	1
0x001a0920	0x001fe546	DATA	1
0x001a0920	0xStack[-0x8]	WRITE	0
0x001a0923	0xStack[-0xc]	DATA	0
0x001a0927	0x001cea70	UNCONDITIONAL_CALL	0
0x001a0931	0x001a0938	CONDITIONAL_JUMP	0
0x001a0938	0xStack[-0x20]	DATA	0
0x001a0959	0xStack[0x10]	READ	1
0x001a095c	0xStack[-0x10]	WRITE	0
0x001a0965	0x001e4a98	DATA	1
0x001a0972	0x001e4a98	READ	0
0x001a0972	0x001e4a99	READ	0
0x001a0974	0x001a09b8	CONDITIONAL_JUMP	0
0x001a0976	0xStack[0xc]	READ	1
0x001a097f	0xStack[0x14]	READ	0
0x001a0983	0x001a0a6d	CONDITIONAL_JUMP	0
0x001a0989	0xStack[0x14]	READ	0
0x001a098c	0x001a0a6d	CONDITIONAL_JUMP	0
0x001a0999	0x001f9544	READ	1
0x001a099f	0x002031a0	DATA	0
0x001a09a0	0xStack[0x4]	READ	1
0x001a09a4	0x001ce960	UNCONDITIONAL_CALL	0
0x001a09a9	0xStack[-0x10]	WRITE	0
0x001a09b0	0x001a0a6d	UNCONDITIONAL_JUMP	0
0x001a09ba	0x001e4aac	DATA	1
0x001a09c7	0x001e4aac	READ	0
0x001a09c7	0x001e4aad	READ	0
0x001a09c9	0x001a0a18	CONDITIONAL_JUMP	0
0x001a09cb	0xStack[0x14]	READ	0
0x001a09cf	0x001a0a6d	CONDITIONAL_JUMP	0
0x001a09d5	0x001f9220	READ	1
0x001a09db	0x00201928	DATA	0
0x001a09dc	0xStack[0x4]	READ	1
0x001a09e6	0x001ce960	UNCONDITIONAL_CALL	0
0x001a09eb	0xStack[0xc]	READ	1
0x001a09f0	0xStack[0x4]	READ	1
0x001a09f9	0x001f9474	READ	1
0x001a09ff	0x00202be8	DATA	0
0x001a0a00	0xStack[0x4]	READ	1
0x001a0a0a	0x001ce960	UNCONDITIONAL_CALL	0
0x001a0a0f	0xStack[-0x10]	WRITE	0
0x001a0a16	0x001a0a6d	UNCONDITIONAL_JUMP	0
0x001a0a1a	0x001e4ac3	DATA	1
0x001a0a27	0x001e4ac3	READ	0
0x001a0a27	0x001e4ac4	READ	0
0x001a0a29	0x001a0a34	CONDITIONAL_JUMP	0
0x001a0a2b	0xStack[-0x10]	WRITE	0
0x001a0a32	0x001a0a6d	UNCONDITIONAL_JUMP	0
0x001a0a34	0xStack[0x14]	READ	1
0x001a0a39	0xStack[0xc]	READ	1
0x001a0a3d	0x001f94bc	READ	1
0x001a0a43	0x00202a88	DATA	0
0x001a0a44	0xStack[0x4]	READ	1
0x001a0a47	0xStack[-0xc]	WRITE	0
0x001a0a4a	0x001fa068	READ	1
0x001a0a50	0x001fe546	DATA	1
0x001a0a50	0xStack[-0x8]	WRITE	0
0x001a0a53	0xStack[-0xc]	DATA	0
0x001a0a57	0x001cea70	UNCONDITIONAL_CALL	0
0x001a0a5c	0xStack[-0x10]	WRITE	0
0x001a0a64	0x001a0a6d	CONDITIONAL_JUMP	0
0x001a0a66	0xStack[-0x10]	WRITE	0
0x001a0a6d	0xStack[-0x10]	READ	1
0x001a0a70	0xStack[-0x1c]	DATA	0
0x001a0a80	0xStack[0x4]	READ	1
0x001a0a83	0xStack[0xc]	READ	1
0x001a0a8e	0x001a0a9a	CONDITIONAL_JUMP	0
0x001a0aad	0xStack[-0x8]	READ	1
0x001a0ab7	0xStack[0x4]	READ	1
0x001a0aba	0xStack[0xc]	READ	1
0x001a0acd	0xStack[0x4]	READ	1
0x001a0ad8	0x001a0b00	CONDITIONAL_JUMP	0
0x001a0ada	0x001a0ae8	CONDITIONAL_JUMP	0
0x001a0ade	0x001a0af0	CONDITIONAL_JUMP	0
0x001a0ae2	0x001a0af0	CONDITIONAL_JUMP	0
0x001a0ae4	0x001a0b01	UNCONDITIONAL_JUMP	0
0x001a0aea	0x001a0b01	CONDITIONAL_JUMP	0
0x001a0aed	0x001a0b00	UNCONDITIONAL_JUMP	0
0x001a0af1	0x001a0ad4	UNCONDITIONAL_JUMP	0
0x001a0b09	0x001a0af4	CONDITIONAL_JUMP	0
0x001a0b0f	0x001a0b13	CONDITIONAL_JUMP	0
0x001a0b13	0xStack[-0xc]	DATA	0
0x001a0b2d	0xStack[0x4]	READ	1
0x001a0b30	0xStack[0xc]	READ	1
0x001a0b33	0x001fdda4	DATA	0
0x001a0b38	0x001f9238	READ	1
0x001a0b3e	0x00201988	DATA	0
0x001a0b40	0x001ce960	UNCONDITIONAL_CALL	0
0x001a0b4a	0x001a0b64	CONDITIONAL_JUMP	0
0x001a0b4d	0x001ccb5c	UNCONDITIONAL_CALL	0
0x001a0b53	0x001e4ad2	DATA	0
0x001a0b58	0x001a5514	UNCONDITIONAL_CALL	0
0x001a0b5f	0x001a0b6f	UNCONDITIONAL_JUMP	0
0x001a0b6f	0xStack[-0xc]	DATA	0
0x001a0b87	0x001e8664	READ	1
0x001a0b95	0xStack[0xc]	READ	1
0x001a0b99	0x001f9560	READ	1
0x001a0b9f	0x00203260	DATA	0
0x001a0ba0	0x001f9210	READ	1
0x001a0ba6	0x00201900	DATA	0
0x001a0ba7	0xStack[0x4]	READ	1
0x001a0bab	0x001ce960	UNCONDITIONAL_CALL	0
0x001a0bb4	0x001ce960	UNCONDITIONAL_CALL	0
0x001a0bc6	0x001f9564	READ	1
0x001a0bcc	0x00203254	DATA	0
0x001a0bce	0x001ce960	UNCONDITIONAL_CALL	0
0x001a0bd8	0x001a0bf8	CONDITIONAL_JUMP	0
0x001a0bda	0x001e4b2a	DATA	0
0x001a0bdf	0x001a5514	UNCONDITIONAL_CALL	0
0x001a0be4	0x001f921c	READ	1
0x001a0bea	0x00201920	DATA	0
0x001a0bec	0x001ce960	UNCONDITIONAL_CALL	0
0x001a0bf3	0x001a0c2a	UNCONDITIONAL_JUMP	0
0x001a0bf8	0x001e8660	READ	1
0x001a0bff	0x001e8660	READ_WRITE	0
0x001a0c05	0x001f9478	READ	1
0x001a0c0b	0x00202bf0	DATA	0
0x001a0c0d	0x001ce960	UNCONDITIONAL_CALL	0
0x001a0c12	0x001f948c	READ	1
0x001a0c18	0x00202c28	DATA	0
0x001a0c1a	0x001ce960	UNCONDITIONAL_CALL	0
0x001a0c1f	0x001e8664	WRITE	0
0x001a0c2a	0xStack[-0xc]	DATA	0
0x001a0c3a	0xStack[0x4]	READ	1
0x001a0c3d	0xStack[0xc]	READ	1
0x001a0c40	0xStack[0x10]	READ	1
0x001a0c45	0x001e4b4e	DATA	1
0x001a0c52	0x001e4b4e	READ	0
0x001a0c52	0x001e4b4f	READ	0
0x001a0c54	0x001a0c60	CONDITIONAL_JUMP	0
0x001a0c5c	0x001a0c83	UNCONDITIONAL_JUMP	0
0x001a0c62	0x001e4b59	DATA	1
0x001a0c6f	0x001e4b59	READ	0
0x001a0c6f	0x001e4b5a	READ	0
0x001a0c71	0x001a0c7c	CONDITIONAL_JUMP	0
0x001a0c78	0x001a0c87	UNCONDITIONAL_JUMP	0
0x001a0c87	0xStack[-0x10]	DATA	0
0x001a0c9d	0xStack[0x4]	READ	1
0x001a0ca0	0xStack[0x10]	READ	1
0x001a0ca5	0x001e4b62	DATA	1
0x001a0caa	0xStack[-0x8]	WRITE	0
0x001a0cb1	0xStack[-0x8]	READ	1
0x001a0cb7	0x001e4b62	READ	0
0x001a0cb7	0x001e4b63	READ	0
0x001a0cb9	0x001a0cec	CONDITIONAL_JUMP	0
0x001a0cbb	0xStack[0xc]	READ	1
0x001a0cc6	0x001f9554	READ	1
0x001a0ccc	0x0020322c	DATA	0
0x001a0cce	0x001ce960	UNCONDITIONAL_CALL	0
0x001a0cd4	0x001f9568	READ	1
0x001a0cda	0x00203144	DATA	0
0x001a0ce2	0x001ce960	UNCONDITIONAL_CALL	0
0x001a0ce9	0x001a0d2d	UNCONDITIONAL_JUMP	0
0x001a0cee	0x001e4b6d	DATA	1
0x001a0cfb	0x001e4b6d	READ	0
0x001a0cfb	0x001e4b6e	READ	0
0x001a0cfd	0x001a0d28	CONDITIONAL_JUMP	0
0x001a0cff	0xStack[0xc]	READ	1
0x001a0d0e	0x001f956c	READ	1
0x001a0d14	0x00203134	DATA	0
0x001a0d1c	0x001ce960	UNCONDITIONAL_CALL	0
0x001a0d23	0x001a0d2d	UNCONDITIONAL_JUMP	0
0x001a0d2d	0xStack[-0x14]	DATA	0
0x001a0d3b	0xStack[0x4]	READ	1
0x001a0d53	0xStack[0x4]	READ	1
0x001a0d5d	0x001a0d57	CONDITIONAL_JUMP	0
0x001a0d69	0xStack[0x4]	READ	1
0x001a0d78	0xStack[0x4]	READ	1
0x001a0d82	0x001a0d8a	CONDITIONAL_JUMP	0
0x001a0d93	0x001e4b78	READ	1
0x001a0d9a	0x001a0da0	CONDITIONAL_JUMP	0
0x001a0da2	0x0018c9dc	UNCONDITIONAL_CALL	0
0x001a0dac	0x001a0da0	CONDITIONAL_JUMP	0
0x001a0db5	0x0018ca18	UNCONDITIONAL_CALL	0
0x001a0dc6	0xStack[-0x8]	WRITE	0
0x001a0dcd	0xStack[-0x8]	WRITE	0
0x001a0dd4	0xStack[-0x8]	WRITE	0
0x001a0ddb	0xStack[-0x8]	WRITE	0
0x001a0de2	0xStack[-0x8]	WRITE	0
0x001a0df8	0xStack[-0x8]	WRITE	0
0x001a0dff	0xStack[-0x8]	WRITE	0
0x001a0e06	0xStack[-0x8]	WRITE	0
0x001a0e0d	0xStack[-0x8]	WRITE	0
0x001a0e14	0xStack[-0x8]	WRITE	0
0x001a0e1b	0x001e4b7c	READ	1
0x001a0e23	0x001a0e27	CONDITIONAL_JUMP	0
0x001a0e2f	0xStack[0x4]	READ	1
0x001a0e37	0x001e4b78	WRITE	0
0x001a0e3d	0x001e4b7c	WRITE	0
0x001a0e51	0x001e8b54	READ	1
0x001a0e59	0xStack[-0x10]	WRITE	0
0x001a0e5c	0x00108310	UNCONDITIONAL_CALL	0
0x001a0e63	0x001a0e70	CONDITIONAL_JUMP	0
0x001a0e6a	0x001a1035	UNCONDITIONAL_JUMP	0
0x001a0e70	0xStack[0xc]	READ	0
0x001a0e74	0x001a0e98	CONDITIONAL_JUMP	0
0x001a0e78	0xStack[-0x8]	DATA	0
0x001a0e7c	0xStack[0x8]	READ	1
0x001a0e80	0x00189a5c	UNCONDITIONAL_CALL	0
0x001a0e8a	0x001a0edb	CONDITIONAL_JUMP	0
0x001a0e8c	0x001e89ec	READ	1
0x001a0e93	0xStack[-0x8]	READ_WRITE	0
0x001a0e96	0x001a0ea4	UNCONDITIONAL_JUMP	0
0x001a0e98	0xStack[-0x10]	READ	1
0x001a0ea1	0xStack[-0x8]	WRITE	0
0x001a0ea4	0xStack[-0xc]	DATA	0
0x001a0eac	0xStack[0x4]	READ	1
0x001a0eb0	0xStack[-0x10]	READ	1
0x001a0eb4	0x0015a56c	UNCONDITIONAL_CALL	0
0x001a0ebe	0x001a0edb	CONDITIONAL_JUMP	0
0x001a0ec0	0xStack[-0xc]	READ	1
0x001a0ec4	0x0015a294	UNCONDITIONAL_CALL	0
0x001a0ecb	0xStack[-0xc]	READ	1
0x001a0ecf	0x0015a614	UNCONDITIONAL_CALL	0
0x001a0ed9	0x001a0ee8	CONDITIONAL_JUMP	0
0x001a0ee0	0x001a1035	UNCONDITIONAL_JUMP	0
0x001a0ef3	0x001a0f3c	CONDITIONAL_JUMP	0
0x001a0ef5	0xStack[0xc]	READ	0
0x001a0ef9	0x001a0f20	CONDITIONAL_JUMP	0
0x001a0efe	0xStack[-0x8]	WRITE	0
0x001a0f03	0xStack[0x8]	READ	1
0x001a0f07	0xStack[-0x8]	DATA	0
0x001a0f0b	0x00189cec	UNCONDITIONAL_CALL	0
0x001a0f17	0x001a0f2f	CONDITIONAL_JUMP	0
0x001a0f1e	0x001a0f2f	UNCONDITIONAL_JUMP	0
0x001a0f28	0xStack[-0x8]	READ	0
0x001a0f2b	0x001a0f2f	CONDITIONAL_JUMP	0
0x001a0f30	0x00166ea0	UNCONDITIONAL_CALL	0
0x001a0f37	0x001a1035	UNCONDITIONAL_JUMP	0
0x001a0f3c	0xStack[0xc]	READ	1
0x001a0f40	0x001e89ec	READ	1
0x001a0f50	0xStack[-0x8]	DATA	0
0x001a0f53	0xStack[-0x14]	WRITE	0
0x001a0f5b	0xStack[-0x10]	READ	1
0x001a0f62	0x00174a90	UNCONDITIONAL_CALL	0
0x001a0f6e	0x001a0f80	CONDITIONAL_JUMP	0
0x001a0f71	0x00166ea0	UNCONDITIONAL_CALL	0
0x001a0f78	0x001a1035	UNCONDITIONAL_JUMP	0
0x001a0f80	0xStack[0xc]	READ	0
0x001a0f84	0x001a0fac	CONDITIONAL_JUMP	0
0x001a0f88	0xStack[0x8]	READ	1
0x001a0f8c	0xStack[-0x14]	READ	1
0x001a0f90	0x00189cec	UNCONDITIONAL_CALL	0
0x001a0f9a	0x001a0fac	CONDITIONAL_JUMP	0
0x001a0f9d	0x00166ea0	UNCONDITIONAL_CALL	0
0x001a0fa7	0x001a1035	UNCONDITIONAL_JUMP	0
0x001a0fac	0xStack[-0x10]	READ	1
0x001a0fb3	0x001747a8	UNCONDITIONAL_CALL	0
0x001a0fba	0x0015a75c	UNCONDITIONAL_CALL	0
0x001a0fc6	0x00101630	UNCONDITIONAL_CALL	0
0x001a0fda	0x001e8de8	READ	1
0x001a0fe1	0x00173d1c	UNCONDITIONAL_CALL	0
0x001a0fe6	0xStack[-0x10]	READ	1
0x001a0fef	0xStack[-0x8]	READ	1
0x001a0ffd	0xStack[-0x8]	READ	1
0x001a1008	0x00190afc	UNCONDITIONAL_CALL	0
0x001a102e	0x00166ea0	UNCONDITIONAL_CALL	0
0x001a1035	0xStack[-0x20]	DATA	0
0x001a1046	0xStack[0x4]	READ	1
0x001a1052	0x001e89ec	READ	1
0x001a106f	0x0018fa44	UNCONDITIONAL_CALL	0
0x001a1074	0x001e89ec	READ	1
0x001a108e	0x001765ac	UNCONDITIONAL_CALL	0
0x001a1097	0x001747d8	UNCONDITIONAL_CALL	0
0x001a109d	0x001a1af8	UNCONDITIONAL_CALL	0
0x001a10a5	0x001e89ec	READ	1
0x001a10b8	0x001e8de8	READ	1
0x001a10bf	0x00173e90	UNCONDITIONAL_CALL	0
0x001a10c7	0x0015a824	UNCONDITIONAL_CALL	0
0x001a10cc	0xStack[-0x10]	DATA	0
0x001a10e1	0xStack[0xc]	READ	1
0x001a10e4	0x00108310	UNCONDITIONAL_CALL	0
0x001a10eb	0x001a10f8	CONDITIONAL_JUMP	0
0x001a10f2	0x001a11ba	UNCONDITIONAL_JUMP	0
0x001a10f8	0xStack[-0x8]	DATA	0
0x001a1100	0xStack[0x4]	READ	1
0x001a1104	0x001e8b54	READ	1
0x001a110d	0x0015a56c	UNCONDITIONAL_CALL	0
0x001a1117	0x001a1134	CONDITIONAL_JUMP	0
0x001a1119	0xStack[-0x8]	READ	1
0x001a111d	0x0015a294	UNCONDITIONAL_CALL	0
0x001a1124	0xStack[-0x8]	READ	1
0x001a1128	0x0015a614	UNCONDITIONAL_CALL	0
0x001a1132	0x001a113c	CONDITIONAL_JUMP	0
0x001a1139	0x001a11ba	UNCONDITIONAL_JUMP	0
0x001a1144	0x001a1150	CONDITIONAL_JUMP	0
0x001a114c	0x001a115b	UNCONDITIONAL_JUMP	0
0x001a1151	0x0018dc54	UNCONDITIONAL_CALL	0
0x001a115b	0xStack[0x8]	READ	0
0x001a115f	0x001a1178	CONDITIONAL_JUMP	0
0x001a1164	0x001a1178	CONDITIONAL_JUMP	0
0x001a116a	0x0018dac8	UNCONDITIONAL_CALL	0
0x001a1174	0x001a118b	UNCONDITIONAL_JUMP	0
0x001a1179	0xStack[0x8]	READ	1
0x001a1181	0x0018d930	UNCONDITIONAL_CALL	0
0x001a118d	0x001a11b2	CONDITIONAL_JUMP	0
0x001a11b3	0x00166ea0	UNCONDITIONAL_CALL	0
0x001a11ba	0xStack[-0x14]	DATA	0
0x001a11c7	0xStack[0x4]	READ	1
0x001a11cc	0x001a11d8	CONDITIONAL_JUMP	0
0x001a11e0	0x00189cec	UNCONDITIONAL_CALL	0
0x001a11e7	0x001a11f0	CONDITIONAL_JUMP	0
0x001a11ff	0x0018ad8c	UNCONDITIONAL_CALL	0
0x001a1218	0xStack[0x4]	READ	1
0x001a121b	0x0018ad8c	UNCONDITIONAL_CALL	0
0x001a1224	0x001a1240	CONDITIONAL_JUMP	0
0x001a1230	0x00189cec	UNCONDITIONAL_CALL	0
0x001a1237	0x001a1240	CONDITIONAL_JUMP	0
0x001a123b	0x001a1245	UNCONDITIONAL_JUMP	0
0x001a1245	0xStack[-0x8]	READ	1
0x001a1255	0xStack[0xc]	READ	0
0x001a1259	0x001a1280	CONDITIONAL_JUMP	0
0x001a125d	0xStack[-0x8]	DATA	0
0x001a1261	0xStack[0x8]	READ	1
0x001a1265	0x00189a5c	UNCONDITIONAL_CALL	0
0x001a126f	0x001a12c5	CONDITIONAL_JUMP	0
0x001a1271	0x001e89ec	READ	1
0x001a1278	0xStack[-0x8]	READ_WRITE	0
0x001a127b	0x001a1289	UNCONDITIONAL_JUMP	0
0x001a1286	0xStack[-0x8]	WRITE	0
0x001a1289	0xStack[-0xc]	DATA	0
0x001a1291	0xStack[0x4]	READ	1
0x001a1295	0x001e8b54	READ	1
0x001a129e	0x0015a56c	UNCONDITIONAL_CALL	0
0x001a12a8	0x001a12c5	CONDITIONAL_JUMP	0
0x001a12aa	0xStack[-0xc]	READ	1
0x001a12ae	0x0015a1a0	UNCONDITIONAL_CALL	0
0x001a12b5	0xStack[-0xc]	READ	1
0x001a12b9	0x0015a614	UNCONDITIONAL_CALL	0
0x001a12c3	0x001a12d0	CONDITIONAL_JUMP	0
0x001a12ca	0x001a1393	UNCONDITIONAL_JUMP	0
0x001a12d0	0xStack[0xc]	READ	1
0x001a12d4	0x001e89ec	READ	1
0x001a12e4	0xStack[-0x8]	DATA	0
0x001a12e7	0xStack[-0x10]	WRITE	0
0x001a12f3	0x00174a90	UNCONDITIONAL_CALL	0
0x001a12ff	0x001a1310	CONDITIONAL_JUMP	0
0x001a1302	0x00165bec	UNCONDITIONAL_CALL	0
0x001a1309	0x001a1393	UNCONDITIONAL_JUMP	0
0x001a1310	0xStack[0xc]	READ	0
0x001a1314	0x001a133c	CONDITIONAL_JUMP	0
0x001a1318	0xStack[0x8]	READ	1
0x001a131c	0xStack[-0x10]	READ	1
0x001a1320	0x00189cec	UNCONDITIONAL_CALL	0
0x001a132a	0x001a133c	CONDITIONAL_JUMP	0
0x001a132d	0x00165bec	UNCONDITIONAL_CALL	0
0x001a1337	0x001a1393	UNCONDITIONAL_JUMP	0
0x001a133c	0x001e89ec	READ	1
0x001a1341	0xStack[-0x8]	READ	1
0x001a134f	0xStack[-0x10]	WRITE	0
0x001a135c	0x001a138b	CONDITIONAL_JUMP	0
0x001a136d	0x0019065c	UNCONDITIONAL_CALL	0
0x001a1372	0x001e0d0c	READ	1
0x001a1377	0xStack[-0x8]	READ	1
0x001a137c	0xStack[-0x8]	WRITE	0
0x001a1386	0xStack[-0x10]	READ	0
0x001a1389	0x001a1360	CONDITIONAL_JUMP	0
0x001a138c	0x00165bec	UNCONDITIONAL_CALL	0
0x001a1393	0xStack[-0x1c]	DATA	0
0x001a13a9	0xStack[0x8]	READ	1
0x001a13ac	0xStack[0x4]	READ	1
0x001a13bc	0x001a13c0	CONDITIONAL_JUMP	0
0x001a13c2	0x001a13e8	CONDITIONAL_JUMP	0
0x001a13cd	0x001a13e0	CONDITIONAL_JUMP	0
0x001a13dd	0x001a13e2	UNCONDITIONAL_JUMP	0
0x001a13e4	0x001a13ea	UNCONDITIONAL_JUMP	0
0x001a13ee	0x001a14d5	CONDITIONAL_JUMP	0
0x001a13fa	0x001a1498	CONDITIONAL_JUMP	0
0x001a1400	0x001e875c	READ	1
0x001a1409	0xStack[-0x8]	WRITE	0
0x001a1420	0x001a1427	CONDITIONAL_JUMP	0
0x001a1428	0x001e89ec	READ	1
0x001a1432	0xStack[0x4]	READ	1
0x001a143c	0x00172038	UNCONDITIONAL_CALL	0
0x001a1443	0x001e875c	READ	1
0x001a1448	0xStack[-0x8]	READ	1
0x001a1453	0x001a14dc	CONDITIONAL_JUMP	0
0x001a1468	0x001a1514	DATA	0
0x001a1471	0x001568d8	UNCONDITIONAL_CALL	0
0x001a147d	0x001a14dc	CONDITIONAL_JUMP	0
0x001a1487	0xStack[0x4]	READ	1
0x001a148b	0x001a1750	UNCONDITIONAL_CALL	0
0x001a1493	0x001a14dc	UNCONDITIONAL_JUMP	0
0x001a149b	0x001a14b0	CONDITIONAL_JUMP	0
0x001a14a1	0x001a14b0	CONDITIONAL_JUMP	0
0x001a14a4	0x0018a368	UNCONDITIONAL_CALL	0
0x001a14ac	0x001a14dc	UNCONDITIONAL_JUMP	0
0x001a14b4	0x001a14c4	CONDITIONAL_JUMP	0
0x001a14b7	0xStack[0x4]	READ	1
0x001a14bb	0x001a25a4	UNCONDITIONAL_CALL	0
0x001a14c0	0x001a14ce	UNCONDITIONAL_JUMP	0
0x001a14c5	0xStack[0x4]	READ	1
0x001a14c9	0x001a3ac4	UNCONDITIONAL_CALL	0
0x001a14d3	0x001a14dc	CONDITIONAL_JUMP	0
0x001a14d7	0x001a1507	UNCONDITIONAL_JUMP	0
0x001a14e0	0x001a1502	CONDITIONAL_JUMP	0
0x001a14e6	0x001a14f5	CONDITIONAL_JUMP	0
0x001a14e9	0x001a1abc	UNCONDITIONAL_CALL	0
0x001a14f3	0x001a1502	CONDITIONAL_JUMP	0
0x001a14f6	0xStack[0x4]	READ	1
0x001a14fa	0x001a1750	UNCONDITIONAL_CALL	0
0x001a1502	0x0018dec0	UNCONDITIONAL_CALL	0
0x001a1507	0xStack[-0x14]	DATA	0
0x001a151a	0x001e8b54	READ	1
0x001a1528	0x001a1534	CONDITIONAL_JUMP	0
0x001a1530	0x001a153f	UNCONDITIONAL_JUMP	0
0x001a1535	0x0018dc54	UNCONDITIONAL_CALL	0
0x001a154c	0x001a1550	CONDITIONAL_JUMP	0
0x001a1552	0x001a1578	CONDITIONAL_JUMP	0
0x001a155d	0x001a1570	CONDITIONAL_JUMP	0
0x001a156d	0x001a1572	UNCONDITIONAL_JUMP	0
0x001a1574	0x001a157a	UNCONDITIONAL_JUMP	0
0x001a157e	0x001a1591	CONDITIONAL_JUMP	0
0x001a1589	0x001a1750	UNCONDITIONAL_CALL	0
0x001a1595	0x001a15b4	CONDITIONAL_JUMP	0
0x001a159b	0x001a15aa	CONDITIONAL_JUMP	0
0x001a159e	0x001a1abc	UNCONDITIONAL_CALL	0
0x001a15a8	0x001a15b4	CONDITIONAL_JUMP	0
0x001a15ac	0x001a1750	UNCONDITIONAL_CALL	0
0x001a15b4	0x0018dec0	UNCONDITIONAL_CALL	0
0x001a15b9	0xStack[-0x10]	DATA	0
0x001a15ca	0x001e8b54	READ	1
0x001a15d8	0x001a15e4	CONDITIONAL_JUMP	0
0x001a15e0	0x001a15ef	UNCONDITIONAL_JUMP	0
0x001a15e5	0x0018dc54	UNCONDITIONAL_CALL	0
0x001a15fc	0x001a1600	CONDITIONAL_JUMP	0
0x001a1602	0x001a1616	CONDITIONAL_JUMP	0
0x001a160e	0x001a1620	CONDITIONAL_JUMP	0
0x001a1614	0x001a1620	CONDITIONAL_JUMP	0
0x001a161b	0x001a1743	UNCONDITIONAL_JUMP	0
0x001a1629	0x001a163c	CONDITIONAL_JUMP	0
0x001a1639	0x001a163e	UNCONDITIONAL_JUMP	0
0x001a1666	0x001a1a00	UNCONDITIONAL_CALL	0
0x001a16db	0x001a1700	CONDITIONAL_JUMP	0
0x001a16fc	0x001a173e	UNCONDITIONAL_JUMP	0
0x001a173e	0x0018dec0	UNCONDITIONAL_CALL	0
0x001a1743	0xStack[-0x10]	DATA	0
0x001a1756	0xStack[0x4]	READ	1
0x001a1759	0xStack[0x8]	READ	1
0x001a1769	0x001a176d	CONDITIONAL_JUMP	0
0x001a1776	0x001a1788	CONDITIONAL_JUMP	0
0x001a1786	0x001a178a	UNCONDITIONAL_JUMP	0
0x001a179b	0x001a17a4	CONDITIONAL_JUMP	0
0x001a17a8	0x001a17d0	CONDITIONAL_JUMP	0
0x001a17cd	0x001a17f2	UNCONDITIONAL_JUMP	0
0x001a1800	0x001a180c	CONDITIONAL_JUMP	0
0x001a1809	0x001a1813	UNCONDITIONAL_JUMP	0
0x001a1874	0x001a1aa4	UNCONDITIONAL_CALL	0
0x001a18b6	0x0018dec0	UNCONDITIONAL_CALL	0
0x001a18bb	0xStack[-0x10]	DATA	0
0x001a18cc	0xStack[0x8]	READ	1
0x001a18cf	0xStack[0xc]	READ	1
0x001a18d6	0x001a18dc	CONDITIONAL_JUMP	0
0x001a18da	0x001a1911	UNCONDITIONAL_JUMP	0
0x001a190c	0x0018dec0	UNCONDITIONAL_CALL	0
0x001a1911	0xStack[-0x8]	READ	1
0x001a191c	0xStack[0x8]	READ	1
0x001a191f	0xStack[0xc]	READ	1
0x001a1926	0x001a192c	CONDITIONAL_JUMP	0
0x001a192a	0x001a195f	UNCONDITIONAL_JUMP	0
0x001a195a	0x0018dec0	UNCONDITIONAL_CALL	0
0x001a195f	0xStack[-0x8]	READ	1
0x001a196c	0xStack[0x8]	READ	1
0x001a196f	0xStack[0xc]	READ	1
0x001a19bb	0x0018dec0	UNCONDITIONAL_CALL	0
0x001a19c0	0xStack[-0x8]	READ	1
0x001a19cb	0xStack[0x4]	READ	1
0x001a19d2	0x001a19e2	CONDITIONAL_JUMP	0
0x001a19d8	0x001a19de	CONDITIONAL_JUMP	0
0x001a19eb	0xStack[0x4]	READ	1
0x001a19f2	0x001a19fc	CONDITIONAL_JUMP	0
0x001a1a04	0xStack[0x4]	READ	1
0x001a1a0f	0x001a1a1f	CONDITIONAL_JUMP	0
0x001a1a12	0x001a19c8	DATA	0
0x001a1a17	0x0016957c	UNCONDITIONAL_CALL	0
0x001a1a23	0x001a1a54	CONDITIONAL_JUMP	0
0x001a1a38	0x001691e8	UNCONDITIONAL_CALL	0
0x001a1a40	0x001a19c8	DATA	0
0x001a1a45	0x001693ec	UNCONDITIONAL_CALL	0
0x001a1a51	0x001a1a58	UNCONDITIONAL_JUMP	0
0x001a1a5c	0x001a1a66	CONDITIONAL_JUMP	0
0x001a1a6a	0x001a1a9b	CONDITIONAL_JUMP	0
0x001a1a70	0x001a1a9b	CONDITIONAL_JUMP	0
0x001a1a85	0x001691e8	UNCONDITIONAL_CALL	0
0x001a1a8d	0x001a19e8	DATA	0
0x001a1a92	0x001693ec	UNCONDITIONAL_CALL	0
0x001a1a9b	0xStack[-0x8]	READ	1
0x001a1aa7	0xStack[0x4]	READ	1
0x001a1abf	0xStack[0x4]	READ	1
0x001a1ad8	0xStack[0x4]	READ	1
0x001a1adc	0x001a19c8	DATA	0
0x001a1ae1	0x0016957c	UNCONDITIONAL_CALL	0
0x001a1ae7	0x001a19e8	DATA	0
0x001a1aec	0x0016957c	UNCONDITIONAL_CALL	0
0x001a1af1	0xStack[-0x8]	READ	1
0x001a1b01	0xStack[0x4]	READ	1
0x001a1b0d	0xStack[-0x8]	WRITE	0
0x001a1b16	0x001a1b1d	CONDITIONAL_JUMP	0
0x001a1b1a	0xStack[-0x8]	WRITE	0
0x001a1b24	0xStack[-0x8]	READ	1
0x001a1b2f	0x001a19c8	DATA	0
0x001a1b34	0x0016957c	UNCONDITIONAL_CALL	0
0x001a1b3a	0x001a19e8	DATA	0
0x001a1b3f	0x0016957c	UNCONDITIONAL_CALL	0
0x001a1b51	0x001a1b24	CONDITIONAL_JUMP	0
0x001a1b53	0xStack[-0x14]	DATA	0
0x001a1b69	0xStack[0x4]	READ	1
0x001a1b79	0x001a1b7d	CONDITIONAL_JUMP	0
0x001a1b7f	0x001a1ba4	CONDITIONAL_JUMP	0
0x001a1b8a	0x001a1b9c	CONDITIONAL_JUMP	0
0x001a1b9a	0x001a1b9e	UNCONDITIONAL_JUMP	0
0x001a1ba0	0x001a1ba6	UNCONDITIONAL_JUMP	0
0x001a1ba6	0xStack[0x8]	READ	1
0x001a1bb1	0xStack[-0xc]	WRITE	0
0x001a1bc5	0x001a1bdc	DATA	1
0x001a1bcf	0xStack[-0x8]	WRITE	0
0x001a1bd9	0x001a1be4	UNCONDITIONAL_JUMP	0
0x001a1be4	0xStack[-0x8]	READ	0
0x001a1bea	0x001a1bf4	CONDITIONAL_JUMP	0
0x001a1bee	0x001a1d91	UNCONDITIONAL_JUMP	0
0x001a1bf4	0xStack[-0x6]	READ	1
0x001a1bf9	0x001a1c14	CONDITIONAL_JUMP	0
0x001a1bfc	0x001a1ad4	UNCONDITIONAL_CALL	0
0x001a1c08	0xStack[0x8]	READ	1
0x001a1c0c	0x001a1d8b	UNCONDITIONAL_JUMP	0
0x001a1c16	0x001a1c8c	CONDITIONAL_JUMP	0
0x001a1c18	0xStack[0x8]	READ	1
0x001a1c23	0xStack[-0x20]	DATA	0
0x001a1c26	0xStack[-0x24]	WRITE	0
0x001a1c2e	0xStack[-0xc]	WRITE	0
0x001a1c3a	0xStack[-0x28]	WRITE	0
0x001a1c3d	0x001a1c70	DATA	1
0x001a1c47	0xStack[-0x28]	READ	1
0x001a1c4f	0xStack[-0x24]	READ	1
0x001a1c52	0xStack[-0x20]	DATA	0
0x001a1c58	0xStack[-0x24]	WRITE	0
0x001a1c62	0x001a1c44	CONDITIONAL_JUMP	0
0x001a1c6b	0x001a1c78	UNCONDITIONAL_JUMP	0
0x001a1c78	0xStack[-0x20]	DATA	0
0x001a1c7c	0xStack[0x8]	READ	1
0x001a1c81	0x001a18c8	UNCONDITIONAL_CALL	0
0x001a1c86	0x001a1d91	UNCONDITIONAL_JUMP	0
0x001a1c8e	0x001a1d00	CONDITIONAL_JUMP	0
0x001a1c90	0xStack[0x8]	READ	1
0x001a1c9b	0xStack[-0x20]	DATA	0
0x001a1c9e	0xStack[-0x24]	WRITE	0
0x001a1ca6	0xStack[-0x14]	WRITE	0
0x001a1cb2	0xStack[-0x28]	WRITE	0
0x001a1cb5	0x001a1ce8	DATA	1
0x001a1cbf	0xStack[-0x28]	READ	1
0x001a1cc7	0xStack[-0x24]	READ	1
0x001a1cca	0xStack[-0x20]	DATA	0
0x001a1cd0	0xStack[-0x24]	WRITE	0
0x001a1cda	0x001a1cbc	CONDITIONAL_JUMP	0
0x001a1ce3	0x001a1cec	UNCONDITIONAL_JUMP	0
0x001a1cec	0xStack[-0x20]	DATA	0
0x001a1cf0	0xStack[0x8]	READ	1
0x001a1cf5	0x001a1918	UNCONDITIONAL_CALL	0
0x001a1cfa	0x001a1d91	UNCONDITIONAL_JUMP	0
0x001a1d02	0x001a1d78	CONDITIONAL_JUMP	0
0x001a1d04	0xStack[0x8]	READ	1
0x001a1d0f	0xStack[-0x20]	DATA	0
0x001a1d12	0xStack[-0x24]	WRITE	0
0x001a1d1a	0xStack[-0xc]	WRITE	0
0x001a1d26	0xStack[-0x28]	WRITE	0
0x001a1d29	0x001a1d5c	DATA	1
0x001a1d33	0xStack[-0x28]	READ	1
0x001a1d3b	0xStack[-0x24]	READ	1
0x001a1d3e	0xStack[-0x20]	DATA	0
0x001a1d44	0xStack[-0x24]	WRITE	0
0x001a1d4e	0x001a1d30	CONDITIONAL_JUMP	0
0x001a1d57	0x001a1d68	UNCONDITIONAL_JUMP	0
0x001a1d68	0xStack[-0x20]	DATA	0
0x001a1d6c	0xStack[0x8]	READ	1
0x001a1d71	0x001a1968	UNCONDITIONAL_CALL	0
0x001a1d76	0x001a1d91	UNCONDITIONAL_JUMP	0
0x001a1d87	0xStack[0x8]	READ	1
0x001a1d8c	0x001a1750	UNCONDITIONAL_CALL	0
0x001a1d91	0xStack[-0x34]	DATA	0
0x001a1da4	0xStack[0x4]	READ	1
0x001a1da7	0xStack[0x8]	READ	1
0x001a1db7	0x001a1dbb	CONDITIONAL_JUMP	0
0x001a1dbd	0x001a1ddc	CONDITIONAL_JUMP	0
0x001a1dc8	0x001a1ddc	CONDITIONAL_JUMP	0
0x001a1dd8	0x001a1dde	UNCONDITIONAL_JUMP	0
0x001a1de5	0x001a1dec	CONDITIONAL_JUMP	0
0x001a1dea	0x001a1def	UNCONDITIONAL_JUMP	0
0x001a1e06	0xStack[-0x8]	WRITE	0
0x001a1e18	0x001a1e2c	DATA	1
0x001a1e2a	0x001a1e38	UNCONDITIONAL_JUMP	0
0x001a1e38	0xStack[0xc]	READ	1
0x001a1e5f	0x001a1e66	UNCONDITIONAL_JUMP	0
0x001a1e66	0xStack[-0x10]	DATA	0
0x001a1e79	0xStack[0x4]	READ	1
0x001a1e7c	0xStack[0x8]	READ	1
0x001a1e8c	0x001a1e90	CONDITIONAL_JUMP	0
0x001a1e92	0x001a1eb8	CONDITIONAL_JUMP	0
0x001a1e9d	0x001a1eb0	CONDITIONAL_JUMP	0
0x001a1ead	0x001a1eb2	UNCONDITIONAL_JUMP	0
0x001a1eb4	0x001a1eba	UNCONDITIONAL_JUMP	0
0x001a1ec2	0xStack[-0xc]	WRITE	0
0x001a1ed6	0x001a1eec	DATA	1
0x001a1ee0	0xStack[-0x8]	WRITE	0
0x001a1eea	0x001a1efc	UNCONDITIONAL_JUMP	0
0x001a1f03	0x001a1f10	CONDITIONAL_JUMP	0
0x001a1f0d	0xStack[-0x8]	READ_WRITE	0
0x001a1f10	0xStack[-0x8]	READ	1
0x001a1f25	0xStack[0xc]	READ	1
0x001a1f47	0xStack[-0x8]	READ	1
0x001a1f54	0xStack[-0x7]	READ	0
0x001a1f58	0x001a1f74	CONDITIONAL_JUMP	0
0x001a1f5e	0x001a1f69	CONDITIONAL_JUMP	0
0x001a1f70	0x001a1f7b	UNCONDITIONAL_JUMP	0
0x001a1f80	0xStack[-0x18]	DATA	0
0x001a1f95	0xStack[0x4]	READ	1
0x001a1fa5	0x001a1fa9	CONDITIONAL_JUMP	0
0x001a1fab	0x001a1fd0	CONDITIONAL_JUMP	0
0x001a1fb6	0x001a1fc8	CONDITIONAL_JUMP	0
0x001a1fc6	0x001a1fca	UNCONDITIONAL_JUMP	0
0x001a1fcc	0x001a1fd2	UNCONDITIONAL_JUMP	0
0x001a1fd2	0xStack[0x8]	READ	1
0x001a1fdd	0xStack[-0x18]	WRITE	0
0x001a1fe1	0xStack[-0x10]	DATA	0
0x001a1fe9	0xStack[-0x14]	WRITE	0
0x001a1ff5	0xStack[-0x1c]	WRITE	0
0x001a1ff8	0xStack[0x4]	READ	1
0x001a1ffb	0x001a202c	DATA	1
0x001a2004	0xStack[-0x18]	READ	1
0x001a2008	0xStack[-0x1c]	READ	1
0x001a2010	0xStack[-0x10]	DATA	0
0x001a2016	0xStack[-0x18]	READ_WRITE	0
0x001a201e	0x001a2004	CONDITIONAL_JUMP	0
0x001a2020	0xStack[0x4]	READ	1
0x001a202a	0x001a2040	UNCONDITIONAL_JUMP	0
0x001a2040	0xStack[-0x10]	READ	1
0x001a2043	0xStack[0x8]	READ	1
0x001a2049	0xStack[-0xc]	READ	1
0x001a2058	0x001a2065	CONDITIONAL_JUMP	0
0x001a2062	0xStack[-0x8]	READ_WRITE	0
0x001a2065	0xStack[-0x8]	READ	1
0x001a2068	0xStack[0x8]	READ	1
0x001a208e	0xStack[-0x8]	READ	1
0x001a209b	0xStack[-0x7]	READ	0
0x001a209f	0x001a20bc	CONDITIONAL_JUMP	0
0x001a20a5	0x001a20b0	CONDITIONAL_JUMP	0
0x001a20b7	0x001a20c3	UNCONDITIONAL_JUMP	0
0x001a20c8	0xStack[-0x28]	DATA	0
0x001a20dd	0xStack[0x8]	READ	1
0x001a20e0	0xStack[0x4]	READ	1
0x001a20ec	0xStack[-0x28]	WRITE	0
0x001a20f5	0x001a20fc	CONDITIONAL_JUMP	0
0x001a20f9	0xStack[-0x28]	WRITE	0
0x001a20fc	0xStack[-0x28]	READ	1
0x001a2108	0x001a211c	CONDITIONAL_JUMP	0
0x001a2118	0x001a211e	UNCONDITIONAL_JUMP	0
0x001a211e	0xStack[0xc]	READ	1
0x001a212c	0xStack[-0xc]	WRITE	0
0x001a2140	0xStack[0x4]	READ	1
0x001a2143	0x001a215c	DATA	1
0x001a214d	0xStack[-0x5]	WRITE	0
0x001a2150	0xStack[0x4]	READ	1
0x001a215a	0x001a2170	UNCONDITIONAL_JUMP	0
0x001a2170	0xStack[-0x5]	READ	1
0x001a2174	0xStack[-0x28]	READ	1
0x001a217d	0x001a2198	CONDITIONAL_JUMP	0
0x001a2186	0xStack[-0x28]	READ	1
0x001a2194	0x001a21b4	UNCONDITIONAL_JUMP	0
0x001a219c	0x001a21a1	CONDITIONAL_JUMP	0
0x001a21b6	0x001a21e9	CONDITIONAL_JUMP	0
0x001a21b8	0xStack[-0x5]	READ	1
0x001a21ca	0x001a21d8	CONDITIONAL_JUMP	0
0x001a21d3	0x001a21df	UNCONDITIONAL_JUMP	0
0x001a21e0	0xStack[0x4]	READ	1
0x001a21e4	0x001a1750	UNCONDITIONAL_CALL	0
0x001a21e9	0xStack[0xc]	READ	1
0x001a21fd	0xStack[-0x5]	READ	1
0x001a2201	0xStack[-0x20]	WRITE	0
0x001a2204	0xStack[0x4]	READ	1
0x001a2214	0x001a2218	CONDITIONAL_JUMP	0
0x001a221a	0x001a2240	CONDITIONAL_JUMP	0
0x001a2225	0x001a2238	CONDITIONAL_JUMP	0
0x001a2235	0x001a223a	UNCONDITIONAL_JUMP	0
0x001a223a	0xStack[-0x24]	WRITE	0
0x001a223d	0x001a2247	UNCONDITIONAL_JUMP	0
0x001a2240	0xStack[-0x24]	WRITE	0
0x001a224b	0xStack[-0x14]	WRITE	0
0x001a2253	0xStack[-0x12]	WRITE	0
0x001a225b	0xStack[-0x10]	WRITE	0
0x001a225f	0xStack[-0x24]	READ	1
0x001a2266	0x001a2270	CONDITIONAL_JUMP	0
0x001a2268	0xStack[-0x10]	READ_WRITE	0
0x001a226e	0x001a2276	UNCONDITIONAL_JUMP	0
0x001a2270	0xStack[-0x10]	READ_WRITE	0
0x001a2276	0xStack[-0x24]	READ	1
0x001a2281	0xStack[-0x10]	READ_WRITE	0
0x001a2291	0xStack[-0x28]	WRITE	0
0x001a2295	0xStack[-0x14]	DATA	0
0x001a229d	0xStack[-0x18]	WRITE	0
0x001a22ab	0xStack[0x4]	READ	1
0x001a22ae	0x001a22e0	DATA	1
0x001a22b8	0xStack[-0x28]	READ	1
0x001a22bc	0xStack[-0x14]	DATA	1
0x001a22c7	0xStack[-0x28]	READ_WRITE	0
0x001a22cf	0x001a22b8	CONDITIONAL_JUMP	0
0x001a22d1	0xStack[0x4]	READ	1
0x001a22db	0x001a22e4	UNCONDITIONAL_JUMP	0
0x001a22e4	0xStack[-0x20]	READ	1
0x001a22ee	0xStack[0x4]	READ	1
0x001a22f1	0x001a230c	DATA	1
0x001a22fb	0xStack[-0x1c]	WRITE	0
0x001a22fe	0xStack[0x4]	READ	1
0x001a2308	0x001a2318	UNCONDITIONAL_JUMP	0
0x001a2328	0xStack[-0x1c]	READ	1
0x001a232f	0xStack[-0x1a]	READ	1
0x001a2337	0xStack[-0x24]	READ	1
0x001a2348	0x001a2374	CONDITIONAL_JUMP	0
0x001a2351	0x001a2374	UNCONDITIONAL_JUMP	0
0x001a2379	0xStack[-0x34]	DATA	0
0x001a238d	0xStack[0x8]	READ	1
0x001a2390	0xStack[0x4]	READ	1
0x001a239c	0xStack[-0x24]	WRITE	0
0x001a23a5	0x001a23ac	CONDITIONAL_JUMP	0
0x001a23a9	0xStack[-0x24]	WRITE	0
0x001a23ac	0xStack[-0x24]	READ	1
0x001a23b8	0x001a23d0	CONDITIONAL_JUMP	0
0x001a23c8	0xStack[-0x20]	WRITE	0
0x001a23cb	0x001a23d7	UNCONDITIONAL_JUMP	0
0x001a23d0	0xStack[-0x20]	WRITE	0
0x001a23d7	0xStack[-0x24]	READ	1
0x001a23e3	0x001a23fc	CONDITIONAL_JUMP	0
0x001a23ec	0xStack[-0x24]	READ	1
0x001a23fa	0x001a2418	UNCONDITIONAL_JUMP	0
0x001a2400	0x001a2405	CONDITIONAL_JUMP	0
0x001a241a	0x001a243c	CONDITIONAL_JUMP	0
0x001a241f	0xStack[-0x20]	READ	1
0x001a2433	0xStack[0x4]	READ	1
0x001a2437	0x001a1750	UNCONDITIONAL_CALL	0
0x001a243f	0xStack[-0x18]	WRITE	0
0x001a2442	0xStack[0x4]	READ	1
0x001a2452	0x001a2456	CONDITIONAL_JUMP	0
0x001a2458	0x001a2480	CONDITIONAL_JUMP	0
0x001a2463	0x001a2478	CONDITIONAL_JUMP	0
0x001a2473	0x001a247a	UNCONDITIONAL_JUMP	0
0x001a247a	0xStack[-0x1c]	WRITE	0
0x001a247d	0x001a2487	UNCONDITIONAL_JUMP	0
0x001a2480	0xStack[-0x1c]	WRITE	0
0x001a248b	0xStack[-0xc]	WRITE	0
0x001a2493	0xStack[-0xa]	WRITE	0
0x001a249b	0xStack[-0x8]	WRITE	0
0x001a249f	0xStack[-0x1c]	READ	1
0x001a24a6	0x001a24b0	CONDITIONAL_JUMP	0
0x001a24a8	0xStack[-0x8]	READ_WRITE	0
0x001a24ae	0x001a24b6	UNCONDITIONAL_JUMP	0
0x001a24b0	0xStack[-0x8]	READ_WRITE	0
0x001a24b6	0xStack[-0x1c]	READ	1
0x001a24c1	0xStack[-0x8]	READ_WRITE	0
0x001a24d1	0xStack[-0x24]	WRITE	0
0x001a24d5	0xStack[-0xc]	DATA	0
0x001a24dd	0xStack[-0x10]	WRITE	0
0x001a24e9	0xStack[-0x20]	WRITE	0
0x001a24ec	0xStack[0x4]	READ	1
0x001a24ef	0x001a2520	DATA	1
0x001a24f8	0xStack[-0x24]	READ	1
0x001a24fc	0xStack[-0xc]	DATA	1
0x001a24ff	0xStack[-0x20]	READ	1
0x001a250a	0xStack[-0x24]	READ_WRITE	0
0x001a2512	0x001a24f8	CONDITIONAL_JUMP	0
0x001a2514	0xStack[0x4]	READ	1
0x001a251e	0x001a2524	UNCONDITIONAL_JUMP	0
0x001a2524	0xStack[-0x18]	READ	1
0x001a252e	0xStack[0x4]	READ	1
0x001a2531	0x001a2548	DATA	1
0x001a253b	0xStack[-0x14]	WRITE	0
0x001a2545	0x001a2554	UNCONDITIONAL_JUMP	0
0x001a2564	0xStack[-0x14]	READ	1
0x001a256b	0xStack[-0x12]	READ	1
0x001a2573	0xStack[-0x1c]	READ	1
0x001a2584	0x001a2594	CONDITIONAL_JUMP	0
0x001a258d	0x001a2594	UNCONDITIONAL_JUMP	0
0x001a2599	0xStack[-0x30]	DATA	0
0x001a25ad	0xStack[0x4]	READ	1
0x001a25b0	0xStack[0x8]	READ	1
0x001a25b9	0x001a268c	CONDITIONAL_JUMP	0
0x001a25bf	0xStack[-0x10]	WRITE	0
0x001a25c6	0xStack[-0x10]	READ	1
0x001a25c9	0xStack[-0x10]	WRITE	0
0x001a25cc	0xStack[-0x1c]	WRITE	0
0x001a25d3	0xStack[0x8]	READ	1
0x001a25de	0xStack[-0x20]	WRITE	0
0x001a25e4	0xStack[-0x20]	READ	1
0x001a25eb	0xStack[-0x18]	WRITE	0
0x001a25fc	0x001a2614	DATA	1
0x001a2606	0xStack[-0x11]	WRITE	0
0x001a2610	0x001a2620	UNCONDITIONAL_JUMP	0
0x001a2620	0xStack[-0x11]	READ	1
0x001a2629	0x001a2640	CONDITIONAL_JUMP	0
0x001a2630	0x001a2644	CONDITIONAL_JUMP	0
0x001a2632	0xStack[-0x8]	WRITE	0
0x001a2638	0xStack[-0x9]	WRITE	0
0x001a263b	0x001a264c	UNCONDITIONAL_JUMP	0
0x001a2640	0xStack[-0x10]	READ_WRITE	0
0x001a2648	0x001a25e4	CONDITIONAL_JUMP	0
0x001a264a	0x001a2678	UNCONDITIONAL_JUMP	0
0x001a264c	0xStack[-0x9]	READ	1
0x001a2650	0x001e4b80	DATA	1
0x001a2659	0x001a2678	CONDITIONAL_JUMP	0
0x001a265b	0xStack[-0x10]	READ	1
0x001a265f	0xStack[-0x8]	READ	1
0x001a2663	0xStack[0x8]	READ	1
0x001a266f	0x001a2678	CONDITIONAL_JUMP	0
0x001a2671	0xStack[-0x1c]	WRITE	0
0x001a2678	0xStack[-0x1c]	READ	0
0x001a267c	0x001a26ac	CONDITIONAL_JUMP	0
0x001a267e	0xStack[0x8]	READ	1
0x001a2683	0x001a2384	UNCONDITIONAL_CALL	0
0x001a2688	0x001a26be	UNCONDITIONAL_JUMP	0
0x001a268f	0x001a26b4	CONDITIONAL_JUMP	0
0x001a2691	0xStack[0x8]	READ	1
0x001a2696	0x001a1b60	UNCONDITIONAL_CALL	0
0x001a26a0	0x001a26ac	CONDITIONAL_JUMP	0
0x001a26a4	0x001a2384	UNCONDITIONAL_CALL	0
0x001a26a9	0x001a26be	UNCONDITIONAL_JUMP	0
0x001a26b1	0x001a26be	UNCONDITIONAL_JUMP	0
0x001a26b4	0xStack[0x8]	READ	1
0x001a26b9	0x001a2384	UNCONDITIONAL_CALL	0
0x001a26be	0xStack[-0x2c]	DATA	0
0x001a26cc	0xStack[0x4]	READ	1
0x001a26cf	0xStack[0x8]	READ	1
0x001a26df	0x001a26e3	CONDITIONAL_JUMP	0
0x001a26e5	0x001a270c	CONDITIONAL_JUMP	0
0x001a26f0	0x001a2704	CONDITIONAL_JUMP	0
0x001a2700	0x001a2706	UNCONDITIONAL_JUMP	0
0x001a2708	0x001a270e	UNCONDITIONAL_JUMP	0
0x001a270e	0xStack[0xc]	READ	1
0x001a272c	0xStack[-0x8]	READ	1
0x001a2738	0xStack[0x4]	READ	1
0x001a273b	0xStack[0x8]	READ	1
0x001a274b	0x001a274f	CONDITIONAL_JUMP	0
0x001a2751	0x001a2778	CONDITIONAL_JUMP	0
0x001a275c	0x001a2770	CONDITIONAL_JUMP	0
0x001a276c	0x001a2772	UNCONDITIONAL_JUMP	0
0x001a2774	0x001a277a	UNCONDITIONAL_JUMP	0
0x001a277a	0xStack[0xc]	READ	1
0x001a2790	0x001a27a2	CONDITIONAL_JUMP	0
0x001a27a7	0xStack[-0x8]	READ	1
0x001a27b9	0xStack[0x4]	READ	1
0x001a27bc	0xStack[0x8]	READ	1
0x001a27bf	0xStack[0xc]	READ	1
0x001a27c2	0xStack[0x10]	READ	1
0x001a27c7	0x001a27d8	CONDITIONAL_JUMP	0
0x001a27cd	0x001a1d9c	UNCONDITIONAL_CALL	0
0x001a27d2	0x001a2896	UNCONDITIONAL_JUMP	0
0x001a27e5	0x001a27e9	CONDITIONAL_JUMP	0
0x001a27eb	0x001a2808	CONDITIONAL_JUMP	0
0x001a27f6	0x001a2808	CONDITIONAL_JUMP	0
0x001a2806	0x001a280a	UNCONDITIONAL_JUMP	0
0x001a2812	0x001a281c	CONDITIONAL_JUMP	0
0x001a2817	0x001a281f	UNCONDITIONAL_JUMP	0
0x001a2836	0xStack[-0x8]	WRITE	0
0x001a2848	0x001a2860	DATA	1
0x001a285b	0x001a286c	UNCONDITIONAL_JUMP	0
0x001a2891	0x001a2896	UNCONDITIONAL_JUMP	0
0x001a2896	0xStack[-0x14]	DATA	0
0x001a28a9	0xStack[0x4]	READ	1
0x001a28ac	0xStack[0x8]	READ	1
0x001a28af	0xStack[0xc]	READ	1
0x001a28b2	0xStack[0x10]	READ	1
0x001a28b7	0x001a28c8	CONDITIONAL_JUMP	0
0x001a28bd	0x001a1e70	UNCONDITIONAL_CALL	0
0x001a28c2	0x001a29d0	UNCONDITIONAL_JUMP	0
0x001a28d5	0x001a28d9	CONDITIONAL_JUMP	0
0x001a28db	0x001a2904	CONDITIONAL_JUMP	0
0x001a28e3	0xStack[-0x10]	WRITE	0
0x001a28e9	0x001a28fc	CONDITIONAL_JUMP	0
0x001a28f9	0x001a28fe	UNCONDITIONAL_JUMP	0
0x001a2900	0x001a2906	UNCONDITIONAL_JUMP	0
0x001a290e	0xStack[-0xc]	WRITE	0
0x001a2920	0xStack[-0x10]	WRITE	0
0x001a2925	0x001a2940	DATA	1
0x001a2930	0xStack[-0x6]	WRITE	0
0x001a293b	0x001a2950	UNCONDITIONAL_JUMP	0
0x001a2957	0x001a2965	CONDITIONAL_JUMP	0
0x001a2961	0xStack[-0x6]	READ_WRITE	0
0x001a2965	0xStack[-0x6]	READ	1
0x001a2996	0xStack[-0x6]	READ	1
0x001a29a3	0xStack[-0x5]	READ	0
0x001a29a7	0x001a29c4	CONDITIONAL_JUMP	0
0x001a29ad	0x001a29b8	CONDITIONAL_JUMP	0
0x001a29bf	0x001a29cb	UNCONDITIONAL_JUMP	0
0x001a29d0	0xStack[-0x1c]	DATA	0
0x001a29e5	0xStack[0x10]	READ	1
0x001a29ea	0x001a2a04	CONDITIONAL_JUMP	0
0x001a29ed	0xStack[0xc]	READ	1
0x001a29f1	0xStack[0x8]	READ	1
0x001a29f5	0xStack[0x4]	READ	1
0x001a29f9	0x001a1f8c	UNCONDITIONAL_CALL	0
0x001a29fe	0x001a2b34	UNCONDITIONAL_JUMP	0
0x001a2a04	0xStack[0x4]	READ	1
0x001a2a14	0x001a2a18	CONDITIONAL_JUMP	0
0x001a2a1a	0x001a2a40	CONDITIONAL_JUMP	0
0x001a2a25	0x001a2a38	CONDITIONAL_JUMP	0
0x001a2a35	0x001a2a3a	UNCONDITIONAL_JUMP	0
0x001a2a3c	0x001a2a42	UNCONDITIONAL_JUMP	0
0x001a2a42	0xStack[0x8]	READ	1
0x001a2a4d	0xStack[-0x14]	WRITE	0
0x001a2a51	0xStack[-0xc]	DATA	0
0x001a2a59	0xStack[-0x10]	WRITE	0
0x001a2a65	0xStack[-0x18]	WRITE	0
0x001a2a68	0xStack[0x4]	READ	1
0x001a2a6b	0x001a2a9c	DATA	1
0x001a2a74	0xStack[-0x14]	READ	1
0x001a2a78	0xStack[-0x18]	READ	1
0x001a2a80	0xStack[-0xc]	DATA	0
0x001a2a86	0xStack[-0x14]	READ_WRITE	0
0x001a2a8e	0x001a2a74	CONDITIONAL_JUMP	0
0x001a2a90	0xStack[0x4]	READ	1
0x001a2a9a	0x001a2ab0	UNCONDITIONAL_JUMP	0
0x001a2ab0	0xStack[-0xc]	READ	1
0x001a2ab4	0xStack[0x8]	READ	1
0x001a2aba	0xStack[-0xa]	READ	1
0x001a2ac9	0x001a2ad7	CONDITIONAL_JUMP	0
0x001a2ad3	0xStack[-0x8]	READ_WRITE	0
0x001a2ad7	0xStack[-0x8]	READ	1
0x001a2ae5	0xStack[0x8]	READ	1
0x001a2afb	0xStack[-0x8]	READ	1
0x001a2b08	0xStack[-0x7]	READ	0
0x001a2b0c	0x001a2b28	CONDITIONAL_JUMP	0
0x001a2b12	0x001a2b1d	CONDITIONAL_JUMP	0
0x001a2b24	0x001a2b2f	UNCONDITIONAL_JUMP	0
0x001a2b34	0xStack[-0x24]	DATA	0
0x001a2b49	0xStack[0x4]	READ	1
0x001a2b59	0x001a2b5d	CONDITIONAL_JUMP	0
0x001a2b5f	0x001a2b84	CONDITIONAL_JUMP	0
0x001a2b6a	0x001a2b7c	CONDITIONAL_JUMP	0
0x001a2b7a	0x001a2b7e	UNCONDITIONAL_JUMP	0
0x001a2b80	0x001a2b86	UNCONDITIONAL_JUMP	0
0x001a2b86	0xStack[0x8]	READ	1
0x001a2b8f	0x001a2f86	CONDITIONAL_JUMP	0
0x001a2b9c	0xStack[0x4]	READ	1
0x001a2bac	0x001a2bb0	CONDITIONAL_JUMP	0
0x001a2bba	0x001a2bc4	CONDITIONAL_JUMP	0
0x001a2bbe	0x001a2f86	UNCONDITIONAL_JUMP	0
0x001a2bc7	0xStack[0x4]	READ	1
0x001a2bca	0x001a2bf0	DATA	1
0x001a2bd4	0xStack[-0xc]	WRITE	0
0x001a2bdb	0xStack[-0x8]	WRITE	0
0x001a2bde	0xStack[0x4]	READ	1
0x001a2bed	0x001a2bfc	UNCONDITIONAL_JUMP	0
0x001a2bfe	0x001a2f86	CONDITIONAL_JUMP	0
0x001a2c04	0xStack[0x8]	READ	1
0x001a2c0a	0xStack[-0x8]	READ	1
0x001a2c11	0xStack[-0xa]	READ	1
0x001a2c15	0xStack[-0x5]	READ	1
0x001a2c21	0xStack[-0x6]	READ	0
0x001a2c25	0x001a2c2d	CONDITIONAL_JUMP	0
0x001a2c2f	0xStack[0x4]	READ	1
0x001a2c32	0x001a2c4c	DATA	1
0x001a2c3c	0xStack[-0x10]	WRITE	0
0x001a2c3f	0xStack[0x4]	READ	1
0x001a2c49	0x001a2c54	UNCONDITIONAL_JUMP	0
0x001a2c54	0xStack[-0x10]	READ	0
0x001a2c5a	0x001a2f86	CONDITIONAL_JUMP	0
0x001a2c60	0xStack[-0xe]	READ	1
0x001a2c65	0x001a2c7c	CONDITIONAL_JUMP	0
0x001a2c68	0x001a1ad4	UNCONDITIONAL_CALL	0
0x001a2c74	0x001a2faf	UNCONDITIONAL_JUMP	0
0x001a2c7e	0x001a2d88	CONDITIONAL_JUMP	0
0x001a2c84	0xStack[0x8]	READ	1
0x001a2c8d	0x001a2f86	CONDITIONAL_JUMP	0
0x001a2c9a	0xStack[0x4]	READ	1
0x001a2caa	0x001a2cae	CONDITIONAL_JUMP	0
0x001a2cb8	0x001a2cc4	CONDITIONAL_JUMP	0
0x001a2cbc	0x001a2f86	UNCONDITIONAL_JUMP	0
0x001a2cc7	0xStack[0x4]	READ	1
0x001a2cca	0x001a2cf0	DATA	1
0x001a2cd4	0xStack[-0x2c]	WRITE	0
0x001a2cdb	0xStack[-0x28]	WRITE	0
0x001a2cde	0xStack[0x4]	READ	1
0x001a2ced	0x001a2cfc	UNCONDITIONAL_JUMP	0
0x001a2cfe	0x001a2f86	CONDITIONAL_JUMP	0
0x001a2d04	0xStack[0x8]	READ	1
0x001a2d0a	0xStack[-0x24]	DATA	0
0x001a2d12	0xStack[-0x28]	READ	1
0x001a2d19	0xStack[-0x2a]	READ	1
0x001a2d1d	0xStack[-0x25]	READ	1
0x001a2d2c	0xStack[-0x26]	READ	0
0x001a2d30	0x001a2d37	CONDITIONAL_JUMP	0
0x001a2d37	0xStack[0x4]	READ	1
0x001a2d3a	0x001a2d68	DATA	1
0x001a2d4b	0xStack[-0x24]	DATA	0
0x001a2d57	0x001a2d44	CONDITIONAL_JUMP	0
0x001a2d59	0xStack[0x4]	READ	1
0x001a2d63	0x001a2d70	UNCONDITIONAL_JUMP	0
0x001a2d70	0xStack[-0x24]	DATA	0
0x001a2d74	0xStack[0x8]	READ	1
0x001a2d78	0xStack[0x4]	READ	1
0x001a2d7c	0x001a18c8	UNCONDITIONAL_CALL	0
0x001a2d81	0x001a2fbc	UNCONDITIONAL_JUMP	0
0x001a2d8a	0x001a2e94	CONDITIONAL_JUMP	0
0x001a2d90	0xStack[0x8]	READ	1
0x001a2d99	0x001a2f86	CONDITIONAL_JUMP	0
0x001a2da6	0xStack[0x4]	READ	1
0x001a2db6	0x001a2dba	CONDITIONAL_JUMP	0
0x001a2dc4	0x001a2dd0	CONDITIONAL_JUMP	0
0x001a2dc8	0x001a2f86	UNCONDITIONAL_JUMP	0
0x001a2dd3	0xStack[0x4]	READ	1
0x001a2dd6	0x001a2dfc	DATA	1
0x001a2de0	0xStack[-0x2c]	WRITE	0
0x001a2de7	0xStack[-0x28]	WRITE	0
0x001a2dea	0xStack[0x4]	READ	1
0x001a2df9	0x001a2e08	UNCONDITIONAL_JUMP	0
0x001a2e0a	0x001a2f86	CONDITIONAL_JUMP	0
0x001a2e10	0xStack[0x8]	READ	1
0x001a2e16	0xStack[-0x24]	DATA	0
0x001a2e1e	0xStack[-0x28]	READ	1
0x001a2e25	0xStack[-0x2a]	READ	1
0x001a2e29	0xStack[-0x25]	READ	1
0x001a2e38	0xStack[-0x26]	READ	0
0x001a2e3c	0x001a2e43	CONDITIONAL_JUMP	0
0x001a2e43	0xStack[0x4]	READ	1
0x001a2e46	0x001a2e74	DATA	1
0x001a2e57	0xStack[-0x24]	DATA	0
0x001a2e63	0x001a2e50	CONDITIONAL_JUMP	0
0x001a2e65	0xStack[0x4]	READ	1
0x001a2e6f	0x001a2e7c	UNCONDITIONAL_JUMP	0
0x001a2e7c	0xStack[-0x24]	DATA	0
0x001a2e80	0xStack[0x8]	READ	1
0x001a2e84	0xStack[0x4]	READ	1
0x001a2e88	0x001a1918	UNCONDITIONAL_CALL	0
0x001a2e8d	0x001a2fbc	UNCONDITIONAL_JUMP	0
0x001a2e96	0x001a2fa0	CONDITIONAL_JUMP	0
0x001a2e9c	0xStack[0x8]	READ	1
0x001a2ea5	0x001a2f86	CONDITIONAL_JUMP	0
0x001a2eb2	0xStack[0x4]	READ	1
0x001a2ec2	0x001a2ec6	CONDITIONAL_JUMP	0
0x001a2ed0	0x001a2edc	CONDITIONAL_JUMP	0
0x001a2ed4	0x001a2f86	UNCONDITIONAL_JUMP	0
0x001a2edf	0xStack[0x4]	READ	1
0x001a2ee2	0x001a2f08	DATA	1
0x001a2eec	0xStack[-0x2c]	WRITE	0
0x001a2ef3	0xStack[-0x28]	WRITE	0
0x001a2ef6	0xStack[0x4]	READ	1
0x001a2f05	0x001a2f14	UNCONDITIONAL_JUMP	0
0x001a2f16	0x001a2f86	CONDITIONAL_JUMP	0
0x001a2f18	0xStack[0x8]	READ	1
0x001a2f1e	0xStack[-0x24]	DATA	0
0x001a2f26	0xStack[-0x28]	READ	1
0x001a2f2d	0xStack[-0x2a]	READ	1
0x001a2f31	0xStack[-0x25]	READ	1
0x001a2f40	0xStack[-0x26]	READ	0
0x001a2f44	0x001a2f4b	CONDITIONAL_JUMP	0
0x001a2f4b	0xStack[0x4]	READ	1
0x001a2f4e	0x001a2f7c	DATA	1
0x001a2f5f	0xStack[-0x24]	DATA	0
0x001a2f6b	0x001a2f58	CONDITIONAL_JUMP	0
0x001a2f6d	0xStack[0x4]	READ	1
0x001a2f77	0x001a2f8c	UNCONDITIONAL_JUMP	0
0x001a2f88	0x001a2fbc	UNCONDITIONAL_JUMP	0
0x001a2f8c	0xStack[-0x24]	DATA	0
0x001a2f90	0xStack[0x8]	READ	1
0x001a2f94	0xStack[0x4]	READ	1
0x001a2f98	0x001a1968	UNCONDITIONAL_CALL	0
0x001a2f9d	0x001a2fbc	UNCONDITIONAL_JUMP	0
0x001a2faf	0xStack[0x8]	READ	1
0x001a2fb3	0xStack[0x4]	READ	1
0x001a2fb7	0x001a1750	UNCONDITIONAL_CALL	0
0x001a2fbc	0xStack[-0x3c]	DATA	0
0x001a2fd1	0xStack[0x8]	READ	1
0x001a2fda	0x001a3126	CONDITIONAL_JUMP	0
0x001a2fe7	0xStack[0x4]	READ	1
0x001a2ff7	0x001a2ffb	CONDITIONAL_JUMP	0
0x001a3005	0x001a3010	CONDITIONAL_JUMP	0
0x001a3009	0x001a3126	UNCONDITIONAL_JUMP	0
0x001a3013	0xStack[0x4]	READ	1
0x001a3016	0x001a303c	DATA	1
0x001a3020	0xStack[-0xc]	WRITE	0
0x001a3027	0xStack[-0x8]	WRITE	0
0x001a302a	0xStack[0x4]	READ	1
0x001a3039	0x001a3048	UNCONDITIONAL_JUMP	0
0x001a304a	0x001a3126	CONDITIONAL_JUMP	0
0x001a3050	0xStack[0x10]	READ	1
0x001a3054	0xStack[-0x14]	WRITE	0
0x001a3058	0xStack[0x8]	READ	1
0x001a3069	0xStack[-0x14]	WRITE	0
0x001a3070	0xStack[-0x10]	WRITE	0
0x001a3080	0xStack[-0x10]	WRITE	0
0x001a3083	0xStack[0xc]	READ	0
0x001a3087	0x001a30a4	CONDITIONAL_JUMP	0
0x001a309c	0xStack[-0x10]	WRITE	0
0x001a309f	0x001a30ad	UNCONDITIONAL_JUMP	0
0x001a30aa	0xStack[-0x10]	WRITE	0
0x001a30ad	0xStack[0x8]	READ	1
0x001a30b6	0xStack[-0x14]	DATA	0
0x001a30b9	0xStack[-0x1c]	WRITE	0
0x001a30bc	0xStack[-0x18]	WRITE	0
0x001a30c3	0xStack[-0x8]	READ	1
0x001a30ca	0xStack[-0xa]	READ	1
0x001a30ce	0xStack[-0x5]	READ	1
0x001a30dd	0xStack[-0x6]	READ	0
0x001a30e1	0x001a30e8	CONDITIONAL_JUMP	0
0x001a30e8	0xStack[0x4]	READ	1
0x001a30eb	0x001a311c	DATA	1
0x001a30f6	0xStack[-0x1c]	READ	1
0x001a30f9	0xStack[-0x14]	DATA	1
0x001a3101	0xStack[-0x1c]	READ_WRITE	0
0x001a3108	0xStack[-0x18]	READ_WRITE	0
0x001a310c	0x001a30f4	CONDITIONAL_JUMP	0
0x001a310e	0xStack[0x4]	READ	1
0x001a3118	0x001a312c	UNCONDITIONAL_JUMP	0
0x001a3128	0x001a3154	UNCONDITIONAL_JUMP	0
0x001a312c	0xStack[-0x6]	READ	0
0x001a3130	0x001a313c	CONDITIONAL_JUMP	0
0x001a3132	0xStack[0x8]	READ	1
0x001a3139	0x001a314f	UNCONDITIONAL_JUMP	0
0x001a313c	0xStack[0x8]	READ	1
0x001a3154	0xStack[-0x28]	DATA	0
0x001a3169	0xStack[0x4]	READ	1
0x001a3179	0x001a317d	CONDITIONAL_JUMP	0
0x001a317f	0x001a31a4	CONDITIONAL_JUMP	0
0x001a318a	0x001a319c	CONDITIONAL_JUMP	0
0x001a319a	0x001a319e	UNCONDITIONAL_JUMP	0
0x001a319e	0xStack[-0x44]	WRITE	0
0x001a31a1	0x001a31ab	UNCONDITIONAL_JUMP	0
0x001a31a4	0xStack[-0x44]	WRITE	0
0x001a31ab	0xStack[0x4]	READ	1
0x001a31bb	0x001a31bf	CONDITIONAL_JUMP	0
0x001a31bf	0xStack[0xc]	READ	1
0x001a31cc	0x001a3768	CONDITIONAL_JUMP	0
0x001a31d7	0xStack[0x4]	READ	1
0x001a31da	0x001a3200	DATA	1
0x001a31e4	0xStack[-0xc]	WRITE	0
0x001a31eb	0xStack[-0x8]	WRITE	0
0x001a31ee	0xStack[0x4]	READ	1
0x001a31fd	0x001a3214	UNCONDITIONAL_JUMP	0
0x001a3214	0xStack[-0x7]	READ	1
0x001a321d	0x001a3260	CONDITIONAL_JUMP	0
0x001a321f	0x001a322c	CONDITIONAL_JUMP	0
0x001a3224	0x001a3254	CONDITIONAL_JUMP	0
0x001a3226	0x001a3768	UNCONDITIONAL_JUMP	0
0x001a322f	0x001a323c	CONDITIONAL_JUMP	0
0x001a3234	0x001a324c	CONDITIONAL_JUMP	0
0x001a3236	0x001a3768	UNCONDITIONAL_JUMP	0
0x001a3241	0xStack[-0x48]	WRITE	0
0x001a3248	0x001a3269	UNCONDITIONAL_JUMP	0
0x001a3251	0x001a3262	UNCONDITIONAL_JUMP	0
0x001a3256	0xStack[-0x48]	WRITE	0
0x001a325d	0x001a3269	UNCONDITIONAL_JUMP	0
0x001a3262	0xStack[-0x48]	WRITE	0
0x001a3269	0xStack[-0x7]	READ	0
0x001a326d	0x001a3768	CONDITIONAL_JUMP	0
0x001a3273	0xStack[-0xa]	READ	1
0x001a3279	0x001a3768	CONDITIONAL_JUMP	0
0x001a3286	0xStack[0x4]	READ	1
0x001a3296	0x001a329a	CONDITIONAL_JUMP	0
0x001a32a4	0x001a32b0	CONDITIONAL_JUMP	0
0x001a32a8	0x001a3768	UNCONDITIONAL_JUMP	0
0x001a32b3	0xStack[0x4]	READ	1
0x001a32b6	0x001a32dc	DATA	1
0x001a32c0	0xStack[-0x14]	WRITE	0
0x001a32c7	0xStack[-0x10]	WRITE	0
0x001a32ca	0xStack[0x4]	READ	1
0x001a32d9	0x001a32e8	UNCONDITIONAL_JUMP	0
0x001a32ea	0x001a3768	CONDITIONAL_JUMP	0
0x001a32f0	0xStack[-0xf]	READ	1
0x001a32fb	0x001a3768	CONDITIONAL_JUMP	0
0x001a3303	0x001a3768	CONDITIONAL_JUMP	0
0x001a3309	0xStack[0x14]	READ	0
0x001a330d	0x001a3325	CONDITIONAL_JUMP	0
0x001a330f	0xStack[0xc]	READ	0
0x001a3313	0x001a3325	CONDITIONAL_JUMP	0
0x001a3315	0xStack[0xc]	READ	0
0x001a3319	0x001a3325	CONDITIONAL_JUMP	0
0x001a331b	0xStack[0xc]	READ	0
0x001a331f	0x001a35e8	CONDITIONAL_JUMP	0
0x001a3327	0x001a348c	CONDITIONAL_JUMP	0
0x001a332d	0xStack[-0x44]	READ	1
0x001a3333	0xStack[0x8]	READ	1
0x001a333c	0x001a3768	CONDITIONAL_JUMP	0
0x001a3349	0xStack[0x4]	READ	1
0x001a3359	0x001a335d	CONDITIONAL_JUMP	0
0x001a3367	0x001a3370	CONDITIONAL_JUMP	0
0x001a336b	0x001a3768	UNCONDITIONAL_JUMP	0
0x001a3373	0xStack[0x4]	READ	1
0x001a3376	0x001a339c	DATA	1
0x001a3380	0xStack[-0x28]	WRITE	0
0x001a3387	0xStack[-0x24]	WRITE	0
0x001a338a	0xStack[0x4]	READ	1
0x001a3399	0x001a33a8	UNCONDITIONAL_JUMP	0
0x001a33aa	0x001a3768	CONDITIONAL_JUMP	0
0x001a33b0	0xStack[0x8]	READ	1
0x001a33b6	0xStack[-0x20]	WRITE	0
0x001a33b9	0xStack[0x8]	READ	1
0x001a33c0	0xStack[-0x1c]	WRITE	0
0x001a33c4	0xStack[0x8]	READ	1
0x001a33ca	0xStack[-0x18]	WRITE	0
0x001a33cf	0x001a33dc	CONDITIONAL_JUMP	0
0x001a33d1	0xStack[-0x18]	READ_WRITE	0
0x001a33d8	0x001a33e3	UNCONDITIONAL_JUMP	0
0x001a33dc	0xStack[-0x18]	READ_WRITE	0
0x001a33e3	0xStack[0x8]	READ	1
0x001a33ec	0xStack[-0x20]	DATA	0
0x001a33ef	0xStack[-0x4c]	WRITE	0
0x001a33f2	0xStack[-0x50]	WRITE	0
0x001a33f9	0xStack[-0x24]	READ	1
0x001a3400	0xStack[-0x26]	READ	1
0x001a3404	0xStack[-0x21]	READ	1
0x001a3413	0xStack[-0x22]	READ	0
0x001a3417	0x001a341e	CONDITIONAL_JUMP	0
0x001a341e	0xStack[0x4]	READ	1
0x001a3421	0x001a3450	DATA	1
0x001a342a	0xStack[-0x4c]	READ	1
0x001a342d	0xStack[-0x20]	DATA	1
0x001a3435	0xStack[-0x4c]	READ_WRITE	0
0x001a343c	0xStack[-0x50]	READ_WRITE	0
0x001a3440	0x001a3428	CONDITIONAL_JUMP	0
0x001a3442	0xStack[0x4]	READ	1
0x001a344c	0x001a3460	UNCONDITIONAL_JUMP	0
0x001a3460	0xStack[-0x22]	READ	0
0x001a3464	0x001a3474	CONDITIONAL_JUMP	0
0x001a3466	0xStack[0x8]	READ	1
0x001a346d	0x001a376c	UNCONDITIONAL_JUMP	0
0x001a3474	0xStack[0x8]	READ	1
0x001a3487	0x001a376c	UNCONDITIONAL_JUMP	0
0x001a348c	0xStack[-0x44]	READ	1
0x001a3492	0xStack[0x8]	READ	1
0x001a349b	0x001a3768	CONDITIONAL_JUMP	0
0x001a34a8	0xStack[0x4]	READ	1
0x001a34b8	0x001a34bc	CONDITIONAL_JUMP	0
0x001a34c6	0x001a34d0	CONDITIONAL_JUMP	0
0x001a34ca	0x001a3768	UNCONDITIONAL_JUMP	0
0x001a34d3	0xStack[0x4]	READ	1
0x001a34d6	0x001a34fc	DATA	1
0x001a34e0	0xStack[-0x28]	WRITE	0
0x001a34e7	0xStack[-0x24]	WRITE	0
0x001a34ea	0xStack[0x4]	READ	1
0x001a34f9	0x001a3508	UNCONDITIONAL_JUMP	0
0x001a350a	0x001a3768	CONDITIONAL_JUMP	0
0x001a3510	0xStack[0x8]	READ	1
0x001a3517	0xStack[-0x20]	WRITE	0
0x001a351b	0xStack[0x8]	READ	1
0x001a3522	0xStack[-0x1e]	WRITE	0
0x001a3526	0xStack[0x8]	READ	1
0x001a352d	0xStack[-0x1c]	WRITE	0
0x001a3533	0x001a3540	CONDITIONAL_JUMP	0
0x001a3535	0xStack[-0x1c]	READ_WRITE	0
0x001a353b	0x001a3546	UNCONDITIONAL_JUMP	0
0x001a3540	0xStack[-0x1c]	READ_WRITE	0
0x001a3546	0xStack[0x8]	READ	1
0x001a354f	0xStack[-0x20]	DATA	0
0x001a3552	0xStack[-0x4c]	WRITE	0
0x001a3555	0xStack[-0x50]	WRITE	0
0x001a355c	0xStack[-0x24]	READ	1
0x001a3563	0xStack[-0x26]	READ	1
0x001a3567	0xStack[-0x21]	READ	1
0x001a3576	0xStack[-0x22]	READ	0
0x001a357a	0x001a3581	CONDITIONAL_JUMP	0
0x001a3581	0xStack[0x4]	READ	1
0x001a3584	0x001a35b4	DATA	1
0x001a358e	0xStack[-0x4c]	READ	1
0x001a3591	0xStack[-0x20]	DATA	1
0x001a3599	0xStack[-0x4c]	READ_WRITE	0
0x001a35a0	0xStack[-0x50]	READ_WRITE	0
0x001a35a4	0x001a358c	CONDITIONAL_JUMP	0
0x001a35a6	0xStack[0x4]	READ	1
0x001a35b0	0x001a35c4	UNCONDITIONAL_JUMP	0
0x001a35c4	0xStack[-0x22]	READ	0
0x001a35c8	0x001a35d8	CONDITIONAL_JUMP	0
0x001a35ca	0xStack[0x8]	READ	1
0x001a35d1	0x001a376c	UNCONDITIONAL_JUMP	0
0x001a35d8	0xStack[0x8]	READ	1
0x001a35e3	0x001a373f	UNCONDITIONAL_JUMP	0
0x001a35ea	0x001a374c	CONDITIONAL_JUMP	0
0x001a35f0	0xStack[-0x44]	READ	1
0x001a35f6	0xStack[0x8]	READ	1
0x001a35ff	0x001a3768	CONDITIONAL_JUMP	0
0x001a360c	0xStack[0x4]	READ	1
0x001a361c	0x001a3620	CONDITIONAL_JUMP	0
0x001a362a	0x001a3634	CONDITIONAL_JUMP	0
0x001a362e	0x001a3768	UNCONDITIONAL_JUMP	0
0x001a3637	0xStack[0x4]	READ	1
0x001a363a	0x001a3660	DATA	1
0x001a3644	0xStack[-0x40]	WRITE	0
0x001a364b	0xStack[-0x3c]	WRITE	0
0x001a364e	0xStack[0x4]	READ	1
0x001a365d	0x001a366c	UNCONDITIONAL_JUMP	0
0x001a366e	0x001a3768	CONDITIONAL_JUMP	0
0x001a3674	0xStack[0x10]	READ	1
0x001a3677	0xStack[-0x38]	WRITE	0
0x001a367a	0xStack[0x8]	READ	1
0x001a3680	0xStack[-0x34]	WRITE	0
0x001a3683	0xStack[0x8]	READ	1
0x001a368a	0xStack[-0x30]	WRITE	0
0x001a368e	0xStack[0x8]	READ	1
0x001a3694	0xStack[-0x2c]	WRITE	0
0x001a3699	0x001a36a4	CONDITIONAL_JUMP	0
0x001a369b	0xStack[-0x2c]	READ_WRITE	0
0x001a36a2	0x001a36ab	UNCONDITIONAL_JUMP	0
0x001a36a4	0xStack[-0x2c]	READ_WRITE	0
0x001a36ab	0xStack[0x8]	READ	1
0x001a36b4	0xStack[-0x38]	DATA	0
0x001a36b7	0xStack[-0x4c]	WRITE	0
0x001a36ba	0xStack[-0x50]	WRITE	0
0x001a36c1	0xStack[-0x3c]	READ	1
0x001a36c8	0xStack[-0x3e]	READ	1
0x001a36cc	0xStack[-0x39]	READ	1
0x001a36db	0xStack[-0x3a]	READ	0
0x001a36df	0x001a36e6	CONDITIONAL_JUMP	0
0x001a36e6	0xStack[0x4]	READ	1
0x001a36e9	0x001a3718	DATA	1
0x001a36f2	0xStack[-0x4c]	READ	1
0x001a36f5	0xStack[-0x38]	DATA	1
0x001a36fd	0xStack[-0x4c]	READ_WRITE	0
0x001a3704	0xStack[-0x50]	READ_WRITE	0
0x001a3708	0x001a36f0	CONDITIONAL_JUMP	0
0x001a370a	0xStack[0x4]	READ	1
0x001a3714	0x001a3724	UNCONDITIONAL_JUMP	0
0x001a3724	0xStack[-0x3a]	READ	0
0x001a3728	0x001a3734	CONDITIONAL_JUMP	0
0x001a372a	0xStack[0x8]	READ	1
0x001a3731	0x001a376c	UNCONDITIONAL_JUMP	0
0x001a3734	0xStack[0x8]	READ	1
0x001a3747	0x001a376c	UNCONDITIONAL_JUMP	0
0x001a374c	0xStack[0x10]	READ	1
0x001a3750	0xStack[-0x44]	READ	1
0x001a3757	0xStack[0x8]	READ	1
0x001a375b	0xStack[0x4]	READ	1
0x001a375f	0x001a2fc8	UNCONDITIONAL_CALL	0
0x001a3766	0x001a376c	CONDITIONAL_JUMP	0
0x001a376a	0x001a37b3	UNCONDITIONAL_JUMP	0
0x001a376c	0xStack[-0x44]	READ	1
0x001a3778	0xStack[-0x6]	READ	1
0x001a377f	0xStack[-0xc]	READ	1
0x001a3785	0xStack[0x8]	READ	1
0x001a378b	0xStack[-0xa]	READ	1
0x001a3795	0x001a379e	CONDITIONAL_JUMP	0
0x001a379e	0xStack[-0x48]	READ	0
0x001a37a2	0x001a37ae	CONDITIONAL_JUMP	0
0x001a37a4	0xStack[-0x44]	READ	1
0x001a37b3	0xStack[-0x5c]	DATA	0
0x001a37c9	0xStack[0x8]	READ	1
0x001a37d2	0x001a3ab8	CONDITIONAL_JUMP	0
0x001a37df	0xStack[0x4]	READ	1
0x001a37ef	0x001a37f3	CONDITIONAL_JUMP	0
0x001a37fd	0x001a3808	CONDITIONAL_JUMP	0
0x001a3801	0x001a3ab8	UNCONDITIONAL_JUMP	0
0x001a380b	0xStack[0x4]	READ	1
0x001a380e	0x001a3834	DATA	1
0x001a3818	0xStack[-0xc]	WRITE	0
0x001a381f	0xStack[-0x8]	WRITE	0
0x001a3822	0xStack[0x4]	READ	1
0x001a3831	0x001a3840	UNCONDITIONAL_JUMP	0
0x001a3842	0x001a3ab8	CONDITIONAL_JUMP	0
0x001a384b	0xStack[-0x8]	READ	1
0x001a3852	0xStack[-0xa]	READ	1
0x001a3856	0xStack[-0x5]	READ	1
0x001a3862	0xStack[-0x6]	READ	0
0x001a3866	0x001a386e	CONDITIONAL_JUMP	0
0x001a3870	0xStack[0x4]	READ	1
0x001a3873	0x001a388c	DATA	1
0x001a387d	0xStack[-0x10]	WRITE	0
0x001a3880	0xStack[0x4]	READ	1
0x001a388a	0x001a389c	UNCONDITIONAL_JUMP	0
0x001a389c	0xStack[-0x10]	READ	1
0x001a38a1	0x001a39d4	CONDITIONAL_JUMP	0
0x001a38a7	0xStack[-0x10]	READ	1
0x001a38aa	0xStack[-0x14]	WRITE	0
0x001a38ad	0xStack[-0x24]	WRITE	0
0x001a38b4	0xStack[0x4]	READ	1
0x001a38c0	0xStack[-0x2c]	WRITE	0
0x001a38c9	0x001a38d0	CONDITIONAL_JUMP	0
0x001a38cd	0xStack[-0x2c]	WRITE	0
0x001a38d0	0xStack[-0x2c]	READ	1
0x001a38dc	0x001a38f0	CONDITIONAL_JUMP	0
0x001a38ec	0x001a38f2	UNCONDITIONAL_JUMP	0
0x001a38f2	0xStack[-0x13]	READ	1
0x001a38f5	0xStack[-0x28]	WRITE	0
0x001a38fb	0xStack[-0x2c]	READ	1
0x001a3904	0x001a3920	CONDITIONAL_JUMP	0
0x001a390d	0xStack[-0x2c]	READ	1
0x001a391b	0x001a393c	UNCONDITIONAL_JUMP	0
0x001a3924	0x001a3929	CONDITIONAL_JUMP	0
0x001a393e	0x001a3974	CONDITIONAL_JUMP	0
0x001a3940	0xStack[-0x28]	READ	1
0x001a394e	0xStack[-0x28]	READ	0
0x001a3952	0x001a3960	CONDITIONAL_JUMP	0
0x001a395b	0x001a3967	UNCONDITIONAL_JUMP	0
0x001a3968	0xStack[0x4]	READ	1
0x001a396c	0x001a1750	UNCONDITIONAL_CALL	0
0x001a3974	0xStack[-0x6]	READ	0
0x001a3978	0x001a3980	CONDITIONAL_JUMP	0
0x001a397e	0x001a3990	UNCONDITIONAL_JUMP	0
0x001a3992	0xStack[-0x24]	READ	1
0x001a3996	0xStack[-0x28]	READ	1
0x001a399c	0xStack[0x4]	READ	1
0x001a39a0	0x001a3160	UNCONDITIONAL_CALL	0
0x001a39a7	0x001a3a39	CONDITIONAL_JUMP	0
0x001a39ad	0xStack[-0x6]	READ	0
0x001a39b1	0x001a39bc	CONDITIONAL_JUMP	0
0x001a39b7	0x001a3ab8	UNCONDITIONAL_JUMP	0
0x001a39cc	0x001a3ab8	UNCONDITIONAL_JUMP	0
0x001a39d6	0x001a3a40	CONDITIONAL_JUMP	0
0x001a39d8	0xStack[0x4]	READ	1
0x001a39e8	0x001a39ec	CONDITIONAL_JUMP	0
0x001a39ee	0x001a3a14	CONDITIONAL_JUMP	0
0x001a39f9	0x001a3a0c	CONDITIONAL_JUMP	0
0x001a3a09	0x001a3a0e	UNCONDITIONAL_JUMP	0
0x001a3a10	0x001a3a16	UNCONDITIONAL_JUMP	0
0x001a3a16	0xStack[-0x6]	READ	0
0x001a3a1a	0x001a3a24	CONDITIONAL_JUMP	0
0x001a3a1f	0x001a3a32	UNCONDITIONAL_JUMP	0
0x001a3a3e	0x001a3aba	UNCONDITIONAL_JUMP	0
0x001a3a42	0x001a3ab8	CONDITIONAL_JUMP	0
0x001a3a44	0xStack[0x4]	READ	1
0x001a3a54	0x001a3a58	CONDITIONAL_JUMP	0
0x001a3a5a	0x001a3a80	CONDITIONAL_JUMP	0
0x001a3a65	0x001a3a78	CONDITIONAL_JUMP	0
0x001a3a75	0x001a3a7a	UNCONDITIONAL_JUMP	0
0x001a3a7c	0x001a3a82	UNCONDITIONAL_JUMP	0
0x001a3a82	0xStack[-0x6]	READ	0
0x001a3a86	0x001a3a90	CONDITIONAL_JUMP	0
0x001a3a8b	0x001a3a9e	UNCONDITIONAL_JUMP	0
0x001a3aa2	0x001a3a39	CONDITIONAL_JUMP	0
0x001a3ab4	0x001a3a39	UNCONDITIONAL_JUMP	0
0x001a3aba	0xStack[-0x38]	DATA	0
0x001a3acd	0xStack[0x8]	READ	1
0x001a3ad6	0x001a3b48	CONDITIONAL_JUMP	0
0x001a3ad9	0xStack[0x4]	READ	1
0x001a3add	0x001a37c0	UNCONDITIONAL_CALL	0
0x001a3ae7	0x001a3c24	CONDITIONAL_JUMP	0
0x001a3af6	0xStack[-0xc]	WRITE	0
0x001a3aff	0x001a3b06	CONDITIONAL_JUMP	0
0x001a3b03	0xStack[-0xc]	WRITE	0
0x001a3b06	0xStack[-0xc]	READ	1
0x001a3b12	0x001a3b28	CONDITIONAL_JUMP	0
0x001a3b22	0xStack[-0x8]	WRITE	0
0x001a3b25	0x001a3b2f	UNCONDITIONAL_JUMP	0
0x001a3b28	0xStack[-0x8]	WRITE	0
0x001a3b2f	0xStack[-0xc]	READ	1
0x001a3b3b	0x001a3c85	CONDITIONAL_JUMP	0
0x001a3b41	0x001a3c9c	UNCONDITIONAL_JUMP	0
0x001a3b4b	0x001a3c30	CONDITIONAL_JUMP	0
0x001a3b52	0xStack[0x4]	READ	1
0x001a3b56	0x001a2b40	UNCONDITIONAL_CALL	0
0x001a3b60	0x001a3c24	CONDITIONAL_JUMP	0
0x001a3b6f	0xStack[-0xc]	WRITE	0
0x001a3b78	0x001a3b7f	CONDITIONAL_JUMP	0
0x001a3b7c	0xStack[-0xc]	WRITE	0
0x001a3b7f	0xStack[-0xc]	READ	1
0x001a3b8b	0x001a3ba0	CONDITIONAL_JUMP	0
0x001a3b9b	0xStack[-0x8]	WRITE	0
0x001a3b9e	0x001a3ba7	UNCONDITIONAL_JUMP	0
0x001a3ba0	0xStack[-0x8]	WRITE	0
0x001a3ba7	0xStack[-0xc]	READ	1
0x001a3bb3	0x001a3bcc	CONDITIONAL_JUMP	0
0x001a3bbc	0xStack[-0xc]	READ	1
0x001a3bca	0x001a3be8	UNCONDITIONAL_JUMP	0
0x001a3bd0	0x001a3bd5	CONDITIONAL_JUMP	0
0x001a3bea	0x001a3c0f	CONDITIONAL_JUMP	0
0x001a3bef	0xStack[-0x8]	READ	1
0x001a3c03	0xStack[0x4]	READ	1
0x001a3c07	0x001a1750	UNCONDITIONAL_CALL	0
0x001a3c1a	0xStack[0x4]	READ	1
0x001a3c1e	0x001a3cee	UNCONDITIONAL_JUMP	0
0x001a3c29	0x001a3d00	UNCONDITIONAL_JUMP	0
0x001a3c30	0xStack[0x4]	READ	1
0x001a3c3c	0xStack[-0xc]	WRITE	0
0x001a3c45	0x001a3c4c	CONDITIONAL_JUMP	0
0x001a3c49	0xStack[-0xc]	WRITE	0
0x001a3c4c	0xStack[-0xc]	READ	1
0x001a3c58	0x001a3c70	CONDITIONAL_JUMP	0
0x001a3c68	0xStack[-0x8]	WRITE	0
0x001a3c6b	0x001a3c77	UNCONDITIONAL_JUMP	0
0x001a3c70	0xStack[-0x8]	WRITE	0
0x001a3c77	0xStack[-0xc]	READ	1
0x001a3c83	0x001a3c9c	CONDITIONAL_JUMP	0
0x001a3c8c	0xStack[-0xc]	READ	1
0x001a3c9a	0x001a3cb8	UNCONDITIONAL_JUMP	0
0x001a3ca0	0x001a3ca5	CONDITIONAL_JUMP	0
0x001a3cba	0x001a3cdf	CONDITIONAL_JUMP	0
0x001a3cbf	0xStack[-0x8]	READ	1
0x001a3cd3	0xStack[0x4]	READ	1
0x001a3cd7	0x001a1750	UNCONDITIONAL_CALL	0
0x001a3cea	0xStack[0x4]	READ	1
0x001a3cee	0x001a3160	UNCONDITIONAL_CALL	0
0x001a3cfa	0x001a3cfe	CONDITIONAL_JUMP	0
0x001a3d00	0xStack[-0x18]	DATA	0
0x001a3d14	0xStack[0x4]	READ	1
0x001a3d17	0xStack[0x8]	READ	1
0x001a3d1a	0x001f9220	READ	1
0x001a3d20	0x00201928	DATA	0
0x001a3d21	0x001e8674	READ	1
0x001a3d28	0x001ce960	UNCONDITIONAL_CALL	0
0x001a3d2d	0xStack[-0x8]	DATA	0
0x001a3d33	0x001a3d9c	UNCONDITIONAL_CALL	0
0x001a3d3a	0x001f9474	READ	1
0x001a3d40	0x00202be8	DATA	0
0x001a3d41	0x001e8674	READ	1
0x001a3d48	0x001ce960	UNCONDITIONAL_CALL	0
0x001a3d4f	0xStack[-0x10]	DATA	0
0x001a3d5b	0xStack[0x4]	READ	1
0x001a3d5e	0xStack[0x8]	READ	1
0x001a3d61	0x001e866c	READ	1
0x001a3d66	0x001e8668	READ	0
0x001a3d6c	0x001a3d8c	CONDITIONAL_JUMP	0
0x001a3d87	0x001a3d78	CONDITIONAL_JUMP	0
0x001a3d8c	0x001e866c	DATA	1
0x001a3d91	0x001a3d84	CONDITIONAL_JUMP	0
0x001a3da2	0xStack[0x4]	READ	1
0x001a3da5	0xStack[0x8]	READ	1
0x001a3da8	0x001e866c	READ	1
0x001a3dae	0x001e866c	DATA	1
0x001a3db4	0x001a3df7	CONDITIONAL_JUMP	0
0x001a3dba	0x001f9228	READ	1
0x001a3dc0	0x0020193c	DATA	0
0x001a3dc4	0x001ce960	UNCONDITIONAL_CALL	0
0x001a3dce	0x00101efc	UNCONDITIONAL_CALL	0
0x001a3dd8	0x001a3dec	CONDITIONAL_JUMP	0
0x001a3de1	0xStack[0xc]	READ	1
0x001a3de8	0x001a3dfc	UNCONDITIONAL_JUMP	0
0x001a3def	0x001e866c	DATA	1
0x001a3df5	0x001a3db8	CONDITIONAL_JUMP	0
0x001a3dfc	0xStack[-0x10]	DATA	0
0x001a3e0b	0xStack[0x4]	READ	1
0x001a3e0e	0x001e866c	READ	1
0x001a3e13	0x001e866c	DATA	1
0x001a3e18	0x001a3e2a	CONDITIONAL_JUMP	0
0x001a3e1e	0x001a3e2c	CONDITIONAL_JUMP	0
0x001a3e23	0x001e866c	DATA	1
0x001a3e28	0x001a3e1c	CONDITIONAL_JUMP	0
0x001a3e35	0xStack[0x4]	READ	1
0x001a3e38	0xStack[0x8]	READ	1
0x001a3e3b	0x001f9220	READ	1
0x001a3e41	0x00201928	DATA	0
0x001a3e42	0x001e8684	READ	1
0x001a3e49	0x001ce960	UNCONDITIONAL_CALL	0
0x001a3e4e	0x001e867c	READ	1
0x001a3e56	0x001e867c	DATA	1
0x001a3e5b	0x001a3e8a	CONDITIONAL_JUMP	0
0x001a3e62	0x001a3e80	CONDITIONAL_JUMP	0
0x001a3e66	0x001f9474	READ	1
0x001a3e6c	0x00202be8	DATA	0
0x001a3e6d	0x001e8684	READ	1
0x001a3e74	0x001ce960	UNCONDITIONAL_CALL	0
0x001a3e7b	0x001a3ea2	UNCONDITIONAL_JUMP	0
0x001a3e83	0x001e867c	DATA	1
0x001a3e88	0x001a3e60	CONDITIONAL_JUMP	0
0x001a3e8a	0x001f9474	READ	1
0x001a3e90	0x00202be8	DATA	0
0x001a3e91	0x001e8684	READ	1
0x001a3e98	0x001ce960	UNCONDITIONAL_CALL	0
0x001a3ea2	0xStack[-0xc]	DATA	0
0x001a3eaf	0xStack[0x4]	READ	1
0x001a3eb2	0xStack[0x8]	READ	1
0x001a3eb5	0x001e8678	READ	0
0x001a3ebb	0x001a3ed0	CONDITIONAL_JUMP	0
0x001a3ed0	0x001e867c	READ	1
0x001a3ed5	0x001e867c	DATA	1
0x001a3eda	0x001a3eeb	CONDITIONAL_JUMP	0
0x001a3edf	0x001a3ec8	CONDITIONAL_JUMP	0
0x001a3ee4	0x001e867c	DATA	1
0x001a3ee9	0x001a3edc	CONDITIONAL_JUMP	0
0x001a3ef8	0xStack[0x4]	READ	1
0x001a3efb	0x001d6c98	DATA	0
0x001a3f00	0x001ced1c	UNCONDITIONAL_CALL	0
0x001a3f0a	0x001a3f23	CONDITIONAL_JUMP	0
0x001a3f0d	0x001f9ce8	READ	1
0x001a3f13	0x002033f4	DATA	0
0x001a3f14	0x001f9d68	READ	1
0x001a3f1a	0x001fdfcd	DATA	0
0x001a3f1b	0x001ce960	UNCONDITIONAL_CALL	0
0x001a3f23	0x001e50c0	READ	0
0x001a3f2a	0x001a3f95	CONDITIONAL_JUMP	0
0x001a3f2c	0x001f9468	READ	1
0x001a3f32	0x00202a84	DATA	0
0x001a3f33	0x001f9da4	READ	1
0x001a3f39	0x001fe4a1	DATA	0
0x001a3f3a	0x001ce960	UNCONDITIONAL_CALL	0
0x001a3f3f	0x001e8674	WRITE	0
0x001a3f44	0x001e8668	WRITE	0
0x001a3f4e	0x001e8670	WRITE	0
0x001a3f4e	0x001e866c	DATA	1
0x001a3f58	0x001e866c	WRITE	0
0x001a3f58	0x001e866c	WRITE	1
0x001a3f62	0x001e8680	WRITE	0
0x001a3f62	0x001e867c	DATA	1
0x001a3f6c	0x001e867c	WRITE	0
0x001a3f6c	0x001e867c	WRITE	1
0x001a3f76	0x001f9468	READ	1
0x001a3f7c	0x00202a84	DATA	0
0x001a3f7d	0x001f9da4	READ	1
0x001a3f83	0x001fe4a1	DATA	0
0x001a3f84	0x001ce960	UNCONDITIONAL_CALL	0
0x001a3f89	0x001e8684	WRITE	0
0x001a3f8e	0x001e50c0	WRITE	0
0x001a3f97	0xStack[-0x8]	READ	1
0x001a3fc9	0xStack[0xc]	READ	1
0x001a3fce	0x001a5448	UNCONDITIONAL_CALL	0
0x001a3fec	0x001f9220	READ	1
0x001a3ff2	0x00201928	DATA	0
0x001a3ff3	0x001e8684	READ	1
0x001a3ffa	0x001ce960	UNCONDITIONAL_CALL	0
0x001a3fff	0x001e8678	READ	1
0x001a4008	0x001e8678	READ_WRITE	0
0x001a4011	0x001e867c	READ	0
0x001a4011	0x001e867c	READ	1
0x001a401b	0x001a403c	CONDITIONAL_JUMP	0
0x001a401d	0x001e867c	WRITE	0
0x001a4023	0x001e8680	WRITE	0
0x001a4029	0x001e867c	DATA	1
0x001a4030	0x001e867c	DATA	1
0x001a4037	0x001a4054	UNCONDITIONAL_JUMP	0
0x001a403c	0x001e8680	READ	1
0x001a4044	0x001e867c	DATA	1
0x001a404b	0x001e8680	WRITE	0
0x001a4054	0x001f9474	READ	1
0x001a405a	0x00202be8	DATA	0
0x001a405b	0x001e8684	READ	1
0x001a4062	0x001ce960	UNCONDITIONAL_CALL	0
0x001a4067	0xStack[-0xc]	DATA	0
0x001a4075	0xStack[0xc]	READ	1
0x001a4078	0x001f9220	READ	1
0x001a407e	0x00201928	DATA	0
0x001a407f	0x001e8684	READ	1
0x001a4086	0x001ce960	UNCONDITIONAL_CALL	0
0x001a408b	0x001e867c	READ	1
0x001a4093	0x001e867c	DATA	1
0x001a4098	0x001a40da	CONDITIONAL_JUMP	0
0x001a409e	0x001a40d0	CONDITIONAL_JUMP	0
0x001a40a6	0x001e867c	DATA	1
0x001a40ab	0x001e867c	DATA	1
0x001a40b1	0x001a40b6	CONDITIONAL_JUMP	0
0x001a40b6	0x001e8680	WRITE	0
0x001a40b9	0x001e867c	DATA	1
0x001a40be	0x001e867c	DATA	1
0x001a40c4	0x001a40c9	CONDITIONAL_JUMP	0
0x001a40c9	0x001e867c	WRITE	0
0x001a40cb	0x001a40da	UNCONDITIONAL_JUMP	0
0x001a40d3	0x001e867c	DATA	1
0x001a40d8	0x001a409c	CONDITIONAL_JUMP	0
0x001a40da	0x001f9474	READ	1
0x001a40e0	0x00202be8	DATA	0
0x001a40e1	0x001e8684	READ	1
0x001a40e8	0x001ce960	UNCONDITIONAL_CALL	0
0x001a40ed	0xStack[-0xc]	DATA	0
0x001a40fe	0x001f924c	READ	1
0x001a4104	0x00201a24	DATA	0
0x001a4105	0xStack[0x4]	READ	1
0x001a4108	0xStack[-0xc]	WRITE	0
0x001a410b	0x001fa0b8	READ	1
0x001a4111	0x001fdfdf	DATA	1
0x001a4111	0xStack[-0x8]	WRITE	0
0x001a4114	0xStack[-0xc]	DATA	0
0x001a4118	0x001cea70	UNCONDITIONAL_CALL	0
0x001a4127	0xStack[0x4]	READ	1
0x001a4137	0xStack[0x4]	READ	1
0x001a413a	0x001f9ce4	READ	1
0x001a4140	0x00203424	DATA	0
0x001a4142	0x001ce960	UNCONDITIONAL_CALL	0
0x001a4147	0x001f921c	READ	1
0x001a414d	0x00201920	DATA	0
0x001a414e	0xStack[-0xc]	WRITE	0
0x001a4151	0x001fa0b8	READ	1
0x001a4157	0x001fdfdf	DATA	1
0x001a4157	0xStack[-0x8]	WRITE	0
0x001a415a	0xStack[-0xc]	DATA	0
0x001a415e	0x001cea70	UNCONDITIONAL_CALL	0
0x001a4163	0xStack[-0x10]	READ	1
0x001a4171	0xStack[0x4]	READ	1
0x001a4178	0x001a41b0	CONDITIONAL_JUMP	0
0x001a4182	0x001d6ca4	DATA	0
0x001a4187	0x001a5514	UNCONDITIONAL_CALL	0
0x001a418f	0x001a41c1	UNCONDITIONAL_JUMP	0
0x001a4194	0x001e866c	WRITE	0
0x001a419a	0x001e8670	WRITE	0
0x001a41a0	0x001e866c	DATA	1
0x001a41a7	0x001e866c	DATA	1
0x001a41ae	0x001a4215	UNCONDITIONAL_JUMP	0
0x001a41b4	0x001d6cbc	DATA	0
0x001a41b9	0x001a5514	UNCONDITIONAL_CALL	0
0x001a41c3	0x001a5448	UNCONDITIONAL_CALL	0
0x001a41cc	0x001f9220	READ	1
0x001a41d2	0x00201928	DATA	0
0x001a41d3	0x001e8674	READ	1
0x001a41da	0x001ce960	UNCONDITIONAL_CALL	0
0x001a41df	0x001e8668	READ	1
0x001a41e8	0x001e8668	READ_WRITE	0
0x001a41f1	0x001e866c	READ	0
0x001a41f1	0x001e866c	READ	1
0x001a41fb	0x001a4194	CONDITIONAL_JUMP	0
0x001a41fd	0x001e8670	READ	1
0x001a4205	0x001e866c	DATA	1
0x001a420c	0x001e8670	WRITE	0
0x001a4215	0x001f9474	READ	1
0x001a421b	0x00202be8	DATA	0
0x001a421c	0x001e8674	READ	1
0x001a4223	0x001ce960	UNCONDITIONAL_CALL	0
0x001a4229	0x001f9ce0	READ	1
0x001a422f	0x00203290	DATA	0
0x001a4230	0x001f9d68	READ	1
0x001a4236	0x001fdfcd	DATA	0
0x001a4237	0x001ce960	UNCONDITIONAL_CALL	0
0x001a423e	0xStack[-0xc]	DATA	0
0x001a424e	0xStack[0x4]	READ	1
0x001a4251	0x001f9220	READ	1
0x001a4257	0x00201928	DATA	0
0x001a4258	0x001e8674	READ	1
0x001a425f	0x001ce960	UNCONDITIONAL_CALL	0
0x001a4265	0x001a3e08	UNCONDITIONAL_CALL	0
0x001a4271	0x001a42b9	CONDITIONAL_JUMP	0
0x001a4277	0x001d6cd0	DATA	0
0x001a427c	0x001a5514	UNCONDITIONAL_CALL	0
0x001a428a	0x001e866c	DATA	1
0x001a428f	0x001e866c	DATA	1
0x001a4295	0x001a429a	CONDITIONAL_JUMP	0
0x001a429a	0x001e8670	WRITE	0
0x001a429d	0x001e866c	DATA	1
0x001a42a2	0x001e866c	DATA	1
0x001a42a7	0x001a42ac	CONDITIONAL_JUMP	0
0x001a42ac	0x001e866c	WRITE	0
0x001a42b1	0x001a5458	UNCONDITIONAL_CALL	0
0x001a42b9	0x001f9474	READ	1
0x001a42bf	0x00202be8	DATA	0
0x001a42c0	0x001e8674	READ	1
0x001a42c7	0x001ce960	UNCONDITIONAL_CALL	0
0x001a42cc	0xStack[-0x10]	DATA	0
0x001a42db	0xStack[0x4]	READ	1
0x001a42ee	0xStack[0x4]	READ	1
0x001a42f1	0xStack[0xc]	READ	1
0x001a430a	0x001a4311	CONDITIONAL_JUMP	0
0x001a4317	0x00101bc0	UNCONDITIONAL_CALL	0
0x001a4321	0xStack[-0x10]	DATA	0
0x001a432f	0xStack[0x4]	READ	1
0x001a4342	0xStack[0x4]	READ	1
0x001a4345	0xStack[0xc]	READ	1
0x001a435e	0x001a4365	CONDITIONAL_JUMP	0
0x001a436e	0x00101bc0	UNCONDITIONAL_CALL	0
0x001a437b	0xStack[-0x10]	DATA	0
0x001a438b	0xStack[0x4]	READ	1
0x001a439e	0xStack[0x4]	READ	1
0x001a43a1	0xStack[0xc]	READ	1
0x001a43a6	0x001a43b0	CONDITIONAL_JUMP	0
0x001a43ac	0x001a43dd	UNCONDITIONAL_JUMP	0
0x001a43c6	0x001a43cd	CONDITIONAL_JUMP	0
0x001a43d3	0x00101bc0	UNCONDITIONAL_CALL	0
0x001a43dd	0xStack[-0x10]	DATA	0
0x001a43eb	0xStack[0x4]	READ	1
0x001a43fb	0xStack[0x4]	READ	1
0x001a43fe	0xStack[0xc]	READ	1
0x001a440e	0xStack[-0x8]	DATA	0
0x001a4412	0xStack[0x4]	READ	1
0x001a4416	0x001a3e30	UNCONDITIONAL_CALL	0
0x001a441d	0x001a4428	CONDITIONAL_JUMP	0
0x001a4428	0xStack[-0x8]	READ	1
0x001a443a	0xStack[-0x8]	DATA	0
0x001a443e	0xStack[0x4]	READ	1
0x001a4442	0x001a3e30	UNCONDITIONAL_CALL	0
0x001a4449	0x001a4454	CONDITIONAL_JUMP	0
0x001a444b	0xStack[-0x8]	READ	1
0x001a444e	0xStack[0xc]	READ	1
0x001a445e	0xStack[-0x8]	DATA	0
0x001a4462	0xStack[0x4]	READ	1
0x001a4466	0x001a3e30	UNCONDITIONAL_CALL	0
0x001a446d	0x001a4478	CONDITIONAL_JUMP	0
0x001a4478	0xStack[-0x8]	READ	1
0x001a448a	0xStack[-0x8]	DATA	0
0x001a448e	0xStack[0x4]	READ	1
0x001a4492	0x001a3e30	UNCONDITIONAL_CALL	0
0x001a4499	0x001a44a4	CONDITIONAL_JUMP	0
0x001a449b	0xStack[-0x8]	READ	1
0x001a449e	0xStack[0xc]	READ	1
0x001a44ae	0xStack[0x4]	READ	1
0x001a44b1	0x001d6cec	DATA	0
0x001a44b6	0x001f9308	READ	1
0x001a44bc	0x00202480	DATA	0
0x001a44bd	0x001f9cdc	READ	1
0x001a44c3	0x0020245c	DATA	0
0x001a44c4	0xStack[0xc]	READ	1
0x001a44c8	0x001ce960	UNCONDITIONAL_CALL	0
0x001a44d1	0x001ce960	UNCONDITIONAL_CALL	0
0x001a44db	0x001a450c	CONDITIONAL_JUMP	0
0x001a44e4	0x001a4505	CONDITIONAL_JUMP	0
0x001a44f0	0x001a4505	CONDITIONAL_JUMP	0
0x001a4503	0x001a44e8	CONDITIONAL_JUMP	0
0x001a4507	0x001a4511	UNCONDITIONAL_JUMP	0
0x001a4511	0xStack[0x38]	READ	1
0x001a4515	0xStack[0x34]	READ	1
0x001a4519	0xStack[0x30]	READ	1
0x001a451d	0xStack[0x2c]	READ	1
0x001a4521	0xStack[0x28]	READ	1
0x001a4525	0xStack[0x24]	READ	1
0x001a4529	0xStack[0x20]	READ	1
0x001a452d	0xStack[0x1c]	READ	1
0x001a4531	0xStack[0x18]	READ	1
0x001a4535	0xStack[0x14]	READ	1
0x001a4539	0xStack[0x10]	READ	1
0x001a453e	0x001a9c6c	UNCONDITIONAL_CALL	0
0x001a4548	0x001a4588	CONDITIONAL_JUMP	0
0x001a454c	0x001a4568	CONDITIONAL_JUMP	0
0x001a454e	0x001f9228	READ	1
0x001a4554	0x0020193c	DATA	0
0x001a4556	0x001ce960	UNCONDITIONAL_CALL	0
0x001a455c	0x001d6cfc	DATA	0
0x001a4561	0x001a5514	UNCONDITIONAL_CALL	0
0x001a4566	0x001a4584	UNCONDITIONAL_JUMP	0
0x001a4569	0x001f9228	READ	1
0x001a456f	0x0020193c	DATA	0
0x001a4571	0x001ce960	UNCONDITIONAL_CALL	0
0x001a457a	0x001d6d2c	DATA	0
0x001a457f	0x001a5514	UNCONDITIONAL_CALL	0
0x001a4586	0x001a459b	UNCONDITIONAL_JUMP	0
0x001a4589	0x001f9cd8	READ	1
0x001a458f	0x002033b4	DATA	0
0x001a4591	0x001ce960	UNCONDITIONAL_CALL	0
0x001a459b	0xStack[-0x10]	DATA	0
0x001a45b0	0xStack[0x4]	READ	1
0x001a45b3	0xStack[0x24]	READ	1
0x001a45b6	0xStack[-0x8]	WRITE	0
0x001a45b9	0x001d6d5c	DATA	0
0x001a45be	0x001f9308	READ	1
0x001a45c4	0x00202480	DATA	0
0x001a45c5	0x001f9cdc	READ	1
0x001a45cb	0x0020245c	DATA	0
0x001a45cc	0xStack[0xc]	READ	1
0x001a45d0	0x001ce960	UNCONDITIONAL_CALL	0
0x001a45d9	0x001ce960	UNCONDITIONAL_CALL	0
0x001a45e3	0x001a4614	CONDITIONAL_JUMP	0
0x001a45ec	0x001a4610	CONDITIONAL_JUMP	0
0x001a45f2	0xStack[-0xc]	WRITE	0
0x001a45fb	0x001a4610	CONDITIONAL_JUMP	0
0x001a460e	0x001a45f0	CONDITIONAL_JUMP	0
0x001a4612	0x001a4619	UNCONDITIONAL_JUMP	0
0x001a4619	0xStack[-0x8]	READ	1
0x001a461e	0xStack[0x20]	READ	1
0x001a4622	0xStack[0x1c]	READ	1
0x001a4626	0xStack[0x18]	READ	1
0x001a462a	0xStack[0x14]	READ	1
0x001a462e	0xStack[0x10]	READ	1
0x001a4633	0x001a9ad4	UNCONDITIONAL_CALL	0
0x001a463d	0x001a4680	CONDITIONAL_JUMP	0
0x001a4641	0x001a4660	CONDITIONAL_JUMP	0
0x001a4643	0x001f9228	READ	1
0x001a4649	0x0020193c	DATA	0
0x001a464b	0x001ce960	UNCONDITIONAL_CALL	0
0x001a4651	0x001d6d68	DATA	0
0x001a4656	0x001a5514	UNCONDITIONAL_CALL	0
0x001a465b	0x001a467c	UNCONDITIONAL_JUMP	0
0x001a4661	0x001f9228	READ	1
0x001a4667	0x0020193c	DATA	0
0x001a4669	0x001ce960	UNCONDITIONAL_CALL	0
0x001a4672	0x001d6d98	DATA	0
0x001a4677	0x001a5514	UNCONDITIONAL_CALL	0
0x001a467e	0x001a4693	UNCONDITIONAL_JUMP	0
0x001a4681	0x001f9cd4	READ	1
0x001a4687	0x002033d8	DATA	0
0x001a4689	0x001ce960	UNCONDITIONAL_CALL	0
0x001a4693	0xStack[-0x14]	DATA	0
0x001a46a0	0xStack[0x4]	READ	1
0x001a46a3	0x001f9cd0	READ	1
0x001a46a9	0x002033c8	DATA	0
0x001a46ab	0x001ce960	UNCONDITIONAL_CALL	0
0x001a46b6	0x001a46d4	CONDITIONAL_JUMP	0
0x001a46b9	0x001a9dec	UNCONDITIONAL_CALL	0
0x001a46c0	0x001f9cd8	READ	1
0x001a46c6	0x002033b4	DATA	0
0x001a46c8	0x001ce960	UNCONDITIONAL_CALL	0
0x001a46d2	0x001a46d6	UNCONDITIONAL_JUMP	0
0x001a46d6	0xStack[-0x8]	READ	1
0x001a46e4	0xStack[0x4]	READ	1
0x001a46e7	0x001f9ccc	READ	1
0x001a46ed	0x002033e8	DATA	0
0x001a46ef	0x001ce960	UNCONDITIONAL_CALL	0
0x001a46fa	0x001a4718	CONDITIONAL_JUMP	0
0x001a46fd	0x001a9c44	UNCONDITIONAL_CALL	0
0x001a4704	0x001f9cd4	READ	1
0x001a470a	0x002033d8	DATA	0
0x001a470c	0x001ce960	UNCONDITIONAL_CALL	0
0x001a4716	0x001a471a	UNCONDITIONAL_JUMP	0
0x001a471a	0xStack[-0x8]	READ	1
0x001a4739	0xStack[0xc]	READ	1
0x001a4750	0x001a5448	UNCONDITIONAL_CALL	0
0x001a4755	0xStack[-0x10]	WRITE	0
0x001a475d	0x001a47b4	CONDITIONAL_JUMP	0
0x001a475f	0xStack[0xc]	READ	1
0x001a4763	0xStack[-0x10]	READ	1
0x001a4767	0x00101b48	UNCONDITIONAL_CALL	0
0x001a476c	0x001d6dc8	DATA	0
0x001a4772	0x00101cb8	UNCONDITIONAL_CALL	0
0x001a4778	0x001ced1c	UNCONDITIONAL_CALL	0
0x001a477d	0xStack[-0x8]	WRITE	0
0x001a4782	0x001a5458	UNCONDITIONAL_CALL	0
0x001a478a	0xStack[-0x8]	READ	0
0x001a478e	0x001a47b4	CONDITIONAL_JUMP	0
0x001a4790	0xStack[0xc]	READ	1
0x001a47a5	0x001a5448	UNCONDITIONAL_CALL	0
0x001a47aa	0xStack[-0x10]	WRITE	0
0x001a47b2	0x001a47bc	CONDITIONAL_JUMP	0
0x001a47b9	0x001a4821	UNCONDITIONAL_JUMP	0
0x001a47bc	0xStack[-0x10]	READ	1
0x001a47bf	0x001d6dd0	DATA	1
0x001a47cc	0x001d6dd0	READ	1
0x001a47cc	0x001d6dd4	READ	1
0x001a47ce	0xStack[0xc]	READ	1
0x001a47d2	0xStack[-0x10]	READ	1
0x001a47d6	0x00101cb8	UNCONDITIONAL_CALL	0
0x001a47dc	0x001d0304	UNCONDITIONAL_CALL	0
0x001a47e4	0x001f9464	READ	1
0x001a47e9	0x00202a00	DATA	0
0x001a47ea	0xStack[-0x8]	READ	1
0x001a47ee	0x001ce960	UNCONDITIONAL_CALL	0
0x001a47fa	0x001a4810	CONDITIONAL_JUMP	0
0x001a47fd	0x001f9cc8	READ	1
0x001a4802	0x00203438	DATA	0
0x001a4804	0x001ce960	UNCONDITIONAL_CALL	0
0x001a480e	0x001a4815	UNCONDITIONAL_JUMP	0
0x001a4816	0xStack[-0x10]	READ	1
0x001a481a	0x001a5458	UNCONDITIONAL_CALL	0
0x001a4821	0xStack[-0x1c]	DATA	0
0x001a4835	0xStack[0x10]	READ	1
0x001a483a	0x001d6de4	DATA	1
0x001a4847	0x001d6de4	READ	0
0x001a4847	0x001d6de5	READ	0
0x001a4849	0x001a4858	CONDITIONAL_JUMP	0
0x001a484b	0xStack[0x4]	READ	1
0x001a4851	0xStack[0xc]	READ	1
0x001a4856	0x001a48d3	UNCONDITIONAL_JUMP	0
0x001a485a	0x001d6dec	DATA	1
0x001a4867	0x001d6dec	READ	0
0x001a4867	0x001d6ded	READ	0
0x001a4869	0x001a4894	CONDITIONAL_JUMP	0
0x001a486b	0xStack[-0x8]	DATA	0
0x001a486f	0x001f9234	READ	1
0x001a4875	0x00201980	DATA	0
0x001a4876	0xStack[0x4]	READ	1
0x001a487a	0x001ce960	UNCONDITIONAL_CALL	0
0x001a4883	0x001a3e30	UNCONDITIONAL_CALL	0
0x001a488a	0x001a48e0	CONDITIONAL_JUMP	0
0x001a488c	0xStack[-0x8]	READ	1
0x001a4892	0x001a48ce	UNCONDITIONAL_JUMP	0
0x001a4896	0x001d6dfc	DATA	1
0x001a48a3	0x001d6dfc	READ	0
0x001a48a3	0x001d6dfd	READ	0
0x001a48a5	0x001a48e0	CONDITIONAL_JUMP	0
0x001a48a7	0xStack[-0xc]	DATA	0
0x001a48ab	0x001f9234	READ	1
0x001a48b1	0x00201980	DATA	0
0x001a48b2	0xStack[0x4]	READ	1
0x001a48b6	0x001ce960	UNCONDITIONAL_CALL	0
0x001a48bf	0x001a3e30	UNCONDITIONAL_CALL	0
0x001a48c6	0x001a48e0	CONDITIONAL_JUMP	0
0x001a48c8	0xStack[-0xc]	READ	1
0x001a48ce	0xStack[0xc]	READ	1
0x001a48d3	0xStack[0x14]	READ	1
0x001a48de	0x001a48e5	UNCONDITIONAL_JUMP	0
0x001a48e5	0xStack[-0x18]	DATA	0
0x001a48f9	0xStack[0x4]	READ	1
0x001a48fc	0xStack[0x14]	READ	1
0x001a4901	0xStack[-0x8]	WRITE	0
0x001a4906	0x001a490f	CONDITIONAL_JUMP	0
0x001a4908	0xStack[-0x8]	WRITE	0
0x001a490f	0xStack[0x10]	READ	1
0x001a4912	0x001d6e10	DATA	1
0x001a491f	0x001d6e10	READ	0
0x001a491f	0x001d6e11	READ	0
0x001a4921	0x001a4948	CONDITIONAL_JUMP	0
0x001a4923	0x001f9228	READ	1
0x001a4929	0x0020193c	DATA	0
0x001a492a	0x001f9234	READ	1
0x001a4930	0x00201980	DATA	0
0x001a4932	0x001ce960	UNCONDITIONAL_CALL	0
0x001a493b	0x001ce960	UNCONDITIONAL_CALL	0
0x001a4940	0xStack[-0xc]	WRITE	0
0x001a4946	0x001a4980	UNCONDITIONAL_JUMP	0
0x001a4948	0xStack[0x10]	READ	1
0x001a494b	0x001d6e1c	DATA	1
0x001a4958	0x001d6e1c	READ	0
0x001a4958	0x001d6e1d	READ	0
0x001a495a	0x001a4964	CONDITIONAL_JUMP	0
0x001a495f	0x001a497d	UNCONDITIONAL_JUMP	0
0x001a4964	0xStack[0x10]	READ	1
0x001a4967	0x001d6e2c	DATA	1
0x001a4974	0x001d6e2c	READ	0
0x001a4974	0x001d6e2d	READ	0
0x001a4976	0x001a49c0	CONDITIONAL_JUMP	0
0x001a497d	0xStack[-0xc]	WRITE	0
0x001a4982	0xStack[-0xc]	READ	1
0x001a4994	0xStack[-0x8]	READ	0
0x001a4997	0x001a499d	CONDITIONAL_JUMP	0
0x001a4999	0xStack[-0x8]	READ	1
0x001a49a0	0xStack[0x14]	READ	1
0x001a49a6	0xStack[-0xc]	READ	1
0x001a49aa	0xStack[0xc]	READ	1
0x001a49ae	0x00101bc0	UNCONDITIONAL_CALL	0
0x001a49b3	0xStack[0xc]	READ	1
0x001a49bc	0x001a49c5	UNCONDITIONAL_JUMP	0
0x001a49c5	0xStack[-0x18]	DATA	0
0x001a49eb	0xStack[0xc]	READ	1
0x001a49ef	0x001f9490	READ	1
0x001a49f5	0x00202c38	DATA	0
0x001a49f6	0x001f9d68	READ	1
0x001a49fc	0x001fdfcd	DATA	0
0x001a49fd	0x001ce960	UNCONDITIONAL_CALL	0
0x001a4a0b	0x001e4f98	DATA	0
0x001a4a10	0xStack[0xc]	READ	1
0x001a4a14	0x001a553c	UNCONDITIONAL_CALL	0
0x001a4a23	0xStack[0xc]	READ	1
0x001a4a2b	0x001a4b14	CONDITIONAL_JUMP	0
0x001a4a31	0x001a4aa0	CONDITIONAL_JUMP	0
0x001a4a38	0x001a4b20	CONDITIONAL_JUMP	0
0x001a4a3e	0x001a4a70	CONDITIONAL_JUMP	0
0x001a4a45	0x001a4b20	CONDITIONAL_JUMP	0
0x001a4a4b	0x001a4a60	CONDITIONAL_JUMP	0
0x001a4a52	0x001a4b38	CONDITIONAL_JUMP	0
0x001a4a58	0x001a4b44	UNCONDITIONAL_JUMP	0
0x001a4a65	0x001a4b38	CONDITIONAL_JUMP	0
0x001a4a6b	0x001a4b44	UNCONDITIONAL_JUMP	0
0x001a4a75	0x001a4a90	CONDITIONAL_JUMP	0
0x001a4a7c	0x001a4afc	CONDITIONAL_JUMP	0
0x001a4a83	0x001a4b2c	CONDITIONAL_JUMP	0
0x001a4a89	0x001a4b44	UNCONDITIONAL_JUMP	0
0x001a4a95	0x001a4b20	CONDITIONAL_JUMP	0
0x001a4a9b	0x001a4b44	UNCONDITIONAL_JUMP	0
0x001a4aa5	0x001a4afc	CONDITIONAL_JUMP	0
0x001a4aa7	0x001a4ac0	CONDITIONAL_JUMP	0
0x001a4aae	0x001a4b44	CONDITIONAL_JUMP	0
0x001a4ab9	0x001a4afc	CONDITIONAL_JUMP	0
0x001a4abb	0x001a4b08	UNCONDITIONAL_JUMP	0
0x001a4ac5	0x001a4ad8	CONDITIONAL_JUMP	0
0x001a4acc	0x001a4ae4	CONDITIONAL_JUMP	0
0x001a4ad3	0x001a4af0	CONDITIONAL_JUMP	0
0x001a4ad5	0x001a4b44	UNCONDITIONAL_JUMP	0
0x001a4ada	0x001a4b44	CONDITIONAL_JUMP	0
0x001a4b57	0xStack[0xc]	READ	1
0x001a4b5a	0x001f9220	READ	1
0x001a4b60	0x00201928	DATA	0
0x001a4b61	0x001e8674	READ	1
0x001a4b68	0x001ce960	UNCONDITIONAL_CALL	0
0x001a4b6d	0xStack[-0x8]	DATA	0
0x001a4b72	0x001a3d58	UNCONDITIONAL_CALL	0
0x001a4b79	0x001f9474	READ	1
0x001a4b7f	0x00202be8	DATA	0
0x001a4b80	0x001e8674	READ	1
0x001a4b87	0x001ce960	UNCONDITIONAL_CALL	0
0x001a4b91	0x001a4bd1	CONDITIONAL_JUMP	0
0x001a4b95	0x001f9cc4	READ	1
0x001a4b9b	0x00203418	DATA	0
0x001a4b9c	0xStack[-0x8]	READ	1
0x001a4ba0	0x001ce960	UNCONDITIONAL_CALL	0
0x001a4ba9	0xStack[0x10]	READ	1
0x001a4bad	0x00101bc0	UNCONDITIONAL_CALL	0
0x001a4bb4	0x001f9228	READ	1
0x001a4bba	0x0020193c	DATA	0
0x001a4bbb	0xStack[-0x8]	READ	1
0x001a4bbf	0x001ce960	UNCONDITIONAL_CALL	0
0x001a4bc8	0xStack[0x14]	READ	1
0x001a4bcc	0x00101bc0	UNCONDITIONAL_CALL	0
0x001a4bd3	0xStack[-0xc]	READ	1
0x001a4be1	0xStack[0xc]	READ	1
0x001a4be4	0xStack[0x10]	READ	1
0x001a4be7	0x001f9220	READ	1
0x001a4bed	0x00201928	DATA	0
0x001a4bee	0x001e8674	READ	1
0x001a4bf5	0x001ce960	UNCONDITIONAL_CALL	0
0x001a4bfc	0x001a3d58	UNCONDITIONAL_CALL	0
0x001a4c03	0x001f9474	READ	1
0x001a4c09	0x00202be8	DATA	0
0x001a4c0a	0x001e8674	READ	1
0x001a4c11	0x001ce960	UNCONDITIONAL_CALL	0
0x001a4c18	0xStack[-0xc]	DATA	0
0x001a4c2c	0xStack[0xc]	READ	1
0x001a4c2f	0xStack[0x10]	READ	1
0x001a4c32	0x001f9220	READ	1
0x001a4c38	0x00201928	DATA	0
0x001a4c39	0x001e8674	READ	1
0x001a4c40	0x001ce960	UNCONDITIONAL_CALL	0
0x001a4c46	0xStack[-0x8]	DATA	0
0x001a4c4b	0x001a3d9c	UNCONDITIONAL_CALL	0
0x001a4c52	0x001f9474	READ	1
0x001a4c58	0x00202be8	DATA	0
0x001a4c59	0x001e8674	READ	1
0x001a4c60	0x001ce960	UNCONDITIONAL_CALL	0
0x001a4c6a	0x001a4c8b	CONDITIONAL_JUMP	0
0x001a4c6e	0x001f9cc4	READ	1
0x001a4c74	0x00203418	DATA	0
0x001a4c75	0xStack[-0x8]	READ	1
0x001a4c79	0x001ce960	UNCONDITIONAL_CALL	0
0x001a4c82	0xStack[0x14]	READ	1
0x001a4c86	0x00101bc0	UNCONDITIONAL_CALL	0
0x001a4c8d	0xStack[-0x10]	DATA	0
0x001a4c9f	0xStack[0x14]	READ	1
0x001a4ca2	0x001f9220	READ	1
0x001a4ca8	0x00201928	DATA	0
0x001a4ca9	0x001e8674	READ	1
0x001a4cb0	0x001ce960	UNCONDITIONAL_CALL	0
0x001a4cb5	0xStack[-0x8]	DATA	0
0x001a4cba	0x001a3d58	UNCONDITIONAL_CALL	0
0x001a4cc1	0x001f9474	READ	1
0x001a4cc7	0x00202be8	DATA	0
0x001a4cc8	0x001e8674	READ	1
0x001a4ccf	0x001ce960	UNCONDITIONAL_CALL	0
0x001a4cd9	0x001a4cf9	CONDITIONAL_JUMP	0
0x001a4cdb	0xStack[0x18]	READ	1
0x001a4cdf	0xStack[0x10]	READ	1
0x001a4ce3	0xStack[0xc]	READ	1
0x001a4ce7	0x001f9528	READ	1
0x001a4ced	0x00202e1c	DATA	0
0x001a4cee	0xStack[-0x8]	READ	1
0x001a4cf2	0x001ce960	UNCONDITIONAL_CALL	0
0x001a4cfb	0xStack[-0xc]	READ	1
0x001a4d0b	0xStack[0x14]	READ	1
0x001a4d0e	0x001f9220	READ	1
0x001a4d14	0x00201928	DATA	0
0x001a4d15	0x001e8674	READ	1
0x001a4d1c	0x001ce960	UNCONDITIONAL_CALL	0
0x001a4d21	0xStack[-0x8]	DATA	0
0x001a4d26	0x001a3d58	UNCONDITIONAL_CALL	0
0x001a4d2d	0x001f9474	READ	1
0x001a4d33	0x00202be8	DATA	0
0x001a4d34	0x001e8674	READ	1
0x001a4d3b	0x001ce960	UNCONDITIONAL_CALL	0
0x001a4d45	0x001a4d65	CONDITIONAL_JUMP	0
0x001a4d47	0xStack[0x18]	READ	1
0x001a4d4b	0xStack[0x10]	READ	1
0x001a4d4f	0xStack[0xc]	READ	1
0x001a4d53	0x001f9530	READ	1
0x001a4d59	0x00202df8	DATA	0
0x001a4d5a	0xStack[-0x8]	READ	1
0x001a4d5e	0x001ce960	UNCONDITIONAL_CALL	0
0x001a4d67	0xStack[-0xc]	READ	1
0x001a4d77	0xStack[0x14]	READ	1
0x001a4d7a	0x001f9220	READ	1
0x001a4d80	0x00201928	DATA	0
0x001a4d81	0x001e8674	READ	1
0x001a4d88	0x001ce960	UNCONDITIONAL_CALL	0
0x001a4d8d	0xStack[-0x8]	DATA	0
0x001a4d92	0x001a3d58	UNCONDITIONAL_CALL	0
0x001a4d99	0x001f9474	READ	1
0x001a4d9f	0x00202be8	DATA	0
0x001a4da0	0x001e8674	READ	1
0x001a4da7	0x001ce960	UNCONDITIONAL_CALL	0
0x001a4db1	0x001a4dd1	CONDITIONAL_JUMP	0
0x001a4db3	0xStack[0x18]	READ	1
0x001a4db7	0xStack[0x10]	READ	1
0x001a4dbb	0xStack[0xc]	READ	1
0x001a4dbf	0x001f94bc	READ	1
0x001a4dc5	0x00202a88	DATA	0
0x001a4dc6	0xStack[-0x8]	READ	1
0x001a4dca	0x001ce960	UNCONDITIONAL_CALL	0
0x001a4dd3	0xStack[-0xc]	READ	1
0x001a4de3	0xStack[0x14]	READ	1
0x001a4de6	0x001f9220	READ	1
0x001a4dec	0x00201928	DATA	0
0x001a4ded	0x001e8674	READ	1
0x001a4df4	0x001ce960	UNCONDITIONAL_CALL	0
0x001a4df9	0xStack[-0x8]	DATA	0
0x001a4dfe	0x001a3d58	UNCONDITIONAL_CALL	0
0x001a4e05	0x001f9474	READ	1
0x001a4e0b	0x00202be8	DATA	0
0x001a4e0c	0x001e8674	READ	1
0x001a4e13	0x001ce960	UNCONDITIONAL_CALL	0
0x001a4e1d	0x001a4e3d	CONDITIONAL_JUMP	0
0x001a4e1f	0xStack[0x18]	READ	1
0x001a4e23	0xStack[0x10]	READ	1
0x001a4e27	0xStack[0xc]	READ	1
0x001a4e2b	0x001f9538	READ	1
0x001a4e31	0x00202dd4	DATA	0
0x001a4e32	0xStack[-0x8]	READ	1
0x001a4e36	0x001ce960	UNCONDITIONAL_CALL	0
0x001a4e3f	0xStack[-0xc]	READ	1
0x001a4e51	0xStack[-0x14]	WRITE	0
0x001a4e55	0xStack[-0x8]	DATA	0
0x001a4e59	0xStack[0xc]	READ	1
0x001a4e5d	0x001a3e30	UNCONDITIONAL_CALL	0
0x001a4e67	0x001a4e72	CONDITIONAL_JUMP	0
0x001a4e69	0xStack[-0x8]	READ	1
0x001a4e6c	0xStack[0x10]	READ	1
0x001a4e72	0x001f943c	READ	1
0x001a4e78	0x002029c8	DATA	0
0x001a4e79	0xStack[0xc]	READ	1
0x001a4e7d	0x001ce960	UNCONDITIONAL_CALL	0
0x001a4e88	0x001a4ea0	CONDITIONAL_JUMP	0
0x001a4e8a	0x001a4f70	CONDITIONAL_JUMP	0
0x001a4e93	0x001a4f70	CONDITIONAL_JUMP	0
0x001a4e99	0x001a4fc8	UNCONDITIONAL_JUMP	0
0x001a4ea0	0x001f9424	READ	1
0x001a4ea6	0x00202980	DATA	0
0x001a4ea7	0xStack[0xc]	READ	1
0x001a4eab	0x001ce960	UNCONDITIONAL_CALL	0
0x001a4eb0	0xStack[-0x10]	WRITE	0
0x001a4eb8	0x001a4ebf	CONDITIONAL_JUMP	0
0x001a4ebd	0x001a4ee0	CONDITIONAL_JUMP	0
0x001a4ebf	0x001f9228	READ	1
0x001a4ec5	0x0020193c	DATA	0
0x001a4ec6	0xStack[0xc]	READ	1
0x001a4eca	0x001ce960	UNCONDITIONAL_CALL	0
0x001a4ed0	0x001d6e3c	DATA	0
0x001a4ed5	0x001a5514	UNCONDITIONAL_CALL	0
0x001a4eda	0x001a4fc8	UNCONDITIONAL_JUMP	0
0x001a4ee4	0xStack[-0xc]	DATA	0
0x001a4ee9	0x001a3d58	UNCONDITIONAL_CALL	0
0x001a4ef9	0x001a4f61	CONDITIONAL_JUMP	0
0x001a4efb	0x001a4f61	CONDITIONAL_JUMP	0
0x001a4eff	0x001a4f61	CONDITIONAL_JUMP	0
0x001a4f01	0xStack[-0x10]	READ	1
0x001a4f07	0x001a4f2e	CONDITIONAL_JUMP	0
0x001a4f09	0xStack[-0x10]	READ	1
0x001a4f0f	0x001f9238	READ	1
0x001a4f15	0x00201988	DATA	0
0x001a4f16	0xStack[-0xc]	READ	1
0x001a4f1a	0x001ce960	UNCONDITIONAL_CALL	0
0x001a4f24	0x001a4f61	CONDITIONAL_JUMP	0
0x001a4f2c	0x001a4f0c	CONDITIONAL_JUMP	0
0x001a4f2e	0xStack[-0xc]	READ	1
0x001a4f32	0x001f9cc0	READ	1
0x001a4f38	0x00203444	DATA	0
0x001a4f39	0xStack[0x10]	READ	1
0x001a4f3d	0x001ce960	UNCONDITIONAL_CALL	0
0x001a4f42	0xStack[0x10]	READ	1
0x001a4f46	0x001f9460	READ	1
0x001a4f4c	0x002029f8	DATA	0
0x001a4f4d	0xStack[0xc]	READ	1
0x001a4f51	0x001ce960	UNCONDITIONAL_CALL	0
0x001a4f5b	0x001a4f61	CONDITIONAL_JUMP	0
0x001a4f5d	0xStack[-0x14]	WRITE	0
0x001a4f68	0x001a4ee4	CONDITIONAL_JUMP	0
0x001a4f6e	0x001a4fc8	UNCONDITIONAL_JUMP	0
0x001a4f70	0x001f9460	READ	1
0x001a4f76	0x002029f8	DATA	0
0x001a4f77	0x001f9464	READ	1
0x001a4f7d	0x00202a00	DATA	0
0x001a4f7e	0xStack[0xc]	READ	1
0x001a4f82	0x001ce960	UNCONDITIONAL_CALL	0
0x001a4f8c	0x001a4fac	CONDITIONAL_JUMP	0
0x001a4f8e	0x001f9228	READ	1
0x001a4f94	0x0020193c	DATA	0
0x001a4f95	0xStack[0xc]	READ	1
0x001a4f99	0x001ce960	UNCONDITIONAL_CALL	0
0x001a4f9f	0x001d6e70	DATA	0
0x001a4fa4	0x001a5514	UNCONDITIONAL_CALL	0
0x001a4fa9	0x001a4fc8	UNCONDITIONAL_JUMP	0
0x001a4fac	0xStack[0x10]	READ	1
0x001a4fb0	0x001f9460	READ	1
0x001a4fb6	0x002029f8	DATA	0
0x001a4fb7	0xStack[0xc]	READ	1
0x001a4fbb	0x001ce960	UNCONDITIONAL_CALL	0
0x001a4fc2	0x001a4fc8	CONDITIONAL_JUMP	0
0x001a4fc4	0xStack[-0x14]	WRITE	0
0x001a4fc8	0xStack[-0x14]	READ	0
0x001a4fcc	0x001a4fd8	CONDITIONAL_JUMP	0
0x001a4fd3	0x001a4fda	UNCONDITIONAL_JUMP	0
0x001a4fda	0xStack[-0x20]	DATA	0
0x001a4fed	0xStack[0xc]	READ	1
0x001a4ff2	0x001f9220	READ	1
0x001a4ff8	0x00201928	DATA	0
0x001a4ff9	0x001e8684	READ	1
0x001a5000	0x001ce960	UNCONDITIONAL_CALL	0
0x001a5008	0xStack[-0x8]	DATA	0
0x001a500d	0x001a3eac	UNCONDITIONAL_CALL	0
0x001a501a	0x001a5158	CONDITIONAL_JUMP	0
0x001a5020	0x001a502d	CONDITIONAL_JUMP	0
0x001a5027	0x001a5151	CONDITIONAL_JUMP	0
0x001a502d	0x001f943c	READ	1
0x001a5033	0x002029c8	DATA	0
0x001a5034	0xStack[-0x8]	READ	1
0x001a503a	0x001ce960	UNCONDITIONAL_CALL	0
0x001a5045	0x001a5151	CONDITIONAL_JUMP	0
0x001a504b	0x001f9424	READ	1
0x001a5051	0x00202980	DATA	0
0x001a5052	0xStack[-0x8]	READ	1
0x001a5058	0x001ce960	UNCONDITIONAL_CALL	0
0x001a5062	0x001a5069	CONDITIONAL_JUMP	0
0x001a5067	0x001a5090	CONDITIONAL_JUMP	0
0x001a5069	0x001f9228	READ	1
0x001a506f	0x0020193c	DATA	0
0x001a5070	0xStack[-0x8]	READ	1
0x001a5076	0x001ce960	UNCONDITIONAL_CALL	0
0x001a507c	0x001d6e3c	DATA	0
0x001a5081	0x001a5514	UNCONDITIONAL_CALL	0
0x001a5089	0x001a5151	UNCONDITIONAL_JUMP	0
0x001a5097	0x001f9238	READ	1
0x001a509d	0x00201988	DATA	0
0x001a509f	0x001ce960	UNCONDITIONAL_CALL	0
0x001a50a9	0x001a5151	CONDITIONAL_JUMP	0
0x001a50b5	0x001a5094	CONDITIONAL_JUMP	0
0x001a50b7	0xStack[-0x8]	READ	1
0x001a50bf	0x001a50c8	CONDITIONAL_JUMP	0
0x001a50c3	0x001a50f0	UNCONDITIONAL_JUMP	0
0x001a50c8	0x001f924c	READ	1
0x001a50ce	0x00201a24	DATA	0
0x001a50cf	0x001f9210	READ	1
0x001a50d5	0x00201900	DATA	0
0x001a50d6	0x001f9da0	READ	1
0x001a50dc	0x001fe42f	DATA	0
0x001a50dd	0x001ce960	UNCONDITIONAL_CALL	0
0x001a50e6	0x001ce960	UNCONDITIONAL_CALL	0
0x001a50f1	0x001f9cc0	READ	1
0x001a50f7	0x00203444	DATA	0
0x001a50f9	0x001ce960	UNCONDITIONAL_CALL	0
0x001a50fe	0x001f9474	READ	1
0x001a5104	0x00202be8	DATA	0
0x001a5105	0x001e8684	READ	1
0x001a510c	0x001ce960	UNCONDITIONAL_CALL	0
0x001a5112	0x001f9460	READ	1
0x001a5118	0x002029f8	DATA	0
0x001a5119	0xStack[-0x8]	READ	1
0x001a511f	0x001ce960	UNCONDITIONAL_CALL	0
0x001a5129	0x001a513b	CONDITIONAL_JUMP	0
0x001a512b	0x001f921c	READ	1
0x001a5131	0x00201920	DATA	0
0x001a5133	0x001ce960	UNCONDITIONAL_CALL	0
0x001a513b	0x001f9220	READ	1
0x001a5141	0x00201928	DATA	0
0x001a5142	0x001e8684	READ	1
0x001a5149	0x001ce960	UNCONDITIONAL_CALL	0
0x001a5152	0x001a5008	UNCONDITIONAL_JUMP	0
0x001a5158	0x001f9474	READ	1
0x001a515e	0x00202be8	DATA	0
0x001a515f	0x001e8684	READ	1
0x001a5166	0x001ce960	UNCONDITIONAL_CALL	0
0x001a516b	0xStack[-0x14]	DATA	0
0x001a517e	0xStack[0xc]	READ	1
0x001a5181	0x001e866c	READ	1
0x001a5187	0x001f924c	READ	1
0x001a518d	0x00201a24	DATA	0
0x001a518e	0x001f9210	READ	1
0x001a5194	0x00201900	DATA	0
0x001a5195	0x001f9d80	READ	1
0x001a519b	0x001fe1b2	DATA	0
0x001a519c	0x001ce960	UNCONDITIONAL_CALL	0
0x001a51a5	0x001ce960	UNCONDITIONAL_CALL	0
0x001a51ac	0x001f9220	READ	1
0x001a51b2	0x00201928	DATA	0
0x001a51b3	0x001e8674	READ	1
0x001a51ba	0x001ce960	UNCONDITIONAL_CALL	0
0x001a51c2	0x001e866c	DATA	1
0x001a51c8	0x001a5200	CONDITIONAL_JUMP	0
0x001a51cc	0x001f9234	READ	1
0x001a51d2	0x00201980	DATA	0
0x001a51d6	0x001ce960	UNCONDITIONAL_CALL	0
0x001a51e0	0x001a51f5	CONDITIONAL_JUMP	0
0x001a51e5	0x001f92c4	READ	1
0x001a51eb	0x00202090	DATA	0
0x001a51ed	0x001ce960	UNCONDITIONAL_CALL	0
0x001a51f8	0x001e866c	DATA	1
0x001a51fe	0x001a51cc	CONDITIONAL_JUMP	0
0x001a5200	0x001f9474	READ	1
0x001a5206	0x00202be8	DATA	0
0x001a5207	0x001e8674	READ	1
0x001a520e	0x001ce960	UNCONDITIONAL_CALL	0
0x001a5215	0xStack[-0x10]	DATA	0
0x001a5229	0xStack[0x4]	READ	1
0x001a522c	0xStack[0xc]	READ	1
0x001a5245	0xStack[-0xc]	WRITE	0
0x001a524b	0xStack[-0x8]	WRITE	0
0x001a5257	0xStack[-0x1c]	DATA	0
0x001a525c	0xStack[-0x1b]	DATA	0
0x001a5260	0x00101b48	UNCONDITIONAL_CALL	0
0x001a5271	0x001a52cc	UNCONDITIONAL_CALL	0
0x001a527a	0x001a5280	CONDITIONAL_JUMP	0
0x001a527e	0x001a52c2	UNCONDITIONAL_JUMP	0
0x001a5280	0xStack[-0x8]	READ	1
0x001a5283	0xStack[-0xc]	READ	1
0x001a5289	0x00101a10	UNCONDITIONAL_CALL	0
0x001a5294	0x00101a10	UNCONDITIONAL_CALL	0
0x001a529e	0x001a52c0	CONDITIONAL_JUMP	0
0x001a52a8	0x001a5448	UNCONDITIONAL_CALL	0
0x001a52b2	0x00101bc0	UNCONDITIONAL_CALL	0
0x001a52bd	0x001a52c2	UNCONDITIONAL_JUMP	0
0x001a52c2	0xStack[-0x18]	DATA	0
0x001a52d5	0xStack[0x4]	READ	1
0x001a52d8	0xStack[0x8]	READ	1
0x001a52dd	0xStack[-0x8]	WRITE	0
0x001a52e0	0x001a531c	UNCONDITIONAL_JUMP	0
0x001a52e4	0xStack[-0x8]	READ	0
0x001a52e7	0x001a531c	CONDITIONAL_JUMP	0
0x001a52f2	0xStack[-0xc]	WRITE	0
0x001a52f7	0x001a5310	CONDITIONAL_JUMP	0
0x001a52fe	0x001a5314	CONDITIONAL_JUMP	0
0x001a5302	0xStack[-0xc]	READ	1
0x001a5309	0xStack[-0xc]	WRITE	0
0x001a530e	0x001a52fc	CONDITIONAL_JUMP	0
0x001a5312	0x001a531c	CONDITIONAL_JUMP	0
0x001a5317	0x001a5325	UNCONDITIONAL_JUMP	0
0x001a5321	0x001a52e4	CONDITIONAL_JUMP	0
0x001a5325	0xStack[-0x18]	DATA	0
0x001a5339	0xStack[0x4]	READ	1
0x001a5341	0x001a535d	CONDITIONAL_JUMP	0
0x001a5355	0x001a5458	UNCONDITIONAL_CALL	0
0x001a535d	0x001f921c	READ	1
0x001a5363	0x00201920	DATA	0
0x001a5364	0xStack[-0xc]	WRITE	0
0x001a5367	0x001fa0e0	READ	1
0x001a536d	0x001fdfdf	DATA	1
0x001a536d	0xStack[-0x8]	WRITE	0
0x001a5370	0xStack[-0xc]	DATA	0
0x001a5374	0x001cea70	UNCONDITIONAL_CALL	0
0x001a5379	0xStack[-0x18]	DATA	0
0x001a5387	0x000134fc	DATA	0
0x001a538c	0x001f937c	READ	1
0x001a5392	0x00202648	DATA	0
0x001a5393	0xStack[0x4]	READ	1
0x001a5397	0x001ce960	UNCONDITIONAL_CALL	0
0x001a53a4	0xStack[0xc]	READ	1
0x001a53b9	0x001a5458	UNCONDITIONAL_CALL	0
0x001a53be	0xStack[-0x8]	READ	1
0x001a53cb	0xStack[0xc]	READ	1
0x001a53cf	0x001f9314	READ	1
0x001a53d4	0x00202494	DATA	0
0x001a53d5	0x001f9d90	READ	1
0x001a53da	0x001fe305	DATA	0
0x001a53db	0x001ce960	UNCONDITIONAL_CALL	0
0x001a53ea	0x001f9210	READ	1
0x001a53f0	0x00201900	DATA	0
0x001a53f1	0xStack[0x4]	READ	1
0x001a53f5	0x001ce960	UNCONDITIONAL_CALL	0
0x001a53fe	0xStack[0xc]	READ	1
0x001a5416	0x001a541d	CONDITIONAL_JUMP	0
0x001a541e	0x001a5448	UNCONDITIONAL_CALL	0
0x001a542a	0xStack[0xc]	READ	1
0x001a542e	0x001013cc	UNCONDITIONAL_CALL	0
0x001a543d	0xStack[-0x10]	DATA	0
0x001a544b	0xStack[0x4]	READ	1
0x001a544f	0x0015a75c	UNCONDITIONAL_CALL	0
0x001a545b	0xStack[0x8]	READ	1
0x001a545f	0xStack[0x4]	READ	1
0x001a5463	0x0015a824	UNCONDITIONAL_CALL	0
0x001a546f	0xStack[0x10]	READ	1
0x001a5473	0xStack[0xc]	READ	1
0x001a5477	0xStack[0x8]	READ	1
0x001a547b	0xStack[0x4]	READ	1
0x001a547f	0x001a5618	UNCONDITIONAL_CALL	0
0x001a548c	0xStack[0x4]	READ	1
0x001a549c	0x00160518	UNCONDITIONAL_CALL	0
0x001a54a1	0xStack[-0x8]	READ	1
0x001a54ab	0xStack[0x4]	READ	1
0x001a54af	0x0018d1e4	UNCONDITIONAL_CALL	0
0x001a54bc	0xStack[0xc]	READ	1
0x001a54ce	0xStack[0x8]	READ	1
0x001a54d2	0xStack[0x4]	READ	1
0x001a54d6	0x001604b0	UNCONDITIONAL_CALL	0
0x001a54db	0xStack[-0x8]	READ	1
0x001a54e7	0xStack[0x8]	READ	1
0x001a54eb	0xStack[0x4]	READ	1
0x001a54ef	0x001604fc	UNCONDITIONAL_CALL	0
0x001a54fc	0xStack[0x4]	READ	1
0x001a5501	0x00187b98	UNCONDITIONAL_CALL	0
0x001a550b	0xStack[-0x8]	READ	1
0x001a5517	0xStack[0x8]	DATA	0
0x001a551b	0xStack[0x4]	READ	1
0x001a5521	0x0010c220	UNCONDITIONAL_CALL	0
0x001a552f	0xStack[0x4]	READ	1
0x001a5533	0x0010ca6c	UNCONDITIONAL_CALL	0
0x001a553f	0xStack[0x4]	READ	1
0x001a5542	0xStack[0x8]	READ	1
0x001a5549	0x001a5559	CONDITIONAL_JUMP	0
0x001a554e	0x001a5574	CONDITIONAL_JUMP	0
0x001a5557	0x001a554c	CONDITIONAL_JUMP	0
0x001a555a	0x001d6ea8	DATA	0
0x001a555f	0x001e8688	DATA	0
0x001a5564	0x0010c188	UNCONDITIONAL_CALL	0
0x001a5569	0x001e8688	DATA	1
0x001a5582	0xStack[0x8]	READ	1
0x001a5585	0xStack[0xc]	READ	1
0x001a558c	0x001a55bb	CONDITIONAL_JUMP	0
0x001a5594	0xStack[0x4]	READ	1
0x001a559b	0x00101e7c	UNCONDITIONAL_CALL	0
0x001a55a5	0x001a55b0	CONDITIONAL_JUMP	0
0x001a55ad	0x001a55c0	UNCONDITIONAL_JUMP	0
0x001a55b9	0x001a5594	CONDITIONAL_JUMP	0
0x001a55c0	0xStack[-0x10]	DATA	0
0x001a55cf	0xStack[0x4]	READ	1
0x001a55da	0x001a55ec	CONDITIONAL_JUMP	0
0x001a55f2	0x001a55d8	CONDITIONAL_JUMP	0
0x001a55ff	0xStack[0x4]	READ	1
0x001a5609	0x001a5611	CONDITIONAL_JUMP	0
0x001a560f	0x001a560c	CONDITIONAL_JUMP	0
0x001a561e	0xStack[0x10]	READ	1
0x001a5621	0xStack[0x4]	READ	0
0x001a5625	0x001a5707	CONDITIONAL_JUMP	0
0x001a562b	0xStack[0x8]	READ	0
0x001a562f	0x001a5707	CONDITIONAL_JUMP	0
0x001a5635	0xStack[0x8]	READ	1
0x001a5638	0xStack[0x4]	READ	0
0x001a563b	0x001a5707	CONDITIONAL_JUMP	0
0x001a5641	0xStack[0xc]	READ	0
0x001a5645	0x001a5707	CONDITIONAL_JUMP	0
0x001a564d	0x001a5654	CONDITIONAL_JUMP	0
0x001a5657	0x001a565e	CONDITIONAL_JUMP	0
0x001a5661	0x001a5674	CONDITIONAL_JUMP	0
0x001a5663	0xStack[0xc]	READ	1
0x001a5666	0xStack[0x8]	READ	1
0x001a5669	0xStack[0x4]	READ	1
0x001a566e	0x001a5707	UNCONDITIONAL_JUMP	0
0x001a5677	0xStack[0x4]	READ	1
0x001a567c	0x001a5695	CONDITIONAL_JUMP	0
0x001a5684	0xStack[0x8]	READ	1
0x001a5687	0xStack[0x4]	READ	1
0x001a568c	0xStack[0xc]	READ_WRITE	0
0x001a568f	0xStack[0x8]	READ_WRITE	0
0x001a5692	0xStack[0x4]	READ_WRITE	0
0x001a5698	0x001a56ac	CONDITIONAL_JUMP	0
0x001a569a	0xStack[0xc]	READ	1
0x001a56a1	0xStack[0x8]	READ	1
0x001a56a4	0xStack[0x4]	READ	1
0x001a56aa	0x001a56bc	UNCONDITIONAL_JUMP	0
0x001a56ac	0xStack[0xc]	READ	1
0x001a56b4	0xStack[0x8]	READ	1
0x001a56b7	0xStack[0x4]	READ	1
0x001a56bf	0xStack[0xc]	READ	1
0x001a56c4	0x001a5707	CONDITIONAL_JUMP	0
0x001a56c8	0xStack[0xc]	READ	1
0x001a56cb	0xStack[0x4]	READ_WRITE	0
0x001a56ce	0xStack[0x8]	READ_WRITE	0
0x001a56d4	0x001a56f1	CONDITIONAL_JUMP	0
0x001a56d6	0x001a56e0	CONDITIONAL_JUMP	0
0x001a56db	0x001a56fd	CONDITIONAL_JUMP	0
0x001a56dd	0x001a5707	UNCONDITIONAL_JUMP	0
0x001a56e3	0x001a5707	CONDITIONAL_JUMP	0
0x001a56e5	0xStack[0x4]	READ	1
0x001a56eb	0xStack[0x8]	READ	1
0x001a56f1	0xStack[0x4]	READ	1
0x001a56f7	0xStack[0x8]	READ	1
0x001a56fd	0xStack[0x4]	READ	1
0x001a5702	0xStack[0x8]	READ	1
0x001a5707	0xStack[-0x10]	DATA	0
0x001a5717	0xStack[0x4]	READ	1
0x001a5727	0xStack[0x4]	READ	1
0x001a5737	0x001d6f18	DATA	0
0x001a573c	0x001a552c	UNCONDITIONAL_CALL	0
0x001a574b	0xStack[0x4]	READ	1
0x001a575f	0xStack[0x4]	READ	1
0x001a5773	0xStack[0x4]	READ	1
0x001a5783	0xStack[0x4]	READ	1
0x001a5797	0xStack[0x4]	READ	1
0x001a57ab	0x001d6f30	DATA	0
0x001a57b0	0x001a552c	UNCONDITIONAL_CALL	0
0x001a57c3	0xStack[0x4]	READ	1
0x001a57c6	0xStack[0xc]	READ	1
0x001a57d7	0xStack[0x4]	READ	1
0x001a57da	0xStack[0xc]	READ	1
0x001a57eb	0xStack[0x4]	READ	1
0x001a57ee	0xStack[0xc]	READ	0
0x001a5803	0xStack[0x4]	READ	1
0x001a5813	0xStack[0x4]	READ	1
0x001a5816	0xStack[0xc]	READ	0
0x001a582d	0xStack[0x4]	READ	1
0x001a5830	0xStack[0xc]	READ	1
0x001a5847	0x001a584e	CONDITIONAL_JUMP	0
0x001a5857	0x00101bc0	UNCONDITIONAL_CALL	0
0x001a5863	0xStack[-0xc]	DATA	0
0x001a586f	0xStack[0x4]	READ	1
0x001a587f	0xStack[0x4]	READ	1
0x001a5882	0xStack[0xc]	READ	1
0x001a5893	0xStack[0x4]	READ	1
0x001a5896	0xStack[0xc]	READ	0
0x001a58ab	0xStack[0x4]	READ	1
0x001a58ae	0xStack[0xc]	READ	0
0x001a58c6	0xStack[0x4]	READ	1
0x001a58c9	0xStack[0x18]	READ	1
0x001a58cc	0xStack[0x1c]	READ	1
0x001a58d5	0xStack[0xc]	READ	1
0x001a58e5	0xStack[0x14]	READ	1
0x001a58e9	0xStack[0x10]	READ	1
0x001a58ed	0x001d0fb4	UNCONDITIONAL_CALL	0
0x001a5904	0x001d0fb4	UNCONDITIONAL_CALL	0
0x001a590f	0xStack[-0x10]	DATA	0
0x001a5922	0xStack[0x4]	READ	1
0x001a5925	0xStack[0x18]	READ	1
0x001a5928	0xStack[0x1c]	READ	1
0x001a5931	0xStack[0xc]	READ	1
0x001a5941	0xStack[0x14]	READ	1
0x001a5945	0xStack[0x10]	READ	1
0x001a5949	0x001d0fb4	UNCONDITIONAL_CALL	0
0x001a5960	0x001d0fb4	UNCONDITIONAL_CALL	0
0x001a596b	0xStack[-0x10]	DATA	0
0x001a597b	0xStack[0x4]	READ	1
0x001a598b	0xStack[0x4]	READ	1
0x001a599b	0xStack[0x4]	READ	1
0x001a59ab	0xStack[0x4]	READ	1
0x001a59bb	0xStack[0x4]	READ	1
0x001a59cb	0xStack[0x4]	READ	1
0x001a59e1	0xStack[0x4]	READ	1
0x001a59e4	0xStack[0x14]	READ	1
0x001a59e9	0xStack[-0x48]	WRITE	0
0x001a59ee	0x001a59f7	CONDITIONAL_JUMP	0
0x001a59f0	0xStack[-0x48]	WRITE	0
0x001a59f7	0xStack[0x10]	READ	1
0x001a59fa	0x001d6f50	DATA	1
0x001a5a07	0x001d6f50	READ	0
0x001a5a07	0x001d6f51	READ	0
0x001a5a09	0x001a5ab4	CONDITIONAL_JUMP	0
0x001a5a15	0xStack[-0x3c]	WRITE	0
0x001a5a1e	0xStack[-0x38]	WRITE	0
0x001a5a27	0xStack[-0x34]	WRITE	0
0x001a5a30	0xStack[-0x30]	WRITE	0
0x001a5a39	0xStack[-0x2c]	WRITE	0
0x001a5a42	0xStack[-0x28]	WRITE	0
0x001a5a4b	0xStack[-0x24]	WRITE	0
0x001a5a54	0xStack[-0x20]	WRITE	0
0x001a5a5d	0xStack[-0x1c]	WRITE	0
0x001a5a66	0xStack[-0x18]	WRITE	0
0x001a5a6f	0xStack[-0x14]	WRITE	0
0x001a5a78	0xStack[-0x10]	WRITE	0
0x001a5a81	0xStack[-0xc]	WRITE	0
0x001a5a8a	0xStack[-0x8]	WRITE	0
0x001a5a98	0xStack[-0x48]	READ	1
0x001a5a9d	0x001a5ace	CONDITIONAL_JUMP	0
0x001a5a9f	0xStack[-0x38]	DATA	1
0x001a5aa3	0xStack[0xc]	READ	1
0x001a5aaf	0x001a5a98	CONDITIONAL_JUMP	0
0x001a5ab1	0x001a5ace	UNCONDITIONAL_JUMP	0
0x001a5ab4	0xStack[0x10]	READ	1
0x001a5ab7	0x001d6f5c	DATA	1
0x001a5ac4	0x001d6f5c	READ	0
0x001a5ac4	0x001d6f5d	READ	0
0x001a5ac6	0x001a5ad4	CONDITIONAL_JUMP	0
0x001a5ad0	0x001a5b2c	UNCONDITIONAL_JUMP	0
0x001a5ad4	0xStack[0x10]	READ	1
0x001a5ad7	0x001d6f68	DATA	1
0x001a5ae4	0x001d6f68	READ	0
0x001a5ae4	0x001d6f69	READ	0
0x001a5ae6	0x001a5b10	CONDITIONAL_JUMP	0
0x001a5ae9	0xStack[0x10]	READ	1
0x001a5aed	0xStack[0xc]	READ	1
0x001a5af1	0x001f9528	READ	1
0x001a5af7	0x00202e1c	DATA	0
0x001a5af8	0xStack[-0x44]	WRITE	0
0x001a5afb	0x001fa108	READ	1
0x001a5b01	0x001fdfcd	DATA	1
0x001a5b01	0xStack[-0x40]	WRITE	0
0x001a5b04	0xStack[-0x44]	DATA	0
0x001a5b08	0x001cea70	UNCONDITIONAL_CALL	0
0x001a5b0d	0x001a5b2c	UNCONDITIONAL_JUMP	0
0x001a5b25	0xStack[0xc]	READ	1
0x001a5b2c	0xStack[-0x54]	DATA	0
0x001a5b3b	0xStack[0x4]	READ	1
0x001a5b3e	0xStack[0xc]	READ	1
0x001a5b48	0x001a5b4e	CONDITIONAL_JUMP	0
0x001a5b4c	0x001a5b54	CONDITIONAL_JUMP	0
0x001a5b60	0xStack[0x4]	READ	1
0x001a5b6a	0x001a5cbe	CONDITIONAL_JUMP	0
0x001a5b7a	0x001f9468	READ	1
0x001a5b80	0x00202a84	DATA	0
0x001a5b81	0x001f9da4	READ	1
0x001a5b87	0x001fe4a1	DATA	0
0x001a5b88	0x001ce960	UNCONDITIONAL_CALL	0
0x001a5c1f	0x001f948c	READ	1
0x001a5c25	0x00202c28	DATA	0
0x001a5c26	0xStack[-0xc]	WRITE	0
0x001a5c29	0x001fa108	READ	1
0x001a5c2f	0x001fdfcd	DATA	1
0x001a5c2f	0xStack[-0x8]	WRITE	0
0x001a5c32	0xStack[-0xc]	DATA	0
0x001a5c36	0x001cea70	UNCONDITIONAL_CALL	0
0x001a5c42	0x001a5cbe	CONDITIONAL_JUMP	0
0x001a5c44	0x001fddb8	DATA	0
0x001a5c49	0x001f9238	READ	1
0x001a5c4f	0x00201988	DATA	0
0x001a5c50	0x001f9234	READ	1
0x001a5c56	0x00201980	DATA	0
0x001a5c58	0x001ce960	UNCONDITIONAL_CALL	0
0x001a5c61	0x001ce960	UNCONDITIONAL_CALL	0
0x001a5c6b	0x001a5ca8	CONDITIONAL_JUMP	0
0x001a5c6d	0x001f9228	READ	1
0x001a5c73	0x0020193c	DATA	0
0x001a5c74	0x001f9234	READ	1
0x001a5c7a	0x00201980	DATA	0
0x001a5c7c	0x001ce960	UNCONDITIONAL_CALL	0
0x001a5c85	0x001ce960	UNCONDITIONAL_CALL	0
0x001a5c8b	0x001f9228	READ	1
0x001a5c91	0x0020193c	DATA	0
0x001a5c93	0x001ce960	UNCONDITIONAL_CALL	0
0x001a5c9c	0x001d6f7c	DATA	0
0x001a5ca1	0x001a5514	UNCONDITIONAL_CALL	0
0x001a5ca6	0x001a5cbe	UNCONDITIONAL_JUMP	0
0x001a5cb9	0x001a75e0	UNCONDITIONAL_CALL	0
0x001a5cc0	0xStack[-0x14]	DATA	0
0x001a5ccf	0xStack[0x4]	READ	1
0x001a5cd2	0x001f9220	READ	1
0x001a5cd8	0x00201928	DATA	0
0x001a5ce0	0x001ce960	UNCONDITIONAL_CALL	0
0x001a5cef	0xStack[0x4]	READ	1
0x001a5cf2	0x001f9474	READ	1
0x001a5cf8	0x00202be8	DATA	0
0x001a5d00	0x001ce960	UNCONDITIONAL_CALL	0
0x001a5d12	0xStack[0xc]	READ	1
0x001a5d15	0x001e50c4	DATA	1
0x001a5d1a	0x001e50c8	READ	0
0x001a5d21	0x001a5d31	CONDITIONAL_JUMP	0
0x001a5d24	0x001e50c4	READ	0
0x001a5d24	0x001e50cc	READ	0
0x001a5d26	0x001a5d58	CONDITIONAL_JUMP	0
0x001a5d2b	0x001e50d0	READ	0
0x001a5d2b	0x001e50d8	READ	0
0x001a5d2f	0x001a5d24	CONDITIONAL_JUMP	0
0x001a5d32	0x001f9490	READ	1
0x001a5d38	0x00202c38	DATA	0
0x001a5d39	0xStack[0x4]	READ	1
0x001a5d3c	0xStack[-0xc]	WRITE	0
0x001a5d3f	0x001fa108	READ	1
0x001a5d45	0x001fdfcd	DATA	1
0x001a5d45	0xStack[-0x8]	WRITE	0
0x001a5d48	0xStack[-0xc]	DATA	0
0x001a5d4c	0x001cea70	UNCONDITIONAL_CALL	0
0x001a5d58	0x001e50d0	READ	1
0x001a5d58	0x001d6ef8	DATA	0
0x001a5d66	0xStack[0xc]	READ	1
0x001a5d6e	0x001a5d8c	CONDITIONAL_JUMP	0
0x001a5d70	0x001a5d7c	CONDITIONAL_JUMP	0
0x001a5d77	0x001a5d83	CONDITIONAL_JUMP	0
0x001a5d79	0x001a5d98	UNCONDITIONAL_JUMP	0
0x001a5d81	0x001a5d98	CONDITIONAL_JUMP	0
0x001a5d99	0x001f93b4	READ	1
0x001a5d9f	0x00202788	DATA	0
0x001a5da0	0xStack[0x4]	READ	1
0x001a5da3	0xStack[-0xc]	WRITE	0
0x001a5da6	0x001fa108	READ	1
0x001a5dac	0x001fdfcd	DATA	1
0x001a5dac	0xStack[-0x8]	WRITE	0
0x001a5daf	0xStack[-0xc]	DATA	0
0x001a5db3	0x001cea70	UNCONDITIONAL_CALL	0
0x001a5dbf	0xStack[0xc]	READ	1
0x001a5dc5	0x001a5dd8	CONDITIONAL_JUMP	0
0x001a5dc7	0x001a5dd0	CONDITIONAL_JUMP	0
0x001a5dcc	0x001a5ddc	CONDITIONAL_JUMP	0
0x001a5dce	0x001a5de1	UNCONDITIONAL_JUMP	0
0x001a5dd5	0x001a5de1	UNCONDITIONAL_JUMP	0
0x001a5dda	0x001a5de1	UNCONDITIONAL_JUMP	0
0x001a5de2	0xStack[0x4]	READ	1
0x001a5de6	0x001a7654	UNCONDITIONAL_CALL	0
0x001a5df3	0xStack[0xc]	READ	1
0x001a5df9	0x001a5e0c	CONDITIONAL_JUMP	0
0x001a5dfb	0x001a5e04	CONDITIONAL_JUMP	0
0x001a5e00	0x001a5e10	CONDITIONAL_JUMP	0
0x001a5e02	0x001a5e15	UNCONDITIONAL_JUMP	0
0x001a5e09	0x001a5e15	UNCONDITIONAL_JUMP	0
0x001a5e0e	0x001a5e15	UNCONDITIONAL_JUMP	0
0x001a5e16	0xStack[0x4]	READ	1
0x001a5e1a	0x001a7670	UNCONDITIONAL_CALL	0
0x001a5e27	0xStack[0x4]	READ	1
0x001a5e2b	0x001a768c	UNCONDITIONAL_CALL	0
0x001a5e47	0xStack[0x4]	READ	1
0x001a5e4a	0xStack[-0xc]	DATA	0
0x001a5e4e	0xStack[-0x8]	DATA	0
0x001a5e52	0xStack[0x10]	READ	1
0x001a5e56	0xStack[0xc]	READ	1
0x001a5e5a	0x001f9cb8	READ	1
0x001a5e60	0x0020386c	DATA	0
0x001a5e62	0x001ce960	UNCONDITIONAL_CALL	0
0x001a5e6c	0x001a5e95	CONDITIONAL_JUMP	0
0x001a5e6e	0xStack[0x1c]	READ	1
0x001a5e72	0xStack[0x18]	READ	1
0x001a5e76	0xStack[0x14]	READ	1
0x001a5e7a	0xStack[-0xc]	READ	1
0x001a5e7e	0xStack[-0x8]	READ	1
0x001a5e82	0x001f9cb4	READ	1
0x001a5e88	0x002039bc	DATA	0
0x001a5e90	0x001ce960	UNCONDITIONAL_CALL	0
0x001a5e95	0xStack[-0x10]	READ	1
0x001a5ea3	0xStack[0x4]	READ	1
0x001a5ea6	0xStack[-0xc]	DATA	0
0x001a5eaa	0xStack[-0x8]	DATA	0
0x001a5eae	0xStack[0x10]	READ	1
0x001a5eb2	0xStack[0xc]	READ	1
0x001a5eb6	0x001f9cb8	READ	1
0x001a5ebc	0x0020386c	DATA	0
0x001a5ebe	0x001ce960	UNCONDITIONAL_CALL	0
0x001a5ec8	0x001a5ef1	CONDITIONAL_JUMP	0
0x001a5eca	0xStack[0x1c]	READ	1
0x001a5ece	0xStack[0x18]	READ	1
0x001a5ed2	0xStack[0x14]	READ	1
0x001a5ed6	0xStack[-0xc]	READ	1
0x001a5eda	0xStack[-0x8]	READ	1
0x001a5ede	0x001f93ac	READ	1
0x001a5ee4	0x00202730	DATA	0
0x001a5eec	0x001ce960	UNCONDITIONAL_CALL	0
0x001a5ef1	0xStack[-0x10]	READ	1
0x001a5eff	0xStack[0x4]	READ	1
0x001a5f02	0x001f9cb0	READ	1
0x001a5f08	0x00203808	DATA	0
0x001a5f0a	0x001ce960	UNCONDITIONAL_CALL	0
0x001a5f14	0x001a5f20	CONDITIONAL_JUMP	0
0x001a5f1b	0x001a5f6b	UNCONDITIONAL_JUMP	0
0x001a5f20	0xStack[-0xc]	DATA	0
0x001a5f24	0xStack[-0x8]	DATA	0
0x001a5f28	0xStack[0x10]	READ	1
0x001a5f2c	0xStack[0xc]	READ	1
0x001a5f30	0x001f9cb8	READ	1
0x001a5f36	0x0020386c	DATA	0
0x001a5f38	0x001ce960	UNCONDITIONAL_CALL	0
0x001a5f42	0x001a5f6b	CONDITIONAL_JUMP	0
0x001a5f44	0xStack[0x1c]	READ	1
0x001a5f48	0xStack[0x18]	READ	1
0x001a5f4c	0xStack[0x14]	READ	1
0x001a5f50	0xStack[-0xc]	READ	1
0x001a5f54	0xStack[-0x8]	READ	1
0x001a5f58	0x001f9cac	READ	1
0x001a5f5e	0x00203990	DATA	0
0x001a5f66	0x001ce960	UNCONDITIONAL_CALL	0
0x001a5f6b	0xStack[-0x10]	READ	1
0x001a5f7b	0xStack[0x4]	READ	1
0x001a5f7e	0x001f9cb0	READ	1
0x001a5f84	0x00203808	DATA	0
0x001a5f86	0x001ce960	UNCONDITIONAL_CALL	0
0x001a5f90	0x001a5f9c	CONDITIONAL_JUMP	0
0x001a5f97	0x001a5fe7	UNCONDITIONAL_JUMP	0
0x001a5f9c	0xStack[-0xc]	DATA	0
0x001a5fa0	0xStack[-0x8]	DATA	0
0x001a5fa4	0xStack[0x10]	READ	1
0x001a5fa8	0xStack[0xc]	READ	1
0x001a5fac	0x001f9cb8	READ	1
0x001a5fb2	0x0020386c	DATA	0
0x001a5fb4	0x001ce960	UNCONDITIONAL_CALL	0
0x001a5fbe	0x001a5fe7	CONDITIONAL_JUMP	0
0x001a5fc0	0xStack[0x1c]	READ	1
0x001a5fc4	0xStack[0x18]	READ	1
0x001a5fc8	0xStack[0x14]	READ	1
0x001a5fcc	0xStack[-0xc]	READ	1
0x001a5fd0	0xStack[-0x8]	READ	1
0x001a5fd4	0x001f93b0	READ	1
0x001a5fda	0x0020275c	DATA	0
0x001a5fe2	0x001ce960	UNCONDITIONAL_CALL	0
0x001a5fe7	0xStack[-0x10]	READ	1
0x001a5ff3	0xStack[0x4]	READ	1
0x001a5ff6	0x001f9cbc	READ	1
0x001a5ffc	0x00203828	DATA	0
0x001a6004	0x001ce960	UNCONDITIONAL_CALL	0
0x001a6015	0xStack[0x4]	READ	1
0x001a6018	0xStack[0xc]	READ	1
0x001a6023	0x001f9ca8	READ	1
0x001a6029	0x002037d8	DATA	0
0x001a602b	0x001ce960	UNCONDITIONAL_CALL	0
0x001a6030	0x001f93a8	READ	1
0x001a6036	0x00202724	DATA	0
0x001a6038	0x001ce960	UNCONDITIONAL_CALL	0
0x001a6043	0x001f93c8	READ	1
0x001a6049	0x002027d0	DATA	0
0x001a604b	0x001ce960	UNCONDITIONAL_CALL	0
0x001a6054	0x001f9ca4	READ	1
0x001a605a	0x002037b8	DATA	0
0x001a605c	0x001ce960	UNCONDITIONAL_CALL	0
0x001a6064	0x001f9398	READ	1
0x001a606a	0x002026c4	DATA	0
0x001a606c	0x001ce960	UNCONDITIONAL_CALL	0
0x001a6075	0x001f9ca0	READ	1
0x001a607b	0x00203758	DATA	0
0x001a607d	0x001ce960	UNCONDITIONAL_CALL	0
0x001a6082	0x001f9cb0	READ	1
0x001a6088	0x00203808	DATA	0
0x001a608a	0x001ce960	UNCONDITIONAL_CALL	0
0x001a6093	0x001f9c9c	READ	1
0x001a6099	0x00203770	DATA	0
0x001a609b	0x001ce960	UNCONDITIONAL_CALL	0
0x001a60a5	0x001f9c98	READ	1
0x001a60ab	0x0020366c	DATA	0
0x001a60ad	0x001ce960	UNCONDITIONAL_CALL	0
0x001a60b2	0x001f9c94	READ	1
0x001a60b8	0x002039e8	DATA	0
0x001a60ba	0x001ce960	UNCONDITIONAL_CALL	0
0x001a60c0	0x001f9c90	READ	1
0x001a60c6	0x002039f8	DATA	0
0x001a60c8	0x001ce960	UNCONDITIONAL_CALL	0
0x001a60cf	0xStack[-0xc]	DATA	0
0x001a60db	0xStack[0x4]	READ	1
0x001a60de	0xStack[0xc]	READ	1
0x001a60f0	0xStack[0x4]	READ	1
0x001a60f3	0x001f9394	READ	1
0x001a60f9	0x002026b4	DATA	0
0x001a60fb	0x001ce960	UNCONDITIONAL_CALL	0
0x001a6105	0x001a6110	CONDITIONAL_JUMP	0
0x001a610c	0x001a614a	UNCONDITIONAL_JUMP	0
0x001a6110	0x001f9c8c	READ	1
0x001a6116	0x002037c8	DATA	0
0x001a6118	0x001ce960	UNCONDITIONAL_CALL	0
0x001a6122	0x001a6148	CONDITIONAL_JUMP	0
0x001a6124	0x001f9c88	READ	1
0x001a612a	0x0020395c	DATA	0
0x001a612b	0x001f9c8c	READ	1
0x001a6131	0x002037c8	DATA	0
0x001a6133	0x001ce960	UNCONDITIONAL_CALL	0
0x001a613c	0x001ce960	UNCONDITIONAL_CALL	0
0x001a6144	0x001a614a	UNCONDITIONAL_JUMP	0
0x001a614a	0xStack[-0x8]	READ	1
0x001a615b	0xStack[0x4]	READ	1
0x001a615e	0x001f9c8c	READ	1
0x001a6164	0x002037c8	DATA	0
0x001a6166	0x001ce960	UNCONDITIONAL_CALL	0
0x001a6170	0x001a6182	CONDITIONAL_JUMP	0
0x001a6172	0x001f921c	READ	1
0x001a6178	0x00201920	DATA	0
0x001a617a	0x001ce960	UNCONDITIONAL_CALL	0
0x001a6182	0x001f921c	READ	1
0x001a6188	0x00201920	DATA	0
0x001a6189	0xStack[-0xc]	WRITE	0
0x001a618c	0x001fa130	READ	1
0x001a6192	0x001fe6d6	DATA	1
0x001a6192	0xStack[-0x8]	WRITE	0
0x001a6195	0xStack[-0xc]	DATA	0
0x001a6199	0x001cea70	UNCONDITIONAL_CALL	0
0x001a619e	0xStack[-0x10]	READ	1
0x001a61ab	0xStack[0x4]	READ	1
0x001a61bb	0xStack[0x4]	READ	1
0x001a61cb	0xStack[0x4]	READ	1
0x001a61ce	0xStack[0xc]	READ	1
0x001a61df	0xStack[0x4]	READ	1
0x001a61e2	0xStack[0xc]	READ	1
0x001a61e7	0x001f9384	READ	1
0x001a61ed	0x00202670	DATA	0
0x001a61f5	0x001ce960	UNCONDITIONAL_CALL	0
0x001a6205	0xStack[0x4]	READ	1
0x001a6208	0x001f9c8c	READ	1
0x001a620e	0x002037c8	DATA	0
0x001a6216	0x001a6240	UNCONDITIONAL_JUMP	0
0x001a621a	0x001a6238	CONDITIONAL_JUMP	0
0x001a621c	0x001f9394	READ	1
0x001a6222	0x002026b4	DATA	0
0x001a6224	0x001ce960	UNCONDITIONAL_CALL	0
0x001a622e	0x001a6238	CONDITIONAL_JUMP	0
0x001a6235	0x001a6250	UNCONDITIONAL_JUMP	0
0x001a6238	0x001f9c8c	READ	1
0x001a623e	0x002037c8	DATA	0
0x001a6240	0x001ce960	UNCONDITIONAL_CALL	0
0x001a624c	0x001a6218	CONDITIONAL_JUMP	0
0x001a6250	0xStack[-0xc]	DATA	0
0x001a625f	0xStack[0x4]	READ	1
0x001a6273	0xStack[0x4]	READ	1
0x001a6276	0xStack[0xc]	READ	0
0x001a6291	0xStack[0x4]	READ	1
0x001a6294	0xStack[0xc]	READ	1
0x001a6297	0x001f9228	READ	1
0x001a629d	0x0020193c	DATA	0
0x001a629f	0x001ce960	UNCONDITIONAL_CALL	0
0x001a62a4	0xStack[-0x8]	WRITE	0
0x001a62a9	0x001f9384	READ	1
0x001a62af	0x00202670	DATA	0
0x001a62b7	0x001ce960	UNCONDITIONAL_CALL	0
0x001a62c7	0x001a62d0	CONDITIONAL_JUMP	0
0x001a62cb	0x001a62dc	CONDITIONAL_JUMP	0
0x001a62cd	0x001a6300	UNCONDITIONAL_JUMP	0
0x001a62d5	0x001a6390	UNCONDITIONAL_JUMP	0
0x001a62dd	0x001f9490	READ	1
0x001a62e3	0x00202c38	DATA	0
0x001a62e5	0x001ce960	UNCONDITIONAL_CALL	0
0x001a62eb	0xStack[-0x8]	READ	1
0x001a62ef	0x001d6fc0	DATA	0
0x001a62f4	0x001a5514	UNCONDITIONAL_CALL	0
0x001a62fb	0x001a6390	UNCONDITIONAL_JUMP	0
0x001a6300	0x001f93a8	READ	1
0x001a6306	0x00202724	DATA	0
0x001a6308	0x001ce960	UNCONDITIONAL_CALL	0
0x001a630f	0x001f93d0	READ	1
0x001a6315	0x002027e4	DATA	0
0x001a6317	0x001ce960	UNCONDITIONAL_CALL	0
0x001a631c	0xStack[-0x10]	WRITE	0
0x001a631f	0xStack[0x10]	READ	1
0x001a632b	0x001a6344	CONDITIONAL_JUMP	0
0x001a632d	0xStack[-0x8]	READ	1
0x001a6331	0x001d6ff8	DATA	0
0x001a6336	0x001a5514	UNCONDITIONAL_CALL	0
0x001a6340	0x001a6390	UNCONDITIONAL_JUMP	0
0x001a6344	0xStack[-0xc]	WRITE	0
0x001a6349	0xStack[-0x10]	READ	0
0x001a634c	0x001a6364	CONDITIONAL_JUMP	0
0x001a634e	0xStack[-0x10]	READ	0
0x001a6351	0x001a635c	CONDITIONAL_JUMP	0
0x001a6358	0x001a6390	UNCONDITIONAL_JUMP	0
0x001a635c	0xStack[-0x10]	READ	1
0x001a6361	0xStack[-0xc]	WRITE	0
0x001a636e	0xStack[-0xc]	READ	1
0x001a637d	0xStack[0x14]	READ	1
0x001a6389	0xStack[0x18]	READ	1
0x001a6390	0xStack[-0x1c]	DATA	0
0x001a63a5	0x001f9c84	READ	1
0x001a63ab	0x00203afc	DATA	0
0x001a63ac	0xStack[0xc]	READ	1
0x001a63b0	0x001ce960	UNCONDITIONAL_CALL	0
0x001a63b5	0xStack[-0x28]	WRITE	0
0x001a63b8	0xStack[-0x2c]	WRITE	0
0x001a63bf	0x001f9228	READ	1
0x001a63c5	0x0020193c	DATA	0
0x001a63c6	0xStack[-0x28]	READ	1
0x001a63ca	0x001ce960	UNCONDITIONAL_CALL	0
0x001a63cf	0xStack[-0x30]	WRITE	0
0x001a63d2	0xStack[-0x34]	WRITE	0
0x001a63d9	0xStack[-0x38]	WRITE	0
0x001a63e0	0xStack[-0x3c]	WRITE	0
0x001a63e4	0xStack[-0x40]	WRITE	0
0x001a63e8	0x001f9c80	READ	1
0x001a63ee	0x0020381c	DATA	0
0x001a63ef	0xStack[-0x28]	READ	1
0x001a63f3	0x001ce960	UNCONDITIONAL_CALL	0
0x001a63fd	0x001a6408	CONDITIONAL_JUMP	0
0x001a6401	0x001a6787	UNCONDITIONAL_JUMP	0
0x001a6408	0x001f9c8c	READ	1
0x001a640e	0x002037c8	DATA	0
0x001a640f	0xStack[-0x28]	READ	1
0x001a6413	0x001ce960	UNCONDITIONAL_CALL	0
0x001a641d	0x001a6450	CONDITIONAL_JUMP	0
0x001a6421	0xStack[-0x28]	READ	1
0x001a6425	0x001f9c7c	READ	1
0x001a642b	0x00203978	DATA	0
0x001a642d	0x001ce960	UNCONDITIONAL_CALL	0
0x001a644a	0x001a6536	UNCONDITIONAL_JUMP	0
0x001a6450	0x001f9468	READ	1
0x001a6456	0x00202a84	DATA	0
0x001a6457	0x001f9ddc	READ	1
0x001a645d	0x001fe73a	DATA	0
0x001a645e	0x001ce960	UNCONDITIONAL_CALL	0
0x001a6465	0xStack[-0x30]	READ	1
0x001a6469	0x001d7028	DATA	0
0x001a646e	0xStack[-0x24]	DATA	0
0x001a6472	0x0010c188	UNCONDITIONAL_CALL	0
0x001a6478	0x001f947c	READ	1
0x001a647e	0x00202bfc	DATA	0
0x001a6480	0x001ce960	UNCONDITIONAL_CALL	0
0x001a6488	0x001d702c	DATA	0
0x001a648d	0x001f9480	READ	1
0x001a6493	0x00202c08	DATA	0
0x001a6495	0x001ce960	UNCONDITIONAL_CALL	0
0x001a649a	0x001d703c	DATA	0
0x001a649f	0x001f9c78	READ	1
0x001a64a5	0x002037a8	DATA	0
0x001a64a7	0x001ce960	UNCONDITIONAL_CALL	0
0x001a64ae	0x001f9484	READ	1
0x001a64b4	0x00202c18	DATA	0
0x001a64b6	0x001ce960	UNCONDITIONAL_CALL	0
0x001a64be	0x001f924c	READ	1
0x001a64c4	0x00201a24	DATA	0
0x001a64c6	0x001ce960	UNCONDITIONAL_CALL	0
0x001a64cb	0x001f948c	READ	1
0x001a64d1	0x00202c28	DATA	0
0x001a64d3	0x001ce960	UNCONDITIONAL_CALL	0
0x001a64d8	0xStack[-0x28]	READ	1
0x001a64dc	0x001f9c7c	READ	1
0x001a64e2	0x00203978	DATA	0
0x001a64e4	0x001ce960	UNCONDITIONAL_CALL	0
0x001a64ea	0x001f9c98	READ	1
0x001a64f0	0x0020366c	DATA	0
0x001a64f1	0xStack[-0x28]	READ	1
0x001a64f5	0x001ce960	UNCONDITIONAL_CALL	0
0x001a6514	0x001f9c74	READ	1
0x001a651a	0x00203b0c	DATA	0
0x001a651b	0xStack[-0x28]	READ	1
0x001a651f	0x001ce960	UNCONDITIONAL_CALL	0
0x001a6526	0x001f9c74	READ	1
0x001a652c	0x00203b0c	DATA	0
0x001a652e	0x001ce960	UNCONDITIONAL_CALL	0
0x001a6536	0x001f9c70	READ	1
0x001a653c	0x00203798	DATA	0
0x001a653d	0xStack[-0x28]	READ	1
0x001a6541	0x001ce960	UNCONDITIONAL_CALL	0
0x001a6546	0xStack[-0x44]	WRITE	0
0x001a6550	0x001f9cbc	READ	1
0x001a6556	0x00203828	DATA	0
0x001a6557	0xStack[-0x28]	READ	1
0x001a655b	0x001ce960	UNCONDITIONAL_CALL	0
0x001a6568	0x001a658c	CONDITIONAL_JUMP	0
0x001a656a	0x001a65c4	CONDITIONAL_JUMP	0
0x001a656f	0x001a658c	CONDITIONAL_JUMP	0
0x001a6573	0x001a66f8	CONDITIONAL_JUMP	0
0x001a6579	0x001d7058	DATA	0
0x001a657e	0x001a5514	UNCONDITIONAL_CALL	0
0x001a6586	0x001a66f8	UNCONDITIONAL_JUMP	0
0x001a658e	0x001a65a4	CONDITIONAL_JUMP	0
0x001a6590	0xStack[-0x30]	READ	1
0x001a6594	0x001d705c	DATA	0
0x001a6599	0x001a5514	UNCONDITIONAL_CALL	0
0x001a65a1	0x001a65b1	UNCONDITIONAL_JUMP	0
0x001a65a4	0x001d7080	DATA	0
0x001a65a9	0x001a5514	UNCONDITIONAL_CALL	0
0x001a65b6	0x001a5488	UNCONDITIONAL_CALL	0
0x001a65c2	0x001a6550	CONDITIONAL_JUMP	0
0x001a65c6	0x001a65d5	CONDITIONAL_JUMP	0
0x001a65c8	0x001d7058	DATA	0
0x001a65cd	0x001a5514	UNCONDITIONAL_CALL	0
0x001a65d6	0x001f9c6c	READ	1
0x001a65dc	0x00203784	DATA	0
0x001a65dd	0xStack[-0x28]	READ	1
0x001a65e1	0x001ce960	UNCONDITIONAL_CALL	0
0x001a65eb	0x001a65f8	CONDITIONAL_JUMP	0
0x001a65ed	0xStack[-0x30]	READ	1
0x001a65f1	0x001d7084	DATA	0
0x001a65f6	0x001a6631	UNCONDITIONAL_JUMP	0
0x001a65f8	0xStack[-0x44]	READ	0
0x001a65fc	0x001a6611	CONDITIONAL_JUMP	0
0x001a65fe	0x001f93e4	READ	1
0x001a6604	0x00202834	DATA	0
0x001a6605	0xStack[-0x28]	READ	1
0x001a6609	0x001ce960	UNCONDITIONAL_CALL	0
0x001a6611	0x001f9398	READ	1
0x001a6617	0x002026c4	DATA	0
0x001a6618	0xStack[-0x28]	READ	1
0x001a661c	0x001ce960	UNCONDITIONAL_CALL	0
0x001a6626	0x001a6640	CONDITIONAL_JUMP	0
0x001a6628	0xStack[-0x30]	READ	1
0x001a662c	0x001d7098	DATA	0
0x001a6631	0x001a5514	UNCONDITIONAL_CALL	0
0x001a6639	0x001a66f8	UNCONDITIONAL_JUMP	0
0x001a6640	0x001f93a8	READ	1
0x001a6646	0x00202724	DATA	0
0x001a6647	0xStack[-0x28]	READ	1
0x001a664b	0x001ce960	UNCONDITIONAL_CALL	0
0x001a6650	0xStack[-0x34]	WRITE	0
0x001a6654	0x001f9c68	READ	1
0x001a665a	0x00203920	DATA	0
0x001a665c	0x001ce960	UNCONDITIONAL_CALL	0
0x001a6661	0x001f93d0	READ	1
0x001a6667	0x002027e4	DATA	0
0x001a6668	0xStack[-0x28]	READ	1
0x001a666c	0x001ce960	UNCONDITIONAL_CALL	0
0x001a6671	0xStack[-0x38]	WRITE	0
0x001a6674	0xStack[-0x3c]	WRITE	0
0x001a667d	0x001a5448	UNCONDITIONAL_CALL	0
0x001a6682	0xStack[-0x2c]	WRITE	0
0x001a6689	0x001f93bc	READ	1
0x001a668f	0x002027ac	DATA	0
0x001a6691	0x001ce960	UNCONDITIONAL_CALL	0
0x001a669b	0x001a66e0	CONDITIONAL_JUMP	0
0x001a669d	0xStack[-0x30]	READ	1
0x001a66a1	0x001d70b0	DATA	0
0x001a66a6	0x001a5514	UNCONDITIONAL_CALL	0
0x001a66ab	0xStack[-0x34]	READ	1
0x001a66af	0x001f9c64	READ	1
0x001a66b5	0x002037e8	DATA	0
0x001a66b7	0x001ce960	UNCONDITIONAL_CALL	0
0x001a66bc	0x001f93d0	READ	1
0x001a66c2	0x002027e4	DATA	0
0x001a66c3	0xStack[-0x28]	READ	1
0x001a66c7	0x001ce960	UNCONDITIONAL_CALL	0
0x001a66cd	0x001f9c60	READ	1
0x001a66d3	0x002037f8	DATA	0
0x001a66d5	0x001ce960	UNCONDITIONAL_CALL	0
0x001a66dd	0x001a66f8	UNCONDITIONAL_JUMP	0
0x001a66e0	0xStack[-0x40]	WRITE	0
0x001a66e4	0xStack[-0x2c]	READ	1
0x001a66e8	0x001f9c5c	READ	1
0x001a66ee	0x00203a5c	DATA	0
0x001a66f0	0x001ce960	UNCONDITIONAL_CALL	0
0x001a66f8	0xStack[-0x3c]	READ	0
0x001a66fc	0x001a6750	CONDITIONAL_JUMP	0
0x001a66fe	0xStack[-0x34]	READ	1
0x001a6702	0xStack[-0x30]	READ	1
0x001a6706	0x001d70cc	DATA	0
0x001a670b	0x001a5514	UNCONDITIONAL_CALL	0
0x001a6710	0xStack[-0x38]	READ	1
0x001a6716	0xStack[-0x34]	READ	1
0x001a6722	0x001a6734	CONDITIONAL_JUMP	0
0x001a6728	0xStack[-0x30]	READ	1
0x001a672c	0x001d70f0	DATA	0
0x001a6731	0x001a6748	UNCONDITIONAL_JUMP	0
0x001a6734	0xStack[-0x38]	READ	1
0x001a6737	0xStack[-0x34]	READ	1
0x001a673f	0xStack[-0x30]	READ	1
0x001a6743	0x001d7110	DATA	0
0x001a6748	0x001a5514	UNCONDITIONAL_CALL	0
0x001a6750	0xStack[-0x40]	READ	0
0x001a6754	0x001a676e	CONDITIONAL_JUMP	0
0x001a6756	0xStack[-0x2c]	READ	1
0x001a675d	0xStack[-0x30]	READ	1
0x001a6761	0x001d7130	DATA	0
0x001a6766	0x001a5514	UNCONDITIONAL_CALL	0
0x001a676e	0xStack[-0x2c]	READ	0
0x001a6772	0x001a6782	CONDITIONAL_JUMP	0
0x001a6779	0xStack[-0x2c]	READ	1
0x001a677d	0x001a5458	UNCONDITIONAL_CALL	0
0x001a6787	0xStack[-0x50]	DATA	0
0x001a679d	0xStack[-0xc]	WRITE	0
0x001a67a4	0x001f9c58	READ	1
0x001a67aa	0x0020394c	DATA	0
0x001a67ab	0xStack[0x4]	READ	1
0x001a67af	0x001ce960	UNCONDITIONAL_CALL	0
0x001a67b4	0xStack[-0x20]	WRITE	0
0x001a67b7	0x001f9c54	READ	1
0x001a67bd	0x00203938	DATA	0
0x001a67be	0xStack[0x4]	READ	1
0x001a67c2	0x001ce960	UNCONDITIONAL_CALL	0
0x001a67c9	0x001f9228	READ	1
0x001a67cf	0x0020193c	DATA	0
0x001a67d0	0xStack[0x4]	READ	1
0x001a67d4	0x001ce960	UNCONDITIONAL_CALL	0
0x001a67dd	0x001f9384	READ	1
0x001a67e3	0x00202670	DATA	0
0x001a67e4	0xStack[-0x20]	READ	1
0x001a67e8	0x001ce960	UNCONDITIONAL_CALL	0
0x001a67f8	0x001a6800	CONDITIONAL_JUMP	0
0x001a67fc	0x001a680c	CONDITIONAL_JUMP	0
0x001a67fe	0x001a6830	UNCONDITIONAL_JUMP	0
0x001a6805	0x001a6950	UNCONDITIONAL_JUMP	0
0x001a680d	0x001f9490	READ	1
0x001a6813	0x00202c38	DATA	0
0x001a6814	0xStack[0x4]	READ	1
0x001a6818	0x001ce960	UNCONDITIONAL_CALL	0
0x001a681f	0x001d714c	DATA	0
0x001a6824	0x001a5514	UNCONDITIONAL_CALL	0
0x001a682b	0x001a6950	UNCONDITIONAL_JUMP	0
0x001a6830	0x001f9398	READ	1
0x001a6836	0x002026c4	DATA	0
0x001a6837	0xStack[-0x20]	READ	1
0x001a683b	0x001ce960	UNCONDITIONAL_CALL	0
0x001a6848	0x001a684e	CONDITIONAL_JUMP	0
0x001a684c	0x001a6858	CONDITIONAL_JUMP	0
0x001a6853	0x001a6950	UNCONDITIONAL_JUMP	0
0x001a6858	0x001f9c50	READ	1
0x001a685e	0x00203ae8	DATA	0
0x001a685f	0xStack[0x4]	READ	1
0x001a6863	0x001ce960	UNCONDITIONAL_CALL	0
0x001a686f	0x001a6880	CONDITIONAL_JUMP	0
0x001a6871	0x001a6950	UNCONDITIONAL_JUMP	0
0x001a6878	0xStack[-0xc]	READ_WRITE	0
0x001a687b	0x001a690e	UNCONDITIONAL_JUMP	0
0x001a688a	0xStack[-0x10]	WRITE	0
0x001a6890	0xStack[-0x14]	WRITE	0
0x001a6893	0x001e89ec	READ	1
0x001a68a0	0xStack[-0x1c]	WRITE	0
0x001a68a4	0x001a5448	UNCONDITIONAL_CALL	0
0x001a68a9	0xStack[-0x18]	WRITE	0
0x001a68b4	0x001a9238	UNCONDITIONAL_CALL	0
0x001a68ba	0xStack[-0x8]	DATA	0
0x001a68be	0xStack[-0x18]	READ	1
0x001a68c2	0xStack[-0x14]	READ	1
0x001a68c7	0x001f9cb4	READ	1
0x001a68cd	0x002039bc	DATA	0
0x001a68ce	0xStack[-0x20]	READ	1
0x001a68d2	0x001ce960	UNCONDITIONAL_CALL	0
0x001a68de	0x001a68fd	CONDITIONAL_JUMP	0
0x001a68e0	0xStack[-0x14]	READ	1
0x001a68e3	0xStack[-0x8]	READ	0
0x001a68e6	0x001a68fd	CONDITIONAL_JUMP	0
0x001a68e9	0xStack[-0x18]	READ	1
0x001a68ed	0x001bda94	UNCONDITIONAL_CALL	0
0x001a68f7	0x001a6878	CONDITIONAL_JUMP	0
0x001a6903	0x001a690e	CONDITIONAL_JUMP	0
0x001a6905	0xStack[-0x10]	READ	1
0x001a690c	0x001a68b4	CONDITIONAL_JUMP	0
0x001a690e	0xStack[-0xc]	READ	0
0x001a6912	0x001a6934	CONDITIONAL_JUMP	0
0x001a6914	0xStack[0x4]	READ	1
0x001a691e	0xStack[0xc]	READ	1
0x001a6922	0xStack[-0x18]	READ	1
0x001a6926	0x001bd674	UNCONDITIONAL_CALL	0
0x001a6930	0x001a6941	UNCONDITIONAL_JUMP	0
0x001a693a	0x001a6941	CONDITIONAL_JUMP	0
0x001a6941	0xStack[-0x1c]	READ	1
0x001a6945	0xStack[-0x18]	READ	1
0x001a6949	0x001a5458	UNCONDITIONAL_CALL	0
0x001a6950	0xStack[-0x2c]	DATA	0
0x001a6965	0xStack[-0x18]	WRITE	0
0x001a696c	0x001f9c58	READ	1
0x001a6971	0x0020394c	DATA	0
0x001a6972	0xStack[0x4]	READ	1
0x001a6976	0x001ce960	UNCONDITIONAL_CALL	0
0x001a697b	0xStack[-0x24]	WRITE	0
0x001a697e	0x001f9c54	READ	1
0x001a6983	0x00203938	DATA	0
0x001a6984	0xStack[0x4]	READ	1
0x001a6988	0x001ce960	UNCONDITIONAL_CALL	0
0x001a698f	0xStack[-0x28]	WRITE	0
0x001a6996	0xStack[-0x2c]	WRITE	0
0x001a699d	0x001d7180	DATA	0
0x001a69a2	0x001f9c4c	READ	1
0x001a69a7	0x00203a0c	DATA	0
0x001a69a8	0xStack[0x4]	READ	1
0x001a69ac	0x001ce960	UNCONDITIONAL_CALL	0
0x001a69b8	0x001a6c27	CONDITIONAL_JUMP	0
0x001a69be	0x001f9c48	READ	1
0x001a69c3	0x00203658	DATA	0
0x001a69c4	0xStack[-0x24]	READ	1
0x001a69c8	0x001ce960	UNCONDITIONAL_CALL	0
0x001a69cd	0x001f9398	READ	1
0x001a69d2	0x002026c4	DATA	0
0x001a69d3	0xStack[-0x24]	READ	1
0x001a69d7	0x001ce960	UNCONDITIONAL_CALL	0
0x001a69e3	0x001a6bd5	CONDITIONAL_JUMP	0
0x001a69e9	0x001f9c44	READ	1
0x001a69ee	0x00203a34	DATA	0
0x001a69ef	0xStack[0x4]	READ	1
0x001a69f3	0x001ce960	UNCONDITIONAL_CALL	0
0x001a69f8	0xStack[0x4]	READ	1
0x001a6a02	0xStack[0xc]	READ	1
0x001a6a10	0x001a6a1a	CONDITIONAL_JUMP	0
0x001a6a18	0x001a6a34	CONDITIONAL_JUMP	0
0x001a6a1a	0xStack[-0x14]	WRITE	0
0x001a6a21	0xStack[0xc]	READ	1
0x001a6a2a	0xStack[-0x30]	WRITE	0
0x001a6a31	0x001a6a7f	UNCONDITIONAL_JUMP	0
0x001a6a3a	0x001a6a68	CONDITIONAL_JUMP	0
0x001a6a3c	0x001f9228	READ	1
0x001a6a41	0x0020193c	DATA	0
0x001a6a42	0xStack[0x4]	READ	1
0x001a6a46	0x001ce960	UNCONDITIONAL_CALL	0
0x001a6a4e	0x001d718c	DATA	0
0x001a6a53	0x001a5514	UNCONDITIONAL_CALL	0
0x001a6a60	0x001a6bff	UNCONDITIONAL_JUMP	0
0x001a6a68	0xStack[-0x14]	WRITE	0
0x001a6a6f	0xStack[0xc]	READ	1
0x001a6a78	0xStack[-0x30]	WRITE	0
0x001a6a7f	0xStack[-0xc]	DATA	0
0x001a6a83	0x001a54f8	UNCONDITIONAL_CALL	0
0x001a6a88	0xStack[-0xc]	READ	1
0x001a6a8b	0xStack[0xc]	READ	1
0x001a6aa9	0xStack[-0x1c]	WRITE	0
0x001a6aaf	0xStack[-0x20]	WRITE	0
0x001a6ab4	0x001e89ec	READ	1
0x001a6aba	0x001e89ec	READ	1
0x001a6ac4	0xStack[-0x2c]	WRITE	0
0x001a6ac8	0x001a5448	UNCONDITIONAL_CALL	0
0x001a6acd	0xStack[-0x28]	WRITE	0
0x001a6ad1	0xStack[0xc]	READ	1
0x001a6ad5	0x001bd9a4	UNCONDITIONAL_CALL	0
0x001a6ada	0xStack[-0x14]	READ	1
0x001a6ae0	0xStack[-0x28]	READ	1
0x001a6ae4	0x001bda48	UNCONDITIONAL_CALL	0
0x001a6aeb	0xStack[-0x28]	READ	1
0x001a6aee	0xStack[-0x30]	READ	1
0x001a6af8	0xStack[-0x3c]	WRITE	0
0x001a6b01	0xStack[-0x28]	READ	1
0x001a6b05	0x001bda94	UNCONDITIONAL_CALL	0
0x001a6b11	0x001a6b40	CONDITIONAL_JUMP	0
0x001a6b14	0x001f9228	READ	1
0x001a6b1a	0x0020193c	DATA	0
0x001a6b1b	0xStack[0x4]	READ	1
0x001a6b1f	0x001ce960	UNCONDITIONAL_CALL	0
0x001a6b2a	0x001d71a8	DATA	0
0x001a6b2f	0x001a5514	UNCONDITIONAL_CALL	0
0x001a6b39	0x001a6bfc	UNCONDITIONAL_JUMP	0
0x001a6b40	0x001f9c50	READ	1
0x001a6b46	0x00203ae8	DATA	0
0x001a6b47	0xStack[0x4]	READ	1
0x001a6b4b	0x001ce960	UNCONDITIONAL_CALL	0
0x001a6b57	0x001a6b60	CONDITIONAL_JUMP	0
0x001a6b5b	0x001a6bff	UNCONDITIONAL_JUMP	0
0x001a6b68	0x001a6bc7	CONDITIONAL_JUMP	0
0x001a6b6a	0xStack[-0x1c]	READ	1
0x001a6b78	0xStack[-0x28]	READ	1
0x001a6b7e	0x001a9238	UNCONDITIONAL_CALL	0
0x001a6b86	0xStack[-0x10]	DATA	0
0x001a6b8a	0xStack[-0x28]	READ	1
0x001a6b8e	0xStack[-0x20]	READ	1
0x001a6b93	0x001f9cac	READ	1
0x001a6b98	0x00203990	DATA	0
0x001a6b99	0xStack[-0x24]	READ	1
0x001a6b9d	0x001ce960	UNCONDITIONAL_CALL	0
0x001a6ba9	0x001a6bb6	CONDITIONAL_JUMP	0
0x001a6bab	0xStack[-0x20]	READ	1
0x001a6bae	0xStack[-0x10]	READ	0
0x001a6bb1	0x001a6bb6	CONDITIONAL_JUMP	0
0x001a6bb3	0xStack[-0x18]	READ_WRITE	0
0x001a6bbc	0x001a6bc7	CONDITIONAL_JUMP	0
0x001a6bbe	0xStack[-0x1c]	READ	1
0x001a6bc5	0x001a6b74	CONDITIONAL_JUMP	0
0x001a6bc7	0xStack[-0x18]	READ	0
0x001a6bcb	0x001a6bdc	CONDITIONAL_JUMP	0
0x001a6bd3	0x001a6bff	CONDITIONAL_JUMP	0
0x001a6bda	0x001a6bff	UNCONDITIONAL_JUMP	0
0x001a6bdc	0xStack[0x4]	READ	1
0x001a6be8	0xStack[0xc]	READ	1
0x001a6bec	0x001f9c5c	READ	1
0x001a6bf2	0x00203a5c	DATA	0
0x001a6bf3	0xStack[0x4]	READ	1
0x001a6bf7	0x001ce960	UNCONDITIONAL_CALL	0
0x001a6bff	0x001f9c40	READ	1
0x001a6c05	0x00203644	DATA	0
0x001a6c06	0xStack[-0x24]	READ	1
0x001a6c0a	0x001ce960	UNCONDITIONAL_CALL	0
0x001a6c12	0xStack[-0x28]	READ	0
0x001a6c16	0x001a6c25	CONDITIONAL_JUMP	0
0x001a6c18	0xStack[-0x2c]	READ	1
0x001a6c1c	0xStack[-0x28]	READ	1
0x001a6c20	0x001a5458	UNCONDITIONAL_CALL	0
0x001a6c27	0xStack[-0x4c]	DATA	0
0x001a6c43	0x001e50f4	DATA	1
0x001a6c57	0x001f9c58	READ	1
0x001a6c5d	0x0020394c	DATA	0
0x001a6c5e	0xStack[0x4]	READ	1
0x001a6c62	0x001ce960	UNCONDITIONAL_CALL	0
0x001a6c67	0xStack[-0xc]	WRITE	0
0x001a6c6a	0x001e0d0c	READ	1
0x001a6c71	0x001a5448	UNCONDITIONAL_CALL	0
0x001a6c78	0xStack[-0x10]	WRITE	0
0x001a6c7c	0x001f9c54	READ	1
0x001a6c82	0x00203938	DATA	0
0x001a6c83	0xStack[0x4]	READ	1
0x001a6c87	0x001ce960	UNCONDITIONAL_CALL	0
0x001a6c94	0x001a6d0b	CONDITIONAL_JUMP	0
0x001a6c96	0x001a9238	UNCONDITIONAL_CALL	0
0x001a6c9c	0xStack[-0x8]	DATA	0
0x001a6ca8	0x001f9cb4	READ	1
0x001a6cae	0x002039bc	DATA	0
0x001a6caf	0xStack[-0xc]	READ	1
0x001a6cb3	0x001ce960	UNCONDITIONAL_CALL	0
0x001a6cbd	0x001a6cd0	CONDITIONAL_JUMP	0
0x001a6cc4	0x001a6d0b	UNCONDITIONAL_JUMP	0
0x001a6ccb	0x001a6d0b	UNCONDITIONAL_JUMP	0
0x001a6cd9	0x001a6d0b	CONDITIONAL_JUMP	0
0x001a6cea	0x001a6cf7	CONDITIONAL_JUMP	0
0x001a6cf1	0x001a6cc8	CONDITIONAL_JUMP	0
0x001a6cf3	0xStack[-0x10]	WRITE	0
0x001a6cfe	0x001a6ce4	CONDITIONAL_JUMP	0
0x001a6d00	0xStack[-0x10]	READ	0
0x001a6d04	0x001a6d0b	CONDITIONAL_JUMP	0
0x001a6d0b	0x001e0d0c	READ	1
0x001a6d13	0x001a5458	UNCONDITIONAL_CALL	0
0x001a6d1a	0xStack[-0x1c]	DATA	0
0x001a6d2b	0xStack[0x4]	READ	1
0x001a6d35	0x001f9c3c	READ	1
0x001a6d3b	0x00203b20	DATA	0
0x001a6d3d	0x001ce960	UNCONDITIONAL_CALL	0
0x001a6d42	0x001f921c	READ	1
0x001a6d48	0x00201920	DATA	0
0x001a6d49	0xStack[-0xc]	WRITE	0
0x001a6d4c	0x001fa158	READ	1
0x001a6d52	0x001fe704	DATA	1
0x001a6d52	0xStack[-0x8]	WRITE	0
0x001a6d55	0xStack[-0xc]	DATA	0
0x001a6d59	0x001cea70	UNCONDITIONAL_CALL	0
0x001a6d5e	0xStack[-0x10]	READ	1
0x001a6d70	0xStack[0x4]	READ	1
0x001a6d73	0x001f9c58	READ	1
0x001a6d79	0x0020394c	DATA	0
0x001a6d7b	0x001ce960	UNCONDITIONAL_CALL	0
0x001a6d82	0x001d71c8	DATA	0
0x001a6d87	0x001f9c4c	READ	1
0x001a6d8d	0x00203a0c	DATA	0
0x001a6d8f	0x001ce960	UNCONDITIONAL_CALL	0
0x001a6d99	0x001a6df3	CONDITIONAL_JUMP	0
0x001a6d9b	0x001f9c44	READ	1
0x001a6da1	0x00203a34	DATA	0
0x001a6da3	0x001ce960	UNCONDITIONAL_CALL	0
0x001a6db1	0x001f9ca0	READ	1
0x001a6db7	0x00203758	DATA	0
0x001a6db8	0xStack[-0xc]	WRITE	0
0x001a6dbb	0x001fa158	READ	1
0x001a6dc1	0x001fe704	DATA	1
0x001a6dc1	0xStack[-0x8]	WRITE	0
0x001a6dc4	0xStack[-0xc]	DATA	0
0x001a6dc8	0x001cea70	UNCONDITIONAL_CALL	0
0x001a6dcd	0x001f9c38	READ	1
0x001a6dd3	0x002035ec	DATA	0
0x001a6dd5	0x001ce960	UNCONDITIONAL_CALL	0
0x001a6ddf	0x001a6de6	CONDITIONAL_JUMP	0
0x001a6de1	0x001859a0	UNCONDITIONAL_CALL	0
0x001a6de6	0x001f9c34	READ	1
0x001a6dec	0x0020383c	DATA	0
0x001a6dee	0x001ce960	UNCONDITIONAL_CALL	0
0x001a6df3	0xStack[-0x14]	DATA	0
0x001a6e02	0xStack[0x4]	READ	1
0x001a6e0c	0x001a6e30	CONDITIONAL_JUMP	0
0x001a6e0e	0x001f9228	READ	1
0x001a6e14	0x0020193c	DATA	0
0x001a6e16	0x001ce960	UNCONDITIONAL_CALL	0
0x001a6e1c	0x001d71d0	DATA	0
0x001a6e21	0x001a5514	UNCONDITIONAL_CALL	0
0x001a6e30	0xStack[0x1c]	READ	1
0x001a6e34	0xStack[0x18]	READ	1
0x001a6e38	0xStack[0x14]	READ	1
0x001a6e3c	0xStack[0x10]	READ	1
0x001a6e40	0xStack[0xc]	READ	1
0x001a6e44	0x001f9cb4	READ	1
0x001a6e4a	0x002039bc	DATA	0
0x001a6e4b	0xStack[-0xc]	WRITE	0
0x001a6e4e	0x001fa158	READ	1
0x001a6e54	0x001fe704	DATA	1
0x001a6e54	0xStack[-0x8]	WRITE	0
0x001a6e57	0xStack[-0xc]	DATA	0
0x001a6e5b	0x001cea70	UNCONDITIONAL_CALL	0
0x001a6e6a	0xStack[0x4]	READ	1
0x001a6e74	0x001a6e98	CONDITIONAL_JUMP	0
0x001a6e76	0x001f9228	READ	1
0x001a6e7c	0x0020193c	DATA	0
0x001a6e7e	0x001ce960	UNCONDITIONAL_CALL	0
0x001a6e84	0x001d71d0	DATA	0
0x001a6e89	0x001a5514	UNCONDITIONAL_CALL	0
0x001a6e98	0xStack[0x1c]	READ	1
0x001a6e9c	0xStack[0x18]	READ	1
0x001a6ea0	0xStack[0x14]	READ	1
0x001a6ea4	0xStack[0x10]	READ	1
0x001a6ea8	0xStack[0xc]	READ	1
0x001a6eac	0x001f93ac	READ	1
0x001a6eb2	0x00202730	DATA	0
0x001a6eb3	0xStack[-0xc]	WRITE	0
0x001a6eb6	0x001fa158	READ	1
0x001a6ebc	0x001fe704	DATA	1
0x001a6ebc	0xStack[-0x8]	WRITE	0
0x001a6ebf	0xStack[-0xc]	DATA	0
0x001a6ec3	0x001cea70	UNCONDITIONAL_CALL	0
0x001a6ed2	0xStack[0x4]	READ	1
0x001a6edc	0x001a6f00	CONDITIONAL_JUMP	0
0x001a6ede	0x001f9228	READ	1
0x001a6ee4	0x0020193c	DATA	0
0x001a6ee6	0x001ce960	UNCONDITIONAL_CALL	0
0x001a6eec	0x001d71f8	DATA	0
0x001a6ef1	0x001a5514	UNCONDITIONAL_CALL	0
0x001a6f00	0xStack[0x1c]	READ	1
0x001a6f04	0xStack[0x18]	READ	1
0x001a6f08	0xStack[0x14]	READ	1
0x001a6f0c	0xStack[0x10]	READ	1
0x001a6f10	0xStack[0xc]	READ	1
0x001a6f14	0x001f9cac	READ	1
0x001a6f1a	0x00203990	DATA	0
0x001a6f1b	0xStack[-0xc]	WRITE	0
0x001a6f1e	0x001fa158	READ	1
0x001a6f24	0x001fe704	DATA	1
0x001a6f24	0xStack[-0x8]	WRITE	0
0x001a6f27	0xStack[-0xc]	DATA	0
0x001a6f2b	0x001cea70	UNCONDITIONAL_CALL	0
0x001a6f3a	0xStack[0x4]	READ	1
0x001a6f44	0x001a6f68	CONDITIONAL_JUMP	0
0x001a6f46	0x001f9228	READ	1
0x001a6f4c	0x0020193c	DATA	0
0x001a6f4e	0x001ce960	UNCONDITIONAL_CALL	0
0x001a6f54	0x001d71f8	DATA	0
0x001a6f59	0x001a5514	UNCONDITIONAL_CALL	0
0x001a6f68	0xStack[0x1c]	READ	1
0x001a6f6c	0xStack[0x18]	READ	1
0x001a6f70	0xStack[0x14]	READ	1
0x001a6f74	0xStack[0x10]	READ	1
0x001a6f78	0xStack[0xc]	READ	1
0x001a6f7c	0x001f93b0	READ	1
0x001a6f82	0x0020275c	DATA	0
0x001a6f83	0xStack[-0xc]	WRITE	0
0x001a6f86	0x001fa158	READ	1
0x001a6f8c	0x001fe704	DATA	1
0x001a6f8c	0xStack[-0x8]	WRITE	0
0x001a6f8f	0xStack[-0xc]	DATA	0
0x001a6f93	0x001cea70	UNCONDITIONAL_CALL	0
0x001a6fa5	0xStack[0x4]	READ	1
0x001a6fa8	0xStack[0xc]	READ	1
0x001a6fab	0xStack[-0x8]	WRITE	0
0x001a6fae	0x001d7220	DATA	0
0x001a6fb3	0x001f9c4c	READ	1
0x001a6fb9	0x00203a0c	DATA	0
0x001a6fbb	0x001ce960	UNCONDITIONAL_CALL	0
0x001a6fc5	0x001a701f	CONDITIONAL_JUMP	0
0x001a6fc7	0x001f9c58	READ	1
0x001a6fcd	0x0020394c	DATA	0
0x001a6fcf	0x001ce960	UNCONDITIONAL_CALL	0
0x001a6fd6	0xStack[-0x8]	READ	1
0x001a6fdb	0x001f9ca0	READ	1
0x001a6fe1	0x00203758	DATA	0
0x001a6fe3	0x001ce960	UNCONDITIONAL_CALL	0
0x001a6feb	0xStack[-0x8]	READ	0
0x001a6fef	0x001a7001	CONDITIONAL_JUMP	0
0x001a6ff1	0x001f93e4	READ	1
0x001a6ff7	0x00202834	DATA	0
0x001a6ff9	0x001ce960	UNCONDITIONAL_CALL	0
0x001a7002	0x001f9ca0	READ	1
0x001a7008	0x00203758	DATA	0
0x001a700a	0x001ce960	UNCONDITIONAL_CALL	0
0x001a7010	0x001f9ca0	READ	1
0x001a7016	0x00203758	DATA	0
0x001a7018	0x001ce960	UNCONDITIONAL_CALL	0
0x001a701f	0xStack[-0x14]	DATA	0
0x001a7033	0xStack[0xc]	READ	1
0x001a7036	0x001f9c44	READ	1
0x001a703c	0x00203a34	DATA	0
0x001a703d	0xStack[0x4]	READ	1
0x001a7041	0x001ce960	UNCONDITIONAL_CALL	0
0x001a7046	0xStack[0x4]	READ	1
0x001a7054	0x001f9ca0	READ	1
0x001a705a	0x00203758	DATA	0
0x001a705b	0xStack[0x4]	READ	1
0x001a705e	0xStack[-0xc]	WRITE	0
0x001a7061	0x001fa158	READ	1
0x001a7067	0x001fe704	DATA	1
0x001a7067	0xStack[-0x8]	WRITE	0
0x001a706a	0xStack[-0xc]	DATA	0
0x001a706e	0x001cea70	UNCONDITIONAL_CALL	0
0x001a7073	0xStack[-0x10]	READ	1
0x001a707f	0xStack[0x4]	READ	1
0x001a7093	0xStack[0x4]	READ	1
0x001a7096	0xStack[0xc]	READ	0
0x001a70b6	0x001f9c30	READ	1
0x001a70bc	0x002038fc	DATA	0
0x001a70be	0x001ce960	UNCONDITIONAL_CALL	0
0x001a70cb	0xStack[0x4]	READ	1
0x001a70df	0xStack[0x4]	READ	1
0x001a70e2	0xStack[0xc]	READ	0
0x001a7102	0x001f9c30	READ	1
0x001a7108	0x002038fc	DATA	0
0x001a710a	0x001ce960	UNCONDITIONAL_CALL	0
0x001a711d	0x001f9c58	READ	1
0x001a7123	0x0020394c	DATA	0
0x001a7124	0xStack[0x4]	READ	1
0x001a7128	0x001ce960	UNCONDITIONAL_CALL	0
0x001a712d	0xStack[-0x8]	WRITE	0
0x001a7130	0xStack[0x4]	READ	1
0x001a713d	0x001a715c	CONDITIONAL_JUMP	0
0x001a713f	0x001f9228	READ	1
0x001a7145	0x0020193c	DATA	0
0x001a7147	0x001ce960	UNCONDITIONAL_CALL	0
0x001a714d	0x001d7230	DATA	0
0x001a7152	0x001a5514	UNCONDITIONAL_CALL	0
0x001a7157	0x001a722f	UNCONDITIONAL_JUMP	0
0x001a715c	0xStack[0xc]	READ	1
0x001a7165	0x001f9c2c	READ	1
0x001a716b	0x00203a44	DATA	0
0x001a716d	0x001ce960	UNCONDITIONAL_CALL	0
0x001a717a	0xStack[-0xc]	WRITE	0
0x001a7184	0xStack[0xc]	READ	1
0x001a7187	0xStack[-0xc]	READ	1
0x001a718f	0x001a7221	CONDITIONAL_JUMP	0
0x001a7195	0x001f9468	READ	1
0x001a719b	0x00202a84	DATA	0
0x001a719c	0x001f9ddc	READ	1
0x001a71a2	0x001fe73a	DATA	0
0x001a71a3	0x001ce960	UNCONDITIONAL_CALL	0
0x001a71aa	0xStack[-0x8]	READ	1
0x001a71ae	0x001f9c7c	READ	1
0x001a71b4	0x00203978	DATA	0
0x001a71b6	0x001ce960	UNCONDITIONAL_CALL	0
0x001a71bb	0xStack[0xc]	READ	1
0x001a71c3	0x001f9c2c	READ	1
0x001a71c9	0x00203a44	DATA	0
0x001a71cb	0x001ce960	UNCONDITIONAL_CALL	0
0x001a71d3	0x001f924c	READ	1
0x001a71d9	0x00201a24	DATA	0
0x001a71db	0x001ce960	UNCONDITIONAL_CALL	0
0x001a71e0	0x001f948c	READ	1
0x001a71e6	0x00202c28	DATA	0
0x001a71e8	0x001ce960	UNCONDITIONAL_CALL	0
0x001a71ee	0x001f9c98	READ	1
0x001a71f4	0x0020366c	DATA	0
0x001a71f6	0x001ce960	UNCONDITIONAL_CALL	0
0x001a71fc	0x001f9c98	READ	1
0x001a7202	0x0020366c	DATA	0
0x001a7203	0x001f9c58	READ	1
0x001a7209	0x0020394c	DATA	0
0x001a720a	0xStack[0x4]	READ	1
0x001a720e	0x001ce960	UNCONDITIONAL_CALL	0
0x001a7217	0x001ce960	UNCONDITIONAL_CALL	0
0x001a7221	0xStack[-0xc]	READ_WRITE	0
0x001a7229	0x001a7184	CONDITIONAL_JUMP	0
0x001a722f	0xStack[-0x18]	DATA	0
0x001a7245	0xStack[0xc]	READ	1
0x001a724e	0xStack[0x10]	READ	1
0x001a7258	0x001f9c58	READ	1
0x001a725e	0x0020394c	DATA	0
0x001a725f	0xStack[0x4]	READ	1
0x001a7263	0x001ce960	UNCONDITIONAL_CALL	0
0x001a726a	0xStack[0xc]	READ	1
0x001a7271	0x001f9228	READ	1
0x001a7277	0x0020193c	DATA	0
0x001a7279	0x001ce960	UNCONDITIONAL_CALL	0
0x001a7282	0x001d7254	DATA	0
0x001a7287	0xStack[-0x24]	DATA	0
0x001a728b	0x0010c188	UNCONDITIONAL_CALL	0
0x001a7291	0x001f947c	READ	1
0x001a7297	0x00202bfc	DATA	0
0x001a7298	0xStack[0x4]	READ	1
0x001a729c	0x001ce960	UNCONDITIONAL_CALL	0
0x001a72a4	0x001d703c	DATA	0
0x001a72a9	0x001f9c78	READ	1
0x001a72af	0x002037a8	DATA	0
0x001a72b0	0xStack[0x4]	READ	1
0x001a72b4	0x001ce960	UNCONDITIONAL_CALL	0
0x001a72bb	0x001f9484	READ	1
0x001a72c1	0x00202c18	DATA	0
0x001a72c2	0xStack[0x4]	READ	1
0x001a72c6	0x001ce960	UNCONDITIONAL_CALL	0
0x001a72cf	0x001f9c60	READ	1
0x001a72d5	0x002037f8	DATA	0
0x001a72d6	0xStack[0x4]	READ	1
0x001a72da	0x001ce960	UNCONDITIONAL_CALL	0
0x001a72e2	0xStack[0x10]	READ	1
0x001a72e9	0x001f9c64	READ	1
0x001a72ef	0x002037e8	DATA	0
0x001a72f0	0xStack[0x4]	READ	1
0x001a72f4	0x001ce960	UNCONDITIONAL_CALL	0
0x001a72f9	0x001f9c28	READ	1
0x001a72ff	0x00203404	DATA	0
0x001a7301	0x001ce960	UNCONDITIONAL_CALL	0
0x001a7307	0x001f9478	READ	1
0x001a730d	0x00202bf0	DATA	0
0x001a730e	0xStack[0x4]	READ	1
0x001a7312	0x001ce960	UNCONDITIONAL_CALL	0
0x001a731a	0x001f9cb0	READ	1
0x001a7320	0x00203808	DATA	0
0x001a7322	0x001ce960	UNCONDITIONAL_CALL	0
0x001a732b	0x001f9c9c	READ	1
0x001a7331	0x00203770	DATA	0
0x001a7332	0xStack[0x4]	READ	1
0x001a7336	0x001ce960	UNCONDITIONAL_CALL	0
0x001a733b	0xStack[0x10]	READ	1
0x001a7344	0x001f9c54	READ	1
0x001a734a	0x00203938	DATA	0
0x001a734b	0xStack[0x4]	READ	1
0x001a734f	0x001ce960	UNCONDITIONAL_CALL	0
0x001a7356	0xStack[0x10]	READ	1
0x001a7364	0x001f9c24	READ	1
0x001a736a	0x00203964	DATA	0
0x001a736b	0xStack[0x4]	READ	1
0x001a736f	0x001ce960	UNCONDITIONAL_CALL	0
0x001a7374	0xStack[0xc]	READ	1
0x001a7377	0xStack[0x4]	READ	1
0x001a7385	0x001f9ca0	READ	1
0x001a738b	0x00203758	DATA	0
0x001a738c	0xStack[-0x2c]	WRITE	0
0x001a738f	0x001d725c	DATA	0
0x001a7394	0x001ccf18	UNCONDITIONAL_CALL	0
0x001a739c	0xStack[-0x28]	WRITE	0
0x001a739f	0xStack[-0x2c]	DATA	0
0x001a73a3	0x001cea70	UNCONDITIONAL_CALL	0
0x001a73a8	0xStack[0x4]	READ	1
0x001a73b2	0xStack[0xc]	READ	1
0x001a73b6	0x001f9c74	READ	1
0x001a73bc	0x00203b0c	DATA	0
0x001a73bd	0xStack[0x4]	READ	1
0x001a73c1	0x001ce960	UNCONDITIONAL_CALL	0
0x001a73c6	0xStack[-0x38]	DATA	0
0x001a73d5	0xStack[0x4]	READ	1
0x001a73d8	0x001f9c8c	READ	1
0x001a73de	0x002037c8	DATA	0
0x001a73e0	0x001ce960	UNCONDITIONAL_CALL	0
0x001a73f1	0x001a7414	CONDITIONAL_JUMP	0
0x001a73f3	0x001f9228	READ	1
0x001a73f9	0x0020193c	DATA	0
0x001a73fb	0x001ce960	UNCONDITIONAL_CALL	0
0x001a7401	0x001d726c	DATA	0
0x001a7406	0x001a5514	UNCONDITIONAL_CALL	0
0x001a7410	0x001a746e	UNCONDITIONAL_JUMP	0
0x001a7416	0x001a741c	CONDITIONAL_JUMP	0
0x001a741a	0x001a746e	UNCONDITIONAL_JUMP	0
0x001a741c	0x001f9c88	READ	1
0x001a7422	0x0020395c	DATA	0
0x001a7424	0x001ce960	UNCONDITIONAL_CALL	0
0x001a742e	0x001a7450	CONDITIONAL_JUMP	0
0x001a7430	0x001f9228	READ	1
0x001a7436	0x0020193c	DATA	0
0x001a7438	0x001ce960	UNCONDITIONAL_CALL	0
0x001a743e	0x001d7294	DATA	0
0x001a7443	0x001a5514	UNCONDITIONAL_CALL	0
0x001a744d	0x001a746e	UNCONDITIONAL_JUMP	0
0x001a7450	0x001f921c	READ	1
0x001a7456	0x00201920	DATA	0
0x001a7458	0x001ce960	UNCONDITIONAL_CALL	0
0x001a745f	0x001f9c98	READ	1
0x001a7465	0x0020366c	DATA	0
0x001a7467	0x001ce960	UNCONDITIONAL_CALL	0
0x001a746e	0xStack[-0xc]	DATA	0
0x001a747c	0x001f9c8c	READ	1
0x001a7482	0x002037c8	DATA	0
0x001a7483	0x001f9c58	READ	1
0x001a7489	0x0020394c	DATA	0
0x001a748a	0xStack[0x4]	READ	1
0x001a748e	0x001ce960	UNCONDITIONAL_CALL	0
0x001a7497	0x001a74c0	UNCONDITIONAL_JUMP	0
0x001a749c	0x001f9c20	READ	1
0x001a74a2	0x00203ad4	DATA	0
0x001a74a4	0x001ce960	UNCONDITIONAL_CALL	0
0x001a74ae	0x001a74b8	CONDITIONAL_JUMP	0
0x001a74b5	0x001a74d0	UNCONDITIONAL_JUMP	0
0x001a74b8	0x001f9c8c	READ	1
0x001a74be	0x002037c8	DATA	0
0x001a74c0	0x001ce960	UNCONDITIONAL_CALL	0
0x001a74cc	0x001a749c	CONDITIONAL_JUMP	0
0x001a74d0	0xStack[-0x8]	READ	1
0x001a74dd	0xStack[0x4]	READ	1
0x001a74e0	0xStack[0xc]	READ	1
0x001a74ea	0x001a7510	CONDITIONAL_JUMP	0
0x001a74ed	0x001f9228	READ	1
0x001a74f3	0x0020193c	DATA	0
0x001a74f5	0x001ce960	UNCONDITIONAL_CALL	0
0x001a74fe	0x001d72c0	DATA	0
0x001a7503	0x001a5514	UNCONDITIONAL_CALL	0
0x001a750d	0x001a7582	UNCONDITIONAL_JUMP	0
0x001a7510	0x001f9c1c	READ	1
0x001a7516	0x00203a20	DATA	0
0x001a7518	0x001ce960	UNCONDITIONAL_CALL	0
0x001a7522	0x001a7548	CONDITIONAL_JUMP	0
0x001a7525	0x001f9228	READ	1
0x001a752b	0x0020193c	DATA	0
0x001a752d	0x001ce960	UNCONDITIONAL_CALL	0
0x001a7536	0x001d72dc	DATA	0
0x001a753b	0x001a5514	UNCONDITIONAL_CALL	0
0x001a7545	0x001a7582	UNCONDITIONAL_JUMP	0
0x001a7548	0x001f9c18	READ	1
0x001a754e	0x00203910	DATA	0
0x001a7550	0x001ce960	UNCONDITIONAL_CALL	0
0x001a755a	0x001a7580	CONDITIONAL_JUMP	0
0x001a755d	0x001f9228	READ	1
0x001a7563	0x0020193c	DATA	0
0x001a7565	0x001ce960	UNCONDITIONAL_CALL	0
0x001a756e	0x001d72fc	DATA	0
0x001a7573	0x001a5514	UNCONDITIONAL_CALL	0
0x001a757d	0x001a7582	UNCONDITIONAL_JUMP	0
0x001a7582	0xStack[-0xc]	DATA	0
0x001a758f	0x001f9468	READ	1
0x001a7595	0x00202a84	DATA	0
0x001a7596	0x001f9dd8	READ	1
0x001a759c	0x001fe77f	DATA	0
0x001a759d	0x001ce960	UNCONDITIONAL_CALL	0
0x001a75a2	0x001e86e8	WRITE	0
0x001a75a7	0x001e86dc	WRITE	0
0x001a75a7	0x001e86d8	DATA	1
0x001a75b1	0x001e86d8	WRITE	0
0x001a75b1	0x001e86d8	WRITE	1
0x001a75bb	0x001e86e4	WRITE	0
0x001a75bb	0x001e86e0	DATA	1
0x001a75c5	0x001e86e0	WRITE	0
0x001a75c5	0x001e86e0	WRITE	1
0x001a75d1	0x001a7754	DATA	0
0x001a75d6	0x001a90ec	UNCONDITIONAL_CALL	0
0x001a75e6	0xStack[0x4]	READ	1
0x001a75e9	0xStack[0x8]	READ	1
0x001a75ed	0xStack[0xc]	READ	1
0x001a75f1	0x001f9c80	READ	1
0x001a75f7	0x0020381c	DATA	0
0x001a75f9	0x001ce960	UNCONDITIONAL_CALL	0
0x001a7603	0x001a7620	CONDITIONAL_JUMP	0
0x001a7605	0x001f9228	READ	1
0x001a760b	0x0020193c	DATA	0
0x001a760d	0x001ce960	UNCONDITIONAL_CALL	0
0x001a7613	0x001d7320	DATA	0
0x001a7618	0x001a5514	UNCONDITIONAL_CALL	0
0x001a761d	0x001a7632	UNCONDITIONAL_JUMP	0
0x001a762d	0x001a76a4	UNCONDITIONAL_CALL	0
0x001a7632	0xStack[-0x10]	DATA	0
0x001a7645	0xStack[0x4]	READ	1
0x001a764b	0x001a76a4	UNCONDITIONAL_CALL	0
0x001a765b	0xStack[0x8]	READ	1
0x001a765f	0xStack[0x4]	READ	1
0x001a7665	0x001a76a4	UNCONDITIONAL_CALL	0
0x001a7677	0xStack[0x8]	READ	1
0x001a767b	0xStack[0x4]	READ	1
0x001a7681	0x001a76a4	UNCONDITIONAL_CALL	0
0x001a7695	0xStack[0x4]	READ	1
0x001a769b	0x001a76a4	UNCONDITIONAL_CALL	0
0x001a76ad	0xStack[0x4]	READ	1
0x001a76b0	0xStack[0x10]	READ	1
0x001a76b4	0xStack[0x14]	READ	1
0x001a76ba	0x001a5448	UNCONDITIONAL_CALL	0
0x001a76c3	0xStack[0x8]	READ	1
0x001a76c9	0xStack[0xc]	READ	1
0x001a76d7	0x001f9220	READ	1
0x001a76dd	0x00201928	DATA	0
0x001a76de	0x001e86e8	READ	1
0x001a76e5	0xStack[-0x8]	WRITE	0
0x001a76e8	0x001ce960	UNCONDITIONAL_CALL	0
0x001a76f0	0xStack[-0x8]	READ	1
0x001a76f3	0x001e86e0	READ	0
0x001a76f3	0x001e86e0	READ	1
0x001a76fd	0x001a771c	CONDITIONAL_JUMP	0
0x001a76ff	0x001e86e0	WRITE	0
0x001a7705	0x001e86e4	WRITE	0
0x001a770b	0x001e86e0	DATA	1
0x001a7712	0x001e86e0	DATA	1
0x001a7719	0x001a7734	UNCONDITIONAL_JUMP	0
0x001a771c	0x001e86e4	READ	1
0x001a7724	0x001e86e0	DATA	1
0x001a772b	0x001e86e4	WRITE	0
0x001a7734	0x001f9474	READ	1
0x001a773a	0x00202be8	DATA	0
0x001a773b	0x001e86e8	READ	1
0x001a7742	0x001ce960	UNCONDITIONAL_CALL	0
0x001a7747	0xStack[-0x14]	DATA	0
0x001a775d	0xStack[-0x8]	WRITE	0
0x001a7764	0x001a7970	UNCONDITIONAL_CALL	0
0x001a7769	0x001e86d8	READ	1
0x001a776f	0x001859a0	UNCONDITIONAL_CALL	0
0x001a7774	0xStack[-0xc]	WRITE	0
0x001a7777	0x001e86d8	DATA	1
0x001a777d	0x001a795e	CONDITIONAL_JUMP	0
0x001a7784	0x001f9228	READ	1
0x001a778a	0x0020193c	DATA	0
0x001a778e	0x001ce960	UNCONDITIONAL_CALL	0
0x001a7795	0x001f9c70	READ	1
0x001a779b	0x00203798	DATA	0
0x001a779d	0x001ce960	UNCONDITIONAL_CALL	0
0x001a77a9	0x001a77e7	CONDITIONAL_JUMP	0
0x001a77ab	0x001f9c38	READ	1
0x001a77b1	0x002035ec	DATA	0
0x001a77b5	0x001ce960	UNCONDITIONAL_CALL	0
0x001a77bf	0x001a77cc	CONDITIONAL_JUMP	0
0x001a77c1	0xStack[-0xc]	READ	0
0x001a77c5	0x001a77cc	CONDITIONAL_JUMP	0
0x001a77ca	0x001a77e4	CONDITIONAL_JUMP	0
0x001a77cc	0x001f9cbc	READ	1
0x001a77d2	0x00203828	DATA	0
0x001a77d4	0x001ce960	UNCONDITIONAL_CALL	0
0x001a77d9	0xStack[-0x8]	WRITE	0
0x001a77df	0x001a77e7	UNCONDITIONAL_JUMP	0
0x001a77e4	0xStack[-0x8]	WRITE	0
0x001a77ea	0x001a77fc	CONDITIONAL_JUMP	0
0x001a77ef	0x001a7894	CONDITIONAL_JUMP	0
0x001a77f5	0x001a794f	UNCONDITIONAL_JUMP	0
0x001a77ff	0x001a794f	CONDITIONAL_JUMP	0
0x001a7805	0xStack[-0x8]	READ	0
0x001a7809	0x001a7860	CONDITIONAL_JUMP	0
0x001a7817	0x001a794f	CONDITIONAL_JUMP	0
0x001a7823	0x001d7350	DATA	0
0x001a7828	0x001d7350	DATA	0
0x001a782f	0x001f9c28	READ	1
0x001a7835	0x00203404	DATA	0
0x001a7837	0x001ce960	UNCONDITIONAL_CALL	0
0x001a784c	0x00184ffc	UNCONDITIONAL_CALL	0
0x001a7858	0x001a794f	UNCONDITIONAL_JUMP	0
0x001a7862	0x001f9c6c	READ	1
0x001a7868	0x00203784	DATA	0
0x001a786a	0x001ce960	UNCONDITIONAL_CALL	0
0x001a7876	0x001a794f	CONDITIONAL_JUMP	0
0x001a7884	0x00185274	UNCONDITIONAL_CALL	0
0x001a788c	0x001a794f	UNCONDITIONAL_JUMP	0
0x001a7894	0xStack[-0x8]	READ	0
0x001a7898	0x001a794f	CONDITIONAL_JUMP	0
0x001a78a0	0x001f9c6c	READ	1
0x001a78a6	0x00203784	DATA	0
0x001a78a8	0x001ce960	UNCONDITIONAL_CALL	0
0x001a78b4	0x001a78c2	CONDITIONAL_JUMP	0
0x001a78ba	0x00185274	UNCONDITIONAL_CALL	0
0x001a78c2	0x001f93e4	READ	1
0x001a78c8	0x00202834	DATA	0
0x001a78ca	0x001ce960	UNCONDITIONAL_CALL	0
0x001a78cf	0x001f9c14	READ	1
0x001a78d5	0x0020384c	DATA	0
0x001a78d7	0x001ce960	UNCONDITIONAL_CALL	0
0x001a78dc	0x001f9468	READ	1
0x001a78e2	0x00202a84	DATA	0
0x001a78e3	0x001f9da0	READ	1
0x001a78e9	0x001fe42f	DATA	0
0x001a78ea	0x001ce960	UNCONDITIONAL_CALL	0
0x001a78f2	0x001f9cc0	READ	1
0x001a78f8	0x00203444	DATA	0
0x001a78fa	0x001ce960	UNCONDITIONAL_CALL	0
0x001a7903	0x001f9460	READ	1
0x001a7909	0x002029f8	DATA	0
0x001a790a	0x001f9ddc	READ	1
0x001a7910	0x001fe73a	DATA	0
0x001a7911	0x001ce960	UNCONDITIONAL_CALL	0
0x001a791b	0x001a792d	CONDITIONAL_JUMP	0
0x001a791d	0x001f921c	READ	1
0x001a7923	0x00201920	DATA	0
0x001a7925	0x001ce960	UNCONDITIONAL_CALL	0
0x001a7931	0x001a793c	CONDITIONAL_JUMP	0
0x001a7937	0x001a794f	UNCONDITIONAL_JUMP	0
0x001a7947	0x001a7c70	UNCONDITIONAL_CALL	0
0x001a7952	0x001e86d8	DATA	1
0x001a7958	0x001a7784	CONDITIONAL_JUMP	0
0x001a7963	0x001a5488	UNCONDITIONAL_CALL	0
0x001a796b	0x001a7764	UNCONDITIONAL_JUMP	0
0x001a797b	0x001f9220	READ	1
0x001a7981	0x00201928	DATA	0
0x001a7982	0x001e86e8	READ	1
0x001a7989	0x001ce960	UNCONDITIONAL_CALL	0
0x001a7991	0x001e86e0	READ	0
0x001a7991	0x001e86e0	READ	1
0x001a799b	0x001a7c50	CONDITIONAL_JUMP	0
0x001a79a4	0x001e86e0	READ	1
0x001a79b0	0x001e86e0	DATA	1
0x001a79b5	0x001e86e0	DATA	1
0x001a79bb	0x001a79c0	CONDITIONAL_JUMP	0
0x001a79c0	0x001e86e4	WRITE	0
0x001a79c3	0x001e86e0	DATA	1
0x001a79c8	0x001e86e0	DATA	1
0x001a79ce	0x001a79d3	CONDITIONAL_JUMP	0
0x001a79d3	0x001e86e0	WRITE	0
0x001a79d5	0x001f9474	READ	1
0x001a79db	0x00202be8	DATA	0
0x001a79dc	0x001e86e8	READ	1
0x001a79e3	0x001ce960	UNCONDITIONAL_CALL	0
0x001a79f1	0x001a7a40	CONDITIONAL_JUMP	0
0x001a79f3	0x001e86d8	READ	1
0x001a79f8	0x001e86d8	DATA	1
0x001a79fd	0x001a7a0e	CONDITIONAL_JUMP	0
0x001a7a02	0x001a7a3c	CONDITIONAL_JUMP	0
0x001a7a07	0x001e86d8	DATA	1
0x001a7a0c	0x001a7a00	CONDITIONAL_JUMP	0
0x001a7a12	0x001a7a40	CONDITIONAL_JUMP	0
0x001a7a17	0x001f9228	READ	1
0x001a7a1d	0x0020193c	DATA	0
0x001a7a1f	0x001ce960	UNCONDITIONAL_CALL	0
0x001a7a28	0x001d7354	DATA	0
0x001a7a2d	0x001a5514	UNCONDITIONAL_CALL	0
0x001a7a35	0x001a7c22	UNCONDITIONAL_JUMP	0
0x001a7a3e	0x001a7a10	UNCONDITIONAL_JUMP	0
0x001a7a45	0x001a7c22	CONDITIONAL_JUMP	0
0x001a7a4b	0x001a7a6c	COMPUTED_JUMP	-1
0x001a7a4b	0x001a7b1c	COMPUTED_JUMP	-1
0x001a7a4b	0x001a7b54	COMPUTED_JUMP	-1
0x001a7a4b	0x001a7bb0	COMPUTED_JUMP	-1
0x001a7a4b	0x001a7bd8	COMPUTED_JUMP	-1
0x001a7a4b	0x001a7c08	COMPUTED_JUMP	-1
0x001a7a4b	0x001a7a54	DATA	0
0x001a7a54	0x001a7a6c	DATA	0
0x001a7a58	0x001a7b1c	DATA	0
0x001a7a5c	0x001a7b54	DATA	0
0x001a7a60	0x001a7bb0	DATA	0
0x001a7a64	0x001a7bd8	DATA	0
0x001a7a68	0x001a7c08	DATA	0
0x001a7a6c	0x001f9cbc	READ	1
0x001a7a72	0x00203828	DATA	0
0x001a7a74	0x001ce960	UNCONDITIONAL_CALL	0
0x001a7a7a	0x001f9c6c	READ	1
0x001a7a80	0x00203784	DATA	0
0x001a7a82	0xStack[-0xc]	WRITE	0
0x001a7a85	0x001ce960	UNCONDITIONAL_CALL	0
0x001a7a8d	0xStack[-0xc]	READ	1
0x001a7a92	0x001a7abc	CONDITIONAL_JUMP	0
0x001a7a9f	0x001a7c70	UNCONDITIONAL_CALL	0
0x001a7aa4	0x001f93c8	READ	1
0x001a7aaa	0x002027d0	DATA	0
0x001a7aac	0x001ce960	UNCONDITIONAL_CALL	0
0x001a7ab6	0x001a7c22	CONDITIONAL_JUMP	0
0x001a7abe	0x001a5448	UNCONDITIONAL_CALL	0
0x001a7aef	0x001e86d8	READ	0
0x001a7aef	0x001e86d8	READ	1
0x001a7af9	0x001a7bec	CONDITIONAL_JUMP	0
0x001a7aff	0x001e86dc	READ	1
0x001a7b07	0x001e86d8	DATA	1
0x001a7b0e	0x001e86dc	WRITE	0
0x001a7b17	0x001a7c22	UNCONDITIONAL_JUMP	0
0x001a7b22	0x001e86d8	DATA	1
0x001a7b27	0x001e86d8	DATA	1
0x001a7b2d	0x001a7b32	CONDITIONAL_JUMP	0
0x001a7b32	0x001e86dc	WRITE	0
0x001a7b35	0x001e86d8	DATA	1
0x001a7b3a	0x001e86d8	DATA	1
0x001a7b40	0x001a7b45	CONDITIONAL_JUMP	0
0x001a7b45	0x001e86d8	WRITE	0
0x001a7b4a	0x001a5458	UNCONDITIONAL_CALL	0
0x001a7b4f	0x001a7c1f	UNCONDITIONAL_JUMP	0
0x001a7b54	0x001f9c28	READ	1
0x001a7b5a	0x00203404	DATA	0
0x001a7b5c	0x001ce960	UNCONDITIONAL_CALL	0
0x001a7b61	0xStack[-0x8]	WRITE	0
0x001a7b6b	0x001a7c22	CONDITIONAL_JUMP	0
0x001a7b71	0x001f9c70	READ	1
0x001a7b77	0x00203798	DATA	0
0x001a7b79	0x001ce960	UNCONDITIONAL_CALL	0
0x001a7b83	0x001a7c22	CONDITIONAL_JUMP	0
0x001a7b90	0xStack[-0x8]	READ	1
0x001a7b9a	0x001a7d6c	DATA	0
0x001a7b9f	0x001852f8	UNCONDITIONAL_CALL	0
0x001a7bab	0x001a7c22	UNCONDITIONAL_JUMP	0
0x001a7bb2	0x001f9c6c	READ	1
0x001a7bb8	0x00203784	DATA	0
0x001a7bba	0x001ce960	UNCONDITIONAL_CALL	0
0x001a7bd3	0x001a7c22	UNCONDITIONAL_JUMP	0
0x001a7bda	0x001f9c6c	READ	1
0x001a7be0	0x00203784	DATA	0
0x001a7be2	0x001ce960	UNCONDITIONAL_CALL	0
0x001a7bea	0x001a7c22	UNCONDITIONAL_JUMP	0
0x001a7bec	0x001e86d8	WRITE	0
0x001a7bf2	0x001e86dc	WRITE	0
0x001a7bf8	0x001e86d8	DATA	1
0x001a7bff	0x001e86d8	DATA	1
0x001a7c06	0x001a7c22	UNCONDITIONAL_JUMP	0
0x001a7c0c	0x001a7c22	CONDITIONAL_JUMP	0
0x001a7c12	0x001f9c10	READ	1
0x001a7c18	0x0020385c	DATA	0
0x001a7c1a	0x001ce960	UNCONDITIONAL_CALL	0
0x001a7c25	0x001a5458	UNCONDITIONAL_CALL	0
0x001a7c2a	0x001f9220	READ	1
0x001a7c30	0x00201928	DATA	0
0x001a7c31	0x001e86e8	READ	1
0x001a7c38	0x001ce960	UNCONDITIONAL_CALL	0
0x001a7c40	0x001e86e0	READ	0
0x001a7c40	0x001e86e0	READ	1
0x001a7c4a	0x001a79a4	CONDITIONAL_JUMP	0
0x001a7c50	0x001f9474	READ	1
0x001a7c56	0x00202be8	DATA	0
0x001a7c57	0x001e86e8	READ	1
0x001a7c5e	0x001ce960	UNCONDITIONAL_CALL	0
0x001a7c63	0xStack[-0x18]	DATA	0
0x001a7c79	0xStack[0x4]	READ	1
0x001a7c7c	0xStack[0x8]	READ	1
0x001a7c80	0xStack[-0x8]	WRITE	0
0x001a7c84	0xStack[0xc]	READ	1
0x001a7c88	0xStack[-0xc]	WRITE	0
0x001a7c91	0x001a5448	UNCONDITIONAL_CALL	0
0x001a7c96	0xStack[-0x10]	WRITE	0
0x001a7c99	0x001f93c8	READ	1
0x001a7c9f	0x002027d0	DATA	0
0x001a7ca1	0x001ce960	UNCONDITIONAL_CALL	0
0x001a7cad	0x001a7cb0	CONDITIONAL_JUMP	0
0x001a7cb0	0x001f9c8c	READ	1
0x001a7cb6	0x002037c8	DATA	0
0x001a7cb8	0x001ce960	UNCONDITIONAL_CALL	0
0x001a7cc2	0x001a7cdc	CONDITIONAL_JUMP	0
0x001a7cc4	0xStack[-0x10]	READ	1
0x001a7cc8	0x001f93bc	READ	1
0x001a7cce	0x002027ac	DATA	0
0x001a7cd0	0x001ce960	UNCONDITIONAL_CALL	0
0x001a7cd8	0x001a7cee	UNCONDITIONAL_JUMP	0
0x001a7cdc	0x001d7380	DATA	0
0x001a7ce1	0x001a5514	UNCONDITIONAL_CALL	0
0x001a7cf0	0x001a7cf8	CONDITIONAL_JUMP	0
0x001a7cf4	0x001a7d16	UNCONDITIONAL_JUMP	0
0x001a7cf8	0x001f9398	READ	1
0x001a7cfe	0x002026c4	DATA	0
0x001a7d00	0x001ce960	UNCONDITIONAL_CALL	0
0x001a7d0f	0x001a7d16	CONDITIONAL_JUMP	0
0x001a7d16	0x001f9cb0	READ	1
0x001a7d1c	0x00203808	DATA	0
0x001a7d1e	0x001ce960	UNCONDITIONAL_CALL	0
0x001a7d28	0x001a7d2d	CONDITIONAL_JUMP	0
0x001a7d2e	0x001f9228	READ	1
0x001a7d34	0x0020193c	DATA	0
0x001a7d36	0x001ce960	UNCONDITIONAL_CALL	0
0x001a7d40	0x001d7350	DATA	0
0x001a7d45	0xStack[-0xc]	READ	1
0x001a7d4a	0xStack[-0x8]	READ	1
0x001a7d4f	0x00184d70	UNCONDITIONAL_CALL	0
0x001a7d59	0xStack[-0x10]	READ	1
0x001a7d5d	0x001a5458	UNCONDITIONAL_CALL	0
0x001a7d62	0xStack[-0x1c]	DATA	0
0x001a7d71	0xStack[0x4]	READ	1
0x001a7d76	0x001a5448	UNCONDITIONAL_CALL	0
0x001a7d99	0x001f9220	READ	1
0x001a7d9f	0x00201928	DATA	0
0x001a7da0	0x001e86e8	READ	1
0x001a7da7	0x001ce960	UNCONDITIONAL_CALL	0
0x001a7daf	0x001e86e0	READ	0
0x001a7daf	0x001e86e0	READ	1
0x001a7db9	0x001a7dd8	CONDITIONAL_JUMP	0
0x001a7dbb	0x001e86e0	WRITE	0
0x001a7dc1	0x001e86e4	WRITE	0
0x001a7dc7	0x001e86e0	DATA	1
0x001a7dce	0x001e86e0	DATA	1
0x001a7dd5	0x001a7df0	UNCONDITIONAL_JUMP	0
0x001a7dd8	0x001e86e4	READ	1
0x001a7de0	0x001e86e0	DATA	1
0x001a7de7	0x001e86e4	WRITE	0
0x001a7df0	0x001f9474	READ	1
0x001a7df6	0x00202be8	DATA	0
0x001a7df7	0x001e86e8	READ	1
0x001a7dfe	0x001ce960	UNCONDITIONAL_CALL	0
0x001a7e03	0xStack[-0xc]	DATA	0
0x001a7e11	0x001f9458	READ	1
0x001a7e17	0x002029d4	DATA	0
0x001a7e18	0xStack[0x4]	READ	1
0x001a7e1c	0x001ce960	UNCONDITIONAL_CALL	0
0x001a7e30	0xStack[0x4]	READ	1
0x001a7e3b	0x001a7e4c	CONDITIONAL_JUMP	0
0x001a7e44	0x001a5458	UNCONDITIONAL_CALL	0
0x001a7e51	0x001a7e63	CONDITIONAL_JUMP	0
0x001a7e5b	0x001a5458	UNCONDITIONAL_CALL	0
0x001a7e66	0x001a5458	UNCONDITIONAL_CALL	0
0x001a7e73	0x001a7e7e	CONDITIONAL_JUMP	0
0x001a7e76	0x00181d28	UNCONDITIONAL_CALL	0
0x001a7e7e	0x001f921c	READ	1
0x001a7e84	0x00201920	DATA	0
0x001a7e85	0xStack[-0xc]	WRITE	0
0x001a7e88	0x001fa180	READ	1
0x001a7e8e	0x001fdfdf	DATA	1
0x001a7e8e	0xStack[-0x8]	WRITE	0
0x001a7e91	0xStack[-0xc]	DATA	0
0x001a7e95	0x001cea70	UNCONDITIONAL_CALL	0
0x001a7e9a	0xStack[-0x14]	DATA	0
0x001a7ea7	0xStack[0x4]	READ	1
0x001a7eb7	0xStack[0x4]	READ	1
0x001a7eba	0xStack[0xc]	READ	1
0x001a7ec7	0xStack[0x4]	READ	1
0x001a7ed7	0xStack[0x4]	READ	1
0x001a7eda	0xStack[0xc]	READ	1
0x001a7eef	0xStack[0x4]	READ	1
0x001a7ef2	0x001f9cdc	READ	1
0x001a7ef8	0x0020245c	DATA	0
0x001a7efd	0x001ce960	UNCONDITIONAL_CALL	0
0x001a7f0b	0x001f9c0c	READ	1
0x001a7f11	0x00203bec	DATA	0
0x001a7f12	0xStack[0x4]	READ	1
0x001a7f16	0x001ce960	UNCONDITIONAL_CALL	0
0x001a7f29	0xStack[0x4]	READ	1
0x001a7f33	0x001a7f6e	CONDITIONAL_JUMP	0
0x001a7f39	0x001d73ac	DATA	0
0x001a7f3e	0x001f9344	READ	1
0x001a7f44	0x0020240c	DATA	0
0x001a7f45	0x001f9c08	READ	1
0x001a7f4b	0x00203b80	DATA	0
0x001a7f4d	0x001ce960	UNCONDITIONAL_CALL	0
0x001a7f56	0x001ce960	UNCONDITIONAL_CALL	0
0x001a7f5f	0x001f9c04	READ	1
0x001a7f65	0x00203b54	DATA	0
0x001a7f67	0x001ce960	UNCONDITIONAL_CALL	0
0x001a7f70	0xStack[-0xc]	DATA	0
0x001a7f81	0xStack[0x4]	READ	1
0x001a7f8b	0x001a7fc6	CONDITIONAL_JUMP	0
0x001a7f91	0x001d73ac	DATA	0
0x001a7f96	0x001f9344	READ	1
0x001a7f9c	0x0020240c	DATA	0
0x001a7f9d	0x001f9c08	READ	1
0x001a7fa3	0x00203b80	DATA	0
0x001a7fa5	0x001ce960	UNCONDITIONAL_CALL	0
0x001a7fae	0x001ce960	UNCONDITIONAL_CALL	0
0x001a7fb7	0x001f9c04	READ	1
0x001a7fbd	0x00203b54	DATA	0
0x001a7fbf	0x001ce960	UNCONDITIONAL_CALL	0
0x001a7fc9	0xStack[-0xc]	DATA	0
0x001a7fd9	0xStack[0x4]	READ	1
0x001a7fe1	0x001d73ac	DATA	0
0x001a7fe6	0xStack[0x10]	READ	1
0x001a7fea	0xStack[0xc]	READ	1
0x001a7fee	0x001f9c00	READ	1
0x001a7ff4	0x00202334	DATA	0
0x001a7ff5	0x001f9c08	READ	1
0x001a7ffb	0x00203b80	DATA	0
0x001a7ffd	0x001ce960	UNCONDITIONAL_CALL	0
0x001a8006	0x001ce960	UNCONDITIONAL_CALL	0
0x001a8010	0x001a8031	CONDITIONAL_JUMP	0
0x001a801a	0x001a8028	CONDITIONAL_JUMP	0
0x001a8023	0x001a5458	UNCONDITIONAL_CALL	0
0x001a8033	0xStack[-0xc]	DATA	0
0x001a8041	0xStack[0x4]	READ	1
0x001a804b	0x001a8087	CONDITIONAL_JUMP	0
0x001a8051	0x001d73b8	DATA	0
0x001a8056	0x001f9344	READ	1
0x001a805c	0x0020240c	DATA	0
0x001a805d	0x001f9c08	READ	1
0x001a8063	0x00203b80	DATA	0
0x001a8065	0x001ce960	UNCONDITIONAL_CALL	0
0x001a806e	0x001ce960	UNCONDITIONAL_CALL	0
0x001a8077	0x001f9bfc	READ	1
0x001a807d	0x00203b34	DATA	0
0x001a807f	0x001ce960	UNCONDITIONAL_CALL	0
0x001a808a	0xStack[-0xc]	DATA	0
0x001a8099	0xStack[0x4]	READ	1
0x001a80a3	0x001a80df	CONDITIONAL_JUMP	0
0x001a80a9	0x001d73b8	DATA	0
0x001a80ae	0x001f9344	READ	1
0x001a80b4	0x0020240c	DATA	0
0x001a80b5	0x001f9c08	READ	1
0x001a80bb	0x00203b80	DATA	0
0x001a80bd	0x001ce960	UNCONDITIONAL_CALL	0
0x001a80c6	0x001ce960	UNCONDITIONAL_CALL	0
0x001a80cf	0x001f9bfc	READ	1
0x001a80d5	0x00203b34	DATA	0
0x001a80d7	0x001ce960	UNCONDITIONAL_CALL	0
0x001a80e2	0xStack[-0xc]	DATA	0
0x001a80f5	0xStack[0xc]	READ	1
0x001a80f8	0xStack[0x10]	READ	1
0x001a80fb	0xStack[-0x8]	WRITE	0
0x001a810a	0x001a5448	UNCONDITIONAL_CALL	0
0x001a8118	0x001a812f	CONDITIONAL_JUMP	0
0x001a812d	0x001a811c	CONDITIONAL_JUMP	0
0x001a812f	0x001d73b8	DATA	0
0x001a8136	0x001f9bf8	READ	1
0x001a813c	0x00202310	DATA	0
0x001a813d	0x001f9c08	READ	1
0x001a8143	0x00203b80	DATA	0
0x001a8144	0xStack[0x4]	READ	1
0x001a8148	0x001ce960	UNCONDITIONAL_CALL	0
0x001a8151	0x001ce960	UNCONDITIONAL_CALL	0
0x001a815b	0x001a8188	CONDITIONAL_JUMP	0
0x001a815d	0xStack[0x4]	READ	1
0x001a8168	0x001a817a	CONDITIONAL_JUMP	0
0x001a8172	0x001a5458	UNCONDITIONAL_CALL	0
0x001a8181	0xStack[-0x8]	WRITE	0
0x001a8191	0x001a5458	UNCONDITIONAL_CALL	0
0x001a8196	0xStack[-0x8]	READ	1
0x001a8199	0xStack[-0x14]	DATA	0
0x001a81a9	0xStack[0x4]	READ	1
0x001a81ac	0xStack[0xc]	READ	1
0x001a81b1	0x001a5448	UNCONDITIONAL_CALL	0
0x001a81bc	0x00101600	UNCONDITIONAL_CALL	0
0x001a81c6	0xStack[-0xc]	DATA	0
0x001a81d3	0xStack[0x4]	READ	1
0x001a81f4	0x001f92d8	READ	1
0x001a81fa	0x0020223c	DATA	0
0x001a81fb	0xStack[0xc]	READ	1
0x001a81ff	0x001ce960	UNCONDITIONAL_CALL	0
0x001a820b	0x001a8254	CONDITIONAL_JUMP	0
0x001a8215	0x001a5448	UNCONDITIONAL_CALL	0
0x001a8223	0x001a8254	CONDITIONAL_JUMP	0
0x001a8228	0x001f933c	READ	1
0x001a822e	0x00201d80	DATA	0
0x001a8230	0x001f92e8	READ	1
0x001a8236	0x00202250	DATA	0
0x001a8237	0xStack[0xc]	READ	1
0x001a823b	0x001ce960	UNCONDITIONAL_CALL	0
0x001a8244	0x001ce960	UNCONDITIONAL_CALL	0
0x001a8252	0x001a8228	CONDITIONAL_JUMP	0
0x001a8254	0xStack[0x10]	READ	1
0x001a825b	0xStack[-0x10]	DATA	0
0x001a8270	0x001f92d8	READ	1
0x001a8276	0x0020223c	DATA	0
0x001a8277	0xStack[0xc]	READ	1
0x001a827b	0x001ce960	UNCONDITIONAL_CALL	0
0x001a8287	0x001a82d4	CONDITIONAL_JUMP	0
0x001a8291	0x001a5448	UNCONDITIONAL_CALL	0
0x001a829f	0x001a82d4	CONDITIONAL_JUMP	0
0x001a82a4	0x001f9278	READ	1
0x001a82aa	0x00201cac	DATA	0
0x001a82ac	0x001f92e8	READ	1
0x001a82b2	0x00202250	DATA	0
0x001a82b3	0xStack[0xc]	READ	1
0x001a82b7	0x001ce960	UNCONDITIONAL_CALL	0
0x001a82c0	0x001ce960	UNCONDITIONAL_CALL	0
0x001a82d2	0x001a82a4	CONDITIONAL_JUMP	0
0x001a82d4	0xStack[0x10]	READ	1
0x001a82db	0xStack[-0x10]	DATA	0
0x001a82ef	0xStack[0x4]	READ	1
0x001a82f4	0xStack[-0x8]	DATA	0
0x001a82f8	0x001f9b98	READ	1
0x001a82fe	0x00203df0	DATA	0
0x001a8300	0x001ce960	UNCONDITIONAL_CALL	0
0x001a830d	0x001a8318	CONDITIONAL_JUMP	0
0x001a830f	0x001f9b94	READ	1
0x001a8315	0x001a838e	UNCONDITIONAL_JUMP	0
0x001a831a	0x001a8350	CONDITIONAL_JUMP	0
0x001a831d	0x001f9cc4	READ	1
0x001a8323	0x00203418	DATA	0
0x001a8325	0x001ce960	UNCONDITIONAL_CALL	0
0x001a832e	0x001f9228	READ	1
0x001a8334	0x0020193c	DATA	0
0x001a8336	0x001ce960	UNCONDITIONAL_CALL	0
0x001a833f	0x001d73fc	DATA	0
0x001a8344	0x001a5514	UNCONDITIONAL_CALL	0
0x001a834c	0x001a82f4	UNCONDITIONAL_JUMP	0
0x001a8350	0xStack[-0x8]	READ	1
0x001a8358	0x001a8380	CONDITIONAL_JUMP	0
0x001a835a	0x001a8368	CONDITIONAL_JUMP	0
0x001a8361	0x001a8378	CONDITIONAL_JUMP	0
0x001a8363	0x001a83ac	UNCONDITIONAL_JUMP	0
0x001a836d	0x001a8388	CONDITIONAL_JUMP	0
0x001a8374	0x001a83a0	CONDITIONAL_JUMP	0
0x001a8376	0x001a83ac	UNCONDITIONAL_JUMP	0
0x001a8378	0x001f9b90	READ	1
0x001a837e	0x001a838e	UNCONDITIONAL_JUMP	0
0x001a8380	0x001f9b8c	READ	1
0x001a8386	0x001a838e	UNCONDITIONAL_JUMP	0
0x001a8388	0x001f9b88	READ	1
0x001a838e	0x00203de4	DATA	0
0x001a838e	0x00203dd4	DATA	0
0x001a838e	0x00203dc0	DATA	0
0x001a838e	0x00203d90	DATA	0
0x001a8390	0x001ce960	UNCONDITIONAL_CALL	0
0x001a8398	0x001a82f4	UNCONDITIONAL_JUMP	0
0x001a83a0	0x001a9220	UNCONDITIONAL_CALL	0
0x001a83a5	0x001a82f4	UNCONDITIONAL_JUMP	0
0x001a83ac	0xStack[-0x8]	READ	1
0x001a83b8	0x001a83c4	CONDITIONAL_JUMP	0
0x001a83bb	0x001f9bd0	READ	1
0x001a83c1	0x001a83cb	UNCONDITIONAL_JUMP	0
0x001a83c5	0x001f9b84	READ	1
0x001a83cb	0x00203da8	DATA	0
0x001a83cb	0x00203d80	DATA	0
0x001a83cd	0x001ce960	UNCONDITIONAL_CALL	0
0x001a83d5	0x001a82f4	UNCONDITIONAL_JUMP	0
0x001a83f0	0xStack[0x4]	READ	1
0x001a83f3	0xStack[0xc]	READ	1
0x001a83f6	0x001f924c	READ	1
0x001a83fc	0x00201a24	DATA	0
0x001a83fd	0xStack[-0xc]	WRITE	0
0x001a8400	0x001fa1a8	READ	1
0x001a8406	0x001fdfcd	DATA	1
0x001a8406	0xStack[-0x8]	WRITE	0
0x001a8409	0xStack[-0xc]	DATA	0
0x001a840d	0x001cea70	UNCONDITIONAL_CALL	0
0x001a8413	0x001f9bf4	READ	1
0x001a8419	0x00203e74	DATA	0
0x001a841b	0x001ce960	UNCONDITIONAL_CALL	0
0x001a8420	0x001f9bf0	READ	1
0x001a8426	0x00203e8c	DATA	0
0x001a8428	0x001ce960	UNCONDITIONAL_CALL	0
0x001a842f	0x001a5448	UNCONDITIONAL_CALL	0
0x001a8449	0xStack[-0x14]	DATA	0
0x001a8457	0x001f921c	READ	1
0x001a845d	0x00201920	DATA	0
0x001a845e	0xStack[0x4]	READ	1
0x001a8462	0x001ce960	UNCONDITIONAL_CALL	0
0x001a8475	0xStack[0x4]	READ	1
0x001a847e	0xStack[-0x28]	WRITE	0
0x001a8487	0xStack[-0x2c]	WRITE	0
0x001a848a	0xStack[-0x1c]	DATA	0
0x001a848d	0x001d5c60	DATA	1
0x001a8498	0x001d5c60	READ	1
0x001a8498	0x001d5c64	READ	1
0x001a84a1	0x001a851b	CONDITIONAL_JUMP	0
0x001a84aa	0x001a84d9	CONDITIONAL_JUMP	0
0x001a84ac	0xStack[-0x18]	WRITE	0
0x001a84b3	0xStack[-0x8]	WRITE	0
0x001a84c1	0x001a9274	UNCONDITIONAL_CALL	0
0x001a84c6	0xStack[-0xc]	WRITE	0
0x001a84cd	0xStack[-0x1c]	DATA	0
0x001a84d1	0x001586d4	UNCONDITIONAL_CALL	0
0x001a84d9	0x001f92d0	READ	1
0x001a84df	0x002021e0	DATA	0
0x001a84e0	0x001f9bec	READ	1
0x001a84e6	0x00202448	DATA	0
0x001a84ee	0x001ce960	UNCONDITIONAL_CALL	0
0x001a84f7	0x001ce960	UNCONDITIONAL_CALL	0
0x001a8503	0x00159b58	UNCONDITIONAL_CALL	0
0x001a8509	0x001d0508	UNCONDITIONAL_CALL	0
0x001a851b	0xStack[-0x2c]	READ	0
0x001a851f	0x001a8559	CONDITIONAL_JUMP	0
0x001a8521	0xStack[-0x2c]	READ	1
0x001a8529	0x001a8534	CONDITIONAL_JUMP	0
0x001a852b	0x001f9be8	READ	1
0x001a8531	0x001a854f	UNCONDITIONAL_JUMP	0
0x001a8537	0x001a8544	CONDITIONAL_JUMP	0
0x001a8539	0x001f9be4	READ	1
0x001a853f	0x001a854f	UNCONDITIONAL_JUMP	0
0x001a8547	0x001a8559	CONDITIONAL_JUMP	0
0x001a8549	0x001f9be0	READ	1
0x001a854f	0x00203e98	DATA	0
0x001a854f	0x00203ea4	DATA	0
0x001a854f	0x00203eb0	DATA	0
0x001a8551	0x001ce960	UNCONDITIONAL_CALL	0
0x001a8559	0xStack[-0x28]	READ	0
0x001a855d	0x001a85a0	CONDITIONAL_JUMP	0
0x001a855f	0xStack[-0x28]	READ	1
0x001a8566	0x001a8578	CONDITIONAL_JUMP	0
0x001a8568	0x001f921c	READ	1
0x001a856e	0x00201920	DATA	0
0x001a8570	0x001ce960	UNCONDITIONAL_CALL	0
0x001a8578	0xStack[-0x28]	READ	1
0x001a8580	0x001a8592	CONDITIONAL_JUMP	0
0x001a8582	0x001f921c	READ	1
0x001a8588	0x00201920	DATA	0
0x001a858a	0x001ce960	UNCONDITIONAL_CALL	0
0x001a8594	0xStack[-0x28]	READ	1
0x001a8598	0x001a5458	UNCONDITIONAL_CALL	0
0x001a85a0	0x001f921c	READ	1
0x001a85a6	0x00201920	DATA	0
0x001a85a7	0xStack[-0x24]	WRITE	0
0x001a85aa	0x001fa1a8	READ	1
0x001a85b0	0x001fdfcd	DATA	1
0x001a85b0	0xStack[-0x20]	WRITE	0
0x001a85b3	0xStack[-0x24]	DATA	0
0x001a85b7	0x001cea70	UNCONDITIONAL_CALL	0
0x001a85bc	0xStack[-0x38]	DATA	0
0x001a85cb	0xStack[0x4]	READ	1
0x001a85dc	0xStack[0x4]	READ	1
0x001a85df	0xStack[0xc]	READ	1
0x001a85e8	0x001f9c08	READ	1
0x001a85ee	0x00203b80	DATA	0
0x001a85f0	0x001ce960	UNCONDITIONAL_CALL	0
0x001a85fb	0xStack[-0x8]	READ	1
0x001a8607	0xStack[0x4]	READ	1
0x001a8618	0xStack[0x4]	READ	1
0x001a8622	0x001a8698	CONDITIONAL_JUMP	0
0x001a862b	0x00159b58	UNCONDITIONAL_CALL	0
0x001a8631	0x001d0440	UNCONDITIONAL_CALL	0
0x001a863b	0x001a8644	CONDITIONAL_JUMP	0
0x001a8642	0x001a869a	UNCONDITIONAL_JUMP	0
0x001a864b	0x001f9bdc	READ	1
0x001a8651	0x002021f4	DATA	0
0x001a8652	0x001f9bec	READ	1
0x001a8658	0x00202448	DATA	0
0x001a8660	0x001ce960	UNCONDITIONAL_CALL	0
0x001a8669	0x001ce960	UNCONDITIONAL_CALL	0
0x001a8673	0x001a8698	CONDITIONAL_JUMP	0
0x001a867c	0x00159b58	UNCONDITIONAL_CALL	0
0x001a8682	0x001d0508	UNCONDITIONAL_CALL	0
0x001a8696	0x001a869a	UNCONDITIONAL_JUMP	0
0x001a869a	0xStack[-0x8]	READ	1
0x001a86aa	0xStack[0x4]	READ	1
0x001a86ad	0xStack[0xc]	READ	1
0x001a86b9	0x001a86f0	CONDITIONAL_JUMP	0
0x001a86bb	0x001f9bd8	READ	1
0x001a86c1	0x00203e50	DATA	0
0x001a86c3	0x001ce960	UNCONDITIONAL_CALL	0
0x001a86cf	0x001a86f0	CONDITIONAL_JUMP	0
0x001a86d2	0x001a82e8	DATA	0
0x001a86d7	0x001a90ec	UNCONDITIONAL_CALL	0
0x001a86e7	0x001a86f0	CONDITIONAL_JUMP	0
0x001a86eb	0x001a9184	UNCONDITIONAL_CALL	0
0x001a86f2	0xStack[-0x10]	DATA	0
0x001a8701	0xStack[0x4]	READ	1
0x001a870d	0x001a8737	CONDITIONAL_JUMP	0
0x001a870f	0xStack[0xc]	READ	1
0x001a8713	0x001f9bd4	READ	1
0x001a8719	0x00203e34	DATA	0
0x001a871b	0x001ce960	UNCONDITIONAL_CALL	0
0x001a8727	0x001a8737	CONDITIONAL_JUMP	0
0x001a8732	0x001a91bc	UNCONDITIONAL_CALL	0
0x001a8739	0xStack[-0xc]	DATA	0
0x001a8749	0x001f9bd4	READ	1
0x001a874f	0x00203e34	DATA	0
0x001a8750	0xStack[0x4]	READ	1
0x001a8754	0x001ce960	UNCONDITIONAL_CALL	0
0x001a8769	0xStack[0x4]	READ	1
0x001a8778	0x001a87c4	CONDITIONAL_JUMP	0
0x001a877f	0x001a8823	UNCONDITIONAL_JUMP	0
0x001a8789	0x001a8823	UNCONDITIONAL_JUMP	0
0x001a8791	0x001f9cc4	READ	1
0x001a8797	0x00203418	DATA	0
0x001a8799	0x001ce960	UNCONDITIONAL_CALL	0
0x001a87a2	0x001f9228	READ	1
0x001a87a8	0x0020193c	DATA	0
0x001a87aa	0x001ce960	UNCONDITIONAL_CALL	0
0x001a87b3	0x001d73c4	DATA	0
0x001a87b8	0x001a5514	UNCONDITIONAL_CALL	0
0x001a87c2	0x001a8823	UNCONDITIONAL_JUMP	0
0x001a87c4	0xStack[-0x18]	WRITE	0
0x001a87d1	0xStack[-0x10]	WRITE	0
0x001a87d7	0xStack[-0x1c]	DATA	0
0x001a87db	0x001588d4	UNCONDITIONAL_CALL	0
0x001a87eb	0x001a8784	CONDITIONAL_JUMP	0
0x001a87ef	0x001a87f9	CONDITIONAL_JUMP	0
0x001a87f7	0x001a8790	CONDITIONAL_JUMP	0
0x001a87ff	0x001a8815	CONDITIONAL_JUMP	0
0x001a8807	0x001a8810	CONDITIONAL_JUMP	0
0x001a880e	0x001a8815	UNCONDITIONAL_JUMP	0
0x001a8810	0x00165328	UNCONDITIONAL_CALL	0
0x001a8817	0x001a87c4	CONDITIONAL_JUMP	0
0x001a8819	0xStack[-0x8]	READ	1
0x001a881c	0xStack[0xc]	READ	1
0x001a8823	0xStack[-0x28]	DATA	0
0x001a8836	0xStack[0x4]	READ	1
0x001a8840	0x001a885f	CONDITIONAL_JUMP	0
0x001a8842	0xStack[-0x18]	WRITE	0
0x001a884f	0xStack[-0x10]	WRITE	0
0x001a8856	0xStack[-0x1c]	DATA	0
0x001a885a	0x001588d4	UNCONDITIONAL_CALL	0
0x001a8871	0x001f9bd0	READ	1
0x001a8876	0x00203da8	DATA	0
0x001a8877	0xStack[0x4]	READ	1
0x001a887b	0x001ce960	UNCONDITIONAL_CALL	0
0x001a88a2	0xStack[0x4]	READ	1
0x001a88a5	0x001f9bcc	READ	1
0x001a88ab	0x00203bdc	DATA	0
0x001a88b3	0x001ce960	UNCONDITIONAL_CALL	0
0x001a88c1	0x001a88f5	CONDITIONAL_JUMP	0
0x001a88c5	0x001f9bc8	READ	1
0x001a88cb	0x00203d0c	DATA	0
0x001a88cd	0x001ce960	UNCONDITIONAL_CALL	0
0x001a88d7	0x001a88f0	CONDITIONAL_JUMP	0
0x001a88d9	0x001f9bc4	READ	1
0x001a88df	0x00203d20	DATA	0
0x001a88e1	0x001ce960	UNCONDITIONAL_CALL	0
0x001a88eb	0x001a88f7	UNCONDITIONAL_JUMP	0
0x001a88f3	0x001a88c4	CONDITIONAL_JUMP	0
0x001a88f7	0xStack[-0x10]	DATA	0
0x001a890a	0xStack[0x4]	READ	1
0x001a890d	0x001f9bcc	READ	1
0x001a8913	0x00203bdc	DATA	0
0x001a891b	0x001ce960	UNCONDITIONAL_CALL	0
0x001a8929	0x001a8942	CONDITIONAL_JUMP	0
0x001a892d	0x001f9bc0	READ	1
0x001a8933	0x00203cf8	DATA	0
0x001a8935	0x001ce960	UNCONDITIONAL_CALL	0
0x001a8940	0x001a892c	CONDITIONAL_JUMP	0
0x001a8942	0xStack[-0x10]	DATA	0
0x001a8950	0xStack[0x4]	READ	1
0x001a8953	0x001f9bd8	READ	1
0x001a8959	0x00203e50	DATA	0
0x001a895b	0x001ce960	UNCONDITIONAL_CALL	0
0x001a8965	0x001a897c	CONDITIONAL_JUMP	0
0x001a8969	0xStack[0xc]	READ	1
0x001a896d	0x001f9bbc	READ	1
0x001a8973	0x00203cb8	DATA	0
0x001a8975	0x001ce960	UNCONDITIONAL_CALL	0
0x001a897a	0x001a8981	UNCONDITIONAL_JUMP	0
0x001a8981	0xStack[-0x8]	READ	1
0x001a898d	0xStack[0xc]	READ	1
0x001a8991	0x001f9bbc	READ	1
0x001a8997	0x00203cb8	DATA	0
0x001a8998	0xStack[0x4]	READ	1
0x001a899c	0x001ce960	UNCONDITIONAL_CALL	0
0x001a89bd	0xStack[0xc]	READ	1
0x001a89c0	0xStack[0x10]	READ	1
0x001a89c3	0xStack[-0x14]	WRITE	0
0x001a89c6	0xStack[0x4]	READ	1
0x001a89cf	0x001f9bcc	READ	1
0x001a89d5	0x00203bdc	DATA	0
0x001a89dd	0x001ce960	UNCONDITIONAL_CALL	0
0x001a89e7	0x001a89f4	CONDITIONAL_JUMP	0
0x001a89ee	0x001a8b3b	UNCONDITIONAL_JUMP	0
0x001a89f8	0x001a8a28	CONDITIONAL_JUMP	0
0x001a89fa	0x001d73f8	DATA	0
0x001a89ff	0x001f9284	READ	1
0x001a8a05	0x00201e5c	DATA	0
0x001a8a06	0x001f9210	READ	1
0x001a8a0c	0x00201900	DATA	0
0x001a8a0d	0x001f9d74	READ	1
0x001a8a13	0x001fe0c9	DATA	0
0x001a8a14	0x001ce960	UNCONDITIONAL_CALL	0
0x001a8a1d	0x001ce960	UNCONDITIONAL_CALL	0
0x001a8a29	0x001f928c	READ	1
0x001a8a2f	0x00201e80	DATA	0
0x001a8a34	0x001ce960	UNCONDITIONAL_CALL	0
0x001a8a40	0x001a8b1c	CONDITIONAL_JUMP	0
0x001a8a46	0xStack[-0xc]	WRITE	0
0x001a8a4d	0xStack[-0x10]	WRITE	0
0x001a8a55	0x001f9bb8	READ	1
0x001a8a5b	0x002021d4	DATA	0
0x001a8a5c	0x001f9bec	READ	1
0x001a8a62	0x00202448	DATA	0
0x001a8a63	0xStack[0x4]	READ	1
0x001a8a6d	0x001ce960	UNCONDITIONAL_CALL	0
0x001a8a76	0x001ce960	UNCONDITIONAL_CALL	0
0x001a8a7f	0x001f9288	READ	1
0x001a8a85	0x00201e6c	DATA	0
0x001a8a8a	0x001ce960	UNCONDITIONAL_CALL	0
0x001a8a90	0x001f92e8	READ	1
0x001a8a96	0x00202250	DATA	0
0x001a8a97	0x001d73ac	DATA	0
0x001a8a9c	0x001f9344	READ	1
0x001a8aa2	0x0020240c	DATA	0
0x001a8aa3	0xStack[0x4]	READ	1
0x001a8aad	0x001ce960	UNCONDITIONAL_CALL	0
0x001a8ab6	0x001ce960	UNCONDITIONAL_CALL	0
0x001a8ac1	0xStack[-0x10]	DATA	0
0x001a8ac5	0xStack[-0xc]	DATA	0
0x001a8ac9	0xStack[-0x8]	DATA	0
0x001a8acd	0x001f9bb4	READ	1
0x001a8ad3	0x00203cd0	DATA	0
0x001a8ad4	0xStack[0x4]	READ	1
0x001a8ad8	0x001ce960	UNCONDITIONAL_CALL	0
0x001a8ae2	0x001a8b04	CONDITIONAL_JUMP	0
0x001a8ae4	0xStack[-0xc]	READ	1
0x001a8ae8	0xStack[-0x10]	READ	1
0x001a8aec	0xStack[-0x8]	READ	1
0x001a8af1	0x001f9bb0	READ	1
0x001a8af7	0x00202108	DATA	0
0x001a8af9	0x001ce960	UNCONDITIONAL_CALL	0
0x001a8b01	0x001a8b1c	UNCONDITIONAL_JUMP	0
0x001a8b0c	0x001f9bac	READ	1
0x001a8b12	0x00202144	DATA	0
0x001a8b14	0x001ce960	UNCONDITIONAL_CALL	0
0x001a8b1c	0xStack[-0x14]	READ	0
0x001a8b20	0x001a8b2c	CONDITIONAL_JUMP	0
0x001a8b22	0x001f92f8	READ	1
0x001a8b28	0x00201ff8	DATA	0
0x001a8b29	0x001a8b33	UNCONDITIONAL_JUMP	0
0x001a8b2c	0x001f92f4	READ	1
0x001a8b32	0x00202000	DATA	0
0x001a8b34	0x001ce960	UNCONDITIONAL_CALL	0
0x001a8b3b	0xStack[-0x20]	DATA	0
0x001a8b51	0xStack[0x4]	READ	1
0x001a8b54	0xStack[0xc]	READ	1
0x001a8b57	0xStack[0x14]	READ	1
0x001a8b5a	0xStack[-0x8]	WRITE	0
0x001a8b63	0x001f9ba8	READ	1
0x001a8b69	0x00203ba4	DATA	0
0x001a8b71	0x001ce960	UNCONDITIONAL_CALL	0
0x001a8b7b	0x001a8b88	CONDITIONAL_JUMP	0
0x001a8b82	0x001a8c6b	UNCONDITIONAL_JUMP	0
0x001a8b89	0x001f92e8	READ	1
0x001a8b8f	0x00202250	DATA	0
0x001a8b90	0x001d73b8	DATA	0
0x001a8b95	0x001f9344	READ	1
0x001a8b9b	0x0020240c	DATA	0
0x001a8ba3	0x001ce960	UNCONDITIONAL_CALL	0
0x001a8bac	0x001ce960	UNCONDITIONAL_CALL	0
0x001a8bb6	0xStack[-0x8]	READ	0
0x001a8bba	0x001a8bdc	CONDITIONAL_JUMP	0
0x001a8bbc	0xStack[0x18]	READ	1
0x001a8bc0	0x00166a38	UNCONDITIONAL_CALL	0
0x001a8bc6	0x001f9ba4	READ	1
0x001a8bcc	0x00201f58	DATA	0
0x001a8bce	0x001ce960	UNCONDITIONAL_CALL	0
0x001a8bd8	0x001a8bfe	UNCONDITIONAL_JUMP	0
0x001a8bdc	0xStack[0x18]	READ	1
0x001a8be0	0x00166a38	UNCONDITIONAL_CALL	0
0x001a8be6	0xStack[0x10]	READ	1
0x001a8bec	0x001f9ba0	READ	1
0x001a8bf2	0x00201f6c	DATA	0
0x001a8bf4	0x001ce960	UNCONDITIONAL_CALL	0
0x001a8c00	0x001a8c0c	CONDITIONAL_JUMP	0
0x001a8c07	0x001a8c6b	UNCONDITIONAL_JUMP	0
0x001a8c0c	0x001f9b9c	READ	1
0x001a8c12	0x00201eec	DATA	0
0x001a8c14	0x001ce960	UNCONDITIONAL_CALL	0
0x001a8c19	0xStack[0x10]	READ	1
0x001a8c24	0x001a8c53	CONDITIONAL_JUMP	0
0x001a8c26	0x001d73f8	DATA	0
0x001a8c2b	0x001f9284	READ	1
0x001a8c31	0x00201e5c	DATA	0
0x001a8c32	0x001f9210	READ	1
0x001a8c38	0x00201900	DATA	0
0x001a8c39	0x001f9d74	READ	1
0x001a8c3f	0x001fe0c9	DATA	0
0x001a8c40	0x001ce960	UNCONDITIONAL_CALL	0
0x001a8c49	0x001ce960	UNCONDITIONAL_CALL	0
0x001a8c54	0xStack[0x10]	READ	1
0x001a8c5a	0x001f9288	READ	1
0x001a8c60	0x00201e6c	DATA	0
0x001a8c64	0x001ce960	UNCONDITIONAL_CALL	0
0x001a8c6b	0xStack[-0x14]	DATA	0
0x001a8c7e	0xStack[0x4]	READ	1
0x001a8c81	0xStack[0xc]	READ	1
0x001a8c84	0xStack[0x10]	READ	1
0x001a8c8d	0x001f9ba8	READ	1
0x001a8c93	0x00203ba4	DATA	0
0x001a8c9b	0x001ce960	UNCONDITIONAL_CALL	0
0x001a8ca5	0x001a8cdd	CONDITIONAL_JUMP	0
0x001a8ca8	0x001f928c	READ	1
0x001a8cae	0x00201e80	DATA	0
0x001a8cb2	0x001ce960	UNCONDITIONAL_CALL	0
0x001a8cbe	0x001a8cdd	CONDITIONAL_JUMP	0
0x001a8cc1	0x001f92a0	READ	1
0x001a8cc7	0x00201ecc	DATA	0
0x001a8ccb	0x001ce960	UNCONDITIONAL_CALL	0
0x001a8cd0	0x001f921c	READ	1
0x001a8cd6	0x00201920	DATA	0
0x001a8cd8	0x001ce960	UNCONDITIONAL_CALL	0
0x001a8cdd	0xStack[-0x10]	DATA	0
0x001a8ceb	0xStack[0x4]	READ	1
0x001a8d00	0xStack[0x4]	READ	1
0x001a8d06	0x001f924c	READ	1
0x001a8d0c	0x00201a24	DATA	0
0x001a8d0d	0xStack[-0xc]	WRITE	0
0x001a8d10	0x001fa1d0	READ	1
0x001a8d16	0x001fdfdf	DATA	1
0x001a8d16	0xStack[-0x8]	WRITE	0
0x001a8d19	0xStack[-0xc]	DATA	0
0x001a8d1d	0x001cea70	UNCONDITIONAL_CALL	0
0x001a8d27	0x001a8d3c	CONDITIONAL_JUMP	0
0x001a8d2b	0x0015a75c	UNCONDITIONAL_CALL	0
0x001a8d32	0x0015b504	UNCONDITIONAL_CALL	0
0x001a8d46	0xStack[-0x14]	DATA	0
0x001a8d58	0xStack[0x4]	READ	1
0x001a8d60	0x001a8d75	CONDITIONAL_JUMP	0
0x001a8d65	0x0015b514	UNCONDITIONAL_CALL	0
0x001a8d6d	0x0015a824	UNCONDITIONAL_CALL	0
0x001a8d75	0x001f921c	READ	1
0x001a8d7b	0x00201920	DATA	0
0x001a8d7c	0xStack[-0xc]	WRITE	0
0x001a8d7f	0x001fa1d0	READ	1
0x001a8d85	0x001fdfdf	DATA	1
0x001a8d85	0xStack[-0x8]	WRITE	0
0x001a8d88	0xStack[-0xc]	DATA	0
0x001a8d8c	0x001cea70	UNCONDITIONAL_CALL	0
0x001a8d91	0xStack[-0x14]	DATA	0
0x001a8d9f	0xStack[0x4]	READ	1
0x001a8dac	0x001a8daa	CONDITIONAL_JUMP	0
0x001a8dba	0x001a8da8	CONDITIONAL_JUMP	0
0x001a8dc7	0xStack[0x4]	READ	1
0x001a8de1	0x001f9214	READ	1
0x001a8de7	0x00201908	DATA	0
0x001a8dec	0x001ce960	UNCONDITIONAL_CALL	0
0x001a8e00	0xStack[0x4]	READ	1
0x001a8e06	0x001f924c	READ	1
0x001a8e0c	0x00201a24	DATA	0
0x001a8e0d	0xStack[-0xc]	WRITE	0
0x001a8e10	0x001fa1f8	READ	1
0x001a8e16	0x001fdfdf	DATA	1
0x001a8e16	0xStack[-0x8]	WRITE	0
0x001a8e19	0xStack[-0xc]	DATA	0
0x001a8e1d	0x001cea70	UNCONDITIONAL_CALL	0
0x001a8e27	0x001a8e47	CONDITIONAL_JUMP	0
0x001a8e2b	0x0015a75c	UNCONDITIONAL_CALL	0
0x001a8e32	0x0015b504	UNCONDITIONAL_CALL	0
0x001a8e39	0x0015b528	UNCONDITIONAL_CALL	0
0x001a8e55	0x0015b54c	UNCONDITIONAL_CALL	0
0x001a8e5a	0xStack[0xc]	READ	1
0x001a8e62	0xStack[-0x14]	DATA	0
0x001a8e6f	0xStack[0x4]	READ	1
0x001a8e84	0xStack[0x4]	READ	1
0x001a8e8c	0x001a8eaa	CONDITIONAL_JUMP	0
0x001a8e92	0x0015b538	UNCONDITIONAL_CALL	0
0x001a8e9a	0x0015b514	UNCONDITIONAL_CALL	0
0x001a8ea2	0x0015a824	UNCONDITIONAL_CALL	0
0x001a8eaa	0x001f921c	READ	1
0x001a8eb0	0x00201920	DATA	0
0x001a8eb1	0xStack[-0xc]	WRITE	0
0x001a8eb4	0x001fa1f8	READ	1
0x001a8eba	0x001fdfdf	DATA	1
0x001a8eba	0xStack[-0x8]	WRITE	0
0x001a8ebd	0xStack[-0xc]	DATA	0
0x001a8ec1	0x001cea70	UNCONDITIONAL_CALL	0
0x001a8ec6	0xStack[-0x14]	DATA	0
0x001a8ed4	0xStack[0x4]	READ	1
0x001a8ede	0x0015b5d0	UNCONDITIONAL_CALL	0
0x001a8ee5	0xStack[-0x8]	READ	1
0x001a8ef1	0xStack[0x4]	READ	1
0x001a8eff	0x001631a0	UNCONDITIONAL_CALL	0
0x001a8f08	0x0015b73c	UNCONDITIONAL_CALL	0
0x001a8f0f	0xStack[-0xc]	DATA	0
0x001a8f1e	0xStack[0x4]	READ	1
0x001a8f21	0xStack[0xc]	READ	1
0x001a8f2b	0x0015b5d0	UNCONDITIONAL_CALL	0
0x001a8f36	0x001a8f78	CONDITIONAL_JUMP	0
0x001a8f40	0x001a8f3e	CONDITIONAL_JUMP	0
0x001a8f4e	0x001a8f3c	CONDITIONAL_JUMP	0
0x001a8f54	0x0015b73c	UNCONDITIONAL_CALL	0
0x001a8f62	0x00163320	UNCONDITIONAL_CALL	0
0x001a8f6b	0x0015b5d0	UNCONDITIONAL_CALL	0
0x001a8f76	0x001a8f38	CONDITIONAL_JUMP	0
0x001a8f7a	0xStack[-0x10]	DATA	0
0x001a8f89	0xStack[0x4]	READ	1
0x001a8f98	0x001a8f96	CONDITIONAL_JUMP	0
0x001a8fa6	0x001a8f94	CONDITIONAL_JUMP	0
0x001a8fa8	0xStack[0xc]	READ	1
0x001a8fbc	0x001631a0	UNCONDITIONAL_CALL	0
0x001a8fc5	0x0015b73c	UNCONDITIONAL_CALL	0
0x001a8fcc	0xStack[-0xc]	DATA	0
0x001a8fe0	0xStack[0x4]	READ	1
0x001a8fe6	0x001f924c	READ	1
0x001a8fec	0x00201a24	DATA	0
0x001a8fed	0xStack[-0xc]	WRITE	0
0x001a8ff0	0x001fa220	READ	1
0x001a8ff6	0x001fdfdf	DATA	1
0x001a8ff6	0xStack[-0x8]	WRITE	0
0x001a8ff9	0xStack[-0xc]	DATA	0
0x001a8ffd	0x001cea70	UNCONDITIONAL_CALL	0
0x001a9007	0x001a901f	CONDITIONAL_JUMP	0
0x001a900b	0x0015a75c	UNCONDITIONAL_CALL	0
0x001a9012	0x0015b528	UNCONDITIONAL_CALL	0
0x001a9024	0x0015b54c	UNCONDITIONAL_CALL	0
0x001a902b	0xStack[-0x14]	DATA	0
0x001a903c	0xStack[0x4]	READ	1
0x001a9044	0x001a9059	CONDITIONAL_JUMP	0
0x001a9049	0x0015b538	UNCONDITIONAL_CALL	0
0x001a9051	0x0015a824	UNCONDITIONAL_CALL	0
0x001a9059	0x001f921c	READ	1
0x001a905f	0x00201920	DATA	0
0x001a9060	0xStack[-0xc]	WRITE	0
0x001a9063	0x001fa220	READ	1
0x001a9069	0x001fdfdf	DATA	1
0x001a9069	0xStack[-0x8]	WRITE	0
0x001a906c	0xStack[-0xc]	DATA	0
0x001a9070	0x001cea70	UNCONDITIONAL_CALL	0
0x001a9075	0xStack[-0x14]	DATA	0
0x001a9084	0xStack[0x4]	READ	1
0x001a908d	0x0015b5d0	UNCONDITIONAL_CALL	0
0x001a9094	0xStack[-0x8]	READ	1
0x001a90a0	0xStack[0x4]	READ	1
0x001a90a9	0x0015b73c	UNCONDITIONAL_CALL	0
0x001a90b0	0xStack[-0x8]	READ	1
0x001a90bb	0x001e86f4	READ	0
0x001a90c2	0x001a90e6	CONDITIONAL_JUMP	0
0x001a90c4	0x001f9468	READ	1
0x001a90ca	0x00202a84	DATA	0
0x001a90cb	0x001f9da4	READ	1
0x001a90d1	0x001fe4a1	DATA	0
0x001a90d2	0x001ce960	UNCONDITIONAL_CALL	0
0x001a90d7	0x001e86f8	WRITE	0
0x001a90dc	0x001e86f4	WRITE	0
0x001a90f1	0xStack[0x4]	READ	1
0x001a90f4	0xStack[0x8]	READ	1
0x001a90f7	0x001f9220	READ	1
0x001a90fd	0x00201928	DATA	0
0x001a90fe	0x001e86f8	READ	1
0x001a9105	0x001ce960	UNCONDITIONAL_CALL	0
0x001a910a	0x001e86ec	WRITE	0
0x001a9110	0x001e86f0	WRITE	0
0x001a9116	0x001a9140	DATA	0
0x001a911b	0x001f748c	READ	1
0x001a9122	0x0016848c	UNCONDITIONAL_CALL	0
0x001a912e	0x00168784	UNCONDITIONAL_CALL	0
0x001a9135	0xStack[-0xc]	DATA	0
0x001a9145	0x001e86ec	READ	1
0x001a914b	0x001e86f0	READ	1
0x001a9151	0x001f9474	READ	1
0x001a9157	0x00202be8	DATA	0
0x001a9158	0x001e86f8	READ	1
0x001a915f	0x001ce960	UNCONDITIONAL_CALL	0
0x001a9166	0x00168ec8	UNCONDITIONAL_CALL	0
0x001a916e	0x00168a18	UNCONDITIONAL_CALL	0
0x001a9176	0x001a9220	UNCONDITIONAL_CALL	0
0x001a917b	0xStack[-0xc]	DATA	0
0x001a9189	0xStack[0x8]	READ	1
0x001a918d	0xStack[0x4]	READ	1
0x001a9191	0x00168784	UNCONDITIONAL_CALL	0
0x001a9199	0x001a91a4	CONDITIONAL_JUMP	0
0x001a91a7	0x001a91b0	CONDITIONAL_JUMP	0
0x001a91bf	0xStack[0x8]	READ	1
0x001a91c7	0x001a91ce	CONDITIONAL_JUMP	0
0x001a91c9	0x001f6538	READ	1
0x001a91d0	0xStack[0x4]	READ	1
0x001a91d4	0x001688f4	UNCONDITIONAL_CALL	0
0x001a91dc	0x001a91e8	CONDITIONAL_JUMP	0
0x001a91eb	0x001a91f4	CONDITIONAL_JUMP	0
0x001a9203	0xStack[0x4]	READ	1
0x001a9207	0x00167b98	UNCONDITIONAL_CALL	0
0x001a9213	0xStack[0x4]	READ	1
0x001a9217	0x00167d48	UNCONDITIONAL_CALL	0
0x001a9223	0x00168ec8	UNCONDITIONAL_CALL	0
0x001a9229	0x0016727c	UNCONDITIONAL_CALL	0
0x001a922e	0x001678b4	UNCONDITIONAL_CALL	0
0x001a923b	0x0017e3a8	UNCONDITIONAL_CALL	0
0x001a9247	0x0017e3b8	UNCONDITIONAL_CALL	0
0x001a9253	0x001e875c	READ	1
0x001a9258	0xStack[0x4]	READ	1
0x001a9267	0xStack[0x4]	READ	1
0x001a926b	0x0017e3ec	UNCONDITIONAL_CALL	0
0x001a9277	0xStack[0x4]	READ	1
0x001a927b	0x0017e41c	UNCONDITIONAL_CALL	0
0x001a9289	0xStack[0x4]	READ	1
0x001a928c	0xStack[0x8]	READ	1
0x001a928f	0xStack[0xc]	READ	1
0x001a9295	0x001a92a4	CONDITIONAL_JUMP	0
0x001a9297	0x001a92a0	CONDITIONAL_JUMP	0
0x001a929c	0x001a92b0	CONDITIONAL_JUMP	0
0x001a929e	0x001a92cc	UNCONDITIONAL_JUMP	0
0x001a92a2	0x001a92cc	UNCONDITIONAL_JUMP	0
0x001a92a5	0x0017e41c	UNCONDITIONAL_CALL	0
0x001a92ad	0x001a92cc	UNCONDITIONAL_JUMP	0
0x001a92b1	0x0017e450	UNCONDITIONAL_CALL	0
0x001a92bb	0x001a92cc	CONDITIONAL_JUMP	0
0x001a92bd	0x001d742c	DATA	0
0x001a92c2	0x001a5514	UNCONDITIONAL_CALL	0
0x001a92c9	0x001a92ee	UNCONDITIONAL_JUMP	0
0x001a92cf	0x001a92dc	CONDITIONAL_JUMP	0
0x001a92d1	0x001a92ea	CONDITIONAL_JUMP	0
0x001a92d6	0x001a92e4	CONDITIONAL_JUMP	0
0x001a92d8	0x001a92ec	UNCONDITIONAL_JUMP	0
0x001a92dd	0x0017e3ec	UNCONDITIONAL_CALL	0
0x001a92e2	0x001a92ea	UNCONDITIONAL_JUMP	0
0x001a92e5	0x0017e484	UNCONDITIONAL_CALL	0
0x001a92ee	0xStack[-0xc]	DATA	0
0x001a92fb	0xStack[0x4]	READ	1
0x001a9308	0x001a931c	CONDITIONAL_JUMP	0
0x001a9311	0x0017e3cc	UNCONDITIONAL_CALL	0
0x001a931c	0x0017e3a8	UNCONDITIONAL_CALL	0
0x001a932b	0x0017e4b4	UNCONDITIONAL_CALL	0
0x001a9338	0xStack[0xc]	READ	1
0x001a933b	0xStack[0x8]	READ	1
0x001a933f	0xStack[0x4]	READ	1
0x001a9343	0x0017e3dc	UNCONDITIONAL_CALL	0
0x001a934c	0x00190c24	UNCONDITIONAL_CALL	0
0x001a9355	0x001a935c	CONDITIONAL_JUMP	0
0x001a9359	0x001a9361	UNCONDITIONAL_JUMP	0
0x001a9361	0xStack[-0x8]	READ	1
0x001a936e	0xStack[0x4]	READ	1
0x001a9371	0xStack[0x8]	READ	1
0x001a9374	0xStack[0xc]	READ	1
0x001a937b	0x0017e3a8	UNCONDITIONAL_CALL	0
0x001a9381	0x0017c5b8	UNCONDITIONAL_CALL	0
0x001a938b	0x001a9394	CONDITIONAL_JUMP	0
0x001a9392	0x001a93de	UNCONDITIONAL_JUMP	0
0x001a9394	0x001e89ec	READ	1
0x001a93ab	0x001a93dc	CONDITIONAL_JUMP	0
0x001a93b6	0x0017e3a8	UNCONDITIONAL_CALL	0
0x001a93bc	0x0017e3dc	UNCONDITIONAL_CALL	0
0x001a93c5	0x0019065c	UNCONDITIONAL_CALL	0
0x001a93ca	0x001e0d0c	READ	1
0x001a93da	0x001a93b0	CONDITIONAL_JUMP	0
0x001a93de	0xStack[-0x10]	DATA	0
0x001a93eb	0xStack[0x8]	READ	1
0x001a93ef	0xStack[0x4]	READ	1
0x001a93f3	0x0017e3a8	UNCONDITIONAL_CALL	0
0x001a93f9	0x0017c620	UNCONDITIONAL_CALL	0
0x001a9408	0xStack[0x4]	READ	1
0x001a942f	0x001a9414	CONDITIONAL_JUMP	0
0x001a9433	0xStack[-0x8]	READ	1
0x001a9442	0xStack[0x4]	READ	1
0x001a9445	0xStack[0xc]	READ	1
0x001a945b	0x001a948c	CONDITIONAL_JUMP	0
0x001a945f	0xStack[0x10]	READ	1
0x001a9467	0x00101bc0	UNCONDITIONAL_CALL	0
0x001a946c	0xStack[0x14]	READ	1
0x001a9471	0xStack[0x18]	READ	1
0x001a9478	0x001f9b80	READ	1
0x001a947e	0x00203ee0	DATA	0
0x001a9480	0x001ce960	UNCONDITIONAL_CALL	0
0x001a9487	0x001a9491	UNCONDITIONAL_JUMP	0
0x001a9491	0xStack[-0x10]	DATA	0
0x001a94a1	0xStack[0x4]	READ	1
0x001a94a4	0xStack[0xc]	READ	1
0x001a94ba	0x001a94d8	CONDITIONAL_JUMP	0
0x001a94bd	0x001f9b7c	READ	1
0x001a94c3	0x00203ed0	DATA	0
0x001a94c5	0x001ce960	UNCONDITIONAL_CALL	0
0x001a94d6	0x001a94dd	UNCONDITIONAL_JUMP	0
0x001a94dd	0xStack[-0xc]	DATA	0
0x001a94eb	0xStack[0xc]	READ	1
0x001a94fe	0xStack[0x4]	READ	1
0x001a9507	0xStack[0x10]	READ	1
0x001a950b	0x00101bc0	UNCONDITIONAL_CALL	0
0x001a951e	0xStack[0xc]	READ	1
0x001a9526	0x001a9538	CONDITIONAL_JUMP	0
0x001a952d	0x001a9544	CONDITIONAL_JUMP	0
0x001a952f	0x001d7448	DATA	1
0x001a9538	0x001d7458	DATA	1
0x001a9545	0x001f9490	READ	1
0x001a954b	0x00202c38	DATA	0
0x001a954c	0xStack[0x4]	READ	1
0x001a954f	0xStack[-0xc]	WRITE	0
0x001a9552	0x001fa248	READ	1
0x001a9558	0x001fe62d	DATA	1
0x001a9558	0xStack[-0x8]	WRITE	0
0x001a955b	0xStack[-0xc]	DATA	0
0x001a955f	0x001cea70	UNCONDITIONAL_CALL	0
0x001a956e	0xStack[0xc]	READ	1
0x001a9576	0x001a9588	CONDITIONAL_JUMP	0
0x001a957d	0x001a9594	CONDITIONAL_JUMP	0
0x001a9595	0x001f93b4	READ	1
0x001a959b	0x00202788	DATA	0
0x001a959c	0xStack[0x4]	READ	1
0x001a959f	0xStack[-0xc]	WRITE	0
0x001a95a2	0x001fa248	READ	1
0x001a95a8	0x001fe62d	DATA	1
0x001a95a8	0xStack[-0x8]	WRITE	0
0x001a95ab	0xStack[-0xc]	DATA	0
0x001a95af	0x001cea70	UNCONDITIONAL_CALL	0
0x001a95cb	0xStack[0x4]	READ	1
0x001a95cf	0x00120cf4	UNCONDITIONAL_CALL	0
0x001a95d9	0x001a95ec	CONDITIONAL_JUMP	0
0x001a95db	0x001f9b78	READ	1
0x001a95e1	0x00204100	DATA	0
0x001a95e3	0x001ce960	UNCONDITIONAL_CALL	0
0x001a95fb	0xStack[0x4]	READ	1
0x001a95ff	0x00120cf4	UNCONDITIONAL_CALL	0
0x001a9609	0x001a9624	CONDITIONAL_JUMP	0
0x001a960b	0xStack[0xc]	READ	1
0x001a960f	0xStack[0x8]	READ	1
0x001a9613	0x001f9b74	READ	1
0x001a9619	0x00204118	DATA	0
0x001a961b	0x001ce960	UNCONDITIONAL_CALL	0
0x001a9633	0xStack[0x4]	READ	1
0x001a9637	0x00120cf4	UNCONDITIONAL_CALL	0
0x001a9641	0x001a9654	CONDITIONAL_JUMP	0
0x001a9643	0x001f9b70	READ	1
0x001a9649	0x00204130	DATA	0
0x001a964b	0x001ce960	UNCONDITIONAL_CALL	0
0x001a965f	0xStack[0x4]	READ	1
0x001a9663	0x00120cf4	UNCONDITIONAL_CALL	0
0x001a966d	0x001a9688	CONDITIONAL_JUMP	0
0x001a966f	0xStack[0xc]	READ	1
0x001a9673	0xStack[0x8]	READ	1
0x001a9677	0x001f9b6c	READ	1
0x001a967d	0x00204140	DATA	0
0x001a967f	0x001ce960	UNCONDITIONAL_CALL	0
0x001a969d	0xStack[0xc]	READ	1
0x001a96a0	0xStack[0x1c]	READ	1
0x001a96a3	0xStack[0x20]	READ	1
0x001a96a6	0x001f924c	READ	1
0x001a96ac	0x00201a24	DATA	0
0x001a96ad	0xStack[0x4]	READ	1
0x001a96b0	0xStack[-0xc]	WRITE	0
0x001a96b3	0x001fa270	READ	1
0x001a96b9	0x001fdfdf	DATA	1
0x001a96b9	0xStack[-0x8]	WRITE	0
0x001a96bc	0xStack[-0xc]	DATA	0
0x001a96c0	0x001cea70	UNCONDITIONAL_CALL	0
0x001a96ca	0xStack[0x18]	READ	1
0x001a96ce	0xStack[0x14]	READ	1
0x001a96d2	0xStack[0x10]	READ	1
0x001a96d6	0x001a965c	DATA	0
0x001a96db	0x001a9630	DATA	0
0x001a96e0	0x001a95f8	DATA	0
0x001a96e7	0x001a95c8	DATA	0
0x001a96ec	0x00120e8c	UNCONDITIONAL_CALL	0
0x001a96f1	0xStack[0x4]	READ	1
0x001a96f7	0xStack[0x4]	READ	1
0x001a96fa	0xStack[-0x18]	DATA	0
0x001a970b	0xStack[0x4]	READ	1
0x001a9712	0x00120e30	UNCONDITIONAL_CALL	0
0x001a9717	0x001f921c	READ	1
0x001a971d	0x00201920	DATA	0
0x001a971e	0xStack[-0xc]	WRITE	0
0x001a9721	0x001fa270	READ	1
0x001a9727	0x001fdfdf	DATA	1
0x001a9727	0xStack[-0x8]	WRITE	0
0x001a972a	0xStack[-0xc]	DATA	0
0x001a972e	0x001cea70	UNCONDITIONAL_CALL	0
0x001a9733	0xStack[-0x10]	READ	1
0x001a9742	0xStack[0x4]	READ	1
0x001a9745	0xStack[0xc]	READ	1
0x001a9748	0xStack[0x10]	READ	1
0x001a974f	0x00120d70	UNCONDITIONAL_CALL	0
0x001a975a	0x00120dd4	UNCONDITIONAL_CALL	0
0x001a9765	0x00121060	UNCONDITIONAL_CALL	0
0x001a976a	0xStack[-0x10]	DATA	0
0x001a9777	0xStack[0x4]	READ	1
0x001a977e	0x00120d70	UNCONDITIONAL_CALL	0
0x001a978c	0xStack[0x4]	READ	1
0x001a9793	0x00120d70	UNCONDITIONAL_CALL	0
0x001a979e	0x00120dd4	UNCONDITIONAL_CALL	0
0x001a97a3	0xStack[-0x8]	READ	1
0x001a97b1	0xStack[0x4]	READ	1
0x001a97b4	0xStack[0xc]	READ	1
0x001a97bb	0x00120d70	UNCONDITIONAL_CALL	0
0x001a97c7	0x00120dd4	UNCONDITIONAL_CALL	0
0x001a97cc	0xStack[-0xc]	DATA	0
0x001a97db	0xStack[0x4]	READ	1
0x001a97e2	0x00120d90	UNCONDITIONAL_CALL	0
0x001a97f0	0xStack[0x4]	READ	1
0x001a97f7	0x00120d90	UNCONDITIONAL_CALL	0
0x001a9802	0x00120df4	UNCONDITIONAL_CALL	0
0x001a9807	0xStack[-0x8]	READ	1
0x001a9815	0xStack[0x4]	READ	1
0x001a9818	0xStack[0xc]	READ	1
0x001a981f	0x00120d90	UNCONDITIONAL_CALL	0
0x001a982b	0x00120df4	UNCONDITIONAL_CALL	0
0x001a9830	0xStack[-0xc]	DATA	0
0x001a983f	0xStack[0x4]	READ	1
0x001a9846	0x00120d60	UNCONDITIONAL_CALL	0
0x001a9854	0xStack[0x4]	READ	1
0x001a985b	0x00120d60	UNCONDITIONAL_CALL	0
0x001a9866	0x00120dc4	UNCONDITIONAL_CALL	0
0x001a986b	0xStack[-0x8]	READ	1
0x001a9879	0xStack[0x4]	READ	1
0x001a987c	0xStack[0xc]	READ	1
0x001a9883	0x00120d60	UNCONDITIONAL_CALL	0
0x001a988f	0x00120dc4	UNCONDITIONAL_CALL	0
0x001a9894	0xStack[-0xc]	DATA	0
0x001a98a3	0xStack[0x4]	READ	1
0x001a98aa	0x00120d80	UNCONDITIONAL_CALL	0
0x001a98b8	0xStack[0x4]	READ	1
0x001a98bf	0x00120d80	UNCONDITIONAL_CALL	0
0x001a98ca	0x00120de4	UNCONDITIONAL_CALL	0
0x001a98cf	0xStack[-0x8]	READ	1
0x001a98dd	0xStack[0x4]	READ	1
0x001a98e0	0xStack[0xc]	READ	1
0x001a98e7	0x00120d80	UNCONDITIONAL_CALL	0
0x001a98f3	0x00120de4	UNCONDITIONAL_CALL	0
0x001a98f8	0xStack[-0xc]	DATA	0
0x001a9907	0xStack[0x4]	READ	1
0x001a990e	0x00120da0	UNCONDITIONAL_CALL	0
0x001a991c	0xStack[0x4]	READ	1
0x001a9923	0x00120da0	UNCONDITIONAL_CALL	0
0x001a992e	0x00120e04	UNCONDITIONAL_CALL	0
0x001a9933	0xStack[-0x8]	READ	1
0x001a9941	0xStack[0x4]	READ	1
0x001a9944	0xStack[0xc]	READ	1
0x001a994b	0x00120da0	UNCONDITIONAL_CALL	0
0x001a9957	0x00120e04	UNCONDITIONAL_CALL	0
0x001a995c	0xStack[-0xc]	DATA	0
0x001a996d	0x001f9b68	READ	1
0x001a9973	0x002041a8	DATA	0
0x001a9978	0x001ce960	UNCONDITIONAL_CALL	0
0x001a998c	0xStack[0x4]	READ	1
0x001a998f	0xStack[0xc]	READ	1
0x001a9992	0x001f924c	READ	1
0x001a9998	0x00201a24	DATA	0
0x001a9999	0xStack[-0xc]	WRITE	0
0x001a999c	0x001fa298	READ	1
0x001a99a2	0x001fdfdf	DATA	1
0x001a99a2	0xStack[-0x8]	WRITE	0
0x001a99a5	0xStack[-0xc]	DATA	0
0x001a99a9	0x001cea70	UNCONDITIONAL_CALL	0
0x001a99c8	0xStack[-0x14]	DATA	0
0x001a99db	0xStack[0x4]	READ	1
0x001a99e0	0x001f9b64	READ	1
0x001a99e6	0x00204188	DATA	0
0x001a99e8	0x001ce960	UNCONDITIONAL_CALL	0
0x001a99f2	0x001a9a00	CONDITIONAL_JUMP	0
0x001a99f5	0x00120a6c	UNCONDITIONAL_CALL	0
0x001a99fd	0x001a99e0	UNCONDITIONAL_JUMP	0
0x001a9a00	0x001f921c	READ	1
0x001a9a06	0x00201920	DATA	0
0x001a9a07	0xStack[-0xc]	WRITE	0
0x001a9a0a	0x001fa298	READ	1
0x001a9a10	0x001fdfdf	DATA	1
0x001a9a10	0xStack[-0x8]	WRITE	0
0x001a9a13	0xStack[-0xc]	DATA	0
0x001a9a17	0x001cea70	UNCONDITIONAL_CALL	0
0x001a9a1c	0xStack[-0x10]	READ	1
0x001a9a27	0xStack[0x4]	READ	1
0x001a9a37	0xStack[0x4]	READ	1
0x001a9a48	0xStack[0x4]	READ	1
0x001a9a4b	0xStack[0xc]	READ	1
0x001a9a56	0x001a9a7c	CONDITIONAL_JUMP	0
0x001a9a5d	0x001a9a6c	CONDITIONAL_JUMP	0
0x001a9a67	0x001a9a72	UNCONDITIONAL_JUMP	0
0x001a9a78	0x001a9a82	UNCONDITIONAL_JUMP	0
0x001a9a7d	0x00120a6c	UNCONDITIONAL_CALL	0
0x001a9a82	0xStack[-0x8]	READ	1
0x001a9a90	0xStack[0x4]	READ	1
0x001a9a97	0x001a9ac8	CONDITIONAL_JUMP	0
0x001a9aad	0x001a9abd	CONDITIONAL_JUMP	0
0x001a9ac3	0x001a9aca	UNCONDITIONAL_JUMP	0
0x001a9acc	0xStack[-0x8]	READ	1
0x001a9add	0xStack[0x4]	READ	1
0x001a9ae0	0xStack[0x1c]	READ	1
0x001a9ae3	0xStack[-0x8]	WRITE	0
0x001a9ae9	0x001a9b17	CONDITIONAL_JUMP	0
0x001a9aeb	0x001e2cf4	DATA	1
0x001a9af2	0x001e2f34	READ	1
0x001a9af9	0x001a9b17	CONDITIONAL_JUMP	0
0x001a9afe	0x001e512c	DATA	1
0x001a9b0b	0x001e512c	READ	0
0x001a9b0b	0x001e2cf4	READ	1
0x001a9b0b	0x001e512d	READ	0
0x001a9b0b	0x001e2cf5	READ	1
0x001a9b0b	0x001e2d0c	READ	1
0x001a9b0d	0x001a9b17	CONDITIONAL_JUMP	0
0x001a9b15	0x001a9afc	CONDITIONAL_JUMP	0
0x001a9b1d	0x001e2cf4	DATA	1
0x001a9b25	0x001a9b42	CONDITIONAL_JUMP	0
0x001a9b27	0x001e2f34	READ	0
0x001a9b2d	0x001a9b42	CONDITIONAL_JUMP	0
0x001a9b31	0x001e512c	DATA	1
0x001a9b3e	0x001e512c	READ	0
0x001a9b3e	0x001e2cf4	READ	1
0x001a9b3e	0x001e512d	READ	0
0x001a9b3e	0x001e2cf5	READ	1
0x001a9b3e	0x001e2d0c	READ	1
0x001a9b40	0x001a9b4c	CONDITIONAL_JUMP	0
0x001a9b47	0x001a9b83	UNCONDITIONAL_JUMP	0
0x001a9b4c	0xStack[0x8]	READ	1
0x001a9b4f	0x001e2cf4	WRITE	0
0x001a9b55	0xStack[0xc]	READ	1
0x001a9b58	0x001e2cf8	WRITE	0
0x001a9b5b	0xStack[0x10]	READ	1
0x001a9b5e	0x001e2cfc	WRITE	0
0x001a9b61	0xStack[0x14]	READ	1
0x001a9b64	0x001e2d00	WRITE	0
0x001a9b67	0xStack[0x18]	READ	1
0x001a9b6a	0x001e2d04	WRITE	0
0x001a9b6d	0x001e2d08	WRITE	0
0x001a9b74	0xStack[-0x8]	READ	0
0x001a9b78	0x001a9b81	CONDITIONAL_JUMP	0
0x001a9b7a	0x001e2d08	WRITE	0
0x001a9b83	0xStack[-0x14]	DATA	0
0x001a9b99	0xStack[0x18]	READ	1
0x001a9b9c	0xStack[-0x8]	WRITE	0
0x001a9b9f	0x001e2cf4	DATA	1
0x001a9ba6	0x001e2f34	READ	1
0x001a9bad	0x001a9bcb	CONDITIONAL_JUMP	0
0x001a9bb2	0x001e512c	DATA	1
0x001a9bbf	0x001e512c	READ	0
0x001a9bbf	0x001e2cf4	READ	1
0x001a9bbf	0x001e512d	READ	0
0x001a9bbf	0x001e2cf5	READ	1
0x001a9bbf	0x001e2d0c	READ	1
0x001a9bc1	0x001a9bcb	CONDITIONAL_JUMP	0
0x001a9bc9	0x001a9bb0	CONDITIONAL_JUMP	0
0x001a9bd1	0x001e2cf4	DATA	1
0x001a9bd9	0x001a9bf6	CONDITIONAL_JUMP	0
0x001a9bdb	0x001e2f34	READ	0
0x001a9be1	0x001a9bf6	CONDITIONAL_JUMP	0
0x001a9be5	0x001e512c	DATA	1
0x001a9bf2	0x001e512c	READ	0
0x001a9bf2	0x001e2cf4	READ	1
0x001a9bf2	0x001e512d	READ	0
0x001a9bf2	0x001e2cf5	READ	1
0x001a9bf2	0x001e2d0c	READ	1
0x001a9bf4	0x001a9c00	CONDITIONAL_JUMP	0
0x001a9bfb	0x001a9c37	UNCONDITIONAL_JUMP	0
0x001a9c00	0xStack[0x4]	READ	1
0x001a9c03	0x001e2cf4	WRITE	0
0x001a9c09	0xStack[0x8]	READ	1
0x001a9c0c	0x001e2cf8	WRITE	0
0x001a9c0f	0xStack[0xc]	READ	1
0x001a9c12	0x001e2cfc	WRITE	0
0x001a9c15	0xStack[0x10]	READ	1
0x001a9c18	0x001e2d00	WRITE	0
0x001a9c1b	0xStack[0x14]	READ	1
0x001a9c1e	0x001e2d04	WRITE	0
0x001a9c21	0x001e2d08	WRITE	0
0x001a9c28	0xStack[-0x8]	READ	0
0x001a9c2c	0x001a9c35	CONDITIONAL_JUMP	0
0x001a9c2e	0x001e2d08	WRITE	0
0x001a9c37	0xStack[-0x14]	DATA	0
0x001a9c49	0xStack[0x4]	READ	1
0x001a9c4f	0x001e2cf4	DATA	1
0x001a9c56	0x001e512c	DATA	1
0x001a9c61	0x001e512c	READ	1
0x001a9c61	0x001e2cf4	DATA	1
0x001a9c61	0x0010cca4	DATA	1
0x001a9c61	0x001e5130	READ	1
0x001a9c61	0x001e2cf8	DATA	1
0x001a9c63	0xStack[-0xc]	DATA	0
0x001a9c72	0xStack[0x4]	READ	1
0x001a9c78	0x001a9ca7	CONDITIONAL_JUMP	0
0x001a9c7a	0x001e2f38	DATA	1
0x001a9c81	0x001e369c	READ	1
0x001a9c88	0x001a9ca7	CONDITIONAL_JUMP	0
0x001a9c8e	0x001e5100	DATA	1
0x001a9c9b	0x001e5100	READ	0
0x001a9c9b	0x001e2f38	READ	1
0x001a9c9b	0x001e2f64	READ	1
0x001a9c9b	0x001e5101	READ	0
0x001a9c9b	0x001e2f65	READ	1
0x001a9c9d	0x001a9ca7	CONDITIONAL_JUMP	0
0x001a9ca5	0x001a9c8c	CONDITIONAL_JUMP	0
0x001a9cb0	0x001e2f64	DATA	1
0x001a9cb8	0x001a9cd5	CONDITIONAL_JUMP	0
0x001a9cba	0x001e369c	READ	0
0x001a9cc0	0x001a9cd5	CONDITIONAL_JUMP	0
0x001a9cc4	0x001e5100	DATA	1
0x001a9cd1	0x001e5100	READ	0
0x001a9cd1	0x001e2f64	READ	1
0x001a9cd1	0x001e5101	READ	0
0x001a9cd1	0x001e2f65	READ	1
0x001a9cd1	0x001e2f38	READ	1
0x001a9cd3	0x001a9cdc	CONDITIONAL_JUMP	0
0x001a9cda	0x001a9d23	UNCONDITIONAL_JUMP	0
0x001a9cdc	0xStack[0x8]	READ	1
0x001a9cdf	0x001e2f64	WRITE	0
0x001a9ce5	0xStack[0xc]	READ	1
0x001a9ce8	0x001e2f68	WRITE	0
0x001a9ceb	0xStack[0x10]	READ	1
0x001a9cee	0x001e2f6c	WRITE	0
0x001a9cf1	0xStack[0x14]	READ	1
0x001a9cf4	0x001e2f70	WRITE	0
0x001a9cf7	0xStack[0x18]	READ	1
0x001a9cfa	0x001e2f74	WRITE	0
0x001a9cfd	0xStack[0x1c]	READ	1
0x001a9d00	0x001e2f78	WRITE	0
0x001a9d03	0xStack[0x20]	READ	1
0x001a9d06	0x001e2f7c	WRITE	0
0x001a9d09	0xStack[0x24]	READ	1
0x001a9d0c	0x001e2f80	WRITE	0
0x001a9d0f	0xStack[0x28]	READ	1
0x001a9d12	0x001e2f84	WRITE	0
0x001a9d15	0xStack[0x2c]	READ	1
0x001a9d18	0x001e2f88	WRITE	0
0x001a9d1b	0xStack[0x30]	READ	1
0x001a9d1e	0x001e2f8c	WRITE	0
0x001a9d23	0xStack[-0x10]	DATA	0
0x001a9d36	0x001e2f38	DATA	1
0x001a9d3d	0x001e369c	READ	1
0x001a9d44	0x001a9d63	CONDITIONAL_JUMP	0
0x001a9d4a	0x001e5100	DATA	1
0x001a9d57	0x001e5100	READ	0
0x001a9d57	0x001e2f38	READ	1
0x001a9d57	0x001e2f64	READ	1
0x001a9d57	0x001e5101	READ	0
0x001a9d57	0x001e2f65	READ	1
0x001a9d59	0x001a9d63	CONDITIONAL_JUMP	0
0x001a9d61	0x001a9d48	CONDITIONAL_JUMP	0
0x001a9d6c	0x001e2f64	DATA	1
0x001a9d74	0x001a9d91	CONDITIONAL_JUMP	0
0x001a9d76	0x001e369c	READ	0
0x001a9d7c	0x001a9d91	CONDITIONAL_JUMP	0
0x001a9d80	0x001e5100	DATA	1
0x001a9d8d	0x001e5100	READ	0
0x001a9d8d	0x001e2f64	READ	1
0x001a9d8d	0x001e5101	READ	0
0x001a9d8d	0x001e2f65	READ	1
0x001a9d8d	0x001e2f38	READ	1
0x001a9d8f	0x001a9d98	CONDITIONAL_JUMP	0
0x001a9d96	0x001a9ddf	UNCONDITIONAL_JUMP	0
0x001a9d98	0xStack[0x4]	READ	1
0x001a9d9b	0x001e2f64	WRITE	0
0x001a9da1	0xStack[0x8]	READ	1
0x001a9da4	0x001e2f68	WRITE	0
0x001a9da7	0xStack[0xc]	READ	1
0x001a9daa	0x001e2f6c	WRITE	0
0x001a9dad	0xStack[0x10]	READ	1
0x001a9db0	0x001e2f70	WRITE	0
0x001a9db3	0xStack[0x14]	READ	1
0x001a9db6	0x001e2f74	WRITE	0
0x001a9db9	0xStack[0x18]	READ	1
0x001a9dbc	0x001e2f78	WRITE	0
0x001a9dbf	0xStack[0x1c]	READ	1
0x001a9dc2	0x001e2f7c	WRITE	0
0x001a9dc5	0xStack[0x20]	READ	1
0x001a9dc8	0x001e2f80	WRITE	0
0x001a9dcb	0xStack[0x24]	READ	1
0x001a9dce	0x001e2f84	WRITE	0
0x001a9dd1	0xStack[0x28]	READ	1
0x001a9dd4	0x001e2f88	WRITE	0
0x001a9dd7	0xStack[0x2c]	READ	1
0x001a9dda	0x001e2f8c	WRITE	0
0x001a9ddf	0xStack[-0x10]	DATA	0
0x001a9df1	0xStack[0x4]	READ	1
0x001a9dfa	0x001e2f38	DATA	1
0x001a9e01	0x001e5100	DATA	1
0x001a9e0c	0x001e5100	READ	1
0x001a9e0c	0x001e2f38	DATA	1
0x001a9e0c	0x0010cca4	DATA	1
0x001a9e0c	0x001e5104	READ	1
0x001a9e0c	0x001e2f3c	DATA	1
0x001a9e0e	0xStack[-0xc]	DATA	0
0x001a9e1d	0xStack[0x4]	READ	1
0x001a9e27	0x001db640	DATA	1
0x001a9e2f	0x001a9e51	CONDITIONAL_JUMP	0
0x001a9e31	0x001db6f4	READ	1
0x001a9e36	0x001db640	DATA	1
0x001a9e40	0x001a9e51	CONDITIONAL_JUMP	0
0x001a9e42	0x001db640	DATA	0
0x001a9e49	0x001a9e51	CONDITIONAL_JUMP	0
0x001a9e4b	0x001db644	DATA	1
0x001a9e4f	0x001a9e58	CONDITIONAL_JUMP	0
0x001a9e56	0x001a9e69	UNCONDITIONAL_JUMP	0
0x001a9e58	0xStack[0x8]	READ	1
0x001a9e5b	0x001db640	DATA	0
0x001a9e61	0xStack[0xc]	READ	1
0x001a9e64	0x001db644	DATA	1
0x001a9e69	0xStack[-0xc]	DATA	0
0x001a9e7a	0xStack[0x4]	READ	1
0x001a9e7d	0xStack[0x8]	READ	1
0x001a9e80	0x001db640	DATA	1
0x001a9e87	0x001db6f4	READ	1
0x001a9e8e	0x001a9ee4	CONDITIONAL_JUMP	0
0x001a9e94	0x001db640	READ	0
0x001a9e94	0x001db648	READ	0
0x001a9e97	0x001a9ed4	CONDITIONAL_JUMP	0
0x001a9e99	0x001db64c	READ	0
0x001a9e9d	0x001a9ed4	CONDITIONAL_JUMP	0
0x001a9e9f	0x001db648	DATA	1
0x001a9ea7	0x001a9ee4	CONDITIONAL_JUMP	0
0x001a9ea9	0x001db640	DATA	1
0x001a9eb3	0x001a9ee4	CONDITIONAL_JUMP	0
0x001a9eb5	0x001db648	READ	0
0x001a9ebc	0x001a9ee4	CONDITIONAL_JUMP	0
0x001a9ebe	0x001db64c	READ	0
0x001a9ec2	0x001a9ee4	CONDITIONAL_JUMP	0
0x001a9ec4	0x001db648	WRITE	0
0x001a9eca	0x001db64c	WRITE	0
0x001a9ecf	0x001a9ee9	UNCONDITIONAL_JUMP	0
0x001a9edb	0x001db6f4	READ	1
0x001a9ee2	0x001a9e94	CONDITIONAL_JUMP	0
0x001a9ee9	0xStack[-0x10]	DATA	0
0x001a9ef7	0xStack[0x4]	READ	1
0x001a9f01	0x001db640	DATA	0
0x001a9f0b	0x001db644	DATA	0
0x001a9f24	0xStack[0x4]	READ	1
0x001a9f27	0xStack[-0x1c]	DATA	0
0x001a9f2a	0x001d5cb4	DATA	1
0x001a9f35	0x001d5cb4	READ	1
0x001a9f35	0x001d5cb8	READ	1
0x001a9f3e	0x001a9f49	CONDITIONAL_JUMP	0
0x001a9f47	0x001a9f8e	CONDITIONAL_JUMP	0
0x001a9f5d	0xStack[-0x18]	WRITE	0
0x001a9f64	0x001f9b58	READ	1
0x001a9f6a	0x00203e64	DATA	0
0x001a9f6c	0x001ce960	UNCONDITIONAL_CALL	0
0x001a9f72	0x001a9274	UNCONDITIONAL_CALL	0
0x001a9f77	0xStack[-0xc]	WRITE	0
0x001a9f7a	0xStack[-0x8]	WRITE	0
0x001a9f85	0xStack[-0x1c]	DATA	0
0x001a9f89	0x001586d4	UNCONDITIONAL_CALL	0
0x001a9f8e	0xStack[-0x24]	DATA	0
0x001a9fa0	0xStack[0x4]	READ	1
0x001a9fa3	0xStack[0xc]	READ	1
0x001a9fa6	0x001f924c	READ	1
0x001a9fac	0x00201a24	DATA	0
0x001a9fad	0xStack[-0xc]	WRITE	0
0x001a9fb0	0x001fa2e8	READ	1
0x001a9fb6	0x001fdfdf	DATA	1
0x001a9fb6	0xStack[-0x8]	WRITE	0
0x001a9fb9	0xStack[-0xc]	DATA	0
0x001a9fbd	0x001cea70	UNCONDITIONAL_CALL	0
0x001a9fc4	0x001f9214	READ	1
0x001a9fca	0x00201908	DATA	0
0x001a9fcb	0x001f9210	READ	1
0x001a9fd1	0x00201900	DATA	0
0x001a9fd2	0x001f9d64	READ	1
0x001a9fd8	0x001fdfbd	DATA	0
0x001a9fd9	0x001ce960	UNCONDITIONAL_CALL	0
0x001a9fe2	0x001ce960	UNCONDITIONAL_CALL	0
0x001a9feb	0x001a9274	UNCONDITIONAL_CALL	0
0x001a9ff5	0xStack[-0x14]	DATA	0
0x001aa007	0xStack[0x4]	READ	1
0x001aa00a	0x001f921c	READ	1
0x001aa010	0x00201920	DATA	0
0x001aa015	0x001ce960	UNCONDITIONAL_CALL	0
0x001aa01e	0x0015a614	UNCONDITIONAL_CALL	0
0x001aa023	0x001f921c	READ	1
0x001aa029	0x00201920	DATA	0
0x001aa02a	0xStack[-0xc]	WRITE	0
0x001aa02d	0x001fa2e8	READ	1
0x001aa033	0x001fdfdf	DATA	1
0x001aa033	0xStack[-0x8]	WRITE	0
0x001aa036	0xStack[-0xc]	DATA	0
0x001aa03a	0x001cea70	UNCONDITIONAL_CALL	0
0x001aa03f	0xStack[-0x10]	READ	1
0x001aa04b	0xStack[0x4]	READ	1
0x001aa05c	0xStack[0x4]	READ	1
0x001aa05f	0x001f9b60	READ	1
0x001aa065	0x00203ec4	DATA	0
0x001aa06a	0x001ce960	UNCONDITIONAL_CALL	0
0x001aa075	0x001aa09f	CONDITIONAL_JUMP	0
0x001aa077	0x001f9220	READ	1
0x001aa07d	0x00201928	DATA	0
0x001aa082	0x001ce960	UNCONDITIONAL_CALL	0
0x001aa087	0xStack[0xc]	READ	1
0x001aa08f	0x001f9224	READ	1
0x001aa095	0x00201930	DATA	0
0x001aa09a	0x001ce960	UNCONDITIONAL_CALL	0
0x001aa09f	0xStack[-0x8]	READ	1
0x001aa0b1	0xStack[0xc]	READ	1
0x001aa0b4	0xStack[-0x1c]	DATA	0
0x001aa0b7	0x001d5cb4	DATA	1
0x001aa0c2	0x001d5cb4	READ	1
0x001aa0c2	0x001d5cb8	READ	1
0x001aa0c6	0x001f9218	READ	1
0x001aa0cc	0x00201914	DATA	0
0x001aa0cd	0xStack[0x4]	READ	1
0x001aa0d4	0x001ce960	UNCONDITIONAL_CALL	0
0x001aa0d9	0xStack[0x4]	READ	1
0x001aa0df	0xStack[-0x18]	WRITE	0
0x001aa0e9	0xStack[-0xc]	WRITE	0
0x001aa0ec	0xStack[-0x8]	WRITE	0
0x001aa0f5	0x001f9224	READ	1
0x001aa0fb	0x00201930	DATA	0
0x001aa0fc	0xStack[0x4]	READ	1
0x001aa103	0x001ce960	UNCONDITIONAL_CALL	0
0x001aa10c	0xStack[-0x1c]	DATA	0
0x001aa110	0x001586d4	UNCONDITIONAL_CALL	0
0x001aa11c	0x001aa140	CONDITIONAL_JUMP	0
0x001aa120	0x001f9218	READ	1
0x001aa126	0x00201914	DATA	0
0x001aa127	0xStack[0x4]	READ	1
0x001aa12e	0x001ce960	UNCONDITIONAL_CALL	0
0x001aa133	0xStack[0x4]	READ	1
0x001aa13c	0x001aa156	UNCONDITIONAL_JUMP	0
0x001aa140	0x001f9220	READ	1
0x001aa146	0x00201928	DATA	0
0x001aa147	0xStack[0x4]	READ	1
0x001aa14e	0x001ce960	UNCONDITIONAL_CALL	0
0x001aa158	0x001f9224	READ	1
0x001aa15e	0x00201930	DATA	0
0x001aa15f	0xStack[0x4]	READ	1
0x001aa166	0x001ce960	UNCONDITIONAL_CALL	0
0x001aa16d	0xStack[-0x28]	DATA	0
0x001aa181	0xStack[0x4]	READ	1
0x001aa184	0xStack[0xc]	READ	1
0x001aa188	0x001f9560	READ	1
0x001aa18e	0x00203260	DATA	0
0x001aa18f	0xStack[-0xc]	WRITE	0
0x001aa192	0x001fa2c0	READ	1
0x001aa198	0x001fe62d	DATA	1
0x001aa198	0xStack[-0x8]	WRITE	0
0x001aa19b	0xStack[-0xc]	DATA	0
0x001aa19f	0x001cea70	UNCONDITIONAL_CALL	0
0x001aa1a9	0x001aa1b4	CONDITIONAL_JUMP	0
0x001aa1ad	0x001aa2a1	UNCONDITIONAL_JUMP	0
0x001aa1b4	0x001f9b5c	READ	1
0x001aa1ba	0x00203e04	DATA	0
0x001aa1bc	0x001ce960	UNCONDITIONAL_CALL	0
0x001aa1c6	0x001aa1dc	CONDITIONAL_JUMP	0
0x001aa1c8	0x001f921c	READ	1
0x001aa1ce	0x00201920	DATA	0
0x001aa1d0	0x001ce960	UNCONDITIONAL_CALL	0
0x001aa1d7	0x001aa2a1	UNCONDITIONAL_JUMP	0
0x001aa1dc	0x001f9b58	READ	1
0x001aa1e2	0x00203e64	DATA	0
0x001aa1e4	0x001ce960	UNCONDITIONAL_CALL	0
0x001aa1ea	0x001f9b54	READ	1
0x001aa1f0	0x00204448	DATA	0
0x001aa1f1	0x001f9210	READ	1
0x001aa1f7	0x00201900	DATA	0
0x001aa1f8	0x001f9dd4	READ	1
0x001aa1fe	0x001fe8cc	DATA	0
0x001aa1ff	0x001ce960	UNCONDITIONAL_CALL	0
0x001aa208	0x001ce960	UNCONDITIONAL_CALL	0
0x001aa213	0x001f9468	READ	1
0x001aa219	0x00202a84	DATA	0
0x001aa21a	0x001f9da4	READ	1
0x001aa220	0x001fe4a1	DATA	0
0x001aa221	0x001ce960	UNCONDITIONAL_CALL	0
0x001aa23e	0x001e86fc	READ	1
0x001aa244	0x001e86fc	READ_WRITE	0
0x001aa24b	0x001e5144	DATA	0
0x001aa250	0x001d7464	DATA	0
0x001aa255	0xStack[-0x14]	DATA	0
0x001aa259	0x0010c188	UNCONDITIONAL_CALL	0
0x001aa262	0x001f947c	READ	1
0x001aa268	0x00202bfc	DATA	0
0x001aa26a	0x001ce960	UNCONDITIONAL_CALL	0
0x001aa26f	0x001e5147	DATA	0
0x001aa274	0x001f9480	READ	1
0x001aa27a	0x00202c08	DATA	0
0x001aa27c	0x001ce960	UNCONDITIONAL_CALL	0
0x001aa282	0x001f9478	READ	1
0x001aa288	0x00202bf0	DATA	0
0x001aa28a	0x001ce960	UNCONDITIONAL_CALL	0
0x001aa292	0x001f948c	READ	1
0x001aa298	0x00202c28	DATA	0
0x001aa29a	0x001ce960	UNCONDITIONAL_CALL	0
0x001aa2a1	0xStack[-0x20]	DATA	0
0x001aa2b5	0xStack[0x4]	READ	1
0x001aa2b8	0x001f9b50	READ	1
0x001aa2be	0x002043b4	DATA	0
0x001aa2c0	0x001ce960	UNCONDITIONAL_CALL	0
0x001aa2d0	0x001aa2f7	CONDITIONAL_JUMP	0
0x001aa2d4	0x001f9b4c	READ	1
0x001aa2da	0x00204430	DATA	0
0x001aa2dc	0x001ce960	UNCONDITIONAL_CALL	0
0x001aa2e1	0x001f921c	READ	1
0x001aa2e7	0x00201920	DATA	0
0x001aa2ef	0x001ce960	UNCONDITIONAL_CALL	0
0x001aa2ff	0x001aa311	CONDITIONAL_JUMP	0
0x001aa301	0x001f921c	READ	1
0x001aa307	0x00201920	DATA	0
0x001aa309	0x001ce960	UNCONDITIONAL_CALL	0
0x001aa319	0x001aa3ac	CONDITIONAL_JUMP	0
0x001aa31f	0x001f9220	READ	1
0x001aa325	0x00201928	DATA	0
0x001aa327	0x001ce960	UNCONDITIONAL_CALL	0
0x001aa33b	0x001aa383	CONDITIONAL_JUMP	0
0x001aa346	0xStack[-0x10]	WRITE	0
0x001aa351	0x001aa358	CONDITIONAL_JUMP	0
0x001aa355	0x001aa35b	UNCONDITIONAL_JUMP	0
0x001aa360	0x001aa368	CONDITIONAL_JUMP	0
0x001aa364	0x001aa36b	UNCONDITIONAL_JUMP	0
0x001aa36f	0xStack[-0x10]	READ	1
0x001aa373	0x001a5458	UNCONDITIONAL_CALL	0
0x001aa381	0x001aa340	CONDITIONAL_JUMP	0
0x001aa383	0x001f9474	READ	1
0x001aa389	0x00202be8	DATA	0
0x001aa391	0x001ce960	UNCONDITIONAL_CALL	0
0x001aa396	0x001f921c	READ	1
0x001aa39c	0x00201920	DATA	0
0x001aa3a4	0x001ce960	UNCONDITIONAL_CALL	0
0x001aa3ac	0x001f921c	READ	1
0x001aa3b2	0x00201920	DATA	0
0x001aa3b3	0xStack[-0xc]	WRITE	0
0x001aa3b6	0x001fa2c0	READ	1
0x001aa3bc	0x001fe62d	DATA	1
0x001aa3bc	0xStack[-0x8]	WRITE	0
0x001aa3bf	0xStack[-0xc]	DATA	0
0x001aa3c3	0x001cea70	UNCONDITIONAL_CALL	0
0x001aa3c8	0xStack[-0x1c]	DATA	0
0x001aa3d7	0xStack[0x4]	READ	1
0x001aa3eb	0xStack[0x4]	READ	1
0x001aa3ee	0xStack[0xc]	READ	1
0x001aa403	0xStack[0x4]	READ	1
0x001aa40d	0x001aa41c	CONDITIONAL_JUMP	0
0x001aa416	0x001aa41c	CONDITIONAL_JUMP	0
0x001aa41a	0x001aa47c	UNCONDITIONAL_JUMP	0
0x001aa41c	0xStack[-0xc]	DATA	0
0x001aa420	0x001a54f8	UNCONDITIONAL_CALL	0
0x001aa42b	0xStack[-0x8]	READ	1
0x001aa433	0x001aa45c	CONDITIONAL_JUMP	0
0x001aa435	0x001aa442	CONDITIONAL_JUMP	0
0x001aa437	0xStack[-0xc]	READ	1
0x001aa440	0x001aa45c	CONDITIONAL_JUMP	0
0x001aa458	0x001aa47c	UNCONDITIONAL_JUMP	0
0x001aa468	0xStack[-0xc]	READ	1
0x001aa46b	0xStack[-0x8]	READ	1
0x001aa477	0x001d0fb4	UNCONDITIONAL_CALL	0
0x001aa47c	0xStack[-0x10]	READ	1
0x001aa48d	0xStack[0x4]	READ	1
0x001aa490	0xStack[0xc]	READ	1
0x001aa49a	0x001aa4a5	CONDITIONAL_JUMP	0
0x001aa4a3	0x001aa4b3	CONDITIONAL_JUMP	0
0x001aa4a6	0x001a9f1c	DATA	0
0x001aa4ab	0x001604fc	UNCONDITIONAL_CALL	0
0x001aa4ba	0x001a54f8	UNCONDITIONAL_CALL	0
0x001aa4da	0xStack[-0x10]	WRITE	0
0x001aa4dd	0xStack[-0xc]	WRITE	0
0x001aa4e0	0xStack[-0x10]	READ	1
0x001aa4e9	0xStack[-0xc]	READ	1
0x001aa4f4	0xStack[-0xc]	READ	0
0x001aa4f7	0xStack[-0x10]	READ	0
0x001aa4fb	0x001a9f1c	DATA	0
0x001aa500	0x001604e0	UNCONDITIONAL_CALL	0
0x001aa505	0xStack[-0x1c]	DATA	0
0x001aa514	0xStack[0x4]	READ	1
0x001aa51e	0x001aa529	CONDITIONAL_JUMP	0
0x001aa527	0x001aa548	CONDITIONAL_JUMP	0
0x001aa52a	0x001a9f1c	DATA	0
0x001aa52f	0x001604fc	UNCONDITIONAL_CALL	0
0x001aa548	0xStack[-0x8]	READ	1
0x001aa555	0xStack[0x4]	READ	1
0x001aa558	0xStack[0xc]	READ	1
0x001aa560	0x001aa5c4	CONDITIONAL_JUMP	0
0x001aa569	0x001aa5c4	CONDITIONAL_JUMP	0
0x001aa574	0x001aa580	CONDITIONAL_JUMP	0
0x001aa57a	0x001aa570	CONDITIONAL_JUMP	0
0x001aa57e	0x001aa5c4	CONDITIONAL_JUMP	0
0x001aa580	0x001f9220	READ	1
0x001aa586	0x00201928	DATA	0
0x001aa58e	0x001ce960	UNCONDITIONAL_CALL	0
0x001aa594	0x001f9b48	READ	1
0x001aa59a	0x002041bc	DATA	0
0x001aa59c	0x001ce960	UNCONDITIONAL_CALL	0
0x001aa5a3	0x001f9474	READ	1
0x001aa5a9	0x00202be8	DATA	0
0x001aa5b1	0x001ce960	UNCONDITIONAL_CALL	0
0x001aa5b8	0x001aa5c4	CONDITIONAL_JUMP	0
0x001aa5bf	0x001aa5c6	UNCONDITIONAL_JUMP	0
0x001aa5c6	0xStack[-0xc]	DATA	0
0x001aa5d6	0xStack[0xc]	READ	1
0x001aa5da	0x00120a5c	UNCONDITIONAL_CALL	0
0x001aa5e2	0x00120a9c	UNCONDITIONAL_CALL	0
0x001aa5ef	0x001aa64e	CONDITIONAL_JUMP	0
0x001aa5f2	0x001f9b44	READ	1
0x001aa5f8	0x00204398	DATA	0
0x001aa5f9	0xStack[0x4]	READ	1
0x001aa5fd	0x001ce960	UNCONDITIONAL_CALL	0
0x001aa607	0x001aa64e	CONDITIONAL_JUMP	0
0x001aa60c	0x001f9b70	READ	1
0x001aa612	0x00204130	DATA	0
0x001aa613	0xStack[0x4]	READ	1
0x001aa617	0x001ce960	UNCONDITIONAL_CALL	0
0x001aa623	0x001aa64e	CONDITIONAL_JUMP	0
0x001aa626	0x00120a5c	UNCONDITIONAL_CALL	0
0x001aa630	0x00120aec	UNCONDITIONAL_CALL	0
0x001aa638	0x001f9b40	READ	1
0x001aa63e	0x002040a8	DATA	0
0x001aa63f	0xStack[0x4]	READ	1
0x001aa649	0x001ce960	UNCONDITIONAL_CALL	0
0x001aa64e	0xStack[-0x10]	DATA	0
0x001aa65b	0xStack[0x4]	READ	1
0x001aa660	0x001f9b4c	READ	1
0x001aa666	0x00204430	DATA	0
0x001aa66e	0x001ce960	UNCONDITIONAL_CALL	0
0x001aa67e	0xStack[0x4]	READ	1
0x001aa681	0xStack[0xc]	READ	1
0x001aa684	0xStack[0x10]	READ	1
0x001aa68e	0x001aa698	CONDITIONAL_JUMP	0
0x001aa691	0x00120a6c	UNCONDITIONAL_CALL	0
0x001aa696	0x001aa6ed	UNCONDITIONAL_JUMP	0
0x001aa699	0x00120a5c	UNCONDITIONAL_CALL	0
0x001aa6bf	0x00120a9c	UNCONDITIONAL_CALL	0
0x001aa6ca	0x001aa6df	CONDITIONAL_JUMP	0
0x001aa6d7	0x00120b70	UNCONDITIONAL_CALL	0
0x001aa6e0	0x001f9b3c	READ	1
0x001aa6e6	0x0020434c	DATA	0
0x001aa6e8	0x001ce960	UNCONDITIONAL_CALL	0
0x001aa6ef	0xStack[-0x10]	DATA	0
0x001aa704	0x001209ec	UNCONDITIONAL_CALL	0
0x001aa719	0xStack[0x4]	READ	1
0x001aa71c	0xStack[0xc]	READ	1
0x001aa71f	0xStack[0x10]	READ	1
0x001aa722	0xStack[-0x8]	WRITE	0
0x001aa729	0x001d1209	DATA	0
0x001aa72f	0x00101e7c	UNCONDITIONAL_CALL	0
0x001aa739	0x001aa7f3	CONDITIONAL_JUMP	0
0x001aa73f	0x001d121a	DATA	0
0x001aa745	0x00101e7c	UNCONDITIONAL_CALL	0
0x001aa74f	0x001aa768	CONDITIONAL_JUMP	0
0x001aa75b	0x001013cc	UNCONDITIONAL_CALL	0
0x001aa760	0x001aa7f3	UNCONDITIONAL_JUMP	0
0x001aa768	0x001d5c86	DATA	0
0x001aa76e	0x00101e7c	UNCONDITIONAL_CALL	0
0x001aa778	0x001aa780	CONDITIONAL_JUMP	0
0x001aa77c	0x001aa794	UNCONDITIONAL_JUMP	0
0x001aa780	0x001d5ca3	DATA	0
0x001aa786	0x00101e7c	UNCONDITIONAL_CALL	0
0x001aa790	0x001aa7ac	CONDITIONAL_JUMP	0
0x001aa794	0x001f9b4c	READ	1
0x001aa79a	0x00204430	DATA	0
0x001aa7a2	0x001ce960	UNCONDITIONAL_CALL	0
0x001aa7a7	0x001aa7f3	UNCONDITIONAL_JUMP	0
0x001aa7ac	0x001d5c78	DATA	0
0x001aa7b2	0x00101e7c	UNCONDITIONAL_CALL	0
0x001aa7bc	0x001aa7c8	CONDITIONAL_JUMP	0
0x001aa7bf	0x001f9b38	READ	1
0x001aa7c5	0x001aa7e1	UNCONDITIONAL_JUMP	0
0x001aa7c8	0x001d5c95	DATA	0
0x001aa7ce	0x00101e7c	UNCONDITIONAL_CALL	0
0x001aa7d8	0x001aa7ec	CONDITIONAL_JUMP	0
0x001aa7db	0x001f9b34	READ	1
0x001aa7e1	0x002041e0	DATA	0
0x001aa7e1	0x002041cc	DATA	0
0x001aa7e3	0x001ce960	UNCONDITIONAL_CALL	0
0x001aa7e8	0x001aa7f3	UNCONDITIONAL_JUMP	0
0x001aa7ec	0xStack[-0x8]	WRITE	0
0x001aa7f3	0xStack[-0x8]	READ	1
0x001aa7f6	0xStack[-0x14]	DATA	0
0x001aa810	0xStack[0x4]	READ	1
0x001aa813	0xStack[0xc]	READ	1
0x001aa81c	0xStack[0x10]	READ	1
0x001aa82e	0x001d746c	DATA	0
0x001aa833	0x001f9c28	READ	1
0x001aa839	0x00203404	DATA	0
0x001aa83b	0x001ce960	UNCONDITIONAL_CALL	0
0x001aa844	0x001e5144	DATA	0
0x001aa84a	0x001f9b30	READ	1
0x001aa850	0x002040c4	DATA	0
0x001aa851	0x001f9210	READ	1
0x001aa857	0x00201900	DATA	0
0x001aa858	0x001f9dd0	READ	1
0x001aa85e	0x001fe870	DATA	0
0x001aa85f	0x001ce960	UNCONDITIONAL_CALL	0
0x001aa868	0x001ce960	UNCONDITIONAL_CALL	0
0x001aa876	0x001f9b2c	READ	1
0x001aa87c	0x00204454	DATA	0
0x001aa87e	0x001ce960	UNCONDITIONAL_CALL	0
0x001aa8b3	0x001f9228	READ	1
0x001aa8b9	0x0020193c	DATA	0
0x001aa8bb	0x001ce960	UNCONDITIONAL_CALL	0
0x001aa8c4	0x001d747c	DATA	0
0x001aa8c9	0x001a5514	UNCONDITIONAL_CALL	0
0x001aa8d4	0xStack[-0x8]	READ	1
0x001aa8df	0xStack[0xc]	READ	1
0x001aa8e3	0x00120a6c	UNCONDITIONAL_CALL	0
0x001aa8ef	0xStack[0x10]	READ	1
0x001aa941	0xStack[0x4]	READ	1
0x001aa944	0x001f9b28	READ	1
0x001aa94a	0x00204440	DATA	0
0x001aa952	0x001ce960	UNCONDITIONAL_CALL	0
0x001aa960	0x001aaaad	CONDITIONAL_JUMP	0
0x001aa966	0x001aa990	COMPUTED_JUMP	-1
0x001aa966	0x001aa9c4	COMPUTED_JUMP	-1
0x001aa966	0x001aaaad	COMPUTED_JUMP	-1
0x001aa966	0x001aa9d8	COMPUTED_JUMP	-1
0x001aa966	0x001aa9f8	COMPUTED_JUMP	-1
0x001aa966	0x001aaa28	COMPUTED_JUMP	-1
0x001aa966	0x001aaa40	COMPUTED_JUMP	-1
0x001aa966	0x001aaa64	COMPUTED_JUMP	-1
0x001aa966	0x001aa970	DATA	0
0x001aa970	0x001aa990	DATA	0
0x001aa974	0x001aa9c4	DATA	0
0x001aa978	0x001aaaad	DATA	0
0x001aa97c	0x001aa9d8	DATA	0
0x001aa980	0x001aa9f8	DATA	0
0x001aa984	0x001aaa28	DATA	0
0x001aa988	0x001aaa40	DATA	0
0x001aa98c	0x001aaa64	DATA	0
0x001aa997	0x001aaa99	CONDITIONAL_JUMP	0
0x001aa99f	0x001f9b24	READ	1
0x001aa9a5	0x00204374	DATA	0
0x001aa9a7	0x001ce960	UNCONDITIONAL_CALL	0
0x001aa9b1	0x001aaa99	CONDITIONAL_JUMP	0
0x001aa9bc	0x001aaa99	UNCONDITIONAL_JUMP	0
0x001aa9c6	0x001f9b24	READ	1
0x001aa9cc	0x00204374	DATA	0
0x001aa9ce	0x001ce960	UNCONDITIONAL_CALL	0
0x001aa9d3	0x001aaa99	UNCONDITIONAL_JUMP	0
0x001aa9d9	0x001f9b20	READ	1
0x001aa9df	0x00204438	DATA	0
0x001aa9e7	0x001ce960	UNCONDITIONAL_CALL	0
0x001aa9ec	0x001a9220	UNCONDITIONAL_CALL	0
0x001aa9f1	0x001aaaad	UNCONDITIONAL_JUMP	0
0x001aa9f8	0x001f9b1c	READ	1
0x001aa9fe	0x00204300	DATA	0
0x001aaa00	0x001ce960	UNCONDITIONAL_CALL	0
0x001aaa0a	0x001aaa18	CONDITIONAL_JUMP	0
0x001aaa13	0x001aaa99	UNCONDITIONAL_JUMP	0
0x001aaa24	0x001aaa99	UNCONDITIONAL_JUMP	0
0x001aaa28	0x001f9b18	READ	1
0x001aaa2e	0x002042e8	DATA	0
0x001aaa30	0x001ce960	UNCONDITIONAL_CALL	0
0x001aaa3c	0x001aaa99	UNCONDITIONAL_JUMP	0
0x001aaa47	0x001f9b14	READ	1
0x001aaa4d	0x002042d0	DATA	0
0x001aaa4f	0x001ce960	UNCONDITIONAL_CALL	0
0x001aaa54	0x001f9b10	READ	1
0x001aaa5a	0x002042a4	DATA	0
0x001aaa5c	0x001ce960	UNCONDITIONAL_CALL	0
0x001aaa61	0x001aaa99	UNCONDITIONAL_JUMP	0
0x001aaa6b	0x001f9b0c	READ	1
0x001aaa71	0x002042b8	DATA	0
0x001aaa73	0x001ce960	UNCONDITIONAL_CALL	0
0x001aaa87	0x001aaa99	CONDITIONAL_JUMP	0
0x001aaa89	0x001f9b08	READ	1
0x001aaa8f	0x0020428c	DATA	0
0x001aaa91	0x001ce960	UNCONDITIONAL_CALL	0
0x001aaa9a	0x001f9b20	READ	1
0x001aaaa0	0x00204438	DATA	0
0x001aaaa8	0x001ce960	UNCONDITIONAL_CALL	0
0x001aaaad	0xStack[-0xc]	DATA	0
0x001aaabb	0xStack[0x4]	READ	1
0x001aaace	0xStack[0x4]	READ	1
0x001aaad1	0xStack[0xc]	READ	1
0x001aaad7	0x001aabb1	CONDITIONAL_JUMP	0
0x001aaadd	0x001f9220	READ	1
0x001aaae3	0x00201928	DATA	0
0x001aaaeb	0x001ce960	UNCONDITIONAL_CALL	0
0x001aaaf1	0x001f9b48	READ	1
0x001aaaf7	0x002041bc	DATA	0
0x001aaaf9	0x001ce960	UNCONDITIONAL_CALL	0
0x001aab05	0x001aab34	CONDITIONAL_JUMP	0
0x001aab15	0x001aab9e	CONDITIONAL_JUMP	0
0x001aab1e	0x001aab9e	UNCONDITIONAL_JUMP	0
0x001aab32	0x001aab76	UNCONDITIONAL_JUMP	0
0x001aab36	0x001a5448	UNCONDITIONAL_CALL	0
0x001aab5f	0x001aab20	CONDITIONAL_JUMP	0
0x001aab8b	0x001f9b4c	READ	1
0x001aab91	0x00204430	DATA	0
0x001aab99	0x001ce960	UNCONDITIONAL_CALL	0
0x001aab9e	0x001f9474	READ	1
0x001aaba4	0x00202be8	DATA	0
0x001aabac	0x001ce960	UNCONDITIONAL_CALL	0
0x001aabb1	0xStack[-0x10]	DATA	0
0x001aabc5	0xStack[0x4]	READ	1
0x001aabc8	0x001f9220	READ	1
0x001aabce	0x00201928	DATA	0
0x001aabd6	0x001ce960	UNCONDITIONAL_CALL	0
0x001aabdb	0xStack[0xc]	READ	1
0x001aabdf	0x001f9b48	READ	1
0x001aabe5	0x002041bc	DATA	0
0x001aabe7	0x001ce960	UNCONDITIONAL_CALL	0
0x001aabec	0xStack[-0x8]	WRITE	0
0x001aabf4	0x001aac7d	CONDITIONAL_JUMP	0
0x001aabff	0x001aac0f	CONDITIONAL_JUMP	0
0x001aac04	0xStack[-0x8]	READ	1
0x001aac0d	0x001aac7d	CONDITIONAL_JUMP	0
0x001aac0f	0xStack[-0x8]	READ	1
0x001aac20	0x001aac28	CONDITIONAL_JUMP	0
0x001aac24	0x001aac2b	UNCONDITIONAL_JUMP	0
0x001aac36	0x001aac3c	CONDITIONAL_JUMP	0
0x001aac3a	0x001aac3f	UNCONDITIONAL_JUMP	0
0x001aac43	0xStack[-0x8]	READ	1
0x001aac47	0x001a5458	UNCONDITIONAL_CALL	0
0x001aac4c	0xStack[0xc]	READ	1
0x001aac57	0xStack[0xc]	READ	1
0x001aac67	0x001f9b4c	READ	1
0x001aac6d	0x00204430	DATA	0
0x001aac75	0x001ce960	UNCONDITIONAL_CALL	0
0x001aac7d	0x001f9474	READ	1
0x001aac83	0x00202be8	DATA	0
0x001aac8b	0x001ce960	UNCONDITIONAL_CALL	0
0x001aac90	0xStack[-0x14]	DATA	0
0x001aaca2	0xStack[0x4]	READ	1
0x001aaca5	0xStack[0xc]	READ	1
0x001aacb5	0x001aacd3	CONDITIONAL_JUMP	0
0x001aacc6	0x001aaccc	CONDITIONAL_JUMP	0
0x001aacca	0x001aacd5	UNCONDITIONAL_JUMP	0
0x001aacd1	0x001aacb8	CONDITIONAL_JUMP	0
0x001aacd5	0xStack[-0x10]	DATA	0
0x001aace3	0x001e8700	READ	1
0x001aace8	0xStack[0x4]	READ	0
0x001aaceb	0x001aad27	CONDITIONAL_JUMP	0
0x001aaced	0x001e5154	READ	0
0x001aacf4	0x001aad04	CONDITIONAL_JUMP	0
0x001aacf6	0x001d74b0	DATA	0
0x001aacfb	0x001a5514	UNCONDITIONAL_CALL	0
0x001aad04	0x001f6524	READ	1
0x001aad10	0x001aad0e	CONDITIONAL_JUMP	0
0x001aad1e	0x001aad0c	CONDITIONAL_JUMP	0
0x001aad20	0x001e5154	WRITE	0
0x001aad2f	0x001e8700	READ	1
0x001aad34	0xStack[0x4]	READ	0
0x001aad37	0x001aad52	CONDITIONAL_JUMP	0
0x001aad39	0x001e5154	READ	0
0x001aad40	0x001aad52	CONDITIONAL_JUMP	0
0x001aad42	0x001f6524	READ	1
0x001aad4b	0x001e5154	WRITE	0
0x001aad5b	0xStack[0x8]	READ	1
0x001aad64	0x001e8700	READ	1
0x001aad6b	0x001aad85	CONDITIONAL_JUMP	0
0x001aad6d	0xStack[0xc]	READ	1
0x001aad72	0xStack[0x4]	READ	1
0x001aad76	0x001f9b04	READ	1
0x001aad7c	0x0020432c	DATA	0
0x001aad7e	0x001e8708	READ	1
0x001aad8f	0x001e8700	READ	1
0x001aad96	0x001aadaf	CONDITIONAL_JUMP	0
0x001aad98	0xStack[0x8]	READ	1
0x001aad9c	0xStack[0x4]	READ	1
0x001aada0	0x001f9b00	READ	1
0x001aada6	0x00204318	DATA	0
0x001aada8	0x001e870c	READ	1
0x001aadb8	0xStack[0x4]	READ	1
0x001aadbb	0x001e8700	READ	0
0x001aadc2	0x001aae09	CONDITIONAL_JUMP	0
0x001aadc4	0x001f9b04	READ	1
0x001aadca	0x0020432c	DATA	0
0x001aadcb	0x001f9470	READ	1
0x001aadd1	0x00202bdc	DATA	0
0x001aadd3	0x001ce960	UNCONDITIONAL_CALL	0
0x001aadd8	0x001e8708	WRITE	0
0x001aaddd	0x001f9b00	READ	1
0x001aade3	0x00204318	DATA	0
0x001aade4	0x001f9470	READ	1
0x001aadea	0x00202bdc	DATA	0
0x001aadec	0x001ce960	UNCONDITIONAL_CALL	0
0x001aadf1	0x001e870c	WRITE	0
0x001aadf6	0x001e8708	READ	0
0x001aadfd	0x001aae09	CONDITIONAL_JUMP	0
0x001aae01	0x001aae09	CONDITIONAL_JUMP	0
0x001aae03	0x001e8700	WRITE	0
0x001aae09	0xStack[-0x8]	READ	1
0x001aae13	0x001e8700	READ	1
0x001aae18	0xStack[0x4]	READ	0
0x001aae1b	0x001aae63	CONDITIONAL_JUMP	0
0x001aae1d	0x001e5154	READ	0
0x001aae24	0x001aae34	CONDITIONAL_JUMP	0
0x001aae26	0x001d74b0	DATA	0
0x001aae2b	0x001a5514	UNCONDITIONAL_CALL	0
0x001aae34	0x001e5150	READ	1
0x001aae39	0x0018b888	COMPUTED_CALL	0
0x001aae3b	0x001e8704	WRITE	0
0x001aae40	0x001f6524	READ	1
0x001aae4c	0x001aae4a	CONDITIONAL_JUMP	0
0x001aae5a	0x001aae48	CONDITIONAL_JUMP	0
0x001aae5c	0x001e5154	WRITE	0
0x001aae6b	0x001e8700	READ	1
0x001aae70	0xStack[0x4]	READ	0
0x001aae73	0x001aae9a	CONDITIONAL_JUMP	0
0x001aae75	0x001e5154	READ	0
0x001aae7c	0x001aae9a	CONDITIONAL_JUMP	0
0x001aae7e	0x001f6524	READ	1
0x001aae87	0x001e5154	WRITE	0
0x001aae8e	0x001e8704	READ	1
0x001aae95	0x0018b544	UNCONDITIONAL_CALL	0
0x001aaea8	0xStack[0x4]	READ	1
0x001aaeab	0xStack[-0x1c]	DATA	0
0x001aaeae	0x001d5d78	DATA	1
0x001aaeb9	0x001d5d78	READ	1
0x001aaeb9	0x001d5d7c	READ	1
0x001aaec2	0x001aaecd	CONDITIONAL_JUMP	0
0x001aaecb	0x001aaf12	CONDITIONAL_JUMP	0
0x001aaee1	0xStack[-0x18]	WRITE	0
0x001aaee8	0x001f9b58	READ	1
0x001aaeee	0x00203e64	DATA	0
0x001aaef0	0x001ce960	UNCONDITIONAL_CALL	0
0x001aaef6	0x001a9274	UNCONDITIONAL_CALL	0
0x001aaefb	0xStack[-0xc]	WRITE	0
0x001aaefe	0xStack[-0x8]	WRITE	0
0x001aaf09	0xStack[-0x1c]	DATA	0
0x001aaf0d	0x001586d4	UNCONDITIONAL_CALL	0
0x001aaf12	0xStack[-0x24]	DATA	0
0x001aaf24	0xStack[0x4]	READ	1
0x001aaf27	0xStack[0xc]	READ	1
0x001aaf2a	0x001f924c	READ	1
0x001aaf30	0x00201a24	DATA	0
0x001aaf31	0xStack[-0xc]	WRITE	0
0x001aaf34	0x001fa338	READ	1
0x001aaf3a	0x001fdfdf	DATA	1
0x001aaf3a	0xStack[-0x8]	WRITE	0
0x001aaf3d	0xStack[-0xc]	DATA	0
0x001aaf41	0x001cea70	UNCONDITIONAL_CALL	0
0x001aaf48	0x001f9214	READ	1
0x001aaf4e	0x00201908	DATA	0
0x001aaf4f	0x001f9210	READ	1
0x001aaf55	0x00201900	DATA	0
0x001aaf56	0x001f9d64	READ	1
0x001aaf5c	0x001fdfbd	DATA	0
0x001aaf5d	0x001ce960	UNCONDITIONAL_CALL	0
0x001aaf66	0x001ce960	UNCONDITIONAL_CALL	0
0x001aaf6f	0x001a9274	UNCONDITIONAL_CALL	0
0x001aaf79	0xStack[-0x14]	DATA	0
0x001aaf8b	0xStack[0x4]	READ	1
0x001aaf8e	0x001f921c	READ	1
0x001aaf94	0x00201920	DATA	0
0x001aaf99	0x001ce960	UNCONDITIONAL_CALL	0
0x001aafa2	0x0015a614	UNCONDITIONAL_CALL	0
0x001aafa7	0x001f921c	READ	1
0x001aafad	0x00201920	DATA	0
0x001aafae	0xStack[-0xc]	WRITE	0
0x001aafb1	0x001fa338	READ	1
0x001aafb7	0x001fdfdf	DATA	1
0x001aafb7	0xStack[-0x8]	WRITE	0
0x001aafba	0xStack[-0xc]	DATA	0
0x001aafbe	0x001cea70	UNCONDITIONAL_CALL	0
0x001aafc3	0xStack[-0x10]	READ	1
0x001aafcf	0xStack[0x4]	READ	1
0x001aafe0	0xStack[0x4]	READ	1
0x001aafe3	0x001f9b60	READ	1
0x001aafe9	0x00203ec4	DATA	0
0x001aafee	0x001ce960	UNCONDITIONAL_CALL	0
0x001aaff9	0x001ab023	CONDITIONAL_JUMP	0
0x001aaffb	0x001f9220	READ	1
0x001ab001	0x00201928	DATA	0
0x001ab006	0x001ce960	UNCONDITIONAL_CALL	0
0x001ab00b	0xStack[0xc]	READ	1
0x001ab013	0x001f9224	READ	1
0x001ab019	0x00201930	DATA	0
0x001ab01e	0x001ce960	UNCONDITIONAL_CALL	0
0x001ab023	0xStack[-0x8]	READ	1
0x001ab035	0xStack[0xc]	READ	1
0x001ab038	0xStack[-0x1c]	DATA	0
0x001ab03b	0x001d5d78	DATA	1
0x001ab046	0x001d5d78	READ	1
0x001ab046	0x001d5d7c	READ	1
0x001ab04a	0x001f9218	READ	1
0x001ab050	0x00201914	DATA	0
0x001ab051	0xStack[0x4]	READ	1
0x001ab058	0x001ce960	UNCONDITIONAL_CALL	0
0x001ab05d	0xStack[0x4]	READ	1
0x001ab063	0xStack[-0x18]	WRITE	0
0x001ab06d	0xStack[-0xc]	WRITE	0
0x001ab070	0xStack[-0x8]	WRITE	0
0x001ab079	0x001f9224	READ	1
0x001ab07f	0x00201930	DATA	0
0x001ab080	0xStack[0x4]	READ	1
0x001ab087	0x001ce960	UNCONDITIONAL_CALL	0
0x001ab090	0xStack[-0x1c]	DATA	0
0x001ab094	0x001586d4	UNCONDITIONAL_CALL	0
0x001ab0a0	0x001ab0c4	CONDITIONAL_JUMP	0
0x001ab0a4	0x001f9218	READ	1
0x001ab0aa	0x00201914	DATA	0
0x001ab0ab	0xStack[0x4]	READ	1
0x001ab0b2	0x001ce960	UNCONDITIONAL_CALL	0
0x001ab0b7	0xStack[0x4]	READ	1
0x001ab0c0	0x001ab0da	UNCONDITIONAL_JUMP	0
0x001ab0c4	0x001f9220	READ	1
0x001ab0ca	0x00201928	DATA	0
0x001ab0cb	0xStack[0x4]	READ	1
0x001ab0d2	0x001ce960	UNCONDITIONAL_CALL	0
0x001ab0dc	0x001f9224	READ	1
0x001ab0e2	0x00201930	DATA	0
0x001ab0e3	0xStack[0x4]	READ	1
0x001ab0ea	0x001ce960	UNCONDITIONAL_CALL	0
0x001ab0f1	0xStack[-0x28]	DATA	0
0x001ab0ff	0xStack[0x4]	READ	1
0x001ab109	0x001ab115	CONDITIONAL_JUMP	0
0x001ab11c	0x001ab128	CONDITIONAL_JUMP	0
0x001ab135	0x001f9cdc	READ	1
0x001ab13b	0x0020245c	DATA	0
0x001ab13c	0xStack[0xc]	READ	1
0x001ab140	0x001ce960	UNCONDITIONAL_CALL	0
0x001ab145	0xStack[-0x8]	WRITE	0
0x001ab14d	0x001ab188	CONDITIONAL_JUMP	0
0x001ab14f	0x001f9c28	READ	1
0x001ab155	0x00203404	DATA	0
0x001ab156	0xStack[0x4]	READ	1
0x001ab15a	0x001ce960	UNCONDITIONAL_CALL	0
0x001ab160	0x001f9228	READ	1
0x001ab166	0x0020193c	DATA	0
0x001ab167	0xStack[0x4]	READ	1
0x001ab16b	0x001ce960	UNCONDITIONAL_CALL	0
0x001ab174	0x001d7500	DATA	0
0x001ab179	0x001a5514	UNCONDITIONAL_CALL	0
0x001ab183	0x001ab358	UNCONDITIONAL_JUMP	0
0x001ab188	0x001d5ccc	DATA	0
0x001ab18d	0x001f9308	READ	1
0x001ab193	0x00202480	DATA	0
0x001ab194	0xStack[-0x8]	READ	1
0x001ab198	0x001ce960	UNCONDITIONAL_CALL	0
0x001ab1a1	0x001d7524	DATA	1
0x001ab1ae	0x001d7524	READ	0
0x001ab1ae	0x001d7525	READ	0
0x001ab1b0	0x001ab1bc	CONDITIONAL_JUMP	0
0x001ab1b6	0x001d7524	READ	1
0x001ab1b6	0x001d7525	READ	1
0x001ab1c1	0x001ab1d4	CONDITIONAL_JUMP	0
0x001ab1c3	0xStack[0x4]	READ	1
0x001ab1d0	0x001ab223	UNCONDITIONAL_JUMP	0
0x001ab1d6	0x001d7528	DATA	1
0x001ab1e3	0x001d7528	READ	0
0x001ab1e3	0x001d7529	READ	0
0x001ab1e5	0x001ab1f8	CONDITIONAL_JUMP	0
0x001ab1e7	0xStack[0x4]	READ	1
0x001ab1f4	0x001ab223	UNCONDITIONAL_JUMP	0
0x001ab1f8	0x001f9228	READ	1
0x001ab1fe	0x0020193c	DATA	0
0x001ab1ff	0xStack[0x4]	READ	1
0x001ab203	0x001ce960	UNCONDITIONAL_CALL	0
0x001ab209	0x001d752c	DATA	0
0x001ab20e	0x001a5514	UNCONDITIONAL_CALL	0
0x001ab213	0xStack[0x4]	READ	1
0x001ab224	0x001f9314	READ	1
0x001ab22a	0x00202494	DATA	0
0x001ab22b	0xStack[-0x8]	READ	1
0x001ab22f	0x001ce960	UNCONDITIONAL_CALL	0
0x001ab234	0x001d5cd7	DATA	0
0x001ab239	0x001f9308	READ	1
0x001ab23f	0x00202480	DATA	0
0x001ab240	0xStack[-0x8]	READ	1
0x001ab244	0x001ce960	UNCONDITIONAL_CALL	0
0x001ab24c	0x001f9314	READ	1
0x001ab252	0x00202494	DATA	0
0x001ab253	0xStack[-0x8]	READ	1
0x001ab257	0x001ce960	UNCONDITIONAL_CALL	0
0x001ab25f	0x001d5d05	DATA	0
0x001ab264	0x001f9308	READ	1
0x001ab26a	0x00202480	DATA	0
0x001ab26b	0xStack[-0x8]	READ	1
0x001ab26f	0x001ce960	UNCONDITIONAL_CALL	0
0x001ab278	0x001d7558	DATA	1
0x001ab285	0x001d7558	READ	0
0x001ab285	0x001d7559	READ	0
0x001ab287	0x001ab293	CONDITIONAL_JUMP	0
0x001ab28d	0x001d7558	READ	1
0x001ab28d	0x001d7559	READ	1
0x001ab298	0x001ab2a8	CONDITIONAL_JUMP	0
0x001ab29a	0xStack[0x4]	READ	1
0x001ab2a4	0x001ab2b2	UNCONDITIONAL_JUMP	0
0x001ab2a8	0xStack[0x4]	READ	1
0x001ab2b3	0x001f9314	READ	1
0x001ab2b9	0x00202494	DATA	0
0x001ab2ba	0xStack[-0x8]	READ	1
0x001ab2be	0x001ce960	UNCONDITIONAL_CALL	0
0x001ab2c3	0x001d5d16	DATA	0
0x001ab2c8	0x001f9308	READ	1
0x001ab2ce	0x00202480	DATA	0
0x001ab2cf	0xStack[-0x8]	READ	1
0x001ab2d3	0x001ce960	UNCONDITIONAL_CALL	0
0x001ab2dc	0x001d7558	DATA	1
0x001ab2e9	0x001d7558	READ	0
0x001ab2e9	0x001d7559	READ	0
0x001ab2eb	0x001ab2f7	CONDITIONAL_JUMP	0
0x001ab2f1	0x001d7558	READ	1
0x001ab2f1	0x001d7559	READ	1
0x001ab2fc	0x001ab30c	CONDITIONAL_JUMP	0
0x001ab2fe	0xStack[0x4]	READ	1
0x001ab308	0x001ab316	UNCONDITIONAL_JUMP	0
0x001ab30c	0xStack[0x4]	READ	1
0x001ab317	0x001f9314	READ	1
0x001ab31d	0x00202494	DATA	0
0x001ab31e	0xStack[-0x8]	READ	1
0x001ab322	0x001ce960	UNCONDITIONAL_CALL	0
0x001ab327	0xStack[0x4]	READ	1
0x001ab34c	0x001dbdd4	WRITE	0
0x001ab358	0xStack[-0x14]	DATA	0
0x001ab36d	0xStack[0x4]	READ	1
0x001ab370	0xStack[0xc]	READ	1
0x001ab374	0x001f9560	READ	1
0x001ab37a	0x00203260	DATA	0
0x001ab37b	0xStack[-0xc]	WRITE	0
0x001ab37e	0x001fa310	READ	1
0x001ab384	0x001fe62d	DATA	1
0x001ab384	0xStack[-0x8]	WRITE	0
0x001ab387	0xStack[-0xc]	DATA	0
0x001ab38b	0x001cea70	UNCONDITIONAL_CALL	0
0x001ab395	0x001ab3a0	CONDITIONAL_JUMP	0
0x001ab399	0x001ab48a	UNCONDITIONAL_JUMP	0
0x001ab3a0	0x001f9b5c	READ	1
0x001ab3a6	0x00203e04	DATA	0
0x001ab3a8	0x001ce960	UNCONDITIONAL_CALL	0
0x001ab3b2	0x001ab3c8	CONDITIONAL_JUMP	0
0x001ab3b4	0x001f921c	READ	1
0x001ab3ba	0x00201920	DATA	0
0x001ab3bc	0x001ce960	UNCONDITIONAL_CALL	0
0x001ab3c3	0x001ab48a	UNCONDITIONAL_JUMP	0
0x001ab3c8	0x001e5168	READ	1
0x001ab3ce	0x001e5168	READ_WRITE	0
0x001ab3d5	0x001e5158	DATA	0
0x001ab3da	0x001d7464	DATA	0
0x001ab3df	0xStack[-0x14]	DATA	0
0x001ab3e3	0x0010c188	UNCONDITIONAL_CALL	0
0x001ab3e9	0x001f947c	READ	1
0x001ab3ef	0x00202bfc	DATA	0
0x001ab3f1	0x001ce960	UNCONDITIONAL_CALL	0
0x001ab3f6	0x001e515b	DATA	0
0x001ab3fb	0x001f9480	READ	1
0x001ab401	0x00202c08	DATA	0
0x001ab403	0x001ce960	UNCONDITIONAL_CALL	0
0x001ab40c	0x001f9478	READ	1
0x001ab412	0x00202bf0	DATA	0
0x001ab414	0x001ce960	UNCONDITIONAL_CALL	0
0x001ab419	0xStack[0xc]	READ	1
0x001ab41d	0x001f9afc	READ	1
0x001ab423	0x002045b0	DATA	0
0x001ab425	0x001ce960	UNCONDITIONAL_CALL	0
0x001ab42f	0x001ab444	CONDITIONAL_JUMP	0
0x001ab431	0x001f921c	READ	1
0x001ab437	0x00201920	DATA	0
0x001ab439	0x001ce960	UNCONDITIONAL_CALL	0
0x001ab440	0x001ab48a	UNCONDITIONAL_JUMP	0
0x001ab444	0x001f9b58	READ	1
0x001ab44a	0x00203e64	DATA	0
0x001ab44c	0x001ce960	UNCONDITIONAL_CALL	0
0x001ab452	0x001f9b54	READ	1
0x001ab458	0x00204448	DATA	0
0x001ab459	0x001f9210	READ	1
0x001ab45f	0x00201900	DATA	0
0x001ab460	0x001f9dcc	READ	1
0x001ab466	0x001fe93a	DATA	0
0x001ab467	0x001ce960	UNCONDITIONAL_CALL	0
0x001ab470	0x001ce960	UNCONDITIONAL_CALL	0
0x001ab47b	0x001f9af8	READ	1
0x001ab481	0x002045c4	DATA	0
0x001ab483	0x001ce960	UNCONDITIONAL_CALL	0
0x001ab48a	0xStack[-0x20]	DATA	0
0x001ab49b	0xStack[0x4]	READ	1
0x001ab49e	0x001f9b50	READ	1
0x001ab4a4	0x002043b4	DATA	0
0x001ab4a6	0x001ce960	UNCONDITIONAL_CALL	0
0x001ab4b6	0x001ab4dd	CONDITIONAL_JUMP	0
0x001ab4ba	0x001f9b4c	READ	1
0x001ab4c0	0x00204430	DATA	0
0x001ab4c2	0x001ce960	UNCONDITIONAL_CALL	0
0x001ab4c7	0x001f921c	READ	1
0x001ab4cd	0x00201920	DATA	0
0x001ab4d5	0x001ce960	UNCONDITIONAL_CALL	0
0x001ab4e5	0x001ab4f7	CONDITIONAL_JUMP	0
0x001ab4e7	0x001f921c	READ	1
0x001ab4ed	0x00201920	DATA	0
0x001ab4ef	0x001ce960	UNCONDITIONAL_CALL	0
0x001ab4f7	0x001f921c	READ	1
0x001ab4fd	0x00201920	DATA	0
0x001ab4fe	0xStack[-0xc]	WRITE	0
0x001ab501	0x001fa310	READ	1
0x001ab507	0x001fe62d	DATA	1
0x001ab507	0xStack[-0x8]	WRITE	0
0x001ab50a	0xStack[-0xc]	DATA	0
0x001ab50e	0x001cea70	UNCONDITIONAL_CALL	0
0x001ab513	0xStack[-0x10]	READ	1
0x001ab521	0xStack[0x4]	READ	1
0x001ab526	0x001f948c	READ	1
0x001ab52c	0x00202c28	DATA	0
0x001ab52e	0x001ce960	UNCONDITIONAL_CALL	0
0x001ab533	0xStack[0xc]	READ	1
0x001ab53c	0xStack[0x10]	READ	1
0x001ab550	0x001d755c	DATA	0
0x001ab555	0x001f9c28	READ	1
0x001ab55b	0x00203404	DATA	0
0x001ab55d	0x001ce960	UNCONDITIONAL_CALL	0
0x001ab566	0x001e5158	DATA	0
0x001ab56c	0x001f9b30	READ	1
0x001ab572	0x002040c4	DATA	0
0x001ab573	0x001f9210	READ	1
0x001ab579	0x00201900	DATA	0
0x001ab57a	0x001f9dd0	READ	1
0x001ab580	0x001fe870	DATA	0
0x001ab581	0x001ce960	UNCONDITIONAL_CALL	0
0x001ab58a	0x001ce960	UNCONDITIONAL_CALL	0
0x001ab5a0	0x001ab5d3	CONDITIONAL_JUMP	0
0x001ab5a4	0x001ab5ab	CONDITIONAL_JUMP	0
0x001ab5ba	0x001f9c28	READ	1
0x001ab5c0	0x00203404	DATA	0
0x001ab5c2	0x001ce960	UNCONDITIONAL_CALL	0
0x001ab5cb	0x00120614	UNCONDITIONAL_CALL	0
0x001ab603	0x001f9228	READ	1
0x001ab609	0x0020193c	DATA	0
0x001ab60b	0x001ce960	UNCONDITIONAL_CALL	0
0x001ab614	0x001d7570	DATA	0
0x001ab619	0x001a5514	UNCONDITIONAL_CALL	0
0x001ab624	0xStack[-0xc]	DATA	0
0x001ab633	0xStack[0x4]	READ	1
0x001ab643	0xStack[0x4]	READ	1
0x001ab657	0xStack[0x4]	READ	1
0x001ab65a	0xStack[0xc]	READ	1
0x001ab67f	0xStack[0x4]	READ	1
0x001ab689	0x001ab698	CONDITIONAL_JUMP	0
0x001ab692	0x001ab698	CONDITIONAL_JUMP	0
0x001ab696	0x001ab6f8	UNCONDITIONAL_JUMP	0
0x001ab698	0xStack[-0xc]	DATA	0
0x001ab69c	0x001a54f8	UNCONDITIONAL_CALL	0
0x001ab6a7	0xStack[-0x8]	READ	1
0x001ab6af	0x001ab6d8	CONDITIONAL_JUMP	0
0x001ab6b1	0x001ab6be	CONDITIONAL_JUMP	0
0x001ab6b3	0xStack[-0xc]	READ	1
0x001ab6bc	0x001ab6d8	CONDITIONAL_JUMP	0
0x001ab6d4	0x001ab6f8	UNCONDITIONAL_JUMP	0
0x001ab6e4	0xStack[-0xc]	READ	1
0x001ab6e7	0xStack[-0x8]	READ	1
0x001ab6f3	0x001d0fb4	UNCONDITIONAL_CALL	0
0x001ab6f8	0xStack[-0x10]	READ	1
0x001ab709	0xStack[0x4]	READ	1
0x001ab70c	0xStack[0xc]	READ	1
0x001ab716	0x001ab721	CONDITIONAL_JUMP	0
0x001ab71f	0x001ab72f	CONDITIONAL_JUMP	0
0x001ab722	0x001aaea0	DATA	0
0x001ab727	0x001604fc	UNCONDITIONAL_CALL	0
0x001ab736	0x001a54f8	UNCONDITIONAL_CALL	0
0x001ab756	0xStack[-0x10]	WRITE	0
0x001ab759	0xStack[-0xc]	WRITE	0
0x001ab75c	0xStack[-0x10]	READ	1
0x001ab765	0xStack[-0xc]	READ	1
0x001ab770	0xStack[-0xc]	READ	0
0x001ab773	0xStack[-0x10]	READ	0
0x001ab777	0x001aaea0	DATA	0
0x001ab77c	0x001604e0	UNCONDITIONAL_CALL	0
0x001ab781	0xStack[-0x1c]	DATA	0
0x001ab790	0xStack[0x4]	READ	1
0x001ab79a	0x001ab7a5	CONDITIONAL_JUMP	0
0x001ab7a3	0x001ab7c4	CONDITIONAL_JUMP	0
0x001ab7a6	0x001aaea0	DATA	0
0x001ab7ab	0x001604fc	UNCONDITIONAL_CALL	0
0x001ab7c4	0xStack[-0x8]	READ	1
0x001ab7cf	0xStack[0x4]	READ	1
0x001ab7e7	0xStack[0x4]	READ	1
0x001ab7ff	0xStack[0x4]	READ	1
0x001ab80f	0xStack[0x4]	READ	1
0x001ab81f	0xStack[0x4]	READ	1
0x001ab822	0xStack[0xc]	READ	1
0x001ab834	0xStack[0x4]	READ	1
0x001ab84c	0xStack[-0x8]	READ	1
0x001ab857	0xStack[0x4]	READ	1
0x001ab863	0x001ab87a	CONDITIONAL_JUMP	0
0x001ab867	0x001f9b4c	READ	1
0x001ab86d	0x00204430	DATA	0
0x001ab875	0x001ce960	UNCONDITIONAL_CALL	0
0x001ab88f	0xStack[0xc]	READ	1
0x001ab893	0x00120a6c	UNCONDITIONAL_CALL	0
0x001ab8a5	0xStack[0xc]	READ	1
0x001ab8a8	0xStack[0x10]	READ	1
0x001ab8ab	0xStack[-0x8]	WRITE	0
0x001ab8ae	0xStack[0x4]	READ	1
0x001ab8b8	0x001ab8cc	CONDITIONAL_JUMP	0
0x001ab8bb	0x00120a6c	UNCONDITIONAL_CALL	0
0x001ab8c5	0x001ab9a4	UNCONDITIONAL_JUMP	0
0x001ab8cd	0x00120a9c	UNCONDITIONAL_CALL	0
0x001ab8d5	0xStack[0x4]	READ	1
0x001ab8de	0x001ab918	CONDITIONAL_JUMP	0
0x001ab8e1	0x00120a9c	UNCONDITIONAL_CALL	0
0x001ab8e7	0x001f9228	READ	1
0x001ab8ed	0x0020193c	DATA	0
0x001ab8ee	0xStack[0x4]	READ	1
0x001ab8f2	0x001ce960	UNCONDITIONAL_CALL	0
0x001ab8fb	0x001d75ac	DATA	0
0x001ab900	0x001a5514	UNCONDITIONAL_CALL	0
0x001ab906	0x00120a6c	UNCONDITIONAL_CALL	0
0x001ab910	0x001ab9a4	UNCONDITIONAL_JUMP	0
0x001ab91e	0x001ab93a	CONDITIONAL_JUMP	0
0x001ab92b	0x001ab935	CONDITIONAL_JUMP	0
0x001ab933	0x001ab93a	CONDITIONAL_JUMP	0
0x001ab93c	0x001ab944	CONDITIONAL_JUMP	0
0x001ab940	0x001ab947	UNCONDITIONAL_JUMP	0
0x001ab949	0x001ab974	CONDITIONAL_JUMP	0
0x001ab94b	0x001f9228	READ	1
0x001ab951	0x0020193c	DATA	0
0x001ab952	0xStack[0x4]	READ	1
0x001ab956	0x001ce960	UNCONDITIONAL_CALL	0
0x001ab95c	0x001d75d0	DATA	0
0x001ab961	0x001a5514	UNCONDITIONAL_CALL	0
0x001ab967	0x00120a6c	UNCONDITIONAL_CALL	0
0x001ab971	0x001ab9a4	UNCONDITIONAL_JUMP	0
0x001ab976	0x00120b44	UNCONDITIONAL_CALL	0
0x001ab97c	0x00120a5c	UNCONDITIONAL_CALL	0
0x001ab985	0xStack[-0x8]	READ	1
0x001ab989	0x001013cc	UNCONDITIONAL_CALL	0
0x001ab992	0x001f9b3c	READ	1
0x001ab998	0x0020434c	DATA	0
0x001ab999	0xStack[0x4]	READ	1
0x001ab99d	0x001ce960	UNCONDITIONAL_CALL	0
0x001ab9a4	0xStack[-0x14]	DATA	0
0x001ab9b4	0xStack[0x4]	READ	1
0x001ab9c1	0x001209ec	UNCONDITIONAL_CALL	0
0x001ab9cd	0x001ab9d7	CONDITIONAL_JUMP	0
0x001ab9d2	0x00120b2c	UNCONDITIONAL_CALL	0
0x001ab9d9	0xStack[-0x8]	READ	1
0x001ab9e5	0xStack[0xc]	READ	1
0x001ab9ea	0x001d1209	DATA	0
0x001ab9f0	0x00101e7c	UNCONDITIONAL_CALL	0
0x001ab9fa	0x001aba00	CONDITIONAL_JUMP	0
0x001ab9fe	0x001aba2f	UNCONDITIONAL_JUMP	0
0x001aba00	0x001d121a	DATA	0
0x001aba06	0x00101e7c	UNCONDITIONAL_CALL	0
0x001aba10	0x001aba28	CONDITIONAL_JUMP	0
0x001aba14	0xStack[0x10]	READ	1
0x001aba18	0xStack[0x4]	READ	1
0x001aba21	0x001013cc	UNCONDITIONAL_CALL	0
0x001aba26	0x001aba2d	UNCONDITIONAL_JUMP	0
0x001aba2f	0xStack[-0xc]	DATA	0
0x001aba3d	0xStack[0x4]	READ	1
0x001aba40	0x001f9b28	READ	1
0x001aba46	0x00204440	DATA	0
0x001aba4e	0x001ce960	UNCONDITIONAL_CALL	0
0x001aba5b	0x001aba98	CONDITIONAL_JUMP	0
0x001aba5d	0x001aba68	CONDITIONAL_JUMP	0
0x001aba62	0x001aba70	CONDITIONAL_JUMP	0
0x001aba64	0x001abae2	UNCONDITIONAL_JUMP	0
0x001aba6b	0x001abac8	CONDITIONAL_JUMP	0
0x001aba6d	0x001abae2	UNCONDITIONAL_JUMP	0
0x001aba77	0x001aba94	CONDITIONAL_JUMP	0
0x001aba7b	0x001f9b24	READ	1
0x001aba81	0x00204374	DATA	0
0x001aba83	0x001ce960	UNCONDITIONAL_CALL	0
0x001aba8d	0x001aba94	CONDITIONAL_JUMP	0
0x001aba95	0x001abab0	UNCONDITIONAL_JUMP	0
0x001aba9a	0x001f9b24	READ	1
0x001abaa0	0x00204374	DATA	0
0x001abaa2	0x001ce960	UNCONDITIONAL_CALL	0
0x001abab0	0x001f9b20	READ	1
0x001abab6	0x00204438	DATA	0
0x001ababe	0x001ce960	UNCONDITIONAL_CALL	0
0x001abac3	0x001abae2	UNCONDITIONAL_JUMP	0
0x001abaca	0x001f9b20	READ	1
0x001abad0	0x00204438	DATA	0
0x001abad8	0x001ce960	UNCONDITIONAL_CALL	0
0x001abadd	0x001a9220	UNCONDITIONAL_CALL	0
0x001abae2	0xStack[-0xc]	DATA	0
0x001abaf4	0xStack[0x4]	READ	1
0x001abb09	0x001f943c	READ	1
0x001abb0f	0x002029c8	DATA	0
0x001abb10	0x001f9234	READ	1
0x001abb16	0x00201980	DATA	0
0x001abb18	0x001ce960	UNCONDITIONAL_CALL	0
0x001abb21	0x001ce960	UNCONDITIONAL_CALL	0
0x001abb2b	0x001abb84	CONDITIONAL_JUMP	0
0x001abb2d	0xStack[0xc]	READ	1
0x001abb31	0x001f9560	READ	1
0x001abb37	0x00203260	DATA	0
0x001abb38	0xStack[-0x30]	WRITE	0
0x001abb3b	0x001fa360	READ	1
0x001abb41	0x001fe62d	DATA	1
0x001abb41	0xStack[-0x2c]	WRITE	0
0x001abb44	0xStack[-0x30]	DATA	0
0x001abb48	0x001cea70	UNCONDITIONAL_CALL	0
0x001abb52	0x001abb5c	CONDITIONAL_JUMP	0
0x001abb56	0x001abc34	UNCONDITIONAL_JUMP	0
0x001abb5c	0x001f9b5c	READ	1
0x001abb62	0x00203e04	DATA	0
0x001abb64	0x001ce960	UNCONDITIONAL_CALL	0
0x001abb6e	0x001abb84	CONDITIONAL_JUMP	0
0x001abb70	0x001f921c	READ	1
0x001abb76	0x00201920	DATA	0
0x001abb78	0x001ce960	UNCONDITIONAL_CALL	0
0x001abb7f	0x001abc34	UNCONDITIONAL_JUMP	0
0x001abb84	0x001e516c	READ	1
0x001abb8b	0x001f9478	READ	1
0x001abb91	0x00202bf0	DATA	0
0x001abb93	0x001ce960	UNCONDITIONAL_CALL	0
0x001abb98	0x001e516c	READ	1
0x001abb9f	0x001e516c	READ_WRITE	0
0x001abba5	0x001d75e4	DATA	0
0x001abbaa	0xStack[-0x18]	DATA	0
0x001abbae	0x0010c188	UNCONDITIONAL_CALL	0
0x001abbb4	0x001f947c	READ	1
0x001abbba	0x00202bfc	DATA	0
0x001abbbc	0x001ce960	UNCONDITIONAL_CALL	0
0x001abbc4	0x001d75ec	DATA	0
0x001abbc9	0x001f9480	READ	1
0x001abbcf	0x00202c08	DATA	0
0x001abbd1	0x001ce960	UNCONDITIONAL_CALL	0
0x001abbd6	0xStack[-0x28]	DATA	0
0x001abbda	0x001f93a0	READ	1
0x001abbe0	0x002026dc	DATA	0
0x001abbe2	0x001ce960	UNCONDITIONAL_CALL	0
0x001abbe7	0xStack[-0x28]	READ	1
0x001abbf0	0xStack[-0x24]	READ	1
0x001abbf5	0x001abbfd	CONDITIONAL_JUMP	0
0x001abbfd	0xStack[-0x20]	READ	1
0x001abc06	0x001abc0e	CONDITIONAL_JUMP	0
0x001abc0e	0xStack[-0x1c]	READ	1
0x001abc17	0x001abc1f	CONDITIONAL_JUMP	0
0x001abc26	0x001abc32	CONDITIONAL_JUMP	0
0x001abc34	0xStack[-0x38]	DATA	0
0x001abc49	0xStack[0x4]	READ	1
0x001abc54	0x001abca7	CONDITIONAL_JUMP	0
0x001abc5f	0x001abca7	CONDITIONAL_JUMP	0
0x001abc64	0xStack[0x4]	READ	1
0x001abc75	0x001abc7c	CONDITIONAL_JUMP	0
0x001abc79	0x001abc7f	UNCONDITIONAL_JUMP	0
0x001abc84	0x001abc8c	CONDITIONAL_JUMP	0
0x001abc88	0x001abc8f	UNCONDITIONAL_JUMP	0
0x001abc94	0x001a5458	UNCONDITIONAL_CALL	0
0x001abc9c	0xStack[0x4]	READ	1
0x001abca5	0x001abc64	CONDITIONAL_JUMP	0
0x001abca7	0x001f9c28	READ	1
0x001abcad	0x00203404	DATA	0
0x001abcae	0xStack[0x4]	READ	1
0x001abcb2	0x001ce960	UNCONDITIONAL_CALL	0
0x001abcb9	0x001e516c	READ	1
0x001abcc4	0x001abccc	CONDITIONAL_JUMP	0
0x001abcc6	0x001e516c	WRITE	0
0x001abccc	0x001f921c	READ	1
0x001abcd2	0x00201920	DATA	0
0x001abcd3	0xStack[0x4]	READ	1
0x001abcd6	0xStack[-0xc]	WRITE	0
0x001abcd9	0x001fa360	READ	1
0x001abcdf	0x001fe62d	DATA	1
0x001abcdf	0xStack[-0x8]	WRITE	0
0x001abce2	0xStack[-0xc]	DATA	0
0x001abce6	0x001cea70	UNCONDITIONAL_CALL	0
0x001abceb	0xStack[-0x18]	DATA	0
0x001abcfc	0xStack[0x14]	READ	1
0x001abd00	0xStack[0x10]	READ	1
0x001abd08	0xStack[0xc]	READ	1
0x001abd10	0x001f9af4	READ	1
0x001abd16	0x00204724	DATA	0
0x001abd17	0xStack[0x4]	READ	1
0x001abd1b	0x001ce960	UNCONDITIONAL_CALL	0
0x001abd20	0xStack[-0x8]	READ	1
0x001abd2b	0xStack[0x14]	READ	1
0x001abd2f	0xStack[0x10]	READ	1
0x001abd37	0xStack[0xc]	READ	1
0x001abd3f	0x001f9af0	READ	1
0x001abd44	0x00204700	DATA	0
0x001abd45	0xStack[0x4]	READ	1
0x001abd49	0x001ce960	UNCONDITIONAL_CALL	0
0x001abd5d	0xStack[0x4]	READ	1
0x001abd62	0xStack[0xc]	READ	1
0x001abd65	0xStack[-0x8]	WRITE	0
0x001abd68	0x001f9220	READ	1
0x001abd6e	0x00201928	DATA	0
0x001abd76	0x001ce960	UNCONDITIONAL_CALL	0
0x001abd7b	0x001f9410	READ	1
0x001abd81	0x002028f8	DATA	0
0x001abd83	0x001ce960	UNCONDITIONAL_CALL	0
0x001abd8b	0xStack[-0x8]	READ	0
0x001abd8e	0x001abdb0	CONDITIONAL_JUMP	0
0x001abd90	0xStack[0x18]	READ	0
0x001abd93	0xStack[0x14]	READ	0
0x001abd96	0xStack[0x10]	READ	0
0x001abd99	0xStack[0xc]	READ	0
0x001abd9c	0x001f9aec	READ	1
0x001abda2	0x002045d8	DATA	0
0x001abda4	0x001ce960	UNCONDITIONAL_CALL	0
0x001abdae	0x001abdcc	CONDITIONAL_JUMP	0
0x001abdb5	0x001abe1c	UNCONDITIONAL_JUMP	0
0x001abdca	0x001abe16	UNCONDITIONAL_JUMP	0
0x001abdce	0x001a5448	UNCONDITIONAL_CALL	0
0x001abdd3	0xStack[0xc]	READ	1
0x001abdd8	0xStack[0x10]	READ	1
0x001abdde	0xStack[0x14]	READ	1
0x001abde4	0xStack[0x18]	READ	1
0x001abdea	0xStack[0x1c]	READ	1
0x001abdff	0x001abdb8	CONDITIONAL_JUMP	0
0x001abe1c	0x001f9474	READ	1
0x001abe22	0x00202be8	DATA	0
0x001abe2a	0x001ce960	UNCONDITIONAL_CALL	0
0x001abe31	0xStack[-0x14]	DATA	0
0x001abe42	0xStack[0x4]	READ	1
0x001abe45	0xStack[0xc]	READ	1
0x001abe48	0x001f9220	READ	1
0x001abe4e	0x00201928	DATA	0
0x001abe56	0x001ce960	UNCONDITIONAL_CALL	0
0x001abe5b	0x001f9410	READ	1
0x001abe61	0x002028f8	DATA	0
0x001abe63	0x001ce960	UNCONDITIONAL_CALL	0
0x001abe6d	0x001abe78	CONDITIONAL_JUMP	0
0x001abe6f	0x001d75f0	DATA	0
0x001abe74	0x001abeb1	UNCONDITIONAL_JUMP	0
0x001abe78	0xStack[0x18]	READ	1
0x001abe7b	0xStack[0x14]	READ	1
0x001abe80	0xStack[0x10]	READ	0
0x001abe83	0xStack[0xc]	READ	0
0x001abe86	0x001f9aec	READ	1
0x001abe8c	0x002045d8	DATA	0
0x001abe8e	0x001ce960	UNCONDITIONAL_CALL	0
0x001abe98	0x001abea4	CONDITIONAL_JUMP	0
0x001abe9a	0x001d7620	DATA	0
0x001abe9f	0x001abeb1	UNCONDITIONAL_JUMP	0
0x001abea4	0xStack[0x1c]	READ	1
0x001abeaa	0x001abebc	CONDITIONAL_JUMP	0
0x001abeac	0x001d7650	DATA	0
0x001abeb1	0x001a5514	UNCONDITIONAL_CALL	0
0x001abeb9	0x001abefa	UNCONDITIONAL_JUMP	0
0x001abeca	0x001abed0	CONDITIONAL_JUMP	0
0x001abece	0x001abed3	UNCONDITIONAL_JUMP	0
0x001abede	0x001abee4	CONDITIONAL_JUMP	0
0x001abee2	0x001abee7	UNCONDITIONAL_JUMP	0
0x001abeec	0x001a5458	UNCONDITIONAL_CALL	0
0x001abefa	0x001f9474	READ	1
0x001abf00	0x00202be8	DATA	0
0x001abf08	0x001ce960	UNCONDITIONAL_CALL	0
0x001abf0d	0xStack[-0x10]	DATA	0
0x001abf27	0xStack[0x4]	READ	1
0x001abf5b	0xStack[0xc]	READ	1
0x001abf61	0x001ac038	CONDITIONAL_JUMP	0
0x001abf67	0x001abfd0	COMPUTED_JUMP	-1
0x001abf67	0x001ac038	COMPUTED_JUMP	-1
0x001abf67	0x001abfe4	COMPUTED_JUMP	-1
0x001abf67	0x001ac014	COMPUTED_JUMP	-1
0x001abf67	0x001ac008	COMPUTED_JUMP	-1
0x001abf67	0x001abffc	COMPUTED_JUMP	-1
0x001abf67	0x001ac02c	COMPUTED_JUMP	-1
0x001abf67	0x001abfd8	COMPUTED_JUMP	-1
0x001abf67	0x001abff0	COMPUTED_JUMP	-1
0x001abf67	0x001ac020	COMPUTED_JUMP	-1
0x001abf67	0x001abf70	DATA	0
0x001abf70	0x001abfd0	DATA	0
0x001abf74	0x001ac038	DATA	0
0x001abf78	0x001ac038	DATA	0
0x001abf7c	0x001ac038	DATA	0
0x001abf80	0x001ac038	DATA	0
0x001abf84	0x001ac038	DATA	0
0x001abf88	0x001ac038	DATA	0
0x001abf8c	0x001abfe4	DATA	0
0x001abf90	0x001ac014	DATA	0
0x001abf94	0x001ac008	DATA	0
0x001abf98	0x001ac038	DATA	0
0x001abf9c	0x001ac038	DATA	0
0x001abfa0	0x001ac038	DATA	0
0x001abfa4	0x001ac038	DATA	0
0x001abfa8	0x001abffc	DATA	0
0x001abfac	0x001ac038	DATA	0
0x001abfb0	0x001ac038	DATA	0
0x001abfb4	0x001ac02c	DATA	0
0x001abfb8	0x001abfd8	DATA	0
0x001abfbc	0x001abff0	DATA	0
0x001abfc0	0x001ac038	DATA	0
0x001abfc4	0x001ac038	DATA	0
0x001abfc8	0x001ac038	DATA	0
0x001abfcc	0x001ac020	DATA	0
0x001ac053	0xStack[0xc]	READ	1
0x001ac0ad	0xStack[0x10]	READ	1
0x001ac0b0	0xStack[0x14]	READ	1
0x001ac0b5	0xStack[-0x1c]	WRITE	0
0x001ac0b8	0xStack[0x14]	READ	1
0x001ac0bd	0x001ac0c6	CONDITIONAL_JUMP	0
0x001ac0bf	0xStack[-0x1c]	WRITE	0
0x001ac0c8	0x001d7680	DATA	1
0x001ac0d5	0x001d7680	READ	0
0x001ac0d5	0x001d7681	READ	0
0x001ac0d7	0x001ac140	CONDITIONAL_JUMP	0
0x001ac0d9	0x001f9ae8	READ	1
0x001ac0df	0x0020466c	DATA	0
0x001ac0e0	0xStack[0x4]	READ	1
0x001ac0e4	0x001ce960	UNCONDITIONAL_CALL	0
0x001ac0e9	0xStack[-0x10]	WRITE	0
0x001ac0ec	0x001f9ae4	READ	1
0x001ac0f2	0x0020468c	DATA	0
0x001ac0f3	0xStack[0x4]	READ	1
0x001ac0f7	0x001ce960	UNCONDITIONAL_CALL	0
0x001ac0fc	0xStack[-0xc]	WRITE	0
0x001ac0ff	0x001f9ae0	READ	1
0x001ac105	0x0020467c	DATA	0
0x001ac106	0xStack[0x4]	READ	1
0x001ac10a	0x001ce960	UNCONDITIONAL_CALL	0
0x001ac10f	0xStack[-0x8]	WRITE	0
0x001ac112	0xStack[0x14]	READ	1
0x001ac120	0xStack[-0x1c]	READ	1
0x001ac125	0x001ac139	CONDITIONAL_JUMP	0
0x001ac127	0xStack[-0xc]	DATA	1
0x001ac12b	0xStack[0xc]	READ	1
0x001ac137	0x001ac120	CONDITIONAL_JUMP	0
0x001ac13b	0x001ac18b	UNCONDITIONAL_JUMP	0
0x001ac142	0x001d769c	DATA	1
0x001ac14f	0x001d769c	READ	0
0x001ac14f	0x001d769d	READ	0
0x001ac151	0x001ac180	CONDITIONAL_JUMP	0
0x001ac153	0xStack[0x14]	READ	1
0x001ac158	0xStack[0xc]	READ	1
0x001ac15c	0x001f9528	READ	1
0x001ac162	0x00202e1c	DATA	0
0x001ac163	0xStack[0x4]	READ	1
0x001ac166	0xStack[-0x18]	WRITE	0
0x001ac169	0x001fa360	READ	1
0x001ac16f	0x001fe62d	DATA	1
0x001ac16f	0xStack[-0x14]	WRITE	0
0x001ac172	0xStack[-0x18]	DATA	0
0x001ac176	0x001cea70	UNCONDITIONAL_CALL	0
0x001ac17b	0x001ac18b	UNCONDITIONAL_JUMP	0
0x001ac180	0xStack[0x14]	READ	1
0x001ac18b	0xStack[-0x28]	DATA	0
0x001ac1a1	0xStack[0x4]	READ	1
0x001ac1a4	0xStack[0x10]	READ	1
0x001ac1a9	0x001d7680	DATA	1
0x001ac1b6	0x001d7680	READ	0
0x001ac1b6	0x001d7681	READ	0
0x001ac1b8	0x001ac1cc	CONDITIONAL_JUMP	0
0x001ac1ba	0x001f9adc	READ	1
0x001ac1c0	0x00204660	DATA	0
0x001ac1c2	0x001ce960	UNCONDITIONAL_CALL	0
0x001ac1c9	0x001ac1f1	UNCONDITIONAL_JUMP	0
0x001ac1cc	0xStack[0x14]	READ	1
0x001ac1d1	0xStack[0xc]	READ	1
0x001ac1d5	0x001f94bc	READ	1
0x001ac1db	0x00202a88	DATA	0
0x001ac1dc	0xStack[-0xc]	WRITE	0
0x001ac1df	0x001fa360	READ	1
0x001ac1e5	0x001fe62d	DATA	1
0x001ac1e5	0xStack[-0x8]	WRITE	0
0x001ac1e8	0xStack[-0xc]	DATA	0
0x001ac1ec	0x001cea70	UNCONDITIONAL_CALL	0
0x001ac1f1	0xStack[-0x18]	DATA	0
0x001ac202	0xStack[0x4]	READ	1
0x001ac205	0xStack[0x10]	READ	1
0x001ac212	0xStack[0xc]	READ	1
0x001ac216	0x001a5448	UNCONDITIONAL_CALL	0
0x001ac21f	0xStack[0x14]	READ	1
0x001ac22d	0x001ac234	CONDITIONAL_JUMP	0
0x001ac231	0x001ac23c	UNCONDITIONAL_JUMP	0
0x001ac23c	0xStack[-0x10]	DATA	0
0x001ac24e	0xStack[0x4]	READ	1
0x001ac251	0xStack[0xc]	READ	1
0x001ac254	0xStack[0x10]	READ	1
0x001ac257	0xStack[0x14]	READ	1
0x001ac25a	0xStack[0x18]	READ	1
0x001ac26b	0x001ac28a	CONDITIONAL_JUMP	0
0x001ac272	0x001ac283	CONDITIONAL_JUMP	0
0x001ac277	0x001ac283	CONDITIONAL_JUMP	0
0x001ac27c	0x001ac283	CONDITIONAL_JUMP	0
0x001ac281	0x001ac28c	CONDITIONAL_JUMP	0
0x001ac288	0x001ac270	CONDITIONAL_JUMP	0
0x001ac28c	0xStack[-0x10]	DATA	0
0x001ac2a4	0x001ac2a9	CONDITIONAL_JUMP	0
0x001ac2aa	0x001f93b4	READ	1
0x001ac2b0	0x00202788	DATA	0
0x001ac2b5	0x001ce960	UNCONDITIONAL_CALL	0
0x001ac2c8	0x0011aad4	UNCONDITIONAL_CALL	0
0x001ac2d7	0xStack[0x4]	READ	1
0x001ac2e7	0xStack[0x4]	READ	1
0x001ac2ea	0xStack[0xc]	READ	1
0x001ac2fb	0xStack[0x4]	READ	1
0x001ac30f	0xStack[0x4]	READ	1
0x001ac324	0xStack[0x4]	READ	1
0x001ac327	0xStack[0xc]	READ	1
0x001ac32d	0x001ac350	CONDITIONAL_JUMP	0
0x001ac330	0x001f9228	READ	1
0x001ac336	0x0020193c	DATA	0
0x001ac338	0x001ce960	UNCONDITIONAL_CALL	0
0x001ac341	0x001d76b0	DATA	0
0x001ac346	0x001a5514	UNCONDITIONAL_CALL	0
0x001ac34b	0x001ac36e	UNCONDITIONAL_JUMP	0
0x001ac357	0x001ac364	CONDITIONAL_JUMP	0
0x001ac361	0x001ac36e	UNCONDITIONAL_JUMP	0
0x001ac36e	0xStack[-0x8]	READ	1
0x001ac37b	0xStack[0x4]	READ	1
0x001ac37e	0xStack[0xc]	READ	1
0x001ac384	0x001ac3a8	CONDITIONAL_JUMP	0
0x001ac387	0x001f9228	READ	1
0x001ac38d	0x0020193c	DATA	0
0x001ac38f	0x001ce960	UNCONDITIONAL_CALL	0
0x001ac398	0x001d76dc	DATA	0
0x001ac39d	0x001a5514	UNCONDITIONAL_CALL	0
0x001ac3af	0x001ac3c4	CONDITIONAL_JUMP	0
0x001ac3e1	0xStack[0xc]	READ	1
0x001ac3e6	0x0018347c	UNCONDITIONAL_CALL	0
0x001ac3eb	0xStack[-0x30]	WRITE	0
0x001ac3ee	0x001f9c84	READ	1
0x001ac3f4	0x00203afc	DATA	0
0x001ac3f6	0x001ce960	UNCONDITIONAL_CALL	0
0x001ac3fb	0xStack[-0x34]	WRITE	0
0x001ac3fe	0xStack[-0x38]	WRITE	0
0x001ac402	0xStack[-0x28]	WRITE	0
0x001ac40c	0xStack[-0x28]	READ	1
0x001ac410	0x001f9410	READ	1
0x001ac416	0x002028f8	DATA	0
0x001ac417	0xStack[-0x34]	READ	1
0x001ac41b	0x001ce960	UNCONDITIONAL_CALL	0
0x001ac425	0x001ac580	CONDITIONAL_JUMP	0
0x001ac42d	0xStack[-0x2c]	WRITE	0
0x001ac431	0xStack[-0x28]	READ	1
0x001ac435	0xStack[-0x3c]	WRITE	0
0x001ac43a	0x001ac48f	CONDITIONAL_JUMP	0
0x001ac43c	0x001f9210	READ	1
0x001ac442	0x00201900	DATA	0
0x001ac443	0x001f9d94	READ	1
0x001ac449	0x001fe3dd	DATA	0
0x001ac44a	0x001ce960	UNCONDITIONAL_CALL	0
0x001ac451	0x001d770c	DATA	0
0x001ac456	0x001f947c	READ	1
0x001ac45c	0x00202bfc	DATA	0
0x001ac45e	0x001ce960	UNCONDITIONAL_CALL	0
0x001ac463	0x001f9ad4	READ	1
0x001ac469	0x00204874	DATA	0
0x001ac46b	0x001ce960	UNCONDITIONAL_CALL	0
0x001ac470	0x001e5170	READ	1
0x001ac478	0xStack[-0x30]	READ	1
0x001ac47f	0x001f9c90	READ	1
0x001ac485	0x002039f8	DATA	0
0x001ac487	0x001ce960	UNCONDITIONAL_CALL	0
0x001ac490	0xStack[-0x2c]	READ	1
0x001ac495	0xStack[-0x3c]	READ	1
0x001ac499	0x001f9ad0	READ	1
0x001ac49f	0x00204764	DATA	0
0x001ac4a0	0xStack[-0x34]	READ	1
0x001ac4a4	0x001ce960	UNCONDITIONAL_CALL	0
0x001ac4ae	0x001ac50c	CONDITIONAL_JUMP	0
0x001ac4b0	0xStack[-0x34]	READ	1
0x001ac4b5	0xStack[-0x3c]	READ	1
0x001ac4b9	0x001e5170	READ	1
0x001ac4c0	0x001f9acc	READ	1
0x001ac4c6	0x00204884	DATA	0
0x001ac4c8	0x001ce960	UNCONDITIONAL_CALL	0
0x001ac4d2	0x001ac4e8	CONDITIONAL_JUMP	0
0x001ac4d9	0x001e5170	READ_WRITE	0
0x001ac4e1	0xStack[-0x38]	WRITE	0
0x001ac4e5	0x001ac50c	UNCONDITIONAL_JUMP	0
0x001ac4ea	0xStack[-0x3c]	READ	1
0x001ac4ee	0x001f9ac8	READ	1
0x001ac4f4	0x00204748	DATA	0
0x001ac4f5	0xStack[-0x34]	READ	1
0x001ac4f9	0xStack[-0x40]	WRITE	0
0x001ac4fc	0x001ce960	UNCONDITIONAL_CALL	0
0x001ac504	0xStack[-0x40]	READ	1
0x001ac50a	0x001ac519	CONDITIONAL_JUMP	0
0x001ac50c	0xStack[-0x2c]	READ_WRITE	0
0x001ac50f	0xStack[-0x2c]	READ	0
0x001ac513	0x001ac438	CONDITIONAL_JUMP	0
0x001ac519	0xStack[-0x2c]	WRITE	0
0x001ac51f	0x001ac576	CONDITIONAL_JUMP	0
0x001ac524	0xStack[-0x2c]	READ	1
0x001ac533	0x001d770c	DATA	0
0x001ac538	0x001f9480	READ	1
0x001ac53e	0x00202c08	DATA	0
0x001ac540	0x001ce960	UNCONDITIONAL_CALL	0
0x001ac547	0x001f9ca8	READ	1
0x001ac54d	0x002037d8	DATA	0
0x001ac54f	0x001ce960	UNCONDITIONAL_CALL	0
0x001ac554	0x001f948c	READ	1
0x001ac55a	0x00202c28	DATA	0
0x001ac55c	0x001ce960	UNCONDITIONAL_CALL	0
0x001ac56b	0xStack[-0x2c]	READ_WRITE	0
0x001ac56e	0xStack[-0x2c]	READ	1
0x001ac574	0x001ac524	CONDITIONAL_JUMP	0
0x001ac576	0xStack[-0x28]	READ_WRITE	0
0x001ac579	0x001ac40c	UNCONDITIONAL_JUMP	0
0x001ac582	0x001ac591	CONDITIONAL_JUMP	0
0x001ac584	0x001f921c	READ	1
0x001ac58a	0x00201920	DATA	0
0x001ac58c	0x001ce960	UNCONDITIONAL_CALL	0
0x001ac591	0xStack[-0x38]	READ	1
0x001ac595	0xStack[-0x4c]	DATA	0
0x001ac5a9	0xStack[-0x54]	WRITE	0
0x001ac5ad	0x001f9cbc	READ	1
0x001ac5b3	0x00203828	DATA	0
0x001ac5b4	0xStack[0x4]	READ	1
0x001ac5b8	0xStack[-0x58]	WRITE	0
0x001ac5bb	0x001ce960	UNCONDITIONAL_CALL	0
0x001ac5c3	0xStack[-0x58]	READ	1
0x001ac5c8	0x001ac5d4	CONDITIONAL_JUMP	0
0x001ac5cf	0x001ac75e	UNCONDITIONAL_JUMP	0
0x001ac5d4	0xStack[-0x48]	DATA	0
0x001ac5d8	0x001f9ab0	READ	1
0x001ac5de	0x00204930	DATA	0
0x001ac5df	0xStack[0x4]	READ	1
0x001ac5e3	0xStack[-0x58]	WRITE	0
0x001ac5e6	0x001ce960	UNCONDITIONAL_CALL	0
0x001ac5ee	0xStack[-0x58]	READ	1
0x001ac5f3	0x001ac600	CONDITIONAL_JUMP	0
0x001ac5fa	0x001ac75e	UNCONDITIONAL_JUMP	0
0x001ac600	0xStack[-0x48]	READ	1
0x001ac60e	0xStack[-0x47]	READ	1
0x001ac61d	0xStack[-0x46]	READ	1
0x001ac628	0xStack[-0x45]	READ	1
0x001ac62f	0x001f9c60	READ	1
0x001ac635	0x002037f8	DATA	0
0x001ac636	0xStack[0x4]	READ	1
0x001ac63a	0xStack[-0x58]	WRITE	0
0x001ac63d	0x001ce960	UNCONDITIONAL_CALL	0
0x001ac645	0xStack[-0x44]	READ	1
0x001ac64b	0xStack[-0x58]	READ	1
0x001ac656	0xStack[-0x43]	READ	1
0x001ac665	0xStack[-0x42]	READ	1
0x001ac670	0xStack[-0x41]	READ	1
0x001ac674	0x001f9c64	READ	1
0x001ac67a	0x002037e8	DATA	0
0x001ac67c	0x001ce960	UNCONDITIONAL_CALL	0
0x001ac681	0x001f93a8	READ	1
0x001ac687	0x00202724	DATA	0
0x001ac688	0xStack[0x4]	READ	1
0x001ac68c	0x001ce960	UNCONDITIONAL_CALL	0
0x001ac693	0xStack[-0x50]	DATA	0
0x001ac697	0xStack[-0x4c]	DATA	0
0x001ac69c	0x001f93a4	READ	1
0x001ac6a2	0x002026f0	DATA	0
0x001ac6a3	0xStack[0x4]	READ	1
0x001ac6ad	0x001ce960	UNCONDITIONAL_CALL	0
0x001ac6b2	0xStack[-0x5c]	WRITE	0
0x001ac6c0	0xStack[-0x5c]	READ	1
0x001ac6c7	0x001f9aac	READ	1
0x001ac6cd	0x00204940	DATA	0
0x001ac6ce	0xStack[0x4]	READ	1
0x001ac6d2	0x001ce960	UNCONDITIONAL_CALL	0
0x001ac6dc	0x001ac6e4	CONDITIONAL_JUMP	0
0x001ac6e0	0x001ac6ef	UNCONDITIONAL_JUMP	0
0x001ac6eb	0x001ac6c0	CONDITIONAL_JUMP	0
0x001ac6ef	0x001f9ca0	READ	1
0x001ac6f5	0x00203758	DATA	0
0x001ac6f6	0xStack[0x4]	READ	1
0x001ac6fa	0x001ce960	UNCONDITIONAL_CALL	0
0x001ac702	0xStack[-0x50]	READ	1
0x001ac706	0xStack[-0x4c]	READ	1
0x001ac70a	0x001a5458	UNCONDITIONAL_CALL	0
0x001ac712	0xStack[0x4]	READ	1
0x001ac71c	0x001ac743	CONDITIONAL_JUMP	0
0x001ac720	0xStack[-0x40]	DATA	0
0x001ac724	0x00101600	UNCONDITIONAL_CALL	0
0x001ac72a	0x001f9aa8	READ	1
0x001ac730	0x0020495c	DATA	0
0x001ac731	0xStack[0x4]	READ	1
0x001ac735	0x001ce960	UNCONDITIONAL_CALL	0
0x001ac73d	0xStack[-0x3e]	READ	0
0x001ac741	0x001ac747	CONDITIONAL_JUMP	0
0x001ac743	0xStack[-0x54]	WRITE	0
0x001ac747	0xStack[-0x54]	READ	1
0x001ac74c	0x001f9c9c	READ	1
0x001ac752	0x00203770	DATA	0
0x001ac753	0xStack[0x4]	READ	1
0x001ac757	0x001ce960	UNCONDITIONAL_CALL	0
0x001ac75e	0xStack[-0x68]	DATA	0
0x001ac777	0x001e5174	DATA	1
0x001ac787	0xStack[0x4]	READ	1
0x001ac78a	0x001f9234	READ	1
0x001ac790	0x00201980	DATA	0
0x001ac791	0x001f9d94	READ	1
0x001ac797	0x001fe3dd	DATA	0
0x001ac798	0x001ce960	UNCONDITIONAL_CALL	0
0x001ac7a2	0x001ac7a9	CONDITIONAL_JUMP	0
0x001ac7a4	0x0018335c	UNCONDITIONAL_CALL	0
0x001ac7a9	0x001f9ad8	READ	1
0x001ac7af	0x00201b4c	DATA	0
0x001ac7b0	0xStack[-0xc]	WRITE	0
0x001ac7b3	0x001facc0	READ	1
0x001ac7b9	0x001fe6d6	DATA	1
0x001ac7b9	0xStack[-0x8]	WRITE	0
0x001ac7bc	0xStack[-0xc]	DATA	0
0x001ac7c0	0x001cea70	UNCONDITIONAL_CALL	0
0x001ac7c5	0xStack[-0x10]	READ	1
0x001ac7cf	0xStack[0x18]	READ	1
0x001ac7d5	0xStack[0x1c]	READ	1
0x001ac7d9	0xStack[0x14]	READ	1
0x001ac7dd	0xStack[0x10]	READ	1
0x001ac7e1	0xStack[0xc]	READ	1
0x001ac7e7	0x001f9ac4	READ	1
0x001ac7ed	0x002048ac	DATA	0
0x001ac7ee	0xStack[0x4]	READ	1
0x001ac7f2	0x001ce960	UNCONDITIONAL_CALL	0
0x001ac801	0xStack[0x18]	READ	1
0x001ac805	0xStack[0x1c]	READ	1
0x001ac809	0xStack[0x14]	READ	1
0x001ac80d	0xStack[0x10]	READ	1
0x001ac811	0xStack[0xc]	READ	1
0x001ac817	0x001f9ac4	READ	1
0x001ac81d	0x002048ac	DATA	0
0x001ac81e	0xStack[0x4]	READ	1
0x001ac822	0x001ce960	UNCONDITIONAL_CALL	0
0x001ac82f	0xStack[0x18]	READ	1
0x001ac835	0xStack[0x1c]	READ	1
0x001ac839	0xStack[0x14]	READ	1
0x001ac83d	0xStack[0x10]	READ	1
0x001ac841	0xStack[0xc]	READ	1
0x001ac847	0x001f9ac4	READ	1
0x001ac84d	0x002048ac	DATA	0
0x001ac84e	0xStack[0x4]	READ	1
0x001ac852	0x001ce960	UNCONDITIONAL_CALL	0
0x001ac861	0xStack[0x18]	READ	1
0x001ac865	0xStack[0x1c]	READ	1
0x001ac869	0xStack[0x14]	READ	1
0x001ac86d	0xStack[0x10]	READ	1
0x001ac871	0xStack[0xc]	READ	1
0x001ac877	0x001f9ac4	READ	1
0x001ac87d	0x002048ac	DATA	0
0x001ac87e	0xStack[0x4]	READ	1
0x001ac882	0x001ce960	UNCONDITIONAL_CALL	0
0x001ac895	0xStack[0x4]	READ	1
0x001ac898	0xStack[-0x58]	DATA	0
0x001ac89e	0x00101600	UNCONDITIONAL_CALL	0
0x001ac8a9	0xStack[-0x58]	WRITE	0
0x001ac8b2	0xStack[-0x57]	WRITE	0
0x001ac8b5	0xStack[-0x44]	WRITE	0
0x001ac8bc	0xStack[-0x40]	READ_WRITE	0
0x001ac8c2	0x001f9ac0	READ	1
0x001ac8c8	0x002048ec	DATA	0
0x001ac8ca	0x001ce960	UNCONDITIONAL_CALL	0
0x001ac8e4	0xStack[-0x56]	WRITE	0
0x001ac8f1	0xStack[-0x55]	READ	1
0x001ac8f8	0xStack[-0x55]	WRITE	0
0x001ac8fc	0x001f9abc	READ	1
0x001ac902	0x002048f8	DATA	0
0x001ac904	0x001ce960	UNCONDITIONAL_CALL	0
0x001ac911	0xStack[-0x3c]	READ	0
0x001ac915	0x001ac919	CONDITIONAL_JUMP	0
0x001ac91a	0x001f9ab8	READ	1
0x001ac920	0x00204908	DATA	0
0x001ac922	0x001ce960	UNCONDITIONAL_CALL	0
0x001ac929	0xStack[-0x80]	DATA	0
0x001ac93b	0x001f9ab4	READ	1
0x001ac941	0x00204914	DATA	0
0x001ac942	0xStack[0x4]	READ	1
0x001ac946	0x001ce960	UNCONDITIONAL_CALL	0
0x001ac955	0xStack[0x4]	READ	1
0x001ac95a	0x001f9ac0	READ	1
0x001ac960	0x002048ec	DATA	0
0x001ac962	0x001ce960	UNCONDITIONAL_CALL	0
0x001ac974	0x001f9abc	READ	1
0x001ac97a	0x002048f8	DATA	0
0x001ac97c	0x001ce960	UNCONDITIONAL_CALL	0
0x001ac982	0x001f9ab8	READ	1
0x001ac988	0x00204908	DATA	0
0x001ac98a	0x001ce960	UNCONDITIONAL_CALL	0
0x001ac98f	0xStack[-0xc]	DATA	0
0x001ac99c	0xStack[0x4]	READ	1
0x001ac99f	0x001f9220	READ	1
0x001ac9a5	0x00201928	DATA	0
0x001ac9ad	0x001ce960	UNCONDITIONAL_CALL	0
0x001ac9b4	0x001f9224	READ	1
0x001ac9ba	0x00201930	DATA	0
0x001ac9c2	0x001ce960	UNCONDITIONAL_CALL	0
0x001ac9c7	0xStack[-0x8]	READ	1
0x001ac9d6	0xStack[0x4]	READ	1
0x001ac9d9	0xStack[0xc]	READ	1
0x001ac9dc	0x001f9c70	READ	1
0x001ac9e2	0x00203798	DATA	0
0x001ac9e4	0x001ce960	UNCONDITIONAL_CALL	0
0x001ac9ee	0x001ac9f4	CONDITIONAL_JUMP	0
0x001ac9f2	0x001aca3d	UNCONDITIONAL_JUMP	0
0x001ac9f6	0x001aca38	CONDITIONAL_JUMP	0
0x001ac9fa	0x001f9ac0	READ	1
0x001aca00	0x002048ec	DATA	0
0x001aca02	0x001ce960	UNCONDITIONAL_CALL	0
0x001aca14	0x001f9abc	READ	1
0x001aca1a	0x002048f8	DATA	0
0x001aca1c	0x001ce960	UNCONDITIONAL_CALL	0
0x001aca24	0x001f9ab8	READ	1
0x001aca2a	0x00204908	DATA	0
0x001aca2c	0x001ce960	UNCONDITIONAL_CALL	0
0x001aca33	0x001aca3d	UNCONDITIONAL_JUMP	0
0x001aca3d	0xStack[-0x10]	DATA	0
0x001aca4e	0xStack[0x4]	READ	1
0x001aca51	0xStack[0xc]	READ	1
0x001aca5b	0x001aca69	CONDITIONAL_JUMP	0
0x001aca60	0x001aca69	CONDITIONAL_JUMP	0
0x001aca6a	0x001f9c6c	READ	1
0x001aca70	0x00203784	DATA	0
0x001aca71	0xStack[-0xc]	WRITE	0
0x001aca74	0x001fa388	READ	1
0x001aca7a	0x001fe6d6	DATA	1
0x001aca7a	0xStack[-0x8]	WRITE	0
0x001aca7d	0xStack[-0xc]	DATA	0
0x001aca81	0x001cea70	UNCONDITIONAL_CALL	0
0x001aca95	0xStack[0xc]	READ	1
0x001aca98	0xStack[0x10]	READ	1
0x001aca9b	0xStack[0x14]	READ	1
0x001acaa0	0x001f9ac0	READ	1
0x001acaa6	0x002048ec	DATA	0
0x001acaa7	0xStack[0x4]	READ	1
0x001acaab	0x001ce960	UNCONDITIONAL_CALL	0
0x001acacd	0x001f9abc	READ	1
0x001acad3	0x002048f8	DATA	0
0x001acad4	0xStack[0x4]	READ	1
0x001acad8	0xStack[-0x8]	WRITE	0
0x001acadb	0x001ce960	UNCONDITIONAL_CALL	0
0x001acae2	0xStack[-0x8]	READ	1
0x001acae6	0x001f9ab8	READ	1
0x001acaec	0x00204908	DATA	0
0x001acaed	0xStack[0x4]	READ	1
0x001acaf1	0x001ce960	UNCONDITIONAL_CALL	0
0x001acaf8	0xStack[-0x14]	DATA	0
0x001acb0d	0xStack[0xc]	READ	1
0x001acb10	0xStack[0x10]	READ	1
0x001acb13	0xStack[0x14]	READ	1
0x001acb18	0x001f9ac0	READ	1
0x001acb1e	0x002048ec	DATA	0
0x001acb1f	0xStack[0x4]	READ	1
0x001acb23	0x001ce960	UNCONDITIONAL_CALL	0
0x001acb45	0x001f9abc	READ	1
0x001acb4b	0x002048f8	DATA	0
0x001acb4c	0xStack[0x4]	READ	1
0x001acb50	0xStack[-0x8]	WRITE	0
0x001acb53	0x001ce960	UNCONDITIONAL_CALL	0
0x001acb5a	0xStack[-0x8]	READ	1
0x001acb5e	0x001f9ab8	READ	1
0x001acb64	0x00204908	DATA	0
0x001acb65	0xStack[0x4]	READ	1
0x001acb69	0x001ce960	UNCONDITIONAL_CALL	0
0x001acb70	0xStack[-0x14]	DATA	0
0x001acb7f	0xStack[0x4]	READ	1
0x001acb93	0xStack[0x4]	READ	1
0x001acba7	0xStack[0x4]	READ	1
0x001acbbb	0xStack[0x4]	READ	1
0x001acbd4	0xStack[0x4]	READ	1
0x001acbd7	0xStack[0xc]	READ	1
0x001acbda	0xStack[0x10]	READ	1
0x001acbdd	0xStack[0x14]	READ	1
0x001acbe0	0xStack[0x18]	READ	1
0x001acbf6	0x001f9478	READ	1
0x001acbfc	0x00202bf0	DATA	0
0x001acbfe	0x001ce960	UNCONDITIONAL_CALL	0
0x001acc04	0x001d7718	DATA	0
0x001acc09	0xStack[-0xb8]	DATA	0
0x001acc10	0x0010c188	UNCONDITIONAL_CALL	0
0x001acc16	0x001f947c	READ	1
0x001acc1c	0x00202bfc	DATA	0
0x001acc1e	0x001ce960	UNCONDITIONAL_CALL	0
0x001acc28	0xStack[-0x48]	DATA	0
0x001acc2c	0x00101600	UNCONDITIONAL_CALL	0
0x001acc32	0x001f9aa4	READ	1
0x001acc38	0x0020496c	DATA	0
0x001acc3a	0x001ce960	UNCONDITIONAL_CALL	0
0x001acc44	0x001acc64	CONDITIONAL_JUMP	0
0x001acc49	0x001acc58	CONDITIONAL_JUMP	0
0x001acc50	0x001acedf	UNCONDITIONAL_JUMP	0
0x001acc5d	0x001acedf	UNCONDITIONAL_JUMP	0
0x001acc64	0xStack[-0x48]	READ	1
0x001acc69	0x001acc85	CONDITIONAL_JUMP	0
0x001acc71	0x001acc80	CONDITIONAL_JUMP	0
0x001acc76	0x001acc90	CONDITIONAL_JUMP	0
0x001acc7a	0x001acc90	CONDITIONAL_JUMP	0
0x001acc7c	0x001acc85	UNCONDITIONAL_JUMP	0
0x001acc83	0x001acc90	CONDITIONAL_JUMP	0
0x001acc8a	0x001acedf	UNCONDITIONAL_JUMP	0
0x001acc90	0xStack[-0x48]	READ	1
0x001acc9c	0xStack[-0x47]	READ	0
0x001acca0	0x001accb4	CONDITIONAL_JUMP	0
0x001acca4	0x001f9ca4	READ	1
0x001accaa	0x002037b8	DATA	0
0x001accac	0x001ce960	UNCONDITIONAL_CALL	0
0x001accb4	0xStack[-0x98]	DATA	0
0x001accba	0xStack[-0x114]	WRITE	0
0x001accc4	0xStack[-0x114]	READ	1
0x001accce	0xStack[-0x40]	DATA	0
0x001accd1	0xStack[-0x118]	WRITE	0
0x001accd8	0x001aceec	UNCONDITIONAL_CALL	0
0x001acce7	0x001acced	CONDITIONAL_JUMP	0
0x001accfa	0xStack[-0x38]	DATA	0
0x001accfd	0xStack[-0x11c]	WRITE	0
0x001acd04	0x001aceec	UNCONDITIONAL_CALL	0
0x001acd12	0x001acd18	CONDITIONAL_JUMP	0
0x001acd25	0xStack[-0x28]	DATA	0
0x001acd28	0xStack[-0x120]	WRITE	0
0x001acd2f	0x001aceec	UNCONDITIONAL_CALL	0
0x001acd39	0x001f9c78	READ	1
0x001acd3f	0x002037a8	DATA	0
0x001acd41	0x001ce960	UNCONDITIONAL_CALL	0
0x001acd46	0x001f9228	READ	1
0x001acd4c	0x0020193c	DATA	0
0x001acd4d	0xStack[0x18]	READ	1
0x001acd51	0x001ce960	UNCONDITIONAL_CALL	0
0x001acd67	0x001d7720	DATA	0
0x001acd6c	0xStack[-0x108]	DATA	0
0x001acd72	0xStack[-0x124]	WRITE	0
0x001acd79	0x0010c188	UNCONDITIONAL_CALL	0
0x001acd81	0xStack[-0x124]	READ	1
0x001acd88	0x001f9484	READ	1
0x001acd8e	0x00202c18	DATA	0
0x001acd90	0x001ce960	UNCONDITIONAL_CALL	0
0x001acd96	0xStack[-0xb8]	DATA	0
0x001acd9d	0x001d7738	DATA	0
0x001acda2	0x001a5514	UNCONDITIONAL_CALL	0
0x001acda7	0x001f9cbc	READ	1
0x001acdad	0x00203828	DATA	0
0x001acdaf	0x001ce960	UNCONDITIONAL_CALL	0
0x001acdbb	0x001f9ab4	READ	1
0x001acdc1	0x00204914	DATA	0
0x001acdc3	0x001ce960	UNCONDITIONAL_CALL	0
0x001acdca	0x001f9ca0	READ	1
0x001acdd0	0x00203758	DATA	0
0x001acdd2	0x001ce960	UNCONDITIONAL_CALL	0
0x001acdd7	0x001f93e4	READ	1
0x001acddd	0x00202834	DATA	0
0x001acddf	0x001ce960	UNCONDITIONAL_CALL	0
0x001acdea	0x00101600	UNCONDITIONAL_CALL	0
0x001acdef	0xStack[-0x114]	READ	1
0x001acdf9	0xStack[-0x118]	READ	1
0x001ace00	0x001aceec	UNCONDITIONAL_CALL	0
0x001ace0f	0x001ace15	CONDITIONAL_JUMP	0
0x001ace22	0xStack[-0x11c]	READ	1
0x001ace29	0x001aceec	UNCONDITIONAL_CALL	0
0x001ace37	0x001ace3d	CONDITIONAL_JUMP	0
0x001ace4a	0xStack[-0x120]	READ	1
0x001ace51	0x001aceec	UNCONDITIONAL_CALL	0
0x001ace5b	0x001f9c78	READ	1
0x001ace61	0x002037a8	DATA	0
0x001ace63	0x001ce960	UNCONDITIONAL_CALL	0
0x001ace68	0x001f9228	READ	1
0x001ace6e	0x0020193c	DATA	0
0x001ace6f	0xStack[0x18]	READ	1
0x001ace73	0x001ce960	UNCONDITIONAL_CALL	0
0x001ace89	0x001d7720	DATA	0
0x001ace8e	0xStack[-0x124]	READ	1
0x001ace95	0x0010c188	UNCONDITIONAL_CALL	0
0x001ace9d	0xStack[-0x124]	READ	1
0x001acea4	0x001f9484	READ	1
0x001aceaa	0x00202c18	DATA	0
0x001aceac	0x001ce960	UNCONDITIONAL_CALL	0
0x001aceb1	0x001f924c	READ	1
0x001aceb7	0x00201a24	DATA	0
0x001aceb8	0xStack[-0x110]	WRITE	0
0x001acebe	0x001d7740	DATA	0
0x001acec3	0x001ccf18	UNCONDITIONAL_CALL	0
0x001acecb	0xStack[-0x10c]	WRITE	0
0x001aced1	0xStack[-0x110]	DATA	0
0x001aced8	0x001cea70	UNCONDITIONAL_CALL	0
0x001acedf	0xStack[-0x130]	DATA	0
0x001acef5	0xStack[0x4]	READ	1
0x001acef8	0xStack[0x8]	READ	1
0x001acefb	0xStack[0xc]	READ	1
0x001acefe	0xStack[0x10]	READ	1
0x001acf03	0xStack[-0x8]	WRITE	0
0x001acf08	0x001acf38	CONDITIONAL_JUMP	0
0x001acf0c	0x001acf38	CONDITIONAL_JUMP	0
0x001acf10	0xStack[-0xc]	WRITE	0
0x001acf15	0x001acf20	CONDITIONAL_JUMP	0
0x001acf1a	0x001acf2c	CONDITIONAL_JUMP	0
0x001acf1e	0x001acf24	CONDITIONAL_JUMP	0
0x001acf22	0x001acf06	UNCONDITIONAL_JUMP	0
0x001acf29	0x001acf2e	UNCONDITIONAL_JUMP	0
0x001acf36	0x001acf06	UNCONDITIONAL_JUMP	0
0x001acf3a	0xStack[-0x8]	READ	1
0x001acf3d	0xStack[-0x18]	DATA	0
0x001acf4d	0xStack[0x4]	READ	1
0x001acf74	0x001f9210	READ	1
0x001acf7a	0x00201900	DATA	0
0x001acf7b	0x001f9d64	READ	1
0x001acf81	0x001fdfbd	DATA	0
0x001acf82	0x001ce960	UNCONDITIONAL_CALL	0
0x001acf8f	0x001f9214	READ	1
0x001acf95	0x00201908	DATA	0
0x001acf97	0x001ce960	UNCONDITIONAL_CALL	0
0x001acf9e	0x001f9c6c	READ	1
0x001acfa4	0x00203784	DATA	0
0x001acfa6	0x001ce960	UNCONDITIONAL_CALL	0
0x001acfae	0x001f9210	READ	1
0x001acfb4	0x00201900	DATA	0
0x001acfb5	0x001f9d64	READ	1
0x001acfbb	0x001fdfbd	DATA	0
0x001acfbc	0x001ce960	UNCONDITIONAL_CALL	0
0x001acfc9	0x001f9214	READ	1
0x001acfcf	0x00201908	DATA	0
0x001acfd1	0x001ce960	UNCONDITIONAL_CALL	0
0x001ad001	0x001adf7c	DATA	0
0x001ad006	0x001a90ec	UNCONDITIONAL_CALL	0
0x001ad01f	0x001ad000	CONDITIONAL_JUMP	0
0x001ad023	0xStack[-0xc]	DATA	0
0x001ad035	0xStack[0x4]	READ	1
0x001ad03a	0x001f9ac0	READ	1
0x001ad040	0x002048ec	DATA	0
0x001ad042	0x001ce960	UNCONDITIONAL_CALL	0
0x001ad05e	0x001ad07a	CONDITIONAL_JUMP	0
0x001ad061	0x001f9abc	READ	1
0x001ad067	0x002048f8	DATA	0
0x001ad069	0x001ce960	UNCONDITIONAL_CALL	0
0x001ad078	0x001ad060	CONDITIONAL_JUMP	0
0x001ad07b	0x001f9ab8	READ	1
0x001ad081	0x00204908	DATA	0
0x001ad083	0x001ce960	UNCONDITIONAL_CALL	0
0x001ad092	0x001ad0bb	CONDITIONAL_JUMP	0
0x001ad0a5	0x001f9ac8	READ	1
0x001ad0ab	0x00204748	DATA	0
0x001ad0b3	0x001ce960	UNCONDITIONAL_CALL	0
0x001ad0bb	0x001f921c	READ	1
0x001ad0c1	0x00201920	DATA	0
0x001ad0c9	0x001ce960	UNCONDITIONAL_CALL	0
0x001ad0ce	0x001f921c	READ	1
0x001ad0d4	0x00201920	DATA	0
0x001ad0d5	0xStack[-0xc]	WRITE	0
0x001ad0d8	0x001d7740	DATA	0
0x001ad0dd	0x001ccf18	UNCONDITIONAL_CALL	0
0x001ad0e5	0xStack[-0x8]	WRITE	0
0x001ad0e8	0xStack[-0xc]	DATA	0
0x001ad0ec	0x001cea70	UNCONDITIONAL_CALL	0
0x001ad0f1	0xStack[-0x18]	DATA	0
0x001ad105	0xStack[0x4]	READ	1
0x001ad108	0xStack[-0x58]	DATA	0
0x001ad10b	0xStack[-0x56]	DATA	0
0x001ad10e	0xStack[-0x70]	DATA	0
0x001ad112	0xStack[-0x6c]	DATA	0
0x001ad118	0x001f93a4	READ	1
0x001ad11e	0x002026f0	DATA	0
0x001ad126	0x001ce960	UNCONDITIONAL_CALL	0
0x001ad12b	0xStack[-0x74]	WRITE	0
0x001ad130	0xStack[-0x74]	READ	1
0x001ad134	0x00101600	UNCONDITIONAL_CALL	0
0x001ad13c	0x00101600	UNCONDITIONAL_CALL	0
0x001ad147	0xStack[-0x58]	WRITE	0
0x001ad150	0xStack[-0x57]	WRITE	0
0x001ad153	0xStack[-0x4a]	WRITE	0
0x001ad15a	0xStack[-0x68]	DATA	0
0x001ad15e	0x001f93a0	READ	1
0x001ad164	0x002026dc	DATA	0
0x001ad16c	0x001ce960	UNCONDITIONAL_CALL	0
0x001ad171	0xStack[-0x60]	READ	1
0x001ad17a	0x001ad188	CONDITIONAL_JUMP	0
0x001ad183	0xStack[-0x48]	WRITE	0
0x001ad186	0x001ad18f	UNCONDITIONAL_JUMP	0
0x001ad188	0xStack[-0x48]	WRITE	0
0x001ad18f	0xStack[-0x44]	WRITE	0
0x001ad196	0xStack[-0x40]	READ_WRITE	0
0x001ad19c	0x001f9ac0	READ	1
0x001ad1a2	0x002048ec	DATA	0
0x001ad1a4	0x001ce960	UNCONDITIONAL_CALL	0
0x001ad1b1	0xStack[-0x58]	DATA	0
0x001ad1b7	0xStack[-0x74]	READ	1
0x001ad1bd	0x001a9238	UNCONDITIONAL_CALL	0
0x001ad1c5	0xStack[-0x56]	DATA	0
0x001ad1d1	0xStack[-0x55]	READ	1
0x001ad1d9	0xStack[-0x55]	WRITE	0
0x001ad1dc	0xStack[-0x52]	WRITE	0
0x001ad1eb	0x001f9abc	READ	1
0x001ad1f1	0x002048f8	DATA	0
0x001ad1f3	0x001ce960	UNCONDITIONAL_CALL	0
0x001ad1fb	0xStack[-0x3c]	READ	1
0x001ad200	0x001ad25c	CONDITIONAL_JUMP	0
0x001ad202	0xStack[-0x34]	READ	1
0x001ad208	0x001ad230	CONDITIONAL_JUMP	0
0x001ad20b	0x001f9228	READ	1
0x001ad211	0x0020193c	DATA	0
0x001ad213	0x001ce960	UNCONDITIONAL_CALL	0
0x001ad21c	0x001d7748	DATA	0
0x001ad221	0x001a5514	UNCONDITIONAL_CALL	0
0x001ad22e	0x001ad25e	UNCONDITIONAL_JUMP	0
0x001ad237	0x001ad246	CONDITIONAL_JUMP	0
0x001ad23a	0xStack[-0x74]	READ	1
0x001ad23e	0x00101600	UNCONDITIONAL_CALL	0
0x001ad246	0xStack[0xc]	READ	1
0x001ad249	0xStack[-0x74]	READ	1
0x001ad255	0xStack[-0x3c]	READ	1
0x001ad258	0x001ad25e	UNCONDITIONAL_JUMP	0
0x001ad25e	0xStack[-0x70]	READ	1
0x001ad262	0xStack[-0x6c]	READ	1
0x001ad266	0x001a5458	UNCONDITIONAL_CALL	0
0x001ad26d	0xStack[-0x80]	DATA	0
0x001ad281	0xStack[0x4]	READ	1
0x001ad284	0xStack[-0x58]	DATA	0
0x001ad287	0xStack[-0x56]	DATA	0
0x001ad28a	0xStack[-0x7c]	WRITE	0
0x001ad28d	0xStack[-0x70]	DATA	0
0x001ad291	0xStack[-0x6c]	DATA	0
0x001ad297	0x001f93a4	READ	1
0x001ad29d	0x002026f0	DATA	0
0x001ad2a5	0x001ce960	UNCONDITIONAL_CALL	0
0x001ad2aa	0xStack[-0x74]	WRITE	0
0x001ad2b0	0x00101600	UNCONDITIONAL_CALL	0
0x001ad2bb	0xStack[-0x58]	WRITE	0
0x001ad2c4	0xStack[-0x57]	WRITE	0
0x001ad2c7	0xStack[-0x4a]	WRITE	0
0x001ad2cb	0xStack[-0x68]	DATA	0
0x001ad2cf	0x001f93a0	READ	1
0x001ad2d5	0x002026dc	DATA	0
0x001ad2dd	0x001ce960	UNCONDITIONAL_CALL	0
0x001ad2e2	0xStack[-0x60]	READ	1
0x001ad2eb	0x001ad2fc	CONDITIONAL_JUMP	0
0x001ad2f4	0xStack[-0x48]	WRITE	0
0x001ad2f7	0x001ad303	UNCONDITIONAL_JUMP	0
0x001ad2fc	0xStack[-0x48]	WRITE	0
0x001ad303	0xStack[-0x44]	WRITE	0
0x001ad30a	0xStack[-0x40]	READ_WRITE	0
0x001ad310	0x001f9ac0	READ	1
0x001ad316	0x002048ec	DATA	0
0x001ad318	0x001ce960	UNCONDITIONAL_CALL	0
0x001ad325	0xStack[-0x58]	DATA	0
0x001ad32b	0xStack[-0x74]	READ	1
0x001ad331	0x001a9238	UNCONDITIONAL_CALL	0
0x001ad339	0xStack[-0x7c]	READ	1
0x001ad33c	0xStack[-0x56]	DATA	0
0x001ad348	0xStack[-0x7c]	READ	1
0x001ad34b	0xStack[-0x55]	READ	1
0x001ad353	0xStack[-0x55]	WRITE	0
0x001ad35b	0x001f9abc	READ	1
0x001ad361	0x002048f8	DATA	0
0x001ad363	0x001ce960	UNCONDITIONAL_CALL	0
0x001ad36b	0xStack[-0x3c]	READ	1
0x001ad370	0x001ad388	CONDITIONAL_JUMP	0
0x001ad372	0xStack[0xc]	READ	1
0x001ad375	0xStack[-0x74]	READ	1
0x001ad382	0xStack[-0x3c]	READ	1
0x001ad385	0x001ad38a	UNCONDITIONAL_JUMP	0
0x001ad38a	0xStack[-0x70]	READ	1
0x001ad38e	0xStack[-0x6c]	READ	1
0x001ad392	0x001a5458	UNCONDITIONAL_CALL	0
0x001ad399	0xStack[-0x88]	DATA	0
0x001ad3b1	0xStack[0x4]	READ	1
0x001ad3b4	0xStack[-0x58]	DATA	0
0x001ad3b7	0xStack[-0x56]	DATA	0
0x001ad3ba	0xStack[-0x70]	DATA	0
0x001ad3be	0xStack[-0x6c]	DATA	0
0x001ad3c4	0x001f93a4	READ	1
0x001ad3ca	0x002026f0	DATA	0
0x001ad3d2	0x001ce960	UNCONDITIONAL_CALL	0
0x001ad3d7	0xStack[-0x74]	WRITE	0
0x001ad3dd	0x00101600	UNCONDITIONAL_CALL	0
0x001ad3e8	0xStack[-0x58]	WRITE	0
0x001ad3f1	0xStack[-0x57]	WRITE	0
0x001ad3f4	0xStack[-0x4a]	WRITE	0
0x001ad3f8	0xStack[-0x68]	DATA	0
0x001ad3fc	0x001f93a0	READ	1
0x001ad402	0x002026dc	DATA	0
0x001ad40a	0x001ce960	UNCONDITIONAL_CALL	0
0x001ad40f	0xStack[-0x60]	READ	1
0x001ad418	0x001ad428	CONDITIONAL_JUMP	0
0x001ad421	0xStack[-0x48]	WRITE	0
0x001ad424	0x001ad42f	UNCONDITIONAL_JUMP	0
0x001ad428	0xStack[-0x48]	WRITE	0
0x001ad42f	0xStack[-0x44]	WRITE	0
0x001ad436	0xStack[-0x40]	READ_WRITE	0
0x001ad43c	0x001f9ac0	READ	1
0x001ad442	0x002048ec	DATA	0
0x001ad444	0x001ce960	UNCONDITIONAL_CALL	0
0x001ad451	0xStack[-0x58]	DATA	0
0x001ad457	0xStack[-0x74]	READ	1
0x001ad45d	0x001a9238	UNCONDITIONAL_CALL	0
0x001ad465	0xStack[-0x56]	DATA	0
0x001ad471	0xStack[-0x55]	READ	1
0x001ad478	0xStack[-0x55]	WRITE	0
0x001ad47b	0xStack[-0x52]	WRITE	0
0x001ad484	0x001f9abc	READ	1
0x001ad48a	0x002048f8	DATA	0
0x001ad48c	0x001ce960	UNCONDITIONAL_CALL	0
0x001ad494	0xStack[-0x3c]	READ	1
0x001ad499	0x001ad4b0	CONDITIONAL_JUMP	0
0x001ad49b	0xStack[0xc]	READ	1
0x001ad49e	0xStack[-0x74]	READ	1
0x001ad4a9	0xStack[-0x3c]	READ	1
0x001ad4ac	0x001ad4b2	UNCONDITIONAL_JUMP	0
0x001ad4b2	0xStack[-0x70]	READ	1
0x001ad4b6	0xStack[-0x6c]	READ	1
0x001ad4ba	0x001a5458	UNCONDITIONAL_CALL	0
0x001ad4c1	0xStack[-0x80]	DATA	0
0x001ad4d5	0xStack[0xc]	READ	1
0x001ad4d8	0xStack[0x10]	READ	1
0x001ad4db	0xStack[0x14]	READ	1
0x001ad4e0	0x001f9ac0	READ	1
0x001ad4e6	0x002048ec	DATA	0
0x001ad4e7	0xStack[0x4]	READ	1
0x001ad4eb	0x001ce960	UNCONDITIONAL_CALL	0
0x001ad501	0xStack[-0x8]	WRITE	0
0x001ad504	0x001a9238	UNCONDITIONAL_CALL	0
0x001ad509	0xStack[-0x8]	READ	1
0x001ad514	0x001f9abc	READ	1
0x001ad51a	0x002048f8	DATA	0
0x001ad51b	0xStack[0x4]	READ	1
0x001ad51f	0x001ce960	UNCONDITIONAL_CALL	0
0x001ad526	0xStack[-0x8]	READ	1
0x001ad52a	0x001f9ab8	READ	1
0x001ad530	0x00204908	DATA	0
0x001ad531	0xStack[0x4]	READ	1
0x001ad535	0x001ce960	UNCONDITIONAL_CALL	0
0x001ad53c	0xStack[-0x14]	DATA	0
0x001ad551	0xStack[0x4]	READ	1
0x001ad554	0xStack[0x10]	READ	1
0x001ad557	0xStack[-0x5c]	WRITE	0
0x001ad55a	0xStack[-0x58]	DATA	0
0x001ad560	0x00101600	UNCONDITIONAL_CALL	0
0x001ad56b	0xStack[-0x58]	WRITE	0
0x001ad574	0xStack[-0x57]	WRITE	0
0x001ad577	0xStack[-0x44]	WRITE	0
0x001ad57e	0xStack[-0x40]	READ_WRITE	0
0x001ad584	0x001f9ac0	READ	1
0x001ad58a	0x002048ec	DATA	0
0x001ad58c	0x001ce960	UNCONDITIONAL_CALL	0
0x001ad599	0xStack[-0x5c]	READ	0
0x001ad5ae	0xStack[-0x56]	WRITE	0
0x001ad5bb	0xStack[-0x55]	READ	1
0x001ad5c2	0xStack[-0x55]	WRITE	0
0x001ad5c5	0xStack[0xc]	READ	0
0x001ad5c9	0x001ad5e0	CONDITIONAL_JUMP	0
0x001ad5cb	0x001ad5e8	CONDITIONAL_JUMP	0
0x001ad5cd	0xStack[0xc]	READ	0
0x001ad5d1	0x001ad5f2	CONDITIONAL_JUMP	0
0x001ad5d3	0xStack[-0x52]	WRITE	0
0x001ad5dd	0x001ad5f2	UNCONDITIONAL_JUMP	0
0x001ad5e0	0xStack[-0x52]	WRITE	0
0x001ad5e4	0x001ad5ec	UNCONDITIONAL_JUMP	0
0x001ad5e8	0xStack[-0x52]	WRITE	0
0x001ad5f3	0x001f9abc	READ	1
0x001ad5f9	0x002048f8	DATA	0
0x001ad5fb	0x001ce960	UNCONDITIONAL_CALL	0
0x001ad603	0x001f9ab8	READ	1
0x001ad609	0x00204908	DATA	0
0x001ad60b	0x001ce960	UNCONDITIONAL_CALL	0
0x001ad612	0xStack[-0x68]	DATA	0
0x001ad625	0xStack[0x4]	READ	1
0x001ad62a	0x001f9384	READ	1
0x001ad62f	0x00202670	DATA	0
0x001ad631	0x001ce960	UNCONDITIONAL_CALL	0
0x001ad641	0x001ad64c	CONDITIONAL_JUMP	0
0x001ad645	0x001ad658	CONDITIONAL_JUMP	0
0x001ad647	0x001ad68c	UNCONDITIONAL_JUMP	0
0x001ad651	0x001ad76a	UNCONDITIONAL_JUMP	0
0x001ad659	0x001f9490	READ	1
0x001ad65f	0x00202c38	DATA	0
0x001ad661	0x001ce960	UNCONDITIONAL_CALL	0
0x001ad669	0x001f9228	READ	1
0x001ad66e	0x0020193c	DATA	0
0x001ad670	0x001ce960	UNCONDITIONAL_CALL	0
0x001ad67b	0x001d6fc0	DATA	0
0x001ad680	0x001a5514	UNCONDITIONAL_CALL	0
0x001ad685	0x001ad768	UNCONDITIONAL_JUMP	0
0x001ad68c	0x001f9398	READ	1
0x001ad692	0x002026c4	DATA	0
0x001ad694	0x001ce960	UNCONDITIONAL_CALL	0
0x001ad6a0	0x001ad6ac	CONDITIONAL_JUMP	0
0x001ad6a7	0x001ad76a	UNCONDITIONAL_JUMP	0
0x001ad6ac	0x001f93a8	READ	1
0x001ad6b1	0x00202724	DATA	0
0x001ad6b3	0x001ce960	UNCONDITIONAL_CALL	0
0x001ad6ba	0x001f93d0	READ	1
0x001ad6c0	0x002027e4	DATA	0
0x001ad6c2	0x001ce960	UNCONDITIONAL_CALL	0
0x001ad6c7	0xStack[-0x8]	WRITE	0
0x001ad6ca	0xStack[0x14]	READ	1
0x001ad6da	0x001ad6e8	CONDITIONAL_JUMP	0
0x001ad6e1	0x001ad76a	UNCONDITIONAL_JUMP	0
0x001ad6ea	0xStack[0x10]	READ	1
0x001ad6ef	0xStack[-0x8]	READ	0
0x001ad6f2	0x001ad70a	CONDITIONAL_JUMP	0
0x001ad6f4	0xStack[-0x8]	READ	1
0x001ad6f7	0xStack[0x10]	READ	0
0x001ad6fa	0x001ad704	CONDITIONAL_JUMP	0
0x001ad701	0x001ad76a	UNCONDITIONAL_JUMP	0
0x001ad704	0xStack[-0x8]	READ	1
0x001ad707	0xStack[0x10]	READ	1
0x001ad70a	0xStack[0x20]	READ	1
0x001ad70e	0x001f9ac0	READ	1
0x001ad713	0x002048ec	DATA	0
0x001ad715	0x001ce960	UNCONDITIONAL_CALL	0
0x001ad71c	0xStack[0xc]	READ	1
0x001ad721	0xStack[0x10]	READ	1
0x001ad72a	0xStack[0x18]	READ	1
0x001ad730	0xStack[0x1c]	READ	1
0x001ad73b	0x001f9abc	READ	1
0x001ad741	0x002048f8	DATA	0
0x001ad743	0x001ce960	UNCONDITIONAL_CALL	0
0x001ad74d	0xStack[0x20]	READ	0
0x001ad751	0x001ad768	CONDITIONAL_JUMP	0
0x001ad756	0xStack[0x24]	READ	1
0x001ad75c	0x001f9ab8	READ	1
0x001ad761	0x00204908	DATA	0
0x001ad763	0x001ce960	UNCONDITIONAL_CALL	0
0x001ad76a	0xStack[-0x14]	DATA	0
0x001ad779	0xStack[0x4]	READ	1
0x001ad77c	0xStack[0xc]	READ	1
0x001ad786	0x001f9220	READ	1
0x001ad78c	0x00201928	DATA	0
0x001ad794	0x001ce960	UNCONDITIONAL_CALL	0
0x001ad7a0	0x001ad7bc	CONDITIONAL_JUMP	0
0x001ad7a8	0x001ad7c2	UNCONDITIONAL_JUMP	0
0x001ad7b7	0x001ad7d5	UNCONDITIONAL_JUMP	0
0x001ad7c4	0x001ad7ac	CONDITIONAL_JUMP	0
0x001ad7d7	0x001f9224	READ	1
0x001ad7dd	0x00201930	DATA	0
0x001ad7e5	0x001ce960	UNCONDITIONAL_CALL	0
0x001ad7f1	0x001ad81c	CONDITIONAL_JUMP	0
0x001ad7f5	0x001f9218	READ	1
0x001ad7fb	0x00201914	DATA	0
0x001ad800	0x001ce960	UNCONDITIONAL_CALL	0
0x001ad807	0x001f9224	READ	1
0x001ad80d	0x00201930	DATA	0
0x001ad812	0x001ce960	UNCONDITIONAL_CALL	0
0x001ad81a	0x001ad81e	UNCONDITIONAL_JUMP	0
0x001ad81e	0xStack[-0xc]	DATA	0
0x001ad82d	0xStack[0xc]	READ	1
0x001ad832	0x001a5448	UNCONDITIONAL_CALL	0
0x001ad83c	0x00101600	UNCONDITIONAL_CALL	0
0x001ad846	0x001ad870	CONDITIONAL_JUMP	0
0x001ad848	0x001f9210	READ	1
0x001ad84e	0x00201900	DATA	0
0x001ad84f	0x001f9d64	READ	1
0x001ad855	0x001fdfbd	DATA	0
0x001ad856	0x001ce960	UNCONDITIONAL_CALL	0
0x001ad860	0x001f9214	READ	1
0x001ad866	0x00201908	DATA	0
0x001ad868	0x001ce960	UNCONDITIONAL_CALL	0
0x001ad86d	0x001ad873	UNCONDITIONAL_JUMP	0
0x001ad875	0xStack[-0xc]	DATA	0
0x001ad884	0xStack[0xc]	READ	1
0x001ad88b	0x001ad8a0	CONDITIONAL_JUMP	0
0x001ad88d	0x001f921c	READ	1
0x001ad893	0x00201920	DATA	0
0x001ad898	0x001ce960	UNCONDITIONAL_CALL	0
0x001ad8a3	0x001a5458	UNCONDITIONAL_CALL	0
0x001ad8a8	0xStack[-0x8]	READ	1
0x001ad8be	0x001f9228	READ	1
0x001ad8c4	0x0020193c	DATA	0
0x001ad8c5	0xStack[0x4]	READ	1
0x001ad8c9	0x001ce960	UNCONDITIONAL_CALL	0
0x001ad8ce	0xStack[-0x78]	WRITE	0
0x001ad8d1	0xStack[0xc]	READ	1
0x001ad8f0	0x001addd7	CONDITIONAL_JUMP	0
0x001ad8fa	0x001addbe	CONDITIONAL_JUMP	0
0x001ad900	0xStack[-0x74]	DATA	0
0x001ad903	0xStack[-0x7c]	WRITE	0
0x001ad908	0xStack[0xc]	READ	1
0x001ad90f	0x001addbe	CONDITIONAL_JUMP	0
0x001ad915	0xStack[-0x58]	DATA	0
0x001ad91a	0x001f9aa0	READ	1
0x001ad920	0x002049a4	DATA	0
0x001ad921	0xStack[0x4]	READ	1
0x001ad925	0x001ce960	UNCONDITIONAL_CALL	0
0x001ad931	0x001adf6e	CONDITIONAL_JUMP	0
0x001ad937	0xStack[-0x74]	READ_WRITE	0
0x001ad93b	0xStack[0xc]	READ	1
0x001ad942	0xStack[0xc]	READ	1
0x001ad94a	0x001f9a9c	READ	1
0x001ad950	0x002046d4	DATA	0
0x001ad951	0xStack[0x4]	READ	1
0x001ad95b	0x001ce960	UNCONDITIONAL_CALL	0
0x001ad967	0x001ada54	CONDITIONAL_JUMP	0
0x001ad96d	0xStack[0xc]	READ	1
0x001ad973	0x001ad9e0	CONDITIONAL_JUMP	0
0x001ad975	0x001f93a8	READ	1
0x001ad97b	0x00202724	DATA	0
0x001ad97c	0xStack[0x4]	READ	1
0x001ad980	0x001ce960	UNCONDITIONAL_CALL	0
0x001ad985	0xStack[0xc]	READ	1
0x001ad991	0xStack[-0x34]	READ	0
0x001ad994	0x001ad9e0	CONDITIONAL_JUMP	0
0x001ad9a2	0x001ade74	CONDITIONAL_JUMP	0
0x001ad9ac	0xStack[0xc]	READ	1
0x001ad9b6	0xStack[-0x78]	READ	1
0x001ad9ba	0x001d7798	DATA	0
0x001ad9bf	0x001a5514	UNCONDITIONAL_CALL	0
0x001ad9c7	0x001f9a98	READ	1
0x001ad9cd	0x002049e0	DATA	0
0x001ad9ce	0xStack[0x4]	READ	1
0x001ad9d2	0x001ce960	UNCONDITIONAL_CALL	0
0x001ad9da	0x001add6a	UNCONDITIONAL_JUMP	0
0x001ad9e0	0xStack[0x4]	READ	1
0x001ad9ea	0x001addbe	CONDITIONAL_JUMP	0
0x001ad9f0	0xStack[0xc]	READ	1
0x001ad9f7	0x001ada04	CONDITIONAL_JUMP	0
0x001ad9fc	0x001ada28	CONDITIONAL_JUMP	0
0x001ad9fe	0x001addbe	UNCONDITIONAL_JUMP	0
0x001ada04	0xStack[-0x24]	READ	1
0x001ada08	0xStack[-0x28]	READ	1
0x001ada0c	0xStack[-0x2c]	READ	1
0x001ada10	0xStack[-0x30]	READ	1
0x001ada14	0xStack[-0x34]	READ	1
0x001ada18	0x001f9a94	READ	1
0x001ada1e	0x00203730	DATA	0
0x001ada1f	0xStack[0x4]	READ	1
0x001ada23	0x001ada47	UNCONDITIONAL_JUMP	0
0x001ada28	0xStack[-0x24]	READ	1
0x001ada2c	0xStack[-0x28]	READ	1
0x001ada30	0xStack[-0x2c]	READ	1
0x001ada34	0xStack[-0x30]	READ	1
0x001ada38	0xStack[-0x34]	READ	1
0x001ada3c	0x001f9a90	READ	1
0x001ada42	0x00203708	DATA	0
0x001ada43	0xStack[0x4]	READ	1
0x001ada47	0x001ce960	UNCONDITIONAL_CALL	0
0x001ada4f	0x001addbe	UNCONDITIONAL_JUMP	0
0x001ada54	0xStack[0xc]	READ	1
0x001ada5b	0x001addbe	CONDITIONAL_JUMP	0
0x001ada64	0x001ada84	CONDITIONAL_JUMP	0
0x001ada69	0x001adaa1	CONDITIONAL_JUMP	0
0x001ada6e	0x001adaa1	CONDITIONAL_JUMP	0
0x001ada70	0x001add20	CONDITIONAL_JUMP	0
0x001ada79	0x001add20	CONDITIONAL_JUMP	0
0x001ada7f	0x001adac4	UNCONDITIONAL_JUMP	0
0x001ada87	0x001ada98	CONDITIONAL_JUMP	0
0x001ada8c	0x001adaa1	CONDITIONAL_JUMP	0
0x001ada91	0x001adac4	CONDITIONAL_JUMP	0
0x001ada93	0x001add20	UNCONDITIONAL_JUMP	0
0x001ada9b	0x001add20	CONDITIONAL_JUMP	0
0x001adaa1	0x001e5184	DATA	0
0x001adaa7	0x001a553c	UNCONDITIONAL_CALL	0
0x001adaad	0xStack[-0x78]	READ	1
0x001adab1	0x001d77dc	DATA	0
0x001adab6	0x001a5514	UNCONDITIONAL_CALL	0
0x001adabb	0xStack[-0x7c]	READ	1
0x001adabf	0x001ade1c	UNCONDITIONAL_JUMP	0
0x001adac4	0xStack[-0x38]	READ	1
0x001adacb	0x001adb0c	CONDITIONAL_JUMP	0
0x001adad0	0x001adcec	CONDITIONAL_JUMP	0
0x001adad6	0xStack[0xc]	READ	1
0x001adae5	0x001ade44	CONDITIONAL_JUMP	0
0x001adaeb	0xStack[-0x78]	READ	1
0x001adaef	0x001d7810	DATA	0
0x001adaf4	0x001a5514	UNCONDITIONAL_CALL	0
0x001adafe	0x001a5488	UNCONDITIONAL_CALL	0
0x001adb06	0x001add6a	UNCONDITIONAL_JUMP	0
0x001adb0f	0x001adb44	CONDITIONAL_JUMP	0
0x001adb11	0xStack[-0x7c]	READ	1
0x001adb15	0x001f9a8c	READ	1
0x001adb1b	0x00204998	DATA	0
0x001adb1c	0xStack[0x4]	READ	1
0x001adb20	0x001ce960	UNCONDITIONAL_CALL	0
0x001adb2c	0x001adb54	CONDITIONAL_JUMP	0
0x001adb2e	0xStack[-0x78]	READ	1
0x001adb32	0x001d782c	DATA	0
0x001adb37	0x001a5514	UNCONDITIONAL_CALL	0
0x001adb3f	0x001addbe	UNCONDITIONAL_JUMP	0
0x001adb44	0xStack[-0x74]	DATA	0
0x001adb47	0xStack[-0x20]	DATA	0
0x001adb54	0xStack[-0x72]	READ	1
0x001adb5d	0x001adca4	CONDITIONAL_JUMP	0
0x001adb63	0x001adbdc	COMPUTED_JUMP	-1
0x001adb63	0x001adb8c	COMPUTED_JUMP	-1
0x001adb63	0x001adca4	COMPUTED_JUMP	-1
0x001adb63	0x001adc2c	COMPUTED_JUMP	-1
0x001adb63	0x001adc70	COMPUTED_JUMP	-1
0x001adb63	0x001adb6c	DATA	0
0x001adb6c	0x001adbdc	DATA	0
0x001adb70	0x001adbdc	DATA	0
0x001adb74	0x001adb8c	DATA	0
0x001adb78	0x001adbdc	DATA	0
0x001adb7c	0x001adbdc	DATA	0
0x001adb80	0x001adca4	DATA	0
0x001adb84	0x001adc2c	DATA	0
0x001adb88	0x001adc70	DATA	0
0x001adb8c	0xStack[0xc]	READ	1
0x001adb9b	0x001ade38	CONDITIONAL_JUMP	0
0x001adba1	0xStack[-0x78]	READ	1
0x001adba5	0x001d7868	DATA	0
0x001adbaa	0x001a5514	UNCONDITIONAL_CALL	0
0x001adbaf	0xStack[-0x7c]	READ	1
0x001adbb3	0xStack[0xc]	READ	1
0x001adbb7	0x001f9a98	READ	1
0x001adbbd	0x002049e0	DATA	0
0x001adbbe	0xStack[0x4]	READ	1
0x001adbc2	0x001ce960	UNCONDITIONAL_CALL	0
0x001adbcc	0x001a5488	UNCONDITIONAL_CALL	0
0x001adbd4	0x001add6a	UNCONDITIONAL_JUMP	0
0x001adbdc	0xStack[0xc]	READ	1
0x001adbeb	0x001addf8	CONDITIONAL_JUMP	0
0x001adbf1	0x001e5254	DATA	0
0x001adbf6	0xStack[-0x72]	READ	1
0x001adbfd	0x001a553c	UNCONDITIONAL_CALL	0
0x001adc03	0xStack[-0x78]	READ	1
0x001adc07	0x001d7894	DATA	0
0x001adc0c	0x001a5514	UNCONDITIONAL_CALL	0
0x001adc11	0xStack[-0x7c]	READ	1
0x001adc15	0xStack[0xc]	READ	1
0x001adc19	0x001f9a98	READ	1
0x001adc1f	0x002049e0	DATA	0
0x001adc20	0xStack[0x4]	READ	1
0x001adc24	0x001add62	UNCONDITIONAL_JUMP	0
0x001adc2c	0xStack[0xc]	READ	1
0x001adc3b	0x001addec	CONDITIONAL_JUMP	0
0x001adc41	0xStack[-0x78]	READ	1
0x001adc45	0x001d78c4	DATA	0
0x001adc4a	0x001a5514	UNCONDITIONAL_CALL	0
0x001adc4f	0xStack[-0x7c]	READ	1
0x001adc53	0xStack[0xc]	READ	1
0x001adc57	0x001f9a98	READ	1
0x001adc5d	0x002049e0	DATA	0
0x001adc5e	0xStack[0x4]	READ	1
0x001adc62	0x001ce960	UNCONDITIONAL_CALL	0
0x001adc6a	0x001add6a	UNCONDITIONAL_JUMP	0
0x001adc70	0xStack[-0x78]	READ	1
0x001adc74	0x001d78e4	DATA	0
0x001adc79	0x001a5514	UNCONDITIONAL_CALL	0
0x001adc7e	0xStack[-0x7c]	READ	1
0x001adc82	0xStack[0xc]	READ	1
0x001adc86	0x001f9a98	READ	1
0x001adc8c	0x002049e0	DATA	0
0x001adc8d	0xStack[0x4]	READ	1
0x001adc91	0x001ce960	UNCONDITIONAL_CALL	0
0x001adc9e	0x001addbe	UNCONDITIONAL_JUMP	0
0x001adca4	0x001e5254	DATA	0
0x001adca9	0xStack[-0x72]	READ	1
0x001adcb0	0x001a553c	UNCONDITIONAL_CALL	0
0x001adcb6	0xStack[-0x78]	READ	1
0x001adcba	0x001d7884	DATA	0
0x001adcbf	0x001a5514	UNCONDITIONAL_CALL	0
0x001adcc4	0xStack[-0x7c]	READ	1
0x001adcc8	0xStack[0xc]	READ	1
0x001adccc	0x001f9a98	READ	1
0x001adcd2	0x002049e0	DATA	0
0x001adcd3	0xStack[0x4]	READ	1
0x001adcd7	0x001ce960	UNCONDITIONAL_CALL	0
0x001adce4	0x001addbe	UNCONDITIONAL_JUMP	0
0x001adced	0xStack[-0x78]	READ	1
0x001adcf1	0x001d7904	DATA	0
0x001adcf6	0x001a5514	UNCONDITIONAL_CALL	0
0x001adcfb	0xStack[-0x7c]	READ	1
0x001adcff	0xStack[0xc]	READ	1
0x001add03	0x001f9a98	READ	1
0x001add09	0x002049e0	DATA	0
0x001add0a	0xStack[0x4]	READ	1
0x001add0e	0x001ce960	UNCONDITIONAL_CALL	0
0x001add1b	0x001addbe	UNCONDITIONAL_JUMP	0
0x001add20	0xStack[0xc]	READ	1
0x001add2f	0x001adde4	CONDITIONAL_JUMP	0
0x001add35	0x001e5184	DATA	0
0x001add3b	0x001a553c	UNCONDITIONAL_CALL	0
0x001add41	0xStack[-0x78]	READ	1
0x001add45	0x001d7894	DATA	0
0x001add4a	0x001a5514	UNCONDITIONAL_CALL	0
0x001add4f	0xStack[-0x7c]	READ	1
0x001add53	0xStack[0xc]	READ	1
0x001add57	0x001f9a98	READ	1
0x001add5d	0x002049e0	DATA	0
0x001add5e	0xStack[0x4]	READ	1
0x001add62	0x001ce960	UNCONDITIONAL_CALL	0
0x001add6a	0xStack[0x4]	READ	1
0x001add74	0x001addab	CONDITIONAL_JUMP	0
0x001add76	0xStack[0xc]	READ	1
0x001add7d	0x001add88	CONDITIONAL_JUMP	0
0x001add82	0x001add90	CONDITIONAL_JUMP	0
0x001add84	0x001add98	UNCONDITIONAL_JUMP	0
0x001add88	0x001f9a88	READ	1
0x001add8e	0x001add9e	UNCONDITIONAL_JUMP	0
0x001add90	0x001f9a84	READ	1
0x001add96	0x001add9e	UNCONDITIONAL_JUMP	0
0x001add98	0x001f9a80	READ	1
0x001add9e	0x00203694	DATA	0
0x001add9e	0x002036c4	DATA	0
0x001add9e	0x002036f0	DATA	0
0x001add9f	0xStack[0x4]	READ	1
0x001adda3	0x001ce960	UNCONDITIONAL_CALL	0
0x001addab	0xStack[0xc]	READ	1
0x001addb2	0x001addd7	CONDITIONAL_JUMP	0
0x001addb8	0x001ad908	CONDITIONAL_JUMP	0
0x001addbe	0xStack[0xc]	READ	1
0x001addc5	0x001addd7	CONDITIONAL_JUMP	0
0x001addcb	0x001addd7	CONDITIONAL_JUMP	0
0x001addd1	0x001adea8	CONDITIONAL_JUMP	0
0x001adddc	0x001aded2	UNCONDITIONAL_JUMP	0
0x001adde4	0x001e5184	DATA	0
0x001addea	0x001ade04	UNCONDITIONAL_JUMP	0
0x001addec	0xStack[-0x78]	READ	1
0x001addf0	0x001d78a8	DATA	0
0x001addf5	0x001ade4d	UNCONDITIONAL_JUMP	0
0x001addf8	0x001e5254	DATA	0
0x001addfd	0xStack[-0x72]	READ	1
0x001ade04	0x001a553c	UNCONDITIONAL_CALL	0
0x001ade0a	0xStack[-0x78]	READ	1
0x001ade0e	0x001d7884	DATA	0
0x001ade13	0x001a5514	UNCONDITIONAL_CALL	0
0x001ade18	0xStack[-0x74]	DATA	0
0x001ade1c	0xStack[0xc]	READ	1
0x001ade20	0x001f9a98	READ	1
0x001ade26	0x002049e0	DATA	0
0x001ade27	0xStack[0x4]	READ	1
0x001ade2b	0x001ce960	UNCONDITIONAL_CALL	0
0x001ade33	0x001addbe	UNCONDITIONAL_JUMP	0
0x001ade38	0xStack[-0x78]	READ	1
0x001ade3c	0x001d7850	DATA	0
0x001ade41	0x001ade4d	UNCONDITIONAL_JUMP	0
0x001ade44	0xStack[-0x78]	READ	1
0x001ade48	0x001d77f4	DATA	0
0x001ade4d	0x001a5514	UNCONDITIONAL_CALL	0
0x001ade52	0xStack[-0x74]	DATA	0
0x001ade56	0xStack[0xc]	READ	1
0x001ade5a	0x001f9a98	READ	1
0x001ade60	0x002049e0	DATA	0
0x001ade61	0xStack[0x4]	READ	1
0x001ade65	0x001ce960	UNCONDITIONAL_CALL	0
0x001ade6d	0x001addbe	UNCONDITIONAL_JUMP	0
0x001ade74	0xStack[-0x78]	READ	1
0x001ade78	0x001d7774	DATA	0
0x001ade7d	0x001a5514	UNCONDITIONAL_CALL	0
0x001ade82	0xStack[-0x74]	DATA	0
0x001ade86	0xStack[0xc]	READ	1
0x001ade8a	0x001f9a98	READ	1
0x001ade90	0x002049e0	DATA	0
0x001ade91	0xStack[0x4]	READ	1
0x001ade95	0x001ce960	UNCONDITIONAL_CALL	0
0x001adea2	0x001addbe	UNCONDITIONAL_JUMP	0
0x001adeaa	0x001adecc	CONDITIONAL_JUMP	0
0x001adead	0x001f9a7c	READ	1
0x001adeb3	0x0020469c	DATA	0
0x001adeb4	0xStack[0x4]	READ	1
0x001adebe	0x001ce960	UNCONDITIONAL_CALL	0
0x001adec8	0x001adece	UNCONDITIONAL_JUMP	0
0x001aded0	0x001adf2c	CONDITIONAL_JUMP	0
0x001aded2	0xStack[0x4]	READ	1
0x001adedc	0x001adf2c	CONDITIONAL_JUMP	0
0x001adede	0xStack[0xc]	READ	1
0x001adee5	0x001adef0	CONDITIONAL_JUMP	0
0x001adeea	0x001adf00	CONDITIONAL_JUMP	0
0x001adeec	0x001adf10	UNCONDITIONAL_JUMP	0
0x001adef0	0x001f9a78	READ	1
0x001adef6	0x002036dc	DATA	0
0x001adef7	0xStack[0x4]	READ	1
0x001adefb	0x001adf24	UNCONDITIONAL_JUMP	0
0x001adf00	0x001f9a74	READ	1
0x001adf06	0x002036ac	DATA	0
0x001adf07	0xStack[0x4]	READ	1
0x001adf0b	0x001adf24	UNCONDITIONAL_JUMP	0
0x001adf10	0xStack[0xc]	READ	1
0x001adf17	0x001adf2c	CONDITIONAL_JUMP	0
0x001adf19	0x001f9a70	READ	1
0x001adf1f	0x0020367c	DATA	0
0x001adf20	0xStack[0x4]	READ	1
0x001adf24	0x001ce960	UNCONDITIONAL_CALL	0
0x001adf2c	0xStack[0xc]	READ	1
0x001adf34	0x001adf51	CONDITIONAL_JUMP	0
0x001adf36	0xStack[-0x3c]	READ	1
0x001adf3f	0xStack[-0x38]	READ	1
0x001adf45	0xStack[0xc]	READ	1
0x001adf4b	0xStack[-0x34]	READ	1
0x001adf51	0xStack[-0x34]	READ	1
0x001adf54	0xStack[0xc]	READ	1
0x001adf5e	0x001f9a6c	READ	1
0x001adf64	0x00204988	DATA	0
0x001adf65	0xStack[0x4]	READ	1
0x001adf69	0x001ce960	UNCONDITIONAL_CALL	0
0x001adf6e	0xStack[-0x88]	DATA	0
0x001adf82	0xStack[0x4]	READ	1
0x001adf8e	0x001f9218	READ	1
0x001adf94	0x00201914	DATA	0
0x001adf9c	0x001ce960	UNCONDITIONAL_CALL	0
0x001adfb0	0x001adfc7	CONDITIONAL_JUMP	0
0x001adfb7	0x001ae094	UNCONDITIONAL_CALL	0
0x001adfc5	0x001adfb4	CONDITIONAL_JUMP	0
0x001adfcd	0x001ae01e	CONDITIONAL_JUMP	0
0x001adfd8	0x001f9c70	READ	1
0x001adfde	0x00203798	DATA	0
0x001adfe0	0x001ce960	UNCONDITIONAL_CALL	0
0x001adfeb	0x001ae01e	CONDITIONAL_JUMP	0
0x001adfed	0x001f9c70	READ	1
0x001adff3	0x00203798	DATA	0
0x001adff5	0x001ce960	UNCONDITIONAL_CALL	0
0x001ae000	0x001ae01e	CONDITIONAL_JUMP	0
0x001ae009	0x001ae01e	CONDITIONAL_JUMP	0
0x001ae00e	0x001ae094	UNCONDITIONAL_CALL	0
0x001ae01c	0x001adfd8	CONDITIONAL_JUMP	0
0x001ae01e	0x001f9c70	READ	1
0x001ae024	0x00203798	DATA	0
0x001ae026	0x001ce960	UNCONDITIONAL_CALL	0
0x001ae036	0x001ae07c	CONDITIONAL_JUMP	0
0x001ae03b	0x001ae051	CONDITIONAL_JUMP	0
0x001ae03d	0x001f93c8	READ	1
0x001ae043	0x002027d0	DATA	0
0x001ae045	0x001ce960	UNCONDITIONAL_CALL	0
0x001ae04f	0x001ae05f	CONDITIONAL_JUMP	0
0x001ae054	0x001ae05f	CONDITIONAL_JUMP	0
0x001ae05d	0x001ae07c	CONDITIONAL_JUMP	0
0x001ae05f	0x001f9a60	READ	1
0x001ae065	0x00204978	DATA	0
0x001ae067	0x001ce960	UNCONDITIONAL_CALL	0
0x001ae06f	0x001a7654	UNCONDITIONAL_CALL	0
0x001ae077	0x001adf8c	UNCONDITIONAL_JUMP	0
0x001ae07c	0x001f9a60	READ	1
0x001ae082	0x00204978	DATA	0
0x001ae084	0x001ce960	UNCONDITIONAL_CALL	0
0x001ae08c	0x001adf8c	UNCONDITIONAL_JUMP	0
0x001ae09d	0xStack[0x4]	READ	1
0x001ae0a0	0xStack[0x8]	READ	1
0x001ae0a3	0xStack[-0x8]	WRITE	0
0x001ae0a8	0x001ae0b4	CONDITIONAL_JUMP	0
0x001ae0b0	0x001ae0ba	UNCONDITIONAL_JUMP	0
0x001ae0be	0x001ae0d0	CONDITIONAL_JUMP	0
0x001ae0c0	0x001d79a0	DATA	0
0x001ae0c5	0x001a5514	UNCONDITIONAL_CALL	0
0x001ae0ca	0x001ae33c	UNCONDITIONAL_JUMP	0
0x001ae0d0	0xStack[-0xc]	WRITE	0
0x001ae0dd	0x001ae0e2	CONDITIONAL_JUMP	0
0x001ae0e9	0x001ae0ee	CONDITIONAL_JUMP	0
0x001ae0f0	0xStack[-0x8]	READ	0
0x001ae0f4	0x001ae149	CONDITIONAL_JUMP	0
0x001ae0f6	0x001f9220	READ	1
0x001ae0fc	0x00201928	DATA	0
0x001ae104	0x001ce960	UNCONDITIONAL_CALL	0
0x001ae112	0xStack[-0xc]	READ	1
0x001ae118	0x001ae12c	CONDITIONAL_JUMP	0
0x001ae124	0x001a7670	UNCONDITIONAL_CALL	0
0x001ae133	0x001f9224	READ	1
0x001ae139	0x00201930	DATA	0
0x001ae141	0x001ce960	UNCONDITIONAL_CALL	0
0x001ae149	0xStack[-0xc]	READ	1
0x001ae151	0x001ae303	CONDITIONAL_JUMP	0
0x001ae157	0x001ae294	COMPUTED_JUMP	-1
0x001ae157	0x001ae22c	COMPUTED_JUMP	-1
0x001ae157	0x001ae180	COMPUTED_JUMP	-1
0x001ae157	0x001ae20b	COMPUTED_JUMP	-1
0x001ae157	0x001ae2d0	COMPUTED_JUMP	-1
0x001ae157	0x001ae160	DATA	0
0x001ae160	0x001ae294	DATA	0
0x001ae164	0x001ae294	DATA	0
0x001ae168	0x001ae294	DATA	0
0x001ae16c	0x001ae294	DATA	0
0x001ae170	0x001ae22c	DATA	0
0x001ae174	0x001ae180	DATA	0
0x001ae178	0x001ae20b	DATA	0
0x001ae17c	0x001ae2d0	DATA	0
0x001ae18c	0x001ae20b	CONDITIONAL_JUMP	0
0x001ae198	0xStack[-0x10]	WRITE	0
0x001ae19f	0x001ae1a4	CONDITIONAL_JUMP	0
0x001ae1a4	0xStack[-0x10]	READ	1
0x001ae1ae	0x001ae1b6	CONDITIONAL_JUMP	0
0x001ae1b0	0xStack[-0x10]	READ	1
0x001ae1b8	0x001f9474	READ	1
0x001ae1be	0x00202be8	DATA	0
0x001ae1c6	0x001ce960	UNCONDITIONAL_CALL	0
0x001ae1da	0x001ae1e3	CONDITIONAL_JUMP	0
0x001ae1e4	0x001f9a6c	READ	1
0x001ae1ea	0x00204988	DATA	0
0x001ae1ec	0x001ce960	UNCONDITIONAL_CALL	0
0x001ae1f1	0x001f9220	READ	1
0x001ae1f7	0x00201928	DATA	0
0x001ae1ff	0x001ce960	UNCONDITIONAL_CALL	0
0x001ae209	0x001ae190	CONDITIONAL_JUMP	0
0x001ae20b	0xStack[-0xc]	READ	1
0x001ae216	0x001f9a6c	READ	1
0x001ae21c	0x00204988	DATA	0
0x001ae21e	0x001ce960	UNCONDITIONAL_CALL	0
0x001ae226	0x001ae303	UNCONDITIONAL_JUMP	0
0x001ae22c	0x001f9474	READ	1
0x001ae232	0x00202be8	DATA	0
0x001ae23a	0x001ce960	UNCONDITIONAL_CALL	0
0x001ae241	0x001f9218	READ	1
0x001ae247	0x00201914	DATA	0
0x001ae24f	0x001ce960	UNCONDITIONAL_CALL	0
0x001ae254	0x001f9474	READ	1
0x001ae25a	0x00202be8	DATA	0
0x001ae262	0x001ce960	UNCONDITIONAL_CALL	0
0x001ae267	0xStack[-0xc]	READ	1
0x001ae26b	0x001f9a5c	READ	1
0x001ae271	0x002049f4	DATA	0
0x001ae273	0x001ce960	UNCONDITIONAL_CALL	0
0x001ae27b	0x001f9220	READ	1
0x001ae281	0x00201928	DATA	0
0x001ae289	0x001ce960	UNCONDITIONAL_CALL	0
0x001ae291	0x001ae303	UNCONDITIONAL_JUMP	0
0x001ae294	0x001f9474	READ	1
0x001ae29a	0x00202be8	DATA	0
0x001ae2a2	0x001ce960	UNCONDITIONAL_CALL	0
0x001ae2a7	0xStack[-0xc]	READ	1
0x001ae2ab	0x001f9a5c	READ	1
0x001ae2b1	0x002049f4	DATA	0
0x001ae2b3	0x001ce960	UNCONDITIONAL_CALL	0
0x001ae2b8	0x001f9220	READ	1
0x001ae2be	0x00201928	DATA	0
0x001ae2c6	0x001ce960	UNCONDITIONAL_CALL	0
0x001ae2ce	0x001ae303	UNCONDITIONAL_JUMP	0
0x001ae2d0	0x001f9474	READ	1
0x001ae2d6	0x00202be8	DATA	0
0x001ae2de	0x001ce960	UNCONDITIONAL_CALL	0
0x001ae2e3	0xStack[-0xc]	READ	1
0x001ae2ee	0x001f9a6c	READ	1
0x001ae2f4	0x00204988	DATA	0
0x001ae2f6	0x001ce960	UNCONDITIONAL_CALL	0
0x001ae2fb	0x001a9220	UNCONDITIONAL_CALL	0
0x001ae303	0xStack[-0x8]	READ	0
0x001ae307	0x001ae33c	CONDITIONAL_JUMP	0
0x001ae309	0x001f9220	READ	1
0x001ae30f	0x00201928	DATA	0
0x001ae317	0x001ce960	UNCONDITIONAL_CALL	0
0x001ae329	0x001f9224	READ	1
0x001ae32f	0x00201930	DATA	0
0x001ae337	0x001ce960	UNCONDITIONAL_CALL	0
0x001ae33c	0xStack[-0x1c]	DATA	0
0x001ae351	0xStack[0x4]	READ	1
0x001ae354	0xStack[0xc]	READ	1
0x001ae357	0xStack[0x10]	READ	1
0x001ae35a	0xStack[-0x7c]	WRITE	0
0x001ae363	0x001ae44c	CONDITIONAL_JUMP	0
0x001ae369	0x001ae384	COMPUTED_JUMP	-1
0x001ae369	0x001ae398	COMPUTED_JUMP	-1
0x001ae369	0x001ae410	COMPUTED_JUMP	-1
0x001ae369	0x001ae434	COMPUTED_JUMP	-1
0x001ae369	0x001ae370	DATA	0
0x001ae370	0x001ae384	DATA	0
0x001ae374	0x001ae398	DATA	0
0x001ae378	0x001ae410	DATA	0
0x001ae37c	0x001ae410	DATA	0
0x001ae380	0x001ae434	DATA	0
0x001ae384	0x001d792c	READ	1
0x001ae38a	0xStack[-0x2c]	WRITE	0
0x001ae38d	0x001d7930	READ	1
0x001ae393	0xStack[-0x28]	WRITE	0
0x001ae396	0x001ae3ac	UNCONDITIONAL_JUMP	0
0x001ae398	0x001d7934	READ	1
0x001ae39e	0xStack[-0x2c]	WRITE	0
0x001ae3a1	0x001d7938	READ	1
0x001ae3a8	0xStack[-0x28]	WRITE	0
0x001ae3ae	0x001ae3f4	CONDITIONAL_JUMP	0
0x001ae3b3	0x001ae3f4	CONDITIONAL_JUMP	0
0x001ae3e1	0x001d793c	DATA	0
0x001ae3e6	0xStack[-0x7c]	DATA	0
0x001ae3ea	0x0010c188	UNCONDITIONAL_CALL	0
0x001ae3f2	0x001ae459	UNCONDITIONAL_JUMP	0
0x001ae3fc	0x001d7948	DATA	0
0x001ae401	0xStack[-0x7c]	DATA	0
0x001ae405	0x0010c188	UNCONDITIONAL_CALL	0
0x001ae40d	0x001ae459	UNCONDITIONAL_JUMP	0
0x001ae410	0x001e52b4	DATA	0
0x001ae41d	0x001a553c	UNCONDITIONAL_CALL	0
0x001ae423	0xStack[-0x2c]	DATA	0
0x001ae427	0x00101b48	UNCONDITIONAL_CALL	0
0x001ae42f	0x001ae459	UNCONDITIONAL_JUMP	0
0x001ae434	0x001d7960	READ	1
0x001ae43a	0xStack[-0x2c]	WRITE	0
0x001ae43d	0x001d7964	READ	1
0x001ae444	0xStack[-0x28]	WRITE	0
0x001ae448	0x001ae459	UNCONDITIONAL_JUMP	0
0x001ae44c	0x001d7968	DATA	0
0x001ae451	0x0010ca6c	UNCONDITIONAL_CALL	0
0x001ae459	0xStack[-0x7c]	DATA	0
0x001ae45d	0xStack[-0x2c]	DATA	0
0x001ae471	0x001d7980	DATA	0
0x001ae476	0x001a5514	UNCONDITIONAL_CALL	0
0x001ae47b	0xStack[-0x88]	DATA	0
0x001ae490	0xStack[0x4]	READ	1
0x001ae493	0xStack[0xc]	READ	1
0x001ae496	0xStack[0x14]	READ	1
0x001ae499	0xStack[0x18]	READ	1
0x001ae49d	0xStack[0x10]	READ	0
0x001ae4a1	0x001ae4b8	CONDITIONAL_JUMP	0
0x001ae4b0	0xStack[-0x8]	WRITE	0
0x001ae4b6	0x001ae4cb	UNCONDITIONAL_JUMP	0
0x001ae4c5	0xStack[-0x8]	WRITE	0
0x001ae4f7	0xStack[-0x8]	READ	1
0x001ae500	0xStack[-0x8]	READ	1
0x001ae506	0xStack[-0x10]	DATA	0
0x001ae516	0xStack[0xc]	READ	1
0x001ae519	0xStack[0x10]	READ	1
0x001ae51c	0x001f93a8	READ	1
0x001ae522	0x00202724	DATA	0
0x001ae523	0xStack[0x4]	READ	1
0x001ae527	0x001ce960	UNCONDITIONAL_CALL	0
0x001ae531	0x00101600	UNCONDITIONAL_CALL	0
0x001ae536	0xStack[0x4]	READ	1
0x001ae541	0xStack[0x4]	READ	1
0x001ae555	0x001ae574	CONDITIONAL_JUMP	0
0x001ae557	0x001ae564	CONDITIONAL_JUMP	0
0x001ae55c	0x001ae5f4	CONDITIONAL_JUMP	0
0x001ae562	0x001ae5b4	UNCONDITIONAL_JUMP	0
0x001ae572	0x001ae582	UNCONDITIONAL_JUMP	0
0x001ae586	0x001f9a68	READ	1
0x001ae58c	0x002049bc	DATA	0
0x001ae58d	0xStack[0x4]	READ	1
0x001ae591	0x001ce960	UNCONDITIONAL_CALL	0
0x001ae5af	0x001ae5f4	UNCONDITIONAL_JUMP	0
0x001ae5b7	0xStack[0x4]	READ	1
0x001ae5c4	0x001ae5ec	CONDITIONAL_JUMP	0
0x001ae5d5	0x001f9a6c	READ	1
0x001ae5db	0x00204988	DATA	0
0x001ae5dc	0xStack[0x4]	READ	1
0x001ae5e0	0x001ce960	UNCONDITIONAL_CALL	0
0x001ae5ea	0x001ae5f6	UNCONDITIONAL_JUMP	0
0x001ae5f6	0xStack[-0x10]	DATA	0
0x001ae609	0xStack[0x4]	READ	1
0x001ae60c	0xStack[-0x58]	DATA	0
0x001ae60f	0xStack[-0x70]	DATA	0
0x001ae613	0xStack[-0x6c]	DATA	0
0x001ae619	0x001f93a4	READ	1
0x001ae61f	0x002026f0	DATA	0
0x001ae627	0x001ce960	UNCONDITIONAL_CALL	0
0x001ae62c	0xStack[-0x74]	WRITE	0
0x001ae632	0x00101600	UNCONDITIONAL_CALL	0
0x001ae637	0xStack[-0x56]	WRITE	0
0x001ae644	0xStack[-0x55]	READ	1
0x001ae64b	0xStack[-0x55]	WRITE	0
0x001ae64e	0xStack[-0x52]	WRITE	0
0x001ae658	0xStack[-0x58]	WRITE	0
0x001ae661	0xStack[-0x57]	WRITE	0
0x001ae664	0xStack[-0x4a]	WRITE	0
0x001ae668	0xStack[-0x68]	DATA	0
0x001ae66c	0x001f93a0	READ	1
0x001ae672	0x002026dc	DATA	0
0x001ae67a	0x001ce960	UNCONDITIONAL_CALL	0
0x001ae67f	0xStack[-0x60]	READ	1
0x001ae688	0x001ae698	CONDITIONAL_JUMP	0
0x001ae691	0xStack[-0x48]	WRITE	0
0x001ae694	0x001ae69f	UNCONDITIONAL_JUMP	0
0x001ae698	0xStack[-0x48]	WRITE	0
0x001ae69f	0xStack[-0x44]	WRITE	0
0x001ae6a6	0xStack[-0x40]	READ_WRITE	0
0x001ae6aa	0x001a9238	UNCONDITIONAL_CALL	0
0x001ae6b0	0xStack[-0x74]	READ	1
0x001ae6b4	0xStack[-0x58]	DATA	0
0x001ae6b8	0x001f9a9c	READ	1
0x001ae6be	0x002046d4	DATA	0
0x001ae6c6	0x001ce960	UNCONDITIONAL_CALL	0
0x001ae6cd	0xStack[0xc]	READ	1
0x001ae6d0	0xStack[-0x74]	READ	1
0x001ae6dd	0xStack[-0x70]	READ	1
0x001ae6e1	0xStack[-0x6c]	READ	1
0x001ae6e5	0x001a5458	UNCONDITIONAL_CALL	0
0x001ae6ec	0xStack[-0x80]	DATA	0
0x001ae6fd	0xStack[0x4]	READ	1
0x001ae700	0xStack[0xc]	READ	1
0x001ae708	0x001ae730	CONDITIONAL_JUMP	0
0x001ae713	0x001f9a64	READ	1
0x001ae719	0x00204794	DATA	0
0x001ae71b	0x001ce960	UNCONDITIONAL_CALL	0
0x001ae721	0x001f9ab8	READ	1
0x001ae727	0x00204908	DATA	0
0x001ae729	0x001ce960	UNCONDITIONAL_CALL	0
0x001ae72e	0x001ae742	UNCONDITIONAL_JUMP	0
0x001ae732	0x001f9224	READ	1
0x001ae738	0x00201930	DATA	0
0x001ae73d	0x001ce960	UNCONDITIONAL_CALL	0
0x001ae742	0xStack[-0xc]	DATA	0
0x001ae751	0xStack[0x4]	READ	1
0x001ae754	0x001f9c70	READ	1
0x001ae75a	0x00203798	DATA	0
0x001ae75c	0x001ce960	UNCONDITIONAL_CALL	0
0x001ae772	0x001ae793	CONDITIONAL_JUMP	0
0x001ae780	0x001ae79c	CONDITIONAL_JUMP	0
0x001ae788	0x001ae79c	CONDITIONAL_JUMP	0
0x001ae791	0x001ae79c	CONDITIONAL_JUMP	0
0x001ae798	0x001ae79e	UNCONDITIONAL_JUMP	0
0x001ae79f	0x001f9224	READ	1
0x001ae7a5	0x00201930	DATA	0
0x001ae7ad	0x001ce960	UNCONDITIONAL_CALL	0
0x001ae7b8	0x001ae7bf	CONDITIONAL_JUMP	0
0x001ae7ba	0x00165328	UNCONDITIONAL_CALL	0
0x001ae7bf	0xStack[-0xc]	DATA	0
0x001ae7d7	0x001e517c	DATA	1
0x001ae7e6	0xStack[0x4]	READ	1
0x001ae7e9	0x001f9c84	READ	1
0x001ae7ef	0x00203afc	DATA	0
0x001ae7f0	0xStack[0xc]	READ	1
0x001ae7f4	0x001ce960	UNCONDITIONAL_CALL	0
0x001ae7fb	0x001f9c28	READ	1
0x001ae801	0x00203404	DATA	0
0x001ae803	0x001ce960	UNCONDITIONAL_CALL	0
0x001ae80d	0x001ae814	CONDITIONAL_JUMP	0
0x001ae811	0x001ae849	UNCONDITIONAL_JUMP	0
0x001ae818	0x001f9210	READ	1
0x001ae81e	0x00201900	DATA	0
0x001ae820	0x001ce960	UNCONDITIONAL_CALL	0
0x001ae825	0x001f74a0	WRITE	0
0x001ae82e	0x001f9a58	READ	1
0x001ae834	0x00204a58	DATA	0
0x001ae836	0x001ce960	UNCONDITIONAL_CALL	0
0x001ae842	0x001ae818	CONDITIONAL_JUMP	0
0x001ae849	0xStack[-0x10]	DATA	0
0x001ae85d	0xStack[0x4]	READ	1
0x001ae860	0xStack[0x10]	READ	1
0x001ae88b	0x001f9468	READ	1
0x001ae891	0x00202a84	DATA	0
0x001ae892	0x001f9da4	READ	1
0x001ae898	0x001fe4a1	DATA	0
0x001ae899	0x001ce960	UNCONDITIONAL_CALL	0
0x001ae8ae	0xStack[0xc]	READ	1
0x001ae8b2	0x001d79c0	DATA	0
0x001ae8b7	0xStack[-0x18]	DATA	0
0x001ae8bb	0x0010c188	UNCONDITIONAL_CALL	0
0x001ae8c1	0x001f947c	READ	1
0x001ae8c7	0x00202bfc	DATA	0
0x001ae8c9	0x001ce960	UNCONDITIONAL_CALL	0
0x001ae8d1	0x001d79c8	DATA	0
0x001ae8d6	0x001f9480	READ	1
0x001ae8dc	0x00202c08	DATA	0
0x001ae8de	0x001ce960	UNCONDITIONAL_CALL	0
0x001ae8e3	0x001f9228	READ	1
0x001ae8e9	0x0020193c	DATA	0
0x001ae8eb	0x001ce960	UNCONDITIONAL_CALL	0
0x001ae8f1	0x001f9484	READ	1
0x001ae8f7	0x00202c18	DATA	0
0x001ae8f9	0x001ce960	UNCONDITIONAL_CALL	0
0x001ae901	0xStack[0xc]	READ	1
0x001ae905	0x001f9478	READ	1
0x001ae90b	0x00202bf0	DATA	0
0x001ae90d	0x001ce960	UNCONDITIONAL_CALL	0
0x001ae912	0x001f948c	READ	1
0x001ae918	0x00202c28	DATA	0
0x001ae91a	0x001ce960	UNCONDITIONAL_CALL	0
0x001ae921	0xStack[-0x24]	DATA	0
0x001ae92f	0xStack[0x4]	READ	1
0x001ae943	0xStack[0x4]	READ	1
0x001ae957	0xStack[0x4]	READ	1
0x001ae96f	0xStack[0x4]	READ	1
0x001ae989	0xStack[0x4]	READ	1
0x001ae98c	0x001f9220	READ	1
0x001ae992	0x00201928	DATA	0
0x001ae99a	0x001ce960	UNCONDITIONAL_CALL	0
0x001ae9a9	0x001ae9b4	CONDITIONAL_JUMP	0
0x001ae9b0	0x001ae9c6	UNCONDITIONAL_JUMP	0
0x001ae9bb	0xStack[0xc]	READ	1
0x001ae9c6	0x001f9474	READ	1
0x001ae9cc	0x00202be8	DATA	0
0x001ae9d4	0x001ce960	UNCONDITIONAL_CALL	0
0x001ae9db	0xStack[-0xc]	DATA	0
0x001ae9e9	0xStack[0x4]	READ	1
0x001ae9ec	0xStack[0xc]	READ	1
0x001ae9ef	0x001f9220	READ	1
0x001ae9f5	0x00201928	DATA	0
0x001ae9fd	0x001ce960	UNCONDITIONAL_CALL	0
0x001aea0b	0x001aea2c	CONDITIONAL_JUMP	0
0x001aea0d	0x001f9228	READ	1
0x001aea13	0x0020193c	DATA	0
0x001aea15	0x001ce960	UNCONDITIONAL_CALL	0
0x001aea1b	0x001d79d4	DATA	0
0x001aea20	0x001a5514	UNCONDITIONAL_CALL	0
0x001aea28	0x001aea46	UNCONDITIONAL_JUMP	0
0x001aea2c	0x001f9a54	READ	1
0x001aea32	0x00204a00	DATA	0
0x001aea34	0x001ce960	UNCONDITIONAL_CALL	0
0x001aea46	0x001f9474	READ	1
0x001aea4c	0x00202be8	DATA	0
0x001aea54	0x001ce960	UNCONDITIONAL_CALL	0
0x001aea59	0xStack[-0xc]	DATA	0
0x001aea6d	0xStack[0x4]	READ	1
0x001aea70	0xStack[0xc]	READ	1
0x001aea73	0xStack[-0x8]	WRITE	0
0x001aea76	0xStack[0x10]	READ	1
0x001aea79	0xStack[-0xc]	WRITE	0
0x001aea7c	0xStack[0x14]	READ	1
0x001aea7f	0xStack[-0x10]	WRITE	0
0x001aea82	0xStack[-0x8]	READ	1
0x001aea86	0x001f9410	READ	1
0x001aea8c	0x002028f8	DATA	0
0x001aea94	0x001ce960	UNCONDITIONAL_CALL	0
0x001aea9e	0x001aeaa6	CONDITIONAL_JUMP	0
0x001aeaa0	0xStack[-0xc]	READ	0
0x001aeaa4	0x001aeab0	CONDITIONAL_JUMP	0
0x001aeaab	0x001aeb27	UNCONDITIONAL_JUMP	0
0x001aeab0	0x001f9a54	READ	1
0x001aeab6	0x00204a00	DATA	0
0x001aeab8	0x001ce960	UNCONDITIONAL_CALL	0
0x001aeabe	0xStack[-0xc]	READ	1
0x001aeacc	0x001f9af4	READ	1
0x001aead2	0x00204724	DATA	0
0x001aeada	0x001ce960	UNCONDITIONAL_CALL	0
0x001aeae1	0x001aeaf0	CONDITIONAL_JUMP	0
0x001aeae3	0xStack[-0x10]	READ	0
0x001aeae7	0x001aeafa	CONDITIONAL_JUMP	0
0x001aeaee	0x001aeb27	UNCONDITIONAL_JUMP	0
0x001aeafa	0xStack[-0x8]	READ	1
0x001aeb0c	0xStack[-0xc]	READ	1
0x001aeb27	0xStack[-0x1c]	DATA	0
0x001aeb3d	0xStack[0x4]	READ	1
0x001aeb40	0xStack[0xc]	READ	1
0x001aeb43	0xStack[0x10]	READ	1
0x001aeb46	0xStack[0x1c]	READ	1
0x001aeb49	0xStack[-0x8]	WRITE	0
0x001aeb4c	0x001f9410	READ	1
0x001aeb52	0x002028f8	DATA	0
0x001aeb5a	0x001ce960	UNCONDITIONAL_CALL	0
0x001aeb66	0xStack[-0x10]	WRITE	0
0x001aeb69	0xStack[-0xc]	WRITE	0
0x001aeb6f	0xStack[-0xc]	READ	0
0x001aeb72	0x001aeb7b	CONDITIONAL_JUMP	0
0x001aeb74	0x001aeb89	CONDITIONAL_JUMP	0
0x001aeb76	0xStack[-0x10]	READ	0
0x001aeb79	0x001aeb89	CONDITIONAL_JUMP	0
0x001aeb7b	0xStack[0x18]	READ	0
0x001aeb7f	0x001aeb89	CONDITIONAL_JUMP	0
0x001aeb81	0x001aeb90	CONDITIONAL_JUMP	0
0x001aeb83	0xStack[0x14]	READ	0
0x001aeb87	0x001aeb90	CONDITIONAL_JUMP	0
0x001aeb8e	0x001aebfd	UNCONDITIONAL_JUMP	0
0x001aeb90	0x001f9a54	READ	1
0x001aeb96	0x00204a00	DATA	0
0x001aeb98	0x001ce960	UNCONDITIONAL_CALL	0
0x001aeb9e	0xStack[0x18]	READ	0
0x001aeba1	0xStack[0x14]	READ	0
0x001aeba6	0x001f9af4	READ	1
0x001aebac	0x00204724	DATA	0
0x001aebb4	0x001ce960	UNCONDITIONAL_CALL	0
0x001aebbb	0x001aebcc	CONDITIONAL_JUMP	0
0x001aebbd	0xStack[-0x8]	READ	0
0x001aebc1	0x001aebd6	CONDITIONAL_JUMP	0
0x001aebc8	0x001aebfd	UNCONDITIONAL_JUMP	0
0x001aebe2	0xStack[0x14]	READ	1
0x001aebeb	0xStack[0x18]	READ	1
0x001aebfd	0xStack[-0x1c]	DATA	0
0x001aec11	0xStack[0x4]	READ	1
0x001aec14	0xStack[0xc]	READ	1
0x001aec1d	0x001aec24	CONDITIONAL_JUMP	0
0x001aec21	0x001aec6d	UNCONDITIONAL_JUMP	0
0x001aec24	0x001f9a54	READ	1
0x001aec2a	0x00204a00	DATA	0
0x001aec2c	0x001ce960	UNCONDITIONAL_CALL	0
0x001aec32	0x001d75e4	DATA	0
0x001aec37	0xStack[-0x10]	DATA	0
0x001aec3b	0x0010c188	UNCONDITIONAL_CALL	0
0x001aec40	0xStack[-0x14]	DATA	0
0x001aec45	0x001a3d0c	UNCONDITIONAL_CALL	0
0x001aec4c	0x001aec68	CONDITIONAL_JUMP	0
0x001aec54	0xStack[-0x14]	READ	1
0x001aec66	0x001aec6d	UNCONDITIONAL_JUMP	0
0x001aec6d	0xStack[-0x20]	DATA	0
0x001aec7b	0xStack[0x4]	READ	1
0x001aec8f	0xStack[0x4]	READ	1
0x001aeca3	0xStack[0x4]	READ	1
0x001aecba	0xStack[0x4]	READ	1
0x001aecbd	0xStack[0x18]	READ	1
0x001aecc7	0x001aecf7	CONDITIONAL_JUMP	0
0x001aecc9	0xStack[0xc]	READ	1
0x001aecd7	0x001aecf7	CONDITIONAL_JUMP	0
0x001aecdf	0x001aecf7	CONDITIONAL_JUMP	0
0x001aeced	0x001aecf7	CONDITIONAL_JUMP	0
0x001aecf5	0x001aed04	CONDITIONAL_JUMP	0
0x001aecfc	0x001aeda6	UNCONDITIONAL_JUMP	0
0x001aed04	0xStack[0x14]	READ	1
0x001aed08	0xStack[0x10]	READ	1
0x001aed0c	0xStack[0xc]	READ	1
0x001aed10	0x001f9a9c	READ	1
0x001aed16	0x002046d4	DATA	0
0x001aed1e	0x001ce960	UNCONDITIONAL_CALL	0
0x001aed29	0x001aed40	CONDITIONAL_JUMP	0
0x001aed2b	0xStack[0xc]	READ	1
0x001aed3b	0x001aeda6	UNCONDITIONAL_JUMP	0
0x001aed43	0x001aeda6	CONDITIONAL_JUMP	0
0x001aed4c	0x001aeda6	CONDITIONAL_JUMP	0
0x001aed4f	0x001f9a50	READ	1
0x001aed55	0x00204a14	DATA	0
0x001aed57	0x001ce960	UNCONDITIONAL_CALL	0
0x001aed61	0x001aed6c	CONDITIONAL_JUMP	0
0x001aed68	0x001aeda6	UNCONDITIONAL_JUMP	0
0x001aed6c	0x001e5184	DATA	0
0x001aed72	0x001a553c	UNCONDITIONAL_CALL	0
0x001aed86	0x001f9228	READ	1
0x001aed8c	0x0020193c	DATA	0
0x001aed8e	0x001ce960	UNCONDITIONAL_CALL	0
0x001aed97	0x001d79ec	DATA	0
0x001aed9c	0x001a5514	UNCONDITIONAL_CALL	0
0x001aeda6	0xStack[-0x10]	DATA	0
0x001aedb6	0xStack[0x4]	READ	1
0x001aedb9	0xStack[0xc]	READ	1
0x001aedbc	0xStack[0x18]	READ	1
0x001aedc6	0x001aedf3	CONDITIONAL_JUMP	0
0x001aedd0	0x001aedf3	CONDITIONAL_JUMP	0
0x001aeddb	0x001aedf3	CONDITIONAL_JUMP	0
0x001aede6	0x001aedf3	CONDITIONAL_JUMP	0
0x001aedf1	0x001aee00	CONDITIONAL_JUMP	0
0x001aedf8	0x001aee9a	UNCONDITIONAL_JUMP	0
0x001aee00	0xStack[0x14]	READ	1
0x001aee04	0xStack[0x10]	READ	1
0x001aee09	0x001f9a4c	READ	1
0x001aee0f	0x002046b0	DATA	0
0x001aee17	0x001ce960	UNCONDITIONAL_CALL	0
0x001aee22	0x001aee34	CONDITIONAL_JUMP	0
0x001aee31	0x001aee9a	UNCONDITIONAL_JUMP	0
0x001aee37	0x001aee9a	CONDITIONAL_JUMP	0
0x001aee40	0x001aee9a	CONDITIONAL_JUMP	0
0x001aee43	0x001f9a50	READ	1
0x001aee49	0x00204a14	DATA	0
0x001aee4b	0x001ce960	UNCONDITIONAL_CALL	0
0x001aee55	0x001aee60	CONDITIONAL_JUMP	0
0x001aee5c	0x001aee9a	UNCONDITIONAL_JUMP	0
0x001aee60	0x001e5184	DATA	0
0x001aee66	0x001a553c	UNCONDITIONAL_CALL	0
0x001aee7a	0x001f9228	READ	1
0x001aee80	0x0020193c	DATA	0
0x001aee82	0x001ce960	UNCONDITIONAL_CALL	0
0x001aee8b	0x001d79ec	DATA	0
0x001aee90	0x001a5514	UNCONDITIONAL_CALL	0
0x001aee9a	0xStack[-0x10]	DATA	0
0x001aeea7	0xStack[0x4]	READ	1
0x001aeeaa	0x001f9414	READ	1
0x001aeeb0	0x00202908	DATA	0
0x001aeeb8	0x001ce960	UNCONDITIONAL_CALL	0
0x001aeec7	0xStack[0x4]	READ	1
0x001aeedd	0xStack[0x4]	READ	1
0x001aeee0	0xStack[-0x58]	DATA	0
0x001aeee3	0xStack[-0x56]	DATA	0
0x001aeee6	0xStack[-0x70]	DATA	0
0x001aeeea	0xStack[-0x6c]	DATA	0
0x001aeef0	0x001f93a4	READ	1
0x001aeef6	0x002026f0	DATA	0
0x001aeefe	0x001ce960	UNCONDITIONAL_CALL	0
0x001aef03	0xStack[-0x74]	WRITE	0
0x001aef09	0x00101600	UNCONDITIONAL_CALL	0
0x001aef0e	0xStack[-0x68]	DATA	0
0x001aef12	0x001f93a0	READ	1
0x001aef18	0x002026dc	DATA	0
0x001aef20	0x001ce960	UNCONDITIONAL_CALL	0
0x001aef2b	0xStack[-0x58]	WRITE	0
0x001aef34	0xStack[-0x57]	WRITE	0
0x001aef37	0xStack[-0x4a]	WRITE	0
0x001aef3b	0xStack[-0x60]	READ	1
0x001aef44	0x001aef54	CONDITIONAL_JUMP	0
0x001aef4d	0xStack[-0x48]	WRITE	0
0x001aef50	0x001aef5b	UNCONDITIONAL_JUMP	0
0x001aef54	0xStack[-0x48]	WRITE	0
0x001aef5b	0xStack[-0x44]	WRITE	0
0x001aef62	0xStack[-0x40]	READ_WRITE	0
0x001aef66	0xStack[-0x56]	DATA	0
0x001aef72	0xStack[-0x55]	READ	1
0x001aef7a	0xStack[-0x55]	WRITE	0
0x001aef7d	0xStack[-0x52]	WRITE	0
0x001aef81	0x001a9238	UNCONDITIONAL_CALL	0
0x001aef87	0xStack[-0x74]	READ	1
0x001aef8b	0xStack[-0x58]	DATA	0
0x001aef8f	0x001f9a9c	READ	1
0x001aef95	0x002046d4	DATA	0
0x001aef9d	0x001ce960	UNCONDITIONAL_CALL	0
0x001aefa9	0x001aefbb	CONDITIONAL_JUMP	0
0x001aefab	0xStack[0xc]	READ	1
0x001aefae	0xStack[-0x74]	READ	1
0x001aefbb	0xStack[-0x70]	READ	1
0x001aefbf	0xStack[-0x6c]	READ	1
0x001aefc3	0x001a5458	UNCONDITIONAL_CALL	0
0x001aefca	0xStack[-0x80]	DATA	0
0x001aefd8	0xStack[0x4]	READ	1
0x001aefe2	0x001af04a	CONDITIONAL_JUMP	0
0x001aefeb	0x001af028	CONDITIONAL_JUMP	0
0x001af00a	0x001f9af0	READ	1
0x001af010	0x00204700	DATA	0
0x001af018	0x001ce960	UNCONDITIONAL_CALL	0
0x001af024	0x001af040	UNCONDITIONAL_JUMP	0
0x001af028	0x001f9228	READ	1
0x001af02e	0x0020193c	DATA	0
0x001af030	0x001ce960	UNCONDITIONAL_CALL	0
0x001af036	0x001d7a20	DATA	0
0x001af03b	0x001a5514	UNCONDITIONAL_CALL	0
0x001af051	0xStack[-0x8]	READ	1
0x001af067	0x001f9a48	READ	1
0x001af06d	0x00203c54	DATA	0
0x001af06e	0x001f9378	READ	1
0x001af074	0x0020220c	DATA	0
0x001af075	0xStack[0x4]	READ	1
0x001af079	0x001ce960	UNCONDITIONAL_CALL	0
0x001af082	0x001ce960	UNCONDITIONAL_CALL	0
0x001af08f	0xStack[0x4]	READ	1
0x001af09b	0xStack[0x4]	READ	1
0x001af0a7	0xStack[0x4]	READ	1
0x001af0b3	0xStack[0x4]	READ	1
0x001af0bf	0xStack[0x4]	READ	1
0x001af0cf	0xStack[0x4]	READ	1
0x001af0df	0xStack[0x4]	READ	1
0x001af0e2	0xStack[0xc]	READ	1
0x001af0f9	0xStack[0x10]	READ	1
0x001af0fc	0xStack[0x14]	READ	1
0x001af101	0xStack[-0x10]	WRITE	0
0x001af106	0x001d7dc4	DATA	1
0x001af113	0x001d7dc4	READ	0
0x001af113	0x001d7dc5	READ	0
0x001af115	0x001af12a	CONDITIONAL_JUMP	0
0x001af119	0x001d7dd8	DATA	1
0x001af126	0x001d7dd8	READ	0
0x001af126	0x001d7dd9	READ	0
0x001af128	0x001af164	CONDITIONAL_JUMP	0
0x001af12a	0xStack[-0x10]	READ	0
0x001af12e	0x001af138	CONDITIONAL_JUMP	0
0x001af135	0x001af189	UNCONDITIONAL_JUMP	0
0x001af138	0x001f9a48	READ	1
0x001af13e	0x00203c54	DATA	0
0x001af13f	0xStack[0x4]	READ	1
0x001af143	0x001ce960	UNCONDITIONAL_CALL	0
0x001af14d	0x001a9284	UNCONDITIONAL_CALL	0
0x001af152	0xStack[0xc]	READ	1
0x001af15f	0x001af189	UNCONDITIONAL_JUMP	0
0x001af166	0xStack[0xc]	READ	1
0x001af16a	0x001f9528	READ	1
0x001af170	0x00202e1c	DATA	0
0x001af171	0xStack[0x4]	READ	1
0x001af174	0xStack[-0xc]	WRITE	0
0x001af177	0x001fa3d8	READ	1
0x001af17d	0x001fe62d	DATA	1
0x001af17d	0xStack[-0x8]	WRITE	0
0x001af180	0xStack[-0xc]	DATA	0
0x001af184	0x001cea70	UNCONDITIONAL_CALL	0
0x001af189	0xStack[-0x1c]	DATA	0
0x001af19d	0xStack[0x10]	READ	1
0x001af1a0	0xStack[0x14]	READ	1
0x001af1a3	0x001f9cdc	READ	1
0x001af1a8	0x0020245c	DATA	0
0x001af1a9	0x001f9378	READ	1
0x001af1ae	0x0020220c	DATA	0
0x001af1af	0xStack[0x4]	READ	1
0x001af1b3	0x001ce960	UNCONDITIONAL_CALL	0
0x001af1be	0x001ce960	UNCONDITIONAL_CALL	0
0x001af1ca	0x001af210	CONDITIONAL_JUMP	0
0x001af1cd	0x001f9308	READ	1
0x001af1d2	0x00202480	DATA	0
0x001af1d4	0x001ce960	UNCONDITIONAL_CALL	0
0x001af1d9	0xStack[-0x10]	WRITE	0
0x001af1e1	0x001af210	CONDITIONAL_JUMP	0
0x001af1e5	0xStack[-0x10]	READ	1
0x001af1f8	0x001af210	CONDITIONAL_JUMP	0
0x001af1fa	0xStack[-0x10]	READ	1
0x001af1fe	0xStack[0xc]	READ	1
0x001af202	0x00101b48	UNCONDITIONAL_CALL	0
0x001af20b	0x001af235	UNCONDITIONAL_JUMP	0
0x001af212	0xStack[0xc]	READ	1
0x001af216	0x001f9530	READ	1
0x001af21b	0x00202df8	DATA	0
0x001af21c	0xStack[0x4]	READ	1
0x001af21f	0xStack[-0xc]	WRITE	0
0x001af222	0x001fa3d8	READ	1
0x001af227	0x001fe62d	DATA	1
0x001af227	0xStack[-0x8]	WRITE	0
0x001af22a	0xStack[-0xc]	DATA	0
0x001af22e	0x001cea70	UNCONDITIONAL_CALL	0
0x001af235	0xStack[-0x1c]	DATA	0
0x001af248	0xStack[0x4]	READ	1
0x001af24b	0x001f9468	READ	1
0x001af251	0x00202a84	DATA	0
0x001af252	0x001f9da4	READ	1
0x001af258	0x001fe4a1	DATA	0
0x001af259	0x001ce960	UNCONDITIONAL_CALL	0
0x001af264	0x001f9468	READ	1
0x001af26a	0x00202a84	DATA	0
0x001af26b	0x001f9da4	READ	1
0x001af271	0x001fe4a1	DATA	0
0x001af272	0x001ce960	UNCONDITIONAL_CALL	0
0x001af27d	0x001f9468	READ	1
0x001af283	0x00202a84	DATA	0
0x001af284	0x001f9da4	READ	1
0x001af28a	0x001fe4a1	DATA	0
0x001af28b	0x001ce960	UNCONDITIONAL_CALL	0
0x001af29d	0x00159b58	UNCONDITIONAL_CALL	0
0x001af2a3	0x001d0440	UNCONDITIONAL_CALL	0
0x001af2ad	0x001af39a	CONDITIONAL_JUMP	0
0x001af2ba	0x00159b58	UNCONDITIONAL_CALL	0
0x001af2c0	0x001d0440	UNCONDITIONAL_CALL	0
0x001af2ca	0x001af39a	CONDITIONAL_JUMP	0
0x001af2d7	0x00159b58	UNCONDITIONAL_CALL	0
0x001af2dd	0x001d0440	UNCONDITIONAL_CALL	0
0x001af2e7	0x001af39a	CONDITIONAL_JUMP	0
0x001af2f4	0x001a9274	UNCONDITIONAL_CALL	0
0x001af2f9	0x001ded00	WRITE	0
0x001af305	0x001a9274	UNCONDITIONAL_CALL	0
0x001af30a	0x001ded04	WRITE	0
0x001af316	0x001a9274	UNCONDITIONAL_CALL	0
0x001af328	0x00159b58	UNCONDITIONAL_CALL	0
0x001af32e	0x001d0674	UNCONDITIONAL_CALL	0
0x001af338	0x001af39a	CONDITIONAL_JUMP	0
0x001af348	0x00159b58	UNCONDITIONAL_CALL	0
0x001af34e	0x001d05b4	UNCONDITIONAL_CALL	0
0x001af358	0x001af39a	CONDITIONAL_JUMP	0
0x001af368	0x00159b58	UNCONDITIONAL_CALL	0
0x001af36e	0x001d05b4	UNCONDITIONAL_CALL	0
0x001af378	0x001af39a	CONDITIONAL_JUMP	0
0x001af388	0x00159b58	UNCONDITIONAL_CALL	0
0x001af38e	0x001d05b4	UNCONDITIONAL_CALL	0
0x001af398	0x001af3a4	CONDITIONAL_JUMP	0
0x001af39c	0x001af423	UNCONDITIONAL_JUMP	0
0x001af3b6	0x001f924c	READ	1
0x001af3bc	0x00201a24	DATA	0
0x001af3bd	0xStack[-0xc]	WRITE	0
0x001af3c0	0x001fa400	READ	1
0x001af3c6	0x001fdfcd	DATA	1
0x001af3c6	0xStack[-0x8]	WRITE	0
0x001af3c9	0xStack[-0xc]	DATA	0
0x001af3cd	0x001cea70	UNCONDITIONAL_CALL	0
0x001af3e5	0x001b0858	DATA	0
0x001af3ea	0x001a90ec	UNCONDITIONAL_CALL	0
0x001af3f4	0x001a91bc	UNCONDITIONAL_CALL	0
0x001af3fc	0x001a9184	UNCONDITIONAL_CALL	0
0x001af40b	0x001af421	CONDITIONAL_JUMP	0
0x001af40d	0x001f948c	READ	1
0x001af413	0x00202c28	DATA	0
0x001af415	0x001ce960	UNCONDITIONAL_CALL	0
0x001af423	0xStack[-0x14]	DATA	0
0x001af435	0xStack[-0x38]	WRITE	0
0x001af43c	0xStack[0x14]	READ	1
0x001af441	0xStack[-0x3c]	WRITE	0
0x001af444	0xStack[-0x2c]	WRITE	0
0x001af44b	0xStack[0x10]	READ	1
0x001af44e	0x001d7dfc	DATA	1
0x001af45d	0x001d7dfc	READ	0
0x001af45d	0x001d7dfd	READ	0
0x001af45f	0x001af4bc	CONDITIONAL_JUMP	0
0x001af464	0x001afbc5	CONDITIONAL_JUMP	0
0x001af46a	0xStack[-0x2c]	WRITE	0
0x001af471	0x001f9220	READ	1
0x001af477	0x00201928	DATA	0
0x001af478	0xStack[0x4]	READ	1
0x001af482	0x001ce960	UNCONDITIONAL_CALL	0
0x001af487	0xStack[0x4]	READ	1
0x001af491	0xStack[0xc]	READ	1
0x001af496	0xStack[0x4]	READ	1
0x001af4a0	0xStack[0xc]	READ	1
0x001af4a6	0x001f9474	READ	1
0x001af4ac	0x00202be8	DATA	0
0x001af4ad	0xStack[0x4]	READ	1
0x001af4b7	0x001afae2	UNCONDITIONAL_JUMP	0
0x001af4bc	0xStack[0x10]	READ	1
0x001af4bf	0x001d7e10	DATA	1
0x001af4cc	0x001d7e10	READ	0
0x001af4cc	0x001d7e11	READ	0
0x001af4ce	0x001af4fc	CONDITIONAL_JUMP	0
0x001af4d0	0xStack[-0x3c]	READ	0
0x001af4d4	0x001afbc5	CONDITIONAL_JUMP	0
0x001af4da	0xStack[-0x2c]	WRITE	0
0x001af4e1	0xStack[0x4]	READ	1
0x001af4ea	0xStack[0xc]	READ	1
0x001af4ef	0xStack[-0x38]	WRITE	0
0x001af4f6	0x001afbc5	UNCONDITIONAL_JUMP	0
0x001af4fc	0xStack[0x10]	READ	1
0x001af4ff	0x001d7e20	DATA	1
0x001af50c	0x001d7e20	READ	0
0x001af50c	0x001d7e21	READ	0
0x001af50e	0x001af608	CONDITIONAL_JUMP	0
0x001af514	0xStack[-0x3c]	READ	0
0x001af518	0x001afbc5	CONDITIONAL_JUMP	0
0x001af51e	0xStack[-0x2c]	WRITE	0
0x001af525	0x001f9220	READ	1
0x001af52b	0x00201928	DATA	0
0x001af52c	0xStack[0x4]	READ	1
0x001af536	0x001ce960	UNCONDITIONAL_CALL	0
0x001af53e	0xStack[0x4]	READ	1
0x001af548	0x001af56c	CONDITIONAL_JUMP	0
0x001af563	0xStack[-0xc]	WRITE	0
0x001af566	0xStack[-0x8]	WRITE	0
0x001af569	0x001af57a	UNCONDITIONAL_JUMP	0
0x001af56c	0xStack[-0xc]	WRITE	0
0x001af573	0xStack[-0x8]	WRITE	0
0x001af57a	0xStack[-0xc]	READ	1
0x001af57d	0xStack[-0x8]	READ	1
0x001af580	0xStack[-0x14]	WRITE	0
0x001af583	0xStack[-0x10]	WRITE	0
0x001af588	0xStack[-0x10]	DATA	1
0x001af58c	0xStack[0xc]	READ	1
0x001af596	0x001af588	CONDITIONAL_JUMP	0
0x001af598	0xStack[0xc]	READ	1
0x001af59e	0xStack[0x4]	READ	1
0x001af5ad	0xStack[-0x14]	WRITE	0
0x001af5b0	0xStack[-0x10]	WRITE	0
0x001af5b8	0xStack[-0x10]	DATA	1
0x001af5c3	0x001af5b8	CONDITIONAL_JUMP	0
0x001af5c5	0xStack[0xc]	READ	1
0x001af5cb	0xStack[0x4]	READ	1
0x001af5da	0xStack[-0x14]	WRITE	0
0x001af5dd	0xStack[-0x10]	WRITE	0
0x001af5e4	0xStack[-0x10]	DATA	1
0x001af5ef	0x001af5e4	CONDITIONAL_JUMP	0
0x001af5f1	0x001f9474	READ	1
0x001af5f7	0x00202be8	DATA	0
0x001af5f8	0xStack[0x4]	READ	1
0x001af601	0x001afae1	UNCONDITIONAL_JUMP	0
0x001af608	0xStack[0x10]	READ	1
0x001af60b	0x001d7e3c	DATA	1
0x001af618	0x001d7e3c	READ	0
0x001af618	0x001d7e3d	READ	0
0x001af61a	0x001af690	CONDITIONAL_JUMP	0
0x001af61c	0xStack[-0x3c]	READ	0
0x001af620	0x001afbc5	CONDITIONAL_JUMP	0
0x001af626	0xStack[-0x2c]	WRITE	0
0x001af62d	0x001f9220	READ	1
0x001af633	0x00201928	DATA	0
0x001af634	0xStack[0x4]	READ	1
0x001af63e	0x001ce960	UNCONDITIONAL_CALL	0
0x001af643	0x001f9a28	READ	1
0x001af649	0x002050dc	DATA	0
0x001af64a	0xStack[0x4]	READ	1
0x001af64e	0x001ce960	UNCONDITIONAL_CALL	0
0x001af653	0xStack[0xc]	READ	1
0x001af661	0x001f9a24	READ	1
0x001af667	0x002050e8	DATA	0
0x001af668	0xStack[0x4]	READ	1
0x001af66c	0x001ce960	UNCONDITIONAL_CALL	0
0x001af671	0xStack[0xc]	READ	1
0x001af677	0x001f9474	READ	1
0x001af67d	0x00202be8	DATA	0
0x001af67e	0xStack[0x4]	READ	1
0x001af688	0x001afae2	UNCONDITIONAL_JUMP	0
0x001af690	0xStack[0x10]	READ	1
0x001af693	0x001d7e54	DATA	1
0x001af6a0	0x001d7e54	READ	0
0x001af6a0	0x001d7e55	READ	0
0x001af6a2	0x001af718	CONDITIONAL_JUMP	0
0x001af6a4	0xStack[-0x3c]	READ	0
0x001af6a8	0x001afbc5	CONDITIONAL_JUMP	0
0x001af6ae	0xStack[-0x2c]	WRITE	0
0x001af6b5	0x001f9220	READ	1
0x001af6bb	0x00201928	DATA	0
0x001af6bc	0xStack[0x4]	READ	1
0x001af6c6	0x001ce960	UNCONDITIONAL_CALL	0
0x001af6cb	0xStack[0x4]	READ	1
0x001af6dd	0xStack[-0xc]	WRITE	0
0x001af6e0	0xStack[-0x8]	WRITE	0
0x001af6e6	0xStack[-0x14]	WRITE	0
0x001af6e9	0xStack[-0x10]	WRITE	0
0x001af6f0	0xStack[-0x10]	DATA	1
0x001af6f4	0xStack[0xc]	READ	1
0x001af6fe	0x001af6f0	CONDITIONAL_JUMP	0
0x001af700	0x001f9474	READ	1
0x001af706	0x00202be8	DATA	0
0x001af707	0xStack[0x4]	READ	1
0x001af710	0x001afae1	UNCONDITIONAL_JUMP	0
0x001af718	0xStack[0x10]	READ	1
0x001af71b	0x001d7e6c	DATA	1
0x001af728	0x001d7e6c	READ	0
0x001af728	0x001d7e6d	READ	0
0x001af72a	0x001af7a0	CONDITIONAL_JUMP	0
0x001af72c	0xStack[-0x3c]	READ	0
0x001af730	0x001afbc5	CONDITIONAL_JUMP	0
0x001af736	0xStack[-0x2c]	WRITE	0
0x001af73d	0x001f9220	READ	1
0x001af743	0x00201928	DATA	0
0x001af744	0xStack[0x4]	READ	1
0x001af74e	0x001ce960	UNCONDITIONAL_CALL	0
0x001af753	0xStack[0x4]	READ	1
0x001af765	0xStack[-0xc]	WRITE	0
0x001af768	0xStack[-0x8]	WRITE	0
0x001af76e	0xStack[-0x14]	WRITE	0
0x001af771	0xStack[-0x10]	WRITE	0
0x001af778	0xStack[-0x10]	DATA	1
0x001af77c	0xStack[0xc]	READ	1
0x001af786	0x001af778	CONDITIONAL_JUMP	0
0x001af788	0x001f9474	READ	1
0x001af78e	0x00202be8	DATA	0
0x001af78f	0xStack[0x4]	READ	1
0x001af799	0x001afae2	UNCONDITIONAL_JUMP	0
0x001af7a0	0xStack[0x10]	READ	1
0x001af7a3	0x001d7e84	DATA	1
0x001af7b0	0x001d7e84	READ	0
0x001af7b0	0x001d7e85	READ	0
0x001af7b2	0x001af870	CONDITIONAL_JUMP	0
0x001af7b8	0xStack[-0x3c]	READ	0
0x001af7bc	0x001afbc5	CONDITIONAL_JUMP	0
0x001af7c2	0xStack[-0x2c]	WRITE	0
0x001af7c9	0x001f9220	READ	1
0x001af7cf	0x00201928	DATA	0
0x001af7d0	0xStack[0x4]	READ	1
0x001af7da	0x001ce960	UNCONDITIONAL_CALL	0
0x001af7e2	0xStack[0x4]	READ	1
0x001af7ec	0x001af820	CONDITIONAL_JUMP	0
0x001af7f5	0x001af808	CONDITIONAL_JUMP	0
0x001af7f7	0xStack[-0xc]	WRITE	0
0x001af7fe	0xStack[-0x8]	WRITE	0
0x001af805	0x001af838	UNCONDITIONAL_JUMP	0
0x001af808	0xStack[0x4]	READ	1
0x001af81e	0x001af829	UNCONDITIONAL_JUMP	0
0x001af820	0xStack[0x4]	READ	1
0x001af832	0xStack[-0xc]	WRITE	0
0x001af835	0xStack[-0x8]	WRITE	0
0x001af838	0xStack[-0xc]	READ	1
0x001af83b	0xStack[-0x8]	READ	1
0x001af83e	0xStack[-0x14]	WRITE	0
0x001af841	0xStack[-0x10]	WRITE	0
0x001af848	0xStack[-0x10]	DATA	1
0x001af84c	0xStack[0xc]	READ	1
0x001af856	0x001af848	CONDITIONAL_JUMP	0
0x001af858	0x001f9474	READ	1
0x001af85e	0x00202be8	DATA	0
0x001af85f	0xStack[0x4]	READ	1
0x001af869	0x001afae2	UNCONDITIONAL_JUMP	0
0x001af870	0xStack[0x10]	READ	1
0x001af873	0x001d7e9c	DATA	1
0x001af880	0x001d7e9c	READ	0
0x001af880	0x001d7e9d	READ	0
0x001af882	0x001af95c	CONDITIONAL_JUMP	0
0x001af888	0xStack[-0x3c]	READ	0
0x001af88c	0x001afbc5	CONDITIONAL_JUMP	0
0x001af892	0xStack[-0x2c]	WRITE	0
0x001af899	0x001f9220	READ	1
0x001af89f	0x00201928	DATA	0
0x001af8a0	0xStack[0x4]	READ	1
0x001af8aa	0x001ce960	UNCONDITIONAL_CALL	0
0x001af8b2	0xStack[0x4]	READ	1
0x001af8bc	0x001af918	CONDITIONAL_JUMP	0
0x001af8c5	0x001af8e4	CONDITIONAL_JUMP	0
0x001af8d3	0xStack[0x4]	READ	1
0x001af8e1	0x001af904	UNCONDITIONAL_JUMP	0
0x001af8e4	0xStack[0x4]	READ	1
0x001af90d	0xStack[-0xc]	WRITE	0
0x001af910	0xStack[-0x8]	WRITE	0
0x001af913	0x001af926	UNCONDITIONAL_JUMP	0
0x001af918	0xStack[-0xc]	WRITE	0
0x001af91f	0xStack[-0x8]	WRITE	0
0x001af926	0xStack[-0xc]	READ	1
0x001af929	0xStack[-0x8]	READ	1
0x001af92c	0xStack[-0x14]	WRITE	0
0x001af92f	0xStack[-0x10]	WRITE	0
0x001af934	0xStack[-0x10]	DATA	1
0x001af938	0xStack[0xc]	READ	1
0x001af942	0x001af934	CONDITIONAL_JUMP	0
0x001af944	0x001f9474	READ	1
0x001af94a	0x00202be8	DATA	0
0x001af94b	0xStack[0x4]	READ	1
0x001af954	0x001afae1	UNCONDITIONAL_JUMP	0
0x001af95c	0xStack[0x10]	READ	1
0x001af95f	0x001d7eac	DATA	1
0x001af96c	0x001d7eac	READ	0
0x001af96c	0x001d7ead	READ	0
0x001af96e	0x001af9cc	CONDITIONAL_JUMP	0
0x001af970	0xStack[-0x3c]	READ	0
0x001af974	0x001afbc5	CONDITIONAL_JUMP	0
0x001af97a	0xStack[-0x2c]	WRITE	0
0x001af981	0x001f9220	READ	1
0x001af987	0x00201928	DATA	0
0x001af988	0xStack[0x4]	READ	1
0x001af992	0x001ce960	UNCONDITIONAL_CALL	0
0x001af997	0xStack[0x4]	READ	1
0x001af9a1	0xStack[0xc]	READ	1
0x001af9a6	0xStack[0x4]	READ	1
0x001af9b0	0xStack[0xc]	READ	1
0x001af9b6	0x001f9474	READ	1
0x001af9bc	0x00202be8	DATA	0
0x001af9bd	0xStack[0x4]	READ	1
0x001af9c6	0x001afae1	UNCONDITIONAL_JUMP	0
0x001af9cc	0xStack[0x10]	READ	1
0x001af9cf	0x001d7ec4	DATA	1
0x001af9dc	0x001d7ec4	READ	0
0x001af9dc	0x001d7ec5	READ	0
0x001af9de	0x001afa2c	CONDITIONAL_JUMP	0
0x001af9e0	0xStack[-0x3c]	READ	0
0x001af9e4	0x001afbc5	CONDITIONAL_JUMP	0
0x001af9ea	0xStack[-0x2c]	WRITE	0
0x001af9f1	0x001f9220	READ	1
0x001af9f7	0x00201928	DATA	0
0x001af9f8	0xStack[0x4]	READ	1
0x001afa02	0x001ce960	UNCONDITIONAL_CALL	0
0x001afa07	0xStack[0x4]	READ	1
0x001afa11	0xStack[0xc]	READ	1
0x001afa16	0x001f9474	READ	1
0x001afa1c	0x00202be8	DATA	0
0x001afa1d	0xStack[0x4]	READ	1
0x001afa26	0x001afae1	UNCONDITIONAL_JUMP	0
0x001afa2c	0xStack[0x10]	READ	1
0x001afa2f	0x001d7ed4	DATA	1
0x001afa3c	0x001d7ed4	READ	0
0x001afa3c	0x001d7ed5	READ	0
0x001afa3e	0x001afafc	CONDITIONAL_JUMP	0
0x001afa44	0x001f9220	READ	1
0x001afa4a	0x00201928	DATA	0
0x001afa4b	0xStack[0x4]	READ	1
0x001afa55	0x001ce960	UNCONDITIONAL_CALL	0
0x001afa5a	0xStack[0x4]	READ	1
0x001afa63	0xStack[-0x40]	WRITE	0
0x001afa69	0xStack[0x4]	READ	1
0x001afa74	0x001afad1	CONDITIONAL_JUMP	0
0x001afa78	0xStack[-0x3c]	READ	0
0x001afa7c	0x001afad1	CONDITIONAL_JUMP	0
0x001afa7e	0xStack[-0x40]	READ	1
0x001afa86	0xStack[-0x40]	WRITE	0
0x001afa89	0xStack[-0x28]	WRITE	0
0x001afa90	0xStack[-0x28]	DATA	0
0x001afa94	0xStack[0x10]	READ	1
0x001afa98	0xStack[-0x2c]	READ	1
0x001afaa2	0xStack[0xc]	READ	1
0x001afaa6	0x001f9528	READ	1
0x001afaac	0x00202e1c	DATA	0
0x001afaae	0x001ce960	UNCONDITIONAL_CALL	0
0x001afab8	0x001afac3	CONDITIONAL_JUMP	0
0x001afaba	0xStack[-0x28]	READ	1
0x001afabd	0xStack[-0x3c]	READ_WRITE	0
0x001afac0	0xStack[-0x2c]	READ_WRITE	0
0x001afac3	0xStack[0x4]	READ	1
0x001afacc	0xStack[-0x40]	READ	0
0x001afacf	0x001afa78	CONDITIONAL_JUMP	0
0x001afad1	0x001f9474	READ	1
0x001afad7	0x00202be8	DATA	0
0x001afad8	0xStack[0x4]	READ	1
0x001afae2	0x001ce960	UNCONDITIONAL_CALL	0
0x001afae7	0xStack[-0x38]	WRITE	0
0x001afaee	0x001afbc5	UNCONDITIONAL_JUMP	0
0x001afaf4	0xStack[-0x38]	WRITE	0
0x001afaf7	0x001afb75	UNCONDITIONAL_JUMP	0
0x001afafc	0xStack[0x14]	READ	1
0x001afb01	0xStack[-0x2c]	WRITE	0
0x001afb04	0x001f9220	READ	1
0x001afb0a	0x00201928	DATA	0
0x001afb0b	0xStack[0x4]	READ	1
0x001afb15	0x001ce960	UNCONDITIONAL_CALL	0
0x001afb1a	0xStack[0x4]	READ	1
0x001afb23	0xStack[-0x40]	WRITE	0
0x001afb29	0xStack[0x4]	READ	1
0x001afb34	0x001afb75	CONDITIONAL_JUMP	0
0x001afb36	0xStack[-0x2c]	DATA	0
0x001afb3c	0xStack[-0x40]	READ	1
0x001afb44	0xStack[-0x40]	WRITE	0
0x001afb48	0xStack[0x10]	READ	1
0x001afb4c	0xStack[0xc]	READ	1
0x001afb50	0x001f9528	READ	1
0x001afb56	0x00202e1c	DATA	0
0x001afb58	0x001ce960	UNCONDITIONAL_CALL	0
0x001afb65	0x001afaf4	CONDITIONAL_JUMP	0
0x001afb67	0xStack[0x4]	READ	1
0x001afb70	0xStack[-0x40]	READ	0
0x001afb73	0x001afb3c	CONDITIONAL_JUMP	0
0x001afb75	0x001f9474	READ	1
0x001afb7b	0x00202be8	DATA	0
0x001afb7c	0xStack[0x4]	READ	1
0x001afb86	0x001ce960	UNCONDITIONAL_CALL	0
0x001afb8e	0xStack[-0x38]	READ	0
0x001afb95	0x001afbc5	CONDITIONAL_JUMP	0
0x001afb97	0xStack[-0x2c]	DATA	0
0x001afb9b	0xStack[0x10]	READ	1
0x001afb9f	0xStack[0xc]	READ	1
0x001afba3	0x001f9528	READ	1
0x001afba9	0x00202e1c	DATA	0
0x001afbaa	0xStack[0x4]	READ	1
0x001afbad	0xStack[-0x34]	WRITE	0
0x001afbb0	0x001fa400	READ	1
0x001afbb6	0x001fdfcd	DATA	1
0x001afbb6	0xStack[-0x30]	WRITE	0
0x001afbb9	0xStack[-0x34]	DATA	0
0x001afbbd	0x001cea70	UNCONDITIONAL_CALL	0
0x001afbc2	0xStack[-0x38]	WRITE	0
0x001afbc5	0xStack[-0x2c]	READ	1
0x001afbc8	0xStack[0x14]	READ	1
0x001afbcd	0xStack[-0x38]	READ	1
0x001afbd0	0xStack[-0x4c]	DATA	0
0x001afbe5	0xStack[-0x30]	WRITE	0
0x001afbec	0xStack[0x10]	READ	1
0x001afbef	0x001d7ee8	DATA	1
0x001afc00	0x001d7ee8	READ	0
0x001afc00	0x001d7ee9	READ	0
0x001afc02	0x001afc28	CONDITIONAL_JUMP	0
0x001afc04	0xStack[0x14]	READ	0
0x001afc08	0x001b02c2	CONDITIONAL_JUMP	0
0x001afc0e	0xStack[0xc]	READ	1
0x001afc12	0x001f9a20	READ	1
0x001afc18	0x00204fd4	DATA	0
0x001afc19	0xStack[0x4]	READ	1
0x001afc1d	0x001ce960	UNCONDITIONAL_CALL	0
0x001afc22	0x001b02bf	UNCONDITIONAL_JUMP	0
0x001afc28	0xStack[0x10]	READ	1
0x001afc2b	0x001d7ef8	DATA	1
0x001afc38	0x001d7ef8	READ	0
0x001afc38	0x001d7ef9	READ	0
0x001afc3a	0x001afc58	CONDITIONAL_JUMP	0
0x001afc3c	0x001f9a1c	READ	1
0x001afc42	0x002050fc	DATA	0
0x001afc43	0xStack[0x4]	READ	1
0x001afc47	0x001ce960	UNCONDITIONAL_CALL	0
0x001afc4c	0xStack[-0x30]	WRITE	0
0x001afc53	0x001b02c2	UNCONDITIONAL_JUMP	0
0x001afc58	0xStack[0x10]	READ	1
0x001afc5b	0x001d7f08	DATA	1
0x001afc68	0x001d7f08	READ	0
0x001afc68	0x001d7f09	READ	0
0x001afc6a	0x001afcc4	CONDITIONAL_JUMP	0
0x001afc6c	0xStack[0x14]	READ	0
0x001afc70	0x001b02c2	CONDITIONAL_JUMP	0
0x001afc76	0xStack[0xc]	READ	1
0x001afc7c	0xStack[-0x14]	WRITE	0
0x001afc80	0xStack[0xc]	READ	1
0x001afc8f	0xStack[-0x14]	WRITE	0
0x001afc92	0x001f9220	READ	1
0x001afc98	0x00201928	DATA	0
0x001afc99	0xStack[0x4]	READ	1
0x001afca3	0x001ce960	UNCONDITIONAL_CALL	0
0x001afca8	0xStack[-0x14]	DATA	0
0x001afcac	0x001f9a18	READ	1
0x001afcb2	0x00205108	DATA	0
0x001afcb3	0xStack[0x4]	READ	1
0x001afcb7	0x001ce960	UNCONDITIONAL_CALL	0
0x001afcbc	0x001b01e6	UNCONDITIONAL_JUMP	0
0x001afcc4	0xStack[0x10]	READ	1
0x001afcc7	0x001d7f1c	DATA	1
0x001afcd4	0x001d7f1c	READ	0
0x001afcd4	0x001d7f1d	READ	0
0x001afcd6	0x001afd54	CONDITIONAL_JUMP	0
0x001afcdc	0xStack[0xc]	READ	1
0x001afce2	0xStack[-0x20]	DATA	0
0x001afcea	0x001afcdc	CONDITIONAL_JUMP	0
0x001afcec	0xStack[-0x24]	READ	1
0x001afcef	0xStack[-0x20]	READ	1
0x001afcf2	0xStack[-0x1c]	WRITE	0
0x001afcf5	0xStack[-0x18]	WRITE	0
0x001afcf8	0x001f9220	READ	1
0x001afcfe	0x00201928	DATA	0
0x001afcff	0xStack[0x4]	READ	1
0x001afd09	0x001ce960	UNCONDITIONAL_CALL	0
0x001afd11	0xStack[0x4]	READ	1
0x001afd1b	0x001afd3e	CONDITIONAL_JUMP	0
0x001afd23	0xStack[-0x1c]	READ	1
0x001afd26	0xStack[-0x18]	READ	1
0x001afd30	0xStack[-0x38]	WRITE	0
0x001afd33	0xStack[-0x34]	WRITE	0
0x001afd36	0xStack[-0x38]	READ	1
0x001afd3e	0x001f9474	READ	1
0x001afd44	0x00202be8	DATA	0
0x001afd45	0xStack[0x4]	READ	1
0x001afd4f	0x001b01f4	UNCONDITIONAL_JUMP	0
0x001afd54	0xStack[0x10]	READ	1
0x001afd57	0x001d7f34	DATA	1
0x001afd64	0x001d7f34	READ	0
0x001afd64	0x001d7f35	READ	0
0x001afd66	0x001afdb8	CONDITIONAL_JUMP	0
0x001afd68	0x001f9220	READ	1
0x001afd6e	0x00201928	DATA	0
0x001afd6f	0xStack[0x4]	READ	1
0x001afd79	0x001ce960	UNCONDITIONAL_CALL	0
0x001afd7e	0xStack[0x4]	READ	1
0x001afd8c	0xStack[0xc]	READ	1
0x001afd92	0xStack[-0x20]	DATA	0
0x001afd9a	0x001afd8c	CONDITIONAL_JUMP	0
0x001afd9c	0xStack[-0x24]	READ	1
0x001afd9f	0xStack[-0x20]	READ	1
0x001afda7	0x001f9474	READ	1
0x001afdad	0x00202be8	DATA	0
0x001afdae	0xStack[0x4]	READ	1
0x001afdb1	0x001b01ed	UNCONDITIONAL_JUMP	0
0x001afdb8	0xStack[0x10]	READ	1
0x001afdbb	0x001d7f48	DATA	1
0x001afdc8	0x001d7f48	READ	0
0x001afdc8	0x001d7f49	READ	0
0x001afdca	0x001afe24	CONDITIONAL_JUMP	0
0x001afdcc	0x001f9220	READ	1
0x001afdd2	0x00201928	DATA	0
0x001afdd3	0xStack[0x4]	READ	1
0x001afddd	0x001ce960	UNCONDITIONAL_CALL	0
0x001afde2	0xStack[0x4]	READ	1
0x001afdf0	0xStack[0xc]	READ	1
0x001afdf6	0xStack[-0x20]	DATA	0
0x001afdfe	0x001afdf0	CONDITIONAL_JUMP	0
0x001afe00	0xStack[-0x24]	READ	1
0x001afe03	0xStack[-0x20]	READ	1
0x001afe0b	0x001f9474	READ	1
0x001afe11	0x00202be8	DATA	0
0x001afe12	0xStack[0x4]	READ	1
0x001afe1c	0x001b01f4	UNCONDITIONAL_JUMP	0
0x001afe24	0xStack[0x10]	READ	1
0x001afe27	0x001d7f64	DATA	1
0x001afe34	0x001d7f64	READ	0
0x001afe34	0x001d7f65	READ	0
0x001afe36	0x001afe6c	CONDITIONAL_JUMP	0
0x001afe38	0x001f9220	READ	1
0x001afe3e	0x00201928	DATA	0
0x001afe3f	0xStack[0x4]	READ	1
0x001afe49	0x001ce960	UNCONDITIONAL_CALL	0
0x001afe4e	0xStack[0xc]	READ	1
0x001afe54	0x001f9a14	READ	1
0x001afe5a	0x0020511c	DATA	0
0x001afe5b	0xStack[0x4]	READ	1
0x001afe5f	0x001ce960	UNCONDITIONAL_CALL	0
0x001afe64	0x001b01e6	UNCONDITIONAL_JUMP	0
0x001afe6c	0xStack[0x10]	READ	1
0x001afe6f	0x001d7f78	DATA	1
0x001afe7c	0x001d7f78	READ	0
0x001afe7c	0x001d7f79	READ	0
0x001afe7e	0x001afec0	CONDITIONAL_JUMP	0
0x001afe80	0x001f9220	READ	1
0x001afe86	0x00201928	DATA	0
0x001afe87	0xStack[0x4]	READ	1
0x001afe91	0x001ce960	UNCONDITIONAL_CALL	0
0x001afe96	0xStack[0xc]	READ	1
0x001afe9c	0x001f9a10	READ	1
0x001afea2	0x0020512c	DATA	0
0x001afea3	0xStack[0x4]	READ	1
0x001afea7	0x001ce960	UNCONDITIONAL_CALL	0
0x001afeac	0x001f9474	READ	1
0x001afeb2	0x00202be8	DATA	0
0x001afeba	0x001b01f4	UNCONDITIONAL_JUMP	0
0x001afec0	0xStack[0x10]	READ	1
0x001afec3	0x001d7f8c	DATA	1
0x001afed0	0x001d7f8c	READ	0
0x001afed0	0x001d7f8d	READ	0
0x001afed2	0x001aff08	CONDITIONAL_JUMP	0
0x001afed4	0x001f9220	READ	1
0x001afeda	0x00201928	DATA	0
0x001afedb	0xStack[0x4]	READ	1
0x001afee5	0x001ce960	UNCONDITIONAL_CALL	0
0x001afeea	0xStack[0xc]	READ	1
0x001afef0	0x001f9a0c	READ	1
0x001afef6	0x00205140	DATA	0
0x001afef7	0xStack[0x4]	READ	1
0x001afefb	0x001ce960	UNCONDITIONAL_CALL	0
0x001aff00	0x001b01e6	UNCONDITIONAL_JUMP	0
0x001aff08	0xStack[0x10]	READ	1
0x001aff0b	0x001d7fa8	DATA	1
0x001aff18	0x001d7fa8	READ	0
0x001aff18	0x001d7fa9	READ	0
0x001aff1a	0x001aff70	CONDITIONAL_JUMP	0
0x001aff20	0xStack[0xc]	READ	1
0x001aff26	0xStack[-0x20]	DATA	0
0x001aff2e	0x001aff20	CONDITIONAL_JUMP	0
0x001aff30	0xStack[-0x24]	READ	1
0x001aff33	0xStack[-0x20]	READ	1
0x001aff36	0xStack[-0x1c]	WRITE	0
0x001aff39	0xStack[-0x18]	WRITE	0
0x001aff3c	0x001f9220	READ	1
0x001aff42	0x00201928	DATA	0
0x001aff43	0xStack[0x4]	READ	1
0x001aff4d	0x001ce960	UNCONDITIONAL_CALL	0
0x001aff52	0xStack[-0x1c]	READ	1
0x001aff55	0xStack[-0x18]	READ	1
0x001aff5f	0xStack[0x4]	READ	1
0x001aff68	0x001b01e6	UNCONDITIONAL_JUMP	0
0x001aff70	0xStack[0x10]	READ	1
0x001aff73	0x001d7fbc	DATA	1
0x001aff80	0x001d7fbc	READ	0
0x001aff80	0x001d7fbd	READ	0
0x001aff82	0x001affcc	CONDITIONAL_JUMP	0
0x001aff84	0x001f9220	READ	1
0x001aff8a	0x00201928	DATA	0
0x001aff8b	0xStack[0x4]	READ	1
0x001aff95	0x001ce960	UNCONDITIONAL_CALL	0
0x001aff9a	0xStack[0xc]	READ	1
0x001affa0	0xStack[0x4]	READ	1
0x001affaa	0xStack[0xc]	READ	1
0x001affb1	0xStack[0x4]	READ	1
0x001affbb	0x001f9474	READ	1
0x001affc1	0x00202be8	DATA	0
0x001affc2	0xStack[0x4]	READ	1
0x001affc5	0x001b01ed	UNCONDITIONAL_JUMP	0
0x001affcc	0xStack[0x10]	READ	1
0x001affcf	0x001d7fd0	DATA	1
0x001affdc	0x001d7fd0	READ	0
0x001affdc	0x001d7fd1	READ	0
0x001affde	0x001b0058	CONDITIONAL_JUMP	0
0x001affe4	0xStack[0xc]	READ	1
0x001affea	0xStack[-0x20]	DATA	0
0x001afff2	0x001affe4	CONDITIONAL_JUMP	0
0x001afff4	0xStack[-0x24]	READ	1
0x001afff7	0xStack[-0x20]	READ	1
0x001afffa	0xStack[-0x1c]	WRITE	0
0x001afffd	0xStack[-0x18]	WRITE	0
0x001b0000	0x001f9220	READ	1
0x001b0006	0x00201928	DATA	0
0x001b0007	0xStack[0x4]	READ	1
0x001b0011	0x001ce960	UNCONDITIONAL_CALL	0
0x001b0016	0xStack[0x4]	READ	1
0x001b0025	0xStack[-0x1c]	READ	1
0x001b0028	0xStack[-0x18]	READ	1
0x001b003a	0xStack[0x4]	READ	1
0x001b0043	0x001f9474	READ	1
0x001b0049	0x00202be8	DATA	0
0x001b0051	0x001b01f4	UNCONDITIONAL_JUMP	0
0x001b0058	0xStack[0x10]	READ	1
0x001b005b	0x001d7fe4	DATA	1
0x001b0068	0x001d7fe4	READ	0
0x001b0068	0x001d7fe5	READ	0
0x001b006a	0x001b00a0	CONDITIONAL_JUMP	0
0x001b006c	0x001f9220	READ	1
0x001b0072	0x00201928	DATA	0
0x001b0073	0xStack[0x4]	READ	1
0x001b007d	0x001ce960	UNCONDITIONAL_CALL	0
0x001b0082	0xStack[0xc]	READ	1
0x001b0089	0x001f9a3c	READ	1
0x001b008f	0x002050a8	DATA	0
0x001b0090	0xStack[0x4]	READ	1
0x001b0094	0x001ce960	UNCONDITIONAL_CALL	0
0x001b0099	0x001b01e6	UNCONDITIONAL_JUMP	0
0x001b00a0	0xStack[0x10]	READ	1
0x001b00a3	0x001d7ff8	DATA	1
0x001b00b0	0x001d7ff8	READ	0
0x001b00b0	0x001d7ff9	READ	0
0x001b00b2	0x001b00c4	CONDITIONAL_JUMP	0
0x001b00b4	0x001f9a08	READ	1
0x001b00ba	0x00205038	DATA	0
0x001b00bb	0xStack[0x4]	READ	1
0x001b00be	0x001b01f3	UNCONDITIONAL_JUMP	0
0x001b00c4	0xStack[0x10]	READ	1
0x001b00c7	0x001d8008	DATA	1
0x001b00d4	0x001d8008	READ	0
0x001b00d4	0x001d8009	READ	0
0x001b00d6	0x001b00e8	CONDITIONAL_JUMP	0
0x001b00d8	0x001f9a04	READ	1
0x001b00de	0x0020501c	DATA	0
0x001b00df	0xStack[0x4]	READ	1
0x001b00e2	0x001b01f3	UNCONDITIONAL_JUMP	0
0x001b00e8	0xStack[0x10]	READ	1
0x001b00eb	0x001d801c	DATA	1
0x001b00f8	0x001d801c	READ	0
0x001b00f8	0x001d801d	READ	0
0x001b00fa	0x001b0114	CONDITIONAL_JUMP	0
0x001b00fc	0xStack[0x10]	READ	1
0x001b00ff	0x001d802c	DATA	1
0x001b010c	0x001d802c	READ	0
0x001b010c	0x001d802d	READ	0
0x001b010e	0x001b0208	CONDITIONAL_JUMP	0
0x001b0114	0xStack[0x14]	READ	0
0x001b0118	0x001b02c2	CONDITIONAL_JUMP	0
0x001b011e	0xStack[0xc]	READ	1
0x001b0125	0xStack[-0x14]	WRITE	0
0x001b0129	0xStack[0xc]	READ	1
0x001b0130	0xStack[-0x12]	WRITE	0
0x001b0134	0xStack[0xc]	READ	1
0x001b013a	0xStack[-0x10]	WRITE	0
0x001b013d	0xStack[0xc]	READ	1
0x001b0143	0xStack[-0xc]	WRITE	0
0x001b0146	0xStack[0xc]	READ	1
0x001b014c	0xStack[-0x8]	WRITE	0
0x001b014f	0x001f9220	READ	1
0x001b0155	0x00201928	DATA	0
0x001b0156	0xStack[0x4]	READ	1
0x001b0160	0x001ce960	UNCONDITIONAL_CALL	0
0x001b0165	0xStack[0x10]	READ	1
0x001b0168	0x001d802c	DATA	1
0x001b0179	0x001d802c	READ	0
0x001b0179	0x001d802d	READ	0
0x001b017b	0x001b0187	CONDITIONAL_JUMP	0
0x001b0181	0x001d802c	READ	1
0x001b0181	0x001d802d	READ	1
0x001b018c	0x001b01a5	CONDITIONAL_JUMP	0
0x001b018e	0xStack[-0x14]	DATA	0
0x001b0192	0x001f9a18	READ	1
0x001b0198	0x00205108	DATA	0
0x001b0199	0xStack[0x4]	READ	1
0x001b019d	0x001ce960	UNCONDITIONAL_CALL	0
0x001b01a5	0xStack[-0x10]	DATA	0
0x001b01a9	0xStack[-0x24]	DATA	0
0x001b01ad	0x001a54f8	UNCONDITIONAL_CALL	0
0x001b01b2	0xStack[-0x24]	READ	1
0x001b01b5	0xStack[-0x20]	READ	1
0x001b01c4	0x001b01cb	CONDITIONAL_JUMP	0
0x001b01cc	0xStack[-0x14]	DATA	0
0x001b01d0	0xStack[0xc]	READ	1
0x001b01d6	0x001f9a00	READ	1
0x001b01dc	0x00204ecc	DATA	0
0x001b01dd	0xStack[0x4]	READ	1
0x001b01e1	0x001ce960	UNCONDITIONAL_CALL	0
0x001b01e6	0x001f9474	READ	1
0x001b01ec	0x00202be8	DATA	0
0x001b01f4	0x001ce960	UNCONDITIONAL_CALL	0
0x001b01f9	0xStack[-0x30]	WRITE	0
0x001b0200	0x001b02c2	UNCONDITIONAL_JUMP	0
0x001b0208	0x001f9220	READ	1
0x001b020e	0x00201928	DATA	0
0x001b020f	0xStack[0x4]	READ	1
0x001b0219	0x001ce960	UNCONDITIONAL_CALL	0
0x001b021e	0xStack[0x4]	READ	1
0x001b0234	0x001b0272	CONDITIONAL_JUMP	0
0x001b0236	0xStack[-0x40]	WRITE	0
0x001b0241	0xStack[0x14]	READ	1
0x001b0245	0xStack[0x10]	READ	1
0x001b0249	0xStack[0xc]	READ	1
0x001b024d	0x001f94bc	READ	1
0x001b0253	0x00202a88	DATA	0
0x001b0255	0xStack[-0x3c]	WRITE	0
0x001b0258	0x001ce960	UNCONDITIONAL_CALL	0
0x001b0260	0xStack[-0x3c]	READ	1
0x001b0268	0x001b026d	CONDITIONAL_JUMP	0
0x001b026a	0xStack[-0x30]	WRITE	0
0x001b026d	0xStack[-0x40]	READ	0
0x001b0270	0x001b023c	CONDITIONAL_JUMP	0
0x001b0272	0x001f9474	READ	1
0x001b0278	0x00202be8	DATA	0
0x001b0279	0xStack[0x4]	READ	1
0x001b0283	0x001ce960	UNCONDITIONAL_CALL	0
0x001b028b	0xStack[-0x30]	READ	0
0x001b0292	0x001b02c2	CONDITIONAL_JUMP	0
0x001b0294	0xStack[0x14]	READ	1
0x001b0298	0xStack[0x10]	READ	1
0x001b029c	0xStack[0xc]	READ	1
0x001b02a0	0x001f94bc	READ	1
0x001b02a6	0x00202a88	DATA	0
0x001b02a7	0xStack[0x4]	READ	1
0x001b02aa	0xStack[-0x2c]	WRITE	0
0x001b02ad	0x001fa400	READ	1
0x001b02b3	0x001fdfcd	DATA	1
0x001b02b3	0xStack[-0x28]	WRITE	0
0x001b02b6	0xStack[-0x2c]	DATA	0
0x001b02ba	0x001cea70	UNCONDITIONAL_CALL	0
0x001b02bf	0xStack[-0x30]	WRITE	0
0x001b02c2	0xStack[-0x30]	READ	1
0x001b02c5	0xStack[-0x4c]	DATA	0
0x001b02d9	0xStack[0x4]	READ	1
0x001b038e	0xStack[-0x10]	WRITE	0
0x001b03b0	0xStack[-0x10]	READ	1
0x001b03c4	0xStack[-0x10]	WRITE	0
0x001b03ce	0x001b0398	CONDITIONAL_JUMP	0
0x001b0431	0xStack[-0xc]	DATA	0
0x001b0435	0x001a54f8	UNCONDITIONAL_CALL	0
0x001b043a	0xStack[-0xc]	READ	1
0x001b043d	0xStack[-0x8]	READ	1
0x001b0449	0x001b0450	CONDITIONAL_JUMP	0
0x001b04ad	0xStack[-0x1c]	DATA	0
0x001b04c1	0xStack[0x4]	READ	1
0x001b04ca	0xStack[-0x1c]	WRITE	0
0x001b04db	0xStack[-0x8]	WRITE	0
0x001b04ed	0xStack[-0xc]	WRITE	0
0x001b0504	0xStack[0xc]	READ	1
0x001b050b	0x001b0535	CONDITIONAL_JUMP	0
0x001b050d	0xStack[0x14]	READ	1
0x001b0523	0x001b0535	CONDITIONAL_JUMP	0
0x001b0525	0x001f99cc	READ	1
0x001b052b	0x00205194	DATA	0
0x001b052d	0x001ce960	UNCONDITIONAL_CALL	0
0x001b0535	0xStack[-0x1c]	READ	1
0x001b053b	0xStack[0x14]	READ	0
0x001b053e	0x001b0553	CONDITIONAL_JUMP	0
0x001b0548	0xStack[0x14]	READ	0
0x001b054b	0x001b0553	CONDITIONAL_JUMP	0
0x001b054d	0xStack[0x14]	READ	1
0x001b0553	0xStack[-0x10]	WRITE	0
0x001b0561	0x001b0578	CONDITIONAL_JUMP	0
0x001b0573	0x001b0578	CONDITIONAL_JUMP	0
0x001b0575	0xStack[-0x10]	READ_WRITE	0
0x001b0578	0xStack[-0x1c]	READ	1
0x001b0580	0x001b0614	CONDITIONAL_JUMP	0
0x001b0586	0xStack[-0x8]	READ	0
0x001b0589	0x001b0614	CONDITIONAL_JUMP	0
0x001b058f	0xStack[0xc]	READ	1
0x001b0592	0xStack[-0xc]	READ	1
0x001b0598	0x001b0614	CONDITIONAL_JUMP	0
0x001b05a5	0x001b0614	CONDITIONAL_JUMP	0
0x001b05a7	0xStack[-0xc]	READ	1
0x001b05ad	0xStack[-0x14]	WRITE	0
0x001b05b1	0x001a0d78	UNCONDITIONAL_CALL	0
0x001b05bb	0x001b0614	CONDITIONAL_JUMP	0
0x001b05bd	0xStack[0x10]	READ	1
0x001b05c3	0xStack[-0xc]	READ	1
0x001b05c9	0xStack[0x10]	READ	1
0x001b05d0	0xStack[-0xc]	READ	1
0x001b05d6	0xStack[0x14]	READ	1
0x001b05dc	0xStack[0x18]	READ	0
0x001b05e0	0x001b0605	CONDITIONAL_JUMP	0
0x001b05e2	0xStack[0x18]	READ	1
0x001b05e7	0xStack[-0xc]	READ	1
0x001b05ed	0xStack[0x18]	READ	1
0x001b05f3	0xStack[-0xc]	READ	1
0x001b05f9	0xStack[0x18]	READ	1
0x001b05ff	0xStack[-0xc]	READ	1
0x001b0605	0xStack[-0x14]	READ	1
0x001b0609	0x001a0d68	UNCONDITIONAL_CALL	0
0x001b060e	0x001b084d	UNCONDITIONAL_JUMP	0
0x001b0614	0xStack[-0x1c]	READ	1
0x001b061d	0x001b0828	CONDITIONAL_JUMP	0
0x001b0623	0xStack[0xc]	READ	1
0x001b0629	0xStack[0x10]	READ	1
0x001b0632	0xStack[0x10]	READ	1
0x001b063c	0xStack[-0x1c]	READ	1
0x001b0645	0xStack[0x14]	READ	1
0x001b0652	0xStack[0x18]	READ	0
0x001b0656	0x001b0672	CONDITIONAL_JUMP	0
0x001b0658	0xStack[0x18]	READ	1
0x001b0660	0xStack[0x18]	READ	1
0x001b0669	0xStack[0x18]	READ	1
0x001b0672	0xStack[0xc]	READ	0
0x001b0676	0x001b06f4	CONDITIONAL_JUMP	0
0x001b0678	0x001b0688	CONDITIONAL_JUMP	0
0x001b067a	0xStack[0xc]	READ	0
0x001b067e	0x001b069c	CONDITIONAL_JUMP	0
0x001b0680	0x001b0720	UNCONDITIONAL_JUMP	0
0x001b0688	0xStack[0xc]	READ	0
0x001b068c	0x001b06c8	CONDITIONAL_JUMP	0
0x001b068e	0xStack[0xc]	READ	0
0x001b0692	0x001b070c	CONDITIONAL_JUMP	0
0x001b0694	0x001b0720	UNCONDITIONAL_JUMP	0
0x001b06b5	0x001b06a4	CONDITIONAL_JUMP	0
0x001b06c6	0x001b0720	UNCONDITIONAL_JUMP	0
0x001b06e1	0x001b06d0	CONDITIONAL_JUMP	0
0x001b06f2	0x001b0720	UNCONDITIONAL_JUMP	0
0x001b0708	0x001b0720	UNCONDITIONAL_JUMP	0
0x001b0725	0xStack[0xc]	READ	1
0x001b072c	0x001b0737	CONDITIONAL_JUMP	0
0x001b073c	0xStack[0xc]	READ	1
0x001b0743	0x001b080b	CONDITIONAL_JUMP	0
0x001b0749	0xStack[0x14]	READ	1
0x001b0758	0x001b07d0	CONDITIONAL_JUMP	0
0x001b075a	0xStack[0x10]	READ	1
0x001b0769	0x001b076d	CONDITIONAL_JUMP	0
0x001b0776	0x001b07d0	CONDITIONAL_JUMP	0
0x001b0778	0xStack[0x10]	READ	1
0x001b0788	0x001b078c	CONDITIONAL_JUMP	0
0x001b0795	0x001b07d0	CONDITIONAL_JUMP	0
0x001b0797	0xStack[0xc]	READ	0
0x001b079b	0x001b07a3	CONDITIONAL_JUMP	0
0x001b079d	0xStack[0xc]	READ	0
0x001b07a1	0x001b07c4	CONDITIONAL_JUMP	0
0x001b07a3	0xStack[0x14]	READ	1
0x001b07bf	0x001b080b	UNCONDITIONAL_JUMP	0
0x001b07cd	0x001b080b	UNCONDITIONAL_JUMP	0
0x001b07d0	0xStack[0xc]	READ	0
0x001b07d4	0x001b07dc	CONDITIONAL_JUMP	0
0x001b07d6	0xStack[0xc]	READ	0
0x001b07da	0x001b0804	CONDITIONAL_JUMP	0
0x001b07dc	0xStack[0x10]	READ	1
0x001b07e7	0xStack[0x14]	READ	1
0x001b0801	0x001b080b	UNCONDITIONAL_JUMP	0
0x001b080d	0xStack[-0x1c]	READ	1
0x001b0814	0xStack[-0xc]	READ	1
0x001b081d	0xStack[-0x10]	READ	0
0x001b0821	0x001b084d	CONDITIONAL_JUMP	0
0x001b0823	0x001b0840	UNCONDITIONAL_JUMP	0
0x001b0828	0x001f9228	READ	1
0x001b082e	0x0020193c	DATA	0
0x001b0830	0x001ce960	UNCONDITIONAL_CALL	0
0x001b0836	0x001d80bc	DATA	0
0x001b083b	0x001a5514	UNCONDITIONAL_CALL	0
0x001b0840	0x001f99c8	READ	1
0x001b0846	0x00204eb8	DATA	0
0x001b0848	0x001ce960	UNCONDITIONAL_CALL	0
0x001b084d	0xStack[-0x28]	DATA	0
0x001b0869	0xStack[-0x204]	DATA	0
0x001b086f	0xStack[-0x208]	WRITE	0
0x001b087c	0xStack[0x4]	READ	1
0x001b0885	0xStack[-0x1f8]	WRITE	0
0x001b0888	0xStack[-0x200]	WRITE	0
0x001b0893	0x001588d4	UNCONDITIONAL_CALL	0
0x001b08a0	0x001b0aa3	CONDITIONAL_JUMP	0
0x001b08a6	0x001b08b4	CONDITIONAL_JUMP	0
0x001b08ad	0x001b08bc	CONDITIONAL_JUMP	0
0x001b08af	0x001b08e4	UNCONDITIONAL_JUMP	0
0x001b08b6	0x001b08e4	CONDITIONAL_JUMP	0
0x001b08b8	0x001b090c	UNCONDITIONAL_JUMP	0
0x001b08c2	0x001b08ce	CONDITIONAL_JUMP	0
0x001b08c6	0x001a5458	UNCONDITIONAL_CALL	0
0x001b08ce	0xStack[-0x200]	READ	1
0x001b08d2	0x001a5448	UNCONDITIONAL_CALL	0
0x001b08dc	0x001b0a96	UNCONDITIONAL_JUMP	0
0x001b08e5	0x001f9228	READ	1
0x001b08eb	0x0020193c	DATA	0
0x001b08ec	0xStack[0x4]	READ	1
0x001b08f0	0x001ce960	UNCONDITIONAL_CALL	0
0x001b08f9	0x001d81a0	DATA	0
0x001b08fe	0x001a5514	UNCONDITIONAL_CALL	0
0x001b0906	0x001b0a96	UNCONDITIONAL_JUMP	0
0x001b090c	0xStack[-0x1f8]	READ	1
0x001b090f	0xStack[-0x20c]	WRITE	0
0x001b0915	0xStack[0x4]	READ	1
0x001b091e	0x001b0960	CONDITIONAL_JUMP	0
0x001b0920	0xStack[-0x1e8]	READ	1
0x001b0929	0x001b0a96	CONDITIONAL_JUMP	0
0x001b0931	0x001b0a96	CONDITIONAL_JUMP	0
0x001b0945	0x001f9a44	READ	1
0x001b094b	0x00205088	DATA	0
0x001b094c	0xStack[0x4]	READ	1
0x001b0950	0x001ce960	UNCONDITIONAL_CALL	0
0x001b0958	0x001b0a96	UNCONDITIONAL_JUMP	0
0x001b0962	0xStack[-0x1f0]	READ	0
0x001b0966	0x001b0998	CONDITIONAL_JUMP	0
0x001b0968	0xStack[-0x20c]	READ	1
0x001b096e	0xStack[0x4]	READ	1
0x001b0977	0x001b09bf	CONDITIONAL_JUMP	0
0x001b0979	0xStack[-0x1e8]	DATA	0
0x001b097d	0x001f99b8	READ	1
0x001b0983	0x00204e18	DATA	0
0x001b0984	0xStack[0x4]	READ	1
0x001b0988	0x001ce960	UNCONDITIONAL_CALL	0
0x001b0995	0x001b09bf	UNCONDITIONAL_JUMP	0
0x001b099a	0x001b09b5	CONDITIONAL_JUMP	0
0x001b099c	0xStack[-0x208]	WRITE	0
0x001b09ab	0x001a5448	UNCONDITIONAL_CALL	0
0x001b09b7	0x001bee8c	UNCONDITIONAL_CALL	0
0x001b09c1	0x001b09e4	CONDITIONAL_JUMP	0
0x001b09c3	0xStack[-0x1f0]	READ	1
0x001b09c7	0x001f9228	READ	1
0x001b09cd	0x0020193c	DATA	0
0x001b09ce	0xStack[0x4]	READ	1
0x001b09d2	0x001ce960	UNCONDITIONAL_CALL	0
0x001b09db	0x001d81c0	DATA	0
0x001b09e0	0x001b0a51	UNCONDITIONAL_JUMP	0
0x001b09e4	0xStack[-0x1f4]	READ	0
0x001b09e8	0x001b0a59	CONDITIONAL_JUMP	0
0x001b09ec	0x001b0a79	CONDITIONAL_JUMP	0
0x001b09f5	0xStack[-0x208]	READ	0
0x001b09fb	0x001b0a26	CONDITIONAL_JUMP	0
0x001b09fd	0xStack[-0x208]	READ	1
0x001b0a05	0x001f9228	READ	1
0x001b0a0b	0x0020193c	DATA	0
0x001b0a0c	0xStack[0x4]	READ	1
0x001b0a10	0x001ce960	UNCONDITIONAL_CALL	0
0x001b0a19	0x001d81dc	DATA	0
0x001b0a1e	0x001a5514	UNCONDITIONAL_CALL	0
0x001b0a2b	0x00158774	UNCONDITIONAL_CALL	0
0x001b0a35	0x001b0a59	CONDITIONAL_JUMP	0
0x001b0a38	0x001f9228	READ	1
0x001b0a3e	0x0020193c	DATA	0
0x001b0a3f	0xStack[0x4]	READ	1
0x001b0a43	0x001ce960	UNCONDITIONAL_CALL	0
0x001b0a4c	0x001d8200	DATA	0
0x001b0a51	0x001a5514	UNCONDITIONAL_CALL	0
0x001b0a5b	0x001b0a79	CONDITIONAL_JUMP	0
0x001b0a5d	0xStack[-0x208]	READ	1
0x001b0a65	0x001a5458	UNCONDITIONAL_CALL	0
0x001b0a6c	0xStack[-0x208]	WRITE	0
0x001b0a7f	0x001b0a96	CONDITIONAL_JUMP	0
0x001b0a83	0x001a5458	UNCONDITIONAL_CALL	0
0x001b0a8d	0xStack[-0x204]	DATA	0
0x001b0a9d	0x001b087c	CONDITIONAL_JUMP	0
0x001b0aa3	0x001a9220	UNCONDITIONAL_CALL	0
0x001b0aa8	0xStack[-0x218]	DATA	0
0x001b0abb	0x001e532c	READ	0
0x001b0ac2	0x001b0b4c	CONDITIONAL_JUMP	0
0x001b0ac8	0x001f9210	READ	1
0x001b0ace	0x00201900	DATA	0
0x001b0acf	0xStack[0x4]	READ	1
0x001b0ad3	0x001ce960	UNCONDITIONAL_CALL	0
0x001b0ad8	0x001e532c	WRITE	0
0x001b0ae9	0x001f9478	READ	1
0x001b0aef	0x00202bf0	DATA	0
0x001b0af1	0x001ce960	UNCONDITIONAL_CALL	0
0x001b0af6	0x001d7dec	DATA	0
0x001b0afb	0x001f947c	READ	1
0x001b0b01	0x00202bfc	DATA	0
0x001b0b02	0x001e532c	READ	1
0x001b0b09	0x001ce960	UNCONDITIONAL_CALL	0
0x001b0b11	0x001d7df4	DATA	0
0x001b0b16	0x001f9480	READ	1
0x001b0b1c	0x00202c08	DATA	0
0x001b0b1d	0x001e532c	READ	1
0x001b0b24	0x001ce960	UNCONDITIONAL_CALL	0
0x001b0b29	0x001f924c	READ	1
0x001b0b2f	0x00201a24	DATA	0
0x001b0b30	0x001e532c	READ	1
0x001b0b37	0x001ce960	UNCONDITIONAL_CALL	0
0x001b0b67	0x001e532c	READ	1
0x001b0b77	0xStack[0x4]	READ	1
0x001b0b88	0x001f9a44	READ	1
0x001b0b8e	0x00205088	DATA	0
0x001b0b90	0x001ce960	UNCONDITIONAL_CALL	0
0x001b0b9c	0x00159b58	UNCONDITIONAL_CALL	0
0x001b0ba2	0x001d0508	UNCONDITIONAL_CALL	0
0x001b0bae	0x00159b58	UNCONDITIONAL_CALL	0
0x001b0bb4	0x001d0508	UNCONDITIONAL_CALL	0
0x001b0bc3	0x00159b58	UNCONDITIONAL_CALL	0
0x001b0bc9	0x001d0508	UNCONDITIONAL_CALL	0
0x001b0bd5	0x00159b58	UNCONDITIONAL_CALL	0
0x001b0bdb	0x001d073c	UNCONDITIONAL_CALL	0
0x001b0be0	0x001f921c	READ	1
0x001b0be6	0x00201920	DATA	0
0x001b0bee	0x001ce960	UNCONDITIONAL_CALL	0
0x001b0bf3	0x001f921c	READ	1
0x001b0bf9	0x00201920	DATA	0
0x001b0c01	0x001ce960	UNCONDITIONAL_CALL	0
0x001b0c09	0x001f921c	READ	1
0x001b0c0f	0x00201920	DATA	0
0x001b0c10	0xStack[-0xc]	WRITE	0
0x001b0c13	0x001fa400	READ	1
0x001b0c19	0x001fdfcd	DATA	1
0x001b0c19	0xStack[-0x8]	WRITE	0
0x001b0c1c	0xStack[-0xc]	DATA	0
0x001b0c20	0x001cea70	UNCONDITIONAL_CALL	0
0x001b0c25	0xStack[-0x10]	READ	1
0x001b0c31	0xStack[0x4]	READ	1
0x001b0c3c	0xStack[0xc]	READ	0
0x001b0c3f	0x001b0c48	CONDITIONAL_JUMP	0
0x001b0c46	0x001b0cc4	UNCONDITIONAL_JUMP	0
0x001b0c48	0x001f9220	READ	1
0x001b0c4e	0x00201928	DATA	0
0x001b0c56	0x001ce960	UNCONDITIONAL_CALL	0
0x001b0c65	0x001b0c70	CONDITIONAL_JUMP	0
0x001b0c6c	0x001b0caf	UNCONDITIONAL_JUMP	0
0x001b0c7e	0x001b0c9b	CONDITIONAL_JUMP	0
0x001b0c9b	0xStack[0x10]	READ	1
0x001b0c9f	0x001f9a40	READ	1
0x001b0ca5	0x00204f78	DATA	0
0x001b0ca7	0x001ce960	UNCONDITIONAL_CALL	0
0x001b0caf	0x001f9474	READ	1
0x001b0cb5	0x00202be8	DATA	0
0x001b0cbd	0x001ce960	UNCONDITIONAL_CALL	0
0x001b0cc4	0xStack[-0xc]	DATA	0
0x001b0cd5	0xStack[0x4]	READ	1
0x001b0cd8	0xStack[0x10]	READ	1
0x001b0cdb	0x001f9220	READ	1
0x001b0ce1	0x00201928	DATA	0
0x001b0ce9	0x001ce960	UNCONDITIONAL_CALL	0
0x001b0cf8	0x001b0d02	CONDITIONAL_JUMP	0
0x001b0d00	0x001b0d20	CONDITIONAL_JUMP	0
0x001b0d02	0x001f9474	READ	1
0x001b0d08	0x00202be8	DATA	0
0x001b0d10	0x001ce960	UNCONDITIONAL_CALL	0
0x001b0d1a	0x001b0e02	UNCONDITIONAL_JUMP	0
0x001b0d22	0x001f9a3c	READ	1
0x001b0d28	0x002050a8	DATA	0
0x001b0d2a	0x001ce960	UNCONDITIONAL_CALL	0
0x001b0d2f	0x001f9a38	READ	1
0x001b0d35	0x002050bc	DATA	0
0x001b0d37	0x001ce960	UNCONDITIONAL_CALL	0
0x001b0d3c	0x001f9474	READ	1
0x001b0d42	0x00202be8	DATA	0
0x001b0d4a	0x001ce960	UNCONDITIONAL_CALL	0
0x001b0d4f	0x001f9a34	READ	1
0x001b0d55	0x002050c8	DATA	0
0x001b0d57	0x001ce960	UNCONDITIONAL_CALL	0
0x001b0d66	0x001b0d7f	CONDITIONAL_JUMP	0
0x001b0d6f	0x001f9a30	READ	1
0x001b0d75	0x00204f94	DATA	0
0x001b0d77	0x001ce960	UNCONDITIONAL_CALL	0
0x001b0d7f	0x001f9220	READ	1
0x001b0d85	0x00201928	DATA	0
0x001b0d8d	0x001ce960	UNCONDITIONAL_CALL	0
0x001b0d9d	0x001b0dd7	CONDITIONAL_JUMP	0
0x001b0da7	0x001a5458	UNCONDITIONAL_CALL	0
0x001b0dd9	0x001f9a40	READ	1
0x001b0ddf	0x00204f78	DATA	0
0x001b0de1	0x001ce960	UNCONDITIONAL_CALL	0
0x001b0ded	0x001f9474	READ	1
0x001b0df3	0x00202be8	DATA	0
0x001b0dfb	0x001ce960	UNCONDITIONAL_CALL	0
0x001b0e02	0xStack[-0xc]	DATA	0
0x001b0e14	0xStack[0x4]	READ	1
0x001b0e17	0xStack[0xc]	READ	1
0x001b0e1a	0xStack[0x18]	READ	1
0x001b0e2a	0x001b0e34	CONDITIONAL_JUMP	0
0x001b0e32	0x001b0e40	CONDITIONAL_JUMP	0
0x001b0e39	0x001b0edd	UNCONDITIONAL_JUMP	0
0x001b0e40	0xStack[-0x8]	DATA	0
0x001b0e44	0xStack[0x10]	READ	1
0x001b0e48	0x001a3d0c	UNCONDITIONAL_CALL	0
0x001b0e54	0x001b0ea4	CONDITIONAL_JUMP	0
0x001b0e56	0xStack[0x14]	READ	1
0x001b0e5a	0x001ced1c	UNCONDITIONAL_CALL	0
0x001b0e5f	0xStack[-0x8]	WRITE	0
0x001b0e67	0x001b0e9e	CONDITIONAL_JUMP	0
0x001b0e69	0x001f9a2c	READ	1
0x001b0e6f	0x00202db4	DATA	0
0x001b0e70	0x001f9464	READ	1
0x001b0e76	0x00202a00	DATA	0
0x001b0e78	0x001ce960	UNCONDITIONAL_CALL	0
0x001b0e82	0x001b0e9e	CONDITIONAL_JUMP	0
0x001b0e84	0x001f9a2c	READ	1
0x001b0e8a	0x00202db4	DATA	0
0x001b0e8b	0xStack[-0x8]	READ	1
0x001b0e8f	0x001ce960	UNCONDITIONAL_CALL	0
0x001b0e94	0xStack[-0x8]	WRITE	0
0x001b0e9c	0x001b0ea4	CONDITIONAL_JUMP	0
0x001b0ea0	0x001b0edd	UNCONDITIONAL_JUMP	0
0x001b0ea4	0x001f9a48	READ	1
0x001b0eaa	0x00203c54	DATA	0
0x001b0eab	0x001f9464	READ	1
0x001b0eb1	0x00202a00	DATA	0
0x001b0eb2	0xStack[-0x8]	READ	1
0x001b0eb6	0x001ce960	UNCONDITIONAL_CALL	0
0x001b0ec0	0x001b0ed8	CONDITIONAL_JUMP	0
0x001b0ec2	0x001f9a48	READ	1
0x001b0ec8	0x00203c54	DATA	0
0x001b0ec9	0xStack[-0x8]	READ	1
0x001b0ecd	0x001ce960	UNCONDITIONAL_CALL	0
0x001b0ed6	0x001b0edd	UNCONDITIONAL_JUMP	0
0x001b0edd	0xStack[-0x10]	DATA	0
0x001b0ef1	0xStack[0x4]	READ	1
0x001b0ef9	0xStack[-0x8]	WRITE	0
0x001b0f00	0xStack[0x14]	READ	1
0x001b0f05	0xStack[-0x8]	WRITE	0
0x001b0f08	0x001f9220	READ	1
0x001b0f0e	0x00201928	DATA	0
0x001b0f16	0x001ce960	UNCONDITIONAL_CALL	0
0x001b0f24	0x001b0f5c	UNCONDITIONAL_JUMP	0
0x001b0f2a	0xStack[-0x14]	WRITE	0
0x001b0f30	0xStack[-0x8]	DATA	0
0x001b0f34	0xStack[0x10]	READ	1
0x001b0f38	0xStack[0xc]	READ	1
0x001b0f3c	0x001f9530	READ	1
0x001b0f42	0x00202df8	DATA	0
0x001b0f43	0xStack[-0x14]	READ	1
0x001b0f47	0x001ce960	UNCONDITIONAL_CALL	0
0x001b0f54	0x001b0f5c	CONDITIONAL_JUMP	0
0x001b0f58	0x001b0f66	UNCONDITIONAL_JUMP	0
0x001b0f64	0x001b0f28	CONDITIONAL_JUMP	0
0x001b0f66	0x001f9474	READ	1
0x001b0f6c	0x00202be8	DATA	0
0x001b0f74	0x001ce960	UNCONDITIONAL_CALL	0
0x001b0f82	0x001b0fae	CONDITIONAL_JUMP	0
0x001b0f84	0xStack[-0x8]	DATA	0
0x001b0f88	0xStack[0x10]	READ	1
0x001b0f8c	0xStack[0xc]	READ	1
0x001b0f90	0x001f9530	READ	1
0x001b0f96	0x00202df8	DATA	0
0x001b0f97	0xStack[-0x10]	WRITE	0
0x001b0f9a	0x001fa400	READ	1
0x001b0fa0	0x001fdfcd	DATA	1
0x001b0fa0	0xStack[-0xc]	WRITE	0
0x001b0fa3	0xStack[-0x10]	DATA	0
0x001b0fa7	0x001cea70	UNCONDITIONAL_CALL	0
0x001b0fae	0xStack[-0x8]	READ	1
0x001b0fb1	0xStack[0x14]	READ	1
0x001b0fb8	0xStack[-0x20]	DATA	0
0x001b0fd2	0x001f9220	READ	1
0x001b0fd8	0x00201928	DATA	0
0x001b0fd9	0xStack[0x4]	READ	1
0x001b0fe3	0x001ce960	UNCONDITIONAL_CALL	0
0x001b0fe8	0xStack[0x4]	READ	1
0x001b0ffd	0x001b1032	CONDITIONAL_JUMP	0
0x001b1009	0xStack[0x14]	READ	1
0x001b100d	0xStack[0x10]	READ	1
0x001b1011	0xStack[0xc]	READ	1
0x001b1015	0x001f9538	READ	1
0x001b101b	0x00202dd4	DATA	0
0x001b101d	0x001ce960	UNCONDITIONAL_CALL	0
0x001b102a	0x001b102e	CONDITIONAL_JUMP	0
0x001b1030	0x001b1004	CONDITIONAL_JUMP	0
0x001b1032	0x001f9474	READ	1
0x001b1038	0x00202be8	DATA	0
0x001b1039	0xStack[0x4]	READ	1
0x001b1043	0x001ce960	UNCONDITIONAL_CALL	0
0x001b1051	0x001b1080	CONDITIONAL_JUMP	0
0x001b1053	0xStack[0x14]	READ	1
0x001b1057	0xStack[0x10]	READ	1
0x001b105b	0xStack[0xc]	READ	1
0x001b105f	0x001f9538	READ	1
0x001b1065	0x00202dd4	DATA	0
0x001b1066	0xStack[0x4]	READ	1
0x001b1069	0xStack[-0xc]	WRITE	0
0x001b106c	0x001fa400	READ	1
0x001b1072	0x001fdfcd	DATA	1
0x001b1072	0xStack[-0x8]	WRITE	0
0x001b1075	0xStack[-0xc]	DATA	0
0x001b1079	0x001cea70	UNCONDITIONAL_CALL	0
0x001b1082	0xStack[-0x18]	DATA	0
0x001b1095	0xStack[0x4]	READ	1
0x001b1098	0x001f9220	READ	1
0x001b109e	0x00201928	DATA	0
0x001b10a6	0x001ce960	UNCONDITIONAL_CALL	0
0x001b10b5	0x001b10cc	CONDITIONAL_JUMP	0
0x001b10b7	0x001f9474	READ	1
0x001b10bd	0x00202be8	DATA	0
0x001b10c4	0x001b11a9	UNCONDITIONAL_JUMP	0
0x001b1136	0x001f9474	READ	1
0x001b113c	0x00202be8	DATA	0
0x001b1144	0x001ce960	UNCONDITIONAL_CALL	0
0x001b1149	0x001f9220	READ	1
0x001b114f	0x00201928	DATA	0
0x001b1157	0x001ce960	UNCONDITIONAL_CALL	0
0x001b116d	0x001b119c	CONDITIONAL_JUMP	0
0x001b116f	0xStack[-0x8]	DATA	0
0x001b1172	0xStack[-0xc]	WRITE	0
0x001b117f	0x001d7ff8	DATA	0
0x001b1184	0xStack[-0xc]	READ	1
0x001b1188	0x001f94bc	READ	1
0x001b118e	0x00202a88	DATA	0
0x001b1190	0x001ce960	UNCONDITIONAL_CALL	0
0x001b119a	0x001b1178	CONDITIONAL_JUMP	0
0x001b119c	0x001f9474	READ	1
0x001b11a2	0x00202be8	DATA	0
0x001b11aa	0x001ce960	UNCONDITIONAL_CALL	0
0x001b11b1	0xStack[-0x18]	DATA	0
0x001b11c5	0x001f9220	READ	1
0x001b11cb	0x00201928	DATA	0
0x001b11cc	0xStack[0x4]	READ	1
0x001b11d6	0x001ce960	UNCONDITIONAL_CALL	0
0x001b11db	0xStack[0x4]	READ	1
0x001b11f0	0x001b1219	CONDITIONAL_JUMP	0
0x001b11f2	0xStack[-0x8]	DATA	0
0x001b11ff	0x001d8008	DATA	0
0x001b1205	0x001f94bc	READ	1
0x001b120b	0x00202a88	DATA	0
0x001b120d	0x001ce960	UNCONDITIONAL_CALL	0
0x001b1217	0x001b11f8	CONDITIONAL_JUMP	0
0x001b1219	0x001f9474	READ	1
0x001b121f	0x00202be8	DATA	0
0x001b1220	0xStack[0x4]	READ	1
0x001b122a	0x001ce960	UNCONDITIONAL_CALL	0
0x001b122f	0xStack[0x4]	READ	1
0x001b1232	0xStack[-0x14]	DATA	0
0x001b1242	0xStack[0x4]	READ	1
0x001b1245	0xStack[0x14]	READ	1
0x001b1248	0xStack[0x18]	READ	1
0x001b1252	0x001b1268	CONDITIONAL_JUMP	0
0x001b1265	0x001b12d7	UNCONDITIONAL_JUMP	0
0x001b126f	0x001b127d	CONDITIONAL_JUMP	0
0x001b128f	0xStack[0xc]	READ	1
0x001b1299	0x001b12a4	CONDITIONAL_JUMP	0
0x001b12b9	0xStack[0x10]	READ	1
0x001b12c1	0x001013cc	UNCONDITIONAL_CALL	0
0x001b12d7	0xStack[-0x10]	DATA	0
0x001b12ea	0xStack[0x4]	READ	1
0x001b12ed	0xStack[0xc]	READ	1
0x001b12f6	0x001f9220	READ	1
0x001b12fc	0x00201928	DATA	0
0x001b1304	0x001ce960	UNCONDITIONAL_CALL	0
0x001b1313	0x001b13bc	CONDITIONAL_JUMP	0
0x001b131b	0x001b13bc	CONDITIONAL_JUMP	0
0x001b1327	0x001b1338	CONDITIONAL_JUMP	0
0x001b1329	0x001b13bc	UNCONDITIONAL_JUMP	0
0x001b1336	0x001b1390	UNCONDITIONAL_JUMP	0
0x001b1338	0x001f9a38	READ	1
0x001b133e	0x002050bc	DATA	0
0x001b1340	0x001ce960	UNCONDITIONAL_CALL	0
0x001b1361	0x001b13ac	CONDITIONAL_JUMP	0
0x001b136d	0x001b1390	CONDITIONAL_JUMP	0
0x001b1385	0x001b1330	CONDITIONAL_JUMP	0
0x001b138e	0x001b1380	CONDITIONAL_JUMP	0
0x001b139a	0x001f9a18	READ	1
0x001b13a0	0x00205108	DATA	0
0x001b13a2	0x001ce960	UNCONDITIONAL_CALL	0
0x001b13aa	0x001b13bc	UNCONDITIONAL_JUMP	0
0x001b13ac	0x001f99fc	READ	1
0x001b13b2	0x00205158	DATA	0
0x001b13b4	0x001ce960	UNCONDITIONAL_CALL	0
0x001b13bc	0x001f9474	READ	1
0x001b13c2	0x00202be8	DATA	0
0x001b13ca	0x001ce960	UNCONDITIONAL_CALL	0
0x001b13cf	0xStack[-0x10]	DATA	0
0x001b13e2	0xStack[0x4]	READ	1
0x001b13e5	0xStack[0xc]	READ	1
0x001b13f2	0x001b1400	CONDITIONAL_JUMP	0
0x001b13f9	0x001b152d	UNCONDITIONAL_JUMP	0
0x001b1407	0x001b1472	CONDITIONAL_JUMP	0
0x001b1418	0x001a5448	UNCONDITIONAL_CALL	0
0x001b142b	0x00101600	UNCONDITIONAL_CALL	0
0x001b1474	0x001b1489	CONDITIONAL_JUMP	0
0x001b1487	0x001b1494	CONDITIONAL_JUMP	0
0x001b148e	0x001b152d	UNCONDITIONAL_JUMP	0
0x001b14d6	0x001b14e3	CONDITIONAL_JUMP	0
0x001b14ee	0x001b14fb	CONDITIONAL_JUMP	0
0x001b1506	0x001b1513	CONDITIONAL_JUMP	0
0x001b151e	0x001b152b	CONDITIONAL_JUMP	0
0x001b152d	0xStack[-0x10]	DATA	0
0x001b153b	0xStack[0x4]	READ	1
0x001b1551	0xStack[0x4]	READ	1
0x001b1554	0xStack[0x14]	READ	1
0x001b155d	0xStack[0xc]	READ	0
0x001b1560	0x001b156b	CONDITIONAL_JUMP	0
0x001b1569	0x001b1578	CONDITIONAL_JUMP	0
0x001b1570	0x001b1696	UNCONDITIONAL_JUMP	0
0x001b1578	0xStack[0x10]	READ	0
0x001b157c	0x001b1594	CONDITIONAL_JUMP	0
0x001b1580	0x001b1594	CONDITIONAL_JUMP	0
0x001b1589	0x001b1594	CONDITIONAL_JUMP	0
0x001b1592	0x001b15a0	CONDITIONAL_JUMP	0
0x001b1599	0x001b1696	UNCONDITIONAL_JUMP	0
0x001b15a7	0xStack[-0xc]	DATA	0
0x001b15ab	0xStack[-0x8]	DATA	0
0x001b15b0	0xStack[0x10]	READ	1
0x001b15b4	0x00195558	UNCONDITIONAL_CALL	0
0x001b15c0	0x001b15e8	CONDITIONAL_JUMP	0
0x001b15c3	0x001f9228	READ	1
0x001b15c9	0x0020193c	DATA	0
0x001b15cb	0x001ce960	UNCONDITIONAL_CALL	0
0x001b15d4	0x001d8044	DATA	0
0x001b15d9	0x001a5514	UNCONDITIONAL_CALL	0
0x001b15e0	0x001b1696	UNCONDITIONAL_JUMP	0
0x001b15e8	0x001f9220	READ	1
0x001b15ee	0x00201928	DATA	0
0x001b15f6	0x001ce960	UNCONDITIONAL_CALL	0
0x001b1601	0xStack[0x10]	READ	1
0x001b160a	0xStack[-0xc]	READ	1
0x001b1613	0xStack[-0xc]	READ	1
0x001b1616	0xStack[0x18]	READ	1
0x001b161b	0xStack[-0x8]	READ	1
0x001b1624	0x001f99f8	READ	1
0x001b162a	0x00204f88	DATA	0
0x001b162c	0x001ce960	UNCONDITIONAL_CALL	0
0x001b1631	0x001f9474	READ	1
0x001b1637	0x00202be8	DATA	0
0x001b163f	0x001ce960	UNCONDITIONAL_CALL	0
0x001b1644	0x001f9a08	READ	1
0x001b164a	0x00205038	DATA	0
0x001b164c	0x001ce960	UNCONDITIONAL_CALL	0
0x001b1654	0x001f9a04	READ	1
0x001b165a	0x0020501c	DATA	0
0x001b165c	0x001ce960	UNCONDITIONAL_CALL	0
0x001b1661	0x001f9220	READ	1
0x001b1667	0x00201928	DATA	0
0x001b166f	0x001ce960	UNCONDITIONAL_CALL	0
0x001b1674	0x001f99f4	READ	1
0x001b167a	0x00205164	DATA	0
0x001b167c	0x001ce960	UNCONDITIONAL_CALL	0
0x001b1681	0x001f9474	READ	1
0x001b1687	0x00202be8	DATA	0
0x001b168f	0x001ce960	UNCONDITIONAL_CALL	0
0x001b1696	0xStack[-0x18]	DATA	0
0x001b16a5	0xStack[0x4]	READ	1
0x001b16a8	0xStack[0xc]	READ	1
0x001b16ab	0x001f9220	READ	1
0x001b16b1	0x00201928	DATA	0
0x001b16b9	0x001ce960	UNCONDITIONAL_CALL	0
0x001b16c7	0x001b16db	CONDITIONAL_JUMP	0
0x001b16d0	0x001b16db	CONDITIONAL_JUMP	0
0x001b16d9	0x001b16f8	CONDITIONAL_JUMP	0
0x001b16db	0x001f9474	READ	1
0x001b16e1	0x00202be8	DATA	0
0x001b16e9	0x001ce960	UNCONDITIONAL_CALL	0
0x001b16f3	0x001b1796	UNCONDITIONAL_JUMP	0
0x001b1722	0x001956b0	UNCONDITIONAL_CALL	0
0x001b172e	0x001b174f	CONDITIONAL_JUMP	0
0x001b1731	0x001f9228	READ	1
0x001b1737	0x0020193c	DATA	0
0x001b1739	0x001ce960	UNCONDITIONAL_CALL	0
0x001b1742	0x001d8068	DATA	0
0x001b1747	0x001a5514	UNCONDITIONAL_CALL	0
0x001b1781	0x001f9474	READ	1
0x001b1787	0x00202be8	DATA	0
0x001b178f	0x001ce960	UNCONDITIONAL_CALL	0
0x001b1796	0xStack[-0xc]	DATA	0
0x001b17a6	0xStack[0x4]	READ	1
0x001b17a9	0xStack[0xc]	READ	0
0x001b17ad	0x001b17bc	CONDITIONAL_JUMP	0
0x001b17b9	0x001b17e3	UNCONDITIONAL_JUMP	0
0x001b17bc	0xStack[0xc]	READ	1
0x001b17c5	0x001b17e3	CONDITIONAL_JUMP	0
0x001b17c8	0x001a9274	UNCONDITIONAL_CALL	0
0x001b17db	0x0016d554	UNCONDITIONAL_CALL	0
0x001b17ea	0x001b17f9	CONDITIONAL_JUMP	0
0x001b17ee	0x001a5448	UNCONDITIONAL_CALL	0
0x001b17f9	0xStack[0xc]	READ	1
0x001b1808	0x001e5364	DATA	1
0x001b1813	0x001e5364	READ	1
0x001b1813	0x001e5368	READ	1
0x001b1820	0xStack[-0x10]	DATA	0
0x001b1830	0xStack[0x4]	READ	1
0x001b1833	0xStack[0x10]	READ	1
0x001b183c	0xStack[0xc]	READ	0
0x001b183f	0x001b1848	CONDITIONAL_JUMP	0
0x001b1846	0x001b1859	UNCONDITIONAL_JUMP	0
0x001b184b	0x001b1857	CONDITIONAL_JUMP	0
0x001b184d	0xStack[0x14]	READ	1
0x001b1859	0xStack[-0x8]	READ	1
0x001b1863	0xStack[0x4]	READ	1
0x001b1866	0xStack[0xc]	READ	1
0x001b186c	0x001b1874	CONDITIONAL_JUMP	0
0x001b1883	0xStack[0x4]	READ	1
0x001b1893	0xStack[0x4]	READ	1
0x001b18a6	0xStack[0x4]	READ	1
0x001b18a9	0xStack[0xc]	READ	1
0x001b18ad	0x001f99f0	READ	1
0x001b18b3	0x00204f40	DATA	0
0x001b18b5	0x001ce960	UNCONDITIONAL_CALL	0
0x001b18c1	0x001b18c8	CONDITIONAL_JUMP	0
0x001b18c5	0x001b1918	UNCONDITIONAL_JUMP	0
0x001b18ca	0x001a5448	UNCONDITIONAL_CALL	0
0x001b18d6	0x001b1916	CONDITIONAL_JUMP	0
0x001b18db	0x001d5d90	DATA	0
0x001b18e0	0x001013cc	UNCONDITIONAL_CALL	0
0x001b18e8	0xStack[0xc]	READ	1
0x001b18ee	0xStack[0x10]	READ	1
0x001b18f4	0xStack[0x14]	READ	1
0x001b18fa	0xStack[0x18]	READ	1
0x001b1902	0x001f99ec	READ	1
0x001b1908	0x00204f00	DATA	0
0x001b1909	0x001f99e8	READ	1
0x001b190f	0x00204e60	DATA	0
0x001b1911	0x001ce960	UNCONDITIONAL_CALL	0
0x001b1918	0xStack[-0x10]	DATA	0
0x001b192d	0xStack[0x4]	READ	1
0x001b1930	0xStack[0xc]	READ	1
0x001b1933	0xStack[-0x8]	WRITE	0
0x001b193b	0x00158774	UNCONDITIONAL_CALL	0
0x001b1947	0x001b1968	CONDITIONAL_JUMP	0
0x001b194a	0x001f9228	READ	1
0x001b1950	0x0020193c	DATA	0
0x001b1952	0x001ce960	UNCONDITIONAL_CALL	0
0x001b195b	0x001d808c	DATA	0
0x001b1960	0x001a5514	UNCONDITIONAL_CALL	0
0x001b196b	0x001b198a	CONDITIONAL_JUMP	0
0x001b197a	0x001f99e4	READ	1
0x001b1980	0x00204f50	DATA	0
0x001b1982	0x001ce960	UNCONDITIONAL_CALL	0
0x001b198c	0xStack[-0x8]	READ	1
0x001b1990	0x001a5458	UNCONDITIONAL_CALL	0
0x001b1997	0xStack[-0x14]	DATA	0
0x001b19ad	0xStack[0x4]	READ	1
0x001b19b0	0xStack[0xc]	READ	1
0x001b19b3	0xStack[0x10]	READ	1
0x001b19c9	0x001b1a8f	CONDITIONAL_JUMP	0
0x001b19d8	0xStack[-0x8]	WRITE	0
0x001b19df	0x001b1a8f	CONDITIONAL_JUMP	0
0x001b19e8	0x001b1a28	CONDITIONAL_JUMP	0
0x001b19ea	0x001b19f8	CONDITIONAL_JUMP	0
0x001b19ef	0x001b1a50	CONDITIONAL_JUMP	0
0x001b19f1	0x001b1a8f	UNCONDITIONAL_JUMP	0
0x001b19fb	0x001b1a08	CONDITIONAL_JUMP	0
0x001b1a00	0x001b1a68	CONDITIONAL_JUMP	0
0x001b1a02	0x001b1a8f	UNCONDITIONAL_JUMP	0
0x001b1a19	0xStack[-0x8]	DATA	0
0x001b1a1d	0x001f99e0	READ	1
0x001b1a23	0x001b1a43	UNCONDITIONAL_JUMP	0
0x001b1a39	0xStack[-0x8]	DATA	0
0x001b1a3d	0x001f99dc	READ	1
0x001b1a43	0x00204ae4	DATA	0
0x001b1a43	0x00204acc	DATA	0
0x001b1a47	0x001ce960	UNCONDITIONAL_CALL	0
0x001b1a4c	0x001b1a8f	UNCONDITIONAL_JUMP	0
0x001b1a57	0x001f99d8	READ	1
0x001b1a5d	0x00204afc	DATA	0
0x001b1a61	0x001ce960	UNCONDITIONAL_CALL	0
0x001b1a66	0x001b1a8f	UNCONDITIONAL_JUMP	0
0x001b1a6f	0x001f99d4	READ	1
0x001b1a75	0x00205180	DATA	0
0x001b1a77	0x001ce960	UNCONDITIONAL_CALL	0
0x001b1a80	0x001f99d0	READ	1
0x001b1a86	0x00204ab4	DATA	0
0x001b1a8a	0x001ce960	UNCONDITIONAL_CALL	0
0x001b1a91	0xStack[-0x14]	DATA	0
0x001b1aa0	0xStack[0x4]	READ	1
0x001b1aa3	0x001f9220	READ	1
0x001b1aa9	0x00201928	DATA	0
0x001b1ab1	0x001ce960	UNCONDITIONAL_CALL	0
0x001b1ac0	0x001b1ad8	CONDITIONAL_JUMP	0
0x001b1ac2	0x001f9474	READ	1
0x001b1ac8	0x00202be8	DATA	0
0x001b1ad0	0x001ce960	UNCONDITIONAL_CALL	0
0x001b1ad5	0x001b1b09	UNCONDITIONAL_JUMP	0
0x001b1adf	0x001f9474	READ	1
0x001b1ae5	0x00202be8	DATA	0
0x001b1aed	0x001ce960	UNCONDITIONAL_CALL	0
0x001b1af5	0x001f99c4	READ	1
0x001b1afb	0x00204e9c	DATA	0
0x001b1afc	0x001f99e8	READ	1
0x001b1b02	0x00204e60	DATA	0
0x001b1b04	0x001ce960	UNCONDITIONAL_CALL	0
0x001b1b0b	0xStack[-0x8]	READ	1
0x001b1b18	0xStack[0x4]	READ	1
0x001b1b1b	0x001f9220	READ	1
0x001b1b21	0x00201928	DATA	0
0x001b1b29	0x001ce960	UNCONDITIONAL_CALL	0
0x001b1b35	0x001f9474	READ	1
0x001b1b3b	0x00202be8	DATA	0
0x001b1b43	0x001ce960	UNCONDITIONAL_CALL	0
0x001b1b53	0x00158774	UNCONDITIONAL_CALL	0
0x001b1b5e	0x001b1b80	CONDITIONAL_JUMP	0
0x001b1b62	0x001b1b80	CONDITIONAL_JUMP	0
0x001b1b65	0x001f9228	READ	1
0x001b1b6b	0x0020193c	DATA	0
0x001b1b6d	0x001ce960	UNCONDITIONAL_CALL	0
0x001b1b76	0x001d80e4	DATA	0
0x001b1b7b	0x001a5514	UNCONDITIONAL_CALL	0
0x001b1b82	0xStack[-0x8]	READ	1
0x001b1b92	0xStack[0x10]	READ	1
0x001b1b95	0xStack[-0x10]	WRITE	0
0x001b1b98	0xStack[0xc]	READ	1
0x001b1b9b	0xStack[-0xc]	WRITE	0
0x001b1b9e	0xStack[0x14]	READ	1
0x001b1ba1	0xStack[-0x8]	WRITE	0
0x001b1ba6	0xStack[-0x10]	DATA	0
0x001b1bac	0x001f99c0	READ	1
0x001b1bb2	0x00204e28	DATA	0
0x001b1bb3	0xStack[0x4]	READ	1
0x001b1bb7	0x001ce960	UNCONDITIONAL_CALL	0
0x001b1bc7	0xStack[0x4]	READ	1
0x001b1bca	0xStack[0x10]	READ	1
0x001b1bcd	0xStack[-0x10]	WRITE	0
0x001b1bd0	0xStack[0xc]	READ	1
0x001b1bd3	0xStack[-0xc]	WRITE	0
0x001b1bd6	0xStack[0x14]	READ	1
0x001b1bd9	0xStack[-0x8]	WRITE	0
0x001b1bde	0xStack[-0x10]	DATA	0
0x001b1be4	0x001f99c0	READ	1
0x001b1bea	0x00204e28	DATA	0
0x001b1bec	0x001ce960	UNCONDITIONAL_CALL	0
0x001b1bf3	0xStack[-0x14]	READ	1
0x001b1c01	0xStack[0xc]	READ	1
0x001b1c0a	0x001f9464	READ	1
0x001b1c10	0x00202a00	DATA	0
0x001b1c14	0x001ce960	UNCONDITIONAL_CALL	0
0x001b1c1e	0x001b1c3c	CONDITIONAL_JUMP	0
0x001b1c28	0x001f923c	READ	1
0x001b1c2e	0x00201994	DATA	0
0x001b1c32	0x001ce960	UNCONDITIONAL_CALL	0
0x001b1c39	0x001b1c75	UNCONDITIONAL_JUMP	0
0x001b1c40	0x001d00dc	UNCONDITIONAL_CALL	0
0x001b1c49	0x001ccb5c	UNCONDITIONAL_CALL	0
0x001b1c52	0x001f9228	READ	1
0x001b1c58	0x0020193c	DATA	0
0x001b1c59	0xStack[0x4]	READ	1
0x001b1c5d	0x001ce960	UNCONDITIONAL_CALL	0
0x001b1c66	0x001d8118	DATA	0
0x001b1c6b	0x001a5514	UNCONDITIONAL_CALL	0
0x001b1c75	0xStack[-0xc]	DATA	0
0x001b1c89	0xStack[0x10]	READ	1
0x001b1c8c	0xStack[0x14]	READ	1
0x001b1c8f	0xStack[-0x40]	WRITE	0
0x001b1c92	0xStack[-0x38]	DATA	0
0x001b1c95	0x001e5330	DATA	1
0x001b1ca0	0x001e5330	READ	1
0x001b1ca0	0x001e5334	READ	1
0x001b1ca2	0xStack[-0x2c]	WRITE	0
0x001b1ca9	0xStack[0xc]	READ	1
0x001b1cac	0xStack[-0x1c]	WRITE	0
0x001b1caf	0xStack[-0x40]	READ	0
0x001b1cb3	0x001b1cea	CONDITIONAL_JUMP	0
0x001b1cb5	0x001f9210	READ	1
0x001b1cbb	0x00201900	DATA	0
0x001b1cbc	0x001f9d64	READ	1
0x001b1cc2	0x001fdfbd	DATA	0
0x001b1cc3	0x001ce960	UNCONDITIONAL_CALL	0
0x001b1cc8	0xStack[-0x18]	WRITE	0
0x001b1ccd	0x001f9214	READ	1
0x001b1cd3	0x00201908	DATA	0
0x001b1cd5	0x001ce960	UNCONDITIONAL_CALL	0
0x001b1cda	0xStack[-0x3c]	DATA	0
0x001b1cdd	0xStack[-0x14]	WRITE	0
0x001b1ce0	0xStack[-0x3c]	WRITE	0
0x001b1cec	0xStack[-0x10]	WRITE	0
0x001b1cf2	0xStack[-0xc]	WRITE	0
0x001b1cf8	0xStack[-0x8]	WRITE	0
0x001b1cfb	0x001ded00	READ	1
0x001b1d01	0xStack[-0x28]	WRITE	0
0x001b1d08	0xStack[-0x38]	DATA	0
0x001b1d0c	0x001586d4	UNCONDITIONAL_CALL	0
0x001b1d16	0x001b1d44	CONDITIONAL_JUMP	0
0x001b1d19	0x001f9228	READ	1
0x001b1d1f	0x0020193c	DATA	0
0x001b1d20	0xStack[0x4]	READ	1
0x001b1d24	0x001ce960	UNCONDITIONAL_CALL	0
0x001b1d2d	0x001d8158	DATA	0
0x001b1d32	0x001a5514	UNCONDITIONAL_CALL	0
0x001b1d37	0xStack[-0x3c]	WRITE	0
0x001b1d41	0x001b1d6b	UNCONDITIONAL_JUMP	0
0x001b1d44	0xStack[-0x40]	READ	0
0x001b1d48	0x001b1d64	CONDITIONAL_JUMP	0
0x001b1d4c	0x001f9218	READ	1
0x001b1d52	0x00201914	DATA	0
0x001b1d53	0xStack[-0x18]	READ	1
0x001b1d57	0x001ce960	UNCONDITIONAL_CALL	0
0x001b1d5f	0x001b1d6b	UNCONDITIONAL_JUMP	0
0x001b1d64	0xStack[-0x3c]	WRITE	0
0x001b1d6b	0xStack[-0x40]	READ	0
0x001b1d6f	0x001b1d81	CONDITIONAL_JUMP	0
0x001b1d71	0x001f921c	READ	1
0x001b1d77	0x00201920	DATA	0
0x001b1d78	0xStack[-0x18]	READ	1
0x001b1d7c	0x001ce960	UNCONDITIONAL_CALL	0
0x001b1d81	0xStack[-0x3c]	READ	1
0x001b1d84	0xStack[-0x4c]	DATA	0
0x001b1d94	0xStack[0xc]	READ	1
0x001b1d9c	0x001b1da4	CONDITIONAL_JUMP	0
0x001b1da9	0x001b1dfd	CONDITIONAL_JUMP	0
0x001b1dab	0x001b1db4	CONDITIONAL_JUMP	0
0x001b1db0	0x001b1dce	CONDITIONAL_JUMP	0
0x001b1db2	0x001b1df0	UNCONDITIONAL_JUMP	0
0x001b1db6	0x001f9224	READ	1
0x001b1dbc	0x00201930	DATA	0
0x001b1dc1	0x001ce960	UNCONDITIONAL_CALL	0
0x001b1dc6	0x001a9220	UNCONDITIONAL_CALL	0
0x001b1dd2	0x001f99bc	READ	1
0x001b1dd8	0x00204e48	DATA	0
0x001b1dd9	0xStack[0x4]	READ	1
0x001b1ddd	0x001ce960	UNCONDITIONAL_CALL	0
0x001b1dea	0x001b1dfd	CONDITIONAL_JUMP	0
0x001b1dee	0x001b1dfd	UNCONDITIONAL_JUMP	0
0x001b1df0	0x001d8184	DATA	0
0x001b1df5	0x001a552c	UNCONDITIONAL_CALL	0
0x001b1e02	0x001b1e13	CONDITIONAL_JUMP	0
0x001b1e06	0x001f9224	READ	1
0x001b1e0c	0x00201930	DATA	0
0x001b1e0e	0x001ce960	UNCONDITIONAL_CALL	0
0x001b1e13	0xStack[-0x8]	READ	1
0x001b1e22	0xStack[0x4]	READ	1
0x001b1e25	0x001f9220	READ	1
0x001b1e2b	0x00201928	DATA	0
0x001b1e33	0x001ce960	UNCONDITIONAL_CALL	0
0x001b1e42	0x001b1fc3	CONDITIONAL_JUMP	0
0x001b1e55	0x001a54f8	UNCONDITIONAL_CALL	0
0x001b1e72	0x001b1e79	CONDITIONAL_JUMP	0
0x001b1e83	0x001b1e9d	CONDITIONAL_JUMP	0
0x001b1e8d	0x001f99ac	READ	1
0x001b1e93	0x002051a0	DATA	0
0x001b1e95	0x001ce960	UNCONDITIONAL_CALL	0
0x001b1ea1	0x001a0d78	UNCONDITIONAL_CALL	0
0x001b1eab	0x001b1fb6	CONDITIONAL_JUMP	0
0x001b1eb5	0x001a0d78	UNCONDITIONAL_CALL	0
0x001b1ebf	0x001b1faa	CONDITIONAL_JUMP	0
0x001b1ecd	0x001b1ee6	CONDITIONAL_JUMP	0
0x001b1ee0	0x001b1ee6	CONDITIONAL_JUMP	0
0x001b1eeb	0x001b1f0c	CONDITIONAL_JUMP	0
0x001b1ef2	0x001b1f0c	CONDITIONAL_JUMP	0
0x001b1ef9	0x001b1f0c	CONDITIONAL_JUMP	0
0x001b1f00	0x001b1f43	CONDITIONAL_JUMP	0
0x001b1f02	0x001f99a8	READ	1
0x001b1f08	0x001b1f39	UNCONDITIONAL_JUMP	0
0x001b1f11	0x001b1f43	CONDITIONAL_JUMP	0
0x001b1f21	0x001b1f43	CONDITIONAL_JUMP	0
0x001b1f23	0x001b1f33	CONDITIONAL_JUMP	0
0x001b1f31	0x001b1f43	CONDITIONAL_JUMP	0
0x001b1f33	0x001f99a4	READ	1
0x001b1f39	0x00205368	DATA	0
0x001b1f39	0x00205358	DATA	0
0x001b1f3b	0x001ce960	UNCONDITIONAL_CALL	0
0x001b1f48	0x001b1f7a	CONDITIONAL_JUMP	0
0x001b1f58	0x001b1f7a	CONDITIONAL_JUMP	0
0x001b1f5a	0x001b1f6a	CONDITIONAL_JUMP	0
0x001b1f68	0x001b1f7a	CONDITIONAL_JUMP	0
0x001b1f6a	0x001f99a0	READ	1
0x001b1f70	0x00205344	DATA	0
0x001b1f72	0x001ce960	UNCONDITIONAL_CALL	0
0x001b1f7e	0x001a0d68	UNCONDITIONAL_CALL	0
0x001b1f8f	0x001b1faa	CONDITIONAL_JUMP	0
0x001b1f98	0x001b1faa	CONDITIONAL_JUMP	0
0x001b1f9a	0x001f999c	READ	1
0x001b1fa0	0x00205318	DATA	0
0x001b1fa2	0x001ce960	UNCONDITIONAL_CALL	0
0x001b1fae	0x001a0d68	UNCONDITIONAL_CALL	0
0x001b1fb6	0x001f99f4	READ	1
0x001b1fbc	0x00205164	DATA	0
0x001b1fbe	0x001ce960	UNCONDITIONAL_CALL	0
0x001b1fc3	0x001f9474	READ	1
0x001b1fc9	0x00202be8	DATA	0
0x001b1fd1	0x001ce960	UNCONDITIONAL_CALL	0
0x001b1fd6	0xStack[-0x10]	DATA	0
0x001b1fe9	0xStack[0x4]	READ	1
0x001b1fec	0xStack[-0x8]	WRITE	0
0x001b1ff9	0xStack[-0xc]	WRITE	0
0x001b2003	0x001b200c	CONDITIONAL_JUMP	0
0x001b2007	0x001b2283	UNCONDITIONAL_JUMP	0
0x001b200c	0xStack[-0xc]	READ	1
0x001b2013	0x001a0d78	UNCONDITIONAL_CALL	0
0x001b201d	0x001b203c	CONDITIONAL_JUMP	0
0x001b2026	0x001f99f4	READ	1
0x001b202c	0x00205164	DATA	0
0x001b202e	0x001ce960	UNCONDITIONAL_CALL	0
0x001b2035	0x001b2283	UNCONDITIONAL_JUMP	0
0x001b2057	0xStack[0xc]	READ	1
0x001b2064	0x001b2085	CONDITIONAL_JUMP	0
0x001b206d	0x001b2085	CONDITIONAL_JUMP	0
0x001b207a	0x001b2085	CONDITIONAL_JUMP	0
0x001b2083	0x001b20ec	CONDITIONAL_JUMP	0
0x001b2085	0xStack[0xc]	READ	1
0x001b2089	0x001f9998	READ	1
0x001b208f	0x00205324	DATA	0
0x001b2091	0x001ce960	UNCONDITIONAL_CALL	0
0x001b2096	0xStack[-0x8]	WRITE	0
0x001b209e	0x001b20ec	CONDITIONAL_JUMP	0
0x001b20ad	0x001b20bf	CONDITIONAL_JUMP	0
0x001b20bb	0x001b20bf	CONDITIONAL_JUMP	0
0x001b20bf	0xStack[0xc]	READ	1
0x001b20d3	0x001b20e5	CONDITIONAL_JUMP	0
0x001b20e1	0x001b20e5	CONDITIONAL_JUMP	0
0x001b20e5	0xStack[0xc]	READ	1
0x001b20ec	0xStack[0xc]	READ	1
0x001b20f7	0xStack[-0xc]	READ	1
0x001b20fe	0xStack[0xc]	READ	1
0x001b2104	0x001b2124	CONDITIONAL_JUMP	0
0x001b210e	0x001b2124	CONDITIONAL_JUMP	0
0x001b2116	0x001a0d68	UNCONDITIONAL_CALL	0
0x001b211d	0x001b2283	UNCONDITIONAL_JUMP	0
0x001b2124	0xStack[0xc]	READ	1
0x001b2129	0xStack[-0xc]	READ	1
0x001b212f	0xStack[-0x8]	READ	0
0x001b2133	0x001b218c	CONDITIONAL_JUMP	0
0x001b2135	0x001f9a38	READ	1
0x001b213b	0x002050bc	DATA	0
0x001b213d	0x001ce960	UNCONDITIONAL_CALL	0
0x001b2142	0xStack[-0x8]	READ	1
0x001b2179	0x001f99fc	READ	1
0x001b217f	0x00205158	DATA	0
0x001b2181	0x001ce960	UNCONDITIONAL_CALL	0
0x001b2189	0x001b219c	UNCONDITIONAL_JUMP	0
0x001b218c	0x001f9988	READ	1
0x001b2192	0x002052e0	DATA	0
0x001b2194	0x001ce960	UNCONDITIONAL_CALL	0
0x001b219c	0xStack[-0xc]	READ	1
0x001b21a4	0x001b220b	CONDITIONAL_JUMP	0
0x001b21ac	0x001b21c4	CONDITIONAL_JUMP	0
0x001b21b4	0x001b21c4	CONDITIONAL_JUMP	0
0x001b21b8	0xStack[0x10]	READ	1
0x001b21bc	0xStack[0xc]	READ	1
0x001b21c2	0x001b21fb	UNCONDITIONAL_JUMP	0
0x001b21c4	0xStack[-0xc]	READ	1
0x001b21cc	0x001b21e4	CONDITIONAL_JUMP	0
0x001b21d4	0x001b21e4	CONDITIONAL_JUMP	0
0x001b21d8	0xStack[0x10]	READ	1
0x001b21dc	0xStack[0xc]	READ	1
0x001b21e2	0x001b21fb	UNCONDITIONAL_JUMP	0
0x001b21e4	0xStack[-0xc]	READ	1
0x001b21ed	0x001b220b	CONDITIONAL_JUMP	0
0x001b21f1	0xStack[0x10]	READ	1
0x001b21f5	0xStack[0xc]	READ	1
0x001b21fb	0x001f9a00	READ	1
0x001b2201	0x00204ecc	DATA	0
0x001b2203	0x001ce960	UNCONDITIONAL_CALL	0
0x001b220b	0xStack[-0xc]	READ	1
0x001b2213	0x001b2275	CONDITIONAL_JUMP	0
0x001b2215	0xStack[0xc]	READ	1
0x001b2222	0x001b2243	CONDITIONAL_JUMP	0
0x001b222b	0x001b2243	CONDITIONAL_JUMP	0
0x001b2238	0x001b2243	CONDITIONAL_JUMP	0
0x001b2241	0x001b2275	CONDITIONAL_JUMP	0
0x001b2243	0xStack[-0xc]	READ	1
0x001b224b	0x001b2275	CONDITIONAL_JUMP	0
0x001b224f	0xStack[0x10]	READ	1
0x001b2253	0xStack[0xc]	READ	1
0x001b2259	0x001f9a00	READ	1
0x001b225f	0x00204ecc	DATA	0
0x001b2261	0x001ce960	UNCONDITIONAL_CALL	0
0x001b2266	0xStack[-0xc]	READ	1
0x001b2275	0xStack[-0xc]	READ	1
0x001b227c	0x001a0d68	UNCONDITIONAL_CALL	0
0x001b2283	0xStack[-0x18]	DATA	0
0x001b2294	0xStack[0x4]	READ	1
0x001b229e	0x001b22ae	CONDITIONAL_JUMP	0
0x001b22a1	0x001b34a0	DATA	0
0x001b22a6	0x001604fc	UNCONDITIONAL_CALL	0
0x001b22b0	0xStack[0x10]	READ	1
0x001b22b3	0xStack[0xc]	READ	1
0x001b22b9	0x001b34a0	DATA	0
0x001b22be	0x001604e0	UNCONDITIONAL_CALL	0
0x001b22cc	0xStack[-0x8]	READ	1
0x001b22dd	0xStack[0x4]	READ	1
0x001b22e0	0xStack[-0xc]	DATA	0
0x001b22e4	0x001a54f8	UNCONDITIONAL_CALL	0
0x001b22e9	0xStack[-0xc]	READ	1
0x001b22ec	0xStack[-0x8]	READ	1
0x001b22fe	0xStack[-0x8]	READ	1
0x001b2306	0x001b2315	CONDITIONAL_JUMP	0
0x001b2308	0x001b232f	CONDITIONAL_JUMP	0
0x001b230a	0xStack[-0xc]	READ	1
0x001b2313	0x001b232f	CONDITIONAL_JUMP	0
0x001b2317	0x001b2323	CONDITIONAL_JUMP	0
0x001b2319	0x001b232f	CONDITIONAL_JUMP	0
0x001b2321	0x001b232f	CONDITIONAL_JUMP	0
0x001b2336	0x001b2366	CONDITIONAL_JUMP	0
0x001b2340	0x001b2366	CONDITIONAL_JUMP	0
0x001b2342	0x001b234c	CONDITIONAL_JUMP	0
0x001b234a	0x001b2366	CONDITIONAL_JUMP	0
0x001b2354	0x001b2381	CONDITIONAL_JUMP	0
0x001b2356	0x001b2366	CONDITIONAL_JUMP	0
0x001b2364	0x001b2381	CONDITIONAL_JUMP	0
0x001b2374	0x001f99b0	READ	1
0x001b237a	0x00205388	DATA	0
0x001b237c	0x001ce960	UNCONDITIONAL_CALL	0
0x001b2383	0xStack[-0x18]	DATA	0
0x001b2398	0xStack[0x4]	READ	1
0x001b23a2	0x001b2480	CONDITIONAL_JUMP	0
0x001b23a8	0x001f9220	READ	1
0x001b23ae	0x00201928	DATA	0
0x001b23b6	0x001ce960	UNCONDITIONAL_CALL	0
0x001b23c5	0x001b23dc	CONDITIONAL_JUMP	0
0x001b23c7	0x001f9474	READ	1
0x001b23cd	0x00202be8	DATA	0
0x001b23d4	0x001b247a	UNCONDITIONAL_JUMP	0
0x001b23e5	0xStack[-0x8]	WRITE	0
0x001b23e8	0xStack[-0x8]	DATA	0
0x001b23ec	0x001f9998	READ	1
0x001b23f2	0x00205324	DATA	0
0x001b23f4	0x001ce960	UNCONDITIONAL_CALL	0
0x001b2404	0x001b2418	CONDITIONAL_JUMP	0
0x001b2406	0x001f9474	READ	1
0x001b240c	0x00202be8	DATA	0
0x001b2413	0x001b247a	UNCONDITIONAL_JUMP	0
0x001b2446	0x001f9994	READ	1
0x001b244c	0x002052ec	DATA	0
0x001b244e	0x001ce960	UNCONDITIONAL_CALL	0
0x001b2453	0x001f99fc	READ	1
0x001b2459	0x00205158	DATA	0
0x001b245b	0x001ce960	UNCONDITIONAL_CALL	0
0x001b2460	0x001f9474	READ	1
0x001b2466	0x00202be8	DATA	0
0x001b246e	0x001ce960	UNCONDITIONAL_CALL	0
0x001b2473	0x001f9990	READ	1
0x001b2479	0x002052c4	DATA	0
0x001b247b	0x001ce960	UNCONDITIONAL_CALL	0
0x001b2480	0xStack[-0x10]	DATA	0
0x001b2490	0xStack[0x4]	READ	1
0x001b24a2	0x001f998c	READ	1
0x001b24a8	0x00205334	DATA	0
0x001b24aa	0x001ce960	UNCONDITIONAL_CALL	0
0x001b24f7	0xStack[-0x8]	READ	1
0x001b2504	0xStack[0x4]	READ	1
0x001b2516	0x001f998c	READ	1
0x001b251c	0x00205334	DATA	0
0x001b251e	0x001ce960	UNCONDITIONAL_CALL	0
0x001b254b	0xStack[-0x8]	READ	1
0x001b2558	0xStack[0x4]	READ	1
0x001b2566	0x001f998c	READ	1
0x001b256c	0x00205334	DATA	0
0x001b256e	0x001ce960	UNCONDITIONAL_CALL	0
0x001b2597	0xStack[-0x8]	READ	1
0x001b25a5	0xStack[0x4]	READ	1
0x001b25a8	0xStack[0xc]	READ	1
0x001b25b9	0x001b25bd	CONDITIONAL_JUMP	0
0x001b25c0	0x001f9988	READ	1
0x001b25c6	0x002052e0	DATA	0
0x001b25c8	0x001ce960	UNCONDITIONAL_CALL	0
0x001b25cd	0xStack[-0xc]	DATA	0
0x001b25de	0xStack[0x4]	READ	1
0x001b25e1	0xStack[0xc]	READ	1
0x001b25f4	0x001b2645	CONDITIONAL_JUMP	0
0x001b2605	0x001b263c	CONDITIONAL_JUMP	0
0x001b2612	0x001b263c	CONDITIONAL_JUMP	0
0x001b261c	0x001b263c	CONDITIONAL_JUMP	0
0x001b262a	0x001b263c	CONDITIONAL_JUMP	0
0x001b2634	0x001b263c	CONDITIONAL_JUMP	0
0x001b2638	0x001b264a	UNCONDITIONAL_JUMP	0
0x001b2643	0x001b2600	CONDITIONAL_JUMP	0
0x001b264a	0xStack[-0x10]	DATA	0
0x001b2657	0xStack[0x4]	READ	1
0x001b265a	0xStack[0xc]	READ	1
0x001b265f	0x001b2668	CONDITIONAL_JUMP	0
0x001b2663	0x001b2672	UNCONDITIONAL_JUMP	0
0x001b266b	0x001b2672	CONDITIONAL_JUMP	0
0x001b2678	0x001b269c	CONDITIONAL_JUMP	0
0x001b2687	0x001b269c	CONDITIONAL_JUMP	0
0x001b2689	0x001f9994	READ	1
0x001b268f	0x002052ec	DATA	0
0x001b2691	0x001ce960	UNCONDITIONAL_CALL	0
0x001b26a3	0xStack[0x4]	READ	1
0x001b26b3	0xStack[0x4]	READ	1
0x001b26b6	0xStack[0xc]	READ	1
0x001b26bb	0x001b26c4	CONDITIONAL_JUMP	0
0x001b26bf	0x001b26ce	UNCONDITIONAL_JUMP	0
0x001b26c7	0x001b26ce	CONDITIONAL_JUMP	0
0x001b26d4	0x001b26f8	CONDITIONAL_JUMP	0
0x001b26e3	0x001b26f8	CONDITIONAL_JUMP	0
0x001b26e5	0x001f9994	READ	1
0x001b26eb	0x002052ec	DATA	0
0x001b26ed	0x001ce960	UNCONDITIONAL_CALL	0
0x001b26ff	0xStack[0x4]	READ	1
0x001b270f	0xStack[0x4]	READ	1
0x001b2719	0x001b2729	CONDITIONAL_JUMP	0
0x001b2727	0x001b272f	CONDITIONAL_JUMP	0
0x001b2738	0xStack[0x4]	READ	1
0x001b2742	0x001f9994	READ	1
0x001b2748	0x002052ec	DATA	0
0x001b274a	0x001ce960	UNCONDITIONAL_CALL	0
0x001b2751	0xStack[-0x8]	READ	1
0x001b275c	0xStack[0x4]	READ	1
0x001b2766	0x001f9994	READ	1
0x001b276c	0x002052ec	DATA	0
0x001b276e	0x001ce960	UNCONDITIONAL_CALL	0
0x001b2775	0xStack[-0x8]	READ	1
0x001b2780	0xStack[0x4]	READ	1
0x001b2783	0xStack[0xc]	READ	0
0x001b2787	0x001b27b4	CONDITIONAL_JUMP	0
0x001b2790	0x001b27e8	CONDITIONAL_JUMP	0
0x001b2799	0x001b27aa	CONDITIONAL_JUMP	0
0x001b27aa	0x001f999c	READ	1
0x001b27b0	0x001b27e1	UNCONDITIONAL_JUMP	0
0x001b27bb	0x001b27e8	CONDITIONAL_JUMP	0
0x001b27c4	0x001b27db	CONDITIONAL_JUMP	0
0x001b27db	0x001f99cc	READ	1
0x001b27e1	0x00205194	DATA	0
0x001b27e3	0x001ce960	UNCONDITIONAL_CALL	0
0x001b27ea	0xStack[-0x8]	READ	1
0x001b27f7	0xStack[0x4]	READ	1
0x001b27fa	0xStack[0xc]	READ	1
0x001b27ff	0x001b2808	CONDITIONAL_JUMP	0
0x001b2803	0x001b2812	UNCONDITIONAL_JUMP	0
0x001b280b	0x001b2812	CONDITIONAL_JUMP	0
0x001b2820	0xStack[0x4]	READ	1
0x001b2823	0xStack[0xc]	READ	1
0x001b2827	0x001f9984	READ	1
0x001b282d	0x00205308	DATA	0
0x001b282f	0x001ce960	UNCONDITIONAL_CALL	0
0x001b2841	0x001f9980	READ	1
0x001b2847	0x00204f18	DATA	0
0x001b2849	0x001ce960	UNCONDITIONAL_CALL	0
0x001b284e	0xStack[-0x8]	READ	1
0x001b285b	0xStack[0x4]	READ	1
0x001b286d	0xStack[0x4]	READ	1
0x001b2878	0x001b2898	CONDITIONAL_JUMP	0
0x001b287f	0x001f997c	READ	1
0x001b2885	0x00204eec	DATA	0
0x001b2887	0x001ce960	UNCONDITIONAL_CALL	0
0x001b2896	0x001b287c	CONDITIONAL_JUMP	0
0x001b289a	0xStack[-0xc]	DATA	0
0x001b28a7	0xStack[0x4]	READ	1
0x001b28b3	0x001f997c	READ	1
0x001b28b9	0x00204eec	DATA	0
0x001b28bb	0x001ce960	UNCONDITIONAL_CALL	0
0x001b28c7	0xStack[0x4]	READ	1
0x001b28d3	0x001f997c	READ	1
0x001b28d9	0x00204eec	DATA	0
0x001b28db	0x001ce960	UNCONDITIONAL_CALL	0
0x001b28e7	0xStack[0x4]	READ	1
0x001b28f3	0x001f997c	READ	1
0x001b28f9	0x00204eec	DATA	0
0x001b28fb	0x001ce960	UNCONDITIONAL_CALL	0
0x001b2909	0xStack[0x4]	READ	1
0x001b290c	0x0019554c	UNCONDITIONAL_CALL	0
0x001b2916	0x001b2933	CONDITIONAL_JUMP	0
0x001b291b	0x001f9978	READ	1
0x001b2921	0x002052b0	DATA	0
0x001b2923	0x001ce960	UNCONDITIONAL_CALL	0
0x001b2931	0x001b2918	CONDITIONAL_JUMP	0
0x001b2935	0xStack[-0xc]	DATA	0
0x001b2946	0xStack[0x4]	READ	1
0x001b2949	0xStack[0xc]	READ	1
0x001b294d	0x001ced1c	UNCONDITIONAL_CALL	0
0x001b2959	0x001b2980	CONDITIONAL_JUMP	0
0x001b295c	0x001f9228	READ	1
0x001b2962	0x0020193c	DATA	0
0x001b2964	0x001ce960	UNCONDITIONAL_CALL	0
0x001b296d	0x001d821c	DATA	0
0x001b2972	0x001a5514	UNCONDITIONAL_CALL	0
0x001b2979	0x001b2a2e	UNCONDITIONAL_JUMP	0
0x001b2980	0x001f9a2c	READ	1
0x001b2986	0x00202db4	DATA	0
0x001b2987	0x001f9464	READ	1
0x001b298d	0x00202a00	DATA	0
0x001b298f	0x001ce960	UNCONDITIONAL_CALL	0
0x001b2999	0x001b29bc	CONDITIONAL_JUMP	0
0x001b299c	0x001f9228	READ	1
0x001b29a2	0x0020193c	DATA	0
0x001b29a4	0x001ce960	UNCONDITIONAL_CALL	0
0x001b29ad	0x001d8234	DATA	0
0x001b29b2	0x001a5514	UNCONDITIONAL_CALL	0
0x001b29b9	0x001b2a2e	UNCONDITIONAL_JUMP	0
0x001b29bc	0x001f9a2c	READ	1
0x001b29c2	0x00202db4	DATA	0
0x001b29c4	0x001ce960	UNCONDITIONAL_CALL	0
0x001b29d0	0x001b29f4	CONDITIONAL_JUMP	0
0x001b29d3	0x001f9228	READ	1
0x001b29d9	0x0020193c	DATA	0
0x001b29db	0x001ce960	UNCONDITIONAL_CALL	0
0x001b29e4	0x001d8258	DATA	0
0x001b29e9	0x001a5514	UNCONDITIONAL_CALL	0
0x001b29f0	0x001b2a2e	UNCONDITIONAL_JUMP	0
0x001b29f5	0x001f9974	READ	1
0x001b29fb	0x00205298	DATA	0
0x001b29fd	0x001ce960	UNCONDITIONAL_CALL	0
0x001b2a07	0x001b2a2c	CONDITIONAL_JUMP	0
0x001b2a0a	0x001f9228	READ	1
0x001b2a10	0x0020193c	DATA	0
0x001b2a12	0x001ce960	UNCONDITIONAL_CALL	0
0x001b2a1b	0x001d8270	DATA	0
0x001b2a20	0x001a5514	UNCONDITIONAL_CALL	0
0x001b2a27	0x001b2a2e	UNCONDITIONAL_JUMP	0
0x001b2a2e	0xStack[-0x10]	DATA	0
0x001b2a3e	0xStack[0x4]	READ	1
0x001b2a41	0x001f9220	READ	1
0x001b2a47	0x00201928	DATA	0
0x001b2a4f	0x001ce960	UNCONDITIONAL_CALL	0
0x001b2a63	0x001b2aea	CONDITIONAL_JUMP	0
0x001b2a7a	0x001b2a84	CONDITIONAL_JUMP	0
0x001b2a82	0x001b2a87	UNCONDITIONAL_JUMP	0
0x001b2a89	0x001b2a94	CONDITIONAL_JUMP	0
0x001b2a91	0x001b2a97	UNCONDITIONAL_JUMP	0
0x001b2a97	0x001f9474	READ	1
0x001b2a9d	0x00202be8	DATA	0
0x001b2aa5	0x001ce960	UNCONDITIONAL_CALL	0
0x001b2ab1	0x001b2ac4	CONDITIONAL_JUMP	0
0x001b2ab4	0x001f9518	READ	1
0x001b2aba	0x00202dbc	DATA	0
0x001b2abc	0x001ce960	UNCONDITIONAL_CALL	0
0x001b2ac7	0x001a5458	UNCONDITIONAL_CALL	0
0x001b2acc	0x001f9220	READ	1
0x001b2ad2	0x00201928	DATA	0
0x001b2ada	0x001ce960	UNCONDITIONAL_CALL	0
0x001b2ae8	0x001b2a6c	CONDITIONAL_JUMP	0
0x001b2aea	0x001f9474	READ	1
0x001b2af0	0x00202be8	DATA	0
0x001b2af8	0x001ce960	UNCONDITIONAL_CALL	0
0x001b2aff	0xStack[-0x10]	DATA	0
0x001b2b12	0xStack[0x4]	READ	1
0x001b2b15	0xStack[0xc]	READ	1
0x001b2b19	0x001f9494	READ	1
0x001b2b1f	0x00202c4c	DATA	0
0x001b2b21	0x001ce960	UNCONDITIONAL_CALL	0
0x001b2b2b	0x001b2b34	CONDITIONAL_JUMP	0
0x001b2b2f	0x001b2ba2	UNCONDITIONAL_JUMP	0
0x001b2b36	0x001a5448	UNCONDITIONAL_CALL	0
0x001b2b40	0x00101600	UNCONDITIONAL_CALL	0
0x001b2b47	0x001f9220	READ	1
0x001b2b4d	0x00201928	DATA	0
0x001b2b55	0x001ce960	UNCONDITIONAL_CALL	0
0x001b2b6b	0x001b2b78	CONDITIONAL_JUMP	0
0x001b2b73	0x001b2b7b	UNCONDITIONAL_JUMP	0
0x001b2b8d	0x001f9474	READ	1
0x001b2b93	0x00202be8	DATA	0
0x001b2b9b	0x001ce960	UNCONDITIONAL_CALL	0
0x001b2ba2	0xStack[-0x10]	DATA	0
0x001b2baf	0xStack[0x4]	READ	1
0x001b2bbb	0x001b2bc2	CONDITIONAL_JUMP	0
0x001b2bcd	0xStack[0x4]	READ	1
0x001b2bd0	0xStack[0xc]	READ	1
0x001b2bd4	0x001f9494	READ	1
0x001b2bda	0x00202c4c	DATA	0
0x001b2bdc	0x001ce960	UNCONDITIONAL_CALL	0
0x001b2be6	0x001b2c23	CONDITIONAL_JUMP	0
0x001b2be9	0x001f9490	READ	1
0x001b2bef	0x00202c38	DATA	0
0x001b2bf1	0x001ce960	UNCONDITIONAL_CALL	0
0x001b2bf7	0x001f9228	READ	1
0x001b2bfd	0x0020193c	DATA	0
0x001b2bff	0x001ce960	UNCONDITIONAL_CALL	0
0x001b2c08	0x001f9228	READ	1
0x001b2c0e	0x0020193c	DATA	0
0x001b2c10	0x001ce960	UNCONDITIONAL_CALL	0
0x001b2c19	0x001d8290	DATA	0
0x001b2c1e	0x001a5514	UNCONDITIONAL_CALL	0
0x001b2c23	0xStack[-0xc]	DATA	0
0x001b2c35	0xStack[0xc]	READ	1
0x001b2c38	0xStack[0x10]	READ	1
0x001b2c3b	0xStack[0x14]	READ	1
0x001b2c3e	0xStack[-0xc]	DATA	0
0x001b2c42	0x001a54f8	UNCONDITIONAL_CALL	0
0x001b2c47	0xStack[-0x8]	READ	1
0x001b2c4b	0xStack[-0xc]	READ	1
0x001b2c52	0x001f954c	READ	1
0x001b2c58	0x00203200	DATA	0
0x001b2c59	0xStack[0x4]	READ	1
0x001b2c5d	0x001ce960	UNCONDITIONAL_CALL	0
0x001b2c62	0xStack[-0x18]	DATA	0
0x001b2c75	0xStack[0x4]	READ	1
0x001b2c78	0xStack[0xc]	READ	1
0x001b2c7b	0xStack[0x18]	READ	1
0x001b2c7e	0xStack[0x1c]	READ	1
0x001b2c88	0xStack[-0x8]	WRITE	0
0x001b2c8b	0x001f9220	READ	1
0x001b2c91	0x00201928	DATA	0
0x001b2c99	0x001ce960	UNCONDITIONAL_CALL	0
0x001b2ca8	0x001b2d32	CONDITIONAL_JUMP	0
0x001b2cc1	0x001b2cd7	CONDITIONAL_JUMP	0
0x001b2cc5	0x001b2cd0	CONDITIONAL_JUMP	0
0x001b2cce	0x001b2cd7	UNCONDITIONAL_JUMP	0
0x001b2cd7	0xStack[-0x8]	READ	1
0x001b2cdc	0x001f9970	READ	1
0x001b2ce2	0x002051bc	DATA	0
0x001b2ce4	0x001ce960	UNCONDITIONAL_CALL	0
0x001b2cec	0xStack[0x10]	READ	0
0x001b2cf0	0x001b2cf8	CONDITIONAL_JUMP	0
0x001b2cf2	0xStack[0x14]	READ	0
0x001b2cf6	0x001b2d32	CONDITIONAL_JUMP	0
0x001b2cf8	0xStack[0x10]	READ	1
0x001b2d03	0xStack[0x14]	READ	1
0x001b2d15	0x001b2d32	CONDITIONAL_JUMP	0
0x001b2d17	0xStack[-0x8]	READ	1
0x001b2d22	0x001f99ac	READ	1
0x001b2d28	0x002051a0	DATA	0
0x001b2d2a	0x001ce960	UNCONDITIONAL_CALL	0
0x001b2d32	0x001f9474	READ	1
0x001b2d38	0x00202be8	DATA	0
0x001b2d40	0x001ce960	UNCONDITIONAL_CALL	0
0x001b2d47	0xStack[-0x14]	DATA	0
0x001b2d5d	0xStack[0x4]	READ	1
0x001b2d60	0xStack[0xc]	READ	1
0x001b2d63	0xStack[0x14]	READ	1
0x001b2d66	0xStack[-0x10]	WRITE	0
0x001b2d69	0xStack[-0xc]	DATA	0
0x001b2d6d	0x001a54f8	UNCONDITIONAL_CALL	0
0x001b2d72	0x001f9220	READ	1
0x001b2d78	0x00201928	DATA	0
0x001b2d80	0x001ce960	UNCONDITIONAL_CALL	0
0x001b2d96	0x001b2db0	CONDITIONAL_JUMP	0
0x001b2d98	0x001f9474	READ	1
0x001b2d9e	0x00202be8	DATA	0
0x001b2da6	0x001ce960	UNCONDITIONAL_CALL	0
0x001b2dab	0x001b2e05	UNCONDITIONAL_JUMP	0
0x001b2dc3	0x001b2dd0	CONDITIONAL_JUMP	0
0x001b2dc9	0x001b2dd0	CONDITIONAL_JUMP	0
0x001b2dd0	0x001f9474	READ	1
0x001b2dd6	0x00202be8	DATA	0
0x001b2dde	0x001ce960	UNCONDITIONAL_CALL	0
0x001b2de3	0xStack[-0x8]	READ	1
0x001b2de7	0xStack[-0xc]	READ	1
0x001b2dee	0xStack[-0x10]	READ	1
0x001b2df3	0xStack[0x10]	READ	1
0x001b2df8	0x001f996c	READ	1
0x001b2dfe	0x002051d4	DATA	0
0x001b2e00	0x001ce960	UNCONDITIONAL_CALL	0
0x001b2e07	0xStack[-0x1c]	DATA	0
0x001b2e1d	0xStack[0x4]	READ	1
0x001b2e20	0xStack[0x10]	READ	1
0x001b2e23	0xStack[0x14]	READ	1
0x001b2e26	0xStack[-0xc]	DATA	0
0x001b2e2a	0x001a54f8	UNCONDITIONAL_CALL	0
0x001b2e2f	0xStack[-0x8]	READ	1
0x001b2e33	0xStack[-0xc]	READ	1
0x001b2e39	0xStack[0x18]	READ	1
0x001b2e42	0xStack[0xc]	READ	1
0x001b2e46	0x001f996c	READ	1
0x001b2e4c	0x002051d4	DATA	0
0x001b2e4e	0x001ce960	UNCONDITIONAL_CALL	0
0x001b2e55	0xStack[-0x18]	DATA	0
0x001b2e69	0xStack[0x4]	READ	1
0x001b2e6c	0xStack[0x14]	READ	1
0x001b2e6f	0xStack[-0x14]	WRITE	0
0x001b2e72	0xStack[0x20]	READ	1
0x001b2e75	0xStack[0x24]	READ	1
0x001b2e7f	0xStack[-0x1c]	WRITE	0
0x001b2e82	0xStack[-0x18]	WRITE	0
0x001b2e85	0xStack[-0x1c]	READ	1
0x001b2e88	0x001f9220	READ	1
0x001b2e8e	0x00201928	DATA	0
0x001b2e96	0x001ce960	UNCONDITIONAL_CALL	0
0x001b2ea5	0x001b2ebc	CONDITIONAL_JUMP	0
0x001b2ea7	0x001f9474	READ	1
0x001b2ead	0x00202be8	DATA	0
0x001b2eb5	0x001b2fc8	UNCONDITIONAL_JUMP	0
0x001b2ebc	0xStack[0x18]	READ	1
0x001b2ecc	0xStack[0x10]	READ	1
0x001b2ed2	0x001b2ee1	CONDITIONAL_JUMP	0
0x001b2edf	0x001b2f0d	CONDITIONAL_JUMP	0
0x001b2ee1	0xStack[0x10]	READ	1
0x001b2ef3	0x001b2f0d	CONDITIONAL_JUMP	0
0x001b2efd	0x001f99ac	READ	1
0x001b2f03	0x002051a0	DATA	0
0x001b2f05	0x001ce960	UNCONDITIONAL_CALL	0
0x001b2f0d	0xStack[-0x14]	READ	1
0x001b2f16	0x001b2f52	CONDITIONAL_JUMP	0
0x001b2f1b	0x001b2f6d	CONDITIONAL_JUMP	0
0x001b2f2e	0xStack[-0x10]	DATA	0
0x001b2f32	0x00101600	UNCONDITIONAL_CALL	0
0x001b2f42	0x001f9a00	READ	1
0x001b2f48	0x00204ecc	DATA	0
0x001b2f4a	0x001ce960	UNCONDITIONAL_CALL	0
0x001b2f52	0xStack[-0x14]	READ	0
0x001b2f56	0x001b2f6d	CONDITIONAL_JUMP	0
0x001b2f59	0xStack[0xc]	READ	1
0x001b2f5d	0x001f9970	READ	1
0x001b2f63	0x002051bc	DATA	0
0x001b2f65	0x001ce960	UNCONDITIONAL_CALL	0
0x001b2f6d	0xStack[-0x14]	READ	1
0x001b2f76	0x001b2fb1	CONDITIONAL_JUMP	0
0x001b2f7a	0x001b2fb1	CONDITIONAL_JUMP	0
0x001b2f8d	0xStack[-0x10]	DATA	0
0x001b2f91	0x00101600	UNCONDITIONAL_CALL	0
0x001b2fa1	0x001f9a00	READ	1
0x001b2fa7	0x00204ecc	DATA	0
0x001b2fa9	0x001ce960	UNCONDITIONAL_CALL	0
0x001b2fb1	0xStack[-0x14]	READ	1
0x001b2fba	0x001f9474	READ	1
0x001b2fc0	0x00202be8	DATA	0
0x001b2fc8	0x001ce960	UNCONDITIONAL_CALL	0
0x001b2fcf	0xStack[-0x2c]	DATA	0
0x001b2fe5	0xStack[0x4]	READ	1
0x001b2fe8	0xStack[0x2c]	READ	1
0x001b2feb	0xStack[0x30]	READ	1
0x001b2ff7	0xStack[0x28]	READ	1
0x001b2ffc	0xStack[-0xe]	WRITE	0
0x001b3000	0xStack[0x14]	READ	1
0x001b3004	0xStack[-0x8]	WRITE	0
0x001b3008	0xStack[0x1c]	READ	1
0x001b300c	0xStack[-0xc]	WRITE	0
0x001b3010	0xStack[0x18]	READ	1
0x001b3014	0xStack[-0xa]	WRITE	0
0x001b3018	0xStack[0x24]	READ	1
0x001b301c	0xStack[-0x10]	WRITE	0
0x001b3020	0xStack[0x20]	READ	1
0x001b3024	0xStack[-0x6]	WRITE	0
0x001b3028	0x001f9220	READ	1
0x001b302e	0x00201928	DATA	0
0x001b3036	0x001ce960	UNCONDITIONAL_CALL	0
0x001b3045	0x001b3081	CONDITIONAL_JUMP	0
0x001b3056	0xStack[0x10]	READ	1
0x001b3064	0xStack[-0x10]	DATA	0
0x001b3070	0xStack[0xc]	READ	1
0x001b3074	0x001f9a00	READ	1
0x001b307a	0x00204ecc	DATA	0
0x001b307c	0x001ce960	UNCONDITIONAL_CALL	0
0x001b3081	0x001f9474	READ	1
0x001b3087	0x00202be8	DATA	0
0x001b308f	0x001ce960	UNCONDITIONAL_CALL	0
0x001b3096	0xStack[-0x1c]	DATA	0
0x001b30a9	0xStack[0x4]	READ	1
0x001b30ac	0xStack[-0x14]	WRITE	0
0x001b30b5	0xStack[-0x10]	DATA	0
0x001b30b9	0x00101600	UNCONDITIONAL_CALL	0
0x001b30be	0xStack[0x1c]	READ	1
0x001b30c1	0xStack[0x20]	READ	1
0x001b30cd	0x001f9220	READ	1
0x001b30d3	0x00201928	DATA	0
0x001b30db	0x001ce960	UNCONDITIONAL_CALL	0
0x001b30ea	0x001b3104	CONDITIONAL_JUMP	0
0x001b30ec	0x001f9474	READ	1
0x001b30f2	0x00202be8	DATA	0
0x001b30fa	0x001ce960	UNCONDITIONAL_CALL	0
0x001b30ff	0x001b3289	UNCONDITIONAL_JUMP	0
0x001b3113	0xStack[0x10]	READ	1
0x001b3127	0x001b313b	CONDITIONAL_JUMP	0
0x001b312b	0x001f9a3c	READ	1
0x001b3131	0x002050a8	DATA	0
0x001b3133	0x001ce960	UNCONDITIONAL_CALL	0
0x001b313b	0xStack[0xc]	READ	0
0x001b313f	0x001b3250	CONDITIONAL_JUMP	0
0x001b3145	0xStack[0x18]	READ	0
0x001b3149	0x001b3250	CONDITIONAL_JUMP	0
0x001b314f	0xStack[0x18]	READ	1
0x001b3152	0x001b3178	COMPUTED_JUMP	-1
0x001b3152	0x001b31a8	COMPUTED_JUMP	-1
0x001b3152	0x001b31d8	COMPUTED_JUMP	-1
0x001b3152	0x001b31f0	COMPUTED_JUMP	-1
0x001b3152	0x001b3250	COMPUTED_JUMP	-1
0x001b3152	0x001b322c	COMPUTED_JUMP	-1
0x001b3152	0x001b315c	DATA	0
0x001b315c	0x001b3178	DATA	0
0x001b3160	0x001b31a8	DATA	0
0x001b3164	0x001b31d8	DATA	0
0x001b3168	0x001b31f0	DATA	0
0x001b316c	0x001b3250	DATA	0
0x001b3170	0x001b3250	DATA	0
0x001b3174	0x001b322c	DATA	0
0x001b3178	0xStack[0x12]	READ	0
0x001b317c	0x001b319f	CONDITIONAL_JUMP	0
0x001b317e	0x001f9968	READ	1
0x001b3184	0x002052fc	DATA	0
0x001b3186	0x001ce960	UNCONDITIONAL_CALL	0
0x001b318f	0x001f9984	READ	1
0x001b3195	0x00205308	DATA	0
0x001b3197	0x001ce960	UNCONDITIONAL_CALL	0
0x001b319f	0x001f9968	READ	1
0x001b31a5	0x001b321d	UNCONDITIONAL_JUMP	0
0x001b31a8	0xStack[0x12]	READ	0
0x001b31ac	0x001b31cf	CONDITIONAL_JUMP	0
0x001b31ae	0x001f9968	READ	1
0x001b31b4	0x002052fc	DATA	0
0x001b31b6	0x001ce960	UNCONDITIONAL_CALL	0
0x001b31bf	0x001f9984	READ	1
0x001b31c5	0x00205308	DATA	0
0x001b31c7	0x001ce960	UNCONDITIONAL_CALL	0
0x001b31cf	0x001f9968	READ	1
0x001b31d5	0x001b321d	UNCONDITIONAL_JUMP	0
0x001b31d8	0xStack[0x12]	READ	0
0x001b31dc	0x001b3217	CONDITIONAL_JUMP	0
0x001b31de	0x001f9a28	READ	1
0x001b31e4	0x002050dc	DATA	0
0x001b31e6	0x001ce960	UNCONDITIONAL_CALL	0
0x001b31ee	0x001b3206	UNCONDITIONAL_JUMP	0
0x001b31f0	0xStack[0x12]	READ	0
0x001b31f4	0x001b3217	CONDITIONAL_JUMP	0
0x001b31f6	0x001f9a28	READ	1
0x001b31fc	0x002050dc	DATA	0
0x001b31fe	0x001ce960	UNCONDITIONAL_CALL	0
0x001b3207	0x001f9a14	READ	1
0x001b320d	0x0020511c	DATA	0
0x001b320f	0x001ce960	UNCONDITIONAL_CALL	0
0x001b3217	0x001f9a28	READ	1
0x001b321d	0x002052fc	DATA	0
0x001b321d	0x002050dc	DATA	0
0x001b321f	0x001ce960	UNCONDITIONAL_CALL	0
0x001b3224	0xStack[-0x14]	WRITE	0
0x001b322a	0x001b3250	UNCONDITIONAL_JUMP	0
0x001b322c	0xStack[-0xe]	WRITE	0
0x001b3232	0xStack[-0x10]	DATA	0
0x001b3240	0x001f9a00	READ	1
0x001b3246	0x00204ecc	DATA	0
0x001b3248	0x001ce960	UNCONDITIONAL_CALL	0
0x001b3250	0x001f9474	READ	1
0x001b3256	0x00202be8	DATA	0
0x001b325e	0x001ce960	UNCONDITIONAL_CALL	0
0x001b3266	0xStack[-0x14]	READ	0
0x001b326a	0x001b3289	CONDITIONAL_JUMP	0
0x001b326c	0xStack[-0x14]	READ	1
0x001b3270	0xStack[0x10]	READ	1
0x001b3274	0xStack[0xc]	READ	1
0x001b3278	0xStack[0x18]	READ	1
0x001b327c	0x001f9980	READ	1
0x001b3282	0x00204f18	DATA	0
0x001b3284	0x001ce960	UNCONDITIONAL_CALL	0
0x001b328b	0xStack[-0x20]	DATA	0
0x001b329d	0xStack[0x4]	READ	1
0x001b32a0	0x001f9220	READ	1
0x001b32a6	0x00201928	DATA	0
0x001b32ae	0x001ce960	UNCONDITIONAL_CALL	0
0x001b32bd	0x001b32dc	CONDITIONAL_JUMP	0
0x001b32ce	0xStack[0xc]	READ	1
0x001b32dc	0x001f9474	READ	1
0x001b32e2	0x00202be8	DATA	0
0x001b32ea	0x001ce960	UNCONDITIONAL_CALL	0
0x001b32f1	0xStack[-0xc]	DATA	0
0x001b3301	0xStack[0x4]	READ	1
0x001b3306	0x001f9220	READ	1
0x001b330c	0x00201928	DATA	0
0x001b3314	0x001ce960	UNCONDITIONAL_CALL	0
0x001b3323	0x001b332e	CONDITIONAL_JUMP	0
0x001b332e	0x001f9474	READ	1
0x001b3334	0x00202be8	DATA	0
0x001b333c	0x001ce960	UNCONDITIONAL_CALL	0
0x001b3343	0xStack[-0xc]	DATA	0
0x001b3352	0xStack[0x4]	READ	1
0x001b3355	0xStack[0x10]	READ	1
0x001b3364	0xStack[0xc]	READ	1
0x001b336c	0x001b33dd	CONDITIONAL_JUMP	0
0x001b3370	0x001b3390	CONDITIONAL_JUMP	0
0x001b337b	0x001f9a00	READ	1
0x001b3381	0x00204ecc	DATA	0
0x001b3383	0x001ce960	UNCONDITIONAL_CALL	0
0x001b338d	0x001b33ab	UNCONDITIONAL_JUMP	0
0x001b3399	0x001f9a00	READ	1
0x001b339f	0x00204ecc	DATA	0
0x001b33a1	0x001ce960	UNCONDITIONAL_CALL	0
0x001b33c8	0x001b33d4	CONDITIONAL_JUMP	0
0x001b33d0	0x001b33da	UNCONDITIONAL_JUMP	0
0x001b33e3	0xStack[0xc]	READ	1
0x001b33eb	0x001b342e	CONDITIONAL_JUMP	0
0x001b33ef	0x001b3410	CONDITIONAL_JUMP	0
0x001b33fa	0x001f9a00	READ	1
0x001b3400	0x00204ecc	DATA	0
0x001b3402	0x001ce960	UNCONDITIONAL_CALL	0
0x001b340c	0x001b342b	UNCONDITIONAL_JUMP	0
0x001b3419	0x001f9a00	READ	1
0x001b341f	0x00204ecc	DATA	0
0x001b3421	0x001ce960	UNCONDITIONAL_CALL	0
0x001b3430	0xStack[-0x10]	DATA	0
0x001b3445	0xStack[0x4]	READ	1
0x001b3448	0xStack[0xc]	READ	1
0x001b3452	0x001b3496	CONDITIONAL_JUMP	0
0x001b3463	0x001b3496	CONDITIONAL_JUMP	0
0x001b3465	0xStack[-0xc]	DATA	0
0x001b3469	0x001a54f8	UNCONDITIONAL_CALL	0
0x001b346e	0xStack[-0xc]	READ	1
0x001b3471	0xStack[-0x8]	READ	1
0x001b3480	0x001b3487	CONDITIONAL_JUMP	0
0x001b3489	0x001f99ac	READ	1
0x001b348f	0x002051a0	DATA	0
0x001b3491	0x001ce960	UNCONDITIONAL_CALL	0
0x001b3496	0xStack[-0x18]	DATA	0
0x001b34a3	0xStack[0x4]	READ	1
0x001b34ad	0x001f99b4	READ	1
0x001b34b3	0x00205378	DATA	0
0x001b34b5	0x001ce960	UNCONDITIONAL_CALL	0
0x001b34c7	0xStack[0x10]	READ	1
0x001b34ca	0xStack[0x18]	READ	1
0x001b34cd	0xStack[-0x8]	WRITE	0
0x001b34d2	0x001f9964	READ	1
0x001b34d8	0x00204e0c	DATA	0
0x001b34d9	0x001f9dc8	READ	1
0x001b34df	0x001fea7c	DATA	0
0x001b34e0	0x001ce960	UNCONDITIONAL_CALL	0
0x001b34ec	0x001b34f8	CONDITIONAL_JUMP	0
0x001b34f3	0x001b351a	UNCONDITIONAL_JUMP	0
0x001b34f8	0xStack[-0x8]	DATA	0
0x001b34fc	0xStack[0xc]	READ	1
0x001b3500	0xStack[0x14]	READ	1
0x001b3504	0x001f9528	READ	1
0x001b350a	0x00202e1c	DATA	0
0x001b350c	0x001ce960	UNCONDITIONAL_CALL	0
0x001b3513	0x001b351a	CONDITIONAL_JUMP	0
0x001b3515	0xStack[-0x8]	READ	1
0x001b351a	0xStack[-0xc]	READ	1
0x001b352b	0xStack[0x10]	READ	1
0x001b352e	0xStack[0x18]	READ	1
0x001b3531	0xStack[-0x8]	WRITE	0
0x001b3536	0x001f9964	READ	1
0x001b353c	0x00204e0c	DATA	0
0x001b353d	0x001f9dc8	READ	1
0x001b3543	0x001fea7c	DATA	0
0x001b3544	0x001ce960	UNCONDITIONAL_CALL	0
0x001b3550	0x001b355c	CONDITIONAL_JUMP	0
0x001b3557	0x001b357e	UNCONDITIONAL_JUMP	0
0x001b355c	0xStack[-0x8]	DATA	0
0x001b3560	0xStack[0xc]	READ	1
0x001b3564	0xStack[0x14]	READ	1
0x001b3568	0x001f9530	READ	1
0x001b356e	0x00202df8	DATA	0
0x001b3570	0x001ce960	UNCONDITIONAL_CALL	0
0x001b3577	0x001b357e	CONDITIONAL_JUMP	0
0x001b3579	0xStack[-0x8]	READ	1
0x001b357e	0xStack[-0xc]	READ	1
0x001b358d	0xStack[0xc]	READ	1
0x001b3590	0x001f9964	READ	1
0x001b3596	0x00204e0c	DATA	0
0x001b3597	0x001f9dc8	READ	1
0x001b359d	0x001fea7c	DATA	0
0x001b359e	0x001ce960	UNCONDITIONAL_CALL	0
0x001b35aa	0x001b35b4	CONDITIONAL_JUMP	0
0x001b35b1	0x001b35fa	UNCONDITIONAL_JUMP	0
0x001b35b6	0x001d82b4	DATA	0
0x001b35bc	0x00101efc	UNCONDITIONAL_CALL	0
0x001b35c6	0x001b35e4	CONDITIONAL_JUMP	0
0x001b35c8	0x001f9960	READ	1
0x001b35ce	0x00204b30	DATA	0
0x001b35d0	0x001ce960	UNCONDITIONAL_CALL	0
0x001b35d8	0xStack[0x4]	READ	0
0x001b35db	0x001b35e4	CONDITIONAL_JUMP	0
0x001b35e2	0x001b35fa	UNCONDITIONAL_JUMP	0
0x001b35e4	0xStack[0x14]	READ	1
0x001b35e9	0xStack[0x10]	READ	1
0x001b35ed	0x001f94bc	READ	1
0x001b35f3	0x00202a88	DATA	0
0x001b35f5	0x001ce960	UNCONDITIONAL_CALL	0
0x001b35fa	0xStack[-0xc]	DATA	0
0x001b3609	0xStack[0xc]	READ	1
0x001b360c	0x001f9964	READ	1
0x001b3612	0x00204e0c	DATA	0
0x001b3613	0x001f9dc8	READ	1
0x001b3619	0x001fea7c	DATA	0
0x001b361a	0x001ce960	UNCONDITIONAL_CALL	0
0x001b3626	0x001b3630	CONDITIONAL_JUMP	0
0x001b362d	0x001b3676	UNCONDITIONAL_JUMP	0
0x001b3632	0x001d82b4	DATA	0
0x001b3638	0x00101efc	UNCONDITIONAL_CALL	0
0x001b3642	0x001b3660	CONDITIONAL_JUMP	0
0x001b3644	0x001f9960	READ	1
0x001b364a	0x00204b30	DATA	0
0x001b364c	0x001ce960	UNCONDITIONAL_CALL	0
0x001b3654	0xStack[0x4]	READ	0
0x001b3657	0x001b3660	CONDITIONAL_JUMP	0
0x001b365e	0x001b3676	UNCONDITIONAL_JUMP	0
0x001b3660	0xStack[0x14]	READ	1
0x001b3665	0xStack[0x10]	READ	1
0x001b3669	0x001f9538	READ	1
0x001b366f	0x00202dd4	DATA	0
0x001b3671	0x001ce960	UNCONDITIONAL_CALL	0
0x001b3676	0xStack[-0xc]	DATA	0
0x001b3683	0xStack[0x8]	READ	1
0x001b3687	0xStack[0x4]	READ	1
0x001b368b	0x001f995c	READ	1
0x001b3691	0x00205098	DATA	0
0x001b3692	0x001f9964	READ	1
0x001b3698	0x00204e0c	DATA	0
0x001b3699	0x001f9dc8	READ	1
0x001b369f	0x001fea7c	DATA	0
0x001b36a0	0x001ce960	UNCONDITIONAL_CALL	0
0x001b36a9	0x001ce960	UNCONDITIONAL_CALL	0
0x001b36b7	0xStack[0x8]	READ	1
0x001b36bb	0xStack[0x4]	READ	1
0x001b36bf	0x001f9a44	READ	1
0x001b36c5	0x00205088	DATA	0
0x001b36c6	0x001f9964	READ	1
0x001b36cc	0x00204e0c	DATA	0
0x001b36cd	0x001f9dc8	READ	1
0x001b36d3	0x001fea7c	DATA	0
0x001b36d4	0x001ce960	UNCONDITIONAL_CALL	0
0x001b36dd	0x001ce960	UNCONDITIONAL_CALL	0
0x001b36eb	0xStack[0xc]	READ	1
0x001b36ef	0xStack[0x8]	READ	1
0x001b36f3	0xStack[0x4]	READ	1
0x001b36f7	0x001f99e4	READ	1
0x001b36fd	0x00204f50	DATA	0
0x001b36fe	0x001f9964	READ	1
0x001b3704	0x00204e0c	DATA	0
0x001b3705	0x001f9dc8	READ	1
0x001b370b	0x001fea7c	DATA	0
0x001b370c	0x001ce960	UNCONDITIONAL_CALL	0
0x001b3715	0x001ce960	UNCONDITIONAL_CALL	0
0x001b3723	0xStack[0x14]	READ	1
0x001b3727	0xStack[0x10]	READ	1
0x001b372b	0xStack[0xc]	READ	1
0x001b372f	0xStack[0x8]	READ	1
0x001b3733	0x001f9958	READ	1
0x001b3739	0x00204fa8	DATA	0
0x001b373a	0x001f9964	READ	1
0x001b3740	0x00204e0c	DATA	0
0x001b3741	0x001f9dc8	READ	1
0x001b3747	0x001fea7c	DATA	0
0x001b3748	0x001ce960	UNCONDITIONAL_CALL	0
0x001b3751	0x001ce960	UNCONDITIONAL_CALL	0
0x001b375f	0xStack[0x14]	READ	1
0x001b3763	0xStack[0x10]	READ	1
0x001b3767	0xStack[0xc]	READ	1
0x001b376b	0xStack[0x8]	READ	1
0x001b376f	0x001f9954	READ	1
0x001b3775	0x00205050	DATA	0
0x001b3776	0x001f9964	READ	1
0x001b377c	0x00204e0c	DATA	0
0x001b377d	0x001f9dc8	READ	1
0x001b3783	0x001fea7c	DATA	0
0x001b3784	0x001ce960	UNCONDITIONAL_CALL	0
0x001b378d	0x001ce960	UNCONDITIONAL_CALL	0
0x001b379b	0xStack[0x4]	READ	1
0x001b37a1	0x001b37b6	CONDITIONAL_JUMP	0
0x001b37a3	0xStack[0x8]	READ	1
0x001b37ac	0x001d5dc8	DATA	1
0x001b37bf	0xStack[0xc]	READ	1
0x001b37c3	0x001f9974	READ	1
0x001b37c9	0x00205298	DATA	0
0x001b37ca	0x001f9964	READ	1
0x001b37d0	0x00204e0c	DATA	0
0x001b37d1	0x001f9dc8	READ	1
0x001b37d7	0x001fea7c	DATA	0
0x001b37d8	0x001ce960	UNCONDITIONAL_CALL	0
0x001b37e1	0x001ce960	UNCONDITIONAL_CALL	0
0x001b37f3	0xStack[0x4]	READ	1
0x001b37f6	0x001f924c	READ	1
0x001b37fc	0x00201a24	DATA	0
0x001b37fd	0xStack[-0xc]	WRITE	0
0x001b3800	0x001fa428	READ	1
0x001b3806	0x001fdfcd	DATA	1
0x001b3806	0xStack[-0x8]	WRITE	0
0x001b3809	0xStack[-0xc]	DATA	0
0x001b380d	0x001cea70	UNCONDITIONAL_CALL	0
0x001b3831	0x001b3843	CONDITIONAL_JUMP	0
0x001b3833	0x001f921c	READ	1
0x001b3839	0x00201920	DATA	0
0x001b383b	0x001ce960	UNCONDITIONAL_CALL	0
0x001b3843	0x001f9468	READ	1
0x001b3849	0x00202a84	DATA	0
0x001b384a	0x001f9da4	READ	1
0x001b3850	0x001fe4a1	DATA	0
0x001b3851	0x001ce960	UNCONDITIONAL_CALL	0
0x001b385e	0xStack[-0x10]	READ	1
0x001b386f	0xStack[0x4]	READ	1
0x001b387a	0x001b388c	CONDITIONAL_JUMP	0
0x001b387c	0x001f921c	READ	1
0x001b3882	0x00201920	DATA	0
0x001b3884	0x001ce960	UNCONDITIONAL_CALL	0
0x001b388c	0x001f921c	READ	1
0x001b3892	0x00201920	DATA	0
0x001b3893	0xStack[-0xc]	WRITE	0
0x001b3896	0x001fa428	READ	1
0x001b389c	0x001fdfcd	DATA	1
0x001b389c	0xStack[-0x8]	WRITE	0
0x001b389f	0xStack[-0xc]	DATA	0
0x001b38a3	0x001cea70	UNCONDITIONAL_CALL	0
0x001b38a8	0xStack[-0x10]	READ	1
0x001b38b3	0xStack[0x4]	READ	1
0x001b38c3	0xStack[0x4]	READ	1
0x001b38d6	0xStack[0x4]	READ	1
0x001b38d9	0xStack[0xc]	READ	1
0x001b38dc	0x001f9220	READ	1
0x001b38e2	0x00201928	DATA	0
0x001b38ea	0x001ce960	UNCONDITIONAL_CALL	0
0x001b38fa	0x001b3960	CONDITIONAL_JUMP	0
0x001b38fc	0x001f9518	READ	1
0x001b3902	0x00202dbc	DATA	0
0x001b3903	0x001f9464	READ	1
0x001b3909	0x00202a00	DATA	0
0x001b390b	0x001ce960	UNCONDITIONAL_CALL	0
0x001b3915	0x001b3934	CONDITIONAL_JUMP	0
0x001b3918	0x001f9518	READ	1
0x001b391e	0x00202dbc	DATA	0
0x001b3926	0x001ce960	UNCONDITIONAL_CALL	0
0x001b3930	0x001b3954	UNCONDITIONAL_JUMP	0
0x001b3934	0x001f9228	READ	1
0x001b393a	0x0020193c	DATA	0
0x001b393c	0x001ce960	UNCONDITIONAL_CALL	0
0x001b3942	0x001d82b8	DATA	0
0x001b3947	0x001a5514	UNCONDITIONAL_CALL	0
0x001b3956	0x001b3968	CONDITIONAL_JUMP	0
0x001b395e	0x001b3968	UNCONDITIONAL_JUMP	0
0x001b3968	0x001f9474	READ	1
0x001b396e	0x00202be8	DATA	0
0x001b3976	0x001ce960	UNCONDITIONAL_CALL	0
0x001b397d	0xStack[-0x10]	DATA	0
0x001b398e	0xStack[0x4]	READ	1
0x001b3991	0xStack[0xc]	READ	1
0x001b3994	0x001f9220	READ	1
0x001b399a	0x00201928	DATA	0
0x001b39a2	0x001ce960	UNCONDITIONAL_CALL	0
0x001b39b0	0x001b39c0	CONDITIONAL_JUMP	0
0x001b39be	0x001b39c5	UNCONDITIONAL_JUMP	0
0x001b39c5	0x001f9474	READ	1
0x001b39cb	0x00202be8	DATA	0
0x001b39d3	0x001ce960	UNCONDITIONAL_CALL	0
0x001b39dd	0x001b3a38	CONDITIONAL_JUMP	0
0x001b39e7	0x001b3a38	CONDITIONAL_JUMP	0
0x001b39eb	0x001b3a38	CONDITIONAL_JUMP	0
0x001b39ed	0x001f9950	READ	1
0x001b39f3	0x00202af4	DATA	0
0x001b39f4	0x001f9464	READ	1
0x001b39fa	0x00202a00	DATA	0
0x001b39fc	0x001ce960	UNCONDITIONAL_CALL	0
0x001b3a06	0x001b3a20	CONDITIONAL_JUMP	0
0x001b3a09	0x001f9950	READ	1
0x001b3a0f	0x00202af4	DATA	0
0x001b3a17	0x001ce960	UNCONDITIONAL_CALL	0
0x001b3a1c	0x001b3a38	UNCONDITIONAL_JUMP	0
0x001b3a20	0x001f9228	READ	1
0x001b3a26	0x0020193c	DATA	0
0x001b3a28	0x001ce960	UNCONDITIONAL_CALL	0
0x001b3a2e	0x001d82ec	DATA	0
0x001b3a33	0x001a5514	UNCONDITIONAL_CALL	0
0x001b3a3a	0xStack[-0x10]	DATA	0
0x001b3a49	0xStack[0x4]	READ	1
0x001b3a4c	0xStack[0xc]	READ	1
0x001b3a4f	0x001f9220	READ	1
0x001b3a55	0x00201928	DATA	0
0x001b3a5d	0x001ce960	UNCONDITIONAL_CALL	0
0x001b3a6d	0x001b3a7c	CONDITIONAL_JUMP	0
0x001b3a71	0x001b3a7c	CONDITIONAL_JUMP	0
0x001b3a78	0x001b3a84	UNCONDITIONAL_JUMP	0
0x001b3a84	0x001f9474	READ	1
0x001b3a8a	0x00202be8	DATA	0
0x001b3a92	0x001ce960	UNCONDITIONAL_CALL	0
0x001b3a99	0xStack[-0xc]	DATA	0
0x001b3aad	0xStack[0x10]	READ	1
0x001b3ab0	0xStack[-0x18]	WRITE	0
0x001b3abc	0xStack[0x14]	READ	1
0x001b3ac0	0x00101600	UNCONDITIONAL_CALL	0
0x001b3ae3	0xStack[0xc]	READ	1
0x001b3ae8	0xStack[-0xc]	WRITE	0
0x001b3aeb	0xStack[0xc]	READ	1
0x001b3aee	0xStack[-0x10]	WRITE	0
0x001b3af1	0xStack[-0x8]	WRITE	0
0x001b3af8	0xStack[0x14]	READ	1
0x001b3b07	0xStack[-0x10]	READ	1
0x001b3b0a	0xStack[-0xc]	READ	0
0x001b3b0d	0x001b3b14	CONDITIONAL_JUMP	0
0x001b3b11	0x001b3b2a	UNCONDITIONAL_JUMP	0
0x001b3b14	0xStack[-0x8]	READ	0
0x001b3b18	0x001b3b24	CONDITIONAL_JUMP	0
0x001b3b1d	0xStack[-0x10]	READ_WRITE	0
0x001b3b21	0x001b3b2a	UNCONDITIONAL_JUMP	0
0x001b3b27	0xStack[-0x10]	READ_WRITE	0
0x001b3b2a	0xStack[-0x8]	WRITE	0
0x001b3b2d	0xStack[0x14]	READ	1
0x001b3b33	0xStack[-0x10]	READ	1
0x001b3b36	0xStack[-0xc]	READ	0
0x001b3b39	0x001b3b44	CONDITIONAL_JUMP	0
0x001b3b3b	0xStack[-0x20]	WRITE	0
0x001b3b42	0x001b3b5d	UNCONDITIONAL_JUMP	0
0x001b3b44	0xStack[-0x8]	READ	0
0x001b3b48	0x001b3b54	CONDITIONAL_JUMP	0
0x001b3b4d	0xStack[-0x10]	READ_WRITE	0
0x001b3b51	0x001b3b5a	UNCONDITIONAL_JUMP	0
0x001b3b57	0xStack[-0x10]	READ_WRITE	0
0x001b3b5a	0xStack[-0x20]	WRITE	0
0x001b3b5f	0xStack[-0x20]	READ	0
0x001b3b62	0x001b3c4e	CONDITIONAL_JUMP	0
0x001b3b68	0xStack[-0x10]	READ	1
0x001b3b6b	0xStack[-0xc]	READ	0
0x001b3b6e	0x001b3b74	CONDITIONAL_JUMP	0
0x001b3b72	0x001b3b8c	UNCONDITIONAL_JUMP	0
0x001b3b74	0xStack[-0x8]	READ	0
0x001b3b78	0x001b3b84	CONDITIONAL_JUMP	0
0x001b3b7d	0xStack[-0x10]	READ_WRITE	0
0x001b3b81	0x001b3b8a	UNCONDITIONAL_JUMP	0
0x001b3b87	0xStack[-0x10]	READ_WRITE	0
0x001b3b8f	0x001b3f34	CONDITIONAL_JUMP	0
0x001b3b95	0xStack[0x14]	READ	1
0x001b3b9e	0x001b3ba6	CONDITIONAL_JUMP	0
0x001b3ba6	0xStack[-0x10]	READ	1
0x001b3ba9	0xStack[0x14]	READ	1
0x001b3bb3	0xStack[-0x24]	WRITE	0
0x001b3bba	0xStack[-0x10]	READ	1
0x001b3bbd	0xStack[-0xc]	READ	0
0x001b3bc0	0x001b3bcc	CONDITIONAL_JUMP	0
0x001b3bc2	0xStack[-0x14]	WRITE	0
0x001b3bc9	0x001b3be5	UNCONDITIONAL_JUMP	0
0x001b3bcc	0xStack[-0x8]	READ	0
0x001b3bd0	0x001b3bdc	CONDITIONAL_JUMP	0
0x001b3bd5	0xStack[-0x10]	READ_WRITE	0
0x001b3bd9	0x001b3be2	UNCONDITIONAL_JUMP	0
0x001b3bdf	0xStack[-0x10]	READ_WRITE	0
0x001b3be2	0xStack[-0x14]	WRITE	0
0x001b3be5	0xStack[-0x14]	READ	1
0x001b3be8	0xStack[-0x24]	READ	0
0x001b3beb	0x001b3c44	CONDITIONAL_JUMP	0
0x001b3bf8	0xStack[-0x10]	READ	1
0x001b3bfb	0xStack[-0xc]	READ	0
0x001b3bfe	0x001b3c04	CONDITIONAL_JUMP	0
0x001b3c02	0x001b3c1a	UNCONDITIONAL_JUMP	0
0x001b3c04	0xStack[-0x8]	READ	0
0x001b3c08	0x001b3c14	CONDITIONAL_JUMP	0
0x001b3c0d	0xStack[-0x10]	READ_WRITE	0
0x001b3c11	0x001b3c1a	UNCONDITIONAL_JUMP	0
0x001b3c17	0xStack[-0x10]	READ_WRITE	0
0x001b3c1d	0x001b3f34	CONDITIONAL_JUMP	0
0x001b3c23	0xStack[0x14]	READ	1
0x001b3c2d	0x001b3f34	CONDITIONAL_JUMP	0
0x001b3c39	0xStack[-0x24]	READ_WRITE	0
0x001b3c3c	0xStack[-0x14]	READ	1
0x001b3c3f	0xStack[-0x24]	READ	0
0x001b3c42	0x001b3bf8	CONDITIONAL_JUMP	0
0x001b3c45	0xStack[-0x20]	READ	0
0x001b3c48	0x001b3b68	CONDITIONAL_JUMP	0
0x001b3c4e	0xStack[-0x10]	READ	1
0x001b3c51	0xStack[-0xc]	READ	0
0x001b3c54	0x001b3c5c	CONDITIONAL_JUMP	0
0x001b3c58	0x001b3c72	UNCONDITIONAL_JUMP	0
0x001b3c5c	0xStack[-0x8]	READ	0
0x001b3c60	0x001b3c6c	CONDITIONAL_JUMP	0
0x001b3c65	0xStack[-0x10]	READ_WRITE	0
0x001b3c69	0x001b3c72	UNCONDITIONAL_JUMP	0
0x001b3c6f	0xStack[-0x10]	READ_WRITE	0
0x001b3c72	0xStack[0x14]	READ	1
0x001b3c7b	0xStack[-0x14]	WRITE	0
0x001b3c80	0xStack[-0x14]	READ	0
0x001b3c83	0x001b3da0	CONDITIONAL_JUMP	0
0x001b3c89	0xStack[-0x10]	READ	1
0x001b3c8c	0xStack[0x14]	READ	1
0x001b3c96	0xStack[-0x10]	READ	1
0x001b3c99	0xStack[-0xc]	READ	0
0x001b3c9c	0x001b3ca4	CONDITIONAL_JUMP	0
0x001b3ca0	0x001b3cba	UNCONDITIONAL_JUMP	0
0x001b3ca4	0xStack[-0x8]	READ	0
0x001b3ca8	0x001b3cb4	CONDITIONAL_JUMP	0
0x001b3cad	0xStack[-0x10]	READ_WRITE	0
0x001b3cb1	0x001b3cba	UNCONDITIONAL_JUMP	0
0x001b3cb7	0xStack[-0x10]	READ_WRITE	0
0x001b3cba	0xStack[-0x8]	READ	0
0x001b3cbe	0x001b3ccc	CONDITIONAL_JUMP	0
0x001b3cc5	0x001b3cd7	CONDITIONAL_JUMP	0
0x001b3cc7	0x001b3d90	UNCONDITIONAL_JUMP	0
0x001b3cd1	0x001b3d90	CONDITIONAL_JUMP	0
0x001b3cd7	0xStack[0x14]	READ	1
0x001b3ce1	0xStack[-0x24]	WRITE	0
0x001b3cf0	0x001b3d07	CONDITIONAL_JUMP	0
0x001b3cf6	0x001b3d00	CONDITIONAL_JUMP	0
0x001b3cf8	0xStack[-0x24]	READ	1
0x001b3cfd	0xStack[-0x24]	WRITE	0
0x001b3d05	0x001b3cf4	CONDITIONAL_JUMP	0
0x001b3d09	0xStack[-0x24]	READ	0
0x001b3d0c	0x001b3dae	CONDITIONAL_JUMP	0
0x001b3d12	0xStack[-0xc]	READ	1
0x001b3d15	0xStack[-0x1c]	WRITE	0
0x001b3d18	0xStack[-0x8]	READ	1
0x001b3d1b	0xStack[-0x20]	WRITE	0
0x001b3d20	0xStack[-0x10]	READ	1
0x001b3d23	0xStack[-0x1c]	READ	0
0x001b3d26	0x001b3d2c	CONDITIONAL_JUMP	0
0x001b3d2a	0x001b3d44	UNCONDITIONAL_JUMP	0
0x001b3d2c	0xStack[-0x20]	READ	0
0x001b3d30	0x001b3d3c	CONDITIONAL_JUMP	0
0x001b3d35	0xStack[-0x10]	READ_WRITE	0
0x001b3d39	0x001b3d42	UNCONDITIONAL_JUMP	0
0x001b3d3f	0xStack[-0x10]	READ_WRITE	0
0x001b3d44	0xStack[-0x10]	READ	1
0x001b3d47	0xStack[-0x1c]	READ	0
0x001b3d4a	0x001b3d50	CONDITIONAL_JUMP	0
0x001b3d4e	0x001b3d66	UNCONDITIONAL_JUMP	0
0x001b3d50	0xStack[-0x20]	READ	0
0x001b3d54	0x001b3d60	CONDITIONAL_JUMP	0
0x001b3d59	0xStack[-0x10]	READ_WRITE	0
0x001b3d5d	0x001b3d66	UNCONDITIONAL_JUMP	0
0x001b3d63	0xStack[-0x10]	READ_WRITE	0
0x001b3d66	0xStack[-0x20]	READ	0
0x001b3d6a	0x001b3d78	CONDITIONAL_JUMP	0
0x001b3d72	0x001b3d80	CONDITIONAL_JUMP	0
0x001b3d74	0x001b3d88	UNCONDITIONAL_JUMP	0
0x001b3d7e	0x001b3d88	CONDITIONAL_JUMP	0
0x001b3d80	0xStack[-0x18]	READ	0
0x001b3d83	0x001b3d88	CONDITIONAL_JUMP	0
0x001b3d85	0xStack[-0x18]	WRITE	0
0x001b3d89	0xStack[-0x24]	READ	0
0x001b3d8c	0x001b3d20	CONDITIONAL_JUMP	0
0x001b3d8e	0x001b3dae	UNCONDITIONAL_JUMP	0
0x001b3d90	0xStack[0x14]	READ	1
0x001b3d9e	0x001b3dae	UNCONDITIONAL_JUMP	0
0x001b3da0	0xStack[0x14]	READ	1
0x001b3db2	0x001b3c80	CONDITIONAL_JUMP	0
0x001b3db8	0xStack[-0x10]	READ	1
0x001b3dbb	0xStack[-0xc]	READ	0
0x001b3dbe	0x001b3dc4	CONDITIONAL_JUMP	0
0x001b3dc2	0x001b3dda	UNCONDITIONAL_JUMP	0
0x001b3dc4	0xStack[-0x8]	READ	0
0x001b3dc8	0x001b3dd4	CONDITIONAL_JUMP	0
0x001b3dcd	0xStack[-0x10]	READ_WRITE	0
0x001b3dd1	0x001b3dda	UNCONDITIONAL_JUMP	0
0x001b3dd7	0xStack[-0x10]	READ_WRITE	0
0x001b3dda	0xStack[0x14]	READ	1
0x001b3de3	0xStack[-0x18]	READ	0
0x001b3de6	0x001b3f34	CONDITIONAL_JUMP	0
0x001b3df0	0x001b3e78	CONDITIONAL_JUMP	0
0x001b3df8	0xStack[-0x10]	READ	1
0x001b3dfb	0xStack[0x14]	READ	1
0x001b3e07	0xStack[-0x10]	READ	1
0x001b3e0a	0xStack[-0xc]	READ	0
0x001b3e0d	0x001b3e14	CONDITIONAL_JUMP	0
0x001b3e11	0x001b3e2a	UNCONDITIONAL_JUMP	0
0x001b3e14	0xStack[-0x8]	READ	0
0x001b3e18	0x001b3e24	CONDITIONAL_JUMP	0
0x001b3e1d	0xStack[-0x10]	READ_WRITE	0
0x001b3e21	0x001b3e2a	UNCONDITIONAL_JUMP	0
0x001b3e27	0xStack[-0x10]	READ_WRITE	0
0x001b3e2c	0x001b3e6c	CONDITIONAL_JUMP	0
0x001b3e2e	0xStack[-0xc]	READ	1
0x001b3e31	0xStack[-0x24]	WRITE	0
0x001b3e34	0xStack[-0x8]	READ	1
0x001b3e38	0xStack[-0x24]	READ	1
0x001b3e3b	0xStack[-0x10]	READ	0
0x001b3e3e	0x001b3e67	CONDITIONAL_JUMP	0
0x001b3e42	0x001b3e4c	CONDITIONAL_JUMP	0
0x001b3e44	0xStack[-0x10]	READ_WRITE	0
0x001b3e48	0x001b3e4f	UNCONDITIONAL_JUMP	0
0x001b3e4c	0xStack[-0x10]	READ_WRITE	0
0x001b3e4f	0xStack[-0x24]	READ	1
0x001b3e52	0xStack[-0x10]	READ	0
0x001b3e55	0x001b3e67	CONDITIONAL_JUMP	0
0x001b3e59	0x001b3e64	CONDITIONAL_JUMP	0
0x001b3e5b	0xStack[-0x10]	READ_WRITE	0
0x001b3e5f	0x001b3e67	UNCONDITIONAL_JUMP	0
0x001b3e64	0xStack[-0x10]	READ_WRITE	0
0x001b3e6a	0x001b3e38	CONDITIONAL_JUMP	0
0x001b3e6d	0xStack[0x14]	READ	1
0x001b3e76	0x001b3df8	CONDITIONAL_JUMP	0
0x001b3e78	0xStack[-0x10]	READ	1
0x001b3e7b	0xStack[-0xc]	READ	0
0x001b3e7e	0x001b3e8c	CONDITIONAL_JUMP	0
0x001b3e80	0xStack[-0x20]	WRITE	0
0x001b3e87	0x001b3ea5	UNCONDITIONAL_JUMP	0
0x001b3e8c	0xStack[-0x8]	READ	0
0x001b3e90	0x001b3e9c	CONDITIONAL_JUMP	0
0x001b3e95	0xStack[-0x10]	READ_WRITE	0
0x001b3e99	0x001b3ea2	UNCONDITIONAL_JUMP	0
0x001b3e9f	0xStack[-0x10]	READ_WRITE	0
0x001b3ea2	0xStack[-0x20]	WRITE	0
0x001b3ea5	0xStack[-0x20]	READ	0
0x001b3ea9	0x001b3f34	CONDITIONAL_JUMP	0
0x001b3eaf	0xStack[-0x20]	READ	0
0x001b3eb3	0x001b3f34	CONDITIONAL_JUMP	0
0x001b3ebc	0xStack[0x14]	READ	1
0x001b3eca	0x001b3ebc	CONDITIONAL_JUMP	0
0x001b3ece	0xStack[-0x20]	READ	0
0x001b3ed1	0x001b3f38	CONDITIONAL_JUMP	0
0x001b3ed4	0xStack[-0x10]	READ	1
0x001b3ed7	0xStack[-0xc]	READ	0
0x001b3eda	0x001b3ee0	CONDITIONAL_JUMP	0
0x001b3ede	0x001b3ef8	UNCONDITIONAL_JUMP	0
0x001b3ee0	0xStack[-0x8]	READ	0
0x001b3ee4	0x001b3ef0	CONDITIONAL_JUMP	0
0x001b3ee9	0xStack[-0x10]	READ_WRITE	0
0x001b3eed	0x001b3ef6	UNCONDITIONAL_JUMP	0
0x001b3ef3	0xStack[-0x10]	READ_WRITE	0
0x001b3ef8	0xStack[-0x10]	READ	1
0x001b3efb	0xStack[-0xc]	READ	0
0x001b3efe	0x001b3f04	CONDITIONAL_JUMP	0
0x001b3f02	0x001b3f1a	UNCONDITIONAL_JUMP	0
0x001b3f04	0xStack[-0x8]	READ	0
0x001b3f08	0x001b3f14	CONDITIONAL_JUMP	0
0x001b3f0d	0xStack[-0x10]	READ_WRITE	0
0x001b3f11	0x001b3f1a	UNCONDITIONAL_JUMP	0
0x001b3f17	0xStack[-0x10]	READ_WRITE	0
0x001b3f1d	0x001b3f34	CONDITIONAL_JUMP	0
0x001b3f1f	0xStack[0x14]	READ	1
0x001b3f2b	0xStack[-0x20]	READ	0
0x001b3f2e	0x001b3ed4	CONDITIONAL_JUMP	0
0x001b3f30	0x001b3f38	UNCONDITIONAL_JUMP	0
0x001b3f36	0x001b3f60	UNCONDITIONAL_JUMP	0
0x001b3f3c	0xStack[0x14]	READ	1
0x001b3f4b	0x001b3f57	CONDITIONAL_JUMP	0
0x001b3f5b	0x001b3f3c	CONDITIONAL_JUMP	0
0x001b3f5d	0xStack[0x4]	READ	1
0x001b3f60	0xStack[-0x30]	DATA	0
0x001b3f75	0xStack[0x10]	READ	1
0x001b3f78	0xStack[-0x8]	WRITE	0
0x001b3f7d	0x001f9938	READ	1
0x001b3f83	0x00202e40	DATA	0
0x001b3f84	0xStack[0x4]	READ	1
0x001b3f8e	0x001ce960	UNCONDITIONAL_CALL	0
0x001b3f96	0xStack[-0xc]	WRITE	0
0x001b3f9d	0xStack[-0x8]	READ	0
0x001b3fa1	0x001b3faa	CONDITIONAL_JUMP	0
0x001b3fa3	0xStack[-0xc]	WRITE	0
0x001b3faa	0x001f9920	READ	1
0x001b3fb0	0x00202d08	DATA	0
0x001b3fb1	0xStack[0x4]	READ	1
0x001b3fbb	0x001ce960	UNCONDITIONAL_CALL	0
0x001b3fc0	0xStack[-0x20]	WRITE	0
0x001b3fc6	0xStack[0x4]	READ	1
0x001b3fcd	0xStack[-0x10]	WRITE	0
0x001b3fd0	0xStack[0xc]	READ	1
0x001b3fd3	0xStack[0x4]	READ	1
0x001b3fe2	0x001b4307	CONDITIONAL_JUMP	0
0x001b3fe8	0xStack[-0x10]	READ	0
0x001b3fec	0x001b3ffc	CONDITIONAL_JUMP	0
0x001b3ff1	0xStack[-0x24]	WRITE	0
0x001b3ff7	0x001b4003	UNCONDITIONAL_JUMP	0
0x001b3fff	0xStack[-0x24]	WRITE	0
0x001b4003	0xStack[-0x24]	READ	0
0x001b4007	0x001b4052	CONDITIONAL_JUMP	0
0x001b400b	0x001b4052	CONDITIONAL_JUMP	0
0x001b4012	0xStack[-0x10]	READ	0
0x001b4016	0x001b401d	CONDITIONAL_JUMP	0
0x001b401f	0xStack[0x4]	READ	1
0x001b4028	0xStack[-0x28]	WRITE	0
0x001b402d	0x001b4052	CONDITIONAL_JUMP	0
0x001b402f	0xStack[-0x28]	WRITE	0
0x001b4034	0xStack[-0x24]	READ	1
0x001b403d	0x001b4047	CONDITIONAL_JUMP	0
0x001b4041	0x001b4045	CONDITIONAL_JUMP	0
0x001b4047	0xStack[-0x24]	READ_WRITE	0
0x001b404d	0xStack[-0x28]	READ	0
0x001b4050	0x001b4034	CONDITIONAL_JUMP	0
0x001b4052	0xStack[-0x10]	READ	0
0x001b4056	0x001b4064	CONDITIONAL_JUMP	0
0x001b405b	0xStack[-0x18]	WRITE	0
0x001b4061	0x001b406b	UNCONDITIONAL_JUMP	0
0x001b4067	0xStack[-0x18]	WRITE	0
0x001b406b	0xStack[-0x10]	READ	0
0x001b406f	0x001b4078	CONDITIONAL_JUMP	0
0x001b4074	0x001b407b	UNCONDITIONAL_JUMP	0
0x001b407b	0xStack[-0x1c]	WRITE	0
0x001b407e	0xStack[0xc]	READ	1
0x001b4081	0xStack[0x4]	READ	1
0x001b408b	0xStack[-0x20]	READ	1
0x001b4096	0xStack[-0x10]	READ	0
0x001b409a	0x001b40a8	CONDITIONAL_JUMP	0
0x001b409f	0xStack[-0x24]	WRITE	0
0x001b40a5	0x001b40af	UNCONDITIONAL_JUMP	0
0x001b40ab	0xStack[-0x24]	WRITE	0
0x001b40af	0xStack[-0x24]	READ	0
0x001b40b3	0x001b40fe	CONDITIONAL_JUMP	0
0x001b40b7	0x001b40fe	CONDITIONAL_JUMP	0
0x001b40be	0xStack[-0x10]	READ	0
0x001b40c2	0x001b40c9	CONDITIONAL_JUMP	0
0x001b40cb	0xStack[0x4]	READ	1
0x001b40d4	0xStack[-0x28]	WRITE	0
0x001b40d9	0x001b40fe	CONDITIONAL_JUMP	0
0x001b40db	0xStack[-0x28]	WRITE	0
0x001b40e0	0xStack[-0x24]	READ	1
0x001b40e9	0x001b40f3	CONDITIONAL_JUMP	0
0x001b40ed	0x001b40f1	CONDITIONAL_JUMP	0
0x001b40f3	0xStack[-0x24]	READ_WRITE	0
0x001b40f9	0xStack[-0x28]	READ	0
0x001b40fc	0x001b40e0	CONDITIONAL_JUMP	0
0x001b40fe	0xStack[-0x10]	READ	0
0x001b4102	0x001b410c	CONDITIONAL_JUMP	0
0x001b410a	0x001b4110	UNCONDITIONAL_JUMP	0
0x001b4110	0xStack[-0x10]	READ	0
0x001b4114	0x001b411c	CONDITIONAL_JUMP	0
0x001b4119	0x001b411f	UNCONDITIONAL_JUMP	0
0x001b411f	0xStack[-0x10]	READ	0
0x001b4123	0x001b4134	CONDITIONAL_JUMP	0
0x001b4125	0xStack[-0x18]	READ	0
0x001b412c	0x001b4141	CONDITIONAL_JUMP	0
0x001b412e	0x001b42d8	UNCONDITIONAL_JUMP	0
0x001b4134	0xStack[-0x18]	READ	0
0x001b413b	0x001b42d8	CONDITIONAL_JUMP	0
0x001b4141	0xStack[-0x1c]	READ	1
0x001b4144	0xStack[0x4]	READ	1
0x001b414e	0xStack[-0x20]	READ	1
0x001b4151	0xStack[-0x14]	WRITE	0
0x001b4156	0xStack[-0x10]	READ	0
0x001b415a	0x001b416c	CONDITIONAL_JUMP	0
0x001b415f	0xStack[-0x28]	WRITE	0
0x001b4165	0x001b427f	UNCONDITIONAL_JUMP	0
0x001b416f	0xStack[-0x28]	WRITE	0
0x001b4173	0x001b427f	UNCONDITIONAL_JUMP	0
0x001b4185	0x001b418c	CONDITIONAL_JUMP	0
0x001b4187	0x00165328	UNCONDITIONAL_CALL	0
0x001b418c	0xStack[-0x10]	READ	0
0x001b4190	0x001b41a0	CONDITIONAL_JUMP	0
0x001b4195	0xStack[-0x18]	WRITE	0
0x001b419b	0x001b41a7	UNCONDITIONAL_JUMP	0
0x001b41a3	0xStack[-0x18]	WRITE	0
0x001b41a7	0xStack[-0x18]	READ	0
0x001b41ae	0x001b4234	CONDITIONAL_JUMP	0
0x001b41b4	0xStack[-0x8]	READ	0
0x001b41b8	0x001b4224	CONDITIONAL_JUMP	0
0x001b41ba	0xStack[-0x10]	READ	0
0x001b41be	0x001b41d8	CONDITIONAL_JUMP	0
0x001b41cd	0xStack[-0x20]	READ_WRITE	0
0x001b41d3	0x001b41e9	UNCONDITIONAL_JUMP	0
0x001b41e5	0xStack[-0x20]	READ_WRITE	0
0x001b41f1	0xStack[0xc]	READ	1
0x001b41f5	0x001f993c	READ	1
0x001b41fb	0x00202e74	DATA	0
0x001b41fc	0xStack[0x4]	READ	1
0x001b4206	0x001ce960	UNCONDITIONAL_CALL	0
0x001b4211	0x001f991c	READ	1
0x001b4217	0x00202ec4	DATA	0
0x001b4218	0xStack[0x4]	READ	1
0x001b4222	0x001b4276	UNCONDITIONAL_JUMP	0
0x001b4224	0xStack[-0x10]	READ	0
0x001b4228	0x001b4230	CONDITIONAL_JUMP	0
0x001b422d	0x001b427e	UNCONDITIONAL_JUMP	0
0x001b4231	0x001b427e	UNCONDITIONAL_JUMP	0
0x001b4234	0xStack[-0x10]	READ	0
0x001b4238	0x001b4248	CONDITIONAL_JUMP	0
0x001b423d	0xStack[-0x1c]	WRITE	0
0x001b4243	0x001b424f	UNCONDITIONAL_JUMP	0
0x001b424b	0xStack[-0x1c]	WRITE	0
0x001b424f	0xStack[-0x18]	READ	1
0x001b4253	0xStack[-0x1c]	READ	1
0x001b4259	0xStack[0xc]	READ	1
0x001b425d	0xStack[-0x20]	READ	1
0x001b4261	0xStack[-0xc]	READ	1
0x001b4265	0x001f991c	READ	1
0x001b426b	0x00202ec4	DATA	0
0x001b426c	0xStack[0x4]	READ	1
0x001b4276	0x001ce960	UNCONDITIONAL_CALL	0
0x001b427f	0xStack[-0x28]	READ	0
0x001b4282	0x001b4178	CONDITIONAL_JUMP	0
0x001b4288	0xStack[-0x14]	READ	1
0x001b428b	0xStack[-0x20]	READ	0
0x001b428e	0x001b4307	CONDITIONAL_JUMP	0
0x001b4298	0xStack[0xc]	READ	1
0x001b429c	0x001f993c	READ	1
0x001b42a2	0x00202e74	DATA	0
0x001b42a3	0xStack[0x4]	READ	1
0x001b42ad	0x001ce960	UNCONDITIONAL_CALL	0
0x001b42b8	0x001f991c	READ	1
0x001b42be	0x00202ec4	DATA	0
0x001b42bf	0xStack[0x4]	READ	1
0x001b42c9	0x001ce960	UNCONDITIONAL_CALL	0
0x001b42ce	0xStack[-0x14]	READ	1
0x001b42d1	0xStack[-0x20]	WRITE	0
0x001b42d4	0x001b4304	UNCONDITIONAL_JUMP	0
0x001b42da	0xStack[-0x18]	READ	1
0x001b42de	0xStack[-0x1c]	READ	1
0x001b42e2	0xStack[0xc]	READ	1
0x001b42e6	0xStack[-0x20]	READ	1
0x001b42ea	0xStack[-0xc]	READ	1
0x001b42ee	0x001f991c	READ	1
0x001b42f4	0x00202ec4	DATA	0
0x001b42f5	0xStack[0x4]	READ	1
0x001b42ff	0x001ce960	UNCONDITIONAL_CALL	0
0x001b4307	0xStack[0x4]	READ	1
0x001b430a	0xStack[0xc]	READ	1
0x001b4312	0x001b4426	CONDITIONAL_JUMP	0
0x001b431c	0xStack[0x4]	READ	1
0x001b4327	0xStack[0xc]	READ	0
0x001b432a	0x001b441c	CONDITIONAL_JUMP	0
0x001b4331	0xStack[0xc]	READ	1
0x001b4335	0xStack[-0x20]	READ	1
0x001b4339	0xStack[-0xc]	READ	1
0x001b433d	0x001f9918	READ	1
0x001b4343	0x00202e94	DATA	0
0x001b4344	0xStack[0x4]	READ	1
0x001b434e	0x001ce960	UNCONDITIONAL_CALL	0
0x001b4359	0x001b4426	CONDITIONAL_JUMP	0
0x001b435f	0xStack[0x4]	READ	1
0x001b4369	0x001b4426	CONDITIONAL_JUMP	0
0x001b436f	0xStack[-0x8]	READ	0
0x001b4373	0x001b4426	CONDITIONAL_JUMP	0
0x001b4379	0x001f993c	READ	1
0x001b437f	0x00202e74	DATA	0
0x001b4387	0x001ce960	UNCONDITIONAL_CALL	0
0x001b438e	0x001f9930	READ	1
0x001b4394	0x00202d2c	DATA	0
0x001b4395	0xStack[0x4]	READ	1
0x001b439f	0x001ce960	UNCONDITIONAL_CALL	0
0x001b43b0	0x001f992c	READ	1
0x001b43b6	0x00202e54	DATA	0
0x001b43b7	0xStack[0x4]	READ	1
0x001b43c1	0x001ce960	UNCONDITIONAL_CALL	0
0x001b43cb	0x001b43d8	CONDITIONAL_JUMP	0
0x001b43d3	0x001b43de	UNCONDITIONAL_JUMP	0
0x001b43df	0x001f9928	READ	1
0x001b43e5	0x00202e64	DATA	0
0x001b43e6	0xStack[0x4]	READ	1
0x001b43f0	0x001ce960	UNCONDITIONAL_CALL	0
0x001b43fd	0xStack[0xc]	READ	1
0x001b4404	0x001f991c	READ	1
0x001b440a	0x00202ec4	DATA	0
0x001b440b	0xStack[0x4]	READ	1
0x001b4415	0x001ce960	UNCONDITIONAL_CALL	0
0x001b441a	0x001b4426	UNCONDITIONAL_JUMP	0
0x001b4420	0x001b431c	CONDITIONAL_JUMP	0
0x001b4426	0xStack[-0x34]	DATA	0
0x001b4437	0xStack[0x4]	READ	1
0x001b443a	0xStack[0x14]	READ	1
0x001b443d	0xStack[-0x10]	WRITE	0
0x001b4440	0x001f924c	READ	1
0x001b4446	0x00201a24	DATA	0
0x001b4447	0xStack[-0xc]	WRITE	0
0x001b444a	0x001fa450	READ	1
0x001b4450	0x001fdfdf	DATA	1
0x001b4450	0xStack[-0x8]	WRITE	0
0x001b4453	0xStack[-0xc]	DATA	0
0x001b4457	0x001cea70	UNCONDITIONAL_CALL	0
0x001b4466	0x001b4484	CONDITIONAL_JUMP	0
0x001b4468	0x001f9468	READ	1
0x001b446e	0x00202a84	DATA	0
0x001b446f	0x001f9da4	READ	1
0x001b4475	0x001fe4a1	DATA	0
0x001b4476	0x001ce960	UNCONDITIONAL_CALL	0
0x001b4484	0xStack[-0x10]	READ	1
0x001b4489	0xStack[0x10]	READ	1
0x001b448d	0xStack[0xc]	READ	1
0x001b4491	0x001f994c	READ	1
0x001b4497	0x00205454	DATA	0
0x001b4499	0x001ce960	UNCONDITIONAL_CALL	0
0x001b44a3	0x001b44b4	CONDITIONAL_JUMP	0
0x001b44a5	0x001f921c	READ	1
0x001b44ab	0x00201920	DATA	0
0x001b44ad	0x001ce960	UNCONDITIONAL_CALL	0
0x001b44b2	0x001b44b6	UNCONDITIONAL_JUMP	0
0x001b44b6	0xStack[-0x14]	READ	1
0x001b44ca	0xStack[0x4]	READ	1
0x001b44cd	0xStack[0x14]	READ	1
0x001b44d0	0xStack[-0x4f8]	WRITE	0
0x001b44d6	0xStack[-0x4f4]	DATA	0
0x001b44dd	0xStack[0x10]	READ	1
0x001b44e1	0xStack[0xc]	READ	1
0x001b44e5	0x001f9948	READ	1
0x001b44eb	0x00205434	DATA	0
0x001b44ed	0x001ce960	UNCONDITIONAL_CALL	0
0x001b44f7	0x001b4500	CONDITIONAL_JUMP	0
0x001b44fb	0x001b456f	UNCONDITIONAL_JUMP	0
0x001b4500	0x001f9220	READ	1
0x001b4506	0x00201928	DATA	0
0x001b450e	0x001ce960	UNCONDITIONAL_CALL	0
0x001b451e	0x001b4539	CONDITIONAL_JUMP	0
0x001b4527	0x001b4539	CONDITIONAL_JUMP	0
0x001b4531	0x001a5458	UNCONDITIONAL_CALL	0
0x001b4542	0xStack[-0x4f4]	DATA	0
0x001b4549	0x001013cc	UNCONDITIONAL_CALL	0
0x001b454e	0xStack[-0x4f8]	READ	1
0x001b455a	0x001f9474	READ	1
0x001b4560	0x00202be8	DATA	0
0x001b4568	0x001ce960	UNCONDITIONAL_CALL	0
0x001b456f	0xStack[-0x4fc]	READ	1
0x001b457f	0xStack[0x4]	READ	1
0x001b4582	0xStack[0xc]	READ	1
0x001b4587	0x001b4591	CONDITIONAL_JUMP	0
0x001b459f	0xStack[0x4]	READ	1
0x001b45b4	0xStack[0x4]	READ	1
0x001b45b7	0x001f9220	READ	1
0x001b45bd	0x00201928	DATA	0
0x001b45c5	0x001ce960	UNCONDITIONAL_CALL	0
0x001b45e5	0x001b460a	CONDITIONAL_JUMP	0
0x001b45ee	0x001b460a	CONDITIONAL_JUMP	0
0x001b45f8	0x001a5458	UNCONDITIONAL_CALL	0
0x001b460a	0x001f9474	READ	1
0x001b4610	0x00202be8	DATA	0
0x001b4612	0x001ce960	UNCONDITIONAL_CALL	0
0x001b4617	0x001f921c	READ	1
0x001b461d	0x00201920	DATA	0
0x001b461f	0x001ce960	UNCONDITIONAL_CALL	0
0x001b4624	0x001f921c	READ	1
0x001b462a	0x00201920	DATA	0
0x001b462b	0xStack[-0xc]	WRITE	0
0x001b462e	0x001fa450	READ	1
0x001b4634	0x001fdfdf	DATA	1
0x001b4634	0xStack[-0x8]	WRITE	0
0x001b4637	0xStack[-0xc]	DATA	0
0x001b463b	0x001cea70	UNCONDITIONAL_CALL	0
0x001b4640	0xStack[-0x14]	DATA	0
0x001b4651	0xStack[0x4]	READ	1
0x001b4654	0xStack[0xc]	READ	1
0x001b4657	0x001fdf5c	DATA	0
0x001b465c	0x001f9238	READ	1
0x001b4662	0x00201988	DATA	0
0x001b4664	0x001ce960	UNCONDITIONAL_CALL	0
0x001b466e	0x001b4678	CONDITIONAL_JUMP	0
0x001b4676	0x001b4689	UNCONDITIONAL_JUMP	0
0x001b4679	0x001ccb5c	UNCONDITIONAL_CALL	0
0x001b467f	0x001d8324	DATA	0
0x001b4684	0x001a5514	UNCONDITIONAL_CALL	0
0x001b468b	0xStack[-0xc]	DATA	0
0x001b4697	0xStack[0x4]	READ	1
0x001b46ad	0xStack[0x4]	READ	1
0x001b46b0	0xStack[0xc]	READ	1
0x001b46b3	0xStack[0x10]	READ	1
0x001b46b6	0xStack[-0x8]	WRITE	0
0x001b46b9	0x001f9220	READ	1
0x001b46bf	0x00201928	DATA	0
0x001b46c7	0x001ce960	UNCONDITIONAL_CALL	0
0x001b46d6	0x001b4788	CONDITIONAL_JUMP	0
0x001b46e0	0xStack[-0x10]	WRITE	0
0x001b46e3	0xStack[-0x8]	READ	0
0x001b46e7	0x001b4734	CONDITIONAL_JUMP	0
0x001b46fe	0xStack[0x14]	READ	1
0x001b4704	0xStack[-0x10]	READ	1
0x001b470a	0x001b471e	CONDITIONAL_JUMP	0
0x001b470e	0x001f9944	READ	1
0x001b4714	0x00205408	DATA	0
0x001b4716	0x001ce960	UNCONDITIONAL_CALL	0
0x001b471e	0xStack[-0x10]	READ	1
0x001b4724	0x001b4788	CONDITIONAL_JUMP	0
0x001b4729	0x001f9940	READ	1
0x001b472f	0x001b477e	UNCONDITIONAL_JUMP	0
0x001b4747	0xStack[0x14]	READ	1
0x001b474d	0xStack[-0x10]	READ	1
0x001b4753	0x001b476b	CONDITIONAL_JUMP	0
0x001b4755	0xStack[-0x8]	READ	1
0x001b475b	0x001f9940	READ	1
0x001b4761	0x002053f0	DATA	0
0x001b4763	0x001ce960	UNCONDITIONAL_CALL	0
0x001b476b	0xStack[-0x10]	READ	1
0x001b4771	0x001b4788	CONDITIONAL_JUMP	0
0x001b4773	0xStack[0x14]	READ	1
0x001b4778	0x001f9944	READ	1
0x001b477e	0x00205408	DATA	0
0x001b4780	0x001ce960	UNCONDITIONAL_CALL	0
0x001b4788	0x001f9474	READ	1
0x001b478e	0x00202be8	DATA	0
0x001b4796	0x001ce960	UNCONDITIONAL_CALL	0
0x001b479d	0xStack[-0x1c]	DATA	0
0x001b47b1	0xStack[0xc]	READ	1
0x001b47be	0xStack[-0x8]	WRITE	0
0x001b47c1	0x001f993c	READ	1
0x001b47c7	0x00202e74	DATA	0
0x001b47c8	0xStack[0x4]	READ	1
0x001b47d2	0x001ce960	UNCONDITIONAL_CALL	0
0x001b47d9	0xStack[-0x8]	READ	1
0x001b47e0	0xStack[-0xc]	WRITE	0
0x001b47e6	0xStack[0x4]	READ	1
0x001b47ed	0xStack[-0x10]	WRITE	0
0x001b47f1	0xStack[0xc]	READ	1
0x001b47f4	0xStack[0x4]	READ	1
0x001b4800	0x001b4862	CONDITIONAL_JUMP	0
0x001b4804	0xStack[-0x10]	READ	0
0x001b4809	0x001b4818	CONDITIONAL_JUMP	0
0x001b480e	0xStack[-0x14]	WRITE	0
0x001b4814	0x001b481f	UNCONDITIONAL_JUMP	0
0x001b481b	0xStack[-0x14]	WRITE	0
0x001b481f	0xStack[-0x14]	READ	0
0x001b4822	0x001b4862	CONDITIONAL_JUMP	0
0x001b4824	0xStack[-0x10]	READ	0
0x001b4829	0x001b4834	CONDITIONAL_JUMP	0
0x001b4831	0x001b4838	UNCONDITIONAL_JUMP	0
0x001b4849	0xStack[0x10]	READ	1
0x001b484f	0x001b485c	CONDITIONAL_JUMP	0
0x001b4852	0xStack[-0x14]	READ	0
0x001b4855	0x001b4824	CONDITIONAL_JUMP	0
0x001b4857	0x001b4862	UNCONDITIONAL_JUMP	0
0x001b485c	0xStack[-0x8]	READ	1
0x001b485f	0xStack[-0xc]	READ_WRITE	0
0x001b4862	0xStack[0xc]	READ	0
0x001b4866	0x001b4944	CONDITIONAL_JUMP	0
0x001b486c	0xStack[-0xc]	READ	1
0x001b486f	0x00100000	DATA	1
0x001b4875	0x001b48fe	CONDITIONAL_JUMP	0
0x001b487b	0xStack[0x4]	READ	1
0x001b4885	0x001b48fe	CONDITIONAL_JUMP	0
0x001b4890	0x001b48fe	CONDITIONAL_JUMP	0
0x001b4892	0xStack[-0x8]	READ	1
0x001b4897	0x001b48a4	CONDITIONAL_JUMP	0
0x001b489b	0x001f9938	READ	1
0x001b48a1	0x001b48eb	UNCONDITIONAL_JUMP	0
0x001b48a4	0x001f9934	READ	1
0x001b48aa	0x00202d38	DATA	0
0x001b48ab	0xStack[0x4]	READ	1
0x001b48b5	0x001ce960	UNCONDITIONAL_CALL	0
0x001b48bf	0x001b48fe	CONDITIONAL_JUMP	0
0x001b48c1	0x001f9930	READ	1
0x001b48c7	0x00202d2c	DATA	0
0x001b48c8	0xStack[0x4]	READ	1
0x001b48d2	0x001ce960	UNCONDITIONAL_CALL	0
0x001b48e5	0x001f992c	READ	1
0x001b48eb	0x00202e40	DATA	0
0x001b48eb	0x00202e54	DATA	0
0x001b48ec	0xStack[0x4]	READ	1
0x001b48f6	0x001ce960	UNCONDITIONAL_CALL	0
0x001b48fe	0xStack[-0xc]	READ	1
0x001b4907	0xStack[-0xc]	READ	1
0x001b4913	0x001f9930	READ	1
0x001b4919	0x00202d2c	DATA	0
0x001b491a	0xStack[0x4]	READ	1
0x001b4924	0x001ce960	UNCONDITIONAL_CALL	0
0x001b492e	0x001b493c	CONDITIONAL_JUMP	0
0x001b4936	0xStack[-0xc]	WRITE	0
0x001b4939	0x001b496d	UNCONDITIONAL_JUMP	0
0x001b493e	0xStack[-0xc]	WRITE	0
0x001b4941	0x001b496d	UNCONDITIONAL_JUMP	0
0x001b4944	0xStack[0xc]	READ	0
0x001b4948	0x001b496d	CONDITIONAL_JUMP	0
0x001b494a	0xStack[-0xc]	READ	1
0x001b4954	0x001f992c	READ	1
0x001b495a	0x00202e54	DATA	0
0x001b495b	0xStack[0x4]	READ	1
0x001b4965	0x001ce960	UNCONDITIONAL_CALL	0
0x001b496d	0xStack[-0xc]	READ	1
0x001b4971	0x001f9928	READ	1
0x001b4977	0x00202e64	DATA	0
0x001b4978	0xStack[0x4]	READ	1
0x001b4982	0x001ce960	UNCONDITIONAL_CALL	0
0x001b4987	0xStack[-0x24]	DATA	0
0x001b499a	0xStack[0x4]	READ	1
0x001b499d	0xStack[0xc]	READ	1
0x001b49a8	0x001b4a27	CONDITIONAL_JUMP	0
0x001b49aa	0xStack[0x10]	READ	1
0x001b49b4	0x001f9924	READ	1
0x001b49ba	0x0020541c	DATA	0
0x001b49bc	0x001ce960	UNCONDITIONAL_CALL	0
0x001b49c7	0x001b4a00	CONDITIONAL_JUMP	0
0x001b49d2	0x001f9920	READ	1
0x001b49d8	0x00202d08	DATA	0
0x001b49e0	0x001ce960	UNCONDITIONAL_CALL	0
0x001b49eb	0x001f991c	READ	1
0x001b49f1	0x00202ec4	DATA	0
0x001b49f9	0x001ce960	UNCONDITIONAL_CALL	0
0x001b49fe	0x001b4a27	UNCONDITIONAL_JUMP	0
0x001b4a00	0x001f9920	READ	1
0x001b4a06	0x00202d08	DATA	0
0x001b4a0e	0x001ce960	UNCONDITIONAL_CALL	0
0x001b4a14	0x001f9508	READ	1
0x001b4a1a	0x00202e80	DATA	0
0x001b4a22	0x001ce960	UNCONDITIONAL_CALL	0
0x001b4a27	0xStack[-0x10]	DATA	0
0x001b4a39	0xStack[0x4]	READ	1
0x001b4a3c	0x001f98dc	READ	1
0x001b4a42	0x00205e04	DATA	0
0x001b4a43	0x001f98e0	READ	1
0x001b4a49	0x00205494	DATA	0
0x001b4a4b	0x001ce960	UNCONDITIONAL_CALL	0
0x001b4a54	0x001ce960	UNCONDITIONAL_CALL	0
0x001b4a64	0x001b4d90	CONDITIONAL_JUMP	0
0x001b4a6a	0x001b4ae4	COMPUTED_JUMP	-1
0x001b4a6a	0x001b4af8	COMPUTED_JUMP	-1
0x001b4a6a	0x001b4b0c	COMPUTED_JUMP	-1
0x001b4a6a	0x001b4b20	COMPUTED_JUMP	-1
0x001b4a6a	0x001b4b34	COMPUTED_JUMP	-1
0x001b4a6a	0x001b4b48	COMPUTED_JUMP	-1
0x001b4a6a	0x001b4b5c	COMPUTED_JUMP	-1
0x001b4a6a	0x001b4b94	COMPUTED_JUMP	-1
0x001b4a6a	0x001b4bcc	COMPUTED_JUMP	-1
0x001b4a6a	0x001b4be4	COMPUTED_JUMP	-1
0x001b4a6a	0x001b4bfc	COMPUTED_JUMP	-1
0x001b4a6a	0x001b4c14	COMPUTED_JUMP	-1
0x001b4a6a	0x001b4c2c	COMPUTED_JUMP	-1
0x001b4a6a	0x001b4c44	COMPUTED_JUMP	-1
0x001b4a6a	0x001b4c5c	COMPUTED_JUMP	-1
0x001b4a6a	0x001b4c74	COMPUTED_JUMP	-1
0x001b4a6a	0x001b4c8c	COMPUTED_JUMP	-1
0x001b4a6a	0x001b4ca4	COMPUTED_JUMP	-1
0x001b4a6a	0x001b4cbc	COMPUTED_JUMP	-1
0x001b4a6a	0x001b4cd4	COMPUTED_JUMP	-1
0x001b4a6a	0x001b4cec	COMPUTED_JUMP	-1
0x001b4a6a	0x001b4d04	COMPUTED_JUMP	-1
0x001b4a6a	0x001b4d18	COMPUTED_JUMP	-1
0x001b4a6a	0x001b4d2c	COMPUTED_JUMP	-1
0x001b4a6a	0x001b4d40	COMPUTED_JUMP	-1
0x001b4a6a	0x001b4d54	COMPUTED_JUMP	-1
0x001b4a6a	0x001b4d68	COMPUTED_JUMP	-1
0x001b4a6a	0x001b4d7c	COMPUTED_JUMP	-1
0x001b4a6a	0x001b4a74	DATA	0
0x001b4a74	0x001b4ae4	DATA	0
0x001b4a78	0x001b4af8	DATA	0
0x001b4a7c	0x001b4b0c	DATA	0
0x001b4a80	0x001b4b20	DATA	0
0x001b4a84	0x001b4b34	DATA	0
0x001b4a88	0x001b4b48	DATA	0
0x001b4a8c	0x001b4b5c	DATA	0
0x001b4a90	0x001b4b94	DATA	0
0x001b4a94	0x001b4bcc	DATA	0
0x001b4a98	0x001b4be4	DATA	0
0x001b4a9c	0x001b4bfc	DATA	0
0x001b4aa0	0x001b4c14	DATA	0
0x001b4aa4	0x001b4c2c	DATA	0
0x001b4aa8	0x001b4c44	DATA	0
0x001b4aac	0x001b4c5c	DATA	0
0x001b4ab0	0x001b4c74	DATA	0
0x001b4ab4	0x001b4c8c	DATA	0
0x001b4ab8	0x001b4ca4	DATA	0
0x001b4abc	0x001b4cbc	DATA	0
0x001b4ac0	0x001b4cd4	DATA	0
0x001b4ac4	0x001b4cec	DATA	0
0x001b4ac8	0x001b4d04	DATA	0
0x001b4acc	0x001b4d18	DATA	0
0x001b4ad0	0x001b4d2c	DATA	0
0x001b4ad4	0x001b4d40	DATA	0
0x001b4ad8	0x001b4d54	DATA	0
0x001b4adc	0x001b4d68	DATA	0
0x001b4ae0	0x001b4d7c	DATA	0
0x001b4ae4	0x001f98d8	READ	1
0x001b4aea	0x00205748	DATA	0
0x001b4aec	0x001ce960	UNCONDITIONAL_CALL	0
0x001b4af2	0x001b4d92	UNCONDITIONAL_JUMP	0
0x001b4af8	0x001f98d4	READ	1
0x001b4afe	0x00205730	DATA	0
0x001b4b00	0x001ce960	UNCONDITIONAL_CALL	0
0x001b4b06	0x001b4d92	UNCONDITIONAL_JUMP	0
0x001b4b0c	0x001f98d0	READ	1
0x001b4b12	0x0020571c	DATA	0
0x001b4b14	0x001ce960	UNCONDITIONAL_CALL	0
0x001b4b1a	0x001b4d92	UNCONDITIONAL_JUMP	0
0x001b4b20	0x001f98cc	READ	1
0x001b4b26	0x00205700	DATA	0
0x001b4b28	0x001ce960	UNCONDITIONAL_CALL	0
0x001b4b2e	0x001b4d92	UNCONDITIONAL_JUMP	0
0x001b4b34	0x001f98c8	READ	1
0x001b4b3a	0x002056e0	DATA	0
0x001b4b3c	0x001ce960	UNCONDITIONAL_CALL	0
0x001b4b42	0x001b4d92	UNCONDITIONAL_JUMP	0
0x001b4b48	0x001f98c4	READ	1
0x001b4b4e	0x0020575c	DATA	0
0x001b4b50	0x001ce960	UNCONDITIONAL_CALL	0
0x001b4b56	0x001b4d92	UNCONDITIONAL_JUMP	0
0x001b4b5c	0x001f98f8	READ	1
0x001b4b62	0x002058ac	DATA	0
0x001b4b64	0x001ce960	UNCONDITIONAL_CALL	0
0x001b4b6e	0x001b4b8e	CONDITIONAL_JUMP	0
0x001b4b70	0x001f9908	READ	1
0x001b4b76	0x00205474	DATA	0
0x001b4b78	0x001ce960	UNCONDITIONAL_CALL	0
0x001b4b7e	0x001f98c0	READ	1
0x001b4b84	0x00205c4c	DATA	0
0x001b4b86	0x001ce960	UNCONDITIONAL_CALL	0
0x001b4b8f	0x001b4d92	UNCONDITIONAL_JUMP	0
0x001b4b94	0x001f98f4	READ	1
0x001b4b9a	0x0020589c	DATA	0
0x001b4b9c	0x001ce960	UNCONDITIONAL_CALL	0
0x001b4ba6	0x001b4bc6	CONDITIONAL_JUMP	0
0x001b4ba8	0x001f9900	READ	1
0x001b4bae	0x00205484	DATA	0
0x001b4bb0	0x001ce960	UNCONDITIONAL_CALL	0
0x001b4bb6	0x001f98c0	READ	1
0x001b4bbc	0x00205c4c	DATA	0
0x001b4bbe	0x001ce960	UNCONDITIONAL_CALL	0
0x001b4bc7	0x001b4d92	UNCONDITIONAL_JUMP	0
0x001b4bd0	0x001f98bc	READ	1
0x001b4bd6	0x002056cc	DATA	0
0x001b4bd8	0x001ce960	UNCONDITIONAL_CALL	0
0x001b4bde	0x001b4d92	UNCONDITIONAL_JUMP	0
0x001b4be8	0x001f98bc	READ	1
0x001b4bee	0x002056cc	DATA	0
0x001b4bf0	0x001ce960	UNCONDITIONAL_CALL	0
0x001b4bf6	0x001b4d92	UNCONDITIONAL_JUMP	0
0x001b4c00	0x001f98bc	READ	1
0x001b4c06	0x002056cc	DATA	0
0x001b4c08	0x001ce960	UNCONDITIONAL_CALL	0
0x001b4c0e	0x001b4d92	UNCONDITIONAL_JUMP	0
0x001b4c18	0x001f98bc	READ	1
0x001b4c1e	0x002056cc	DATA	0
0x001b4c20	0x001ce960	UNCONDITIONAL_CALL	0
0x001b4c26	0x001b4d92	UNCONDITIONAL_JUMP	0
0x001b4c30	0x001f98bc	READ	1
0x001b4c36	0x002056cc	DATA	0
0x001b4c38	0x001ce960	UNCONDITIONAL_CALL	0
0x001b4c3e	0x001b4d92	UNCONDITIONAL_JUMP	0
0x001b4c48	0x001f98bc	READ	1
0x001b4c4e	0x002056cc	DATA	0
0x001b4c50	0x001ce960	UNCONDITIONAL_CALL	0
0x001b4c56	0x001b4d92	UNCONDITIONAL_JUMP	0
0x001b4c60	0x001f98bc	READ	1
0x001b4c66	0x002056cc	DATA	0
0x001b4c68	0x001ce960	UNCONDITIONAL_CALL	0
0x001b4c6e	0x001b4d92	UNCONDITIONAL_JUMP	0
0x001b4c78	0x001f98bc	READ	1
0x001b4c7e	0x002056cc	DATA	0
0x001b4c80	0x001ce960	UNCONDITIONAL_CALL	0
0x001b4c86	0x001b4d92	UNCONDITIONAL_JUMP	0
0x001b4c90	0x001f98bc	READ	1
0x001b4c96	0x002056cc	DATA	0
0x001b4c98	0x001ce960	UNCONDITIONAL_CALL	0
0x001b4c9e	0x001b4d92	UNCONDITIONAL_JUMP	0
0x001b4ca8	0x001f98bc	READ	1
0x001b4cae	0x002056cc	DATA	0
0x001b4cb0	0x001ce960	UNCONDITIONAL_CALL	0
0x001b4cb6	0x001b4d92	UNCONDITIONAL_JUMP	0
0x001b4cc0	0x001f98b8	READ	1
0x001b4cc6	0x002056b8	DATA	0
0x001b4cc8	0x001ce960	UNCONDITIONAL_CALL	0
0x001b4cce	0x001b4d92	UNCONDITIONAL_JUMP	0
0x001b4cd8	0x001f98b8	READ	1
0x001b4cde	0x002056b8	DATA	0
0x001b4ce0	0x001ce960	UNCONDITIONAL_CALL	0
0x001b4ce6	0x001b4d92	UNCONDITIONAL_JUMP	0
0x001b4cf0	0x001f98b8	READ	1
0x001b4cf6	0x002056b8	DATA	0
0x001b4cf8	0x001ce960	UNCONDITIONAL_CALL	0
0x001b4cfe	0x001b4d92	UNCONDITIONAL_JUMP	0
0x001b4d08	0x001f98b8	READ	1
0x001b4d0e	0x002056b8	DATA	0
0x001b4d10	0x001ce960	UNCONDITIONAL_CALL	0
0x001b4d16	0x001b4d92	UNCONDITIONAL_JUMP	0
0x001b4d1c	0x001f98b8	READ	1
0x001b4d22	0x002056b8	DATA	0
0x001b4d24	0x001ce960	UNCONDITIONAL_CALL	0
0x001b4d2a	0x001b4d92	UNCONDITIONAL_JUMP	0
0x001b4d30	0x001f98b8	READ	1
0x001b4d36	0x002056b8	DATA	0
0x001b4d38	0x001ce960	UNCONDITIONAL_CALL	0
0x001b4d3e	0x001b4d92	UNCONDITIONAL_JUMP	0
0x001b4d44	0x001f98b8	READ	1
0x001b4d4a	0x002056b8	DATA	0
0x001b4d4c	0x001ce960	UNCONDITIONAL_CALL	0
0x001b4d52	0x001b4d92	UNCONDITIONAL_JUMP	0
0x001b4d58	0x001f98b8	READ	1
0x001b4d5e	0x002056b8	DATA	0
0x001b4d60	0x001ce960	UNCONDITIONAL_CALL	0
0x001b4d66	0x001b4d92	UNCONDITIONAL_JUMP	0
0x001b4d6c	0x001f98b8	READ	1
0x001b4d72	0x002056b8	DATA	0
0x001b4d74	0x001ce960	UNCONDITIONAL_CALL	0
0x001b4d7a	0x001b4d92	UNCONDITIONAL_JUMP	0
0x001b4d80	0x001f98b8	READ	1
0x001b4d86	0x002056b8	DATA	0
0x001b4d88	0x001ce960	UNCONDITIONAL_CALL	0
0x001b4d8e	0x001b4d92	UNCONDITIONAL_JUMP	0
0x001b4d92	0x001f9b20	READ	1
0x001b4d98	0x00204438	DATA	0
0x001b4d99	0x001f98e0	READ	1
0x001b4d9f	0x00205494	DATA	0
0x001b4da1	0x001ce960	UNCONDITIONAL_CALL	0
0x001b4daa	0x001ce960	UNCONDITIONAL_CALL	0
0x001b4daf	0xStack[-0xc]	DATA	0
0x001b4dc1	0xStack[0x4]	READ	1
0x001b4dc4	0xStack[0xc]	READ	1
0x001b4dc7	0xStack[0x10]	READ	1
0x001b4dca	0xStack[-0x8]	WRITE	0
0x001b4dd1	0xStack[-0xc]	WRITE	0
0x001b4dd8	0xStack[-0x10]	WRITE	0
0x001b4ddf	0xStack[-0x1c]	WRITE	0
0x001b4de5	0x001b4e13	CONDITIONAL_JUMP	0
0x001b4de7	0x001f98b4	READ	1
0x001b4ded	0x002058dc	DATA	0
0x001b4def	0x001ce960	UNCONDITIONAL_CALL	0
0x001b4df4	0xStack[-0x8]	WRITE	0
0x001b4dfd	0xStack[-0xc]	WRITE	0
0x001b4e00	0x001f98b0	READ	1
0x001b4e06	0x002058bc	DATA	0
0x001b4e08	0x001ce960	UNCONDITIONAL_CALL	0
0x001b4e0d	0xStack[-0x10]	WRITE	0
0x001b4e18	0x001f98ac	READ	1
0x001b4e1e	0x00205e0c	DATA	0
0x001b4e20	0x001ce960	UNCONDITIONAL_CALL	0
0x001b4e2e	0x001b4e54	CONDITIONAL_JUMP	0
0x001b4e30	0xStack[-0x10]	DATA	0
0x001b4e34	0xStack[-0xc]	DATA	0
0x001b4e38	0xStack[-0x8]	DATA	0
0x001b4e3c	0x001f98a8	READ	1
0x001b4e42	0x00205e18	DATA	0
0x001b4e44	0x001ce960	UNCONDITIONAL_CALL	0
0x001b4e4e	0x001b4e54	CONDITIONAL_JUMP	0
0x001b4e51	0x001b4e18	UNCONDITIONAL_JUMP	0
0x001b4e54	0x001f98a4	READ	1
0x001b4e5a	0x00205e44	DATA	0
0x001b4e5c	0x001ce960	UNCONDITIONAL_CALL	0
0x001b4e66	0x001b4fee	CONDITIONAL_JUMP	0
0x001b4e6c	0xStack[-0x8]	READ	1
0x001b4e70	0x001f98a0	READ	1
0x001b4e76	0x00205d9c	DATA	0
0x001b4e78	0x001ce960	UNCONDITIONAL_CALL	0
0x001b4e7d	0xStack[-0xc]	READ	1
0x001b4e81	0x001f989c	READ	1
0x001b4e87	0x00205d88	DATA	0
0x001b4e89	0x001ce960	UNCONDITIONAL_CALL	0
0x001b4e8e	0xStack[-0x10]	READ	1
0x001b4e92	0x001f9898	READ	1
0x001b4e98	0x00205d74	DATA	0
0x001b4e9a	0x001ce960	UNCONDITIONAL_CALL	0
0x001b4ea2	0x001f988c	READ	1
0x001b4ea8	0x00205e74	DATA	0
0x001b4eaa	0x001ce960	UNCONDITIONAL_CALL	0
0x001b4eb0	0x001f9890	READ	1
0x001b4eb6	0x00205e64	DATA	0
0x001b4eb8	0x001ce960	UNCONDITIONAL_CALL	0
0x001b4ec1	0x001f98fc	READ	1
0x001b4ec7	0x00205dfc	DATA	0
0x001b4ec9	0x001ce960	UNCONDITIONAL_CALL	0
0x001b4ed5	0x001f9894	READ	1
0x001b4edb	0x00205e54	DATA	0
0x001b4edd	0x001ce960	UNCONDITIONAL_CALL	0
0x001b4ee6	0x001f9888	READ	1
0x001b4eec	0x0020583c	DATA	0
0x001b4eee	0x001ce960	UNCONDITIONAL_CALL	0
0x001b4ef3	0xStack[-0x1c]	WRITE	0
0x001b4efb	0x001b4f78	CONDITIONAL_JUMP	0
0x001b4efd	0xStack[-0x18]	DATA	0
0x001b4f01	0x001a54f8	UNCONDITIONAL_CALL	0
0x001b4f06	0xStack[-0x14]	READ	1
0x001b4f0a	0xStack[-0x18]	READ	1
0x001b4f0e	0x001f9884	READ	1
0x001b4f14	0x00205cc0	DATA	0
0x001b4f16	0x001ce960	UNCONDITIONAL_CALL	0
0x001b4f1b	0x001f98fc	READ	1
0x001b4f21	0x00205dfc	DATA	0
0x001b4f23	0x001ce960	UNCONDITIONAL_CALL	0
0x001b4f2d	0x001b4f3c	CONDITIONAL_JUMP	0
0x001b4f31	0x001f9880	READ	1
0x001b4f37	0x001b4f44	UNCONDITIONAL_JUMP	0
0x001b4f3e	0x001f987c	READ	1
0x001b4f44	0x00205b94	DATA	0
0x001b4f44	0x00205b80	DATA	0
0x001b4f46	0x001ce960	UNCONDITIONAL_CALL	0
0x001b4f4e	0x001f9878	READ	1
0x001b4f54	0x002054d8	DATA	0
0x001b4f56	0x001ce960	UNCONDITIONAL_CALL	0
0x001b4f61	0x001b4fee	CONDITIONAL_JUMP	0
0x001b4f67	0x001f988c	READ	1
0x001b4f6d	0x00205e74	DATA	0
0x001b4f6f	0x001ce960	UNCONDITIONAL_CALL	0
0x001b4f75	0x001b4fe1	UNCONDITIONAL_JUMP	0
0x001b4f78	0x001f98a4	READ	1
0x001b4f7e	0x00205e44	DATA	0
0x001b4f80	0x001ce960	UNCONDITIONAL_CALL	0
0x001b4f8a	0x001b4fa0	CONDITIONAL_JUMP	0
0x001b4f8c	0x001f9870	READ	1
0x001b4f92	0x00205e84	DATA	0
0x001b4f94	0x001ce960	UNCONDITIONAL_CALL	0
0x001b4f9c	0x001b4f78	UNCONDITIONAL_JUMP	0
0x001b4fa0	0x001f98fc	READ	1
0x001b4fa6	0x00205dfc	DATA	0
0x001b4fa8	0x001ce960	UNCONDITIONAL_CALL	0
0x001b4fb1	0x001f9894	READ	1
0x001b4fb7	0x00205e54	DATA	0
0x001b4fb9	0x001ce960	UNCONDITIONAL_CALL	0
0x001b4fc2	0x001f986c	READ	1
0x001b4fc8	0x00205824	DATA	0
0x001b4fca	0x001ce960	UNCONDITIONAL_CALL	0
0x001b4fcf	0x001f9868	READ	1
0x001b4fd5	0x00205e98	DATA	0
0x001b4fd7	0x001ce960	UNCONDITIONAL_CALL	0
0x001b4fe1	0x001f9874	READ	1
0x001b4fe7	0x00205d0c	DATA	0
0x001b4fe9	0x001ce960	UNCONDITIONAL_CALL	0
0x001b4fee	0xStack[-0x1c]	READ	1
0x001b4ff2	0xStack[-0x28]	DATA	0
0x001b5002	0xStack[0x4]	READ	1
0x001b5005	0xStack[0x10]	READ	1
0x001b500a	0x001f9908	READ	1
0x001b5010	0x00205474	DATA	0
0x001b5012	0x001ce960	UNCONDITIONAL_CALL	0
0x001b5018	0x001f9838	READ	1
0x001b501e	0x00205ea8	DATA	0
0x001b5020	0x001ce960	UNCONDITIONAL_CALL	0
0x001b502a	0x001b5184	CONDITIONAL_JUMP	0
0x001b5030	0xStack[0xc]	READ	0
0x001b5034	0x001b54bc	CONDITIONAL_JUMP	0
0x001b503a	0xStack[0xc]	READ	1
0x001b503d	0x001b50d0	COMPUTED_JUMP	-1
0x001b503d	0x001b50dc	COMPUTED_JUMP	-1
0x001b503d	0x001b5458	COMPUTED_JUMP	-1
0x001b503d	0x001b54bc	COMPUTED_JUMP	-1
0x001b503d	0x001b50e8	COMPUTED_JUMP	-1
0x001b503d	0x001b50f8	COMPUTED_JUMP	-1
0x001b503d	0x001b5114	COMPUTED_JUMP	-1
0x001b503d	0x001b5124	COMPUTED_JUMP	-1
0x001b503d	0x001b5134	COMPUTED_JUMP	-1
0x001b503d	0x001b5144	COMPUTED_JUMP	-1
0x001b503d	0x001b5154	COMPUTED_JUMP	-1
0x001b503d	0x001b5164	COMPUTED_JUMP	-1
0x001b503d	0x001b5174	COMPUTED_JUMP	-1
0x001b503d	0x001b5044	DATA	0
0x001b5044	0x001b50d0	DATA	0
0x001b5048	0x001b50dc	DATA	0
0x001b504c	0x001b5458	DATA	0
0x001b5050	0x001b54bc	DATA	0
0x001b5054	0x001b54bc	DATA	0
0x001b5058	0x001b54bc	DATA	0
0x001b505c	0x001b54bc	DATA	0
0x001b5060	0x001b54bc	DATA	0
0x001b5064	0x001b54bc	DATA	0
0x001b5068	0x001b54bc	DATA	0
0x001b506c	0x001b54bc	DATA	0
0x001b5070	0x001b54bc	DATA	0
0x001b5074	0x001b54bc	DATA	0
0x001b5078	0x001b54bc	DATA	0
0x001b507c	0x001b50e8	DATA	0
0x001b5080	0x001b54bc	DATA	0
0x001b5084	0x001b50f8	DATA	0
0x001b5088	0x001b5114	DATA	0
0x001b508c	0x001b5124	DATA	0
0x001b5090	0x001b54bc	DATA	0
0x001b5094	0x001b54bc	DATA	0
0x001b5098	0x001b54bc	DATA	0
0x001b509c	0x001b54bc	DATA	0
0x001b50a0	0x001b54bc	DATA	0
0x001b50a4	0x001b54bc	DATA	0
0x001b50a8	0x001b54bc	DATA	0
0x001b50ac	0x001b54bc	DATA	0
0x001b50b0	0x001b54bc	DATA	0
0x001b50b4	0x001b54bc	DATA	0
0x001b50b8	0x001b54bc	DATA	0
0x001b50bc	0x001b5134	DATA	0
0x001b50c0	0x001b5144	DATA	0
0x001b50c4	0x001b5154	DATA	0
0x001b50c8	0x001b5164	DATA	0
0x001b50cc	0x001b5174	DATA	0
0x001b50d0	0x001f988c	READ	1
0x001b50d6	0x001b549e	UNCONDITIONAL_JUMP	0
0x001b50dc	0x001f98ac	READ	1
0x001b50e2	0x001b549e	UNCONDITIONAL_JUMP	0
0x001b50e8	0x001f9830	READ	1
0x001b50ee	0x00205b44	DATA	0
0x001b50f0	0x001b54a0	UNCONDITIONAL_JUMP	0
0x001b50f8	0x001f984c	READ	1
0x001b50fe	0x002057d8	DATA	0
0x001b5100	0x001ce960	UNCONDITIONAL_CALL	0
0x001b5107	0x001f9848	READ	1
0x001b510d	0x002057c8	DATA	0
0x001b510f	0x001b5483	UNCONDITIONAL_JUMP	0
0x001b5114	0x001f984c	READ	1
0x001b511a	0x002057d8	DATA	0
0x001b511c	0x001b54a0	UNCONDITIONAL_JUMP	0
0x001b5124	0x001f9848	READ	1
0x001b512a	0x002057c8	DATA	0
0x001b512c	0x001b54a0	UNCONDITIONAL_JUMP	0
0x001b513e	0x001b54bc	UNCONDITIONAL_JUMP	0
0x001b514e	0x001b54bc	UNCONDITIONAL_JUMP	0
0x001b515e	0x001b54bc	UNCONDITIONAL_JUMP	0
0x001b516e	0x001b54bc	UNCONDITIONAL_JUMP	0
0x001b517e	0x001b54bc	UNCONDITIONAL_JUMP	0
0x001b5184	0x001f9900	READ	1
0x001b518a	0x00205484	DATA	0
0x001b518c	0x001ce960	UNCONDITIONAL_CALL	0
0x001b5192	0x001f9838	READ	1
0x001b5198	0x00205ea8	DATA	0
0x001b519a	0x001ce960	UNCONDITIONAL_CALL	0
0x001b51a4	0x001b5318	CONDITIONAL_JUMP	0
0x001b51aa	0xStack[0xc]	READ	0
0x001b51ae	0x001b54bc	CONDITIONAL_JUMP	0
0x001b51b4	0xStack[0xc]	READ	1
0x001b51b7	0x001b5238	COMPUTED_JUMP	-1
0x001b51b7	0x001b5244	COMPUTED_JUMP	-1
0x001b51b7	0x001b5458	COMPUTED_JUMP	-1
0x001b51b7	0x001b5250	COMPUTED_JUMP	-1
0x001b51b7	0x001b5258	COMPUTED_JUMP	-1
0x001b51b7	0x001b5268	COMPUTED_JUMP	-1
0x001b51b7	0x001b5278	COMPUTED_JUMP	-1
0x001b51b7	0x001b52a8	COMPUTED_JUMP	-1
0x001b51b7	0x001b52b8	COMPUTED_JUMP	-1
0x001b51b7	0x001b54bc	COMPUTED_JUMP	-1
0x001b51b7	0x001b52d8	COMPUTED_JUMP	-1
0x001b51b7	0x001b52c8	COMPUTED_JUMP	-1
0x001b51b7	0x001b52e8	COMPUTED_JUMP	-1
0x001b51b7	0x001b52f8	COMPUTED_JUMP	-1
0x001b51b7	0x001b5308	COMPUTED_JUMP	-1
0x001b51b7	0x001b51c0	DATA	0
0x001b51c0	0x001b5238	DATA	0
0x001b51c4	0x001b5244	DATA	0
0x001b51c8	0x001b5458	DATA	0
0x001b51cc	0x001b5250	DATA	0
0x001b51d0	0x001b5250	DATA	0
0x001b51d4	0x001b5250	DATA	0
0x001b51d8	0x001b5250	DATA	0
0x001b51dc	0x001b5258	DATA	0
0x001b51e0	0x001b5258	DATA	0
0x001b51e4	0x001b5258	DATA	0
0x001b51e8	0x001b5268	DATA	0
0x001b51ec	0x001b5278	DATA	0
0x001b51f0	0x001b52a8	DATA	0
0x001b51f4	0x001b52b8	DATA	0
0x001b51f8	0x001b54bc	DATA	0
0x001b51fc	0x001b54bc	DATA	0
0x001b5200	0x001b54bc	DATA	0
0x001b5204	0x001b54bc	DATA	0
0x001b5208	0x001b54bc	DATA	0
0x001b520c	0x001b54bc	DATA	0
0x001b5210	0x001b54bc	DATA	0
0x001b5214	0x001b54bc	DATA	0
0x001b5218	0x001b54bc	DATA	0
0x001b521c	0x001b54bc	DATA	0
0x001b5220	0x001b54bc	DATA	0
0x001b5224	0x001b52d8	DATA	0
0x001b5228	0x001b52c8	DATA	0
0x001b522c	0x001b52e8	DATA	0
0x001b5230	0x001b52f8	DATA	0
0x001b5234	0x001b5308	DATA	0
0x001b5238	0x001f988c	READ	1
0x001b523e	0x001b549e	UNCONDITIONAL_JUMP	0
0x001b5244	0x001f98ac	READ	1
0x001b524a	0x001b549e	UNCONDITIONAL_JUMP	0
0x001b5252	0x001b54bc	UNCONDITIONAL_JUMP	0
0x001b5258	0x001f9864	READ	1
0x001b525e	0x00205788	DATA	0
0x001b5260	0x001b5460	UNCONDITIONAL_JUMP	0
0x001b5268	0x001f982c	READ	1
0x001b526e	0x00205774	DATA	0
0x001b5270	0x001b5460	UNCONDITIONAL_JUMP	0
0x001b5278	0x001f985c	READ	1
0x001b527e	0x002057b0	DATA	0
0x001b5280	0x001ce960	UNCONDITIONAL_CALL	0
0x001b5287	0x001f9858	READ	1
0x001b528d	0x00205798	DATA	0
0x001b528f	0x001ce960	UNCONDITIONAL_CALL	0
0x001b52a1	0x001b54bc	UNCONDITIONAL_JUMP	0
0x001b52a8	0x001f985c	READ	1
0x001b52ae	0x002057b0	DATA	0
0x001b52b0	0x001b54a0	UNCONDITIONAL_JUMP	0
0x001b52b8	0x001f9858	READ	1
0x001b52be	0x00205798	DATA	0
0x001b52c0	0x001b54a0	UNCONDITIONAL_JUMP	0
0x001b52d2	0x001b54bc	UNCONDITIONAL_JUMP	0
0x001b52e2	0x001b54bc	UNCONDITIONAL_JUMP	0
0x001b52f2	0x001b54bc	UNCONDITIONAL_JUMP	0
0x001b5302	0x001b54bc	UNCONDITIONAL_JUMP	0
0x001b5312	0x001b54bc	UNCONDITIONAL_JUMP	0
0x001b5318	0x001f9234	READ	1
0x001b531e	0x00201980	DATA	0
0x001b531f	0x001f9dc4	READ	1
0x001b5325	0x001feb67	DATA	0
0x001b5326	0x001ce960	UNCONDITIONAL_CALL	0
0x001b532c	0x001f9260	READ	1
0x001b5332	0x00201e50	DATA	0
0x001b5334	0x001ce960	UNCONDITIONAL_CALL	0
0x001b533e	0x001b53b8	CONDITIONAL_JUMP	0
0x001b5340	0xStack[0xc]	READ	1
0x001b534b	0x001b54bc	CONDITIONAL_JUMP	0
0x001b5351	0x001b5370	COMPUTED_JUMP	-1
0x001b5351	0x001b537c	COMPUTED_JUMP	-1
0x001b5351	0x001b5388	COMPUTED_JUMP	-1
0x001b5351	0x001b5394	COMPUTED_JUMP	-1
0x001b5351	0x001b53a0	COMPUTED_JUMP	-1
0x001b5351	0x001b53ac	COMPUTED_JUMP	-1
0x001b5351	0x001b5358	DATA	0
0x001b5358	0x001b5370	DATA	0
0x001b535c	0x001b537c	DATA	0
0x001b5360	0x001b5388	DATA	0
0x001b5364	0x001b5394	DATA	0
0x001b5368	0x001b53a0	DATA	0
0x001b536c	0x001b53ac	DATA	0
0x001b5370	0x001f9828	READ	1
0x001b5376	0x001b549e	UNCONDITIONAL_JUMP	0
0x001b537c	0x001f9824	READ	1
0x001b5382	0x001b549e	UNCONDITIONAL_JUMP	0
0x001b5388	0x001f98b0	READ	1
0x001b538e	0x001b549e	UNCONDITIONAL_JUMP	0
0x001b5394	0x001f9820	READ	1
0x001b539a	0x001b549e	UNCONDITIONAL_JUMP	0
0x001b53a0	0x001f981c	READ	1
0x001b53a6	0x001b549e	UNCONDITIONAL_JUMP	0
0x001b53b1	0x001b54bc	UNCONDITIONAL_JUMP	0
0x001b53b8	0x001f9234	READ	1
0x001b53be	0x00201980	DATA	0
0x001b53bf	0x001f9dc0	READ	1
0x001b53c5	0x001feb73	DATA	0
0x001b53c6	0x001ce960	UNCONDITIONAL_CALL	0
0x001b53cc	0x001f9260	READ	1
0x001b53d2	0x00201e50	DATA	0
0x001b53d4	0x001ce960	UNCONDITIONAL_CALL	0
0x001b53de	0x001b54ac	CONDITIONAL_JUMP	0
0x001b53e4	0xStack[0xc]	READ	1
0x001b53ef	0x001b54bc	CONDITIONAL_JUMP	0
0x001b53f5	0x001b5428	COMPUTED_JUMP	-1
0x001b53f5	0x001b5430	COMPUTED_JUMP	-1
0x001b53f5	0x001b5438	COMPUTED_JUMP	-1
0x001b53f5	0x001b5440	COMPUTED_JUMP	-1
0x001b53f5	0x001b5448	COMPUTED_JUMP	-1
0x001b53f5	0x001b54bc	COMPUTED_JUMP	-1
0x001b53f5	0x001b5450	COMPUTED_JUMP	-1
0x001b53f5	0x001b5458	COMPUTED_JUMP	-1
0x001b53f5	0x001b546c	COMPUTED_JUMP	-1
0x001b53f5	0x001b5490	COMPUTED_JUMP	-1
0x001b53f5	0x001b5498	COMPUTED_JUMP	-1
0x001b53f5	0x001b53fc	DATA	0
0x001b53fc	0x001b5428	DATA	0
0x001b5400	0x001b5430	DATA	0
0x001b5404	0x001b5438	DATA	0
0x001b5408	0x001b5440	DATA	0
0x001b540c	0x001b5448	DATA	0
0x001b5410	0x001b54bc	DATA	0
0x001b5414	0x001b5450	DATA	0
0x001b5418	0x001b5458	DATA	0
0x001b541c	0x001b546c	DATA	0
0x001b5420	0x001b5490	DATA	0
0x001b5424	0x001b5498	DATA	0
0x001b5428	0x001f9828	READ	1
0x001b542e	0x001b549e	UNCONDITIONAL_JUMP	0
0x001b5430	0x001f9824	READ	1
0x001b5436	0x001b549e	UNCONDITIONAL_JUMP	0
0x001b5438	0x001f98b0	READ	1
0x001b543e	0x001b549e	UNCONDITIONAL_JUMP	0
0x001b5440	0x001f9820	READ	1
0x001b5446	0x001b549e	UNCONDITIONAL_JUMP	0
0x001b5448	0x001f981c	READ	1
0x001b544e	0x001b549e	UNCONDITIONAL_JUMP	0
0x001b5455	0x001b54bc	UNCONDITIONAL_JUMP	0
0x001b5458	0x001f9834	READ	1
0x001b545e	0x00205eb4	DATA	0
0x001b5460	0x001ce960	UNCONDITIONAL_CALL	0
0x001b5468	0x001b54bc	UNCONDITIONAL_JUMP	0
0x001b546c	0x001f9818	READ	1
0x001b5472	0x00205ef8	DATA	0
0x001b5474	0x001ce960	UNCONDITIONAL_CALL	0
0x001b547b	0x001f9814	READ	1
0x001b5481	0x00205f04	DATA	0
0x001b5483	0x001ce960	UNCONDITIONAL_CALL	0
0x001b548e	0x001b54bc	UNCONDITIONAL_JUMP	0
0x001b5490	0x001f9818	READ	1
0x001b5496	0x001b549e	UNCONDITIONAL_JUMP	0
0x001b5498	0x001f9814	READ	1
0x001b549e	0x00205e74	DATA	0
0x001b549e	0x00205e0c	DATA	0
0x001b549e	0x00205ee8	DATA	0
0x001b549e	0x00205ed8	DATA	0
0x001b549e	0x002058bc	DATA	0
0x001b549e	0x00205ec8	DATA	0
0x001b549e	0x002058cc	DATA	0
0x001b549e	0x00205f04	DATA	0
0x001b549e	0x00205ef8	DATA	0
0x001b54a0	0x001ce960	UNCONDITIONAL_CALL	0
0x001b54a7	0x001b54bc	UNCONDITIONAL_JUMP	0
0x001b54ac	0x001d8450	DATA	0
0x001b54b1	0x001a5514	UNCONDITIONAL_CALL	0
0x001b54b8	0x001b54be	UNCONDITIONAL_JUMP	0
0x001b54be	0xStack[-0x10]	DATA	0
0x001b54d1	0xStack[0x4]	READ	1
0x001b54d4	0xStack[0x10]	READ	1
0x001b54d7	0xStack[0x14]	READ	1
0x001b54da	0xStack[-0x8]	WRITE	0
0x001b54de	0x001f9908	READ	1
0x001b54e4	0x00205474	DATA	0
0x001b54e6	0x001ce960	UNCONDITIONAL_CALL	0
0x001b54ec	0x001f9838	READ	1
0x001b54f2	0x00205ea8	DATA	0
0x001b54f4	0x001ce960	UNCONDITIONAL_CALL	0
0x001b54fe	0x001b5608	CONDITIONAL_JUMP	0
0x001b5504	0xStack[0xc]	READ	0
0x001b5508	0x001b58d6	CONDITIONAL_JUMP	0
0x001b550e	0xStack[0xc]	READ	1
0x001b5511	0x001b58da	COMPUTED_JUMP	-1
0x001b5511	0x001b55a4	COMPUTED_JUMP	-1
0x001b5511	0x001b58d6	COMPUTED_JUMP	-1
0x001b5511	0x001b55e8	COMPUTED_JUMP	-1
0x001b5511	0x001b55b4	COMPUTED_JUMP	-1
0x001b5511	0x001b55d0	COMPUTED_JUMP	-1
0x001b5511	0x001b55dc	COMPUTED_JUMP	-1
0x001b5511	0x001b55f4	COMPUTED_JUMP	-1
0x001b5511	0x001b5518	DATA	0
0x001b5518	0x001b58da	DATA	0
0x001b551c	0x001b58da	DATA	0
0x001b5520	0x001b55a4	DATA	0
0x001b5524	0x001b58d6	DATA	0
0x001b5528	0x001b58d6	DATA	0
0x001b552c	0x001b58d6	DATA	0
0x001b5530	0x001b58d6	DATA	0
0x001b5534	0x001b58d6	DATA	0
0x001b5538	0x001b58d6	DATA	0
0x001b553c	0x001b58d6	DATA	0
0x001b5540	0x001b58d6	DATA	0
0x001b5544	0x001b58d6	DATA	0
0x001b5548	0x001b58d6	DATA	0
0x001b554c	0x001b58d6	DATA	0
0x001b5550	0x001b55e8	DATA	0
0x001b5554	0x001b58d6	DATA	0
0x001b5558	0x001b55b4	DATA	0
0x001b555c	0x001b55d0	DATA	0
0x001b5560	0x001b55dc	DATA	0
0x001b5564	0x001b58d6	DATA	0
0x001b5568	0x001b58d6	DATA	0
0x001b556c	0x001b58d6	DATA	0
0x001b5570	0x001b58d6	DATA	0
0x001b5574	0x001b58d6	DATA	0
0x001b5578	0x001b58d6	DATA	0
0x001b557c	0x001b58d6	DATA	0
0x001b5580	0x001b58d6	DATA	0
0x001b5584	0x001b58d6	DATA	0
0x001b5588	0x001b58d6	DATA	0
0x001b558c	0x001b58d6	DATA	0
0x001b5590	0x001b55f4	DATA	0
0x001b5594	0x001b55f4	DATA	0
0x001b5598	0x001b55f4	DATA	0
0x001b559c	0x001b55f4	DATA	0
0x001b55a0	0x001b55f4	DATA	0
0x001b55a8	0x001f9810	READ	1
0x001b55ae	0x001b58c3	UNCONDITIONAL_JUMP	0
0x001b55b5	0x001f9844	READ	1
0x001b55bb	0x00205c1c	DATA	0
0x001b55bd	0x001ce960	UNCONDITIONAL_CALL	0
0x001b55c3	0x001f9840	READ	1
0x001b55c9	0x001b5707	UNCONDITIONAL_JUMP	0
0x001b55d1	0x001f9844	READ	1
0x001b55d7	0x001b5707	UNCONDITIONAL_JUMP	0
0x001b55dd	0x001f9840	READ	1
0x001b55e3	0x001b5707	UNCONDITIONAL_JUMP	0
0x001b55e9	0x001f980c	READ	1
0x001b55ef	0x001b5707	UNCONDITIONAL_JUMP	0
0x001b55f8	0xStack[0xc]	READ	1
0x001b55fc	0x001f983c	READ	1
0x001b5602	0x001b5722	UNCONDITIONAL_JUMP	0
0x001b5608	0x001f9900	READ	1
0x001b560e	0x00205484	DATA	0
0x001b5610	0x001ce960	UNCONDITIONAL_CALL	0
0x001b5616	0x001f9838	READ	1
0x001b561c	0x00205ea8	DATA	0
0x001b561e	0x001ce960	UNCONDITIONAL_CALL	0
0x001b5628	0x001b5730	CONDITIONAL_JUMP	0
0x001b562e	0xStack[0xc]	READ	0
0x001b5632	0x001b58d6	CONDITIONAL_JUMP	0
0x001b5638	0xStack[0xc]	READ	1
0x001b563b	0x001b58da	COMPUTED_JUMP	-1
0x001b563b	0x001b56bc	COMPUTED_JUMP	-1
0x001b563b	0x001b56cc	COMPUTED_JUMP	-1
0x001b563b	0x001b56d8	COMPUTED_JUMP	-1
0x001b563b	0x001b56e4	COMPUTED_JUMP	-1
0x001b563b	0x001b56f4	COMPUTED_JUMP	-1
0x001b563b	0x001b5700	COMPUTED_JUMP	-1
0x001b563b	0x001b58d6	COMPUTED_JUMP	-1
0x001b563b	0x001b5714	COMPUTED_JUMP	-1
0x001b563b	0x001b5644	DATA	0
0x001b5644	0x001b58da	DATA	0
0x001b5648	0x001b58da	DATA	0
0x001b564c	0x001b56bc	DATA	0
0x001b5650	0x001b58da	DATA	0
0x001b5654	0x001b58da	DATA	0
0x001b5658	0x001b58da	DATA	0
0x001b565c	0x001b58da	DATA	0
0x001b5660	0x001b56cc	DATA	0
0x001b5664	0x001b56cc	DATA	0
0x001b5668	0x001b56cc	DATA	0
0x001b566c	0x001b56d8	DATA	0
0x001b5670	0x001b56e4	DATA	0
0x001b5674	0x001b56f4	DATA	0
0x001b5678	0x001b5700	DATA	0
0x001b567c	0x001b58d6	DATA	0
0x001b5680	0x001b58d6	DATA	0
0x001b5684	0x001b58d6	DATA	0
0x001b5688	0x001b58d6	DATA	0
0x001b568c	0x001b58d6	DATA	0
0x001b5690	0x001b58d6	DATA	0
0x001b5694	0x001b58d6	DATA	0
0x001b5698	0x001b58d6	DATA	0
0x001b569c	0x001b58d6	DATA	0
0x001b56a0	0x001b58d6	DATA	0
0x001b56a4	0x001b58d6	DATA	0
0x001b56a8	0x001b5714	DATA	0
0x001b56ac	0x001b5714	DATA	0
0x001b56b0	0x001b5714	DATA	0
0x001b56b4	0x001b5714	DATA	0
0x001b56b8	0x001b5714	DATA	0
0x001b56c0	0x001f9810	READ	1
0x001b56c6	0x001b58c3	UNCONDITIONAL_JUMP	0
0x001b56d0	0x001f9860	READ	1
0x001b56d6	0x001b5707	UNCONDITIONAL_JUMP	0
0x001b56dc	0x001f9808	READ	1
0x001b56e2	0x001b5707	UNCONDITIONAL_JUMP	0
0x001b56e5	0x001f9854	READ	1
0x001b56eb	0x00205bc4	DATA	0
0x001b56ed	0x001ce960	UNCONDITIONAL_CALL	0
0x001b56f2	0x001b5700	UNCONDITIONAL_JUMP	0
0x001b56f5	0x001f9854	READ	1
0x001b56fb	0x001b5707	UNCONDITIONAL_JUMP	0
0x001b5701	0x001f9850	READ	1
0x001b5707	0x00205c08	DATA	0
0x001b5707	0x00205c1c	DATA	0
0x001b5707	0x00205ba8	DATA	0
0x001b5707	0x00205bc4	DATA	0
0x001b5707	0x00205be0	DATA	0
0x001b5707	0x00205bf8	DATA	0
0x001b5709	0x001ce960	UNCONDITIONAL_CALL	0
0x001b570e	0x001b58da	UNCONDITIONAL_JUMP	0
0x001b5718	0xStack[0xc]	READ	1
0x001b571c	0x001f9804	READ	1
0x001b5722	0x00205b58	DATA	0
0x001b5724	0x001ce960	UNCONDITIONAL_CALL	0
0x001b5729	0x001b58da	UNCONDITIONAL_JUMP	0
0x001b5730	0x001f9234	READ	1
0x001b5736	0x00201980	DATA	0
0x001b5737	0x001f9dc4	READ	1
0x001b573d	0x001feb67	DATA	0
0x001b573e	0x001ce960	UNCONDITIONAL_CALL	0
0x001b5744	0x001f9260	READ	1
0x001b574a	0x00201e50	DATA	0
0x001b574c	0x001ce960	UNCONDITIONAL_CALL	0
0x001b5756	0x001b57dc	CONDITIONAL_JUMP	0
0x001b575c	0xStack[0xc]	READ	1
0x001b5767	0x001b58d6	CONDITIONAL_JUMP	0
0x001b576d	0x001b578c	COMPUTED_JUMP	-1
0x001b576d	0x001b5798	COMPUTED_JUMP	-1
0x001b576d	0x001b57a4	COMPUTED_JUMP	-1
0x001b576d	0x001b57b0	COMPUTED_JUMP	-1
0x001b576d	0x001b57bc	COMPUTED_JUMP	-1
0x001b576d	0x001b57c8	COMPUTED_JUMP	-1
0x001b576d	0x001b5774	DATA	0
0x001b5774	0x001b578c	DATA	0
0x001b5778	0x001b5798	DATA	0
0x001b577c	0x001b57a4	DATA	0
0x001b5780	0x001b57b0	DATA	0
0x001b5784	0x001b57bc	DATA	0
0x001b5788	0x001b57c8	DATA	0
0x001b578d	0x001f9800	READ	1
0x001b5793	0x001b58c3	UNCONDITIONAL_JUMP	0
0x001b5799	0x001f97fc	READ	1
0x001b579f	0x001b58c3	UNCONDITIONAL_JUMP	0
0x001b57a5	0x001f97f8	READ	1
0x001b57ab	0x001b58c3	UNCONDITIONAL_JUMP	0
0x001b57b1	0x001f97f4	READ	1
0x001b57b7	0x001b58c3	UNCONDITIONAL_JUMP	0
0x001b57bd	0x001f97f0	READ	1
0x001b57c3	0x001b58c3	UNCONDITIONAL_JUMP	0
0x001b57ce	0x001b58da	CONDITIONAL_JUMP	0
0x001b57d4	0x001b58d6	UNCONDITIONAL_JUMP	0
0x001b57dc	0x001f9234	READ	1
0x001b57e2	0x00201980	DATA	0
0x001b57e3	0x001f9dc0	READ	1
0x001b57e9	0x001feb73	DATA	0
0x001b57ea	0x001ce960	UNCONDITIONAL_CALL	0
0x001b57f0	0x001f9260	READ	1
0x001b57f6	0x00201e50	DATA	0
0x001b57f8	0x001ce960	UNCONDITIONAL_CALL	0
0x001b5802	0x001b58cc	CONDITIONAL_JUMP	0
0x001b5808	0xStack[0xc]	READ	1
0x001b5813	0x001b58d6	CONDITIONAL_JUMP	0
0x001b5819	0x001b584c	COMPUTED_JUMP	-1
0x001b5819	0x001b5858	COMPUTED_JUMP	-1
0x001b5819	0x001b5864	COMPUTED_JUMP	-1
0x001b5819	0x001b5870	COMPUTED_JUMP	-1
0x001b5819	0x001b587c	COMPUTED_JUMP	-1
0x001b5819	0x001b58d6	COMPUTED_JUMP	-1
0x001b5819	0x001b5888	COMPUTED_JUMP	-1
0x001b5819	0x001b5894	COMPUTED_JUMP	-1
0x001b5819	0x001b58a0	COMPUTED_JUMP	-1
0x001b5819	0x001b58b0	COMPUTED_JUMP	-1
0x001b5819	0x001b58bc	COMPUTED_JUMP	-1
0x001b5819	0x001b5820	DATA	0
0x001b5820	0x001b584c	DATA	0
0x001b5824	0x001b5858	DATA	0
0x001b5828	0x001b5864	DATA	0
0x001b582c	0x001b5870	DATA	0
0x001b5830	0x001b587c	DATA	0
0x001b5834	0x001b58d6	DATA	0
0x001b5838	0x001b5888	DATA	0
0x001b583c	0x001b5894	DATA	0
0x001b5840	0x001b58a0	DATA	0
0x001b5844	0x001b58b0	DATA	0
0x001b5848	0x001b58bc	DATA	0
0x001b584d	0x001f9800	READ	1
0x001b5853	0x001b58c3	UNCONDITIONAL_JUMP	0
0x001b5859	0x001f97fc	READ	1
0x001b585f	0x001b58c3	UNCONDITIONAL_JUMP	0
0x001b5865	0x001f97f8	READ	1
0x001b586b	0x001b58c3	UNCONDITIONAL_JUMP	0
0x001b5871	0x001f97f4	READ	1
0x001b5877	0x001b58c3	UNCONDITIONAL_JUMP	0
0x001b587d	0x001f97f0	READ	1
0x001b5883	0x001b58c3	UNCONDITIONAL_JUMP	0
0x001b588e	0x001b58da	CONDITIONAL_JUMP	0
0x001b5890	0x001b58d6	UNCONDITIONAL_JUMP	0
0x001b5898	0x001f9810	READ	1
0x001b589e	0x001b58c3	UNCONDITIONAL_JUMP	0
0x001b58a1	0x001f97ec	READ	1
0x001b58a7	0x00205f84	DATA	0
0x001b58a9	0x001ce960	UNCONDITIONAL_CALL	0
0x001b58ae	0x001b58bc	UNCONDITIONAL_JUMP	0
0x001b58b1	0x001f97ec	READ	1
0x001b58b7	0x001b58c3	UNCONDITIONAL_JUMP	0
0x001b58bd	0x001f97e8	READ	1
0x001b58c3	0x00205f20	DATA	0
0x001b58c3	0x00205f34	DATA	0
0x001b58c3	0x00205f48	DATA	0
0x001b58c3	0x00205f5c	DATA	0
0x001b58c3	0x00205f70	DATA	0
0x001b58c3	0x00205f10	DATA	0
0x001b58c3	0x00205f94	DATA	0
0x001b58c3	0x00205f84	DATA	0
0x001b58c5	0x001ce960	UNCONDITIONAL_CALL	0
0x001b58ca	0x001b58da	UNCONDITIONAL_JUMP	0
0x001b58cc	0x001d8450	DATA	0
0x001b58d1	0x001a5514	UNCONDITIONAL_CALL	0
0x001b58d6	0xStack[-0x8]	WRITE	0
0x001b58da	0xStack[-0x8]	READ	1
0x001b58de	0xStack[-0x14]	DATA	0
0x001b58f4	0xStack[0x4]	READ	1
0x001b58f7	0xStack[0xc]	READ	1
0x001b58fb	0x001f9560	READ	1
0x001b5901	0x00203260	DATA	0
0x001b5902	0xStack[-0x110]	WRITE	0
0x001b5908	0x001fa478	READ	1
0x001b590e	0x001fe62d	DATA	1
0x001b590e	0xStack[-0x10c]	WRITE	0
0x001b5914	0xStack[-0x110]	DATA	0
0x001b591b	0x001cea70	UNCONDITIONAL_CALL	0
0x001b5925	0x001b596d	CONDITIONAL_JUMP	0
0x001b5927	0x001f9bd8	READ	1
0x001b592d	0x00203e50	DATA	0
0x001b592f	0x001ce960	UNCONDITIONAL_CALL	0
0x001b5939	0x001b596d	CONDITIONAL_JUMP	0
0x001b593d	0x001f9b58	READ	1
0x001b5943	0x00203e64	DATA	0
0x001b5945	0x001ce960	UNCONDITIONAL_CALL	0
0x001b594e	0x00159b58	UNCONDITIONAL_CALL	0
0x001b5954	0x001d0bf8	UNCONDITIONAL_CALL	0
0x001b5959	0x001f97d4	READ	1
0x001b595f	0x002058e8	DATA	0
0x001b5961	0x001ce960	UNCONDITIONAL_CALL	0
0x001b596b	0x001b5974	CONDITIONAL_JUMP	0
0x001b596f	0x001b5d58	UNCONDITIONAL_JUMP	0
0x001b5974	0x001f97d0	READ	1
0x001b597a	0x00205a20	DATA	0
0x001b597c	0x001ce960	UNCONDITIONAL_CALL	0
0x001b5981	0x001f9cdc	READ	1
0x001b5987	0x0020245c	DATA	0
0x001b5989	0x001ce960	UNCONDITIONAL_CALL	0
0x001b5993	0x001b59a8	CONDITIONAL_JUMP	0
0x001b5995	0x001d848c	DATA	0
0x001b599a	0x001a5514	UNCONDITIONAL_CALL	0
0x001b59a1	0x001b5d58	UNCONDITIONAL_JUMP	0
0x001b59a8	0x001d84a4	DATA	0
0x001b59ad	0x001f9308	READ	1
0x001b59b3	0x00202480	DATA	0
0x001b59b5	0x001ce960	UNCONDITIONAL_CALL	0
0x001b59ba	0xStack[-0x118]	WRITE	0
0x001b59c2	0x001d8474	DATA	1
0x001b59cd	0x001d8474	READ	0
0x001b59cd	0x001d8475	READ	0
0x001b59dd	0xStack[-0x118]	READ	1
0x001b59e4	0xStack[-0x108]	DATA	0
0x001b59eb	0x00101bc0	UNCONDITIONAL_CALL	0
0x001b59f0	0x001d8474	DATA	0
0x001b59f6	0x00101cb8	UNCONDITIONAL_CALL	0
0x001b59ff	0x001ced70	UNCONDITIONAL_CALL	0
0x001b5a09	0x001b5a20	CONDITIONAL_JUMP	0
0x001b5a0c	0x001d84b0	DATA	0
0x001b5a11	0x001a5514	UNCONDITIONAL_CALL	0
0x001b5a18	0x001b5d58	UNCONDITIONAL_JUMP	0
0x001b5a20	0x001f97cc	READ	1
0x001b5a26	0x00205fbc	DATA	0
0x001b5a28	0x001ce960	UNCONDITIONAL_CALL	0
0x001b5a32	0x001b5a48	CONDITIONAL_JUMP	0
0x001b5a34	0x001d84e0	DATA	0
0x001b5a39	0x001a5514	UNCONDITIONAL_CALL	0
0x001b5a40	0x001b5d58	UNCONDITIONAL_JUMP	0
0x001b5a49	0x001bad30	UNCONDITIONAL_CALL	0
0x001b5a4e	0x001be9c0	UNCONDITIONAL_CALL	0
0x001b5a55	0x001a5448	UNCONDITIONAL_CALL	0
0x001b5a60	0x001f97c8	READ	1
0x001b5a66	0x00205904	DATA	0
0x001b5a67	0x001f9dbc	READ	1
0x001b5a6d	0x001feb4e	DATA	0
0x001b5a6e	0x001ce960	UNCONDITIONAL_CALL	0
0x001b5a78	0x001b5a87	CONDITIONAL_JUMP	0
0x001b5a7a	0x001d8504	DATA	0
0x001b5a7f	0x001a5514	UNCONDITIONAL_CALL	0
0x001b5a88	0x001f97c4	READ	1
0x001b5a8e	0x00205910	DATA	0
0x001b5a8f	0x001f9dbc	READ	1
0x001b5a95	0x001feb4e	DATA	0
0x001b5a96	0x001ce960	UNCONDITIONAL_CALL	0
0x001b5a9e	0x001f97c0	READ	1
0x001b5aa4	0x00205fd4	DATA	0
0x001b5aa5	0x001f9210	READ	1
0x001b5aab	0x00201900	DATA	0
0x001b5aac	0x001f9db8	READ	1
0x001b5ab2	0x001feb80	DATA	0
0x001b5ab3	0x001ce960	UNCONDITIONAL_CALL	0
0x001b5abc	0x001ce960	UNCONDITIONAL_CALL	0
0x001b5ac8	0x001f97bc	READ	1
0x001b5ace	0x0020598c	DATA	0
0x001b5acf	0x001f9dbc	READ	1
0x001b5ad5	0x001feb4e	DATA	0
0x001b5ad6	0x001ce960	UNCONDITIONAL_CALL	0
0x001b5ae1	0x001f97c0	READ	1
0x001b5ae7	0x00205fd4	DATA	0
0x001b5ae8	0x001f9210	READ	1
0x001b5aee	0x00201900	DATA	0
0x001b5aef	0x001f9db8	READ	1
0x001b5af5	0x001feb80	DATA	0
0x001b5af6	0x001ce960	UNCONDITIONAL_CALL	0
0x001b5aff	0x001ce960	UNCONDITIONAL_CALL	0
0x001b5b0b	0x001f97bc	READ	1
0x001b5b11	0x0020598c	DATA	0
0x001b5b12	0x001f9dbc	READ	1
0x001b5b18	0x001feb4e	DATA	0
0x001b5b19	0x001ce960	UNCONDITIONAL_CALL	0
0x001b5b20	0x001f97b8	READ	1
0x001b5b26	0x00205fe8	DATA	0
0x001b5b2e	0x001ce960	UNCONDITIONAL_CALL	0
0x001b5b36	0x001f97b4	READ	1
0x001b5b3c	0x00205ffc	DATA	0
0x001b5b3e	0x001ce960	UNCONDITIONAL_CALL	0
0x001b5b49	0x001b5ba0	CONDITIONAL_JUMP	0
0x001b5b4b	0x001f97ac	READ	1
0x001b5b51	0x00203bfc	DATA	0
0x001b5b53	0x001ce960	UNCONDITIONAL_CALL	0
0x001b5b59	0x001f97b0	READ	1
0x001b5b5f	0x00206008	DATA	0
0x001b5b61	0x001ce960	UNCONDITIONAL_CALL	0
0x001b5b6a	0x001f9228	READ	1
0x001b5b70	0x0020193c	DATA	0
0x001b5b72	0x001ce960	UNCONDITIONAL_CALL	0
0x001b5b7b	0x001d8534	DATA	0
0x001b5b80	0x001a5514	UNCONDITIONAL_CALL	0
0x001b5b87	0x001f97b8	READ	1
0x001b5b8d	0x00205fe8	DATA	0
0x001b5b95	0x001ce960	UNCONDITIONAL_CALL	0
0x001b5b9d	0x001b5c0f	UNCONDITIONAL_JUMP	0
0x001b5ba0	0x001f97b4	READ	1
0x001b5ba6	0x00205ffc	DATA	0
0x001b5ba8	0x001ce960	UNCONDITIONAL_CALL	0
0x001b5bb3	0x001b5c0f	CONDITIONAL_JUMP	0
0x001b5bb5	0x001f97a8	READ	1
0x001b5bbb	0x00206010	DATA	0
0x001b5bbd	0x001ce960	UNCONDITIONAL_CALL	0
0x001b5bc4	0x001f97ac	READ	1
0x001b5bca	0x00203bfc	DATA	0
0x001b5bcc	0x001ce960	UNCONDITIONAL_CALL	0
0x001b5bd9	0x001f9228	READ	1
0x001b5bdf	0x0020193c	DATA	0
0x001b5be1	0x001ce960	UNCONDITIONAL_CALL	0
0x001b5bea	0x001d8554	DATA	0
0x001b5bef	0x001a5514	UNCONDITIONAL_CALL	0
0x001b5bf9	0x001f97b8	READ	1
0x001b5bff	0x00205fe8	DATA	0
0x001b5c07	0x001ce960	UNCONDITIONAL_CALL	0
0x001b5c0f	0xStack[-0x114]	DATA	0
0x001b5c16	0x00159b58	UNCONDITIONAL_CALL	0
0x001b5c1c	0x001d0674	UNCONDITIONAL_CALL	0
0x001b5c26	0x001b5c36	CONDITIONAL_JUMP	0
0x001b5c29	0x001d83c0	DATA	0
0x001b5c2e	0x001a5514	UNCONDITIONAL_CALL	0
0x001b5c36	0xStack[-0x114]	READ	1
0x001b5c42	0x001f9b58	READ	1
0x001b5c48	0x00203e64	DATA	0
0x001b5c4a	0x001ce960	UNCONDITIONAL_CALL	0
0x001b5c5a	0x00159b58	UNCONDITIONAL_CALL	0
0x001b5c60	0x001d05b4	UNCONDITIONAL_CALL	0
0x001b5c6a	0x001b5c79	CONDITIONAL_JUMP	0
0x001b5c6c	0x001d83a8	DATA	0
0x001b5c71	0x001a5514	UNCONDITIONAL_CALL	0
0x001b5c7a	0x00159b58	UNCONDITIONAL_CALL	0
0x001b5c80	0x001d0440	UNCONDITIONAL_CALL	0
0x001b5c8a	0x001b5c99	CONDITIONAL_JUMP	0
0x001b5c8c	0x001d8378	DATA	0
0x001b5c91	0x001a5514	UNCONDITIONAL_CALL	0
0x001b5c99	0xStack[-0x114]	READ	1
0x001b5cad	0x00159b58	UNCONDITIONAL_CALL	0
0x001b5cb3	0x001d05b4	UNCONDITIONAL_CALL	0
0x001b5cbd	0x001b5ccc	CONDITIONAL_JUMP	0
0x001b5cbf	0x001d83a8	DATA	0
0x001b5cc4	0x001a5514	UNCONDITIONAL_CALL	0
0x001b5cd7	0x001a9284	UNCONDITIONAL_CALL	0
0x001b5ce3	0x001f9b54	READ	1
0x001b5ce9	0x00204448	DATA	0
0x001b5cea	0x001f9210	READ	1
0x001b5cf0	0x00201900	DATA	0
0x001b5cf1	0x001f9db4	READ	1
0x001b5cf7	0x001feb8d	DATA	0
0x001b5cf8	0x001ce960	UNCONDITIONAL_CALL	0
0x001b5d01	0x001ce960	UNCONDITIONAL_CALL	0
0x001b5d0e	0x001f9874	READ	1
0x001b5d14	0x00205d0c	DATA	0
0x001b5d16	0x001ce960	UNCONDITIONAL_CALL	0
0x001b5d1f	0x001b5d68	DATA	0
0x001b5d24	0x001a90ec	UNCONDITIONAL_CALL	0
0x001b5d2e	0x001a91bc	UNCONDITIONAL_CALL	0
0x001b5d36	0x001a9184	UNCONDITIONAL_CALL	0
0x001b5d3c	0x001b5eb0	DATA	0
0x001b5d41	0x001a90ec	UNCONDITIONAL_CALL	0
0x001b5d49	0x001f948c	READ	1
0x001b5d4f	0x00202c28	DATA	0
0x001b5d51	0x001ce960	UNCONDITIONAL_CALL	0
0x001b5d58	0xStack[-0x124]	DATA	0
0x001b5d70	0xStack[0x4]	READ	1
0x001b5d73	0xStack[-0x1c]	DATA	0
0x001b5d78	0xStack[-0x18]	WRITE	0
0x001b5d7f	0x001f97a0	READ	1
0x001b5d85	0x002054b4	DATA	0
0x001b5d87	0x001ce960	UNCONDITIONAL_CALL	0
0x001b5d8c	0xStack[-0x10]	WRITE	0
0x001b5d8f	0x001f9878	READ	1
0x001b5d95	0x002054d8	DATA	0
0x001b5d97	0x001ce960	UNCONDITIONAL_CALL	0
0x001b5da3	0x001588d4	UNCONDITIONAL_CALL	0
0x001b5db0	0x001b5e30	CONDITIONAL_JUMP	0
0x001b5db4	0x001b5e74	CONDITIONAL_JUMP	0
0x001b5dba	0xStack[-0x8]	READ	1
0x001b5dc2	0x001b5dd0	CONDITIONAL_JUMP	0
0x001b5dc4	0x001f979c	READ	1
0x001b5dca	0x001b5e62	UNCONDITIONAL_JUMP	0
0x001b5dd5	0x001b5de0	CONDITIONAL_JUMP	0
0x001b5dd7	0x001f9908	READ	1
0x001b5ddd	0x001b5ded	UNCONDITIONAL_JUMP	0
0x001b5de5	0x001b5e0c	CONDITIONAL_JUMP	0
0x001b5de7	0x001f9900	READ	1
0x001b5ded	0x00205474	DATA	0
0x001b5ded	0x00205484	DATA	0
0x001b5def	0x001ce960	UNCONDITIONAL_CALL	0
0x001b5df5	0x001f9798	READ	1
0x001b5dfb	0x00205d44	DATA	0
0x001b5dfd	0x001ce960	UNCONDITIONAL_CALL	0
0x001b5e05	0x001b5d78	UNCONDITIONAL_JUMP	0
0x001b5e11	0x001b5e1c	CONDITIONAL_JUMP	0
0x001b5e13	0x001f9794	READ	1
0x001b5e19	0x001b5e62	UNCONDITIONAL_JUMP	0
0x001b5e1d	0x001d857c	DATA	0
0x001b5e22	0x001a5514	UNCONDITIONAL_CALL	0
0x001b5e2a	0x001b5d78	UNCONDITIONAL_JUMP	0
0x001b5e30	0x001f98f8	READ	1
0x001b5e36	0x002058ac	DATA	0
0x001b5e38	0x001ce960	UNCONDITIONAL_CALL	0
0x001b5e42	0x001b5e5c	CONDITIONAL_JUMP	0
0x001b5e44	0x001f98f4	READ	1
0x001b5e4a	0x0020589c	DATA	0
0x001b5e4c	0x001ce960	UNCONDITIONAL_CALL	0
0x001b5e56	0x001b5d78	CONDITIONAL_JUMP	0
0x001b5e5c	0x001f9b90	READ	1
0x001b5e62	0x00205d30	DATA	0
0x001b5e62	0x00205d1c	DATA	0
0x001b5e62	0x00203dd4	DATA	0
0x001b5e64	0x001ce960	UNCONDITIONAL_CALL	0
0x001b5e6c	0x001b5d78	UNCONDITIONAL_JUMP	0
0x001b5e75	0x001f9cc4	READ	1
0x001b5e7b	0x00203418	DATA	0
0x001b5e7d	0x001ce960	UNCONDITIONAL_CALL	0
0x001b5e86	0x001f9228	READ	1
0x001b5e8c	0x0020193c	DATA	0
0x001b5e8e	0x001ce960	UNCONDITIONAL_CALL	0
0x001b5e97	0x001d859c	DATA	0
0x001b5e9c	0x001a5514	UNCONDITIONAL_CALL	0
0x001b5ea1	0x001a9220	UNCONDITIONAL_CALL	0
0x001b5ea9	0x001b5d78	UNCONDITIONAL_JUMP	0
0x001b5eb9	0xStack[-0x40]	DATA	0
0x001b5ebd	0x00159b58	UNCONDITIONAL_CALL	0
0x001b5ec3	0x001d0440	UNCONDITIONAL_CALL	0
0x001b5ecd	0x001b5edc	CONDITIONAL_JUMP	0
0x001b5ecf	0x001d8378	DATA	0
0x001b5ed4	0x001a5514	UNCONDITIONAL_CALL	0
0x001b5edc	0xStack[-0x40]	READ	1
0x001b5edf	0x001d85c4	DATA	0
0x001b5ee4	0x001ced70	UNCONDITIONAL_CALL	0
0x001b5ef0	0x001b5f04	CONDITIONAL_JUMP	0
0x001b5ef2	0x001d85d0	DATA	0
0x001b5ef7	0x001a5514	UNCONDITIONAL_CALL	0
0x001b5efc	0x001a9220	UNCONDITIONAL_CALL	0
0x001b5f04	0x001f9964	READ	1
0x001b5f0a	0x00204e0c	DATA	0
0x001b5f0c	0x001ce960	UNCONDITIONAL_CALL	0
0x001b5f13	0x001f9960	READ	1
0x001b5f19	0x00204b30	DATA	0
0x001b5f1b	0x001ce960	UNCONDITIONAL_CALL	0
0x001b5f26	0x001f99e4	READ	1
0x001b5f2c	0x00204f50	DATA	0
0x001b5f2e	0x001ce960	UNCONDITIONAL_CALL	0
0x001b5f38	0x001b5f4d	CONDITIONAL_JUMP	0
0x001b5f3b	0x001d85f4	DATA	0
0x001b5f40	0x001a5514	UNCONDITIONAL_CALL	0
0x001b5f45	0x001a9220	UNCONDITIONAL_CALL	0
0x001b5f51	0x001f99e4	READ	1
0x001b5f57	0x00204f50	DATA	0
0x001b5f59	0x001ce960	UNCONDITIONAL_CALL	0
0x001b5f63	0x001b5f78	CONDITIONAL_JUMP	0
0x001b5f66	0x001d85f4	DATA	0
0x001b5f6b	0x001a5514	UNCONDITIONAL_CALL	0
0x001b5f70	0x001a9220	UNCONDITIONAL_CALL	0
0x001b5f78	0xStack[-0x30]	WRITE	0
0x001b5f7b	0xStack[-0x38]	WRITE	0
0x001b5f86	0xStack[-0x3c]	DATA	0
0x001b5f8a	0x001588d4	UNCONDITIONAL_CALL	0
0x001b5f94	0x001b5fa9	CONDITIONAL_JUMP	0
0x001b5f97	0x001d8618	DATA	0
0x001b5f9c	0x001a5514	UNCONDITIONAL_CALL	0
0x001b5fa1	0x001a9220	UNCONDITIONAL_CALL	0
0x001b5fa9	0xStack[-0x28]	READ	1
0x001b5fb1	0x001b5fc6	CONDITIONAL_JUMP	0
0x001b5fb4	0x001d8640	DATA	0
0x001b5fb9	0x001a5514	UNCONDITIONAL_CALL	0
0x001b5fbe	0x001a9220	UNCONDITIONAL_CALL	0
0x001b5fc6	0xStack[-0x10]	READ	1
0x001b5fca	0xStack[-0x18]	READ	1
0x001b5fce	0xStack[-0x20]	READ	1
0x001b5fd2	0x001f9790	READ	1
0x001b5fd8	0x00205c30	DATA	0
0x001b5fd9	0xStack[0x4]	READ	1
0x001b5fdd	0x001ce960	UNCONDITIONAL_CALL	0
0x001b5fe5	0x001b5f78	UNCONDITIONAL_JUMP	0
0x001b5feb	0x001e5390	READ	0
0x001b5ff2	0x001b601f	CONDITIONAL_JUMP	0
0x001b5ff4	0x001f924c	READ	1
0x001b5ffa	0x00201a24	DATA	0
0x001b5ffb	0x001f9210	READ	1
0x001b6001	0x00201900	DATA	0
0x001b6002	0x001f9d80	READ	1
0x001b6008	0x001fe1b2	DATA	0
0x001b6009	0x001ce960	UNCONDITIONAL_CALL	0
0x001b6012	0x001ce960	UNCONDITIONAL_CALL	0
0x001b6017	0x001e5390	WRITE	0
0x001b601f	0xStack[0xc]	READ	1
0x001b6023	0x001f92c4	READ	1
0x001b6029	0x00202090	DATA	0
0x001b602a	0x001e5390	READ	1
0x001b6031	0x001ce960	UNCONDITIONAL_CALL	0
0x001b6036	0xStack[0x4]	READ	1
0x001b6046	0xStack[0xc]	READ	1
0x001b604c	0x001f92d8	READ	1
0x001b6052	0x0020223c	DATA	0
0x001b6053	0x001e5390	READ	1
0x001b605a	0x001ce960	UNCONDITIONAL_CALL	0
0x001b6064	0x001b6098	CONDITIONAL_JUMP	0
0x001b6067	0x001f92e8	READ	1
0x001b606d	0x00202250	DATA	0
0x001b606e	0x001e5390	READ	1
0x001b6075	0x001ce960	UNCONDITIONAL_CALL	0
0x001b607c	0x001f9914	READ	1
0x001b6082	0x00205dc4	DATA	0
0x001b6084	0x001ce960	UNCONDITIONAL_CALL	0
0x001b608e	0x001b6094	CONDITIONAL_JUMP	0
0x001b6092	0x001b609a	UNCONDITIONAL_JUMP	0
0x001b6095	0x001b604c	UNCONDITIONAL_JUMP	0
0x001b609a	0xStack[-0x10]	DATA	0
0x001b60aa	0xStack[0xc]	READ	1
0x001b60b0	0x001f92d8	READ	1
0x001b60b6	0x0020223c	DATA	0
0x001b60b7	0x001e5390	READ	1
0x001b60be	0x001ce960	UNCONDITIONAL_CALL	0
0x001b60c8	0x001b60fc	CONDITIONAL_JUMP	0
0x001b60cb	0x001f92e8	READ	1
0x001b60d1	0x00202250	DATA	0
0x001b60d2	0x001e5390	READ	1
0x001b60d9	0x001ce960	UNCONDITIONAL_CALL	0
0x001b60e0	0x001f9910	READ	1
0x001b60e6	0x00205dd4	DATA	0
0x001b60e8	0x001ce960	UNCONDITIONAL_CALL	0
0x001b60f2	0x001b60f8	CONDITIONAL_JUMP	0
0x001b60f6	0x001b60fe	UNCONDITIONAL_JUMP	0
0x001b60f9	0x001b60b0	UNCONDITIONAL_JUMP	0
0x001b60fe	0xStack[-0x10]	DATA	0
0x001b610e	0xStack[0xc]	READ	1
0x001b6114	0x001f92d8	READ	1
0x001b611a	0x0020223c	DATA	0
0x001b611b	0x001e5390	READ	1
0x001b6122	0x001ce960	UNCONDITIONAL_CALL	0
0x001b612c	0x001b6184	CONDITIONAL_JUMP	0
0x001b612f	0x001f92e8	READ	1
0x001b6135	0x00202250	DATA	0
0x001b6136	0x001e5390	READ	1
0x001b613d	0x001ce960	UNCONDITIONAL_CALL	0
0x001b6144	0x001f9908	READ	1
0x001b614a	0x00205474	DATA	0
0x001b614b	0x001f990c	READ	1
0x001b6151	0x00205de4	DATA	0
0x001b6153	0x001ce960	UNCONDITIONAL_CALL	0
0x001b615c	0x001ce960	UNCONDITIONAL_CALL	0
0x001b6166	0x001b6180	CONDITIONAL_JUMP	0
0x001b6168	0x001f9904	READ	1
0x001b616e	0x00205df0	DATA	0
0x001b6170	0x001ce960	UNCONDITIONAL_CALL	0
0x001b617a	0x001b6180	CONDITIONAL_JUMP	0
0x001b617e	0x001b6186	UNCONDITIONAL_JUMP	0
0x001b6181	0x001b6114	UNCONDITIONAL_JUMP	0
0x001b6186	0xStack[-0x10]	DATA	0
0x001b6196	0xStack[0xc]	READ	1
0x001b619c	0x001f92d8	READ	1
0x001b61a2	0x0020223c	DATA	0
0x001b61a3	0x001e5390	READ	1
0x001b61aa	0x001ce960	UNCONDITIONAL_CALL	0
0x001b61b4	0x001b620c	CONDITIONAL_JUMP	0
0x001b61b7	0x001f92e8	READ	1
0x001b61bd	0x00202250	DATA	0
0x001b61be	0x001e5390	READ	1
0x001b61c5	0x001ce960	UNCONDITIONAL_CALL	0
0x001b61cc	0x001f9900	READ	1
0x001b61d2	0x00205484	DATA	0
0x001b61d3	0x001f990c	READ	1
0x001b61d9	0x00205de4	DATA	0
0x001b61db	0x001ce960	UNCONDITIONAL_CALL	0
0x001b61e4	0x001ce960	UNCONDITIONAL_CALL	0
0x001b61ee	0x001b6208	CONDITIONAL_JUMP	0
0x001b61f0	0x001f9904	READ	1
0x001b61f6	0x00205df0	DATA	0
0x001b61f8	0x001ce960	UNCONDITIONAL_CALL	0
0x001b6202	0x001b6208	CONDITIONAL_JUMP	0
0x001b6206	0x001b620e	UNCONDITIONAL_JUMP	0
0x001b6209	0x001b619c	UNCONDITIONAL_JUMP	0
0x001b620e	0xStack[-0x10]	DATA	0
0x001b621b	0xStack[0xc]	READ	1
0x001b621e	0x001e5394	WRITE	0
0x001b622b	0x001e5394	READ	1
0x001b6237	0xStack[0x4]	READ	1
0x001b6247	0xStack[0x4]	READ	1
0x001b6263	0xStack[0x4]	READ	1
0x001b6273	0xStack[0x4]	READ	1
0x001b6276	0xStack[0xc]	READ	1
0x001b6287	0xStack[0x4]	READ	1
0x001b628a	0xStack[0xc]	READ	1
0x001b629b	0xStack[0x4]	READ	1
0x001b629e	0xStack[0xc]	READ	1
0x001b62b0	0xStack[0x4]	READ	1
0x001b62ba	0x001b6306	CONDITIONAL_JUMP	0
0x001b62be	0x001a5448	UNCONDITIONAL_CALL	0
0x001b6306	0x001f98fc	READ	1
0x001b630c	0x00205dfc	DATA	0
0x001b630d	0xStack[0xc]	READ	1
0x001b6311	0x001ce960	UNCONDITIONAL_CALL	0
0x001b631b	0x001b632c	CONDITIONAL_JUMP	0
0x001b632a	0x001b6339	UNCONDITIONAL_JUMP	0
0x001b6347	0x001586d4	UNCONDITIONAL_CALL	0
0x001b6351	0x001b6363	CONDITIONAL_JUMP	0
0x001b6356	0x001b6363	CONDITIONAL_JUMP	0
0x001b6359	0x001d83e0	DATA	0
0x001b635e	0x001a5514	UNCONDITIONAL_CALL	0
0x001b6363	0xStack[-0x8]	READ	1
0x001b6370	0xStack[0x4]	READ	1
0x001b6373	0x001f98f8	READ	1
0x001b6379	0x002058ac	DATA	0
0x001b637b	0x001ce960	UNCONDITIONAL_CALL	0
0x001b6385	0x001b63ae	CONDITIONAL_JUMP	0
0x001b6387	0x001f98f4	READ	1
0x001b638d	0x0020589c	DATA	0
0x001b638f	0x001ce960	UNCONDITIONAL_CALL	0
0x001b6399	0x001b63ae	CONDITIONAL_JUMP	0
0x001b639d	0xStack[0xc]	READ	1
0x001b63a1	0x001f98f0	READ	1
0x001b63a7	0x00205c80	DATA	0
0x001b63a9	0x001ce960	UNCONDITIONAL_CALL	0
0x001b63ae	0xStack[-0x8]	READ	1
0x001b63bf	0xStack[0x4]	READ	1
0x001b63c2	0xStack[-0x5]	WRITE	0
0x001b63c6	0xStack[-0x6]	WRITE	0
0x001b63ca	0x001e5380	READ	0
0x001b63d1	0x001b63dc	CONDITIONAL_JUMP	0
0x001b63d3	0x001e538c	READ	0
0x001b63da	0x001b63f4	CONDITIONAL_JUMP	0
0x001b63dc	0xStack[-0x6]	DATA	0
0x001b63e0	0xStack[-0x5]	DATA	0
0x001b63e4	0x001f98ec	READ	1
0x001b63ea	0x00205874	DATA	0
0x001b63ec	0x001ce960	UNCONDITIONAL_CALL	0
0x001b63f4	0x001e5380	READ	0
0x001b63fb	0x001b646c	CONDITIONAL_JUMP	0
0x001b63fd	0xStack[-0x5]	READ	0
0x001b6401	0x001b6409	CONDITIONAL_JUMP	0
0x001b6403	0xStack[-0x6]	READ	0
0x001b6407	0x001b646c	CONDITIONAL_JUMP	0
0x001b6409	0x001e8714	READ	1
0x001b6410	0x001e8710	READ	1
0x001b6417	0x001f98e8	READ	1
0x001b641d	0x00205cf0	DATA	0
0x001b641f	0x001ce960	UNCONDITIONAL_CALL	0
0x001b6427	0xStack[-0x5]	READ	0
0x001b642b	0x001b644b	CONDITIONAL_JUMP	0
0x001b642d	0x001f9908	READ	1
0x001b6433	0x00205474	DATA	0
0x001b6435	0x001ce960	UNCONDITIONAL_CALL	0
0x001b643b	0x001f98e4	READ	1
0x001b6441	0x00205c60	DATA	0
0x001b6443	0x001ce960	UNCONDITIONAL_CALL	0
0x001b644b	0xStack[-0x6]	READ	0
0x001b644f	0x001b646c	CONDITIONAL_JUMP	0
0x001b6451	0x001f9900	READ	1
0x001b6457	0x00205484	DATA	0
0x001b6459	0x001ce960	UNCONDITIONAL_CALL	0
0x001b645f	0x001f98e4	READ	1
0x001b6465	0x00205c60	DATA	0
0x001b6467	0x001ce960	UNCONDITIONAL_CALL	0
0x001b646c	0xStack[-0xc]	READ	1
0x001b6477	0xStack[0x4]	READ	1
0x001b647a	0xStack[0xc]	READ	1
0x001b648b	0xStack[0x4]	READ	1
0x001b649b	0xStack[0x4]	READ	1
0x001b64ab	0xStack[0x4]	READ	1
0x001b64b4	0x001e8710	READ	1
0x001b64ba	0x001e8714	READ	1
0x001b64cf	0xStack[0x4]	READ	1
0x001b64e7	0xStack[0x4]	READ	1
0x001b64f0	0xStack[0xc]	READ	1
0x001b64f3	0xStack[0x10]	READ	1
0x001b6503	0xStack[0x4]	READ	1
0x001b6520	0xStack[0x4]	READ	1
0x001b6523	0xStack[0xc]	READ	1
0x001b6526	0x001f98b4	READ	1
0x001b652c	0x002058dc	DATA	0
0x001b652e	0x001ce960	UNCONDITIONAL_CALL	0
0x001b6533	0xStack[-0x8]	WRITE	0
0x001b653c	0xStack[-0xc]	WRITE	0
0x001b653f	0x001f98b0	READ	1
0x001b6545	0x002058bc	DATA	0
0x001b6547	0x001ce960	UNCONDITIONAL_CALL	0
0x001b654c	0xStack[-0x10]	WRITE	0
0x001b654f	0x001f98a4	READ	1
0x001b6555	0x00205e44	DATA	0
0x001b6557	0x001ce960	UNCONDITIONAL_CALL	0
0x001b6561	0x001b6573	CONDITIONAL_JUMP	0
0x001b6563	0x001f9870	READ	1
0x001b6569	0x00205e84	DATA	0
0x001b656b	0x001ce960	UNCONDITIONAL_CALL	0
0x001b6573	0xStack[-0x10]	DATA	0
0x001b6577	0xStack[-0xc]	DATA	0
0x001b657b	0xStack[-0x8]	DATA	0
0x001b657f	0x001f98a8	READ	1
0x001b6585	0x00205e18	DATA	0
0x001b6587	0x001ce960	UNCONDITIONAL_CALL	0
0x001b6591	0x001b65e0	CONDITIONAL_JUMP	0
0x001b6593	0x001f98a4	READ	1
0x001b6599	0x00205e44	DATA	0
0x001b659b	0x001ce960	UNCONDITIONAL_CALL	0
0x001b65a5	0x001b65e0	CONDITIONAL_JUMP	0
0x001b65a8	0x001f98c0	READ	1
0x001b65ae	0x00205c4c	DATA	0
0x001b65b0	0x001ce960	UNCONDITIONAL_CALL	0
0x001b65b9	0x001f9884	READ	1
0x001b65bf	0x00205cc0	DATA	0
0x001b65c1	0x001ce960	UNCONDITIONAL_CALL	0
0x001b65ca	0x001f98e8	READ	1
0x001b65d0	0x00205cf0	DATA	0
0x001b65d2	0x001ce960	UNCONDITIONAL_CALL	0
0x001b65dc	0x001b65e2	UNCONDITIONAL_JUMP	0
0x001b65e2	0xStack[-0x18]	DATA	0
0x001b65f1	0xStack[0x4]	READ	1
0x001b65f4	0xStack[0xc]	READ	1
0x001b65f7	0x001f98fc	READ	1
0x001b65fd	0x00205dfc	DATA	0
0x001b65ff	0x001ce960	UNCONDITIONAL_CALL	0
0x001b6608	0x001f9894	READ	1
0x001b660e	0x00205e54	DATA	0
0x001b6610	0x001ce960	UNCONDITIONAL_CALL	0
0x001b6619	0x001f986c	READ	1
0x001b661f	0x00205824	DATA	0
0x001b6621	0x001ce960	UNCONDITIONAL_CALL	0
0x001b6626	0x001f9868	READ	1
0x001b662c	0x00205e98	DATA	0
0x001b662e	0x001ce960	UNCONDITIONAL_CALL	0
0x001b6636	0x001f98fc	READ	1
0x001b663c	0x00205dfc	DATA	0
0x001b663e	0x001ce960	UNCONDITIONAL_CALL	0
0x001b6648	0x001b6654	CONDITIONAL_JUMP	0
0x001b664c	0x001f9880	READ	1
0x001b6652	0x001b665c	UNCONDITIONAL_JUMP	0
0x001b6656	0x001f987c	READ	1
0x001b665c	0x00205b94	DATA	0
0x001b665c	0x00205b80	DATA	0
0x001b665e	0x001ce960	UNCONDITIONAL_CALL	0
0x001b6666	0x001f98f8	READ	1
0x001b666c	0x002058ac	DATA	0
0x001b666e	0x001ce960	UNCONDITIONAL_CALL	0
0x001b6678	0x001b669d	CONDITIONAL_JUMP	0
0x001b667a	0x001f98f4	READ	1
0x001b6680	0x0020589c	DATA	0
0x001b6682	0x001ce960	UNCONDITIONAL_CALL	0
0x001b668c	0x001b669d	CONDITIONAL_JUMP	0
0x001b6690	0x001f9874	READ	1
0x001b6696	0x00205d0c	DATA	0
0x001b6698	0x001ce960	UNCONDITIONAL_CALL	0
0x001b669d	0xStack[-0xc]	DATA	0
0x001b66b1	0xStack[0x4]	READ	1
0x001b66b4	0xStack[0xc]	READ	1
0x001b66b7	0xStack[0x14]	READ	1
0x001b66ba	0xStack[-0x8]	WRITE	0
0x001b66be	0xStack[-0xc]	WRITE	0
0x001b66c4	0xStack[0x10]	READ	0
0x001b66c8	0x001b682b	CONDITIONAL_JUMP	0
0x001b66d0	0x001b66e0	CONDITIONAL_JUMP	0
0x001b66d2	0x00100000	DATA	1
0x001b66d7	0x001b66f4	CONDITIONAL_JUMP	0
0x001b66d9	0xStack[-0x8]	WRITE	0
0x001b66dd	0x001b66f4	UNCONDITIONAL_JUMP	0
0x001b66e3	0x001b66f4	CONDITIONAL_JUMP	0
0x001b66e5	0x00100000	DATA	1
0x001b66ea	0x001b66f0	CONDITIONAL_JUMP	0
0x001b66ee	0x001b66f4	UNCONDITIONAL_JUMP	0
0x001b66f0	0xStack[-0xc]	WRITE	0
0x001b66f9	0x001b67a0	CONDITIONAL_JUMP	0
0x001b6701	0x001b672c	CONDITIONAL_JUMP	0
0x001b6703	0x001f9864	READ	1
0x001b6709	0x00205788	DATA	0
0x001b670b	0x001ce960	UNCONDITIONAL_CALL	0
0x001b671e	0x001f9860	READ	1
0x001b6724	0x001b6824	UNCONDITIONAL_JUMP	0
0x001b672c	0x001f985c	READ	1
0x001b6732	0x002057b0	DATA	0
0x001b6734	0x001ce960	UNCONDITIONAL_CALL	0
0x001b673b	0x001f9858	READ	1
0x001b6741	0x00205798	DATA	0
0x001b6743	0x001ce960	UNCONDITIONAL_CALL	0
0x001b674b	0xStack[-0x8]	READ	0
0x001b674f	0x001b6764	CONDITIONAL_JUMP	0
0x001b6754	0x001b6758	CONDITIONAL_JUMP	0
0x001b675b	0x001b6780	CONDITIONAL_JUMP	0
0x001b675f	0x001b6780	UNCONDITIONAL_JUMP	0
0x001b6764	0xStack[-0xc]	READ	0
0x001b6768	0x001b6780	CONDITIONAL_JUMP	0
0x001b676e	0x001b6775	CONDITIONAL_JUMP	0
0x001b6779	0x001b6780	CONDITIONAL_JUMP	0
0x001b6781	0x001f9854	READ	1
0x001b6787	0x00205bc4	DATA	0
0x001b6789	0xStack[-0x10]	WRITE	0
0x001b678c	0x001ce960	UNCONDITIONAL_CALL	0
0x001b6791	0xStack[-0x10]	READ	1
0x001b6795	0x001f9850	READ	1
0x001b679b	0x001b6824	UNCONDITIONAL_JUMP	0
0x001b67a0	0x001f984c	READ	1
0x001b67a6	0x002057d8	DATA	0
0x001b67a8	0x001ce960	UNCONDITIONAL_CALL	0
0x001b67af	0x001f9848	READ	1
0x001b67b5	0x002057c8	DATA	0
0x001b67b7	0x001ce960	UNCONDITIONAL_CALL	0
0x001b67bf	0xStack[-0x8]	READ	0
0x001b67c3	0x001b67ec	CONDITIONAL_JUMP	0
0x001b67d1	0x001b67d8	CONDITIONAL_JUMP	0
0x001b67e2	0x001b6809	CONDITIONAL_JUMP	0
0x001b67e9	0x001b6809	UNCONDITIONAL_JUMP	0
0x001b67ec	0xStack[-0xc]	READ	0
0x001b67f0	0x001b6809	CONDITIONAL_JUMP	0
0x001b67fa	0x001b67fe	CONDITIONAL_JUMP	0
0x001b6805	0x001b6809	CONDITIONAL_JUMP	0
0x001b680a	0x001f9844	READ	1
0x001b6810	0x00205c1c	DATA	0
0x001b6812	0xStack[-0x10]	WRITE	0
0x001b6815	0x001ce960	UNCONDITIONAL_CALL	0
0x001b681a	0xStack[-0x10]	READ	1
0x001b681e	0x001f9840	READ	1
0x001b6824	0x00205ba8	DATA	0
0x001b6824	0x00205bf8	DATA	0
0x001b6824	0x00205c08	DATA	0
0x001b6826	0x001ce960	UNCONDITIONAL_CALL	0
0x001b682b	0xStack[-0x1c]	DATA	0
0x001b683b	0xStack[0x4]	READ	1
0x001b683e	0xStack[0xc]	READ	1
0x001b6849	0x001f9b4c	READ	1
0x001b684f	0x00204430	DATA	0
0x001b6850	0x001f98e0	READ	1
0x001b6856	0x00205494	DATA	0
0x001b6858	0x001ce960	UNCONDITIONAL_CALL	0
0x001b6861	0x001ce960	UNCONDITIONAL_CALL	0
0x001b686f	0xStack[0x4]	READ	1
0x001b6872	0xStack[0xc]	READ	1
0x001b687d	0x001f9b4c	READ	1
0x001b6883	0x00204430	DATA	0
0x001b6884	0x001f98e0	READ	1
0x001b688a	0x00205494	DATA	0
0x001b688c	0x001ce960	UNCONDITIONAL_CALL	0
0x001b6895	0x001ce960	UNCONDITIONAL_CALL	0
0x001b68a3	0xStack[0x4]	READ	1
0x001b68a6	0xStack[0xc]	READ	1
0x001b68b1	0x001f9b4c	READ	1
0x001b68b7	0x00204430	DATA	0
0x001b68b8	0x001f98e0	READ	1
0x001b68be	0x00205494	DATA	0
0x001b68c0	0x001ce960	UNCONDITIONAL_CALL	0
0x001b68c9	0x001ce960	UNCONDITIONAL_CALL	0
0x001b68d7	0xStack[0x4]	READ	1
0x001b68da	0xStack[0xc]	READ	1
0x001b68e5	0x001f9b4c	READ	1
0x001b68eb	0x00204430	DATA	0
0x001b68ec	0x001f98e0	READ	1
0x001b68f2	0x00205494	DATA	0
0x001b68f4	0x001ce960	UNCONDITIONAL_CALL	0
0x001b68fd	0x001ce960	UNCONDITIONAL_CALL	0
0x001b690b	0xStack[0x4]	READ	1
0x001b690e	0xStack[0xc]	READ	1
0x001b6919	0x001f9b4c	READ	1
0x001b691f	0x00204430	DATA	0
0x001b6920	0x001f98e0	READ	1
0x001b6926	0x00205494	DATA	0
0x001b6928	0x001ce960	UNCONDITIONAL_CALL	0
0x001b6931	0x001ce960	UNCONDITIONAL_CALL	0
0x001b693f	0xStack[0x4]	READ	1
0x001b6942	0xStack[0xc]	READ	1
0x001b694d	0x001f9b4c	READ	1
0x001b6953	0x00204430	DATA	0
0x001b6954	0x001f98e0	READ	1
0x001b695a	0x00205494	DATA	0
0x001b695c	0x001ce960	UNCONDITIONAL_CALL	0
0x001b6965	0x001ce960	UNCONDITIONAL_CALL	0
0x001b6973	0xStack[0x4]	READ	1
0x001b6976	0xStack[0xc]	READ	1
0x001b6987	0xStack[0x4]	READ	1
0x001b698a	0xStack[0xc]	READ	1
0x001b699d	0xStack[0x4]	READ	1
0x001b69a0	0xStack[0xc]	READ	1
0x001b69a3	0xStack[0x10]	READ	1
0x001b69ac	0x001b6a78	CONDITIONAL_JUMP	0
0x001b69b2	0x001b69d0	COMPUTED_JUMP	-1
0x001b69b2	0x001b69ec	COMPUTED_JUMP	-1
0x001b69b2	0x001b6a08	COMPUTED_JUMP	-1
0x001b69b2	0x001b6a24	COMPUTED_JUMP	-1
0x001b69b2	0x001b6a40	COMPUTED_JUMP	-1
0x001b69b2	0x001b69bc	DATA	0
0x001b69bc	0x001b69d0	DATA	0
0x001b69c0	0x001b69ec	DATA	0
0x001b69c4	0x001b6a08	DATA	0
0x001b69c8	0x001b6a24	DATA	0
0x001b69cc	0x001b6a40	DATA	0
0x001b69e0	0x001b6a57	CONDITIONAL_JUMP	0
0x001b69e7	0x001b6a57	UNCONDITIONAL_JUMP	0
0x001b69fc	0x001b6a57	CONDITIONAL_JUMP	0
0x001b6a03	0x001b6a57	UNCONDITIONAL_JUMP	0
0x001b6a18	0x001b6a57	CONDITIONAL_JUMP	0
0x001b6a1f	0x001b6a57	UNCONDITIONAL_JUMP	0
0x001b6a34	0x001b6a57	CONDITIONAL_JUMP	0
0x001b6a3b	0x001b6a57	UNCONDITIONAL_JUMP	0
0x001b6a50	0x001b6a57	CONDITIONAL_JUMP	0
0x001b6a58	0x001f9b4c	READ	1
0x001b6a5e	0x00204430	DATA	0
0x001b6a5f	0x001f98e0	READ	1
0x001b6a65	0x00205494	DATA	0
0x001b6a67	0x001ce960	UNCONDITIONAL_CALL	0
0x001b6a70	0x001ce960	UNCONDITIONAL_CALL	0
0x001b6a75	0x001b6a83	UNCONDITIONAL_JUMP	0
0x001b6a79	0x001d8408	DATA	0
0x001b6a7e	0x001a5514	UNCONDITIONAL_CALL	0
0x001b6a83	0xStack[-0xc]	DATA	0
0x001b6a91	0xStack[0x4]	READ	1
0x001b6a94	0xStack[0xc]	READ	1
0x001b6a97	0xStack[0x10]	READ	1
0x001b6aa0	0x001b6b6c	CONDITIONAL_JUMP	0
0x001b6aa6	0x001b6ae0	COMPUTED_JUMP	-1
0x001b6aa6	0x001b6ac4	COMPUTED_JUMP	-1
0x001b6aa6	0x001b6afc	COMPUTED_JUMP	-1
0x001b6aa6	0x001b6b18	COMPUTED_JUMP	-1
0x001b6aa6	0x001b6b34	COMPUTED_JUMP	-1
0x001b6aa6	0x001b6ab0	DATA	0
0x001b6ab0	0x001b6ae0	DATA	0
0x001b6ab4	0x001b6ac4	DATA	0
0x001b6ab8	0x001b6afc	DATA	0
0x001b6abc	0x001b6b18	DATA	0
0x001b6ac0	0x001b6b34	DATA	0
0x001b6ad4	0x001b6b4b	CONDITIONAL_JUMP	0
0x001b6adb	0x001b6b4b	UNCONDITIONAL_JUMP	0
0x001b6af0	0x001b6b4b	CONDITIONAL_JUMP	0
0x001b6af7	0x001b6b4b	UNCONDITIONAL_JUMP	0
0x001b6b0c	0x001b6b4b	CONDITIONAL_JUMP	0
0x001b6b13	0x001b6b4b	UNCONDITIONAL_JUMP	0
0x001b6b28	0x001b6b4b	CONDITIONAL_JUMP	0
0x001b6b2f	0x001b6b4b	UNCONDITIONAL_JUMP	0
0x001b6b44	0x001b6b4b	CONDITIONAL_JUMP	0
0x001b6b4c	0x001f9b4c	READ	1
0x001b6b52	0x00204430	DATA	0
0x001b6b53	0x001f98e0	READ	1
0x001b6b59	0x00205494	DATA	0
0x001b6b5b	0x001ce960	UNCONDITIONAL_CALL	0
0x001b6b64	0x001ce960	UNCONDITIONAL_CALL	0
0x001b6b69	0x001b6b77	UNCONDITIONAL_JUMP	0
0x001b6b6d	0x001d842c	DATA	0
0x001b6b72	0x001a5514	UNCONDITIONAL_CALL	0
0x001b6b77	0xStack[-0xc]	DATA	0
0x001b6b83	0xStack[0x4]	READ	1
0x001b6b90	0x001b6b9c	CONDITIONAL_JUMP	0
0x001b6ba0	0x001b6bac	CONDITIONAL_JUMP	0
0x001b6bb0	0x001b6ba2	CONDITIONAL_JUMP	0
0x001b6bb6	0x001b6ba2	CONDITIONAL_JUMP	0
0x001b6bbc	0x001b6bc4	CONDITIONAL_JUMP	0
0x001b6bd5	0xStack[0x4]	READ	1
0x001b6bd8	0xStack[0xc]	READ	1
0x001b6bdf	0x001f983c	READ	1
0x001b6be4	0x00205b6c	DATA	0
0x001b6be6	0x001ce960	UNCONDITIONAL_CALL	0
0x001b6bef	0x001f983c	READ	1
0x001b6bf4	0x00205b6c	DATA	0
0x001b6bf6	0x001ce960	UNCONDITIONAL_CALL	0
0x001b6c02	0x001f983c	READ	1
0x001b6c07	0x00205b6c	DATA	0
0x001b6c09	0x001ce960	UNCONDITIONAL_CALL	0
0x001b6c12	0x001f983c	READ	1
0x001b6c17	0x00205b6c	DATA	0
0x001b6c19	0x001ce960	UNCONDITIONAL_CALL	0
0x001b6c25	0x001f983c	READ	1
0x001b6c2a	0x00205b6c	DATA	0
0x001b6c2c	0x001ce960	UNCONDITIONAL_CALL	0
0x001b6c34	0x001f983c	READ	1
0x001b6c39	0x00205b6c	DATA	0
0x001b6c3b	0x001ce960	UNCONDITIONAL_CALL	0
0x001b6c40	0xStack[-0xc]	DATA	0
0x001b6c55	0xStack[0x14]	READ	1
0x001b6c58	0xStack[0x18]	READ	1
0x001b6c5b	0xStack[-0x8]	WRITE	0
0x001b6c63	0x001b6c97	CONDITIONAL_JUMP	0
0x001b6c69	0xStack[0x10]	READ	1
0x001b6c70	0xStack[0xc]	READ	1
0x001b6c77	0x001f97e4	READ	1
0x001b6c7d	0x00205ae8	DATA	0
0x001b6c7e	0xStack[0x4]	READ	1
0x001b6c82	0x001ce960	UNCONDITIONAL_CALL	0
0x001b6c8c	0x001b6c92	CONDITIONAL_JUMP	0
0x001b6c8e	0xStack[-0x8]	WRITE	0
0x001b6c95	0x001b6c68	CONDITIONAL_JUMP	0
0x001b6c97	0xStack[-0x8]	READ	1
0x001b6c9b	0xStack[-0x14]	DATA	0
0x001b6cae	0xStack[0x14]	READ	1
0x001b6cb1	0xStack[0x18]	READ	1
0x001b6cb8	0x001b6ce2	CONDITIONAL_JUMP	0
0x001b6cbd	0xStack[0xc]	READ	1
0x001b6cc4	0x001f97e0	READ	1
0x001b6cca	0x00205b08	DATA	0
0x001b6ccb	0xStack[0x4]	READ	1
0x001b6ccf	0x001ce960	UNCONDITIONAL_CALL	0
0x001b6cd4	0xStack[0x10]	READ	1
0x001b6ce0	0x001b6cbc	CONDITIONAL_JUMP	0
0x001b6ce2	0xStack[-0x10]	DATA	0
0x001b6cf2	0xStack[0x10]	READ	1
0x001b6cf5	0xStack[0x14]	READ	1
0x001b6d00	0x001f9908	READ	1
0x001b6d06	0x00205474	DATA	0
0x001b6d07	0xStack[0x4]	READ	1
0x001b6d0b	0x001ce960	UNCONDITIONAL_CALL	0
0x001b6d11	0x001f9838	READ	1
0x001b6d17	0x00205ea8	DATA	0
0x001b6d19	0x001ce960	UNCONDITIONAL_CALL	0
0x001b6d23	0x001b6d38	CONDITIONAL_JUMP	0
0x001b6d25	0x001d5e10	DATA	1
0x001b6d30	0x001b6de6	UNCONDITIONAL_JUMP	0
0x001b6d38	0x001f9900	READ	1
0x001b6d3e	0x00205484	DATA	0
0x001b6d3f	0xStack[0x4]	READ	1
0x001b6d43	0x001ce960	UNCONDITIONAL_CALL	0
0x001b6d49	0x001f9838	READ	1
0x001b6d4f	0x00205ea8	DATA	0
0x001b6d51	0x001ce960	UNCONDITIONAL_CALL	0
0x001b6d5b	0x001b6d6c	CONDITIONAL_JUMP	0
0x001b6d5d	0x001d5dd8	DATA	1
0x001b6d68	0x001b6de6	UNCONDITIONAL_JUMP	0
0x001b6d6c	0x001f9234	READ	1
0x001b6d72	0x00201980	DATA	0
0x001b6d73	0x001f9dc4	READ	1
0x001b6d79	0x001feb67	DATA	0
0x001b6d7a	0x001ce960	UNCONDITIONAL_CALL	0
0x001b6d80	0x001f9260	READ	1
0x001b6d86	0x00201e50	DATA	0
0x001b6d88	0x001ce960	UNCONDITIONAL_CALL	0
0x001b6d92	0x001b6da4	CONDITIONAL_JUMP	0
0x001b6d94	0x001d5e54	DATA	1
0x001b6d9f	0x001b6de6	UNCONDITIONAL_JUMP	0
0x001b6da4	0x001f9234	READ	1
0x001b6daa	0x00201980	DATA	0
0x001b6dab	0x001f9dc0	READ	1
0x001b6db1	0x001feb73	DATA	0
0x001b6db2	0x001ce960	UNCONDITIONAL_CALL	0
0x001b6db8	0x001f9260	READ	1
0x001b6dbe	0x00201e50	DATA	0
0x001b6dc0	0x001ce960	UNCONDITIONAL_CALL	0
0x001b6dca	0x001b6ddc	CONDITIONAL_JUMP	0
0x001b6dcc	0x001d5e2c	DATA	1
0x001b6dd7	0x001b6de6	UNCONDITIONAL_JUMP	0
0x001b6ddc	0x001d8450	DATA	0
0x001b6de1	0x001a5514	UNCONDITIONAL_CALL	0
0x001b6dea	0x001b6dfa	CONDITIONAL_JUMP	0
0x001b6dec	0x001d5dd8	READ	1
0x001b6dec	0x001d5ddc	READ	1
0x001b6dec	0x001d5e54	READ	1
0x001b6dec	0x001d5e2c	READ	1
0x001b6def	0xStack[0xc]	READ	1
0x001b6df8	0x001b6dec	CONDITIONAL_JUMP	0
0x001b6dfa	0xStack[-0x10]	DATA	0
0x001b6e0d	0xStack[0xc]	READ	1
0x001b6e10	0xStack[0x10]	READ	1
0x001b6e13	0xStack[0x18]	READ	1
0x001b6e16	0xStack[-0x8]	WRITE	0
0x001b6e20	0x001f9908	READ	1
0x001b6e26	0x00205474	DATA	0
0x001b6e27	0xStack[0x4]	READ	1
0x001b6e2b	0x001ce960	UNCONDITIONAL_CALL	0
0x001b6e31	0x001f9838	READ	1
0x001b6e37	0x00205ea8	DATA	0
0x001b6e39	0x001ce960	UNCONDITIONAL_CALL	0
0x001b6e43	0x001b6e70	CONDITIONAL_JUMP	0
0x001b6e45	0xStack[0x14]	READ	0
0x001b6e49	0x001b6e64	CONDITIONAL_JUMP	0
0x001b6e5e	0x001b6f66	UNCONDITIONAL_JUMP	0
0x001b6e64	0xStack[-0x8]	WRITE	0
0x001b6e68	0x001b6f66	UNCONDITIONAL_JUMP	0
0x001b6e70	0x001f9900	READ	1
0x001b6e76	0x00205484	DATA	0
0x001b6e77	0xStack[0x4]	READ	1
0x001b6e7b	0x001ce960	UNCONDITIONAL_CALL	0
0x001b6e81	0x001f9838	READ	1
0x001b6e87	0x00205ea8	DATA	0
0x001b6e89	0x001ce960	UNCONDITIONAL_CALL	0
0x001b6e93	0x001b6f62	CONDITIONAL_JUMP	0
0x001b6e99	0x001f9234	READ	1
0x001b6e9f	0x00201980	DATA	0
0x001b6ea0	0x001f9dc4	READ	1
0x001b6ea6	0x001feb67	DATA	0
0x001b6ea7	0x001ce960	UNCONDITIONAL_CALL	0
0x001b6ead	0x001f9260	READ	1
0x001b6eb3	0x00201e50	DATA	0
0x001b6eb5	0x001ce960	UNCONDITIONAL_CALL	0
0x001b6ebf	0x001b6ee8	CONDITIONAL_JUMP	0
0x001b6ec1	0xStack[0x14]	READ	0
0x001b6ec8	0x001b6f24	CONDITIONAL_JUMP	0
0x001b6eca	0xStack[0x14]	READ	0
0x001b6ed1	0x001b6f62	CONDITIONAL_JUMP	0
0x001b6ee3	0x001b6f66	UNCONDITIONAL_JUMP	0
0x001b6ee8	0x001f9234	READ	1
0x001b6eee	0x00201980	DATA	0
0x001b6eef	0x001f9dc0	READ	1
0x001b6ef5	0x001feb73	DATA	0
0x001b6ef6	0x001ce960	UNCONDITIONAL_CALL	0
0x001b6efc	0x001f9260	READ	1
0x001b6f02	0x00201e50	DATA	0
0x001b6f04	0x001ce960	UNCONDITIONAL_CALL	0
0x001b6f0e	0x001b6f58	CONDITIONAL_JUMP	0
0x001b6f10	0xStack[0x14]	READ	0
0x001b6f17	0x001b6f24	CONDITIONAL_JUMP	0
0x001b6f19	0xStack[0x14]	READ	0
0x001b6f20	0x001b6f48	CONDITIONAL_JUMP	0
0x001b6f22	0x001b6f62	UNCONDITIONAL_JUMP	0
0x001b6f45	0x001b6f66	UNCONDITIONAL_JUMP	0
0x001b6f54	0x001b6f66	UNCONDITIONAL_JUMP	0
0x001b6f58	0x001d8450	DATA	0
0x001b6f5d	0x001a5514	UNCONDITIONAL_CALL	0
0x001b6f62	0xStack[-0x8]	WRITE	0
0x001b6f66	0xStack[-0x8]	READ	1
0x001b6f6a	0xStack[-0x14]	DATA	0
0x001b6f78	0xStack[0x4]	READ	1
0x001b6f80	0x001f9840	READ	1
0x001b6f85	0x00205c08	DATA	0
0x001b6f87	0x001ce960	UNCONDITIONAL_CALL	0
0x001b6f91	0x001f9840	READ	1
0x001b6f96	0x00205c08	DATA	0
0x001b6f98	0x001ce960	UNCONDITIONAL_CALL	0
0x001b6f9f	0x001f9854	READ	1
0x001b6fa4	0x00205bc4	DATA	0
0x001b6fa6	0x001ce960	UNCONDITIONAL_CALL	0
0x001b6fb0	0x001f9854	READ	1
0x001b6fb5	0x00205bc4	DATA	0
0x001b6fb7	0x001ce960	UNCONDITIONAL_CALL	0
0x001b6fbc	0xStack[-0x8]	READ	1
0x001b6fca	0xStack[0x4]	READ	1
0x001b6fcd	0xStack[0xc]	READ	1
0x001b6fd0	0xStack[0x10]	READ	1
0x001b6fd3	0x001f97dc	READ	1
0x001b6fd9	0x00205fa4	DATA	0
0x001b6fe1	0x001ce960	UNCONDITIONAL_CALL	0
0x001b6fe8	0x001f988c	READ	1
0x001b6fee	0x00205e74	DATA	0
0x001b6ff6	0x001ce960	UNCONDITIONAL_CALL	0
0x001b6ffd	0x001f98ac	READ	1
0x001b7003	0x00205e0c	DATA	0
0x001b700b	0x001ce960	UNCONDITIONAL_CALL	0
0x001b7015	0xStack[-0x10]	DATA	0
0x001b7026	0xStack[0x4]	READ	1
0x001b7029	0xStack[0xc]	READ	1
0x001b702c	0xStack[0x10]	READ	1
0x001b702f	0x001f97dc	READ	1
0x001b7035	0x00205fa4	DATA	0
0x001b703d	0x001ce960	UNCONDITIONAL_CALL	0
0x001b7044	0x001f988c	READ	1
0x001b704a	0x00205e74	DATA	0
0x001b7052	0x001ce960	UNCONDITIONAL_CALL	0
0x001b7059	0x001f98ac	READ	1
0x001b705f	0x00205e0c	DATA	0
0x001b7067	0x001ce960	UNCONDITIONAL_CALL	0
0x001b7071	0xStack[-0x10]	DATA	0
0x001b7083	0xStack[0x4]	READ	1
0x001b7086	0xStack[0xc]	READ	1
0x001b7089	0xStack[-0x8]	WRITE	0
0x001b708c	0x001e5380	READ	0
0x001b7092	0x001b7147	CONDITIONAL_JUMP	0
0x001b709a	0x001b7118	CONDITIONAL_JUMP	0
0x001b709c	0x001e5384	WRITE	0
0x001b70a6	0x001f988c	READ	1
0x001b70ac	0x00205e74	DATA	0
0x001b70b4	0x001ce960	UNCONDITIONAL_CALL	0
0x001b70b9	0x001e5388	WRITE	0
0x001b70be	0x001f97d8	READ	1
0x001b70c4	0x002058f0	DATA	0
0x001b70c6	0x001ce960	UNCONDITIONAL_CALL	0
0x001b70cb	0x001e538c	WRITE	0
0x001b70d0	0x001e5388	READ	1
0x001b70d7	0x001f9890	READ	1
0x001b70dd	0x00205e64	DATA	0
0x001b70e5	0x001ce960	UNCONDITIONAL_CALL	0
0x001b70f0	0x001f9894	READ	1
0x001b70f6	0x00205e54	DATA	0
0x001b70fe	0x001ce960	UNCONDITIONAL_CALL	0
0x001b7107	0x001f9888	READ	1
0x001b710d	0x0020583c	DATA	0
0x001b710f	0x001ce960	UNCONDITIONAL_CALL	0
0x001b7114	0x001b713e	UNCONDITIONAL_JUMP	0
0x001b711a	0x001f9894	READ	1
0x001b7120	0x00205e54	DATA	0
0x001b7128	0x001ce960	UNCONDITIONAL_CALL	0
0x001b7131	0x001f986c	READ	1
0x001b7137	0x00205824	DATA	0
0x001b7139	0x001ce960	UNCONDITIONAL_CALL	0
0x001b713e	0xStack[-0x8]	READ	1
0x001b7141	0x001e5380	WRITE	0
0x001b7147	0xStack[-0xc]	READ	1
0x001b7157	0xStack[0x4]	READ	1
0x001b715a	0xStack[0xc]	READ	1
0x001b715d	0xStack[-0x8]	WRITE	0
0x001b7160	0x001e5380	READ	0
0x001b7166	0x001b721b	CONDITIONAL_JUMP	0
0x001b716e	0x001b71ec	CONDITIONAL_JUMP	0
0x001b7170	0x001e5384	WRITE	0
0x001b717a	0x001f988c	READ	1
0x001b7180	0x00205e74	DATA	0
0x001b7188	0x001ce960	UNCONDITIONAL_CALL	0
0x001b718d	0x001e5388	WRITE	0
0x001b7192	0x001f97d8	READ	1
0x001b7198	0x002058f0	DATA	0
0x001b719a	0x001ce960	UNCONDITIONAL_CALL	0
0x001b719f	0x001e538c	WRITE	0
0x001b71a4	0x001e5388	READ	1
0x001b71ab	0x001f9890	READ	1
0x001b71b1	0x00205e64	DATA	0
0x001b71b9	0x001ce960	UNCONDITIONAL_CALL	0
0x001b71c4	0x001f9894	READ	1
0x001b71ca	0x00205e54	DATA	0
0x001b71d2	0x001ce960	UNCONDITIONAL_CALL	0
0x001b71db	0x001f9888	READ	1
0x001b71e1	0x0020583c	DATA	0
0x001b71e3	0x001ce960	UNCONDITIONAL_CALL	0
0x001b71e8	0x001b7212	UNCONDITIONAL_JUMP	0
0x001b71ee	0x001f9894	READ	1
0x001b71f4	0x00205e54	DATA	0
0x001b71fc	0x001ce960	UNCONDITIONAL_CALL	0
0x001b7205	0x001f986c	READ	1
0x001b720b	0x00205824	DATA	0
0x001b720d	0x001ce960	UNCONDITIONAL_CALL	0
0x001b7212	0xStack[-0x8]	READ	1
0x001b7215	0x001e5380	WRITE	0
0x001b721b	0xStack[-0xc]	READ	1
0x001b7227	0x001e5384	READ	1
0x001b723f	0xStack[0x8]	READ	1
0x001b7243	0x001f97a4	READ	1
0x001b7249	0x0020601c	DATA	0
0x001b724a	0xStack[0x4]	READ	1
0x001b724e	0x001ce960	UNCONDITIONAL_CALL	0
0x001b7263	0xStack[0x4]	READ	1
0x001b7268	0x001f97c4	READ	1
0x001b726e	0x00205910	DATA	0
0x001b726f	0x001f9dbc	READ	1
0x001b7275	0x001feb4e	DATA	0
0x001b7276	0x001ce960	UNCONDITIONAL_CALL	0
0x001b7284	0x001a5458	UNCONDITIONAL_CALL	0
0x001b7289	0x001f921c	READ	1
0x001b728f	0x00201920	DATA	0
0x001b7290	0xStack[-0xc]	WRITE	0
0x001b7293	0x001fa478	READ	1
0x001b7299	0x001fe62d	DATA	1
0x001b7299	0xStack[-0x8]	WRITE	0
0x001b729c	0xStack[-0xc]	DATA	0
0x001b72a0	0x001cea70	UNCONDITIONAL_CALL	0
0x001b72a5	0xStack[-0x10]	READ	1
0x001b72af	0xStack[0x4]	READ	1
0x001b72bf	0xStack[0x4]	READ	1
0x001b72cb	0x001b72f8	CONDITIONAL_JUMP	0
0x001b72cd	0x001b72e0	CONDITIONAL_JUMP	0
0x001b72d2	0x001b7304	CONDITIONAL_JUMP	0
0x001b72d7	0x001b72ec	CONDITIONAL_JUMP	0
0x001b7313	0xStack[0x4]	READ	1
0x001b7323	0xStack[0x4]	READ	1
0x001b7337	0xStack[0x4]	READ	1
0x001b734b	0xStack[0x8]	READ	1
0x001b734f	0x001f97a4	READ	1
0x001b7355	0x0020601c	DATA	0
0x001b7356	0xStack[0x4]	READ	1
0x001b735a	0x001ce960	UNCONDITIONAL_CALL	0
0x001b736f	0xStack[0x8]	READ	1
0x001b7373	0x001f97a4	READ	1
0x001b7379	0x0020601c	DATA	0
0x001b737a	0xStack[0x4]	READ	1
0x001b737e	0x001ce960	UNCONDITIONAL_CALL	0
0x001b738f	0xStack[0x8]	READ	1
0x001b7393	0x001f97a4	READ	1
0x001b7399	0x0020601c	DATA	0
0x001b739a	0xStack[0x4]	READ	1
0x001b739e	0x001ce960	UNCONDITIONAL_CALL	0
0x001b73ae	0xStack[0x4]	READ	1
0x001b73b1	0xStack[0xc]	READ	1
0x001b73b4	0xStack[0x10]	READ	1
0x001b73b7	0x001f97dc	READ	1
0x001b73bd	0x00205fa4	DATA	0
0x001b73c5	0x001ce960	UNCONDITIONAL_CALL	0
0x001b73cc	0x001f988c	READ	1
0x001b73d2	0x00205e74	DATA	0
0x001b73da	0x001ce960	UNCONDITIONAL_CALL	0
0x001b73e1	0x001f98ac	READ	1
0x001b73e7	0x00205e0c	DATA	0
0x001b73ef	0x001ce960	UNCONDITIONAL_CALL	0
0x001b73f9	0xStack[-0x10]	DATA	0
0x001b740a	0xStack[0x4]	READ	1
0x001b740d	0xStack[0xc]	READ	1
0x001b7410	0xStack[0x10]	READ	1
0x001b7413	0x001f97dc	READ	1
0x001b7419	0x00205fa4	DATA	0
0x001b7421	0x001ce960	UNCONDITIONAL_CALL	0
0x001b7428	0x001f988c	READ	1
0x001b742e	0x00205e74	DATA	0
0x001b7436	0x001ce960	UNCONDITIONAL_CALL	0
0x001b743d	0x001f98ac	READ	1
0x001b7443	0x00205e0c	DATA	0
0x001b744b	0x001ce960	UNCONDITIONAL_CALL	0
0x001b7455	0xStack[-0x10]	DATA	0
0x001b7463	0xStack[0x4]	READ	1
0x001b7473	0xStack[0x4]	READ	1
0x001b7483	0xStack[0x4]	READ	1
0x001b7493	0xStack[0x4]	READ	1
0x001b74a3	0xStack[0x4]	READ	1
0x001b74b7	0xStack[0x4]	READ	1
0x001b7517	0xStack[0xc]	READ	1
0x001b751a	0xStack[0x10]	READ	1
0x001b7533	0xStack[0x10]	READ	1
0x001b7543	0xStack[0x10]	READ	1
0x001b7560	0xStack[0xc]	READ	1
0x001b7563	0xStack[0x10]	READ	1
0x001b7566	0xStack[0x14]	READ	1
0x001b7569	0x001b7588	DATA	1
0x001b7575	0xStack[0x4]	READ	1
0x001b757f	0xStack[-0x8]	READ	1
0x001b758b	0x001e5380	READ	0
0x001b7592	0x001b75b0	CONDITIONAL_JUMP	0
0x001b7594	0x001e5388	READ	1
0x001b759a	0x001e5384	READ_WRITE	0
0x001b75a0	0x001e538c	READ	1
0x001b75a7	0x001b75b0	CONDITIONAL_JUMP	0
0x001b75b0	0x001e8710	DATA	0
0x001b75b5	0x001a54f8	UNCONDITIONAL_CALL	0
0x001b75bf	0xStack[0x8]	READ	1
0x001b75c3	0xStack[0x4]	READ	1
0x001b75c7	0x0018024c	UNCONDITIONAL_CALL	0
0x001b75d9	0xStack[0x4]	READ	1
0x001b75dc	0xStack[-0x8]	WRITE	0
0x001b75e3	0xStack[-0xc]	WRITE	0
0x001b75f8	0x001b7600	CONDITIONAL_JUMP	0
0x001b75fc	0x001b7603	UNCONDITIONAL_JUMP	0
0x001b760b	0x001b7614	CONDITIONAL_JUMP	0
0x001b760f	0x001b7617	UNCONDITIONAL_JUMP	0
0x001b7619	0x001f9220	READ	1
0x001b761f	0x00201928	DATA	0
0x001b7624	0x001ce960	UNCONDITIONAL_CALL	0
0x001b7629	0x001f92d8	READ	1
0x001b762f	0x0020223c	DATA	0
0x001b7634	0x001ce960	UNCONDITIONAL_CALL	0
0x001b7639	0xStack[-0x10]	WRITE	0
0x001b7641	0x001b7789	CONDITIONAL_JUMP	0
0x001b764b	0x001b774f	CONDITIONAL_JUMP	0
0x001b7651	0x001f9828	READ	1
0x001b7657	0x002058cc	DATA	0
0x001b765c	0x001ce960	UNCONDITIONAL_CALL	0
0x001b7669	0x001b76b4	CONDITIONAL_JUMP	0
0x001b766b	0x001b767c	CONDITIONAL_JUMP	0
0x001b7672	0x001b7688	CONDITIONAL_JUMP	0
0x001b7674	0x001b771f	UNCONDITIONAL_JUMP	0
0x001b7681	0x001b76f4	CONDITIONAL_JUMP	0
0x001b7683	0x001b771f	UNCONDITIONAL_JUMP	0
0x001b7688	0xStack[-0xc]	DATA	0
0x001b768c	0xStack[-0x8]	DATA	0
0x001b7699	0x001f98b0	READ	1
0x001b769f	0x002058bc	DATA	0
0x001b76a4	0x001ce960	UNCONDITIONAL_CALL	0
0x001b76ad	0x001be7d4	UNCONDITIONAL_CALL	0
0x001b76b2	0x001b771c	UNCONDITIONAL_JUMP	0
0x001b76b4	0xStack[-0xc]	DATA	0
0x001b76b8	0xStack[-0x8]	DATA	0
0x001b76c3	0x001f98b0	READ	1
0x001b76c9	0x002058bc	DATA	0
0x001b76ce	0x001ce960	UNCONDITIONAL_CALL	0
0x001b76d7	0x001be874	UNCONDITIONAL_CALL	0
0x001b76dc	0x001b771c	UNCONDITIONAL_JUMP	0
0x001b76ec	0x001b77c1	UNCONDITIONAL_JUMP	0
0x001b76f4	0xStack[-0xc]	DATA	0
0x001b76f8	0xStack[-0x8]	DATA	0
0x001b7703	0x001f98b0	READ	1
0x001b7709	0x002058bc	DATA	0
0x001b770e	0x001ce960	UNCONDITIONAL_CALL	0
0x001b7717	0x001be71c	UNCONDITIONAL_CALL	0
0x001b7726	0xStack[-0x14]	WRITE	0
0x001b772a	0xStack[-0x8]	READ	1
0x001b7732	0x001be98c	UNCONDITIONAL_CALL	0
0x001b773b	0xStack[-0x14]	READ	1
0x001b773f	0xStack[-0xc]	READ	1
0x001b7747	0x001be98c	UNCONDITIONAL_CALL	0
0x001b7751	0xStack[-0x10]	READ	0
0x001b7754	0x001b7789	CONDITIONAL_JUMP	0
0x001b7759	0x001f92e8	READ	1
0x001b775f	0x00202250	DATA	0
0x001b7764	0xStack[-0x18]	WRITE	0
0x001b7767	0x001ce960	UNCONDITIONAL_CALL	0
0x001b7770	0x001f9768	READ	1
0x001b7776	0x00206308	DATA	0
0x001b7778	0x001ce960	UNCONDITIONAL_CALL	0
0x001b7780	0xStack[-0x18]	READ	1
0x001b7784	0xStack[-0x10]	READ	0
0x001b7787	0x001b7758	CONDITIONAL_JUMP	0
0x001b7789	0x001f9474	READ	1
0x001b778f	0x00202be8	DATA	0
0x001b7794	0x001ce960	UNCONDITIONAL_CALL	0
0x001b77a1	0x00101600	UNCONDITIONAL_CALL	0
0x001b77ac	0x001b76e0	CONDITIONAL_JUMP	0
0x001b77c4	0xStack[-0x24]	DATA	0
0x001b77d3	0x001e5398	READ	0
0x001b77da	0x001b7807	CONDITIONAL_JUMP	0
0x001b77dc	0x001f924c	READ	1
0x001b77e2	0x00201a24	DATA	0
0x001b77e3	0x001f9210	READ	1
0x001b77e9	0x00201900	DATA	0
0x001b77ea	0x001f9d80	READ	1
0x001b77f0	0x001fe1b2	DATA	0
0x001b77f1	0x001ce960	UNCONDITIONAL_CALL	0
0x001b77fa	0x001ce960	UNCONDITIONAL_CALL	0
0x001b77ff	0x001e5398	WRITE	0
0x001b7807	0xStack[0xc]	READ	1
0x001b780b	0x001f92c4	READ	1
0x001b7811	0x00202090	DATA	0
0x001b7812	0x001e5398	READ	1
0x001b7819	0x001ce960	UNCONDITIONAL_CALL	0
0x001b781e	0xStack[0x4]	READ	1
0x001b782b	0xStack[0xc]	READ	1
0x001b782f	0x001f92cc	READ	1
0x001b7835	0x0020209c	DATA	0
0x001b7836	0x001e5398	READ	1
0x001b783d	0x001ce960	UNCONDITIONAL_CALL	0
0x001b7842	0xStack[0x4]	READ	1
0x001b7852	0xStack[0xc]	READ	1
0x001b7858	0x001f92d8	READ	1
0x001b785e	0x0020223c	DATA	0
0x001b785f	0x001e5398	READ	1
0x001b7866	0x001ce960	UNCONDITIONAL_CALL	0
0x001b7870	0x001b78a4	CONDITIONAL_JUMP	0
0x001b7873	0x001f92e8	READ	1
0x001b7879	0x00202250	DATA	0
0x001b787a	0x001e5398	READ	1
0x001b7881	0x001ce960	UNCONDITIONAL_CALL	0
0x001b7888	0x001f978c	READ	1
0x001b788e	0x00206258	DATA	0
0x001b7890	0x001ce960	UNCONDITIONAL_CALL	0
0x001b789a	0x001b78a0	CONDITIONAL_JUMP	0
0x001b789e	0x001b78a6	UNCONDITIONAL_JUMP	0
0x001b78a1	0x001b7858	UNCONDITIONAL_JUMP	0
0x001b78a6	0xStack[-0x10]	DATA	0
0x001b78b6	0xStack[0xc]	READ	1
0x001b78bc	0x001f92d8	READ	1
0x001b78c2	0x0020223c	DATA	0
0x001b78c3	0x001e5398	READ	1
0x001b78ca	0x001ce960	UNCONDITIONAL_CALL	0
0x001b78d4	0x001b7908	CONDITIONAL_JUMP	0
0x001b78d7	0x001f92e8	READ	1
0x001b78dd	0x00202250	DATA	0
0x001b78de	0x001e5398	READ	1
0x001b78e5	0x001ce960	UNCONDITIONAL_CALL	0
0x001b78ec	0x001f9788	READ	1
0x001b78f2	0x00206264	DATA	0
0x001b78f4	0x001ce960	UNCONDITIONAL_CALL	0
0x001b78fe	0x001b7904	CONDITIONAL_JUMP	0
0x001b7902	0x001b790a	UNCONDITIONAL_JUMP	0
0x001b7905	0x001b78bc	UNCONDITIONAL_JUMP	0
0x001b790a	0xStack[-0x10]	DATA	0
0x001b791d	0xStack[0x4]	READ	1
0x001b7920	0xStack[0xc]	READ	1
0x001b7923	0xStack[0x10]	READ	1
0x001b7926	0x001f924c	READ	1
0x001b792c	0x00201a24	DATA	0
0x001b792d	0xStack[-0xc]	WRITE	0
0x001b7930	0x001fa4a0	READ	1
0x001b7936	0x001fdfdf	DATA	1
0x001b7936	0xStack[-0x8]	WRITE	0
0x001b7939	0xStack[-0xc]	DATA	0
0x001b793d	0x001cea70	UNCONDITIONAL_CALL	0
0x001b794d	0x001b7960	CONDITIONAL_JUMP	0
0x001b794f	0x001f9234	READ	1
0x001b7955	0x00201980	DATA	0
0x001b7956	0x001f9dc4	READ	1
0x001b795c	0x001b796d	UNCONDITIONAL_JUMP	0
0x001b7960	0x001f9234	READ	1
0x001b7966	0x00201980	DATA	0
0x001b7967	0x001f9dc0	READ	1
0x001b796d	0x001feb73	DATA	0
0x001b796e	0x001ce960	UNCONDITIONAL_CALL	0
0x001b7980	0x001f924c	READ	1
0x001b7986	0x00201a24	DATA	0
0x001b7987	0x001f9210	READ	1
0x001b798d	0x00201900	DATA	0
0x001b798e	0x001f9d80	READ	1
0x001b7994	0x001fe1b2	DATA	0
0x001b7995	0x001ce960	UNCONDITIONAL_CALL	0
0x001b799e	0x001ce960	UNCONDITIONAL_CALL	0
0x001b79a6	0x001f924c	READ	1
0x001b79ac	0x00201a24	DATA	0
0x001b79ad	0x001f9210	READ	1
0x001b79b3	0x00201900	DATA	0
0x001b79b4	0x001f9da4	READ	1
0x001b79ba	0x001fe4a1	DATA	0
0x001b79bb	0x001ce960	UNCONDITIONAL_CALL	0
0x001b79c4	0x001ce960	UNCONDITIONAL_CALL	0
0x001b79ec	0x001f9784	READ	1
0x001b79f2	0x00206270	DATA	0
0x001b79f7	0x001ce960	UNCONDITIONAL_CALL	0
0x001b7a01	0x001b7a10	CONDITIONAL_JUMP	0
0x001b7a03	0x001e0d0c	READ	1
0x001b7a0b	0x001b7a1d	UNCONDITIONAL_JUMP	0
0x001b7a10	0x001e0d0c	READ	1
0x001b7a1e	0x001f9780	READ	1
0x001b7a24	0x00206238	DATA	0
0x001b7a26	0x001ce960	UNCONDITIONAL_CALL	0
0x001b7a2b	0x001e0d0c	READ	1
0x001b7a32	0x001f977c	READ	1
0x001b7a38	0x00206244	DATA	0
0x001b7a3a	0x001ce960	UNCONDITIONAL_CALL	0
0x001b7a41	0xStack[-0x18]	DATA	0
0x001b7a53	0xStack[0x4]	READ	1
0x001b7a56	0x001d8668	DATA	0
0x001b7a5b	0x001a5514	UNCONDITIONAL_CALL	0
0x001b7a60	0x001f921c	READ	1
0x001b7a66	0x00201920	DATA	0
0x001b7a67	0xStack[-0xc]	WRITE	0
0x001b7a6a	0x001fa4a0	READ	1
0x001b7a70	0x001fdfdf	DATA	1
0x001b7a70	0xStack[-0x8]	WRITE	0
0x001b7a73	0xStack[-0xc]	DATA	0
0x001b7a77	0x001cea70	UNCONDITIONAL_CALL	0
0x001b7a7c	0xStack[-0x10]	READ	1
0x001b7a87	0xStack[0x4]	READ	1
0x001b7a99	0xStack[0x4]	READ	1
0x001b7a9c	0xStack[0xc]	READ	1
0x001b7a9f	0x001f9778	READ	1
0x001b7aa5	0x0020607c	DATA	0
0x001b7aa7	0x001ce960	UNCONDITIONAL_CALL	0
0x001b7abc	0x001b7ad9	CONDITIONAL_JUMP	0
0x001b7ac5	0x001f9778	READ	1
0x001b7acb	0x0020607c	DATA	0
0x001b7acd	0x001ce960	UNCONDITIONAL_CALL	0
0x001b7ade	0xStack[-0xc]	DATA	0
0x001b7aeb	0xStack[0x4]	READ	1
0x001b7afb	0xStack[0x4]	READ	1
0x001b7afe	0xStack[0xc]	READ	1
0x001b7b0b	0xStack[0x4]	READ	1
0x001b7b1b	0xStack[0x4]	READ	1
0x001b7b2b	0xStack[0x4]	READ	1
0x001b7b3c	0xStack[0x4]	READ	1
0x001b7b43	0x001b7b50	CONDITIONAL_JUMP	0
0x001b7b4a	0x001b7c5f	UNCONDITIONAL_JUMP	0
0x001b7b50	0x001e539c	READ	0
0x001b7b57	0x001b7ba0	CONDITIONAL_JUMP	0
0x001b7b59	0x001e53a0	READ	1
0x001b7b60	0x001b7ba0	CONDITIONAL_JUMP	0
0x001b7b76	0x001f9774	READ	1
0x001b7b7c	0x00206280	DATA	0
0x001b7b81	0x001ce960	UNCONDITIONAL_CALL	0
0x001b7b89	0x001f9770	READ	1
0x001b7b8f	0x00206210	DATA	0
0x001b7b91	0x001ce960	UNCONDITIONAL_CALL	0
0x001b7b9b	0x001b7c5f	UNCONDITIONAL_JUMP	0
0x001b7ba0	0x001f9784	READ	1
0x001b7ba6	0x00206270	DATA	0
0x001b7bab	0x001ce960	UNCONDITIONAL_CALL	0
0x001b7bb5	0x001b7be0	CONDITIONAL_JUMP	0
0x001b7bc0	0x0018ad9c	UNCONDITIONAL_CALL	0
0x001b7bcd	0x001b7c20	CONDITIONAL_JUMP	0
0x001b7bcf	0x001d868c	DATA	0
0x001b7bd4	0x001a5514	UNCONDITIONAL_CALL	0
0x001b7bdb	0x001b7c5f	UNCONDITIONAL_JUMP	0
0x001b7be0	0x001f9784	READ	1
0x001b7be6	0x00206270	DATA	0
0x001b7beb	0x001ce960	UNCONDITIONAL_CALL	0
0x001b7bf5	0x001b7c20	CONDITIONAL_JUMP	0
0x001b7bf7	0x001e0d0c	READ	1
0x001b7c02	0x0018ad9c	UNCONDITIONAL_CALL	0
0x001b7c0f	0x001b7c20	CONDITIONAL_JUMP	0
0x001b7c11	0x001d868c	DATA	0
0x001b7c16	0x001a5514	UNCONDITIONAL_CALL	0
0x001b7c1d	0x001b7c5f	UNCONDITIONAL_JUMP	0
0x001b7c23	0x001e53a0	WRITE	0
0x001b7c3a	0x001f9774	READ	1
0x001b7c40	0x00206280	DATA	0
0x001b7c45	0x001ce960	UNCONDITIONAL_CALL	0
0x001b7c4d	0x001f9770	READ	1
0x001b7c53	0x00206210	DATA	0
0x001b7c55	0x001ce960	UNCONDITIONAL_CALL	0
0x001b7c5f	0xStack[-0x8]	READ	1
0x001b7c71	0xStack[0x4]	READ	1
0x001b7c7a	0x001b7cc0	CONDITIONAL_JUMP	0
0x001b7c89	0xStack[-0xc]	WRITE	0
0x001b7c8e	0x001b7c94	CONDITIONAL_JUMP	0
0x001b7c92	0x001b7c97	UNCONDITIONAL_JUMP	0
0x001b7c97	0xStack[-0xc]	READ	1
0x001b7c9f	0x001b7ca8	CONDITIONAL_JUMP	0
0x001b7ca3	0x001b7cae	UNCONDITIONAL_JUMP	0
0x001b7ca8	0xStack[-0xc]	READ	1
0x001b7cb3	0x001a5458	UNCONDITIONAL_CALL	0
0x001b7cbe	0x001b7c80	CONDITIONAL_JUMP	0
0x001b7cc8	0x00101600	UNCONDITIONAL_CALL	0
0x001b7cd0	0xStack[-0xc]	WRITE	0
0x001b7cdb	0x001b7d29	CONDITIONAL_JUMP	0
0x001b7ce2	0x001a5448	UNCONDITIONAL_CALL	0
0x001b7cef	0xStack[-0xc]	READ	1
0x001b7cf8	0xStack[-0xc]	READ_WRITE	0
0x001b7d01	0x001b7d14	CONDITIONAL_JUMP	0
0x001b7d0f	0x001b7d23	UNCONDITIONAL_JUMP	0
0x001b7d27	0x001b7ce0	CONDITIONAL_JUMP	0
0x001b7d29	0xStack[-0x18]	DATA	0
0x001b7d45	0xStack[0x4]	READ	1
0x001b7d48	0xStack[-0x8]	WRITE	0
0x001b7d4f	0x001f9220	READ	1
0x001b7d55	0x00201928	DATA	0
0x001b7d5a	0x001ce960	UNCONDITIONAL_CALL	0
0x001b7d5f	0x001f92d8	READ	1
0x001b7d65	0x0020223c	DATA	0
0x001b7d6a	0x001ce960	UNCONDITIONAL_CALL	0
0x001b7d6f	0xStack[-0xc]	WRITE	0
0x001b7d77	0x001b7d83	CONDITIONAL_JUMP	0
0x001b7d81	0x001b7db0	CONDITIONAL_JUMP	0
0x001b7d83	0x001f9474	READ	1
0x001b7d89	0x00202be8	DATA	0
0x001b7d8e	0x001ce960	UNCONDITIONAL_CALL	0
0x001b7d95	0x001b7ea8	UNCONDITIONAL_JUMP	0
0x001b7da8	0x001b7e6f	UNCONDITIONAL_JUMP	0
0x001b7db5	0xStack[-0x10]	WRITE	0
0x001b7dbd	0x001b7dc4	CONDITIONAL_JUMP	0
0x001b7dbf	0xStack[-0x10]	READ	1
0x001b7dc2	0x001b7dca	UNCONDITIONAL_JUMP	0
0x001b7dc4	0xStack[-0x10]	READ	1
0x001b7dd2	0x001b7dd8	CONDITIONAL_JUMP	0
0x001b7dd6	0x001b7ddb	UNCONDITIONAL_JUMP	0
0x001b7ddb	0xStack[-0x10]	READ	1
0x001b7de2	0xStack[-0xc]	READ	0
0x001b7de5	0x001b7e3f	CONDITIONAL_JUMP	0
0x001b7de9	0x001f92e8	READ	1
0x001b7def	0x00202250	DATA	0
0x001b7df4	0x001ce960	UNCONDITIONAL_CALL	0
0x001b7dfb	0xStack[-0xc]	READ	1
0x001b7dff	0xStack[-0x8]	READ	0
0x001b7e0d	0xStack[0x14]	READ	1
0x001b7e11	0xStack[0x10]	READ	1
0x001b7e15	0xStack[0xc]	READ	1
0x001b7e21	0x001f976c	READ	1
0x001b7e27	0x002062bc	DATA	0
0x001b7e29	0x001ce960	UNCONDITIONAL_CALL	0
0x001b7e31	0xStack[-0x8]	READ	0
0x001b7e34	0x001b7e39	CONDITIONAL_JUMP	0
0x001b7e36	0xStack[-0x8]	WRITE	0
0x001b7e3a	0xStack[-0xc]	READ	0
0x001b7e3d	0x001b7de8	CONDITIONAL_JUMP	0
0x001b7e3f	0x001f9474	READ	1
0x001b7e45	0x00202be8	DATA	0
0x001b7e4a	0x001ce960	UNCONDITIONAL_CALL	0
0x001b7e4f	0xStack[-0x8]	READ	0
0x001b7e53	0x001b7e84	CONDITIONAL_JUMP	0
0x001b7e5d	0x001b7d9c	CONDITIONAL_JUMP	0
0x001b7e71	0x001b7ea8	UNCONDITIONAL_JUMP	0
0x001b7e80	0x001b7ea0	UNCONDITIONAL_JUMP	0
0x001b7e84	0xStack[-0x8]	READ	1
0x001b7e8f	0x001b7e74	CONDITIONAL_JUMP	0
0x001b7ea8	0xStack[-0x1c]	DATA	0
0x001b7eb7	0xStack[0x4]	READ	1
0x001b7ec7	0xStack[0x4]	READ	1
0x001b7ed9	0xStack[0x4]	READ	1
0x001b7ee2	0x001b7efd	CONDITIONAL_JUMP	0
0x001b7ee8	0x001f9870	READ	1
0x001b7eee	0x00205e84	DATA	0
0x001b7ef0	0x001ce960	UNCONDITIONAL_CALL	0
0x001b7efb	0x001b7ee8	CONDITIONAL_JUMP	0
0x001b7efd	0x001f9770	READ	1
0x001b7f03	0x00206210	DATA	0
0x001b7f05	0x001ce960	UNCONDITIONAL_CALL	0
0x001b7f0a	0xStack[-0xc]	DATA	0
0x001b7f17	0xStack[0x4]	READ	1
0x001b7f1a	0xStack[0xc]	READ	1
0x001b7f27	0xStack[0x4]	READ	1
0x001b7f37	0xStack[0x4]	READ	1
0x001b7f3a	0xStack[0xc]	READ	1
0x001b7f47	0xStack[0x4]	READ	1
0x001b7f57	0xStack[0x4]	READ	1
0x001b7f5a	0xStack[0xc]	READ	1
0x001b7f67	0xStack[0x4]	READ	1
0x001b7f7a	0xStack[0x4]	READ	1
0x001b7f80	0x001f92d8	READ	1
0x001b7f86	0x0020223c	DATA	0
0x001b7f8b	0x001ce960	UNCONDITIONAL_CALL	0
0x001b7f95	0x001b7fd4	CONDITIONAL_JUMP	0
0x001b7f98	0x001f92e8	READ	1
0x001b7f9e	0x00202250	DATA	0
0x001b7fa3	0x001ce960	UNCONDITIONAL_CALL	0
0x001b7faa	0x001f9788	READ	1
0x001b7fb0	0x00206264	DATA	0
0x001b7fb2	0x001ce960	UNCONDITIONAL_CALL	0
0x001b7fba	0xStack[0xc]	READ	0
0x001b7fbd	0x001b7fd0	CONDITIONAL_JUMP	0
0x001b7fbf	0x001f978c	READ	1
0x001b7fc5	0x00206258	DATA	0
0x001b7fc7	0x001ce960	UNCONDITIONAL_CALL	0
0x001b7fcc	0x001b7fd6	UNCONDITIONAL_JUMP	0
0x001b7fd1	0x001b7f80	UNCONDITIONAL_JUMP	0
0x001b7fd6	0xStack[-0x10]	DATA	0
0x001b7fe6	0x001f924c	READ	1
0x001b7fec	0x00201a24	DATA	0
0x001b7fed	0x001f9210	READ	1
0x001b7ff3	0x00201900	DATA	0
0x001b7ff4	0x001f9d80	READ	1
0x001b7ffa	0x001fe1b2	DATA	0
0x001b7ffb	0x001ce960	UNCONDITIONAL_CALL	0
0x001b8004	0x001ce960	UNCONDITIONAL_CALL	0
0x001b800b	0x001f9220	READ	1
0x001b8011	0x00201928	DATA	0
0x001b8012	0xStack[0x4]	READ	1
0x001b8019	0x001ce960	UNCONDITIONAL_CALL	0
0x001b8024	0x001f92d8	READ	1
0x001b802a	0x0020223c	DATA	0
0x001b802b	0xStack[0x4]	READ	1
0x001b8032	0x001ce960	UNCONDITIONAL_CALL	0
0x001b803c	0x001b807c	CONDITIONAL_JUMP	0
0x001b803f	0x001f92e8	READ	1
0x001b8045	0x00202250	DATA	0
0x001b8046	0xStack[0x4]	READ	1
0x001b804d	0x001ce960	UNCONDITIONAL_CALL	0
0x001b8054	0x001f9764	READ	1
0x001b805a	0x0020632c	DATA	0
0x001b805c	0x001ce960	UNCONDITIONAL_CALL	0
0x001b8066	0x001b8079	CONDITIONAL_JUMP	0
0x001b8069	0x001f92c4	READ	1
0x001b806f	0x00202090	DATA	0
0x001b8071	0x001ce960	UNCONDITIONAL_CALL	0
0x001b807a	0x001b8024	UNCONDITIONAL_JUMP	0
0x001b807c	0x001f9474	READ	1
0x001b8082	0x00202be8	DATA	0
0x001b8083	0xStack[0x4]	READ	1
0x001b808a	0x001ce960	UNCONDITIONAL_CALL	0
0x001b8094	0x001f92d8	READ	1
0x001b809a	0x0020223c	DATA	0
0x001b809c	0x001ce960	UNCONDITIONAL_CALL	0
0x001b80a6	0x001b80d0	CONDITIONAL_JUMP	0
0x001b80a9	0x001f92e8	READ	1
0x001b80af	0x00202250	DATA	0
0x001b80b1	0x001ce960	UNCONDITIONAL_CALL	0
0x001b80b7	0x001f9760	READ	1
0x001b80bd	0x00206108	DATA	0
0x001b80be	0xStack[0x4]	READ	1
0x001b80c2	0x001ce960	UNCONDITIONAL_CALL	0
0x001b80cb	0x001b8094	UNCONDITIONAL_JUMP	0
0x001b80d0	0x001f921c	READ	1
0x001b80d6	0x00201920	DATA	0
0x001b80d8	0x001ce960	UNCONDITIONAL_CALL	0
0x001b80dd	0xStack[0x4]	READ	1
0x001b80e0	0xStack[-0x10]	DATA	0
0x001b80f2	0xStack[0x4]	READ	1
0x001b80f5	0xStack[0xc]	READ	1
0x001b80fb	0x001f9220	READ	1
0x001b8101	0x00201928	DATA	0
0x001b8106	0x001ce960	UNCONDITIONAL_CALL	0
0x001b810b	0x001f92d8	READ	1
0x001b8111	0x0020223c	DATA	0
0x001b8116	0x001ce960	UNCONDITIONAL_CALL	0
0x001b8122	0x001b8157	CONDITIONAL_JUMP	0
0x001b8128	0x001b8157	CONDITIONAL_JUMP	0
0x001b812e	0x001f975c	READ	1
0x001b8134	0x00206334	DATA	0
0x001b8136	0x001f92e8	READ	1
0x001b813c	0x00202250	DATA	0
0x001b8141	0x001ce960	UNCONDITIONAL_CALL	0
0x001b814a	0x001ce960	UNCONDITIONAL_CALL	0
0x001b8155	0x001b812c	CONDITIONAL_JUMP	0
0x001b8157	0x001f9474	READ	1
0x001b815d	0x00202be8	DATA	0
0x001b8162	0x001ce960	UNCONDITIONAL_CALL	0
0x001b8167	0xStack[-0x10]	DATA	0
0x001b8177	0xStack[0x4]	READ	1
0x001b8187	0xStack[0x4]	READ	1
0x001b818f	0x001b819c	CONDITIONAL_JUMP	0
0x001b8191	0xStack[0xc]	READ	0
0x001b8194	0x001b819c	CONDITIONAL_JUMP	0
0x001b81ab	0xStack[0x4]	READ	1
0x001b81bd	0xStack[0x4]	READ	1
0x001b81c0	0x001f9220	READ	1
0x001b81c6	0x00201928	DATA	0
0x001b81cb	0x001ce960	UNCONDITIONAL_CALL	0
0x001b81d0	0x001f92d8	READ	1
0x001b81d6	0x0020223c	DATA	0
0x001b81db	0x001ce960	UNCONDITIONAL_CALL	0
0x001b81e2	0x001f9474	READ	1
0x001b81e8	0x00202be8	DATA	0
0x001b81ed	0x001ce960	UNCONDITIONAL_CALL	0
0x001b81f4	0xStack[-0xc]	DATA	0
0x001b8206	0xStack[0x4]	READ	1
0x001b8209	0xStack[0x10]	READ	1
0x001b820c	0x001f9758	READ	1
0x001b8212	0x00205dac	DATA	0
0x001b8217	0x001ce960	UNCONDITIONAL_CALL	0
0x001b8221	0x001b8267	CONDITIONAL_JUMP	0
0x001b8223	0xStack[0x18]	READ	1
0x001b8227	0xStack[0x14]	READ	1
0x001b822c	0xStack[0xc]	READ	1
0x001b8231	0x001f9750	READ	1
0x001b8237	0x00206340	DATA	0
0x001b8238	0x001f9210	READ	1
0x001b823e	0x00201900	DATA	0
0x001b823f	0x001f9754	READ	1
0x001b8245	0x00206034	DATA	0
0x001b8247	0x001ce960	UNCONDITIONAL_CALL	0
0x001b8250	0x001ce960	UNCONDITIONAL_CALL	0
0x001b8259	0x001ce960	UNCONDITIONAL_CALL	0
0x001b8265	0x001b8270	CONDITIONAL_JUMP	0
0x001b8269	0x001b8305	UNCONDITIONAL_JUMP	0
0x001b8270	0x001f9220	READ	1
0x001b8276	0x00201928	DATA	0
0x001b827b	0x001ce960	UNCONDITIONAL_CALL	0
0x001b8280	0x001f92d8	READ	1
0x001b8286	0x0020223c	DATA	0
0x001b828b	0x001ce960	UNCONDITIONAL_CALL	0
0x001b8295	0x001b82c0	CONDITIONAL_JUMP	0
0x001b8297	0x001f974c	READ	1
0x001b829d	0x00206224	DATA	0
0x001b829f	0x001ce960	UNCONDITIONAL_CALL	0
0x001b82a9	0x001b82c0	CONDITIONAL_JUMP	0
0x001b82ab	0x001f9474	READ	1
0x001b82b1	0x00202be8	DATA	0
0x001b82b6	0x001ce960	UNCONDITIONAL_CALL	0
0x001b82bd	0x001b8305	UNCONDITIONAL_JUMP	0
0x001b82c1	0x001f92c4	READ	1
0x001b82c7	0x00202090	DATA	0
0x001b82cc	0x001ce960	UNCONDITIONAL_CALL	0
0x001b82d1	0x001f9474	READ	1
0x001b82d7	0x00202be8	DATA	0
0x001b82dc	0x001ce960	UNCONDITIONAL_CALL	0
0x001b82e2	0x001f9748	READ	1
0x001b82e8	0x00206118	DATA	0
0x001b82e9	0x001f9db8	READ	1
0x001b82ef	0x001feb80	DATA	0
0x001b82f0	0x001ce960	UNCONDITIONAL_CALL	0
0x001b82fd	0x001bad40	UNCONDITIONAL_CALL	0
0x001b8305	0xStack[-0x10]	DATA	0
0x001b8315	0xStack[0x4]	READ	1
0x001b8318	0xStack[0xc]	READ	1
0x001b831d	0x001f978c	READ	1
0x001b8323	0x00206258	DATA	0
0x001b8325	0x001ce960	UNCONDITIONAL_CALL	0
0x001b832e	0x001bad40	UNCONDITIONAL_CALL	0
0x001b8333	0x001f9220	READ	1
0x001b8339	0x00201928	DATA	0
0x001b833e	0x001ce960	UNCONDITIONAL_CALL	0
0x001b8343	0x001f92d8	READ	1
0x001b8349	0x0020223c	DATA	0
0x001b834e	0x001ce960	UNCONDITIONAL_CALL	0
0x001b8359	0x001b83eb	CONDITIONAL_JUMP	0
0x001b835f	0x001f9474	READ	1
0x001b8365	0x00202be8	DATA	0
0x001b836a	0x001ce960	UNCONDITIONAL_CALL	0
0x001b836f	0x001f98fc	READ	1
0x001b8375	0x00205dfc	DATA	0
0x001b8377	0x001ce960	UNCONDITIONAL_CALL	0
0x001b8381	0x001b8388	CONDITIONAL_JUMP	0
0x001b8385	0x001b838a	UNCONDITIONAL_JUMP	0
0x001b838a	0x001f9b4c	READ	1
0x001b8390	0x00204430	DATA	0
0x001b8391	0x001f98e0	READ	1
0x001b8397	0x00205494	DATA	0
0x001b839c	0x001ce960	UNCONDITIONAL_CALL	0
0x001b83a5	0x001ce960	UNCONDITIONAL_CALL	0
0x001b83ad	0x001f9220	READ	1
0x001b83b3	0x00201928	DATA	0
0x001b83b8	0x001ce960	UNCONDITIONAL_CALL	0
0x001b83c5	0x001b83d2	CONDITIONAL_JUMP	0
0x001b83ca	0x001be940	UNCONDITIONAL_CALL	0
0x001b83d7	0x001b83e4	CONDITIONAL_JUMP	0
0x001b83dc	0x001be940	UNCONDITIONAL_CALL	0
0x001b83ec	0x001f92cc	READ	1
0x001b83f2	0x0020209c	DATA	0
0x001b83f7	0x001ce960	UNCONDITIONAL_CALL	0
0x001b83fd	0x001f9760	READ	1
0x001b8403	0x00206108	DATA	0
0x001b8404	0x001f9db8	READ	1
0x001b840a	0x001feb80	DATA	0
0x001b840b	0x001ce960	UNCONDITIONAL_CALL	0
0x001b8410	0x001f921c	READ	1
0x001b8416	0x00201920	DATA	0
0x001b8418	0x001ce960	UNCONDITIONAL_CALL	0
0x001b8420	0x001f9474	READ	1
0x001b8426	0x00202be8	DATA	0
0x001b842b	0x001ce960	UNCONDITIONAL_CALL	0
0x001b8430	0xStack[-0xc]	DATA	0
0x001b8442	0xStack[0x4]	READ	1
0x001b8445	0x001f9220	READ	1
0x001b844b	0x00201928	DATA	0
0x001b8450	0x001ce960	UNCONDITIONAL_CALL	0
0x001b8455	0x001f92d8	READ	1
0x001b845b	0x0020223c	DATA	0
0x001b8460	0x001ce960	UNCONDITIONAL_CALL	0
0x001b846c	0x001b84a1	CONDITIONAL_JUMP	0
0x001b8472	0x001b84a1	CONDITIONAL_JUMP	0
0x001b8474	0xStack[0xc]	READ	1
0x001b8478	0x001f975c	READ	1
0x001b847e	0x00206334	DATA	0
0x001b8480	0x001f92e8	READ	1
0x001b8486	0x00202250	DATA	0
0x001b848b	0x001ce960	UNCONDITIONAL_CALL	0
0x001b8494	0x001ce960	UNCONDITIONAL_CALL	0
0x001b849f	0x001b8474	CONDITIONAL_JUMP	0
0x001b84a1	0x001f9474	READ	1
0x001b84a7	0x00202be8	DATA	0
0x001b84ac	0x001ce960	UNCONDITIONAL_CALL	0
0x001b84b1	0xStack[-0x10]	DATA	0
0x001b84bf	0xStack[0x4]	READ	1
0x001b84d0	0xStack[0x4]	READ	1
0x001b84d3	0xStack[0xc]	READ	1
0x001b84dc	0x001b850e	CONDITIONAL_JUMP	0
0x001b84e2	0x001b850e	CONDITIONAL_JUMP	0
0x001b84e6	0x001a5448	UNCONDITIONAL_CALL	0
0x001b84f0	0x001a5448	UNCONDITIONAL_CALL	0
0x001b84fe	0x001be940	UNCONDITIONAL_CALL	0
0x001b8509	0x001be940	UNCONDITIONAL_CALL	0
0x001b850e	0xStack[-0x8]	READ	1
0x001b851e	0xStack[0x4]	READ	1
0x001b8521	0xStack[0xc]	READ	1
0x001b8524	0xStack[0x10]	READ	1
0x001b852b	0x001b8550	CONDITIONAL_JUMP	0
0x001b8535	0x001be960	UNCONDITIONAL_CALL	0
0x001b8544	0x001be960	UNCONDITIONAL_CALL	0
0x001b854b	0x001b855c	UNCONDITIONAL_JUMP	0
0x001b855c	0xStack[-0x10]	DATA	0
0x001b856b	0xStack[0x4]	READ	1
0x001b857b	0xStack[0x4]	READ	1
0x001b857e	0xStack[0xc]	READ	1
0x001b858b	0xStack[0x4]	READ	1
0x001b85a1	0xStack[0x10]	READ	1
0x001b85a4	0xStack[0x14]	READ	1
0x001b85a7	0xStack[0x10]	READ	1
0x001b85aa	0xStack[0x10]	WRITE	0
0x001b85ad	0xStack[0x14]	READ	1
0x001b85b0	0xStack[0x14]	WRITE	0
0x001b85b3	0xStack[0xc]	READ	0
0x001b85b7	0x001b86fc	CONDITIONAL_JUMP	0
0x001b85bd	0x001b85d8	CONDITIONAL_JUMP	0
0x001b85bf	0xStack[0xc]	READ	0
0x001b85c3	0x001b8844	CONDITIONAL_JUMP	0
0x001b85c9	0xStack[0xc]	READ	0
0x001b85cd	0x001b8988	CONDITIONAL_JUMP	0
0x001b85d3	0x001b899c	UNCONDITIONAL_JUMP	0
0x001b85d8	0xStack[0x10]	READ	0
0x001b85dc	0x001b85e8	CONDITIONAL_JUMP	0
0x001b85de	0xStack[0x14]	READ	0
0x001b85e2	0x001b86dc	CONDITIONAL_JUMP	0
0x001b85e8	0xStack[0x4]	READ	1
0x001b85f4	0xStack[-0x8]	WRITE	0
0x001b85f7	0xStack[0x4]	READ	1
0x001b85fd	0xStack[-0xc]	WRITE	0
0x001b8602	0x001a5448	UNCONDITIONAL_CALL	0
0x001b860c	0xStack[0x4]	READ	1
0x001b8613	0x001b86b1	CONDITIONAL_JUMP	0
0x001b8619	0xStack[-0x8]	READ	1
0x001b861d	0x00159b58	UNCONDITIONAL_CALL	0
0x001b8623	0x001d0440	UNCONDITIONAL_CALL	0
0x001b862d	0x001b864b	CONDITIONAL_JUMP	0
0x001b862f	0x001d86b8	DATA	0
0x001b8634	0x001d8748	DATA	0
0x001b8639	0x001a5514	UNCONDITIONAL_CALL	0
0x001b863e	0x001d8778	DATA	0
0x001b8643	0x001a5514	UNCONDITIONAL_CALL	0
0x001b864b	0x001e53a8	READ	0
0x001b8652	0x001b867f	CONDITIONAL_JUMP	0
0x001b8654	0x001f924c	READ	1
0x001b865a	0x00201a24	DATA	0
0x001b865b	0x001f9210	READ	1
0x001b8661	0x00201900	DATA	0
0x001b8662	0x001f9da4	READ	1
0x001b8668	0x001fe4a1	DATA	0
0x001b8669	0x001ce960	UNCONDITIONAL_CALL	0
0x001b8672	0x001ce960	UNCONDITIONAL_CALL	0
0x001b8677	0x001e53a8	WRITE	0
0x001b867f	0x001f9220	READ	1
0x001b8685	0x00201928	DATA	0
0x001b8686	0x001e53a8	READ	1
0x001b868d	0x001ce960	UNCONDITIONAL_CALL	0
0x001b8692	0xStack[0x4]	READ	1
0x001b8698	0x001e53a4	WRITE	0
0x001b869e	0x001b9160	DATA	0
0x001b86a3	0x00166a38	UNCONDITIONAL_CALL	0
0x001b86a9	0x0016848c	UNCONDITIONAL_CALL	0
0x001b86b3	0x001d5e6c	DATA	1
0x001b86be	0x001d5e6c	READ	1
0x001b86be	0x001d5e70	READ	1
0x001b86c0	0xStack[-0x8]	READ	1
0x001b86c8	0xStack[0x4]	READ	1
0x001b86ce	0xStack[0xc]	READ	1
0x001b86d4	0xStack[-0xc]	READ	1
0x001b86d7	0x001b8943	UNCONDITIONAL_JUMP	0
0x001b86dc	0xStack[0x4]	READ	1
0x001b86e7	0x001f9728	READ	1
0x001b86ed	0x002065a8	DATA	0
0x001b86ef	0x001ce960	UNCONDITIONAL_CALL	0
0x001b86f4	0x001b89aa	UNCONDITIONAL_JUMP	0
0x001b86fc	0xStack[0x10]	READ	0
0x001b8700	0x001b870c	CONDITIONAL_JUMP	0
0x001b8702	0xStack[0x14]	READ	0
0x001b8706	0x001b8800	CONDITIONAL_JUMP	0
0x001b870c	0xStack[0x4]	READ	1
0x001b8718	0xStack[-0x10]	WRITE	0
0x001b871b	0xStack[0x4]	READ	1
0x001b8721	0xStack[-0x14]	WRITE	0
0x001b8726	0x001a5448	UNCONDITIONAL_CALL	0
0x001b8730	0xStack[0x4]	READ	1
0x001b8737	0x001b87d5	CONDITIONAL_JUMP	0
0x001b873d	0xStack[-0x10]	READ	1
0x001b8741	0x00159b58	UNCONDITIONAL_CALL	0
0x001b8747	0x001d0440	UNCONDITIONAL_CALL	0
0x001b8751	0x001b876f	CONDITIONAL_JUMP	0
0x001b8753	0x001d86b8	DATA	0
0x001b8758	0x001d8748	DATA	0
0x001b875d	0x001a5514	UNCONDITIONAL_CALL	0
0x001b8762	0x001d8778	DATA	0
0x001b8767	0x001a5514	UNCONDITIONAL_CALL	0
0x001b876f	0x001e53a8	READ	0
0x001b8776	0x001b87a3	CONDITIONAL_JUMP	0
0x001b8778	0x001f924c	READ	1
0x001b877e	0x00201a24	DATA	0
0x001b877f	0x001f9210	READ	1
0x001b8785	0x00201900	DATA	0
0x001b8786	0x001f9da4	READ	1
0x001b878c	0x001fe4a1	DATA	0
0x001b878d	0x001ce960	UNCONDITIONAL_CALL	0
0x001b8796	0x001ce960	UNCONDITIONAL_CALL	0
0x001b879b	0x001e53a8	WRITE	0
0x001b87a3	0x001f9220	READ	1
0x001b87a9	0x00201928	DATA	0
0x001b87aa	0x001e53a8	READ	1
0x001b87b1	0x001ce960	UNCONDITIONAL_CALL	0
0x001b87b6	0xStack[0x4]	READ	1
0x001b87bc	0x001e53a4	WRITE	0
0x001b87c2	0x001b9160	DATA	0
0x001b87c7	0x00166a38	UNCONDITIONAL_CALL	0
0x001b87cd	0x0016848c	UNCONDITIONAL_CALL	0
0x001b87d7	0x001d5e6c	DATA	1
0x001b87e2	0x001d5e6c	READ	1
0x001b87e2	0x001d5e70	READ	1
0x001b87e4	0xStack[-0x10]	READ	1
0x001b87ec	0xStack[0x4]	READ	1
0x001b87f2	0xStack[0xc]	READ	1
0x001b87f8	0xStack[-0x14]	READ	1
0x001b87fb	0x001b8943	UNCONDITIONAL_JUMP	0
0x001b8800	0xStack[0x4]	READ	1
0x001b880b	0x001f9728	READ	1
0x001b8811	0x002065a8	DATA	0
0x001b8813	0x001ce960	UNCONDITIONAL_CALL	0
0x001b8818	0x001f97b0	READ	1
0x001b881e	0x00206008	DATA	0
0x001b881f	0xStack[0x4]	READ	1
0x001b8823	0x001ce960	UNCONDITIONAL_CALL	0
0x001b8829	0x001f9724	READ	1
0x001b882f	0x00205d5c	DATA	0
0x001b8830	0xStack[0x4]	READ	1
0x001b8837	0x001ce960	UNCONDITIONAL_CALL	0
0x001b883c	0x001b89aa	UNCONDITIONAL_JUMP	0
0x001b8844	0xStack[0x10]	READ	0
0x001b8848	0x001b8854	CONDITIONAL_JUMP	0
0x001b884a	0xStack[0x14]	READ	0
0x001b884e	0x001b8958	CONDITIONAL_JUMP	0
0x001b8854	0xStack[0x4]	READ	1
0x001b8860	0xStack[-0x18]	WRITE	0
0x001b8863	0xStack[0x4]	READ	1
0x001b8869	0xStack[-0x1c]	WRITE	0
0x001b886e	0x001a5448	UNCONDITIONAL_CALL	0
0x001b8878	0xStack[0x4]	READ	1
0x001b887f	0x001b891d	CONDITIONAL_JUMP	0
0x001b8885	0xStack[-0x18]	READ	1
0x001b8889	0x00159b58	UNCONDITIONAL_CALL	0
0x001b888f	0x001d0440	UNCONDITIONAL_CALL	0
0x001b8899	0x001b88b7	CONDITIONAL_JUMP	0
0x001b889b	0x001d86b8	DATA	0
0x001b88a0	0x001d8748	DATA	0
0x001b88a5	0x001a5514	UNCONDITIONAL_CALL	0
0x001b88aa	0x001d8778	DATA	0
0x001b88af	0x001a5514	UNCONDITIONAL_CALL	0
0x001b88b7	0x001e53a8	READ	0
0x001b88be	0x001b88eb	CONDITIONAL_JUMP	0
0x001b88c0	0x001f924c	READ	1
0x001b88c6	0x00201a24	DATA	0
0x001b88c7	0x001f9210	READ	1
0x001b88cd	0x00201900	DATA	0
0x001b88ce	0x001f9da4	READ	1
0x001b88d4	0x001fe4a1	DATA	0
0x001b88d5	0x001ce960	UNCONDITIONAL_CALL	0
0x001b88de	0x001ce960	UNCONDITIONAL_CALL	0
0x001b88e3	0x001e53a8	WRITE	0
0x001b88eb	0x001f9220	READ	1
0x001b88f1	0x00201928	DATA	0
0x001b88f2	0x001e53a8	READ	1
0x001b88f9	0x001ce960	UNCONDITIONAL_CALL	0
0x001b88fe	0xStack[0x4]	READ	1
0x001b8904	0x001e53a4	WRITE	0
0x001b890a	0x001b9160	DATA	0
0x001b890f	0x00166a38	UNCONDITIONAL_CALL	0
0x001b8915	0x0016848c	UNCONDITIONAL_CALL	0
0x001b891f	0x001d5e6c	DATA	1
0x001b892a	0x001d5e6c	READ	1
0x001b892a	0x001d5e70	READ	1
0x001b892c	0xStack[-0x18]	READ	1
0x001b8934	0xStack[0x4]	READ	1
0x001b893a	0xStack[0xc]	READ	1
0x001b8940	0xStack[-0x1c]	READ	1
0x001b894e	0x00158774	UNCONDITIONAL_CALL	0
0x001b8953	0x001b89aa	UNCONDITIONAL_JUMP	0
0x001b895a	0x001f9720	READ	1
0x001b8960	0x002064ac	DATA	0
0x001b8961	0xStack[0x4]	READ	1
0x001b8965	0x001ce960	UNCONDITIONAL_CALL	0
0x001b896f	0x001b89aa	CONDITIONAL_JUMP	0
0x001b8975	0x001f9728	READ	1
0x001b897b	0x002065a8	DATA	0
0x001b897c	0xStack[0x4]	READ	1
0x001b8980	0x001ce960	UNCONDITIONAL_CALL	0
0x001b8985	0x001b89aa	UNCONDITIONAL_JUMP	0
0x001b898a	0x001f9720	READ	1
0x001b8990	0x002064ac	DATA	0
0x001b8991	0xStack[0x4]	READ	1
0x001b8995	0x001ce960	UNCONDITIONAL_CALL	0
0x001b899a	0x001b89aa	UNCONDITIONAL_JUMP	0
0x001b899c	0xStack[0xc]	READ	1
0x001b89a0	0x001d878c	DATA	0
0x001b89a5	0x001a5514	UNCONDITIONAL_CALL	0
0x001b89aa	0xStack[0x4]	READ	1
0x001b89ad	0xStack[-0x28]	DATA	0
0x001b89c1	0xStack[0x4]	READ	1
0x001b89c4	0xStack[0xc]	READ	1
0x001b89c7	0xStack[0x10]	READ	1
0x001b89ca	0x001f924c	READ	1
0x001b89d0	0x00201a24	DATA	0
0x001b89d1	0xStack[-0xc]	WRITE	0
0x001b89d4	0x001fa4c8	READ	1
0x001b89da	0x001fdfdf	DATA	1
0x001b89da	0xStack[-0x8]	WRITE	0
0x001b89dd	0xStack[-0xc]	DATA	0
0x001b89e1	0x001cea70	UNCONDITIONAL_CALL	0
0x001b89e9	0x001f990c	READ	1
0x001b89ef	0x00205de4	DATA	0
0x001b89f1	0x001ce960	UNCONDITIONAL_CALL	0
0x001b8a1a	0x001f924c	READ	1
0x001b8a20	0x00201a24	DATA	0
0x001b8a21	0x001f9210	READ	1
0x001b8a27	0x00201900	DATA	0
0x001b8a28	0x001f9da4	READ	1
0x001b8a2e	0x001fe4a1	DATA	0
0x001b8a2f	0x001ce960	UNCONDITIONAL_CALL	0
0x001b8a38	0x001ce960	UNCONDITIONAL_CALL	0
0x001b8a40	0xStack[0x14]	READ	1
0x001b8a44	0x00159b58	UNCONDITIONAL_CALL	0
0x001b8a4a	0x001d0440	UNCONDITIONAL_CALL	0
0x001b8a54	0x001b8a78	CONDITIONAL_JUMP	0
0x001b8a56	0x001d86b8	DATA	0
0x001b8a5b	0x001d86c4	DATA	0
0x001b8a60	0x001a5514	UNCONDITIONAL_CALL	0
0x001b8a65	0x001f921c	READ	1
0x001b8a6b	0x00201920	DATA	0
0x001b8a6d	0x001ce960	UNCONDITIONAL_CALL	0
0x001b8a74	0x001b8a9b	UNCONDITIONAL_JUMP	0
0x001b8a78	0xStack[0x14]	READ	1
0x001b8a85	0x001a9284	UNCONDITIONAL_CALL	0
0x001b8a8d	0xStack[0x18]	READ	1
0x001b8a93	0xStack[0x1c]	READ	1
0x001b8a9b	0xStack[-0x18]	DATA	0
0x001b8aab	0xStack[0x4]	READ	1
0x001b8abb	0xStack[0x4]	READ	1
0x001b8acb	0xStack[0x4]	READ	1
0x001b8adb	0xStack[0x4]	READ	1
0x001b8aec	0xStack[0x4]	READ	1
0x001b8af3	0x001b8b02	CONDITIONAL_JUMP	0
0x001b8afa	0x001a5448	UNCONDITIONAL_CALL	0
0x001b8b3d	0xStack[-0x8]	READ	1
0x001b8b4a	0xStack[0x4]	READ	1
0x001b8b51	0x001b8b90	CONDITIONAL_JUMP	0
0x001b8b53	0xStack[0x10]	READ	1
0x001b8b59	0x001b8b89	CONDITIONAL_JUMP	0
0x001b8b63	0x001a9284	UNCONDITIONAL_CALL	0
0x001b8b72	0x001a9284	UNCONDITIONAL_CALL	0
0x001b8b77	0xStack[0xc]	READ	1
0x001b8b84	0x001c07d8	UNCONDITIONAL_CALL	0
0x001b8b8b	0x001b8c6a	UNCONDITIONAL_JUMP	0
0x001b8b90	0x001f9220	READ	1
0x001b8b96	0x00201928	DATA	0
0x001b8b9b	0x001ce960	UNCONDITIONAL_CALL	0
0x001b8ba9	0x001b8bc4	CONDITIONAL_JUMP	0
0x001b8bab	0x001f9474	READ	1
0x001b8bb1	0x00202be8	DATA	0
0x001b8bb6	0x001ce960	UNCONDITIONAL_CALL	0
0x001b8bbd	0x001b8c6a	UNCONDITIONAL_JUMP	0
0x001b8bc4	0x001f9744	READ	1
0x001b8bca	0x002065c4	DATA	0
0x001b8bcc	0x001ce960	UNCONDITIONAL_CALL	0
0x001b8bd9	0x001b8c58	CONDITIONAL_JUMP	0
0x001b8bdc	0xStack[0x10]	READ	1
0x001b8be2	0x001b8c4e	CONDITIONAL_JUMP	0
0x001b8bec	0x001a9284	UNCONDITIONAL_CALL	0
0x001b8bf6	0xStack[0xc]	READ	0
0x001b8bfa	0x001b8c0c	CONDITIONAL_JUMP	0
0x001b8c05	0x001bddc4	UNCONDITIONAL_CALL	0
0x001b8c0a	0x001b8c38	UNCONDITIONAL_JUMP	0
0x001b8c0c	0xStack[0xc]	READ	0
0x001b8c10	0x001b8c24	CONDITIONAL_JUMP	0
0x001b8c1b	0x001bddf8	UNCONDITIONAL_CALL	0
0x001b8c20	0x001b8c38	UNCONDITIONAL_JUMP	0
0x001b8c24	0xStack[0xc]	READ	0
0x001b8c28	0x001b8c3b	CONDITIONAL_JUMP	0
0x001b8c33	0x001bdd90	UNCONDITIONAL_CALL	0
0x001b8c46	0x00158774	UNCONDITIONAL_CALL	0
0x001b8c56	0x001b8bdc	CONDITIONAL_JUMP	0
0x001b8c58	0x001f9474	READ	1
0x001b8c5e	0x00202be8	DATA	0
0x001b8c63	0x001ce960	UNCONDITIONAL_CALL	0
0x001b8c6a	0xStack[-0x10]	DATA	0
0x001b8c7a	0xStack[0x4]	READ	1
0x001b8c7d	0xStack[0xc]	READ	1
0x001b8c84	0xStack[0x10]	READ	1
0x001b8c8b	0x001a9284	UNCONDITIONAL_CALL	0
0x001b8c9a	0x001a9284	UNCONDITIONAL_CALL	0
0x001b8ca6	0x001b8ce4	CONDITIONAL_JUMP	0
0x001b8cab	0x001b8cbb	CONDITIONAL_JUMP	0
0x001b8cad	0xStack[0x10]	READ	1
0x001b8cb4	0x001b8cbb	CONDITIONAL_JUMP	0
0x001b8cbc	0xStack[0x10]	READ	1
0x001b8cca	0x001c07d8	UNCONDITIONAL_CALL	0
0x001b8cd4	0x001b8d4d	CONDITIONAL_JUMP	0
0x001b8cd7	0x001d86f4	DATA	0
0x001b8cdc	0x001a5514	UNCONDITIONAL_CALL	0
0x001b8ce1	0x001b8d4d	UNCONDITIONAL_JUMP	0
0x001b8ce4	0x001f9744	READ	1
0x001b8cea	0x002065c4	DATA	0
0x001b8cec	0x001ce960	UNCONDITIONAL_CALL	0
0x001b8cf6	0x001b8d0c	CONDITIONAL_JUMP	0
0x001b8cf8	0xStack[0x10]	READ	1
0x001b8d04	0x001bdd28	UNCONDITIONAL_CALL	0
0x001b8d09	0x001b8d3a	UNCONDITIONAL_JUMP	0
0x001b8d0f	0x001b8d24	CONDITIONAL_JUMP	0
0x001b8d11	0xStack[0x10]	READ	1
0x001b8d1d	0x001bdd5c	UNCONDITIONAL_CALL	0
0x001b8d22	0x001b8d3a	UNCONDITIONAL_JUMP	0
0x001b8d27	0x001b8d3d	CONDITIONAL_JUMP	0
0x001b8d29	0xStack[0x10]	READ	1
0x001b8d35	0x001bdcf4	UNCONDITIONAL_CALL	0
0x001b8d48	0x00158774	UNCONDITIONAL_CALL	0
0x001b8d4f	0xStack[-0x10]	DATA	0
0x001b8d61	0xStack[0xc]	READ	1
0x001b8d65	0x001a5458	UNCONDITIONAL_CALL	0
0x001b8d6a	0xStack[0x4]	READ	1
0x001b8d77	0xStack[0x4]	READ	1
0x001b8d89	0xStack[-0x8]	WRITE	0
0x001b8d90	0xStack[-0xc]	WRITE	0
0x001b8d94	0x001f9220	READ	1
0x001b8d9a	0x00201928	DATA	0
0x001b8d9b	0xStack[0x4]	READ	1
0x001b8da2	0x001ce960	UNCONDITIONAL_CALL	0
0x001b8da7	0xStack[0x4]	READ	1
0x001b8dad	0xStack[0x4]	READ	1
0x001b8db8	0x001b8dc8	CONDITIONAL_JUMP	0
0x001b8dba	0x001f9474	READ	1
0x001b8dc0	0x00202be8	DATA	0
0x001b8dc1	0x001b8ef9	UNCONDITIONAL_JUMP	0
0x001b8dcc	0xStack[0xc]	READ	1
0x001b8dd2	0x001b8df7	CONDITIONAL_JUMP	0
0x001b8dd8	0x001b8df0	CONDITIONAL_JUMP	0
0x001b8ddd	0x001f9740	READ	1
0x001b8de3	0x00206588	DATA	0
0x001b8de4	0xStack[0x4]	READ	1
0x001b8de8	0x001ce960	UNCONDITIONAL_CALL	0
0x001b8df7	0xStack[-0x8]	DATA	0
0x001b8dfb	0xStack[0x10]	READ	1
0x001b8dff	0xStack[0xc]	READ	1
0x001b8e04	0x001f973c	READ	1
0x001b8e0a	0x00206554	DATA	0
0x001b8e0b	0xStack[0x4]	READ	1
0x001b8e0f	0x001ce960	UNCONDITIONAL_CALL	0
0x001b8e17	0xStack[0xc]	READ	1
0x001b8e1d	0x001b8e2f	CONDITIONAL_JUMP	0
0x001b8e23	0x001b8e35	CONDITIONAL_JUMP	0
0x001b8e29	0x001b8edc	CONDITIONAL_JUMP	0
0x001b8e33	0x001b8e6a	CONDITIONAL_JUMP	0
0x001b8e39	0x001b8e64	CONDITIONAL_JUMP	0
0x001b8e3b	0xStack[-0xc]	READ	0
0x001b8e3f	0x001b8e4a	CONDITIONAL_JUMP	0
0x001b8e41	0xStack[0x4]	READ	1
0x001b8e48	0x001b8e64	CONDITIONAL_JUMP	0
0x001b8e4d	0x001f9740	READ	1
0x001b8e53	0x00206588	DATA	0
0x001b8e54	0xStack[0x4]	READ	1
0x001b8e58	0x001ce960	UNCONDITIONAL_CALL	0
0x001b8e5d	0xStack[-0xc]	WRITE	0
0x001b8e68	0x001b8e8c	CONDITIONAL_JUMP	0
0x001b8e6e	0x001b8e8c	CONDITIONAL_JUMP	0
0x001b8e74	0x001b8e8c	CONDITIONAL_JUMP	0
0x001b8e79	0x001f9740	READ	1
0x001b8e7f	0x00206588	DATA	0
0x001b8e80	0xStack[0x4]	READ	1
0x001b8e84	0x001ce960	UNCONDITIONAL_CALL	0
0x001b8e8f	0xStack[-0x10]	WRITE	0
0x001b8e95	0xStack[-0x14]	WRITE	0
0x001b8e9d	0x001b8ea4	CONDITIONAL_JUMP	0
0x001b8ea1	0x001b8eaa	UNCONDITIONAL_JUMP	0
0x001b8ea4	0xStack[-0x14]	READ	1
0x001b8eaf	0x001b8eb8	CONDITIONAL_JUMP	0
0x001b8eb3	0x001b8ebb	UNCONDITIONAL_JUMP	0
0x001b8ebb	0xStack[-0x14]	READ	1
0x001b8ec1	0x001f9738	READ	1
0x001b8ec7	0x0020657c	DATA	0
0x001b8ec8	0xStack[0x4]	READ	1
0x001b8ecc	0x001ce960	UNCONDITIONAL_CALL	0
0x001b8ed1	0xStack[-0x10]	READ	1
0x001b8ed9	0x001b8ee7	UNCONDITIONAL_JUMP	0
0x001b8edc	0xStack[0x10]	READ	1
0x001b8edf	0xStack[-0x8]	READ	0
0x001b8ee2	0x001b8eef	CONDITIONAL_JUMP	0
0x001b8ee9	0x001b8dcc	CONDITIONAL_JUMP	0
0x001b8eef	0x001f9474	READ	1
0x001b8ef5	0x00202be8	DATA	0
0x001b8ef6	0xStack[0x4]	READ	1
0x001b8efd	0x001ce960	UNCONDITIONAL_CALL	0
0x001b8f02	0xStack[0x4]	READ	1
0x001b8f05	0xStack[-0x20]	DATA	0
0x001b8f13	0x001d8718	DATA	0
0x001b8f18	0x001a5514	UNCONDITIONAL_CALL	0
0x001b8f27	0xStack[0x4]	READ	1
0x001b8f34	0xStack[0x4]	READ	1
0x001b8f37	0xStack[0x14]	READ	1
0x001b8f3a	0xStack[0x18]	READ	1
0x001b8f40	0xStack[0x10]	READ	0
0x001b8f43	0x001b8f58	CONDITIONAL_JUMP	0
0x001b8f48	0x001b8f58	CONDITIONAL_JUMP	0
0x001b8f4d	0x001b8f58	CONDITIONAL_JUMP	0
0x001b8f54	0x001b8f5a	UNCONDITIONAL_JUMP	0
0x001b8f5a	0xStack[-0x8]	READ	1
0x001b8f6d	0xStack[0x4]	READ	1
0x001b8f70	0xStack[0x24]	READ	1
0x001b8f73	0xStack[-0x8]	WRITE	0
0x001b8f7c	0x001b8f88	CONDITIONAL_JUMP	0
0x001b8f80	0x001b90de	UNCONDITIONAL_JUMP	0
0x001b8f88	0x001f9220	READ	1
0x001b8f8e	0x00201928	DATA	0
0x001b8f93	0x001ce960	UNCONDITIONAL_CALL	0
0x001b8fa3	0x001b8fbc	CONDITIONAL_JUMP	0
0x001b8fa5	0x001f9474	READ	1
0x001b8fab	0x00202be8	DATA	0
0x001b8fb0	0x001ce960	UNCONDITIONAL_CALL	0
0x001b8fb7	0x001b90de	UNCONDITIONAL_JUMP	0
0x001b8fc2	0x001b9091	CONDITIONAL_JUMP	0
0x001b8fcc	0x001b9091	CONDITIONAL_JUMP	0
0x001b8fd2	0xStack[0x14]	READ	1
0x001b8fd8	0x001b8fdf	CONDITIONAL_JUMP	0
0x001b8fdf	0xStack[0x18]	READ	1
0x001b8fe5	0x001b8fec	CONDITIONAL_JUMP	0
0x001b8fec	0xStack[0x1c]	READ	1
0x001b8ff2	0x001b8ff9	CONDITIONAL_JUMP	0
0x001b8ff9	0xStack[0x1c]	READ	1
0x001b8fff	0xStack[0x18]	READ	1
0x001b9005	0xStack[0x14]	READ	1
0x001b900c	0x001f9734	READ	1
0x001b9012	0x002064c4	DATA	0
0x001b9014	0x001ce960	UNCONDITIONAL_CALL	0
0x001b901e	0x001b9091	CONDITIONAL_JUMP	0
0x001b9020	0xStack[0xc]	READ	1
0x001b9025	0xStack[0x1c]	READ	1
0x001b902b	0xStack[0x18]	READ	1
0x001b9031	0xStack[0x14]	READ	1
0x001b9037	0xStack[-0x8]	READ	1
0x001b903c	0xStack[0x10]	READ	1
0x001b9043	0xStack[0x20]	READ	1
0x001b9048	0x001f9730	READ	1
0x001b904e	0x0020650c	DATA	0
0x001b9050	0x001ce960	UNCONDITIONAL_CALL	0
0x001b9055	0xStack[-0xc]	WRITE	0
0x001b905f	0x001b906e	CONDITIONAL_JUMP	0
0x001b9061	0xStack[0x20]	READ	1
0x001b9074	0x001b9089	CONDITIONAL_JUMP	0
0x001b907a	0x001b9089	CONDITIONAL_JUMP	0
0x001b907c	0xStack[0x20]	READ	1
0x001b9089	0xStack[-0xc]	READ	1
0x001b908c	0xStack[0x10]	READ	0
0x001b908f	0x001b909f	CONDITIONAL_JUMP	0
0x001b9099	0x001b8fbc	CONDITIONAL_JUMP	0
0x001b909f	0x001f9474	READ	1
0x001b90a5	0x00202be8	DATA	0
0x001b90aa	0x001ce960	UNCONDITIONAL_CALL	0
0x001b90b2	0xStack[-0x8]	READ	0
0x001b90b6	0x001b90dc	CONDITIONAL_JUMP	0
0x001b90b8	0xStack[0x10]	READ	0
0x001b90bb	0x001b90dc	CONDITIONAL_JUMP	0
0x001b90bd	0xStack[0x18]	READ	1
0x001b90c3	0xStack[0x10]	READ	1
0x001b90c9	0xStack[0xc]	READ	1
0x001b90cf	0x001f972c	READ	1
0x001b90d5	0x002064f0	DATA	0
0x001b90d7	0x001ce960	UNCONDITIONAL_CALL	0
0x001b90de	0xStack[-0x18]	DATA	0
0x001b90f0	0xStack[0x4]	READ	1
0x001b90f3	0xStack[0xc]	READ	1
0x001b90f6	0xStack[-0x8]	WRITE	0
0x001b90f9	0x001f9220	READ	1
0x001b90ff	0x00201928	DATA	0
0x001b9104	0x001ce960	UNCONDITIONAL_CALL	0
0x001b9114	0x001b912c	CONDITIONAL_JUMP	0
0x001b9116	0x001f9474	READ	1
0x001b911c	0x00202be8	DATA	0
0x001b9121	0x001ce960	UNCONDITIONAL_CALL	0
0x001b9128	0x001b9156	UNCONDITIONAL_JUMP	0
0x001b912c	0xStack[-0x8]	READ	1
0x001b913f	0x001b9130	CONDITIONAL_JUMP	0
0x001b9141	0x001f9474	READ	1
0x001b9147	0x00202be8	DATA	0
0x001b914c	0x001ce960	UNCONDITIONAL_CALL	0
0x001b9156	0xStack[-0x10]	DATA	0
0x001b916b	0x001a5448	UNCONDITIONAL_CALL	0
0x001b9174	0xStack[-0x1c]	WRITE	0
0x001b917b	0xStack[-0x24]	WRITE	0
0x001b9182	0x001e53a4	READ	1
0x001b9188	0xStack[-0x18]	WRITE	0
0x001b918b	0x001f9474	READ	1
0x001b9191	0x00202be8	DATA	0
0x001b9192	0x001e53a8	READ	1
0x001b9199	0x001ce960	UNCONDITIONAL_CALL	0
0x001b91a4	0xStack[-0x18]	READ	1
0x001b91b3	0x001b91c0	CONDITIONAL_JUMP	0
0x001b91bb	0x001b91c4	UNCONDITIONAL_JUMP	0
0x001b91c5	0x001588d4	UNCONDITIONAL_CALL	0
0x001b91d2	0x001b91ec	CONDITIONAL_JUMP	0
0x001b91d4	0xStack[-0x24]	READ	1
0x001b91d8	0x001f975c	READ	1
0x001b91de	0x00206334	DATA	0
0x001b91df	0xStack[-0x1c]	READ	1
0x001b91e3	0x001ce960	UNCONDITIONAL_CALL	0
0x001b91ea	0x001b919e	UNCONDITIONAL_JUMP	0
0x001b91ee	0x001b9290	CONDITIONAL_JUMP	0
0x001b91f8	0x001b9290	CONDITIONAL_JUMP	0
0x001b9201	0xStack[-0x1c]	WRITE	0
0x001b9207	0xStack[-0x24]	WRITE	0
0x001b9212	0xStack[-0x14]	WRITE	0
0x001b9215	0xStack[-0x10]	WRITE	0
0x001b9218	0xStack[-0xc]	DATA	0
0x001b921c	0x00160844	UNCONDITIONAL_CALL	0
0x001b9224	0xStack[-0x14]	READ	1
0x001b9227	0xStack[-0xc]	READ	1
0x001b922a	0xStack[-0x14]	WRITE	0
0x001b922d	0xStack[-0x10]	READ	1
0x001b9230	0xStack[-0x8]	READ	1
0x001b9233	0xStack[-0x10]	WRITE	0
0x001b9236	0x001b9244	CONDITIONAL_JUMP	0
0x001b9239	0xStack[-0x14]	WRITE	0
0x001b9241	0xStack[-0x10]	WRITE	0
0x001b9244	0xStack[-0x14]	READ	1
0x001b924a	0xStack[-0x20]	WRITE	0
0x001b9250	0xStack[-0x20]	WRITE	0
0x001b9256	0xStack[-0x20]	WRITE	0
0x001b9259	0xStack[-0x10]	READ	1
0x001b9264	0xStack[-0x20]	READ	1
0x001b926c	0x001b91a4	CONDITIONAL_JUMP	0
0x001b9272	0xStack[-0x24]	READ	1
0x001b9276	0x001f975c	READ	1
0x001b927c	0x00206334	DATA	0
0x001b927d	0xStack[-0x1c]	READ	1
0x001b9281	0x001ce960	UNCONDITIONAL_CALL	0
0x001b9288	0x001b919e	UNCONDITIONAL_JUMP	0
0x001b9290	0x001a9220	UNCONDITIONAL_CALL	0
0x001b9295	0xStack[-0x30]	DATA	0
0x001b92a6	0xStack[-0x8]	WRITE	0
0x001b92ad	0xStack[-0xc]	WRITE	0
0x001b92b4	0xStack[-0x8]	READ	1
0x001b92b8	0xStack[-0xc]	READ	1
0x001b92bc	0xStack[0xc]	READ	1
0x001b92c0	0x001f971c	READ	1
0x001b92c6	0x0020649c	DATA	0
0x001b92c7	0xStack[0x4]	READ	1
0x001b92cb	0x001ce960	UNCONDITIONAL_CALL	0
0x001b92d7	0xStack[0x4]	READ	1
0x001b92e6	0xStack[0x4]	READ	1
0x001b92ec	0xStack[0x4]	READ	1
0x001b92f2	0x001b933a	CONDITIONAL_JUMP	0
0x001b92f8	0xStack[0x4]	READ	1
0x001b9306	0x001b930c	CONDITIONAL_JUMP	0
0x001b930a	0x001b930f	UNCONDITIONAL_JUMP	0
0x001b9314	0x001b931c	CONDITIONAL_JUMP	0
0x001b9318	0x001b931f	UNCONDITIONAL_JUMP	0
0x001b9322	0x001f9738	READ	1
0x001b9328	0x0020657c	DATA	0
0x001b9329	0xStack[0x4]	READ	1
0x001b932d	0x001ce960	UNCONDITIONAL_CALL	0
0x001b9338	0x001b92f8	CONDITIONAL_JUMP	0
0x001b933a	0xStack[0x4]	READ	1
0x001b933d	0xStack[-0x10]	DATA	0
0x001b934e	0x001a5448	UNCONDITIONAL_CALL	0
0x001b9358	0x00101600	UNCONDITIONAL_CALL	0
0x001b935f	0xStack[-0x8]	READ	1
0x001b936f	0xStack[0x4]	READ	1
0x001b9377	0x001b9388	CONDITIONAL_JUMP	0
0x001b937a	0x00159b58	UNCONDITIONAL_CALL	0
0x001b9380	0x001d0508	UNCONDITIONAL_CALL	0
0x001b938d	0x001b939e	CONDITIONAL_JUMP	0
0x001b9390	0x00159b58	UNCONDITIONAL_CALL	0
0x001b9396	0x001d0508	UNCONDITIONAL_CALL	0
0x001b93a3	0x001b93b4	CONDITIONAL_JUMP	0
0x001b93a6	0x00159b58	UNCONDITIONAL_CALL	0
0x001b93ac	0x001d0508	UNCONDITIONAL_CALL	0
0x001b93b4	0x001f9718	READ	1
0x001b93ba	0x0020647c	DATA	0
0x001b93bc	0x001ce960	UNCONDITIONAL_CALL	0
0x001b93c5	0x00159b58	UNCONDITIONAL_CALL	0
0x001b93cb	0x001d0508	UNCONDITIONAL_CALL	0
0x001b93d5	0x001b93e9	CONDITIONAL_JUMP	0
0x001b93d7	0x001d86b8	DATA	0
0x001b93dc	0x001d87b4	DATA	0
0x001b93e1	0x001a5514	UNCONDITIONAL_CALL	0
0x001b93e9	0x001f921c	READ	1
0x001b93ef	0x00201920	DATA	0
0x001b93f4	0x001ce960	UNCONDITIONAL_CALL	0
0x001b9401	0x001b9411	CONDITIONAL_JUMP	0
0x001b9409	0x001a5458	UNCONDITIONAL_CALL	0
0x001b9411	0x001f921c	READ	1
0x001b9417	0x00201920	DATA	0
0x001b9418	0xStack[-0xc]	WRITE	0
0x001b941b	0x001fa4c8	READ	1
0x001b9421	0x001fdfdf	DATA	1
0x001b9421	0xStack[-0x8]	WRITE	0
0x001b9424	0xStack[-0xc]	DATA	0
0x001b9428	0x001cea70	UNCONDITIONAL_CALL	0
0x001b942d	0xStack[-0x10]	READ	1
0x001b9437	0xStack[0x4]	READ	1
0x001b943a	0xStack[0xc]	READ	1
0x001b944a	0xStack[0x4]	READ	1
0x001b944d	0xStack[0xc]	READ	1
0x001b9450	0xStack[0x10]	READ	1
0x001b9453	0x001f9714	READ	1
0x001b9459	0x00205cac	DATA	0
0x001b945e	0x001ce960	UNCONDITIONAL_CALL	0
0x001b9463	0x001f9710	READ	1
0x001b9469	0x00205cd8	DATA	0
0x001b946e	0x001ce960	UNCONDITIONAL_CALL	0
0x001b9478	0x001b9490	CONDITIONAL_JUMP	0
0x001b947c	0x001b9490	CONDITIONAL_JUMP	0
0x001b948c	0x001b94ae	UNCONDITIONAL_JUMP	0
0x001b9499	0x001d0fb4	UNCONDITIONAL_CALL	0
0x001b94a0	0x001b94a4	CONDITIONAL_JUMP	0
0x001b94ae	0xStack[-0x10]	DATA	0
0x001b94bb	0xStack[0x4]	READ	1
0x001b94c4	0x001b94f4	CONDITIONAL_JUMP	0
0x001b94c6	0x001b94d0	CONDITIONAL_JUMP	0
0x001b94ca	0x001b94dc	CONDITIONAL_JUMP	0
0x001b94cc	0x001b950c	UNCONDITIONAL_JUMP	0
0x001b94d3	0x001b9500	CONDITIONAL_JUMP	0
0x001b94d8	0x001b94e8	CONDITIONAL_JUMP	0
0x001b94da	0x001b950c	UNCONDITIONAL_JUMP	0
0x001b9510	0x001d87d8	DATA	0
0x001b9515	0x001a5514	UNCONDITIONAL_CALL	0
0x001b9527	0xStack[0x4]	READ	1
0x001b952a	0xStack[0xc]	READ	1
0x001b9536	0x001b9590	CONDITIONAL_JUMP	0
0x001b9538	0x001b9554	COMPUTED_JUMP	-1
0x001b9538	0x001b9560	COMPUTED_JUMP	-1
0x001b9538	0x001b956c	COMPUTED_JUMP	-1
0x001b9538	0x001b9578	COMPUTED_JUMP	-1
0x001b9538	0x001b9584	COMPUTED_JUMP	-1
0x001b9538	0x001b9540	DATA	0
0x001b9540	0x001b9554	DATA	0
0x001b9544	0x001b9560	DATA	0
0x001b9548	0x001b956c	DATA	0
0x001b954c	0x001b9578	DATA	0
0x001b9550	0x001b9584	DATA	0
0x001b9591	0x001d8800	DATA	0
0x001b9596	0x001a5514	UNCONDITIONAL_CALL	0
0x001b95a3	0xStack[0x4]	READ	1
0x001b95b3	0xStack[0x4]	READ	1
0x001b95b6	0xStack[0xc]	READ	1
0x001b95c3	0xStack[0x4]	READ	1
0x001b95d3	0xStack[0x4]	READ	1
0x001b95d6	0xStack[0xc]	READ	1
0x001b9611	0xStack[0x4]	READ	1
0x001b9614	0xStack[-0x18]	WRITE	0
0x001b961b	0x0016d1bc	UNCONDITIONAL_CALL	0
0x001b9620	0xStack[-0x14]	WRITE	0
0x001b9623	0x001f9220	READ	1
0x001b9629	0x00201928	DATA	0
0x001b962e	0x001ce960	UNCONDITIONAL_CALL	0
0x001b963e	0x001b9660	CONDITIONAL_JUMP	0
0x001b9640	0xStack[-0x18]	WRITE	0
0x001b9644	0xStack[-0x18]	READ	1
0x001b964c	0x001b9653	CONDITIONAL_JUMP	0
0x001b9651	0x001b9680	CONDITIONAL_JUMP	0
0x001b9653	0xStack[-0x18]	READ	1
0x001b9659	0xStack[-0x18]	WRITE	0
0x001b965e	0x001b9644	CONDITIONAL_JUMP	0
0x001b9664	0x001b9680	CONDITIONAL_JUMP	0
0x001b9666	0x001f9474	READ	1
0x001b966c	0x00202be8	DATA	0
0x001b9671	0x001ce960	UNCONDITIONAL_CALL	0
0x001b967a	0x001b980e	UNCONDITIONAL_JUMP	0
0x001b9682	0x001a5448	UNCONDITIONAL_CALL	0
0x001b9687	0xStack[-0x1c]	WRITE	0
0x001b968a	0xStack[-0x1c]	READ	1
0x001b968d	0xStack[-0x18]	READ	1
0x001b96a1	0xStack[-0x18]	READ	1
0x001b96a6	0xStack[-0x8]	WRITE	0
0x001b96ae	0xStack[-0xc]	WRITE	0
0x001b96b6	0xStack[-0x10]	WRITE	0
0x001b96bc	0xStack[-0x1c]	READ	1
0x001b96c0	0xStack[-0x14]	READ	1
0x001b96c4	0x001d0cb8	UNCONDITIONAL_CALL	0
0x001b96ce	0x001b9710	CONDITIONAL_JUMP	0
0x001b96d0	0x001d8868	DATA	0
0x001b96d5	0x001a5514	UNCONDITIONAL_CALL	0
0x001b96dd	0x001a5458	UNCONDITIONAL_CALL	0
0x001b96e2	0x001f9474	READ	1
0x001b96e8	0x00202be8	DATA	0
0x001b96ed	0x001ce960	UNCONDITIONAL_CALL	0
0x001b96f6	0x001b980e	UNCONDITIONAL_JUMP	0
0x001b96fc	0xStack[-0x1c]	READ	1
0x001b970b	0x001b97fa	UNCONDITIONAL_JUMP	0
0x001b9710	0xStack[-0x18]	READ	1
0x001b9721	0xStack[-0x8]	READ	1
0x001b9725	0xStack[-0x1c]	READ	1
0x001b972e	0x001013cc	UNCONDITIONAL_CALL	0
0x001b9733	0xStack[-0x18]	READ	1
0x001b973a	0xStack[-0x18]	READ	1
0x001b9740	0xStack[-0x14]	READ	1
0x001b9744	0x001d0a40	UNCONDITIONAL_CALL	0
0x001b974e	0x001b9762	CONDITIONAL_JUMP	0
0x001b9750	0x001d86b8	DATA	0
0x001b9755	0x001d8890	DATA	0
0x001b975a	0x001a5514	UNCONDITIONAL_CALL	0
0x001b9764	0xStack[-0xc]	READ	1
0x001b9768	0xStack[-0x18]	READ	1
0x001b976c	0xStack[-0x14]	READ	1
0x001b9770	0x001d0cb8	UNCONDITIONAL_CALL	0
0x001b977a	0x001b9797	CONDITIONAL_JUMP	0
0x001b977c	0x001d8868	DATA	0
0x001b9781	0x001a5514	UNCONDITIONAL_CALL	0
0x001b9786	0xStack[-0x10]	WRITE	0
0x001b978d	0xStack[-0xc]	WRITE	0
0x001b9797	0xStack[-0xc]	READ	1
0x001b979a	0xStack[-0x18]	READ	1
0x001b97a0	0xStack[-0x18]	READ	1
0x001b97a8	0xStack[-0x18]	READ	1
0x001b97b0	0xStack[-0x18]	READ	1
0x001b97b3	0xStack[-0x10]	READ	1
0x001b97bb	0xStack[-0x8]	READ	1
0x001b97be	0xStack[-0x1c]	READ	1
0x001b97c4	0xStack[-0x8]	READ	1
0x001b97e8	0x001b96fc	CONDITIONAL_JUMP	0
0x001b97fa	0x001f9474	READ	1
0x001b9800	0x00202be8	DATA	0
0x001b9805	0x001ce960	UNCONDITIONAL_CALL	0
0x001b9810	0xStack[-0x28]	DATA	0
0x001b9825	0xStack[0x4]	READ	1
0x001b9828	0xStack[0xc]	READ	1
0x001b982b	0xStack[0x14]	READ	1
0x001b982e	0x0016d1bc	UNCONDITIONAL_CALL	0
0x001b9833	0xStack[-0x10]	WRITE	0
0x001b983b	0x001a9284	UNCONDITIONAL_CALL	0
0x001b9840	0xStack[-0xc]	WRITE	0
0x001b984a	0x001b985b	CONDITIONAL_JUMP	0
0x001b9850	0x001b9858	CONDITIONAL_JUMP	0
0x001b9855	0x001b985b	UNCONDITIONAL_JUMP	0
0x001b985e	0xStack[-0x8]	DATA	0
0x001b9862	0xStack[-0x10]	READ	1
0x001b9866	0x001d0cb8	UNCONDITIONAL_CALL	0
0x001b9870	0x001b9894	CONDITIONAL_JUMP	0
0x001b9873	0x001d8820	DATA	0
0x001b9878	0x001a5514	UNCONDITIONAL_CALL	0
0x001b987f	0x001b9930	UNCONDITIONAL_JUMP	0
0x001b9890	0x001b98fd	UNCONDITIONAL_JUMP	0
0x001b9894	0x001f970c	READ	1
0x001b989a	0x00206470	DATA	0
0x001b989c	0x001ce960	UNCONDITIONAL_CALL	0
0x001b98a3	0xStack[-0x8]	READ	1
0x001b98b8	0xStack[0x10]	READ	1
0x001b98be	0xStack[-0xc]	READ	1
0x001b98c4	0xStack[0x18]	READ	1
0x001b98cd	0xStack[-0xc]	READ	1
0x001b98d3	0x001f9220	READ	1
0x001b98d9	0x00201928	DATA	0
0x001b98de	0x001ce960	UNCONDITIONAL_CALL	0
0x001b98ec	0x001b9884	CONDITIONAL_JUMP	0
0x001b98fd	0x001f9474	READ	1
0x001b9903	0x00202be8	DATA	0
0x001b9908	0x001ce960	UNCONDITIONAL_CALL	0
0x001b990d	0x001f97b0	READ	1
0x001b9913	0x00206008	DATA	0
0x001b9915	0x001ce960	UNCONDITIONAL_CALL	0
0x001b991b	0x001f9724	READ	1
0x001b9921	0x00205d5c	DATA	0
0x001b9926	0x001ce960	UNCONDITIONAL_CALL	0
0x001b9930	0xStack[-0x1c]	DATA	0
0x001b9940	0xStack[0xc]	READ	1
0x001b9943	0xStack[0x18]	READ	1
0x001b9950	0x001b9954	CONDITIONAL_JUMP	0
0x001b9959	0xStack[-0x8]	READ	1
0x001b9969	0xStack[0x4]	READ	1
0x001b996c	0xStack[0xc]	READ	1
0x001b9976	0xStack[-0x1c]	WRITE	0
0x001b9979	0x001e89ec	READ	1
0x001b9985	0xStack[-0x14]	WRITE	0
0x001b9988	0x0016d1bc	UNCONDITIONAL_CALL	0
0x001b998d	0xStack[-0x18]	WRITE	0
0x001b9990	0xStack[-0xc]	DATA	0
0x001b9994	0xStack[-0x8]	DATA	0
0x001b9998	0xStack[-0x14]	READ	1
0x001b999d	0x001e89ec	READ	1
0x001b99aa	0xStack[-0x18]	READ	1
0x001b99ae	0x001d0b00	UNCONDITIONAL_CALL	0
0x001b99b8	0x001b99c8	CONDITIONAL_JUMP	0
0x001b99bb	0x001d884c	DATA	0
0x001b99c0	0x001a5514	UNCONDITIONAL_CALL	0
0x001b99c8	0xStack[-0x14]	READ	1
0x001b99cb	0xStack[-0x8]	READ	1
0x001b99ce	0xStack[-0x10]	WRITE	0
0x001b99d1	0xStack[-0x1c]	READ	0
0x001b99d5	0x001b9a95	CONDITIONAL_JUMP	0
0x001b99df	0xStack[0xc]	READ	1
0x001b99e6	0x001a9284	UNCONDITIONAL_CALL	0
0x001b99f5	0x001a9284	UNCONDITIONAL_CALL	0
0x001b9a01	0x001b9a20	CONDITIONAL_JUMP	0
0x001b9a03	0xStack[-0x1c]	READ	1
0x001b9a07	0xStack[-0x10]	READ	1
0x001b9a0b	0xStack[0xc]	READ	1
0x001b9a19	0x001c086c	UNCONDITIONAL_CALL	0
0x001b9a1e	0x001b9a95	UNCONDITIONAL_JUMP	0
0x001b9a24	0x001b9a6c	CONDITIONAL_JUMP	0
0x001b9a2b	0x001a5448	UNCONDITIONAL_CALL	0
0x001b9a6c	0xStack[-0x1c]	READ	1
0x001b9a70	0xStack[-0x10]	READ	1
0x001b9a74	0xStack[0xc]	READ	1
0x001b9a80	0x001bdc1c	UNCONDITIONAL_CALL	0
0x001b9a90	0x00158774	UNCONDITIONAL_CALL	0
0x001b9a97	0xStack[-0x28]	DATA	0
0x001b9aad	0xStack[0x14]	READ	1
0x001b9ab0	0xStack[0xc]	READ	1
0x001b9abb	0xStack[-0xc]	WRITE	0
0x001b9ac0	0x001b9b73	CONDITIONAL_JUMP	0
0x001b9ac8	0x001b9b73	CONDITIONAL_JUMP	0
0x001b9ace	0xStack[0x18]	READ	1
0x001b9ad9	0x001b9ae0	CONDITIONAL_JUMP	0
0x001b9add	0xStack[-0xc]	WRITE	0
0x001b9ae0	0xStack[0x10]	READ	1
0x001b9ae8	0xStack[0x4]	READ	1
0x001b9af0	0x001b9b18	CONDITIONAL_JUMP	0
0x001b9af4	0xStack[-0xc]	READ	1
0x001b9af9	0xStack[-0x8]	WRITE	0
0x001b9afe	0x001b9b5f	CONDITIONAL_JUMP	0
0x001b9b11	0xStack[-0x8]	READ	0
0x001b9b14	0x001b9b00	CONDITIONAL_JUMP	0
0x001b9b16	0x001b9b5f	UNCONDITIONAL_JUMP	0
0x001b9b1b	0x001b9b4c	CONDITIONAL_JUMP	0
0x001b9b1d	0xStack[-0x8]	WRITE	0
0x001b9b24	0xStack[-0xc]	READ	0
0x001b9b27	0x001b9b5f	CONDITIONAL_JUMP	0
0x001b9b2c	0xStack[-0x8]	READ	1
0x001b9b3e	0xStack[-0x8]	WRITE	0
0x001b9b42	0xStack[-0xc]	READ	0
0x001b9b45	0x001b9b2c	CONDITIONAL_JUMP	0
0x001b9b47	0x001b9b5f	UNCONDITIONAL_JUMP	0
0x001b9b4f	0x001b9b5f	CONDITIONAL_JUMP	0
0x001b9b51	0xStack[-0xc]	READ	1
0x001b9b57	0x001013cc	UNCONDITIONAL_CALL	0
0x001b9b5f	0xStack[-0xc]	READ	1
0x001b9b62	0xStack[0x18]	READ	1
0x001b9b67	0xStack[0xc]	READ	1
0x001b9b6d	0xStack[0x4]	READ	1
0x001b9b73	0xStack[0x10]	READ	1
0x001b9b76	0xStack[0xc]	READ	1
0x001b9b7c	0x001b9b84	CONDITIONAL_JUMP	0
0x001b9b82	0x001b9b98	CONDITIONAL_JUMP	0
0x001b9b84	0xStack[0xc]	READ	1
0x001b9b88	0x001f9708	READ	1
0x001b9b8e	0x002065ec	DATA	0
0x001b9b8f	0xStack[0x4]	READ	1
0x001b9b93	0x001ce960	UNCONDITIONAL_CALL	0
0x001b9b98	0xStack[0x4]	READ	1
0x001b9b9b	0xStack[-0x18]	DATA	0
0x001b9baf	0xStack[0x4]	READ	1
0x001b9bb2	0xStack[0x10]	READ	1
0x001b9bb6	0xStack[0xc]	READ	1
0x001b9bba	0x001f9768	READ	1
0x001b9bc0	0x00206308	DATA	0
0x001b9bc1	0xStack[-0xc]	WRITE	0
0x001b9bc4	0x001fa4f0	READ	1
0x001b9bca	0x001febb0	DATA	1
0x001b9bca	0xStack[-0x8]	WRITE	0
0x001b9bcd	0xStack[-0xc]	DATA	0
0x001b9bd1	0x001cea70	UNCONDITIONAL_CALL	0
0x001b9bdd	0x001b9bec	CONDITIONAL_JUMP	0
0x001b9bdf	0x001f9704	READ	1
0x001b9be5	0x00206488	DATA	0
0x001b9be7	0x001ce960	UNCONDITIONAL_CALL	0
0x001b9bee	0xStack[-0x10]	READ	1
0x001b9bff	0xStack[0xc]	READ	1
0x001b9c09	0x0016d1bc	UNCONDITIONAL_CALL	0
0x001b9c0f	0x001d0a40	UNCONDITIONAL_CALL	0
0x001b9c19	0x001b9c2d	CONDITIONAL_JUMP	0
0x001b9c1b	0x001d86b8	DATA	0
0x001b9c20	0x001d88ac	DATA	0
0x001b9c25	0x001a5514	UNCONDITIONAL_CALL	0
0x001b9c2e	0x001f9738	READ	1
0x001b9c34	0x0020657c	DATA	0
0x001b9c35	0xStack[0x4]	READ	1
0x001b9c38	0xStack[-0xc]	WRITE	0
0x001b9c3b	0x001fa4f0	READ	1
0x001b9c41	0x001febb0	DATA	1
0x001b9c41	0xStack[-0x8]	WRITE	0
0x001b9c44	0xStack[-0xc]	DATA	0
0x001b9c48	0x001cea70	UNCONDITIONAL_CALL	0
0x001b9c4d	0xStack[-0x10]	READ	1
0x001b9c5d	0xStack[0x1c]	READ	1
0x001b9c60	0xStack[-0x10]	WRITE	0
0x001b9c63	0xStack[-0x14]	WRITE	0
0x001b9c6a	0xStack[-0x8]	WRITE	0
0x001b9c71	0xStack[-0xc]	WRITE	0
0x001b9c78	0xStack[-0x18]	WRITE	0
0x001b9c81	0xStack[-0x20]	WRITE	0
0x001b9c88	0xStack[0x4]	READ	1
0x001b9c8e	0xStack[-0x24]	WRITE	0
0x001b9c91	0xStack[0x4]	READ	1
0x001b9c9a	0xStack[-0x28]	WRITE	0
0x001b9c9d	0xStack[0xc]	READ	1
0x001b9ca3	0xStack[0x18]	READ	1
0x001b9ca6	0xStack[-0x1c]	WRITE	0
0x001b9ca9	0xStack[-0x1c]	READ	1
0x001b9cb1	0xStack[-0x38]	WRITE	0
0x001b9cb6	0x001b9cbe	CONDITIONAL_JUMP	0
0x001b9cb8	0xStack[-0x1c]	WRITE	0
0x001b9cbb	0xStack[-0x1c]	READ	1
0x001b9cbe	0xStack[-0x24]	READ	0
0x001b9cc2	0x001b9cc9	CONDITIONAL_JUMP	0
0x001b9cc9	0xStack[0x4]	READ	1
0x001b9cd3	0x001b9cde	CONDITIONAL_JUMP	0
0x001b9cdc	0x001b9ce0	CONDITIONAL_JUMP	0
0x001b9ce0	0xStack[0x4]	READ	1
0x001b9ce7	0x001b9cf4	CONDITIONAL_JUMP	0
0x001b9ce9	0xStack[0x28]	READ	0
0x001b9ced	0x001b9cf4	CONDITIONAL_JUMP	0
0x001b9cf1	0x001b9d05	UNCONDITIONAL_JUMP	0
0x001b9cf4	0xStack[0x4]	READ	1
0x001b9cfb	0x001b9d05	CONDITIONAL_JUMP	0
0x001b9cfd	0xStack[0x28]	READ	0
0x001b9d01	0x001b9d05	CONDITIONAL_JUMP	0
0x001b9d05	0xStack[0x4]	READ	1
0x001b9d0f	0x001b9d20	CONDITIONAL_JUMP	0
0x001b9d11	0xStack[0x20]	READ	0
0x001b9d18	0x001b9d20	CONDITIONAL_JUMP	0
0x001b9d1c	0x001b9d37	UNCONDITIONAL_JUMP	0
0x001b9d20	0xStack[0x4]	READ	1
0x001b9d2a	0x001b9d37	CONDITIONAL_JUMP	0
0x001b9d2c	0xStack[0x20]	READ	0
0x001b9d33	0x001b9d37	CONDITIONAL_JUMP	0
0x001b9d37	0xStack[-0x24]	READ	0
0x001b9d3b	0x001b9d54	CONDITIONAL_JUMP	0
0x001b9d3d	0xStack[0x24]	READ	0
0x001b9d41	0x001b9d48	CONDITIONAL_JUMP	0
0x001b9d45	0x001b9d91	UNCONDITIONAL_JUMP	0
0x001b9d48	0xStack[0x24]	READ	0
0x001b9d4c	0x001b9d54	CONDITIONAL_JUMP	0
0x001b9d50	0x001b9d91	UNCONDITIONAL_JUMP	0
0x001b9d54	0xStack[-0x24]	READ	0
0x001b9d58	0x001b9d74	CONDITIONAL_JUMP	0
0x001b9d5a	0xStack[0x24]	READ	0
0x001b9d5e	0x001b9d68	CONDITIONAL_JUMP	0
0x001b9d63	0x001b9d91	UNCONDITIONAL_JUMP	0
0x001b9d68	0xStack[0x24]	READ	0
0x001b9d6c	0x001b9d74	CONDITIONAL_JUMP	0
0x001b9d71	0x001b9d91	UNCONDITIONAL_JUMP	0
0x001b9d74	0xStack[-0x24]	READ	0
0x001b9d78	0x001b9d91	CONDITIONAL_JUMP	0
0x001b9d7a	0xStack[0x24]	READ	0
0x001b9d7e	0x001b9d88	CONDITIONAL_JUMP	0
0x001b9d83	0x001b9d91	UNCONDITIONAL_JUMP	0
0x001b9d88	0xStack[0x24]	READ	0
0x001b9d8c	0x001b9d91	CONDITIONAL_JUMP	0
0x001b9d94	0x001ba004	CONDITIONAL_JUMP	0
0x001b9d9a	0x001b9e34	CONDITIONAL_JUMP	0
0x001b9da3	0x001ba15c	CONDITIONAL_JUMP	0
0x001b9da9	0x001b9de4	CONDITIONAL_JUMP	0
0x001b9dae	0x001b9ee8	CONDITIONAL_JUMP	0
0x001b9db4	0x001b9dcc	CONDITIONAL_JUMP	0
0x001b9db8	0x001ba36f	CONDITIONAL_JUMP	0
0x001b9dc1	0x001ba0ac	CONDITIONAL_JUMP	0
0x001b9dc7	0x001ba354	UNCONDITIONAL_JUMP	0
0x001b9dcf	0x001ba0c4	CONDITIONAL_JUMP	0
0x001b9dd8	0x001b9f58	CONDITIONAL_JUMP	0
0x001b9dde	0x001ba354	UNCONDITIONAL_JUMP	0
0x001b9de7	0x001b9f18	CONDITIONAL_JUMP	0
0x001b9ded	0x001b9e08	CONDITIONAL_JUMP	0
0x001b9df2	0x001b9f68	CONDITIONAL_JUMP	0
0x001b9dfb	0x001ba180	CONDITIONAL_JUMP	0
0x001b9e01	0x001ba354	UNCONDITIONAL_JUMP	0
0x001b9e0b	0x001b9f90	CONDITIONAL_JUMP	0
0x001b9e11	0x001b9e24	CONDITIONAL_JUMP	0
0x001b9e16	0x001ba104	CONDITIONAL_JUMP	0
0x001b9e1c	0x001ba354	UNCONDITIONAL_JUMP	0
0x001b9e27	0x001ba1c4	CONDITIONAL_JUMP	0
0x001b9e2d	0x001ba354	UNCONDITIONAL_JUMP	0
0x001b9e37	0x001ba1fc	CONDITIONAL_JUMP	0
0x001b9e3d	0x001b9e90	CONDITIONAL_JUMP	0
0x001b9e42	0x001ba128	CONDITIONAL_JUMP	0
0x001b9e48	0x001b9e64	CONDITIONAL_JUMP	0
0x001b9e4d	0x001ba25c	CONDITIONAL_JUMP	0
0x001b9e56	0x001b9f2c	CONDITIONAL_JUMP	0
0x001b9e5c	0x001ba354	UNCONDITIONAL_JUMP	0
0x001b9e67	0x001ba29c	CONDITIONAL_JUMP	0
0x001b9e6d	0x001b9e80	CONDITIONAL_JUMP	0
0x001b9e72	0x001ba02c	CONDITIONAL_JUMP	0
0x001b9e78	0x001ba354	UNCONDITIONAL_JUMP	0
0x001b9e83	0x001b9fb8	CONDITIONAL_JUMP	0
0x001b9e89	0x001ba354	UNCONDITIONAL_JUMP	0
0x001b9e95	0x001ba2e0	CONDITIONAL_JUMP	0
0x001b9e9b	0x001b9eb8	CONDITIONAL_JUMP	0
0x001b9ea0	0x001ba084	CONDITIONAL_JUMP	0
0x001b9eab	0x001ba098	CONDITIONAL_JUMP	0
0x001b9eb1	0x001ba354	UNCONDITIONAL_JUMP	0
0x001b9ebd	0x001ba05c	CONDITIONAL_JUMP	0
0x001b9ec3	0x001b9ed8	CONDITIONAL_JUMP	0
0x001b9eca	0x001ba318	CONDITIONAL_JUMP	0
0x001b9ed0	0x001ba354	UNCONDITIONAL_JUMP	0
0x001b9edd	0x001ba070	CONDITIONAL_JUMP	0
0x001b9ee3	0x001ba354	UNCONDITIONAL_JUMP	0
0x001b9ee8	0xStack[0x4]	READ	1
0x001b9eef	0xStack[0x4]	READ	1
0x001b9ef6	0xStack[0x4]	READ	1
0x001b9efd	0xStack[-0x24]	READ	1
0x001b9f04	0x001bdf50	UNCONDITIONAL_CALL	0
0x001b9f09	0xStack[-0x14]	WRITE	0
0x001b9f11	0x001ba36f	UNCONDITIONAL_JUMP	0
0x001b9f1a	0xStack[-0x24]	READ	1
0x001b9f21	0x001be2f4	UNCONDITIONAL_CALL	0
0x001b9f26	0x001ba2d5	UNCONDITIONAL_JUMP	0
0x001b9f2e	0xStack[-0x38]	READ	0
0x001b9f31	0x001b9f36	CONDITIONAL_JUMP	0
0x001b9f33	0xStack[-0x38]	READ	1
0x001b9f3a	0xStack[-0x1c]	WRITE	0
0x001b9f3d	0xStack[0x4]	READ	1
0x001b9f46	0xStack[-0x24]	READ	1
0x001b9f4d	0x001be374	UNCONDITIONAL_CALL	0
0x001b9f52	0x001ba251	UNCONDITIONAL_JUMP	0
0x001b9f5a	0xStack[-0x24]	READ	1
0x001b9f61	0x001ba2d0	UNCONDITIONAL_JUMP	0
0x001b9f6a	0xStack[-0x38]	READ	0
0x001b9f6d	0x001b9f72	CONDITIONAL_JUMP	0
0x001b9f6f	0xStack[-0x38]	READ	1
0x001b9f76	0xStack[-0x1c]	WRITE	0
0x001b9f79	0xStack[0x4]	READ	1
0x001b9f82	0xStack[-0x24]	READ	1
0x001b9f89	0x001ba24c	UNCONDITIONAL_JUMP	0
0x001b9f93	0xStack[-0x24]	READ	1
0x001b9f9a	0x001be2f4	UNCONDITIONAL_CALL	0
0x001b9f9f	0xStack[-0x24]	READ	1
0x001b9fa7	0xStack[-0x28]	READ	1
0x001b9fac	0x001be268	UNCONDITIONAL_CALL	0
0x001b9fb1	0x001ba1b6	UNCONDITIONAL_JUMP	0
0x001b9fbb	0xStack[-0x38]	READ	0
0x001b9fbe	0x001b9fc3	CONDITIONAL_JUMP	0
0x001b9fc0	0xStack[-0x38]	READ	1
0x001b9fc8	0xStack[-0x1c]	WRITE	0
0x001b9fcb	0xStack[0x4]	READ	1
0x001b9fd4	0xStack[-0x24]	READ	1
0x001b9fdb	0x001be374	UNCONDITIONAL_CALL	0
0x001b9fe0	0xStack[0x4]	READ	1
0x001b9fe9	0xStack[-0x24]	READ	1
0x001b9ff2	0xStack[-0x28]	READ	1
0x001b9ff7	0x001be284	UNCONDITIONAL_CALL	0
0x001b9ffc	0x001ba0f7	UNCONDITIONAL_JUMP	0
0x001ba004	0xStack[-0x24]	READ	1
0x001ba00b	0x001be2f4	UNCONDITIONAL_CALL	0
0x001ba010	0xStack[0x4]	READ	1
0x001ba01e	0xStack[-0x28]	READ	1
0x001ba023	0x001be284	UNCONDITIONAL_CALL	0
0x001ba028	0x001ba051	UNCONDITIONAL_JUMP	0
0x001ba02c	0xStack[0x4]	READ	1
0x001ba035	0xStack[-0x24]	READ	1
0x001ba03c	0x001be374	UNCONDITIONAL_CALL	0
0x001ba047	0xStack[-0x28]	READ	1
0x001ba04c	0x001be268	UNCONDITIONAL_CALL	0
0x001ba051	0xStack[-0x28]	READ	1
0x001ba057	0x001ba36f	UNCONDITIONAL_JUMP	0
0x001ba061	0x001be544	UNCONDITIONAL_CALL	0
0x001ba066	0xStack[-0x24]	WRITE	0
0x001ba06d	0x001ba0b8	UNCONDITIONAL_JUMP	0
0x001ba073	0x001be570	UNCONDITIONAL_CALL	0
0x001ba078	0xStack[-0x24]	WRITE	0
0x001ba07f	0x001ba0b8	UNCONDITIONAL_JUMP	0
0x001ba089	0x001be480	UNCONDITIONAL_CALL	0
0x001ba08e	0xStack[-0x24]	WRITE	0
0x001ba095	0x001ba0b8	UNCONDITIONAL_JUMP	0
0x001ba09b	0x001be4ac	UNCONDITIONAL_CALL	0
0x001ba0a0	0xStack[-0x24]	WRITE	0
0x001ba0a7	0x001ba0b8	UNCONDITIONAL_JUMP	0
0x001ba0b3	0x001bdef0	UNCONDITIONAL_CALL	0
0x001ba0bd	0x001ba36f	UNCONDITIONAL_JUMP	0
0x001ba0cb	0x001bdef0	UNCONDITIONAL_CALL	0
0x001ba0d0	0xStack[0x4]	READ	1
0x001ba0d7	0xStack[0x4]	READ	1
0x001ba0de	0xStack[0x4]	READ	1
0x001ba0e5	0xStack[-0x24]	READ	1
0x001ba0ea	0xStack[-0x28]	READ	1
0x001ba0ef	0x001bdf50	UNCONDITIONAL_CALL	0
0x001ba0f4	0xStack[-0x14]	WRITE	0
0x001ba0f7	0xStack[-0x28]	READ	1
0x001ba0fd	0x001ba36f	UNCONDITIONAL_JUMP	0
0x001ba10d	0x001bdef0	UNCONDITIONAL_CALL	0
0x001ba112	0xStack[-0x24]	READ	1
0x001ba117	0xStack[-0x28]	READ	1
0x001ba11c	0x001be2f4	UNCONDITIONAL_CALL	0
0x001ba121	0x001ba34c	UNCONDITIONAL_JUMP	0
0x001ba12a	0xStack[-0x38]	READ	0
0x001ba12d	0x001ba132	CONDITIONAL_JUMP	0
0x001ba12f	0xStack[-0x38]	READ	1
0x001ba136	0xStack[-0x1c]	WRITE	0
0x001ba13c	0x001bdef0	UNCONDITIONAL_CALL	0
0x001ba141	0xStack[0x4]	READ	1
0x001ba14a	0xStack[-0x24]	READ	1
0x001ba14f	0xStack[-0x28]	READ	1
0x001ba154	0x001be374	UNCONDITIONAL_CALL	0
0x001ba159	0x001ba1b6	UNCONDITIONAL_JUMP	0
0x001ba165	0x001bdef0	UNCONDITIONAL_CALL	0
0x001ba16a	0xStack[-0x24]	READ	1
0x001ba16f	0xStack[-0x28]	READ	1
0x001ba174	0x001be268	UNCONDITIONAL_CALL	0
0x001ba179	0x001ba34c	UNCONDITIONAL_JUMP	0
0x001ba182	0xStack[-0x38]	READ	0
0x001ba185	0x001ba18a	CONDITIONAL_JUMP	0
0x001ba187	0xStack[-0x38]	READ	1
0x001ba18e	0xStack[-0x1c]	WRITE	0
0x001ba191	0xStack[0x4]	READ	1
0x001ba19a	0xStack[-0x24]	READ	1
0x001ba1a1	0x001be284	UNCONDITIONAL_CALL	0
0x001ba1ac	0xStack[-0x28]	READ	1
0x001ba1b1	0x001bdef0	UNCONDITIONAL_CALL	0
0x001ba1b6	0xStack[-0x28]	READ	1
0x001ba1bc	0x001ba36f	UNCONDITIONAL_JUMP	0
0x001ba1ce	0x001bdef0	UNCONDITIONAL_CALL	0
0x001ba1d3	0xStack[-0x24]	READ	1
0x001ba1d8	0xStack[-0x28]	READ	1
0x001ba1dd	0x001be2f4	UNCONDITIONAL_CALL	0
0x001ba1e2	0xStack[-0x24]	READ	1
0x001ba1ec	0x001be268	UNCONDITIONAL_CALL	0
0x001ba1f6	0x001ba36f	UNCONDITIONAL_JUMP	0
0x001ba1ff	0xStack[-0x38]	READ	0
0x001ba202	0x001ba207	CONDITIONAL_JUMP	0
0x001ba204	0xStack[-0x38]	READ	1
0x001ba20c	0xStack[-0x1c]	WRITE	0
0x001ba213	0xStack[-0x34]	WRITE	0
0x001ba219	0x001bdef0	UNCONDITIONAL_CALL	0
0x001ba21e	0xStack[0x4]	READ	1
0x001ba227	0xStack[-0x24]	READ	1
0x001ba22c	0xStack[-0x28]	READ	1
0x001ba231	0x001be374	UNCONDITIONAL_CALL	0
0x001ba239	0xStack[0x4]	READ	1
0x001ba243	0xStack[-0x34]	READ	1
0x001ba248	0xStack[-0x28]	READ	1
0x001ba24c	0x001be284	UNCONDITIONAL_CALL	0
0x001ba256	0x001ba36f	UNCONDITIONAL_JUMP	0
0x001ba263	0x001bdef0	UNCONDITIONAL_CALL	0
0x001ba268	0xStack[-0x24]	READ	1
0x001ba26d	0xStack[-0x28]	READ	1
0x001ba272	0x001be2f4	UNCONDITIONAL_CALL	0
0x001ba277	0xStack[0x4]	READ	1
0x001ba286	0xStack[-0x28]	READ	1
0x001ba28a	0x001be284	UNCONDITIONAL_CALL	0
0x001ba294	0x001ba36f	UNCONDITIONAL_JUMP	0
0x001ba2a0	0xStack[-0x34]	WRITE	0
0x001ba2a6	0x001bdef0	UNCONDITIONAL_CALL	0
0x001ba2ab	0xStack[0x4]	READ	1
0x001ba2b4	0xStack[-0x24]	READ	1
0x001ba2b9	0xStack[-0x28]	READ	1
0x001ba2be	0x001be374	UNCONDITIONAL_CALL	0
0x001ba2c7	0xStack[-0x34]	READ	1
0x001ba2cc	0xStack[-0x28]	READ	1
0x001ba2d0	0x001be268	UNCONDITIONAL_CALL	0
0x001ba2da	0x001ba36f	UNCONDITIONAL_JUMP	0
0x001ba2e2	0xStack[-0x38]	READ	0
0x001ba2e5	0x001ba2ea	CONDITIONAL_JUMP	0
0x001ba2e7	0xStack[-0x38]	READ	1
0x001ba2ee	0xStack[-0x1c]	WRITE	0
0x001ba2f4	0x001bdef0	UNCONDITIONAL_CALL	0
0x001ba2f9	0xStack[0x4]	READ	1
0x001ba303	0xStack[-0x28]	READ	1
0x001ba308	0x001be4e4	UNCONDITIONAL_CALL	0
0x001ba30d	0xStack[-0x24]	WRITE	0
0x001ba314	0x001ba34c	UNCONDITIONAL_JUMP	0
0x001ba31a	0xStack[-0x38]	READ	0
0x001ba31d	0x001ba322	CONDITIONAL_JUMP	0
0x001ba31f	0xStack[-0x38]	READ	1
0x001ba326	0xStack[-0x1c]	WRITE	0
0x001ba32c	0x001bdef0	UNCONDITIONAL_CALL	0
0x001ba331	0xStack[0x4]	READ	1
0x001ba33b	0xStack[-0x28]	READ	1
0x001ba340	0x001be50c	UNCONDITIONAL_CALL	0
0x001ba345	0xStack[-0x24]	WRITE	0
0x001ba34c	0xStack[-0x28]	READ	1
0x001ba352	0x001ba36f	UNCONDITIONAL_JUMP	0
0x001ba355	0x001d8968	DATA	0
0x001ba35a	0xStack[-0x30]	WRITE	0
0x001ba35d	0x001a5514	UNCONDITIONAL_CALL	0
0x001ba362	0xStack[-0x20]	WRITE	0
0x001ba36c	0xStack[-0x30]	READ	1
0x001ba36f	0xStack[-0x20]	READ	0
0x001ba373	0x001ba40e	CONDITIONAL_JUMP	0
0x001ba379	0xStack[0x4]	READ	1
0x001ba383	0x001ba3f4	CONDITIONAL_JUMP	0
0x001ba385	0xStack[-0x24]	READ	0
0x001ba389	0x001ba3a8	CONDITIONAL_JUMP	0
0x001ba38b	0xStack[-0xc]	DATA	0
0x001ba38f	0xStack[-0x8]	DATA	0
0x001ba393	0xStack[-0x1c]	READ	1
0x001ba39c	0xStack[-0x30]	WRITE	0
0x001ba39f	0x001be7d4	UNCONDITIONAL_CALL	0
0x001ba3a4	0x001ba3ee	UNCONDITIONAL_JUMP	0
0x001ba3a8	0xStack[-0x24]	READ	0
0x001ba3ac	0x001ba3cc	CONDITIONAL_JUMP	0
0x001ba3ae	0xStack[-0xc]	DATA	0
0x001ba3b2	0xStack[-0x8]	DATA	0
0x001ba3b6	0xStack[-0x1c]	READ	1
0x001ba3bb	0xStack[0x4]	READ	1
0x001ba3c2	0xStack[-0x30]	WRITE	0
0x001ba3c5	0x001be874	UNCONDITIONAL_CALL	0
0x001ba3ca	0x001ba3ee	UNCONDITIONAL_JUMP	0
0x001ba3cc	0xStack[-0x24]	READ	0
0x001ba3d0	0x001ba3f4	CONDITIONAL_JUMP	0
0x001ba3d2	0xStack[-0xc]	DATA	0
0x001ba3d6	0xStack[-0x8]	DATA	0
0x001ba3da	0xStack[-0x1c]	READ	1
0x001ba3df	0xStack[0x4]	READ	1
0x001ba3e6	0xStack[-0x30]	WRITE	0
0x001ba3e9	0x001be71c	UNCONDITIONAL_CALL	0
0x001ba3f1	0xStack[-0x30]	READ	1
0x001ba3f4	0xStack[-0x10]	READ	1
0x001ba3f9	0xStack[-0x24]	READ	1
0x001ba3fd	0xStack[-0x1c]	READ	1
0x001ba401	0xStack[0x14]	READ	1
0x001ba406	0x001be578	UNCONDITIONAL_CALL	0
0x001ba40b	0xStack[-0x18]	WRITE	0
0x001ba40e	0xStack[0xc]	READ	1
0x001ba414	0xStack[-0x14]	READ	1
0x001ba417	0xStack[-0x18]	READ	0
0x001ba41a	0x001ba41f	CONDITIONAL_JUMP	0
0x001ba41c	0xStack[-0x18]	READ	1
0x001ba41f	0xStack[0x4]	READ	1
0x001ba428	0xStack[-0x38]	WRITE	0
0x001ba42b	0xStack[-0x8]	READ	1
0x001ba42e	0xStack[-0x34]	WRITE	0
0x001ba431	0xStack[-0xc]	READ	1
0x001ba434	0xStack[-0x2c]	WRITE	0
0x001ba437	0xStack[0x4]	READ	1
0x001ba440	0xStack[-0x38]	READ	0
0x001ba443	0x001ba474	CONDITIONAL_JUMP	0
0x001ba44a	0xStack[0x10]	READ	0
0x001ba44d	0x001ba453	CONDITIONAL_JUMP	0
0x001ba451	0x001ba46c	CONDITIONAL_JUMP	0
0x001ba453	0xStack[0x10]	READ	1
0x001ba45b	0xStack[-0x34]	READ	1
0x001ba464	0xStack[-0x2c]	READ	1
0x001ba46a	0x001ba474	UNCONDITIONAL_JUMP	0
0x001ba46f	0xStack[-0x38]	READ	0
0x001ba472	0x001ba448	CONDITIONAL_JUMP	0
0x001ba474	0xStack[-0x1c]	READ	1
0x001ba477	0xStack[-0x44]	DATA	0
0x001ba48d	0xStack[0x4]	READ	1
0x001ba490	0xStack[0x1c]	READ	1
0x001ba494	0xStack[0x18]	READ	1
0x001ba498	0xStack[0x14]	READ	1
0x001ba49c	0xStack[0x10]	READ	1
0x001ba4a0	0xStack[0xc]	READ	1
0x001ba4a4	0x001f9750	READ	1
0x001ba4aa	0x00206340	DATA	0
0x001ba4ab	0xStack[-0xc]	WRITE	0
0x001ba4ae	0x001fa518	READ	1
0x001ba4b4	0x001febb0	DATA	1
0x001ba4b4	0xStack[-0x8]	WRITE	0
0x001ba4b7	0xStack[-0xc]	DATA	0
0x001ba4bb	0x001cea70	UNCONDITIONAL_CALL	0
0x001ba4c5	0x001ba4d0	CONDITIONAL_JUMP	0
0x001ba4c9	0x001ba5aa	UNCONDITIONAL_JUMP	0
0x001ba500	0x001f98ac	READ	1
0x001ba506	0x00205e0c	DATA	0
0x001ba507	0xStack[0xc]	READ	1
0x001ba50b	0x001ce960	UNCONDITIONAL_CALL	0
0x001ba515	0x001ba57c	CONDITIONAL_JUMP	0
0x001ba519	0x001a5448	UNCONDITIONAL_CALL	0
0x001ba54b	0x001ba568	CONDITIONAL_JUMP	0
0x001ba563	0x001ba500	UNCONDITIONAL_JUMP	0
0x001ba57a	0x001ba562	UNCONDITIONAL_JUMP	0
0x001ba57c	0x001e0d0c	READ	1
0x001ba58a	0x001a5448	UNCONDITIONAL_CALL	0
0x001ba592	0x001e0d0c	READ	1
0x001ba5a0	0x001a5448	UNCONDITIONAL_CALL	0
0x001ba5aa	0xStack[-0x18]	DATA	0
0x001ba5bd	0xStack[0x4]	READ	1
0x001ba5c0	0xStack[0xc]	READ	1
0x001ba5c3	0xStack[0x10]	READ	1
0x001ba5ca	0xStack[0x18]	READ	1
0x001ba5ce	0x001a9284	UNCONDITIONAL_CALL	0
0x001ba5d3	0xStack[-0xc]	WRITE	0
0x001ba5dd	0x001ba5ef	CONDITIONAL_JUMP	0
0x001ba5e3	0x001ba5ec	CONDITIONAL_JUMP	0
0x001ba5e8	0x001ba5ef	UNCONDITIONAL_JUMP	0
0x001ba5ef	0xStack[-0x8]	DATA	0
0x001ba5f2	0xStack[-0x10]	WRITE	0
0x001ba5f5	0x001e89ec	READ	1
0x001ba5fe	0xStack[-0x20]	WRITE	0
0x001ba603	0xStack[-0x14]	WRITE	0
0x001ba608	0xStack[-0x18]	WRITE	0
0x001ba611	0xStack[-0x20]	READ	1
0x001ba616	0x0016d1bc	UNCONDITIONAL_CALL	0
0x001ba61b	0xStack[-0x1c]	WRITE	0
0x001ba623	0xStack[-0x14]	READ	1
0x001ba627	0x00159b58	UNCONDITIONAL_CALL	0
0x001ba62d	0x001d0dac	UNCONDITIONAL_CALL	0
0x001ba637	0x001ba647	CONDITIONAL_JUMP	0
0x001ba63a	0x001d88d4	DATA	0
0x001ba63f	0x001a5514	UNCONDITIONAL_CALL	0
0x001ba64a	0xStack[-0x10]	READ	1
0x001ba64e	0xStack[-0x1c]	READ	1
0x001ba652	0x001d0cb8	UNCONDITIONAL_CALL	0
0x001ba65c	0x001ba664	CONDITIONAL_JUMP	0
0x001ba660	0x001ba6bb	UNCONDITIONAL_JUMP	0
0x001ba665	0xStack[-0x14]	READ	1
0x001ba669	0xStack[-0x8]	READ	1
0x001ba66d	0xStack[-0x1c]	READ	1
0x001ba671	0x001d0e8c	UNCONDITIONAL_CALL	0
0x001ba67b	0x001ba68b	CONDITIONAL_JUMP	0
0x001ba67e	0x001d88f4	DATA	0
0x001ba683	0x001a5514	UNCONDITIONAL_CALL	0
0x001ba68c	0xStack[-0x14]	READ	1
0x001ba690	0x00159b58	UNCONDITIONAL_CALL	0
0x001ba696	0x001d0a40	UNCONDITIONAL_CALL	0
0x001ba6a0	0x001ba6b0	CONDITIONAL_JUMP	0
0x001ba6a3	0x001d8914	DATA	0
0x001ba6a8	0x001a5514	UNCONDITIONAL_CALL	0
0x001ba6b0	0xStack[-0x18]	READ	1
0x001ba6b3	0xStack[-0x8]	READ_WRITE	0
0x001ba6bd	0x001ba6e4	CONDITIONAL_JUMP	0
0x001ba6c0	0x001d8938	DATA	0
0x001ba6c5	0x001a5514	UNCONDITIONAL_CALL	0
0x001ba6cc	0x001ba77b	UNCONDITIONAL_JUMP	0
0x001ba6e0	0x001ba748	UNCONDITIONAL_JUMP	0
0x001ba6e4	0x001f970c	READ	1
0x001ba6ea	0x00206470	DATA	0
0x001ba6ec	0x001ce960	UNCONDITIONAL_CALL	0
0x001ba6f3	0xStack[-0x8]	READ	1
0x001ba703	0xStack[0x14]	READ	1
0x001ba709	0xStack[-0xc]	READ	1
0x001ba70f	0xStack[0x1c]	READ	1
0x001ba718	0xStack[-0xc]	READ	1
0x001ba71e	0x001f9220	READ	1
0x001ba724	0x00201928	DATA	0
0x001ba729	0x001ce960	UNCONDITIONAL_CALL	0
0x001ba737	0x001ba6d4	CONDITIONAL_JUMP	0
0x001ba748	0x001f9474	READ	1
0x001ba74e	0x00202be8	DATA	0
0x001ba753	0x001ce960	UNCONDITIONAL_CALL	0
0x001ba758	0x001f97b0	READ	1
0x001ba75e	0x00206008	DATA	0
0x001ba760	0x001ce960	UNCONDITIONAL_CALL	0
0x001ba766	0x001f9724	READ	1
0x001ba76c	0x00205d5c	DATA	0
0x001ba771	0x001ce960	UNCONDITIONAL_CALL	0
0x001ba77b	0xStack[-0x2c]	DATA	0
0x001ba791	0xStack[0x4]	READ	1
0x001ba794	0xStack[0x10]	READ	1
0x001ba797	0xStack[0x14]	READ	1
0x001ba79a	0xStack[0x18]	READ	1
0x001ba7a0	0xStack[0xc]	READ	1
0x001ba7a4	0x001f9734	READ	1
0x001ba7aa	0x002064c4	DATA	0
0x001ba7ab	0xStack[-0xc]	WRITE	0
0x001ba7ae	0x001fa518	READ	1
0x001ba7b4	0x001febb0	DATA	1
0x001ba7b4	0xStack[-0x8]	WRITE	0
0x001ba7b7	0xStack[-0xc]	DATA	0
0x001ba7bb	0x001cea70	UNCONDITIONAL_CALL	0
0x001ba7c2	0x001ba7f4	CONDITIONAL_JUMP	0
0x001ba7c7	0x001ba7f0	CONDITIONAL_JUMP	0
0x001ba7cc	0x001ba7f0	CONDITIONAL_JUMP	0
0x001ba7d4	0x001ba7df	CONDITIONAL_JUMP	0
0x001ba7dd	0x001ba7f4	CONDITIONAL_JUMP	0
0x001ba7e5	0x001ba7f0	CONDITIONAL_JUMP	0
0x001ba7ee	0x001ba7f4	CONDITIONAL_JUMP	0
0x001ba7f2	0x001ba7f9	UNCONDITIONAL_JUMP	0
0x001ba7f9	0xStack[-0x18]	DATA	0
0x001ba807	0xStack[0xc]	READ	1
0x001ba80a	0xStack[0x10]	READ	1
0x001ba80d	0xStack[0x14]	READ	1
0x001ba813	0x001ba828	CONDITIONAL_JUMP	0
0x001ba819	0x001ba847	CONDITIONAL_JUMP	0
0x001ba824	0x001ba81c	CONDITIONAL_JUMP	0
0x001ba826	0x001ba847	UNCONDITIONAL_JUMP	0
0x001ba82b	0x001ba840	CONDITIONAL_JUMP	0
0x001ba831	0x001ba847	CONDITIONAL_JUMP	0
0x001ba83c	0x001ba834	CONDITIONAL_JUMP	0
0x001ba83e	0x001ba847	UNCONDITIONAL_JUMP	0
0x001ba842	0x00101600	UNCONDITIONAL_CALL	0
0x001ba847	0xStack[0x4]	READ	1
0x001ba859	0xStack[0x4]	READ	1
0x001ba85c	0xStack[0x10]	READ	1
0x001ba86d	0x001ba89f	CONDITIONAL_JUMP	0
0x001ba876	0x001ba898	CONDITIONAL_JUMP	0
0x001ba885	0xStack[-0x8]	WRITE	0
0x001ba88b	0xStack[-0xc]	WRITE	0
0x001ba891	0xStack[-0x10]	WRITE	0
0x001ba894	0x001ba8a1	UNCONDITIONAL_JUMP	0
0x001ba89d	0x001ba874	CONDITIONAL_JUMP	0
0x001ba8a4	0xStack[-0x10]	READ	1
0x001ba8a8	0x001f9700	READ	1
0x001ba8ae	0x00206124	DATA	0
0x001ba8b3	0x001ce960	UNCONDITIONAL_CALL	0
0x001ba8c2	0x001ba8fa	CONDITIONAL_JUMP	0
0x001ba8d2	0xStack[-0x8]	READ	1
0x001ba8dd	0x001be98c	UNCONDITIONAL_CALL	0
0x001ba8ea	0xStack[-0xc]	READ	1
0x001ba8f5	0x001be98c	UNCONDITIONAL_CALL	0
0x001ba8fc	0xStack[-0x1c]	DATA	0
0x001ba90b	0xStack[0x4]	READ	1
0x001ba91b	0xStack[0x4]	READ	1
0x001ba92b	0xStack[0x4]	READ	1
0x001ba92e	0xStack[0xc]	READ	1
0x001ba93b	0xStack[0x4]	READ	1
0x001ba93e	0xStack[0xc]	READ	1
0x001ba94b	0xStack[0x4]	READ	1
0x001ba960	0xStack[0x4]	READ	1
0x001ba963	0xStack[0xc]	READ	1
0x001ba96e	0x001ba9af	CONDITIONAL_JUMP	0
0x001ba977	0x001ba9af	CONDITIONAL_JUMP	0
0x001ba97b	0x001a5448	UNCONDITIONAL_CALL	0
0x001ba988	0x001a5448	UNCONDITIONAL_CALL	0
0x001ba99c	0x001be940	UNCONDITIONAL_CALL	0
0x001ba9aa	0x001be940	UNCONDITIONAL_CALL	0
0x001ba9af	0xStack[-0x8]	READ	1
0x001ba9be	0xStack[0x4]	READ	1
0x001ba9c1	0xStack[0xc]	READ	1
0x001ba9c4	0xStack[0x10]	READ	1
0x001ba9ce	0x001ba9fc	CONDITIONAL_JUMP	0
0x001ba9de	0x001be960	UNCONDITIONAL_CALL	0
0x001ba9f3	0x001be960	UNCONDITIONAL_CALL	0
0x001ba9fa	0x001baa08	UNCONDITIONAL_JUMP	0
0x001baa0a	0xStack[-0x10]	DATA	0
0x001baa1b	0xStack[0xc]	READ	1
0x001baa1e	0x0016d1bc	UNCONDITIONAL_CALL	0
0x001baa2b	0x001d0a40	UNCONDITIONAL_CALL	0
0x001baa35	0x001baa45	CONDITIONAL_JUMP	0
0x001baa38	0x001d8994	DATA	0
0x001baa3d	0x001a5514	UNCONDITIONAL_CALL	0
0x001baa46	0x001f9738	READ	1
0x001baa4c	0x0020657c	DATA	0
0x001baa4d	0xStack[0x4]	READ	1
0x001baa50	0xStack[-0xc]	WRITE	0
0x001baa53	0x001fa518	READ	1
0x001baa59	0x001febb0	DATA	1
0x001baa59	0xStack[-0x8]	WRITE	0
0x001baa5c	0xStack[-0xc]	DATA	0
0x001baa60	0x001cea70	UNCONDITIONAL_CALL	0
0x001baa65	0xStack[-0x10]	READ	1
0x001baa75	0xStack[0x4]	READ	1
0x001baa80	0x001baa8d	CONDITIONAL_JUMP	0
0x001baa85	0x001a5458	UNCONDITIONAL_CALL	0
0x001baa95	0x001baaa2	CONDITIONAL_JUMP	0
0x001baa9a	0x001a5458	UNCONDITIONAL_CALL	0
0x001baaae	0x001baaf7	CONDITIONAL_JUMP	0
0x001baaba	0xStack[-0x10]	WRITE	0
0x001baac5	0x001baacc	CONDITIONAL_JUMP	0
0x001baac9	0x001baacf	UNCONDITIONAL_JUMP	0
0x001baad4	0x001baadc	CONDITIONAL_JUMP	0
0x001baad8	0x001baadf	UNCONDITIONAL_JUMP	0
0x001baae3	0xStack[-0x10]	READ	1
0x001baae7	0x001a5458	UNCONDITIONAL_CALL	0
0x001baaf5	0x001baab4	CONDITIONAL_JUMP	0
0x001baafc	0x001bab15	CONDITIONAL_JUMP	0
0x001baafe	0x001e0d0c	READ	1
0x001bab0d	0x001a5458	UNCONDITIONAL_CALL	0
0x001bab1a	0x001bab33	CONDITIONAL_JUMP	0
0x001bab1c	0x001e0d0c	READ	1
0x001bab2b	0x001a5458	UNCONDITIONAL_CALL	0
0x001bab33	0x001f921c	READ	1
0x001bab39	0x00201920	DATA	0
0x001bab3a	0xStack[-0xc]	WRITE	0
0x001bab3d	0x001fa518	READ	1
0x001bab43	0x001febb0	DATA	1
0x001bab43	0xStack[-0x8]	WRITE	0
0x001bab46	0xStack[-0xc]	DATA	0
0x001bab4a	0x001cea70	UNCONDITIONAL_CALL	0
0x001bab4f	0xStack[-0x1c]	DATA	0
0x001bab64	0xStack[0x4]	READ	1
0x001bab67	0xStack[0xc]	READ	1
0x001bab6a	0x001f924c	READ	1
0x001bab70	0x00201a24	DATA	0
0x001bab71	0xStack[-0xc]	WRITE	0
0x001bab74	0x001fa540	READ	1
0x001bab7a	0x001fdfdf	DATA	1
0x001bab7a	0xStack[-0x8]	WRITE	0
0x001bab7d	0xStack[-0xc]	DATA	0
0x001bab81	0x001cea70	UNCONDITIONAL_CALL	0
0x001bab88	0x001f9214	READ	1
0x001bab8e	0x00201908	DATA	0
0x001bab8f	0x001f9210	READ	1
0x001bab95	0x00201900	DATA	0
0x001bab96	0x001f9d64	READ	1
0x001bab9c	0x001fdfbd	DATA	0
0x001bab9d	0x001ce960	UNCONDITIONAL_CALL	0
0x001baba6	0x001ce960	UNCONDITIONAL_CALL	0
0x001babb3	0xStack[-0x14]	DATA	0
0x001babc3	0xStack[0x4]	READ	1
0x001babc6	0x001f921c	READ	1
0x001babcc	0x00201920	DATA	0
0x001babd1	0x001ce960	UNCONDITIONAL_CALL	0
0x001babd6	0x001f921c	READ	1
0x001babdc	0x00201920	DATA	0
0x001babdd	0xStack[-0xc]	WRITE	0
0x001babe0	0x001fa540	READ	1
0x001babe6	0x001fdfdf	DATA	1
0x001babe6	0xStack[-0x8]	WRITE	0
0x001babe9	0xStack[-0xc]	DATA	0
0x001babed	0x001cea70	UNCONDITIONAL_CALL	0
0x001babf2	0xStack[-0x10]	READ	1
0x001babff	0xStack[0x4]	READ	1
0x001bac10	0xStack[0x4]	READ	1
0x001bac13	0x001f9b60	READ	1
0x001bac19	0x00203ec4	DATA	0
0x001bac1e	0x001ce960	UNCONDITIONAL_CALL	0
0x001bac29	0x001bac53	CONDITIONAL_JUMP	0
0x001bac2b	0x001f9220	READ	1
0x001bac31	0x00201928	DATA	0
0x001bac36	0x001ce960	UNCONDITIONAL_CALL	0
0x001bac3b	0xStack[0xc]	READ	1
0x001bac43	0x001f9224	READ	1
0x001bac49	0x00201930	DATA	0
0x001bac4e	0x001ce960	UNCONDITIONAL_CALL	0
0x001bac53	0xStack[-0x8]	READ	1
0x001bac65	0xStack[0xc]	READ	1
0x001bac68	0xStack[-0x1c]	DATA	0
0x001bac6b	0x001d5e94	DATA	1
0x001bac76	0x001d5e94	READ	1
0x001bac76	0x001d5e98	READ	1
0x001bac7a	0x001f9218	READ	1
0x001bac80	0x00201914	DATA	0
0x001bac81	0xStack[0x4]	READ	1
0x001bac88	0x001ce960	UNCONDITIONAL_CALL	0
0x001bac8d	0xStack[0x4]	READ	1
0x001bac93	0xStack[-0x18]	WRITE	0
0x001bac9d	0xStack[-0xc]	WRITE	0
0x001baca0	0xStack[-0x8]	WRITE	0
0x001baca9	0x001f9224	READ	1
0x001bacaf	0x00201930	DATA	0
0x001bacb0	0xStack[0x4]	READ	1
0x001bacb7	0x001ce960	UNCONDITIONAL_CALL	0
0x001bacc3	0xStack[-0x1c]	DATA	0
0x001bacc7	0x001586d4	UNCONDITIONAL_CALL	0
0x001bacd3	0x001bacf8	CONDITIONAL_JUMP	0
0x001bacd7	0x001f9218	READ	1
0x001bacdd	0x00201914	DATA	0
0x001bacde	0xStack[0x4]	READ	1
0x001bace5	0x001ce960	UNCONDITIONAL_CALL	0
0x001bacea	0xStack[0x4]	READ	1
0x001bacf3	0x001bad0e	UNCONDITIONAL_JUMP	0
0x001bacf8	0x001f9220	READ	1
0x001bacfe	0x00201928	DATA	0
0x001bacff	0xStack[0x4]	READ	1
0x001bad06	0x001ce960	UNCONDITIONAL_CALL	0
0x001bad10	0x001f9224	READ	1
0x001bad16	0x00201930	DATA	0
0x001bad17	0xStack[0x4]	READ	1
0x001bad1e	0x001ce960	UNCONDITIONAL_CALL	0
0x001bad25	0xStack[-0x28]	DATA	0
0x001bad33	0xStack[0x4]	READ	1
0x001bad36	0x001e8718	WRITE	0
0x001bad46	0xStack[0x4]	READ	1
0x001bad49	0xStack[0x8]	READ	0
0x001bad4d	0x001bad7c	CONDITIONAL_JUMP	0
0x001bad50	0x001bb308	DATA	0
0x001bad56	0x001e8718	READ	1
0x001bad5d	0x0016cb9c	UNCONDITIONAL_CALL	0
0x001bad67	0x001bad8b	CONDITIONAL_JUMP	0
0x001bad6a	0x001d89e0	DATA	0
0x001bad6f	0xStack[-0x8]	WRITE	0
0x001bad72	0x001a5514	UNCONDITIONAL_CALL	0
0x001bad77	0xStack[-0x8]	READ	1
0x001bad7a	0x001bad8b	UNCONDITIONAL_JUMP	0
0x001bad7d	0x001e8718	READ	1
0x001bad84	0x0016c8d4	UNCONDITIONAL_CALL	0
0x001bada4	0xStack[0x4]	READ	1
0x001bada7	0x001a9328	UNCONDITIONAL_CALL	0
0x001badb0	0x001badc9	CONDITIONAL_JUMP	0
0x001badb2	0x001d8a08	DATA	0
0x001badb7	0x001a5514	UNCONDITIONAL_CALL	0
0x001badbc	0x001d8a3c	DATA	0
0x001badc1	0x001a5514	UNCONDITIONAL_CALL	0
0x001badc9	0xStack[0x8]	READ	0
0x001badcc	0x001badd8	CONDITIONAL_JUMP	0
0x001badd0	0x001bae7c	UNCONDITIONAL_JUMP	0
0x001badd8	0x001f9904	READ	1
0x001badde	0x00205df0	DATA	0
0x001baddf	0x001f9900	READ	1
0x001bade5	0x00205484	DATA	0
0x001bade7	0x001ce960	UNCONDITIONAL_CALL	0
0x001badf0	0x001ce960	UNCONDITIONAL_CALL	0
0x001badf9	0x00159b58	UNCONDITIONAL_CALL	0
0x001badff	0x001d0508	UNCONDITIONAL_CALL	0
0x001bae09	0x001bae18	CONDITIONAL_JUMP	0
0x001bae0b	0x001d8390	DATA	0
0x001bae10	0x001a5514	UNCONDITIONAL_CALL	0
0x001bae18	0xStack[-0x8]	DATA	0
0x001bae1c	0x00159b58	UNCONDITIONAL_CALL	0
0x001bae22	0x001d0440	UNCONDITIONAL_CALL	0
0x001bae2c	0x001bae3b	CONDITIONAL_JUMP	0
0x001bae2e	0x001d8378	DATA	0
0x001bae33	0x001a5514	UNCONDITIONAL_CALL	0
0x001bae3b	0xStack[-0x8]	READ	1
0x001bae3f	0x001f96fc	READ	1
0x001bae45	0x002061d4	DATA	0
0x001bae46	0x001f9908	READ	1
0x001bae4c	0x00205474	DATA	0
0x001bae4e	0x001ce960	UNCONDITIONAL_CALL	0
0x001bae57	0x001ce960	UNCONDITIONAL_CALL	0
0x001bae5d	0x001f96fc	READ	1
0x001bae63	0x002061d4	DATA	0
0x001bae64	0x001f9900	READ	1
0x001bae6a	0x00205484	DATA	0
0x001bae6c	0x001ce960	UNCONDITIONAL_CALL	0
0x001bae75	0x001ce960	UNCONDITIONAL_CALL	0
0x001bae7c	0xStack[-0x10]	DATA	0
0x001bae91	0xStack[0x4]	READ	1
0x001bae94	0xStack[0x8]	READ	1
0x001bae97	0x001f97c8	READ	1
0x001bae9d	0x00205904	DATA	0
0x001bae9e	0x001f9dbc	READ	1
0x001baea4	0x001feb4e	DATA	0
0x001baea5	0x001ce960	UNCONDITIONAL_CALL	0
0x001baeaa	0xStack[-0xc]	WRITE	0
0x001baeda	0x001baee4	CONDITIONAL_JUMP	0
0x001baede	0x001bb2fd	UNCONDITIONAL_JUMP	0
0x001baee4	0xStack[-0xc]	READ	0
0x001baee8	0x001baef4	CONDITIONAL_JUMP	0
0x001baeef	0x001bb2fd	UNCONDITIONAL_JUMP	0
0x001baef4	0x001e53b8	READ	0
0x001baefb	0x001bb012	CONDITIONAL_JUMP	0
0x001baf01	0x001bbf60	DATA	0
0x001baf06	0x001e8718	READ	1
0x001baf0d	0x0016cc4c	UNCONDITIONAL_CALL	0
0x001baf15	0xStack[-0x8]	DATA	0
0x001baf19	0x00159b58	UNCONDITIONAL_CALL	0
0x001baf1f	0x001d0440	UNCONDITIONAL_CALL	0
0x001baf29	0x001baf38	CONDITIONAL_JUMP	0
0x001baf2b	0x001d8378	DATA	0
0x001baf30	0x001a5514	UNCONDITIONAL_CALL	0
0x001baf38	0xStack[-0x8]	READ	1
0x001baf3b	0x001e53ac	WRITE	0
0x001baf41	0x001bb308	DATA	0
0x001baf47	0x001e8718	READ	1
0x001baf4e	0x0016cb9c	UNCONDITIONAL_CALL	0
0x001baf58	0x001baf68	CONDITIONAL_JUMP	0
0x001baf5b	0x001d89bc	DATA	0
0x001baf60	0x001a5514	UNCONDITIONAL_CALL	0
0x001baf69	0x00159b58	UNCONDITIONAL_CALL	0
0x001baf6f	0x001d0440	UNCONDITIONAL_CALL	0
0x001baf79	0x001baf88	CONDITIONAL_JUMP	0
0x001baf7b	0x001d8378	DATA	0
0x001baf80	0x001a5514	UNCONDITIONAL_CALL	0
0x001baf88	0xStack[-0x8]	READ	1
0x001baf8b	0x001e53b0	WRITE	0
0x001baf91	0x001bb308	DATA	0
0x001baf97	0x001e8718	READ	1
0x001baf9e	0x0016cb9c	UNCONDITIONAL_CALL	0
0x001bafa8	0x001bafb8	CONDITIONAL_JUMP	0
0x001bafab	0x001d89bc	DATA	0
0x001bafb0	0x001a5514	UNCONDITIONAL_CALL	0
0x001bafb9	0x00159b58	UNCONDITIONAL_CALL	0
0x001bafbf	0x001d0440	UNCONDITIONAL_CALL	0
0x001bafc9	0x001bafd8	CONDITIONAL_JUMP	0
0x001bafcb	0x001d8378	DATA	0
0x001bafd0	0x001a5514	UNCONDITIONAL_CALL	0
0x001bafd8	0xStack[-0x8]	READ	1
0x001bafdb	0x001e53b4	WRITE	0
0x001bafe1	0x001bb308	DATA	0
0x001bafe7	0x001e8718	READ	1
0x001bafee	0x0016cb9c	UNCONDITIONAL_CALL	0
0x001baff8	0x001bb008	CONDITIONAL_JUMP	0
0x001baffb	0x001d89bc	DATA	0
0x001bb000	0x001a5514	UNCONDITIONAL_CALL	0
0x001bb008	0x001e53b8	WRITE	0
0x001bb012	0xStack[0x8]	READ	1
0x001bb047	0x001a9328	UNCONDITIONAL_CALL	0
0x001bb04e	0x001bb064	CONDITIONAL_JUMP	0
0x001bb050	0x001d8a08	DATA	0
0x001bb055	0x001a5514	UNCONDITIONAL_CALL	0
0x001bb05f	0x001bb2fd	UNCONDITIONAL_JUMP	0
0x001bb067	0x001bb084	CONDITIONAL_JUMP	0
0x001bb07e	0x001bb259	UNCONDITIONAL_JUMP	0
0x001bb088	0x001bb23e	CONDITIONAL_JUMP	0
0x001bb08e	0x001e53b0	READ	1
0x001bb095	0x001bb0cd	CONDITIONAL_JUMP	0
0x001bb098	0x001e8718	READ	1
0x001bb09f	0x0016c8d4	UNCONDITIONAL_CALL	0
0x001bb0a7	0x001e53b0	READ	1
0x001bb0ae	0x00159b58	UNCONDITIONAL_CALL	0
0x001bb0b4	0x001d0508	UNCONDITIONAL_CALL	0
0x001bb0be	0x001bb0cd	CONDITIONAL_JUMP	0
0x001bb0c0	0x001d8390	DATA	0
0x001bb0c5	0x001a5514	UNCONDITIONAL_CALL	0
0x001bb0cd	0x001e53ac	READ	1
0x001bb0d4	0x001bb10c	CONDITIONAL_JUMP	0
0x001bb0d7	0x001e8718	READ	1
0x001bb0de	0x0016c8d4	UNCONDITIONAL_CALL	0
0x001bb0e6	0x001e53ac	READ	1
0x001bb0ed	0x00159b58	UNCONDITIONAL_CALL	0
0x001bb0f3	0x001d0508	UNCONDITIONAL_CALL	0
0x001bb0fd	0x001bb10c	CONDITIONAL_JUMP	0
0x001bb0ff	0x001d8390	DATA	0
0x001bb104	0x001a5514	UNCONDITIONAL_CALL	0
0x001bb10c	0x001e53b4	READ	1
0x001bb113	0x001bb14b	CONDITIONAL_JUMP	0
0x001bb116	0x001e8718	READ	1
0x001bb11d	0x0016c8d4	UNCONDITIONAL_CALL	0
0x001bb125	0x001e53b4	READ	1
0x001bb12c	0x00159b58	UNCONDITIONAL_CALL	0
0x001bb132	0x001d0508	UNCONDITIONAL_CALL	0
0x001bb13c	0x001bb14b	CONDITIONAL_JUMP	0
0x001bb13e	0x001d8390	DATA	0
0x001bb143	0x001a5514	UNCONDITIONAL_CALL	0
0x001bb14b	0xStack[-0x8]	DATA	0
0x001bb14f	0x00159b58	UNCONDITIONAL_CALL	0
0x001bb155	0x001d0440	UNCONDITIONAL_CALL	0
0x001bb15f	0x001bb16e	CONDITIONAL_JUMP	0
0x001bb161	0x001d8378	DATA	0
0x001bb166	0x001a5514	UNCONDITIONAL_CALL	0
0x001bb16e	0xStack[-0x8]	READ	1
0x001bb171	0x001e53ac	WRITE	0
0x001bb177	0x001bb308	DATA	0
0x001bb17d	0x001e8718	READ	1
0x001bb184	0x0016cb9c	UNCONDITIONAL_CALL	0
0x001bb18e	0x001bb19e	CONDITIONAL_JUMP	0
0x001bb191	0x001d89bc	DATA	0
0x001bb196	0x001a5514	UNCONDITIONAL_CALL	0
0x001bb19f	0x00159b58	UNCONDITIONAL_CALL	0
0x001bb1a5	0x001d0440	UNCONDITIONAL_CALL	0
0x001bb1af	0x001bb1be	CONDITIONAL_JUMP	0
0x001bb1b1	0x001d8378	DATA	0
0x001bb1b6	0x001a5514	UNCONDITIONAL_CALL	0
0x001bb1be	0xStack[-0x8]	READ	1
0x001bb1c1	0x001e53b0	WRITE	0
0x001bb1c7	0x001bb308	DATA	0
0x001bb1cd	0x001e8718	READ	1
0x001bb1d4	0x0016cb9c	UNCONDITIONAL_CALL	0
0x001bb1de	0x001bb1ee	CONDITIONAL_JUMP	0
0x001bb1e1	0x001d89bc	DATA	0
0x001bb1e6	0x001a5514	UNCONDITIONAL_CALL	0
0x001bb1ef	0x00159b58	UNCONDITIONAL_CALL	0
0x001bb1f5	0x001d0440	UNCONDITIONAL_CALL	0
0x001bb1ff	0x001bb20e	CONDITIONAL_JUMP	0
0x001bb201	0x001d8378	DATA	0
0x001bb206	0x001a5514	UNCONDITIONAL_CALL	0
0x001bb20e	0xStack[-0x8]	READ	1
0x001bb211	0x001e53b4	WRITE	0
0x001bb217	0x001bb308	DATA	0
0x001bb21d	0x001e8718	READ	1
0x001bb224	0x0016cb9c	UNCONDITIONAL_CALL	0
0x001bb22e	0x001bb23e	CONDITIONAL_JUMP	0
0x001bb231	0x001d89bc	DATA	0
0x001bb236	0x001a5514	UNCONDITIONAL_CALL	0
0x001bb23e	0x001e53b0	READ	1
0x001bb247	0x001e53ac	READ	1
0x001bb250	0x001e53b4	READ	1
0x001bb259	0x001e53ac	READ	1
0x001bb260	0x001f96f8	READ	1
0x001bb266	0x002061e4	DATA	0
0x001bb267	0x001f9900	READ	1
0x001bb26d	0x00205484	DATA	0
0x001bb26e	0xStack[-0xc]	READ	1
0x001bb272	0x001ce960	UNCONDITIONAL_CALL	0
0x001bb27b	0x001ce960	UNCONDITIONAL_CALL	0
0x001bb280	0x001e53b4	READ	1
0x001bb287	0x001f96fc	READ	1
0x001bb28d	0x002061d4	DATA	0
0x001bb28e	0x001f9900	READ	1
0x001bb294	0x00205484	DATA	0
0x001bb295	0xStack[-0xc]	READ	1
0x001bb299	0x001ce960	UNCONDITIONAL_CALL	0
0x001bb2a2	0x001ce960	UNCONDITIONAL_CALL	0
0x001bb2a7	0x001e53b0	READ	1
0x001bb2ae	0x001f96f8	READ	1
0x001bb2b4	0x002061e4	DATA	0
0x001bb2b5	0x001f9908	READ	1
0x001bb2bb	0x00205474	DATA	0
0x001bb2bc	0xStack[-0xc]	READ	1
0x001bb2c0	0x001ce960	UNCONDITIONAL_CALL	0
0x001bb2c9	0x001ce960	UNCONDITIONAL_CALL	0
0x001bb2d1	0x001e53b4	READ	1
0x001bb2d8	0x001f96fc	READ	1
0x001bb2de	0x002061d4	DATA	0
0x001bb2df	0x001f9908	READ	1
0x001bb2e5	0x00205474	DATA	0
0x001bb2e6	0xStack[-0xc]	READ	1
0x001bb2ea	0x001ce960	UNCONDITIONAL_CALL	0
0x001bb2f3	0x001ce960	UNCONDITIONAL_CALL	0
0x001bb2fd	0xStack[-0x18]	DATA	0
0x001bb30d	0xStack[0x4]	READ	1
0x001bb310	0xStack[0x8]	READ	1
0x001bb317	0x001bb334	CONDITIONAL_JUMP	0
0x001bb31b	0x001bae88	UNCONDITIONAL_CALL	0
0x001bb325	0x001bb377	CONDITIONAL_JUMP	0
0x001bb32b	0x001d8a50	DATA	0
0x001bb330	0x001bb36f	UNCONDITIONAL_JUMP	0
0x001bb33b	0x001bb358	CONDITIONAL_JUMP	0
0x001bb33f	0x001bd310	UNCONDITIONAL_CALL	0
0x001bb349	0x001bb377	CONDITIONAL_JUMP	0
0x001bb34f	0x001d8a78	DATA	0
0x001bb354	0x001bb36f	UNCONDITIONAL_JUMP	0
0x001bb35a	0x001bf3fc	UNCONDITIONAL_CALL	0
0x001bb364	0x001bb377	CONDITIONAL_JUMP	0
0x001bb36a	0x001d8aa4	DATA	0
0x001bb36f	0x001a5514	UNCONDITIONAL_CALL	0
0x001bb37f	0x00158774	UNCONDITIONAL_CALL	0
0x001bb389	0x001bb396	CONDITIONAL_JUMP	0
0x001bb38c	0x001d8ad0	DATA	0
0x001bb391	0x001a5514	UNCONDITIONAL_CALL	0
0x001bb39d	0xStack[-0xc]	DATA	0
0x001bb3ab	0xStack[0x4]	READ	1
0x001bb3af	0x001f96f4	READ	1
0x001bb3b5	0x00205974	DATA	0
0x001bb3b6	0x001f9dbc	READ	1
0x001bb3bc	0x001feb4e	DATA	0
0x001bb3bd	0x001ce960	UNCONDITIONAL_CALL	0
0x001bb3c7	0x001bb3dc	CONDITIONAL_JUMP	0
0x001bb3c9	0x001d8ae4	DATA	0
0x001bb3ce	0x001a5514	UNCONDITIONAL_CALL	0
0x001bb3e3	0xStack[0x4]	READ	1
0x001bb3e7	0x001f96f0	READ	1
0x001bb3ed	0x002060f4	DATA	0
0x001bb3ee	0x001f9db8	READ	1
0x001bb3f4	0x001feb80	DATA	0
0x001bb3f5	0x001ce960	UNCONDITIONAL_CALL	0
0x001bb3ff	0x001bb414	CONDITIONAL_JUMP	0
0x001bb401	0x001d8b14	DATA	0
0x001bb406	0x001a5514	UNCONDITIONAL_CALL	0
0x001bb41c	0xStack[0x4]	READ	1
0x001bb41f	0xStack[0x8]	READ	1
0x001bb424	0x001bb43c	CONDITIONAL_JUMP	0
0x001bb426	0x001f9910	READ	1
0x001bb42c	0x00205dd4	DATA	0
0x001bb42e	0x001ce960	UNCONDITIONAL_CALL	0
0x001bb437	0x001bb441	UNCONDITIONAL_JUMP	0
0x001bb441	0xStack[-0x8]	READ	1
0x001bb44b	0xStack[0x4]	READ	1
0x001bb450	0x001bb46c	CONDITIONAL_JUMP	0
0x001bb452	0xStack[0x8]	READ	1
0x001bb456	0x001f96ec	READ	1
0x001bb45c	0x00206194	DATA	0
0x001bb45e	0x001ce960	UNCONDITIONAL_CALL	0
0x001bb47e	0xStack[0x4]	READ	1
0x001bb481	0xStack[0x8]	READ	1
0x001bb484	0xStack[0xc]	READ	1
0x001bb489	0x001bb4d4	CONDITIONAL_JUMP	0
0x001bb48e	0x001f97e0	READ	1
0x001bb494	0x00205b08	DATA	0
0x001bb495	0x001f990c	READ	1
0x001bb49b	0x00205de4	DATA	0
0x001bb49d	0x001ce960	UNCONDITIONAL_CALL	0
0x001bb4a6	0x001ce960	UNCONDITIONAL_CALL	0
0x001bb4b0	0x001f97e0	READ	1
0x001bb4b6	0x00205b08	DATA	0
0x001bb4b7	0x001f990c	READ	1
0x001bb4bd	0x00205de4	DATA	0
0x001bb4bf	0x001ce960	UNCONDITIONAL_CALL	0
0x001bb4c8	0x001ce960	UNCONDITIONAL_CALL	0
0x001bb4d1	0x001bb4d9	UNCONDITIONAL_JUMP	0
0x001bb4d9	0xStack[-0x10]	DATA	0
0x001bb4e8	0xStack[0x4]	READ	1
0x001bb4ed	0x001bb4f8	CONDITIONAL_JUMP	0
0x001bb4f4	0x001bb561	UNCONDITIONAL_JUMP	0
0x001bb4f8	0xStack[0x8]	READ	1
0x001bb4fc	0x001f96e8	READ	1
0x001bb502	0x00206188	DATA	0
0x001bb504	0x001ce960	UNCONDITIONAL_CALL	0
0x001bb50e	0x001bb55c	CONDITIONAL_JUMP	0
0x001bb511	0xStack[0xc]	READ	1
0x001bb517	0x001f97e4	READ	1
0x001bb51d	0x00205ae8	DATA	0
0x001bb51e	0x001f990c	READ	1
0x001bb524	0x00205de4	DATA	0
0x001bb526	0x001ce960	UNCONDITIONAL_CALL	0
0x001bb52f	0x001ce960	UNCONDITIONAL_CALL	0
0x001bb535	0xStack[0x10]	READ	1
0x001bb53b	0x001f97e4	READ	1
0x001bb541	0x00205ae8	DATA	0
0x001bb542	0x001f990c	READ	1
0x001bb548	0x00205de4	DATA	0
0x001bb54a	0x001ce960	UNCONDITIONAL_CALL	0
0x001bb553	0x001ce960	UNCONDITIONAL_CALL	0
0x001bb55a	0x001bb561	UNCONDITIONAL_JUMP	0
0x001bb561	0xStack[-0x8]	READ	1
0x001bb56d	0xStack[0x4]	READ	1
0x001bb570	0xStack[0x8]	READ	1
0x001bb573	0xStack[0xc]	READ	1
0x001bb578	0x001bb57e	CONDITIONAL_JUMP	0
0x001bb57c	0x001bb588	CONDITIONAL_JUMP	0
0x001bb583	0x001bb5c8	UNCONDITIONAL_JUMP	0
0x001bb589	0x001f96e8	READ	1
0x001bb58f	0x00206188	DATA	0
0x001bb591	0x001ce960	UNCONDITIONAL_CALL	0
0x001bb59b	0x001bb5a4	CONDITIONAL_JUMP	0
0x001bb5a2	0x001bb5c8	UNCONDITIONAL_JUMP	0
0x001bb5a7	0x001bb5b8	CONDITIONAL_JUMP	0
0x001bb5af	0x001bb5b8	CONDITIONAL_JUMP	0
0x001bb5b6	0x001bb5c8	UNCONDITIONAL_JUMP	0
0x001bb5b9	0x001f96e4	READ	1
0x001bb5bf	0x0020614c	DATA	0
0x001bb5c1	0x001ce960	UNCONDITIONAL_CALL	0
0x001bb5c8	0xStack[-0xc]	DATA	0
0x001bb5d9	0xStack[0x4]	READ	1
0x001bb5dc	0xStack[0xc]	READ	1
0x001bb5e1	0x001bb5e7	CONDITIONAL_JUMP	0
0x001bb5e5	0x001bb5f0	CONDITIONAL_JUMP	0
0x001bb5ec	0x001bb633	UNCONDITIONAL_JUMP	0
0x001bb5f1	0x001f96e8	READ	1
0x001bb5f7	0x00206188	DATA	0
0x001bb5f9	0x001ce960	UNCONDITIONAL_CALL	0
0x001bb603	0x001bb60c	CONDITIONAL_JUMP	0
0x001bb60a	0x001bb633	UNCONDITIONAL_JUMP	0
0x001bb60c	0xStack[0x14]	READ	1
0x001bb611	0xStack[0x8]	READ	1
0x001bb615	0xStack[0x10]	READ	1
0x001bb619	0x001f96e0	READ	1
0x001bb61f	0x0020615c	DATA	0
0x001bb621	0x001ce960	UNCONDITIONAL_CALL	0
0x001bb62a	0x001bb631	CONDITIONAL_JUMP	0
0x001bb633	0xStack[-0xc]	DATA	0
0x001bb641	0xStack[0x4]	READ	1
0x001bb644	0xStack[0x8]	READ	1
0x001bb647	0xStack[0xc]	READ	1
0x001bb64c	0x001bb67c	CONDITIONAL_JUMP	0
0x001bb651	0x001f97e0	READ	1
0x001bb657	0x00205b08	DATA	0
0x001bb658	0x001f990c	READ	1
0x001bb65e	0x00205de4	DATA	0
0x001bb660	0x001ce960	UNCONDITIONAL_CALL	0
0x001bb669	0x001ce960	UNCONDITIONAL_CALL	0
0x001bb678	0x001bb681	UNCONDITIONAL_JUMP	0
0x001bb681	0xStack[-0xc]	DATA	0
0x001bb690	0xStack[0x4]	READ	1
0x001bb695	0x001bb6a0	CONDITIONAL_JUMP	0
0x001bb69c	0x001bb6f1	UNCONDITIONAL_JUMP	0
0x001bb6a0	0xStack[0x8]	READ	1
0x001bb6a4	0x001f96e8	READ	1
0x001bb6aa	0x00206188	DATA	0
0x001bb6ac	0x001ce960	UNCONDITIONAL_CALL	0
0x001bb6b6	0x001bb6ec	CONDITIONAL_JUMP	0
0x001bb6b9	0xStack[0xc]	READ	0
0x001bb6c8	0x001f97e4	READ	1
0x001bb6ce	0x00205ae8	DATA	0
0x001bb6cf	0x001f990c	READ	1
0x001bb6d5	0x00205de4	DATA	0
0x001bb6d7	0x001ce960	UNCONDITIONAL_CALL	0
0x001bb6e0	0x001ce960	UNCONDITIONAL_CALL	0
0x001bb6e7	0x001bb6f1	UNCONDITIONAL_JUMP	0
0x001bb6f1	0xStack[-0x8]	READ	1
0x001bb6fc	0xStack[0x4]	READ	1
0x001bb701	0x001bb70c	CONDITIONAL_JUMP	0
0x001bb708	0x001bb751	UNCONDITIONAL_JUMP	0
0x001bb70f	0x001f97e0	READ	1
0x001bb715	0x00205b08	DATA	0
0x001bb716	0x001f990c	READ	1
0x001bb71c	0x00205de4	DATA	0
0x001bb71e	0x001ce960	UNCONDITIONAL_CALL	0
0x001bb727	0x001ce960	UNCONDITIONAL_CALL	0
0x001bb731	0x001bb74c	CONDITIONAL_JUMP	0
0x001bb733	0xStack[0xc]	READ	1
0x001bb737	0xStack[0x8]	READ	1
0x001bb73b	0x001f96dc	READ	1
0x001bb741	0x00206138	DATA	0
0x001bb743	0x001ce960	UNCONDITIONAL_CALL	0
0x001bb74a	0x001bb751	UNCONDITIONAL_JUMP	0
0x001bb751	0xStack[-0x8]	READ	1
0x001bb75c	0xStack[0x4]	READ	1
0x001bb75f	0xStack[0x8]	READ	1
0x001bb764	0x001bb77c	CONDITIONAL_JUMP	0
0x001bb766	0x001f96d8	READ	1
0x001bb76c	0x002060d4	DATA	0
0x001bb76e	0x001ce960	UNCONDITIONAL_CALL	0
0x001bb777	0x001bb781	UNCONDITIONAL_JUMP	0
0x001bb781	0xStack[-0x8]	READ	1
0x001bb78e	0xStack[0x4]	READ	1
0x001bb791	0xStack[0x8]	READ	1
0x001bb796	0x001bb7a4	CONDITIONAL_JUMP	0
0x001bb79d	0x001bb83a	UNCONDITIONAL_JUMP	0
0x001bb7aa	0x001f990c	READ	1
0x001bb7b0	0x00205de4	DATA	0
0x001bb7b2	0x001ce960	UNCONDITIONAL_CALL	0
0x001bb7bc	0x001f97e0	READ	1
0x001bb7c2	0x00205b08	DATA	0
0x001bb7c4	0x001ce960	UNCONDITIONAL_CALL	0
0x001bb7ce	0x001bb7d3	CONDITIONAL_JUMP	0
0x001bb7d6	0x001f97e0	READ	1
0x001bb7dc	0x00205b08	DATA	0
0x001bb7de	0x001ce960	UNCONDITIONAL_CALL	0
0x001bb7e8	0x001bb7ed	CONDITIONAL_JUMP	0
0x001bb7f0	0x001f97e0	READ	1
0x001bb7f6	0x00205b08	DATA	0
0x001bb7f8	0x001ce960	UNCONDITIONAL_CALL	0
0x001bb802	0x001bb807	CONDITIONAL_JUMP	0
0x001bb80a	0x001f97e0	READ	1
0x001bb810	0x00205b08	DATA	0
0x001bb812	0x001ce960	UNCONDITIONAL_CALL	0
0x001bb81c	0x001bb821	CONDITIONAL_JUMP	0
0x001bb824	0x001f97e0	READ	1
0x001bb82a	0x00205b08	DATA	0
0x001bb82c	0x001ce960	UNCONDITIONAL_CALL	0
0x001bb833	0x001bb838	CONDITIONAL_JUMP	0
0x001bb83a	0xStack[-0x10]	DATA	0
0x001bb84a	0xStack[0x4]	READ	1
0x001bb84d	0xStack[0xc]	READ	1
0x001bb852	0x001bb860	CONDITIONAL_JUMP	0
0x001bb859	0x001bb948	UNCONDITIONAL_JUMP	0
0x001bb860	0xStack[0x8]	READ	1
0x001bb864	0x001f96e8	READ	1
0x001bb86a	0x00206188	DATA	0
0x001bb86c	0x001ce960	UNCONDITIONAL_CALL	0
0x001bb876	0x001bb884	CONDITIONAL_JUMP	0
0x001bb87d	0x001bb948	UNCONDITIONAL_JUMP	0
0x001bb884	0x001f990c	READ	1
0x001bb88a	0x00205de4	DATA	0
0x001bb88c	0x001ce960	UNCONDITIONAL_CALL	0
0x001bb89c	0x001bb8a4	CONDITIONAL_JUMP	0
0x001bb8a1	0x001bb8a7	UNCONDITIONAL_JUMP	0
0x001bb8a9	0x001f97e4	READ	1
0x001bb8af	0x00205ae8	DATA	0
0x001bb8b1	0x001ce960	UNCONDITIONAL_CALL	0
0x001bb8bf	0x001bb8c8	CONDITIONAL_JUMP	0
0x001bb8c4	0x001bb8cb	UNCONDITIONAL_JUMP	0
0x001bb8cd	0x001f97e4	READ	1
0x001bb8d3	0x00205ae8	DATA	0
0x001bb8d5	0x001ce960	UNCONDITIONAL_CALL	0
0x001bb8e3	0x001bb8ec	CONDITIONAL_JUMP	0
0x001bb8e8	0x001bb8ef	UNCONDITIONAL_JUMP	0
0x001bb8f1	0x001f97e4	READ	1
0x001bb8f7	0x00205ae8	DATA	0
0x001bb8f9	0x001ce960	UNCONDITIONAL_CALL	0
0x001bb907	0x001bb910	CONDITIONAL_JUMP	0
0x001bb90c	0x001bb913	UNCONDITIONAL_JUMP	0
0x001bb915	0x001f97e4	READ	1
0x001bb91b	0x00205ae8	DATA	0
0x001bb91d	0x001ce960	UNCONDITIONAL_CALL	0
0x001bb92b	0x001bb934	CONDITIONAL_JUMP	0
0x001bb930	0x001bb937	UNCONDITIONAL_JUMP	0
0x001bb939	0x001f97e4	READ	1
0x001bb93f	0x00205ae8	DATA	0
0x001bb941	0x001ce960	UNCONDITIONAL_CALL	0
0x001bb948	0xStack[-0x10]	DATA	0
0x001bb95a	0xStack[0x4]	READ	1
0x001bb95d	0xStack[0x8]	READ	1
0x001bb960	0xStack[0xc]	READ	1
0x001bb965	0x001bb9b0	CONDITIONAL_JUMP	0
0x001bb96a	0x001f97e0	READ	1
0x001bb970	0x00205b08	DATA	0
0x001bb971	0x001f990c	READ	1
0x001bb977	0x00205de4	DATA	0
0x001bb979	0x001ce960	UNCONDITIONAL_CALL	0
0x001bb982	0x001ce960	UNCONDITIONAL_CALL	0
0x001bb98c	0x001f97e0	READ	1
0x001bb992	0x00205b08	DATA	0
0x001bb993	0x001f990c	READ	1
0x001bb999	0x00205de4	DATA	0
0x001bb99b	0x001ce960	UNCONDITIONAL_CALL	0
0x001bb9a4	0x001ce960	UNCONDITIONAL_CALL	0
0x001bb9ad	0x001bb9b5	UNCONDITIONAL_JUMP	0
0x001bb9b5	0xStack[-0x10]	DATA	0
0x001bb9c4	0xStack[0x4]	READ	1
0x001bb9c9	0x001bb9d4	CONDITIONAL_JUMP	0
0x001bb9d0	0x001bba3d	UNCONDITIONAL_JUMP	0
0x001bb9d4	0xStack[0x8]	READ	1
0x001bb9d8	0x001f96e8	READ	1
0x001bb9de	0x00206188	DATA	0
0x001bb9e0	0x001ce960	UNCONDITIONAL_CALL	0
0x001bb9ea	0x001bba38	CONDITIONAL_JUMP	0
0x001bb9ed	0xStack[0xc]	READ	1
0x001bb9f3	0x001f97e4	READ	1
0x001bb9f9	0x00205ae8	DATA	0
0x001bb9fa	0x001f990c	READ	1
0x001bba00	0x00205de4	DATA	0
0x001bba02	0x001ce960	UNCONDITIONAL_CALL	0
0x001bba0b	0x001ce960	UNCONDITIONAL_CALL	0
0x001bba11	0xStack[0x10]	READ	1
0x001bba17	0x001f97e4	READ	1
0x001bba1d	0x00205ae8	DATA	0
0x001bba1e	0x001f990c	READ	1
0x001bba24	0x00205de4	DATA	0
0x001bba26	0x001ce960	UNCONDITIONAL_CALL	0
0x001bba2f	0x001ce960	UNCONDITIONAL_CALL	0
0x001bba36	0x001bba3d	UNCONDITIONAL_JUMP	0
0x001bba3d	0xStack[-0x8]	READ	1
0x001bba49	0xStack[0x4]	READ	1
0x001bba4c	0xStack[0xc]	READ	1
0x001bba50	0xStack[0x8]	READ	1
0x001bba59	0x001f97e4	READ	1
0x001bba5f	0x00205ae8	DATA	0
0x001bba60	0x001f990c	READ	1
0x001bba66	0x00205de4	DATA	0
0x001bba67	0x001f97b0	READ	1
0x001bba6d	0x00206008	DATA	0
0x001bba6f	0x001ce960	UNCONDITIONAL_CALL	0
0x001bba78	0x001ce960	UNCONDITIONAL_CALL	0
0x001bba81	0x001ce960	UNCONDITIONAL_CALL	0
0x001bba8d	0x001f97e4	READ	1
0x001bba93	0x00205ae8	DATA	0
0x001bba94	0x001f990c	READ	1
0x001bba9a	0x00205de4	DATA	0
0x001bba9b	0x001f97b0	READ	1
0x001bbaa1	0x00206008	DATA	0
0x001bbaa3	0x001ce960	UNCONDITIONAL_CALL	0
0x001bbaac	0x001ce960	UNCONDITIONAL_CALL	0
0x001bbab5	0x001ce960	UNCONDITIONAL_CALL	0
0x001bbabc	0xStack[-0xc]	DATA	0
0x001bbacb	0xStack[0x4]	READ	1
0x001bbace	0xStack[0x8]	READ	1
0x001bbad3	0x001bbad9	CONDITIONAL_JUMP	0
0x001bbad7	0x001bbae4	CONDITIONAL_JUMP	0
0x001bbae5	0x001f96d4	READ	1
0x001bbaeb	0x00206464	DATA	0
0x001bbaed	0x001ce960	UNCONDITIONAL_CALL	0
0x001bbafe	0xStack[0x4]	READ	1
0x001bbb01	0xStack[0xc]	READ	1
0x001bbb04	0xStack[0x10]	READ	1
0x001bbb09	0x001bbb18	CONDITIONAL_JUMP	0
0x001bbb10	0x001bbbb2	UNCONDITIONAL_JUMP	0
0x001bbb18	0x001f9788	READ	1
0x001bbb1e	0x00206264	DATA	0
0x001bbb20	0x001ce960	UNCONDITIONAL_CALL	0
0x001bbb26	0x001f96e8	READ	1
0x001bbb2c	0x00206188	DATA	0
0x001bbb2d	0x001f97b0	READ	1
0x001bbb33	0x00206008	DATA	0
0x001bbb35	0x001ce960	UNCONDITIONAL_CALL	0
0x001bbb3e	0x001ce960	UNCONDITIONAL_CALL	0
0x001bbb48	0x001bbb54	CONDITIONAL_JUMP	0
0x001bbb4f	0x001bbbb2	UNCONDITIONAL_JUMP	0
0x001bbb54	0xStack[0x8]	READ	0
0x001bbb58	0x001bbb84	CONDITIONAL_JUMP	0
0x001bbb5a	0x001bbb64	CONDITIONAL_JUMP	0
0x001bbb5c	0xStack[0x8]	READ	0
0x001bbb60	0x001bbb7c	CONDITIONAL_JUMP	0
0x001bbb62	0x001bbba8	UNCONDITIONAL_JUMP	0
0x001bbb64	0xStack[0x8]	READ	0
0x001bbb68	0x001bbb74	CONDITIONAL_JUMP	0
0x001bbb6a	0xStack[0x8]	READ	0
0x001bbb6e	0x001bbb98	CONDITIONAL_JUMP	0
0x001bbb70	0x001bbba8	UNCONDITIONAL_JUMP	0
0x001bbb78	0x001bbb88	UNCONDITIONAL_JUMP	0
0x001bbb80	0x001bbb88	UNCONDITIONAL_JUMP	0
0x001bbb88	0x001f971c	READ	1
0x001bbb8e	0x0020649c	DATA	0
0x001bbb90	0x001ce960	UNCONDITIONAL_CALL	0
0x001bbb95	0x001bbbb0	UNCONDITIONAL_JUMP	0
0x001bbb98	0x001f9704	READ	1
0x001bbb9e	0x00206488	DATA	0
0x001bbba0	0x001ce960	UNCONDITIONAL_CALL	0
0x001bbba5	0x001bbbb0	UNCONDITIONAL_JUMP	0
0x001bbbad	0x001bbbb2	UNCONDITIONAL_JUMP	0
0x001bbbb2	0xStack[-0x10]	DATA	0
0x001bbbbf	0xStack[0x4]	READ	1
0x001bbbc4	0x001bbbe4	CONDITIONAL_JUMP	0
0x001bbbc6	0xStack[0xc]	READ	1
0x001bbbca	0xStack[0x8]	READ	1
0x001bbbce	0x001f96d0	READ	1
0x001bbbd4	0x0020644c	DATA	0
0x001bbbd6	0x001ce960	UNCONDITIONAL_CALL	0
0x001bbbf3	0xStack[0x4]	READ	1
0x001bbbf8	0x001bbc20	CONDITIONAL_JUMP	0
0x001bbbfb	0x001f9760	READ	1
0x001bbc01	0x00206108	DATA	0
0x001bbc02	0x001f97b0	READ	1
0x001bbc08	0x00206008	DATA	0
0x001bbc0a	0x001ce960	UNCONDITIONAL_CALL	0
0x001bbc13	0x001ce960	UNCONDITIONAL_CALL	0
0x001bbc38	0xStack[0x4]	READ	1
0x001bbc3b	0xStack[0x8]	READ	1
0x001bbc3e	0xStack[0xc]	READ	1
0x001bbc43	0x001bbc50	CONDITIONAL_JUMP	0
0x001bbc4a	0x001bbd83	UNCONDITIONAL_JUMP	0
0x001bbc50	0x001f9788	READ	1
0x001bbc56	0x00206264	DATA	0
0x001bbc58	0x001ce960	UNCONDITIONAL_CALL	0
0x001bbc5e	0x001f96e8	READ	1
0x001bbc64	0x00206188	DATA	0
0x001bbc65	0x001f97b0	READ	1
0x001bbc6b	0x00206008	DATA	0
0x001bbc6d	0x001ce960	UNCONDITIONAL_CALL	0
0x001bbc76	0x001ce960	UNCONDITIONAL_CALL	0
0x001bbc80	0x001bbc8c	CONDITIONAL_JUMP	0
0x001bbc87	0x001bbd5d	UNCONDITIONAL_JUMP	0
0x001bbc8e	0x001bbd58	CONDITIONAL_JUMP	0
0x001bbc94	0xStack[-0x404]	WRITE	0
0x001bbc9e	0xStack[0x14]	READ	1
0x001bbca1	0xStack[-0x804]	WRITE	0
0x001bbca7	0xStack[-0x400]	WRITE	0
0x001bbcb1	0xStack[0x18]	READ	0
0x001bbcb5	0x001bbcc4	CONDITIONAL_JUMP	0
0x001bbcb7	0xStack[-0x800]	WRITE	0
0x001bbcc1	0x001bbcce	UNCONDITIONAL_JUMP	0
0x001bbcc4	0xStack[-0x800]	WRITE	0
0x001bbcce	0xStack[-0x3fc]	WRITE	0
0x001bbcd8	0xStack[0x24]	READ	1
0x001bbcdb	0xStack[-0x7fc]	WRITE	0
0x001bbce1	0xStack[-0x3f8]	WRITE	0
0x001bbceb	0xStack[0x28]	READ	1
0x001bbcee	0xStack[-0x7f8]	WRITE	0
0x001bbcf7	0xStack[-0x804]	DATA	0
0x001bbcfe	0xStack[-0x404]	DATA	0
0x001bbd05	0x001f96cc	READ	1
0x001bbd0b	0x00205abc	DATA	0
0x001bbd0c	0x001f990c	READ	1
0x001bbd12	0x00205de4	DATA	0
0x001bbd13	0x001f97b0	READ	1
0x001bbd19	0x00206008	DATA	0
0x001bbd1b	0x001ce960	UNCONDITIONAL_CALL	0
0x001bbd24	0x001ce960	UNCONDITIONAL_CALL	0
0x001bbd2d	0x001ce960	UNCONDITIONAL_CALL	0
0x001bbd32	0xStack[0x30]	READ	1
0x001bbd36	0xStack[0x2c]	READ	1
0x001bbd3a	0xStack[0x10]	READ	1
0x001bbd40	0x001f96c8	READ	1
0x001bbd46	0x0020667c	DATA	0
0x001bbd48	0x001ce960	UNCONDITIONAL_CALL	0
0x001bbd52	0x001bbd58	CONDITIONAL_JUMP	0
0x001bbd56	0x001bbd83	UNCONDITIONAL_JUMP	0
0x001bbd5f	0x00159b58	UNCONDITIONAL_CALL	0
0x001bbd65	0x001d0a40	UNCONDITIONAL_CALL	0
0x001bbd6f	0x001bbd81	CONDITIONAL_JUMP	0
0x001bbd72	0x001d86b8	DATA	0
0x001bbd77	0x001d8b44	DATA	0
0x001bbd7c	0x001a5514	UNCONDITIONAL_CALL	0
0x001bbd83	0xStack[-0x810]	DATA	0
0x001bbd93	0xStack[0x4]	READ	1
0x001bbd98	0x001bbde0	CONDITIONAL_JUMP	0
0x001bbd9b	0xStack[0x8]	READ	0
0x001bbdad	0x001f97e4	READ	1
0x001bbdb3	0x00205ae8	DATA	0
0x001bbdb4	0x001f990c	READ	1
0x001bbdba	0x00205de4	DATA	0
0x001bbdbb	0x001f97b0	READ	1
0x001bbdc1	0x00206008	DATA	0
0x001bbdc3	0x001ce960	UNCONDITIONAL_CALL	0
0x001bbdcc	0x001ce960	UNCONDITIONAL_CALL	0
0x001bbdd5	0x001ce960	UNCONDITIONAL_CALL	0
0x001bbdf0	0xStack[0x4]	READ	1
0x001bbdf5	0x001bbe00	CONDITIONAL_JUMP	0
0x001bbdfc	0x001bbe59	UNCONDITIONAL_JUMP	0
0x001bbe06	0x001f97e0	READ	1
0x001bbe0c	0x00205b08	DATA	0
0x001bbe0d	0x001f990c	READ	1
0x001bbe13	0x00205de4	DATA	0
0x001bbe14	0x001f97b0	READ	1
0x001bbe1a	0x00206008	DATA	0
0x001bbe1c	0x001ce960	UNCONDITIONAL_CALL	0
0x001bbe25	0x001ce960	UNCONDITIONAL_CALL	0
0x001bbe2e	0x001ce960	UNCONDITIONAL_CALL	0
0x001bbe38	0x001bbe54	CONDITIONAL_JUMP	0
0x001bbe3a	0xStack[0xc]	READ	1
0x001bbe3e	0xStack[0x8]	READ	1
0x001bbe42	0x001f96dc	READ	1
0x001bbe48	0x00206138	DATA	0
0x001bbe4a	0x001ce960	UNCONDITIONAL_CALL	0
0x001bbe51	0x001bbe59	UNCONDITIONAL_JUMP	0
0x001bbe59	0xStack[-0x8]	READ	1
0x001bbe6b	0xStack[0x4]	READ	1
0x001bbe6e	0xStack[0x8]	READ	1
0x001bbe73	0x001bbe80	CONDITIONAL_JUMP	0
0x001bbe7a	0x001bbf52	UNCONDITIONAL_JUMP	0
0x001bbe80	0x001f9788	READ	1
0x001bbe86	0x00206264	DATA	0
0x001bbe88	0x001ce960	UNCONDITIONAL_CALL	0
0x001bbe8e	0x001f96e8	READ	1
0x001bbe94	0x00206188	DATA	0
0x001bbe95	0x001f97b0	READ	1
0x001bbe9b	0x00206008	DATA	0
0x001bbe9d	0x001ce960	UNCONDITIONAL_CALL	0
0x001bbea6	0x001ce960	UNCONDITIONAL_CALL	0
0x001bbeb0	0x001bbebc	CONDITIONAL_JUMP	0
0x001bbeb7	0x001bbf52	UNCONDITIONAL_JUMP	0
0x001bbebe	0x001bbf46	CONDITIONAL_JUMP	0
0x001bbec4	0xStack[-0x404]	WRITE	0
0x001bbece	0xStack[0x10]	READ	1
0x001bbed1	0xStack[-0x804]	WRITE	0
0x001bbed7	0xStack[-0x400]	WRITE	0
0x001bbee1	0xStack[0x14]	READ	1
0x001bbee4	0xStack[-0x800]	WRITE	0
0x001bbeed	0xStack[-0x804]	DATA	0
0x001bbef4	0xStack[-0x404]	DATA	0
0x001bbefb	0x001f96cc	READ	1
0x001bbf01	0x00205abc	DATA	0
0x001bbf02	0x001f990c	READ	1
0x001bbf08	0x00205de4	DATA	0
0x001bbf09	0x001f97b0	READ	1
0x001bbf0f	0x00206008	DATA	0
0x001bbf11	0x001ce960	UNCONDITIONAL_CALL	0
0x001bbf1a	0x001ce960	UNCONDITIONAL_CALL	0
0x001bbf23	0x001ce960	UNCONDITIONAL_CALL	0
0x001bbf28	0xStack[0x1c]	READ	1
0x001bbf2c	0xStack[0x18]	READ	1
0x001bbf30	0xStack[0xc]	READ	1
0x001bbf35	0x001f96c4	READ	1
0x001bbf3b	0x00206608	DATA	0
0x001bbf3d	0x001ce960	UNCONDITIONAL_CALL	0
0x001bbf44	0x001bbf50	CONDITIONAL_JUMP	0
0x001bbf4b	0x001bbf52	UNCONDITIONAL_JUMP	0
0x001bbf52	0xStack[-0x80c]	DATA	0
0x001bbf65	0xStack[0x4]	READ	1
0x001bbf6a	0x001bbfe9	CONDITIONAL_JUMP	0
0x001bbf6f	0x001f96c0	READ	1
0x001bbf75	0x00205958	DATA	0
0x001bbf76	0x001f9dbc	READ	1
0x001bbf7c	0x001feb4e	DATA	0
0x001bbf7d	0x001ce960	UNCONDITIONAL_CALL	0
0x001bbf87	0x001bbfa4	CONDITIONAL_JUMP	0
0x001bbf8b	0x001f96ec	READ	1
0x001bbf91	0x00206194	DATA	0
0x001bbf93	0x001ce960	UNCONDITIONAL_CALL	0
0x001bbfa0	0x001bbfe5	UNCONDITIONAL_JUMP	0
0x001bbfa5	0x001f96bc	READ	1
0x001bbfab	0x002060e0	DATA	0
0x001bbfac	0x001f9db8	READ	1
0x001bbfb2	0x001feb80	DATA	0
0x001bbfb3	0x001ce960	UNCONDITIONAL_CALL	0
0x001bbfbd	0x001bbfe5	CONDITIONAL_JUMP	0
0x001bbfc0	0x001f9760	READ	1
0x001bbfc6	0x00206108	DATA	0
0x001bbfc7	0x001f97b0	READ	1
0x001bbfcd	0x00206008	DATA	0
0x001bbfcf	0x001ce960	UNCONDITIONAL_CALL	0
0x001bbfd8	0x001ce960	UNCONDITIONAL_CALL	0
0x001bbfe7	0x001bbf6c	CONDITIONAL_JUMP	0
0x001bbfe9	0xStack[-0xc]	DATA	0
0x001bbff7	0xStack[0x4]	READ	1
0x001bbffc	0x001bc008	CONDITIONAL_JUMP	0
0x001bc008	0xStack[0x18]	READ	1
0x001bc00c	0xStack[0x14]	READ	1
0x001bc010	0xStack[0x10]	READ	1
0x001bc014	0xStack[0xc]	READ	1
0x001bc018	0xStack[0x8]	READ	1
0x001bc01c	0x001f96c8	READ	1
0x001bc022	0x0020667c	DATA	0
0x001bc024	0x001ce960	UNCONDITIONAL_CALL	0
0x001bc02b	0x001bc038	CONDITIONAL_JUMP	0
0x001bc043	0xStack[0x4]	READ	1
0x001bc048	0x001bc054	CONDITIONAL_JUMP	0
0x001bc054	0xStack[0x14]	READ	1
0x001bc058	0xStack[0x10]	READ	1
0x001bc05c	0xStack[0xc]	READ	1
0x001bc060	0xStack[0x8]	READ	1
0x001bc064	0x001f96c4	READ	1
0x001bc06a	0x00206608	DATA	0
0x001bc06c	0x001ce960	UNCONDITIONAL_CALL	0
0x001bc073	0x001bc080	CONDITIONAL_JUMP	0
0x001bc08d	0xStack[0x8]	READ	1
0x001bc090	0xStack[0xc]	READ	1
0x001bc093	0xStack[0x4]	READ	0
0x001bc097	0x001bc0e8	CONDITIONAL_JUMP	0
0x001bc09e	0x001f9228	READ	1
0x001bc0a4	0x0020193c	DATA	0
0x001bc0a5	0x001f97c8	READ	1
0x001bc0ab	0x00205904	DATA	0
0x001bc0ac	0x001f9dbc	READ	1
0x001bc0b2	0x001feb4e	DATA	0
0x001bc0b3	0x001ce960	UNCONDITIONAL_CALL	0
0x001bc0bc	0x001ce960	UNCONDITIONAL_CALL	0
0x001bc0c6	0x00101bc0	UNCONDITIONAL_CALL	0
0x001bc0e5	0x001bc0ed	UNCONDITIONAL_JUMP	0
0x001bc0ed	0xStack[-0xc]	DATA	0
0x001bc0fc	0xStack[0x4]	READ	1
0x001bc101	0x001bc10c	CONDITIONAL_JUMP	0
0x001bc108	0x001bc163	UNCONDITIONAL_JUMP	0
0x001bc10c	0xStack[0x8]	READ	1
0x001bc110	0x001f96e8	READ	1
0x001bc116	0x00206188	DATA	0
0x001bc118	0x001ce960	UNCONDITIONAL_CALL	0
0x001bc122	0x001bc12c	CONDITIONAL_JUMP	0
0x001bc129	0x001bc163	UNCONDITIONAL_JUMP	0
0x001bc12d	0xStack[0x10]	READ	1
0x001bc131	0xStack[0x14]	READ	1
0x001bc135	0xStack[0xc]	READ	1
0x001bc139	0x001f96cc	READ	1
0x001bc13f	0x00205abc	DATA	0
0x001bc140	0x001f990c	READ	1
0x001bc146	0x00205de4	DATA	0
0x001bc148	0x001ce960	UNCONDITIONAL_CALL	0
0x001bc151	0x001ce960	UNCONDITIONAL_CALL	0
0x001bc15a	0x001bc161	CONDITIONAL_JUMP	0
0x001bc163	0xStack[-0x8]	READ	1
0x001bc16f	0xStack[0x4]	READ	1
0x001bc174	0x001bc1a8	CONDITIONAL_JUMP	0
0x001bc177	0xStack[0xc]	READ	1
0x001bc17b	0xStack[0x10]	READ	1
0x001bc17f	0xStack[0x8]	READ	1
0x001bc183	0x001f96b8	READ	1
0x001bc189	0x00205a94	DATA	0
0x001bc18a	0x001f990c	READ	1
0x001bc190	0x00205de4	DATA	0
0x001bc192	0x001ce960	UNCONDITIONAL_CALL	0
0x001bc19b	0x001ce960	UNCONDITIONAL_CALL	0
0x001bc1b7	0xStack[0x4]	READ	1
0x001bc1ba	0xStack[0xc]	READ	1
0x001bc1c5	0x001bc1f0	CONDITIONAL_JUMP	0
0x001bc1c9	0xStack[0x8]	READ	1
0x001bc1cd	0x001f96b4	READ	1
0x001bc1d3	0x00205a68	DATA	0
0x001bc1d4	0x001f990c	READ	1
0x001bc1da	0x00205de4	DATA	0
0x001bc1dc	0x001ce960	UNCONDITIONAL_CALL	0
0x001bc1e5	0x001ce960	UNCONDITIONAL_CALL	0
0x001bc1ff	0xStack[0x4]	READ	1
0x001bc202	0xStack[0x10]	READ	1
0x001bc20d	0x001bc218	CONDITIONAL_JUMP	0
0x001bc219	0xStack[0x8]	READ	1
0x001bc21e	0xStack[0xc]	READ	1
0x001bc222	0x001f96b0	READ	1
0x001bc228	0x00205a3c	DATA	0
0x001bc229	0x001f990c	READ	1
0x001bc22f	0x00205de4	DATA	0
0x001bc231	0x001ce960	UNCONDITIONAL_CALL	0
0x001bc23a	0x001ce960	UNCONDITIONAL_CALL	0
0x001bc243	0x001bc24a	CONDITIONAL_JUMP	0
0x001bc256	0xStack[0x4]	READ	1
0x001bc259	0xStack[0x8]	READ	1
0x001bc25c	0xStack[0x18]	READ	1
0x001bc267	0x001bc2d8	CONDITIONAL_JUMP	0
0x001bc269	0x001f96ac	READ	1
0x001bc26f	0x00205698	DATA	0
0x001bc270	0x001f990c	READ	1
0x001bc276	0x00205de4	DATA	0
0x001bc278	0x001ce960	UNCONDITIONAL_CALL	0
0x001bc281	0x001ce960	UNCONDITIONAL_CALL	0
0x001bc28b	0xStack[0x10]	READ	1
0x001bc28f	0xStack[0xc]	READ	1
0x001bc293	0x001f96a8	READ	1
0x001bc299	0x0020567c	DATA	0
0x001bc29a	0x001f990c	READ	1
0x001bc2a0	0x00205de4	DATA	0
0x001bc2a2	0x001ce960	UNCONDITIONAL_CALL	0
0x001bc2ab	0x001ce960	UNCONDITIONAL_CALL	0
0x001bc2b1	0xStack[0x14]	READ	1
0x001bc2b5	0x001f96a4	READ	1
0x001bc2bb	0x00205664	DATA	0
0x001bc2bc	0x001f990c	READ	1
0x001bc2c2	0x00205de4	DATA	0
0x001bc2c4	0x001ce960	UNCONDITIONAL_CALL	0
0x001bc2cd	0x001ce960	UNCONDITIONAL_CALL	0
0x001bc2d4	0x001bc2dd	UNCONDITIONAL_JUMP	0
0x001bc2dd	0xStack[-0x10]	DATA	0
0x001bc2eb	0xStack[0x4]	READ	1
0x001bc2ee	0xStack[0xc]	READ	1
0x001bc2f9	0x001bc324	CONDITIONAL_JUMP	0
0x001bc2fc	0xStack[0x8]	READ	1
0x001bc300	0x001f96a0	READ	1
0x001bc306	0x0020564c	DATA	0
0x001bc307	0x001f990c	READ	1
0x001bc30d	0x00205de4	DATA	0
0x001bc30f	0x001ce960	UNCONDITIONAL_CALL	0
0x001bc318	0x001ce960	UNCONDITIONAL_CALL	0
0x001bc334	0xStack[0x4]	READ	1
0x001bc337	0xStack[0x8]	READ	1
0x001bc342	0x001bc368	CONDITIONAL_JUMP	0
0x001bc344	0x001f969c	READ	1
0x001bc34a	0x00205638	DATA	0
0x001bc34b	0x001f990c	READ	1
0x001bc351	0x00205de4	DATA	0
0x001bc353	0x001ce960	UNCONDITIONAL_CALL	0
0x001bc35c	0x001ce960	UNCONDITIONAL_CALL	0
0x001bc365	0x001bc36d	UNCONDITIONAL_JUMP	0
0x001bc36d	0xStack[-0x8]	READ	1
0x001bc377	0xStack[0x4]	READ	1
0x001bc37c	0x001bc388	CONDITIONAL_JUMP	0
0x001bc389	0xStack[0xc]	READ	1
0x001bc38d	0xStack[0x10]	READ	1
0x001bc391	0xStack[0x8]	READ	1
0x001bc395	0x001f96cc	READ	1
0x001bc39b	0x00205abc	DATA	0
0x001bc39c	0x001f990c	READ	1
0x001bc3a2	0x00205de4	DATA	0
0x001bc3a3	0x001f97b0	READ	1
0x001bc3a9	0x00206008	DATA	0
0x001bc3ab	0x001ce960	UNCONDITIONAL_CALL	0
0x001bc3b4	0x001ce960	UNCONDITIONAL_CALL	0
0x001bc3bd	0x001ce960	UNCONDITIONAL_CALL	0
0x001bc3c6	0x001bc3cd	CONDITIONAL_JUMP	0
0x001bc3d7	0xStack[0x4]	READ	1
0x001bc3dc	0x001bc420	CONDITIONAL_JUMP	0
0x001bc3df	0xStack[0xc]	READ	1
0x001bc3e3	0xStack[0x10]	READ	1
0x001bc3e7	0xStack[0x8]	READ	1
0x001bc3eb	0x001f96b8	READ	1
0x001bc3f1	0x00205a94	DATA	0
0x001bc3f2	0x001f990c	READ	1
0x001bc3f8	0x00205de4	DATA	0
0x001bc3f9	0x001f97b0	READ	1
0x001bc3ff	0x00206008	DATA	0
0x001bc401	0x001ce960	UNCONDITIONAL_CALL	0
0x001bc40a	0x001ce960	UNCONDITIONAL_CALL	0
0x001bc413	0x001ce960	UNCONDITIONAL_CALL	0
0x001bc42f	0xStack[0x4]	READ	1
0x001bc432	0xStack[0xc]	READ	1
0x001bc43d	0x001bc478	CONDITIONAL_JUMP	0
0x001bc441	0xStack[0x8]	READ	1
0x001bc445	0x001f96b4	READ	1
0x001bc44b	0x00205a68	DATA	0
0x001bc44c	0x001f990c	READ	1
0x001bc452	0x00205de4	DATA	0
0x001bc453	0x001f97b0	READ	1
0x001bc459	0x00206008	DATA	0
0x001bc45b	0x001ce960	UNCONDITIONAL_CALL	0
0x001bc464	0x001ce960	UNCONDITIONAL_CALL	0
0x001bc46d	0x001ce960	UNCONDITIONAL_CALL	0
0x001bc487	0xStack[0x4]	READ	1
0x001bc48a	0xStack[0x10]	READ	1
0x001bc495	0x001bc4a0	CONDITIONAL_JUMP	0
0x001bc4a1	0xStack[0x8]	READ	1
0x001bc4a6	0xStack[0xc]	READ	1
0x001bc4aa	0x001f96b0	READ	1
0x001bc4b0	0x00205a3c	DATA	0
0x001bc4b1	0x001f990c	READ	1
0x001bc4b7	0x00205de4	DATA	0
0x001bc4b8	0x001f97b0	READ	1
0x001bc4be	0x00206008	DATA	0
0x001bc4c0	0x001ce960	UNCONDITIONAL_CALL	0
0x001bc4c9	0x001ce960	UNCONDITIONAL_CALL	0
0x001bc4d2	0x001ce960	UNCONDITIONAL_CALL	0
0x001bc4db	0x001bc4e2	CONDITIONAL_JUMP	0
0x001bc4ee	0xStack[0x10]	READ	1
0x001bc4f1	0xStack[-0x18]	WRITE	0
0x001bc4f8	0xStack[-0x14]	WRITE	0
0x001bc4ff	0xStack[-0x10]	WRITE	0
0x001bc506	0xStack[-0xc]	WRITE	0
0x001bc50d	0xStack[-0x8]	WRITE	0
0x001bc519	0xStack[0x18]	READ	1
0x001bc51c	0xStack[-0x2c]	DATA	0
0x001bc51f	0xStack[0x1c]	READ	1
0x001bc522	0xStack[-0x28]	WRITE	0
0x001bc526	0xStack[0xc]	READ	1
0x001bc529	0xStack[-0x24]	WRITE	0
0x001bc530	0x001bc540	CONDITIONAL_JUMP	0
0x001bc532	0x001bc548	CONDITIONAL_JUMP	0
0x001bc537	0x001bc548	CONDITIONAL_JUMP	0
0x001bc53e	0x001bc54d	UNCONDITIONAL_JUMP	0
0x001bc545	0x001bc54d	UNCONDITIONAL_JUMP	0
0x001bc54d	0xStack[-0x20]	WRITE	0
0x001bc550	0xStack[0x14]	READ	1
0x001bc553	0xStack[-0x1c]	WRITE	0
0x001bc559	0xStack[-0x18]	DATA	0
0x001bc55d	0xStack[0x8]	READ	1
0x001bc561	0x001bc374	UNCONDITIONAL_CALL	0
0x001bc575	0xStack[-0x24]	WRITE	0
0x001bc57c	0xStack[-0x28]	WRITE	0
0x001bc583	0xStack[-0x2c]	WRITE	0
0x001bc58a	0xStack[-0x30]	WRITE	0
0x001bc591	0xStack[-0x34]	WRITE	0
0x001bc598	0xStack[-0x38]	WRITE	0
0x001bc59f	0xStack[-0x3c]	WRITE	0
0x001bc5a6	0xStack[0x4]	READ	1
0x001bc5ac	0xStack[-0x40]	WRITE	0
0x001bc5af	0xStack[-0x44]	WRITE	0
0x001bc5b6	0xStack[-0x48]	WRITE	0
0x001bc5bd	0xStack[-0x4c]	WRITE	0
0x001bc5c4	0xStack[-0x50]	WRITE	0
0x001bc5cb	0xStack[-0x54]	WRITE	0
0x001bc5d6	0x001f96f0	READ	1
0x001bc5dc	0x002060f4	DATA	0
0x001bc5dd	0x001f9db8	READ	1
0x001bc5e3	0x001feb80	DATA	0
0x001bc5e4	0x001ce960	UNCONDITIONAL_CALL	0
0x001bc5e9	0xStack[-0x58]	WRITE	0
0x001bc5f3	0x001bc628	CONDITIONAL_JUMP	0
0x001bc5f5	0xStack[-0xc]	DATA	0
0x001bc5f9	0xStack[-0x8]	DATA	0
0x001bc5fd	0xStack[-0x58]	READ	1
0x001bc601	0x001bbbbc	UNCONDITIONAL_CALL	0
0x001bc609	0xStack[-0xc]	READ	1
0x001bc60d	0xStack[-0x8]	READ	1
0x001bc615	0xStack[0x8]	READ	1
0x001bc619	0x001bdcb8	UNCONDITIONAL_CALL	0
0x001bc620	0x001bcac7	UNCONDITIONAL_JUMP	0
0x001bc631	0xStack[-0x10]	WRITE	0
0x001bc636	0x001bc79d	CONDITIONAL_JUMP	0
0x001bc63c	0xStack[-0x10]	READ	1
0x001bc645	0x001bc794	CONDITIONAL_JUMP	0
0x001bc64b	0x001bc66c	COMPUTED_JUMP	-1
0x001bc64b	0x001bc690	COMPUTED_JUMP	-1
0x001bc64b	0x001bc6f0	COMPUTED_JUMP	-1
0x001bc64b	0x001bc6ac	COMPUTED_JUMP	-1
0x001bc64b	0x001bc738	COMPUTED_JUMP	-1
0x001bc64b	0x001bc6c4	COMPUTED_JUMP	-1
0x001bc64b	0x001bc654	DATA	0
0x001bc654	0x001bc66c	DATA	0
0x001bc658	0x001bc690	DATA	0
0x001bc65c	0x001bc6f0	DATA	0
0x001bc660	0x001bc6ac	DATA	0
0x001bc664	0x001bc738	DATA	0
0x001bc668	0x001bc6c4	DATA	0
0x001bc66c	0xStack[-0x10]	READ_WRITE	0
0x001bc673	0xStack[-0x30]	READ	0
0x001bc677	0x001bc686	CONDITIONAL_JUMP	0
0x001bc679	0xStack[-0x34]	READ	0
0x001bc67d	0x001bc686	CONDITIONAL_JUMP	0
0x001bc67f	0xStack[-0x30]	WRITE	0
0x001bc686	0xStack[-0x34]	WRITE	0
0x001bc68d	0x001bc634	UNCONDITIONAL_JUMP	0
0x001bc690	0xStack[-0x10]	READ	1
0x001bc6a2	0xStack[-0x10]	WRITE	0
0x001bc6a7	0x001bc634	UNCONDITIONAL_JUMP	0
0x001bc6ac	0xStack[-0x10]	READ	1
0x001bc6b2	0xStack[-0x10]	WRITE	0
0x001bc6bb	0xStack[-0x28]	READ_WRITE	0
0x001bc6be	0x001bc634	UNCONDITIONAL_JUMP	0
0x001bc6c4	0xStack[-0x10]	READ	1
0x001bc6ca	0xStack[-0x10]	WRITE	0
0x001bc6d3	0xStack[-0x48]	WRITE	0
0x001bc6d9	0xStack[-0x4c]	WRITE	0
0x001bc6df	0xStack[-0x50]	WRITE	0
0x001bc6e2	0xStack[-0x54]	WRITE	0
0x001bc6e9	0x001bc634	UNCONDITIONAL_JUMP	0
0x001bc6f0	0xStack[-0x10]	READ	1
0x001bc6f6	0xStack[-0x10]	WRITE	0
0x001bc6ff	0xStack[-0x38]	WRITE	0
0x001bc705	0xStack[-0x3c]	WRITE	0
0x001bc708	0xStack[-0x18]	DATA	0
0x001bc70c	0xStack[-0x14]	DATA	0
0x001bc710	0x001f97b0	READ	1
0x001bc716	0x00206008	DATA	0
0x001bc717	0xStack[-0x58]	READ	1
0x001bc71b	0x001ce960	UNCONDITIONAL_CALL	0
0x001bc724	0x001bb478	UNCONDITIONAL_CALL	0
0x001bc72c	0xStack[-0x18]	READ	1
0x001bc734	0x001bc770	UNCONDITIONAL_JUMP	0
0x001bc738	0xStack[-0x10]	READ	1
0x001bc73e	0xStack[-0x10]	WRITE	0
0x001bc744	0xStack[-0x18]	DATA	0
0x001bc748	0xStack[-0x14]	DATA	0
0x001bc74c	0x001f97b0	READ	1
0x001bc752	0x00206008	DATA	0
0x001bc753	0xStack[-0x58]	READ	1
0x001bc757	0x001ce960	UNCONDITIONAL_CALL	0
0x001bc760	0x001bb478	UNCONDITIONAL_CALL	0
0x001bc76c	0xStack[-0x14]	READ	1
0x001bc772	0x001f97b0	READ	1
0x001bc778	0x00206008	DATA	0
0x001bc779	0xStack[-0x58]	READ	1
0x001bc77d	0x001ce960	UNCONDITIONAL_CALL	0
0x001bc786	0x001bb4e4	UNCONDITIONAL_CALL	0
0x001bc78e	0x001bc634	UNCONDITIONAL_JUMP	0
0x001bc794	0xStack[-0x30]	WRITE	0
0x001bc79d	0xStack[-0x30]	READ	0
0x001bc7a1	0x001bc834	CONDITIONAL_JUMP	0
0x001bc7a7	0xStack[0x4]	READ	1
0x001bc7b3	0xStack[-0x10]	WRITE	0
0x001bc7b8	0x001bc82c	CONDITIONAL_JUMP	0
0x001bc7ba	0xStack[-0x10]	READ	1
0x001bc7c3	0x001bc7b6	CONDITIONAL_JUMP	0
0x001bc7c5	0x001bc7e4	COMPUTED_JUMP	-1
0x001bc7c5	0x001bc808	COMPUTED_JUMP	-1
0x001bc7c5	0x001bc814	COMPUTED_JUMP	-1
0x001bc7c5	0x001bc820	COMPUTED_JUMP	-1
0x001bc7c5	0x001bc7cc	DATA	0
0x001bc7cc	0x001bc7e4	DATA	0
0x001bc7d0	0x001bc808	DATA	0
0x001bc7d4	0x001bc814	DATA	0
0x001bc7d8	0x001bc820	DATA	0
0x001bc7dc	0x001bc820	DATA	0
0x001bc7e0	0x001bc814	DATA	0
0x001bc7e4	0xStack[-0x10]	READ	1
0x001bc7ea	0xStack[-0x10]	WRITE	0
0x001bc7f8	0x001a9238	UNCONDITIONAL_CALL	0
0x001bc7fe	0x001d0a40	UNCONDITIONAL_CALL	0
0x001bc806	0x001bc7b6	UNCONDITIONAL_JUMP	0
0x001bc808	0xStack[-0x10]	READ_WRITE	0
0x001bc80f	0x001bc7b6	UNCONDITIONAL_JUMP	0
0x001bc814	0xStack[-0x10]	READ_WRITE	0
0x001bc81b	0x001bc7b6	UNCONDITIONAL_JUMP	0
0x001bc820	0xStack[-0x10]	READ_WRITE	0
0x001bc827	0x001bc7b6	UNCONDITIONAL_JUMP	0
0x001bc82c	0xStack[-0x30]	READ	1
0x001bc82f	0x001bcac7	UNCONDITIONAL_JUMP	0
0x001bc834	0xStack[-0x1c]	WRITE	0
0x001bc83b	0xStack[-0x20]	WRITE	0
0x001bc842	0xStack[-0x28]	READ	1
0x001bc848	0x001bc860	CONDITIONAL_JUMP	0
0x001bc84a	0xStack[-0x1c]	READ	1
0x001bc84e	0xStack[-0x20]	READ	1
0x001bc854	0xStack[-0x58]	READ	1
0x001bc858	0x001bbaf8	UNCONDITIONAL_CALL	0
0x001bc860	0xStack[-0x28]	READ	1
0x001bc866	0x001bc87e	CONDITIONAL_JUMP	0
0x001bc868	0xStack[-0x1c]	READ	1
0x001bc86c	0xStack[-0x20]	READ	1
0x001bc872	0xStack[-0x58]	READ	1
0x001bc876	0x001bbaf8	UNCONDITIONAL_CALL	0
0x001bc87e	0xStack[-0x28]	READ	1
0x001bc884	0x001bc89c	CONDITIONAL_JUMP	0
0x001bc886	0xStack[-0x1c]	READ	1
0x001bc88a	0xStack[-0x20]	READ	1
0x001bc890	0xStack[-0x58]	READ	1
0x001bc894	0x001bbaf8	UNCONDITIONAL_CALL	0
0x001bc89c	0xStack[0x4]	READ	1
0x001bc8a8	0xStack[-0x10]	WRITE	0
0x001bc8ad	0x001bcaa0	CONDITIONAL_JUMP	0
0x001bc8b5	0xStack[-0x10]	READ	1
0x001bc8be	0x001bc937	CONDITIONAL_JUMP	0
0x001bc8c0	0x001bc8e0	COMPUTED_JUMP	-1
0x001bc8c0	0x001bc904	COMPUTED_JUMP	-1
0x001bc8c0	0x001bc924	COMPUTED_JUMP	-1
0x001bc8c0	0x001bc930	COMPUTED_JUMP	-1
0x001bc8c0	0x001bc8c8	DATA	0
0x001bc8c8	0x001bc8e0	DATA	0
0x001bc8cc	0x001bc904	DATA	0
0x001bc8d0	0x001bc924	DATA	0
0x001bc8d4	0x001bc930	DATA	0
0x001bc8d8	0x001bc930	DATA	0
0x001bc8dc	0x001bc924	DATA	0
0x001bc8e0	0xStack[-0x10]	READ	1
0x001bc8e6	0xStack[-0x10]	WRITE	0
0x001bc8ef	0xStack[-0x2c]	WRITE	0
0x001bc8f5	0xStack[-0x24]	WRITE	0
0x001bc8fe	0xStack[-0x44]	WRITE	0
0x001bc901	0x001bc937	UNCONDITIONAL_JUMP	0
0x001bc904	0xStack[-0x10]	READ	1
0x001bc90a	0xStack[-0x10]	WRITE	0
0x001bc913	0xStack[-0x2c]	WRITE	0
0x001bc91c	0xStack[-0x44]	WRITE	0
0x001bc91f	0x001bc937	UNCONDITIONAL_JUMP	0
0x001bc924	0xStack[-0x10]	READ_WRITE	0
0x001bc92b	0x001bc937	UNCONDITIONAL_JUMP	0
0x001bc930	0xStack[-0x10]	READ_WRITE	0
0x001bc939	0x001bc8ab	CONDITIONAL_JUMP	0
0x001bc941	0xStack[-0x2c]	READ	1
0x001bc947	0x001bc94a	CONDITIONAL_JUMP	0
0x001bc94a	0xStack[-0x34]	READ	0
0x001bc94e	0x001bc95b	CONDITIONAL_JUMP	0
0x001bc950	0xStack[-0x2c]	READ	1
0x001bc956	0x001bc95b	CONDITIONAL_JUMP	0
0x001bc95b	0xStack[-0x2c]	READ	1
0x001bc961	0x001bc966	CONDITIONAL_JUMP	0
0x001bc966	0xStack[-0x2c]	READ	1
0x001bc96c	0x001bc971	CONDITIONAL_JUMP	0
0x001bc971	0xStack[-0x2c]	READ	1
0x001bc977	0x001bc97c	CONDITIONAL_JUMP	0
0x001bc97c	0xStack[-0x2c]	READ	1
0x001bc982	0x001bc987	CONDITIONAL_JUMP	0
0x001bc987	0xStack[-0x34]	READ	0
0x001bc98b	0x001bca38	CONDITIONAL_JUMP	0
0x001bc991	0xStack[-0x54]	READ	0
0x001bc995	0x001bc9d8	CONDITIONAL_JUMP	0
0x001bc997	0xStack[-0x38]	READ	1
0x001bc99b	0xStack[-0x3c]	READ	1
0x001bc99f	0xStack[-0x50]	READ	1
0x001bc9a3	0xStack[-0x4c]	READ	1
0x001bc9a7	0xStack[-0x48]	READ	1
0x001bc9ab	0xStack[-0x58]	READ	1
0x001bc9b1	0x001bc4e8	UNCONDITIONAL_CALL	0
0x001bc9b7	0xStack[-0x44]	READ	1
0x001bc9bb	0xStack[-0x40]	READ	1
0x001bc9c0	0xStack[-0x24]	READ	1
0x001bc9c4	0xStack[-0x58]	READ	1
0x001bc9c8	0x001bbff4	UNCONDITIONAL_CALL	0
0x001bc9d0	0x001bc8ab	UNCONDITIONAL_JUMP	0
0x001bc9d8	0x001f9764	READ	1
0x001bc9de	0x0020632c	DATA	0
0x001bc9df	0xStack[-0x58]	READ	1
0x001bc9e3	0x001ce960	UNCONDITIONAL_CALL	0
0x001bc9eb	0xStack[-0x48]	WRITE	0
0x001bc9f5	0x001bc9fe	CONDITIONAL_JUMP	0
0x001bc9f7	0xStack[-0x48]	WRITE	0
0x001bc9ff	0xStack[-0x44]	READ	1
0x001bca03	0xStack[-0x38]	READ	1
0x001bca07	0xStack[-0x3c]	READ	1
0x001bca15	0xStack[-0x48]	READ	1
0x001bca1b	0xStack[-0x40]	READ	1
0x001bca20	0xStack[-0x24]	READ	1
0x001bca24	0xStack[-0x58]	READ	1
0x001bca28	0x001bbc2c	UNCONDITIONAL_CALL	0
0x001bca30	0x001bc8ab	UNCONDITIONAL_JUMP	0
0x001bca38	0xStack[-0x54]	READ	0
0x001bca3c	0x001bca7c	CONDITIONAL_JUMP	0
0x001bca3e	0xStack[-0x38]	READ	1
0x001bca42	0xStack[-0x3c]	READ	1
0x001bca46	0xStack[-0x50]	READ	1
0x001bca4a	0xStack[-0x4c]	READ	1
0x001bca4e	0xStack[-0x48]	READ	1
0x001bca52	0xStack[-0x58]	READ	1
0x001bca56	0xStack[-0x34]	READ	1
0x001bca5a	0x001bc4e8	UNCONDITIONAL_CALL	0
0x001bca60	0xStack[-0x44]	READ	1
0x001bca64	0xStack[-0x40]	READ	1
0x001bca69	0xStack[-0x58]	READ	1
0x001bca6d	0x001bc040	UNCONDITIONAL_CALL	0
0x001bca75	0x001bc8ab	UNCONDITIONAL_JUMP	0
0x001bca7d	0xStack[-0x44]	READ	1
0x001bca81	0xStack[-0x38]	READ	1
0x001bca85	0xStack[-0x3c]	READ	1
0x001bca89	0xStack[-0x40]	READ	1
0x001bca8e	0xStack[-0x58]	READ	1
0x001bca92	0x001bbe60	UNCONDITIONAL_CALL	0
0x001bca9a	0x001bc8ab	UNCONDITIONAL_JUMP	0
0x001bcaa0	0xStack[-0x28]	READ	1
0x001bcaa6	0x001bcabb	CONDITIONAL_JUMP	0
0x001bcaa8	0xStack[-0x1c]	READ	1
0x001bcaac	0xStack[-0x20]	READ	1
0x001bcab2	0xStack[-0x58]	READ	1
0x001bcab6	0x001bbaf8	UNCONDITIONAL_CALL	0
0x001bcabb	0xStack[-0x30]	READ	1
0x001bcac0	0x001bcac7	CONDITIONAL_JUMP	0
0x001bcac7	0xStack[-0x64]	DATA	0
0x001bcae0	0xStack[0x4]	READ	1
0x001bcae3	0xStack[-0x43c]	WRITE	0
0x001bcaed	0xStack[-0x14]	WRITE	0
0x001bcaf4	0xStack[-0x440]	WRITE	0
0x001bcafe	0xStack[-0x8]	WRITE	0
0x001bcb05	0xStack[-0xc]	WRITE	0
0x001bcb15	0x001bd2fc	CONDITIONAL_JUMP	0
0x001bcb1b	0x001bcb68	COMPUTED_JUMP	-1
0x001bcb1b	0x001bcc44	COMPUTED_JUMP	-1
0x001bcb1b	0x001bccb0	COMPUTED_JUMP	-1
0x001bcb1b	0x001bcd2c	COMPUTED_JUMP	-1
0x001bcb1b	0x001bcd8c	COMPUTED_JUMP	-1
0x001bcb1b	0x001bd2f4	COMPUTED_JUMP	-1
0x001bcb1b	0x001bd1a0	COMPUTED_JUMP	-1
0x001bcb1b	0x001bd1e4	COMPUTED_JUMP	-1
0x001bcb1b	0x001bd28c	COMPUTED_JUMP	-1
0x001bcb1b	0x001bd2b4	COMPUTED_JUMP	-1
0x001bcb1b	0x001bd13c	COMPUTED_JUMP	-1
0x001bcb1b	0x001bce04	COMPUTED_JUMP	-1
0x001bcb1b	0x001bcf84	COMPUTED_JUMP	-1
0x001bcb1b	0x001bcb24	DATA	0
0x001bcb24	0x001bcb68	DATA	0
0x001bcb28	0x001bcc44	DATA	0
0x001bcb2c	0x001bccb0	DATA	0
0x001bcb30	0x001bcd2c	DATA	0
0x001bcb34	0x001bcd8c	DATA	0
0x001bcb38	0x001bd2f4	DATA	0
0x001bcb3c	0x001bd1a0	DATA	0
0x001bcb40	0x001bd1a0	DATA	0
0x001bcb44	0x001bd2f4	DATA	0
0x001bcb48	0x001bd2f4	DATA	0
0x001bcb4c	0x001bd1e4	DATA	0
0x001bcb50	0x001bd2f4	DATA	0
0x001bcb54	0x001bd28c	DATA	0
0x001bcb58	0x001bd2b4	DATA	0
0x001bcb5c	0x001bd13c	DATA	0
0x001bcb60	0x001bce04	DATA	0
0x001bcb64	0x001bcf84	DATA	0
0x001bcb6c	0x001bd2ba	CONDITIONAL_JUMP	0
0x001bcb7b	0x001bcbb8	CONDITIONAL_JUMP	0
0x001bcb81	0x001f9698	READ	1
0x001bcb87	0x0020593c	DATA	0
0x001bcb88	0x001f9dbc	READ	1
0x001bcb8e	0x001feb4e	DATA	0
0x001bcb8f	0x001ce960	UNCONDITIONAL_CALL	0
0x001bcb9a	0x001f9694	READ	1
0x001bcba0	0x002061bc	DATA	0
0x001bcba2	0x001ce960	UNCONDITIONAL_CALL	0
0x001bcba7	0xStack[-0x10]	WRITE	0
0x001bcbaf	0x001bcc22	CONDITIONAL_JUMP	0
0x001bcbb3	0x001bcc0f	UNCONDITIONAL_JUMP	0
0x001bcbb8	0xStack[-0x440]	WRITE	0
0x001bcbc8	0x001bcbd4	CONDITIONAL_JUMP	0
0x001bcbca	0xStack[-0x440]	WRITE	0
0x001bcbd8	0x001f9690	READ	1
0x001bcbde	0x00205920	DATA	0
0x001bcbdf	0x001f9dbc	READ	1
0x001bcbe5	0x001feb4e	DATA	0
0x001bcbe6	0x001ce960	UNCONDITIONAL_CALL	0
0x001bcbf1	0x001f9694	READ	1
0x001bcbf7	0x002061bc	DATA	0
0x001bcbf9	0x001ce960	UNCONDITIONAL_CALL	0
0x001bcbfe	0xStack[-0x10]	WRITE	0
0x001bcc06	0x001bcc22	CONDITIONAL_JUMP	0
0x001bcc08	0xStack[-0x440]	READ	1
0x001bcc15	0xStack[-0x10]	DATA	0
0x001bcc1a	0x001bb5d4	UNCONDITIONAL_CALL	0
0x001bcc22	0xStack[-0x10]	READ	1
0x001bcc2a	0xStack[0x8]	READ	1
0x001bcc2e	0x001bdbac	UNCONDITIONAL_CALL	0
0x001bcc33	0xStack[-0x43c]	WRITE	0
0x001bcc3d	0x001bd2fc	UNCONDITIONAL_JUMP	0
0x001bcc48	0x001bd2ba	CONDITIONAL_JUMP	0
0x001bcc52	0x001f9690	READ	1
0x001bcc58	0x00205920	DATA	0
0x001bcc59	0x001f9dbc	READ	1
0x001bcc5f	0x001feb4e	DATA	0
0x001bcc60	0x001ce960	UNCONDITIONAL_CALL	0
0x001bcc67	0xStack[-0x14]	DATA	0
0x001bcc6c	0x001bb788	UNCONDITIONAL_CALL	0
0x001bcc78	0x001bcc80	CONDITIONAL_JUMP	0
0x001bcc7a	0xStack[-0x14]	READ_WRITE	0
0x001bcc7e	0x001bcc84	UNCONDITIONAL_JUMP	0
0x001bcc80	0xStack[-0x14]	READ_WRITE	0
0x001bcc88	0x001bcc90	CONDITIONAL_JUMP	0
0x001bcc8a	0xStack[-0x14]	READ_WRITE	0
0x001bcc8e	0x001bcc94	UNCONDITIONAL_JUMP	0
0x001bcc90	0xStack[-0x14]	READ_WRITE	0
0x001bcc98	0x001bcca4	CONDITIONAL_JUMP	0
0x001bcc9a	0xStack[-0x14]	READ_WRITE	0
0x001bcc9e	0x001bd18c	UNCONDITIONAL_JUMP	0
0x001bcca4	0xStack[-0x14]	READ_WRITE	0
0x001bcca8	0x001bd18c	UNCONDITIONAL_JUMP	0
0x001bccb4	0x001bd2ba	CONDITIONAL_JUMP	0
0x001bccbe	0x001f9690	READ	1
0x001bccc4	0x00205920	DATA	0
0x001bccc5	0x001f9dbc	READ	1
0x001bcccb	0x001feb4e	DATA	0
0x001bcccc	0x001ce960	UNCONDITIONAL_CALL	0
0x001bccd3	0xStack[-0x14]	DATA	0
0x001bccd8	0x001bb788	UNCONDITIONAL_CALL	0
0x001bcce0	0xStack[-0x14]	READ	1
0x001bcce6	0x001bccef	CONDITIONAL_JUMP	0
0x001bcce8	0xStack[-0x440]	READ_WRITE	0
0x001bccf2	0x001bccfb	CONDITIONAL_JUMP	0
0x001bccf4	0xStack[-0x440]	READ_WRITE	0
0x001bccfe	0x001bcd07	CONDITIONAL_JUMP	0
0x001bcd00	0xStack[-0x440]	READ_WRITE	0
0x001bcd07	0xStack[-0x440]	READ	1
0x001bcd12	0xStack[0x8]	READ	1
0x001bcd16	0x001bde2c	UNCONDITIONAL_CALL	0
0x001bcd1b	0xStack[-0x43c]	WRITE	0
0x001bcd25	0x001bd2fc	UNCONDITIONAL_JUMP	0
0x001bcd30	0x001bd2ba	CONDITIONAL_JUMP	0
0x001bcd3d	0xStack[-0x18]	WRITE	0
0x001bcd46	0xStack[-0x1c]	WRITE	0
0x001bcd50	0xStack[-0x18]	WRITE	0
0x001bcd5a	0xStack[-0x1c]	WRITE	0
0x001bcd61	0x001f9690	READ	1
0x001bcd67	0x00205920	DATA	0
0x001bcd68	0x001f9dbc	READ	1
0x001bcd6e	0x001feb4e	DATA	0
0x001bcd6f	0x001ce960	UNCONDITIONAL_CALL	0
0x001bcd76	0xStack[-0x1c]	READ	1
0x001bcd7a	0xStack[-0x18]	READ	1
0x001bcd81	0x001bb9c0	UNCONDITIONAL_CALL	0
0x001bcd86	0x001bd2fc	UNCONDITIONAL_JUMP	0
0x001bcd90	0x001bd2ba	CONDITIONAL_JUMP	0
0x001bcd9a	0x001f9690	READ	1
0x001bcda0	0x00205920	DATA	0
0x001bcda1	0x001f9dbc	READ	1
0x001bcda7	0x001feb4e	DATA	0
0x001bcda8	0x001ce960	UNCONDITIONAL_CALL	0
0x001bcdaf	0xStack[-0x1c]	DATA	0
0x001bcdb3	0xStack[-0x18]	DATA	0
0x001bcdb8	0x001bb954	UNCONDITIONAL_CALL	0
0x001bcdc0	0xStack[-0x18]	READ	1
0x001bcdc6	0xStack[-0x18]	READ	1
0x001bcdce	0xStack[-0x18]	WRITE	0
0x001bcdd1	0xStack[-0x1c]	READ	1
0x001bcdd7	0xStack[-0x1c]	READ	1
0x001bcddf	0xStack[-0x1c]	WRITE	0
0x001bcdec	0xStack[0x8]	READ	1
0x001bcdf0	0x001bde60	UNCONDITIONAL_CALL	0
0x001bcdf5	0xStack[-0x43c]	WRITE	0
0x001bcdff	0x001bd2fc	UNCONDITIONAL_JUMP	0
0x001bce08	0x001bd2ba	CONDITIONAL_JUMP	0
0x001bce12	0x001f9690	READ	1
0x001bce18	0x00205920	DATA	0
0x001bce19	0x001f9dbc	READ	1
0x001bce1f	0x001feb4e	DATA	0
0x001bce20	0x001ce960	UNCONDITIONAL_CALL	0
0x001bce27	0xStack[-0x24]	DATA	0
0x001bce2a	0xStack[-0x28]	DATA	0
0x001bce2d	0xStack[-0x30]	DATA	0
0x001bce30	0xStack[-0x440]	WRITE	0
0x001bce39	0xStack[-0x438]	DATA	0
0x001bce40	0xStack[-0x430]	DATA	0
0x001bce49	0xStack[-0x434]	DATA	0
0x001bce51	0x001bc250	UNCONDITIONAL_CALL	0
0x001bce59	0xStack[-0x20]	WRITE	0
0x001bce60	0xStack[-0x434]	READ	0
0x001bce67	0x001bce70	CONDITIONAL_JUMP	0
0x001bce69	0xStack[-0x20]	WRITE	0
0x001bce72	0xStack[-0x438]	READ	0
0x001bce78	0x001bcf0d	CONDITIONAL_JUMP	0
0x001bce80	0xStack[-0x42c]	DATA	1
0x001bce90	0x001bce98	CONDITIONAL_JUMP	0
0x001bce92	0xStack[-0x20]	READ_WRITE	0
0x001bce96	0x001bcf00	UNCONDITIONAL_JUMP	0
0x001bce9e	0x001bcee4	CONDITIONAL_JUMP	0
0x001bcea0	0x001bceb4	CONDITIONAL_JUMP	0
0x001bcea8	0x001bced4	CONDITIONAL_JUMP	0
0x001bceb0	0x001bcedc	CONDITIONAL_JUMP	0
0x001bceb2	0x001bcf00	UNCONDITIONAL_JUMP	0
0x001bceba	0x001bcef4	CONDITIONAL_JUMP	0
0x001bcebc	0x001bcec8	CONDITIONAL_JUMP	0
0x001bcec4	0x001bceec	CONDITIONAL_JUMP	0
0x001bcec6	0x001bcf00	UNCONDITIONAL_JUMP	0
0x001bcece	0x001bcefc	CONDITIONAL_JUMP	0
0x001bced0	0x001bcf00	UNCONDITIONAL_JUMP	0
0x001bced4	0xStack[-0x20]	READ_WRITE	0
0x001bced8	0x001bcf00	UNCONDITIONAL_JUMP	0
0x001bcedc	0xStack[-0x20]	READ_WRITE	0
0x001bcee0	0x001bcf00	UNCONDITIONAL_JUMP	0
0x001bcee4	0xStack[-0x20]	READ_WRITE	0
0x001bcee8	0x001bcf00	UNCONDITIONAL_JUMP	0
0x001bceec	0xStack[-0x20]	READ_WRITE	0
0x001bcef0	0x001bcf00	UNCONDITIONAL_JUMP	0
0x001bcef4	0xStack[-0x20]	READ_WRITE	0
0x001bcef8	0x001bcf00	UNCONDITIONAL_JUMP	0
0x001bcefc	0xStack[-0x20]	READ_WRITE	0
0x001bcf01	0xStack[-0x438]	READ	0
0x001bcf07	0x001bce80	CONDITIONAL_JUMP	0
0x001bcf0d	0xStack[-0x438]	DATA	0
0x001bcf14	0xStack[-0x430]	DATA	0
0x001bcf1c	0x001bc2e8	UNCONDITIONAL_CALL	0
0x001bcf24	0xStack[-0x2c]	WRITE	0
0x001bcf2d	0xStack[-0x438]	READ	1
0x001bcf35	0x001bd0f9	CONDITIONAL_JUMP	0
0x001bcf40	0xStack[-0x42c]	DATA	1
0x001bcf4d	0x001bcf6c	CONDITIONAL_JUMP	0
0x001bcf4f	0x001bcf5c	CONDITIONAL_JUMP	0
0x001bcf57	0x001bcf74	CONDITIONAL_JUMP	0
0x001bcf59	0x001bcf78	UNCONDITIONAL_JUMP	0
0x001bcf62	0x001bcf78	CONDITIONAL_JUMP	0
0x001bcf64	0xStack[-0x2c]	READ_WRITE	0
0x001bcf68	0x001bcf78	UNCONDITIONAL_JUMP	0
0x001bcf6c	0xStack[-0x2c]	READ_WRITE	0
0x001bcf70	0x001bcf78	UNCONDITIONAL_JUMP	0
0x001bcf74	0xStack[-0x2c]	READ_WRITE	0
0x001bcf7b	0x001bcf40	CONDITIONAL_JUMP	0
0x001bcf7d	0x001bd0f9	UNCONDITIONAL_JUMP	0
0x001bcf88	0x001bd2ba	CONDITIONAL_JUMP	0
0x001bcf92	0x001f9698	READ	1
0x001bcf98	0x0020593c	DATA	0
0x001bcf99	0x001f9dbc	READ	1
0x001bcf9f	0x001feb4e	DATA	0
0x001bcfa0	0x001ce960	UNCONDITIONAL_CALL	0
0x001bcfa7	0xStack[-0x24]	DATA	0
0x001bcfaa	0xStack[-0x28]	DATA	0
0x001bcfad	0xStack[-0x30]	DATA	0
0x001bcfb0	0xStack[-0x440]	WRITE	0
0x001bcfb9	0xStack[-0x438]	DATA	0
0x001bcfc0	0xStack[-0x430]	DATA	0
0x001bcfc9	0xStack[-0x434]	DATA	0
0x001bcfd1	0x001bc250	UNCONDITIONAL_CALL	0
0x001bcfd9	0xStack[-0x20]	WRITE	0
0x001bcfe0	0xStack[-0x434]	READ	0
0x001bcfe7	0x001bcff0	CONDITIONAL_JUMP	0
0x001bcfe9	0xStack[-0x20]	WRITE	0
0x001bcff2	0xStack[-0x438]	READ	0
0x001bcff8	0x001bd08d	CONDITIONAL_JUMP	0
0x001bd000	0xStack[-0x42c]	DATA	1
0x001bd010	0x001bd018	CONDITIONAL_JUMP	0
0x001bd012	0xStack[-0x20]	READ_WRITE	0
0x001bd016	0x001bd080	UNCONDITIONAL_JUMP	0
0x001bd01e	0x001bd064	CONDITIONAL_JUMP	0
0x001bd020	0x001bd034	CONDITIONAL_JUMP	0
0x001bd028	0x001bd054	CONDITIONAL_JUMP	0
0x001bd030	0x001bd05c	CONDITIONAL_JUMP	0
0x001bd032	0x001bd080	UNCONDITIONAL_JUMP	0
0x001bd03a	0x001bd074	CONDITIONAL_JUMP	0
0x001bd03c	0x001bd048	CONDITIONAL_JUMP	0
0x001bd044	0x001bd06c	CONDITIONAL_JUMP	0
0x001bd046	0x001bd080	UNCONDITIONAL_JUMP	0
0x001bd04e	0x001bd07c	CONDITIONAL_JUMP	0
0x001bd050	0x001bd080	UNCONDITIONAL_JUMP	0
0x001bd054	0xStack[-0x20]	READ_WRITE	0
0x001bd058	0x001bd080	UNCONDITIONAL_JUMP	0
0x001bd05c	0xStack[-0x20]	READ_WRITE	0
0x001bd060	0x001bd080	UNCONDITIONAL_JUMP	0
0x001bd064	0xStack[-0x20]	READ_WRITE	0
0x001bd068	0x001bd080	UNCONDITIONAL_JUMP	0
0x001bd06c	0xStack[-0x20]	READ_WRITE	0
0x001bd070	0x001bd080	UNCONDITIONAL_JUMP	0
0x001bd074	0xStack[-0x20]	READ_WRITE	0
0x001bd078	0x001bd080	UNCONDITIONAL_JUMP	0
0x001bd07c	0xStack[-0x20]	READ_WRITE	0
0x001bd081	0xStack[-0x438]	READ	0
0x001bd087	0x001bd000	CONDITIONAL_JUMP	0
0x001bd08d	0xStack[-0x438]	DATA	0
0x001bd094	0xStack[-0x430]	DATA	0
0x001bd09c	0x001bc2e8	UNCONDITIONAL_CALL	0
0x001bd0a4	0xStack[-0x2c]	WRITE	0
0x001bd0ad	0xStack[-0x438]	READ	1
0x001bd0b5	0x001bd0f9	CONDITIONAL_JUMP	0
0x001bd0bc	0xStack[-0x42c]	DATA	1
0x001bd0c9	0x001bd0e8	CONDITIONAL_JUMP	0
0x001bd0cb	0x001bd0d8	CONDITIONAL_JUMP	0
0x001bd0d3	0x001bd0f0	CONDITIONAL_JUMP	0
0x001bd0d5	0x001bd0f4	UNCONDITIONAL_JUMP	0
0x001bd0de	0x001bd0f4	CONDITIONAL_JUMP	0
0x001bd0e0	0xStack[-0x2c]	READ_WRITE	0
0x001bd0e4	0x001bd0f4	UNCONDITIONAL_JUMP	0
0x001bd0e8	0xStack[-0x2c]	READ_WRITE	0
0x001bd0ec	0x001bd0f4	UNCONDITIONAL_JUMP	0
0x001bd0f0	0xStack[-0x2c]	READ_WRITE	0
0x001bd0f7	0x001bd0bc	CONDITIONAL_JUMP	0
0x001bd0f9	0xStack[-0x440]	READ	1
0x001bd101	0x001bc330	UNCONDITIONAL_CALL	0
0x001bd109	0xStack[-0x30]	DATA	0
0x001bd10d	0xStack[-0x2c]	READ	1
0x001bd111	0xStack[-0x28]	READ	1
0x001bd115	0xStack[-0x24]	READ	1
0x001bd119	0xStack[-0x20]	READ	1
0x001bd121	0xStack[0x8]	READ	1
0x001bd125	0x001bde94	UNCONDITIONAL_CALL	0
0x001bd12a	0xStack[-0x43c]	WRITE	0
0x001bd134	0x001bd2fc	UNCONDITIONAL_JUMP	0
0x001bd140	0x001bd2ba	CONDITIONAL_JUMP	0
0x001bd14a	0x001f9690	READ	1
0x001bd150	0x00205920	DATA	0
0x001bd151	0x001f9dbc	READ	1
0x001bd157	0x001feb4e	DATA	0
0x001bd158	0x001ce960	UNCONDITIONAL_CALL	0
0x001bd15f	0xStack[-0x14]	DATA	0
0x001bd164	0x001bb788	UNCONDITIONAL_CALL	0
0x001bd170	0x001bd178	CONDITIONAL_JUMP	0
0x001bd172	0xStack[-0x14]	READ_WRITE	0
0x001bd176	0x001bd17c	UNCONDITIONAL_JUMP	0
0x001bd178	0xStack[-0x14]	READ_WRITE	0
0x001bd180	0x001bd188	CONDITIONAL_JUMP	0
0x001bd182	0xStack[-0x14]	READ_WRITE	0
0x001bd186	0x001bd18c	UNCONDITIONAL_JUMP	0
0x001bd188	0xStack[-0x14]	READ_WRITE	0
0x001bd18c	0xStack[-0x14]	READ	1
0x001bd193	0x001bb844	UNCONDITIONAL_CALL	0
0x001bd198	0x001bd2fc	UNCONDITIONAL_JUMP	0
0x001bd1a4	0x001bd2ba	CONDITIONAL_JUMP	0
0x001bd1ae	0x001f96bc	READ	1
0x001bd1b4	0x002060e0	DATA	0
0x001bd1b5	0x001f9db8	READ	1
0x001bd1bb	0x001feb80	DATA	0
0x001bd1bc	0x001ce960	UNCONDITIONAL_CALL	0
0x001bd1c6	0x001bd2fc	CONDITIONAL_JUMP	0
0x001bd1cc	0xStack[-0x8]	READ	1
0x001bd1cf	0xStack[-0xc]	READ	1
0x001bd1d7	0x001bbaf8	UNCONDITIONAL_CALL	0
0x001bd1dc	0x001bd2fc	UNCONDITIONAL_JUMP	0
0x001bd1e8	0x001bd2ba	CONDITIONAL_JUMP	0
0x001bd1f2	0x001f9690	READ	1
0x001bd1f8	0x00205920	DATA	0
0x001bd1f9	0x001f9dbc	READ	1
0x001bd1ff	0x001feb4e	DATA	0
0x001bd200	0x001ce960	UNCONDITIONAL_CALL	0
0x001bd20b	0x001f990c	READ	1
0x001bd211	0x00205de4	DATA	0
0x001bd213	0x001ce960	UNCONDITIONAL_CALL	0
0x001bd21c	0x001bad9c	UNCONDITIONAL_CALL	0
0x001bd221	0xStack[-0x440]	WRITE	0
0x001bd22c	0x001bd238	CONDITIONAL_JUMP	0
0x001bd233	0x001bd302	UNCONDITIONAL_JUMP	0
0x001bd238	0x001f968c	READ	1
0x001bd23e	0x002061a8	DATA	0
0x001bd240	0x001ce960	UNCONDITIONAL_CALL	0
0x001bd249	0x001f9698	READ	1
0x001bd24f	0x0020593c	DATA	0
0x001bd250	0x001f9dbc	READ	1
0x001bd256	0x001feb4e	DATA	0
0x001bd257	0x001ce960	UNCONDITIONAL_CALL	0
0x001bd25e	0x001f968c	READ	1
0x001bd264	0x002061a8	DATA	0
0x001bd266	0x001ce960	UNCONDITIONAL_CALL	0
0x001bd26b	0xStack[-0x440]	READ	1
0x001bd276	0xStack[0x8]	READ	1
0x001bd27a	0x001bdb8c	UNCONDITIONAL_CALL	0
0x001bd27f	0xStack[-0x43c]	WRITE	0
0x001bd289	0x001bd2fc	UNCONDITIONAL_JUMP	0
0x001bd290	0x001bd2ba	CONDITIONAL_JUMP	0
0x001bd296	0x001f96bc	READ	1
0x001bd29c	0x002060e0	DATA	0
0x001bd29d	0x001f9db8	READ	1
0x001bd2a3	0x001feb80	DATA	0
0x001bd2a4	0x001ce960	UNCONDITIONAL_CALL	0
0x001bd2ae	0x001bd2e2	CONDITIONAL_JUMP	0
0x001bd2b0	0x001bd2ec	UNCONDITIONAL_JUMP	0
0x001bd2b8	0x001bd2c4	CONDITIONAL_JUMP	0
0x001bd2bf	0x001bd302	UNCONDITIONAL_JUMP	0
0x001bd2c8	0x001f96bc	READ	1
0x001bd2ce	0x002060e0	DATA	0
0x001bd2cf	0x001f9db8	READ	1
0x001bd2d5	0x001feb80	DATA	0
0x001bd2d6	0x001ce960	UNCONDITIONAL_CALL	0
0x001bd2e0	0x001bd2ec	CONDITIONAL_JUMP	0
0x001bd2e7	0x001bd302	UNCONDITIONAL_JUMP	0
0x001bd2ed	0x001bbbf0	UNCONDITIONAL_CALL	0
0x001bd2f2	0x001bd2fc	UNCONDITIONAL_JUMP	0
0x001bd2f9	0x001bd302	UNCONDITIONAL_JUMP	0
0x001bd2fc	0xStack[-0x43c]	READ	1
0x001bd302	0xStack[-0x44c]	DATA	0
0x001bd319	0xStack[0x4]	READ	1
0x001bd31c	0xStack[0x8]	READ	1
0x001bd31f	0xStack[-0x8]	WRITE	0
0x001bd355	0x001bd360	CONDITIONAL_JUMP	0
0x001bd359	0x001bc56c	UNCONDITIONAL_CALL	0
0x001bd35e	0x001bd36f	UNCONDITIONAL_JUMP	0
0x001bd366	0x001bd378	CONDITIONAL_JUMP	0
0x001bd36a	0x001bcad4	UNCONDITIONAL_CALL	0
0x001bd374	0x001bd3c5	UNCONDITIONAL_JUMP	0
0x001bd381	0x001bd3ac	CONDITIONAL_JUMP	0
0x001bd383	0x001d8b78	DATA	0
0x001bd388	0x001a5514	UNCONDITIONAL_CALL	0
0x001bd39a	0x001bdbcc	UNCONDITIONAL_CALL	0
0x001bd39f	0xStack[-0x8]	WRITE	0
0x001bd3a9	0x001bd3c5	UNCONDITIONAL_JUMP	0
0x001bd3b6	0x001bdbcc	UNCONDITIONAL_CALL	0
0x001bd3bb	0xStack[-0x8]	WRITE	0
0x001bd3c7	0x001bd3da	CONDITIONAL_JUMP	0
0x001bd3d5	0x001bdbcc	UNCONDITIONAL_CALL	0
0x001bd3da	0xStack[-0x8]	READ	1
0x001bd3dd	0xStack[-0x14]	DATA	0
0x001bd3ed	0xStack[0x4]	READ	1
0x001bd3f0	0xStack[0x8]	READ	1
0x001bd44d	0x001013cc	UNCONDITIONAL_CALL	0
0x001bd465	0x001013cc	UNCONDITIONAL_CALL	0
0x001bd46a	0xStack[-0xc]	DATA	0
0x001bd47f	0xStack[0x8]	READ	1
0x001bd483	0xStack[0x4]	READ	1
0x001bd487	0x001013cc	UNCONDITIONAL_CALL	0
0x001bd48e	0xStack[0x8]	READ	1
0x001bd495	0xStack[0x4]	READ	1
0x001bd49c	0x001013cc	UNCONDITIONAL_CALL	0
0x001bd4a4	0xStack[0x4]	READ	1
0x001bd4ac	0xStack[0x8]	READ	1
0x001bd51a	0xStack[0x4]	READ	1
0x001bd520	0xStack[0x8]	READ	1
0x001bd538	0x001bd528	CONDITIONAL_JUMP	0
0x001bd53c	0xStack[0x8]	READ	1
0x001bd543	0xStack[0x4]	READ	1
0x001bd54a	0x001013cc	UNCONDITIONAL_CALL	0
0x001bd551	0xStack[0x8]	READ	1
0x001bd558	0xStack[0x4]	READ	1
0x001bd55f	0x001013cc	UNCONDITIONAL_CALL	0
0x001bd567	0xStack[0x4]	READ	1
0x001bd570	0xStack[0x8]	READ	1
0x001bd579	0xStack[0x4]	READ	1
0x001bd58a	0xStack[-0x8]	WRITE	0
0x001bd591	0xStack[-0xc]	WRITE	0
0x001bd598	0xStack[-0xc]	READ	1
0x001bd59d	0xStack[0x4]	READ	1
0x001bd5a7	0xStack[-0x8]	READ	1
0x001bd5aa	0xStack[0x8]	READ	1
0x001bd60e	0x001013cc	UNCONDITIONAL_CALL	0
0x001bd626	0x001013cc	UNCONDITIONAL_CALL	0
0x001bd62e	0xStack[-0x8]	READ_WRITE	0
0x001bd632	0xStack[-0xc]	READ_WRITE	0
0x001bd63a	0x001bd598	CONDITIONAL_JUMP	0
0x001bd640	0xStack[-0x18]	DATA	0
0x001bd650	0xStack[0x4]	READ	1
0x001bd653	0xStack[0x8]	READ	1
0x001bd66a	0x001bd65c	CONDITIONAL_JUMP	0
0x001bd66c	0xStack[-0x8]	READ	1
0x001bd67a	0xStack[0x4]	READ	1
0x001bd67d	0xStack[0x8]	READ	1
0x001bd6a0	0x001013cc	UNCONDITIONAL_CALL	0
0x001bd6c0	0x001bd474	UNCONDITIONAL_CALL	0
0x001bd6e7	0x001bd6d4	CONDITIONAL_JUMP	0
0x001bd70d	0xStack[-0x10]	DATA	0
0x001bd71d	0xStack[0x4]	READ	1
0x001bd720	0xStack[0x8]	READ	1
0x001bd77d	0x001013cc	UNCONDITIONAL_CALL	0
0x001bd795	0x001013cc	UNCONDITIONAL_CALL	0
0x001bd79a	0xStack[-0xc]	DATA	0
0x001bd7af	0xStack[0x8]	READ	1
0x001bd7b3	0xStack[0x4]	READ	1
0x001bd7b7	0x001013cc	UNCONDITIONAL_CALL	0
0x001bd7be	0xStack[0x8]	READ	1
0x001bd7c5	0xStack[0x4]	READ	1
0x001bd7cc	0x001013cc	UNCONDITIONAL_CALL	0
0x001bd7d4	0xStack[0x4]	READ	1
0x001bd7dc	0xStack[0x8]	READ	1
0x001bd84a	0xStack[0x8]	READ	1
0x001bd850	0xStack[0x4]	READ	1
0x001bd868	0x001bd858	CONDITIONAL_JUMP	0
0x001bd86c	0xStack[0x8]	READ	1
0x001bd873	0xStack[0x4]	READ	1
0x001bd87a	0x001013cc	UNCONDITIONAL_CALL	0
0x001bd881	0xStack[0x8]	READ	1
0x001bd888	0xStack[0x4]	READ	1
0x001bd88f	0x001013cc	UNCONDITIONAL_CALL	0
0x001bd897	0xStack[0x4]	READ	1
0x001bd8a0	0xStack[0x8]	READ	1
0x001bd8a9	0xStack[0x4]	READ	1
0x001bd8ba	0xStack[-0x8]	WRITE	0
0x001bd8c1	0xStack[-0xc]	WRITE	0
0x001bd8c8	0xStack[-0xc]	READ	1
0x001bd8cb	0xStack[0x4]	READ	1
0x001bd8d5	0xStack[-0x8]	READ	1
0x001bd8da	0xStack[0x8]	READ	1
0x001bd93e	0x001013cc	UNCONDITIONAL_CALL	0
0x001bd956	0x001013cc	UNCONDITIONAL_CALL	0
0x001bd95e	0xStack[-0x8]	READ_WRITE	0
0x001bd962	0xStack[-0xc]	READ_WRITE	0
0x001bd96a	0x001bd8c8	CONDITIONAL_JUMP	0
0x001bd970	0xStack[-0x18]	DATA	0
0x001bd980	0xStack[0x8]	READ	1
0x001bd983	0xStack[0x4]	READ	1
0x001bd99a	0x001bd98c	CONDITIONAL_JUMP	0
0x001bd99c	0xStack[-0x8]	READ	1
0x001bd9aa	0xStack[0x4]	READ	1
0x001bd9ad	0xStack[0x8]	READ	1
0x001bd9d0	0x001013cc	UNCONDITIONAL_CALL	0
0x001bd9f0	0x001bd7a4	UNCONDITIONAL_CALL	0
0x001bda17	0x001bda04	CONDITIONAL_JUMP	0
0x001bda3d	0xStack[-0x10]	DATA	0
0x001bda4c	0xStack[0x4]	READ	1
0x001bda51	0xStack[0x8]	READ	1
0x001bda54	0x001bda69	UNCONDITIONAL_JUMP	0
0x001bda6d	0x001bda58	CONDITIONAL_JUMP	0
0x001bda7e	0x001bda85	CONDITIONAL_JUMP	0
0x001bda8a	0xStack[-0x8]	READ	1
0x001bda9d	0xStack[0x4]	READ	1
0x001bdaa9	0x001bdab2	CONDITIONAL_JUMP	0
0x001bdab0	0x001bdac0	CONDITIONAL_JUMP	0
0x001bdabd	0x001bdadf	UNCONDITIONAL_JUMP	0
0x001bdac5	0x001bdad4	CONDITIONAL_JUMP	0
0x001bdac7	0x001d8bfc	DATA	1
0x001bdacc	0x001bdb81	UNCONDITIONAL_JUMP	0
0x001bdadf	0xStack[-0xc]	WRITE	0
0x001bdae7	0xStack[0x8]	READ	0
0x001bdaea	0x001bdaf8	CONDITIONAL_JUMP	0
0x001bdaec	0x001d8c18	DATA	1
0x001bdaf1	0x001bdb81	UNCONDITIONAL_JUMP	0
0x001bdaff	0xStack[-0xc]	READ	1
0x001bdb09	0xStack[-0x8]	WRITE	0
0x001bdb27	0x001bdb3d	UNCONDITIONAL_JUMP	0
0x001bdb41	0x001bdb2c	CONDITIONAL_JUMP	0
0x001bdb52	0x001bdb59	CONDITIONAL_JUMP	0
0x001bdb59	0xStack[-0x8]	READ	0
0x001bdb5d	0x001bdb7c	CONDITIONAL_JUMP	0
0x001bdb5f	0xStack[0x8]	READ	1
0x001bdb67	0xStack[-0x8]	READ	1
0x001bdb6f	0xStack[-0xc]	READ	1
0x001bdb77	0x001bdb81	UNCONDITIONAL_JUMP	0
0x001bdb7c	0x001d8c30	DATA	1
0x001bdb81	0xStack[-0x18]	DATA	0
0x001bdb8f	0xStack[0x4]	READ	1
0x001bdb92	0xStack[0x8]	READ	1
0x001bdb95	0xStack[0xc]	READ	1
0x001bdbaf	0xStack[0x4]	READ	1
0x001bdbb2	0xStack[0x8]	READ	1
0x001bdbb5	0xStack[0xc]	READ	1
0x001bdbd2	0xStack[0x4]	READ	1
0x001bdbd5	0xStack[0x8]	READ	1
0x001bdbd8	0xStack[0xc]	READ	1
0x001bdbdb	0xStack[0x10]	READ	1
0x001bdbde	0xStack[0x14]	READ	1
0x001bdbf5	0x001e53c8	READ	1
0x001bdc12	0xStack[-0x10]	DATA	0
0x001bdc22	0xStack[0x4]	READ	1
0x001bdc25	0xStack[0x8]	READ	1
0x001bdc28	0xStack[0xc]	READ	1
0x001bdc2b	0xStack[0x10]	READ	1
0x001bdc2e	0xStack[0x14]	READ	1
0x001bdc54	0x001e53c8	READ	1
0x001bdc60	0x001e53bc	READ	1
0x001bdc69	0x001e53c0	READ	1
0x001bdc78	0xStack[-0x10]	DATA	0
0x001bdc88	0xStack[0x4]	READ	1
0x001bdc8b	0xStack[0x8]	READ	1
0x001bdc8e	0xStack[0xc]	READ	1
0x001bdca2	0x001e53c8	READ	1
0x001bdcae	0xStack[-0x8]	READ	1
0x001bdcbd	0xStack[0x4]	READ	1
0x001bdcc0	0xStack[0x8]	READ	1
0x001bdcc3	0xStack[0xc]	READ	1
0x001bdcc6	0xStack[0x10]	READ	1
0x001bdcda	0x001e53c8	READ	1
0x001bdce9	0xStack[-0xc]	DATA	0
0x001bdcf8	0xStack[0x4]	READ	1
0x001bdcfb	0xStack[0x8]	READ	1
0x001bdcfe	0xStack[0xc]	READ	1
0x001bdd12	0x001e53c8	READ	1
0x001bdd1e	0xStack[-0x8]	READ	1
0x001bdd2c	0xStack[0x4]	READ	1
0x001bdd2f	0xStack[0x8]	READ	1
0x001bdd32	0xStack[0xc]	READ	1
0x001bdd46	0x001e53c8	READ	1
0x001bdd52	0xStack[-0x8]	READ	1
0x001bdd60	0xStack[0x4]	READ	1
0x001bdd63	0xStack[0x8]	READ	1
0x001bdd66	0xStack[0xc]	READ	1
0x001bdd7a	0x001e53c8	READ	1
0x001bdd86	0xStack[-0x8]	READ	1
0x001bdd94	0xStack[0x4]	READ	1
0x001bdd97	0xStack[0x8]	READ	1
0x001bdd9a	0xStack[0xc]	READ	1
0x001bddae	0x001e53c8	READ	1
0x001bddba	0xStack[-0x8]	READ	1
0x001bddc8	0xStack[0x4]	READ	1
0x001bddcb	0xStack[0x8]	READ	1
0x001bddce	0xStack[0xc]	READ	1
0x001bdde2	0x001e53c8	READ	1
0x001bddee	0xStack[-0x8]	READ	1
0x001bddfc	0xStack[0x4]	READ	1
0x001bddff	0xStack[0x8]	READ	1
0x001bde02	0xStack[0xc]	READ	1
0x001bde16	0x001e53c8	READ	1
0x001bde22	0xStack[-0x8]	READ	1
0x001bde30	0xStack[0x4]	READ	1
0x001bde33	0xStack[0x8]	READ	1
0x001bde36	0xStack[0xc]	READ	1
0x001bde4a	0x001e53c8	READ	1
0x001bde56	0xStack[-0x8]	READ	1
0x001bde64	0xStack[0x4]	READ	1
0x001bde67	0xStack[0x8]	READ	1
0x001bde6a	0xStack[0xc]	READ	1
0x001bde7e	0x001e53c8	READ	1
0x001bde8a	0xStack[-0x8]	READ	1
0x001bde9a	0xStack[0x4]	READ	1
0x001bde9d	0xStack[0x8]	READ	1
0x001bdea0	0xStack[0x10]	READ	1
0x001bdea3	0xStack[0x14]	READ	1
0x001bdea6	0xStack[0x18]	READ	1
0x001bdeba	0x001e53c8	READ	1
0x001bded1	0xStack[0xc]	READ	1
0x001bdee0	0xStack[0x1c]	READ	1
0x001bdee6	0xStack[-0x10]	DATA	0
0x001bdef4	0xStack[0x4]	READ	1
0x001bdef7	0xStack[0x8]	READ	1
0x001bdefa	0xStack[0xc]	READ	1
0x001bdefd	0x001bdf10	UNCONDITIONAL_JUMP	0
0x001bdf14	0x001bdf00	CONDITIONAL_JUMP	0
0x001bdf16	0xStack[-0x8]	READ	1
0x001bdf25	0xStack[0x4]	READ	1
0x001bdf28	0xStack[0x8]	READ	1
0x001bdf2b	0xStack[0xc]	READ	1
0x001bdf2e	0x001bdf3f	UNCONDITIONAL_JUMP	0
0x001bdf43	0x001bdf30	CONDITIONAL_JUMP	0
0x001bdf45	0xStack[-0xc]	DATA	0
0x001bdf59	0xStack[0x4]	READ	1
0x001bdf5c	0xStack[0x8]	READ	1
0x001bdf5f	0xStack[0xc]	READ	1
0x001bdf62	0xStack[0x10]	READ	1
0x001bdf6a	0x001be118	CONDITIONAL_JUMP	0
0x001bdf70	0x001bdf7c	CONDITIONAL_JUMP	0
0x001bdf74	0x001bdf8c	CONDITIONAL_JUMP	0
0x001bdf76	0x001be250	UNCONDITIONAL_JUMP	0
0x001bdf7f	0x001be040	CONDITIONAL_JUMP	0
0x001bdf85	0x001be250	UNCONDITIONAL_JUMP	0
0x001bdf8e	0xStack[0x14]	READ	0
0x001bdf92	0x001bdfa0	CONDITIONAL_JUMP	0
0x001bdf94	0xStack[0x14]	READ	0
0x001bdf98	0x001be000	CONDITIONAL_JUMP	0
0x001bdf9a	0x001be25b	UNCONDITIONAL_JUMP	0
0x001bdfa0	0xStack[0x18]	READ	1
0x001bdfa3	0xStack[0x1c]	READ	1
0x001bdfaf	0xStack[-0x18]	WRITE	0
0x001bdfb6	0x001be25b	CONDITIONAL_JUMP	0
0x001bdfbf	0xStack[-0x18]	READ	1
0x001bdfce	0x001bdfd8	CONDITIONAL_JUMP	0
0x001bdfd5	0x001bdfe4	UNCONDITIONAL_JUMP	0
0x001bdfdd	0x001bdfec	CONDITIONAL_JUMP	0
0x001bdfe8	0x001bdff2	UNCONDITIONAL_JUMP	0
0x001bdff6	0x001bdfbc	CONDITIONAL_JUMP	0
0x001bdff8	0x001be25b	UNCONDITIONAL_JUMP	0
0x001be006	0x001be25b	CONDITIONAL_JUMP	0
0x001be00f	0xStack[0x18]	READ	1
0x001be022	0xStack[0x1c]	READ	1
0x001be036	0x001be00c	CONDITIONAL_JUMP	0
0x001be038	0x001be25b	UNCONDITIONAL_JUMP	0
0x001be040	0xStack[0x18]	READ	1
0x001be046	0xStack[-0x8]	WRITE	0
0x001be049	0xStack[0x1c]	READ	1
0x001be04f	0xStack[-0xc]	WRITE	0
0x001be052	0xStack[0x14]	READ	0
0x001be056	0x001be064	CONDITIONAL_JUMP	0
0x001be058	0xStack[0x14]	READ	0
0x001be05c	0x001be0b4	CONDITIONAL_JUMP	0
0x001be05e	0x001be25b	UNCONDITIONAL_JUMP	0
0x001be064	0xStack[-0x8]	READ	1
0x001be067	0xStack[-0xc]	READ	1
0x001be073	0xStack[-0x18]	WRITE	0
0x001be07a	0x001be25b	CONDITIONAL_JUMP	0
0x001be083	0xStack[-0x18]	READ	1
0x001be08e	0x001be098	CONDITIONAL_JUMP	0
0x001be093	0x001be0a0	UNCONDITIONAL_JUMP	0
0x001be09b	0x001be0a4	CONDITIONAL_JUMP	0
0x001be0a2	0x001be0a7	UNCONDITIONAL_JUMP	0
0x001be0ab	0x001be080	CONDITIONAL_JUMP	0
0x001be0ad	0x001be25b	UNCONDITIONAL_JUMP	0
0x001be0ba	0x001be25b	CONDITIONAL_JUMP	0
0x001be0c3	0xStack[-0x8]	READ	1
0x001be0ce	0x001be0d8	CONDITIONAL_JUMP	0
0x001be0d3	0x001be0e0	UNCONDITIONAL_JUMP	0
0x001be0db	0x001be0e4	CONDITIONAL_JUMP	0
0x001be0e2	0x001be0e7	UNCONDITIONAL_JUMP	0
0x001be0ea	0xStack[-0xc]	READ	1
0x001be0f5	0x001be0fc	CONDITIONAL_JUMP	0
0x001be0fa	0x001be104	UNCONDITIONAL_JUMP	0
0x001be0ff	0x001be108	CONDITIONAL_JUMP	0
0x001be106	0x001be10b	UNCONDITIONAL_JUMP	0
0x001be10f	0x001be0c0	CONDITIONAL_JUMP	0
0x001be111	0x001be25b	UNCONDITIONAL_JUMP	0
0x001be118	0xStack[0x18]	READ	1
0x001be11e	0xStack[-0x8]	WRITE	0
0x001be121	0xStack[0x1c]	READ	1
0x001be127	0xStack[-0xc]	WRITE	0
0x001be12a	0xStack[-0x10]	WRITE	0
0x001be12f	0xStack[0x14]	READ	0
0x001be133	0x001be140	CONDITIONAL_JUMP	0
0x001be135	0xStack[0x14]	READ	0
0x001be139	0x001be1ac	CONDITIONAL_JUMP	0
0x001be13b	0x001be25b	UNCONDITIONAL_JUMP	0
0x001be140	0xStack[-0x8]	READ	1
0x001be143	0xStack[-0xc]	READ	1
0x001be14f	0xStack[-0x18]	WRITE	0
0x001be156	0x001be25b	CONDITIONAL_JUMP	0
0x001be15c	0xStack[-0x10]	READ	1
0x001be162	0x001d5ee4	DATA	1
0x001be16a	0xStack[-0x18]	READ	1
0x001be172	0xStack[-0x10]	WRITE	0
0x001be17a	0x001be184	CONDITIONAL_JUMP	0
0x001be17f	0x001be18e	UNCONDITIONAL_JUMP	0
0x001be189	0x001be194	CONDITIONAL_JUMP	0
0x001be190	0x001be1a1	UNCONDITIONAL_JUMP	0
0x001be196	0x001beab8	UNCONDITIONAL_CALL	0
0x001be1a5	0x001be15c	CONDITIONAL_JUMP	0
0x001be1a7	0x001be25b	UNCONDITIONAL_JUMP	0
0x001be1b2	0x001be25b	CONDITIONAL_JUMP	0
0x001be1b8	0xStack[-0x10]	READ	1
0x001be1be	0x001d5ee4	DATA	1
0x001be1c6	0xStack[-0x8]	READ	1
0x001be1ce	0xStack[-0x10]	WRITE	0
0x001be1d6	0x001be1e0	CONDITIONAL_JUMP	0
0x001be1db	0x001be1ea	UNCONDITIONAL_JUMP	0
0x001be1e5	0x001be1f0	CONDITIONAL_JUMP	0
0x001be1ec	0x001be1fd	UNCONDITIONAL_JUMP	0
0x001be1f2	0x001beab8	UNCONDITIONAL_CALL	0
0x001be1fd	0xStack[-0x10]	READ	1
0x001be203	0x001d5ee4	DATA	1
0x001be20b	0xStack[-0xc]	READ	1
0x001be213	0xStack[-0x10]	WRITE	0
0x001be21b	0x001be224	CONDITIONAL_JUMP	0
0x001be220	0x001be22e	UNCONDITIONAL_JUMP	0
0x001be229	0x001be234	CONDITIONAL_JUMP	0
0x001be230	0x001be241	UNCONDITIONAL_JUMP	0
0x001be236	0x001beab8	UNCONDITIONAL_CALL	0
0x001be245	0x001be1b8	CONDITIONAL_JUMP	0
0x001be24b	0x001be25b	UNCONDITIONAL_JUMP	0
0x001be251	0x001d8c48	DATA	0
0x001be256	0x001a5514	UNCONDITIONAL_CALL	0
0x001be25d	0xStack[-0x24]	DATA	0
0x001be26b	0xStack[0x10]	READ	1
0x001be26f	0xStack[0xc]	READ	1
0x001be273	0xStack[0x8]	READ	1
0x001be277	0xStack[0x4]	READ	1
0x001be27b	0x001be2f4	UNCONDITIONAL_CALL	0
0x001be289	0xStack[0x4]	READ	1
0x001be28c	0xStack[0x8]	READ	1
0x001be28f	0xStack[0x10]	READ	1
0x001be292	0xStack[0xc]	READ	1
0x001be29a	0x001be2c8	CONDITIONAL_JUMP	0
0x001be29c	0x001be2a4	CONDITIONAL_JUMP	0
0x001be2a0	0x001be2ac	CONDITIONAL_JUMP	0
0x001be2a2	0x001be2e0	UNCONDITIONAL_JUMP	0
0x001be2a7	0x001be2c8	CONDITIONAL_JUMP	0
0x001be2a9	0x001be2e0	UNCONDITIONAL_JUMP	0
0x001be2b2	0x001be2eb	CONDITIONAL_JUMP	0
0x001be2c4	0x001be2b4	CONDITIONAL_JUMP	0
0x001be2c6	0x001be2eb	UNCONDITIONAL_JUMP	0
0x001be2cc	0x001be2eb	CONDITIONAL_JUMP	0
0x001be2dc	0x001be2d0	CONDITIONAL_JUMP	0
0x001be2de	0x001be2eb	UNCONDITIONAL_JUMP	0
0x001be2e1	0x001d8c78	DATA	0
0x001be2e6	0x001a5514	UNCONDITIONAL_CALL	0
0x001be2eb	0xStack[-0xc]	DATA	0
0x001be2f9	0xStack[0x4]	READ	1
0x001be2fc	0xStack[0x8]	READ	1
0x001be2ff	0xStack[0xc]	READ	1
0x001be302	0xStack[0x10]	READ	1
0x001be308	0x001be344	CONDITIONAL_JUMP	0
0x001be30a	0x001be314	CONDITIONAL_JUMP	0
0x001be30e	0x001be31c	CONDITIONAL_JUMP	0
0x001be310	0x001be360	UNCONDITIONAL_JUMP	0
0x001be317	0x001be344	CONDITIONAL_JUMP	0
0x001be319	0x001be360	UNCONDITIONAL_JUMP	0
0x001be322	0x001be36b	CONDITIONAL_JUMP	0
0x001be33d	0x001be324	CONDITIONAL_JUMP	0
0x001be33f	0x001be36b	UNCONDITIONAL_JUMP	0
0x001be348	0x001be36b	CONDITIONAL_JUMP	0
0x001be35b	0x001be34c	CONDITIONAL_JUMP	0
0x001be35d	0x001be36b	UNCONDITIONAL_JUMP	0
0x001be361	0x001d8ca4	DATA	0
0x001be366	0x001a5514	UNCONDITIONAL_CALL	0
0x001be36b	0xStack[-0xc]	DATA	0
0x001be37a	0xStack[0x4]	READ	1
0x001be37d	0xStack[0x8]	READ	1
0x001be380	0xStack[0x10]	READ	1
0x001be383	0xStack[0xc]	READ	1
0x001be38b	0x001be41c	CONDITIONAL_JUMP	0
0x001be391	0x001be39c	CONDITIONAL_JUMP	0
0x001be395	0x001be3a8	CONDITIONAL_JUMP	0
0x001be397	0x001be468	UNCONDITIONAL_JUMP	0
0x001be39f	0x001be3e8	CONDITIONAL_JUMP	0
0x001be3a1	0x001be468	UNCONDITIONAL_JUMP	0
0x001be3b0	0x001be473	CONDITIONAL_JUMP	0
0x001be3e0	0x001be3b8	CONDITIONAL_JUMP	0
0x001be3e2	0x001be473	UNCONDITIONAL_JUMP	0
0x001be3ec	0x001be473	CONDITIONAL_JUMP	0
0x001be415	0x001be3f4	CONDITIONAL_JUMP	0
0x001be417	0x001be473	UNCONDITIONAL_JUMP	0
0x001be422	0x001be473	CONDITIONAL_JUMP	0
0x001be427	0x001d5ee4	DATA	1
0x001be433	0x001d5ee4	DATA	1
0x001be454	0x001beab8	UNCONDITIONAL_CALL	0
0x001be463	0x001be424	CONDITIONAL_JUMP	0
0x001be465	0x001be473	UNCONDITIONAL_JUMP	0
0x001be469	0x001d8ca4	DATA	0
0x001be46e	0x001a5514	UNCONDITIONAL_CALL	0
0x001be473	0xStack[-0x10]	DATA	0
0x001be484	0xStack[0x4]	READ	1
0x001be487	0xStack[0x8]	READ	1
0x001be48a	0xStack[0xc]	READ	1
0x001be48d	0x001be49d	UNCONDITIONAL_JUMP	0
0x001be4a1	0x001be490	CONDITIONAL_JUMP	0
0x001be4a3	0xStack[-0x8]	READ	1
0x001be4b2	0xStack[0x4]	READ	1
0x001be4b5	0xStack[0x8]	READ	1
0x001be4b8	0xStack[0xc]	READ	1
0x001be4bb	0x001be4d3	UNCONDITIONAL_JUMP	0
0x001be4c9	0x001beab8	UNCONDITIONAL_CALL	0
0x001be4d7	0x001be4c0	CONDITIONAL_JUMP	0
0x001be4d9	0xStack[-0x10]	DATA	0
0x001be4e8	0xStack[0x4]	READ	1
0x001be4eb	0xStack[0x8]	READ	1
0x001be4ee	0xStack[0xc]	READ	1
0x001be4f1	0x001be4fd	UNCONDITIONAL_JUMP	0
0x001be501	0x001be4f4	CONDITIONAL_JUMP	0
0x001be503	0xStack[-0x8]	READ	1
0x001be512	0xStack[0x4]	READ	1
0x001be515	0xStack[0x8]	READ	1
0x001be518	0xStack[0xc]	READ	1
0x001be51b	0x001be531	UNCONDITIONAL_JUMP	0
0x001be527	0x001beab8	UNCONDITIONAL_CALL	0
0x001be535	0x001be520	CONDITIONAL_JUMP	0
0x001be537	0xStack[-0x10]	DATA	0
0x001be548	0xStack[0x4]	READ	1
0x001be54b	0xStack[0x8]	READ	1
0x001be54e	0xStack[0xc]	READ	1
0x001be551	0x001be562	UNCONDITIONAL_JUMP	0
0x001be557	0x001d5ee4	DATA	1
0x001be566	0x001be554	CONDITIONAL_JUMP	0
0x001be568	0xStack[-0x8]	READ	1
0x001be581	0xStack[0x4]	READ	1
0x001be584	0xStack[0x8]	READ	1
0x001be587	0xStack[0xc]	READ	1
0x001be58a	0xStack[0x10]	READ	1
0x001be58d	0xStack[-0x8]	WRITE	0
0x001be596	0x001be5a0	CONDITIONAL_JUMP	0
0x001be59a	0x001be712	UNCONDITIONAL_JUMP	0
0x001be5a0	0xStack[0x14]	READ	0
0x001be5a4	0x001be5e8	CONDITIONAL_JUMP	0
0x001be5a9	0x001be5d8	CONDITIONAL_JUMP	0
0x001be5b5	0x001be70f	CONDITIONAL_JUMP	0
0x001be5cf	0x001be5bc	CONDITIONAL_JUMP	0
0x001be5d1	0x001be70f	UNCONDITIONAL_JUMP	0
0x001be5db	0x001013cc	UNCONDITIONAL_CALL	0
0x001be5e0	0x001be70f	UNCONDITIONAL_JUMP	0
0x001be5eb	0x001be6a8	CONDITIONAL_JUMP	0
0x001be5f1	0x001be5fc	CONDITIONAL_JUMP	0
0x001be5f5	0x001be608	CONDITIONAL_JUMP	0
0x001be5f7	0x001be704	UNCONDITIONAL_JUMP	0
0x001be5ff	0x001be658	CONDITIONAL_JUMP	0
0x001be601	0x001be704	UNCONDITIONAL_JUMP	0
0x001be60e	0x001be70f	CONDITIONAL_JUMP	0
0x001be624	0x001be630	CONDITIONAL_JUMP	0
0x001be62b	0x001be63c	UNCONDITIONAL_JUMP	0
0x001be635	0x001be644	CONDITIONAL_JUMP	0
0x001be63f	0xStack[-0x8]	READ_WRITE	0
0x001be642	0x001be64a	UNCONDITIONAL_JUMP	0
0x001be64e	0x001be614	CONDITIONAL_JUMP	0
0x001be650	0x001be70f	UNCONDITIONAL_JUMP	0
0x001be65c	0x001be70f	CONDITIONAL_JUMP	0
0x001be67b	0x001be684	CONDITIONAL_JUMP	0
0x001be680	0x001be68c	UNCONDITIONAL_JUMP	0
0x001be687	0x001be694	CONDITIONAL_JUMP	0
0x001be68d	0xStack[-0x8]	READ_WRITE	0
0x001be690	0x001be6a0	UNCONDITIONAL_JUMP	0
0x001be6a4	0x001be664	CONDITIONAL_JUMP	0
0x001be6a6	0x001be70f	UNCONDITIONAL_JUMP	0
0x001be6b0	0x001be70f	CONDITIONAL_JUMP	0
0x001be6b7	0x001d5ee4	DATA	1
0x001be6c2	0x001d5ee4	DATA	1
0x001be6d2	0x001be6dc	CONDITIONAL_JUMP	0
0x001be6d7	0x001be6e6	UNCONDITIONAL_JUMP	0
0x001be6e1	0x001be6ec	CONDITIONAL_JUMP	0
0x001be6e7	0xStack[-0x8]	READ_WRITE	0
0x001be6ea	0x001be6f9	UNCONDITIONAL_JUMP	0
0x001be6ee	0x001beab8	UNCONDITIONAL_CALL	0
0x001be6fd	0x001be6b4	CONDITIONAL_JUMP	0
0x001be6ff	0x001be70f	UNCONDITIONAL_JUMP	0
0x001be705	0x001d8cd0	DATA	0
0x001be70a	0x001a5514	UNCONDITIONAL_CALL	0
0x001be70f	0xStack[-0x8]	READ	1
0x001be712	0xStack[-0x14]	DATA	0
0x001be722	0xStack[0x4]	READ	1
0x001be725	0xStack[0x8]	READ	1
0x001be728	0xStack[0xc]	READ	1
0x001be72b	0xStack[0x10]	READ	1
0x001be72e	0xStack[0x14]	READ	1
0x001be740	0x001be77c	CONDITIONAL_JUMP	0
0x001be74b	0x001be773	CONDITIONAL_JUMP	0
0x001be753	0x001d5ee4	DATA	1
0x001be75f	0x001be764	CONDITIONAL_JUMP	0
0x001be767	0x001be76b	CONDITIONAL_JUMP	0
0x001be771	0x001be750	CONDITIONAL_JUMP	0
0x001be777	0x001be7c9	UNCONDITIONAL_JUMP	0
0x001be785	0x001be7c9	CONDITIONAL_JUMP	0
0x001be78f	0x001d5ee4	DATA	1
0x001be79b	0x001be7a0	CONDITIONAL_JUMP	0
0x001be7a3	0x001be7a7	CONDITIONAL_JUMP	0
0x001be7ab	0x001d5ee4	DATA	1
0x001be7b7	0x001be7bc	CONDITIONAL_JUMP	0
0x001be7bf	0x001be7c3	CONDITIONAL_JUMP	0
0x001be7c7	0x001be78c	CONDITIONAL_JUMP	0
0x001be7c9	0xStack[-0x10]	DATA	0
0x001be7da	0xStack[0x4]	READ	1
0x001be7dd	0xStack[0x8]	READ	1
0x001be7e0	0xStack[0xc]	READ	1
0x001be7e3	0xStack[0x10]	READ	1
0x001be7e6	0xStack[0x14]	READ	1
0x001be7f8	0x001be82c	CONDITIONAL_JUMP	0
0x001be802	0x001be825	CONDITIONAL_JUMP	0
0x001be811	0x001be816	CONDITIONAL_JUMP	0
0x001be819	0x001be81d	CONDITIONAL_JUMP	0
0x001be823	0x001be808	CONDITIONAL_JUMP	0
0x001be829	0x001be867	UNCONDITIONAL_JUMP	0
0x001be834	0x001be867	CONDITIONAL_JUMP	0
0x001be841	0x001be846	CONDITIONAL_JUMP	0
0x001be849	0x001be84d	CONDITIONAL_JUMP	0
0x001be856	0x001be85b	CONDITIONAL_JUMP	0
0x001be85e	0x001be862	CONDITIONAL_JUMP	0
0x001be865	0x001be838	CONDITIONAL_JUMP	0
0x001be867	0xStack[-0x10]	DATA	0
0x001be87d	0xStack[0x4]	READ	1
0x001be880	0xStack[0x8]	READ	1
0x001be883	0xStack[0xc]	READ	1
0x001be886	0xStack[0x14]	READ	1
0x001be88f	0xStack[0x10]	READ	1
0x001be89b	0x001be8dc	CONDITIONAL_JUMP	0
0x001be8a5	0x001be8cf	CONDITIONAL_JUMP	0
0x001be8a7	0xStack[-0x8]	WRITE	0
0x001be8b8	0x001be8bc	CONDITIONAL_JUMP	0
0x001be8bf	0xStack[0x10]	READ	1
0x001be8c4	0x001be8c8	CONDITIONAL_JUMP	0
0x001be8ca	0xStack[-0x8]	READ	0
0x001be8cd	0x001be8ac	CONDITIONAL_JUMP	0
0x001be8cf	0xStack[0x10]	READ	1
0x001be8d4	0xStack[0x14]	READ	1
0x001be8d9	0x001be92a	UNCONDITIONAL_JUMP	0
0x001be8e4	0x001be92a	CONDITIONAL_JUMP	0
0x001be8e6	0xStack[-0xc]	WRITE	0
0x001be8f8	0x001be8fc	CONDITIONAL_JUMP	0
0x001be8ff	0xStack[0x10]	READ	1
0x001be904	0x001be908	CONDITIONAL_JUMP	0
0x001be914	0x001be918	CONDITIONAL_JUMP	0
0x001be91b	0xStack[0x14]	READ	1
0x001be920	0x001be924	CONDITIONAL_JUMP	0
0x001be925	0xStack[-0xc]	READ	0
0x001be928	0x001be8ec	CONDITIONAL_JUMP	0
0x001be92a	0xStack[0x14]	READ	1
0x001be930	0xStack[0x10]	READ	1
0x001be936	0xStack[-0x18]	DATA	0
0x001be943	0xStack[0x4]	READ	1
0x001be946	0xStack[0x8]	READ	1
0x001be949	0x001be955	UNCONDITIONAL_JUMP	0
0x001be959	0x001be94c	CONDITIONAL_JUMP	0
0x001be964	0xStack[0x4]	READ	1
0x001be969	0xStack[0x8]	READ	1
0x001be96c	0x001be97b	UNCONDITIONAL_JUMP	0
0x001be977	0x001be97b	CONDITIONAL_JUMP	0
0x001be97f	0x001be970	CONDITIONAL_JUMP	0
0x001be983	0xStack[-0x8]	READ	1
0x001be991	0xStack[0x4]	READ	1
0x001be994	0xStack[0xc]	READ	1
0x001be997	0xStack[0x10]	READ	1
0x001be99c	0x001be9b5	CONDITIONAL_JUMP	0
0x001be9a0	0xStack[0x8]	READ	1
0x001be9ad	0x001be9b5	CONDITIONAL_JUMP	0
0x001be9b5	0xStack[-0xc]	DATA	0
0x001be9cc	0x001e53cc	READ	0
0x001be9d3	0x001bea8d	CONDITIONAL_JUMP	0
0x001be9de	0x001a5448	UNCONDITIONAL_CALL	0
0x001be9e3	0x001e53cc	WRITE	0
0x001be9ed	0xStack[-0x804]	DATA	0
0x001be9f8	0xStack[-0x400]	DATA	0
0x001be9ff	0xStack[-0x804]	DATA	0
0x001bea02	0x001d5ee4	READ	1
0x001bea02	0x001d5ee6	READ	1
0x001bea20	0x001be9f8	CONDITIONAL_JUMP	0
0x001bea22	0x001beb1c	DATA	0
0x001bea2e	0xStack[-0x404]	DATA	0
0x001bea35	0x0010ba60	UNCONDITIONAL_CALL	0
0x001bea4a	0x001bea71	CONDITIONAL_JUMP	0
0x001bea4c	0xStack[-0x400]	DATA	1
0x001bea53	0xStack[-0x802]	READ	1
0x001bea5b	0xStack[-0x3fc]	DATA	1
0x001bea62	0xStack[-0x7fe]	READ	1
0x001bea6a	0x001bea71	CONDITIONAL_JUMP	0
0x001bea6e	0x001bea71	CONDITIONAL_JUMP	0
0x001bea71	0x001e53cc	READ	1
0x001bea77	0xStack[-0x400]	DATA	1
0x001bea7e	0xStack[-0x800]	DATA	1
0x001bea8b	0x001bea44	CONDITIONAL_JUMP	0
0x001bea8d	0xStack[-0x810]	DATA	0
0x001bea9f	0x001e53cc	READ	1
0x001beaa6	0x001beab3	CONDITIONAL_JUMP	0
0x001beaae	0x001a5458	UNCONDITIONAL_CALL	0
0x001beabb	0xStack[0x4]	READ	1
0x001beac7	0x001beadc	CONDITIONAL_JUMP	0
0x001beac9	0x001e53cc	READ	1
0x001beae0	0x001beaf8	CONDITIONAL_JUMP	0
0x001beae5	0x001e53cc	READ	1
0x001beaf8	0x001e53cc	READ	1
0x001beb07	0xStack[0x4]	READ	1
0x001beb0b	0x001e53cc	READ	1
0x001beb1f	0xStack[0x4]	READ	1
0x001beb22	0xStack[0x8]	READ	1
0x001beb34	0x001beb40	CONDITIONAL_JUMP	0
0x001beb43	0x001beb50	CONDITIONAL_JUMP	0
0x001beb61	0xStack[0x4]	READ	1
0x001beb64	0xStack[-0xc]	WRITE	0
0x001beb70	0xStack[-0x18]	WRITE	0
0x001beb78	0x001beb87	CONDITIONAL_JUMP	0
0x001beb80	0x001beb87	CONDITIONAL_JUMP	0
0x001beb85	0x001beb8c	CONDITIONAL_JUMP	0
0x001beb8e	0x001beb6c	CONDITIONAL_JUMP	0
0x001beb93	0x001beba0	CONDITIONAL_JUMP	0
0x001beb95	0xStack[-0xc]	WRITE	0
0x001beb9c	0x001beba5	UNCONDITIONAL_JUMP	0
0x001beba3	0x001beba9	CONDITIONAL_JUMP	0
0x001beba9	0xStack[0xc]	READ	0
0x001bebad	0x001bebb5	CONDITIONAL_JUMP	0
0x001bebaf	0xStack[0xc]	READ	0
0x001bebb3	0x001bebd8	CONDITIONAL_JUMP	0
0x001bebb8	0x001bebd8	CONDITIONAL_JUMP	0
0x001bebbf	0x001bebc6	CONDITIONAL_JUMP	0
0x001bebc4	0x001bebd8	CONDITIONAL_JUMP	0
0x001bebcd	0xStack[0xc]	WRITE	0
0x001bebd4	0x001bec1c	UNCONDITIONAL_JUMP	0
0x001bebd8	0xStack[0xc]	READ	0
0x001bebdc	0x001bebe4	CONDITIONAL_JUMP	0
0x001bebde	0xStack[0xc]	READ	0
0x001bebe2	0x001bec03	CONDITIONAL_JUMP	0
0x001bebe7	0x001bec03	CONDITIONAL_JUMP	0
0x001bebee	0x001bebf5	CONDITIONAL_JUMP	0
0x001bebf3	0x001bec03	CONDITIONAL_JUMP	0
0x001bebfc	0xStack[0xc]	WRITE	0
0x001bec03	0xStack[0xc]	READ	0
0x001bec07	0x001bec1c	CONDITIONAL_JUMP	0
0x001bec09	0xStack[0xc]	WRITE	0
0x001bec13	0x001bec1c	CONDITIONAL_JUMP	0
0x001bec15	0xStack[0xc]	WRITE	0
0x001bec1c	0xStack[-0x8]	WRITE	0
0x001bec23	0xStack[-0xc]	READ	0
0x001bec27	0x001bec30	CONDITIONAL_JUMP	0
0x001bec29	0xStack[-0x8]	WRITE	0
0x001bec30	0xStack[-0x8]	READ	1
0x001bec35	0xStack[0xc]	READ	0
0x001bec38	0xStack[-0x14]	WRITE	0
0x001bec3b	0xStack[-0x8]	WRITE	0
0x001bec40	0xStack[-0x10]	WRITE	0
0x001bec48	0xStack[-0x18]	WRITE	0
0x001bec51	0x001bec58	CONDITIONAL_JUMP	0
0x001bec56	0x001bec87	UNCONDITIONAL_JUMP	0
0x001bec5a	0xStack[-0x18]	READ	1
0x001bec61	0x001bec6c	CONDITIONAL_JUMP	0
0x001bec63	0xStack[-0x18]	READ	1
0x001bec6a	0x001bec71	CONDITIONAL_JUMP	0
0x001bec73	0x001becbc	CONDITIONAL_JUMP	0
0x001bec7b	0x001bec84	CONDITIONAL_JUMP	0
0x001bec80	0x001bec87	UNCONDITIONAL_JUMP	0
0x001bec87	0xStack[0xc]	READ	0
0x001bec8a	0x001becbc	CONDITIONAL_JUMP	0
0x001bec8c	0xStack[-0x10]	READ	0
0x001bec90	0x001bec9e	CONDITIONAL_JUMP	0
0x001bec92	0xStack[-0x8]	READ	0
0x001bec95	0x001bec9e	CONDITIONAL_JUMP	0
0x001bec97	0x001beca8	CONDITIONAL_JUMP	0
0x001bec99	0xStack[-0x14]	READ	0
0x001bec9c	0x001beca8	CONDITIONAL_JUMP	0
0x001bec9e	0xStack[-0x10]	WRITE	0
0x001beca5	0x001becb5	UNCONDITIONAL_JUMP	0
0x001beca8	0xStack[-0x10]	WRITE	0
0x001becaf	0xStack[0xc]	READ	1
0x001becb9	0x001bec48	UNCONDITIONAL_JUMP	0
0x001becbc	0xStack[-0x10]	READ	0
0x001becc0	0x001becd4	CONDITIONAL_JUMP	0
0x001becc7	0xStack[-0xc]	READ	0
0x001beccb	0x001becdc	CONDITIONAL_JUMP	0
0x001becd2	0x001becdc	UNCONDITIONAL_JUMP	0
0x001becd4	0xStack[-0xc]	READ	0
0x001becd8	0x001becdc	CONDITIONAL_JUMP	0
0x001becdc	0xStack[0x8]	READ	0
0x001bece0	0x001becf3	CONDITIONAL_JUMP	0
0x001bece2	0xStack[0x4]	READ	1
0x001bece5	0xStack[-0x10]	READ	0
0x001bece9	0x001becee	CONDITIONAL_JUMP	0
0x001becee	0xStack[0x8]	READ	1
0x001becf5	0xStack[-0x24]	DATA	0
0x001bed09	0xStack[0x4]	READ	1
0x001bed0c	0xStack[-0xc]	WRITE	0
0x001bed18	0xStack[-0x18]	WRITE	0
0x001bed20	0x001bed2f	CONDITIONAL_JUMP	0
0x001bed28	0x001bed2f	CONDITIONAL_JUMP	0
0x001bed2d	0x001bed34	CONDITIONAL_JUMP	0
0x001bed36	0x001bed14	CONDITIONAL_JUMP	0
0x001bed3b	0x001bed48	CONDITIONAL_JUMP	0
0x001bed3d	0xStack[-0xc]	WRITE	0
0x001bed44	0x001bed4d	UNCONDITIONAL_JUMP	0
0x001bed4b	0x001bed51	CONDITIONAL_JUMP	0
0x001bed51	0xStack[0xc]	READ	0
0x001bed55	0x001bed5d	CONDITIONAL_JUMP	0
0x001bed57	0xStack[0xc]	READ	0
0x001bed5b	0x001bed7c	CONDITIONAL_JUMP	0
0x001bed60	0x001bed7c	CONDITIONAL_JUMP	0
0x001bed66	0x001bed6c	CONDITIONAL_JUMP	0
0x001bed6a	0x001bed7c	CONDITIONAL_JUMP	0
0x001bed73	0xStack[0xc]	WRITE	0
0x001bed7a	0x001bedbe	UNCONDITIONAL_JUMP	0
0x001bed7c	0xStack[0xc]	READ	0
0x001bed80	0x001bed88	CONDITIONAL_JUMP	0
0x001bed82	0xStack[0xc]	READ	0
0x001bed86	0x001beda5	CONDITIONAL_JUMP	0
0x001bed8b	0x001beda5	CONDITIONAL_JUMP	0
0x001bed91	0x001bed97	CONDITIONAL_JUMP	0
0x001bed95	0x001beda5	CONDITIONAL_JUMP	0
0x001bed9e	0xStack[0xc]	WRITE	0
0x001beda5	0xStack[0xc]	READ	0
0x001beda9	0x001bedbe	CONDITIONAL_JUMP	0
0x001bedab	0xStack[0xc]	WRITE	0
0x001bedb5	0x001bedbe	CONDITIONAL_JUMP	0
0x001bedb7	0xStack[0xc]	WRITE	0
0x001bedc5	0xStack[0xc]	READ	0
0x001bedc8	0xStack[-0x14]	WRITE	0
0x001bedcb	0xStack[-0x8]	WRITE	0
0x001bedd0	0xStack[-0x10]	WRITE	0
0x001bedd8	0xStack[-0x18]	WRITE	0
0x001bede1	0x001bede8	CONDITIONAL_JUMP	0
0x001bede6	0x001bee19	UNCONDITIONAL_JUMP	0
0x001bedea	0xStack[-0x18]	READ	1
0x001bedf1	0x001bedfc	CONDITIONAL_JUMP	0
0x001bedf3	0xStack[-0x18]	READ	1
0x001bedfa	0x001bee01	CONDITIONAL_JUMP	0
0x001bee03	0x001bee50	CONDITIONAL_JUMP	0
0x001bee0b	0x001bee14	CONDITIONAL_JUMP	0
0x001bee10	0x001bee17	UNCONDITIONAL_JUMP	0
0x001bee19	0xStack[0xc]	READ	0
0x001bee1c	0x001bee50	CONDITIONAL_JUMP	0
0x001bee1e	0xStack[-0x10]	READ	0
0x001bee22	0x001bee30	CONDITIONAL_JUMP	0
0x001bee24	0xStack[-0x8]	READ	0
0x001bee27	0x001bee30	CONDITIONAL_JUMP	0
0x001bee29	0x001bee3c	CONDITIONAL_JUMP	0
0x001bee2b	0xStack[-0x14]	READ	0
0x001bee2e	0x001bee3c	CONDITIONAL_JUMP	0
0x001bee30	0xStack[-0x10]	WRITE	0
0x001bee37	0x001bee49	UNCONDITIONAL_JUMP	0
0x001bee3c	0xStack[-0x10]	WRITE	0
0x001bee43	0xStack[0xc]	READ	1
0x001bee4d	0x001bedd8	UNCONDITIONAL_JUMP	0
0x001bee50	0xStack[-0x10]	READ	0
0x001bee54	0x001bee60	CONDITIONAL_JUMP	0
0x001bee5b	0x001bee68	UNCONDITIONAL_JUMP	0
0x001bee60	0xStack[-0xc]	READ	0
0x001bee64	0x001bee68	CONDITIONAL_JUMP	0
0x001bee68	0xStack[0x8]	READ	0
0x001bee6c	0x001bee7f	CONDITIONAL_JUMP	0
0x001bee6e	0xStack[0x4]	READ	1
0x001bee71	0xStack[-0x10]	READ	0
0x001bee75	0x001bee7a	CONDITIONAL_JUMP	0
0x001bee7a	0xStack[0x8]	READ	1
0x001bee81	0xStack[-0x24]	DATA	0
0x001bee91	0xStack[0x4]	READ	1
0x001bee94	0xStack[0x8]	READ	1
0x001beebe	0x001d614c	READ	1
0x001beeda	0x001beee7	CONDITIONAL_JUMP	0
0x001beee5	0x001beeec	CONDITIONAL_JUMP	0
0x001beee9	0x001beef5	UNCONDITIONAL_JUMP	0
0x001beef5	0xStack[-0xc]	DATA	0
0x001bef04	0xStack[0x4]	READ	1
0x001bef07	0xStack[0x8]	READ	1
0x001bef12	0x001bef18	CONDITIONAL_JUMP	0
0x001bef16	0x001bef24	CONDITIONAL_JUMP	0
0x001bef1f	0x001bef59	UNCONDITIONAL_JUMP	0
0x001bef24	0x001d60e4	READ	1
0x001bef2c	0x001bef38	CONDITIONAL_JUMP	0
0x001bef35	0x001bef48	UNCONDITIONAL_JUMP	0
0x001bef40	0x001b3680	UNCONDITIONAL_CALL	0
0x001bef4c	0x001bef59	CONDITIONAL_JUMP	0
0x001bef59	0xStack[-0x8]	READ	1
0x001bef64	0xStack[0x4]	READ	1
0x001bef67	0xStack[0x8]	READ	1
0x001bef72	0x001bef78	CONDITIONAL_JUMP	0
0x001bef76	0x001bef84	CONDITIONAL_JUMP	0
0x001bef7f	0x001befb9	UNCONDITIONAL_JUMP	0
0x001bef84	0x001d60e8	READ	1
0x001bef8c	0x001bef98	CONDITIONAL_JUMP	0
0x001bef95	0x001befa8	UNCONDITIONAL_JUMP	0
0x001befa0	0x001b36b4	UNCONDITIONAL_CALL	0
0x001befac	0x001befb9	CONDITIONAL_JUMP	0
0x001befb9	0xStack[-0x8]	READ	1
0x001befc4	0xStack[0x4]	READ	1
0x001befc7	0xStack[0x8]	READ	1
0x001befd2	0x001befd8	CONDITIONAL_JUMP	0
0x001befd6	0x001befe4	CONDITIONAL_JUMP	0
0x001befdf	0x001bf042	UNCONDITIONAL_JUMP	0
0x001befe4	0x001d60ec	READ	1
0x001befec	0x001bf002	CONDITIONAL_JUMP	0
0x001befee	0x001d60f0	READ	1
0x001beff6	0x001bf002	CONDITIONAL_JUMP	0
0x001beff8	0x001d60f4	READ	1
0x001bf000	0x001bf00c	CONDITIONAL_JUMP	0
0x001bf009	0x001bf028	UNCONDITIONAL_JUMP	0
0x001bf020	0x001b3720	UNCONDITIONAL_CALL	0
0x001bf02c	0x001bf042	CONDITIONAL_JUMP	0
0x001bf02e	0x001d60f8	READ	1
0x001bf042	0xStack[-0x8]	READ	1
0x001bf050	0xStack[0x4]	READ	1
0x001bf053	0xStack[0x8]	READ	1
0x001bf061	0x001bf067	CONDITIONAL_JUMP	0
0x001bf065	0x001bf070	CONDITIONAL_JUMP	0
0x001bf06e	0x001bf0ce	UNCONDITIONAL_JUMP	0
0x001bf070	0x001d60fc	READ	1
0x001bf078	0x001bf08e	CONDITIONAL_JUMP	0
0x001bf07a	0x001d6100	READ	1
0x001bf082	0x001bf08e	CONDITIONAL_JUMP	0
0x001bf084	0x001d6104	READ	1
0x001bf08c	0x001bf098	CONDITIONAL_JUMP	0
0x001bf095	0x001bf0b4	UNCONDITIONAL_JUMP	0
0x001bf0ac	0x001b375c	UNCONDITIONAL_CALL	0
0x001bf0b8	0x001bf0ce	CONDITIONAL_JUMP	0
0x001bf0ba	0x001d6108	READ	1
0x001bf0ce	0xStack[-0x8]	READ	1
0x001bf0dc	0xStack[0x4]	READ	1
0x001bf0df	0xStack[0x8]	READ	1
0x001bf0ea	0x001bf0f0	CONDITIONAL_JUMP	0
0x001bf0ee	0x001bf0fc	CONDITIONAL_JUMP	0
0x001bf0f7	0x001bf141	UNCONDITIONAL_JUMP	0
0x001bf0fc	0x001d610c	READ	1
0x001bf104	0x001bf110	CONDITIONAL_JUMP	0
0x001bf106	0x001d6110	READ	1
0x001bf10e	0x001bf11c	CONDITIONAL_JUMP	0
0x001bf117	0x001bf130	UNCONDITIONAL_JUMP	0
0x001bf128	0x001b36e8	UNCONDITIONAL_CALL	0
0x001bf134	0x001bf141	CONDITIONAL_JUMP	0
0x001bf141	0xStack[-0x8]	READ	1
0x001bf150	0xStack[0x4]	READ	1
0x001bf153	0xStack[0x8]	READ	1
0x001bf15e	0x001bf165	CONDITIONAL_JUMP	0
0x001bf163	0x001bf174	CONDITIONAL_JUMP	0
0x001bf16c	0x001bf1f7	UNCONDITIONAL_JUMP	0
0x001bf174	0x001d6114	READ	1
0x001bf17c	0x001bf192	CONDITIONAL_JUMP	0
0x001bf17e	0x001d6118	READ	1
0x001bf186	0x001bf192	CONDITIONAL_JUMP	0
0x001bf188	0x001d611c	READ	1
0x001bf190	0x001bf19c	CONDITIONAL_JUMP	0
0x001bf199	0x001bf1c3	UNCONDITIONAL_JUMP	0
0x001bf19c	0xStack[-0x8]	WRITE	0
0x001bf1a3	0xStack[-0x8]	DATA	0
0x001bf1bb	0x001b34c0	UNCONDITIONAL_CALL	0
0x001bf1c7	0x001bf1f7	CONDITIONAL_JUMP	0
0x001bf1c9	0x001d6120	READ	1
0x001bf1d2	0xStack[-0x8]	READ	1
0x001bf1f7	0xStack[-0x10]	DATA	0
0x001bf207	0xStack[0x4]	READ	1
0x001bf20a	0xStack[0x8]	READ	1
0x001bf215	0x001bf21c	CONDITIONAL_JUMP	0
0x001bf21a	0x001bf228	CONDITIONAL_JUMP	0
0x001bf223	0x001bf2b0	UNCONDITIONAL_JUMP	0
0x001bf228	0x001d6124	READ	1
0x001bf230	0x001bf246	CONDITIONAL_JUMP	0
0x001bf232	0x001d6128	READ	1
0x001bf23a	0x001bf246	CONDITIONAL_JUMP	0
0x001bf23c	0x001d612c	READ	1
0x001bf244	0x001bf250	CONDITIONAL_JUMP	0
0x001bf24d	0x001bf277	UNCONDITIONAL_JUMP	0
0x001bf250	0xStack[-0x8]	WRITE	0
0x001bf257	0xStack[-0x8]	DATA	0
0x001bf26f	0x001b3524	UNCONDITIONAL_CALL	0
0x001bf27b	0x001bf2b0	CONDITIONAL_JUMP	0
0x001bf27d	0x001d6130	READ	1
0x001bf286	0x001d6134	READ	1
0x001bf28f	0x001d6138	READ	1
0x001bf298	0xStack[-0x8]	READ	1
0x001bf29e	0xStack[-0x8]	READ	1
0x001bf2b0	0xStack[-0xc]	READ	1
0x001bf2be	0xStack[0x4]	READ	1
0x001bf2c1	0xStack[0x8]	READ	1
0x001bf2d3	0x001bf2da	CONDITIONAL_JUMP	0
0x001bf2d8	0x001bf2e4	CONDITIONAL_JUMP	0
0x001bf2e1	0x001bf352	UNCONDITIONAL_JUMP	0
0x001bf2e4	0x001d613c	READ	1
0x001bf2ec	0x001bf31c	CONDITIONAL_JUMP	0
0x001bf2ee	0x001d6140	READ	1
0x001bf2f6	0x001bf31c	CONDITIONAL_JUMP	0
0x001bf305	0x001bf31c	CONDITIONAL_JUMP	0
0x001bf31a	0x001bf328	CONDITIONAL_JUMP	0
0x001bf323	0x001bf341	UNCONDITIONAL_JUMP	0
0x001bf339	0x001b3588	UNCONDITIONAL_CALL	0
0x001bf345	0x001bf352	CONDITIONAL_JUMP	0
0x001bf352	0xStack[-0x10]	DATA	0
0x001bf362	0xStack[0x4]	READ	1
0x001bf365	0xStack[0x8]	READ	1
0x001bf377	0x001bf37e	CONDITIONAL_JUMP	0
0x001bf37c	0x001bf388	CONDITIONAL_JUMP	0
0x001bf385	0x001bf3f2	UNCONDITIONAL_JUMP	0
0x001bf388	0x001d6144	READ	1
0x001bf390	0x001bf3bd	CONDITIONAL_JUMP	0
0x001bf392	0x001d6148	READ	1
0x001bf39a	0x001bf3bd	CONDITIONAL_JUMP	0
0x001bf3a3	0x001bf3bd	CONDITIONAL_JUMP	0
0x001bf3ac	0x001bf3bd	CONDITIONAL_JUMP	0
0x001bf3bb	0x001bf3c8	CONDITIONAL_JUMP	0
0x001bf3c4	0x001bf3e1	UNCONDITIONAL_JUMP	0
0x001bf3d9	0x001b3604	UNCONDITIONAL_CALL	0
0x001bf3e5	0x001bf3f2	CONDITIONAL_JUMP	0
0x001bf3f2	0xStack[-0x10]	DATA	0
0x001bf401	0xStack[0x4]	READ	1
0x001bf404	0xStack[0x8]	READ	1
0x001bf42e	0x001d62b4	READ	1
0x001bf44a	0x001bf457	CONDITIONAL_JUMP	0
0x001bf44c	0x001d57c8	DATA	1
0x001bf455	0x001bf45c	CONDITIONAL_JUMP	0
0x001bf459	0x001bf465	UNCONDITIONAL_JUMP	0
0x001bf465	0xStack[-0xc]	DATA	0
0x001bf474	0xStack[0x4]	READ	1
0x001bf477	0xStack[0x8]	READ	1
0x001bf482	0x001bf489	CONDITIONAL_JUMP	0
0x001bf487	0x001bf494	CONDITIONAL_JUMP	0
0x001bf490	0x001bf4c5	UNCONDITIONAL_JUMP	0
0x001bf49c	0x001bb3a8	UNCONDITIONAL_CALL	0
0x001bf4a5	0x001bb418	UNCONDITIONAL_CALL	0
0x001bf4af	0x001bf4c5	CONDITIONAL_JUMP	0
0x001bf4b1	0x001d6174	READ	1
0x001bf4c5	0xStack[-0x8]	READ	1
0x001bf4d0	0xStack[0x4]	READ	1
0x001bf4d3	0xStack[0x8]	READ	1
0x001bf4de	0x001bf4e4	CONDITIONAL_JUMP	0
0x001bf4e2	0x001bf4f0	CONDITIONAL_JUMP	0
0x001bf4eb	0x001bf52e	UNCONDITIONAL_JUMP	0
0x001bf4f0	0x001d6178	READ	1
0x001bf4f8	0x001bf504	CONDITIONAL_JUMP	0
0x001bf501	0x001bf51d	UNCONDITIONAL_JUMP	0
0x001bf50c	0x001bb3a8	UNCONDITIONAL_CALL	0
0x001bf515	0x001bb448	UNCONDITIONAL_CALL	0
0x001bf521	0x001bf52e	CONDITIONAL_JUMP	0
0x001bf52e	0xStack[-0x8]	READ	1
0x001bf53c	0xStack[0x4]	READ	1
0x001bf53f	0xStack[0x8]	READ	1
0x001bf54a	0x001bf551	CONDITIONAL_JUMP	0
0x001bf54f	0x001bf55c	CONDITIONAL_JUMP	0
0x001bf558	0x001bf59a	UNCONDITIONAL_JUMP	0
0x001bf568	0x001bb3a8	UNCONDITIONAL_CALL	0
0x001bf571	0x001bb478	UNCONDITIONAL_CALL	0
0x001bf57b	0x001bf59a	CONDITIONAL_JUMP	0
0x001bf57d	0x001d617c	READ	1
0x001bf586	0x001d6180	READ	1
0x001bf59a	0xStack[-0x8]	READ	1
0x001bf5a8	0xStack[0x4]	READ	1
0x001bf5ab	0xStack[0x8]	READ	1
0x001bf5b6	0x001bf5bc	CONDITIONAL_JUMP	0
0x001bf5ba	0x001bf5c8	CONDITIONAL_JUMP	0
0x001bf5c3	0x001bf622	UNCONDITIONAL_JUMP	0
0x001bf5c8	0x001d6184	READ	1
0x001bf5d0	0x001bf5e6	CONDITIONAL_JUMP	0
0x001bf5d2	0x001d6188	READ	1
0x001bf5da	0x001bf5e6	CONDITIONAL_JUMP	0
0x001bf5dc	0x001d618c	READ	1
0x001bf5e4	0x001bf5f0	CONDITIONAL_JUMP	0
0x001bf5ed	0x001bf611	UNCONDITIONAL_JUMP	0
0x001bf600	0x001bb3a8	UNCONDITIONAL_CALL	0
0x001bf609	0x001bb4e4	UNCONDITIONAL_CALL	0
0x001bf615	0x001bf622	CONDITIONAL_JUMP	0
0x001bf622	0xStack[-0x8]	READ	1
0x001bf630	0xStack[0x4]	READ	1
0x001bf633	0xStack[0x8]	READ	1
0x001bf63e	0x001bf644	CONDITIONAL_JUMP	0
0x001bf642	0x001bf650	CONDITIONAL_JUMP	0
0x001bf64b	0x001bf69e	UNCONDITIONAL_JUMP	0
0x001bf650	0x001d6190	READ	1
0x001bf658	0x001bf664	CONDITIONAL_JUMP	0
0x001bf65a	0x001d6194	READ	1
0x001bf662	0x001bf670	CONDITIONAL_JUMP	0
0x001bf66b	0x001bf68d	UNCONDITIONAL_JUMP	0
0x001bf67c	0x001bb3a8	UNCONDITIONAL_CALL	0
0x001bf685	0x001bb568	UNCONDITIONAL_CALL	0
0x001bf691	0x001bf69e	CONDITIONAL_JUMP	0
0x001bf69e	0xStack[-0x8]	READ	1
0x001bf6ac	0xStack[0x4]	READ	1
0x001bf6af	0xStack[0x8]	READ	1
0x001bf6ba	0x001bf6c0	CONDITIONAL_JUMP	0
0x001bf6be	0x001bf6cc	CONDITIONAL_JUMP	0
0x001bf6c7	0x001bf733	UNCONDITIONAL_JUMP	0
0x001bf6cc	0x001d6198	READ	1
0x001bf6d4	0x001bf6ea	CONDITIONAL_JUMP	0
0x001bf6d6	0x001d619c	READ	1
0x001bf6de	0x001bf6ea	CONDITIONAL_JUMP	0
0x001bf6e0	0x001d61a0	READ	1
0x001bf6e8	0x001bf6f4	CONDITIONAL_JUMP	0
0x001bf6f1	0x001bf719	UNCONDITIONAL_JUMP	0
0x001bf708	0x001bb3a8	UNCONDITIONAL_CALL	0
0x001bf711	0x001bb5d4	UNCONDITIONAL_CALL	0
0x001bf71d	0x001bf733	CONDITIONAL_JUMP	0
0x001bf71f	0x001d61a4	READ	1
0x001bf733	0xStack[-0x8]	READ	1
0x001bf740	0xStack[0x4]	READ	1
0x001bf743	0xStack[0x8]	READ	1
0x001bf74e	0x001bf755	CONDITIONAL_JUMP	0
0x001bf753	0x001bf760	CONDITIONAL_JUMP	0
0x001bf75c	0x001bf79e	UNCONDITIONAL_JUMP	0
0x001bf76c	0x001bb3a8	UNCONDITIONAL_CALL	0
0x001bf775	0x001bb63c	UNCONDITIONAL_CALL	0
0x001bf77f	0x001bf79e	CONDITIONAL_JUMP	0
0x001bf781	0x001d61a8	READ	1
0x001bf78a	0x001d61ac	READ	1
0x001bf79e	0xStack[-0x8]	READ	1
0x001bf7ac	0xStack[0x4]	READ	1
0x001bf7af	0xStack[0x8]	READ	1
0x001bf7ba	0x001bf7c0	CONDITIONAL_JUMP	0
0x001bf7be	0x001bf7cc	CONDITIONAL_JUMP	0
0x001bf7c7	0x001bf826	UNCONDITIONAL_JUMP	0
0x001bf7cc	0x001d61b0	READ	1
0x001bf7d4	0x001bf7ea	CONDITIONAL_JUMP	0
0x001bf7d6	0x001d61b4	READ	1
0x001bf7de	0x001bf7ea	CONDITIONAL_JUMP	0
0x001bf7e0	0x001d61b8	READ	1
0x001bf7e8	0x001bf7f4	CONDITIONAL_JUMP	0
0x001bf7f1	0x001bf815	UNCONDITIONAL_JUMP	0
0x001bf804	0x001bb3a8	UNCONDITIONAL_CALL	0
0x001bf80d	0x001bb68c	UNCONDITIONAL_CALL	0
0x001bf819	0x001bf826	CONDITIONAL_JUMP	0
0x001bf826	0xStack[-0x8]	READ	1
0x001bf834	0xStack[0x4]	READ	1
0x001bf837	0xStack[0x8]	READ	1
0x001bf842	0x001bf849	CONDITIONAL_JUMP	0
0x001bf847	0x001bf854	CONDITIONAL_JUMP	0
0x001bf850	0x001bf892	UNCONDITIONAL_JUMP	0
0x001bf860	0x001bb3a8	UNCONDITIONAL_CALL	0
0x001bf869	0x001bb6f8	UNCONDITIONAL_CALL	0
0x001bf873	0x001bf892	CONDITIONAL_JUMP	0
0x001bf875	0x001d61bc	READ	1
0x001bf87e	0x001d61c0	READ	1
0x001bf892	0xStack[-0x8]	READ	1
0x001bf8a0	0xStack[0x4]	READ	1
0x001bf8a3	0xStack[0x8]	READ	1
0x001bf8ae	0x001bf8b5	CONDITIONAL_JUMP	0
0x001bf8b3	0x001bf8c0	CONDITIONAL_JUMP	0
0x001bf8bc	0x001bf8f1	UNCONDITIONAL_JUMP	0
0x001bf8c8	0x001bb3a8	UNCONDITIONAL_CALL	0
0x001bf8d1	0x001bb758	UNCONDITIONAL_CALL	0
0x001bf8db	0x001bf8f1	CONDITIONAL_JUMP	0
0x001bf8dd	0x001d61c4	READ	1
0x001bf8f1	0xStack[-0x8]	READ	1
0x001bf8fc	0xStack[0x4]	READ	1
0x001bf8ff	0xStack[0x8]	READ	1
0x001bf90a	0x001bf911	CONDITIONAL_JUMP	0
0x001bf90f	0x001bf91c	CONDITIONAL_JUMP	0
0x001bf918	0x001bf94d	UNCONDITIONAL_JUMP	0
0x001bf924	0x001bb3a8	UNCONDITIONAL_CALL	0
0x001bf92d	0x001bb788	UNCONDITIONAL_CALL	0
0x001bf937	0x001bf94d	CONDITIONAL_JUMP	0
0x001bf939	0x001d61c8	READ	1
0x001bf94d	0xStack[-0x8]	READ	1
0x001bf958	0xStack[0x4]	READ	1
0x001bf95b	0xStack[0x8]	READ	1
0x001bf966	0x001bf96c	CONDITIONAL_JUMP	0
0x001bf96a	0x001bf978	CONDITIONAL_JUMP	0
0x001bf973	0x001bf9c6	UNCONDITIONAL_JUMP	0
0x001bf978	0x001d61cc	READ	1
0x001bf980	0x001bf98c	CONDITIONAL_JUMP	0
0x001bf982	0x001d61d0	READ	1
0x001bf98a	0x001bf998	CONDITIONAL_JUMP	0
0x001bf993	0x001bf9b5	UNCONDITIONAL_JUMP	0
0x001bf9a4	0x001bb3a8	UNCONDITIONAL_CALL	0
0x001bf9ad	0x001bb844	UNCONDITIONAL_CALL	0
0x001bf9b9	0x001bf9c6	CONDITIONAL_JUMP	0
0x001bf9c6	0xStack[-0x8]	READ	1
0x001bf9d4	0xStack[0x4]	READ	1
0x001bf9d7	0xStack[0x8]	READ	1
0x001bf9e2	0x001bf9e9	CONDITIONAL_JUMP	0
0x001bf9e7	0x001bf9f4	CONDITIONAL_JUMP	0
0x001bf9f0	0x001bfa32	UNCONDITIONAL_JUMP	0
0x001bfa00	0x001bb3a8	UNCONDITIONAL_CALL	0
0x001bfa09	0x001bb954	UNCONDITIONAL_CALL	0
0x001bfa13	0x001bfa32	CONDITIONAL_JUMP	0
0x001bfa15	0x001d61d4	READ	1
0x001bfa1e	0x001d61d8	READ	1
0x001bfa32	0xStack[-0x8]	READ	1
0x001bfa40	0xStack[0x4]	READ	1
0x001bfa43	0xStack[0x8]	READ	1
0x001bfa4e	0x001bfa54	CONDITIONAL_JUMP	0
0x001bfa52	0x001bfa60	CONDITIONAL_JUMP	0
0x001bfa5b	0x001bfaba	UNCONDITIONAL_JUMP	0
0x001bfa60	0x001d61dc	READ	1
0x001bfa68	0x001bfa7e	CONDITIONAL_JUMP	0
0x001bfa6a	0x001d61e0	READ	1
0x001bfa72	0x001bfa7e	CONDITIONAL_JUMP	0
0x001bfa74	0x001d61e4	READ	1
0x001bfa7c	0x001bfa88	CONDITIONAL_JUMP	0
0x001bfa85	0x001bfaa9	UNCONDITIONAL_JUMP	0
0x001bfa98	0x001bb3a8	UNCONDITIONAL_CALL	0
0x001bfaa1	0x001bb9c0	UNCONDITIONAL_CALL	0
0x001bfaad	0x001bfaba	CONDITIONAL_JUMP	0
0x001bfaba	0xStack[-0x8]	READ	1
0x001bfac8	0xStack[0x4]	READ	1
0x001bfacb	0xStack[0x8]	READ	1
0x001bfad6	0x001bfadd	CONDITIONAL_JUMP	0
0x001bfadb	0x001bfae8	CONDITIONAL_JUMP	0
0x001bfae4	0x001bfb36	UNCONDITIONAL_JUMP	0
0x001bfae8	0x001d61e8	READ	1
0x001bfaf0	0x001bfafc	CONDITIONAL_JUMP	0
0x001bfaf2	0x001d61ec	READ	1
0x001bfafa	0x001bfb08	CONDITIONAL_JUMP	0
0x001bfb03	0x001bfb25	UNCONDITIONAL_JUMP	0
0x001bfb14	0x001bb3e0	UNCONDITIONAL_CALL	0
0x001bfb1d	0x001bba44	UNCONDITIONAL_CALL	0
0x001bfb29	0x001bfb36	CONDITIONAL_JUMP	0
0x001bfb36	0xStack[-0x8]	READ	1
0x001bfb44	0xStack[0x4]	READ	1
0x001bfb47	0xStack[0x8]	READ	1
0x001bfb52	0x001bfb58	CONDITIONAL_JUMP	0
0x001bfb56	0x001bfb64	CONDITIONAL_JUMP	0
0x001bfb5f	0x001bfba2	UNCONDITIONAL_JUMP	0
0x001bfb64	0x001d61f0	READ	1
0x001bfb6c	0x001bfb78	CONDITIONAL_JUMP	0
0x001bfb75	0x001bfb91	UNCONDITIONAL_JUMP	0
0x001bfb80	0x001bb3e0	UNCONDITIONAL_CALL	0
0x001bfb89	0x001bbac8	UNCONDITIONAL_CALL	0
0x001bfb95	0x001bfba2	CONDITIONAL_JUMP	0
0x001bfba2	0xStack[-0x8]	READ	1
0x001bfbb0	0xStack[0x4]	READ	1
0x001bfbb3	0xStack[0x8]	READ	1
0x001bfbbe	0x001bfbc5	CONDITIONAL_JUMP	0
0x001bfbc3	0x001bfbd0	CONDITIONAL_JUMP	0
0x001bfbcc	0x001bfc22	UNCONDITIONAL_JUMP	0
0x001bfbd0	0x001d61f4	READ	1
0x001bfbd9	0x001bfbe6	CONDITIONAL_JUMP	0
0x001bfbdb	0x001d61f8	READ	1
0x001bfbe4	0x001bfbf0	CONDITIONAL_JUMP	0
0x001bfbed	0x001bfc11	UNCONDITIONAL_JUMP	0
0x001bfc00	0x001bb3e0	UNCONDITIONAL_CALL	0
0x001bfc09	0x001bbaf8	UNCONDITIONAL_CALL	0
0x001bfc15	0x001bfc22	CONDITIONAL_JUMP	0
0x001bfc22	0xStack[-0x8]	READ	1
0x001bfc30	0xStack[0x4]	READ	1
0x001bfc33	0xStack[0x8]	READ	1
0x001bfc3e	0x001bfc45	CONDITIONAL_JUMP	0
0x001bfc43	0x001bfc50	CONDITIONAL_JUMP	0
0x001bfc4c	0x001bfc8e	UNCONDITIONAL_JUMP	0
0x001bfc5c	0x001bb3e0	UNCONDITIONAL_CALL	0
0x001bfc65	0x001bbbbc	UNCONDITIONAL_CALL	0
0x001bfc6f	0x001bfc8e	CONDITIONAL_JUMP	0
0x001bfc71	0x001d61fc	READ	1
0x001bfc7a	0x001d6200	READ	1
0x001bfc8e	0xStack[-0x8]	READ	1
0x001bfc9c	0xStack[0x4]	READ	1
0x001bfc9f	0xStack[0x8]	READ	1
0x001bfcaa	0x001bfcb1	CONDITIONAL_JUMP	0
0x001bfcaf	0x001bfcbc	CONDITIONAL_JUMP	0
0x001bfcb8	0x001bfcdd	UNCONDITIONAL_JUMP	0
0x001bfcc0	0x001bb3e0	UNCONDITIONAL_CALL	0
0x001bfcc6	0x001bbbf0	UNCONDITIONAL_CALL	0
0x001bfcd0	0x001bfcdd	CONDITIONAL_JUMP	0
0x001bfcdd	0xStack[-0x8]	READ	1
0x001bfce8	0xStack[0x4]	READ	1
0x001bfceb	0xStack[0x8]	READ	1
0x001bfcf6	0x001bfcfc	CONDITIONAL_JUMP	0
0x001bfcfa	0x001bfd08	CONDITIONAL_JUMP	0
0x001bfd03	0x001bfdd2	UNCONDITIONAL_JUMP	0
0x001bfd0f	0x001bfd74	CONDITIONAL_JUMP	0
0x001bfd18	0x001bfd74	CONDITIONAL_JUMP	0
0x001bfd1a	0x001d6204	READ	1
0x001bfd22	0x001bfd74	CONDITIONAL_JUMP	0
0x001bfd24	0x001d6208	READ	1
0x001bfd2c	0x001bfd74	CONDITIONAL_JUMP	0
0x001bfd2e	0x001d620c	READ	1
0x001bfd36	0x001bfd74	CONDITIONAL_JUMP	0
0x001bfd38	0x001d6210	READ	1
0x001bfd40	0x001bfd74	CONDITIONAL_JUMP	0
0x001bfd42	0x001d6214	READ	1
0x001bfd4a	0x001bfd74	CONDITIONAL_JUMP	0
0x001bfd4c	0x001d6218	READ	1
0x001bfd54	0x001bfd74	CONDITIONAL_JUMP	0
0x001bfd56	0x001d621c	READ	1
0x001bfd5e	0x001bfd74	CONDITIONAL_JUMP	0
0x001bfd60	0x001d6220	READ	1
0x001bfd68	0x001bfd74	CONDITIONAL_JUMP	0
0x001bfd6a	0x001d6224	READ	1
0x001bfd72	0x001bfd80	CONDITIONAL_JUMP	0
0x001bfd7b	0x001bfdc1	UNCONDITIONAL_JUMP	0
0x001bfdb0	0x001bb3e0	UNCONDITIONAL_CALL	0
0x001bfdb9	0x001bbc2c	UNCONDITIONAL_CALL	0
0x001bfdc5	0x001bfdd2	CONDITIONAL_JUMP	0
0x001bfdd2	0xStack[-0x8]	READ	1
0x001bfde0	0xStack[0x4]	READ	1
0x001bfde3	0xStack[0x8]	READ	1
0x001bfdee	0x001bfdf5	CONDITIONAL_JUMP	0
0x001bfdf3	0x001bfe00	CONDITIONAL_JUMP	0
0x001bfdfc	0x001bfe4e	UNCONDITIONAL_JUMP	0
0x001bfe00	0x001d6228	READ	1
0x001bfe08	0x001bfe14	CONDITIONAL_JUMP	0
0x001bfe0a	0x001d622c	READ	1
0x001bfe12	0x001bfe20	CONDITIONAL_JUMP	0
0x001bfe1b	0x001bfe3d	UNCONDITIONAL_JUMP	0
0x001bfe2c	0x001bb3e0	UNCONDITIONAL_CALL	0
0x001bfe35	0x001bbd90	UNCONDITIONAL_CALL	0
0x001bfe41	0x001bfe4e	CONDITIONAL_JUMP	0
0x001bfe4e	0xStack[-0x8]	READ	1
0x001bfe5c	0xStack[0x4]	READ	1
0x001bfe5f	0xStack[0x8]	READ	1
0x001bfe6a	0x001bfe71	CONDITIONAL_JUMP	0
0x001bfe6f	0x001bfe7c	CONDITIONAL_JUMP	0
0x001bfe78	0x001bfeba	UNCONDITIONAL_JUMP	0
0x001bfe88	0x001bb3e0	UNCONDITIONAL_CALL	0
0x001bfe91	0x001bbdec	UNCONDITIONAL_CALL	0
0x001bfe9b	0x001bfeba	CONDITIONAL_JUMP	0
0x001bfe9d	0x001d6230	READ	1
0x001bfea6	0x001d6234	READ	1
0x001bfeba	0xStack[-0x8]	READ	1
0x001bfec8	0xStack[0x4]	READ	1
0x001bfecb	0xStack[0x8]	READ	1
0x001bfed6	0x001bfedc	CONDITIONAL_JUMP	0
0x001bfeda	0x001bfee8	CONDITIONAL_JUMP	0
0x001bfee3	0x001bff6e	UNCONDITIONAL_JUMP	0
0x001bfee8	0x001d6238	READ	1
0x001bfef0	0x001bff24	CONDITIONAL_JUMP	0
0x001bfef2	0x001d623c	READ	1
0x001bfefa	0x001bff24	CONDITIONAL_JUMP	0
0x001bfefc	0x001d6240	READ	1
0x001bff04	0x001bff24	CONDITIONAL_JUMP	0
0x001bff06	0x001d6244	READ	1
0x001bff0e	0x001bff24	CONDITIONAL_JUMP	0
0x001bff10	0x001d6248	READ	1
0x001bff18	0x001bff24	CONDITIONAL_JUMP	0
0x001bff1a	0x001d624c	READ	1
0x001bff22	0x001bff30	CONDITIONAL_JUMP	0
0x001bff2b	0x001bff5d	UNCONDITIONAL_JUMP	0
0x001bff4c	0x001bb3e0	UNCONDITIONAL_CALL	0
0x001bff55	0x001bbe60	UNCONDITIONAL_CALL	0
0x001bff61	0x001bff6e	CONDITIONAL_JUMP	0
0x001bff6e	0xStack[-0x8]	READ	1
0x001bff7c	0xStack[0x4]	READ	1
0x001bff7f	0xStack[0x8]	READ	1
0x001bff8a	0x001bff90	CONDITIONAL_JUMP	0
0x001bff8e	0x001bff9c	CONDITIONAL_JUMP	0
0x001bff97	0x001c0012	UNCONDITIONAL_JUMP	0
0x001bffa3	0x001bffcc	CONDITIONAL_JUMP	0
0x001bffac	0x001bffcc	CONDITIONAL_JUMP	0
0x001bffae	0x001d6250	READ	1
0x001bffb6	0x001bffcc	CONDITIONAL_JUMP	0
0x001bffb8	0x001d6254	READ	1
0x001bffc0	0x001bffcc	CONDITIONAL_JUMP	0
0x001bffc2	0x001d6258	READ	1
0x001bffca	0x001bffd8	CONDITIONAL_JUMP	0
0x001bffd3	0x001c0001	UNCONDITIONAL_JUMP	0
0x001bfff0	0x001bb3e0	UNCONDITIONAL_CALL	0
0x001bfff9	0x001bbff4	UNCONDITIONAL_CALL	0
0x001c0005	0x001c0012	CONDITIONAL_JUMP	0
0x001c0012	0xStack[-0x8]	READ	1
0x001c0020	0xStack[0x4]	READ	1
0x001c0023	0xStack[0x8]	READ	1
0x001c002e	0x001c0034	CONDITIONAL_JUMP	0
0x001c0032	0x001c0040	CONDITIONAL_JUMP	0
0x001c003b	0x001c00aa	UNCONDITIONAL_JUMP	0
0x001c0040	0x001d625c	READ	1
0x001c0048	0x001c0068	CONDITIONAL_JUMP	0
0x001c004a	0x001d6260	READ	1
0x001c0052	0x001c0068	CONDITIONAL_JUMP	0
0x001c0054	0x001d6264	READ	1
0x001c005c	0x001c0068	CONDITIONAL_JUMP	0
0x001c005e	0x001d6268	READ	1
0x001c0066	0x001c0074	CONDITIONAL_JUMP	0
0x001c006f	0x001c0099	UNCONDITIONAL_JUMP	0
0x001c0088	0x001bb3e0	UNCONDITIONAL_CALL	0
0x001c0091	0x001bc040	UNCONDITIONAL_CALL	0
0x001c009d	0x001c00aa	CONDITIONAL_JUMP	0
0x001c00aa	0xStack[-0x8]	READ	1
0x001c00bc	0xStack[0x4]	READ	1
0x001c00bf	0xStack[0x8]	READ	1
0x001c00ca	0x001c00d1	CONDITIONAL_JUMP	0
0x001c00cf	0x001c00dc	CONDITIONAL_JUMP	0
0x001c00d8	0x001c0134	UNCONDITIONAL_JUMP	0
0x001c00dc	0xStack[-0x8]	WRITE	0
0x001c00e3	0xStack[-0x8]	DATA	0
0x001c00ef	0x001bb3a8	UNCONDITIONAL_CALL	0
0x001c00f8	0x001bc088	UNCONDITIONAL_CALL	0
0x001c0102	0x001c0134	CONDITIONAL_JUMP	0
0x001c0104	0x001d626c	READ	1
0x001c010d	0xStack[-0x8]	READ	1
0x001c0134	0xStack[-0x10]	DATA	0
0x001c0149	0xStack[0x4]	READ	1
0x001c014c	0xStack[0x8]	READ	1
0x001c0161	0x001c0167	CONDITIONAL_JUMP	0
0x001c0165	0x001c0174	CONDITIONAL_JUMP	0
0x001c016e	0x001c01f6	UNCONDITIONAL_JUMP	0
0x001c0174	0x001d6270	READ	1
0x001c017c	0x001c01b7	CONDITIONAL_JUMP	0
0x001c018b	0x001c01b7	CONDITIONAL_JUMP	0
0x001c0197	0xStack[-0x8]	WRITE	0
0x001c01a9	0x001c01b7	CONDITIONAL_JUMP	0
0x001c01ad	0x001d6274	READ	1
0x001c01b5	0x001c01c0	CONDITIONAL_JUMP	0
0x001c01be	0x001c01e5	UNCONDITIONAL_JUMP	0
0x001c01c4	0xStack[-0x8]	READ	1
0x001c01d4	0x001bb3a8	UNCONDITIONAL_CALL	0
0x001c01dd	0x001bc0f8	UNCONDITIONAL_CALL	0
0x001c01e9	0x001c01f6	CONDITIONAL_JUMP	0
0x001c01f6	0xStack[-0x14]	DATA	0
0x001c0206	0xStack[0x4]	READ	1
0x001c0209	0xStack[0x8]	READ	1
0x001c021b	0x001c0222	CONDITIONAL_JUMP	0
0x001c0220	0x001c022c	CONDITIONAL_JUMP	0
0x001c0229	0x001c0294	UNCONDITIONAL_JUMP	0
0x001c0239	0x001c0250	CONDITIONAL_JUMP	0
0x001c024e	0x001c025c	CONDITIONAL_JUMP	0
0x001c0257	0x001c027a	UNCONDITIONAL_JUMP	0
0x001c0269	0x001bb3a8	UNCONDITIONAL_CALL	0
0x001c0272	0x001bc16c	UNCONDITIONAL_CALL	0
0x001c027e	0x001c0294	CONDITIONAL_JUMP	0
0x001c0280	0x001d6278	READ	1
0x001c0294	0xStack[-0x10]	DATA	0
0x001c02a8	0xStack[0x4]	READ	1
0x001c02ab	0xStack[0x8]	READ	1
0x001c02b6	0x001c02bd	CONDITIONAL_JUMP	0
0x001c02bb	0x001c02c8	CONDITIONAL_JUMP	0
0x001c02c4	0x001c031e	UNCONDITIONAL_JUMP	0
0x001c02c8	0xStack[-0x8]	WRITE	0
0x001c02cf	0xStack[-0x8]	DATA	0
0x001c02db	0x001bb3a8	UNCONDITIONAL_CALL	0
0x001c02e4	0x001bc1b4	UNCONDITIONAL_CALL	0
0x001c02ee	0x001c031e	CONDITIONAL_JUMP	0
0x001c02f0	0x001d627c	READ	1
0x001c02f9	0xStack[-0x8]	READ	1
0x001c031e	0xStack[-0x10]	DATA	0
0x001c0330	0xStack[0x4]	READ	1
0x001c0333	0xStack[0x8]	READ	1
0x001c033e	0x001c0345	CONDITIONAL_JUMP	0
0x001c0343	0x001c0350	CONDITIONAL_JUMP	0
0x001c034c	0x001c03c0	UNCONDITIONAL_JUMP	0
0x001c0350	0x001d6280	READ	1
0x001c0358	0x001c0364	CONDITIONAL_JUMP	0
0x001c0361	0x001c038c	UNCONDITIONAL_JUMP	0
0x001c0364	0xStack[-0x8]	WRITE	0
0x001c036b	0xStack[-0x8]	DATA	0
0x001c037b	0x001bb3a8	UNCONDITIONAL_CALL	0
0x001c0384	0x001bc1fc	UNCONDITIONAL_CALL	0
0x001c0390	0x001c03c0	CONDITIONAL_JUMP	0
0x001c0392	0x001d6284	READ	1
0x001c039b	0xStack[-0x8]	READ	1
0x001c03c0	0xStack[-0x10]	DATA	0
0x001c03d4	0xStack[0x4]	READ	1
0x001c03d7	0xStack[0x8]	READ	1
0x001c03e2	0x001c03e9	CONDITIONAL_JUMP	0
0x001c03e7	0x001c03f4	CONDITIONAL_JUMP	0
0x001c03f0	0x001c0471	UNCONDITIONAL_JUMP	0
0x001c03f4	0xStack[-0x8]	WRITE	0
0x001c03fb	0xStack[-0x8]	DATA	0
0x001c0413	0x001bb3a8	UNCONDITIONAL_CALL	0
0x001c041c	0x001bc250	UNCONDITIONAL_CALL	0
0x001c0426	0x001c0471	CONDITIONAL_JUMP	0
0x001c0428	0x001d6288	READ	1
0x001c0431	0x001d628c	READ	1
0x001c043a	0x001d6290	READ	1
0x001c0443	0x001d6294	READ	1
0x001c044c	0xStack[-0x8]	READ	1
0x001c0471	0xStack[-0x10]	DATA	0
0x001c0484	0xStack[0x4]	READ	1
0x001c0487	0xStack[0x8]	READ	1
0x001c0492	0x001c0499	CONDITIONAL_JUMP	0
0x001c0497	0x001c04a4	CONDITIONAL_JUMP	0
0x001c04a0	0x001c04fa	UNCONDITIONAL_JUMP	0
0x001c04a4	0xStack[-0x8]	WRITE	0
0x001c04ab	0xStack[-0x8]	DATA	0
0x001c04b7	0x001bb3a8	UNCONDITIONAL_CALL	0
0x001c04c0	0x001bc2e8	UNCONDITIONAL_CALL	0
0x001c04ca	0x001c04fa	CONDITIONAL_JUMP	0
0x001c04cc	0x001d6298	READ	1
0x001c04d5	0xStack[-0x8]	READ	1
0x001c04fa	0xStack[-0x10]	DATA	0
0x001c0508	0xStack[0x4]	READ	1
0x001c050b	0xStack[0x8]	READ	1
0x001c0516	0x001c051d	CONDITIONAL_JUMP	0
0x001c051b	0x001c0528	CONDITIONAL_JUMP	0
0x001c0524	0x001c0559	UNCONDITIONAL_JUMP	0
0x001c0530	0x001bb3a8	UNCONDITIONAL_CALL	0
0x001c0539	0x001bc330	UNCONDITIONAL_CALL	0
0x001c0543	0x001c0559	CONDITIONAL_JUMP	0
0x001c0545	0x001d629c	READ	1
0x001c0559	0xStack[-0x8]	READ	1
0x001c0566	0xStack[0x4]	READ	1
0x001c0569	0xStack[0x8]	READ	1
0x001c057e	0x001c0585	CONDITIONAL_JUMP	0
0x001c0583	0x001c0590	CONDITIONAL_JUMP	0
0x001c058c	0x001c05ff	UNCONDITIONAL_JUMP	0
0x001c059d	0x001c05c6	CONDITIONAL_JUMP	0
0x001c05b8	0x001c05c6	CONDITIONAL_JUMP	0
0x001c05bc	0x001d62a0	READ	1
0x001c05c4	0x001c05d0	CONDITIONAL_JUMP	0
0x001c05cd	0x001c05ee	UNCONDITIONAL_JUMP	0
0x001c05dd	0x001bb3e0	UNCONDITIONAL_CALL	0
0x001c05e6	0x001bc374	UNCONDITIONAL_CALL	0
0x001c05f2	0x001c05ff	CONDITIONAL_JUMP	0
0x001c05ff	0xStack[-0x10]	DATA	0
0x001c0612	0xStack[0x4]	READ	1
0x001c0615	0xStack[0x8]	READ	1
0x001c0627	0x001c062e	CONDITIONAL_JUMP	0
0x001c062c	0x001c0638	CONDITIONAL_JUMP	0
0x001c0635	0x001c06a0	UNCONDITIONAL_JUMP	0
0x001c0645	0x001c065c	CONDITIONAL_JUMP	0
0x001c065a	0x001c0668	CONDITIONAL_JUMP	0
0x001c0663	0x001c0686	UNCONDITIONAL_JUMP	0
0x001c0675	0x001bb3e0	UNCONDITIONAL_CALL	0
0x001c067e	0x001bc3d4	UNCONDITIONAL_CALL	0
0x001c068a	0x001c06a0	CONDITIONAL_JUMP	0
0x001c068c	0x001d62a4	READ	1
0x001c06a0	0xStack[-0x10]	DATA	0
0x001c06b4	0xStack[0x4]	READ	1
0x001c06b7	0xStack[0x8]	READ	1
0x001c06c2	0x001c06c9	CONDITIONAL_JUMP	0
0x001c06c7	0x001c06d4	CONDITIONAL_JUMP	0
0x001c06d0	0x001c072a	UNCONDITIONAL_JUMP	0
0x001c06d4	0xStack[-0x8]	WRITE	0
0x001c06db	0xStack[-0x8]	DATA	0
0x001c06e7	0x001bb3e0	UNCONDITIONAL_CALL	0
0x001c06f0	0x001bc42c	UNCONDITIONAL_CALL	0
0x001c06fa	0x001c072a	CONDITIONAL_JUMP	0
0x001c06fc	0x001d62a8	READ	1
0x001c0705	0xStack[-0x8]	READ	1
0x001c072a	0xStack[-0x10]	DATA	0
0x001c073c	0xStack[0x4]	READ	1
0x001c073f	0xStack[0x8]	READ	1
0x001c074a	0x001c0751	CONDITIONAL_JUMP	0
0x001c074f	0x001c075c	CONDITIONAL_JUMP	0
0x001c0758	0x001c07cc	UNCONDITIONAL_JUMP	0
0x001c075c	0x001d62ac	READ	1
0x001c0764	0x001c0770	CONDITIONAL_JUMP	0
0x001c076d	0x001c0798	UNCONDITIONAL_JUMP	0
0x001c0770	0xStack[-0x8]	WRITE	0
0x001c0777	0xStack[-0x8]	DATA	0
0x001c0787	0x001bb3e0	UNCONDITIONAL_CALL	0
0x001c0790	0x001bc484	UNCONDITIONAL_CALL	0
0x001c079c	0x001c07cc	CONDITIONAL_JUMP	0
0x001c079e	0x001d62b0	READ	1
0x001c07a7	0xStack[-0x8]	READ	1
0x001c07cc	0xStack[-0x10]	DATA	0
0x001c07e1	0xStack[0x8]	READ	1
0x001c07e4	0xStack[0x10]	READ	1
0x001c07e7	0xStack[0x14]	READ	1
0x001c07ea	0xStack[0x18]	READ	1
0x001c07ed	0xStack[-0x44]	DATA	0
0x001c07f0	0x001d634c	READ	1
0x001c07f6	0xStack[-0x2c]	WRITE	0
0x001c07f9	0xStack[-0x28]	WRITE	0
0x001c07fc	0x001d6350	READ	1
0x001c0802	0xStack[-0x24]	WRITE	0
0x001c0805	0xStack[0xc]	READ	1
0x001c0808	0xStack[-0x20]	WRITE	0
0x001c080b	0x001d6354	READ	1
0x001c0811	0xStack[-0x1c]	WRITE	0
0x001c0814	0xStack[-0x18]	WRITE	0
0x001c0817	0x001d6358	READ	1
0x001c081d	0xStack[-0x14]	WRITE	0
0x001c0820	0xStack[-0x10]	WRITE	0
0x001c0823	0x001d635c	READ	1
0x001c0829	0xStack[-0xc]	WRITE	0
0x001c082c	0xStack[-0x8]	WRITE	0
0x001c082f	0xStack[-0x41]	WRITE	0
0x001c0833	0xStack[-0x40]	WRITE	0
0x001c083a	0xStack[-0x3c]	WRITE	0
0x001c0841	0xStack[0x4]	READ	1
0x001c0844	0xStack[-0x34]	WRITE	0
0x001c0847	0xStack[-0x38]	WRITE	0
0x001c084e	0xStack[-0x30]	WRITE	0
0x001c085d	0x00158774	UNCONDITIONAL_CALL	0
0x001c0862	0xStack[-0x50]	DATA	0
0x001c0875	0xStack[0x8]	READ	1
0x001c0878	0xStack[0x10]	READ	1
0x001c087b	0xStack[0x14]	READ	1
0x001c087e	0xStack[0x18]	READ	1
0x001c0881	0xStack[-0x4c]	DATA	0
0x001c0884	0x001d6360	READ	1
0x001c088a	0xStack[-0x34]	WRITE	0
0x001c088d	0xStack[-0x30]	WRITE	0
0x001c0890	0x001d6364	READ	1
0x001c0896	0xStack[-0x2c]	WRITE	0
0x001c0899	0xStack[0xc]	READ	1
0x001c089c	0xStack[-0x28]	WRITE	0
0x001c089f	0x001d6368	READ	1
0x001c08a5	0xStack[-0x24]	WRITE	0
0x001c08a8	0xStack[-0x20]	WRITE	0
0x001c08ab	0x001d636c	READ	1
0x001c08b1	0xStack[-0x1c]	WRITE	0
0x001c08b4	0xStack[-0x18]	WRITE	0
0x001c08b7	0x001d6370	READ	1
0x001c08bd	0xStack[-0x14]	WRITE	0
0x001c08c0	0x001d6374	READ	1
0x001c08c6	0xStack[-0x10]	WRITE	0
0x001c08c9	0x001d6378	READ	1
0x001c08cf	0xStack[-0xc]	WRITE	0
0x001c08d2	0xStack[-0x8]	WRITE	0
0x001c08d5	0xStack[0x1c]	READ	1
0x001c08d8	0xStack[-0xc]	WRITE	0
0x001c08db	0xStack[-0x49]	WRITE	0
0x001c08df	0xStack[-0x48]	WRITE	0
0x001c08e6	0xStack[-0x44]	WRITE	0
0x001c08ed	0xStack[0x4]	READ	1
0x001c08f0	0xStack[-0x3c]	WRITE	0
0x001c08f3	0xStack[-0x40]	WRITE	0
0x001c08fa	0xStack[-0x38]	WRITE	0
0x001c0909	0x00158774	UNCONDITIONAL_CALL	0
0x001c090e	0xStack[-0x58]	DATA	0
0x001c091b	0x001e871c	WRITE	0
0x001c0925	0x001e8720	WRITE	0
0x001c092f	0x0015b504	UNCONDITIONAL_CALL	0
0x001c0934	0x001e8728	WRITE	0
0x001c094a	0xStack[0x4]	READ	1
0x001c094d	0x001f9784	READ	1
0x001c0953	0x00206270	DATA	0
0x001c0955	0x001ce960	UNCONDITIONAL_CALL	0
0x001c095f	0x001c0a95	CONDITIONAL_JUMP	0
0x001c0965	0x001e53d0	READ	0
0x001c096c	0x001c0a95	CONDITIONAL_JUMP	0
0x001c0974	0x001a5448	UNCONDITIONAL_CALL	0
0x001c098e	0x001e8728	READ	1
0x001c0998	0x001c0996	CONDITIONAL_JUMP	0
0x001c09a6	0x001c0994	CONDITIONAL_JUMP	0
0x001c09a8	0x001e871c	READ	1
0x001c09af	0x001c09c4	CONDITIONAL_JUMP	0
0x001c09b1	0x001e8720	WRITE	0
0x001c09b7	0x001e871c	WRITE	0
0x001c09bd	0x001c0a8c	UNCONDITIONAL_JUMP	0
0x001c09c8	0x001c0a34	CONDITIONAL_JUMP	0
0x001c09ce	0x001c0a34	CONDITIONAL_JUMP	0
0x001c09d3	0x001c0a20	UNCONDITIONAL_JUMP	0
0x001c09da	0x001c0a34	CONDITIONAL_JUMP	0
0x001c09df	0x001e871c	READ	0
0x001c09e5	0x001c0a20	CONDITIONAL_JUMP	0
0x001c09ea	0x001e8728	READ	1
0x001c09f1	0x001e8724	DATA	0
0x001c09f6	0x00163320	UNCONDITIONAL_CALL	0
0x001c09fb	0x001e8728	READ	1
0x001c0a08	0x001c0a06	CONDITIONAL_JUMP	0
0x001c0a16	0x001c0a04	CONDITIONAL_JUMP	0
0x001c0a18	0x001e871c	READ	0
0x001c0a1e	0x001c09e8	CONDITIONAL_JUMP	0
0x001c0a20	0x001e8728	READ	1
0x001c0a2c	0x001a5458	UNCONDITIONAL_CALL	0
0x001c0a31	0x001c0a95	UNCONDITIONAL_JUMP	0
0x001c0a39	0x001c09d8	CONDITIONAL_JUMP	0
0x001c0a3b	0x001e8720	READ	1
0x001c0a43	0x001e8720	WRITE	0
0x001c0a49	0x001e871c	READ	0
0x001c0a4f	0x001c0a8c	CONDITIONAL_JUMP	0
0x001c0a56	0x001e8728	READ	1
0x001c0a5d	0x001e8724	DATA	0
0x001c0a62	0x00163320	UNCONDITIONAL_CALL	0
0x001c0a67	0x001e8728	READ	1
0x001c0a74	0x001c0a72	CONDITIONAL_JUMP	0
0x001c0a82	0x001c0a70	CONDITIONAL_JUMP	0
0x001c0a84	0x001e871c	READ	0
0x001c0a8a	0x001c0a54	CONDITIONAL_JUMP	0
0x001c0a8c	0x001e8728	READ	1
0x001c0a95	0xStack[-0x10]	DATA	0
0x001c0aa4	0xStack[0x4]	READ	1
0x001c0aa9	0x001a5448	UNCONDITIONAL_CALL	0
0x001c0abc	0xStack[-0x8]	READ	1
0x001c0ac8	0xStack[0x4]	READ	1
0x001c0ad4	0x001a5458	UNCONDITIONAL_CALL	0
0x001c0adb	0xStack[-0x8]	READ	1
0x001c0ae8	0xStack[0x4]	READ	1
0x001c0aeb	0xStack[0xc]	READ	1
0x001c0aee	0x001f97a8	READ	1
0x001c0af4	0x00206010	DATA	0
0x001c0afc	0x001ce960	UNCONDITIONAL_CALL	0
0x001c0b04	0xStack[-0x8]	READ	1
0x001c0b45	0xStack[0x4]	READ	1
0x001c0b48	0xStack[0xc]	READ	1
0x001c0b4b	0x001f97b4	READ	1
0x001c0b51	0x00205ffc	DATA	0
0x001c0b59	0x001ce960	UNCONDITIONAL_CALL	0
0x001c0b63	0x001c0b80	CONDITIONAL_JUMP	0
0x001c0b66	0x001f9688	READ	1
0x001c0b6c	0x002068f8	DATA	0
0x001c0b6e	0x001ce960	UNCONDITIONAL_CALL	0
0x001c0b74	0x0018836c	UNCONDITIONAL_CALL	0
0x001c0b7b	0x001c0b85	UNCONDITIONAL_JUMP	0
0x001c0b85	0xStack[-0xc]	DATA	0
0x001c0b95	0xStack[0x4]	READ	1
0x001c0b98	0xStack[0xc]	READ	1
0x001c0b9b	0x001f97b4	READ	1
0x001c0ba1	0x00205ffc	DATA	0
0x001c0ba9	0x001ce960	UNCONDITIONAL_CALL	0
0x001c0bb3	0x001c0bc9	CONDITIONAL_JUMP	0
0x001c0bb6	0x001f9688	READ	1
0x001c0bbc	0x002068f8	DATA	0
0x001c0bbe	0x001ce960	UNCONDITIONAL_CALL	0
0x001c0bc4	0x0018828c	UNCONDITIONAL_CALL	0
0x001c0bc9	0xStack[-0xc]	DATA	0
0x001c0bda	0xStack[0xc]	READ	1
0x001c0bdd	0xStack[0x10]	READ	1
0x001c0be0	0x001f97b4	READ	1
0x001c0be6	0x00205ffc	DATA	0
0x001c0be7	0xStack[0x4]	READ	1
0x001c0bf1	0x001ce960	UNCONDITIONAL_CALL	0
0x001c0bfb	0x001c0c04	CONDITIONAL_JUMP	0
0x001c0c02	0x001c0c4e	UNCONDITIONAL_JUMP	0
0x001c0c05	0x001f9688	READ	1
0x001c0c0b	0x002068f8	DATA	0
0x001c0c0c	0xStack[0x4]	READ	1
0x001c0c10	0x001ce960	UNCONDITIONAL_CALL	0
0x001c0c1b	0x001c0c30	CONDITIONAL_JUMP	0
0x001c0c1d	0x001c0c2c	CONDITIONAL_JUMP	0
0x001c0c22	0x001c0c38	CONDITIONAL_JUMP	0
0x001c0c27	0x001c0c40	CONDITIONAL_JUMP	0
0x001c0c29	0x001c0c45	UNCONDITIONAL_JUMP	0
0x001c0c2e	0x001c0c45	UNCONDITIONAL_JUMP	0
0x001c0c35	0x001c0c45	UNCONDITIONAL_JUMP	0
0x001c0c3d	0x001c0c45	UNCONDITIONAL_JUMP	0
0x001c0c47	0x00188448	UNCONDITIONAL_CALL	0
0x001c0c4e	0xStack[-0x10]	DATA	0
0x001c0c60	0xStack[0x4]	READ	1
0x001c0c63	0xStack[0x10]	READ	1
0x001c0c66	0xStack[0xc]	READ	1
0x001c0c69	0xStack[-0x8]	WRITE	0
0x001c0c6c	0x001f97b4	READ	1
0x001c0c72	0x00205ffc	DATA	0
0x001c0c7a	0x001ce960	UNCONDITIONAL_CALL	0
0x001c0c84	0x001c0cb0	CONDITIONAL_JUMP	0
0x001c0c87	0x001f9688	READ	1
0x001c0c8d	0x002068f8	DATA	0
0x001c0c8f	0x001ce960	UNCONDITIONAL_CALL	0
0x001c0c99	0xStack[-0x8]	READ	0
0x001c0ca7	0x00188544	UNCONDITIONAL_CALL	0
0x001c0cae	0x001c0cb5	UNCONDITIONAL_JUMP	0
0x001c0cb5	0xStack[-0x10]	DATA	0
0x001c0cc5	0xStack[0x4]	READ	1
0x001c0cc8	0xStack[0x10]	READ	1
0x001c0ccb	0xStack[0xc]	READ	0
0x001c0ccf	0x001c0cd8	CONDITIONAL_JUMP	0
0x001c0cd6	0x001c0d15	UNCONDITIONAL_JUMP	0
0x001c0cd8	0x001f97b4	READ	1
0x001c0cde	0x00205ffc	DATA	0
0x001c0ce6	0x001ce960	UNCONDITIONAL_CALL	0
0x001c0cf0	0x001c0d10	CONDITIONAL_JUMP	0
0x001c0cf3	0x001f9688	READ	1
0x001c0cf9	0x002068f8	DATA	0
0x001c0cfb	0x001ce960	UNCONDITIONAL_CALL	0
0x001c0d06	0x00188640	UNCONDITIONAL_CALL	0
0x001c0d0d	0x001c0d15	UNCONDITIONAL_JUMP	0
0x001c0d15	0xStack[-0xc]	DATA	0
0x001c0d28	0xStack[0xc]	READ	1
0x001c0d2b	0xStack[0x14]	READ	1
0x001c0d2e	0xStack[-0x8]	WRITE	0
0x001c0d31	0xStack[0x18]	READ	1
0x001c0d34	0xStack[-0xc]	WRITE	0
0x001c0d37	0xStack[0x1c]	READ	1
0x001c0d3a	0xStack[-0x10]	WRITE	0
0x001c0d3f	0x001a5448	UNCONDITIONAL_CALL	0
0x001c0d4b	0x001c0d54	CONDITIONAL_JUMP	0
0x001c0d4f	0x001c0daa	UNCONDITIONAL_JUMP	0
0x001c0d58	0xStack[0x10]	READ	1
0x001c0d5e	0xStack[-0x8]	READ	1
0x001c0d6e	0xStack[-0xc]	READ	1
0x001c0d7b	0xStack[-0x10]	READ	1
0x001c0d8f	0x00188edc	UNCONDITIONAL_CALL	0
0x001c0d99	0x001c0da8	CONDITIONAL_JUMP	0
0x001c0d9e	0x001a5458	UNCONDITIONAL_CALL	0
0x001c0da5	0x001c0daa	UNCONDITIONAL_JUMP	0
0x001c0daa	0xStack[-0x18]	DATA	0
0x001c0db8	0xStack[0xc]	READ	1
0x001c0dc1	0x001c0dcc	CONDITIONAL_JUMP	0
0x001c0dc4	0x00188f4c	UNCONDITIONAL_CALL	0
0x001c0dcf	0x001a5458	UNCONDITIONAL_CALL	0
0x001c0dd4	0xStack[-0x8]	READ	1
0x001c0de0	0xStack[0xc]	READ	1
0x001c0de9	0x001c0df4	CONDITIONAL_JUMP	0
0x001c0dec	0x00188f8c	UNCONDITIONAL_CALL	0
0x001c0df7	0x001a5458	UNCONDITIONAL_CALL	0
0x001c0dfc	0xStack[-0x8]	READ	1
0x001c0e09	0xStack[0x4]	READ	1
0x001c0e0c	0xStack[0x10]	READ	1
0x001c0e0f	0x001f97b4	READ	1
0x001c0e15	0x00205ffc	DATA	0
0x001c0e1d	0x001ce960	UNCONDITIONAL_CALL	0
0x001c0e27	0x001c0e30	CONDITIONAL_JUMP	0
0x001c0e2e	0x001c0e56	UNCONDITIONAL_JUMP	0
0x001c0e31	0x001f9688	READ	1
0x001c0e37	0x002068f8	DATA	0
0x001c0e39	0x001ce960	UNCONDITIONAL_CALL	0
0x001c0e3e	0xStack[0xc]	READ	1
0x001c0e43	0x0018883c	UNCONDITIONAL_CALL	0
0x001c0e4a	0x001c0e54	CONDITIONAL_JUMP	0
0x001c0e51	0x001c0e56	UNCONDITIONAL_JUMP	0
0x001c0e56	0xStack[-0xc]	DATA	0
0x001c0e65	0xStack[0x4]	READ	1
0x001c0e68	0xStack[0xc]	READ	1
0x001c0e6b	0x001f97b4	READ	1
0x001c0e71	0x00205ffc	DATA	0
0x001c0e79	0x001ce960	UNCONDITIONAL_CALL	0
0x001c0e83	0x001c0e9c	CONDITIONAL_JUMP	0
0x001c0e86	0x001f9688	READ	1
0x001c0e8c	0x002068f8	DATA	0
0x001c0e8e	0x001ce960	UNCONDITIONAL_CALL	0
0x001c0e94	0x0018943c	UNCONDITIONAL_CALL	0
0x001c0e99	0x001c0e9e	UNCONDITIONAL_JUMP	0
0x001c0e9e	0xStack[-0xc]	DATA	0
0x001c0ead	0xStack[0x4]	READ	1
0x001c0eb0	0xStack[0xc]	READ	1
0x001c0eb3	0x001f97b4	READ	1
0x001c0eb9	0x00205ffc	DATA	0
0x001c0ec1	0x001ce960	UNCONDITIONAL_CALL	0
0x001c0ecb	0x001c0ee4	CONDITIONAL_JUMP	0
0x001c0ece	0x001f9688	READ	1
0x001c0ed4	0x002068f8	DATA	0
0x001c0ed6	0x001ce960	UNCONDITIONAL_CALL	0
0x001c0edc	0x001895b8	UNCONDITIONAL_CALL	0
0x001c0ee1	0x001c0ee6	UNCONDITIONAL_JUMP	0
0x001c0ee6	0xStack[-0xc]	DATA	0
0x001c0ef5	0xStack[0x4]	READ	1
0x001c0ef8	0xStack[0xc]	READ	1
0x001c0efb	0x001f97b4	READ	1
0x001c0f01	0x00205ffc	DATA	0
0x001c0f09	0x001ce960	UNCONDITIONAL_CALL	0
0x001c0f13	0x001c0f38	CONDITIONAL_JUMP	0
0x001c0f16	0x001f9688	READ	1
0x001c0f1c	0x002068f8	DATA	0
0x001c0f1e	0x001ce960	UNCONDITIONAL_CALL	0
0x001c0f24	0x001893e0	UNCONDITIONAL_CALL	0
0x001c0f33	0x001c0f3a	UNCONDITIONAL_JUMP	0
0x001c0f3a	0xStack[-0xc]	DATA	0
0x001c0f47	0x001f7b38	READ	0
0x001c0f5f	0xStack[0xc]	READ	1
0x001c0f63	0xStack[0x10]	READ	1
0x001c0f67	0x00194720	UNCONDITIONAL_CALL	0
0x001c0f7d	0xStack[0x4]	READ	1
0x001c0f80	0x001e871c	READ	1
0x001c0f88	0xStack[-0x8]	WRITE	0
0x001c0f8f	0x001f9784	READ	1
0x001c0f95	0x00206270	DATA	0
0x001c0f97	0x001ce960	UNCONDITIONAL_CALL	0
0x001c0fa1	0x001c1050	CONDITIONAL_JUMP	0
0x001c0fa7	0x001e53d0	READ	0
0x001c0fae	0x001c1050	CONDITIONAL_JUMP	0
0x001c0fb4	0x001e8728	READ	1
0x001c0fc0	0x001c0fbe	CONDITIONAL_JUMP	0
0x001c0fce	0x001c0fbc	CONDITIONAL_JUMP	0
0x001c0fd2	0x001c1002	CONDITIONAL_JUMP	0
0x001c0fd4	0x001e8728	READ	1
0x001c0fdd	0x001f9228	READ	1
0x001c0fe3	0x0020193c	DATA	0
0x001c0fe5	0x001ce960	UNCONDITIONAL_CALL	0
0x001c0feb	0x001d8cf8	DATA	0
0x001c0ff0	0x001a5514	UNCONDITIONAL_CALL	0
0x001c0ff5	0x001d8d24	DATA	0
0x001c0ffa	0x0010ca6c	UNCONDITIONAL_CALL	0
0x001c100e	0x001c1028	CONDITIONAL_JUMP	0
0x001c101d	0xStack[-0x8]	WRITE	0
0x001c1022	0x001e871c	WRITE	0
0x001c1028	0x001e8728	READ	1
0x001c1031	0xStack[-0x8]	READ	0
0x001c1035	0x001c1044	CONDITIONAL_JUMP	0
0x001c1037	0x001e8724	DATA	0
0x001c103c	0x001651a0	UNCONDITIONAL_CALL	0
0x001c1046	0x001c1050	CONDITIONAL_JUMP	0
0x001c104b	0x001a5458	UNCONDITIONAL_CALL	0
0x001c1050	0xStack[-0x14]	DATA	0
0x001c1062	0xStack[0x4]	READ	1
0x001c1065	0xStack[0xc]	READ	1
0x001c1068	0xStack[0x10]	READ	1
0x001c106e	0x001c1079	CONDITIONAL_JUMP	0
0x001c1070	0x001f7b38	READ	0
0x001c1077	0x001c1080	CONDITIONAL_JUMP	0
0x001c107e	0x001c10ea	UNCONDITIONAL_JUMP	0
0x001c1080	0x001f97b4	READ	1
0x001c1086	0x00205ffc	DATA	0
0x001c1087	0x001f9378	READ	1
0x001c108d	0x0020220c	DATA	0
0x001c108f	0x001ce960	UNCONDITIONAL_CALL	0
0x001c1098	0x001ce960	UNCONDITIONAL_CALL	0
0x001c10a2	0x001c10ac	CONDITIONAL_JUMP	0
0x001c10a9	0x001c10ea	UNCONDITIONAL_JUMP	0
0x001c10ad	0x001f9688	READ	1
0x001c10b3	0x002068f8	DATA	0
0x001c10b5	0x001ce960	UNCONDITIONAL_CALL	0
0x001c10c0	0x001c10d0	CONDITIONAL_JUMP	0
0x001c10c5	0x001c10d4	CONDITIONAL_JUMP	0
0x001c10ca	0x001c10dc	CONDITIONAL_JUMP	0
0x001c10cc	0x001c10a4	UNCONDITIONAL_JUMP	0
0x001c10d2	0x001c10e1	UNCONDITIONAL_JUMP	0
0x001c10d9	0x001c10e1	UNCONDITIONAL_JUMP	0
0x001c10e3	0x00188fb4	UNCONDITIONAL_CALL	0
0x001c10ea	0xStack[-0x10]	DATA	0
0x001c10fa	0xStack[0x4]	READ	1
0x001c10fd	0xStack[0xc]	READ	1
0x001c1100	0xStack[0x10]	READ	1
0x001c1103	0x001f97b4	READ	1
0x001c1109	0x00205ffc	DATA	0
0x001c110a	0x001f9378	READ	1
0x001c1110	0x0020220c	DATA	0
0x001c1112	0x001ce960	UNCONDITIONAL_CALL	0
0x001c111b	0x001ce960	UNCONDITIONAL_CALL	0
0x001c1125	0x001c1130	CONDITIONAL_JUMP	0
0x001c112c	0x001c118a	UNCONDITIONAL_JUMP	0
0x001c1131	0x001f9688	READ	1
0x001c1137	0x002068f8	DATA	0
0x001c1139	0x001ce960	UNCONDITIONAL_CALL	0
0x001c113f	0x001890b4	UNCONDITIONAL_CALL	0
0x001c1147	0x001c1168	CONDITIONAL_JUMP	0
0x001c1149	0x001c1154	CONDITIONAL_JUMP	0
0x001c114d	0x001c1160	CONDITIONAL_JUMP	0
0x001c114f	0x001c1180	UNCONDITIONAL_JUMP	0
0x001c1157	0x001c1178	CONDITIONAL_JUMP	0
0x001c115c	0x001c1170	CONDITIONAL_JUMP	0
0x001c115e	0x001c1180	UNCONDITIONAL_JUMP	0
0x001c1166	0x001c1188	UNCONDITIONAL_JUMP	0
0x001c116e	0x001c1188	UNCONDITIONAL_JUMP	0
0x001c1176	0x001c1188	UNCONDITIONAL_JUMP	0
0x001c117e	0x001c1188	UNCONDITIONAL_JUMP	0
0x001c1185	0x001c118a	UNCONDITIONAL_JUMP	0
0x001c118a	0xStack[-0x10]	DATA	0
0x001c119a	0xStack[0xc]	READ	1
0x001c119d	0xStack[0x10]	READ	1
0x001c11a0	0x001f7b38	READ	0
0x001c11a7	0x001c11b0	CONDITIONAL_JUMP	0
0x001c11ae	0x001c122a	UNCONDITIONAL_JUMP	0
0x001c11b0	0x001f97b4	READ	1
0x001c11b6	0x00205ffc	DATA	0
0x001c11b7	0x001f9378	READ	1
0x001c11bd	0x0020220c	DATA	0
0x001c11be	0xStack[0x4]	READ	1
0x001c11c2	0x001ce960	UNCONDITIONAL_CALL	0
0x001c11cb	0x001ce960	UNCONDITIONAL_CALL	0
0x001c11d5	0x001c11e0	CONDITIONAL_JUMP	0
0x001c11dc	0x001c122a	UNCONDITIONAL_JUMP	0
0x001c11e1	0x001f9688	READ	1
0x001c11e7	0x002068f8	DATA	0
0x001c11e8	0xStack[0x4]	READ	1
0x001c11ec	0x001ce960	UNCONDITIONAL_CALL	0
0x001c11f7	0x001c120c	CONDITIONAL_JUMP	0
0x001c11f9	0x001c1208	CONDITIONAL_JUMP	0
0x001c11fe	0x001c1214	CONDITIONAL_JUMP	0
0x001c1203	0x001c121c	CONDITIONAL_JUMP	0
0x001c1205	0x001c1221	UNCONDITIONAL_JUMP	0
0x001c120a	0x001c1221	UNCONDITIONAL_JUMP	0
0x001c1211	0x001c1221	UNCONDITIONAL_JUMP	0
0x001c1219	0x001c1221	UNCONDITIONAL_JUMP	0
0x001c1223	0x001890e4	UNCONDITIONAL_CALL	0
0x001c122a	0xStack[-0x10]	DATA	0
0x001c123a	0xStack[0x4]	READ	1
0x001c123d	0xStack[0x10]	READ	1
0x001c1240	0xStack[0xc]	READ	1
0x001c1243	0x001f7b38	READ	0
0x001c124a	0x001c1254	CONDITIONAL_JUMP	0
0x001c1251	0x001c12a5	UNCONDITIONAL_JUMP	0
0x001c1254	0x001f97b4	READ	1
0x001c125a	0x00205ffc	DATA	0
0x001c125b	0x001f9378	READ	1
0x001c1261	0x0020220c	DATA	0
0x001c1263	0x001ce960	UNCONDITIONAL_CALL	0
0x001c126c	0x001ce960	UNCONDITIONAL_CALL	0
0x001c1276	0x001c12a0	CONDITIONAL_JUMP	0
0x001c1279	0x001f9688	READ	1
0x001c127f	0x002068f8	DATA	0
0x001c1281	0x001ce960	UNCONDITIONAL_CALL	0
0x001c1297	0x001891e4	UNCONDITIONAL_CALL	0
0x001c129e	0x001c12a5	UNCONDITIONAL_JUMP	0
0x001c12a5	0xStack[-0x10]	DATA	0
0x001c12b5	0xStack[0x4]	READ	1
0x001c12b8	0xStack[0x10]	READ	1
0x001c12bb	0xStack[0xc]	READ	0
0x001c12bf	0x001c12ca	CONDITIONAL_JUMP	0
0x001c12c1	0x001f7b38	READ	0
0x001c12c8	0x001c12d4	CONDITIONAL_JUMP	0
0x001c12cf	0x001c131d	UNCONDITIONAL_JUMP	0
0x001c12d4	0x001f97b4	READ	1
0x001c12da	0x00205ffc	DATA	0
0x001c12db	0x001f9378	READ	1
0x001c12e1	0x0020220c	DATA	0
0x001c12e3	0x001ce960	UNCONDITIONAL_CALL	0
0x001c12ec	0x001ce960	UNCONDITIONAL_CALL	0
0x001c12f6	0x001c1318	CONDITIONAL_JUMP	0
0x001c12f9	0x001f9688	READ	1
0x001c12ff	0x002068f8	DATA	0
0x001c1301	0x001ce960	UNCONDITIONAL_CALL	0
0x001c130c	0x001892e4	UNCONDITIONAL_CALL	0
0x001c1313	0x001c131d	UNCONDITIONAL_JUMP	0
0x001c131d	0xStack[-0xc]	DATA	0
0x001c1344	0xStack[0x4]	READ	1
0x001c134f	0x001c1360	CONDITIONAL_JUMP	0
0x001c1358	0x001a5458	UNCONDITIONAL_CALL	0
0x001c1365	0x001c1377	CONDITIONAL_JUMP	0
0x001c136f	0x001a5458	UNCONDITIONAL_CALL	0
0x001c137a	0x001a5458	UNCONDITIONAL_CALL	0
0x001c137f	0x001f921c	READ	1
0x001c1385	0x00201920	DATA	0
0x001c1386	0xStack[-0xc]	WRITE	0
0x001c1389	0x001fa568	READ	1
0x001c138f	0x001fe42f	DATA	1
0x001c138f	0xStack[-0x8]	WRITE	0
0x001c1392	0xStack[-0xc]	DATA	0
0x001c1396	0x001cea70	UNCONDITIONAL_CALL	0
0x001c139b	0xStack[-0x14]	DATA	0
0x001c13a7	0x001f97a8	READ	1
0x001c13ad	0x00206010	DATA	0
0x001c13ae	0xStack[0x4]	READ	1
0x001c13b2	0x001ce960	UNCONDITIONAL_CALL	0
0x001c13c5	0xStack[0x4]	READ	1
0x001c13cf	0x001c140a	CONDITIONAL_JUMP	0
0x001c13d5	0x001d8d34	DATA	0
0x001c13da	0x001f9344	READ	1
0x001c13e0	0x0020240c	DATA	0
0x001c13e1	0x001f9c08	READ	1
0x001c13e7	0x00203b80	DATA	0
0x001c13e9	0x001ce960	UNCONDITIONAL_CALL	0
0x001c13f2	0x001ce960	UNCONDITIONAL_CALL	0
0x001c13fb	0x001f9c04	READ	1
0x001c1401	0x00203b54	DATA	0
0x001c1403	0x001ce960	UNCONDITIONAL_CALL	0
0x001c140c	0xStack[-0xc]	DATA	0
0x001c141d	0xStack[0x4]	READ	1
0x001c1427	0x001c1462	CONDITIONAL_JUMP	0
0x001c142d	0x001d8d34	DATA	0
0x001c1432	0x001f9344	READ	1
0x001c1438	0x0020240c	DATA	0
0x001c1439	0x001f9c08	READ	1
0x001c143f	0x00203b80	DATA	0
0x001c1441	0x001ce960	UNCONDITIONAL_CALL	0
0x001c144a	0x001ce960	UNCONDITIONAL_CALL	0
0x001c1453	0x001f9c04	READ	1
0x001c1459	0x00203b54	DATA	0
0x001c145b	0x001ce960	UNCONDITIONAL_CALL	0
0x001c1465	0xStack[-0xc]	DATA	0
0x001c1475	0xStack[0x4]	READ	1
0x001c147f	0x001c14bb	CONDITIONAL_JUMP	0
0x001c1485	0x001d8d44	DATA	0
0x001c148a	0x001f9344	READ	1
0x001c1490	0x0020240c	DATA	0
0x001c1491	0x001f9c08	READ	1
0x001c1497	0x00203b80	DATA	0
0x001c1499	0x001ce960	UNCONDITIONAL_CALL	0
0x001c14a2	0x001ce960	UNCONDITIONAL_CALL	0
0x001c14ab	0x001f9bfc	READ	1
0x001c14b1	0x00203b34	DATA	0
0x001c14b3	0x001ce960	UNCONDITIONAL_CALL	0
0x001c14be	0xStack[-0xc]	DATA	0
0x001c14cd	0xStack[0x4]	READ	1
0x001c14d7	0x001c1513	CONDITIONAL_JUMP	0
0x001c14dd	0x001d8d44	DATA	0
0x001c14e2	0x001f9344	READ	1
0x001c14e8	0x0020240c	DATA	0
0x001c14e9	0x001f9c08	READ	1
0x001c14ef	0x00203b80	DATA	0
0x001c14f1	0x001ce960	UNCONDITIONAL_CALL	0
0x001c14fa	0x001ce960	UNCONDITIONAL_CALL	0
0x001c1503	0x001f9bfc	READ	1
0x001c1509	0x00203b34	DATA	0
0x001c150b	0x001ce960	UNCONDITIONAL_CALL	0
0x001c1516	0xStack[-0xc]	DATA	0
0x001c1525	0xStack[0x4]	READ	1
0x001c152d	0x001d8d34	DATA	0
0x001c1532	0xStack[0x10]	READ	1
0x001c1536	0xStack[0xc]	READ	1
0x001c153a	0x001f9c00	READ	1
0x001c1540	0x00202334	DATA	0
0x001c1541	0x001f9c08	READ	1
0x001c1547	0x00203b80	DATA	0
0x001c1549	0x001ce960	UNCONDITIONAL_CALL	0
0x001c1552	0x001ce960	UNCONDITIONAL_CALL	0
0x001c155c	0x001c157d	CONDITIONAL_JUMP	0
0x001c1566	0x001c1574	CONDITIONAL_JUMP	0
0x001c156f	0x001a5458	UNCONDITIONAL_CALL	0
0x001c157f	0xStack[-0xc]	DATA	0
0x001c1591	0xStack[0xc]	READ	1
0x001c1594	0xStack[0x10]	READ	1
0x001c1597	0xStack[-0x8]	WRITE	0
0x001c15a6	0x001a5448	UNCONDITIONAL_CALL	0
0x001c15b4	0x001c15cb	CONDITIONAL_JUMP	0
0x001c15c9	0x001c15b8	CONDITIONAL_JUMP	0
0x001c15cb	0x001d8d44	DATA	0
0x001c15d2	0x001f9bf8	READ	1
0x001c15d8	0x00202310	DATA	0
0x001c15d9	0x001f9c08	READ	1
0x001c15df	0x00203b80	DATA	0
0x001c15e0	0xStack[0x4]	READ	1
0x001c15e4	0x001ce960	UNCONDITIONAL_CALL	0
0x001c15ed	0x001ce960	UNCONDITIONAL_CALL	0
0x001c15f7	0x001c1624	CONDITIONAL_JUMP	0
0x001c15f9	0xStack[0x4]	READ	1
0x001c1604	0x001c1616	CONDITIONAL_JUMP	0
0x001c160e	0x001a5458	UNCONDITIONAL_CALL	0
0x001c161d	0xStack[-0x8]	WRITE	0
0x001c162d	0x001a5458	UNCONDITIONAL_CALL	0
0x001c1632	0xStack[-0x8]	READ	1
0x001c1635	0xStack[-0x14]	DATA	0
0x001c1643	0xStack[0x4]	READ	1
0x001c1646	0xStack[0xc]	READ	1
0x001c1650	0x001c1664	CONDITIONAL_JUMP	0
0x001c1654	0x001c165b	CONDITIONAL_JUMP	0
0x001c1673	0xStack[0x4]	READ	1
0x001c1676	0xStack[0xc]	READ	1
0x001c1680	0x001c1694	CONDITIONAL_JUMP	0
0x001c1684	0x001c168b	CONDITIONAL_JUMP	0
0x001c16a9	0xStack[0x4]	READ	1
0x001c16ae	0x001d8d50	DATA	0
0x001c16b3	0x001f9310	READ	1
0x001c16b9	0x00201ad8	DATA	0
0x001c16ba	0x001f9d8c	READ	1
0x001c16c0	0x001fe02d	DATA	0
0x001c16c1	0x001ce960	UNCONDITIONAL_CALL	0
0x001c16c8	0xStack[0xc]	READ	1
0x001c16cc	0x001f9458	READ	1
0x001c16d2	0x002029d4	DATA	0
0x001c16d3	0xStack[-0xc]	WRITE	0
0x001c16d6	0x001d8d58	DATA	0
0x001c16db	0x001ccf18	UNCONDITIONAL_CALL	0
0x001c16e3	0xStack[-0x8]	WRITE	0
0x001c16e6	0xStack[-0xc]	DATA	0
0x001c16ea	0x001cea70	UNCONDITIONAL_CALL	0
0x001c16f1	0x001a5448	UNCONDITIONAL_CALL	0
0x001c16ff	0x00101600	UNCONDITIONAL_CALL	0
0x001c170a	0xStack[-0x10]	WRITE	0
0x001c1710	0x001c1733	CONDITIONAL_JUMP	0
0x001c1712	0xStack[0xc]	READ	1
0x001c171e	0x001f9684	READ	1
0x001c1724	0x0020698c	DATA	0
0x001c1726	0x001ce960	UNCONDITIONAL_CALL	0
0x001c172d	0x001c1733	CONDITIONAL_JUMP	0
0x001c172f	0xStack[-0x10]	WRITE	0
0x001c1733	0xStack[-0x10]	READ	1
0x001c173b	0xStack[-0x1c]	DATA	0
0x001c174d	0x001d8d6c	DATA	0
0x001c1752	0x001f9310	READ	1
0x001c1758	0x00201ad8	DATA	0
0x001c1759	0x001f9d8c	READ	1
0x001c175f	0x001fe02d	DATA	0
0x001c1760	0x001ce960	UNCONDITIONAL_CALL	0
0x001c176a	0x001c1780	CONDITIONAL_JUMP	0
0x001c176c	0x001f9680	READ	1
0x001c1772	0x00206a80	DATA	0
0x001c1774	0x001ce960	UNCONDITIONAL_CALL	0
0x001c178d	0x001d8d6c	DATA	0
0x001c1792	0x001f9310	READ	1
0x001c1798	0x00201ad8	DATA	0
0x001c1799	0x001f9d8c	READ	1
0x001c179f	0x001fe02d	DATA	0
0x001c17a0	0x001ce960	UNCONDITIONAL_CALL	0
0x001c17aa	0x001c17c0	CONDITIONAL_JUMP	0
0x001c17ac	0x001f9680	READ	1
0x001c17b2	0x00206a80	DATA	0
0x001c17b4	0x001ce960	UNCONDITIONAL_CALL	0
0x001c17d1	0xStack[0x4]	READ	1
0x001c17d6	0x001d8d6c	DATA	0
0x001c17db	0x001f9310	READ	1
0x001c17e1	0x00201ad8	DATA	0
0x001c17e2	0x001f9d8c	READ	1
0x001c17e8	0x001fe02d	DATA	0
0x001c17e9	0x001ce960	UNCONDITIONAL_CALL	0
0x001c17f3	0x001f9680	READ	1
0x001c17f9	0x00206a80	DATA	0
0x001c17fb	0x001ce960	UNCONDITIONAL_CALL	0
0x001c1805	0x001c1810	CONDITIONAL_JUMP	0
0x001c180c	0x001c1870	UNCONDITIONAL_JUMP	0
0x001c1810	0xStack[-0x7]	DATA	0
0x001c1814	0xStack[-0x6]	DATA	0
0x001c1818	0xStack[-0x5]	DATA	0
0x001c181c	0x001f967c	READ	1
0x001c1822	0x00206af8	DATA	0
0x001c1823	0xStack[0x10]	READ	1
0x001c1827	0x001ce960	UNCONDITIONAL_CALL	0
0x001c1831	0x001c1870	CONDITIONAL_JUMP	0
0x001c1833	0xStack[0xc]	READ	1
0x001c183c	0xStack[-0x7]	READ	1
0x001c1841	0xStack[-0x6]	READ	1
0x001c1846	0xStack[-0x5]	READ	1
0x001c184f	0x001f9678	READ	1
0x001c1855	0x00206b14	DATA	0
0x001c1857	0x001ce960	UNCONDITIONAL_CALL	0
0x001c1861	0x001c1870	CONDITIONAL_JUMP	0
0x001c186c	0x001c1838	CONDITIONAL_JUMP	0
0x001c1870	0xStack[-0x14]	DATA	0
0x001c1881	0xStack[0x4]	READ	1
0x001c1884	0xStack[0xc]	READ	1
0x001c1887	0x001f9378	READ	1
0x001c188d	0x0020220c	DATA	0
0x001c188f	0x001ce960	UNCONDITIONAL_CALL	0
0x001c1896	0x001f9674	READ	1
0x001c189c	0x00206a54	DATA	0
0x001c189d	0x001f9234	READ	1
0x001c18a3	0x00201980	DATA	0
0x001c18a5	0x001ce960	UNCONDITIONAL_CALL	0
0x001c18ae	0x001ce960	UNCONDITIONAL_CALL	0
0x001c18b3	0xStack[-0xc]	DATA	0
0x001c18c5	0xStack[0x4]	READ	1
0x001c18ca	0x001d8d6c	DATA	0
0x001c18cf	0x001f9310	READ	1
0x001c18d5	0x00201ad8	DATA	0
0x001c18d6	0x001f9d8c	READ	1
0x001c18dc	0x001fe02d	DATA	0
0x001c18dd	0x001ce960	UNCONDITIONAL_CALL	0
0x001c18e7	0x001f9680	READ	1
0x001c18ed	0x00206a80	DATA	0
0x001c18ef	0x001ce960	UNCONDITIONAL_CALL	0
0x001c18f9	0x001c1904	CONDITIONAL_JUMP	0
0x001c1900	0x001c1966	UNCONDITIONAL_JUMP	0
0x001c1904	0xStack[-0x7]	DATA	0
0x001c1908	0xStack[-0x6]	DATA	0
0x001c190c	0xStack[-0x5]	DATA	0
0x001c1910	0x001f967c	READ	1
0x001c1916	0x00206af8	DATA	0
0x001c1917	0xStack[0x10]	READ	1
0x001c191b	0x001ce960	UNCONDITIONAL_CALL	0
0x001c1925	0x001c1966	CONDITIONAL_JUMP	0
0x001c1927	0xStack[0xc]	READ	1
0x001c1932	0xStack[-0x7]	READ	1
0x001c1937	0xStack[-0x6]	READ	1
0x001c193c	0xStack[-0x5]	READ	1
0x001c1945	0x001f9670	READ	1
0x001c194b	0x00206b3c	DATA	0
0x001c194d	0x001ce960	UNCONDITIONAL_CALL	0
0x001c1957	0x001c1966	CONDITIONAL_JUMP	0
0x001c1962	0x001c192c	CONDITIONAL_JUMP	0
0x001c1966	0xStack[-0x14]	DATA	0
0x001c1975	0xStack[0x4]	READ	1
0x001c1978	0xStack[0xc]	READ	1
0x001c197b	0x001f9378	READ	1
0x001c1981	0x0020220c	DATA	0
0x001c1983	0x001ce960	UNCONDITIONAL_CALL	0
0x001c198a	0x001f966c	READ	1
0x001c1990	0x00206a28	DATA	0
0x001c1991	0x001f9234	READ	1
0x001c1997	0x00201980	DATA	0
0x001c1999	0x001ce960	UNCONDITIONAL_CALL	0
0x001c19a2	0x001ce960	UNCONDITIONAL_CALL	0
0x001c19a7	0xStack[-0xc]	DATA	0
0x001c19b8	0xStack[0x4]	READ	1
0x001c19bb	0xStack[0x10]	READ	1
0x001c19be	0xStack[-0xc]	WRITE	0
0x001c19c3	0x001d8d6c	DATA	0
0x001c19c8	0x001f9310	READ	1
0x001c19ce	0x00201ad8	DATA	0
0x001c19cf	0x001f9d8c	READ	1
0x001c19d5	0x001fe02d	DATA	0
0x001c19d6	0x001ce960	UNCONDITIONAL_CALL	0
0x001c19e0	0x001f9680	READ	1
0x001c19e6	0x00206a80	DATA	0
0x001c19e8	0x001ce960	UNCONDITIONAL_CALL	0
0x001c19f2	0x001c19fc	CONDITIONAL_JUMP	0
0x001c19f9	0x001c1a44	UNCONDITIONAL_JUMP	0
0x001c19fc	0xStack[-0x7]	DATA	0
0x001c1a00	0xStack[-0x6]	DATA	0
0x001c1a04	0xStack[-0x5]	DATA	0
0x001c1a08	0x001f967c	READ	1
0x001c1a0e	0x00206af8	DATA	0
0x001c1a0f	0xStack[0x14]	READ	1
0x001c1a13	0x001ce960	UNCONDITIONAL_CALL	0
0x001c1a1d	0x001c1a44	CONDITIONAL_JUMP	0
0x001c1a1f	0xStack[0xc]	READ	1
0x001c1a23	0xStack[-0x7]	READ	1
0x001c1a28	0xStack[-0x6]	READ	1
0x001c1a2d	0xStack[-0x5]	READ	1
0x001c1a32	0xStack[-0xc]	READ	1
0x001c1a37	0x001f9678	READ	1
0x001c1a3d	0x00206b14	DATA	0
0x001c1a3f	0x001ce960	UNCONDITIONAL_CALL	0
0x001c1a44	0xStack[-0x14]	DATA	0
0x001c1a56	0xStack[0x4]	READ	1
0x001c1a59	0xStack[0xc]	READ	1
0x001c1a5c	0xStack[0x10]	READ	1
0x001c1a5f	0x001f9378	READ	1
0x001c1a65	0x0020220c	DATA	0
0x001c1a67	0x001ce960	UNCONDITIONAL_CALL	0
0x001c1a72	0x001f9668	READ	1
0x001c1a78	0x002069f4	DATA	0
0x001c1a79	0x001f9234	READ	1
0x001c1a7f	0x00201980	DATA	0
0x001c1a81	0x001ce960	UNCONDITIONAL_CALL	0
0x001c1a8a	0x001ce960	UNCONDITIONAL_CALL	0
0x001c1a8f	0xStack[-0x10]	DATA	0
0x001c1aa4	0xStack[0x4]	READ	1
0x001c1aa7	0xStack[0x10]	READ	1
0x001c1aaa	0xStack[-0xc]	WRITE	0
0x001c1aaf	0x001d8d6c	DATA	0
0x001c1ab4	0x001f9310	READ	1
0x001c1aba	0x00201ad8	DATA	0
0x001c1abb	0x001f9d8c	READ	1
0x001c1ac1	0x001fe02d	DATA	0
0x001c1ac2	0x001ce960	UNCONDITIONAL_CALL	0
0x001c1acc	0x001f9680	READ	1
0x001c1ad2	0x00206a80	DATA	0
0x001c1ad4	0x001ce960	UNCONDITIONAL_CALL	0
0x001c1ade	0x001c1ae8	CONDITIONAL_JUMP	0
0x001c1ae5	0x001c1b30	UNCONDITIONAL_JUMP	0
0x001c1ae8	0xStack[-0x7]	DATA	0
0x001c1aec	0xStack[-0x6]	DATA	0
0x001c1af0	0xStack[-0x5]	DATA	0
0x001c1af4	0x001f967c	READ	1
0x001c1afa	0x00206af8	DATA	0
0x001c1afb	0xStack[0x14]	READ	1
0x001c1aff	0x001ce960	UNCONDITIONAL_CALL	0
0x001c1b09	0x001c1b30	CONDITIONAL_JUMP	0
0x001c1b0b	0xStack[0xc]	READ	1
0x001c1b0f	0xStack[-0x7]	READ	1
0x001c1b14	0xStack[-0x6]	READ	1
0x001c1b19	0xStack[-0x5]	READ	1
0x001c1b1e	0xStack[-0xc]	READ	1
0x001c1b23	0x001f9670	READ	1
0x001c1b29	0x00206b3c	DATA	0
0x001c1b2b	0x001ce960	UNCONDITIONAL_CALL	0
0x001c1b30	0xStack[-0x14]	DATA	0
0x001c1b42	0xStack[0x4]	READ	1
0x001c1b45	0xStack[0xc]	READ	1
0x001c1b48	0xStack[0x10]	READ	1
0x001c1b4b	0x001f9378	READ	1
0x001c1b51	0x0020220c	DATA	0
0x001c1b53	0x001ce960	UNCONDITIONAL_CALL	0
0x001c1b5e	0x001f9664	READ	1
0x001c1b64	0x002069c0	DATA	0
0x001c1b65	0x001f9234	READ	1
0x001c1b6b	0x00201980	DATA	0
0x001c1b6d	0x001ce960	UNCONDITIONAL_CALL	0
0x001c1b76	0x001ce960	UNCONDITIONAL_CALL	0
0x001c1b7b	0xStack[-0x10]	DATA	0
0x001c1b91	0xStack[0x4]	READ	1
0x001c1b96	0x001d8d6c	DATA	0
0x001c1b9b	0x001f9310	READ	1
0x001c1ba1	0x00201ad8	DATA	0
0x001c1ba2	0x001f9d8c	READ	1
0x001c1ba8	0x001fe02d	DATA	0
0x001c1ba9	0x001ce960	UNCONDITIONAL_CALL	0
0x001c1bb0	0xStack[0xc]	READ	1
0x001c1bb4	0x001f9458	READ	1
0x001c1bba	0x002029d4	DATA	0
0x001c1bbb	0xStack[-0xc]	WRITE	0
0x001c1bbe	0x001d8d70	DATA	0
0x001c1bc3	0x001ccf18	UNCONDITIONAL_CALL	0
0x001c1bcb	0xStack[-0x8]	WRITE	0
0x001c1bce	0xStack[-0xc]	DATA	0
0x001c1bd2	0x001cea70	UNCONDITIONAL_CALL	0
0x001c1bd9	0x001a5448	UNCONDITIONAL_CALL	0
0x001c1be6	0xStack[-0x10]	WRITE	0
0x001c1bec	0x001c1c27	CONDITIONAL_JUMP	0
0x001c1bee	0x001f9680	READ	1
0x001c1bf4	0x00206a80	DATA	0
0x001c1bf6	0x001ce960	UNCONDITIONAL_CALL	0
0x001c1c00	0x001c1c27	CONDITIONAL_JUMP	0
0x001c1c0e	0xStack[0xc]	READ	1
0x001c1c12	0x001f9660	READ	1
0x001c1c18	0x00206b74	DATA	0
0x001c1c1a	0x001ce960	UNCONDITIONAL_CALL	0
0x001c1c21	0x001c1c27	CONDITIONAL_JUMP	0
0x001c1c23	0xStack[-0x10]	WRITE	0
0x001c1c27	0xStack[-0x10]	READ	1
0x001c1c2e	0xStack[-0x1c]	DATA	0
0x001c1c3f	0xStack[0x4]	READ	1
0x001c1c48	0x001a5458	UNCONDITIONAL_CALL	0
0x001c1c4d	0x001f921c	READ	1
0x001c1c53	0x00201920	DATA	0
0x001c1c54	0xStack[-0xc]	WRITE	0
0x001c1c57	0x001fa590	READ	1
0x001c1c5d	0x001fec84	DATA	1
0x001c1c5d	0xStack[-0x8]	WRITE	0
0x001c1c60	0xStack[-0xc]	DATA	0
0x001c1c64	0x001cea70	UNCONDITIONAL_CALL	0
0x001c1c69	0xStack[-0x10]	READ	1
0x001c1c75	0xStack[0x4]	READ	1
0x001c1c78	0xStack[0xc]	READ	1
0x001c1c7b	0xStack[0x10]	READ	1
0x001c1c7e	0xStack[0x14]	READ	1
0x001c1c87	0x001c1ca8	CONDITIONAL_JUMP	0
0x001c1c8b	0x001c1c92	CONDITIONAL_JUMP	0
0x001c1c94	0x001c1c9b	CONDITIONAL_JUMP	0
0x001c1c9d	0x001c1ca4	CONDITIONAL_JUMP	0
0x001c1ca6	0x001c1cad	UNCONDITIONAL_JUMP	0
0x001c1cad	0xStack[-0xc]	DATA	0
0x001c1cc1	0xStack[0xc]	READ	1
0x001c1cc4	0xStack[0x10]	READ	1
0x001c1cc7	0xStack[-0x8]	WRITE	0
0x001c1ccc	0x001d8d88	DATA	0
0x001c1cd1	0x001f9310	READ	1
0x001c1cd7	0x00201ad8	DATA	0
0x001c1cd8	0x001f9d8c	READ	1
0x001c1cde	0x001fe02d	DATA	0
0x001c1cdf	0x001ce960	UNCONDITIONAL_CALL	0
0x001c1ce6	0x001d8d90	DATA	0
0x001c1ceb	0x001f9344	READ	1
0x001c1cf1	0x0020240c	DATA	0
0x001c1cf2	0xStack[0x4]	READ	1
0x001c1cfc	0x001ce960	UNCONDITIONAL_CALL	0
0x001c1d06	0x001c1d14	CONDITIONAL_JUMP	0
0x001c1d0d	0x001c1f2c	UNCONDITIONAL_JUMP	0
0x001c1d16	0x001f92e8	READ	1
0x001c1d1c	0x00202250	DATA	0
0x001c1d1d	0x001d8dac	DATA	0
0x001c1d22	0x001f9344	READ	1
0x001c1d28	0x0020240c	DATA	0
0x001c1d29	0xStack[0x4]	READ	1
0x001c1d33	0x001ce960	UNCONDITIONAL_CALL	0
0x001c1d3c	0x001ce960	UNCONDITIONAL_CALL	0
0x001c1d46	0x001c1d6d	CONDITIONAL_JUMP	0
0x001c1d48	0x001f965c	READ	1
0x001c1d4e	0x00206bd0	DATA	0
0x001c1d50	0x001ce960	UNCONDITIONAL_CALL	0
0x001c1d56	0x001f9658	READ	1
0x001c1d5c	0x00206bd8	DATA	0
0x001c1d5e	0x001ce960	UNCONDITIONAL_CALL	0
0x001c1d63	0xStack[-0xc]	WRITE	0
0x001c1d6b	0x001c1d78	CONDITIONAL_JUMP	0
0x001c1d72	0x001c1f2c	UNCONDITIONAL_JUMP	0
0x001c1d78	0x001d8dc0	DATA	0
0x001c1d7d	0x001f9344	READ	1
0x001c1d83	0x0020240c	DATA	0
0x001c1d84	0xStack[0x4]	READ	1
0x001c1d8e	0x001ce960	UNCONDITIONAL_CALL	0
0x001c1d93	0xStack[-0x10]	WRITE	0
0x001c1d96	0x001f9654	READ	1
0x001c1d9c	0x00206bf4	DATA	0
0x001c1d9e	0x001ce960	UNCONDITIONAL_CALL	0
0x001c1da3	0xStack[-0x14]	WRITE	0
0x001c1da9	0xStack[-0x8]	READ	0
0x001c1dad	0x001c1dd0	CONDITIONAL_JUMP	0
0x001c1db1	0x00166a38	UNCONDITIONAL_CALL	0
0x001c1db7	0x001f9ba4	READ	1
0x001c1dbd	0x00201f58	DATA	0
0x001c1dbe	0xStack[-0x14]	READ	1
0x001c1dc2	0x001ce960	UNCONDITIONAL_CALL	0
0x001c1dcc	0x001c1df0	UNCONDITIONAL_JUMP	0
0x001c1dd2	0x00166a38	UNCONDITIONAL_CALL	0
0x001c1ddb	0x001f9ba0	READ	1
0x001c1de1	0x00201f6c	DATA	0
0x001c1de2	0xStack[-0x14]	READ	1
0x001c1de6	0x001ce960	UNCONDITIONAL_CALL	0
0x001c1df2	0x001c1e10	CONDITIONAL_JUMP	0
0x001c1df4	0x001f921c	READ	1
0x001c1dfa	0x00201920	DATA	0
0x001c1dfb	0xStack[-0xc]	READ	1
0x001c1dff	0x001ce960	UNCONDITIONAL_CALL	0
0x001c1e09	0x001c1f2c	UNCONDITIONAL_JUMP	0
0x001c1e10	0x001f9b9c	READ	1
0x001c1e16	0x00201eec	DATA	0
0x001c1e18	0x001ce960	UNCONDITIONAL_CALL	0
0x001c1e21	0x001f92dc	READ	1
0x001c1e27	0x00202244	DATA	0
0x001c1e28	0x001f9210	READ	1
0x001c1e2e	0x00201900	DATA	0
0x001c1e2f	0x001f9d80	READ	1
0x001c1e35	0x001fe1b2	DATA	0
0x001c1e36	0x001ce960	UNCONDITIONAL_CALL	0
0x001c1e3f	0x001ce960	UNCONDITIONAL_CALL	0
0x001c1e47	0x001f92c4	READ	1
0x001c1e4d	0x00202090	DATA	0
0x001c1e4f	0x001ce960	UNCONDITIONAL_CALL	0
0x001c1e57	0x001d8d90	DATA	0
0x001c1e5d	0x001f9338	READ	1
0x001c1e63	0x002023e0	DATA	0
0x001c1e64	0xStack[0x4]	READ	1
0x001c1e6e	0x001ce960	UNCONDITIONAL_CALL	0
0x001c1e73	0x001f965c	READ	1
0x001c1e79	0x00206bd0	DATA	0
0x001c1e7a	0xStack[-0xc]	READ	1
0x001c1e7e	0x001ce960	UNCONDITIONAL_CALL	0
0x001c1e85	0x001f9278	READ	1
0x001c1e8b	0x00201cac	DATA	0
0x001c1e8c	0xStack[-0x14]	READ	1
0x001c1e90	0x001ce960	UNCONDITIONAL_CALL	0
0x001c1e95	0xStack[-0x1c]	WRITE	0
0x001c1e98	0xStack[-0x18]	WRITE	0
0x001c1ea0	0x001f9650	READ	1
0x001c1ea6	0x00206c08	DATA	0
0x001c1ea8	0x001ce960	UNCONDITIONAL_CALL	0
0x001c1eaf	0x001f964c	READ	1
0x001c1eb5	0x00206c14	DATA	0
0x001c1eb7	0x001ce960	UNCONDITIONAL_CALL	0
0x001c1ebe	0x001f9648	READ	1
0x001c1ec4	0x00206c28	DATA	0
0x001c1ec6	0x001ce960	UNCONDITIONAL_CALL	0
0x001c1ed0	0xStack[-0x1c]	READ	1
0x001c1ed4	0xStack[-0x18]	READ	1
0x001c1ed8	0x001f9644	READ	1
0x001c1ede	0x00206c3c	DATA	0
0x001c1ee0	0x001ce960	UNCONDITIONAL_CALL	0
0x001c1ee7	0x001f9650	READ	1
0x001c1eed	0x00206c08	DATA	0
0x001c1eef	0x001ce960	UNCONDITIONAL_CALL	0
0x001c1ef9	0x001f964c	READ	1
0x001c1eff	0x00206c14	DATA	0
0x001c1f00	0x001f9640	READ	1
0x001c1f06	0x00206c68	DATA	0
0x001c1f08	0x001ce960	UNCONDITIONAL_CALL	0
0x001c1f11	0x001ce960	UNCONDITIONAL_CALL	0
0x001c1f16	0xStack[-0xc]	READ	1
0x001c1f1a	0x001f92c4	READ	1
0x001c1f20	0x00202090	DATA	0
0x001c1f21	0xStack[-0x10]	READ	1
0x001c1f25	0x001ce960	UNCONDITIONAL_CALL	0
0x001c1f2c	0xStack[-0x28]	DATA	0
0x001c1f41	0x001d8d90	DATA	0
0x001c1f46	0x001f9344	READ	1
0x001c1f4c	0x0020240c	DATA	0
0x001c1f4d	0xStack[0x4]	READ	1
0x001c1f57	0x001ce960	UNCONDITIONAL_CALL	0
0x001c1f61	0x001c2077	CONDITIONAL_JUMP	0
0x001c1f67	0x001d8dc0	DATA	0
0x001c1f6c	0x001f9344	READ	1
0x001c1f72	0x0020240c	DATA	0
0x001c1f73	0xStack[0x4]	READ	1
0x001c1f7d	0x001ce960	UNCONDITIONAL_CALL	0
0x001c1f82	0xStack[-0x8]	WRITE	0
0x001c1f8c	0x001f92d8	READ	1
0x001c1f92	0x0020223c	DATA	0
0x001c1f93	0xStack[-0x8]	READ	1
0x001c1f97	0x001ce960	UNCONDITIONAL_CALL	0
0x001c1fa1	0x001c205c	CONDITIONAL_JUMP	0
0x001c1fa8	0x001f92e8	READ	1
0x001c1fae	0x00202250	DATA	0
0x001c1faf	0xStack[-0x8]	READ	1
0x001c1fb3	0x001ce960	UNCONDITIONAL_CALL	0
0x001c1fba	0x001f965c	READ	1
0x001c1fc0	0x00206bd0	DATA	0
0x001c1fc2	0x001ce960	UNCONDITIONAL_CALL	0
0x001c1fc9	0x001f963c	READ	1
0x001c1fcf	0x00206c70	DATA	0
0x001c1fd1	0x001ce960	UNCONDITIONAL_CALL	0
0x001c1fdb	0x001c2054	CONDITIONAL_JUMP	0
0x001c1fdd	0x001f9638	READ	1
0x001c1fe3	0x00206c80	DATA	0
0x001c1fe5	0x001ce960	UNCONDITIONAL_CALL	0
0x001c1fef	0x001c2054	CONDITIONAL_JUMP	0
0x001c1ff3	0x001f9648	READ	1
0x001c1ff9	0x00206c28	DATA	0
0x001c1ffb	0x001ce960	UNCONDITIONAL_CALL	0
0x001c2002	0x001f9650	READ	1
0x001c2008	0x00206c08	DATA	0
0x001c200a	0x001ce960	UNCONDITIONAL_CALL	0
0x001c2011	0x001f964c	READ	1
0x001c2017	0x00206c14	DATA	0
0x001c2018	0x001f9640	READ	1
0x001c201e	0x00206c68	DATA	0
0x001c2020	0x001ce960	UNCONDITIONAL_CALL	0
0x001c2029	0x001ce960	UNCONDITIONAL_CALL	0
0x001c2032	0x001f92cc	READ	1
0x001c2038	0x0020209c	DATA	0
0x001c2039	0xStack[-0x8]	READ	1
0x001c203d	0x001ce960	UNCONDITIONAL_CALL	0
0x001c2042	0x001f921c	READ	1
0x001c2048	0x00201920	DATA	0
0x001c204a	0x001ce960	UNCONDITIONAL_CALL	0
0x001c2052	0x001c205c	UNCONDITIONAL_JUMP	0
0x001c2055	0x001c1f8c	UNCONDITIONAL_JUMP	0
0x001c205c	0x001d8d90	DATA	0
0x001c2061	0x001f9634	READ	1
0x001c2067	0x002023b4	DATA	0
0x001c2068	0xStack[0x4]	READ	1
0x001c2072	0x001ce960	UNCONDITIONAL_CALL	0
0x001c2077	0xStack[-0x14]	DATA	0
0x001c208b	0xStack[0x4]	READ	1
0x001c208e	0xStack[0xc]	READ	1
0x001c2092	0x001f9458	READ	1
0x001c2098	0x002029d4	DATA	0
0x001c2099	0xStack[-0xc]	WRITE	0
0x001c209c	0x001d8d70	DATA	0
0x001c20a1	0x001ccf18	UNCONDITIONAL_CALL	0
0x001c20a9	0xStack[-0x8]	WRITE	0
0x001c20ac	0xStack[-0xc]	DATA	0
0x001c20b0	0x001cea70	UNCONDITIONAL_CALL	0
0x001c20b7	0x001a5448	UNCONDITIONAL_CALL	0
0x001c20ce	0xStack[-0x10]	READ	1
0x001c20e1	0xStack[0x4]	READ	1
0x001c20eb	0x001c2125	CONDITIONAL_JUMP	0
0x001c20f1	0x001c210f	CONDITIONAL_JUMP	0
0x001c20f4	0x001f921c	READ	1
0x001c20fa	0x00201920	DATA	0
0x001c2102	0x001ce960	UNCONDITIONAL_CALL	0
0x001c210d	0x001c20f4	CONDITIONAL_JUMP	0
0x001c211d	0x001a5458	UNCONDITIONAL_CALL	0
0x001c2128	0x001a5458	UNCONDITIONAL_CALL	0
0x001c212d	0x001f921c	READ	1
0x001c2133	0x00201920	DATA	0
0x001c2134	0xStack[-0xc]	WRITE	0
0x001c2137	0x001fa5b8	READ	1
0x001c213d	0x001fec84	DATA	1
0x001c213d	0xStack[-0x8]	WRITE	0
0x001c2140	0xStack[-0xc]	DATA	0
0x001c2144	0x001cea70	UNCONDITIONAL_CALL	0
0x001c2149	0xStack[-0x18]	DATA	0
0x001c2158	0xStack[0x4]	READ	1
0x001c2161	0x001c2170	CONDITIONAL_JUMP	0
0x001c2163	0x001f9630	READ	1
0x001c2169	0x00206ca0	DATA	0
0x001c216b	0x001ce960	UNCONDITIONAL_CALL	0
0x001c2172	0xStack[-0x8]	READ	1
0x001c2182	0xStack[0x4]	READ	1
0x001c218c	0x001c2226	CONDITIONAL_JUMP	0
0x001c2192	0x001d8dd4	DATA	0
0x001c2197	0x001f9344	READ	1
0x001c219d	0x0020240c	DATA	0
0x001c219e	0x001f9c08	READ	1
0x001c21a4	0x00203b80	DATA	0
0x001c21a6	0x001ce960	UNCONDITIONAL_CALL	0
0x001c21af	0x001ce960	UNCONDITIONAL_CALL	0
0x001c21bb	0x001c2226	CONDITIONAL_JUMP	0
0x001c21bd	0x001f92d8	READ	1
0x001c21c3	0x0020223c	DATA	0
0x001c21c5	0x001ce960	UNCONDITIONAL_CALL	0
0x001c21d0	0x001a5448	UNCONDITIONAL_CALL	0
0x001c21df	0x001c2226	CONDITIONAL_JUMP	0
0x001c21e5	0x001f92e8	READ	1
0x001c21eb	0x00202250	DATA	0
0x001c21ed	0x001ce960	UNCONDITIONAL_CALL	0
0x001c21f3	0x001f962c	READ	1
0x001c21f9	0x00206cb8	DATA	0
0x001c21fa	0x001f9210	READ	1
0x001c2200	0x00201900	DATA	0
0x001c2201	0x001f9db0	READ	1
0x001c2207	0x001fed89	DATA	0
0x001c2208	0x001ce960	UNCONDITIONAL_CALL	0
0x001c2211	0x001ce960	UNCONDITIONAL_CALL	0
0x001c2224	0x001c21e4	CONDITIONAL_JUMP	0
0x001c2229	0xStack[-0x10]	DATA	0
0x001c223d	0xStack[0x4]	READ	1
0x001c2240	0xStack[0xc]	READ	1
0x001c2245	0x001c226c	CONDITIONAL_JUMP	0
0x001c2247	0x001f921c	READ	1
0x001c224d	0x00201920	DATA	0
0x001c224e	0xStack[-0xc]	WRITE	0
0x001c2251	0x001d8de8	DATA	0
0x001c2256	0x001ccf18	UNCONDITIONAL_CALL	0
0x001c225e	0xStack[-0x8]	WRITE	0
0x001c2261	0xStack[-0xc]	DATA	0
0x001c2265	0x001cea70	UNCONDITIONAL_CALL	0
0x001c226a	0x001c22c6	UNCONDITIONAL_JUMP	0
0x001c226c	0x001f924c	READ	1
0x001c2272	0x00201a24	DATA	0
0x001c2273	0xStack[-0xc]	WRITE	0
0x001c2276	0x001d8de8	DATA	0
0x001c227b	0x001ccf18	UNCONDITIONAL_CALL	0
0x001c2283	0xStack[-0x8]	WRITE	0
0x001c2286	0xStack[-0xc]	DATA	0
0x001c228a	0x001cea70	UNCONDITIONAL_CALL	0
0x001c2291	0x001a5448	UNCONDITIONAL_CALL	0
0x001c229d	0x001f9628	READ	1
0x001c22a3	0x00206cdc	DATA	0
0x001c22a5	0x001ce960	UNCONDITIONAL_CALL	0
0x001c22ad	0x001f9624	READ	1
0x001c22b3	0x00206cd4	DATA	0
0x001c22b5	0x001ce960	UNCONDITIONAL_CALL	0
0x001c22c6	0xStack[-0x18]	DATA	0
0x001c22d8	0xStack[0x4]	READ	1
0x001c22e3	0x001c22f2	CONDITIONAL_JUMP	0
0x001c22ea	0x001a5458	UNCONDITIONAL_CALL	0
0x001c22f5	0x001a5458	UNCONDITIONAL_CALL	0
0x001c22fa	0x001f921c	READ	1
0x001c2300	0x00201920	DATA	0
0x001c2301	0xStack[-0xc]	WRITE	0
0x001c2304	0x001fa5e0	READ	1
0x001c230a	0x001fdfdf	DATA	1
0x001c230a	0xStack[-0x8]	WRITE	0
0x001c230d	0xStack[-0xc]	DATA	0
0x001c2311	0x001cea70	UNCONDITIONAL_CALL	0
0x001c2316	0xStack[-0x14]	DATA	0
0x001c2323	0xStack[0x4]	READ	1
0x001c2337	0xStack[0x4]	READ	1
0x001c2348	0xStack[0x4]	READ	1
0x001c2352	0x001c237d	CONDITIONAL_JUMP	0
0x001c2358	0x001a5448	UNCONDITIONAL_CALL	0
0x001c2365	0x001f9620	READ	1
0x001c236b	0x00206ccc	DATA	0
0x001c236f	0x001ce960	UNCONDITIONAL_CALL	0
0x001c2378	0x001013cc	UNCONDITIONAL_CALL	0
0x001c2380	0xStack[-0x8]	READ	1
0x001c2391	0x001f9610	READ	1
0x001c2397	0x00204aa8	DATA	0
0x001c2398	0xStack[0x4]	READ	1
0x001c239c	0x001ce960	UNCONDITIONAL_CALL	0
0x001c23a1	0xStack[-0x8]	WRITE	0
0x001c23aa	0xStack[-0xc]	WRITE	0
0x001c23b0	0xStack[-0x44]	WRITE	0
0x001c23b6	0xStack[-0x40]	WRITE	0
0x001c23bd	0xStack[-0x40]	READ	0
0x001c23c1	0x001c23cb	CONDITIONAL_JUMP	0
0x001c23c7	0xStack[-0x40]	WRITE	0
0x001c23cb	0xStack[-0x40]	READ	1
0x001c23d1	0xStack[-0xc]	READ	1
0x001c23db	0x001c23ef	CONDITIONAL_JUMP	0
0x001c23e6	0xStack[-0x40]	READ	1
0x001c23ec	0xStack[-0x40]	WRITE	0
0x001c23ef	0xStack[-0xc]	READ	1
0x001c23f6	0xStack[-0x44]	READ	0
0x001c23fa	0x001c2404	CONDITIONAL_JUMP	0
0x001c2400	0xStack[-0x44]	WRITE	0
0x001c2404	0xStack[-0x44]	READ	1
0x001c240a	0xStack[-0xc]	READ	1
0x001c2414	0x001c2428	CONDITIONAL_JUMP	0
0x001c241f	0xStack[-0x44]	READ	1
0x001c2425	0xStack[-0x44]	WRITE	0
0x001c2428	0xStack[-0xc]	READ	1
0x001c242b	0xStack[-0x44]	READ	1
0x001c2431	0xStack[-0x40]	READ	1
0x001c2437	0xStack[-0x8]	READ	1
0x001c243d	0xStack[-0x10]	WRITE	0
0x001c2440	0xStack[-0x40]	READ	1
0x001c2444	0xStack[-0xc]	READ	1
0x001c2455	0xStack[-0x8]	READ	1
0x001c245e	0xStack[-0x44]	READ	1
0x001c2462	0xStack[-0x3c]	WRITE	0
0x001c2465	0xStack[-0xc]	READ	1
0x001c2476	0xStack[-0x1c]	WRITE	0
0x001c2479	0xStack[-0x44]	READ	1
0x001c247f	0xStack[-0x44]	READ	1
0x001c2483	0xStack[-0x18]	WRITE	0
0x001c248a	0xStack[-0x10]	READ_WRITE	0
0x001c2492	0xStack[-0x18]	READ	1
0x001c249c	0xStack[-0x20]	WRITE	0
0x001c249f	0xStack[-0xc]	READ	1
0x001c24ab	0xStack[-0x24]	WRITE	0
0x001c24c1	0xStack[-0x3c]	READ	1
0x001c24c8	0xStack[-0x24]	READ	1
0x001c24ce	0xStack[-0x24]	WRITE	0
0x001c24d1	0xStack[-0x8]	READ	1
0x001c24d8	0x001c25dc	CONDITIONAL_JUMP	0
0x001c24de	0xStack[-0x40]	READ	1
0x001c24e4	0xStack[-0x40]	READ	1
0x001c24e8	0xStack[-0x14]	WRITE	0
0x001c24ec	0xStack[-0x14]	READ_WRITE	0
0x001c24f0	0xStack[-0x14]	READ	0
0x001c24f5	0x001c27a9	CONDITIONAL_JUMP	0
0x001c2500	0xStack[-0x30]	WRITE	0
0x001c2504	0xStack[-0x18]	READ	1
0x001c2508	0x001c25aa	UNCONDITIONAL_JUMP	0
0x001c2510	0xStack[-0x1c]	READ	1
0x001c2516	0xStack[-0x20]	READ	1
0x001c2521	0xStack[-0x20]	WRITE	0
0x001c2524	0xStack[-0x24]	READ	1
0x001c252a	0xStack[-0x38]	WRITE	0
0x001c252e	0xStack[-0x24]	READ_WRITE	0
0x001c2535	0x001c2540	CONDITIONAL_JUMP	0
0x001c2537	0xStack[-0x1c]	READ_WRITE	0
0x001c253b	0x001c25aa	UNCONDITIONAL_JUMP	0
0x001c2540	0xStack[-0x38]	READ	1
0x001c254b	0xStack[-0x44]	WRITE	0
0x001c254f	0x001c2560	CONDITIONAL_JUMP	0
0x001c2551	0xStack[-0x38]	READ	1
0x001c2555	0xStack[-0x1c]	READ	1
0x001c255b	0x001c25a4	UNCONDITIONAL_JUMP	0
0x001c256b	0xStack[-0x44]	READ	1
0x001c2582	0xStack[-0x44]	READ	1
0x001c259a	0xStack[-0x38]	READ	1
0x001c259e	0xStack[-0x1c]	READ	1
0x001c25a7	0xStack[-0x1c]	WRITE	0
0x001c25b0	0x001c2510	CONDITIONAL_JUMP	0
0x001c25b6	0xStack[-0x30]	READ	1
0x001c25b9	0xStack[-0x24]	READ_WRITE	0
0x001c25bc	0xStack[-0x1c]	READ	1
0x001c25bf	0xStack[-0x10]	READ	1
0x001c25c5	0xStack[-0x1c]	WRITE	0
0x001c25c8	0xStack[-0x14]	READ_WRITE	0
0x001c25cc	0xStack[-0x14]	READ	0
0x001c25d1	0x001c2504	CONDITIONAL_JUMP	0
0x001c25d7	0x001c27a9	UNCONDITIONAL_JUMP	0
0x001c25dc	0xStack[0x4]	READ	1
0x001c25e5	0xStack[-0x28]	WRITE	0
0x001c25ea	0x001c27a9	CONDITIONAL_JUMP	0
0x001c25f0	0xStack[0x4]	READ	1
0x001c25f9	0xStack[-0x2c]	WRITE	0
0x001c25fe	0x001c27a9	CONDITIONAL_JUMP	0
0x001c2604	0xStack[-0x40]	READ	1
0x001c260a	0xStack[-0x40]	READ	1
0x001c260e	0xStack[-0x14]	WRITE	0
0x001c2612	0xStack[-0x14]	READ_WRITE	0
0x001c2616	0x001c27a9	CONDITIONAL_JUMP	0
0x001c2621	0xStack[-0x34]	WRITE	0
0x001c2624	0xStack[-0x18]	READ	1
0x001c2628	0x001c2785	UNCONDITIONAL_JUMP	0
0x001c2630	0xStack[-0x1c]	READ	1
0x001c2636	0xStack[-0x20]	READ	1
0x001c2641	0xStack[-0x20]	WRITE	0
0x001c2644	0xStack[-0x24]	READ	1
0x001c264a	0xStack[-0x38]	WRITE	0
0x001c264e	0xStack[-0x24]	READ_WRITE	0
0x001c2655	0x001c2660	CONDITIONAL_JUMP	0
0x001c2657	0xStack[-0x1c]	READ_WRITE	0
0x001c265b	0x001c2785	UNCONDITIONAL_JUMP	0
0x001c2660	0xStack[-0x38]	READ	1
0x001c266b	0xStack[-0x44]	WRITE	0
0x001c266f	0x001c26c4	CONDITIONAL_JUMP	0
0x001c2671	0xStack[-0x38]	READ	1
0x001c267b	0xStack[-0x28]	READ	1
0x001c2683	0xStack[-0x38]	READ	1
0x001c2699	0xStack[-0x38]	READ	1
0x001c26b1	0xStack[-0x1c]	READ	1
0x001c26ba	0xStack[-0x1c]	WRITE	0
0x001c26bd	0x001c2785	UNCONDITIONAL_JUMP	0
0x001c26c9	0xStack[-0x2c]	READ	1
0x001c2709	0xStack[-0x44]	READ	1
0x001c2720	0xStack[-0x44]	READ	1
0x001c2738	0xStack[-0x38]	READ	1
0x001c2747	0xStack[-0x28]	READ	1
0x001c2779	0xStack[-0x1c]	READ	1
0x001c2782	0xStack[-0x1c]	WRITE	0
0x001c2787	0x001c2630	CONDITIONAL_JUMP	0
0x001c278d	0xStack[-0x34]	READ	1
0x001c2790	0xStack[-0x24]	READ_WRITE	0
0x001c2793	0xStack[-0x1c]	READ	1
0x001c2796	0xStack[-0x10]	READ	1
0x001c279c	0xStack[-0x1c]	WRITE	0
0x001c279f	0xStack[-0x14]	READ_WRITE	0
0x001c27a3	0x001c2624	CONDITIONAL_JUMP	0
0x001c27a9	0xStack[-0x50]	DATA	0
0x001c27bd	0xStack[0x4]	READ	1
0x001c27c6	0xStack[-0x34]	WRITE	0
0x001c27c9	0xStack[0x4]	READ	1
0x001c27d2	0xStack[-0x38]	WRITE	0
0x001c27d5	0x001f9610	READ	1
0x001c27db	0x00204aa8	DATA	0
0x001c27dc	0xStack[0x4]	READ	1
0x001c27e0	0x001ce960	UNCONDITIONAL_CALL	0
0x001c27e5	0xStack[-0x8]	WRITE	0
0x001c27ee	0xStack[-0xc]	WRITE	0
0x001c27f4	0xStack[-0x44]	WRITE	0
0x001c27fa	0xStack[-0x40]	WRITE	0
0x001c2801	0xStack[-0x40]	READ	0
0x001c2805	0x001c280f	CONDITIONAL_JUMP	0
0x001c280b	0xStack[-0x40]	WRITE	0
0x001c280f	0xStack[-0x40]	READ	1
0x001c2815	0xStack[-0xc]	READ	1
0x001c281f	0x001c2833	CONDITIONAL_JUMP	0
0x001c282a	0xStack[-0x40]	READ	1
0x001c2830	0xStack[-0x40]	WRITE	0
0x001c2833	0xStack[-0xc]	READ	1
0x001c283a	0xStack[-0x44]	READ	0
0x001c283e	0x001c2848	CONDITIONAL_JUMP	0
0x001c2844	0xStack[-0x44]	WRITE	0
0x001c2848	0xStack[-0x44]	READ	1
0x001c284e	0xStack[-0xc]	READ	1
0x001c2858	0x001c286c	CONDITIONAL_JUMP	0
0x001c2863	0xStack[-0x44]	READ	1
0x001c2869	0xStack[-0x44]	WRITE	0
0x001c286c	0xStack[-0xc]	READ	1
0x001c286f	0xStack[-0x44]	READ	1
0x001c2875	0xStack[-0x40]	READ	1
0x001c287b	0xStack[-0x8]	READ	1
0x001c2881	0xStack[-0x10]	WRITE	0
0x001c2884	0xStack[-0x40]	READ	1
0x001c2888	0xStack[-0x3c]	WRITE	0
0x001c288b	0xStack[-0xc]	READ	1
0x001c2899	0xStack[-0x10]	READ	1
0x001c289d	0xStack[-0x8]	READ	1
0x001c28a3	0xStack[-0x44]	READ	1
0x001c28b2	0xStack[-0x20]	WRITE	0
0x001c28b5	0xStack[-0x44]	READ	1
0x001c28bb	0xStack[-0x44]	READ	1
0x001c28bf	0xStack[-0x18]	WRITE	0
0x001c28c6	0xStack[-0x10]	READ_WRITE	0
0x001c28ce	0xStack[-0x18]	READ	1
0x001c28d2	0xStack[-0x1c]	WRITE	0
0x001c28d6	0xStack[-0xc]	READ	1
0x001c28df	0xStack[-0x24]	WRITE	0
0x001c28e2	0xStack[-0xc]	READ	1
0x001c28ee	0xStack[-0x2c]	WRITE	0
0x001c28fd	0xStack[-0x30]	WRITE	0
0x001c2907	0xStack[-0x3c]	READ	1
0x001c290f	0xStack[-0x3c]	WRITE	0
0x001c2916	0xStack[-0x44]	READ	1
0x001c291f	0xStack[-0x3c]	READ	1
0x001c2923	0xStack[-0x14]	WRITE	0
0x001c292a	0xStack[-0x2c]	READ_WRITE	0
0x001c292d	0xStack[-0x30]	READ_WRITE	0
0x001c2930	0xStack[-0x8]	READ	1
0x001c2937	0x001c29d4	CONDITIONAL_JUMP	0
0x001c293d	0xStack[-0x40]	READ	1
0x001c2943	0xStack[-0x40]	READ	1
0x001c2947	0xStack[-0x14]	WRITE	0
0x001c294b	0xStack[-0x14]	READ_WRITE	0
0x001c294f	0x001c2b15	CONDITIONAL_JUMP	0
0x001c2955	0xStack[-0x1c]	READ	1
0x001c2959	0xStack[-0x44]	WRITE	0
0x001c295c	0xStack[-0x18]	READ	1
0x001c2960	0x001c29b3	UNCONDITIONAL_JUMP	0
0x001c2964	0xStack[-0x20]	READ	1
0x001c2969	0xStack[-0x24]	READ	1
0x001c296f	0xStack[-0x24]	WRITE	0
0x001c2972	0xStack[-0x2c]	READ	1
0x001c2978	0xStack[-0x2c]	WRITE	0
0x001c2981	0xStack[-0x30]	READ	1
0x001c2999	0xStack[-0x30]	WRITE	0
0x001c29aa	0xStack[-0x20]	READ	1
0x001c29b0	0xStack[-0x20]	WRITE	0
0x001c29b5	0x001c2964	CONDITIONAL_JUMP	0
0x001c29b7	0xStack[-0x44]	READ	1
0x001c29ba	0xStack[-0x2c]	READ_WRITE	0
0x001c29bd	0xStack[-0x30]	READ_WRITE	0
0x001c29c0	0xStack[-0x10]	READ	1
0x001c29c3	0xStack[-0x20]	READ_WRITE	0
0x001c29c6	0xStack[-0x14]	READ_WRITE	0
0x001c29ca	0x001c295c	CONDITIONAL_JUMP	0
0x001c29cc	0x001c2b15	UNCONDITIONAL_JUMP	0
0x001c29d4	0xStack[-0x40]	READ	1
0x001c29da	0xStack[-0x40]	READ	1
0x001c29de	0xStack[-0x14]	WRITE	0
0x001c29e2	0x001c2b0b	UNCONDITIONAL_JUMP	0
0x001c29e8	0xStack[-0x18]	READ	1
0x001c29ec	0x001c2af3	UNCONDITIONAL_JUMP	0
0x001c29f4	0xStack[-0x20]	READ	1
0x001c29f9	0xStack[-0x24]	READ	1
0x001c29fe	0xStack[-0x30]	READ	1
0x001c2a05	0x001c2ae7	CONDITIONAL_JUMP	0
0x001c2a0b	0xStack[-0x2c]	READ	1
0x001c2a10	0xStack[-0x28]	WRITE	0
0x001c2a17	0x001c2adf	CONDITIONAL_JUMP	0
0x001c2a1d	0xStack[-0x20]	READ	1
0x001c2a23	0xStack[-0x34]	READ	1
0x001c2a29	0xStack[-0x44]	WRITE	0
0x001c2a51	0xStack[-0x44]	READ	1
0x001c2a7f	0xStack[-0x28]	READ	1
0x001c2a8a	0xStack[-0x44]	WRITE	0
0x001c2a9a	0x001c2acc	CONDITIONAL_JUMP	0
0x001c2a9c	0xStack[-0x44]	READ	1
0x001c2aa2	0xStack[-0x44]	READ	1
0x001c2aae	0xStack[-0x38]	READ	1
0x001c2ac5	0xStack[-0x28]	WRITE	0
0x001c2ac8	0x001c2adf	UNCONDITIONAL_JUMP	0
0x001c2acc	0xStack[-0x44]	READ	1
0x001c2ad2	0xStack[-0x38]	READ	1
0x001c2adc	0xStack[-0x28]	WRITE	0
0x001c2adf	0xStack[-0x28]	READ	1
0x001c2ae2	0xStack[-0x20]	READ	1
0x001c2ae7	0xStack[-0x24]	READ_WRITE	0
0x001c2aea	0xStack[-0x30]	READ_WRITE	0
0x001c2aed	0xStack[-0x2c]	READ_WRITE	0
0x001c2af0	0xStack[-0x20]	READ_WRITE	0
0x001c2af5	0x001c29f4	CONDITIONAL_JUMP	0
0x001c2afb	0xStack[-0x1c]	READ	1
0x001c2aff	0xStack[-0x2c]	READ_WRITE	0
0x001c2b02	0xStack[-0x30]	READ_WRITE	0
0x001c2b05	0xStack[-0x10]	READ	1
0x001c2b08	0xStack[-0x20]	READ_WRITE	0
0x001c2b0b	0xStack[-0x14]	READ_WRITE	0
0x001c2b0f	0x001c29e8	CONDITIONAL_JUMP	0
0x001c2b15	0xStack[-0x50]	DATA	0
0x001c2b29	0x001f9610	READ	1
0x001c2b2f	0x00204aa8	DATA	0
0x001c2b30	0xStack[0x4]	READ	1
0x001c2b34	0x001ce960	UNCONDITIONAL_CALL	0
0x001c2b39	0xStack[-0x8]	WRITE	0
0x001c2b42	0xStack[-0xc]	WRITE	0
0x001c2b48	0xStack[-0x34]	WRITE	0
0x001c2b4e	0xStack[-0x30]	WRITE	0
0x001c2b55	0xStack[-0x30]	READ	0
0x001c2b59	0x001c2b63	CONDITIONAL_JUMP	0
0x001c2b5f	0xStack[-0x30]	WRITE	0
0x001c2b63	0xStack[-0x30]	READ	1
0x001c2b69	0xStack[-0xc]	READ	1
0x001c2b73	0x001c2b87	CONDITIONAL_JUMP	0
0x001c2b7e	0xStack[-0x30]	READ	1
0x001c2b84	0xStack[-0x30]	WRITE	0
0x001c2b87	0xStack[-0xc]	READ	1
0x001c2b8e	0xStack[-0x34]	READ	0
0x001c2b92	0x001c2b9c	CONDITIONAL_JUMP	0
0x001c2b98	0xStack[-0x34]	WRITE	0
0x001c2b9c	0xStack[-0x34]	READ	1
0x001c2ba2	0xStack[-0xc]	READ	1
0x001c2bac	0x001c2bc0	CONDITIONAL_JUMP	0
0x001c2bb7	0xStack[-0x34]	READ	1
0x001c2bbd	0xStack[-0x34]	WRITE	0
0x001c2bc0	0xStack[-0xc]	READ	1
0x001c2bc3	0xStack[-0x34]	READ	1
0x001c2bc9	0xStack[-0x30]	READ	1
0x001c2bcf	0xStack[-0x8]	READ	1
0x001c2bd5	0xStack[-0x10]	WRITE	0
0x001c2bd8	0xStack[-0x30]	READ	1
0x001c2bdc	0xStack[-0x2c]	WRITE	0
0x001c2bdf	0xStack[-0xc]	READ	1
0x001c2bed	0xStack[-0x10]	READ	1
0x001c2bf1	0xStack[-0x8]	READ	1
0x001c2bfa	0xStack[-0x34]	READ	1
0x001c2c0e	0xStack[-0x34]	READ	1
0x001c2c16	0xStack[-0x1c]	WRITE	0
0x001c2c19	0xStack[-0x10]	READ_WRITE	0
0x001c2c23	0xStack[-0x20]	WRITE	0
0x001c2c26	0xStack[-0xc]	READ	1
0x001c2c2f	0xStack[-0x24]	WRITE	0
0x001c2c32	0xStack[-0xc]	READ	1
0x001c2c3e	0xStack[-0x28]	WRITE	0
0x001c2c48	0xStack[-0x2c]	READ	1
0x001c2c5d	0xStack[-0x28]	READ	1
0x001c2c63	0xStack[-0x28]	WRITE	0
0x001c2c66	0xStack[-0x8]	READ	1
0x001c2c6f	0x001c2c7a	CONDITIONAL_JUMP	0
0x001c2c74	0x001c2d58	CONDITIONAL_JUMP	0
0x001c2c7a	0xStack[-0x30]	READ	1
0x001c2c80	0xStack[-0x2c]	READ	1
0x001c2c83	0xStack[-0x14]	WRITE	0
0x001c2c86	0xStack[-0x14]	READ_WRITE	0
0x001c2c89	0xStack[-0x14]	READ	0
0x001c2c8d	0x001c2e12	CONDITIONAL_JUMP	0
0x001c2c94	0xStack[-0x1c]	READ	1
0x001c2c98	0xStack[-0x18]	WRITE	0
0x001c2c9e	0x001c2d34	CONDITIONAL_JUMP	0
0x001c2ca6	0xStack[-0x24]	READ	1
0x001c2cab	0xStack[-0x34]	WRITE	0
0x001c2cb1	0xStack[-0x24]	WRITE	0
0x001c2cb4	0xStack[-0x28]	READ	1
0x001c2cb9	0xStack[-0x38]	WRITE	0
0x001c2cbc	0xStack[-0x28]	READ_WRITE	0
0x001c2cc5	0x001c2d24	CONDITIONAL_JUMP	0
0x001c2ccc	0x001c2cd4	CONDITIONAL_JUMP	0
0x001c2cd0	0x001c2d24	UNCONDITIONAL_JUMP	0
0x001c2cd4	0xStack[-0x38]	READ_WRITE	0
0x001c2cd8	0xStack[-0x34]	READ_WRITE	0
0x001c2cde	0xStack[-0x34]	READ	1
0x001c2cf9	0xStack[-0x34]	READ	1
0x001c2d16	0xStack[-0x38]	READ	1
0x001c2d27	0xStack[-0x18]	READ_WRITE	0
0x001c2d2a	0xStack[-0x18]	READ	0
0x001c2d2e	0x001c2ca4	CONDITIONAL_JUMP	0
0x001c2d34	0xStack[-0x28]	READ	1
0x001c2d37	0xStack[-0x20]	READ	1
0x001c2d3d	0xStack[-0x28]	WRITE	0
0x001c2d40	0xStack[-0x10]	READ	1
0x001c2d46	0xStack[-0x14]	READ_WRITE	0
0x001c2d49	0xStack[-0x14]	READ	0
0x001c2d4d	0x001c2c94	CONDITIONAL_JUMP	0
0x001c2d53	0x001c2e12	UNCONDITIONAL_JUMP	0
0x001c2d58	0xStack[-0x30]	READ	1
0x001c2d5e	0xStack[-0x2c]	READ	1
0x001c2d61	0xStack[-0x14]	WRITE	0
0x001c2d64	0x001c2e05	UNCONDITIONAL_JUMP	0
0x001c2d6c	0xStack[-0x1c]	READ	1
0x001c2d70	0xStack[-0x18]	WRITE	0
0x001c2d76	0x001c2df3	CONDITIONAL_JUMP	0
0x001c2d7a	0xStack[-0x24]	READ	1
0x001c2d7f	0xStack[-0x34]	WRITE	0
0x001c2d85	0xStack[-0x24]	WRITE	0
0x001c2d88	0xStack[-0x28]	READ	1
0x001c2d8d	0xStack[-0x38]	WRITE	0
0x001c2d90	0xStack[-0x28]	READ_WRITE	0
0x001c2d99	0x001c2de7	CONDITIONAL_JUMP	0
0x001c2da0	0x001c2da8	CONDITIONAL_JUMP	0
0x001c2da4	0x001c2de7	UNCONDITIONAL_JUMP	0
0x001c2daa	0xStack[-0x34]	READ	1
0x001c2dc5	0xStack[-0x34]	READ	1
0x001c2de2	0xStack[-0x38]	READ	1
0x001c2dea	0xStack[-0x18]	READ_WRITE	0
0x001c2ded	0xStack[-0x18]	READ	0
0x001c2df1	0x001c2d78	CONDITIONAL_JUMP	0
0x001c2df3	0xStack[-0x28]	READ	1
0x001c2df6	0xStack[-0x20]	READ	1
0x001c2dfc	0xStack[-0x28]	WRITE	0
0x001c2dff	0xStack[-0x10]	READ	1
0x001c2e05	0xStack[-0x14]	READ_WRITE	0
0x001c2e08	0xStack[-0x14]	READ	0
0x001c2e0c	0x001c2d6c	CONDITIONAL_JUMP	0
0x001c2e12	0xStack[-0x44]	DATA	0
0x001c2e25	0xStack[0x4]	READ	1
0x001c2e32	0x001a0d78	UNCONDITIONAL_CALL	0
0x001c2e3c	0x001c2e48	CONDITIONAL_JUMP	0
0x001c2e3e	0xStack[0x4]	READ	1
0x001c2e41	0x001c30b0	UNCONDITIONAL_JUMP	0
0x001c2e48	0xStack[0x4]	READ	1
0x001c2e5d	0x001c309b	CONDITIONAL_JUMP	0
0x001c2e63	0x001f9610	READ	1
0x001c2e69	0x00204aa8	DATA	0
0x001c2e6a	0xStack[0x4]	READ	1
0x001c2e6e	0x001ce960	UNCONDITIONAL_CALL	0
0x001c2e7c	0x001c2e90	CONDITIONAL_JUMP	0
0x001c2e81	0x001c2e99	CONDITIONAL_JUMP	0
0x001c2e86	0x001c2f48	CONDITIONAL_JUMP	0
0x001c2e8c	0x001c2e99	UNCONDITIONAL_JUMP	0
0x001c2e93	0x001c2fec	CONDITIONAL_JUMP	0
0x001c2e99	0x001f9610	READ	1
0x001c2e9f	0x00204aa8	DATA	0
0x001c2ea0	0xStack[0x4]	READ	1
0x001c2ea4	0x001ce960	UNCONDITIONAL_CALL	0
0x001c2eb2	0xStack[-0x24]	WRITE	0
0x001c2eb8	0xStack[-0x20]	WRITE	0
0x001c2ebe	0xStack[-0x20]	READ	1
0x001c2ed4	0xStack[-0x24]	READ	1
0x001c2ee2	0xStack[-0x24]	READ	1
0x001c2ee8	0xStack[-0x24]	READ	1
0x001c2eec	0xStack[-0xc]	WRITE	0
0x001c2ef5	0xStack[-0x8]	WRITE	0
0x001c2efe	0xStack[-0x20]	READ	1
0x001c2f04	0xStack[-0x20]	READ	1
0x001c2f11	0x001c309b	CONDITIONAL_JUMP	0
0x001c2f1c	0xStack[-0xc]	READ	1
0x001c2f20	0x001c2f30	UNCONDITIONAL_JUMP	0
0x001c2f36	0x001c2f24	CONDITIONAL_JUMP	0
0x001c2f40	0x001c2f1c	CONDITIONAL_JUMP	0
0x001c2f42	0x001c309b	UNCONDITIONAL_JUMP	0
0x001c2f48	0x001f9610	READ	1
0x001c2f4e	0x00204aa8	DATA	0
0x001c2f4f	0xStack[0x4]	READ	1
0x001c2f53	0x001ce960	UNCONDITIONAL_CALL	0
0x001c2f61	0xStack[-0x24]	WRITE	0
0x001c2f67	0xStack[-0x20]	WRITE	0
0x001c2f6d	0xStack[-0x20]	READ	1
0x001c2f80	0xStack[-0x24]	READ	1
0x001c2f8e	0xStack[-0x24]	READ	1
0x001c2f94	0xStack[-0x24]	READ	1
0x001c2f98	0xStack[-0x14]	WRITE	0
0x001c2fa1	0xStack[-0x10]	WRITE	0
0x001c2faa	0xStack[-0x20]	READ	1
0x001c2fb0	0xStack[-0x20]	READ	1
0x001c2fbd	0x001c309b	CONDITIONAL_JUMP	0
0x001c2fc4	0xStack[-0x14]	READ	1
0x001c2fc8	0x001c2fd2	UNCONDITIONAL_JUMP	0
0x001c2fd8	0x001c2fcc	CONDITIONAL_JUMP	0
0x001c2fda	0xStack[-0x10]	READ	1
0x001c2fe3	0x001c2fc4	CONDITIONAL_JUMP	0
0x001c2fe5	0x001c309b	UNCONDITIONAL_JUMP	0
0x001c2fec	0x001f9610	READ	1
0x001c2ff2	0x00204aa8	DATA	0
0x001c2ff3	0xStack[0x4]	READ	1
0x001c2ff7	0x001ce960	UNCONDITIONAL_CALL	0
0x001c3007	0xStack[-0x24]	WRITE	0
0x001c300d	0xStack[-0x20]	WRITE	0
0x001c3013	0xStack[-0x18]	WRITE	0
0x001c3016	0xStack[-0x20]	READ	1
0x001c301a	0xStack[-0x1c]	WRITE	0
0x001c3028	0xStack[-0x18]	READ	1
0x001c3032	0xStack[-0x24]	READ	1
0x001c3046	0xStack[-0x24]	READ	1
0x001c3050	0xStack[-0x18]	READ_WRITE	0
0x001c3058	0xStack[-0x20]	READ	1
0x001c305e	0xStack[-0x1c]	READ	1
0x001c3068	0x001c309b	CONDITIONAL_JUMP	0
0x001c306a	0xStack[-0x18]	READ	1
0x001c3077	0xStack[-0x24]	WRITE	0
0x001c307d	0x001c3093	CONDITIONAL_JUMP	0
0x001c308a	0xStack[-0x24]	READ_WRITE	0
0x001c308d	0xStack[-0x24]	READ	0
0x001c3091	0x001c3080	CONDITIONAL_JUMP	0
0x001c3099	0x001c3074	CONDITIONAL_JUMP	0
0x001c309b	0xStack[0x4]	READ	1
0x001c30a8	0x001a0d68	UNCONDITIONAL_CALL	0
0x001c30ad	0xStack[0x4]	READ	1
0x001c30b0	0xStack[-0x30]	DATA	0
0x001c30c5	0xStack[0xc]	READ	1
0x001c30c8	0xStack[0x4]	READ	1
0x001c30d1	0xStack[-0x8]	WRITE	0
0x001c30da	0x001a0d78	UNCONDITIONAL_CALL	0
0x001c30e4	0x001c30f0	CONDITIONAL_JUMP	0
0x001c30e6	0xStack[0x4]	READ	1
0x001c30e9	0x001c37f3	UNCONDITIONAL_JUMP	0
0x001c30f0	0xStack[0x10]	READ	1
0x001c30f3	0xStack[-0x8]	READ	1
0x001c3109	0x001c3344	CONDITIONAL_JUMP	0
0x001c310f	0x001f9610	READ	1
0x001c3115	0x00204aa8	DATA	0
0x001c3116	0xStack[0x4]	READ	1
0x001c311a	0x001ce960	UNCONDITIONAL_CALL	0
0x001c3128	0x001c313c	CONDITIONAL_JUMP	0
0x001c312d	0x001c3145	CONDITIONAL_JUMP	0
0x001c3132	0x001c31f4	CONDITIONAL_JUMP	0
0x001c3138	0x001c3145	UNCONDITIONAL_JUMP	0
0x001c313f	0x001c3298	CONDITIONAL_JUMP	0
0x001c3145	0x001f9610	READ	1
0x001c314b	0x00204aa8	DATA	0
0x001c314c	0xStack[0x4]	READ	1
0x001c3150	0x001ce960	UNCONDITIONAL_CALL	0
0x001c315e	0xStack[-0x48]	WRITE	0
0x001c3164	0xStack[-0x44]	WRITE	0
0x001c316a	0xStack[-0x44]	READ	1
0x001c3180	0xStack[-0x48]	READ	1
0x001c318e	0xStack[-0x48]	READ	1
0x001c3194	0xStack[-0x48]	READ	1
0x001c3198	0xStack[-0x10]	WRITE	0
0x001c31a1	0xStack[-0xc]	WRITE	0
0x001c31aa	0xStack[-0x44]	READ	1
0x001c31b0	0xStack[-0x44]	READ	1
0x001c31bd	0x001c3344	CONDITIONAL_JUMP	0
0x001c31c5	0xStack[-0x4c]	WRITE	0
0x001c31c8	0xStack[-0x10]	READ	1
0x001c31cc	0x001c31dc	UNCONDITIONAL_JUMP	0
0x001c31e2	0x001c31d0	CONDITIONAL_JUMP	0
0x001c31e4	0xStack[-0x4c]	READ	1
0x001c31ed	0x001c31c8	CONDITIONAL_JUMP	0
0x001c31ef	0x001c3344	UNCONDITIONAL_JUMP	0
0x001c31f4	0x001f9610	READ	1
0x001c31fa	0x00204aa8	DATA	0
0x001c31fb	0xStack[0x4]	READ	1
0x001c31ff	0x001ce960	UNCONDITIONAL_CALL	0
0x001c320d	0xStack[-0x48]	WRITE	0
0x001c3213	0xStack[-0x44]	WRITE	0
0x001c3219	0xStack[-0x44]	READ	1
0x001c322c	0xStack[-0x48]	READ	1
0x001c323a	0xStack[-0x48]	READ	1
0x001c3240	0xStack[-0x48]	READ	1
0x001c3244	0xStack[-0x18]	WRITE	0
0x001c324d	0xStack[-0x14]	WRITE	0
0x001c3256	0xStack[-0x44]	READ	1
0x001c325c	0xStack[-0x44]	READ	1
0x001c3269	0x001c3344	CONDITIONAL_JUMP	0
0x001c3270	0xStack[-0x18]	READ	1
0x001c3274	0x001c327e	UNCONDITIONAL_JUMP	0
0x001c3284	0x001c3278	CONDITIONAL_JUMP	0
0x001c3286	0xStack[-0x14]	READ	1
0x001c328f	0x001c3270	CONDITIONAL_JUMP	0
0x001c3291	0x001c3344	UNCONDITIONAL_JUMP	0
0x001c3298	0x001f9610	READ	1
0x001c329e	0x00204aa8	DATA	0
0x001c329f	0xStack[0x4]	READ	1
0x001c32a3	0x001ce960	UNCONDITIONAL_CALL	0
0x001c32b3	0xStack[-0x48]	WRITE	0
0x001c32b9	0xStack[-0x44]	WRITE	0
0x001c32bf	0xStack[-0x1c]	WRITE	0
0x001c32c2	0xStack[-0x44]	READ	1
0x001c32da	0xStack[-0x48]	READ	1
0x001c32ee	0xStack[-0x48]	READ	1
0x001c32f8	0xStack[-0x1c]	READ_WRITE	0
0x001c3300	0xStack[-0x44]	READ	1
0x001c330f	0x001c3344	CONDITIONAL_JUMP	0
0x001c3311	0xStack[-0x1c]	READ	1
0x001c3317	0xStack[-0x4c]	WRITE	0
0x001c331f	0xStack[-0x48]	WRITE	0
0x001c3325	0x001c333b	CONDITIONAL_JUMP	0
0x001c3332	0xStack[-0x48]	READ_WRITE	0
0x001c3335	0xStack[-0x48]	READ	0
0x001c3339	0x001c3328	CONDITIONAL_JUMP	0
0x001c333b	0xStack[-0x4c]	READ	1
0x001c3342	0x001c331c	CONDITIONAL_JUMP	0
0x001c3344	0xStack[-0x8]	READ	1
0x001c334c	0x001c3364	CONDITIONAL_JUMP	0
0x001c3357	0x001c3364	CONDITIONAL_JUMP	0
0x001c3364	0xStack[-0x8]	READ	1
0x001c336c	0x001c3728	CONDITIONAL_JUMP	0
0x001c3372	0xStack[0x4]	READ	1
0x001c337b	0xStack[-0x4c]	WRITE	0
0x001c338b	0xStack[-0x28]	WRITE	0
0x001c3398	0xStack[-0x28]	READ	1
0x001c339e	0xStack[-0x28]	WRITE	0
0x001c33ab	0xStack[-0x24]	WRITE	0
0x001c33b6	0xStack[-0x24]	READ	1
0x001c33bc	0xStack[-0x24]	WRITE	0
0x001c33c5	0xStack[-0x28]	READ	0
0x001c33c9	0x001c33f3	CONDITIONAL_JUMP	0
0x001c33cb	0xStack[-0x28]	READ	1
0x001c33d8	0x001c33f3	CONDITIONAL_JUMP	0
0x001c33de	0xStack[-0x24]	READ	0
0x001c33e2	0x001c33f3	CONDITIONAL_JUMP	0
0x001c33f0	0x001c33f3	CONDITIONAL_JUMP	0
0x001c33f3	0xStack[-0x4c]	READ	1
0x001c33fe	0x001c3728	CONDITIONAL_JUMP	0
0x001c340e	0x001c366c	CONDITIONAL_JUMP	0
0x001c3414	0xStack[0x4]	READ	1
0x001c3429	0x001c3728	CONDITIONAL_JUMP	0
0x001c342f	0x001f9610	READ	1
0x001c3435	0x00204aa8	DATA	0
0x001c3437	0x001ce960	UNCONDITIONAL_CALL	0
0x001c3445	0x001c3458	CONDITIONAL_JUMP	0
0x001c344a	0x001c3461	CONDITIONAL_JUMP	0
0x001c344f	0x001c3510	CONDITIONAL_JUMP	0
0x001c3455	0x001c3461	UNCONDITIONAL_JUMP	0
0x001c345b	0x001c35b4	CONDITIONAL_JUMP	0
0x001c3461	0x001f9610	READ	1
0x001c3467	0x00204aa8	DATA	0
0x001c3468	0xStack[0x4]	READ	1
0x001c346c	0x001ce960	UNCONDITIONAL_CALL	0
0x001c347a	0xStack[-0x48]	WRITE	0
0x001c3480	0xStack[-0x44]	WRITE	0
0x001c3486	0xStack[-0x44]	READ	1
0x001c349c	0xStack[-0x48]	READ	1
0x001c34aa	0xStack[-0x48]	READ	1
0x001c34b0	0xStack[-0x48]	READ	1
0x001c34b4	0xStack[-0x30]	WRITE	0
0x001c34bd	0xStack[-0x2c]	WRITE	0
0x001c34c6	0xStack[-0x44]	READ	1
0x001c34cc	0xStack[-0x44]	READ	1
0x001c34d9	0x001c3728	CONDITIONAL_JUMP	0
0x001c34e1	0xStack[-0x4c]	WRITE	0
0x001c34e4	0xStack[-0x30]	READ	1
0x001c34e8	0x001c34f8	UNCONDITIONAL_JUMP	0
0x001c34fe	0x001c34ec	CONDITIONAL_JUMP	0
0x001c3500	0xStack[-0x4c]	READ	1
0x001c3509	0x001c34e4	CONDITIONAL_JUMP	0
0x001c350b	0x001c3728	UNCONDITIONAL_JUMP	0
0x001c3510	0x001f9610	READ	1
0x001c3516	0x00204aa8	DATA	0
0x001c3517	0xStack[0x4]	READ	1
0x001c351b	0x001ce960	UNCONDITIONAL_CALL	0
0x001c3529	0xStack[-0x48]	WRITE	0
0x001c352f	0xStack[-0x44]	WRITE	0
0x001c3535	0xStack[-0x44]	READ	1
0x001c3548	0xStack[-0x48]	READ	1
0x001c3556	0xStack[-0x48]	READ	1
0x001c355c	0xStack[-0x48]	READ	1
0x001c3560	0xStack[-0x38]	WRITE	0
0x001c3569	0xStack[-0x34]	WRITE	0
0x001c3572	0xStack[-0x44]	READ	1
0x001c3578	0xStack[-0x44]	READ	1
0x001c3585	0x001c3728	CONDITIONAL_JUMP	0
0x001c358c	0xStack[-0x38]	READ	1
0x001c3590	0x001c359a	UNCONDITIONAL_JUMP	0
0x001c35a0	0x001c3594	CONDITIONAL_JUMP	0
0x001c35a2	0xStack[-0x34]	READ	1
0x001c35ab	0x001c358c	CONDITIONAL_JUMP	0
0x001c35ad	0x001c3728	UNCONDITIONAL_JUMP	0
0x001c35b4	0x001f9610	READ	1
0x001c35ba	0x00204aa8	DATA	0
0x001c35bb	0xStack[0x4]	READ	1
0x001c35bf	0x001ce960	UNCONDITIONAL_CALL	0
0x001c35cf	0xStack[-0x48]	WRITE	0
0x001c35d5	0xStack[-0x44]	WRITE	0
0x001c35db	0xStack[-0x3c]	WRITE	0
0x001c35de	0xStack[-0x44]	READ	1
0x001c35f6	0xStack[-0x48]	READ	1
0x001c360a	0xStack[-0x48]	READ	1
0x001c3614	0xStack[-0x3c]	READ_WRITE	0
0x001c361c	0xStack[-0x44]	READ	1
0x001c362b	0x001c3728	CONDITIONAL_JUMP	0
0x001c3631	0xStack[-0x3c]	READ	1
0x001c3637	0xStack[-0x4c]	WRITE	0
0x001c363f	0xStack[-0x48]	WRITE	0
0x001c3645	0x001c365b	CONDITIONAL_JUMP	0
0x001c3652	0xStack[-0x48]	READ_WRITE	0
0x001c3655	0xStack[-0x48]	READ	0
0x001c3659	0x001c3648	CONDITIONAL_JUMP	0
0x001c365b	0xStack[-0x4c]	READ	1
0x001c3662	0x001c363c	CONDITIONAL_JUMP	0
0x001c3664	0x001c3728	UNCONDITIONAL_JUMP	0
0x001c366c	0xStack[0x4]	READ	1
0x001c367a	0x001c3728	CONDITIONAL_JUMP	0
0x001c368d	0x001c3728	CONDITIONAL_JUMP	0
0x001c36d0	0x001f9610	READ	1
0x001c36d6	0x00204aa8	DATA	0
0x001c36d8	0x001ce960	UNCONDITIONAL_CALL	0
0x001c36e6	0x001c36f4	CONDITIONAL_JUMP	0
0x001c36eb	0x001c36f9	CONDITIONAL_JUMP	0
0x001c36f0	0x001c3704	CONDITIONAL_JUMP	0
0x001c36f2	0x001c36f9	UNCONDITIONAL_JUMP	0
0x001c36f7	0x001c3710	CONDITIONAL_JUMP	0
0x001c36f9	0xStack[0x4]	READ	1
0x001c36fd	0x001c2388	UNCONDITIONAL_CALL	0
0x001c3702	0x001c3719	UNCONDITIONAL_JUMP	0
0x001c3704	0xStack[0x4]	READ	1
0x001c3708	0x001c27b4	UNCONDITIONAL_CALL	0
0x001c370d	0x001c3719	UNCONDITIONAL_JUMP	0
0x001c3710	0xStack[0x4]	READ	1
0x001c3714	0x001c2b20	UNCONDITIONAL_CALL	0
0x001c3728	0xStack[-0x8]	READ	1
0x001c3730	0x001c37e4	CONDITIONAL_JUMP	0
0x001c3743	0x001c37e4	CONDITIONAL_JUMP	0
0x001c3749	0xStack[0x4]	READ	1
0x001c3789	0x001f9610	READ	1
0x001c378f	0x00204aa8	DATA	0
0x001c3791	0x001ce960	UNCONDITIONAL_CALL	0
0x001c379f	0x001c37b0	CONDITIONAL_JUMP	0
0x001c37a4	0x001c37b5	CONDITIONAL_JUMP	0
0x001c37a9	0x001c37c0	CONDITIONAL_JUMP	0
0x001c37ab	0x001c37b5	UNCONDITIONAL_JUMP	0
0x001c37b3	0x001c37cc	CONDITIONAL_JUMP	0
0x001c37b5	0xStack[0x4]	READ	1
0x001c37b9	0x001c2388	UNCONDITIONAL_CALL	0
0x001c37be	0x001c37d5	UNCONDITIONAL_JUMP	0
0x001c37c0	0xStack[0x4]	READ	1
0x001c37c4	0x001c27b4	UNCONDITIONAL_CALL	0
0x001c37c9	0x001c37d5	UNCONDITIONAL_JUMP	0
0x001c37cc	0xStack[0x4]	READ	1
0x001c37d0	0x001c2b20	UNCONDITIONAL_CALL	0
0x001c37e4	0xStack[-0x8]	READ	1
0x001c37eb	0x001a0d68	UNCONDITIONAL_CALL	0
0x001c37f0	0xStack[0x4]	READ	1
0x001c37f3	0xStack[-0x58]	DATA	0
0x001c3809	0xStack[0xc]	READ	1
0x001c380c	0xStack[0x4]	READ	1
0x001c3815	0xStack[-0x8]	WRITE	0
0x001c381e	0x001a0d78	UNCONDITIONAL_CALL	0
0x001c3828	0x001c3834	CONDITIONAL_JUMP	0
0x001c382a	0xStack[0x4]	READ	1
0x001c382d	0x001c3ccf	UNCONDITIONAL_JUMP	0
0x001c3834	0xStack[0x10]	READ	1
0x001c3837	0xStack[-0x8]	READ	1
0x001c3846	0x001c3c04	CONDITIONAL_JUMP	0
0x001c384c	0xStack[0x4]	READ	1
0x001c3862	0xStack[-0x2c]	WRITE	0
0x001c386f	0xStack[-0x2c]	READ	1
0x001c3875	0xStack[-0x2c]	WRITE	0
0x001c3882	0xStack[-0x28]	WRITE	0
0x001c388d	0xStack[-0x28]	READ	1
0x001c3893	0xStack[-0x28]	WRITE	0
0x001c3896	0xStack[-0xc]	WRITE	0
0x001c38a1	0xStack[-0x2c]	READ	0
0x001c38a5	0x001c38d1	CONDITIONAL_JUMP	0
0x001c38a7	0xStack[-0x2c]	READ	1
0x001c38b4	0x001c38d1	CONDITIONAL_JUMP	0
0x001c38ba	0xStack[-0x28]	READ	0
0x001c38be	0x001c38d1	CONDITIONAL_JUMP	0
0x001c38cc	0x001c38d1	CONDITIONAL_JUMP	0
0x001c38ce	0xStack[-0xc]	READ_WRITE	0
0x001c38d7	0xStack[-0xc]	READ	0
0x001c38da	0x001c3c04	CONDITIONAL_JUMP	0
0x001c38e0	0xStack[-0xc]	READ	1
0x001c38eb	0x001c3b48	CONDITIONAL_JUMP	0
0x001c38f1	0xStack[0x4]	READ	1
0x001c3906	0x001c3c04	CONDITIONAL_JUMP	0
0x001c390c	0x001f9610	READ	1
0x001c3912	0x00204aa8	DATA	0
0x001c3914	0x001ce960	UNCONDITIONAL_CALL	0
0x001c3922	0x001c3934	CONDITIONAL_JUMP	0
0x001c3927	0x001c393d	CONDITIONAL_JUMP	0
0x001c392c	0x001c39ec	CONDITIONAL_JUMP	0
0x001c3932	0x001c393d	UNCONDITIONAL_JUMP	0
0x001c3937	0x001c3a90	CONDITIONAL_JUMP	0
0x001c393d	0x001f9610	READ	1
0x001c3943	0x00204aa8	DATA	0
0x001c3944	0xStack[0x4]	READ	1
0x001c3948	0x001ce960	UNCONDITIONAL_CALL	0
0x001c3956	0xStack[-0x2c]	WRITE	0
0x001c395c	0xStack[-0x28]	WRITE	0
0x001c3962	0xStack[-0x28]	READ	1
0x001c3978	0xStack[-0x2c]	READ	1
0x001c3986	0xStack[-0x2c]	READ	1
0x001c398c	0xStack[-0x2c]	READ	1
0x001c3990	0xStack[-0x14]	WRITE	0
0x001c3999	0xStack[-0x10]	WRITE	0
0x001c39a2	0xStack[-0x28]	READ	1
0x001c39a8	0xStack[-0x28]	READ	1
0x001c39b5	0x001c3c04	CONDITIONAL_JUMP	0
0x001c39bd	0xStack[-0x30]	WRITE	0
0x001c39c0	0xStack[-0x14]	READ	1
0x001c39c4	0x001c39d4	UNCONDITIONAL_JUMP	0
0x001c39da	0x001c39c8	CONDITIONAL_JUMP	0
0x001c39dc	0xStack[-0x30]	READ	1
0x001c39e5	0x001c39c0	CONDITIONAL_JUMP	0
0x001c39e7	0x001c3c04	UNCONDITIONAL_JUMP	0
0x001c39ec	0x001f9610	READ	1
0x001c39f2	0x00204aa8	DATA	0
0x001c39f3	0xStack[0x4]	READ	1
0x001c39f7	0x001ce960	UNCONDITIONAL_CALL	0
0x001c3a05	0xStack[-0x2c]	WRITE	0
0x001c3a0b	0xStack[-0x28]	WRITE	0
0x001c3a11	0xStack[-0x28]	READ	1
0x001c3a24	0xStack[-0x2c]	READ	1
0x001c3a32	0xStack[-0x2c]	READ	1
0x001c3a38	0xStack[-0x2c]	READ	1
0x001c3a3c	0xStack[-0x1c]	WRITE	0
0x001c3a45	0xStack[-0x18]	WRITE	0
0x001c3a4e	0xStack[-0x28]	READ	1
0x001c3a54	0xStack[-0x28]	READ	1
0x001c3a61	0x001c3c04	CONDITIONAL_JUMP	0
0x001c3a68	0xStack[-0x1c]	READ	1
0x001c3a6c	0x001c3a76	UNCONDITIONAL_JUMP	0
0x001c3a7c	0x001c3a70	CONDITIONAL_JUMP	0
0x001c3a7e	0xStack[-0x18]	READ	1
0x001c3a87	0x001c3a68	CONDITIONAL_JUMP	0
0x001c3a89	0x001c3c04	UNCONDITIONAL_JUMP	0
0x001c3a90	0x001f9610	READ	1
0x001c3a96	0x00204aa8	DATA	0
0x001c3a97	0xStack[0x4]	READ	1
0x001c3a9b	0x001ce960	UNCONDITIONAL_CALL	0
0x001c3aab	0xStack[-0x2c]	WRITE	0
0x001c3ab1	0xStack[-0x28]	WRITE	0
0x001c3ab7	0xStack[-0x20]	WRITE	0
0x001c3aba	0xStack[-0x28]	READ	1
0x001c3ad2	0xStack[-0x2c]	READ	1
0x001c3ae6	0xStack[-0x2c]	READ	1
0x001c3af0	0xStack[-0x20]	READ_WRITE	0
0x001c3af8	0xStack[-0x28]	READ	1
0x001c3b07	0x001c3c04	CONDITIONAL_JUMP	0
0x001c3b0d	0xStack[-0x20]	READ	1
0x001c3b13	0xStack[-0x30]	WRITE	0
0x001c3b1b	0xStack[-0x2c]	WRITE	0
0x001c3b21	0x001c3b37	CONDITIONAL_JUMP	0
0x001c3b2e	0xStack[-0x2c]	READ_WRITE	0
0x001c3b31	0xStack[-0x2c]	READ	0
0x001c3b35	0x001c3b24	CONDITIONAL_JUMP	0
0x001c3b37	0xStack[-0x30]	READ	1
0x001c3b3e	0x001c3b18	CONDITIONAL_JUMP	0
0x001c3b40	0x001c3c04	UNCONDITIONAL_JUMP	0
0x001c3b48	0xStack[0x4]	READ	1
0x001c3b56	0x001c3c04	CONDITIONAL_JUMP	0
0x001c3b69	0x001c3c04	CONDITIONAL_JUMP	0
0x001c3bac	0x001f9610	READ	1
0x001c3bb2	0x00204aa8	DATA	0
0x001c3bb4	0x001ce960	UNCONDITIONAL_CALL	0
0x001c3bc2	0x001c3bd0	CONDITIONAL_JUMP	0
0x001c3bc7	0x001c3bd5	CONDITIONAL_JUMP	0
0x001c3bcc	0x001c3be0	CONDITIONAL_JUMP	0
0x001c3bce	0x001c3bd5	UNCONDITIONAL_JUMP	0
0x001c3bd3	0x001c3bec	CONDITIONAL_JUMP	0
0x001c3bd5	0xStack[0x4]	READ	1
0x001c3bd9	0x001c2388	UNCONDITIONAL_CALL	0
0x001c3bde	0x001c3bf5	UNCONDITIONAL_JUMP	0
0x001c3be0	0xStack[0x4]	READ	1
0x001c3be4	0x001c27b4	UNCONDITIONAL_CALL	0
0x001c3be9	0x001c3bf5	UNCONDITIONAL_JUMP	0
0x001c3bec	0xStack[0x4]	READ	1
0x001c3bf0	0x001c2b20	UNCONDITIONAL_CALL	0
0x001c3c04	0xStack[0x4]	READ	1
0x001c3c12	0x001c3cc0	CONDITIONAL_JUMP	0
0x001c3c25	0x001c3cc0	CONDITIONAL_JUMP	0
0x001c3c68	0x001f9610	READ	1
0x001c3c6e	0x00204aa8	DATA	0
0x001c3c70	0x001ce960	UNCONDITIONAL_CALL	0
0x001c3c7e	0x001c3c8c	CONDITIONAL_JUMP	0
0x001c3c83	0x001c3c91	CONDITIONAL_JUMP	0
0x001c3c88	0x001c3c9c	CONDITIONAL_JUMP	0
0x001c3c8a	0x001c3c91	UNCONDITIONAL_JUMP	0
0x001c3c8f	0x001c3ca8	CONDITIONAL_JUMP	0
0x001c3c91	0xStack[0x4]	READ	1
0x001c3c95	0x001c2388	UNCONDITIONAL_CALL	0
0x001c3c9a	0x001c3cb1	UNCONDITIONAL_JUMP	0
0x001c3c9c	0xStack[0x4]	READ	1
0x001c3ca0	0x001c27b4	UNCONDITIONAL_CALL	0
0x001c3ca5	0x001c3cb1	UNCONDITIONAL_JUMP	0
0x001c3ca8	0xStack[0x4]	READ	1
0x001c3cac	0x001c2b20	UNCONDITIONAL_CALL	0
0x001c3cc0	0xStack[-0x8]	READ	1
0x001c3cc7	0x001a0d68	UNCONDITIONAL_CALL	0
0x001c3ccc	0xStack[0x4]	READ	1
0x001c3ccf	0xStack[-0x3c]	DATA	0
0x001c3ce5	0xStack[0x14]	READ	1
0x001c3cea	0xStack[-0x24]	WRITE	0
0x001c3ced	0xStack[0x10]	READ	1
0x001c3cf0	0x001d8e68	DATA	1
0x001c3cff	0x001d8e68	READ	0
0x001c3cff	0x001d8e69	READ	0
0x001c3d01	0x001c3d54	CONDITIONAL_JUMP	0
0x001c3d03	0xStack[0xc]	READ	1
0x001c3d0c	0x001f94a8	READ	1
0x001c3d12	0x00202c84	DATA	0
0x001c3d13	0xStack[0x4]	READ	1
0x001c3d17	0x001ce960	UNCONDITIONAL_CALL	0
0x001c3d1c	0x001f960c	READ	1
0x001c3d22	0x00206ed0	DATA	0
0x001c3d23	0xStack[0x4]	READ	1
0x001c3d27	0x001ce960	UNCONDITIONAL_CALL	0
0x001c3d2c	0xStack[0x4]	READ	1
0x001c3d30	0x001f9608	READ	1
0x001c3d36	0x00202ac0	DATA	0
0x001c3d37	0x001f7b48	READ	1
0x001c3d3e	0x001ce960	UNCONDITIONAL_CALL	0
0x001c3d43	0xStack[0x14]	READ	1
0x001c3d4e	0x001c417b	UNCONDITIONAL_JUMP	0
0x001c3d54	0xStack[0x10]	READ	1
0x001c3d57	0x001d8e7c	DATA	1
0x001c3d64	0x001d8e7c	READ	0
0x001c3d64	0x001d8e7d	READ	0
0x001c3d66	0x001c3e1c	CONDITIONAL_JUMP	0
0x001c3d6c	0x001f9610	READ	1
0x001c3d72	0x00204aa8	DATA	0
0x001c3d73	0xStack[0x4]	READ	1
0x001c3d77	0x001ce960	UNCONDITIONAL_CALL	0
0x001c3d7e	0xStack[-0x18]	WRITE	0
0x001c3d84	0xStack[-0x14]	WRITE	0
0x001c3d8a	0xStack[-0x10]	WRITE	0
0x001c3d90	0xStack[-0x8]	WRITE	0
0x001c3d99	0x001c3def	CONDITIONAL_JUMP	0
0x001c3d9b	0x001c3db8	COMPUTED_JUMP	-1
0x001c3d9b	0x001c3dc4	COMPUTED_JUMP	-1
0x001c3d9b	0x001c3dd0	COMPUTED_JUMP	-1
0x001c3d9b	0x001c3ddc	COMPUTED_JUMP	-1
0x001c3d9b	0x001c3de8	COMPUTED_JUMP	-1
0x001c3d9b	0x001c3da4	DATA	0
0x001c3da4	0x001c3db8	DATA	0
0x001c3da8	0x001c3dc4	DATA	0
0x001c3dac	0x001c3dd0	DATA	0
0x001c3db0	0x001c3ddc	DATA	0
0x001c3db4	0x001c3de8	DATA	0
0x001c3db8	0xStack[-0xc]	WRITE	0
0x001c3dbf	0x001c3def	UNCONDITIONAL_JUMP	0
0x001c3dc4	0xStack[-0xc]	WRITE	0
0x001c3dcb	0x001c3def	UNCONDITIONAL_JUMP	0
0x001c3dd0	0xStack[-0xc]	WRITE	0
0x001c3dd7	0x001c3def	UNCONDITIONAL_JUMP	0
0x001c3ddc	0xStack[-0xc]	WRITE	0
0x001c3de3	0x001c3def	UNCONDITIONAL_JUMP	0
0x001c3de8	0xStack[-0xc]	WRITE	0
0x001c3df8	0xStack[-0x24]	READ	1
0x001c3dfd	0x001c410a	CONDITIONAL_JUMP	0
0x001c3e03	0xStack[-0x14]	DATA	1
0x001c3e07	0xStack[0xc]	READ	1
0x001c3e13	0x001c3df8	CONDITIONAL_JUMP	0
0x001c3e15	0x001c410a	UNCONDITIONAL_JUMP	0
0x001c3e1c	0xStack[0x10]	READ	1
0x001c3e1f	0x001d8e98	DATA	1
0x001c3e2c	0x001d8e98	READ	0
0x001c3e2c	0x001d8e99	READ	0
0x001c3e2e	0x001c3e78	CONDITIONAL_JUMP	0
0x001c3e30	0x001f9604	READ	1
0x001c3e36	0x00206ee0	DATA	0
0x001c3e37	0xStack[0x4]	READ	1
0x001c3e3b	0x001ce960	UNCONDITIONAL_CALL	0
0x001c3e42	0xStack[0x14]	READ	1
0x001c3e4e	0xStack[-0x24]	READ	0
0x001c3e52	0x001c3e6f	CONDITIONAL_JUMP	0
0x001c3e5a	0x001f9600	READ	1
0x001c3e60	0x00204aa0	DATA	0
0x001c3e61	0xStack[0x4]	READ	1
0x001c3e65	0x001ce960	UNCONDITIONAL_CALL	0
0x001c3e6a	0xStack[0xc]	READ	1
0x001c3e71	0x001c417b	UNCONDITIONAL_JUMP	0
0x001c3e78	0xStack[0x10]	READ	1
0x001c3e7b	0x001d8eb0	DATA	1
0x001c3e88	0x001d8eb0	READ	0
0x001c3e88	0x001d8eb1	READ	0
0x001c3e8a	0x001c3eec	CONDITIONAL_JUMP	0
0x001c3e8c	0xStack[-0x24]	READ	0
0x001c3e90	0x001c3e9c	CONDITIONAL_JUMP	0
0x001c3e92	0xStack[-0x24]	READ	0
0x001c3e96	0x001c412c	CONDITIONAL_JUMP	0
0x001c3e9c	0x001f9610	READ	1
0x001c3ea2	0x00204aa8	DATA	0
0x001c3ea3	0xStack[0x4]	READ	1
0x001c3ea7	0x001ce960	UNCONDITIONAL_CALL	0
0x001c3eae	0xStack[0xc]	READ	1
0x001c3ecb	0xStack[0x14]	READ	1
0x001c3ed1	0x001c410a	CONDITIONAL_JUMP	0
0x001c3eda	0xStack[0xc]	READ	1
0x001c3ee6	0x001c410a	UNCONDITIONAL_JUMP	0
0x001c3eec	0xStack[0x10]	READ	1
0x001c3eef	0x001d8ec4	DATA	1
0x001c3efc	0x001d8ec4	READ	0
0x001c3efc	0x001d8ec5	READ	0
0x001c3efe	0x001c3f28	CONDITIONAL_JUMP	0
0x001c3f00	0xStack[-0x24]	READ	0
0x001c3f04	0x001c412c	CONDITIONAL_JUMP	0
0x001c3f0a	0x001f95fc	READ	1
0x001c3f10	0x00206e90	DATA	0
0x001c3f11	0xStack[0x4]	READ	1
0x001c3f15	0x001ce960	UNCONDITIONAL_CALL	0
0x001c3f1a	0xStack[0xc]	READ	1
0x001c3f21	0x001c417b	UNCONDITIONAL_JUMP	0
0x001c3f2a	0x001d8ed8	DATA	0
0x001c3f2f	0xStack[0x10]	READ	1
0x001c3f33	0x00101efc	UNCONDITIONAL_CALL	0
0x001c3f3d	0x001c4068	CONDITIONAL_JUMP	0
0x001c3f43	0xStack[0x14]	READ	1
0x001c3f49	0x001c412c	CONDITIONAL_JUMP	0
0x001c3f4f	0xStack[0x10]	READ	1
0x001c3f54	0x001d8ed8	DATA	1
0x001c3f5f	0x001d8ed8	READ	0
0x001c3f5f	0x001d8ed9	READ	0
0x001c3f6b	0x001c3fae	CONDITIONAL_JUMP	0
0x001c3f71	0x001d8ed8	DATA	0
0x001c3f77	0x00101efc	UNCONDITIONAL_CALL	0
0x001c3f81	0x001c3fa8	CONDITIONAL_JUMP	0
0x001c3f85	0x001c3f93	UNCONDITIONAL_JUMP	0
0x001c3f8b	0x001c3f92	CONDITIONAL_JUMP	0
0x001c3f90	0x001c3f9a	CONDITIONAL_JUMP	0
0x001c3f98	0x001c3f88	CONDITIONAL_JUMP	0
0x001c3f9e	0x001c3fa2	CONDITIONAL_JUMP	0
0x001c3fa4	0x001c3fb0	UNCONDITIONAL_JUMP	0
0x001c3fac	0x001c3f70	CONDITIONAL_JUMP	0
0x001c3fb2	0x001c412c	CONDITIONAL_JUMP	0
0x001c3fbd	0x001beb58	UNCONDITIONAL_CALL	0
0x001c3fc9	0x001c412c	CONDITIONAL_JUMP	0
0x001c3fcf	0x001f95fc	READ	1
0x001c3fd5	0x00206e90	DATA	0
0x001c3fd6	0xStack[0x4]	READ	1
0x001c3fda	0x001ce960	UNCONDITIONAL_CALL	0
0x001c3fe4	0x001c412c	CONDITIONAL_JUMP	0
0x001c3fea	0x001f95f8	READ	1
0x001c3ff0	0x00206e80	DATA	0
0x001c3ff1	0xStack[0x4]	READ	1
0x001c3ff5	0x001ce960	UNCONDITIONAL_CALL	0
0x001c4008	0xStack[0xc]	READ	1
0x001c4061	0x001c417b	UNCONDITIONAL_JUMP	0
0x001c4068	0xStack[0x10]	READ	1
0x001c406b	0x001d8ef0	DATA	1
0x001c4078	0x001d8ef0	READ	0
0x001c4078	0x001d8ef1	READ	0
0x001c407a	0x001c40a4	CONDITIONAL_JUMP	0
0x001c407c	0xStack[0x14]	READ	1
0x001c4082	0x001c412c	CONDITIONAL_JUMP	0
0x001c4088	0x001f95f4	READ	1
0x001c408e	0x00206e6c	DATA	0
0x001c408f	0xStack[0x4]	READ	1
0x001c4093	0x001ce960	UNCONDITIONAL_CALL	0
0x001c4098	0xStack[0xc]	READ	1
0x001c409f	0x001c417b	UNCONDITIONAL_JUMP	0
0x001c40a4	0xStack[0x10]	READ	1
0x001c40a7	0x001d8f04	DATA	1
0x001c40b4	0x001d8f04	READ	0
0x001c40b4	0x001d8f05	READ	0
0x001c40b6	0x001c40dc	CONDITIONAL_JUMP	0
0x001c40b8	0xStack[0x14]	READ	1
0x001c40be	0x001c412c	CONDITIONAL_JUMP	0
0x001c40c0	0x001f95f0	READ	1
0x001c40c6	0x00206e60	DATA	0
0x001c40c7	0xStack[0x4]	READ	1
0x001c40cb	0x001ce960	UNCONDITIONAL_CALL	0
0x001c40d0	0xStack[0xc]	READ	1
0x001c40d7	0x001c417b	UNCONDITIONAL_JUMP	0
0x001c40dc	0xStack[0x10]	READ	1
0x001c40df	0x001d8f18	DATA	1
0x001c40ec	0x001d8f18	READ	0
0x001c40ec	0x001d8f19	READ	0
0x001c40ee	0x001c4110	CONDITIONAL_JUMP	0
0x001c40f0	0xStack[0x14]	READ	1
0x001c40f6	0x001c412c	CONDITIONAL_JUMP	0
0x001c40f8	0xStack[0x4]	READ	1
0x001c4103	0x001c4148	CONDITIONAL_JUMP	0
0x001c4105	0xStack[0xc]	READ	1
0x001c410c	0x001c417b	UNCONDITIONAL_JUMP	0
0x001c4110	0xStack[0x10]	READ	1
0x001c4113	0x001d8f30	DATA	1
0x001c4120	0x001d8f30	READ	0
0x001c4120	0x001d8f31	READ	0
0x001c4122	0x001c4150	CONDITIONAL_JUMP	0
0x001c4124	0xStack[0x14]	READ	1
0x001c412a	0x001c4134	CONDITIONAL_JUMP	0
0x001c4131	0x001c417b	UNCONDITIONAL_JUMP	0
0x001c4134	0xStack[0x4]	READ	1
0x001c413f	0x001c4148	CONDITIONAL_JUMP	0
0x001c4141	0xStack[0xc]	READ	1
0x001c4146	0x001c410a	UNCONDITIONAL_JUMP	0
0x001c414d	0x001c417b	UNCONDITIONAL_JUMP	0
0x001c4150	0xStack[0x14]	READ	1
0x001c4154	0xStack[0x10]	READ	1
0x001c4158	0xStack[0xc]	READ	1
0x001c415c	0x001f9528	READ	1
0x001c4162	0x00202e1c	DATA	0
0x001c4163	0xStack[0x4]	READ	1
0x001c4166	0xStack[-0x20]	WRITE	0
0x001c4169	0x001fa608	READ	1
0x001c416f	0x001fea50	DATA	1
0x001c416f	0xStack[-0x1c]	WRITE	0
0x001c4172	0xStack[-0x20]	DATA	0
0x001c4176	0x001cea70	UNCONDITIONAL_CALL	0
0x001c417b	0xStack[-0x34]	DATA	0
0x001c4191	0xStack[0x10]	READ	1
0x001c4196	0x001d8f48	DATA	1
0x001c41a5	0x001d8f48	READ	0
0x001c41a5	0x001d8f49	READ	0
0x001c41a7	0x001c41c0	CONDITIONAL_JUMP	0
0x001c41a9	0x001f94a8	READ	1
0x001c41af	0x00202c84	DATA	0
0x001c41b0	0xStack[0x4]	READ	1
0x001c41b4	0x001ce960	UNCONDITIONAL_CALL	0
0x001c41bb	0x001c43d0	UNCONDITIONAL_JUMP	0
0x001c41c2	0x001d8f60	DATA	1
0x001c41cf	0x001d8f60	READ	0
0x001c41cf	0x001d8f61	READ	0
0x001c41d1	0x001c4210	CONDITIONAL_JUMP	0
0x001c41d3	0xStack[0x14]	READ	0
0x001c41d7	0x001c4266	CONDITIONAL_JUMP	0
0x001c41dd	0xStack[0xc]	READ	1
0x001c41e3	0x001f9618	READ	1
0x001c41e9	0x00204fe4	DATA	0
0x001c41ea	0x001f9964	READ	1
0x001c41f0	0x00204e0c	DATA	0
0x001c41f1	0x001f9dc8	READ	1
0x001c41f7	0x001fea7c	DATA	0
0x001c41f8	0x001ce960	UNCONDITIONAL_CALL	0
0x001c4201	0x001ce960	UNCONDITIONAL_CALL	0
0x001c4208	0x001c43d0	UNCONDITIONAL_JUMP	0
0x001c4212	0x001d8f7c	DATA	1
0x001c421f	0x001d8f7c	READ	0
0x001c421f	0x001d8f7d	READ	0
0x001c4221	0x001c42a8	CONDITIONAL_JUMP	0
0x001c4227	0x001f9610	READ	1
0x001c422d	0x00204aa8	DATA	0
0x001c422e	0xStack[0x4]	READ	1
0x001c4232	0x001ce960	UNCONDITIONAL_CALL	0
0x001c4240	0x001c4266	CONDITIONAL_JUMP	0
0x001c4242	0x001c4260	COMPUTED_JUMP	-1
0x001c4242	0x001c4280	COMPUTED_JUMP	-1
0x001c4242	0x001c4270	COMPUTED_JUMP	-1
0x001c4242	0x001c4278	COMPUTED_JUMP	-1
0x001c4242	0x001c424c	DATA	0
0x001c424c	0x001c4260	DATA	0
0x001c4250	0x001c4280	DATA	0
0x001c4254	0x001c4270	DATA	0
0x001c4258	0x001c4278	DATA	0
0x001c425c	0x001c4280	DATA	0
0x001c4260	0xStack[0x14]	READ	0
0x001c4264	0x001c4289	CONDITIONAL_JUMP	0
0x001c426b	0x001c43d0	UNCONDITIONAL_JUMP	0
0x001c4270	0xStack[0x14]	READ	0
0x001c4274	0x001c4289	CONDITIONAL_JUMP	0
0x001c4276	0x001c4266	UNCONDITIONAL_JUMP	0
0x001c4278	0xStack[0x14]	READ	0
0x001c427c	0x001c4289	CONDITIONAL_JUMP	0
0x001c427e	0x001c4266	UNCONDITIONAL_JUMP	0
0x001c4280	0xStack[0x14]	READ	0
0x001c4287	0x001c4266	CONDITIONAL_JUMP	0
0x001c4289	0xStack[0x14]	READ	1
0x001c428d	0xStack[0xc]	READ	1
0x001c4291	0x001f95ec	READ	1
0x001c4297	0x00206dd0	DATA	0
0x001c4298	0xStack[0x4]	READ	1
0x001c429c	0x001ce960	UNCONDITIONAL_CALL	0
0x001c42a3	0x001c43d0	UNCONDITIONAL_JUMP	0
0x001c42aa	0x001d8f90	DATA	1
0x001c42b7	0x001d8f90	READ	0
0x001c42b7	0x001d8f91	READ	0
0x001c42b9	0x001c4304	CONDITIONAL_JUMP	0
0x001c42bb	0xStack[0x14]	READ	0
0x001c42c2	0x001c4266	CONDITIONAL_JUMP	0
0x001c42c4	0xStack[0x4]	READ	1
0x001c42ce	0x001c42e0	CONDITIONAL_JUMP	0
0x001c42d5	0x001a5448	UNCONDITIONAL_CALL	0
0x001c42e4	0xStack[0x4]	READ	1
0x001c42ed	0xStack[0xc]	READ	1
0x001c42f7	0xStack[0x14]	READ	0
0x001c42fa	0x001c42e4	CONDITIONAL_JUMP	0
0x001c42fe	0x001c43d0	UNCONDITIONAL_JUMP	0
0x001c4306	0x001d8fa8	DATA	1
0x001c4313	0x001d8fa8	READ	0
0x001c4313	0x001d8fa9	READ	0
0x001c4315	0x001c4364	CONDITIONAL_JUMP	0
0x001c4317	0xStack[0x14]	READ	0
0x001c431e	0x001c4266	CONDITIONAL_JUMP	0
0x001c4324	0xStack[0x4]	READ	1
0x001c432e	0x001c4343	CONDITIONAL_JUMP	0
0x001c4335	0x001a5448	UNCONDITIONAL_CALL	0
0x001c433a	0xStack[0x4]	READ	1
0x001c4348	0xStack[0x4]	READ	1
0x001c4351	0xStack[0xc]	READ	1
0x001c435b	0xStack[0x14]	READ	0
0x001c435e	0x001c4348	CONDITIONAL_JUMP	0
0x001c4360	0x001c42fc	UNCONDITIONAL_JUMP	0
0x001c4366	0x001d8fc0	DATA	1
0x001c4373	0x001d8fc0	READ	0
0x001c4373	0x001d8fc1	READ	0
0x001c4375	0x001c43a8	CONDITIONAL_JUMP	0
0x001c4377	0xStack[0x14]	READ	0
0x001c437b	0x001c4266	CONDITIONAL_JUMP	0
0x001c4381	0xStack[0xc]	READ	1
0x001c4387	0x001f95e8	READ	1
0x001c438d	0x00206eb8	DATA	0
0x001c438e	0xStack[0x4]	READ	1
0x001c4392	0x001ce960	UNCONDITIONAL_CALL	0
0x001c4399	0x001c42fc	CONDITIONAL_JUMP	0
0x001c43a4	0x001c43d0	UNCONDITIONAL_JUMP	0
0x001c43a8	0xStack[0x14]	READ	1
0x001c43ad	0xStack[0xc]	READ	1
0x001c43b1	0x001f94bc	READ	1
0x001c43b7	0x00202a88	DATA	0
0x001c43b8	0xStack[0x4]	READ	1
0x001c43bb	0xStack[-0xc]	WRITE	0
0x001c43be	0x001fa608	READ	1
0x001c43c4	0x001fea50	DATA	1
0x001c43c4	0xStack[-0x8]	WRITE	0
0x001c43c7	0xStack[-0xc]	DATA	0
0x001c43cb	0x001cea70	UNCONDITIONAL_CALL	0
0x001c43d0	0xStack[-0x18]	DATA	0
0x001c43e5	0xStack[0x18]	READ	1
0x001c43e8	0xStack[0x10]	READ	1
0x001c43eb	0xStack[0x4]	READ	1
0x001c43f4	0xStack[0xc]	READ	1
0x001c43ff	0x001c446c	CONDITIONAL_JUMP	0
0x001c4401	0x001f9cdc	READ	1
0x001c4407	0x0020245c	DATA	0
0x001c4408	0x001f9378	READ	1
0x001c440e	0x0020220c	DATA	0
0x001c440f	0xStack[0x4]	READ	1
0x001c4413	0x001ce960	UNCONDITIONAL_CALL	0
0x001c441c	0x001ce960	UNCONDITIONAL_CALL	0
0x001c4428	0x001c4462	CONDITIONAL_JUMP	0
0x001c442a	0x001d90e8	DATA	0
0x001c442f	0x001f9308	READ	1
0x001c4435	0x00202480	DATA	0
0x001c4437	0x001ce960	UNCONDITIONAL_CALL	0
0x001c443c	0xStack[-0x28]	WRITE	0
0x001c4444	0x001c446f	CONDITIONAL_JUMP	0
0x001c4446	0x001d90f8	DATA	0
0x001c444b	0x001f9308	READ	1
0x001c4451	0x00202480	DATA	0
0x001c4453	0x001ce960	UNCONDITIONAL_CALL	0
0x001c4458	0xStack[-0x28]	WRITE	0
0x001c4460	0x001c446f	CONDITIONAL_JUMP	0
0x001c4467	0x001c4b12	UNCONDITIONAL_JUMP	0
0x001c446c	0xStack[-0x28]	WRITE	0
0x001c446f	0xStack[-0x10]	WRITE	0
0x001c4476	0xStack[-0x14]	WRITE	0
0x001c447d	0xStack[-0x28]	READ	1
0x001c4482	0x001d9104	DATA	1
0x001c448d	0x001d9104	READ	0
0x001c448d	0x001d9105	READ	0
0x001c4499	0x001c44da	CONDITIONAL_JUMP	0
0x001c449d	0x001d9104	DATA	0
0x001c44a3	0x00101efc	UNCONDITIONAL_CALL	0
0x001c44ad	0x001c44d4	CONDITIONAL_JUMP	0
0x001c44b1	0x001c44bf	UNCONDITIONAL_JUMP	0
0x001c44b7	0x001c44be	CONDITIONAL_JUMP	0
0x001c44bc	0x001c44c6	CONDITIONAL_JUMP	0
0x001c44c4	0x001c44b4	CONDITIONAL_JUMP	0
0x001c44ca	0x001c44ce	CONDITIONAL_JUMP	0
0x001c44d0	0x001c44dc	UNCONDITIONAL_JUMP	0
0x001c44d8	0x001c449c	CONDITIONAL_JUMP	0
0x001c44de	0x001c44f0	CONDITIONAL_JUMP	0
0x001c44e5	0x001beb58	UNCONDITIONAL_CALL	0
0x001c44ea	0xStack[-0x10]	WRITE	0
0x001c44f0	0xStack[-0x28]	READ	1
0x001c44f5	0x001d910c	DATA	1
0x001c4500	0x001d910c	READ	0
0x001c4500	0x001d910d	READ	0
0x001c450c	0x001c454e	CONDITIONAL_JUMP	0
0x001c4511	0x001d910c	DATA	0
0x001c4517	0x00101efc	UNCONDITIONAL_CALL	0
0x001c4521	0x001c4548	CONDITIONAL_JUMP	0
0x001c4525	0x001c4533	UNCONDITIONAL_JUMP	0
0x001c452b	0x001c4532	CONDITIONAL_JUMP	0
0x001c4530	0x001c453a	CONDITIONAL_JUMP	0
0x001c4538	0x001c4528	CONDITIONAL_JUMP	0
0x001c453e	0x001c4542	CONDITIONAL_JUMP	0
0x001c4544	0x001c4550	UNCONDITIONAL_JUMP	0
0x001c454c	0x001c4510	CONDITIONAL_JUMP	0
0x001c4552	0x001c4564	CONDITIONAL_JUMP	0
0x001c4559	0x001beb58	UNCONDITIONAL_CALL	0
0x001c455e	0xStack[-0x14]	WRITE	0
0x001c4564	0xStack[-0x28]	READ	1
0x001c4569	0x001d9114	DATA	1
0x001c4574	0x001d9114	READ	0
0x001c4574	0x001d9115	READ	0
0x001c4580	0x001c45c2	CONDITIONAL_JUMP	0
0x001c4585	0x001d9114	DATA	0
0x001c458b	0x00101efc	UNCONDITIONAL_CALL	0
0x001c4595	0x001c45bc	CONDITIONAL_JUMP	0
0x001c4599	0x001c45a7	UNCONDITIONAL_JUMP	0
0x001c459f	0x001c45a6	CONDITIONAL_JUMP	0
0x001c45a4	0x001c45ae	CONDITIONAL_JUMP	0
0x001c45ac	0x001c459c	CONDITIONAL_JUMP	0
0x001c45b2	0x001c45b6	CONDITIONAL_JUMP	0
0x001c45b8	0x001c45c4	UNCONDITIONAL_JUMP	0
0x001c45c0	0x001c4584	CONDITIONAL_JUMP	0
0x001c45c6	0x001c4462	CONDITIONAL_JUMP	0
0x001c45d1	0x001beb58	UNCONDITIONAL_CALL	0
0x001c45d6	0xStack[-0x24]	WRITE	0
0x001c45d9	0xStack[-0x28]	READ	1
0x001c45e1	0x001d9120	DATA	1
0x001c45ec	0x001d9120	READ	0
0x001c45ec	0x001d9121	READ	0
0x001c45f8	0x001c463a	CONDITIONAL_JUMP	0
0x001c45fd	0x001d9120	DATA	0
0x001c4603	0x00101efc	UNCONDITIONAL_CALL	0
0x001c460d	0x001c4634	CONDITIONAL_JUMP	0
0x001c4611	0x001c461f	UNCONDITIONAL_JUMP	0
0x001c4617	0x001c461e	CONDITIONAL_JUMP	0
0x001c461c	0x001c4626	CONDITIONAL_JUMP	0
0x001c4624	0x001c4614	CONDITIONAL_JUMP	0
0x001c462a	0x001c462e	CONDITIONAL_JUMP	0
0x001c4630	0x001c463c	UNCONDITIONAL_JUMP	0
0x001c4638	0x001c45fc	CONDITIONAL_JUMP	0
0x001c463e	0x001c4462	CONDITIONAL_JUMP	0
0x001c4646	0x001d912c	DATA	0
0x001c464c	0x00101efc	UNCONDITIONAL_CALL	0
0x001c4656	0x001c466c	CONDITIONAL_JUMP	0
0x001c4658	0xStack[-0x1c]	WRITE	0
0x001c465f	0xStack[-0x20]	WRITE	0
0x001c4666	0x001c471a	UNCONDITIONAL_JUMP	0
0x001c466e	0x001d9134	DATA	0
0x001c4674	0x00101efc	UNCONDITIONAL_CALL	0
0x001c467e	0x001c4694	CONDITIONAL_JUMP	0
0x001c4680	0xStack[-0x1c]	WRITE	0
0x001c4687	0xStack[-0x20]	WRITE	0
0x001c468e	0x001c471a	UNCONDITIONAL_JUMP	0
0x001c4696	0x001d913c	DATA	0
0x001c469c	0x00101efc	UNCONDITIONAL_CALL	0
0x001c46a6	0x001c46b4	CONDITIONAL_JUMP	0
0x001c46a8	0xStack[-0x1c]	WRITE	0
0x001c46af	0x001c4713	UNCONDITIONAL_JUMP	0
0x001c46b6	0x001d9148	DATA	0
0x001c46bc	0x00101efc	UNCONDITIONAL_CALL	0
0x001c46c6	0x001c46d4	CONDITIONAL_JUMP	0
0x001c46c8	0xStack[-0x1c]	WRITE	0
0x001c46cf	0x001c4713	UNCONDITIONAL_JUMP	0
0x001c46d6	0x001d9154	DATA	0
0x001c46dc	0x00101efc	UNCONDITIONAL_CALL	0
0x001c46e6	0x001c46f4	CONDITIONAL_JUMP	0
0x001c46e8	0xStack[-0x1c]	WRITE	0
0x001c46ef	0x001c4713	UNCONDITIONAL_JUMP	0
0x001c46f6	0x001d9160	DATA	0
0x001c46fc	0x00101efc	UNCONDITIONAL_CALL	0
0x001c4706	0x001c4462	CONDITIONAL_JUMP	0
0x001c470c	0xStack[-0x1c]	WRITE	0
0x001c4713	0xStack[-0x20]	WRITE	0
0x001c471a	0xStack[-0x28]	READ	1
0x001c471f	0x001d916c	DATA	1
0x001c472a	0x001d916c	READ	0
0x001c472a	0x001d916d	READ	0
0x001c4736	0x001c4776	CONDITIONAL_JUMP	0
0x001c4739	0x001d916c	DATA	0
0x001c473f	0x00101efc	UNCONDITIONAL_CALL	0
0x001c4749	0x001c4770	CONDITIONAL_JUMP	0
0x001c474d	0x001c475b	UNCONDITIONAL_JUMP	0
0x001c4753	0x001c475a	CONDITIONAL_JUMP	0
0x001c4758	0x001c4762	CONDITIONAL_JUMP	0
0x001c4760	0x001c4750	CONDITIONAL_JUMP	0
0x001c4766	0x001c476a	CONDITIONAL_JUMP	0
0x001c476c	0x001c4778	UNCONDITIONAL_JUMP	0
0x001c4774	0x001c4738	CONDITIONAL_JUMP	0
0x001c477a	0x001c479f	CONDITIONAL_JUMP	0
0x001c477e	0xStack[-0x8]	DATA	0
0x001c4783	0x001beb58	UNCONDITIONAL_CALL	0
0x001c4788	0xStack[-0x10]	WRITE	0
0x001c478f	0xStack[-0x8]	READ	1
0x001c4794	0x001beb58	UNCONDITIONAL_CALL	0
0x001c4799	0xStack[-0x14]	WRITE	0
0x001c479f	0xStack[-0x14]	READ	0
0x001c47a3	0x001c4462	CONDITIONAL_JUMP	0
0x001c47a9	0xStack[-0x10]	READ	0
0x001c47ad	0x001c4462	CONDITIONAL_JUMP	0
0x001c47b3	0xStack[-0x28]	READ	1
0x001c47b8	0x001d9178	DATA	1
0x001c47c3	0x001d9178	READ	0
0x001c47c3	0x001d9179	READ	0
0x001c47cf	0x001c4812	CONDITIONAL_JUMP	0
0x001c47d5	0x001d9178	DATA	0
0x001c47db	0x00101efc	UNCONDITIONAL_CALL	0
0x001c47e5	0x001c480c	CONDITIONAL_JUMP	0
0x001c47e9	0x001c47f7	UNCONDITIONAL_JUMP	0
0x001c47ef	0x001c47f6	CONDITIONAL_JUMP	0
0x001c47f4	0x001c47fe	CONDITIONAL_JUMP	0
0x001c47fc	0x001c47ec	CONDITIONAL_JUMP	0
0x001c4802	0x001c4806	CONDITIONAL_JUMP	0
0x001c4808	0x001c4814	UNCONDITIONAL_JUMP	0
0x001c4810	0x001c47d4	CONDITIONAL_JUMP	0
0x001c4816	0x001c4835	CONDITIONAL_JUMP	0
0x001c481a	0xStack[-0xc]	DATA	0
0x001c481f	0x001beb58	UNCONDITIONAL_CALL	0
0x001c4828	0xStack[-0xc]	READ	1
0x001c482d	0x001beb58	UNCONDITIONAL_CALL	0
0x001c4835	0xStack[-0x28]	READ	1
0x001c483a	0x001d9180	DATA	1
0x001c4845	0x001d9180	READ	0
0x001c4845	0x001d9181	READ	0
0x001c4851	0x001c4892	CONDITIONAL_JUMP	0
0x001c4855	0x001d9180	DATA	0
0x001c485b	0x00101efc	UNCONDITIONAL_CALL	0
0x001c4865	0x001c488c	CONDITIONAL_JUMP	0
0x001c4869	0x001c4877	UNCONDITIONAL_JUMP	0
0x001c486f	0x001c4876	CONDITIONAL_JUMP	0
0x001c4874	0x001c487e	CONDITIONAL_JUMP	0
0x001c487c	0x001c486c	CONDITIONAL_JUMP	0
0x001c4882	0x001c4886	CONDITIONAL_JUMP	0
0x001c4888	0x001c4894	UNCONDITIONAL_JUMP	0
0x001c4890	0x001c4854	CONDITIONAL_JUMP	0
0x001c4896	0x001c48a5	CONDITIONAL_JUMP	0
0x001c489d	0x001beb58	UNCONDITIONAL_CALL	0
0x001c48a5	0xStack[-0x28]	READ	1
0x001c48aa	0x001d9188	DATA	1
0x001c48b5	0x001d9188	READ	0
0x001c48b5	0x001d9189	READ	0
0x001c48c1	0x001c4902	CONDITIONAL_JUMP	0
0x001c48c5	0x001d9188	DATA	0
0x001c48cb	0x00101efc	UNCONDITIONAL_CALL	0
0x001c48d5	0x001c48fc	CONDITIONAL_JUMP	0
0x001c48d9	0x001c48e7	UNCONDITIONAL_JUMP	0
0x001c48df	0x001c48e6	CONDITIONAL_JUMP	0
0x001c48e4	0x001c48ee	CONDITIONAL_JUMP	0
0x001c48ec	0x001c48dc	CONDITIONAL_JUMP	0
0x001c48f2	0x001c48f6	CONDITIONAL_JUMP	0
0x001c48f8	0x001c4904	UNCONDITIONAL_JUMP	0
0x001c4900	0x001c48c4	CONDITIONAL_JUMP	0
0x001c4906	0x001c4915	CONDITIONAL_JUMP	0
0x001c490d	0x001beb58	UNCONDITIONAL_CALL	0
0x001c4915	0xStack[-0x28]	READ	1
0x001c491a	0x001d9190	DATA	1
0x001c4925	0x001d9190	READ	0
0x001c4925	0x001d9191	READ	0
0x001c4931	0x001c4972	CONDITIONAL_JUMP	0
0x001c4935	0x001d9190	DATA	0
0x001c493b	0x00101efc	UNCONDITIONAL_CALL	0
0x001c4945	0x001c496c	CONDITIONAL_JUMP	0
0x001c4949	0x001c4957	UNCONDITIONAL_JUMP	0
0x001c494f	0x001c4956	CONDITIONAL_JUMP	0
0x001c4954	0x001c495e	CONDITIONAL_JUMP	0
0x001c495c	0x001c494c	CONDITIONAL_JUMP	0
0x001c4962	0x001c4966	CONDITIONAL_JUMP	0
0x001c4968	0x001c4974	UNCONDITIONAL_JUMP	0
0x001c4970	0x001c4934	CONDITIONAL_JUMP	0
0x001c4976	0x001c4985	CONDITIONAL_JUMP	0
0x001c497d	0x001beb58	UNCONDITIONAL_CALL	0
0x001c4985	0xStack[-0x18]	WRITE	0
0x001c498c	0xStack[-0x28]	READ	1
0x001c4991	0x001d9198	DATA	1
0x001c499c	0x001d9198	READ	0
0x001c499c	0x001d9199	READ	0
0x001c49a8	0x001c49ea	CONDITIONAL_JUMP	0
0x001c49ad	0x001d9198	DATA	0
0x001c49b3	0x00101efc	UNCONDITIONAL_CALL	0
0x001c49bd	0x001c49e4	CONDITIONAL_JUMP	0
0x001c49c1	0x001c49cf	UNCONDITIONAL_JUMP	0
0x001c49c7	0x001c49ce	CONDITIONAL_JUMP	0
0x001c49cc	0x001c49d6	CONDITIONAL_JUMP	0
0x001c49d4	0x001c49c4	CONDITIONAL_JUMP	0
0x001c49da	0x001c49de	CONDITIONAL_JUMP	0
0x001c49e0	0x001c49ec	UNCONDITIONAL_JUMP	0
0x001c49e8	0x001c49ac	CONDITIONAL_JUMP	0
0x001c49ee	0x001c4a00	CONDITIONAL_JUMP	0
0x001c49f5	0x001beb58	UNCONDITIONAL_CALL	0
0x001c49fa	0xStack[-0x18]	WRITE	0
0x001c4a02	0xStack[0x10]	READ	0
0x001c4a05	0x001c4b03	CONDITIONAL_JUMP	0
0x001c4a10	0xStack[0x14]	READ	0
0x001c4a14	0x001c4a23	CONDITIONAL_JUMP	0
0x001c4a16	0xStack[0x14]	READ	1
0x001c4a1d	0x001c4af4	CONDITIONAL_JUMP	0
0x001c4a23	0xStack[-0x18]	READ	0
0x001c4a27	0x001c4af4	CONDITIONAL_JUMP	0
0x001c4a2d	0xStack[-0x10]	READ	1
0x001c4a30	0xStack[0xc]	READ	1
0x001c4a36	0x001c4af4	CONDITIONAL_JUMP	0
0x001c4a3c	0xStack[-0x14]	READ	1
0x001c4a43	0x001c4af4	CONDITIONAL_JUMP	0
0x001c4a49	0xStack[-0x20]	READ	1
0x001c4a50	0x001c4af4	CONDITIONAL_JUMP	0
0x001c4a56	0xStack[-0x1c]	READ	1
0x001c4a5d	0x001c4af4	CONDITIONAL_JUMP	0
0x001c4a63	0xStack[-0x24]	READ	1
0x001c4a6a	0x001c4af4	CONDITIONAL_JUMP	0
0x001c4a70	0xStack[-0x1c]	READ	0
0x001c4a74	0x001c4ac8	CONDITIONAL_JUMP	0
0x001c4a76	0xStack[-0x1c]	READ	1
0x001c4a79	0x001c4a94	COMPUTED_JUMP	-1
0x001c4a79	0x001c4a9c	COMPUTED_JUMP	-1
0x001c4a79	0x001c4ab0	COMPUTED_JUMP	-1
0x001c4a79	0x001c4ab8	COMPUTED_JUMP	-1
0x001c4a79	0x001c4ac0	COMPUTED_JUMP	-1
0x001c4a79	0x001c4a80	DATA	0
0x001c4a80	0x001c4a94	DATA	0
0x001c4a84	0x001c4a9c	DATA	0
0x001c4a88	0x001c4ab0	DATA	0
0x001c4a8c	0x001c4ab8	DATA	0
0x001c4a90	0x001c4ac0	DATA	0
0x001c4a94	0x001d912c	DATA	1
0x001c4a99	0x001c4acd	UNCONDITIONAL_JUMP	0
0x001c4a9c	0x001d9134	DATA	1
0x001c4aa1	0xStack[-0x20]	READ	0
0x001c4aa5	0x001c4acd	CONDITIONAL_JUMP	0
0x001c4aa7	0x001d913c	DATA	1
0x001c4aac	0x001c4acd	UNCONDITIONAL_JUMP	0
0x001c4ab0	0x001d9148	DATA	1
0x001c4ab5	0x001c4acd	UNCONDITIONAL_JUMP	0
0x001c4ab8	0x001d9154	DATA	1
0x001c4abd	0x001c4acd	UNCONDITIONAL_JUMP	0
0x001c4ac0	0x001d9160	DATA	1
0x001c4ac5	0x001c4acd	UNCONDITIONAL_JUMP	0
0x001c4ac8	0x001d91a4	DATA	1
0x001c4acd	0x001d9160	DATA	0
0x001c4acd	0x001d9154	DATA	0
0x001c4acd	0x001d9148	DATA	0
0x001c4acd	0x001d913c	DATA	0
0x001c4acd	0x001d9134	DATA	0
0x001c4acd	0x001d912c	DATA	0
0x001c4acd	0x001d91a4	DATA	0
0x001c4ace	0xStack[-0x24]	READ	1
0x001c4ad2	0xStack[-0x14]	READ	1
0x001c4ad6	0xStack[-0x10]	READ	1
0x001c4ada	0x001d91b8	DATA	0
0x001c4adf	0x001a5514	UNCONDITIONAL_CALL	0
0x001c4ae4	0xStack[0x4]	READ	1
0x001c4aef	0x001c4b12	UNCONDITIONAL_JUMP	0
0x001c4afa	0xStack[0x10]	READ	0
0x001c4afd	0x001c4a10	CONDITIONAL_JUMP	0
0x001c4b03	0x001d91e8	DATA	0
0x001c4b08	0x001a5514	UNCONDITIONAL_CALL	0
0x001c4b12	0xStack[-0x34]	DATA	0
0x001c4b25	0xStack[0x4]	READ	1
0x001c4b2e	0xStack[-0x8]	WRITE	0
0x001c4b31	0x001f9610	READ	1
0x001c4b37	0x00204aa8	DATA	0
0x001c4b38	0xStack[0x4]	READ	1
0x001c4b3c	0x001ce960	UNCONDITIONAL_CALL	0
0x001c4b41	0xStack[-0x1c]	WRITE	0
0x001c4b44	0x001f95f8	READ	1
0x001c4b4a	0x00206e80	DATA	0
0x001c4b4b	0xStack[0x4]	READ	1
0x001c4b4f	0x001ce960	UNCONDITIONAL_CALL	0
0x001c4b5b	0x001c4b64	CONDITIONAL_JUMP	0
0x001c4b5f	0x001c4c5f	UNCONDITIONAL_JUMP	0
0x001c4b66	0xStack[-0x1c]	READ	1
0x001c4b6c	0xStack[-0xc]	WRITE	0
0x001c4b70	0xStack[-0x14]	WRITE	0
0x001c4b73	0x00101600	UNCONDITIONAL_CALL	0
0x001c4b78	0xStack[-0x8]	READ	1
0x001c4b7e	0xStack[-0x8]	READ	1
0x001c4b84	0xStack[-0x14]	READ	1
0x001c4b8a	0xStack[-0x10]	WRITE	0
0x001c4b90	0xStack[-0x20]	WRITE	0
0x001c4b95	0xStack[-0x20]	READ	1
0x001c4ba6	0xStack[-0x20]	READ	1
0x001c4baa	0xStack[-0xc]	READ	1
0x001c4bae	0x00101bc0	UNCONDITIONAL_CALL	0
0x001c4bb3	0xStack[-0x10]	READ	1
0x001c4bb8	0xStack[-0x1c]	READ	1
0x001c4bbd	0xStack[-0x14]	READ	1
0x001c4c27	0x001c4c30	CONDITIONAL_JUMP	0
0x001c4c2c	0x001c4c4e	UNCONDITIONAL_JUMP	0
0x001c4c30	0xStack[-0x1c]	READ	1
0x001c4c37	0x001c4c44	CONDITIONAL_JUMP	0
0x001c4c40	0x001c4c4e	UNCONDITIONAL_JUMP	0
0x001c4c44	0xStack[-0x1c]	READ	1
0x001c4c4e	0xStack[-0x8]	READ	1
0x001c4c51	0xStack[0x4]	READ	1
0x001c4c5f	0xStack[-0x2c]	DATA	0
0x001c4c75	0xStack[0x4]	READ	1
0x001c4c78	0xStack[-0x10]	DATA	0
0x001c4c83	0xStack[-0xc]	DATA	0
0x001c4c88	0x001f961c	READ	1
0x001c4c8e	0x00204ff8	DATA	0
0x001c4c8f	0x001f9964	READ	1
0x001c4c95	0x00204e0c	DATA	0
0x001c4c96	0x001f9dc8	READ	1
0x001c4c9c	0x001fea7c	DATA	0
0x001c4c9d	0x001ce960	UNCONDITIONAL_CALL	0
0x001c4ca6	0x001ce960	UNCONDITIONAL_CALL	0
0x001c4cb9	0x001c4cc8	CONDITIONAL_JUMP	0
0x001c4cc0	0x001c4d49	UNCONDITIONAL_JUMP	0
0x001c4cc8	0xStack[-0x10]	READ	1
0x001c4cd1	0x001c4d20	CONDITIONAL_JUMP	0
0x001c4cd9	0x001f9228	READ	1
0x001c4cdf	0x0020193c	DATA	0
0x001c4ce1	0x001ce960	UNCONDITIONAL_CALL	0
0x001c4cea	0x001d8df0	DATA	0
0x001c4cef	0x001a5514	UNCONDITIONAL_CALL	0
0x001c4cf5	0x001f9618	READ	1
0x001c4cfb	0x00204fe4	DATA	0
0x001c4cfc	0x001f9964	READ	1
0x001c4d02	0x00204e0c	DATA	0
0x001c4d03	0x001f9dc8	READ	1
0x001c4d09	0x001fea7c	DATA	0
0x001c4d0a	0x001ce960	UNCONDITIONAL_CALL	0
0x001c4d13	0x001ce960	UNCONDITIONAL_CALL	0
0x001c4d1d	0x001c4d49	UNCONDITIONAL_JUMP	0
0x001c4d24	0x00101630	UNCONDITIONAL_CALL	0
0x001c4d2d	0xStack[-0xc]	READ	1
0x001c4d33	0xStack[-0x8]	READ	1
0x001c4d3a	0x001f9614	READ	1
0x001c4d40	0x00204a94	DATA	0
0x001c4d42	0x001ce960	UNCONDITIONAL_CALL	0
0x001c4d49	0xStack[-0x1c]	DATA	0
0x001c4d58	0xStack[0x4]	READ	1
0x001c4d5b	0xStack[0xc]	READ	1
0x001c4d61	0x001c4d7f	CONDITIONAL_JUMP	0
0x001c4d64	0x001f9228	READ	1
0x001c4d6a	0x0020193c	DATA	0
0x001c4d6c	0x001ce960	UNCONDITIONAL_CALL	0
0x001c4d75	0x001d8e20	DATA	0
0x001c4d7a	0x001a5514	UNCONDITIONAL_CALL	0
0x001c4d81	0xStack[-0x8]	READ	1
0x001c4d8c	0xStack[0xc]	READ	1
0x001c4d90	0x001f9560	READ	1
0x001c4d96	0x00203260	DATA	0
0x001c4d97	0x001f9210	READ	1
0x001c4d9d	0x00201900	DATA	0
0x001c4d9e	0xStack[0x4]	READ	1
0x001c4da2	0x001ce960	UNCONDITIONAL_CALL	0
0x001c4dab	0x001ce960	UNCONDITIONAL_CALL	0
0x001c4db7	0x001c4de0	CONDITIONAL_JUMP	0
0x001c4db9	0x001d8e48	DATA	0
0x001c4dbe	0x001f9480	READ	1
0x001c4dc4	0x00202c08	DATA	0
0x001c4dc6	0x001ce960	UNCONDITIONAL_CALL	0
0x001c4dcb	0x001f948c	READ	1
0x001c4dd1	0x00202c28	DATA	0
0x001c4dd3	0x001ce960	UNCONDITIONAL_CALL	0
0x001c4ddd	0x001c4de2	UNCONDITIONAL_JUMP	0
0x001c4de2	0xStack[-0x8]	READ	1
0x001c4df4	0xStack[0x4]	READ	1
0x001c4df7	0xStack[0xc]	READ	1
0x001c4dfb	0x001f9560	READ	1
0x001c4e01	0x00203260	DATA	0
0x001c4e02	0xStack[-0x20]	WRITE	0
0x001c4e05	0x001fa608	READ	1
0x001c4e0b	0x001fea50	DATA	1
0x001c4e0b	0xStack[-0x1c]	WRITE	0
0x001c4e0e	0xStack[-0x20]	DATA	0
0x001c4e12	0x001cea70	UNCONDITIONAL_CALL	0
0x001c4e1c	0x001c4e3c	CONDITIONAL_JUMP	0
0x001c4e1e	0x001f921c	READ	1
0x001c4e24	0x00201920	DATA	0
0x001c4e25	0xStack[-0x20]	WRITE	0
0x001c4e28	0x001fa608	READ	1
0x001c4e2e	0x001fea50	DATA	1
0x001c4e2e	0xStack[-0x1c]	WRITE	0
0x001c4e32	0x001cea70	UNCONDITIONAL_CALL	0
0x001c4e37	0x001c4ea3	UNCONDITIONAL_JUMP	0
0x001c4e64	0x001e53d4	READ	1
0x001c4e6b	0x001d8e5c	DATA	0
0x001c4e70	0xStack[-0x18]	DATA	0
0x001c4e74	0x0010c188	UNCONDITIONAL_CALL	0
0x001c4e79	0x001e53d4	READ	1
0x001c4e80	0x001e53d4	READ_WRITE	0
0x001c4e86	0x001f9478	READ	1
0x001c4e8c	0x00202bf0	DATA	0
0x001c4e8e	0x001ce960	UNCONDITIONAL_CALL	0
0x001c4e94	0x001f947c	READ	1
0x001c4e9a	0x00202bfc	DATA	0
0x001c4e9c	0x001ce960	UNCONDITIONAL_CALL	0
0x001c4ea3	0xStack[-0x28]	DATA	0
0x001c4eaf	0x001f9610	READ	1
0x001c4eb5	0x00204aa8	DATA	0
0x001c4eb6	0xStack[0x4]	READ	1
0x001c4eba	0x001ce960	UNCONDITIONAL_CALL	0
0x001c4ec0	0x0019ec24	UNCONDITIONAL_CALL	0
0x001c4ed5	0xStack[0x4]	READ	1
0x001c4ed8	0xStack[0x10]	READ	1
0x001c4edb	0x001d8fdc	DATA	1
0x001c4ee8	0x001d8fdc	READ	0
0x001c4ee8	0x001d8fdd	READ	0
0x001c4eea	0x001c4f28	CONDITIONAL_JUMP	0
0x001c4eec	0xStack[0x14]	READ	1
0x001c4ef2	0x001c4f00	CONDITIONAL_JUMP	0
0x001c4ef9	0x001c4fb8	UNCONDITIONAL_JUMP	0
0x001c4f02	0x001f9610	READ	1
0x001c4f08	0x00204aa8	DATA	0
0x001c4f0a	0x001ce960	UNCONDITIONAL_CALL	0
0x001c4f16	0xStack[0xc]	READ	1
0x001c4f1a	0x00101bc0	UNCONDITIONAL_CALL	0
0x001c4f21	0x001c4fb8	UNCONDITIONAL_JUMP	0
0x001c4f28	0xStack[0x10]	READ	1
0x001c4f2b	0x001d8ffc	DATA	1
0x001c4f38	0x001d8ffc	READ	0
0x001c4f38	0x001d8ffd	READ	0
0x001c4f3a	0x001c4f90	CONDITIONAL_JUMP	0
0x001c4f43	0x001c4f65	CONDITIONAL_JUMP	0
0x001c4f45	0x001f95e4	READ	1
0x001c4f4b	0x00206ce4	DATA	0
0x001c4f4d	0xStack[-0x10]	WRITE	0
0x001c4f50	0x001ce960	UNCONDITIONAL_CALL	0
0x001c4f55	0xStack[-0x10]	READ	1
0x001c4f65	0xStack[0x14]	READ	1
0x001c4f69	0xStack[0x10]	READ	1
0x001c4f6d	0xStack[0xc]	READ	1
0x001c4f71	0x001f9530	READ	1
0x001c4f77	0x00202df8	DATA	0
0x001c4f78	0xStack[-0xc]	WRITE	0
0x001c4f7b	0x001fa608	READ	1
0x001c4f81	0x001fea50	DATA	1
0x001c4f81	0xStack[-0x8]	WRITE	0
0x001c4f84	0xStack[-0xc]	DATA	0
0x001c4f88	0x001cea70	UNCONDITIONAL_CALL	0
0x001c4f8d	0x001c4fb8	UNCONDITIONAL_JUMP	0
0x001c4f90	0xStack[0x14]	READ	1
0x001c4f94	0xStack[0x10]	READ	1
0x001c4f98	0xStack[0xc]	READ	1
0x001c4f9c	0x001f9530	READ	1
0x001c4fa2	0x00202df8	DATA	0
0x001c4fa3	0xStack[-0xc]	WRITE	0
0x001c4fa6	0x001fa608	READ	1
0x001c4fac	0x001fea50	DATA	1
0x001c4fac	0xStack[-0x8]	WRITE	0
0x001c4faf	0xStack[-0xc]	DATA	0
0x001c4fb3	0x001cea70	UNCONDITIONAL_CALL	0
0x001c4fb8	0xStack[-0x1c]	DATA	0
0x001c4fcd	0xStack[0x4]	READ	1
0x001c4fd0	0xStack[0x10]	READ	1
0x001c4fd5	0x001d9010	DATA	1
0x001c4fe4	0x001d9010	READ	0
0x001c4fe4	0x001d9011	READ	0
0x001c4fe6	0x001c5024	CONDITIONAL_JUMP	0
0x001c4fe8	0xStack[0x14]	READ	0
0x001c4fec	0x001c503d	CONDITIONAL_JUMP	0
0x001c4ff5	0x001c5004	CONDITIONAL_JUMP	0
0x001c4ff9	0x001a5448	UNCONDITIONAL_CALL	0
0x001c500e	0xStack[0xc]	READ	1
0x001c5018	0xStack[0x14]	READ	0
0x001c501b	0x001c5008	CONDITIONAL_JUMP	0
0x001c501f	0x001c50e1	UNCONDITIONAL_JUMP	0
0x001c5026	0x001d9024	DATA	1
0x001c5033	0x001d9024	READ	0
0x001c5033	0x001d9025	READ	0
0x001c5035	0x001c507c	CONDITIONAL_JUMP	0
0x001c5037	0xStack[0x14]	READ	0
0x001c503b	0x001c5048	CONDITIONAL_JUMP	0
0x001c5042	0x001c50e1	UNCONDITIONAL_JUMP	0
0x001c504f	0x001c505e	CONDITIONAL_JUMP	0
0x001c5053	0x001a5448	UNCONDITIONAL_CALL	0
0x001c5066	0xStack[0xc]	READ	1
0x001c5070	0xStack[0x14]	READ	0
0x001c5073	0x001c5060	CONDITIONAL_JUMP	0
0x001c5077	0x001c50e1	UNCONDITIONAL_JUMP	0
0x001c507e	0x001d9038	DATA	1
0x001c508b	0x001d9038	READ	0
0x001c508b	0x001d9039	READ	0
0x001c508d	0x001c50bc	CONDITIONAL_JUMP	0
0x001c5096	0x001c50b4	CONDITIONAL_JUMP	0
0x001c5098	0x001f95e4	READ	1
0x001c509e	0x00206ce4	DATA	0
0x001c50a0	0x001ce960	UNCONDITIONAL_CALL	0
0x001c50b1	0x001c50e1	UNCONDITIONAL_JUMP	0
0x001c50b9	0x001c50e1	UNCONDITIONAL_JUMP	0
0x001c50bc	0xStack[0x14]	READ	1
0x001c50c1	0xStack[0xc]	READ	1
0x001c50c5	0x001f9538	READ	1
0x001c50cb	0x00202dd4	DATA	0
0x001c50cc	0xStack[-0xc]	WRITE	0
0x001c50cf	0x001fa608	READ	1
0x001c50d5	0x001fea50	DATA	1
0x001c50d5	0xStack[-0x8]	WRITE	0
0x001c50d8	0xStack[-0xc]	DATA	0
0x001c50dc	0x001cea70	UNCONDITIONAL_CALL	0
0x001c50e1	0xStack[-0x18]	DATA	0
0x001c5102	0xStack[0x4]	READ	1
0x001c5105	0xStack[0xc]	READ	1
0x001c5108	0x001f9610	READ	1
0x001c510e	0x00204aa8	DATA	0
0x001c5110	0x001ce960	UNCONDITIONAL_CALL	0
0x001c511c	0x001c5132	CONDITIONAL_JUMP	0
0x001c511e	0x001f95fc	READ	1
0x001c5124	0x00206e90	DATA	0
0x001c5126	0x001ce960	UNCONDITIONAL_CALL	0
0x001c5130	0x001c5154	CONDITIONAL_JUMP	0
0x001c5133	0x001f9228	READ	1
0x001c5139	0x0020193c	DATA	0
0x001c513b	0x001ce960	UNCONDITIONAL_CALL	0
0x001c5144	0x001d9058	DATA	0
0x001c5149	0x001a5514	UNCONDITIONAL_CALL	0
0x001c5150	0x001c518b	UNCONDITIONAL_JUMP	0
0x001c515c	0x001c5180	CONDITIONAL_JUMP	0
0x001c5160	0x001f9228	READ	1
0x001c5166	0x0020193c	DATA	0
0x001c5168	0x001ce960	UNCONDITIONAL_CALL	0
0x001c5171	0x001d9078	DATA	0
0x001c5176	0x001a5514	UNCONDITIONAL_CALL	0
0x001c517d	0x001c518b	UNCONDITIONAL_JUMP	0
0x001c518b	0xStack[-0x10]	DATA	0
0x001c519b	0xStack[0x4]	READ	1
0x001c51ab	0xStack[0x4]	READ	1
0x001c51bb	0xStack[0x4]	READ	1
0x001c51e9	0xStack[0x4]	READ	1
0x001c51ec	0xStack[0xc]	READ	1
0x001c51f1	0x001f9610	READ	1
0x001c51f7	0x00204aa8	DATA	0
0x001c51f9	0x001ce960	UNCONDITIONAL_CALL	0
0x001c520a	0x001c521c	CONDITIONAL_JUMP	0
0x001c520c	0x001c5213	CONDITIONAL_JUMP	0
0x001c5211	0x001c5224	CONDITIONAL_JUMP	0
0x001c5218	0x001c5226	UNCONDITIONAL_JUMP	0
0x001c5221	0x001c5226	UNCONDITIONAL_JUMP	0
0x001c5228	0x001c5250	CONDITIONAL_JUMP	0
0x001c522d	0x00166a38	UNCONDITIONAL_CALL	0
0x001c5233	0xStack[-0x8]	DATA	0
0x001c5237	0xStack[0x10]	READ	1
0x001c523c	0x0017f74c	UNCONDITIONAL_CALL	0
0x001c5246	0x001c526b	CONDITIONAL_JUMP	0
0x001c524d	0x001c526f	UNCONDITIONAL_JUMP	0
0x001c5253	0xStack[-0x8]	DATA	0
0x001c5259	0x001f95e0	READ	1
0x001c525f	0x00203c94	DATA	0
0x001c5261	0x001ce960	UNCONDITIONAL_CALL	0
0x001c526d	0x001c528c	CONDITIONAL_JUMP	0
0x001c5270	0x001f9490	READ	1
0x001c5276	0x00202c38	DATA	0
0x001c5278	0x001ce960	UNCONDITIONAL_CALL	0
0x001c527e	0x001d90ac	DATA	0
0x001c5283	0x001a5514	UNCONDITIONAL_CALL	0
0x001c528a	0x001c528f	UNCONDITIONAL_JUMP	0
0x001c528c	0xStack[-0x8]	READ	1
0x001c528f	0xStack[-0x14]	DATA	0
0x001c52a3	0xStack[0x10]	READ	1
0x001c52a7	0xStack[0xc]	READ	1
0x001c52ab	0x001f95dc	READ	1
0x001c52b1	0x00206e14	DATA	0
0x001c52b2	0xStack[0x4]	READ	1
0x001c52b6	0x001ce960	UNCONDITIONAL_CALL	0
0x001c52c5	0xStack[0x14]	READ	1
0x001c52c9	0xStack[0x10]	READ	1
0x001c52cd	0xStack[0xc]	READ	1
0x001c52d1	0x001f95dc	READ	1
0x001c52d7	0x00206e14	DATA	0
0x001c52d8	0xStack[0x4]	READ	1
0x001c52dc	0x001ce960	UNCONDITIONAL_CALL	0
0x001c52eb	0xStack[0x4]	READ	1
0x001c52fd	0xStack[0x10]	READ	1
0x001c5303	0xStack[-0xc]	WRITE	0
0x001c5309	0xStack[-0x8]	WRITE	0
0x001c530c	0x001f95cc	READ	1
0x001c5311	0x00206f20	DATA	0
0x001c5312	0xStack[0x4]	READ	1
0x001c5316	0x001ce960	UNCONDITIONAL_CALL	0
0x001c531b	0xStack[0x10]	READ	1
0x001c5327	0xStack[-0x8]	READ	0
0x001c532b	0x001c5331	CONDITIONAL_JUMP	0
0x001c532d	0xStack[-0x8]	READ	1
0x001c5336	0xStack[-0x8]	READ	1
0x001c5341	0x001c534f	CONDITIONAL_JUMP	0
0x001c534f	0xStack[-0xc]	READ	1
0x001c5353	0xStack[0x10]	READ	1
0x001c5360	0xStack[-0xc]	READ	1
0x001c5375	0xStack[-0x4c]	WRITE	0
0x001c5378	0xStack[-0x4c]	READ	1
0x001c538a	0xStack[-0x24]	WRITE	0
0x001c5394	0xStack[-0x28]	WRITE	0
0x001c5397	0xStack[0x10]	READ	1
0x001c53a3	0xStack[-0x10]	WRITE	0
0x001c53ad	0xStack[-0x18]	WRITE	0
0x001c53b5	0xStack[-0x14]	WRITE	0
0x001c53bb	0xStack[-0x48]	WRITE	0
0x001c53be	0xStack[0x10]	READ	1
0x001c53cc	0xStack[-0x10]	READ_WRITE	0
0x001c53cf	0xStack[-0x18]	READ_WRITE	0
0x001c53d2	0xStack[-0xc]	READ	0
0x001c53df	0xStack[-0x1c]	WRITE	0
0x001c53e7	0xStack[-0x4c]	WRITE	0
0x001c53ea	0xStack[-0xc]	READ	1
0x001c53f0	0xStack[-0x4c]	READ	0
0x001c53fd	0xStack[-0x20]	WRITE	0
0x001c5408	0xStack[-0x2c]	WRITE	0
0x001c540b	0xStack[0xc]	READ	1
0x001c5415	0xStack[-0x30]	WRITE	0
0x001c5427	0xStack[-0x34]	WRITE	0
0x001c542a	0xStack[-0x8]	READ	1
0x001c542e	0xStack[-0x48]	READ	1
0x001c5433	0xStack[-0x40]	WRITE	0
0x001c543d	0xStack[-0x44]	WRITE	0
0x001c5444	0xStack[-0x34]	READ	0
0x001c5449	0xStack[-0x30]	READ	1
0x001c544d	0xStack[-0x4c]	WRITE	0
0x001c5450	0xStack[-0x2c]	READ	1
0x001c5455	0xStack[-0x4c]	READ	1
0x001c545f	0xStack[-0x38]	WRITE	0
0x001c5465	0xStack[-0x34]	READ	1
0x001c5469	0xStack[-0x3c]	WRITE	0
0x001c546c	0xStack[-0x38]	READ	1
0x001c5471	0x001f95c8	READ	1
0x001c5476	0x00206f5c	DATA	0
0x001c5477	0xStack[0x4]	READ	1
0x001c547b	0x001ce960	UNCONDITIONAL_CALL	0
0x001c5481	0x001f95c4	READ	1
0x001c5486	0x00206f70	DATA	0
0x001c5487	0xStack[0x4]	READ	1
0x001c548b	0x001ce960	UNCONDITIONAL_CALL	0
0x001c5490	0xStack[-0x40]	READ	1
0x001c5496	0xStack[-0x44]	READ	0
0x001c5499	0x001c55e8	CONDITIONAL_JUMP	0
0x001c54a0	0xStack[-0x3c]	READ	0
0x001c54a3	0x001c54f1	CONDITIONAL_JUMP	0
0x001c54a9	0xStack[-0x34]	READ	0
0x001c54ac	0xStack[-0x30]	READ	1
0x001c54b7	0xStack[-0x2c]	READ	1
0x001c54bd	0xStack[-0x38]	READ_WRITE	0
0x001c54c0	0xStack[-0x34]	READ	1
0x001c54c5	0xStack[-0x3c]	WRITE	0
0x001c54c8	0xStack[-0x38]	READ	1
0x001c54cd	0x001f95c8	READ	1
0x001c54d3	0x00206f5c	DATA	0
0x001c54d4	0xStack[0x4]	READ	1
0x001c54d8	0x001ce960	UNCONDITIONAL_CALL	0
0x001c54de	0x001f95c4	READ	1
0x001c54e4	0x00206f70	DATA	0
0x001c54e5	0xStack[0x4]	READ	1
0x001c54e9	0x001ce960	UNCONDITIONAL_CALL	0
0x001c54f1	0xStack[-0x1c]	READ	0
0x001c54f5	0x001c5558	CONDITIONAL_JUMP	0
0x001c54f7	0x001e872c	DATA	0
0x001c54fd	0x001f95c0	READ	1
0x001c5503	0x0020704c	DATA	0
0x001c5504	0xStack[0x4]	READ	1
0x001c5508	0x001ce960	UNCONDITIONAL_CALL	0
0x001c550d	0x001e872c	READ	1
0x001c5513	0xStack[-0x4c]	WRITE	0
0x001c5516	0xStack[-0x14]	READ	1
0x001c551e	0xStack[-0x14]	WRITE	0
0x001c5521	0xStack[-0x18]	READ	1
0x001c5526	0xStack[-0x24]	READ	1
0x001c552d	0xStack[-0x4c]	READ	1
0x001c5530	0xStack[-0x10]	READ	1
0x001c5539	0x001e872c	WRITE	0
0x001c5540	0x001e872c	DATA	0
0x001c5545	0x001f95bc	READ	1
0x001c554b	0x00207028	DATA	0
0x001c554c	0xStack[0x4]	READ	1
0x001c5550	0x001ce960	UNCONDITIONAL_CALL	0
0x001c5558	0xStack[-0x20]	READ	0
0x001c555c	0x001c55d0	CONDITIONAL_JUMP	0
0x001c555e	0xStack[-0x24]	READ	0
0x001c5562	0x001c556c	CONDITIONAL_JUMP	0
0x001c5564	0xStack[-0x14]	READ_WRITE	0
0x001c5568	0x001c55d0	UNCONDITIONAL_JUMP	0
0x001c556c	0x001e8730	DATA	0
0x001c5575	0x001f95c0	READ	1
0x001c557b	0x0020704c	DATA	0
0x001c557c	0xStack[0x4]	READ	1
0x001c5580	0x001ce960	UNCONDITIONAL_CALL	0
0x001c5585	0x001e8730	READ	1
0x001c558b	0xStack[-0x4c]	WRITE	0
0x001c558e	0xStack[-0x14]	READ	1
0x001c5596	0xStack[-0x14]	WRITE	0
0x001c5599	0xStack[-0x18]	READ	1
0x001c559e	0xStack[-0x28]	READ	1
0x001c55a5	0xStack[-0x4c]	READ	1
0x001c55a8	0xStack[-0x10]	READ	1
0x001c55b1	0x001e8730	WRITE	0
0x001c55b8	0x001e8730	DATA	0
0x001c55bd	0x001f95bc	READ	1
0x001c55c3	0x00207028	DATA	0
0x001c55c4	0xStack[0x4]	READ	1
0x001c55c8	0x001ce960	UNCONDITIONAL_CALL	0
0x001c55d0	0xStack[-0x30]	READ	1
0x001c55d6	0xStack[-0x10]	READ_WRITE	0
0x001c55da	0xStack[-0x18]	READ_WRITE	0
0x001c55df	0xStack[-0x44]	READ	0
0x001c55e2	0x001c54a0	CONDITIONAL_JUMP	0
0x001c55e8	0x001f95b8	READ	1
0x001c55ed	0x00206f00	DATA	0
0x001c55ee	0xStack[0x4]	READ	1
0x001c55f2	0x001ce960	UNCONDITIONAL_CALL	0
0x001c55f7	0xStack[-0x58]	DATA	0
0x001c560d	0xStack[-0x10]	WRITE	0
0x001c5614	0xStack[-0x14]	WRITE	0
0x001c561b	0xStack[0x10]	READ	1
0x001c5621	0xStack[-0x1c]	WRITE	0
0x001c5627	0xStack[-0x18]	WRITE	0
0x001c562d	0xStack[-0x24]	WRITE	0
0x001c5633	0xStack[-0x20]	WRITE	0
0x001c5636	0x001f95cc	READ	1
0x001c563b	0x00206f20	DATA	0
0x001c563c	0xStack[0x4]	READ	1
0x001c5640	0x001ce960	UNCONDITIONAL_CALL	0
0x001c5645	0xStack[-0x24]	READ	1
0x001c5649	0xStack[-0x48]	WRITE	0
0x001c564c	0xStack[-0x1c]	READ	1
0x001c5657	0xStack[-0x2c]	WRITE	0
0x001c565a	0xStack[0xc]	READ	1
0x001c5664	0xStack[-0x30]	WRITE	0
0x001c5667	0xStack[-0x20]	READ	1
0x001c566b	0xStack[-0x18]	READ	1
0x001c5673	0xStack[-0x20]	READ	1
0x001c567b	0xStack[-0x44]	WRITE	0
0x001c568b	0xStack[-0x34]	WRITE	0
0x001c5692	0xStack[-0x34]	READ	0
0x001c5697	0xStack[-0x30]	READ	1
0x001c569d	0xStack[-0x2c]	READ	1
0x001c56a9	0xStack[-0x28]	WRITE	0
0x001c56ac	0xStack[-0x38]	WRITE	0
0x001c56b2	0xStack[-0x34]	READ	1
0x001c56b6	0xStack[-0x3c]	WRITE	0
0x001c56b9	0xStack[-0x38]	READ	1
0x001c56bd	0xStack[-0x50]	WRITE	0
0x001c56c1	0x001f95c8	READ	1
0x001c56c6	0x00206f5c	DATA	0
0x001c56c7	0xStack[0x4]	READ	1
0x001c56cb	0x001ce960	UNCONDITIONAL_CALL	0
0x001c56d0	0xStack[-0x50]	READ	1
0x001c56d4	0x001f95c4	READ	1
0x001c56da	0x00206f70	DATA	0
0x001c56db	0xStack[0x4]	READ	1
0x001c56df	0x001ce960	UNCONDITIONAL_CALL	0
0x001c56e4	0xStack[0x10]	READ	1
0x001c56f0	0xStack[-0x40]	WRITE	0
0x001c56fe	0xStack[-0x1c]	READ	1
0x001c5702	0xStack[-0x24]	READ	0
0x001c570f	0xStack[-0x8]	WRITE	0
0x001c5714	0x001c5727	CONDITIONAL_JUMP	0
0x001c571a	0xStack[-0x48]	READ	1
0x001c571d	0x001e53d8	DATA	1
0x001c5724	0xStack[-0x10]	WRITE	0
0x001c5727	0xStack[-0x24]	READ	1
0x001c572f	0xStack[-0x1c]	READ	1
0x001c5741	0xStack[-0xc]	WRITE	0
0x001c5746	0x001c5896	CONDITIONAL_JUMP	0
0x001c574c	0xStack[0x10]	READ	1
0x001c5760	0x001e53d8	DATA	1
0x001c5769	0xStack[-0x14]	WRITE	0
0x001c576c	0x001c5896	UNCONDITIONAL_JUMP	0
0x001c5774	0xStack[-0x3c]	READ	0
0x001c5777	0x001c57cd	CONDITIONAL_JUMP	0
0x001c577d	0xStack[-0x34]	READ	0
0x001c5780	0xStack[-0x30]	READ	1
0x001c578b	0xStack[-0x2c]	READ	1
0x001c5791	0xStack[-0x28]	WRITE	0
0x001c5794	0xStack[-0x38]	READ_WRITE	0
0x001c5797	0xStack[-0x34]	READ	1
0x001c579c	0xStack[-0x3c]	WRITE	0
0x001c579f	0xStack[-0x38]	READ	1
0x001c57a3	0xStack[-0x50]	WRITE	0
0x001c57a7	0x001f95c8	READ	1
0x001c57ac	0x00206f5c	DATA	0
0x001c57ad	0xStack[0x4]	READ	1
0x001c57b1	0x001ce960	UNCONDITIONAL_CALL	0
0x001c57b6	0xStack[-0x50]	READ	1
0x001c57ba	0x001f95c4	READ	1
0x001c57c0	0x00206f70	DATA	0
0x001c57c1	0xStack[0x4]	READ	1
0x001c57c5	0x001ce960	UNCONDITIONAL_CALL	0
0x001c57cd	0xStack[-0x8]	READ	0
0x001c57d1	0x001c5822	CONDITIONAL_JUMP	0
0x001c57d3	0x001e8734	DATA	0
0x001c57d8	0xStack[-0x28]	READ	1
0x001c57dc	0x001f95c0	READ	1
0x001c57e1	0x0020704c	DATA	0
0x001c57e2	0xStack[0x4]	READ	1
0x001c57e6	0x001ce960	UNCONDITIONAL_CALL	0
0x001c57eb	0xStack[-0x10]	READ	1
0x001c57f0	0x001e8734	READ	1
0x001c57f6	0xStack[-0x10]	READ	1
0x001c57fd	0x001e8734	WRITE	0
0x001c5806	0xStack[-0x28]	READ	1
0x001c580a	0x001e8734	DATA	0
0x001c580f	0x001f95bc	READ	1
0x001c5815	0x00207028	DATA	0
0x001c5816	0xStack[0x4]	READ	1
0x001c581a	0x001ce960	UNCONDITIONAL_CALL	0
0x001c5822	0xStack[-0xc]	READ	0
0x001c5826	0x001c5889	CONDITIONAL_JUMP	0
0x001c5828	0xStack[-0x40]	READ	0
0x001c582c	0x001c5834	CONDITIONAL_JUMP	0
0x001c5831	0x001c5889	UNCONDITIONAL_JUMP	0
0x001c5834	0x001e8738	DATA	0
0x001c5839	0xStack[-0x28]	READ	1
0x001c583f	0xStack[-0x50]	WRITE	0
0x001c5843	0x001f95c0	READ	1
0x001c5848	0x0020704c	DATA	0
0x001c5849	0xStack[0x4]	READ	1
0x001c584d	0x001ce960	UNCONDITIONAL_CALL	0
0x001c5852	0xStack[-0x14]	READ	1
0x001c5857	0x001e8738	READ	1
0x001c585d	0xStack[-0x14]	READ	1
0x001c5864	0x001e8738	WRITE	0
0x001c586d	0xStack[-0x50]	READ	1
0x001c5871	0x001e8738	DATA	0
0x001c5876	0x001f95bc	READ	1
0x001c587c	0x00207028	DATA	0
0x001c587d	0xStack[0x4]	READ	1
0x001c5881	0x001ce960	UNCONDITIONAL_CALL	0
0x001c5889	0xStack[-0x28]	READ	1
0x001c588c	0xStack[-0x30]	READ	1
0x001c5892	0xStack[-0x28]	WRITE	0
0x001c5896	0xStack[-0x44]	READ	0
0x001c5899	0x001c5774	CONDITIONAL_JUMP	0
0x001c589f	0x001f95b8	READ	1
0x001c58a5	0x00206f00	DATA	0
0x001c58a6	0xStack[0x4]	READ	1
0x001c58aa	0x001ce960	UNCONDITIONAL_CALL	0
0x001c58af	0xStack[-0x5c]	DATA	0
0x001c58c5	0x001f9cdc	READ	1
0x001c58cb	0x0020245c	DATA	0
0x001c58cc	0x001f9378	READ	1
0x001c58d2	0x0020220c	DATA	0
0x001c58d3	0xStack[0x4]	READ	1
0x001c58d7	0x001ce960	UNCONDITIONAL_CALL	0
0x001c58e0	0x001ce960	UNCONDITIONAL_CALL	0
0x001c58ec	0x001c5c6b	CONDITIONAL_JUMP	0
0x001c58f2	0x001d90e8	DATA	0
0x001c58f7	0x001f9308	READ	1
0x001c58fd	0x00202480	DATA	0
0x001c58ff	0x001ce960	UNCONDITIONAL_CALL	0
0x001c5904	0xStack[-0x28]	WRITE	0
0x001c590c	0x001c592e	CONDITIONAL_JUMP	0
0x001c590e	0x001d90f8	DATA	0
0x001c5913	0x001f9308	READ	1
0x001c5919	0x00202480	DATA	0
0x001c591b	0x001ce960	UNCONDITIONAL_CALL	0
0x001c5920	0xStack[-0x28]	WRITE	0
0x001c5928	0x001c5c6b	CONDITIONAL_JUMP	0
0x001c592e	0xStack[-0x10]	WRITE	0
0x001c5935	0xStack[-0x14]	WRITE	0
0x001c593c	0xStack[-0x28]	READ	1
0x001c5941	0x001d9104	DATA	1
0x001c594c	0x001d9104	READ	0
0x001c594c	0x001d9105	READ	0
0x001c5958	0x001c599a	CONDITIONAL_JUMP	0
0x001c595d	0x001d9104	DATA	0
0x001c5963	0x00101efc	UNCONDITIONAL_CALL	0
0x001c596d	0x001c5994	CONDITIONAL_JUMP	0
0x001c5971	0x001c597f	UNCONDITIONAL_JUMP	0
0x001c5977	0x001c597e	CONDITIONAL_JUMP	0
0x001c597c	0x001c5986	CONDITIONAL_JUMP	0
0x001c5984	0x001c5974	CONDITIONAL_JUMP	0
0x001c598a	0x001c598e	CONDITIONAL_JUMP	0
0x001c5990	0x001c599c	UNCONDITIONAL_JUMP	0
0x001c5998	0x001c595c	CONDITIONAL_JUMP	0
0x001c599e	0x001c59b0	CONDITIONAL_JUMP	0
0x001c59a5	0x001beb58	UNCONDITIONAL_CALL	0
0x001c59aa	0xStack[-0x10]	WRITE	0
0x001c59b0	0xStack[-0x28]	READ	1
0x001c59b5	0x001d910c	DATA	1
0x001c59c0	0x001d910c	READ	0
0x001c59c0	0x001d910d	READ	0
0x001c59cc	0x001c5a0e	CONDITIONAL_JUMP	0
0x001c59d1	0x001d910c	DATA	0
0x001c59d7	0x00101efc	UNCONDITIONAL_CALL	0
0x001c59e1	0x001c5a08	CONDITIONAL_JUMP	0
0x001c59e5	0x001c59f3	UNCONDITIONAL_JUMP	0
0x001c59eb	0x001c59f2	CONDITIONAL_JUMP	0
0x001c59f0	0x001c59fa	CONDITIONAL_JUMP	0
0x001c59f8	0x001c59e8	CONDITIONAL_JUMP	0
0x001c59fe	0x001c5a02	CONDITIONAL_JUMP	0
0x001c5a04	0x001c5a10	UNCONDITIONAL_JUMP	0
0x001c5a0c	0x001c59d0	CONDITIONAL_JUMP	0
0x001c5a12	0x001c5a24	CONDITIONAL_JUMP	0
0x001c5a19	0x001beb58	UNCONDITIONAL_CALL	0
0x001c5a1e	0xStack[-0x14]	WRITE	0
0x001c5a24	0xStack[-0x28]	READ	1
0x001c5a29	0x001d9114	DATA	1
0x001c5a34	0x001d9114	READ	0
0x001c5a34	0x001d9115	READ	0
0x001c5a40	0x001c5a82	CONDITIONAL_JUMP	0
0x001c5a45	0x001d9114	DATA	0
0x001c5a4b	0x00101efc	UNCONDITIONAL_CALL	0
0x001c5a55	0x001c5a7c	CONDITIONAL_JUMP	0
0x001c5a59	0x001c5a67	UNCONDITIONAL_JUMP	0
0x001c5a5f	0x001c5a66	CONDITIONAL_JUMP	0
0x001c5a64	0x001c5a6e	CONDITIONAL_JUMP	0
0x001c5a6c	0x001c5a5c	CONDITIONAL_JUMP	0
0x001c5a72	0x001c5a76	CONDITIONAL_JUMP	0
0x001c5a78	0x001c5a84	UNCONDITIONAL_JUMP	0
0x001c5a80	0x001c5a44	CONDITIONAL_JUMP	0
0x001c5a86	0x001c5c6b	CONDITIONAL_JUMP	0
0x001c5a91	0x001beb58	UNCONDITIONAL_CALL	0
0x001c5a96	0xStack[-0x24]	WRITE	0
0x001c5a99	0xStack[-0x28]	READ	1
0x001c5aa1	0x001d9120	DATA	1
0x001c5aac	0x001d9120	READ	0
0x001c5aac	0x001d9121	READ	0
0x001c5ab8	0x001c5afa	CONDITIONAL_JUMP	0
0x001c5abd	0x001d9120	DATA	0
0x001c5ac3	0x00101efc	UNCONDITIONAL_CALL	0
0x001c5acd	0x001c5af4	CONDITIONAL_JUMP	0
0x001c5ad1	0x001c5adf	UNCONDITIONAL_JUMP	0
0x001c5ad7	0x001c5ade	CONDITIONAL_JUMP	0
0x001c5adc	0x001c5ae6	CONDITIONAL_JUMP	0
0x001c5ae4	0x001c5ad4	CONDITIONAL_JUMP	0
0x001c5aea	0x001c5aee	CONDITIONAL_JUMP	0
0x001c5af0	0x001c5afc	UNCONDITIONAL_JUMP	0
0x001c5af8	0x001c5abc	CONDITIONAL_JUMP	0
0x001c5afe	0x001c5c6b	CONDITIONAL_JUMP	0
0x001c5b06	0x001d912c	DATA	0
0x001c5b0c	0x00101efc	UNCONDITIONAL_CALL	0
0x001c5b16	0x001c5b2c	CONDITIONAL_JUMP	0
0x001c5b18	0xStack[-0x1c]	WRITE	0
0x001c5b1f	0xStack[-0x20]	WRITE	0
0x001c5b26	0x001c5bda	UNCONDITIONAL_JUMP	0
0x001c5b2e	0x001d9134	DATA	0
0x001c5b34	0x00101efc	UNCONDITIONAL_CALL	0
0x001c5b3e	0x001c5b54	CONDITIONAL_JUMP	0
0x001c5b40	0xStack[-0x1c]	WRITE	0
0x001c5b47	0xStack[-0x20]	WRITE	0
0x001c5b4e	0x001c5bda	UNCONDITIONAL_JUMP	0
0x001c5b56	0x001d913c	DATA	0
0x001c5b5c	0x00101efc	UNCONDITIONAL_CALL	0
0x001c5b66	0x001c5b74	CONDITIONAL_JUMP	0
0x001c5b68	0xStack[-0x1c]	WRITE	0
0x001c5b6f	0x001c5bd3	UNCONDITIONAL_JUMP	0
0x001c5b76	0x001d9148	DATA	0
0x001c5b7c	0x00101efc	UNCONDITIONAL_CALL	0
0x001c5b86	0x001c5b94	CONDITIONAL_JUMP	0
0x001c5b88	0xStack[-0x1c]	WRITE	0
0x001c5b8f	0x001c5bd3	UNCONDITIONAL_JUMP	0
0x001c5b96	0x001d9154	DATA	0
0x001c5b9c	0x00101efc	UNCONDITIONAL_CALL	0
0x001c5ba6	0x001c5bb4	CONDITIONAL_JUMP	0
0x001c5ba8	0xStack[-0x1c]	WRITE	0
0x001c5baf	0x001c5bd3	UNCONDITIONAL_JUMP	0
0x001c5bb6	0x001d9160	DATA	0
0x001c5bbc	0x00101efc	UNCONDITIONAL_CALL	0
0x001c5bc6	0x001c5c6b	CONDITIONAL_JUMP	0
0x001c5bcc	0xStack[-0x1c]	WRITE	0
0x001c5bd3	0xStack[-0x20]	WRITE	0
0x001c5bda	0xStack[-0x28]	READ	1
0x001c5bdf	0x001d916c	DATA	1
0x001c5bea	0x001d916c	READ	0
0x001c5bea	0x001d916d	READ	0
0x001c5bf6	0x001c5c36	CONDITIONAL_JUMP	0
0x001c5bf9	0x001d916c	DATA	0
0x001c5bff	0x00101efc	UNCONDITIONAL_CALL	0
0x001c5c09	0x001c5c30	CONDITIONAL_JUMP	0
0x001c5c0d	0x001c5c1b	UNCONDITIONAL_JUMP	0
0x001c5c13	0x001c5c1a	CONDITIONAL_JUMP	0
0x001c5c18	0x001c5c22	CONDITIONAL_JUMP	0
0x001c5c20	0x001c5c10	CONDITIONAL_JUMP	0
0x001c5c26	0x001c5c2a	CONDITIONAL_JUMP	0
0x001c5c2c	0x001c5c38	UNCONDITIONAL_JUMP	0
0x001c5c34	0x001c5bf8	CONDITIONAL_JUMP	0
0x001c5c3a	0x001c5c5f	CONDITIONAL_JUMP	0
0x001c5c3e	0xStack[-0x8]	DATA	0
0x001c5c43	0x001beb58	UNCONDITIONAL_CALL	0
0x001c5c48	0xStack[-0x10]	WRITE	0
0x001c5c4f	0xStack[-0x8]	READ	1
0x001c5c54	0x001beb58	UNCONDITIONAL_CALL	0
0x001c5c59	0xStack[-0x14]	WRITE	0
0x001c5c5f	0xStack[-0x14]	READ	0
0x001c5c63	0x001c5c6b	CONDITIONAL_JUMP	0
0x001c5c65	0xStack[-0x10]	READ	0
0x001c5c69	0x001c5c78	CONDITIONAL_JUMP	0
0x001c5c70	0x001c5fca	UNCONDITIONAL_JUMP	0
0x001c5c78	0xStack[-0x28]	READ	1
0x001c5c7d	0x001d9178	DATA	1
0x001c5c88	0x001d9178	READ	0
0x001c5c88	0x001d9179	READ	0
0x001c5c94	0x001c5cd6	CONDITIONAL_JUMP	0
0x001c5c99	0x001d9178	DATA	0
0x001c5c9f	0x00101efc	UNCONDITIONAL_CALL	0
0x001c5ca9	0x001c5cd0	CONDITIONAL_JUMP	0
0x001c5cad	0x001c5cbb	UNCONDITIONAL_JUMP	0
0x001c5cb3	0x001c5cba	CONDITIONAL_JUMP	0
0x001c5cb8	0x001c5cc2	CONDITIONAL_JUMP	0
0x001c5cc0	0x001c5cb0	CONDITIONAL_JUMP	0
0x001c5cc6	0x001c5cca	CONDITIONAL_JUMP	0
0x001c5ccc	0x001c5cd8	UNCONDITIONAL_JUMP	0
0x001c5cd4	0x001c5c98	CONDITIONAL_JUMP	0
0x001c5cda	0x001c5cfc	CONDITIONAL_JUMP	0
0x001c5cde	0xStack[-0xc]	DATA	0
0x001c5ce3	0x001beb58	UNCONDITIONAL_CALL	0
0x001c5cec	0xStack[-0xc]	READ	1
0x001c5cf1	0x001beb58	UNCONDITIONAL_CALL	0
0x001c5cf6	0xStack[-0x14]	WRITE	0
0x001c5cfc	0xStack[-0x28]	READ	1
0x001c5d01	0x001d9180	DATA	1
0x001c5d0c	0x001d9180	READ	0
0x001c5d0c	0x001d9181	READ	0
0x001c5d18	0x001c5d5a	CONDITIONAL_JUMP	0
0x001c5d1d	0x001d9180	DATA	0
0x001c5d23	0x00101efc	UNCONDITIONAL_CALL	0
0x001c5d2d	0x001c5d54	CONDITIONAL_JUMP	0
0x001c5d31	0x001c5d3f	UNCONDITIONAL_JUMP	0
0x001c5d37	0x001c5d3e	CONDITIONAL_JUMP	0
0x001c5d3c	0x001c5d46	CONDITIONAL_JUMP	0
0x001c5d44	0x001c5d34	CONDITIONAL_JUMP	0
0x001c5d4a	0x001c5d4e	CONDITIONAL_JUMP	0
0x001c5d50	0x001c5d5c	UNCONDITIONAL_JUMP	0
0x001c5d58	0x001c5d1c	CONDITIONAL_JUMP	0
0x001c5d5e	0x001c5d6d	CONDITIONAL_JUMP	0
0x001c5d65	0x001beb58	UNCONDITIONAL_CALL	0
0x001c5d6d	0xStack[-0x28]	READ	1
0x001c5d72	0x001d9188	DATA	1
0x001c5d7d	0x001d9188	READ	0
0x001c5d7d	0x001d9189	READ	0
0x001c5d89	0x001c5dca	CONDITIONAL_JUMP	0
0x001c5d8d	0x001d9188	DATA	0
0x001c5d93	0x00101efc	UNCONDITIONAL_CALL	0
0x001c5d9d	0x001c5dc4	CONDITIONAL_JUMP	0
0x001c5da1	0x001c5daf	UNCONDITIONAL_JUMP	0
0x001c5da7	0x001c5dae	CONDITIONAL_JUMP	0
0x001c5dac	0x001c5db6	CONDITIONAL_JUMP	0
0x001c5db4	0x001c5da4	CONDITIONAL_JUMP	0
0x001c5dba	0x001c5dbe	CONDITIONAL_JUMP	0
0x001c5dc0	0x001c5dcc	UNCONDITIONAL_JUMP	0
0x001c5dc8	0x001c5d8c	CONDITIONAL_JUMP	0
0x001c5dce	0x001c5ddd	CONDITIONAL_JUMP	0
0x001c5dd5	0x001beb58	UNCONDITIONAL_CALL	0
0x001c5ddd	0xStack[-0x28]	READ	1
0x001c5de2	0x001d9190	DATA	1
0x001c5ded	0x001d9190	READ	0
0x001c5ded	0x001d9191	READ	0
0x001c5df9	0x001c5e3a	CONDITIONAL_JUMP	0
0x001c5dfd	0x001d9190	DATA	0
0x001c5e03	0x00101efc	UNCONDITIONAL_CALL	0
0x001c5e0d	0x001c5e34	CONDITIONAL_JUMP	0
0x001c5e11	0x001c5e1f	UNCONDITIONAL_JUMP	0
0x001c5e17	0x001c5e1e	CONDITIONAL_JUMP	0
0x001c5e1c	0x001c5e26	CONDITIONAL_JUMP	0
0x001c5e24	0x001c5e14	CONDITIONAL_JUMP	0
0x001c5e2a	0x001c5e2e	CONDITIONAL_JUMP	0
0x001c5e30	0x001c5e3c	UNCONDITIONAL_JUMP	0
0x001c5e38	0x001c5dfc	CONDITIONAL_JUMP	0
0x001c5e3e	0x001c5e4d	CONDITIONAL_JUMP	0
0x001c5e45	0x001beb58	UNCONDITIONAL_CALL	0
0x001c5e4d	0xStack[-0x18]	WRITE	0
0x001c5e54	0xStack[-0x28]	READ	1
0x001c5e59	0x001d9198	DATA	1
0x001c5e64	0x001d9198	READ	0
0x001c5e64	0x001d9199	READ	0
0x001c5e70	0x001c5eb2	CONDITIONAL_JUMP	0
0x001c5e75	0x001d9198	DATA	0
0x001c5e7b	0x00101efc	UNCONDITIONAL_CALL	0
0x001c5e85	0x001c5eac	CONDITIONAL_JUMP	0
0x001c5e89	0x001c5e97	UNCONDITIONAL_JUMP	0
0x001c5e8f	0x001c5e96	CONDITIONAL_JUMP	0
0x001c5e94	0x001c5e9e	CONDITIONAL_JUMP	0
0x001c5e9c	0x001c5e8c	CONDITIONAL_JUMP	0
0x001c5ea2	0x001c5ea6	CONDITIONAL_JUMP	0
0x001c5ea8	0x001c5eb4	UNCONDITIONAL_JUMP	0
0x001c5eb0	0x001c5e74	CONDITIONAL_JUMP	0
0x001c5eb6	0x001c5ec8	CONDITIONAL_JUMP	0
0x001c5ebd	0x001beb58	UNCONDITIONAL_CALL	0
0x001c5ec2	0xStack[-0x18]	WRITE	0
0x001c5eca	0xStack[0x10]	READ	0
0x001c5ecd	0x001c5fbb	CONDITIONAL_JUMP	0
0x001c5ed8	0xStack[0x14]	READ	0
0x001c5edc	0x001c5eeb	CONDITIONAL_JUMP	0
0x001c5ede	0xStack[0x14]	READ	1
0x001c5ee5	0x001c5fac	CONDITIONAL_JUMP	0
0x001c5eeb	0xStack[-0x18]	READ	0
0x001c5eef	0x001c5fac	CONDITIONAL_JUMP	0
0x001c5ef5	0xStack[-0x10]	READ	1
0x001c5ef8	0xStack[0xc]	READ	1
0x001c5efe	0x001c5fac	CONDITIONAL_JUMP	0
0x001c5f04	0xStack[-0x14]	READ	1
0x001c5f0b	0x001c5fac	CONDITIONAL_JUMP	0
0x001c5f11	0xStack[-0x20]	READ	1
0x001c5f18	0x001c5fac	CONDITIONAL_JUMP	0
0x001c5f1e	0xStack[-0x1c]	READ	1
0x001c5f25	0x001c5fac	CONDITIONAL_JUMP	0
0x001c5f2b	0xStack[-0x24]	READ	1
0x001c5f32	0x001c5fac	CONDITIONAL_JUMP	0
0x001c5f34	0xStack[-0x1c]	READ	0
0x001c5f38	0x001c5f8c	CONDITIONAL_JUMP	0
0x001c5f3a	0xStack[-0x1c]	READ	1
0x001c5f3d	0x001c5f58	COMPUTED_JUMP	-1
0x001c5f3d	0x001c5f60	COMPUTED_JUMP	-1
0x001c5f3d	0x001c5f74	COMPUTED_JUMP	-1
0x001c5f3d	0x001c5f7c	COMPUTED_JUMP	-1
0x001c5f3d	0x001c5f84	COMPUTED_JUMP	-1
0x001c5f3d	0x001c5f44	DATA	0
0x001c5f44	0x001c5f58	DATA	0
0x001c5f48	0x001c5f60	DATA	0
0x001c5f4c	0x001c5f74	DATA	0
0x001c5f50	0x001c5f7c	DATA	0
0x001c5f54	0x001c5f84	DATA	0
0x001c5f58	0x001d912c	DATA	1
0x001c5f5d	0x001c5f91	UNCONDITIONAL_JUMP	0
0x001c5f60	0x001d9134	DATA	1
0x001c5f65	0xStack[-0x20]	READ	0
0x001c5f69	0x001c5f91	CONDITIONAL_JUMP	0
0x001c5f6b	0x001d913c	DATA	1
0x001c5f70	0x001c5f91	UNCONDITIONAL_JUMP	0
0x001c5f74	0x001d9148	DATA	1
0x001c5f79	0x001c5f91	UNCONDITIONAL_JUMP	0
0x001c5f7c	0x001d9154	DATA	1
0x001c5f81	0x001c5f91	UNCONDITIONAL_JUMP	0
0x001c5f84	0x001d9160	DATA	1
0x001c5f89	0x001c5f91	UNCONDITIONAL_JUMP	0
0x001c5f8c	0x001d91a4	DATA	1
0x001c5f91	0x001d9160	DATA	0
0x001c5f91	0x001d9154	DATA	0
0x001c5f91	0x001d9148	DATA	0
0x001c5f91	0x001d913c	DATA	0
0x001c5f91	0x001d9134	DATA	0
0x001c5f91	0x001d912c	DATA	0
0x001c5f91	0x001d91a4	DATA	0
0x001c5f92	0xStack[-0x24]	READ	1
0x001c5f96	0xStack[-0x14]	READ	1
0x001c5f9a	0xStack[-0x10]	READ	1
0x001c5f9e	0x001d91b8	DATA	0
0x001c5fa3	0x001a5514	UNCONDITIONAL_CALL	0
0x001c5faa	0x001c5fca	UNCONDITIONAL_JUMP	0
0x001c5fb2	0xStack[0x10]	READ	0
0x001c5fb5	0x001c5ed8	CONDITIONAL_JUMP	0
0x001c5fbb	0x001d91e8	DATA	0
0x001c5fc0	0x001a5514	UNCONDITIONAL_CALL	0
0x001c5fca	0xStack[-0x34]	DATA	0
0x001c5fd7	0xStack[0x4]	READ	1
0x001c5fed	0xStack[0x4]	READ	1
0x001c5ff0	0xStack[-0x10]	DATA	0
0x001c5ffb	0xStack[-0xc]	DATA	0
0x001c6000	0x001f961c	READ	1
0x001c6006	0x00204ff8	DATA	0
0x001c6007	0x001f9964	READ	1
0x001c600d	0x00204e0c	DATA	0
0x001c600e	0x001f9dc8	READ	1
0x001c6014	0x001fea7c	DATA	0
0x001c6015	0x001ce960	UNCONDITIONAL_CALL	0
0x001c601e	0x001ce960	UNCONDITIONAL_CALL	0
0x001c6025	0x001f95d8	READ	1
0x001c602b	0x0020706c	DATA	0
0x001c602d	0x001ce960	UNCONDITIONAL_CALL	0
0x001c603a	0x001c6048	CONDITIONAL_JUMP	0
0x001c6041	0x001c60c7	UNCONDITIONAL_JUMP	0
0x001c6048	0xStack[-0x10]	READ	1
0x001c6051	0x001c60a0	CONDITIONAL_JUMP	0
0x001c6059	0x001f9228	READ	1
0x001c605f	0x0020193c	DATA	0
0x001c6061	0x001ce960	UNCONDITIONAL_CALL	0
0x001c606a	0x001d9214	DATA	0
0x001c606f	0x001a5514	UNCONDITIONAL_CALL	0
0x001c6075	0x001f9618	READ	1
0x001c607b	0x00204fe4	DATA	0
0x001c607c	0x001f9964	READ	1
0x001c6082	0x00204e0c	DATA	0
0x001c6083	0x001f9dc8	READ	1
0x001c6089	0x001fea7c	DATA	0
0x001c608a	0x001ce960	UNCONDITIONAL_CALL	0
0x001c6093	0x001ce960	UNCONDITIONAL_CALL	0
0x001c609d	0x001c60c7	UNCONDITIONAL_JUMP	0
0x001c60a2	0x00101600	UNCONDITIONAL_CALL	0
0x001c60ab	0xStack[-0xc]	READ	1
0x001c60b1	0xStack[-0x8]	READ	1
0x001c60b8	0x001f9614	READ	1
0x001c60be	0x00204a94	DATA	0
0x001c60c0	0x001ce960	UNCONDITIONAL_CALL	0
0x001c60c7	0xStack[-0x1c]	DATA	0
0x001c60da	0xStack[0xc]	READ	1
0x001c60df	0x001f95d4	READ	1
0x001c60e5	0x00206f4c	DATA	0
0x001c60e6	0xStack[0x4]	READ	1
0x001c60ea	0x001ce960	UNCONDITIONAL_CALL	0
0x001c61a8	0x001f95d4	READ	1
0x001c61ae	0x00206f4c	DATA	0
0x001c61af	0xStack[0x4]	READ	1
0x001c61b3	0x001ce960	UNCONDITIONAL_CALL	0
0x001c6272	0xStack[0x10]	READ	1
0x001c6277	0xStack[-0x10]	DATA	0
0x001c628d	0xStack[0x10]	READ	1
0x001c6292	0x001f95d0	READ	1
0x001c6298	0x00206f3c	DATA	0
0x001c6299	0xStack[0x4]	READ	1
0x001c629d	0x001ce960	UNCONDITIONAL_CALL	0
0x001c62a2	0xStack[0xc]	READ	1
0x001c6302	0xStack[-0x8]	WRITE	0
0x001c6364	0xStack[-0x8]	READ	1
0x001c6371	0x001f95d0	READ	1
0x001c6377	0x00206f3c	DATA	0
0x001c6378	0xStack[0x4]	READ	1
0x001c637c	0x001ce960	UNCONDITIONAL_CALL	0
0x001c6381	0xStack[0xc]	READ	1
0x001c63e1	0xStack[-0x8]	WRITE	0
0x001c6448	0xStack[-0x8]	READ	1
0x001c6453	0xStack[-0x14]	DATA	0
0x001c6464	0xStack[0x10]	READ	1
0x001c6499	0xStack[0xc]	READ	1
0x001c649d	0x001f95b4	READ	1
0x001c64a2	0x0020700c	DATA	0
0x001c64a3	0xStack[0x4]	READ	1
0x001c64a7	0x001ce960	UNCONDITIONAL_CALL	0
0x001c64b8	0xStack[-0x8]	READ	1
0x001c64c3	0xStack[0x10]	READ	1
0x001c64ce	0x001c64e5	CONDITIONAL_JUMP	0
0x001c64d1	0xStack[0xc]	READ	1
0x001c64d5	0x001f95b0	READ	1
0x001c64db	0x00206ff4	DATA	0
0x001c64dc	0xStack[0x4]	READ	1
0x001c64e0	0x001ce960	UNCONDITIONAL_CALL	0
0x001c64ef	0xStack[0x10]	READ	1
0x001c64f7	0x001c6519	CONDITIONAL_JUMP	0
0x001c6502	0x001c6519	CONDITIONAL_JUMP	0
0x001c6505	0xStack[0xc]	READ	1
0x001c6509	0x001f95ac	READ	1
0x001c650f	0x00206fdc	DATA	0
0x001c6510	0xStack[0x4]	READ	1
0x001c6514	0x001ce960	UNCONDITIONAL_CALL	0
0x001c6529	0xStack[0x10]	READ	1
0x001c6567	0xStack[-0x8]	WRITE	0
0x001c6572	0x001c6593	CONDITIONAL_JUMP	0
0x001c657d	0x001c6593	CONDITIONAL_JUMP	0
0x001c6583	0x001c6593	CONDITIONAL_JUMP	0
0x001c658e	0x001c6593	CONDITIONAL_JUMP	0
0x001c6590	0xStack[-0x8]	READ_WRITE	0
0x001c6597	0xStack[-0x8]	READ	0
0x001c659a	0x001c65c9	CONDITIONAL_JUMP	0
0x001c659c	0xStack[-0x8]	READ	1
0x001c65a4	0x001c65b4	CONDITIONAL_JUMP	0
0x001c65a7	0xStack[0xc]	READ	1
0x001c65ab	0x001f95a8	READ	1
0x001c65b1	0x001c65bf	UNCONDITIONAL_JUMP	0
0x001c65b5	0xStack[0xc]	READ	1
0x001c65b9	0x001f95a4	READ	1
0x001c65bf	0x00206fc4	DATA	0
0x001c65bf	0x00206fac	DATA	0
0x001c65c0	0xStack[0x4]	READ	1
0x001c65c4	0x001ce960	UNCONDITIONAL_CALL	0
0x001c65c9	0xStack[-0x14]	DATA	0
0x001c65d7	0xStack[0x10]	READ	1
0x001c65da	0x001e541c	READ	1
0x001c65e2	0x001e541c	READ_WRITE	0
0x001c65eb	0x001d9244	DATA	0
0x001c65f0	0xStack[0xc]	READ	1
0x001c65f4	0x0010c188	UNCONDITIONAL_CALL	0
0x001c6604	0xStack[0x4]	READ	1
0x001c6607	0x001f95d8	READ	1
0x001c660d	0x0020706c	DATA	0
0x001c660f	0x001ce960	UNCONDITIONAL_CALL	0
0x001c6618	0x001a0d78	UNCONDITIONAL_CALL	0
0x001c6622	0x001c6666	CONDITIONAL_JUMP	0
0x001c6624	0x001f95d8	READ	1
0x001c662a	0x0020706c	DATA	0
0x001c662c	0x001ce960	UNCONDITIONAL_CALL	0
0x001c6632	0x001f9610	READ	1
0x001c6638	0x00204aa8	DATA	0
0x001c663a	0x001ce960	UNCONDITIONAL_CALL	0
0x001c6643	0x001f95a8	READ	1
0x001c6649	0x00206fc4	DATA	0
0x001c664b	0x001ce960	UNCONDITIONAL_CALL	0
0x001c6650	0x001f95d8	READ	1
0x001c6656	0x0020706c	DATA	0
0x001c6658	0x001ce960	UNCONDITIONAL_CALL	0
0x001c6661	0x001a0d68	UNCONDITIONAL_CALL	0
0x001c6668	0xStack[-0x8]	READ	1
0x001c6676	0xStack[0x4]	READ	1
0x001c6679	0xStack[0xc]	READ	1
0x001c667c	0x001f95d8	READ	1
0x001c6682	0x0020706c	DATA	0
0x001c6684	0x001ce960	UNCONDITIONAL_CALL	0
0x001c668f	0x001a0d78	UNCONDITIONAL_CALL	0
0x001c6699	0x001c66a4	CONDITIONAL_JUMP	0
0x001c669d	0x001c6757	UNCONDITIONAL_JUMP	0
0x001c66a4	0xStack[0x10]	READ	1
0x001c66b6	0x001c66da	CONDITIONAL_JUMP	0
0x001c66b9	0x001f9610	READ	1
0x001c66bf	0x00204aa8	DATA	0
0x001c66c1	0x001ce960	UNCONDITIONAL_CALL	0
0x001c66ca	0x001f95b0	READ	1
0x001c66d0	0x00206ff4	DATA	0
0x001c66d2	0x001ce960	UNCONDITIONAL_CALL	0
0x001c66de	0x001c66f0	CONDITIONAL_JUMP	0
0x001c66e9	0x001c66f0	CONDITIONAL_JUMP	0
0x001c66f4	0x001c6718	CONDITIONAL_JUMP	0
0x001c66f7	0x001f9610	READ	1
0x001c66fd	0x00204aa8	DATA	0
0x001c66ff	0x001ce960	UNCONDITIONAL_CALL	0
0x001c6708	0x001f95a0	READ	1
0x001c670e	0x00206f98	DATA	0
0x001c6710	0x001ce960	UNCONDITIONAL_CALL	0
0x001c671d	0x001c674c	CONDITIONAL_JUMP	0
0x001c6728	0x001c674c	CONDITIONAL_JUMP	0
0x001c672b	0x001f9610	READ	1
0x001c6731	0x00204aa8	DATA	0
0x001c6733	0x001ce960	UNCONDITIONAL_CALL	0
0x001c673c	0x001f95ac	READ	1
0x001c6742	0x00206fdc	DATA	0
0x001c6744	0x001ce960	UNCONDITIONAL_CALL	0
0x001c6750	0x001a0d68	UNCONDITIONAL_CALL	0
0x001c6757	0xStack[-0x10]	DATA	0
0x001c676a	0xStack[0x4]	READ	1
0x001c676d	0x001f95d8	READ	1
0x001c6773	0x0020706c	DATA	0
0x001c6775	0x001ce960	UNCONDITIONAL_CALL	0
0x001c6780	0x001a0d78	UNCONDITIONAL_CALL	0
0x001c678a	0x001c6790	CONDITIONAL_JUMP	0
0x001c678e	0x001c67ec	UNCONDITIONAL_JUMP	0
0x001c6790	0xStack[0x10]	READ	1
0x001c6795	0xStack[0xc]	READ	1
0x001c67a1	0x001c67c5	CONDITIONAL_JUMP	0
0x001c67a4	0x001f9610	READ	1
0x001c67aa	0x00204aa8	DATA	0
0x001c67ac	0x001ce960	UNCONDITIONAL_CALL	0
0x001c67b5	0x001f95a0	READ	1
0x001c67bb	0x00206f98	DATA	0
0x001c67bd	0x001ce960	UNCONDITIONAL_CALL	0
0x001c67c6	0x001f9610	READ	1
0x001c67cc	0x00204aa8	DATA	0
0x001c67ce	0x001ce960	UNCONDITIONAL_CALL	0
0x001c67d7	0x001f95a4	READ	1
0x001c67dd	0x00206fac	DATA	0
0x001c67df	0x001ce960	UNCONDITIONAL_CALL	0
0x001c67e5	0x001a0d68	UNCONDITIONAL_CALL	0
0x001c67ec	0xStack[-0x10]	DATA	0
0x001c6841	0xStack[0x4]	READ	1
0x001c6844	0xStack[0xc]	READ	1
0x001c684b	0x001c6874	CONDITIONAL_JUMP	0
0x001c6851	0x00166a38	UNCONDITIONAL_CALL	0
0x001c6857	0xStack[-0x8]	DATA	0
0x001c685b	0xStack[0x10]	READ	1
0x001c6860	0x0017f74c	UNCONDITIONAL_CALL	0
0x001c686a	0x001c6890	CONDITIONAL_JUMP	0
0x001c6871	0x001c6894	UNCONDITIONAL_JUMP	0
0x001c6878	0xStack[-0x8]	DATA	0
0x001c687e	0x001f95e0	READ	1
0x001c6884	0x00203c94	DATA	0
0x001c6886	0x001ce960	UNCONDITIONAL_CALL	0
0x001c6892	0x001c68b4	CONDITIONAL_JUMP	0
0x001c6895	0x001f9490	READ	1
0x001c689b	0x00202c38	DATA	0
0x001c689d	0x001ce960	UNCONDITIONAL_CALL	0
0x001c68a3	0x001d9254	DATA	0
0x001c68a8	0x001a5514	UNCONDITIONAL_CALL	0
0x001c68af	0x001c68b7	UNCONDITIONAL_JUMP	0
0x001c68b4	0xStack[-0x8]	READ	1
0x001c68b7	0xStack[-0x14]	DATA	0
0x001c68c9	0xStack[0x10]	READ	1
0x001c68cd	0xStack[0xc]	READ	1
0x001c68d1	0x001f959c	READ	1
0x001c68d7	0x00206de8	DATA	0
0x001c68d8	0xStack[0x4]	READ	1
0x001c68dc	0x001ce960	UNCONDITIONAL_CALL	0
0x001c68ec	0xStack[0xc]	READ	1
0x001c68f0	0x001f9560	READ	1
0x001c68f6	0x00203260	DATA	0
0x001c68f7	0x001f9210	READ	1
0x001c68fd	0x00201900	DATA	0
0x001c68fe	0xStack[0x4]	READ	1
0x001c6902	0x001ce960	UNCONDITIONAL_CALL	0
0x001c690b	0x001ce960	UNCONDITIONAL_CALL	0
0x001c6917	0x001c6940	CONDITIONAL_JUMP	0
0x001c6919	0x001d928c	DATA	0
0x001c691e	0x001f9480	READ	1
0x001c6924	0x00202c08	DATA	0
0x001c6926	0x001ce960	UNCONDITIONAL_CALL	0
0x001c692b	0x001f948c	READ	1
0x001c6931	0x00202c28	DATA	0
0x001c6933	0x001ce960	UNCONDITIONAL_CALL	0
0x001c693d	0x001c6942	UNCONDITIONAL_JUMP	0
0x001c6942	0xStack[-0x8]	READ	1
0x001c6954	0xStack[0x4]	READ	1
0x001c6957	0xStack[0xc]	READ	1
0x001c695b	0x001f9560	READ	1
0x001c6961	0x00203260	DATA	0
0x001c6962	0xStack[-0x5c]	WRITE	0
0x001c6965	0x001fa630	READ	1
0x001c696b	0x001fea50	DATA	1
0x001c696b	0xStack[-0x58]	WRITE	0
0x001c696e	0xStack[-0x5c]	DATA	0
0x001c6972	0x001cea70	UNCONDITIONAL_CALL	0
0x001c697c	0x001c699c	CONDITIONAL_JUMP	0
0x001c697e	0x001f921c	READ	1
0x001c6984	0x00201920	DATA	0
0x001c6985	0xStack[-0x5c]	WRITE	0
0x001c6988	0x001fa630	READ	1
0x001c698e	0x001fea50	DATA	1
0x001c698e	0xStack[-0x58]	WRITE	0
0x001c6992	0x001cea70	UNCONDITIONAL_CALL	0
0x001c6997	0x001c69d2	UNCONDITIONAL_JUMP	0
0x001c699c	0xStack[-0x60]	DATA	0
0x001c69a0	0xStack[-0x54]	DATA	0
0x001c69a4	0x001f9598	READ	1
0x001c69aa	0x00206f80	DATA	0
0x001c69ac	0x001ce960	UNCONDITIONAL_CALL	0
0x001c69b1	0xStack[-0x60]	READ	1
0x001c69b5	0x001f9478	READ	1
0x001c69bb	0x00202bf0	DATA	0
0x001c69bd	0x001ce960	UNCONDITIONAL_CALL	0
0x001c69c3	0x001f947c	READ	1
0x001c69c9	0x00202bfc	DATA	0
0x001c69cb	0x001ce960	UNCONDITIONAL_CALL	0
0x001c69d2	0xStack[-0x68]	DATA	0
0x001c69e0	0xStack[0x4]	READ	1
0x001c69e3	0xStack[0xc]	READ	1
0x001c69e9	0x001c6a07	CONDITIONAL_JUMP	0
0x001c69ec	0x001f9228	READ	1
0x001c69f2	0x0020193c	DATA	0
0x001c69f4	0x001ce960	UNCONDITIONAL_CALL	0
0x001c69fd	0x001d8e20	DATA	0
0x001c6a02	0x001a5514	UNCONDITIONAL_CALL	0
0x001c6a09	0xStack[-0x8]	READ	1
0x001c6a19	0xStack[0x10]	READ	1
0x001c6a1c	0xStack[0x14]	READ	1
0x001c6a1f	0xStack[-0x1c]	WRITE	0
0x001c6a22	0xStack[-0x1c]	READ	1
0x001c6a27	0xStack[-0x20]	WRITE	0
0x001c6a2c	0x001d8e68	DATA	1
0x001c6a31	0xStack[-0x24]	WRITE	0
0x001c6a38	0xStack[-0x24]	READ	1
0x001c6a3e	0x001d8e68	READ	0
0x001c6a3e	0x001d8e69	READ	0
0x001c6a40	0x001c6a84	CONDITIONAL_JUMP	0
0x001c6a42	0xStack[0xc]	READ	1
0x001c6a4b	0x001f9594	READ	1
0x001c6a51	0x00206ef0	DATA	0
0x001c6a52	0xStack[0x4]	READ	1
0x001c6a56	0x001ce960	UNCONDITIONAL_CALL	0
0x001c6a5b	0xStack[0x4]	READ	1
0x001c6a5f	0x001f9608	READ	1
0x001c6a65	0x00202ac0	DATA	0
0x001c6a66	0x001f7b48	READ	1
0x001c6a6d	0x001ce960	UNCONDITIONAL_CALL	0
0x001c6a72	0xStack[-0x1c]	READ	1
0x001c6a7d	0x001c6b63	UNCONDITIONAL_JUMP	0
0x001c6a86	0x001d8e7c	DATA	1
0x001c6a93	0x001d8e7c	READ	0
0x001c6a93	0x001d8e7d	READ	0
0x001c6a95	0x001c6ae4	CONDITIONAL_JUMP	0
0x001c6a97	0x001f9610	READ	1
0x001c6a9d	0x00204aa8	DATA	0
0x001c6a9e	0xStack[0x4]	READ	1
0x001c6aa2	0x001ce960	UNCONDITIONAL_CALL	0
0x001c6aa9	0xStack[-0x10]	WRITE	0
0x001c6aaf	0xStack[-0xc]	WRITE	0
0x001c6ab5	0xStack[-0x8]	WRITE	0
0x001c6ab8	0xStack[-0x1c]	READ	1
0x001c6ac4	0xStack[-0x20]	READ	1
0x001c6ac9	0x001c6add	CONDITIONAL_JUMP	0
0x001c6acb	0xStack[-0xc]	DATA	1
0x001c6acf	0xStack[0xc]	READ	1
0x001c6adb	0x001c6ac4	CONDITIONAL_JUMP	0
0x001c6adf	0x001c6b63	UNCONDITIONAL_JUMP	0
0x001c6ae6	0x001d8e98	DATA	1
0x001c6af3	0x001d8e98	READ	0
0x001c6af3	0x001d8e99	READ	0
0x001c6af5	0x001c6b3c	CONDITIONAL_JUMP	0
0x001c6af7	0x001f9604	READ	1
0x001c6afd	0x00206ee0	DATA	0
0x001c6afe	0xStack[0x4]	READ	1
0x001c6b02	0x001ce960	UNCONDITIONAL_CALL	0
0x001c6b09	0xStack[-0x1c]	READ	1
0x001c6b15	0xStack[-0x20]	READ	0
0x001c6b19	0x001c6b36	CONDITIONAL_JUMP	0
0x001c6b21	0x001f9600	READ	1
0x001c6b27	0x00204aa0	DATA	0
0x001c6b28	0xStack[0x4]	READ	1
0x001c6b2c	0x001ce960	UNCONDITIONAL_CALL	0
0x001c6b31	0xStack[0xc]	READ	1
0x001c6b38	0x001c6b63	UNCONDITIONAL_JUMP	0
0x001c6b3e	0xStack[0xc]	READ	1
0x001c6b42	0x001f9528	READ	1
0x001c6b48	0x00202e1c	DATA	0
0x001c6b49	0xStack[0x4]	READ	1
0x001c6b4c	0xStack[-0x18]	WRITE	0
0x001c6b4f	0x001fa630	READ	1
0x001c6b55	0x001fea50	DATA	1
0x001c6b55	0xStack[-0x14]	WRITE	0
0x001c6b58	0xStack[-0x18]	DATA	0
0x001c6b5c	0x001cea70	UNCONDITIONAL_CALL	0
0x001c6b63	0xStack[-0x30]	DATA	0
0x001c6b79	0xStack[0xc]	READ	1
0x001c6b7c	0xStack[0x10]	READ	1
0x001c6b81	0x001d8f48	DATA	1
0x001c6b8e	0x001d8f48	READ	0
0x001c6b8e	0x001d8f49	READ	0
0x001c6b90	0x001c6ba8	CONDITIONAL_JUMP	0
0x001c6b92	0x001f94a8	READ	1
0x001c6b98	0x00202c84	DATA	0
0x001c6b99	0xStack[0x4]	READ	1
0x001c6b9d	0x001ce960	UNCONDITIONAL_CALL	0
0x001c6ba4	0x001c6c19	UNCONDITIONAL_JUMP	0
0x001c6baa	0x001d8f60	DATA	1
0x001c6bb7	0x001d8f60	READ	0
0x001c6bb7	0x001d8f61	READ	0
0x001c6bb9	0x001c6bf4	CONDITIONAL_JUMP	0
0x001c6bbb	0xStack[0x14]	READ	0
0x001c6bbf	0x001c6bc8	CONDITIONAL_JUMP	0
0x001c6bc6	0x001c6c19	UNCONDITIONAL_JUMP	0
0x001c6bcb	0x001f9618	READ	1
0x001c6bd1	0x00204fe4	DATA	0
0x001c6bd2	0x001f9964	READ	1
0x001c6bd8	0x00204e0c	DATA	0
0x001c6bd9	0x001f9dc8	READ	1
0x001c6bdf	0x001fea7c	DATA	0
0x001c6be0	0x001ce960	UNCONDITIONAL_CALL	0
0x001c6be9	0x001ce960	UNCONDITIONAL_CALL	0
0x001c6bf0	0x001c6c19	UNCONDITIONAL_JUMP	0
0x001c6bf4	0xStack[0x14]	READ	1
0x001c6bfa	0x001f94bc	READ	1
0x001c6c00	0x00202a88	DATA	0
0x001c6c01	0xStack[0x4]	READ	1
0x001c6c04	0xStack[-0xc]	WRITE	0
0x001c6c07	0x001fa630	READ	1
0x001c6c0d	0x001fea50	DATA	1
0x001c6c0d	0xStack[-0x8]	WRITE	0
0x001c6c10	0xStack[-0xc]	DATA	0
0x001c6c14	0x001cea70	UNCONDITIONAL_CALL	0
0x001c6c19	0xStack[-0x18]	DATA	0
0x001c6c27	0x001f9610	READ	1
0x001c6c2d	0x00204aa8	DATA	0
0x001c6c2e	0xStack[0x4]	READ	1
0x001c6c32	0x001ce960	UNCONDITIONAL_CALL	0
0x001c6c38	0x0019b66c	UNCONDITIONAL_CALL	0
0x001c6c4d	0xStack[0x4]	READ	1
0x001c6c57	0x001c6c77	CONDITIONAL_JUMP	0
0x001c6c59	0x001f9228	READ	1
0x001c6c5f	0x0020193c	DATA	0
0x001c6c60	0xStack[0x4]	READ	1
0x001c6c64	0x001ce960	UNCONDITIONAL_CALL	0
0x001c6c6a	0x001d929c	DATA	0
0x001c6c6f	0x001a5514	UNCONDITIONAL_CALL	0
0x001c6c77	0xStack[-0x24]	DATA	0
0x001c6c7d	0x001f9590	READ	1
0x001c6c83	0x00207160	DATA	0
0x001c6c84	0xStack[0x4]	READ	1
0x001c6c88	0x001ce960	UNCONDITIONAL_CALL	0
0x001c6c92	0x001c6cb8	CONDITIONAL_JUMP	0
0x001c6c94	0x001f9228	READ	1
0x001c6c9a	0x0020193c	DATA	0
0x001c6c9b	0xStack[0x4]	READ	1
0x001c6c9f	0x001ce960	UNCONDITIONAL_CALL	0
0x001c6ca5	0x001d92bc	DATA	0
0x001c6caa	0x001a5514	UNCONDITIONAL_CALL	0
0x001c6cb1	0x001c6ebd	UNCONDITIONAL_JUMP	0
0x001c6cb8	0x001f9610	READ	1
0x001c6cbe	0x00204aa8	DATA	0
0x001c6cbf	0xStack[0x4]	READ	1
0x001c6cc3	0x001ce960	UNCONDITIONAL_CALL	0
0x001c6cd2	0x00101630	UNCONDITIONAL_CALL	0
0x001c6ce0	0x001c6cec	CONDITIONAL_JUMP	0
0x001c6ce5	0x001c6d5c	CONDITIONAL_JUMP	0
0x001c6ce7	0x001c6e64	UNCONDITIONAL_JUMP	0
0x001c6cf1	0x001c6cfc	CONDITIONAL_JUMP	0
0x001c6cf6	0x001c6d14	CONDITIONAL_JUMP	0
0x001c6cf8	0x001c6d2c	UNCONDITIONAL_JUMP	0
0x001c6d00	0xStack[-0x24]	READ	1
0x001c6d0b	0x001c6d00	CONDITIONAL_JUMP	0
0x001c6d0d	0x001c6e8c	UNCONDITIONAL_JUMP	0
0x001c6d18	0xStack[-0x24]	READ	1
0x001c6d23	0x001c6d18	CONDITIONAL_JUMP	0
0x001c6d25	0x001c6e8c	UNCONDITIONAL_JUMP	0
0x001c6d34	0x001f9228	READ	1
0x001c6d3a	0x0020193c	DATA	0
0x001c6d3b	0xStack[0x4]	READ	1
0x001c6d3f	0x001ce960	UNCONDITIONAL_CALL	0
0x001c6d48	0x001d92e0	DATA	0
0x001c6d4d	0x001a5514	UNCONDITIONAL_CALL	0
0x001c6d54	0x001c6ebd	UNCONDITIONAL_JUMP	0
0x001c6d62	0x001c6dd0	CONDITIONAL_JUMP	0
0x001c6d64	0x001c6d70	CONDITIONAL_JUMP	0
0x001c6d69	0x001c6d80	CONDITIONAL_JUMP	0
0x001c6d6b	0x001c6e3c	UNCONDITIONAL_JUMP	0
0x001c6d73	0x001c6e1c	CONDITIONAL_JUMP	0
0x001c6d79	0x001c6e3c	UNCONDITIONAL_JUMP	0
0x001c6d80	0xStack[-0x24]	READ	0
0x001c6d84	0x001c6d98	CONDITIONAL_JUMP	0
0x001c6d86	0xStack[-0x20]	READ	0
0x001c6d8a	0x001c6d98	CONDITIONAL_JUMP	0
0x001c6d8c	0xStack[-0x1c]	READ	0
0x001c6d90	0x001c6d98	CONDITIONAL_JUMP	0
0x001c6d92	0xStack[-0x18]	READ	0
0x001c6d96	0x001c6dbc	CONDITIONAL_JUMP	0
0x001c6d98	0x001f9228	READ	1
0x001c6d9e	0x0020193c	DATA	0
0x001c6d9f	0xStack[0x4]	READ	1
0x001c6da3	0x001ce960	UNCONDITIONAL_CALL	0
0x001c6da9	0x001d9318	DATA	0
0x001c6dae	0x001a5514	UNCONDITIONAL_CALL	0
0x001c6db5	0x001c6ebd	UNCONDITIONAL_JUMP	0
0x001c6dbc	0x001d9360	DATA	1
0x001c6dc7	0x001d9360	READ	1
0x001c6dc7	0x001d9364	READ	1
0x001c6dc9	0x001d9364	READ	1
0x001c6dca	0x001c6e8c	UNCONDITIONAL_JUMP	0
0x001c6dd0	0xStack[-0x24]	READ	0
0x001c6dd4	0x001c6de8	CONDITIONAL_JUMP	0
0x001c6dd6	0xStack[-0x20]	READ	0
0x001c6dda	0x001c6de8	CONDITIONAL_JUMP	0
0x001c6ddc	0xStack[-0x1c]	READ	0
0x001c6de0	0x001c6de8	CONDITIONAL_JUMP	0
0x001c6de2	0xStack[-0x18]	READ	0
0x001c6de6	0x001c6e0c	CONDITIONAL_JUMP	0
0x001c6de8	0x001f9228	READ	1
0x001c6dee	0x0020193c	DATA	0
0x001c6def	0xStack[0x4]	READ	1
0x001c6df3	0x001ce960	UNCONDITIONAL_CALL	0
0x001c6df9	0x001d9374	DATA	0
0x001c6dfe	0x001a5514	UNCONDITIONAL_CALL	0
0x001c6e05	0x001c6ebd	UNCONDITIONAL_JUMP	0
0x001c6e0c	0x001d93bc	DATA	1
0x001c6e17	0x001d93bc	READ	1
0x001c6e17	0x001d93c0	READ	1
0x001c6e19	0x001d93c0	READ	1
0x001c6e1a	0x001c6e8c	UNCONDITIONAL_JUMP	0
0x001c6e28	0xStack[-0x20]	DATA	1
0x001c6e30	0x001c6e28	CONDITIONAL_JUMP	0
0x001c6e36	0x001c6e20	CONDITIONAL_JUMP	0
0x001c6e38	0x001c6e8c	UNCONDITIONAL_JUMP	0
0x001c6e40	0x001f9228	READ	1
0x001c6e46	0x0020193c	DATA	0
0x001c6e47	0xStack[0x4]	READ	1
0x001c6e4b	0x001ce960	UNCONDITIONAL_CALL	0
0x001c6e54	0x001d93d0	DATA	0
0x001c6e59	0x001a5514	UNCONDITIONAL_CALL	0
0x001c6e61	0x001c6e8c	UNCONDITIONAL_JUMP	0
0x001c6e68	0x001f9228	READ	1
0x001c6e6e	0x0020193c	DATA	0
0x001c6e6f	0xStack[0x4]	READ	1
0x001c6e73	0x001ce960	UNCONDITIONAL_CALL	0
0x001c6e7c	0x001d9408	DATA	0
0x001c6e81	0x001a5514	UNCONDITIONAL_CALL	0
0x001c6e88	0x001c6ebd	UNCONDITIONAL_JUMP	0
0x001c6e8c	0xStack[0x4]	READ	1
0x001c6e96	0x001c6eba	CONDITIONAL_JUMP	0
0x001c6e9c	0x001f9228	READ	1
0x001c6ea2	0x0020193c	DATA	0
0x001c6ea3	0xStack[0x4]	READ	1
0x001c6ea7	0x001ce960	UNCONDITIONAL_CALL	0
0x001c6eb0	0x001d9438	DATA	0
0x001c6eb5	0x001a5514	UNCONDITIONAL_CALL	0
0x001c6eba	0xStack[0x4]	READ	1
0x001c6ebd	0xStack[-0x30]	DATA	0
0x001c6ecf	0xStack[0x4]	READ	1
0x001c6ed9	0x001c6ef6	CONDITIONAL_JUMP	0
0x001c6edb	0x001f9228	READ	1
0x001c6ee1	0x0020193c	DATA	0
0x001c6ee3	0x001ce960	UNCONDITIONAL_CALL	0
0x001c6ee9	0x001d9454	DATA	0
0x001c6eee	0x001a5514	UNCONDITIONAL_CALL	0
0x001c6ef6	0xStack[-0x24]	DATA	0
0x001c6efc	0x001f9590	READ	1
0x001c6f02	0x00207160	DATA	0
0x001c6f04	0x001ce960	UNCONDITIONAL_CALL	0
0x001c6f0e	0x001c6f28	CONDITIONAL_JUMP	0
0x001c6f10	0x001f9228	READ	1
0x001c6f16	0x0020193c	DATA	0
0x001c6f18	0x001ce960	UNCONDITIONAL_CALL	0
0x001c6f1e	0x001d9474	DATA	0
0x001c6f23	0x001c7037	UNCONDITIONAL_JUMP	0
0x001c6f28	0xStack[-0x24]	READ	0
0x001c6f2c	0x001c6f78	CONDITIONAL_JUMP	0
0x001c6f2e	0x001f9228	READ	1
0x001c6f34	0x0020193c	DATA	0
0x001c6f36	0x001ce960	UNCONDITIONAL_CALL	0
0x001c6f3c	0x001d9490	DATA	0
0x001c6f41	0x001a5514	UNCONDITIONAL_CALL	0
0x001c6f4a	0x001f9590	READ	1
0x001c6f50	0x00207160	DATA	0
0x001c6f52	0x001ce960	UNCONDITIONAL_CALL	0
0x001c6f5c	0x001c6f78	CONDITIONAL_JUMP	0
0x001c6f5e	0x001f9228	READ	1
0x001c6f64	0x0020193c	DATA	0
0x001c6f66	0x001ce960	UNCONDITIONAL_CALL	0
0x001c6f6c	0x001d94b0	DATA	0
0x001c6f71	0x001c7037	UNCONDITIONAL_JUMP	0
0x001c6f7f	0x001c6f9c	CONDITIONAL_JUMP	0
0x001c6f81	0x001f9228	READ	1
0x001c6f87	0x0020193c	DATA	0
0x001c6f89	0x001ce960	UNCONDITIONAL_CALL	0
0x001c6f8f	0x001d94d4	DATA	0
0x001c6f94	0x001a5514	UNCONDITIONAL_CALL	0
0x001c6f9c	0xStack[-0x24]	DATA	0
0x001c6fa2	0x001f9590	READ	1
0x001c6fa8	0x00207160	DATA	0
0x001c6faa	0x001ce960	UNCONDITIONAL_CALL	0
0x001c6fb4	0x001c7024	CONDITIONAL_JUMP	0
0x001c6fb6	0x001f9610	READ	1
0x001c6fbc	0x00204aa8	DATA	0
0x001c6fbe	0x001ce960	UNCONDITIONAL_CALL	0
0x001c6fc3	0xStack[-0x24]	READ	1
0x001c6fc8	0xStack[-0x20]	READ	1
0x001c6fce	0xStack[-0x1c]	READ	1
0x001c6fd4	0xStack[-0x18]	READ	1
0x001c6fda	0xStack[-0x14]	READ	1
0x001c6fe0	0xStack[-0x10]	READ	1
0x001c6fe6	0xStack[-0xc]	READ	1
0x001c6fec	0xStack[-0x8]	READ	1
0x001c6ff2	0x001f958c	READ	1
0x001c6ff8	0x002071c8	DATA	0
0x001c6ffa	0x001ce960	UNCONDITIONAL_CALL	0
0x001c7004	0x001c703c	CONDITIONAL_JUMP	0
0x001c7006	0x001f9228	READ	1
0x001c700c	0x0020193c	DATA	0
0x001c700e	0x001ce960	UNCONDITIONAL_CALL	0
0x001c7014	0x001d9514	DATA	0
0x001c7019	0x001a5514	UNCONDITIONAL_CALL	0
0x001c7020	0x001c703e	UNCONDITIONAL_JUMP	0
0x001c7024	0x001f9228	READ	1
0x001c702a	0x0020193c	DATA	0
0x001c702c	0x001ce960	UNCONDITIONAL_CALL	0
0x001c7032	0x001d94f0	DATA	0
0x001c7037	0x001a5514	UNCONDITIONAL_CALL	0
0x001c703e	0xStack[-0x28]	READ	1
0x001c7051	0xStack[0x4]	READ	1
0x001c705b	0x001c707a	CONDITIONAL_JUMP	0
0x001c705d	0x001f9228	READ	1
0x001c7063	0x0020193c	DATA	0
0x001c7065	0x001ce960	UNCONDITIONAL_CALL	0
0x001c706d	0x001d95f0	DATA	0
0x001c7072	0x001a5514	UNCONDITIONAL_CALL	0
0x001c707a	0xStack[0x4]	READ	1
0x001c7085	0x001c7096	CONDITIONAL_JUMP	0
0x001c708f	0x001c7096	CONDITIONAL_JUMP	0
0x001c7094	0x001c70b8	CONDITIONAL_JUMP	0
0x001c7096	0x001f9228	READ	1
0x001c709c	0x0020193c	DATA	0
0x001c709d	0xStack[0x4]	READ	1
0x001c70a1	0x001ce960	UNCONDITIONAL_CALL	0
0x001c70a9	0x001d9610	DATA	0
0x001c70ae	0x001a5514	UNCONDITIONAL_CALL	0
0x001c70b3	0x001c72b4	UNCONDITIONAL_JUMP	0
0x001c70bb	0xStack[-0x8]	WRITE	0
0x001c70c0	0x001c70e8	CONDITIONAL_JUMP	0
0x001c70c3	0x001f9228	READ	1
0x001c70c9	0x0020193c	DATA	0
0x001c70ca	0xStack[0x4]	READ	1
0x001c70ce	0x001ce960	UNCONDITIONAL_CALL	0
0x001c70d9	0x001d9644	DATA	0
0x001c70de	0x001a5514	UNCONDITIONAL_CALL	0
0x001c70e3	0x001c72b4	UNCONDITIONAL_JUMP	0
0x001c70e8	0xStack[-0x8]	READ	0
0x001c70ec	0x001c72ae	CONDITIONAL_JUMP	0
0x001c70f2	0xStack[0x4]	READ	1
0x001c70fc	0x001c7125	CONDITIONAL_JUMP	0
0x001c70fe	0xStack[-0x8]	READ	1
0x001c7102	0x001f9228	READ	1
0x001c7108	0x0020193c	DATA	0
0x001c7109	0xStack[0x4]	READ	1
0x001c710d	0x001ce960	UNCONDITIONAL_CALL	0
0x001c7118	0x001d9678	DATA	0
0x001c711d	0x001a5514	UNCONDITIONAL_CALL	0
0x001c7125	0xStack[0x4]	READ	1
0x001c712e	0xStack[-0x8]	READ	1
0x001c7134	0xStack[-0xc]	WRITE	0
0x001c7137	0xStack[0x4]	READ	1
0x001c7141	0x001c7158	CONDITIONAL_JUMP	0
0x001c7144	0x001f9584	READ	1
0x001c7149	0x002071a0	DATA	0
0x001c714b	0x001ce960	UNCONDITIONAL_CALL	0
0x001c7152	0x001c72b6	UNCONDITIONAL_JUMP	0
0x001c715a	0xStack[0x4]	READ	1
0x001c7165	0x001c71ff	CONDITIONAL_JUMP	0
0x001c7178	0x001c71e7	UNCONDITIONAL_JUMP	0
0x001c717c	0xStack[0x4]	READ	1
0x001c7189	0xStack[0x4]	READ	1
0x001c7192	0xStack[-0x1c]	WRITE	0
0x001c719b	0xStack[0x4]	READ	1
0x001c71ae	0xStack[0x4]	READ	1
0x001c71bb	0xStack[-0x1c]	READ	1
0x001c71cc	0xStack[-0xc]	READ	1
0x001c71d4	0xStack[-0xc]	WRITE	0
0x001c71dd	0xStack[0x4]	READ	1
0x001c71eb	0x001c717c	CONDITIONAL_JUMP	0
0x001c71ee	0xStack[0x4]	READ	1
0x001c71f9	0x001c716c	CONDITIONAL_JUMP	0
0x001c71ff	0xStack[0x4]	READ	1
0x001c7209	0x001c7294	CONDITIONAL_JUMP	0
0x001c7215	0xStack[-0x8]	READ	1
0x001c721b	0xStack[-0xc]	WRITE	0
0x001c721e	0x001f9228	READ	1
0x001c7223	0x0020193c	DATA	0
0x001c7224	0xStack[0x4]	READ	1
0x001c7228	0x001ce960	UNCONDITIONAL_CALL	0
0x001c7230	0x001d96a0	DATA	0
0x001c7235	0x001a5514	UNCONDITIONAL_CALL	0
0x001c7240	0x001f9228	READ	1
0x001c7245	0x0020193c	DATA	0
0x001c7246	0xStack[0x4]	READ	1
0x001c724a	0x001ce960	UNCONDITIONAL_CALL	0
0x001c7252	0x001d96b8	DATA	0
0x001c7257	0x001a5514	UNCONDITIONAL_CALL	0
0x001c7264	0xStack[-0xc]	READ	1
0x001c726a	0xStack[-0xc]	READ_WRITE	0
0x001c726e	0x001d96c0	DATA	0
0x001c7273	0x001a5514	UNCONDITIONAL_CALL	0
0x001c727f	0x001c7264	CONDITIONAL_JUMP	0
0x001c7281	0x001d7058	DATA	0
0x001c7286	0x001a5514	UNCONDITIONAL_CALL	0
0x001c7292	0x001c7240	CONDITIONAL_JUMP	0
0x001c7298	0x001f9590	READ	1
0x001c729e	0x00207160	DATA	0
0x001c729f	0xStack[0x4]	READ	1
0x001c72a3	0x001ce960	UNCONDITIONAL_CALL	0
0x001c72ac	0x001c72b4	CONDITIONAL_JUMP	0
0x001c72ae	0xStack[0x4]	READ	1
0x001c72b1	0x001c72b6	UNCONDITIONAL_JUMP	0
0x001c72b6	0xStack[-0x34]	DATA	0
0x001c72c9	0xStack[0x4]	READ	1
0x001c72d3	0x001c72de	CONDITIONAL_JUMP	0
0x001c72dc	0x001c7304	CONDITIONAL_JUMP	0
0x001c72de	0x001f9228	READ	1
0x001c72e4	0x0020193c	DATA	0
0x001c72e5	0xStack[0x4]	READ	1
0x001c72e9	0x001ce960	UNCONDITIONAL_CALL	0
0x001c72f1	0x001d9720	DATA	0
0x001c72f6	0x001a5514	UNCONDITIONAL_CALL	0
0x001c72fd	0x001c7ba0	UNCONDITIONAL_JUMP	0
0x001c7304	0xStack[0x10]	READ	0
0x001c7308	0x001c73c0	CONDITIONAL_JUMP	0
0x001c7312	0xStack[-0x44]	DATA	0
0x001c7316	0x00101630	UNCONDITIONAL_CALL	0
0x001c731b	0x001c73db	UNCONDITIONAL_JUMP	0
0x001c7321	0x001f9228	READ	1
0x001c7327	0x0020193c	DATA	0
0x001c7328	0xStack[0x4]	READ	1
0x001c732c	0x001ce960	UNCONDITIONAL_CALL	0
0x001c7337	0x001d9764	DATA	0
0x001c733c	0x001a5514	UNCONDITIONAL_CALL	0
0x001c7343	0x001c7ba0	UNCONDITIONAL_JUMP	0
0x001c7349	0x001f9228	READ	1
0x001c734f	0x0020193c	DATA	0
0x001c7350	0xStack[0x4]	READ	1
0x001c7354	0x001ce960	UNCONDITIONAL_CALL	0
0x001c735f	0x001d9764	DATA	0
0x001c7364	0x001a5514	UNCONDITIONAL_CALL	0
0x001c736b	0x001c7ba0	UNCONDITIONAL_JUMP	0
0x001c7371	0x001f9228	READ	1
0x001c7377	0x0020193c	DATA	0
0x001c7378	0xStack[0x4]	READ	1
0x001c737c	0x001ce960	UNCONDITIONAL_CALL	0
0x001c7387	0x001d97b8	DATA	0
0x001c738c	0x001a5514	UNCONDITIONAL_CALL	0
0x001c7393	0x001c7ba0	UNCONDITIONAL_JUMP	0
0x001c7399	0x001f9228	READ	1
0x001c739f	0x0020193c	DATA	0
0x001c73a0	0xStack[0x4]	READ	1
0x001c73a4	0x001ce960	UNCONDITIONAL_CALL	0
0x001c73af	0x001d97b8	DATA	0
0x001c73b4	0x001a5514	UNCONDITIONAL_CALL	0
0x001c73bb	0x001c7ba0	UNCONDITIONAL_JUMP	0
0x001c73c4	0xStack[-0x44]	DATA	0
0x001c73c8	0x00101630	UNCONDITIONAL_CALL	0
0x001c73cd	0xStack[-0x24]	DATA	0
0x001c73d0	0xStack[0x10]	READ	1
0x001c73e0	0xStack[-0x50]	WRITE	0
0x001c73e4	0xStack[-0x4c]	WRITE	0
0x001c73e8	0xStack[-0x48]	WRITE	0
0x001c73ec	0xStack[0xc]	READ	1
0x001c73f2	0x001c73ff	CONDITIONAL_JUMP	0
0x001c73f4	0xStack[0x4]	READ	1
0x001c73fd	0x001c7428	CONDITIONAL_JUMP	0
0x001c7400	0x001f9228	READ	1
0x001c7405	0x0020193c	DATA	0
0x001c7406	0xStack[0x4]	READ	1
0x001c740a	0x001ce960	UNCONDITIONAL_CALL	0
0x001c7415	0x001d9738	DATA	0
0x001c741a	0x001a5514	UNCONDITIONAL_CALL	0
0x001c7421	0x001c7ba0	UNCONDITIONAL_JUMP	0
0x001c7428	0xStack[0x4]	READ	1
0x001c743a	0xStack[-0x58]	WRITE	0
0x001c7440	0x001c7446	CONDITIONAL_JUMP	0
0x001c7446	0xStack[-0x58]	READ	1
0x001c744d	0x001c7b7c	CONDITIONAL_JUMP	0
0x001c7453	0x001c75a0	COMPUTED_JUMP	-1
0x001c7453	0x001c7548	COMPUTED_JUMP	-1
0x001c7453	0x001c761c	COMPUTED_JUMP	-1
0x001c7453	0x001c7694	COMPUTED_JUMP	-1
0x001c7453	0x001c77a4	COMPUTED_JUMP	-1
0x001c7453	0x001c7810	COMPUTED_JUMP	-1
0x001c7453	0x001c7718	COMPUTED_JUMP	-1
0x001c7453	0x001c785c	COMPUTED_JUMP	-1
0x001c7453	0x001c78a8	COMPUTED_JUMP	-1
0x001c7453	0x001c78f4	COMPUTED_JUMP	-1
0x001c7453	0x001c7920	COMPUTED_JUMP	-1
0x001c7453	0x001c7950	COMPUTED_JUMP	-1
0x001c7453	0x001c7978	COMPUTED_JUMP	-1
0x001c7453	0x001c7998	COMPUTED_JUMP	-1
0x001c7453	0x001c7a18	COMPUTED_JUMP	-1
0x001c7453	0x001c7b7c	COMPUTED_JUMP	-1
0x001c7453	0x001c7a8a	COMPUTED_JUMP	-1
0x001c7453	0x001c7a44	COMPUTED_JUMP	-1
0x001c7453	0x001c7a50	COMPUTED_JUMP	-1
0x001c7453	0x001c7a5c	COMPUTED_JUMP	-1
0x001c7453	0x001c7a68	COMPUTED_JUMP	-1
0x001c7453	0x001c7a74	COMPUTED_JUMP	-1
0x001c7453	0x001c7a80	COMPUTED_JUMP	-1
0x001c7453	0x001c7a98	COMPUTED_JUMP	-1
0x001c7453	0x001c7ab4	COMPUTED_JUMP	-1
0x001c7453	0x001c7ae4	COMPUTED_JUMP	-1
0x001c7453	0x001c7b04	COMPUTED_JUMP	-1
0x001c7453	0x001c7b38	COMPUTED_JUMP	-1
0x001c7453	0x001c7b60	COMPUTED_JUMP	-1
0x001c7453	0x001c7568	COMPUTED_JUMP	-1
0x001c7453	0x001c757c	COMPUTED_JUMP	-1
0x001c7453	0x001c7680	COMPUTED_JUMP	-1
0x001c7453	0x001c7784	COMPUTED_JUMP	-1
0x001c7453	0x001c77f0	COMPUTED_JUMP	-1
0x001c7453	0x001c77d0	COMPUTED_JUMP	-1
0x001c7453	0x001c783c	COMPUTED_JUMP	-1
0x001c7453	0x001c7888	COMPUTED_JUMP	-1
0x001c7453	0x001c78d4	COMPUTED_JUMP	-1
0x001c7453	0x001c7558	COMPUTED_JUMP	-1
0x001c7453	0x001c75d8	COMPUTED_JUMP	-1
0x001c7453	0x001c76cc	COMPUTED_JUMP	-1
0x001c7453	0x001c79dc	COMPUTED_JUMP	-1
0x001c7453	0x001c79fc	COMPUTED_JUMP	-1
0x001c7453	0x001c7ad0	COMPUTED_JUMP	-1
0x001c7453	0x001c7b24	COMPUTED_JUMP	-1
0x001c7453	0x001c745c	DATA	0
0x001c745c	0x001c75a0	DATA	0
0x001c7460	0x001c7548	DATA	0
0x001c7464	0x001c761c	DATA	0
0x001c7468	0x001c7694	DATA	0
0x001c746c	0x001c77a4	DATA	0
0x001c7470	0x001c7810	DATA	0
0x001c7474	0x001c7718	DATA	0
0x001c7478	0x001c785c	DATA	0
0x001c747c	0x001c78a8	DATA	0
0x001c7480	0x001c78f4	DATA	0
0x001c7484	0x001c7920	DATA	0
0x001c7488	0x001c7950	DATA	0
0x001c748c	0x001c7978	DATA	0
0x001c7490	0x001c7998	DATA	0
0x001c7494	0x001c7a18	DATA	0
0x001c7498	0x001c7b7c	DATA	0
0x001c749c	0x001c7a8a	DATA	0
0x001c74a0	0x001c7a44	DATA	0
0x001c74a4	0x001c7a50	DATA	0
0x001c74a8	0x001c7a5c	DATA	0
0x001c74ac	0x001c7a68	DATA	0
0x001c74b0	0x001c7a74	DATA	0
0x001c74b4	0x001c7a80	DATA	0
0x001c74b8	0x001c7a98	DATA	0
0x001c74bc	0x001c7ab4	DATA	0
0x001c74c0	0x001c7ae4	DATA	0
0x001c74c4	0x001c7b04	DATA	0
0x001c74c8	0x001c7b38	DATA	0
0x001c74cc	0x001c7b60	DATA	0
0x001c74d0	0x001c7b7c	DATA	0
0x001c74d4	0x001c7b7c	DATA	0
0x001c74d8	0x001c7b7c	DATA	0
0x001c74dc	0x001c7568	DATA	0
0x001c74e0	0x001c7568	DATA	0
0x001c74e4	0x001c757c	DATA	0
0x001c74e8	0x001c7680	DATA	0
0x001c74ec	0x001c7784	DATA	0
0x001c74f0	0x001c77f0	DATA	0
0x001c74f4	0x001c77d0	DATA	0
0x001c74f8	0x001c783c	DATA	0
0x001c74fc	0x001c7888	DATA	0
0x001c7500	0x001c78d4	DATA	0
0x001c7504	0x001c7558	DATA	0
0x001c7508	0x001c75d8	DATA	0
0x001c750c	0x001c76cc	DATA	0
0x001c7510	0x001c7b7c	DATA	0
0x001c7514	0x001c79dc	DATA	0
0x001c7518	0x001c79fc	DATA	0
0x001c751c	0x001c7b7c	DATA	0
0x001c7520	0x001c7b7c	DATA	0
0x001c7524	0x001c7b7c	DATA	0
0x001c7528	0x001c7b7c	DATA	0
0x001c752c	0x001c7b7c	DATA	0
0x001c7530	0x001c7b7c	DATA	0
0x001c7534	0x001c7b7c	DATA	0
0x001c7538	0x001c7b7c	DATA	0
0x001c753c	0x001c7ad0	DATA	0
0x001c7540	0x001c7b7c	DATA	0
0x001c7544	0x001c7b24	DATA	0
0x001c7548	0xStack[0x4]	READ	1
0x001c7552	0x001c73f0	UNCONDITIONAL_JUMP	0
0x001c7559	0x001a54a8	UNCONDITIONAL_CALL	0
0x001c7561	0x001c73f0	UNCONDITIONAL_JUMP	0
0x001c7574	0x001c73f0	UNCONDITIONAL_JUMP	0
0x001c757c	0xStack[0x4]	READ	1
0x001c7585	0x001c7320	CONDITIONAL_JUMP	0
0x001c7599	0x001c7674	UNCONDITIONAL_JUMP	0
0x001c75ac	0xStack[0x4]	READ	1
0x001c75b5	0x001c7348	CONDITIONAL_JUMP	0
0x001c75d0	0x001c73f0	UNCONDITIONAL_JUMP	0
0x001c75d8	0xStack[0x4]	READ	1
0x001c75e3	0x001c75ed	CONDITIONAL_JUMP	0
0x001c75eb	0x001c766c	CONDITIONAL_JUMP	0
0x001c75ef	0xStack[-0x54]	WRITE	0
0x001c75f3	0x001f9228	READ	1
0x001c75f9	0x0020193c	DATA	0
0x001c75fa	0xStack[0x4]	READ	1
0x001c75fe	0x001ce960	UNCONDITIONAL_CALL	0
0x001c7609	0x001d9790	DATA	0
0x001c760e	0x001a5514	UNCONDITIONAL_CALL	0
0x001c7615	0x001c7ba0	UNCONDITIONAL_JUMP	0
0x001c7628	0xStack[0x4]	READ	1
0x001c7633	0x001c763d	CONDITIONAL_JUMP	0
0x001c763b	0x001c766c	CONDITIONAL_JUMP	0
0x001c763f	0xStack[-0x54]	WRITE	0
0x001c7643	0x001f9228	READ	1
0x001c7649	0x0020193c	DATA	0
0x001c764a	0xStack[0x4]	READ	1
0x001c764e	0x001ce960	UNCONDITIONAL_CALL	0
0x001c7659	0x001d9790	DATA	0
0x001c765e	0x001a5514	UNCONDITIONAL_CALL	0
0x001c7665	0x001c7ba0	UNCONDITIONAL_JUMP	0
0x001c767b	0x001c73f0	UNCONDITIONAL_JUMP	0
0x001c7680	0xStack[0x4]	READ	1
0x001c7689	0x001c7370	CONDITIONAL_JUMP	0
0x001c768f	0x001c76af	UNCONDITIONAL_JUMP	0
0x001c76a0	0xStack[0x4]	READ	1
0x001c76a9	0x001c7398	CONDITIONAL_JUMP	0
0x001c76c4	0x001c73f0	UNCONDITIONAL_JUMP	0
0x001c76cc	0xStack[0x4]	READ	1
0x001c76d7	0x001c76ec	CONDITIONAL_JUMP	0
0x001c76e6	0x001c7770	CONDITIONAL_JUMP	0
0x001c76ee	0xStack[-0x54]	WRITE	0
0x001c76f2	0x001f9228	READ	1
0x001c76f7	0x0020193c	DATA	0
0x001c76f8	0xStack[0x4]	READ	1
0x001c76fc	0x001ce960	UNCONDITIONAL_CALL	0
0x001c7707	0x001d9790	DATA	0
0x001c770c	0x001a5514	UNCONDITIONAL_CALL	0
0x001c7713	0x001c7ba0	UNCONDITIONAL_JUMP	0
0x001c7724	0xStack[0x4]	READ	1
0x001c772f	0x001c7740	CONDITIONAL_JUMP	0
0x001c773e	0x001c7770	CONDITIONAL_JUMP	0
0x001c7742	0xStack[-0x54]	WRITE	0
0x001c7746	0x001f9228	READ	1
0x001c774c	0x0020193c	DATA	0
0x001c774d	0xStack[0x4]	READ	1
0x001c7751	0x001ce960	UNCONDITIONAL_CALL	0
0x001c775c	0x001d9790	DATA	0
0x001c7761	0x001a5514	UNCONDITIONAL_CALL	0
0x001c7768	0x001c7ba0	UNCONDITIONAL_JUMP	0
0x001c777f	0x001c73f0	UNCONDITIONAL_JUMP	0
0x001c779e	0x001c73f0	UNCONDITIONAL_JUMP	0
0x001c77c8	0x001c73f0	UNCONDITIONAL_JUMP	0
0x001c77ea	0x001c73f0	UNCONDITIONAL_JUMP	0
0x001c780a	0x001c73f0	UNCONDITIONAL_JUMP	0
0x001c7834	0x001c73f0	UNCONDITIONAL_JUMP	0
0x001c7856	0x001c73f0	UNCONDITIONAL_JUMP	0
0x001c7880	0x001c73f0	UNCONDITIONAL_JUMP	0
0x001c78a2	0x001c73f0	UNCONDITIONAL_JUMP	0
0x001c78cc	0x001c73f0	UNCONDITIONAL_JUMP	0
0x001c78ee	0x001c73f0	UNCONDITIONAL_JUMP	0
0x001c7918	0x001c73f0	UNCONDITIONAL_JUMP	0
0x001c7928	0xStack[-0x58]	WRITE	0
0x001c7941	0xStack[-0x58]	READ	1
0x001c7948	0x001c73f0	UNCONDITIONAL_JUMP	0
0x001c7972	0x001c73f0	UNCONDITIONAL_JUMP	0
0x001c7990	0x001c73f0	UNCONDITIONAL_JUMP	0
0x001c7998	0xStack[-0x50]	WRITE	0
0x001c799c	0xStack[-0x4c]	WRITE	0
0x001c79a0	0xStack[-0x48]	WRITE	0
0x001c79b2	0x001c79c0	CONDITIONAL_JUMP	0
0x001c79b4	0xStack[-0x48]	WRITE	0
0x001c79b8	0x001c73f0	UNCONDITIONAL_JUMP	0
0x001c79c2	0x001c79d0	CONDITIONAL_JUMP	0
0x001c79c4	0xStack[-0x4c]	WRITE	0
0x001c79c8	0x001c73f0	UNCONDITIONAL_JUMP	0
0x001c79d0	0xStack[-0x50]	WRITE	0
0x001c79d4	0x001c73f0	UNCONDITIONAL_JUMP	0
0x001c79dc	0xStack[-0x50]	WRITE	0
0x001c79e0	0xStack[-0x4c]	WRITE	0
0x001c79e4	0xStack[-0x48]	WRITE	0
0x001c79f8	0x001c79b0	UNCONDITIONAL_JUMP	0
0x001c79fc	0xStack[-0x50]	WRITE	0
0x001c7a00	0xStack[-0x4c]	WRITE	0
0x001c7a04	0xStack[-0x48]	WRITE	0
0x001c7a14	0x001c79b0	UNCONDITIONAL_JUMP	0
0x001c7a18	0xStack[-0x50]	WRITE	0
0x001c7a1c	0xStack[-0x4c]	WRITE	0
0x001c7a20	0xStack[-0x48]	WRITE	0
0x001c7a3c	0x001c79b0	UNCONDITIONAL_JUMP	0
0x001c7a44	0xStack[-0x4c]	READ	0
0x001c7a48	0x001c73f0	CONDITIONAL_JUMP	0
0x001c7a4e	0x001c7a8a	UNCONDITIONAL_JUMP	0
0x001c7a50	0xStack[-0x50]	READ	0
0x001c7a54	0x001c73f0	CONDITIONAL_JUMP	0
0x001c7a5a	0x001c7a8a	UNCONDITIONAL_JUMP	0
0x001c7a5c	0xStack[-0x48]	READ	0
0x001c7a60	0x001c73f0	CONDITIONAL_JUMP	0
0x001c7a66	0x001c7a8a	UNCONDITIONAL_JUMP	0
0x001c7a68	0xStack[-0x4c]	READ	0
0x001c7a6c	0x001c73f0	CONDITIONAL_JUMP	0
0x001c7a72	0x001c7a8a	UNCONDITIONAL_JUMP	0
0x001c7a74	0xStack[-0x50]	READ	0
0x001c7a78	0x001c73f0	CONDITIONAL_JUMP	0
0x001c7a7e	0x001c7a8a	UNCONDITIONAL_JUMP	0
0x001c7a80	0xStack[-0x48]	READ	0
0x001c7a84	0x001c73f0	CONDITIONAL_JUMP	0
0x001c7a92	0x001c73f0	UNCONDITIONAL_JUMP	0
0x001c7aaf	0x001c73f0	UNCONDITIONAL_JUMP	0
0x001c7ac3	0x001e873c	READ_WRITE	0
0x001c7aca	0x001c73f0	UNCONDITIONAL_JUMP	0
0x001c7ad7	0x001e873c	READ_WRITE	0
0x001c7ade	0x001c73f0	UNCONDITIONAL_JUMP	0
0x001c7afc	0x001c73f0	UNCONDITIONAL_JUMP	0
0x001c7b15	0x001e8740	READ_WRITE	0
0x001c7b1c	0x001c73f0	UNCONDITIONAL_JUMP	0
0x001c7b2a	0x001e8740	READ_WRITE	0
0x001c7b31	0x001c73f0	UNCONDITIONAL_JUMP	0
0x001c7b38	0xStack[-0x24]	DATA	0
0x001c7b42	0xStack[-0x54]	WRITE	0
0x001c7b46	0x001f9578	READ	1
0x001c7b4c	0x00207174	DATA	0
0x001c7b4d	0xStack[0x4]	READ	1
0x001c7b51	0x001ce960	UNCONDITIONAL_CALL	0
0x001c7b59	0x001c73f0	UNCONDITIONAL_JUMP	0
0x001c7b60	0xStack[0x10]	READ	0
0x001c7b64	0x001c7b74	CONDITIONAL_JUMP	0
0x001c7b66	0xStack[0x10]	READ	1
0x001c7b69	0xStack[-0x24]	DATA	0
0x001c7b74	0xStack[0x4]	READ	1
0x001c7b77	0x001c7ba0	UNCONDITIONAL_JUMP	0
0x001c7b7e	0x001f9228	READ	1
0x001c7b84	0x0020193c	DATA	0
0x001c7b85	0xStack[0x4]	READ	1
0x001c7b89	0x001ce960	UNCONDITIONAL_CALL	0
0x001c7b94	0x001d97e4	DATA	0
0x001c7b99	0x001a5514	UNCONDITIONAL_CALL	0
0x001c7ba0	0xStack[-0x64]	DATA	0
0x001c7bb8	0x001f9cdc	READ	1
0x001c7bbe	0x0020245c	DATA	0
0x001c7bbf	0x001f9378	READ	1
0x001c7bc5	0x0020220c	DATA	0
0x001c7bc6	0xStack[0x4]	READ	1
0x001c7bca	0x001ce960	UNCONDITIONAL_CALL	0
0x001c7bd3	0x001ce960	UNCONDITIONAL_CALL	0
0x001c7bd8	0xStack[-0x108]	WRITE	0
0x001c7be3	0x001c7f01	CONDITIONAL_JUMP	0
0x001c7be9	0x001d90e8	DATA	0
0x001c7bee	0x001f9308	READ	1
0x001c7bf4	0x00202480	DATA	0
0x001c7bf5	0xStack[-0x108]	READ	1
0x001c7bfc	0x001ce960	UNCONDITIONAL_CALL	0
0x001c7c01	0xStack[-0x118]	WRITE	0
0x001c7c07	0xStack[-0x118]	READ	1
0x001c7c12	0x001d9104	DATA	1
0x001c7c1d	0x001d9104	READ	0
0x001c7c1d	0x001d9105	READ	0
0x001c7c29	0x001c7c6a	CONDITIONAL_JUMP	0
0x001c7c2d	0x001d9104	DATA	0
0x001c7c33	0x00101efc	UNCONDITIONAL_CALL	0
0x001c7c3d	0x001c7c64	CONDITIONAL_JUMP	0
0x001c7c41	0x001c7c4f	UNCONDITIONAL_JUMP	0
0x001c7c47	0x001c7c4e	CONDITIONAL_JUMP	0
0x001c7c4c	0x001c7c56	CONDITIONAL_JUMP	0
0x001c7c54	0x001c7c44	CONDITIONAL_JUMP	0
0x001c7c5a	0x001c7c5e	CONDITIONAL_JUMP	0
0x001c7c60	0x001c7c6c	UNCONDITIONAL_JUMP	0
0x001c7c68	0x001c7c2c	CONDITIONAL_JUMP	0
0x001c7c6e	0x001c7f01	CONDITIONAL_JUMP	0
0x001c7c79	0x001beb58	UNCONDITIONAL_CALL	0
0x001c7c7e	0xStack[-0x10c]	WRITE	0
0x001c7c84	0xStack[-0x118]	READ	1
0x001c7c8f	0x001d910c	DATA	1
0x001c7c9a	0x001d910c	READ	0
0x001c7c9a	0x001d910d	READ	0
0x001c7ca6	0x001c7ce6	CONDITIONAL_JUMP	0
0x001c7ca9	0x001d910c	DATA	0
0x001c7caf	0x00101efc	UNCONDITIONAL_CALL	0
0x001c7cb9	0x001c7ce0	CONDITIONAL_JUMP	0
0x001c7cbd	0x001c7ccb	UNCONDITIONAL_JUMP	0
0x001c7cc3	0x001c7cca	CONDITIONAL_JUMP	0
0x001c7cc8	0x001c7cd2	CONDITIONAL_JUMP	0
0x001c7cd0	0x001c7cc0	CONDITIONAL_JUMP	0
0x001c7cd6	0x001c7cda	CONDITIONAL_JUMP	0
0x001c7cdc	0x001c7ce8	UNCONDITIONAL_JUMP	0
0x001c7ce4	0x001c7ca8	CONDITIONAL_JUMP	0
0x001c7cea	0x001c7f01	CONDITIONAL_JUMP	0
0x001c7cf5	0x001beb58	UNCONDITIONAL_CALL	0
0x001c7cfa	0xStack[-0x110]	WRITE	0
0x001c7d00	0xStack[-0x118]	READ	1
0x001c7d0b	0x001d9114	DATA	1
0x001c7d16	0x001d9114	READ	0
0x001c7d16	0x001d9115	READ	0
0x001c7d22	0x001c7d62	CONDITIONAL_JUMP	0
0x001c7d25	0x001d9114	DATA	0
0x001c7d2b	0x00101efc	UNCONDITIONAL_CALL	0
0x001c7d35	0x001c7d5c	CONDITIONAL_JUMP	0
0x001c7d39	0x001c7d47	UNCONDITIONAL_JUMP	0
0x001c7d3f	0x001c7d46	CONDITIONAL_JUMP	0
0x001c7d44	0x001c7d4e	CONDITIONAL_JUMP	0
0x001c7d4c	0x001c7d3c	CONDITIONAL_JUMP	0
0x001c7d52	0x001c7d56	CONDITIONAL_JUMP	0
0x001c7d58	0x001c7d64	UNCONDITIONAL_JUMP	0
0x001c7d60	0x001c7d24	CONDITIONAL_JUMP	0
0x001c7d66	0x001c7f01	CONDITIONAL_JUMP	0
0x001c7d71	0x001beb58	UNCONDITIONAL_CALL	0
0x001c7d76	0xStack[-0x114]	WRITE	0
0x001c7d7c	0xStack[-0x118]	READ	1
0x001c7d87	0x001d9120	DATA	1
0x001c7d92	0x001d9120	READ	0
0x001c7d92	0x001d9121	READ	0
0x001c7d9e	0x001c7dde	CONDITIONAL_JUMP	0
0x001c7da1	0x001d9120	DATA	0
0x001c7da7	0x00101efc	UNCONDITIONAL_CALL	0
0x001c7db1	0x001c7dd8	CONDITIONAL_JUMP	0
0x001c7db5	0x001c7dc3	UNCONDITIONAL_JUMP	0
0x001c7dbb	0x001c7dc2	CONDITIONAL_JUMP	0
0x001c7dc0	0x001c7dca	CONDITIONAL_JUMP	0
0x001c7dc8	0x001c7db8	CONDITIONAL_JUMP	0
0x001c7dce	0x001c7dd2	CONDITIONAL_JUMP	0
0x001c7dd4	0x001c7de0	UNCONDITIONAL_JUMP	0
0x001c7ddc	0x001c7da0	CONDITIONAL_JUMP	0
0x001c7de2	0x001c7f01	CONDITIONAL_JUMP	0
0x001c7dea	0x001d912c	DATA	0
0x001c7df0	0x00101efc	UNCONDITIONAL_CALL	0
0x001c7dfa	0x001c7e04	CONDITIONAL_JUMP	0
0x001c7dfc	0x001d912c	DATA	1
0x001c7e01	0x001c7e75	UNCONDITIONAL_JUMP	0
0x001c7e06	0x001d9134	DATA	0
0x001c7e0c	0x00101efc	UNCONDITIONAL_CALL	0
0x001c7e16	0x001c7e20	CONDITIONAL_JUMP	0
0x001c7e18	0x001d9134	DATA	1
0x001c7e1d	0x001c7e75	UNCONDITIONAL_JUMP	0
0x001c7e22	0x001d9148	DATA	0
0x001c7e28	0x00101efc	UNCONDITIONAL_CALL	0
0x001c7e32	0x001c7e3c	CONDITIONAL_JUMP	0
0x001c7e34	0x001d9148	DATA	1
0x001c7e39	0x001c7e75	UNCONDITIONAL_JUMP	0
0x001c7e3e	0x001d9154	DATA	0
0x001c7e44	0x00101efc	UNCONDITIONAL_CALL	0
0x001c7e4e	0x001c7e58	CONDITIONAL_JUMP	0
0x001c7e50	0x001d9154	DATA	1
0x001c7e55	0x001c7e75	UNCONDITIONAL_JUMP	0
0x001c7e5a	0x001d9160	DATA	0
0x001c7e60	0x00101efc	UNCONDITIONAL_CALL	0
0x001c7e6a	0x001c7f01	CONDITIONAL_JUMP	0
0x001c7e70	0x001d9160	DATA	1
0x001c7e75	0xStack[-0x114]	READ	1
0x001c7e7c	0x001d912c	DATA	0
0x001c7e7c	0x001d9134	DATA	0
0x001c7e7c	0x001d9148	DATA	0
0x001c7e7c	0x001d9154	DATA	0
0x001c7e7c	0x001d9160	DATA	0
0x001c7e7d	0xStack[-0x110]	READ	1
0x001c7e84	0xStack[-0x10c]	READ	1
0x001c7e8b	0x001d9854	DATA	0
0x001c7e90	0xStack[-0x104]	DATA	0
0x001c7e97	0x0010c188	UNCONDITIONAL_CALL	0
0x001c7e9f	0xStack[0x4]	READ	1
0x001c7ea9	0x001c7ecd	CONDITIONAL_JUMP	0
0x001c7eac	0x001f9228	READ	1
0x001c7eb2	0x0020193c	DATA	0
0x001c7eb3	0xStack[0x4]	READ	1
0x001c7eb7	0x001ce960	UNCONDITIONAL_CALL	0
0x001c7ec0	0x001d9868	DATA	0
0x001c7ec5	0x001a5514	UNCONDITIONAL_CALL	0
0x001c7ece	0x001f9308	READ	1
0x001c7ed4	0x00202480	DATA	0
0x001c7ed5	0xStack[-0x108]	READ	1
0x001c7edc	0x001ce960	UNCONDITIONAL_CALL	0
0x001c7ee8	0x001c7f01	CONDITIONAL_JUMP	0
0x001c7efa	0xStack[0x10]	READ	1
0x001c7eff	0x001c7f08	CONDITIONAL_JUMP	0
0x001c7f03	0x001c7f48	UNCONDITIONAL_JUMP	0
0x001c7f08	0xStack[0x4]	READ	1
0x001c7f12	0x001c7f36	CONDITIONAL_JUMP	0
0x001c7f15	0x001f9228	READ	1
0x001c7f1b	0x0020193c	DATA	0
0x001c7f1c	0xStack[0x4]	READ	1
0x001c7f20	0x001ce960	UNCONDITIONAL_CALL	0
0x001c7f29	0x001d9888	DATA	0
0x001c7f2e	0x001a5514	UNCONDITIONAL_CALL	0
0x001c7f36	0xStack[0x10]	READ	1
0x001c7f3c	0xStack[0xc]	READ	1
0x001c7f40	0x00101b48	UNCONDITIONAL_CALL	0
0x001c7f45	0xStack[0x4]	READ	1
0x001c7f48	0xStack[-0x124]	DATA	0
0x001c7f5f	0xStack[0x4]	READ	1
0x001c7f69	0x001c7f86	CONDITIONAL_JUMP	0
0x001c7f6b	0x001f9228	READ	1
0x001c7f71	0x0020193c	DATA	0
0x001c7f73	0x001ce960	UNCONDITIONAL_CALL	0
0x001c7f79	0x001d9538	DATA	0
0x001c7f7e	0x001a5514	UNCONDITIONAL_CALL	0
0x001c7f8a	0x001f9590	READ	1
0x001c7f90	0x00207160	DATA	0
0x001c7f92	0x001ce960	UNCONDITIONAL_CALL	0
0x001c7f9c	0x001c7fbc	CONDITIONAL_JUMP	0
0x001c7f9e	0x001f9228	READ	1
0x001c7fa4	0x0020193c	DATA	0
0x001c7fa6	0x001ce960	UNCONDITIONAL_CALL	0
0x001c7fac	0x001d9558	DATA	0
0x001c7fb1	0x001a5514	UNCONDITIONAL_CALL	0
0x001c7fb6	0x001c8048	UNCONDITIONAL_JUMP	0
0x001c7fbc	0x001f9588	READ	1
0x001c7fc2	0x00207190	DATA	0
0x001c7fc4	0x001ce960	UNCONDITIONAL_CALL	0
0x001c7fd3	0x001c7ffa	CONDITIONAL_JUMP	0
0x001c7fdc	0x001f9228	READ	1
0x001c7fe2	0x0020193c	DATA	0
0x001c7fe4	0x001ce960	UNCONDITIONAL_CALL	0
0x001c7fed	0x001d9578	DATA	0
0x001c7ff2	0x001a5514	UNCONDITIONAL_CALL	0
0x001c8000	0xStack[-0x24]	WRITE	0
0x001c8009	0xStack[-0x20]	WRITE	0
0x001c800c	0xStack[-0x24]	DATA	0
0x001c8012	0x001f9590	READ	1
0x001c8018	0x00207160	DATA	0
0x001c801a	0x001ce960	UNCONDITIONAL_CALL	0
0x001c8024	0x001c8048	CONDITIONAL_JUMP	0
0x001c8026	0x001f9610	READ	1
0x001c802c	0x00204aa8	DATA	0
0x001c802e	0x001ce960	UNCONDITIONAL_CALL	0
0x001c8043	0x00101630	UNCONDITIONAL_CALL	0
0x001c8048	0xStack[-0x28]	READ	1
0x001c8057	0xStack[0x4]	READ	1
0x001c8061	0x001c807e	CONDITIONAL_JUMP	0
0x001c8063	0x001f9228	READ	1
0x001c8069	0x0020193c	DATA	0
0x001c806b	0x001ce960	UNCONDITIONAL_CALL	0
0x001c8071	0x001d95a4	DATA	0
0x001c8076	0x001a5514	UNCONDITIONAL_CALL	0
0x001c8082	0x001f9590	READ	1
0x001c8088	0x00207160	DATA	0
0x001c808a	0x001ce960	UNCONDITIONAL_CALL	0
0x001c8094	0x001c80b2	CONDITIONAL_JUMP	0
0x001c8096	0x001f94a8	READ	1
0x001c809c	0x00202c84	DATA	0
0x001c809d	0xStack[-0xc]	WRITE	0
0x001c80a0	0x001fa658	READ	1
0x001c80a6	0x001fedae	DATA	1
0x001c80a6	0xStack[-0x8]	WRITE	0
0x001c80a9	0xStack[-0xc]	DATA	0
0x001c80ad	0x001cea70	UNCONDITIONAL_CALL	0
0x001c80b2	0xStack[-0x10]	READ	1
0x001c80c0	0xStack[0x4]	READ	1
0x001c80c3	0xStack[0xc]	READ	1
0x001c80c9	0x001c80dc	CONDITIONAL_JUMP	0
0x001c80cc	0x001d95c4	DATA	0
0x001c80d1	0x001a5514	UNCONDITIONAL_CALL	0
0x001c80d8	0x001c80f1	UNCONDITIONAL_JUMP	0
0x001c80e2	0x001f9588	READ	1
0x001c80e8	0x00207190	DATA	0
0x001c80ea	0x001ce960	UNCONDITIONAL_CALL	0
0x001c80f1	0xStack[-0x8]	READ	1
0x001c8101	0xStack[0x4]	READ	1
0x001c810c	0x001c8121	CONDITIONAL_JUMP	0
0x001c8119	0x001a5458	UNCONDITIONAL_CALL	0
0x001c8121	0xStack[0x10]	READ	1
0x001c812e	0x001a5448	UNCONDITIONAL_CALL	0
0x001c814c	0x001f9610	READ	1
0x001c8152	0x00204aa8	DATA	0
0x001c8154	0x001ce960	UNCONDITIONAL_CALL	0
0x001c8162	0x001c816c	CONDITIONAL_JUMP	0
0x001c8167	0x001c81e8	CONDITIONAL_JUMP	0
0x001c8169	0x001c81a8	UNCONDITIONAL_JUMP	0
0x001c816e	0xStack[0x10]	READ	0
0x001c8171	0x001c8202	CONDITIONAL_JUMP	0
0x001c817e	0xStack[-0x8]	WRITE	0
0x001c818d	0xStack[0xc]	READ	1
0x001c8199	0xStack[-0x8]	READ	1
0x001c81a0	0xStack[0x10]	READ	0
0x001c81a3	0x001c8178	CONDITIONAL_JUMP	0
0x001c81a5	0x001c8202	UNCONDITIONAL_JUMP	0
0x001c81aa	0xStack[0x10]	READ	0
0x001c81ad	0x001c8202	CONDITIONAL_JUMP	0
0x001c81af	0xStack[0xc]	READ	1
0x001c81de	0xStack[0x10]	READ	0
0x001c81e1	0x001c81b4	CONDITIONAL_JUMP	0
0x001c81e3	0x001c8202	UNCONDITIONAL_JUMP	0
0x001c81f0	0x001a5458	UNCONDITIONAL_CALL	0
0x001c8202	0x001f9588	READ	1
0x001c8208	0x00207190	DATA	0
0x001c820a	0x001ce960	UNCONDITIONAL_CALL	0
0x001c8211	0xStack[-0x14]	DATA	0
0x001c8222	0xStack[0xc]	READ	1
0x001c8225	0x001f9610	READ	1
0x001c822b	0x00204aa8	DATA	0
0x001c822c	0xStack[0x4]	READ	1
0x001c8230	0x001ce960	UNCONDITIONAL_CALL	0
0x001c823e	0x001c8372	CONDITIONAL_JUMP	0
0x001c8244	0x001c8260	COMPUTED_JUMP	-1
0x001c8244	0x001c8324	COMPUTED_JUMP	-1
0x001c8244	0x001c82a4	COMPUTED_JUMP	-1
0x001c8244	0x001c82e4	COMPUTED_JUMP	-1
0x001c8244	0x001c824c	DATA	0
0x001c824c	0x001c8260	DATA	0
0x001c8250	0x001c8324	DATA	0
0x001c8254	0x001c82a4	DATA	0
0x001c8258	0x001c82e4	DATA	0
0x001c825c	0x001c8324	DATA	0
0x001c8264	0x001e5420	READ	1
0x001c8264	0x001e5421	READ	1
0x001c826b	0xStack[0x4]	READ	1
0x001c8295	0x001c828c	CONDITIONAL_JUMP	0
0x001c829b	0x001c8264	CONDITIONAL_JUMP	0
0x001c829d	0x001c835a	UNCONDITIONAL_JUMP	0
0x001c82a8	0x001e5424	READ	1
0x001c82a8	0x001e5425	READ	1
0x001c82af	0xStack[0x4]	READ	1
0x001c82d9	0x001c82d0	CONDITIONAL_JUMP	0
0x001c82df	0x001c82a8	CONDITIONAL_JUMP	0
0x001c82e1	0x001c835a	UNCONDITIONAL_JUMP	0
0x001c82e8	0x001e5434	READ	1
0x001c82e8	0x001e5435	READ	1
0x001c82ef	0xStack[0x4]	READ	1
0x001c8319	0x001c8310	CONDITIONAL_JUMP	0
0x001c831f	0x001c82e8	CONDITIONAL_JUMP	0
0x001c8321	0x001c835a	UNCONDITIONAL_JUMP	0
0x001c8328	0x001d637c	READ	1
0x001c8328	0x001d637d	READ	1
0x001c832f	0xStack[0x4]	READ	1
0x001c8358	0x001c8328	CONDITIONAL_JUMP	0
0x001c835e	0x001f9590	READ	1
0x001c8364	0x00207160	DATA	0
0x001c8365	0xStack[0x4]	READ	1
0x001c8369	0x001ce960	UNCONDITIONAL_CALL	0
0x001c8370	0x001c8378	CONDITIONAL_JUMP	0
0x001c8372	0xStack[0x4]	READ	1
0x001c8375	0x001c837a	UNCONDITIONAL_JUMP	0
0x001c837a	0xStack[-0x10]	DATA	0
0x001c838d	0xStack[0x4]	READ	1
0x001c8390	0xStack[0xc]	READ	1
0x001c8394	0x001f9560	READ	1
0x001c839a	0x00203260	DATA	0
0x001c839b	0xStack[-0xc]	WRITE	0
0x001c839e	0x001fa658	READ	1
0x001c83a4	0x001fedae	DATA	1
0x001c83a4	0xStack[-0x8]	WRITE	0
0x001c83a7	0xStack[-0xc]	DATA	0
0x001c83ab	0x001cea70	UNCONDITIONAL_CALL	0
0x001c83b5	0x001c83d8	CONDITIONAL_JUMP	0
0x001c83b7	0x001f921c	READ	1
0x001c83bd	0x00201920	DATA	0
0x001c83be	0xStack[-0xc]	WRITE	0
0x001c83c1	0x001fa658	READ	1
0x001c83c7	0x001fedae	DATA	1
0x001c83c7	0xStack[-0x8]	WRITE	0
0x001c83cb	0x001cea70	UNCONDITIONAL_CALL	0
0x001c83d0	0x001c84d2	UNCONDITIONAL_JUMP	0
0x001c83df	0x001f9580	READ	1
0x001c83e5	0x00203bb4	DATA	0
0x001c83e7	0x001ce960	UNCONDITIONAL_CALL	0
0x001c83f1	0x001c842c	CONDITIONAL_JUMP	0
0x001c83f3	0x001f9228	READ	1
0x001c83f9	0x0020193c	DATA	0
0x001c83fb	0x001ce960	UNCONDITIONAL_CALL	0
0x001c8401	0x001d96c8	DATA	0
0x001c8406	0x001a5514	UNCONDITIONAL_CALL	0
0x001c840b	0x001f921c	READ	1
0x001c8411	0x00201920	DATA	0
0x001c8412	0xStack[-0xc]	WRITE	0
0x001c8415	0x001fa658	READ	1
0x001c841b	0x001fedae	DATA	1
0x001c841b	0xStack[-0x8]	WRITE	0
0x001c841f	0x001cea70	UNCONDITIONAL_CALL	0
0x001c8424	0x001c84d2	UNCONDITIONAL_JUMP	0
0x001c846f	0x001f9610	READ	1
0x001c8475	0x00204aa8	DATA	0
0x001c8477	0x001ce960	UNCONDITIONAL_CALL	0
0x001c8482	0x001f957c	READ	1
0x001c8488	0x00206e38	DATA	0
0x001c848a	0x001ce960	UNCONDITIONAL_CALL	0
0x001c8497	0x001c84a8	CONDITIONAL_JUMP	0
0x001c8499	0x001f921c	READ	1
0x001c849f	0x00201920	DATA	0
0x001c84a1	0x001ce960	UNCONDITIONAL_CALL	0
0x001c84a6	0x001c84d2	UNCONDITIONAL_JUMP	0
0x001c84af	0x001c84d0	CONDITIONAL_JUMP	0
0x001c84b8	0x001d96e4	DATA	0
0x001c84bd	0x001a5514	UNCONDITIONAL_CALL	0
0x001c84c6	0x001d9700	DATA	0
0x001c84cb	0x001a5514	UNCONDITIONAL_CALL	0
0x001c84d2	0xStack[-0x18]	DATA	0
0x001c84e5	0xStack[0x4]	READ	1
0x001c84e8	0xStack[0xc]	READ	1
0x001c84eb	0xStack[0x10]	READ	1
0x001c84f6	0x001c8502	CONDITIONAL_JUMP	0
0x001c8500	0x001c8524	CONDITIONAL_JUMP	0
0x001c8502	0x001f9228	READ	1
0x001c8508	0x0020193c	DATA	0
0x001c850a	0x001ce960	UNCONDITIONAL_CALL	0
0x001c8510	0x001d9720	DATA	0
0x001c8515	0x001a5514	UNCONDITIONAL_CALL	0
0x001c851c	0x001c85a8	UNCONDITIONAL_JUMP	0
0x001c8526	0x001c8548	CONDITIONAL_JUMP	0
0x001c8529	0x001f9228	READ	1
0x001c852f	0x0020193c	DATA	0
0x001c8531	0x001ce960	UNCONDITIONAL_CALL	0
0x001c853a	0x001d9810	DATA	0
0x001c853f	0x001a5514	UNCONDITIONAL_CALL	0
0x001c8546	0x001c85a8	UNCONDITIONAL_JUMP	0
0x001c854d	0x001c8554	CONDITIONAL_JUMP	0
0x001c8551	0x001c85a8	UNCONDITIONAL_JUMP	0
0x001c855b	0x001c857c	CONDITIONAL_JUMP	0
0x001c855e	0x001f9228	READ	1
0x001c8564	0x0020193c	DATA	0
0x001c8566	0x001ce960	UNCONDITIONAL_CALL	0
0x001c856f	0x001d9838	DATA	0
0x001c8574	0x001a5514	UNCONDITIONAL_CALL	0
0x001c857e	0x001c8590	CONDITIONAL_JUMP	0
0x001c8584	0xStack[-0x24]	DATA	0
0x001c8588	0x00101630	UNCONDITIONAL_CALL	0
0x001c859b	0x001f9578	READ	1
0x001c85a1	0x00207174	DATA	0
0x001c85a3	0x001ce960	UNCONDITIONAL_CALL	0
0x001c85a8	0xStack[-0x30]	DATA	0
0x001c85bd	0xStack[0x10]	READ	1
0x001c85c0	0xStack[0x4]	READ	1
0x001c85ca	0x001c85ee	CONDITIONAL_JUMP	0
0x001c85cd	0x001f9228	READ	1
0x001c85d3	0x0020193c	DATA	0
0x001c85d4	0xStack[0x4]	READ	1
0x001c85d8	0x001ce960	UNCONDITIONAL_CALL	0
0x001c85e1	0x001d98a8	DATA	0
0x001c85e6	0x001a5514	UNCONDITIONAL_CALL	0
0x001c85f0	0x001d98c8	DATA	1
0x001c85fd	0x001d98c8	READ	0
0x001c85fd	0x001d98c9	READ	0
0x001c85ff	0x001c8628	CONDITIONAL_JUMP	0
0x001c8601	0xStack[0x14]	READ	1
0x001c8605	0xStack[0xc]	READ	1
0x001c8609	0x001f9574	READ	1
0x001c860f	0x00207144	DATA	0
0x001c8610	0xStack[0x4]	READ	1
0x001c8614	0x001ce960	UNCONDITIONAL_CALL	0
0x001c861b	0x001c8624	CONDITIONAL_JUMP	0
0x001c8622	0x001c8650	UNCONDITIONAL_JUMP	0
0x001c8626	0x001c8650	UNCONDITIONAL_JUMP	0
0x001c8628	0xStack[0x14]	READ	1
0x001c862d	0xStack[0xc]	READ	1
0x001c8631	0x001f9530	READ	1
0x001c8637	0x00202df8	DATA	0
0x001c8638	0xStack[0x4]	READ	1
0x001c863b	0xStack[-0xc]	WRITE	0
0x001c863e	0x001fa658	READ	1
0x001c8644	0x001fedae	DATA	1
0x001c8644	0xStack[-0x8]	WRITE	0
0x001c8647	0xStack[-0xc]	DATA	0
0x001c864b	0x001cea70	UNCONDITIONAL_CALL	0
0x001c8650	0xStack[-0x18]	DATA	0
0x001c8665	0xStack[0x4]	READ	1
0x001c8668	0xStack[0x10]	READ	1
0x001c866b	0xStack[-0x14]	WRITE	0
0x001c866e	0x001d98dc	DATA	1
0x001c867d	0x001d98dc	READ	0
0x001c867d	0x001d98dd	READ	0
0x001c867f	0x001c86fc	CONDITIONAL_JUMP	0
0x001c8681	0xStack[0x14]	READ	0
0x001c8685	0x001c8737	CONDITIONAL_JUMP	0
0x001c8693	0x001c86ac	CONDITIONAL_JUMP	0
0x001c86a4	0x001a5458	UNCONDITIONAL_CALL	0
0x001c86ac	0xStack[0xc]	READ	1
0x001c86cf	0x001a5448	UNCONDITIONAL_CALL	0
0x001c86df	0x001c8719	CONDITIONAL_JUMP	0
0x001c86e8	0x001d98ec	DATA	0
0x001c86ed	0x001a5514	UNCONDITIONAL_CALL	0
0x001c86f4	0x001c87d5	UNCONDITIONAL_JUMP	0
0x001c86fe	0x001d9914	DATA	1
0x001c870b	0x001d9914	READ	0
0x001c870b	0x001d9915	READ	0
0x001c870d	0x001c8780	CONDITIONAL_JUMP	0
0x001c8717	0x001c8724	CONDITIONAL_JUMP	0
0x001c871e	0x001c87d5	UNCONDITIONAL_JUMP	0
0x001c872a	0xStack[0x14]	READ	1
0x001c8735	0x001c8744	CONDITIONAL_JUMP	0
0x001c873c	0x001c87d5	UNCONDITIONAL_JUMP	0
0x001c8744	0xStack[0x14]	READ	1
0x001c8751	0xStack[-0x10]	WRITE	0
0x001c8755	0xStack[0xc]	READ	1
0x001c8759	0xStack[-0x10]	READ	1
0x001c875d	0x001013e4	UNCONDITIONAL_CALL	0
0x001c8765	0xStack[0x14]	READ	1
0x001c876f	0x001d9920	DATA	0
0x001c8774	0x001a5514	UNCONDITIONAL_CALL	0
0x001c877b	0x001c87d5	UNCONDITIONAL_JUMP	0
0x001c8782	0x001d9940	DATA	1
0x001c878f	0x001d9940	READ	0
0x001c878f	0x001d9941	READ	0
0x001c8791	0x001c87b0	CONDITIONAL_JUMP	0
0x001c8793	0x001f9570	READ	1
0x001c8799	0x002071b8	DATA	0
0x001c879b	0x001ce960	UNCONDITIONAL_CALL	0
0x001c87a2	0x001c87ac	CONDITIONAL_JUMP	0
0x001c87a9	0x001c87d5	UNCONDITIONAL_JUMP	0
0x001c87ae	0x001c87d5	UNCONDITIONAL_JUMP	0
0x001c87b0	0xStack[0x14]	READ	1
0x001c87b5	0xStack[0xc]	READ	1
0x001c87b9	0x001f94bc	READ	1
0x001c87bf	0x00202a88	DATA	0
0x001c87c0	0xStack[-0xc]	WRITE	0
0x001c87c3	0x001fa658	READ	1
0x001c87c9	0x001fedae	DATA	1
0x001c87c9	0xStack[-0x8]	WRITE	0
0x001c87cc	0xStack[-0xc]	DATA	0
0x001c87d0	0x001cea70	UNCONDITIONAL_CALL	0
0x001c87d5	0xStack[-0x20]	DATA	0
0x001c87e5	0xStack[0x4]	READ	1
0x001c87ea	0x001a5448	UNCONDITIONAL_CALL	0
0x001c87f3	0x0018980c	UNCONDITIONAL_CALL	0
0x001c87fd	0x001c8828	CONDITIONAL_JUMP	0
0x001c8802	0x001a5458	UNCONDITIONAL_CALL	0
0x001c8809	0x001c8859	UNCONDITIONAL_JUMP	0
0x001c880c	0x001f7490	WRITE	0
0x001c8812	0x001f7494	WRITE	0
0x001c8818	0x001f7490	DATA	1
0x001c881f	0x001f7490	DATA	1
0x001c8826	0x001c8857	UNCONDITIONAL_JUMP	0
0x001c882a	0x001a5448	UNCONDITIONAL_CALL	0
0x001c8833	0x001f7490	READ	0
0x001c8833	0x001f7490	READ	1
0x001c883d	0x001c880c	CONDITIONAL_JUMP	0
0x001c883f	0x001f7494	READ	1
0x001c8847	0x001f7490	DATA	1
0x001c884e	0x001f7494	WRITE	0
0x001c8859	0xStack[-0xc]	DATA	0
0x001c8869	0xStack[0x4]	READ	1
0x001c886c	0x001f7490	READ	1
0x001c8872	0x001f7490	DATA	1
0x001c8878	0x001c88d7	CONDITIONAL_JUMP	0
0x001c8880	0x001c88cc	CONDITIONAL_JUMP	0
0x001c8888	0x001f7490	DATA	1
0x001c888d	0x001f7490	DATA	1
0x001c8893	0x001c8898	CONDITIONAL_JUMP	0
0x001c8898	0x001f7494	WRITE	0
0x001c889b	0x001f7490	DATA	1
0x001c88a0	0x001f7490	DATA	1
0x001c88a6	0x001c88ab	CONDITIONAL_JUMP	0
0x001c88ab	0x001f7490	WRITE	0
0x001c88b0	0x0018987c	UNCONDITIONAL_CALL	0
0x001c88ba	0x001a5458	UNCONDITIONAL_CALL	0
0x001c88c2	0x001a5458	UNCONDITIONAL_CALL	0
0x001c88c7	0x001c88e2	UNCONDITIONAL_JUMP	0
0x001c88cf	0x001f7490	DATA	1
0x001c88d5	0x001c887c	CONDITIONAL_JUMP	0
0x001c88d8	0x001d994c	DATA	0
0x001c88dd	0x001a5514	UNCONDITIONAL_CALL	0
0x001c88e2	0xStack[-0xc]	DATA	0
0x001c8903	0xStack[0x4]	READ	1
0x001c8909	0x001c8918	CONDITIONAL_JUMP	0
0x001c890e	0x001c8900	UNCONDITIONAL_CALL	0
0x001c8923	0xStack[0x4]	READ	1
0x001c893d	0xStack[0x4]	READ	1
0x001c8940	0xStack[0x8]	READ	1
0x001c8943	0xStack[0xc]	READ	1
0x001c894a	0x001c8968	CONDITIONAL_JUMP	0
0x001c894c	0x001c8954	CONDITIONAL_JUMP	0
0x001c8950	0x001c8968	CONDITIONAL_JUMP	0
0x001c8952	0x001c89b0	UNCONDITIONAL_JUMP	0
0x001c8956	0x001c89b0	CONDITIONAL_JUMP	0
0x001c8958	0x001f9d60	READ	1
0x001c895e	0x002072ec	DATA	0
0x001c8960	0x001ce960	UNCONDITIONAL_CALL	0
0x001c8965	0x001c89b7	UNCONDITIONAL_JUMP	0
0x001c896a	0x001c89ac	CONDITIONAL_JUMP	0
0x001c8973	0x001c89a8	CONDITIONAL_JUMP	0
0x001c897e	0x001c89a8	CONDITIONAL_JUMP	0
0x001c898c	0x001c89a8	CONDITIONAL_JUMP	0
0x001c899a	0x001c89a8	CONDITIONAL_JUMP	0
0x001c89a4	0x001c8970	UNCONDITIONAL_JUMP	0
0x001c89aa	0x001c89b7	UNCONDITIONAL_JUMP	0
0x001c89ae	0x001c89bb	UNCONDITIONAL_JUMP	0
0x001c89bd	0xStack[-0xc]	DATA	0
0x001c89cd	0xStack[0x4]	READ	1
0x001c89d0	0xStack[0x8]	READ	1
0x001c89d3	0xStack[0xc]	READ	1
0x001c89d8	0x001c89e4	CONDITIONAL_JUMP	0
0x001c89df	0x001c8a56	UNCONDITIONAL_JUMP	0
0x001c89e8	0x001c8a0c	CONDITIONAL_JUMP	0
0x001c89ea	0x001c89f4	CONDITIONAL_JUMP	0
0x001c89ee	0x001c8a0c	CONDITIONAL_JUMP	0
0x001c89f0	0x001c8a54	UNCONDITIONAL_JUMP	0
0x001c89f6	0x001c8a54	CONDITIONAL_JUMP	0
0x001c89f9	0x001f9838	READ	1
0x001c89ff	0x00205ea8	DATA	0
0x001c8a01	0x001ce960	UNCONDITIONAL_CALL	0
0x001c8a09	0x001c8a56	UNCONDITIONAL_JUMP	0
0x001c8a0e	0x001c8a18	CONDITIONAL_JUMP	0
0x001c8a14	0x001c8a20	UNCONDITIONAL_JUMP	0
0x001c8a1a	0x001c8a38	CONDITIONAL_JUMP	0
0x001c8a33	0x001c8a56	UNCONDITIONAL_JUMP	0
0x001c8a3c	0x001c8a54	CONDITIONAL_JUMP	0
0x001c8a40	0x00101e7c	UNCONDITIONAL_CALL	0
0x001c8a4f	0x001c8a56	UNCONDITIONAL_JUMP	0
0x001c8a56	0xStack[-0xc]	DATA	0
0x001c8a63	0x001f921c	READ	1
0x001c8a69	0x00201920	DATA	0
0x001c8a6a	0xStack[0x4]	READ	1
0x001c8a6e	0x001ce960	UNCONDITIONAL_CALL	0
0x001c8a84	0xStack[0x4]	READ	1
0x001c8a89	0x001f9d5c	READ	1
0x001c8a8f	0x002072f4	DATA	0
0x001c8a91	0x001ce960	UNCONDITIONAL_CALL	0
0x001c8a98	0xStack[-0x8]	READ	1
0x001c8aa4	0xStack[0x4]	READ	1
0x001c8aa7	0xStack[0xc]	READ	1
0x001c8aaa	0xStack[0x10]	READ	1
0x001c8ab4	0xStack[0x14]	READ	1
0x001c8abf	0x001c8ac8	CONDITIONAL_JUMP	0
0x001c8ac1	0x001d996c	DATA	1
0x001c8acd	0x001c8ad6	CONDITIONAL_JUMP	0
0x001c8acf	0x001d996c	DATA	1
0x001c8adf	0xStack[-0x8]	READ	1
0x001c8aec	0xStack[0x4]	READ	1
0x001c8aef	0xStack[0x14]	READ	1
0x001c8af3	0xStack[0x10]	READ	1
0x001c8af7	0xStack[0xc]	READ	1
0x001c8afb	0x001f9d54	READ	1
0x001c8b01	0x002072dc	DATA	0
0x001c8b02	0x001cdef0	UNCONDITIONAL_CALL	0
0x001c8b08	0x001f9d58	READ	1
0x001c8b0e	0x00207300	DATA	0
0x001c8b10	0x001ce960	UNCONDITIONAL_CALL	0
0x001c8b19	0x001ce960	UNCONDITIONAL_CALL	0
0x001c8b1e	0xStack[-0x8]	READ	1
0x001c8b2d	0xStack[0x10]	READ	1
0x001c8b31	0xStack[0xc]	READ	1
0x001c8b35	0x001f9d50	READ	1
0x001c8b3b	0x002072bc	DATA	0
0x001c8b3c	0xStack[0x4]	READ	1
0x001c8b40	0x001ce960	UNCONDITIONAL_CALL	0
0x001c8b51	0xStack[0xc]	READ	1
0x001c8b55	0x001f9304	READ	1
0x001c8b5b	0x00202468	DATA	0
0x001c8b5c	0xStack[0x4]	READ	1
0x001c8b60	0x001ce960	UNCONDITIONAL_CALL	0
0x001c8b71	0x001f9284	READ	1
0x001c8b77	0x00201e5c	DATA	0
0x001c8b78	0xStack[0x4]	READ	1
0x001c8b7c	0x001ce960	UNCONDITIONAL_CALL	0
0x001c8b8e	0xStack[0x4]	READ	1
0x001c8b91	0xStack[0xc]	READ	1
0x001c8b94	0xStack[0x10]	READ	1
0x001c8b97	0xStack[0x14]	READ	1
0x001c8b9b	0x001c8900	UNCONDITIONAL_CALL	0
0x001c8ba2	0x001c8920	UNCONDITIONAL_CALL	0
0x001c8baa	0x001f9d54	READ	1
0x001c8bb0	0x002072dc	DATA	0
0x001c8bb2	0x001ce960	UNCONDITIONAL_CALL	0
0x001c8bbd	0x001f9d4c	READ	1
0x001c8bc3	0x00207310	DATA	0
0x001c8bc5	0x001ce960	UNCONDITIONAL_CALL	0
0x001c8bce	0x001cdf1c	UNCONDITIONAL_CALL	0
0x001c8bd8	0xStack[-0x10]	DATA	0
0x001c8be8	0xStack[0x4]	READ	1
0x001c8beb	0xStack[0x14]	READ	1
0x001c8bef	0xStack[0x10]	READ	1
0x001c8bf3	0xStack[0xc]	READ	1
0x001c8bf7	0x001f9d50	READ	1
0x001c8bfd	0x002072bc	DATA	0
0x001c8bfe	0x001cdef0	UNCONDITIONAL_CALL	0
0x001c8c04	0x001f9d58	READ	1
0x001c8c0a	0x00207300	DATA	0
0x001c8c0c	0x001ce960	UNCONDITIONAL_CALL	0
0x001c8c15	0x001ce960	UNCONDITIONAL_CALL	0
0x001c8c1a	0xStack[-0x8]	READ	1
0x001c8c29	0xStack[0x10]	READ	1
0x001c8c2d	0xStack[0xc]	READ	1
0x001c8c31	0x001f9d48	READ	1
0x001c8c37	0x00207230	DATA	0
0x001c8c38	0xStack[0x4]	READ	1
0x001c8c3c	0x001ce960	UNCONDITIONAL_CALL	0
0x001c8c4d	0xStack[0xc]	READ	1
0x001c8c51	0x001f9d44	READ	1
0x001c8c57	0x00207218	DATA	0
0x001c8c58	0xStack[0x4]	READ	1
0x001c8c5c	0x001ce960	UNCONDITIONAL_CALL	0
0x001c8c6d	0x001f9d40	READ	1
0x001c8c73	0x0020720c	DATA	0
0x001c8c74	0xStack[0x4]	READ	1
0x001c8c78	0x001ce960	UNCONDITIONAL_CALL	0
0x001c8c8b	0xStack[0x4]	READ	1
0x001c8c8e	0x001c8a78	DATA	0
0x001c8c93	0x001c8a78	DATA	0
0x001c8c98	0x001f9318	READ	1
0x001c8c9e	0x002024a0	DATA	0
0x001c8ca0	0x001ce960	UNCONDITIONAL_CALL	0
0x001c8ca9	0x0015ab30	UNCONDITIONAL_CALL	0
0x001c8cae	0x001f921c	READ	1
0x001c8cb4	0x00201920	DATA	0
0x001c8cb5	0xStack[-0xc]	WRITE	0
0x001c8cb8	0x001fa680	READ	1
0x001c8cbe	0x001fdfdf	DATA	1
0x001c8cbe	0xStack[-0x8]	WRITE	0
0x001c8cc1	0xStack[-0xc]	DATA	0
0x001c8cc5	0x001cea70	UNCONDITIONAL_CALL	0
0x001c8cca	0xStack[-0x10]	READ	1
0x001c8cd8	0xStack[0x4]	READ	1
0x001c8cde	0x001c8a78	DATA	1
0x001c8ce6	0x001c8ced	CONDITIONAL_JUMP	0
0x001c8ce8	0x001c8a60	DATA	1
0x001c8ced	0x001c8a60	DATA	0
0x001c8ced	0x001c8a78	DATA	0
0x001c8cf1	0x001c8a78	DATA	1
0x001c8cf9	0x001c8d00	CONDITIONAL_JUMP	0
0x001c8cfb	0x001c8a60	DATA	1
0x001c8d00	0x001c8a60	DATA	0
0x001c8d00	0x001c8a78	DATA	0
0x001c8d01	0x001f9318	READ	1
0x001c8d07	0x002024a0	DATA	0
0x001c8d09	0x001ce960	UNCONDITIONAL_CALL	0
0x001c8d0e	0xStack[-0x8]	READ	1
0x001c8d21	0xStack[0x4]	READ	1
0x001c8d2b	0xStack[-0x8]	WRITE	0
0x001c8d31	0x001c8d82	CONDITIONAL_JUMP	0
0x001c8d37	0x001c8d76	CONDITIONAL_JUMP	0
0x001c8d3e	0x001c8d57	UNCONDITIONAL_JUMP	0
0x001c8d43	0xStack[0xc]	READ	1
0x001c8d4c	0xStack[0x10]	READ	1
0x001c8d5b	0x001c8d40	CONDITIONAL_JUMP	0
0x001c8d61	0x0015ab30	UNCONDITIONAL_CALL	0
0x001c8d79	0xStack[-0x8]	READ_WRITE	0
0x001c8d7c	0xStack[-0x8]	READ	0
0x001c8d80	0x001c8d34	CONDITIONAL_JUMP	0
0x001c8d82	0xStack[0x4]	READ	1
0x001c8d8c	0xStack[0x4]	READ	1
0x001c8d8f	0xStack[-0x14]	DATA	0
0x001c8da2	0xStack[0x4]	READ	1
0x001c8dab	0x001c8dd1	UNCONDITIONAL_JUMP	0
0x001c8db3	0x001c8dc1	CONDITIONAL_JUMP	0
0x001c8db9	0x0015ab30	UNCONDITIONAL_CALL	0
0x001c8dd5	0x001c8db0	CONDITIONAL_JUMP	0
0x001c8de0	0xStack[-0x10]	DATA	0
0x001c8df4	0xStack[0x4]	READ	1
0x001c8e03	0x001f9d50	READ	1
0x001c8e09	0x002072bc	DATA	0
0x001c8e0a	0xStack[0xc]	READ	1
0x001c8e0e	0x001f9d58	READ	1
0x001c8e14	0x00207300	DATA	0
0x001c8e15	0x001f9234	READ	1
0x001c8e1b	0x00201980	DATA	0
0x001c8e1d	0x001ce960	UNCONDITIONAL_CALL	0
0x001c8e26	0x001ce960	UNCONDITIONAL_CALL	0
0x001c8e2f	0x001ce960	UNCONDITIONAL_CALL	0
0x001c8e36	0x001f9324	READ	1
0x001c8e3c	0x002024c8	DATA	0
0x001c8e3e	0x001ce960	UNCONDITIONAL_CALL	0
0x001c8e43	0xStack[-0xc]	WRITE	0
0x001c8e46	0xStack[-0x8]	WRITE	0
0x001c8e4c	0xStack[-0x14]	DATA	0
0x001c8e50	0xStack[-0x10]	DATA	0
0x001c8e54	0xStack[-0xc]	DATA	0
0x001c8e58	0x001f9328	READ	1
0x001c8e5e	0x002024d4	DATA	0
0x001c8e60	0x001ce960	UNCONDITIONAL_CALL	0
0x001c8e6a	0x001c8e88	CONDITIONAL_JUMP	0
0x001c8e6c	0xStack[-0x14]	READ	1
0x001c8e70	0xStack[-0x10]	READ	1
0x001c8e74	0x001f9288	READ	1
0x001c8e7a	0x00201e6c	DATA	0
0x001c8e7c	0x001ce960	UNCONDITIONAL_CALL	0
0x001c8e84	0x001c8e4c	UNCONDITIONAL_JUMP	0
0x001c8e8a	0xStack[-0x1c]	DATA	0
0x001c8e97	0xStack[0x4]	READ	1
0x001c8ead	0xStack[0x4]	READ	1
0x001c8eb7	0xStack[0xc]	READ	1
0x001c8ebf	0x001c8938	UNCONDITIONAL_CALL	0
0x001c8ec7	0xStack[-0xc]	WRITE	0
0x001c8ece	0xStack[-0x8]	WRITE	0
0x001c8ed1	0xStack[-0xc]	READ	1
0x001c8ed9	0x001c8ee8	CONDITIONAL_JUMP	0
0x001c8edb	0x001c8f10	UNCONDITIONAL_JUMP	0
0x001c8ee5	0x001c8f12	UNCONDITIONAL_JUMP	0
0x001c8ee8	0xStack[-0x8]	READ	1
0x001c8eeb	0x001c8f0a	UNCONDITIONAL_JUMP	0
0x001c8ef3	0xStack[0xc]	READ	1
0x001c8efb	0x001c89c8	UNCONDITIONAL_CALL	0
0x001c8f05	0x001c8ee0	CONDITIONAL_JUMP	0
0x001c8f0e	0x001c8ef0	CONDITIONAL_JUMP	0
0x001c8f12	0xStack[-0x18]	DATA	0
0x001c8f25	0xStack[0x4]	READ	1
0x001c8f2f	0xStack[0xc]	READ	1
0x001c8f37	0x001c8938	UNCONDITIONAL_CALL	0
0x001c8f3f	0xStack[-0xc]	WRITE	0
0x001c8f46	0xStack[-0x8]	WRITE	0
0x001c8f49	0xStack[-0xc]	READ	1
0x001c8f51	0x001c8f60	CONDITIONAL_JUMP	0
0x001c8f53	0x001c8f88	UNCONDITIONAL_JUMP	0
0x001c8f5b	0x001c8f8a	UNCONDITIONAL_JUMP	0
0x001c8f60	0xStack[-0x8]	READ	1
0x001c8f63	0x001c8f82	UNCONDITIONAL_JUMP	0
0x001c8f6b	0xStack[0xc]	READ	1
0x001c8f73	0x001c89c8	UNCONDITIONAL_CALL	0
0x001c8f7d	0x001c8f58	CONDITIONAL_JUMP	0
0x001c8f86	0x001c8f68	CONDITIONAL_JUMP	0
0x001c8f8a	0xStack[-0x18]	DATA	0
0x001c8f9d	0xStack[0x4]	READ	1
0x001c8fa3	0xStack[-0x8]	WRITE	0
0x001c8fa6	0xStack[0x4]	READ	1
0x001c8fad	0xStack[0xc]	READ	1
0x001c8fb1	0xStack[0x4]	READ	1
0x001c8fb8	0x001c8938	UNCONDITIONAL_CALL	0
0x001c8fbd	0xStack[-0xc]	WRITE	0
0x001c8fc0	0xStack[-0x8]	READ	1
0x001c8fc6	0xStack[-0x14]	WRITE	0
0x001c8fcd	0xStack[-0x10]	WRITE	0
0x001c8fd0	0xStack[-0x14]	READ	1
0x001c8fd3	0xStack[-0x18]	WRITE	0
0x001c8fd6	0xStack[-0x10]	READ	1
0x001c8fdc	0x001c900f	UNCONDITIONAL_JUMP	0
0x001c8fe3	0xStack[0xc]	READ	1
0x001c8fe7	0xStack[0x4]	READ	1
0x001c8fee	0x001c89c8	UNCONDITIONAL_CALL	0
0x001c8ff8	0x001c900c	CONDITIONAL_JUMP	0
0x001c8fff	0xStack[0x10]	READ	1
0x001c9005	0x001c909c	UNCONDITIONAL_JUMP	0
0x001c900f	0xStack[-0x18]	READ_WRITE	0
0x001c9012	0xStack[-0x18]	READ	0
0x001c9016	0x001c8fe0	CONDITIONAL_JUMP	0
0x001c9018	0x001f9d4c	READ	1
0x001c901e	0x00207310	DATA	0
0x001c901f	0xStack[0x4]	READ	1
0x001c9023	0x001ce960	UNCONDITIONAL_CALL	0
0x001c902a	0xStack[-0x14]	READ	1
0x001c9032	0x001f9d4c	READ	1
0x001c9038	0x00207310	DATA	0
0x001c9039	0xStack[0x4]	READ	1
0x001c903d	0x001ce960	UNCONDITIONAL_CALL	0
0x001c9050	0xStack[-0x14]	READ	0
0x001c9054	0x001c906d	CONDITIONAL_JUMP	0
0x001c9056	0xStack[-0x14]	READ	1
0x001c905d	0xStack[-0x10]	READ	1
0x001c9065	0x00101504	UNCONDITIONAL_CALL	0
0x001c906d	0xStack[0xc]	READ	1
0x001c9072	0xStack[0x10]	READ	1
0x001c9078	0xStack[-0x14]	READ	0
0x001c907c	0x001c9087	CONDITIONAL_JUMP	0
0x001c907e	0xStack[-0x10]	READ	1
0x001c9082	0x0015ab30	UNCONDITIONAL_CALL	0
0x001c9087	0xStack[-0xc]	READ	1
0x001c908a	0xStack[-0x8]	READ	1
0x001c9094	0xStack[0x4]	READ	1
0x001c909c	0xStack[-0x24]	DATA	0
0x001c90b0	0xStack[0x4]	READ	1
0x001c90b3	0xStack[0x10]	READ	1
0x001c90b7	0xStack[0xc]	READ	1
0x001c90bb	0x001f9d3c	READ	1
0x001c90c1	0x00207290	DATA	0
0x001c90c3	0x001ce960	UNCONDITIONAL_CALL	0
0x001c90cd	0x001c91bf	CONDITIONAL_JUMP	0
0x001c90d9	0x001c91bd	CONDITIONAL_JUMP	0
0x001c90eb	0x001f9d54	READ	1
0x001c90f1	0x002072dc	DATA	0
0x001c90f2	0x001f9d4c	READ	1
0x001c90f8	0x00207310	DATA	0
0x001c90fa	0x001ce960	UNCONDITIONAL_CALL	0
0x001c9103	0x001f9d58	READ	1
0x001c9109	0x00207300	DATA	0
0x001c910a	0x001f9d74	READ	1
0x001c9110	0x001fe0c9	DATA	0
0x001c9111	0x001ce960	UNCONDITIONAL_CALL	0
0x001c911a	0x001ce960	UNCONDITIONAL_CALL	0
0x001c9141	0x001f9d4c	READ	1
0x001c9147	0x00207310	DATA	0
0x001c9149	0x001ce960	UNCONDITIONAL_CALL	0
0x001c9152	0x001cdf1c	UNCONDITIONAL_CALL	0
0x001c915d	0x001f9324	READ	1
0x001c9163	0x002024c8	DATA	0
0x001c9165	0x001ce960	UNCONDITIONAL_CALL	0
0x001c916a	0xStack[-0xc]	WRITE	0
0x001c916d	0xStack[-0x8]	WRITE	0
0x001c9174	0xStack[-0x14]	DATA	0
0x001c9178	0xStack[-0x10]	DATA	0
0x001c917c	0xStack[-0xc]	DATA	0
0x001c9180	0x001f9328	READ	1
0x001c9186	0x002024d4	DATA	0
0x001c9188	0x001ce960	UNCONDITIONAL_CALL	0
0x001c9192	0x001c91b0	CONDITIONAL_JUMP	0
0x001c9194	0xStack[-0x14]	READ	1
0x001c9198	0xStack[-0x10]	READ	1
0x001c919c	0x001f9288	READ	1
0x001c91a2	0x00201e6c	DATA	0
0x001c91a4	0x001ce960	UNCONDITIONAL_CALL	0
0x001c91ac	0x001c9174	UNCONDITIONAL_JUMP	0
0x001c91b0	0x001f921c	READ	1
0x001c91b6	0x00201920	DATA	0
0x001c91b8	0x001ce960	UNCONDITIONAL_CALL	0
0x001c91bf	0xStack[-0x1c]	DATA	0
0x001c91d1	0xStack[0x4]	READ	1
0x001c91d7	0xStack[-0x8]	WRITE	0
0x001c91da	0xStack[0x4]	READ	1
0x001c91e1	0xStack[0xc]	READ	1
0x001c91e5	0xStack[0x4]	READ	1
0x001c91ec	0x001c8938	UNCONDITIONAL_CALL	0
0x001c91f1	0xStack[-0xc]	WRITE	0
0x001c91f4	0xStack[-0x8]	READ	1
0x001c91fa	0xStack[-0x2c]	WRITE	0
0x001c9201	0xStack[-0x28]	WRITE	0
0x001c9204	0xStack[-0x2c]	READ	1
0x001c9207	0xStack[-0x28]	READ	1
0x001c920a	0xStack[-0x10]	WRITE	0
0x001c9214	0x001c9322	CONDITIONAL_JUMP	0
0x001c921a	0xStack[-0x2c]	READ	1
0x001c921e	0xStack[-0x20]	WRITE	0
0x001c9228	0xStack[-0x24]	WRITE	0
0x001c922c	0xStack[-0x10]	READ	1
0x001c9232	0xStack[0xc]	READ	1
0x001c9236	0xStack[0x4]	READ	1
0x001c923d	0x001c89c8	UNCONDITIONAL_CALL	0
0x001c9247	0x001c9314	CONDITIONAL_JUMP	0
0x001c924d	0xStack[-0x10]	READ	1
0x001c9253	0xStack[-0x18]	WRITE	0
0x001c9256	0xStack[-0x2c]	READ	0
0x001c925a	0x001c9298	CONDITIONAL_JUMP	0
0x001c925c	0x001f9d4c	READ	1
0x001c9262	0x00207310	DATA	0
0x001c9263	0xStack[0x4]	READ	1
0x001c9267	0x001ce960	UNCONDITIONAL_CALL	0
0x001c926f	0xStack[-0x1c]	WRITE	0
0x001c9272	0xStack[-0x24]	READ	1
0x001c9276	0x001f9d4c	READ	1
0x001c927c	0x00207310	DATA	0
0x001c927e	0x001ce960	UNCONDITIONAL_CALL	0
0x001c9287	0xStack[-0x1c]	READ	1
0x001c9292	0xStack[-0x14]	WRITE	0
0x001c9295	0x001c929f	UNCONDITIONAL_JUMP	0
0x001c9298	0xStack[-0x14]	WRITE	0
0x001c929f	0xStack[-0x20]	READ	0
0x001c92a2	0x001c92c1	CONDITIONAL_JUMP	0
0x001c92a4	0xStack[-0x2c]	READ	1
0x001c92b1	0xStack[-0x28]	READ	1
0x001c92b5	0xStack[-0x14]	READ	1
0x001c92b9	0x00101504	UNCONDITIONAL_CALL	0
0x001c92c3	0x001c92ef	CONDITIONAL_JUMP	0
0x001c92cd	0xStack[-0x2c]	READ	1
0x001c92d3	0xStack[-0x30]	WRITE	0
0x001c92d6	0xStack[-0x28]	READ	1
0x001c92de	0xStack[-0x14]	READ	1
0x001c92e7	0x00101504	UNCONDITIONAL_CALL	0
0x001c92ef	0xStack[-0x28]	READ	1
0x001c92f3	0x0015ab30	UNCONDITIONAL_CALL	0
0x001c92f8	0xStack[0x4]	READ	1
0x001c92fe	0xStack[-0xc]	READ	1
0x001c9301	0xStack[-0x8]	READ	1
0x001c9307	0xStack[-0x14]	READ	1
0x001c930e	0xStack[-0x18]	READ	1
0x001c9311	0x001c9324	UNCONDITIONAL_JUMP	0
0x001c9314	0xStack[-0x10]	READ_WRITE	0
0x001c931c	0x001c922c	CONDITIONAL_JUMP	0
0x001c9324	0xStack[-0x3c]	DATA	0
0x001c9334	0xStack[0x4]	READ	1
0x001c9340	0xStack[-0x8]	READ	1
0x001c934d	0xStack[0x4]	READ	1
0x001c9350	0xStack[0xc]	READ	1
0x001c9353	0xStack[0x10]	READ	1
0x001c9356	0xStack[0x14]	READ	1
0x001c9360	0x001c938a	CONDITIONAL_JUMP	0
0x001c9367	0x001c937c	CONDITIONAL_JUMP	0
0x001c9377	0x001c93a7	UNCONDITIONAL_JUMP	0
0x001c9388	0x001c9364	CONDITIONAL_JUMP	0
0x001c93a7	0xStack[-0xc]	DATA	0
0x001c93cc	0xStack[0x4]	READ	1
0x001c93cf	0xStack[0x8]	READ	1
0x001c93d2	0xStack[0xc]	READ	1
0x001c93d9	0x001c93f0	CONDITIONAL_JUMP	0
0x001c93db	0x001c93e8	CONDITIONAL_JUMP	0
0x001c93df	0x001c941c	CONDITIONAL_JUMP	0
0x001c93e3	0x001c941c	CONDITIONAL_JUMP	0
0x001c93e5	0x001c9424	UNCONDITIONAL_JUMP	0
0x001c93ea	0x001c940c	CONDITIONAL_JUMP	0
0x001c93ec	0x001c9424	UNCONDITIONAL_JUMP	0
0x001c93f1	0x001f9228	READ	1
0x001c93f7	0x0020193c	DATA	0
0x001c93f9	0x001ce960	UNCONDITIONAL_CALL	0
0x001c9402	0x001d9970	DATA	0
0x001c9407	0x001c9413	UNCONDITIONAL_JUMP	0
0x001c940e	0x001d997c	DATA	0
0x001c9414	0x0017e1f4	UNCONDITIONAL_CALL	0
0x001c9419	0x001c9430	UNCONDITIONAL_JUMP	0
0x001c941d	0x001d9988	DATA	0
0x001c9422	0x001c942a	UNCONDITIONAL_JUMP	0
0x001c9425	0x001d9990	DATA	0
0x001c942b	0x0017e1f4	UNCONDITIONAL_CALL	0
0x001c9430	0xStack[-0x8]	READ	1
0x001c9441	0xStack[0xc]	READ	1
0x001c9444	0xStack[0x4]	READ	1
0x001c944a	0xStack[-0x8]	WRITE	0
0x001c944d	0xStack[0x4]	READ	1
0x001c9453	0xStack[-0xc]	WRITE	0
0x001c9457	0xStack[0x4]	READ	1
0x001c945e	0xStack[0x4]	READ	1
0x001c9465	0xStack[0x4]	READ	1
0x001c946c	0x001d9998	DATA	0
0x001c9472	0x0017e1f4	UNCONDITIONAL_CALL	0
0x001c947a	0x001c94f4	UNCONDITIONAL_JUMP	0
0x001c947c	0xStack[-0xc]	READ	1
0x001c9482	0x001c94f0	CONDITIONAL_JUMP	0
0x001c948a	0x001d99c4	DATA	0
0x001c9490	0x0017e1f4	UNCONDITIONAL_CALL	0
0x001c9498	0x001c94dc	UNCONDITIONAL_JUMP	0
0x001c949f	0xStack[0x4]	READ	1
0x001c94a7	0x001c93c8	UNCONDITIONAL_CALL	0
0x001c94ac	0x001d99c8	DATA	0
0x001c94b2	0x0017e1f4	UNCONDITIONAL_CALL	0
0x001c94bb	0xStack[0x4]	READ	1
0x001c94c3	0x001c93c8	UNCONDITIONAL_CALL	0
0x001c94cb	0x001d99cc	DATA	0
0x001c94d1	0x0017e1f4	UNCONDITIONAL_CALL	0
0x001c94e0	0x001c949c	CONDITIONAL_JUMP	0
0x001c94e2	0x001d7058	DATA	0
0x001c94e8	0x0017e1f4	UNCONDITIONAL_CALL	0
0x001c94f0	0xStack[-0xc]	READ_WRITE	0
0x001c94f4	0xStack[-0x8]	READ_WRITE	0
0x001c94f7	0xStack[-0x8]	READ	0
0x001c94fb	0x001c947c	CONDITIONAL_JUMP	0
0x001c9501	0x001d7058	DATA	0
0x001c9507	0x0017e1f4	UNCONDITIONAL_CALL	0
0x001c950d	0x0017e1e8	UNCONDITIONAL_CALL	0
0x001c9512	0xStack[-0x18]	DATA	0
0x001c9520	0xStack[0x4]	READ	1
0x001c9523	0xStack[0xc]	READ	1
0x001c9527	0x001f9d38	READ	1
0x001c952d	0x0020726c	DATA	0
0x001c952f	0x001ce960	UNCONDITIONAL_CALL	0
0x001c9536	0xStack[-0x8]	READ	1
0x001c9549	0x001f9d5c	READ	1
0x001c954f	0x002072f4	DATA	0
0x001c9551	0x001ce960	UNCONDITIONAL_CALL	0
0x001c9565	0xStack[0x4]	READ	1
0x001c9568	0xStack[0xc]	READ	1
0x001c9570	0x001c95a5	CONDITIONAL_JUMP	0
0x001c9572	0x001f9d4c	READ	1
0x001c9578	0x00207310	DATA	0
0x001c957a	0x001ce960	UNCONDITIONAL_CALL	0
0x001c958c	0x001f9d4c	READ	1
0x001c9592	0x00207310	DATA	0
0x001c9594	0x001ce960	UNCONDITIONAL_CALL	0
0x001c95a7	0xStack[-0xc]	DATA	0
0x001c95b4	0xStack[0x4]	READ	1
0x001c95b7	0xStack[0xc]	READ	1
0x001c95bb	0x001f92dc	READ	1
0x001c95c1	0x00202244	DATA	0
0x001c95c2	0x001cdef0	UNCONDITIONAL_CALL	0
0x001c95c8	0x001f9d58	READ	1
0x001c95ce	0x00207300	DATA	0
0x001c95d0	0x001ce960	UNCONDITIONAL_CALL	0
0x001c95d9	0x001ce960	UNCONDITIONAL_CALL	0
0x001c95de	0xStack[-0x8]	READ	1
0x001c95ed	0x001f9d34	READ	1
0x001c95f3	0x00207338	DATA	0
0x001c95f4	0xStack[0x4]	READ	1
0x001c95f8	0x001ce960	UNCONDITIONAL_CALL	0
0x001c9609	0x001f92dc	READ	1
0x001c960f	0x00202244	DATA	0
0x001c9610	0xStack[0x4]	READ	1
0x001c9614	0x001ce960	UNCONDITIONAL_CALL	0
0x001c9627	0xStack[0x4]	READ	1
0x001c962e	0x0015ab30	UNCONDITIONAL_CALL	0
0x001c9633	0x001f921c	READ	1
0x001c9639	0x00201920	DATA	0
0x001c963a	0xStack[-0xc]	WRITE	0
0x001c963d	0x001fa6a8	READ	1
0x001c9643	0x001fdfdf	DATA	1
0x001c9643	0xStack[-0x8]	WRITE	0
0x001c9646	0xStack[-0xc]	DATA	0
0x001c964a	0x001cea70	UNCONDITIONAL_CALL	0
0x001c964f	0xStack[-0x10]	READ	1
0x001c965c	0xStack[0x4]	READ	1
0x001c9660	0x001f9d30	READ	1
0x001c9666	0x002073a0	DATA	0
0x001c9668	0x001ce960	UNCONDITIONAL_CALL	0
0x001c9672	0x001c9688	CONDITIONAL_JUMP	0
0x001c9674	0x001f921c	READ	1
0x001c967a	0x00201920	DATA	0
0x001c967c	0x001ce960	UNCONDITIONAL_CALL	0
0x001c9684	0x001c9660	UNCONDITIONAL_JUMP	0
0x001c968a	0xStack[-0x8]	READ	1
0x001c9699	0xStack[0x4]	READ	1
0x001c96a0	0x001f92dc	READ	1
0x001c96a6	0x00202244	DATA	0
0x001c96a7	0xStack[0xc]	READ	1
0x001c96ab	0x001f9d58	READ	1
0x001c96b1	0x00207300	DATA	0
0x001c96b2	0x001f9234	READ	1
0x001c96b8	0x00201980	DATA	0
0x001c96ba	0x001ce960	UNCONDITIONAL_CALL	0
0x001c96c3	0x001ce960	UNCONDITIONAL_CALL	0
0x001c96cc	0x001ce960	UNCONDITIONAL_CALL	0
0x001c96ec	0x00101504	UNCONDITIONAL_CALL	0
0x001c96f3	0xStack[-0xc]	DATA	0
0x001c9702	0xStack[0x4]	READ	1
0x001c9705	0xStack[0xc]	READ	1
0x001c9708	0x001f9234	READ	1
0x001c970e	0x00201980	DATA	0
0x001c9710	0x001ce960	UNCONDITIONAL_CALL	0
0x001c9716	0x001f9260	READ	1
0x001c971c	0x00201e50	DATA	0
0x001c971e	0x001ce960	UNCONDITIONAL_CALL	0
0x001c9725	0x001c972c	CONDITIONAL_JUMP	0
0x001c9729	0x001c974f	UNCONDITIONAL_JUMP	0
0x001c9734	0x001c974f	CONDITIONAL_JUMP	0
0x001c9748	0x001c974f	CONDITIONAL_JUMP	0
0x001c974f	0xStack[-0x10]	DATA	0
0x001c975f	0xStack[0x4]	READ	1
0x001c976f	0xStack[0x4]	READ	1
0x001c977f	0xStack[0x4]	READ	1
0x001c9782	0xStack[0xc]	READ	1
0x001c9788	0x001c9794	CONDITIONAL_JUMP	0
0x001c97a1	0xStack[0x4]	READ	1
0x001c97a4	0xStack[0xc]	READ	1
0x001c97b8	0x001c97d3	CONDITIONAL_JUMP	0
0x001c97be	0x001c97cc	CONDITIONAL_JUMP	0
0x001c97c8	0x001c97d8	UNCONDITIONAL_JUMP	0
0x001c97d1	0x001c97bc	CONDITIONAL_JUMP	0
0x001c97d8	0xStack[-0xc]	DATA	0
0x001c97e7	0xStack[0x4]	READ	1
0x001c97ee	0x001c9800	CONDITIONAL_JUMP	0
0x001c980e	0xStack[0x4]	READ	1
0x001c9811	0xStack[0xc]	READ	1
0x001c9817	0x001c9854	CONDITIONAL_JUMP	0
0x001c9819	0x001f9d4c	READ	1
0x001c981f	0x00207310	DATA	0
0x001c9821	0x001ce960	UNCONDITIONAL_CALL	0
0x001c9834	0x001f9d4c	READ	1
0x001c983a	0x00207310	DATA	0
0x001c983c	0x001ce960	UNCONDITIONAL_CALL	0
0x001c9851	0x001c9856	UNCONDITIONAL_JUMP	0
0x001c9856	0xStack[-0x10]	DATA	0
0x001c9869	0xStack[0x4]	READ	1
0x001c986c	0xStack[0x10]	READ	1
0x001c986f	0xStack[0xc]	READ	0
0x001c9873	0x001c987a	CONDITIONAL_JUMP	0
0x001c9878	0x001c9884	CONDITIONAL_JUMP	0
0x001c987c	0x001c9908	UNCONDITIONAL_JUMP	0
0x001c988b	0x001c98ce	CONDITIONAL_JUMP	0
0x001c9894	0x001f9d4c	READ	1
0x001c989a	0x00207310	DATA	0
0x001c989c	0x001ce960	UNCONDITIONAL_CALL	0
0x001c98a1	0xStack[-0x8]	WRITE	0
0x001c98b3	0x001f9d4c	READ	1
0x001c98b9	0x00207310	DATA	0
0x001c98bb	0x001ce960	UNCONDITIONAL_CALL	0
0x001c98c4	0xStack[-0x8]	READ	1
0x001c98ec	0x001c98fe	CONDITIONAL_JUMP	0
0x001c98fc	0x001c98f0	CONDITIONAL_JUMP	0
0x001c98fe	0xStack[0xc]	READ	1
0x001c9908	0xStack[-0x14]	DATA	0
0x001c9917	0xStack[0x4]	READ	1
0x001c991e	0xStack[0xc]	READ	1
0x001c9922	0x001f9d2c	READ	1
0x001c9928	0x002073d8	DATA	0
0x001c992a	0x001ce960	UNCONDITIONAL_CALL	0
0x001c9939	0xStack[0x4]	READ	1
0x001c993c	0xStack[0xc]	READ	1
0x001c9941	0x001c994c	CONDITIONAL_JUMP	0
0x001c9945	0x001c997d	UNCONDITIONAL_JUMP	0
0x001c994a	0x001c997d	UNCONDITIONAL_JUMP	0
0x001c995d	0x001c996b	CONDITIONAL_JUMP	0
0x001c9962	0x001c9948	CONDITIONAL_JUMP	0
0x001c9969	0x001c9960	CONDITIONAL_JUMP	0
0x001c9970	0x001f9d2c	READ	1
0x001c9976	0x002073d8	DATA	0
0x001c9978	0x001ce960	UNCONDITIONAL_CALL	0
0x001c997d	0xStack[-0xc]	DATA	0
0x001c998e	0xStack[0x4]	READ	1
0x001c9991	0xStack[0xc]	READ	1
0x001c9997	0x001c99a0	CONDITIONAL_JUMP	0
0x001c999b	0x001c99d3	UNCONDITIONAL_JUMP	0
0x001c99bc	0x001c99ce	CONDITIONAL_JUMP	0
0x001c99cc	0x001c99c0	CONDITIONAL_JUMP	0
0x001c99d3	0xStack[-0x10]	DATA	0
0x001c99e5	0xStack[0x4]	READ	1
0x001c99e8	0xStack[0xc]	READ	1
0x001c99fc	0x001c9a23	CONDITIONAL_JUMP	0
0x001c9a02	0x001c9a1c	CONDITIONAL_JUMP	0
0x001c9a0d	0x001f9d28	READ	1
0x001c9a13	0x002073b4	DATA	0
0x001c9a15	0x001ce960	UNCONDITIONAL_CALL	0
0x001c9a1a	0x001c9a25	UNCONDITIONAL_JUMP	0
0x001c9a21	0x001c9a00	CONDITIONAL_JUMP	0
0x001c9a25	0xStack[-0xc]	DATA	0
0x001c9a33	0xStack[0x4]	READ	1
0x001c9a3a	0x001c9a54	CONDITIONAL_JUMP	0
0x001c9a41	0x001f9d28	READ	1
0x001c9a47	0x002073b4	DATA	0
0x001c9a49	0x001ce960	UNCONDITIONAL_CALL	0
0x001c9a5f	0xStack[0x4]	READ	1
0x001c9a76	0xStack[0x4]	READ	1
0x001c9a79	0xStack[0xc]	READ	1
0x001c9a7c	0xStack[0x10]	READ	1
0x001c9a81	0x001c9a90	CONDITIONAL_JUMP	0
0x001c9a83	0x001c9aaf	UNCONDITIONAL_JUMP	0
0x001c9a8c	0x001c9ab1	UNCONDITIONAL_JUMP	0
0x001c9aa1	0x001c9aaf	CONDITIONAL_JUMP	0
0x001c9aa6	0x001c9a88	CONDITIONAL_JUMP	0
0x001c9aad	0x001c9aa4	CONDITIONAL_JUMP	0
0x001c9ab1	0xStack[-0x10]	DATA	0
0x001c9abf	0xStack[0x4]	READ	1
0x001c9ac2	0xStack[0xc]	READ	1
0x001c9ac5	0xStack[0x10]	READ	1
0x001c9aca	0x001c9ad4	CONDITIONAL_JUMP	0
0x001c9ad7	0x001c9aec	CONDITIONAL_JUMP	0
0x001c9b12	0xStack[0x4]	READ	1
0x001c9b15	0xStack[0xc]	READ	1
0x001c9b1b	0x001c9b37	UNCONDITIONAL_JUMP	0
0x001c9b21	0x001f9cc8	READ	1
0x001c9b27	0x00203438	DATA	0
0x001c9b2f	0x001ce960	UNCONDITIONAL_CALL	0
0x001c9b3b	0x001c9b20	CONDITIONAL_JUMP	0
0x001c9b3f	0xStack[-0x10]	DATA	0
0x001c9b52	0xStack[0x4]	READ	1
0x001c9b55	0xStack[0x10]	READ	1
0x001c9b5b	0x001c9b7b	UNCONDITIONAL_JUMP	0
0x001c9b61	0xStack[0xc]	READ	1
0x001c9b65	0x001f923c	READ	1
0x001c9b6b	0x00201994	DATA	0
0x001c9b73	0x001ce960	UNCONDITIONAL_CALL	0
0x001c9b7f	0x001c9b60	CONDITIONAL_JUMP	0
0x001c9b83	0xStack[-0x10]	DATA	0
0x001c9b96	0xStack[0xc]	READ	1
0x001c9b9b	0x001f92d8	READ	1
0x001c9ba1	0x0020223c	DATA	0
0x001c9ba3	0x001ce960	UNCONDITIONAL_CALL	0
0x001c9baf	0x001c9bdb	CONDITIONAL_JUMP	0
0x001c9bb5	0x001f92e8	READ	1
0x001c9bbb	0x00202250	DATA	0
0x001c9bbd	0x001ce960	UNCONDITIONAL_CALL	0
0x001c9bc3	0x001f92c4	READ	1
0x001c9bc9	0x00202090	DATA	0
0x001c9bca	0xStack[0x4]	READ	1
0x001c9bce	0x001ce960	UNCONDITIONAL_CALL	0
0x001c9bd9	0x001c9bb4	CONDITIONAL_JUMP	0
0x001c9bdb	0xStack[0x4]	READ	1
0x001c9bde	0xStack[-0x10]	DATA	0
0x001c9beb	0xStack[0x4]	READ	1
0x001c9bf7	0xStack[0x4]	READ	1
0x001c9c03	0xStack[0xc]	READ	1
0x001c9c07	0xStack[0x4]	READ	1
0x001c9c0b	0x001e55b8	READ	1
0x001c9c10	0x001ccfbc	COMPUTED_CALL	0
0x001c9c1c	0xStack[0x4]	READ	1
0x001c9c22	0x001e55bc	READ	1
0x001c9c27	0x001ccc14	COMPUTED_CALL	0
0x001c9c34	0x001c9c3c	CONDITIONAL_JUMP	0
0x001c9c38	0x001c9c49	UNCONDITIONAL_JUMP	0
0x001c9c3c	0x001f924c	READ	1
0x001c9c42	0x00201a24	DATA	0
0x001c9c44	0x001ce960	UNCONDITIONAL_CALL	0
0x001c9c49	0xStack[-0x8]	READ	1
0x001c9c54	0xStack[0x4]	READ	1
0x001c9c57	0x001cdef0	UNCONDITIONAL_CALL	0
0x001c9c60	0x001e55d8	READ	1
0x001c9c65	0x001ccb90	COMPUTED_CALL	0
0x001c9c67	0xStack[-0x8]	READ	1
0x001c9c73	0xStack[0xc]	READ	1
0x001c9c79	0xStack[0x4]	READ	1
0x001c9c7d	0x001e55d8	READ	1
0x001c9c82	0x001ccb90	COMPUTED_CALL	0
0x001c9c8b	0xStack[0x4]	READ	1
0x001c9c97	0xStack[0x4]	READ	1
0x001c9ca7	0xStack[0x4]	READ	1
0x001c9cb7	0xStack[0x4]	READ	1
0x001c9cc7	0xStack[0xc]	READ	1
0x001c9cca	0xStack[0x4]	READ	0
0x001c9cdf	0xStack[0x4]	READ	1
0x001c9ce3	0x001e55c8	READ	1
0x001c9ce8	0x001ca4f4	COMPUTED_CALL	0
0x001c9cff	0xStack[0x4]	READ	1
0x001c9d0b	0xStack[0x4]	READ	1
0x001c9d17	0xStack[0x4]	READ	1
0x001c9d23	0xStack[0x4]	READ	1
0x001c9d27	0x001cdefc	UNCONDITIONAL_CALL	0
0x001c9d31	0x001c9d38	CONDITIONAL_JUMP	0
0x001c9d33	0x001cdef0	UNCONDITIONAL_CALL	0
0x001c9d3f	0xStack[0x4]	READ	1
0x001c9d4f	0xStack[0x4]	READ	1
0x001c9d5f	0xStack[0x4]	READ	1
0x001c9d6f	0xStack[0x4]	READ	1
0x001c9d72	0xStack[0xc]	READ	1
0x001c9d7f	0xStack[0x4]	READ	1
0x001c9d82	0xStack[0xc]	READ	1
0x001c9d89	0x001c9da3	CONDITIONAL_JUMP	0
0x001c9d8e	0x001c9d9c	CONDITIONAL_JUMP	0
0x001c9da1	0x001c9d8c	CONDITIONAL_JUMP	0
0x001c9daf	0xStack[0x4]	READ	1
0x001c9db2	0xStack[0xc]	READ	1
0x001c9dc9	0xStack[0x4]	READ	1
0x001c9dcc	0xStack[0xc]	READ	1
0x001c9dd3	0x001c9df7	CONDITIONAL_JUMP	0
0x001c9ddd	0x00101e7c	UNCONDITIONAL_CALL	0
0x001c9de7	0x001c9df0	CONDITIONAL_JUMP	0
0x001c9dee	0x001c9df9	UNCONDITIONAL_JUMP	0
0x001c9df5	0x001c9dd8	CONDITIONAL_JUMP	0
0x001c9df9	0xStack[-0xc]	DATA	0
0x001c9e07	0xStack[0x4]	READ	1
0x001c9e10	0xStack[0xc]	READ	1
0x001c9e14	0x00101e7c	UNCONDITIONAL_CALL	0
0x001c9e2b	0xStack[0xc]	READ	1
0x001c9e2f	0xStack[0x4]	READ	1
0x001c9e33	0x001cd3f0	UNCONDITIONAL_CALL	0
0x001c9e43	0xStack[0x4]	READ	1
0x001c9e46	0xStack[0xc]	READ	1
0x001c9e4d	0x001cd3f0	UNCONDITIONAL_CALL	0
0x001c9e60	0xStack[0x4]	READ	1
0x001c9e63	0x001f9d4c	READ	1
0x001c9e69	0x00207310	DATA	0
0x001c9e6b	0x001ce960	UNCONDITIONAL_CALL	0
0x001c9e71	0x001f9d24	READ	1
0x001c9e77	0x002072ac	DATA	0
0x001c9e79	0x001ce960	UNCONDITIONAL_CALL	0
0x001c9e7e	0xStack[-0x8]	READ	1
0x001c9e8b	0xStack[0xc]	READ	1
0x001c9e91	0xStack[0x4]	READ	1
0x001c9e95	0x001e55dc	READ	1
0x001c9e9a	0x001ca488	COMPUTED_CALL	0
0x001c9ea3	0xStack[0x4]	READ	1
0x001c9ea6	0xStack[0xc]	READ	1
0x001c9ead	0x001cd4c0	UNCONDITIONAL_CALL	0
0x001c9ebb	0xStack[0xc]	READ	1
0x001c9ebf	0xStack[0x4]	READ	1
0x001c9ec3	0x001cd4c0	UNCONDITIONAL_CALL	0
0x001c9ed0	0xStack[0x4]	READ	1
0x001c9ed3	0xStack[0xc]	READ	1
0x001c9ed8	0x001c9f00	CONDITIONAL_JUMP	0
0x001c9edc	0xStack[0x8]	READ	1
0x001c9ee0	0x001d00dc	UNCONDITIONAL_CALL	0
0x001c9ee9	0x001d6602	DATA	0
0x001c9eee	0x001f9d20	READ	1
0x001c9ef4	0x00207590	DATA	0
0x001c9ef6	0x001ce960	UNCONDITIONAL_CALL	0
0x001c9efb	0x001c9f07	UNCONDITIONAL_JUMP	0
0x001c9f02	0x001ce960	UNCONDITIONAL_CALL	0
0x001c9f07	0xStack[-0x8]	READ	1
0x001c9f14	0xStack[0x4]	READ	1
0x001c9f17	0xStack[0xc]	READ	1
0x001c9f1c	0x001c9f44	CONDITIONAL_JUMP	0
0x001c9f20	0xStack[0x8]	READ	1
0x001c9f24	0x001d00dc	UNCONDITIONAL_CALL	0
0x001c9f2d	0x001d6602	DATA	0
0x001c9f32	0x001f9d20	READ	1
0x001c9f38	0x00207590	DATA	0
0x001c9f3a	0x001ce960	UNCONDITIONAL_CALL	0
0x001c9f3f	0x001c9f4f	UNCONDITIONAL_JUMP	0
0x001c9f44	0xStack[0x10]	READ	1
0x001c9f4a	0x001ce960	UNCONDITIONAL_CALL	0
0x001c9f4f	0xStack[-0x8]	READ	1
0x001c9f5c	0xStack[0x4]	READ	1
0x001c9f5f	0xStack[0xc]	READ	1
0x001c9f64	0x001c9f8c	CONDITIONAL_JUMP	0
0x001c9f68	0xStack[0x8]	READ	1
0x001c9f6c	0x001d00dc	UNCONDITIONAL_CALL	0
0x001c9f75	0x001d6602	DATA	0
0x001c9f7a	0x001f9d20	READ	1
0x001c9f80	0x00207590	DATA	0
0x001c9f82	0x001ce960	UNCONDITIONAL_CALL	0
0x001c9f87	0x001c9f9b	UNCONDITIONAL_JUMP	0
0x001c9f8c	0xStack[0x14]	READ	1
0x001c9f90	0xStack[0x10]	READ	1
0x001c9f96	0x001ce960	UNCONDITIONAL_CALL	0
0x001c9f9b	0xStack[-0x8]	READ	1
0x001c9fa8	0xStack[0x4]	READ	1
0x001c9fab	0xStack[0xc]	READ	1
0x001c9faf	0x001d00dc	UNCONDITIONAL_CALL	0
0x001c9fb5	0x001d6590	DATA	0
0x001c9fba	0x001f9d20	READ	1
0x001c9fc0	0x00207590	DATA	0
0x001c9fc2	0x001ce960	UNCONDITIONAL_CALL	0
0x001c9fc7	0xStack[-0x8]	READ	1
0x001c9fd4	0xStack[0x4]	READ	1
0x001c9fd7	0xStack[0xc]	READ	1
0x001c9fdb	0x001d00dc	UNCONDITIONAL_CALL	0
0x001c9fe1	0x001d65e6	DATA	0
0x001c9fe6	0x001f9d20	READ	1
0x001c9fec	0x00207590	DATA	0
0x001c9fee	0x001ce960	UNCONDITIONAL_CALL	0
0x001c9ff3	0xStack[-0x8]	READ	1
0x001ca000	0xStack[0x4]	READ	1
0x001ca003	0xStack[0xc]	READ	1
0x001ca007	0x001d00dc	UNCONDITIONAL_CALL	0
0x001ca018	0x001ca01f	CONDITIONAL_JUMP	0
0x001ca020	0x001d6626	DATA	0
0x001ca025	0x001f9d20	READ	1
0x001ca02b	0x00207590	DATA	0
0x001ca02d	0x001ce960	UNCONDITIONAL_CALL	0
0x001ca032	0xStack[-0x8]	READ	1
0x001ca042	0xStack[0x4]	READ	1
0x001ca045	0xStack[0xc]	READ	1
0x001ca048	0xStack[0x10]	DATA	0
0x001ca04e	0x001e55d4	READ	1
0x001ca053	0x001cdd80	COMPUTED_CALL	0
0x001ca058	0x001cdd80	UNCONDITIONAL_CALL	0
0x001ca05f	0xStack[-0x10]	DATA	0
0x001ca070	0xStack[0x4]	READ	1
0x001ca073	0xStack[0xc]	READ	1
0x001ca078	0x001ccb5c	UNCONDITIONAL_CALL	0
0x001ca081	0x001d99d0	DATA	0
0x001ca087	0x0017e1f4	UNCONDITIONAL_CALL	0
0x001ca08d	0x0017e1e8	UNCONDITIONAL_CALL	0
0x001ca092	0xStack[-0x8]	READ	1
0x001ca09f	0xStack[0x4]	READ	1
0x001ca0ab	0xStack[0x4]	READ	1
0x001ca0b7	0xStack[0xc]	READ	1
0x001ca0bb	0x001f9d1c	READ	1
0x001ca0c1	0x00207598	DATA	0
0x001ca0c2	0xStack[0x4]	READ	1
0x001ca0c6	0x001ce960	UNCONDITIONAL_CALL	0
0x001ca0d3	0xStack[0x4]	READ	1
0x001ca0d6	0xStack[0xc]	READ	1
0x001ca0dd	0x001ccc70	UNCONDITIONAL_CALL	0
0x001ca0e7	0x001ca0f4	CONDITIONAL_JUMP	0
0x001ca0ea	0x001cdb98	UNCONDITIONAL_CALL	0
0x001ca101	0xStack[0x4]	READ	1
0x001ca104	0xStack[0xc]	READ	1
0x001ca109	0x001ca110	CONDITIONAL_JUMP	0
0x001ca10d	0x001ca142	UNCONDITIONAL_JUMP	0
0x001ca111	0x001f9d18	READ	1
0x001ca117	0x00207574	DATA	0
0x001ca119	0x001ce960	UNCONDITIONAL_CALL	0
0x001ca123	0x001ca134	CONDITIONAL_JUMP	0
0x001ca125	0xStack[0x10]	READ	1
0x001ca12c	0x001cec00	UNCONDITIONAL_CALL	0
0x001ca131	0x001ca142	UNCONDITIONAL_JUMP	0
0x001ca135	0x001f9d1c	READ	1
0x001ca13b	0x00207598	DATA	0
0x001ca13d	0x001ce960	UNCONDITIONAL_CALL	0
0x001ca142	0xStack[-0xc]	DATA	0
0x001ca14f	0xStack[0x4]	READ	1
0x001ca152	0xStack[0xc]	READ	1
0x001ca156	0x001f9238	READ	1
0x001ca15c	0x00201988	DATA	0
0x001ca160	0x001ce960	UNCONDITIONAL_CALL	0
0x001ca172	0xStack[0x4]	READ	1
0x001ca177	0x001ca1d3	CONDITIONAL_JUMP	0
0x001ca182	0x001ca1cc	CONDITIONAL_JUMP	0
0x001ca189	0x001ca1cc	CONDITIONAL_JUMP	0
0x001ca191	0x001ca1be	CONDITIONAL_JUMP	0
0x001ca194	0xStack[0xc]	READ	1
0x001ca198	0x001f9238	READ	1
0x001ca19e	0x00201988	DATA	0
0x001ca1a4	0x001ce960	UNCONDITIONAL_CALL	0
0x001ca1ae	0x001ca1b8	CONDITIONAL_JUMP	0
0x001ca1b5	0x001ca1d5	UNCONDITIONAL_JUMP	0
0x001ca1bc	0x001ca194	CONDITIONAL_JUMP	0
0x001ca1c4	0x001ca1cc	CONDITIONAL_JUMP	0
0x001ca1ca	0x001ca18c	CONDITIONAL_JUMP	0
0x001ca1d1	0x001ca17c	CONDITIONAL_JUMP	0
0x001ca1d5	0xStack[-0x10]	DATA	0
0x001ca1e9	0xStack[0x4]	READ	1
0x001ca1f0	0x001ca264	CONDITIONAL_JUMP	0
0x001ca1fa	0x001ca25d	CONDITIONAL_JUMP	0
0x001ca201	0x001ca25d	CONDITIONAL_JUMP	0
0x001ca204	0xStack[-0x8]	WRITE	0
0x001ca20b	0x001ca247	UNCONDITIONAL_JUMP	0
0x001ca210	0xStack[-0x8]	READ	1
0x001ca21b	0x001ca22c	CONDITIONAL_JUMP	0
0x001ca21d	0xStack[0xc]	READ	1
0x001ca221	0x001f9d14	READ	1
0x001ca227	0x001ca236	UNCONDITIONAL_JUMP	0
0x001ca22c	0xStack[0xc]	READ	1
0x001ca230	0x001f9d10	READ	1
0x001ca236	0x00207620	DATA	0
0x001ca236	0x00207498	DATA	0
0x001ca238	0x001ce960	UNCONDITIONAL_CALL	0
0x001ca242	0x001ca2ad	CONDITIONAL_JUMP	0
0x001ca244	0xStack[-0x8]	READ_WRITE	0
0x001ca247	0xStack[-0x8]	READ	1
0x001ca24d	0x001ca210	CONDITIONAL_JUMP	0
0x001ca255	0x001ca25d	CONDITIONAL_JUMP	0
0x001ca25b	0x001ca204	CONDITIONAL_JUMP	0
0x001ca262	0x001ca1f4	CONDITIONAL_JUMP	0
0x001ca264	0xStack[0x4]	READ	1
0x001ca26b	0x001ca2ab	CONDITIONAL_JUMP	0
0x001ca275	0x001ca2a4	CONDITIONAL_JUMP	0
0x001ca27d	0x001ca29e	CONDITIONAL_JUMP	0
0x001ca286	0xStack[0xc]	READ	1
0x001ca28d	0x001ca298	CONDITIONAL_JUMP	0
0x001ca293	0x001ca2ad	UNCONDITIONAL_JUMP	0
0x001ca29c	0x001ca280	CONDITIONAL_JUMP	0
0x001ca2a2	0x001ca278	CONDITIONAL_JUMP	0
0x001ca2a9	0x001ca270	CONDITIONAL_JUMP	0
0x001ca2ad	0xStack[-0x14]	DATA	0
0x001ca2c1	0xStack[0x4]	READ	1
0x001ca2c4	0x001ca33d	UNCONDITIONAL_JUMP	0
0x001ca2c8	0xStack[-0x10]	READ	1
0x001ca2d1	0x001ca337	CONDITIONAL_JUMP	0
0x001ca2d6	0x001ca330	UNCONDITIONAL_JUMP	0
0x001ca2d8	0xStack[-0x8]	WRITE	0
0x001ca2df	0xStack[-0x8]	READ	1
0x001ca2e2	0xStack[-0xc]	READ	1
0x001ca2e8	0x001ca320	CONDITIONAL_JUMP	0
0x001ca2ec	0xStack[0xc]	READ	1
0x001ca2f0	0x001f9d10	READ	1
0x001ca2f6	0x00207498	DATA	0
0x001ca2f7	0xStack[-0x8]	READ	1
0x001ca2fa	0xStack[-0xc]	READ	1
0x001ca302	0x001ce960	UNCONDITIONAL_CALL	0
0x001ca30c	0x001ca393	CONDITIONAL_JUMP	0
0x001ca312	0xStack[-0x8]	READ_WRITE	0
0x001ca315	0xStack[-0x8]	READ	1
0x001ca318	0xStack[-0xc]	READ	1
0x001ca31e	0x001ca2ec	CONDITIONAL_JUMP	0
0x001ca320	0xStack[-0x10]	READ	1
0x001ca329	0x001ca337	CONDITIONAL_JUMP	0
0x001ca32b	0xStack[-0xc]	READ	1
0x001ca330	0xStack[-0xc]	WRITE	0
0x001ca335	0x001ca2d8	CONDITIONAL_JUMP	0
0x001ca337	0xStack[-0x10]	READ	1
0x001ca33d	0xStack[-0x10]	WRITE	0
0x001ca342	0x001ca2c8	CONDITIONAL_JUMP	0
0x001ca344	0xStack[0x4]	READ	1
0x001ca347	0x001ca38a	UNCONDITIONAL_JUMP	0
0x001ca34c	0xStack[-0x10]	READ	1
0x001ca354	0x001ca384	CONDITIONAL_JUMP	0
0x001ca35d	0x001ca37e	CONDITIONAL_JUMP	0
0x001ca366	0xStack[0xc]	READ	1
0x001ca36d	0x001ca378	CONDITIONAL_JUMP	0
0x001ca373	0x001ca393	UNCONDITIONAL_JUMP	0
0x001ca37c	0x001ca360	CONDITIONAL_JUMP	0
0x001ca382	0x001ca358	CONDITIONAL_JUMP	0
0x001ca384	0xStack[-0x10]	READ	1
0x001ca38a	0xStack[-0x10]	WRITE	0
0x001ca38f	0x001ca34c	CONDITIONAL_JUMP	0
0x001ca393	0xStack[-0x1c]	DATA	0
0x001ca3a3	0x001f9d0c	READ	1
0x001ca3a9	0x002074e0	DATA	0
0x001ca3aa	0xStack[0x4]	READ	1
0x001ca3ae	0x001ce960	UNCONDITIONAL_CALL	0
0x001ca3bb	0x001f9d0c	READ	1
0x001ca3c1	0x002074e0	DATA	0
0x001ca3c2	0xStack[0x4]	READ	1
0x001ca3c6	0x001ce960	UNCONDITIONAL_CALL	0
0x001ca3d3	0xStack[0xc]	READ	1
0x001ca3d7	0x001f9d08	READ	1
0x001ca3dd	0x002075f0	DATA	0
0x001ca3de	0xStack[0x4]	READ	1
0x001ca3e2	0x001ce960	UNCONDITIONAL_CALL	0
0x001ca3f3	0xStack[0xc]	READ	1
0x001ca3f7	0x001f9d04	READ	1
0x001ca3fd	0x002075d8	DATA	0
0x001ca3fe	0xStack[0x4]	READ	1
0x001ca402	0x001ce960	UNCONDITIONAL_CALL	0
0x001ca413	0xStack[0xc]	READ	1
0x001ca417	0x001f9d00	READ	1
0x001ca41d	0x00207550	DATA	0
0x001ca41e	0xStack[0x4]	READ	1
0x001ca422	0x001ce960	UNCONDITIONAL_CALL	0
0x001ca42f	0xStack[0xc]	READ	1
0x001ca433	0x001f9d10	READ	1
0x001ca439	0x00207498	DATA	0
0x001ca43a	0xStack[0x4]	READ	1
0x001ca43e	0x001ce960	UNCONDITIONAL_CALL	0
0x001ca44b	0xStack[0xc]	READ	1
0x001ca44f	0x001e55cc	READ	1
0x001ca454	0x001ced70	COMPUTED_CALL	0
0x001ca460	0xStack[0x4]	READ	1
0x001ca463	0xStack[0xc]	READ	1
0x001ca467	0x001d00dc	UNCONDITIONAL_CALL	0
0x001ca46d	0x001d65b9	DATA	0
0x001ca472	0x001f9d20	READ	1
0x001ca478	0x00207590	DATA	0
0x001ca47a	0x001ce960	UNCONDITIONAL_CALL	0
0x001ca47f	0xStack[-0x8]	READ	1
0x001ca48e	0xStack[0x4]	READ	1
0x001ca491	0xStack[0x8]	READ	1
0x001ca496	0x001ca4bc	CONDITIONAL_JUMP	0
0x001ca498	0xStack[0xc]	READ	1
0x001ca4a0	0x001e55d8	READ	1
0x001ca4a5	0x001ccb90	COMPUTED_CALL	0
0x001ca4b3	0x00101504	UNCONDITIONAL_CALL	0
0x001ca4ba	0x001ca4be	UNCONDITIONAL_JUMP	0
0x001ca4be	0xStack[-0x10]	DATA	0
0x001ca4cc	0xStack[0x4]	READ	1
0x001ca4d0	0x001cdefc	UNCONDITIONAL_CALL	0
0x001ca4da	0x001ca4e1	CONDITIONAL_JUMP	0
0x001ca4dc	0x001cdef0	UNCONDITIONAL_CALL	0
0x001ca4e2	0xStack[0x8]	READ	1
0x001ca4e7	0x001ca488	UNCONDITIONAL_CALL	0
0x001ca4ec	0xStack[-0x8]	READ	1
0x001ca4f8	0xStack[0x4]	READ	1
0x001ca4fd	0x001ca50c	CONDITIONAL_JUMP	0
0x001ca4ff	0x001cd85c	UNCONDITIONAL_CALL	0
0x001ca507	0x0015ab30	UNCONDITIONAL_CALL	0
0x001ca50e	0xStack[-0x8]	READ	1
0x001ca51e	0xStack[0x4]	READ	1
0x001ca521	0xStack[0x8]	READ	1
0x001ca526	0x001ca539	CONDITIONAL_JUMP	0
0x001ca52a	0x001d653c	DATA	0
0x001ca531	0x001cdd10	UNCONDITIONAL_CALL	0
0x001ca539	0x001cd85c	UNCONDITIONAL_CALL	0
0x001ca540	0x001ca552	CONDITIONAL_JUMP	0
0x001ca544	0x001d6554	DATA	0
0x001ca54a	0x001cdd10	UNCONDITIONAL_CALL	0
0x001ca557	0x001ca572	CONDITIONAL_JUMP	0
0x001ca55b	0x001ccb5c	UNCONDITIONAL_CALL	0
0x001ca564	0x001d656e	DATA	0
0x001ca56a	0x001cdd10	UNCONDITIONAL_CALL	0
0x001ca574	0x001cd85c	UNCONDITIONAL_CALL	0
0x001ca57d	0xStack[0xc]	READ	1
0x001ca58a	0x001ca5a8	CONDITIONAL_JUMP	0
0x001ca58e	0x001ccb5c	UNCONDITIONAL_CALL	0
0x001ca597	0x001d651c	DATA	0
0x001ca59d	0x001cdd10	UNCONDITIONAL_CALL	0
0x001ca5a4	0x001ca5aa	UNCONDITIONAL_JUMP	0
0x001ca5aa	0xStack[-0x10]	DATA	0
0x001ca5b8	0xStack[0x4]	READ	1
0x001ca5bc	0x001cdefc	UNCONDITIONAL_CALL	0
0x001ca5c6	0x001ca5cd	CONDITIONAL_JUMP	0
0x001ca5c8	0x001cdef0	UNCONDITIONAL_CALL	0
0x001ca5ce	0xStack[0x8]	READ	1
0x001ca5d3	0x001ca518	UNCONDITIONAL_CALL	0
0x001ca5d8	0xStack[-0x8]	READ	1
0x001ca5e3	0xStack[0x8]	READ	1
0x001ca5e7	0xStack[0x4]	READ	1
0x001ca5eb	0x001e55c0	READ	1
0x001ca5f0	0x001ca4c8	COMPUTED_CALL	0
0x001ca5fb	0xStack[0xc]	READ	1
0x001ca5ff	0xStack[0x8]	READ	1
0x001ca603	0xStack[0x4]	READ	1
0x001ca607	0x001e55dc	READ	1
0x001ca60c	0x001ca488	COMPUTED_CALL	0
0x001ca617	0xStack[0x4]	READ	1
0x001ca61b	0x001e55c8	READ	1
0x001ca620	0x001ca4f4	COMPUTED_CALL	0
0x001ca62b	0xStack[0x8]	READ	1
0x001ca62f	0xStack[0x4]	READ	1
0x001ca633	0x001e55c4	READ	1
0x001ca638	0x001ca5b4	COMPUTED_CALL	0
0x001ca643	0xStack[0xc]	READ	1
0x001ca647	0xStack[0x8]	READ	1
0x001ca64b	0xStack[0x4]	READ	1
0x001ca64f	0x001e55e0	READ	1
0x001ca654	0x001ca518	COMPUTED_CALL	0
0x001ca660	0xStack[0x4]	READ	1
0x001ca663	0xStack[0x8]	READ	1
0x001ca66a	0x001ca689	CONDITIONAL_JUMP	0
0x001ca66e	0x001ca689	CONDITIONAL_JUMP	0
0x001ca674	0x001ccd7c	UNCONDITIONAL_CALL	0
0x001ca67d	0x001ca689	CONDITIONAL_JUMP	0
0x001ca684	0xStack[0xc]	READ	1
0x001ca68b	0xStack[-0x8]	READ	1
0x001ca699	0xStack[0x4]	READ	1
0x001ca69c	0xStack[0x8]	READ	1
0x001ca69f	0xStack[0xc]	READ	1
0x001ca6a6	0x001ca6ce	CONDITIONAL_JUMP	0
0x001ca6aa	0x001ca6ce	CONDITIONAL_JUMP	0
0x001ca6b0	0x001ccd7c	UNCONDITIONAL_CALL	0
0x001ca6b9	0x001ca6c8	CONDITIONAL_JUMP	0
0x001ca6c4	0x001ca6ce	UNCONDITIONAL_JUMP	0
0x001ca6d0	0xStack[-0xc]	DATA	0
0x001ca6e2	0xStack[0xc]	READ	1
0x001ca6e7	0xStack[0x10]	READ	0
0x001ca6ea	0x001ca746	CONDITIONAL_JUMP	0
0x001ca6f6	0x001ca704	CONDITIONAL_JUMP	0
0x001ca6fd	0x001ca704	CONDITIONAL_JUMP	0
0x001ca712	0x001ca737	CONDITIONAL_JUMP	0
0x001ca719	0x001ca737	CONDITIONAL_JUMP	0
0x001ca71b	0x001d99dc	DATA	0
0x001ca720	0x001cddfc	UNCONDITIONAL_CALL	0
0x001ca72a	0x001d9a04	DATA	0
0x001ca72f	0x001cddfc	UNCONDITIONAL_CALL	0
0x001ca73a	0xStack[0x4]	READ	1
0x001ca741	0xStack[0x10]	READ	0
0x001ca744	0x001ca6ec	CONDITIONAL_JUMP	0
0x001ca746	0xStack[0x4]	READ	1
0x001ca749	0xStack[-0x10]	DATA	0
0x001ca75d	0xStack[0xc]	READ	1
0x001ca762	0x001ca7db	CONDITIONAL_JUMP	0
0x001ca764	0xStack[0x4]	READ	1
0x001ca76f	0x00101e7c	UNCONDITIONAL_CALL	0
0x001ca779	0x001ca784	CONDITIONAL_JUMP	0
0x001ca780	0x001ca7dd	UNCONDITIONAL_JUMP	0
0x001ca784	0xStack[0x4]	READ	1
0x001ca78b	0x001ca7db	CONDITIONAL_JUMP	0
0x001ca797	0x001ca7db	CONDITIONAL_JUMP	0
0x001ca7a0	0xStack[-0x8]	WRITE	0
0x001ca7ab	0x00101e7c	UNCONDITIONAL_CALL	0
0x001ca7b5	0x001ca77b	CONDITIONAL_JUMP	0
0x001ca7b8	0x001f9238	READ	1
0x001ca7be	0x00201988	DATA	0
0x001ca7bf	0xStack[-0x8]	READ	1
0x001ca7c3	0x001ce960	UNCONDITIONAL_CALL	0
0x001ca7cd	0x001ca77b	CONDITIONAL_JUMP	0
0x001ca7d0	0xStack[0x4]	READ	1
0x001ca7d9	0x001ca79c	CONDITIONAL_JUMP	0
0x001ca7dd	0xStack[-0x14]	DATA	0
0x001ca7ed	0xStack[0x4]	READ	1
0x001ca7f0	0xStack[0xc]	READ	1
0x001ca7f8	0x001ca868	UNCONDITIONAL_CALL	0
0x001ca802	0x001ca814	CONDITIONAL_JUMP	0
0x001ca808	0x001ca814	CONDITIONAL_JUMP	0
0x001ca80f	0x001ca8a0	UNCONDITIONAL_CALL	0
0x001ca814	0xStack[-0xc]	DATA	0
0x001ca825	0xStack[0x4]	READ	1
0x001ca828	0xStack[0xc]	READ	1
0x001ca830	0x001ca868	UNCONDITIONAL_CALL	0
0x001ca83a	0x001ca84c	CONDITIONAL_JUMP	0
0x001ca840	0x001ca84c	CONDITIONAL_JUMP	0
0x001ca847	0x001ca900	UNCONDITIONAL_CALL	0
0x001ca84c	0xStack[-0xc]	DATA	0
0x001ca85b	0xStack[0x4]	READ	1
0x001ca86c	0xStack[0x4]	READ	1
0x001ca86f	0xStack[0x8]	READ	1
0x001ca874	0x001ca895	CONDITIONAL_JUMP	0
0x001ca87a	0x001ca895	CONDITIONAL_JUMP	0
0x001ca887	0x001ca890	CONDITIONAL_JUMP	0
0x001ca88d	0x001ca897	UNCONDITIONAL_JUMP	0
0x001ca893	0x001ca87c	CONDITIONAL_JUMP	0
0x001ca897	0xStack[-0x8]	READ	1
0x001ca8a6	0xStack[0x4]	READ	1
0x001ca8a9	0xStack[0x8]	READ	1
0x001ca8b3	0x001ca8f4	CONDITIONAL_JUMP	0
0x001ca8c0	0x001ca8cf	CONDITIONAL_JUMP	0
0x001ca8c7	0x001ca868	UNCONDITIONAL_CALL	0
0x001ca8d1	0x001ca8f6	CONDITIONAL_JUMP	0
0x001ca8db	0x001ca8ea	CONDITIONAL_JUMP	0
0x001ca8e2	0x001ca8a0	UNCONDITIONAL_CALL	0
0x001ca8ec	0x001ca8f6	CONDITIONAL_JUMP	0
0x001ca8f2	0x001ca8b8	CONDITIONAL_JUMP	0
0x001ca8f6	0xStack[-0x10]	DATA	0
0x001ca906	0xStack[0x4]	READ	1
0x001ca909	0xStack[0x8]	READ	1
0x001ca913	0x001ca954	CONDITIONAL_JUMP	0
0x001ca920	0x001ca92f	CONDITIONAL_JUMP	0
0x001ca927	0x001ca868	UNCONDITIONAL_CALL	0
0x001ca931	0x001ca956	CONDITIONAL_JUMP	0
0x001ca93b	0x001ca94a	CONDITIONAL_JUMP	0
0x001ca942	0x001ca900	UNCONDITIONAL_CALL	0
0x001ca94c	0x001ca956	CONDITIONAL_JUMP	0
0x001ca952	0x001ca918	CONDITIONAL_JUMP	0
0x001ca956	0xStack[-0x10]	DATA	0
0x001ca964	0xStack[0x4]	READ	1
0x001ca968	0x001e5534	READ	0
0x001ca96f	0x001ca968	CONDITIONAL_JUMP	0
0x001ca976	0x001e5534	READ_WRITE	0
0x001ca981	0x001ca968	CONDITIONAL_JUMP	0
0x001ca983	0x001e551c	DATA	1
0x001ca98a	0x001ca99f	CONDITIONAL_JUMP	0
0x001ca98c	0x001e552c	READ	0
0x001ca990	0x001ca998	CONDITIONAL_JUMP	0
0x001ca992	0x001e552c	WRITE	0
0x001ca995	0x001ca9bc	UNCONDITIONAL_JUMP	0
0x001ca998	0x001e5530	READ	1
0x001ca99d	0x001ca98c	CONDITIONAL_JUMP	0
0x001ca9a3	0x0015a910	UNCONDITIONAL_CALL	0
0x001ca9ad	0x001e5530	READ	1
0x001ca9b6	0x001e5530	WRITE	0
0x001ca9be	0x001e5534	READ_WRITE	0
0x001ca9c4	0x001e551c	DATA	0
0x001ca9c6	0xStack[-0x8]	READ	1
0x001ca9d3	0xStack[0x4]	READ	1
0x001ca9d6	0x001e551c	DATA	1
0x001ca9dd	0x001caa04	CONDITIONAL_JUMP	0
0x001ca9e0	0x001e552c	READ	0
0x001ca9e3	0x001ca9ec	CONDITIONAL_JUMP	0
0x001ca9e5	0x001e5530	READ	1
0x001ca9ea	0x001ca9e0	CONDITIONAL_JUMP	0
0x001ca9ee	0x001caa04	CONDITIONAL_JUMP	0
0x001caa11	0x00168ec8	UNCONDITIONAL_CALL	0
0x001caa18	0x001e551c	DATA	1
0x001caa1f	0x001caa37	CONDITIONAL_JUMP	0
0x001caa24	0x001e552c	READ	0
0x001caa27	0x001caa30	CONDITIONAL_JUMP	0
0x001caa2b	0x001caa42	UNCONDITIONAL_JUMP	0
0x001caa30	0x001e5530	READ	1
0x001caa35	0x001caa24	CONDITIONAL_JUMP	0
0x001caa38	0x001ca960	UNCONDITIONAL_CALL	0
0x001caa42	0x001e551c	READ	1
0x001caa44	0xStack[0x4]	READ	0
0x001caa47	0x001caa90	CONDITIONAL_JUMP	0
0x001caa4b	0x001cab46	CONDITIONAL_JUMP	0
0x001caa54	0x001caa70	CONDITIONAL_JUMP	0
0x001caa62	0x001e5520	READ	1
0x001caa68	0x001e545c	DATA	1
0x001caa6b	0x001caa7a	UNCONDITIONAL_JUMP	0
0x001caa70	0xStack[-0x8]	DATA	0
0x001caa75	0x001caa80	CONDITIONAL_JUMP	0
0x001caa7c	0x001caa44	UNCONDITIONAL_JUMP	0
0x001caa80	0x001d9a28	DATA	0
0x001caa85	0x001cdd3c	UNCONDITIONAL_CALL	0
0x001caa8a	0x0017e220	UNCONDITIONAL_CALL	0
0x001caa92	0x001cab46	CONDITIONAL_JUMP	0
0x001caa98	0xStack[0x8]	READ	0
0x001caa9c	0x001caaab	CONDITIONAL_JUMP	0
0x001caa9e	0x001d9a28	DATA	0
0x001caaa3	0x001cdd3c	UNCONDITIONAL_CALL	0
0x001caab0	0x001e551c	READ	1
0x001caab0	0x001e545c	DATA	1
0x001caab5	0x001cab2c	CONDITIONAL_JUMP	0
0x001caac9	0x001e5520	READ	1
0x001caacc	0xStack[-0x8]	WRITE	0
0x001caacf	0xStack[0x8]	READ	0
0x001caad3	0x001caae0	CONDITIONAL_JUMP	0
0x001caad5	0xStack[0x4]	READ	0
0x001caad8	0x001cab24	CONDITIONAL_JUMP	0
0x001caada	0xStack[-0x8]	READ	1
0x001caadd	0x001cab3d	UNCONDITIONAL_JUMP	0
0x001caae0	0xStack[0x4]	READ	0
0x001caae3	0x001caafa	CONDITIONAL_JUMP	0
0x001caae5	0xStack[-0x8]	READ	1
0x001caaee	0x001e5464	DATA	1
0x001caaf2	0x001e5460	DATA	1
0x001caafa	0xStack[-0x8]	READ	1
0x001caafd	0x001e5520	READ	1
0x001cab1e	0x001e5528	WRITE	0
0x001cab21	0xStack[-0x8]	READ	1
0x001cab24	0x001e545c	DATA	1
0x001cab26	0x001e545c	DATA	1
0x001cab28	0x001cab3d	UNCONDITIONAL_JUMP	0
0x001cab2c	0xStack[0x8]	READ	0
0x001cab30	0x001cab38	CONDITIONAL_JUMP	0
0x001cab35	0x001cab3d	UNCONDITIONAL_JUMP	0
0x001cab3b	0x001e545c	DATA	1
0x001cab3d	0xStack[0x4]	READ	0
0x001cab40	0x001caab0	CONDITIONAL_JUMP	0
0x001cab46	0xStack[-0x14]	DATA	0
0x001cab55	0x00168ec8	UNCONDITIONAL_CALL	0
0x001cab5c	0x001e551c	DATA	1
0x001cab63	0x001cab74	CONDITIONAL_JUMP	0
0x001cab68	0x001e552c	READ	0
0x001cab6b	0x001cabb8	CONDITIONAL_JUMP	0
0x001cab6d	0x001e5530	READ	1
0x001cab72	0x001cab68	CONDITIONAL_JUMP	0
0x001cab75	0x001ca960	UNCONDITIONAL_CALL	0
0x001cab85	0x001cabd5	CONDITIONAL_JUMP	0
0x001cab87	0x001e545c	DATA	1
0x001cab8e	0x001cabbc	CONDITIONAL_JUMP	0
0x001cab9d	0x0015a880	UNCONDITIONAL_CALL	0
0x001cabab	0x001e545c	DATA	0
0x001cabb0	0x001013cc	UNCONDITIONAL_CALL	0
0x001cabb5	0x001cabd5	UNCONDITIONAL_JUMP	0
0x001cabba	0x001cab7f	UNCONDITIONAL_JUMP	0
0x001cabcd	0x0015a9a8	UNCONDITIONAL_CALL	0
0x001cac12	0xStack[0x4]	READ	1
0x001cac18	0xStack[0x8]	READ	1
0x001cac20	0xStack[-0xc]	DATA	0
0x001cac30	0xStack[0x4]	READ	1
0x001cac33	0x001e551c	DATA	1
0x001cac3a	0x001cac8b	CONDITIONAL_JUMP	0
0x001cac50	0x001e551c	READ	0
0x001cac52	0x001cac84	CONDITIONAL_JUMP	0
0x001cac56	0x001e5520	READ	1
0x001cac5b	0x001e5520	READ	1
0x001cac7a	0x001e5528	WRITE	0
0x001cac7d	0x001e545c	DATA	1
0x001cac7f	0x001e551c	WRITE	0
0x001cac81	0x001cac93	UNCONDITIONAL_JUMP	0
0x001cac84	0x001e5530	READ	1
0x001cac89	0x001cac50	CONDITIONAL_JUMP	0
0x001cac8e	0x001caa08	UNCONDITIONAL_CALL	0
0x001cac93	0xStack[-0x8]	READ	1
0x001caca0	0xStack[0x4]	READ	1
0x001caca3	0x00168ec8	UNCONDITIONAL_CALL	0
0x001cacaa	0x001e551c	DATA	1
0x001cacb1	0x001cacc0	CONDITIONAL_JUMP	0
0x001cacb4	0x001e552c	READ	0
0x001cacb7	0x001cacc6	CONDITIONAL_JUMP	0
0x001cacb9	0x001e5530	READ	1
0x001cacbe	0x001cacb4	CONDITIONAL_JUMP	0
0x001cacc1	0x001ca960	UNCONDITIONAL_CALL	0
0x001cacd4	0xStack[-0x8]	READ	1
0x001cacdf	0xStack[0x4]	READ	1
0x001cace2	0x001e551c	DATA	1
0x001cace9	0x001cad03	CONDITIONAL_JUMP	0
0x001cacec	0x001e551c	READ	0
0x001cacee	0x001cacfc	CONDITIONAL_JUMP	0
0x001cacf3	0x001e551c	WRITE	0
0x001cacfc	0x001e5530	READ	1
0x001cad01	0x001cacec	CONDITIONAL_JUMP	0
0x001cad06	0x001caa08	UNCONDITIONAL_CALL	0
0x001cad13	0xStack[0x4]	READ	1
0x001cad16	0x001e5458	WRITE	0
0x001cad23	0x001e5458	READ	1
0x001cad23	0x001cad48	DATA	0
0x001cad2f	0xStack[0xc]	READ	1
0x001cad33	0xStack[0x8]	READ	1
0x001cad37	0xStack[0x4]	READ	1
0x001cad3b	0x001e5458	READ	1
0x001cad40	0x001cad48	COMPUTED_CALL	0
0x001cad42	0x0017e220	UNCONDITIONAL_CALL	0
0x001cad4e	0xStack[0x8]	READ	1
0x001cad51	0x00168ec8	UNCONDITIONAL_CALL	0
0x001cad58	0x001e551c	DATA	1
0x001cad5f	0x001cad77	CONDITIONAL_JUMP	0
0x001cad64	0x001e552c	READ	0
0x001cad67	0x001cad70	CONDITIONAL_JUMP	0
0x001cad6b	0x001cad84	UNCONDITIONAL_JUMP	0
0x001cad70	0x001e5530	READ	1
0x001cad75	0x001cad64	CONDITIONAL_JUMP	0
0x001cad78	0x001ca960	UNCONDITIONAL_CALL	0
0x001cad84	0x001e551c	READ	0
0x001cad88	0x001cadb4	CONDITIONAL_JUMP	0
0x001cad8a	0x001f7b4c	READ	0
0x001cad91	0x001cada6	CONDITIONAL_JUMP	0
0x001cad93	0xStack[0xc]	READ	1
0x001cad98	0xStack[0x4]	READ	1
0x001cad9c	0x001f7b4c	READ	1
0x001cada6	0x001d9a58	DATA	0
0x001cadab	0x0010ca6c	UNCONDITIONAL_CALL	0
0x001cadb6	0x001cae14	CONDITIONAL_JUMP	0
0x001cadcc	0x001e5520	READ	1
0x001cadcf	0x001e545c	DATA	1
0x001cadd1	0x001e551c	WRITE	0
0x001cadd5	0x001e5520	READ	1
0x001cadf6	0x001e5528	WRITE	0
0x001cadf9	0xStack[0xc]	READ	1
0x001cadfe	0xStack[0x4]	READ	1
0x001cae02	0x001e5464	DATA	1
0x001cae06	0x001e5460	DATA	1
0x001cae0e	0x001cad84	UNCONDITIONAL_JUMP	0
0x001cae14	0xStack[0x4]	READ	1
0x001cae1d	0xStack[0xc]	READ	1
0x001cae26	0x001e551c	WRITE	0
0x001cae2b	0x00186fb0	UNCONDITIONAL_CALL	0
0x001cae34	0x001e551c	DATA	0
0x001cae35	0xStack[0x8]	READ	1
0x001cae38	0x001e5540	READ	0
0x001cae3f	0x001cae38	CONDITIONAL_JUMP	0
0x001cae46	0x001e5540	READ_WRITE	0
0x001cae51	0x001cae38	CONDITIONAL_JUMP	0
0x001cae53	0xStack[0x4]	READ	1
0x001cae56	0x001e553c	READ	1
0x001cae62	0x001e5454	READ	0
0x001cae68	0x001cae82	CONDITIONAL_JUMP	0
0x001cae6b	0x001e5538	READ	1
0x001cae72	0x0015a9a8	UNCONDITIONAL_CALL	0
0x001cae77	0x001e5538	WRITE	0
0x001cae7c	0x001e5454	WRITE	0
0x001cae82	0x001e5538	READ	1
0x001cae88	0x001e553c	READ	1
0x001cae90	0x001e553c	WRITE	0
0x001cae98	0x001e5540	READ_WRITE	0
0x001cae9e	0xStack[-0xc]	DATA	0
0x001caeab	0x001e553c	WRITE	0
0x001caebf	0xStack[0x4]	READ	1
0x001caec5	0x001caed4	CONDITIONAL_JUMP	0
0x001caeca	0x001caebc	UNCONDITIONAL_CALL	0
0x001caedf	0xStack[0x4]	READ	1
0x001caefa	0xStack[0x4]	READ	1
0x001caefd	0xStack[0x8]	READ	1
0x001caf04	0x001cbb1c	UNCONDITIONAL_CALL	0
0x001caf0b	0xStack[0x8]	READ	1
0x001caf13	0x001cbb1c	UNCONDITIONAL_CALL	0
0x001caf1a	0xStack[0x8]	READ	1
0x001caf22	0x001cbb1c	UNCONDITIONAL_CALL	0
0x001caf2f	0xStack[0x8]	READ	1
0x001caf35	0xStack[-0x10]	DATA	0
0x001caf44	0xStack[0x8]	READ	1
0x001caf47	0xStack[0xc]	READ	1
0x001caf50	0x001caf6b	CONDITIONAL_JUMP	0
0x001caf58	0x001caf6b	CONDITIONAL_JUMP	0
0x001caf60	0x001caf6b	CONDITIONAL_JUMP	0
0x001caf68	0x001caf6b	CONDITIONAL_JUMP	0
0x001caf6d	0xStack[-0x8]	READ	1
0x001caf7a	0x0015a880	UNCONDITIONAL_CALL	0
0x001caf80	0x0015ab30	UNCONDITIONAL_CALL	0
0x001caf85	0x001cdef0	UNCONDITIONAL_CALL	0
0x001caf8e	0x001cdef0	UNCONDITIONAL_CALL	0
0x001caf99	0x001e5554	WRITE	0
0x001caf9e	0x001e5544	DATA	1
0x001cafb6	0x001cdef0	UNCONDITIONAL_CALL	0
0x001cafbc	0x001cdf1c	UNCONDITIONAL_CALL	0
0x001cafc3	0x001e5554	READ	1
0x001cafde	0x001e5544	DATA	1
0x001cafe5	0xStack[-0x8]	READ	1
0x001caff1	0xStack[0x14]	READ	1
0x001caff4	0xStack[0x18]	READ	1
0x001caff7	0x001cdef0	UNCONDITIONAL_CALL	0
0x001cafff	0xStack[0x10]	READ	1
0x001cb003	0xStack[0xc]	READ	1
0x001cb007	0xStack[0x8]	READ	1
0x001cb00b	0xStack[0x4]	READ	1
0x001cb00f	0x001cb020	UNCONDITIONAL_CALL	0
0x001cb014	0xStack[-0xc]	DATA	0
0x001cb026	0xStack[0x1c]	READ	1
0x001cb036	0x001e5554	READ	0
0x001cb03d	0x001cb044	CONDITIONAL_JUMP	0
0x001cb03f	0x001caf74	UNCONDITIONAL_CALL	0
0x001cb044	0xStack[0x4]	READ	0
0x001cb048	0x001cb051	CONDITIONAL_JUMP	0
0x001cb04a	0x001cbb1c	DATA	1
0x001cb04a	0xStack[0x4]	WRITE	0
0x001cb051	0xStack[0x8]	READ	0
0x001cb055	0x001cb05e	CONDITIONAL_JUMP	0
0x001cb057	0x001cbb7c	DATA	1
0x001cb057	0xStack[0x8]	WRITE	0
0x001cb05e	0xStack[0xc]	READ	0
0x001cb062	0x001cb06b	CONDITIONAL_JUMP	0
0x001cb064	0x001cbc00	DATA	1
0x001cb064	0xStack[0xc]	WRITE	0
0x001cb06b	0xStack[0x10]	READ	0
0x001cb06f	0x001cb078	CONDITIONAL_JUMP	0
0x001cb071	0x001d9a6c	DATA	0
0x001cb076	0x001cb0de	UNCONDITIONAL_JUMP	0
0x001cb078	0xStack[0x4]	DATA	0
0x001cb07c	0x001e5554	READ	1
0x001cb083	0x001cb464	UNCONDITIONAL_CALL	0
0x001cb08f	0x001cb0e8	CONDITIONAL_JUMP	0
0x001cb091	0x001cdef0	UNCONDITIONAL_CALL	0
0x001cb09a	0x001cdef0	UNCONDITIONAL_CALL	0
0x001cb0a9	0xStack[0x4]	DATA	0
0x001cb0ae	0x00101504	UNCONDITIONAL_CALL	0
0x001cb0b4	0x001e5554	READ	1
0x001cb0bb	0x001cb5c8	UNCONDITIONAL_CALL	0
0x001cb0c0	0xStack[0x4]	DATA	0
0x001cb0c4	0x001e5554	READ	1
0x001cb0cb	0x001cb464	UNCONDITIONAL_CALL	0
0x001cb0d7	0x001cb0e8	CONDITIONAL_JUMP	0
0x001cb0d9	0x001d9a94	DATA	0
0x001cb0de	0x001cdd3c	UNCONDITIONAL_CALL	0
0x001cb0e5	0x001cb118	UNCONDITIONAL_JUMP	0
0x001cb0f1	0xStack[0x18]	READ	1
0x001cb0f7	0xStack[0x14]	READ	1
0x001cb0fb	0x001caebc	UNCONDITIONAL_CALL	0
0x001cb102	0x001caedc	UNCONDITIONAL_CALL	0
0x001cb10e	0x001cdf1c	UNCONDITIONAL_CALL	0
0x001cb118	0xStack[-0x10]	DATA	0
0x001cb12a	0xStack[0x10]	READ	1
0x001cb12d	0xStack[0x8]	READ	1
0x001cb133	0x001cb144	CONDITIONAL_JUMP	0
0x001cb135	0xStack[0xc]	READ	1
0x001cb13a	0xStack[0x4]	READ	1
0x001cb13f	0x001cb16a	UNCONDITIONAL_JUMP	0
0x001cb144	0xStack[0xc]	READ	1
0x001cb147	0x001cb15b	UNCONDITIONAL_JUMP	0
0x001cb150	0xStack[0x4]	READ	1
0x001cb15f	0x001cb14c	CONDITIONAL_JUMP	0
0x001cb161	0xStack[0xc]	READ	1
0x001cb165	0x0015ab30	UNCONDITIONAL_CALL	0
0x001cb16a	0xStack[-0x10]	DATA	0
0x001cb17a	0xStack[0x4]	READ	1
0x001cb183	0x001cb1c6	UNCONDITIONAL_JUMP	0
0x001cb18b	0x001cb1c3	CONDITIONAL_JUMP	0
0x001cb198	0xStack[0x8]	READ	0
0x001cb19c	0x001cb1a8	CONDITIONAL_JUMP	0
0x001cb1a3	0x001cb1ad	UNCONDITIONAL_JUMP	0
0x001cb1a8	0x001cbc00	DATA	1
0x001cb1ad	0x001cbc00	DATA	0
0x001cb1ae	0x001cb124	UNCONDITIONAL_CALL	0
0x001cb1ca	0x001cb188	CONDITIONAL_JUMP	0
0x001cb1cc	0xStack[-0x10]	DATA	0
0x001cb1dc	0xStack[0x4]	READ	1
0x001cb1e2	0x001cb174	UNCONDITIONAL_CALL	0
0x001cb1eb	0x0015ab30	UNCONDITIONAL_CALL	0
0x001cb1f1	0x0015ab30	UNCONDITIONAL_CALL	0
0x001cb1f6	0xStack[-0x8]	READ	1
0x001cb204	0xStack[0x4]	READ	1
0x001cb20a	0x001cb174	UNCONDITIONAL_CALL	0
0x001cb216	0xStack[-0x8]	READ	1
0x001cb224	0xStack[0x4]	READ	1
0x001cb22a	0x001cb174	UNCONDITIONAL_CALL	0
0x001cb236	0xStack[-0x8]	READ	1
0x001cb249	0xStack[0x4]	READ	1
0x001cb24c	0xStack[0x8]	READ	1
0x001cb251	0x001cb28d	CONDITIONAL_JUMP	0
0x001cb254	0x001cb3ac	UNCONDITIONAL_CALL	0
0x001cb25c	0x001cb3ac	UNCONDITIONAL_CALL	0
0x001cb266	0x001cb2a5	CONDITIONAL_JUMP	0
0x001cb269	0x001cbaa0	UNCONDITIONAL_CALL	0
0x001cb26e	0xStack[-0xc]	WRITE	0
0x001cb271	0xStack[-0x8]	WRITE	0
0x001cb278	0xStack[-0x10]	DATA	0
0x001cb27c	0xStack[-0xc]	DATA	0
0x001cb281	0x001cbab8	UNCONDITIONAL_CALL	0
0x001cb28b	0x001cb294	CONDITIONAL_JUMP	0
0x001cb292	0x001cb2a7	UNCONDITIONAL_JUMP	0
0x001cb294	0xStack[-0x10]	READ	1
0x001cb299	0x001cb3bc	UNCONDITIONAL_CALL	0
0x001cb2a3	0x001cb278	CONDITIONAL_JUMP	0
0x001cb2a7	0xStack[-0x1c]	DATA	0
0x001cb2bd	0xStack[0x4]	READ	1
0x001cb2c0	0xStack[0x8]	READ	1
0x001cb2c5	0x001cb301	CONDITIONAL_JUMP	0
0x001cb2c8	0x001cb3ac	UNCONDITIONAL_CALL	0
0x001cb2d0	0x001cb3ac	UNCONDITIONAL_CALL	0
0x001cb2da	0x001cb319	CONDITIONAL_JUMP	0
0x001cb2dd	0x001cbaa0	UNCONDITIONAL_CALL	0
0x001cb2e2	0xStack[-0xc]	WRITE	0
0x001cb2e5	0xStack[-0x8]	WRITE	0
0x001cb2ec	0xStack[-0x10]	DATA	0
0x001cb2f0	0xStack[-0xc]	DATA	0
0x001cb2f5	0x001cbab8	UNCONDITIONAL_CALL	0
0x001cb2ff	0x001cb308	CONDITIONAL_JUMP	0
0x001cb306	0x001cb31b	UNCONDITIONAL_JUMP	0
0x001cb308	0xStack[-0x10]	READ	1
0x001cb30d	0x001cb3bc	UNCONDITIONAL_CALL	0
0x001cb317	0x001cb2ec	CONDITIONAL_JUMP	0
0x001cb31b	0xStack[-0x1c]	DATA	0
0x001cb331	0xStack[0x4]	READ	1
0x001cb335	0x001cbaa0	UNCONDITIONAL_CALL	0
0x001cb33a	0xStack[-0xc]	WRITE	0
0x001cb33d	0xStack[-0x8]	WRITE	0
0x001cb341	0x001cdefc	UNCONDITIONAL_CALL	0
0x001cb36d	0x001cdf1c	UNCONDITIONAL_CALL	0
0x001cb378	0xStack[-0x10]	DATA	0
0x001cb37d	0xStack[-0xc]	DATA	0
0x001cb382	0x001cbab8	UNCONDITIONAL_CALL	0
0x001cb38c	0x001cb3a0	CONDITIONAL_JUMP	0
0x001cb38e	0xStack[-0x10]	READ	1
0x001cb393	0x001cb5c8	UNCONDITIONAL_CALL	0
0x001cb39b	0x001cb37c	UNCONDITIONAL_JUMP	0
0x001cb3a2	0xStack[-0x1c]	DATA	0
0x001cb3af	0xStack[0x4]	READ	1
0x001cb3c2	0xStack[0x4]	READ	1
0x001cb3c7	0xStack[0x8]	READ	1
0x001cb3eb	0x001cb455	CONDITIONAL_JUMP	0
0x001cb3f0	0x001cb41c	CONDITIONAL_JUMP	0
0x001cb3f4	0xStack[0x8]	READ	1
0x001cb3fa	0x001cb410	CONDITIONAL_JUMP	0
0x001cb40e	0x001cb415	CONDITIONAL_JUMP	0
0x001cb417	0x001cb457	UNCONDITIONAL_JUMP	0
0x001cb41f	0x001cb44f	UNCONDITIONAL_JUMP	0
0x001cb424	0xStack[0x8]	READ	1
0x001cb429	0x001cb444	CONDITIONAL_JUMP	0
0x001cb430	0xStack[0x8]	READ	1
0x001cb442	0x001cb44c	CONDITIONAL_JUMP	0
0x001cb449	0x001cb457	UNCONDITIONAL_JUMP	0
0x001cb453	0x001cb424	CONDITIONAL_JUMP	0
0x001cb457	0xStack[-0x10]	DATA	0
0x001cb46a	0xStack[0x4]	READ	1
0x001cb46f	0xStack[0x8]	READ	1
0x001cb493	0x001cb4f5	CONDITIONAL_JUMP	0
0x001cb498	0x001cb4c0	CONDITIONAL_JUMP	0
0x001cb49a	0xStack[0x8]	READ	1
0x001cb4a0	0x001cb4b9	CONDITIONAL_JUMP	0
0x001cb4a8	0xStack[0x8]	READ	1
0x001cb4b7	0x001cb4f5	CONDITIONAL_JUMP	0
0x001cb4bc	0x001cb4f7	UNCONDITIONAL_JUMP	0
0x001cb4c3	0x001cb4ef	UNCONDITIONAL_JUMP	0
0x001cb4c8	0xStack[0x8]	READ	1
0x001cb4cd	0x001cb4e8	CONDITIONAL_JUMP	0
0x001cb4d4	0xStack[0x8]	READ	1
0x001cb4e6	0x001cb4ec	CONDITIONAL_JUMP	0
0x001cb4ea	0x001cb4f7	UNCONDITIONAL_JUMP	0
0x001cb4f3	0x001cb4c8	CONDITIONAL_JUMP	0
0x001cb4f7	0xStack[-0x10]	DATA	0
0x001cb50d	0xStack[0x4]	READ	1
0x001cb511	0x001cdefc	UNCONDITIONAL_CALL	0
0x001cb54d	0x001cdf1c	UNCONDITIONAL_CALL	0
0x001cb556	0x001cbaa0	UNCONDITIONAL_CALL	0
0x001cb55b	0xStack[-0xc]	WRITE	0
0x001cb55e	0xStack[-0x8]	WRITE	0
0x001cb564	0xStack[-0x10]	DATA	0
0x001cb569	0xStack[-0xc]	DATA	0
0x001cb56e	0x001cbab8	UNCONDITIONAL_CALL	0
0x001cb578	0x001cb58c	CONDITIONAL_JUMP	0
0x001cb57a	0xStack[-0x10]	READ	1
0x001cb57f	0x001cb5c8	UNCONDITIONAL_CALL	0
0x001cb587	0x001cb568	UNCONDITIONAL_JUMP	0
0x001cb58f	0x001cb174	UNCONDITIONAL_CALL	0
0x001cb59d	0x001cb5ac	CONDITIONAL_JUMP	0
0x001cb59f	0x001d9ab0	DATA	0
0x001cb5a4	0x001cdd3c	UNCONDITIONAL_CALL	0
0x001cb5b0	0x0015ab30	UNCONDITIONAL_CALL	0
0x001cb5b6	0x0015ab30	UNCONDITIONAL_CALL	0
0x001cb5bb	0xStack[-0x1c]	DATA	0
0x001cb5d1	0xStack[0x4]	READ	1
0x001cb5d6	0xStack[0x8]	READ	1
0x001cb5e2	0xStack[0x4]	READ	1
0x001cb5fb	0x001cdefc	UNCONDITIONAL_CALL	0
0x001cb600	0xStack[-0x8]	WRITE	0
0x001cb608	0x001cb620	CONDITIONAL_JUMP	0
0x001cb60c	0xStack[0x8]	READ	1
0x001cb612	0xStack[0x4]	READ	1
0x001cb618	0x001cb72a	UNCONDITIONAL_JUMP	0
0x001cb623	0x001cb68c	CONDITIONAL_JUMP	0
0x001cb625	0xStack[0x8]	READ	1
0x001cb62b	0x001cb64d	CONDITIONAL_JUMP	0
0x001cb62d	0xStack[0x4]	READ	1
0x001cb636	0xStack[0x8]	READ	1
0x001cb63a	0xStack[0x4]	READ	1
0x001cb64b	0x001cb65c	CONDITIONAL_JUMP	0
0x001cb650	0xStack[0x8]	READ	1
0x001cb656	0x001cb72c	UNCONDITIONAL_JUMP	0
0x001cb660	0xStack[-0x8]	READ	1
0x001cb664	0x001cdf1c	UNCONDITIONAL_CALL	0
0x001cb671	0xStack[0x8]	READ	1
0x001cb67b	0xStack[0x4]	READ	1
0x001cb684	0x001cb71c	UNCONDITIONAL_JUMP	0
0x001cb68f	0x001cb6c7	UNCONDITIONAL_JUMP	0
0x001cb694	0xStack[0x8]	READ	1
0x001cb699	0x001cb6ba	CONDITIONAL_JUMP	0
0x001cb69b	0xStack[0x4]	READ	1
0x001cb6a3	0xStack[0x8]	READ	1
0x001cb6a7	0xStack[0x4]	READ	1
0x001cb6b8	0x001cb6c4	CONDITIONAL_JUMP	0
0x001cb6bc	0xStack[0x8]	READ	1
0x001cb6c1	0x001cb72c	UNCONDITIONAL_JUMP	0
0x001cb6cb	0x001cb694	CONDITIONAL_JUMP	0
0x001cb6d3	0xStack[-0x8]	READ	1
0x001cb6d7	0x001cdf1c	UNCONDITIONAL_CALL	0
0x001cb6e4	0x001cb700	CONDITIONAL_JUMP	0
0x001cb6f8	0x00101504	UNCONDITIONAL_CALL	0
0x001cb700	0xStack[0x8]	READ	1
0x001cb709	0x0015ab30	UNCONDITIONAL_CALL	0
0x001cb713	0xStack[0x4]	READ	1
0x001cb722	0x001cb72a	CONDITIONAL_JUMP	0
0x001cb725	0x001cb504	UNCONDITIONAL_CALL	0
0x001cb72c	0xStack[-0x14]	DATA	0
0x001cb741	0xStack[0x4]	READ	1
0x001cb746	0xStack[0x8]	READ	1
0x001cb752	0xStack[0x4]	READ	1
0x001cb76b	0x001cdefc	UNCONDITIONAL_CALL	0
0x001cb770	0xStack[-0x8]	WRITE	0
0x001cb778	0x001cb790	CONDITIONAL_JUMP	0
0x001cb77c	0xStack[0x8]	READ	1
0x001cb782	0xStack[0x4]	READ	1
0x001cb788	0x001cb89e	UNCONDITIONAL_JUMP	0
0x001cb793	0x001cb804	CONDITIONAL_JUMP	0
0x001cb795	0xStack[0x8]	READ	1
0x001cb79b	0x001cb7bd	CONDITIONAL_JUMP	0
0x001cb79d	0xStack[0x4]	READ	1
0x001cb7a6	0xStack[0x8]	READ	1
0x001cb7aa	0xStack[0x4]	READ	1
0x001cb7bb	0x001cb7c8	CONDITIONAL_JUMP	0
0x001cb7c0	0x001cb8a1	UNCONDITIONAL_JUMP	0
0x001cb7cc	0xStack[-0x8]	READ	1
0x001cb7d0	0x001cdf1c	UNCONDITIONAL_CALL	0
0x001cb7dd	0xStack[0x8]	READ	1
0x001cb7e7	0xStack[0x4]	READ	1
0x001cb7f6	0x001cb89e	CONDITIONAL_JUMP	0
0x001cb7fd	0x001cb899	UNCONDITIONAL_JUMP	0
0x001cb807	0x001cb83b	UNCONDITIONAL_JUMP	0
0x001cb80c	0xStack[0x8]	READ	1
0x001cb811	0x001cb832	CONDITIONAL_JUMP	0
0x001cb813	0xStack[0x4]	READ	1
0x001cb81b	0xStack[0x8]	READ	1
0x001cb81f	0xStack[0x4]	READ	1
0x001cb830	0x001cb838	CONDITIONAL_JUMP	0
0x001cb834	0x001cb8a1	UNCONDITIONAL_JUMP	0
0x001cb83f	0x001cb80c	CONDITIONAL_JUMP	0
0x001cb847	0xStack[-0x8]	READ	1
0x001cb84b	0x001cdf1c	UNCONDITIONAL_CALL	0
0x001cb858	0x001cb874	CONDITIONAL_JUMP	0
0x001cb86c	0x00101504	UNCONDITIONAL_CALL	0
0x001cb874	0xStack[0x8]	READ	1
0x001cb87d	0x0015ab30	UNCONDITIONAL_CALL	0
0x001cb887	0xStack[0x4]	READ	1
0x001cb896	0x001cb89e	CONDITIONAL_JUMP	0
0x001cb899	0x001cb504	UNCONDITIONAL_CALL	0
0x001cb89e	0xStack[0x8]	READ	1
0x001cb8a1	0xStack[-0x14]	DATA	0
0x001cb8b5	0xStack[0x4]	READ	1
0x001cb8ba	0xStack[0x8]	READ	1
0x001cb8c6	0xStack[0x4]	READ	1
0x001cb8df	0x001cdefc	UNCONDITIONAL_CALL	0
0x001cb8e4	0xStack[-0x8]	WRITE	0
0x001cb8ec	0x001cba91	CONDITIONAL_JUMP	0
0x001cb8f5	0x001cb940	CONDITIONAL_JUMP	0
0x001cb8f7	0xStack[0x8]	READ	1
0x001cb8fd	0x001cb920	CONDITIONAL_JUMP	0
0x001cb8ff	0xStack[0x4]	READ	1
0x001cb908	0xStack[0x8]	READ	1
0x001cb90c	0xStack[0x4]	READ	1
0x001cb91a	0x001cba91	CONDITIONAL_JUMP	0
0x001cb923	0xStack[0x8]	WRITE	0
0x001cb926	0xStack[0x4]	READ	1
0x001cb935	0xStack[0x8]	READ	1
0x001cb938	0x001cba93	UNCONDITIONAL_JUMP	0
0x001cb946	0x001cba87	CONDITIONAL_JUMP	0
0x001cb94c	0xStack[0x8]	READ	1
0x001cb951	0x001cb972	CONDITIONAL_JUMP	0
0x001cb953	0xStack[0x4]	READ	1
0x001cb95b	0xStack[0x8]	READ	1
0x001cb95f	0xStack[0x4]	READ	1
0x001cb970	0x001cb980	CONDITIONAL_JUMP	0
0x001cb97a	0xStack[0x8]	WRITE	0
0x001cb97d	0x001cb9b7	UNCONDITIONAL_JUMP	0
0x001cb980	0xStack[0x8]	READ	1
0x001cb986	0x001cb9ac	CONDITIONAL_JUMP	0
0x001cb988	0xStack[0x4]	READ	1
0x001cb991	0xStack[0x8]	READ	1
0x001cb995	0xStack[0x4]	READ	1
0x001cb9a6	0x001cba91	CONDITIONAL_JUMP	0
0x001cb9b4	0xStack[0x8]	WRITE	0
0x001cb9b8	0x0015ab30	UNCONDITIONAL_CALL	0
0x001cb9bd	0xStack[0x4]	READ	1
0x001cb9c5	0xStack[0x8]	READ	1
0x001cb9c8	0x001cba93	UNCONDITIONAL_JUMP	0
0x001cb9d0	0xStack[0x8]	READ	1
0x001cb9d5	0x001cb9fa	CONDITIONAL_JUMP	0
0x001cb9d7	0xStack[0x4]	READ	1
0x001cb9df	0xStack[0x8]	READ	1
0x001cb9e3	0xStack[0x4]	READ	1
0x001cb9f4	0x001cba84	CONDITIONAL_JUMP	0
0x001cb9fc	0xStack[0x8]	WRITE	0
0x001cba02	0x001cba1c	CONDITIONAL_JUMP	0
0x001cba0a	0xStack[-0x8]	READ	1
0x001cba0e	0x001cdf1c	UNCONDITIONAL_CALL	0
0x001cba18	0x001cba1e	UNCONDITIONAL_JUMP	0
0x001cba23	0x001cba3e	CONDITIONAL_JUMP	0
0x001cba36	0x00101504	UNCONDITIONAL_CALL	0
0x001cba40	0x001cba6b	CONDITIONAL_JUMP	0
0x001cba45	0xStack[-0xc]	WRITE	0
0x001cba4e	0xStack[-0x10]	WRITE	0
0x001cba56	0xStack[-0xc]	READ	1
0x001cba5c	0xStack[-0xc]	READ	1
0x001cba63	0x00101504	UNCONDITIONAL_CALL	0
0x001cba6f	0x0015ab30	UNCONDITIONAL_CALL	0
0x001cba74	0xStack[0x4]	READ	1
0x001cba7f	0xStack[0x8]	READ	1
0x001cba82	0x001cba93	UNCONDITIONAL_JUMP	0
0x001cba8b	0x001cb9d0	CONDITIONAL_JUMP	0
0x001cba93	0xStack[-0x1c]	DATA	0
0x001cbaa4	0xStack[0x4]	READ	1
0x001cbab0	0xStack[-0x8]	READ	1
0x001cbabd	0xStack[0x4]	READ	1
0x001cbac0	0xStack[0x8]	READ	1
0x001cbac3	0xStack[0xc]	READ	1
0x001cbacd	0x001cbae3	CONDITIONAL_JUMP	0
0x001cbad3	0x001cbafc	CONDITIONAL_JUMP	0
0x001cbae1	0x001cbad0	CONDITIONAL_JUMP	0
0x001cbaf4	0x001cbb00	CONDITIONAL_JUMP	0
0x001cbaf9	0x001cbb09	UNCONDITIONAL_JUMP	0
0x001cbafe	0x001cbb10	UNCONDITIONAL_JUMP	0
0x001cbb10	0xStack[-0xc]	DATA	0
0x001cbb1f	0xStack[0xa]	READ	1
0x001cbb23	0xStack[0x8]	READ	1
0x001cbb31	0xStack[0x8]	READ	1
0x001cbb36	0x001cbb74	CONDITIONAL_JUMP	0
0x001cbb3b	0x001cbb74	CONDITIONAL_JUMP	0
0x001cbb49	0x001cbb74	CONDITIONAL_JUMP	0
0x001cbb57	0x001cbb74	CONDITIONAL_JUMP	0
0x001cbb65	0x001cbb74	CONDITIONAL_JUMP	0
0x001cbb72	0x001cbb40	CONDITIONAL_JUMP	0
0x001cbb7f	0xStack[0xc]	READ	1
0x001cbb82	0xStack[0x8]	READ	0
0x001cbb98	0xStack[0x8]	READ	1
0x001cbb9b	0xStack[0xc]	READ	1
0x001cbba0	0x001cbbac	CONDITIONAL_JUMP	0
0x001cbba7	0x001cbbf6	UNCONDITIONAL_JUMP	0
0x001cbbae	0x001cbbb8	CONDITIONAL_JUMP	0
0x001cbbb4	0x001cbbc0	UNCONDITIONAL_JUMP	0
0x001cbbba	0x001cbbd8	CONDITIONAL_JUMP	0
0x001cbbd3	0x001cbbf6	UNCONDITIONAL_JUMP	0
0x001cbbdc	0x001cbbf4	CONDITIONAL_JUMP	0
0x001cbbe0	0x00101e7c	UNCONDITIONAL_CALL	0
0x001cbbef	0x001cbbf6	UNCONDITIONAL_JUMP	0
0x001cbbf6	0xStack[-0x8]	READ	1
0x001cbc0b	0xStack[0x8]	READ	1
0x001cbc0f	0x0015ab30	UNCONDITIONAL_CALL	0
0x001cbc1b	0xStack[0x8]	READ	1
0x001cbc21	0xStack[0x4]	READ	1
0x001cbc25	0x001cbb1c	UNCONDITIONAL_CALL	0
0x001cbc33	0xStack[0x8]	READ	1
0x001cbc36	0xStack[0xc]	READ	1
0x001cbc3f	0xStack[0x4]	READ	1
0x001cbc43	0x001cbb7c	UNCONDITIONAL_CALL	0
0x001cbc4f	0xStack[0x8]	READ	1
0x001cbc55	0xStack[0x4]	READ	1
0x001cbc59	0x001cbb2c	UNCONDITIONAL_CALL	0
0x001cbc67	0xStack[0x8]	READ	1
0x001cbc6a	0xStack[0xc]	READ	1
0x001cbc73	0xStack[0x4]	READ	1
0x001cbc77	0x001cbb94	UNCONDITIONAL_CALL	0
0x001cbc89	0xStack[0x4]	READ	1
0x001cbca2	0x001cbcbc	CONDITIONAL_JUMP	0
0x001cbca5	0x0015a75c	UNCONDITIONAL_CALL	0
0x001cbcaf	0x00101504	UNCONDITIONAL_CALL	0
0x001cbcb4	0x001cbd57	UNCONDITIONAL_JUMP	0
0x001cbcbc	0x001e5568	READ	0
0x001cbcc3	0x001cbcd5	CONDITIONAL_JUMP	0
0x001cbcc5	0x0015b504	UNCONDITIONAL_CALL	0
0x001cbcca	0x001e5568	WRITE	0
0x001cbcd5	0x001e5568	READ	1
0x001cbcdf	0x001cbcdc	CONDITIONAL_JUMP	0
0x001cbced	0x001cbcdc	CONDITIONAL_JUMP	0
0x001cbcef	0x001e5564	READ	0
0x001cbcf5	0x001cbd34	CONDITIONAL_JUMP	0
0x001cbd13	0xStack[-0xc]	WRITE	0
0x001cbd1d	0x001e5564	WRITE	0
0x001cbd24	0x0015a75c	UNCONDITIONAL_CALL	0
0x001cbd2b	0x001e5560	WRITE	0
0x001cbd34	0x001e5560	READ	1
0x001cbd3d	0x00101504	UNCONDITIONAL_CALL	0
0x001cbd42	0x001e5560	READ_WRITE	0
0x001cbd48	0x001e5564	READ_WRITE	0
0x001cbd4e	0x001e5568	READ	1
0x001cbd59	0xStack[-0x18]	DATA	0
0x001cbd69	0xStack[0x4]	READ	1
0x001cbd6e	0x001cbdee	CONDITIONAL_JUMP	0
0x001cbd70	0x001e555c	READ_WRITE	0
0x001cbd76	0x001e5558	READ	0
0x001cbd7d	0x001cbdac	CONDITIONAL_JUMP	0
0x001cbd83	0x001cde5c	READ	1
0x001cbd8a	0x001cde58	READ	1
0x001cbd90	0x001cbc00	DATA	0
0x001cbd91	0x001cde54	READ	1
0x001cbd97	0x001cbb94	DATA	0
0x001cbd98	0x001cde50	READ	1
0x001cbd9e	0x001cbb2c	DATA	0
0x001cbd9f	0x001cafec	UNCONDITIONAL_CALL	0
0x001cbda4	0x001e5558	WRITE	0
0x001cbdad	0x001e5558	READ	1
0x001cbdb4	0x001cb464	UNCONDITIONAL_CALL	0
0x001cbdc0	0x001cbdf0	CONDITIONAL_JUMP	0
0x001cbdc3	0x001cbc80	UNCONDITIONAL_CALL	0
0x001cbdcb	0x001e5558	READ	1
0x001cbdd2	0x001cb5c8	UNCONDITIONAL_CALL	0
0x001cbddc	0x001cbde4	CONDITIONAL_JUMP	0
0x001cbde0	0x001cbdf0	UNCONDITIONAL_JUMP	0
0x001cbde4	0x001d9b50	DATA	0
0x001cbde9	0x001cdd3c	UNCONDITIONAL_CALL	0
0x001cbdf0	0xStack[-0xc]	DATA	0
0x001cbdff	0x001e555c	READ_WRITE	0
0x001cbe05	0x001e5558	READ	0
0x001cbe0c	0x001cbe3b	CONDITIONAL_JUMP	0
0x001cbe12	0x001cde5c	READ	1
0x001cbe19	0x001cde58	READ	1
0x001cbe1f	0x001cbc00	DATA	0
0x001cbe20	0x001cde54	READ	1
0x001cbe26	0x001cbb94	DATA	0
0x001cbe27	0x001cde50	READ	1
0x001cbe2d	0x001cbb2c	DATA	0
0x001cbe2e	0x001cafec	UNCONDITIONAL_CALL	0
0x001cbe33	0x001e5558	WRITE	0
0x001cbe3b	0xStack[0x4]	READ	1
0x001cbe3f	0x001e5558	READ	1
0x001cbe46	0x001cb738	UNCONDITIONAL_CALL	0
0x001cbe5c	0xStack[0x8]	READ	1
0x001cbe67	0x001cbe78	CONDITIONAL_JUMP	0
0x001cbe6a	0x0015a880	UNCONDITIONAL_CALL	0
0x001cbe74	0x001cbe7e	UNCONDITIONAL_JUMP	0
0x001cbe78	0xStack[-0x104]	DATA	0
0x001cbe7f	0xStack[0x4]	READ	1
0x001cbe84	0x00101504	UNCONDITIONAL_CALL	0
0x001cbe8e	0x001cbd64	UNCONDITIONAL_CALL	0
0x001cbea0	0x001cbea8	CONDITIONAL_JUMP	0
0x001cbea3	0x0015ab30	UNCONDITIONAL_CALL	0
0x001cbeaa	0xStack[-0x110]	DATA	0
0x001cbebf	0xStack[0x8]	READ	1
0x001cbec2	0xStack[0x4]	READ	1
0x001cbec8	0xStack[0x4]	READ	1
0x001cbed7	0xStack[-0x8]	WRITE	0
0x001cbedf	0xStack[-0x8]	WRITE	0
0x001cbeea	0x00101b48	UNCONDITIONAL_CALL	0
0x001cbef1	0xStack[-0xc]	READ	1
0x001cbefc	0xStack[0x4]	READ	1
0x001cbeff	0x001cdef0	UNCONDITIONAL_CALL	0
0x001cbf06	0x001cbeb8	UNCONDITIONAL_CALL	0
0x001cbf0b	0xStack[-0x8]	READ	1
0x001cbf17	0xStack[0x4]	READ	1
0x001cbf1d	0x001cbf2c	CONDITIONAL_JUMP	0
0x001cbf22	0x001cbf14	UNCONDITIONAL_CALL	0
0x001cbf3a	0xStack[0x4]	READ	1
0x001cbf3d	0xStack[0x8]	READ	1
0x001cbf44	0x001cbb1c	UNCONDITIONAL_CALL	0
0x001cbf4b	0xStack[0x8]	READ	1
0x001cbf53	0x001cbb1c	UNCONDITIONAL_CALL	0
0x001cbf5a	0xStack[0x8]	READ	1
0x001cbf62	0x001cbb1c	UNCONDITIONAL_CALL	0
0x001cbf6f	0xStack[0x8]	READ	1
0x001cbf75	0xStack[-0x10]	DATA	0
0x001cbf84	0xStack[0x8]	READ	1
0x001cbf87	0xStack[0xc]	READ	1
0x001cbf90	0x001cbfab	CONDITIONAL_JUMP	0
0x001cbf98	0x001cbfab	CONDITIONAL_JUMP	0
0x001cbfa0	0x001cbfab	CONDITIONAL_JUMP	0
0x001cbfa8	0x001cbfab	CONDITIONAL_JUMP	0
0x001cbfad	0xStack[-0x8]	READ	1
0x001cbfbc	0xStack[0x18]	READ	1
0x001cbfca	0x001e557c	READ	0
0x001cbfd1	0x001cc000	CONDITIONAL_JUMP	0
0x001cbfd7	0x001e5578	READ	1
0x001cbfde	0x001e5574	READ	1
0x001cbfe4	0x001cbc00	DATA	0
0x001cbfe5	0x001e5570	READ	1
0x001cbfeb	0x001cbf80	DATA	0
0x001cbfec	0x001e556c	READ	1
0x001cbff2	0x001cbf34	DATA	0
0x001cbff3	0x001cafec	UNCONDITIONAL_CALL	0
0x001cbff8	0x001e557c	WRITE	0
0x001cc000	0xStack[0x4]	READ	0
0x001cc004	0x001cc018	CONDITIONAL_JUMP	0
0x001cc006	0xStack[0x8]	READ	0
0x001cc00a	0x001cc018	CONDITIONAL_JUMP	0
0x001cc00c	0xStack[0xc]	READ	0
0x001cc010	0x001cc018	CONDITIONAL_JUMP	0
0x001cc012	0xStack[0x10]	READ	0
0x001cc016	0x001cc02c	CONDITIONAL_JUMP	0
0x001cc018	0x001d9b78	DATA	0
0x001cc01d	0x001cdd3c	UNCONDITIONAL_CALL	0
0x001cc024	0x001cc0cf	UNCONDITIONAL_JUMP	0
0x001cc02c	0xStack[0x4]	DATA	0
0x001cc030	0x001e557c	READ	1
0x001cc037	0x001cb464	UNCONDITIONAL_CALL	0
0x001cc043	0x001cc075	CONDITIONAL_JUMP	0
0x001cc047	0x0015a880	UNCONDITIONAL_CALL	0
0x001cc04e	0xStack[0x4]	READ	1
0x001cc053	0xStack[0x8]	READ	1
0x001cc059	0xStack[0xc]	READ	1
0x001cc05f	0xStack[0x10]	READ	1
0x001cc066	0x001e557c	READ	1
0x001cc06d	0x001cb5c8	UNCONDITIONAL_CALL	0
0x001cc07e	0xStack[0x14]	READ	1
0x001cc082	0x001cbf14	UNCONDITIONAL_CALL	0
0x001cc09e	0xStack[0x18]	READ	1
0x001cc0af	0x001cc0ca	CONDITIONAL_JUMP	0
0x001cc0c8	0x001cc0b4	CONDITIONAL_JUMP	0
0x001cc0cf	0xStack[-0x10]	DATA	0
0x001cc0e0	0xStack[0x14]	READ	1
0x001cc0e3	0x001cdef0	UNCONDITIONAL_CALL	0
0x001cc0ea	0xStack[0x10]	READ	1
0x001cc0ee	0xStack[0xc]	READ	1
0x001cc0f2	0xStack[0x8]	READ	1
0x001cc0f6	0xStack[0x4]	READ	1
0x001cc0fa	0x001cbfb4	UNCONDITIONAL_CALL	0
0x001cc0ff	0xStack[-0x8]	READ	1
0x001cc10c	0xStack[0x4]	READ	1
0x001cc110	0x001cc12c	UNCONDITIONAL_CALL	0
0x001cc119	0x0015ab30	UNCONDITIONAL_CALL	0
0x001cc11f	0x0015ab30	UNCONDITIONAL_CALL	0
0x001cc124	0xStack[-0x8]	READ	1
0x001cc135	0xStack[0x4]	READ	1
0x001cc140	0xStack[-0x8]	WRITE	0
0x001cc146	0x001cc16d	UNCONDITIONAL_JUMP	0
0x001cc14b	0x001cc16a	CONDITIONAL_JUMP	0
0x001cc155	0xStack[-0x8]	READ	1
0x001cc171	0x001cc148	CONDITIONAL_JUMP	0
0x001cc17a	0xStack[-0x14]	DATA	0
0x001cc18c	0xStack[0x4]	READ	1
0x001cc18f	0xStack[0x8]	READ	1
0x001cc194	0x001cc1c5	CONDITIONAL_JUMP	0
0x001cc19c	0x001cc1e2	CONDITIONAL_JUMP	0
0x001cc19f	0x001cc9c4	UNCONDITIONAL_CALL	0
0x001cc1a4	0xStack[-0x8]	WRITE	0
0x001cc1ac	0xStack[-0x10]	DATA	0
0x001cc1b0	0xStack[-0xc]	DATA	0
0x001cc1b4	0xStack[-0x8]	DATA	0
0x001cc1b9	0x001cc9d4	UNCONDITIONAL_CALL	0
0x001cc1c3	0x001cc1cc	CONDITIONAL_JUMP	0
0x001cc1ca	0x001cc1e4	UNCONDITIONAL_JUMP	0
0x001cc1cc	0xStack[-0x10]	DATA	0
0x001cc1d0	0xStack[-0xc]	READ	1
0x001cc1d5	0x001cc200	UNCONDITIONAL_CALL	0
0x001cc1e0	0x001cc1ac	CONDITIONAL_JUMP	0
0x001cc1e4	0xStack[-0x18]	DATA	0
0x001cc1f3	0xStack[0x4]	READ	1
0x001cc209	0xStack[0x4]	READ	1
0x001cc20f	0xStack[-0x8]	WRITE	0
0x001cc214	0xStack[0x8]	READ	1
0x001cc23a	0xStack[-0xc]	WRITE	0
0x001cc240	0xStack[-0x8]	READ	1
0x001cc249	0x001cc2e8	CONDITIONAL_JUMP	0
0x001cc24f	0x001e5580	READ_WRITE	0
0x001cc257	0xStack[0x8]	READ	0
0x001cc25a	0x001cc270	CONDITIONAL_JUMP	0
0x001cc25e	0xStack[0x8]	READ	1
0x001cc26c	0x001cc275	UNCONDITIONAL_JUMP	0
0x001cc277	0x001cc28c	CONDITIONAL_JUMP	0
0x001cc27c	0xStack[0xc]	READ	1
0x001cc281	0x001e5584	READ_WRITE	0
0x001cc289	0x001cc2ed	UNCONDITIONAL_JUMP	0
0x001cc28c	0xStack[-0xc]	READ	1
0x001cc298	0x001cc29c	CONDITIONAL_JUMP	0
0x001cc29c	0xStack[-0xc]	READ	0
0x001cc29f	0x001cc2e8	CONDITIONAL_JUMP	0
0x001cc2a1	0x001e5588	READ_WRITE	0
0x001cc2a7	0xStack[-0x8]	READ	1
0x001cc2b0	0x001cc2e8	CONDITIONAL_JUMP	0
0x001cc2b4	0xStack[-0x14]	WRITE	0
0x001cc2b7	0xStack[0x8]	READ	1
0x001cc2bc	0x001cc2d0	CONDITIONAL_JUMP	0
0x001cc2cb	0x001cc2d5	UNCONDITIONAL_JUMP	0
0x001cc2d7	0x001cc290	CONDITIONAL_JUMP	0
0x001cc2dc	0xStack[0xc]	READ	1
0x001cc2e3	0x001cc2ed	UNCONDITIONAL_JUMP	0
0x001cc2ed	0xStack[-0x20]	DATA	0
0x001cc301	0xStack[0x4]	READ	1
0x001cc307	0xStack[-0xc]	WRITE	0
0x001cc30c	0xStack[0x8]	READ	1
0x001cc332	0xStack[-0x10]	WRITE	0
0x001cc338	0xStack[-0xc]	READ	1
0x001cc341	0x001cc3dc	CONDITIONAL_JUMP	0
0x001cc347	0x001e5580	READ_WRITE	0
0x001cc34f	0xStack[0x8]	READ	0
0x001cc352	0x001cc368	CONDITIONAL_JUMP	0
0x001cc356	0xStack[0x8]	READ	1
0x001cc364	0x001cc36d	UNCONDITIONAL_JUMP	0
0x001cc36f	0x001cc384	CONDITIONAL_JUMP	0
0x001cc374	0xStack[-0x8]	WRITE	0
0x001cc377	0x001e5584	READ_WRITE	0
0x001cc37f	0x001cc3e1	UNCONDITIONAL_JUMP	0
0x001cc384	0xStack[-0x10]	READ	1
0x001cc390	0x001cc394	CONDITIONAL_JUMP	0
0x001cc394	0xStack[-0x10]	READ	0
0x001cc397	0x001cc3dc	CONDITIONAL_JUMP	0
0x001cc399	0x001e5588	READ_WRITE	0
0x001cc39f	0xStack[-0xc]	READ	1
0x001cc3a8	0x001cc3dc	CONDITIONAL_JUMP	0
0x001cc3ac	0xStack[-0x18]	WRITE	0
0x001cc3af	0xStack[0x8]	READ	1
0x001cc3b4	0x001cc3c8	CONDITIONAL_JUMP	0
0x001cc3c3	0x001cc3cd	UNCONDITIONAL_JUMP	0
0x001cc3cf	0x001cc388	CONDITIONAL_JUMP	0
0x001cc3d4	0xStack[-0x8]	WRITE	0
0x001cc3d9	0x001cc3e1	UNCONDITIONAL_JUMP	0
0x001cc3e6	0x001cc3eb	CONDITIONAL_JUMP	0
0x001cc3e8	0xStack[-0x8]	READ	1
0x001cc3ed	0xStack[-0x24]	DATA	0
0x001cc401	0xStack[0x4]	READ	1
0x001cc407	0xStack[-0x8]	WRITE	0
0x001cc40a	0xStack[-0x8]	READ	1
0x001cc40d	0xStack[0x4]	READ	1
0x001cc413	0xStack[-0x10]	WRITE	0
0x001cc416	0xStack[0x4]	READ	1
0x001cc41c	0xStack[-0xc]	WRITE	0
0x001cc41f	0xStack[0x4]	READ	1
0x001cc431	0x001cdefc	UNCONDITIONAL_CALL	0
0x001cc451	0x001cc464	UNCONDITIONAL_JUMP	0
0x001cc468	0x001cc454	CONDITIONAL_JUMP	0
0x001cc46a	0xStack[0x4]	READ	1
0x001cc470	0x001e558c	READ_WRITE	0
0x001cc479	0x001e5590	READ_WRITE	0
0x001cc47f	0x001cc49f	UNCONDITIONAL_JUMP	0
0x001cc487	0x001cc49c	CONDITIONAL_JUMP	0
0x001cc490	0xStack[0x4]	READ	1
0x001cc494	0x001cc4d4	UNCONDITIONAL_CALL	0
0x001cc49f	0xStack[-0x10]	READ_WRITE	0
0x001cc4a2	0xStack[-0x10]	READ	0
0x001cc4a6	0x001cc484	CONDITIONAL_JUMP	0
0x001cc4a8	0xStack[-0xc]	READ	1
0x001cc4ab	0xStack[0x4]	READ	1
0x001cc4b1	0x001cc4c0	CONDITIONAL_JUMP	0
0x001cc4b3	0x001d9bac	DATA	0
0x001cc4b8	0x001cdd3c	UNCONDITIONAL_CALL	0
0x001cc4c0	0xStack[-0x8]	READ	1
0x001cc4c4	0x0015ab30	UNCONDITIONAL_CALL	0
0x001cc4c9	0xStack[-0x1c]	DATA	0
0x001cc4dd	0xStack[0x4]	READ	1
0x001cc4e3	0xStack[-0x8]	WRITE	0
0x001cc4e6	0xStack[0x4]	READ	1
0x001cc4eb	0xStack[-0x14]	WRITE	0
0x001cc4ee	0xStack[0x8]	READ	1
0x001cc4f2	0xStack[0x4]	READ	1
0x001cc4f6	0xStack[-0x14]	READ	1
0x001cc515	0xStack[0x4]	READ	1
0x001cc51d	0xStack[-0xc]	WRITE	0
0x001cc523	0xStack[-0x8]	READ	1
0x001cc529	0xStack[-0x10]	WRITE	0
0x001cc52c	0xStack[0x8]	READ	0
0x001cc530	0x001cc53c	CONDITIONAL_JUMP	0
0x001cc532	0x001d9c4c	DATA	0
0x001cc537	0x001cc6d9	UNCONDITIONAL_JUMP	0
0x001cc53c	0x001e5594	READ_WRITE	0
0x001cc542	0xStack[-0x10]	READ	1
0x001cc548	0x001cc568	CONDITIONAL_JUMP	0
0x001cc54a	0x001e5598	READ_WRITE	0
0x001cc550	0xStack[0x8]	READ	1
0x001cc555	0xStack[0xc]	READ	1
0x001cc55b	0xStack[0x4]	READ	1
0x001cc561	0x001cc6de	UNCONDITIONAL_JUMP	0
0x001cc568	0xStack[-0x10]	READ	1
0x001cc56d	0xStack[0x8]	READ	0
0x001cc570	0x001cc590	CONDITIONAL_JUMP	0
0x001cc572	0xStack[0x4]	READ	1
0x001cc577	0xStack[-0x14]	WRITE	0
0x001cc57a	0xStack[0x8]	READ	1
0x001cc57f	0xStack[0x4]	READ	1
0x001cc583	0xStack[-0x14]	READ	1
0x001cc58e	0x001cc595	UNCONDITIONAL_JUMP	0
0x001cc597	0x001cc5bc	CONDITIONAL_JUMP	0
0x001cc599	0xStack[-0x10]	READ	1
0x001cc59f	0x001e5598	READ_WRITE	0
0x001cc5a5	0xStack[0xc]	READ	0
0x001cc5a8	0x001cc6e0	CONDITIONAL_JUMP	0
0x001cc5ae	0xStack[0xc]	READ	1
0x001cc5b4	0x001cc6e0	UNCONDITIONAL_JUMP	0
0x001cc5bc	0xStack[0x4]	READ	1
0x001cc5c2	0xStack[0x4]	READ	1
0x001cc5c8	0x001cc5d8	CONDITIONAL_JUMP	0
0x001cc5cb	0x001cc3f8	UNCONDITIONAL_CALL	0
0x001cc5d3	0x001cc4dd	UNCONDITIONAL_JUMP	0
0x001cc5d8	0xStack[-0xc]	READ	1
0x001cc5db	0xStack[-0x20]	WRITE	0
0x001cc5e0	0xStack[-0x20]	READ	1
0x001cc5e6	0xStack[0x4]	READ	1
0x001cc5ec	0x001cc5f0	CONDITIONAL_JUMP	0
0x001cc5f0	0xStack[-0x20]	WRITE	0
0x001cc5f3	0xStack[-0xc]	READ	1
0x001cc5f8	0x001cc6d4	CONDITIONAL_JUMP	0
0x001cc5fe	0x001e559c	READ_WRITE	0
0x001cc604	0xStack[-0x20]	READ	1
0x001cc607	0xStack[-0x8]	READ	1
0x001cc60d	0xStack[-0x10]	WRITE	0
0x001cc613	0x001cc68c	CONDITIONAL_JUMP	0
0x001cc615	0xStack[0x8]	READ	1
0x001cc618	0xStack[0xc]	READ	1
0x001cc61b	0xStack[-0xc]	READ	1
0x001cc61e	0xStack[-0x20]	WRITE	0
0x001cc624	0x001cc662	CONDITIONAL_JUMP	0
0x001cc628	0xStack[-0x20]	READ	1
0x001cc62b	0xStack[-0x8]	READ	1
0x001cc631	0xStack[-0x10]	WRITE	0
0x001cc636	0xStack[-0x1c]	WRITE	0
0x001cc63c	0xStack[-0x18]	WRITE	0
0x001cc644	0xStack[-0x1c]	READ	1
0x001cc647	0xStack[-0x18]	READ	1
0x001cc64a	0xStack[-0x20]	READ	1
0x001cc650	0xStack[0x4]	READ	1
0x001cc656	0x001cc65a	CONDITIONAL_JUMP	0
0x001cc65a	0xStack[-0x20]	WRITE	0
0x001cc660	0x001cc628	CONDITIONAL_JUMP	0
0x001cc662	0xStack[0x4]	READ	1
0x001cc675	0xStack[-0x28]	WRITE	0
0x001cc67d	0x001cc6de	CONDITIONAL_JUMP	0
0x001cc67f	0xStack[0x4]	READ	1
0x001cc683	0x001cc3f8	UNCONDITIONAL_CALL	0
0x001cc688	0x001cc6de	UNCONDITIONAL_JUMP	0
0x001cc68c	0xStack[-0x10]	READ	1
0x001cc691	0xStack[0x8]	READ	0
0x001cc694	0x001cc6b4	CONDITIONAL_JUMP	0
0x001cc696	0xStack[0x4]	READ	1
0x001cc69b	0xStack[-0x1c]	WRITE	0
0x001cc69e	0xStack[0x8]	READ	1
0x001cc6a3	0xStack[0x4]	READ	1
0x001cc6a7	0xStack[-0x1c]	READ	1
0x001cc6b2	0x001cc6b9	UNCONDITIONAL_JUMP	0
0x001cc6bb	0x001cc5e0	CONDITIONAL_JUMP	0
0x001cc6c1	0xStack[-0x10]	READ	1
0x001cc6c7	0xStack[0xc]	READ	0
0x001cc6ca	0x001cc6e0	CONDITIONAL_JUMP	0
0x001cc6cc	0xStack[0xc]	READ	1
0x001cc6d2	0x001cc6e0	UNCONDITIONAL_JUMP	0
0x001cc6d4	0x001d9c70	DATA	0
0x001cc6d9	0x001cdd3c	UNCONDITIONAL_CALL	0
0x001cc6e0	0xStack[-0x34]	DATA	0
0x001cc6f8	0xStack[0x4]	READ	1
0x001cc6fe	0xStack[-0x88]	WRITE	0
0x001cc704	0xStack[0x4]	READ	1
0x001cc709	0xStack[-0xa0]	WRITE	0
0x001cc70f	0xStack[0x8]	READ	1
0x001cc713	0xStack[0x4]	READ	1
0x001cc717	0xStack[-0xa0]	READ	1
0x001cc739	0xStack[0x4]	READ	1
0x001cc741	0xStack[-0x8c]	WRITE	0
0x001cc74a	0xStack[-0x88]	READ	1
0x001cc753	0xStack[-0x90]	WRITE	0
0x001cc75d	0xStack[-0xa4]	WRITE	0
0x001cc767	0xStack[-0x94]	WRITE	0
0x001cc774	0x001cc849	CONDITIONAL_JUMP	0
0x001cc77a	0x001e55a0	READ_WRITE	0
0x001cc780	0xStack[-0x8c]	READ	1
0x001cc788	0xStack[0x8]	READ	0
0x001cc78b	0x001cc7b4	CONDITIONAL_JUMP	0
0x001cc78d	0xStack[0x4]	READ	1
0x001cc792	0xStack[-0xa0]	WRITE	0
0x001cc798	0xStack[0x8]	READ	1
0x001cc79d	0xStack[0x4]	READ	1
0x001cc7a1	0xStack[-0xa0]	READ	1
0x001cc7af	0x001cc7b9	UNCONDITIONAL_JUMP	0
0x001cc7bb	0x001cc7cc	CONDITIONAL_JUMP	0
0x001cc7bd	0xStack[-0xa4]	READ_WRITE	0
0x001cc7c6	0xStack[-0x94]	WRITE	0
0x001cc7d1	0xStack[0x4]	READ	1
0x001cc7d7	0x001cc7db	CONDITIONAL_JUMP	0
0x001cc7dd	0xStack[-0x8c]	READ	0
0x001cc7e3	0x001cc840	CONDITIONAL_JUMP	0
0x001cc7e5	0xStack[-0x88]	READ	1
0x001cc7f1	0x001cc840	CONDITIONAL_JUMP	0
0x001cc7f5	0xStack[0x8]	READ	0
0x001cc7f8	0x001cc820	CONDITIONAL_JUMP	0
0x001cc7fa	0xStack[0x4]	READ	1
0x001cc7ff	0xStack[-0xa0]	WRITE	0
0x001cc805	0xStack[0x8]	READ	1
0x001cc80a	0xStack[0x4]	READ	1
0x001cc80e	0xStack[-0xa0]	READ	1
0x001cc81c	0x001cc825	UNCONDITIONAL_JUMP	0
0x001cc827	0x001cc838	CONDITIONAL_JUMP	0
0x001cc829	0xStack[-0xa4]	READ_WRITE	0
0x001cc832	0xStack[-0x94]	WRITE	0
0x001cc838	0xStack[-0x90]	READ_WRITE	0
0x001cc83e	0x001cc7cc	UNCONDITIONAL_JUMP	0
0x001cc840	0xStack[-0xa4]	READ	0
0x001cc847	0x001cc850	CONDITIONAL_JUMP	0
0x001cc84b	0x001cc9b6	UNCONDITIONAL_JUMP	0
0x001cc850	0xStack[-0xa4]	READ	0
0x001cc857	0x001cc866	CONDITIONAL_JUMP	0
0x001cc859	0x001d9c88	DATA	0
0x001cc85e	0x001cdd3c	UNCONDITIONAL_CALL	0
0x001cc866	0xStack[-0x90]	READ	0
0x001cc86d	0x001cc890	CONDITIONAL_JUMP	0
0x001cc86f	0xStack[-0x90]	READ	1
0x001cc87d	0x0015a880	UNCONDITIONAL_CALL	0
0x001cc885	0xStack[-0x98]	WRITE	0
0x001cc88b	0x001cc899	UNCONDITIONAL_JUMP	0
0x001cc890	0xStack[-0x84]	DATA	0
0x001cc893	0xStack[-0x98]	WRITE	0
0x001cc89b	0xStack[-0x8c]	READ	1
0x001cc8a1	0xStack[-0x9c]	WRITE	0
0x001cc8a7	0xStack[-0x90]	READ	1
0x001cc8ae	0xStack[-0xa4]	WRITE	0
0x001cc8b7	0x001cc951	CONDITIONAL_JUMP	0
0x001cc8c0	0xStack[-0x9c]	READ	1
0x001cc8c6	0xStack[-0x88]	READ	1
0x001cc8d1	0xStack[0x8]	READ	0
0x001cc8d4	0x001cc8fc	CONDITIONAL_JUMP	0
0x001cc8d6	0xStack[0x4]	READ	1
0x001cc8db	0xStack[-0xa0]	WRITE	0
0x001cc8e1	0xStack[0x8]	READ	1
0x001cc8e6	0xStack[0x4]	READ	1
0x001cc8ea	0xStack[-0xa0]	READ	1
0x001cc8f8	0x001cc901	UNCONDITIONAL_JUMP	0
0x001cc903	0x001cc918	CONDITIONAL_JUMP	0
0x001cc905	0xStack[-0x98]	READ	1
0x001cc910	0xStack[-0x84]	DATA	0
0x001cc913	0xStack[-0x78]	DATA	0
0x001cc925	0xStack[-0x9c]	READ	1
0x001cc92e	0xStack[0x4]	READ	1
0x001cc934	0x001cc938	CONDITIONAL_JUMP	0
0x001cc938	0xStack[-0x9c]	WRITE	0
0x001cc93e	0xStack[-0xa4]	READ_WRITE	0
0x001cc944	0xStack[-0xa4]	READ	0
0x001cc94b	0x001cc8c0	CONDITIONAL_JUMP	0
0x001cc951	0xStack[-0x90]	READ	1
0x001cc957	0xStack[0x4]	READ	1
0x001cc960	0x001cc995	CONDITIONAL_JUMP	0
0x001cc962	0x001d9cac	DATA	0
0x001cc967	0x001cdd3c	UNCONDITIONAL_CALL	0
0x001cc96f	0x001cc995	UNCONDITIONAL_JUMP	0
0x001cc974	0xStack[-0x98]	READ	1
0x001cc97f	0xStack[-0x98]	READ	1
0x001cc985	0xStack[-0x84]	DATA	0
0x001cc989	0xStack[0x4]	READ	1
0x001cc98d	0x001cc4d4	UNCONDITIONAL_CALL	0
0x001cc999	0x001cc974	CONDITIONAL_JUMP	0
0x001cc99b	0xStack[-0x90]	READ	0
0x001cc9a2	0x001cc9b0	CONDITIONAL_JUMP	0
0x001cc9a4	0xStack[-0x98]	READ	1
0x001cc9ab	0x0015ab30	UNCONDITIONAL_CALL	0
0x001cc9b0	0xStack[-0x94]	READ	1
0x001cc9b6	0xStack[-0xb0]	DATA	0
0x001cc9c7	0xStack[0x4]	READ	1
0x001cc9da	0xStack[0x4]	READ	1
0x001cc9dd	0xStack[0x8]	READ	1
0x001cc9e0	0xStack[0xc]	READ	1
0x001cc9e3	0xStack[0x10]	READ	1
0x001cc9e9	0x001cca0c	UNCONDITIONAL_JUMP	0
0x001cc9fa	0x001cca0c	CONDITIONAL_JUMP	0
0x001cca0a	0x001cca15	UNCONDITIONAL_JUMP	0
0x001cca11	0x001cc9ec	CONDITIONAL_JUMP	0
0x001cca15	0xStack[-0x10]	DATA	0
0x001cca23	0xStack[0xa]	READ	1
0x001cca27	0xStack[0x8]	READ	1
0x001cca35	0xStack[0x8]	READ	1
0x001cca3a	0x001cca78	CONDITIONAL_JUMP	0
0x001cca3f	0x001cca78	CONDITIONAL_JUMP	0
0x001cca4d	0x001cca78	CONDITIONAL_JUMP	0
0x001cca5b	0x001cca78	CONDITIONAL_JUMP	0
0x001cca69	0x001cca78	CONDITIONAL_JUMP	0
0x001cca76	0x001cca44	CONDITIONAL_JUMP	0
0x001cca83	0x001f9d60	READ	1
0x001cca89	0x002072ec	DATA	0
0x001cca8a	0xStack[0x8]	READ	1
0x001cca8e	0x001ce960	UNCONDITIONAL_CALL	0
0x001cca9b	0xStack[0xc]	READ	1
0x001cca9e	0xStack[0x8]	READ	0
0x001ccab4	0xStack[0x8]	READ	1
0x001ccab7	0xStack[0xc]	READ	1
0x001ccabc	0x001ccac8	CONDITIONAL_JUMP	0
0x001ccac3	0x001ccb12	UNCONDITIONAL_JUMP	0
0x001ccaca	0x001ccad4	CONDITIONAL_JUMP	0
0x001ccad0	0x001ccadc	UNCONDITIONAL_JUMP	0
0x001ccad6	0x001ccaf4	CONDITIONAL_JUMP	0
0x001ccaef	0x001ccb12	UNCONDITIONAL_JUMP	0
0x001ccaf8	0x001ccb10	CONDITIONAL_JUMP	0
0x001ccafc	0x00101e7c	UNCONDITIONAL_CALL	0
0x001ccb0b	0x001ccb12	UNCONDITIONAL_JUMP	0
0x001ccb12	0xStack[-0x8]	READ	1
0x001ccb1f	0xStack[0xc]	READ	1
0x001ccb23	0x001f9838	READ	1
0x001ccb29	0x00205ea8	DATA	0
0x001ccb2a	0xStack[0x8]	READ	1
0x001ccb2e	0x001ce960	UNCONDITIONAL_CALL	0
0x001ccb47	0x001f921c	READ	1
0x001ccb4d	0x00201920	DATA	0
0x001ccb4e	0xStack[0x8]	READ	1
0x001ccb52	0x001ce960	UNCONDITIONAL_CALL	0
0x001ccb5f	0xStack[0x4]	READ	1
0x001ccb64	0x001ccb70	CONDITIONAL_JUMP	0
0x001ccb70	0x001d9cd0	DATA	1
0x001ccb7f	0xStack[0x4]	READ	1
0x001ccb96	0xStack[0x4]	READ	1
0x001ccb99	0xStack[0xc]	READ	1
0x001ccb9e	0x001ccbb1	CONDITIONAL_JUMP	0
0x001ccba2	0x001d6668	DATA	0
0x001ccba9	0x001cdd10	UNCONDITIONAL_CALL	0
0x001ccbb1	0xStack[0x8]	READ	1
0x001ccbc5	0x001ccbe0	CONDITIONAL_JUMP	0
0x001ccbc7	0xStack[0x8]	READ	1
0x001ccbcf	0x001d6648	DATA	0
0x001ccbd5	0x001cdd10	UNCONDITIONAL_CALL	0
0x001ccbdc	0x001ccbeb	UNCONDITIONAL_JUMP	0
0x001ccbe2	0x00101600	UNCONDITIONAL_CALL	0
0x001ccbeb	0xStack[-0x10]	DATA	0
0x001ccbfb	0xStack[0xc]	READ	1
0x001ccbff	0xStack[0x8]	READ	1
0x001ccc03	0xStack[0x4]	READ	1
0x001ccc07	0x001e55d8	READ	1
0x001ccc0c	0x001ccb90	COMPUTED_CALL	0
0x001ccc19	0xStack[0x4]	READ	1
0x001ccc1c	0xStack[0x8]	READ	1
0x001ccc1f	0x001cdef0	UNCONDITIONAL_CALL	0
0x001ccc27	0x001ccb90	UNCONDITIONAL_CALL	0
0x001ccc2c	0xStack[-0xc]	DATA	0
0x001ccc3b	0xStack[0x8]	READ	1
0x001ccc3f	0xStack[0x4]	READ	1
0x001ccc43	0x001e55bc	READ	1
0x001ccc48	0x001ccc14	COMPUTED_CALL	0
0x001ccc53	0xStack[0x4]	READ	1
0x001ccc56	0xStack[0x8]	READ	1
0x001ccc63	0xStack[0x4]	READ	1
0x001ccc75	0xStack[0x4]	READ	1
0x001ccc78	0xStack[0x8]	READ	1
0x001ccc7d	0x001cccb3	CONDITIONAL_JUMP	0
0x001ccc81	0x001cccb3	CONDITIONAL_JUMP	0
0x001ccc8d	0x001cccac	CONDITIONAL_JUMP	0
0x001ccc97	0x001ccca6	CONDITIONAL_JUMP	0
0x001ccc9e	0x001cccb5	CONDITIONAL_JUMP	0
0x001ccca4	0x001ccc9c	CONDITIONAL_JUMP	0
0x001cccaa	0x001ccc90	CONDITIONAL_JUMP	0
0x001cccb1	0x001ccc88	CONDITIONAL_JUMP	0
0x001cccb5	0xStack[-0xc]	DATA	0
0x001cccc5	0xStack[0x4]	READ	1
0x001cccc8	0xStack[0x8]	READ	1
0x001ccccd	0x001ccd0b	CONDITIONAL_JUMP	0
0x001cccd1	0x001ccd0b	CONDITIONAL_JUMP	0
0x001cccd9	0x001cccdd	CONDITIONAL_JUMP	0
0x001ccce5	0x001ccd04	CONDITIONAL_JUMP	0
0x001cccef	0x001cccfe	CONDITIONAL_JUMP	0
0x001cccf6	0x001ccd0d	CONDITIONAL_JUMP	0
0x001cccfc	0x001cccf4	CONDITIONAL_JUMP	0
0x001ccd02	0x001ccce8	CONDITIONAL_JUMP	0
0x001ccd09	0x001ccce0	CONDITIONAL_JUMP	0
0x001ccd0d	0xStack[-0xc]	DATA	0
0x001ccd21	0xStack[0x4]	READ	1
0x001ccd28	0x001ccd68	CONDITIONAL_JUMP	0
0x001ccd30	0xStack[-0x8]	WRITE	0
0x001ccd35	0x001ccd61	UNCONDITIONAL_JUMP	0
0x001ccd42	0xStack[-0x8]	READ	1
0x001ccd49	0xStack[0x8]	READ	1
0x001ccd4d	0x00101e7c	UNCONDITIONAL_CALL	0
0x001ccd57	0x001ccd60	CONDITIONAL_JUMP	0
0x001ccd59	0xStack[-0x8]	READ	1
0x001ccd5e	0x001ccd71	UNCONDITIONAL_JUMP	0
0x001ccd66	0x001ccd38	CONDITIONAL_JUMP	0
0x001ccd6d	0x001ccd24	CONDITIONAL_JUMP	0
0x001ccd71	0xStack[-0x14]	DATA	0
0x001ccd7f	0xStack[0x4]	READ	1
0x001ccd82	0xStack[0x8]	READ	1
0x001ccd87	0x001ccd98	CONDITIONAL_JUMP	0
0x001ccd8b	0x001ccd98	CONDITIONAL_JUMP	0
0x001ccd8f	0x001ccd18	UNCONDITIONAL_CALL	0
0x001ccda8	0xStack[0x4]	READ	1
0x001ccdab	0xStack[0x8]	READ	1
0x001ccdae	0xStack[-0x14]	WRITE	0
0x001ccdb5	0x001cce3c	CONDITIONAL_JUMP	0
0x001ccdbb	0x001cece8	UNCONDITIONAL_CALL	0
0x001ccdc3	0x001cbaa0	UNCONDITIONAL_CALL	0
0x001ccdc8	0xStack[-0xc]	WRITE	0
0x001ccdcb	0xStack[-0x8]	WRITE	0
0x001ccdd4	0xStack[-0x10]	DATA	0
0x001ccdd8	0xStack[-0xc]	DATA	0
0x001ccddd	0x001cbab8	UNCONDITIONAL_CALL	0
0x001ccde7	0x001cce3c	CONDITIONAL_JUMP	0
0x001ccde9	0xStack[-0x10]	READ	1
0x001ccdee	0x001ccdd4	CONDITIONAL_JUMP	0
0x001ccdf2	0x001cce14	CONDITIONAL_JUMP	0
0x001ccdf4	0xStack[-0x10]	READ	1
0x001ccdf8	0x001cd7ec	UNCONDITIONAL_CALL	0
0x001cce00	0xStack[-0x14]	READ	0
0x001cce04	0x001ccdd4	CONDITIONAL_JUMP	0
0x001cce06	0xStack[-0x10]	READ	1
0x001cce0c	0x001cd7ec	UNCONDITIONAL_CALL	0
0x001cce11	0x001ccdce	UNCONDITIONAL_JUMP	0
0x001cce16	0x001cce28	CONDITIONAL_JUMP	0
0x001cce18	0xStack[-0x10]	READ	1
0x001cce1c	0x001cd7ec	UNCONDITIONAL_CALL	0
0x001cce26	0x001cce36	UNCONDITIONAL_JUMP	0
0x001cce2c	0x001cce34	CONDITIONAL_JUMP	0
0x001cce31	0x001cce36	UNCONDITIONAL_JUMP	0
0x001cce38	0x001ccdf0	CONDITIONAL_JUMP	0
0x001cce3a	0x001ccdd4	UNCONDITIONAL_JUMP	0
0x001cce3c	0xStack[-0x1c]	DATA	0
0x001cce4d	0xStack[0x4]	READ	1
0x001cce51	0x001ccda0	UNCONDITIONAL_CALL	0
0x001cce5f	0xStack[0x4]	READ	1
0x001cce62	0xStack[0x8]	READ	1
0x001cce70	0x001ccda0	UNCONDITIONAL_CALL	0
0x001cce7f	0xStack[0x4]	READ	1
0x001cce82	0xStack[0x8]	READ	1
0x001cce89	0x001cce5c	UNCONDITIONAL_CALL	0
0x001cce98	0xStack[0x4]	READ	1
0x001cce9b	0xStack[0x8]	READ	1
0x001ccea1	0x001cceac	CONDITIONAL_JUMP	0
0x001ccea8	0x001ccecc	UNCONDITIONAL_JUMP	0
0x001cceb3	0x001ccecc	CONDITIONAL_JUMP	0
0x001cceba	0x001ccec4	CONDITIONAL_JUMP	0
0x001ccec0	0x001ccecc	UNCONDITIONAL_JUMP	0
0x001cceca	0x001cceb8	CONDITIONAL_JUMP	0
0x001ccecf	0x001ccda0	UNCONDITIONAL_CALL	0
0x001cced4	0xStack[-0x8]	READ	1
0x001ccedf	0xStack[0x4]	READ	1
0x001ccee2	0xStack[0x8]	READ	1
0x001ccee8	0x001ccef4	CONDITIONAL_JUMP	0
0x001ccefb	0x001ccf14	CONDITIONAL_JUMP	0
0x001ccf02	0x001ccf0c	CONDITIONAL_JUMP	0
0x001ccf12	0x001ccf00	CONDITIONAL_JUMP	0
0x001ccf1c	0xStack[0x4]	READ	1
0x001ccf21	0x001e55b0	READ	0
0x001ccf28	0x001ccf3a	CONDITIONAL_JUMP	0
0x001ccf2b	0x001e55b0	READ	1
0x001ccf32	0x001cc2f8	UNCONDITIONAL_CALL	0
0x001ccf3c	0x001ccf44	CONDITIONAL_JUMP	0
0x001ccf3f	0x001ced1c	UNCONDITIONAL_CALL	0
0x001ccf44	0xStack[-0x8]	READ	1
0x001ccf50	0xStack[0x4]	READ	1
0x001ccf53	0x001e55b0	READ	0
0x001ccf5a	0x001ccf8d	CONDITIONAL_JUMP	0
0x001ccf5c	0x001cdcd8	UNCONDITIONAL_CALL	0
0x001ccf64	0x001cde9c	READ	1
0x001ccf6b	0x001cde98	READ	1
0x001ccf71	0x001ccb3c	DATA	0
0x001ccf72	0x001cde94	READ	1
0x001ccf78	0x001ccab0	DATA	0
0x001ccf79	0x001cde90	READ	1
0x001ccf7f	0x001cca30	DATA	0
0x001ccf80	0x001cbfb4	UNCONDITIONAL_CALL	0
0x001ccf85	0x001e55b0	WRITE	0
0x001ccf91	0x001e55b0	READ	1
0x001ccf98	0x001cc2f8	UNCONDITIONAL_CALL	0
0x001ccfa2	0x001ccfb5	CONDITIONAL_JUMP	0
0x001ccfa9	0x001e55b0	READ	1
0x001ccfb0	0x001cc4d4	UNCONDITIONAL_CALL	0
0x001ccfb5	0xStack[-0x8]	READ	1
0x001ccfc8	0xStack[0x4]	READ	1
0x001ccfcb	0x001cf878	UNCONDITIONAL_CALL	0
0x001ccfd0	0xStack[-0x11c]	WRITE	0
0x001ccfd8	0x001cf740	UNCONDITIONAL_CALL	0
0x001ccfdd	0xStack[-0x120]	WRITE	0
0x001ccfe6	0xStack[0x8]	READ	0
0x001ccfe9	0x001cd24b	CONDITIONAL_JUMP	0
0x001ccfef	0xStack[0x8]	READ	1
0x001ccff5	0x001cd018	CONDITIONAL_JUMP	0
0x001ccfff	0x001d66b8	DATA	0
0x001cd004	0x001f9d20	READ	1
0x001cd00a	0x00207590	DATA	0
0x001cd00c	0x001ce960	UNCONDITIONAL_CALL	0
0x001cd011	0x001cd24d	UNCONDITIONAL_JUMP	0
0x001cd01c	0x001cd044	CONDITIONAL_JUMP	0
0x001cd022	0xStack[0x8]	READ	1
0x001cd02a	0x001d66e8	DATA	0
0x001cd02f	0x001f9d20	READ	1
0x001cd035	0x00207590	DATA	0
0x001cd037	0x001ce960	UNCONDITIONAL_CALL	0
0x001cd03c	0x001cd24d	UNCONDITIONAL_JUMP	0
0x001cd044	0x001d9cd4	READ	1
0x001cd04b	0xStack[-0x104]	WRITE	0
0x001cd052	0x001d9cd6	READ	1
0x001cd058	0xStack[-0x102]	WRITE	0
0x001cd05e	0xStack[0x8]	READ	1
0x001cd065	0xStack[-0x104]	DATA	0
0x001cd06b	0xStack[-0x124]	WRITE	0
0x001cd072	0x00101cb8	UNCONDITIONAL_CALL	0
0x001cd079	0xStack[-0x124]	READ	1
0x001cd08e	0x001cd3b0	UNCONDITIONAL_CALL	0
0x001cd093	0xStack[-0x118]	WRITE	0
0x001cd09a	0xStack[-0x118]	READ	1
0x001cd0a1	0x00101b48	UNCONDITIONAL_CALL	0
0x001cd0a6	0xStack[0x8]	READ	1
0x001cd0aa	0x001ccf4c	UNCONDITIONAL_CALL	0
0x001cd0b0	0x001ccf4c	UNCONDITIONAL_CALL	0
0x001cd0b5	0x001cece8	UNCONDITIONAL_CALL	0
0x001cd0ba	0xStack[-0x128]	WRITE	0
0x001cd0c1	0xStack[-0x128]	READ	1
0x001cd0c8	0x001cb8ac	UNCONDITIONAL_CALL	0
0x001cd0d2	0x001cb8ac	UNCONDITIONAL_CALL	0
0x001cd0da	0x001ca5e0	UNCONDITIONAL_CALL	0
0x001cd0df	0xStack[-0x124]	WRITE	0
0x001cd0e7	0x001cb5c8	UNCONDITIONAL_CALL	0
0x001cd0fe	0xStack[0x8]	READ	1
0x001cd10f	0xStack[-0x128]	READ	1
0x001cd116	0x001cbaa0	UNCONDITIONAL_CALL	0
0x001cd11b	0xStack[-0x10c]	WRITE	0
0x001cd121	0xStack[-0x108]	WRITE	0
0x001cd12c	0xStack[-0x110]	DATA	0
0x001cd133	0xStack[-0x10c]	DATA	0
0x001cd13a	0xStack[-0x128]	READ	1
0x001cd141	0x001cbab8	UNCONDITIONAL_CALL	0
0x001cd14b	0x001cd1a4	CONDITIONAL_JUMP	0
0x001cd14d	0xStack[-0x110]	READ	0
0x001cd154	0x001cd12c	CONDITIONAL_JUMP	0
0x001cd156	0xStack[-0x110]	READ	0
0x001cd15c	0x001cd12c	CONDITIONAL_JUMP	0
0x001cd160	0xStack[-0x124]	READ	1
0x001cd166	0xStack[-0x110]	READ	0
0x001cd16c	0x001cd12c	CONDITIONAL_JUMP	0
0x001cd16e	0xStack[-0x110]	READ	1
0x001cd174	0xStack[0x8]	READ	1
0x001cd17a	0x001cd188	CONDITIONAL_JUMP	0
0x001cd186	0x001cd12c	UNCONDITIONAL_JUMP	0
0x001cd188	0xStack[-0x110]	READ	1
0x001cd191	0xStack[-0x110]	WRITE	0
0x001cd199	0x001cd12c	CONDITIONAL_JUMP	0
0x001cd19d	0x001cd12c	CONDITIONAL_JUMP	0
0x001cd19f	0x001cd160	UNCONDITIONAL_JUMP	0
0x001cd1a4	0xStack[-0x124]	WRITE	0
0x001cd1ae	0x001cd20e	UNCONDITIONAL_JUMP	0
0x001cd1b0	0xStack[-0x114]	DATA	0
0x001cd1b7	0x001d9cd8	DATA	0
0x001cd1bc	0x001d9ce4	DATA	0
0x001cd1c1	0xStack[-0x124]	READ	1
0x001cd1ca	0xStack[-0x120]	READ	1
0x001cd1d4	0x0015c354	UNCONDITIONAL_CALL	0
0x001cd1de	0x001cd208	CONDITIONAL_JUMP	0
0x001cd1e2	0xStack[-0x114]	READ	1
0x001cd1ed	0x001cd208	CONDITIONAL_JUMP	0
0x001cd1ef	0xStack[-0x114]	READ	1
0x001cd1f8	0xStack[0x8]	READ	1
0x001cd1fe	0x001cd203	CONDITIONAL_JUMP	0
0x001cd206	0x001cd1f8	CONDITIONAL_JUMP	0
0x001cd208	0xStack[-0x124]	READ_WRITE	0
0x001cd20e	0xStack[-0x11c]	READ	1
0x001cd214	0xStack[-0x124]	READ	0
0x001cd21a	0x001cd1b0	CONDITIONAL_JUMP	0
0x001cd21c	0xStack[-0x118]	READ	1
0x001cd223	0xStack[0x8]	READ	1
0x001cd22b	0xStack[-0x118]	READ	1
0x001cd235	0xStack[-0x128]	READ	1
0x001cd23c	0x001cb5c8	UNCONDITIONAL_CALL	0
0x001cd241	0xStack[0x8]	READ	1
0x001cd246	0x001cb5c8	UNCONDITIONAL_CALL	0
0x001cd24d	0xStack[-0x134]	DATA	0
0x001cd260	0xStack[0x4]	READ	1
0x001cd264	0xStack[0x8]	READ	1
0x001cd268	0x001d00dc	UNCONDITIONAL_CALL	0
0x001cd271	0x001d667e	DATA	0
0x001cd277	0x001cdd10	UNCONDITIONAL_CALL	0
0x001cd27c	0xStack[-0x8]	READ	1
0x001cd288	0xStack[0x4]	READ	1
0x001cd294	0x001cd298	CONDITIONAL_JUMP	0
0x001cd29c	0x001cd2f4	CONDITIONAL_JUMP	0
0x001cd2a0	0x001cd2bb	CONDITIONAL_JUMP	0
0x001cd2a8	0x001cd2ac	CONDITIONAL_JUMP	0
0x001cd2b0	0x001cd2bb	CONDITIONAL_JUMP	0
0x001cd2b3	0x001cd284	UNCONDITIONAL_CALL	0
0x001cd2c1	0x001cd2c5	CONDITIONAL_JUMP	0
0x001cd2c9	0x001cd2f4	CONDITIONAL_JUMP	0
0x001cd2d1	0x001cd2d5	CONDITIONAL_JUMP	0
0x001cd2db	0x001cd2df	CONDITIONAL_JUMP	0
0x001cd2e7	0x001f9ad8	READ	1
0x001cd2ed	0x00201b4c	DATA	0
0x001cd2ef	0x001ce960	UNCONDITIONAL_CALL	0
0x001cd2f6	0xStack[-0x8]	READ	1
0x001cd306	0xStack[0x4]	READ	1
0x001cd30d	0xStack[0x8]	READ	1
0x001cd317	0x001cd335	CONDITIONAL_JUMP	0
0x001cd31d	0x001ced1c	UNCONDITIONAL_CALL	0
0x001cd327	0x001cd330	CONDITIONAL_JUMP	0
0x001cd32c	0x001cd335	UNCONDITIONAL_JUMP	0
0x001cd338	0x001ced1c	UNCONDITIONAL_CALL	0
0x001cd342	0x001cd34c	CONDITIONAL_JUMP	0
0x001cd348	0x001cd351	UNCONDITIONAL_JUMP	0
0x001cd355	0x001cd378	CONDITIONAL_JUMP	0
0x001cd35b	0x001ced1c	UNCONDITIONAL_CALL	0
0x001cd365	0x001cd370	CONDITIONAL_JUMP	0
0x001cd36c	0x001cd37b	UNCONDITIONAL_JUMP	0
0x001cd375	0x001cd37b	UNCONDITIONAL_JUMP	0
0x001cd37f	0x001cd388	CONDITIONAL_JUMP	0
0x001cd381	0x001d671c	DATA	1
0x001cd38c	0x001cd395	CONDITIONAL_JUMP	0
0x001cd38e	0x001d671c	DATA	1
0x001cd397	0x001cd3a3	CONDITIONAL_JUMP	0
0x001cd399	0x001d9cec	DATA	0
0x001cd39e	0x001cdddc	UNCONDITIONAL_CALL	0
0x001cd3a3	0xStack[-0x10]	DATA	0
0x001cd3b5	0xStack[0x4]	READ	1
0x001cd3b8	0x001cdcd8	UNCONDITIONAL_CALL	0
0x001cd3c0	0x001cdcd8	UNCONDITIONAL_CALL	0
0x001cd3d2	0x001cd3e2	CONDITIONAL_JUMP	0
0x001cd3d6	0x001cd3e2	CONDITIONAL_JUMP	0
0x001cd3d8	0x001d9d1c	DATA	0
0x001cd3dd	0x001cdddc	UNCONDITIONAL_CALL	0
0x001cd3e4	0xStack[-0xc]	DATA	0
0x001cd3f9	0xStack[0x8]	READ	1
0x001cd3fc	0xStack[0x4]	READ	1
0x001cd401	0x001cd41c	CONDITIONAL_JUMP	0
0x001cd403	0x001cd4b1	UNCONDITIONAL_JUMP	0
0x001cd409	0xStack[0x4]	READ	1
0x001cd40d	0x001cd76c	UNCONDITIONAL_CALL	0
0x001cd417	0x001cd4b3	UNCONDITIONAL_JUMP	0
0x001cd421	0xStack[-0x8]	WRITE	0
0x001cd42a	0xStack[-0x8]	READ	1
0x001cd434	0x001cd458	CONDITIONAL_JUMP	0
0x001cd43b	0x001cd450	CONDITIONAL_JUMP	0
0x001cd43d	0x001cebb0	DATA	1
0x001cd444	0x001cd4b1	CONDITIONAL_JUMP	0
0x001cd44b	0x001cd4b3	UNCONDITIONAL_JUMP	0
0x001cd451	0xStack[-0x8]	READ	1
0x001cd454	0x001cd430	UNCONDITIONAL_JUMP	0
0x001cd45d	0x001cd47c	CONDITIONAL_JUMP	0
0x001cd467	0x001cd476	CONDITIONAL_JUMP	0
0x001cd46e	0x001cd408	CONDITIONAL_JUMP	0
0x001cd474	0x001cd46c	CONDITIONAL_JUMP	0
0x001cd47a	0x001cd460	CONDITIONAL_JUMP	0
0x001cd481	0x001cd458	CONDITIONAL_JUMP	0
0x001cd483	0x001cdef0	UNCONDITIONAL_CALL	0
0x001cd48c	0x001cdef0	UNCONDITIONAL_CALL	0
0x001cd499	0x001d7350	DATA	1
0x001cd4a0	0x001cebb0	DATA	1
0x001cd4a8	0xStack[0x4]	READ	1
0x001cd4ac	0x001cd76c	UNCONDITIONAL_CALL	0
0x001cd4b3	0xStack[-0x14]	DATA	0
0x001cd4c9	0xStack[0x4]	READ	1
0x001cd4cc	0xStack[0x8]	READ	1
0x001cd4d1	0x001cd4ea	CONDITIONAL_JUMP	0
0x001cd4d5	0x001d66a4	DATA	0
0x001cd4da	0x001f9d20	READ	1
0x001cd4e0	0x00207590	DATA	0
0x001cd4e2	0x001ce960	UNCONDITIONAL_CALL	0
0x001cd4ef	0xStack[-0x8]	WRITE	0
0x001cd500	0x001cd518	CONDITIONAL_JUMP	0
0x001cd507	0x001cd510	CONDITIONAL_JUMP	0
0x001cd50c	0x001cd51f	UNCONDITIONAL_JUMP	0
0x001cd511	0xStack[-0x8]	READ	1
0x001cd514	0x001cd4fc	UNCONDITIONAL_JUMP	0
0x001cd51a	0x001cd868	UNCONDITIONAL_CALL	0
0x001cd51f	0xStack[-0x14]	DATA	0
0x001cd52f	0xStack[0x4]	READ	1
0x001cd532	0xStack[0x8]	READ	1
0x001cd53c	0x001cd552	CONDITIONAL_JUMP	0
0x001cd542	0x001cd54c	CONDITIONAL_JUMP	0
0x001cd550	0x001cd540	CONDITIONAL_JUMP	0
0x001cd55e	0xStack[0x4]	READ	1
0x001cd566	0x001cdef0	UNCONDITIONAL_CALL	0
0x001cd56f	0x001cdef0	UNCONDITIONAL_CALL	0
0x001cd587	0x001cd57c	CONDITIONAL_JUMP	0
0x001cd59a	0x001e55a8	READ	0
0x001cd5a1	0x001cd5a7	CONDITIONAL_JUMP	0
0x001cd5a7	0xStack[-0x10]	DATA	0
0x001cd5bd	0xStack[0x4]	READ	1
0x001cd5c3	0x001d671c	DATA	1
0x001cd5c9	0x001cd5d8	CONDITIONAL_JUMP	0
0x001cd5cc	0x001cd558	UNCONDITIONAL_CALL	0
0x001cd5d1	0x001cd761	UNCONDITIONAL_JUMP	0
0x001cd5d8	0x001e55a8	READ	0
0x001cd5df	0x001cd64b	CONDITIONAL_JUMP	0
0x001cd5e1	0xStack[0x4]	READ	1
0x001cd5e8	0x001cd644	CONDITIONAL_JUMP	0
0x001cd5f6	0x001cd636	CONDITIONAL_JUMP	0
0x001cd5fd	0x001cd62e	CONDITIONAL_JUMP	0
0x001cd603	0x001cebb0	DATA	1
0x001cd60a	0x001cd626	CONDITIONAL_JUMP	0
0x001cd60c	0x001cdef0	UNCONDITIONAL_CALL	0
0x001cd618	0x001cdef0	UNCONDITIONAL_CALL	0
0x001cd634	0x001cd5f8	CONDITIONAL_JUMP	0
0x001cd636	0xStack[0x4]	READ	1
0x001cd63f	0x001cd761	UNCONDITIONAL_JUMP	0
0x001cd644	0xStack[0x4]	READ	1
0x001cd650	0x001cdef0	UNCONDITIONAL_CALL	0
0x001cd655	0xStack[-0xc]	WRITE	0
0x001cd663	0x001cdef0	UNCONDITIONAL_CALL	0
0x001cd669	0xStack[-0xc]	READ	1
0x001cd671	0xStack[-0x8]	WRITE	0
0x001cd676	0xStack[-0x8]	READ	1
0x001cd687	0x001cd69c	CONDITIONAL_JUMP	0
0x001cd68c	0xStack[-0x8]	READ	1
0x001cd69a	0x001cd68c	CONDITIONAL_JUMP	0
0x001cd69c	0x001e55a4	READ	0
0x001cd6a3	0x001cd704	CONDITIONAL_JUMP	0
0x001cd6aa	0x001cd6f8	CONDITIONAL_JUMP	0
0x001cd6b1	0x001cd6f0	CONDITIONAL_JUMP	0
0x001cd6b3	0xStack[-0x8]	READ	1
0x001cd6b8	0xStack[-0x10]	WRITE	0
0x001cd6c3	0xStack[-0x8]	READ	1
0x001cd6cb	0x001cd6d4	CONDITIONAL_JUMP	0
0x001cd6d1	0x001cd6ea	UNCONDITIONAL_JUMP	0
0x001cd6d5	0xStack[-0x10]	READ	1
0x001cd6d8	0xStack[-0x8]	READ	1
0x001cd6e0	0x001cd6d4	CONDITIONAL_JUMP	0
0x001cd6ea	0xStack[-0x8]	READ	1
0x001cd6f6	0x001cd6ac	CONDITIONAL_JUMP	0
0x001cd6f8	0xStack[0x4]	READ	1
0x001cd6ff	0x001cd742	UNCONDITIONAL_JUMP	0
0x001cd709	0x001cd742	CONDITIONAL_JUMP	0
0x001cd711	0x001cd73a	CONDITIONAL_JUMP	0
0x001cd717	0x001cebb0	DATA	1
0x001cd71e	0x001cd73a	CONDITIONAL_JUMP	0
0x001cd720	0x001cdef0	UNCONDITIONAL_CALL	0
0x001cd72c	0x001cdef0	UNCONDITIONAL_CALL	0
0x001cd740	0x001cd70c	CONDITIONAL_JUMP	0
0x001cd742	0xStack[-0x8]	READ	1
0x001cd745	0xStack[0x4]	READ	1
0x001cd74b	0x001cdef0	UNCONDITIONAL_CALL	0
0x001cd753	0x001cdef0	UNCONDITIONAL_CALL	0
0x001cd75e	0xStack[-0x8]	READ	1
0x001cd761	0xStack[-0x1c]	DATA	0
0x001cd775	0xStack[0x8]	READ	1
0x001cd77a	0xStack[-0x8]	WRITE	0
0x001cd77d	0xStack[0x4]	READ	1
0x001cd785	0xStack[-0xc]	WRITE	0
0x001cd799	0x001cd7c4	CONDITIONAL_JUMP	0
0x001cd79b	0xStack[0x4]	READ	1
0x001cd7a2	0x001cd7ac	CONDITIONAL_JUMP	0
0x001cd7a5	0x001cd7ec	UNCONDITIONAL_CALL	0
0x001cd7aa	0x001cd7bc	UNCONDITIONAL_JUMP	0
0x001cd7ac	0xStack[0x4]	READ	1
0x001cd7b0	0x001cd5b4	UNCONDITIONAL_CALL	0
0x001cd7b9	0xStack[-0xc]	WRITE	0
0x001cd7bf	0x001cd7c7	UNCONDITIONAL_JUMP	0
0x001cd7ca	0xStack[-0x8]	READ	1
0x001cd7cd	0xStack[-0xc]	READ	1
0x001cd7d8	0x001cd7e0	CONDITIONAL_JUMP	0
0x001cd7dd	0x001cd7cd	UNCONDITIONAL_JUMP	0
0x001cd7e0	0xStack[-0x18]	DATA	0
0x001cd7f2	0xStack[0x4]	READ	1
0x001cd7f8	0x001d671c	DATA	1
0x001cd7fe	0x001cd851	CONDITIONAL_JUMP	0
0x001cd804	0x001cd843	CONDITIONAL_JUMP	0
0x001cd80d	0x001cd836	CONDITIONAL_JUMP	0
0x001cd813	0x001cebb0	DATA	1
0x001cd81a	0x001cd836	CONDITIONAL_JUMP	0
0x001cd81c	0x001cdef0	UNCONDITIONAL_CALL	0
0x001cd828	0x001cdef0	UNCONDITIONAL_CALL	0
0x001cd841	0x001cd808	CONDITIONAL_JUMP	0
0x001cd84a	0xStack[0x4]	READ	1
0x001cd851	0xStack[-0x10]	DATA	0
0x001cd85f	0x001d6728	DATA	1
0x001cd86e	0xStack[0x4]	READ	1
0x001cd871	0x001d6728	DATA	1
0x001cd877	0x001cd884	CONDITIONAL_JUMP	0
0x001cd879	0x001cd25c	DATA	1
0x001cd87e	0x001cd921	UNCONDITIONAL_JUMP	0
0x001cd888	0x001cd8a4	CONDITIONAL_JUMP	0
0x001cd88e	0x001cd8a4	CONDITIONAL_JUMP	0
0x001cd894	0x001ced1c	UNCONDITIONAL_CALL	0
0x001cd89a	0x001cd284	UNCONDITIONAL_CALL	0
0x001cd8a9	0x001cd8cb	CONDITIONAL_JUMP	0
0x001cd8b3	0x001cd8c5	CONDITIONAL_JUMP	0
0x001cd8b8	0xStack[0x8]	READ	1
0x001cd8bd	0x001cd910	CONDITIONAL_JUMP	0
0x001cd8c3	0x001cd8b8	CONDITIONAL_JUMP	0
0x001cd8c9	0x001cd8ac	CONDITIONAL_JUMP	0
0x001cd8cf	0x001cd914	CONDITIONAL_JUMP	0
0x001cd8d6	0x001cd8a4	CONDITIONAL_JUMP	0
0x001cd8d8	0x001cdef0	UNCONDITIONAL_CALL	0
0x001cd8e1	0x001cdef0	UNCONDITIONAL_CALL	0
0x001cd8ec	0xStack[0x8]	READ	1
0x001cd8f1	0x001d7350	DATA	1
0x001cd8f8	0x001cebb0	DATA	1
0x001cd900	0xStack[0x4]	READ	1
0x001cd904	0x001cd76c	UNCONDITIONAL_CALL	0
0x001cd909	0x001cebb0	DATA	1
0x001cd90e	0x001cd921	UNCONDITIONAL_JUMP	0
0x001cd912	0x001cd8cd	UNCONDITIONAL_JUMP	0
0x001cd915	0xStack[0x4]	READ	1
0x001cd919	0x001cd76c	UNCONDITIONAL_CALL	0
0x001cd921	0xStack[-0x10]	DATA	0
0x001cd934	0xStack[0x4]	READ	1
0x001cd937	0xStack[0x8]	READ	1
0x001cd93a	0xStack[-0x8]	WRITE	0
0x001cd944	0x001cd98f	CONDITIONAL_JUMP	0
0x001cd946	0x001cd953	CONDITIONAL_JUMP	0
0x001cd94a	0x001cd958	CONDITIONAL_JUMP	0
0x001cd94c	0xStack[-0x8]	READ	1
0x001cd951	0x001cd958	CONDITIONAL_JUMP	0
0x001cd955	0x001cd99b	UNCONDITIONAL_JUMP	0
0x001cd95d	0x001cd988	CONDITIONAL_JUMP	0
0x001cd95f	0x001cd970	CONDITIONAL_JUMP	0
0x001cd964	0x001cd988	CONDITIONAL_JUMP	0
0x001cd969	0x001cd985	CONDITIONAL_JUMP	0
0x001cd96b	0x001cd989	UNCONDITIONAL_JUMP	0
0x001cd973	0x001cd988	CONDITIONAL_JUMP	0
0x001cd975	0x001cd980	CONDITIONAL_JUMP	0
0x001cd97a	0x001cd985	CONDITIONAL_JUMP	0
0x001cd97c	0x001cd989	UNCONDITIONAL_JUMP	0
0x001cd983	0x001cd989	CONDITIONAL_JUMP	0
0x001cd986	0x001cd989	UNCONDITIONAL_JUMP	0
0x001cd98d	0x001cd948	CONDITIONAL_JUMP	0
0x001cd98f	0x001d9d38	DATA	0
0x001cd994	0x001cdd3c	UNCONDITIONAL_CALL	0
0x001cd99b	0xStack[-0x10]	DATA	0
0x001cd9a8	0xStack[0x4]	READ	1
0x001cd9b7	0x001cdb38	CONDITIONAL_JUMP	0
0x001cd9bd	0x001cdb28	COMPUTED_JUMP	-1
0x001cd9bd	0x001cdb38	COMPUTED_JUMP	-1
0x001cd9bd	0x001cd9ac	COMPUTED_JUMP	-1
0x001cd9bd	0x001cdb15	COMPUTED_JUMP	-1
0x001cd9bd	0x001cdb24	COMPUTED_JUMP	-1
0x001cd9bd	0x001cd9c4	DATA	0
0x001cd9c4	0x001cdb28	DATA	0
0x001cd9c8	0x001cdb38	DATA	0
0x001cd9cc	0x001cdb38	DATA	0
0x001cd9d0	0x001cdb38	DATA	0
0x001cd9d4	0x001cdb38	DATA	0
0x001cd9d8	0x001cdb38	DATA	0
0x001cd9dc	0x001cdb38	DATA	0
0x001cd9e0	0x001cdb38	DATA	0
0x001cd9e4	0x001cdb38	DATA	0
0x001cd9e8	0x001cdb38	DATA	0
0x001cd9ec	0x001cdb38	DATA	0
0x001cd9f0	0x001cdb38	DATA	0
0x001cd9f4	0x001cdb38	DATA	0
0x001cd9f8	0x001cdb38	DATA	0
0x001cd9fc	0x001cdb38	DATA	0
0x001cda00	0x001cdb38	DATA	0
0x001cda04	0x001cdb38	DATA	0
0x001cda08	0x001cdb38	DATA	0
0x001cda0c	0x001cdb38	DATA	0
0x001cda10	0x001cdb38	DATA	0
0x001cda14	0x001cdb38	DATA	0
0x001cda18	0x001cdb38	DATA	0
0x001cda1c	0x001cdb38	DATA	0
0x001cda20	0x001cdb38	DATA	0
0x001cda24	0x001cdb38	DATA	0
0x001cda28	0x001cdb38	DATA	0
0x001cda2c	0x001cdb38	DATA	0
0x001cda30	0x001cdb38	DATA	0
0x001cda34	0x001cdb38	DATA	0
0x001cda38	0x001cdb38	DATA	0
0x001cda3c	0x001cdb38	DATA	0
0x001cda40	0x001cdb38	DATA	0
0x001cda44	0x001cdb38	DATA	0
0x001cda48	0x001cdb38	DATA	0
0x001cda4c	0x001cdb38	DATA	0
0x001cda50	0x001cdb38	DATA	0
0x001cda54	0x001cdb38	DATA	0
0x001cda58	0x001cdb38	DATA	0
0x001cda5c	0x001cd9ac	DATA	0
0x001cda60	0x001cd9ac	DATA	0
0x001cda64	0x001cdb38	DATA	0
0x001cda68	0x001cdb38	DATA	0
0x001cda6c	0x001cdb38	DATA	0
0x001cda70	0x001cdb38	DATA	0
0x001cda74	0x001cdb38	DATA	0
0x001cda78	0x001cdb38	DATA	0
0x001cda7c	0x001cd9ac	DATA	0
0x001cda80	0x001cdb38	DATA	0
0x001cda84	0x001cdb38	DATA	0
0x001cda88	0x001cdb38	DATA	0
0x001cda8c	0x001cdb38	DATA	0
0x001cda90	0x001cdb15	DATA	0
0x001cda94	0x001cdb38	DATA	0
0x001cda98	0x001cdb38	DATA	0
0x001cda9c	0x001cd9ac	DATA	0
0x001cdaa0	0x001cdb38	DATA	0
0x001cdaa4	0x001cdb38	DATA	0
0x001cdaa8	0x001cdb38	DATA	0
0x001cdaac	0x001cdb38	DATA	0
0x001cdab0	0x001cdb38	DATA	0
0x001cdab4	0x001cdb38	DATA	0
0x001cdab8	0x001cdb38	DATA	0
0x001cdabc	0x001cdb38	DATA	0
0x001cdac0	0x001cdb38	DATA	0
0x001cdac4	0x001cdb38	DATA	0
0x001cdac8	0x001cdb38	DATA	0
0x001cdacc	0x001cdb38	DATA	0
0x001cdad0	0x001cdb38	DATA	0
0x001cdad4	0x001cdb38	DATA	0
0x001cdad8	0x001cdb38	DATA	0
0x001cdadc	0x001cd9ac	DATA	0
0x001cdae0	0x001cd9ac	DATA	0
0x001cdae4	0x001cdb38	DATA	0
0x001cdae8	0x001cdb38	DATA	0
0x001cdaec	0x001cd9ac	DATA	0
0x001cdaf0	0x001cdb38	DATA	0
0x001cdaf4	0x001cdb38	DATA	0
0x001cdaf8	0x001cdb38	DATA	0
0x001cdafc	0x001cdb38	DATA	0
0x001cdb00	0x001cdb38	DATA	0
0x001cdb04	0x001cdb38	DATA	0
0x001cdb08	0x001cdb38	DATA	0
0x001cdb0c	0x001cdb38	DATA	0
0x001cdb10	0x001cdb24	DATA	0
0x001cdb1b	0x001cdb14	CONDITIONAL_JUMP	0
0x001cdb1f	0x001cdb2a	UNCONDITIONAL_JUMP	0
0x001cdb26	0x001cdb2a	UNCONDITIONAL_JUMP	0
0x001cdb2b	0x001cd92c	UNCONDITIONAL_CALL	0
0x001cdb34	0x001cdb3a	UNCONDITIONAL_JUMP	0
0x001cdb3a	0xStack[-0x8]	READ	1
0x001cdb48	0xStack[0x4]	READ	1
0x001cdb51	0x001cd9a4	UNCONDITIONAL_CALL	0
0x001cdb5b	0x001cdb61	UNCONDITIONAL_JUMP	0
0x001cdb67	0x001cdb60	CONDITIONAL_JUMP	0
0x001cdb6c	0x001cdb8f	CONDITIONAL_JUMP	0
0x001cdb71	0x001cd9a4	UNCONDITIONAL_CALL	0
0x001cdb7e	0x001cdb81	CONDITIONAL_JUMP	0
0x001cdb87	0x001cdb80	CONDITIONAL_JUMP	0
0x001cdb8d	0x001cdb70	CONDITIONAL_JUMP	0
0x001cdb91	0xStack[-0x8]	READ	1
0x001cdb9c	0xStack[0x4]	READ	1
0x001cdba5	0x001cd9a4	UNCONDITIONAL_CALL	0
0x001cdbac	0x001cdbbe	UNCONDITIONAL_JUMP	0
0x001cdbc4	0x001cdbb0	CONDITIONAL_JUMP	0
0x001cdbc8	0xStack[-0x8]	READ	1
0x001cdbd9	0xStack[0x4]	READ	1
0x001cdbe4	0x001cd9a4	UNCONDITIONAL_CALL	0
0x001cdbee	0x001cdbf1	UNCONDITIONAL_JUMP	0
0x001cdbf7	0x001cdbf0	CONDITIONAL_JUMP	0
0x001cdbfc	0x001cdcb8	CONDITIONAL_JUMP	0
0x001cdc04	0xStack[0x8]	READ	0
0x001cdc07	0x001cdc63	CONDITIONAL_JUMP	0
0x001cdc0a	0x001cd9a4	UNCONDITIONAL_CALL	0
0x001cdc16	0x001cdc4c	CONDITIONAL_JUMP	0
0x001cdc1b	0x001cdc24	CONDITIONAL_JUMP	0
0x001cdc1d	0xStack[-0x8]	WRITE	0
0x001cdc21	0x001cdc39	UNCONDITIONAL_JUMP	0
0x001cdc24	0xStack[-0x8]	WRITE	0
0x001cdc28	0x001cdc3a	UNCONDITIONAL_JUMP	0
0x001cdc40	0x001cdc2c	CONDITIONAL_JUMP	0
0x001cdc42	0xStack[-0x8]	READ	0
0x001cdc46	0x001cdc5d	CONDITIONAL_JUMP	0
0x001cdc4a	0x001cdc5d	UNCONDITIONAL_JUMP	0
0x001cdc4f	0x001cdc55	CONDITIONAL_JUMP	0
0x001cdc5b	0x001cdc54	CONDITIONAL_JUMP	0
0x001cdc61	0x001cdc04	CONDITIONAL_JUMP	0
0x001cdc66	0x001cdcb8	CONDITIONAL_JUMP	0
0x001cdc6a	0xStack[0xc]	READ	1
0x001cdc70	0x001cd9a4	UNCONDITIONAL_CALL	0
0x001cdc77	0xStack[0x8]	READ	0
0x001cdc7b	0x001cdcc1	CONDITIONAL_JUMP	0
0x001cdc80	0x001cdc88	CONDITIONAL_JUMP	0
0x001cdc82	0xStack[-0x8]	WRITE	0
0x001cdc86	0x001cdc9d	UNCONDITIONAL_JUMP	0
0x001cdc88	0xStack[-0x8]	WRITE	0
0x001cdc8c	0x001cdc9e	UNCONDITIONAL_JUMP	0
0x001cdca4	0x001cdc90	CONDITIONAL_JUMP	0
0x001cdca6	0xStack[-0x8]	READ	0
0x001cdcaa	0x001cdcae	CONDITIONAL_JUMP	0
0x001cdcb0	0xStack[0x10]	READ	1
0x001cdcb5	0x001cdcca	UNCONDITIONAL_JUMP	0
0x001cdcb8	0xStack[0xc]	READ	1
0x001cdcc1	0xStack[0x10]	READ	1
0x001cdccc	0xStack[-0x14]	DATA	0
0x001cdcdb	0x001e55b4	READ	0
0x001cdce2	0x001cdd05	CONDITIONAL_JUMP	0
0x001cdcf0	0x001cdf08	UNCONDITIONAL_CALL	0
0x001cdcf5	0x001e55b4	WRITE	0
0x001cdcfa	0x001d9d74	DATA	0
0x001cdd00	0x001cdf14	UNCONDITIONAL_CALL	0
0x001cdd05	0x001e55b4	READ	1
0x001cdd16	0xStack[0x4]	READ	1
0x001cdd19	0xStack[0x8]	READ	1
0x001cdd1c	0xStack[0xc]	DATA	0
0x001cdd22	0x001e55d4	READ	1
0x001cdd27	0x001cdd80	COMPUTED_CALL	0
0x001cdd2c	0x001cdd80	UNCONDITIONAL_CALL	0
0x001cdd31	0xStack[-0x10]	DATA	0
0x001cdd41	0xStack[0x4]	READ	1
0x001cdd44	0xStack[0x8]	DATA	0
0x001cdd4b	0x0010c220	UNCONDITIONAL_CALL	0
0x001cdd68	0x001cdd76	CONDITIONAL_JUMP	0
0x001cdd6a	0x001d7058	DATA	0
0x001cdd71	0x0010c1c0	UNCONDITIONAL_CALL	0
0x001cdd76	0xStack[-0xc]	DATA	0
0x001cdd86	0xStack[0x8]	READ	1
0x001cdd89	0xStack[0xc]	READ	1
0x001cdd8c	0xStack[0x4]	READ	1
0x001cdd90	0x001ccb5c	UNCONDITIONAL_CALL	0
0x001cdd96	0x001d9d7c	DATA	0
0x001cdd9d	0x0010c1c0	UNCONDITIONAL_CALL	0
0x001cdda6	0x0010c220	UNCONDITIONAL_CALL	0
0x001cddc3	0x001cddd4	CONDITIONAL_JUMP	0
0x001cddc5	0x001d7058	DATA	0
0x001cddcc	0x0010c1c0	UNCONDITIONAL_CALL	0
0x001cddd4	0x0017e220	UNCONDITIONAL_CALL	0
0x001cdddf	0xStack[0x4]	READ	1
0x001cdde3	0x001d9d8c	DATA	0
0x001cdde8	0x0010c0d8	UNCONDITIONAL_CALL	0
0x001cdded	0x001d9d9c	DATA	0
0x001cddf2	0x0010ca6c	UNCONDITIONAL_CALL	0
0x001cde01	0xStack[0x4]	READ	1
0x001cde04	0xStack[0x8]	DATA	0
0x001cde0b	0x0010c220	UNCONDITIONAL_CALL	0
0x001cde28	0x001cde36	CONDITIONAL_JUMP	0
0x001cde2a	0x001d7058	DATA	0
0x001cde31	0x0010c1c0	UNCONDITIONAL_CALL	0
0x001cde36	0xStack[-0xc]	DATA	0
0x001cde40	0x001cbb1c	DATA	0
0x001cde44	0x001cbb7c	DATA	0
0x001cde48	0x001cbc00	DATA	0
0x001cde50	0x001cbb2c	DATA	0
0x001cde54	0x001cbb94	DATA	0
0x001cde58	0x001cbc00	DATA	0
0x001cde60	0x001cbc18	DATA	0
0x001cde64	0x001cbc30	DATA	0
0x001cde68	0x001cbc08	DATA	0
0x001cde70	0x001cbc4c	DATA	0
0x001cde74	0x001cbc64	DATA	0
0x001cde78	0x001cbc08	DATA	0
0x001cde90	0x001cca30	DATA	0
0x001cde94	0x001ccab0	DATA	0
0x001cde98	0x001ccb3c	DATA	0
0x001cdeb3	0xStack[0xc]	READ	1
0x001cdeb7	0xStack[0x8]	READ	1
0x001cdebb	0x0015a9a8	UNCONDITIONAL_CALL	0
0x001cdec7	0xStack[0x8]	READ	1
0x001cdecb	0x0015a880	UNCONDITIONAL_CALL	0
0x001cded7	0xStack[0x8]	READ	1
0x001cdedc	0x001cdee4	CONDITIONAL_JUMP	0
0x001cdedf	0x0015ab30	UNCONDITIONAL_CALL	0
0x001cdef3	0x001e55e4	DATA	1
0x001cdeff	0x001e55e4	DATA	1
0x001cdf0b	0x001e55e4	DATA	1
0x001cdf1f	0xStack[0xc]	READ	1
0x001cdf23	0xStack[0x8]	READ	1
0x001cdf27	0x0015a910	UNCONDITIONAL_CALL	0
0x001cdf33	0xStack[0x4]	READ	1
0x001cdf3d	0x001cdf48	CONDITIONAL_JUMP	0
0x001cdf46	0x001cdf40	CONDITIONAL_JUMP	0
0x001cdf54	0xStack[0x4]	READ	1
0x001cdf5a	0x001cdf30	UNCONDITIONAL_CALL	0
0x001cdf64	0x001cdf88	CONDITIONAL_JUMP	0
0x001cdf66	0x001f9cfc	READ	1
0x001cdf6c	0x00207684	DATA	0
0x001cdf6e	0x001cd52c	UNCONDITIONAL_CALL	0
0x001cdf78	0x001cdf88	CONDITIONAL_JUMP	0
0x001cdf7a	0xStack[0x8]	READ	1
0x001cdf7e	0x001f9cfc	READ	1
0x001cdf84	0x00207684	DATA	0
0x001cdf88	0xStack[-0x8]	READ	1
0x001cdf95	0xStack[0x4]	READ	1
0x001cdf9d	0x001cdfcc	CONDITIONAL_JUMP	0
0x001cdf9f	0x001f9cfc	READ	1
0x001cdfa5	0x00207684	DATA	0
0x001cdfa7	0x001cd52c	UNCONDITIONAL_CALL	0
0x001cdfb2	0x001ced1c	UNCONDITIONAL_CALL	0
0x001cdfbc	0x001cdfcc	CONDITIONAL_JUMP	0
0x001cdfbe	0xStack[0x8]	READ	1
0x001cdfc2	0x001f9cfc	READ	1
0x001cdfc8	0x00207684	DATA	0
0x001cdfcc	0xStack[-0xc]	DATA	0
0x001cdfdc	0xStack[0x4]	READ	1
0x001cdfe2	0x001cdf30	UNCONDITIONAL_CALL	0
0x001cdfec	0x001ce00c	CONDITIONAL_JUMP	0
0x001cdfee	0x001f9cf8	READ	1
0x001cdff4	0x00207694	DATA	0
0x001cdff6	0x001cd52c	UNCONDITIONAL_CALL	0
0x001ce000	0x001ce00c	CONDITIONAL_JUMP	0
0x001ce002	0x001f9cf8	READ	1
0x001ce008	0x00207694	DATA	0
0x001ce00c	0xStack[-0x8]	READ	1
0x001ce019	0xStack[0x4]	READ	1
0x001ce021	0x001ce04c	CONDITIONAL_JUMP	0
0x001ce023	0x001f9cf8	READ	1
0x001ce029	0x00207694	DATA	0
0x001ce02b	0x001cd52c	UNCONDITIONAL_CALL	0
0x001ce036	0x001ced1c	UNCONDITIONAL_CALL	0
0x001ce040	0x001ce04c	CONDITIONAL_JUMP	0
0x001ce042	0x001f9cf8	READ	1
0x001ce048	0x00207694	DATA	0
0x001ce04c	0xStack[-0xc]	DATA	0
0x001ce061	0xStack[-0x8]	DATA	0
0x001ce065	0x001d9db0	DATA	0
0x001ce06a	0x001d9ce4	DATA	0
0x001ce06f	0xStack[0x4]	READ	1
0x001ce073	0x0015c354	UNCONDITIONAL_CALL	0
0x001ce07f	0x001ce0c1	CONDITIONAL_JUMP	0
0x001ce081	0xStack[-0x8]	READ	0
0x001ce085	0x001ce0c1	CONDITIONAL_JUMP	0
0x001ce087	0x001d9dc0	DATA	0
0x001ce08c	0x001ced1c	UNCONDITIONAL_CALL	0
0x001ce093	0xStack[-0xc]	WRITE	0
0x001ce09a	0xStack[-0x8]	READ	1
0x001ce09f	0x001ce0b3	UNCONDITIONAL_JUMP	0
0x001ce0a4	0xStack[-0xc]	READ	1
0x001ce0ae	0xStack[-0xc]	WRITE	0
0x001ce0bc	0xStack[-0xc]	READ	0
0x001ce0bf	0x001ce0a4	CONDITIONAL_JUMP	0
0x001ce0c1	0xStack[-0x1c]	DATA	0
0x001ce0d7	0xStack[-0x8]	DATA	0
0x001ce0db	0x001d9dd4	DATA	0
0x001ce0e0	0x001d9ce4	DATA	0
0x001ce0e5	0xStack[0x4]	READ	1
0x001ce0e9	0x0015c354	UNCONDITIONAL_CALL	0
0x001ce0ee	0xStack[-0x10]	WRITE	0
0x001ce0f1	0xStack[-0x14]	WRITE	0
0x001ce0f4	0xStack[-0x8]	READ	1
0x001ce0f7	0xStack[-0xc]	WRITE	0
0x001ce0fd	0xStack[-0x10]	READ	0
0x001ce101	0x001ce161	CONDITIONAL_JUMP	0
0x001ce104	0xStack[-0xc]	READ	0
0x001ce108	0x001ce161	CONDITIONAL_JUMP	0
0x001ce10a	0xStack[-0x10]	READ	1
0x001ce112	0xStack[-0x18]	WRITE	0
0x001ce11e	0x001ce14b	CONDITIONAL_JUMP	0
0x001ce120	0xStack[-0x18]	READ	1
0x001ce128	0x001ced70	UNCONDITIONAL_CALL	0
0x001ce132	0x001ce139	CONDITIONAL_JUMP	0
0x001ce139	0xStack[-0x18]	READ_WRITE	0
0x001ce13c	0xStack[-0x10]	READ	1
0x001ce146	0xStack[-0x18]	READ	0
0x001ce149	0x001ce120	CONDITIONAL_JUMP	0
0x001ce14b	0xStack[-0x10]	READ	1
0x001ce151	0xStack[-0xc]	READ_WRITE	0
0x001ce154	0xStack[-0x10]	READ	1
0x001ce15c	0xStack[-0x10]	WRITE	0
0x001ce15f	0x001ce104	CONDITIONAL_JUMP	0
0x001ce163	0x001ce170	CONDITIONAL_JUMP	0
0x001ce16a	0x001ce736	UNCONDITIONAL_JUMP	0
0x001ce172	0xStack[0x4]	READ	1
0x001ce176	0x001cf884	UNCONDITIONAL_CALL	0
0x001ce17b	0xStack[0x4]	READ	1
0x001ce17f	0x001ce058	UNCONDITIONAL_CALL	0
0x001ce184	0xStack[-0xc]	DATA	0
0x001ce188	0x001d9de4	DATA	0
0x001ce18d	0x001d9ce4	DATA	0
0x001ce192	0xStack[0x4]	READ	1
0x001ce196	0x0015c354	UNCONDITIONAL_CALL	0
0x001ce1a2	0x001ce1c9	CONDITIONAL_JUMP	0
0x001ce1a4	0xStack[-0xc]	READ	1
0x001ce1ae	0x001ce1c9	CONDITIONAL_JUMP	0
0x001ce1b4	0x001d0288	UNCONDITIONAL_CALL	0
0x001ce1bf	0x001ce1c4	CONDITIONAL_JUMP	0
0x001ce1c7	0x001ce1b0	CONDITIONAL_JUMP	0
0x001ce1c9	0xStack[-0xc]	DATA	0
0x001ce1cd	0x001d9df4	DATA	0
0x001ce1d2	0x001d9ce4	DATA	0
0x001ce1d7	0xStack[0x4]	READ	1
0x001ce1db	0x0015c354	UNCONDITIONAL_CALL	0
0x001ce1e0	0xStack[-0x1c]	WRITE	0
0x001ce1e8	0x001ce2a9	CONDITIONAL_JUMP	0
0x001ce1ee	0xStack[-0x20]	WRITE	0
0x001ce1f5	0x001ce26d	UNCONDITIONAL_JUMP	0
0x001ce1f8	0xStack[-0x20]	READ	1
0x001ce201	0xStack[-0x1c]	READ	1
0x001ce209	0x001ce232	CONDITIONAL_JUMP	0
0x001ce213	0x001ce232	CONDITIONAL_JUMP	0
0x001ce21f	0x001d0288	UNCONDITIONAL_CALL	0
0x001ce229	0x001ce22d	CONDITIONAL_JUMP	0
0x001ce230	0x001ce218	CONDITIONAL_JUMP	0
0x001ce232	0xStack[-0x20]	READ	1
0x001ce23b	0xStack[-0x1c]	READ	1
0x001ce243	0x001ce26a	CONDITIONAL_JUMP	0
0x001ce24d	0x001ce26a	CONDITIONAL_JUMP	0
0x001ce257	0x001d0288	UNCONDITIONAL_CALL	0
0x001ce261	0x001ce265	CONDITIONAL_JUMP	0
0x001ce268	0x001ce250	CONDITIONAL_JUMP	0
0x001ce26a	0xStack[-0x20]	READ_WRITE	0
0x001ce26d	0xStack[-0xc]	READ	1
0x001ce279	0xStack[-0x20]	READ	0
0x001ce27c	0x001ce1f8	CONDITIONAL_JUMP	0
0x001ce282	0xStack[-0xc]	READ	1
0x001ce28f	0xStack[-0x1c]	READ	1
0x001ce293	0x001f9cf4	READ	1
0x001ce299	0x00207670	DATA	0
0x001ce29a	0x001f9de0	READ	1
0x001ce2a0	0x001fee49	DATA	0
0x001ce2a1	0x001ce960	UNCONDITIONAL_CALL	0
0x001ce2a9	0xStack[-0x14]	READ	1
0x001ce2ac	0xStack[-0x10]	WRITE	0
0x001ce2af	0xStack[-0x8]	READ	1
0x001ce2b2	0xStack[-0xc]	WRITE	0
0x001ce2b5	0xStack[-0x10]	READ	0
0x001ce2b9	0x001ce310	CONDITIONAL_JUMP	0
0x001ce2bc	0xStack[-0xc]	READ	0
0x001ce2c0	0x001ce310	CONDITIONAL_JUMP	0
0x001ce2c2	0xStack[-0x10]	READ	1
0x001ce2ca	0xStack[-0x18]	WRITE	0
0x001ce2d6	0x001ce2fa	CONDITIONAL_JUMP	0
0x001ce2d8	0xStack[-0x18]	READ	1
0x001ce2e0	0x001cedb0	UNCONDITIONAL_CALL	0
0x001ce2e8	0xStack[-0x18]	READ_WRITE	0
0x001ce2eb	0xStack[-0x10]	READ	1
0x001ce2f5	0xStack[-0x18]	READ	0
0x001ce2f8	0x001ce2d8	CONDITIONAL_JUMP	0
0x001ce2fa	0xStack[-0x10]	READ	1
0x001ce300	0xStack[-0xc]	READ_WRITE	0
0x001ce303	0xStack[-0x10]	READ	1
0x001ce30b	0xStack[-0x10]	WRITE	0
0x001ce30e	0x001ce2bc	CONDITIONAL_JUMP	0
0x001ce310	0xStack[-0x14]	READ	1
0x001ce313	0xStack[-0x10]	WRITE	0
0x001ce316	0xStack[-0x8]	READ	1
0x001ce319	0xStack[-0xc]	WRITE	0
0x001ce31c	0xStack[-0x10]	READ	0
0x001ce320	0x001ce45d	CONDITIONAL_JUMP	0
0x001ce328	0xStack[-0xc]	READ	0
0x001ce32c	0x001ce45d	CONDITIONAL_JUMP	0
0x001ce332	0xStack[-0x10]	READ	1
0x001ce33a	0xStack[-0x18]	WRITE	0
0x001ce346	0x001ce443	CONDITIONAL_JUMP	0
0x001ce34c	0xStack[-0x18]	READ	1
0x001ce357	0x001ce38c	CONDITIONAL_JUMP	0
0x001ce35c	0xStack[-0x24]	WRITE	0
0x001ce364	0x001ce38c	CONDITIONAL_JUMP	0
0x001ce36b	0xStack[-0x24]	READ	1
0x001ce375	0x001d0288	UNCONDITIONAL_CALL	0
0x001ce37f	0x001ce383	CONDITIONAL_JUMP	0
0x001ce384	0xStack[-0x24]	READ	1
0x001ce38a	0x001ce368	CONDITIONAL_JUMP	0
0x001ce392	0x001ce3c8	CONDITIONAL_JUMP	0
0x001ce397	0xStack[-0x28]	WRITE	0
0x001ce39f	0x001ce3c8	CONDITIONAL_JUMP	0
0x001ce3a7	0xStack[-0x28]	READ	1
0x001ce3b1	0x001d0288	UNCONDITIONAL_CALL	0
0x001ce3bb	0x001ce3bf	CONDITIONAL_JUMP	0
0x001ce3c0	0xStack[-0x28]	READ	1
0x001ce3c6	0x001ce3a4	CONDITIONAL_JUMP	0
0x001ce3c8	0xStack[-0x10]	READ	1
0x001ce3cf	0x001cd300	UNCONDITIONAL_CALL	0
0x001ce3e2	0x001ce3f4	CONDITIONAL_JUMP	0
0x001ce3e8	0x001ce3f4	CONDITIONAL_JUMP	0
0x001ce3fa	0x001ce42d	CONDITIONAL_JUMP	0
0x001ce400	0x001ce42d	CONDITIONAL_JUMP	0
0x001ce402	0x001d99dc	DATA	0
0x001ce407	0x001cddfc	UNCONDITIONAL_CALL	0
0x001ce410	0x001d9e00	DATA	0
0x001ce415	0x001cddfc	UNCONDITIONAL_CALL	0
0x001ce42d	0xStack[-0x18]	READ_WRITE	0
0x001ce430	0xStack[-0x10]	READ	1
0x001ce43a	0xStack[-0x18]	READ	0
0x001ce43d	0x001ce34c	CONDITIONAL_JUMP	0
0x001ce443	0xStack[-0x10]	READ	1
0x001ce449	0xStack[-0xc]	READ_WRITE	0
0x001ce44c	0xStack[-0x10]	READ	1
0x001ce454	0xStack[-0x10]	WRITE	0
0x001ce457	0x001ce328	CONDITIONAL_JUMP	0
0x001ce45d	0xStack[-0x14]	READ	1
0x001ce460	0xStack[-0x10]	WRITE	0
0x001ce463	0xStack[-0x8]	READ	1
0x001ce466	0xStack[-0xc]	WRITE	0
0x001ce469	0xStack[-0x10]	READ	0
0x001ce46d	0x001ce55c	CONDITIONAL_JUMP	0
0x001ce474	0xStack[-0xc]	READ	0
0x001ce478	0x001ce55c	CONDITIONAL_JUMP	0
0x001ce47e	0xStack[-0x10]	READ	1
0x001ce48a	0xStack[-0x18]	WRITE	0
0x001ce495	0x001ce542	CONDITIONAL_JUMP	0
0x001ce49c	0xStack[-0x18]	READ	1
0x001ce4a3	0xStack[-0x2c]	WRITE	0
0x001ce4aa	0x001ce4d6	CONDITIONAL_JUMP	0
0x001ce4b4	0x001ce4d6	CONDITIONAL_JUMP	0
0x001ce4c2	0x001d0288	UNCONDITIONAL_CALL	0
0x001ce4cc	0x001ce4d0	CONDITIONAL_JUMP	0
0x001ce4d4	0x001ce4b8	CONDITIONAL_JUMP	0
0x001ce4d6	0xStack[-0x2c]	READ	1
0x001ce4dd	0x001ce50a	CONDITIONAL_JUMP	0
0x001ce4e7	0x001ce50a	CONDITIONAL_JUMP	0
0x001ce4f6	0x001d0288	UNCONDITIONAL_CALL	0
0x001ce500	0x001ce504	CONDITIONAL_JUMP	0
0x001ce508	0x001ce4ec	CONDITIONAL_JUMP	0
0x001ce50a	0xStack[-0x10]	READ	1
0x001ce510	0xStack[-0x10]	READ	1
0x001ce516	0xStack[-0x18]	READ	1
0x001ce51e	0x001cf010	UNCONDITIONAL_CALL	0
0x001ce526	0xStack[-0x18]	READ_WRITE	0
0x001ce529	0xStack[-0x10]	READ	1
0x001ce539	0xStack[-0x18]	READ	0
0x001ce53c	0x001ce49c	CONDITIONAL_JUMP	0
0x001ce542	0xStack[-0x10]	READ	1
0x001ce548	0xStack[-0xc]	READ_WRITE	0
0x001ce54b	0xStack[-0x10]	READ	1
0x001ce553	0xStack[-0x10]	WRITE	0
0x001ce556	0x001ce474	CONDITIONAL_JUMP	0
0x001ce55c	0xStack[-0x14]	READ	1
0x001ce55f	0xStack[-0x10]	WRITE	0
0x001ce562	0xStack[-0x8]	READ	1
0x001ce565	0xStack[-0xc]	WRITE	0
0x001ce568	0xStack[-0x10]	READ	0
0x001ce56c	0x001ce5bb	CONDITIONAL_JUMP	0
0x001ce570	0xStack[-0xc]	READ	0
0x001ce574	0x001ce5bb	CONDITIONAL_JUMP	0
0x001ce576	0xStack[-0x10]	READ	1
0x001ce57c	0x001ce5a5	CONDITIONAL_JUMP	0
0x001ce58a	0x001ce5a5	CONDITIONAL_JUMP	0
0x001ce590	0x001d0288	UNCONDITIONAL_CALL	0
0x001ce59b	0x001ce5a0	CONDITIONAL_JUMP	0
0x001ce5a3	0x001ce58c	CONDITIONAL_JUMP	0
0x001ce5a5	0xStack[-0x10]	READ	1
0x001ce5ab	0xStack[-0xc]	READ_WRITE	0
0x001ce5ae	0xStack[-0x10]	READ	1
0x001ce5b6	0xStack[-0x10]	WRITE	0
0x001ce5b9	0x001ce570	CONDITIONAL_JUMP	0
0x001ce5bb	0xStack[-0xc]	DATA	0
0x001ce5bf	0x001d9cd8	DATA	0
0x001ce5c4	0x001d9ce4	DATA	0
0x001ce5c9	0xStack[0x4]	READ	1
0x001ce5cd	0x0015c354	UNCONDITIONAL_CALL	0
0x001ce5d9	0x001ce5fa	CONDITIONAL_JUMP	0
0x001ce5dd	0x001ce5f0	UNCONDITIONAL_JUMP	0
0x001ce5e4	0x001ced1c	UNCONDITIONAL_CALL	0
0x001ce5f0	0xStack[-0xc]	READ	1
0x001ce5f8	0x001ce5e0	CONDITIONAL_JUMP	0
0x001ce5fa	0xStack[-0x14]	READ	1
0x001ce5fd	0xStack[-0x10]	WRITE	0
0x001ce600	0xStack[-0x8]	READ	1
0x001ce603	0xStack[-0xc]	WRITE	0
0x001ce606	0xStack[-0x10]	READ	0
0x001ce60a	0x001ce682	CONDITIONAL_JUMP	0
0x001ce60c	0xStack[-0xc]	READ	0
0x001ce610	0x001ce682	CONDITIONAL_JUMP	0
0x001ce612	0xStack[-0x10]	READ	1
0x001ce61a	0xStack[-0x18]	WRITE	0
0x001ce626	0x001ce66c	CONDITIONAL_JUMP	0
0x001ce628	0xStack[0x8]	READ	0
0x001ce62c	0x001ce640	CONDITIONAL_JUMP	0
0x001ce630	0xStack[-0x18]	READ	1
0x001ce638	0xStack[0x8]	READ	1
0x001ce640	0xStack[0x4]	READ	1
0x001ce644	0xStack[-0x10]	READ	1
0x001ce64a	0xStack[-0x18]	READ	1
0x001ce652	0x001cdf50	UNCONDITIONAL_CALL	0
0x001ce65a	0xStack[-0x18]	READ_WRITE	0
0x001ce65d	0xStack[-0x10]	READ	1
0x001ce667	0xStack[-0x18]	READ	0
0x001ce66a	0x001ce628	CONDITIONAL_JUMP	0
0x001ce66c	0xStack[-0x10]	READ	1
0x001ce672	0xStack[-0xc]	READ_WRITE	0
0x001ce675	0xStack[-0x10]	READ	1
0x001ce67d	0xStack[-0x10]	WRITE	0
0x001ce680	0x001ce60c	CONDITIONAL_JUMP	0
0x001ce682	0xStack[-0x14]	READ	1
0x001ce685	0xStack[-0x10]	WRITE	0
0x001ce688	0xStack[-0x8]	READ	1
0x001ce68b	0xStack[-0xc]	WRITE	0
0x001ce68e	0xStack[-0x10]	READ	0
0x001ce692	0x001ce734	CONDITIONAL_JUMP	0
0x001ce698	0xStack[-0xc]	READ	0
0x001ce69c	0x001ce734	CONDITIONAL_JUMP	0
0x001ce6a2	0xStack[-0x10]	READ	1
0x001ce6ae	0xStack[-0x18]	WRITE	0
0x001ce6b9	0x001ce71a	CONDITIONAL_JUMP	0
0x001ce6bc	0xStack[0x8]	READ	0
0x001ce6c0	0x001ce6e8	CONDITIONAL_JUMP	0
0x001ce6c4	0xStack[-0x18]	READ	1
0x001ce6cc	0xStack[-0x18]	READ	1
0x001ce6d7	0x001ced1c	UNCONDITIONAL_CALL	0
0x001ce6e0	0xStack[0x8]	READ	1
0x001ce6e8	0xStack[0x4]	READ	1
0x001ce6ec	0xStack[-0x10]	READ	1
0x001ce6f2	0xStack[-0x18]	READ	1
0x001ce6fa	0x001cdf90	UNCONDITIONAL_CALL	0
0x001ce702	0xStack[-0x18]	READ_WRITE	0
0x001ce705	0xStack[-0x10]	READ	1
0x001ce715	0xStack[-0x18]	READ	0
0x001ce718	0x001ce6bc	CONDITIONAL_JUMP	0
0x001ce71a	0xStack[-0x10]	READ	1
0x001ce720	0xStack[-0xc]	READ_WRITE	0
0x001ce723	0xStack[-0x10]	READ	1
0x001ce72b	0xStack[-0x10]	WRITE	0
0x001ce72e	0x001ce698	CONDITIONAL_JUMP	0
0x001ce736	0xStack[-0x3c]	DATA	0
0x001ce749	0xStack[-0x8]	DATA	0
0x001ce74d	0x001d9dd4	DATA	0
0x001ce752	0x001d9ce4	DATA	0
0x001ce757	0xStack[0x4]	READ	1
0x001ce75b	0x0015c354	UNCONDITIONAL_CALL	0
0x001ce762	0xStack[-0x10]	WRITE	0
0x001ce765	0xStack[-0x8]	READ	1
0x001ce768	0xStack[-0x14]	WRITE	0
0x001ce770	0x001ce7e2	CONDITIONAL_JUMP	0
0x001ce774	0xStack[-0x14]	READ	0
0x001ce778	0x001ce7e2	CONDITIONAL_JUMP	0
0x001ce77d	0xStack[-0x1c]	WRITE	0
0x001ce78c	0x001ce7d7	CONDITIONAL_JUMP	0
0x001ce790	0xStack[-0x1c]	READ	1
0x001ce797	0xStack[-0x18]	WRITE	0
0x001ce79a	0xStack[0x8]	READ	0
0x001ce79e	0x001ce7b6	CONDITIONAL_JUMP	0
0x001ce7a5	0x001ced1c	UNCONDITIONAL_CALL	0
0x001ce7ae	0xStack[0x8]	READ	1
0x001ce7b6	0xStack[-0x18]	READ	1
0x001ce7ba	0x001ce014	UNCONDITIONAL_CALL	0
0x001ce7c6	0xStack[-0x1c]	WRITE	0
0x001ce7d5	0x001ce790	CONDITIONAL_JUMP	0
0x001ce7da	0xStack[-0x14]	READ_WRITE	0
0x001ce7e0	0x001ce774	CONDITIONAL_JUMP	0
0x001ce7e2	0xStack[-0x10]	READ	1
0x001ce7e5	0xStack[-0x8]	READ	1
0x001ce7e8	0xStack[-0x14]	WRITE	0
0x001ce7ed	0x001ce842	CONDITIONAL_JUMP	0
0x001ce7f0	0xStack[-0x14]	READ	0
0x001ce7f4	0x001ce842	CONDITIONAL_JUMP	0
0x001ce802	0x001ce837	CONDITIONAL_JUMP	0
0x001ce808	0xStack[-0x18]	WRITE	0
0x001ce80b	0xStack[0x8]	READ	0
0x001ce80f	0x001ce81f	CONDITIONAL_JUMP	0
0x001ce813	0xStack[-0x18]	READ	1
0x001ce817	0xStack[0x8]	READ	1
0x001ce81f	0xStack[-0x18]	READ	1
0x001ce823	0x001cdfd8	UNCONDITIONAL_CALL	0
0x001ce835	0x001ce804	CONDITIONAL_JUMP	0
0x001ce83a	0xStack[-0x14]	READ_WRITE	0
0x001ce840	0x001ce7f0	CONDITIONAL_JUMP	0
0x001ce842	0xStack[-0x10]	READ	1
0x001ce845	0xStack[-0x8]	READ	1
0x001ce848	0xStack[-0x14]	WRITE	0
0x001ce84d	0x001ce89f	CONDITIONAL_JUMP	0
0x001ce850	0xStack[-0x14]	READ	0
0x001ce854	0x001ce89f	CONDITIONAL_JUMP	0
0x001ce859	0xStack[-0x1c]	WRITE	0
0x001ce868	0x001ce894	CONDITIONAL_JUMP	0
0x001ce86f	0xStack[-0x1c]	READ	1
0x001ce877	0x001cef90	UNCONDITIONAL_CALL	0
0x001ce883	0xStack[-0x1c]	WRITE	0
0x001ce892	0x001ce86c	CONDITIONAL_JUMP	0
0x001ce897	0xStack[-0x14]	READ_WRITE	0
0x001ce89d	0x001ce850	CONDITIONAL_JUMP	0
0x001ce89f	0xStack[-0x10]	READ	1
0x001ce8a2	0xStack[-0x8]	READ	1
0x001ce8a5	0xStack[-0x14]	WRITE	0
0x001ce8aa	0x001ce8e4	CONDITIONAL_JUMP	0
0x001ce8ac	0xStack[-0x14]	READ	0
0x001ce8b0	0x001ce8e4	CONDITIONAL_JUMP	0
0x001ce8be	0x001ce8d9	CONDITIONAL_JUMP	0
0x001ce8c5	0x001cedf4	UNCONDITIONAL_CALL	0
0x001ce8d7	0x001ce8c0	CONDITIONAL_JUMP	0
0x001ce8dc	0xStack[-0x14]	READ_WRITE	0
0x001ce8e2	0x001ce8ac	CONDITIONAL_JUMP	0
0x001ce8e4	0xStack[-0xc]	DATA	0
0x001ce8e8	0x001d9e20	DATA	0
0x001ce8ed	0x001d9ce4	DATA	0
0x001ce8f2	0xStack[0x4]	READ	1
0x001ce8f6	0x0015c354	UNCONDITIONAL_CALL	0
0x001ce902	0x001ce911	CONDITIONAL_JUMP	0
0x001ce904	0xStack[-0xc]	READ	1
0x001ce909	0x001d02b0	UNCONDITIONAL_CALL	0
0x001ce911	0xStack[-0xc]	DATA	0
0x001ce915	0x001d9e34	DATA	0
0x001ce91a	0x001d9ce4	DATA	0
0x001ce91f	0xStack[0x4]	READ	1
0x001ce923	0x0015c354	UNCONDITIONAL_CALL	0
0x001ce92f	0x001ce93e	CONDITIONAL_JUMP	0
0x001ce931	0xStack[-0xc]	READ	1
0x001ce936	0x001d02b0	UNCONDITIONAL_CALL	0
0x001ce93e	0xStack[0x4]	READ	1
0x001ce942	0x001cf95c	UNCONDITIONAL_CALL	0
0x001ce947	0xStack[-0x28]	DATA	0
0x001ce960	0xStack[0x4]	READ	1
0x001ce966	0x001e5604	READ	1
0x001ce96c	0x001ce9d6	CONDITIONAL_JUMP	0
0x001ce96e	0xStack[0x8]	READ	1
0x001ce989	0x001ce9b0	CONDITIONAL_JUMP	0
0x001ce98e	0x001ce9a8	CONDITIONAL_JUMP	0
0x001ce9a9	0x001ce982	UNCONDITIONAL_JUMP	0
0x001ce9b2	0xStack[0x4]	READ	1
0x001ce9bb	0x001cd868	UNCONDITIONAL_CALL	0
0x001ce9d8	0x001ce9e0	CONDITIONAL_JUMP	0
0x001ce9e5	0x001e55ac	DATA	1
0x001ce9eb	0x001e55ac	READ_WRITE	0
0x001ce9f0	0x001ce9eb	CONDITIONAL_JUMP	0
0x001ce9f2	0xStack[0x4]	READ	1
0x001ce9f6	0xStack[0x8]	READ	1
0x001cea11	0x001cea40	CONDITIONAL_JUMP	0
0x001cea16	0x001cea3a	CONDITIONAL_JUMP	0
0x001cea1d	0x001e55ac	WRITE	0
0x001cea3b	0x001cea0a	UNCONDITIONAL_JUMP	0
0x001cea42	0xStack[0x4]	READ	1
0x001cea4b	0x001cd868	UNCONDITIONAL_CALL	0
0x001cea53	0x001e55ac	WRITE	0
0x001cea70	0x001e5604	READ	1
0x001cea77	0x001ceb00	CONDITIONAL_JUMP	0
0x001cea7d	0xStack[0x4]	READ	1
0x001cea81	0xStack[0x8]	READ	1
0x001cea9c	0x001cead0	CONDITIONAL_JUMP	0
0x001ceaa1	0x001ceac6	CONDITIONAL_JUMP	0
0x001ceaa3	0xStack[0x4]	READ	1
0x001ceaad	0xStack[0x4]	WRITE	0
0x001ceac7	0x001cea95	UNCONDITIONAL_JUMP	0
0x001cead0	0xStack[0x4]	READ	1
0x001cead7	0xStack[0x4]	WRITE	0
0x001ceae2	0x001cd868	UNCONDITIONAL_CALL	0
0x001ceb05	0x001e55ac	DATA	1
0x001ceb0b	0x001e55ac	READ_WRITE	0
0x001ceb10	0x001ceb0b	CONDITIONAL_JUMP	0
0x001ceb12	0xStack[0x4]	READ	1
0x001ceb16	0xStack[0x8]	READ	1
0x001ceb31	0x001ceb70	CONDITIONAL_JUMP	0
0x001ceb36	0x001ceb65	CONDITIONAL_JUMP	0
0x001ceb38	0xStack[0x4]	READ	1
0x001ceb42	0xStack[0x4]	WRITE	0
0x001ceb48	0x001e55ac	WRITE	0
0x001ceb66	0x001ceb2a	UNCONDITIONAL_JUMP	0
0x001ceb70	0xStack[0x4]	READ	1
0x001ceb77	0xStack[0x4]	WRITE	0
0x001ceb82	0x001cd868	UNCONDITIONAL_CALL	0
0x001ceb8a	0x001e55ac	WRITE	0
0x001cec03	0xStack[0x10]	READ	1
0x001cec09	0xStack[0xc]	READ	1
0x001cec12	0x001cec1c	CONDITIONAL_JUMP	0
0x001cec1a	0x001cec14	CONDITIONAL_JUMP	0
0x001cec1c	0xStack[0x8]	READ	1
0x001cec20	0xStack[0x4]	READ	1
0x001cec24	0x001ce960	UNCONDITIONAL_CALL	0
0x001cec34	0xStack[0x4]	READ	1
0x001cec37	0xStack[0x10]	READ	1
0x001cec3b	0xStack[0xc]	READ	1
0x001cec3f	0xStack[0x8]	READ	1
0x001cec46	0x0015c354	UNCONDITIONAL_CALL	0
0x001cec4d	0x001cec52	CONDITIONAL_JUMP	0
0x001cec52	0xStack[-0x8]	READ	1
0x001cec5f	0xStack[0x8]	READ	1
0x001cec64	0x001cecac	CONDITIONAL_JUMP	0
0x001cec6f	0x001ceca4	CONDITIONAL_JUMP	0
0x001cec7a	0x001ceca4	CONDITIONAL_JUMP	0
0x001cec88	0x001ceca4	CONDITIONAL_JUMP	0
0x001cec96	0x001ceca4	CONDITIONAL_JUMP	0
0x001ceca0	0x001cec6c	UNCONDITIONAL_JUMP	0
0x001cecb8	0xStack[0x8]	READ	1
0x001cecbb	0xStack[0xc]	READ	1
0x001cecca	0x001cecdc	CONDITIONAL_JUMP	0
0x001cecce	0x00101e7c	UNCONDITIONAL_CALL	0
0x001cecd5	0x001cecdc	CONDITIONAL_JUMP	0
0x001cecde	0xStack[-0x8]	READ	1
0x001ceceb	0x001e5600	READ	1
0x001cecf7	0xStack[0x4]	READ	1
0x001cecfb	0x001d9e64	DATA	0
0x001ced00	0x001cddfc	UNCONDITIONAL_CALL	0
0x001ced0f	0xStack[0x4]	READ	1
0x001ced12	0x001e561c	WRITE	0
0x001ced25	0xStack[0x4]	READ	1
0x001ced28	0xStack[-0x24]	WRITE	0
0x001ced2b	0xStack[-0x2c]	DATA	0
0x001ced2f	0x001e5600	READ	1
0x001ced36	0x001cb464	UNCONDITIONAL_CALL	0
0x001ced42	0x001ced62	CONDITIONAL_JUMP	0
0x001ced45	0x001e561c	READ	1
0x001ced4a	0x001cecf4	COMPUTED_CALL	0
0x001ced51	0x001ced62	CONDITIONAL_JUMP	0
0x001ced54	0x001e5600	READ	1
0x001ced5b	0x001cb464	UNCONDITIONAL_CALL	0
0x001ced64	0xStack[-0x38]	DATA	0
0x001ced76	0xStack[0x4]	READ	1
0x001ced79	0xStack[-0x24]	WRITE	0
0x001ced7c	0xStack[-0x2c]	DATA	0
0x001ced80	0x001e5600	READ	1
0x001ced87	0x001cb464	UNCONDITIONAL_CALL	0
0x001ced93	0xStack[0x4]	READ	1
0x001ced97	0x001ced1c	UNCONDITIONAL_CALL	0
0x001ced9e	0x001ceda8	CONDITIONAL_JUMP	0
0x001cedb3	0xStack[0x4]	READ	1
0x001cedba	0x001cedca	CONDITIONAL_JUMP	0
0x001cedbc	0x001d671c	DATA	1
0x001cedd0	0x001cede2	CONDITIONAL_JUMP	0
0x001cedd2	0x001d671c	DATA	1
0x001cede3	0x001e5600	READ	1
0x001cedea	0x001cb5c8	UNCONDITIONAL_CALL	0
0x001cedf7	0xStack[0x4]	READ	1
0x001cedfb	0x001e5600	READ	1
0x001cee02	0x001cb8ac	UNCONDITIONAL_CALL	0
0x001cee15	0x001e874c	READ	0
0x001cee1c	0x001ceee4	CONDITIONAL_JUMP	0
0x001cee24	0x001e55fc	READ	0
0x001cee2a	0x001cee4a	CONDITIONAL_JUMP	0
0x001cee2c	0x001e55f8	READ	1
0x001cee3b	0x001e8748	READ_WRITE	0
0x001cee42	0x001e55fc	READ	0
0x001cee48	0x001cee34	CONDITIONAL_JUMP	0
0x001cee4a	0x001cdcd8	UNCONDITIONAL_CALL	0
0x001cee51	0x001e8748	READ	1
0x001cee5b	0x001cdcd8	UNCONDITIONAL_CALL	0
0x001cee66	0x001e874c	WRITE	0
0x001cee70	0x001cee7c	CONDITIONAL_JUMP	0
0x001cee72	0x001d9e8c	DATA	0
0x001cee77	0x001cdddc	UNCONDITIONAL_CALL	0
0x001cee7e	0x001e874c	READ	1
0x001cee84	0x001e55fc	READ	0
0x001cee8a	0x001ceede	CONDITIONAL_JUMP	0
0x001cee8c	0x001e55f8	READ	1
0x001cee96	0xStack[-0xc]	WRITE	0
0x001ceea2	0xStack[-0x8]	WRITE	0
0x001ceeab	0x001ceed5	CONDITIONAL_JUMP	0
0x001ceead	0xStack[-0xc]	READ	1
0x001ceec1	0xStack[-0x8]	READ	1
0x001ceeca	0x001e55f8	READ	1
0x001ceed3	0x001ceebc	CONDITIONAL_JUMP	0
0x001ceed6	0x001e55fc	READ	0
0x001ceedc	0x001cee8c	CONDITIONAL_JUMP	0
0x001ceee4	0x001e874c	READ	1
0x001ceee9	0xStack[-0x18]	DATA	0
0x001ceef8	0x001e8748	READ_WRITE	0
0x001ceefe	0x001e874c	READ	0
0x001cef05	0x001cef34	CONDITIONAL_JUMP	0
0x001cef07	0x001cdcd8	UNCONDITIONAL_CALL	0
0x001cef0e	0x001e8748	READ	1
0x001cef18	0x001e874c	READ	1
0x001cef1f	0x001cdcd8	UNCONDITIONAL_CALL	0
0x001cef29	0x001e874c	WRITE	0
0x001cef31	0x001cef58	UNCONDITIONAL_JUMP	0
0x001cef34	0x001cdcd8	UNCONDITIONAL_CALL	0
0x001cef3b	0x001e8748	READ	1
0x001cef45	0x001cdcd8	UNCONDITIONAL_CALL	0
0x001cef50	0x001e874c	WRITE	0
0x001cef58	0x001e874c	READ	0
0x001cef5f	0x001cef6b	CONDITIONAL_JUMP	0
0x001cef61	0x001d9eb0	DATA	0
0x001cef66	0x001cdddc	UNCONDITIONAL_CALL	0
0x001cef6b	0x001e8748	READ	1
0x001cef70	0x001e874c	READ	1
0x001cef76	0xStack[0x4]	READ	1
0x001cef86	0xStack[-0x8]	READ	1
0x001cef95	0xStack[0x4]	READ	1
0x001cef9c	0x001ced1c	UNCONDITIONAL_CALL	0
0x001cefa8	0x001cefec	CONDITIONAL_JUMP	0
0x001cefae	0x001cefbd	CONDITIONAL_JUMP	0
0x001cefb5	0x001cce94	UNCONDITIONAL_CALL	0
0x001cefc1	0x001cefd2	CONDITIONAL_JUMP	0
0x001cefca	0x001cce94	UNCONDITIONAL_CALL	0
0x001cefd2	0xStack[0x8]	READ	0
0x001cefd6	0x001cf007	CONDITIONAL_JUMP	0
0x001cefdc	0x001cf007	CONDITIONAL_JUMP	0
0x001cefe3	0x001ccedc	UNCONDITIONAL_CALL	0
0x001cefe8	0x001cf007	UNCONDITIONAL_JUMP	0
0x001cefef	0x001d9ed4	DATA	0
0x001ceff4	0x001cddfc	UNCONDITIONAL_CALL	0
0x001ceffd	0x001d9ef8	DATA	0
0x001cf002	0x001cddfc	UNCONDITIONAL_CALL	0
0x001cf007	0xStack[-0xc]	DATA	0
0x001cf015	0xStack[0x4]	READ	1
0x001cf01c	0x001ced1c	UNCONDITIONAL_CALL	0
0x001cf028	0x001cf09c	CONDITIONAL_JUMP	0
0x001cf02e	0x001cf03e	CONDITIONAL_JUMP	0
0x001cf042	0x001cf056	CONDITIONAL_JUMP	0
0x001cf056	0xStack[0x8]	READ	0
0x001cf05a	0x001cf0ba	CONDITIONAL_JUMP	0
0x001cf060	0x001cf0ba	CONDITIONAL_JUMP	0
0x001cf068	0x001cf084	CONDITIONAL_JUMP	0
0x001cf080	0x001cf0ba	UNCONDITIONAL_JUMP	0
0x001cf087	0x001d9f20	DATA	0
0x001cf08c	0x001cddfc	UNCONDITIONAL_CALL	0
0x001cf095	0x001d9f50	DATA	0
0x001cf09a	0x001cf0b2	UNCONDITIONAL_JUMP	0
0x001cf09f	0x001d9f70	DATA	0
0x001cf0a4	0x001cddfc	UNCONDITIONAL_CALL	0
0x001cf0ad	0x001d9ef8	DATA	0
0x001cf0b2	0x001cddfc	UNCONDITIONAL_CALL	0
0x001cf0be	0x001ced1c	UNCONDITIONAL_CALL	0
0x001cf0c4	0x001cce48	UNCONDITIONAL_CALL	0
0x001cf0c9	0xStack[-0xc]	DATA	0
0x001cf0d9	0xStack[0x4]	READ	1
0x001cf0dc	0x001e5620	READ	0
0x001cf0e3	0x001cf11e	CONDITIONAL_JUMP	0
0x001cf0e9	0x001e5620	READ	1
0x001cf0f0	0x001cc6ec	UNCONDITIONAL_CALL	0
0x001cf0fc	0x001cf11e	CONDITIONAL_JUMP	0
0x001cf108	0x001cf010	UNCONDITIONAL_CALL	0
0x001cf110	0x0015ab30	UNCONDITIONAL_CALL	0
0x001cf11c	0x001cf100	CONDITIONAL_JUMP	0
0x001cf11e	0xStack[-0xc]	DATA	0
0x001cf12e	0xStack[0x4]	READ	1
0x001cf135	0x001ced70	UNCONDITIONAL_CALL	0
0x001cf13f	0x001cf150	CONDITIONAL_JUMP	0
0x001cf141	0xStack[0x8]	READ	1
0x001cf146	0x001cf010	UNCONDITIONAL_CALL	0
0x001cf14b	0x001cf1cf	UNCONDITIONAL_JUMP	0
0x001cf150	0x001e5620	READ	0
0x001cf157	0x001cf18d	CONDITIONAL_JUMP	0
0x001cf159	0x001cdcd8	UNCONDITIONAL_CALL	0
0x001cf164	0x001cde9c	READ	1
0x001cf16b	0x001cde98	READ	1
0x001cf171	0x001ccb3c	DATA	0
0x001cf172	0x001cde94	READ	1
0x001cf178	0x001ccab0	DATA	0
0x001cf179	0x001cde90	READ	1
0x001cf17f	0x001cca30	DATA	0
0x001cf180	0x001cbfb4	UNCONDITIONAL_CALL	0
0x001cf185	0x001e5620	WRITE	0
0x001cf191	0x001e5620	READ	1
0x001cf198	0x001cc2f8	UNCONDITIONAL_CALL	0
0x001cf19f	0x001cdcd8	UNCONDITIONAL_CALL	0
0x001cf1a8	0x001cdcd8	UNCONDITIONAL_CALL	0
0x001cf1b8	0xStack[0x8]	READ	1
0x001cf1c3	0x001e5620	READ	1
0x001cf1ca	0x001cc4d4	UNCONDITIONAL_CALL	0
0x001cf1cf	0xStack[-0x10]	DATA	0
0x001cf1e5	0xStack[0x4]	READ	1
0x001cf1eb	0xStack[-0x8]	WRITE	0
0x001cf1f0	0xStack[0x4]	READ	1
0x001cf1f6	0x001cf252	CONDITIONAL_JUMP	0
0x001cf1fd	0xStack[-0x8]	READ	1
0x001cf205	0x001cf249	CONDITIONAL_JUMP	0
0x001cf20f	0xStack[-0x10]	WRITE	0
0x001cf218	0xStack[-0xc]	WRITE	0
0x001cf21b	0xStack[-0x10]	READ	1
0x001cf220	0x001cf249	CONDITIONAL_JUMP	0
0x001cf228	0xStack[-0x8]	READ	1
0x001cf22f	0xStack[-0x8]	READ	1
0x001cf23b	0x001cf128	UNCONDITIONAL_CALL	0
0x001cf244	0xStack[-0xc]	READ	0
0x001cf247	0x001cf228	CONDITIONAL_JUMP	0
0x001cf24a	0xStack[0x4]	READ	1
0x001cf250	0x001cf1f8	CONDITIONAL_JUMP	0
0x001cf252	0xStack[-0x1c]	DATA	0
0x001cf264	0x001e55fc	READ	0
0x001cf26a	0x001cf2b3	CONDITIONAL_JUMP	0
0x001cf26c	0x001e55f8	READ	1
0x001cf283	0x001cf6b0	UNCONDITIONAL_CALL	0
0x001cf292	0xStack[0x4]	READ	0
0x001cf295	0x001cf2ac	CONDITIONAL_JUMP	0
0x001cf29a	0xStack[0x4]	READ	0
0x001cf29d	0x001cf2ac	CONDITIONAL_JUMP	0
0x001cf2a1	0x001e55f8	READ	1
0x001cf2a7	0x001cf2b5	UNCONDITIONAL_JUMP	0
0x001cf2b1	0x001cf264	CONDITIONAL_JUMP	0
0x001cf2b5	0xStack[-0x10]	DATA	0
0x001cf2c5	0x001e55fc	READ	0
0x001cf2cb	0x001cf2e9	CONDITIONAL_JUMP	0
0x001cf2cd	0x001e55f8	READ	1
0x001cf2de	0x001cf2eb	CONDITIONAL_JUMP	0
0x001cf2e1	0x001e55fc	READ	0
0x001cf2e7	0x001cf2d4	CONDITIONAL_JUMP	0
0x001cf2f4	0xStack[0x4]	READ	1
0x001cf2f7	0x001f7484	READ	1
0x001cf2fe	0x001cf33c	CONDITIONAL_JUMP	0
0x001cf304	0x001cf33c	CONDITIONAL_JUMP	0
0x001cf306	0x001cf2c0	UNCONDITIONAL_CALL	0
0x001cf317	0x001cf32d	CONDITIONAL_JUMP	0
0x001cf31f	0x001cf326	CONDITIONAL_JUMP	0
0x001cf324	0x001cf334	CONDITIONAL_JUMP	0
0x001cf32b	0x001cf31c	CONDITIONAL_JUMP	0
0x001cf32f	0x001cf33e	UNCONDITIONAL_JUMP	0
0x001cf337	0x001cf33e	UNCONDITIONAL_JUMP	0
0x001cf33e	0xStack[-0x8]	READ	1
0x001cf34e	0xStack[0xc]	READ	1
0x001cf351	0xStack[0x8]	READ	1
0x001cf355	0x001cf25c	UNCONDITIONAL_CALL	0
0x001cf35d	0x001cf25c	UNCONDITIONAL_CALL	0
0x001cf367	0x001cf2f0	UNCONDITIONAL_CALL	0
0x001cf371	0x001cf2f0	UNCONDITIONAL_CALL	0
0x001cf378	0xStack[0x8]	READ	1
0x001cf381	0x001d9f90	DATA	0
0x001cf386	0x001cddfc	UNCONDITIONAL_CALL	0
0x001cf394	0x001cf3a8	CONDITIONAL_JUMP	0
0x001cf396	0xStack[0x8]	READ	1
0x001cf39a	0xStack[0x4]	READ	1
0x001cf39e	0x001cb5c8	UNCONDITIONAL_CALL	0
0x001cf3a4	0x001cf3a9	UNCONDITIONAL_JUMP	0
0x001cf3a9	0x001d9fc4	DATA	0
0x001cf3ae	0x001cddfc	UNCONDITIONAL_CALL	0
0x001cf3b3	0xStack[-0x10]	DATA	0
0x001cf3c3	0x001cdcd8	UNCONDITIONAL_CALL	0
0x001cf3cd	0x001e5618	READ	1
0x001cf3d4	0x001e5614	READ	1
0x001cf3da	0x001cbc00	DATA	0
0x001cf3db	0x001e5610	READ	1
0x001cf3e1	0x001cecb4	DATA	0
0x001cf3e2	0x001e560c	READ	1
0x001cf3e8	0x001cec5c	DATA	0
0x001cf3e9	0x001cb020	UNCONDITIONAL_CALL	0
0x001cf3fd	0xStack[0x8]	READ	1
0x001cf403	0xStack[-0x8]	WRITE	0
0x001cf406	0xStack[-0xc]	WRITE	0
0x001cf40d	0xStack[-0xc]	READ	1
0x001cf410	0xStack[0x8]	READ	1
0x001cf416	0x001cf4ee	CONDITIONAL_JUMP	0
0x001cf41c	0xStack[-0xc]	READ	1
0x001cf424	0xStack[-0x8]	READ	1
0x001cf42c	0x001cf4dc	CONDITIONAL_JUMP	0
0x001cf43d	0x001cf4dc	CONDITIONAL_JUMP	0
0x001cf443	0xStack[-0xc]	READ	1
0x001cf449	0xStack[-0x10]	WRITE	0
0x001cf44c	0xStack[-0x14]	WRITE	0
0x001cf44f	0xStack[-0x8]	READ	1
0x001cf45b	0xStack[0x4]	READ	1
0x001cf45f	0x001cb5c8	UNCONDITIONAL_CALL	0
0x001cf464	0xStack[-0x18]	WRITE	0
0x001cf46c	0x001cf498	CONDITIONAL_JUMP	0
0x001cf46e	0xStack[-0x14]	READ	1
0x001cf47a	0xStack[-0x18]	READ	1
0x001cf47e	0xStack[0x4]	READ	1
0x001cf482	0x001cf348	UNCONDITIONAL_CALL	0
0x001cf48b	0x001ced70	UNCONDITIONAL_CALL	0
0x001cf495	0x001cf4a6	UNCONDITIONAL_JUMP	0
0x001cf498	0xStack[-0x10]	READ	1
0x001cf49b	0xStack[-0x8]	READ	1
0x001cf4a6	0xStack[-0x18]	READ	0
0x001cf4a9	0x001cf4b9	CONDITIONAL_JUMP	0
0x001cf4ad	0xStack[-0x10]	READ	1
0x001cf4b0	0xStack[-0x8]	READ	1
0x001cf4ba	0x001cf0d4	UNCONDITIONAL_CALL	0
0x001cf4c3	0xStack[-0xc]	READ	1
0x001cf4c9	0xStack[-0x8]	READ	1
0x001cf4d6	0x001cf44c	CONDITIONAL_JUMP	0
0x001cf4dc	0xStack[-0xc]	READ_WRITE	0
0x001cf4df	0xStack[-0xc]	READ	1
0x001cf4e2	0xStack[0x8]	READ	1
0x001cf4e8	0x001cf41c	CONDITIONAL_JUMP	0
0x001cf4ee	0xStack[0x4]	READ	1
0x001cf4f1	0xStack[-0x24]	DATA	0
0x001cf505	0xStack[-0x8]	DATA	0
0x001cf509	0x001d9db0	DATA	0
0x001cf50e	0x001d9ce4	DATA	0
0x001cf513	0xStack[0x4]	READ	1
0x001cf517	0x001cec30	UNCONDITIONAL_CALL	0
0x001cf523	0x001cf565	CONDITIONAL_JUMP	0
0x001cf525	0xStack[-0x8]	READ	0
0x001cf529	0x001cf565	CONDITIONAL_JUMP	0
0x001cf52b	0x001d9dc0	DATA	0
0x001cf530	0x001ced1c	UNCONDITIONAL_CALL	0
0x001cf537	0xStack[-0xc]	WRITE	0
0x001cf53e	0xStack[-0x8]	READ	1
0x001cf543	0x001cf557	UNCONDITIONAL_JUMP	0
0x001cf548	0xStack[-0xc]	READ	1
0x001cf552	0xStack[-0xc]	WRITE	0
0x001cf560	0xStack[-0xc]	READ	0
0x001cf563	0x001cf548	CONDITIONAL_JUMP	0
0x001cf565	0xStack[-0x1c]	DATA	0
0x001cf578	0xStack[-0x8]	DATA	0
0x001cf57c	0x001d9cd8	DATA	0
0x001cf581	0x001d9ce4	DATA	0
0x001cf586	0xStack[0x4]	READ	1
0x001cf58a	0x001cec30	UNCONDITIONAL_CALL	0
0x001cf596	0x001cf5b6	CONDITIONAL_JUMP	0
0x001cf59a	0x001cf5ac	UNCONDITIONAL_JUMP	0
0x001cf5a0	0x001ced70	UNCONDITIONAL_CALL	0
0x001cf5ac	0xStack[-0x8]	READ	1
0x001cf5b4	0x001cf59c	CONDITIONAL_JUMP	0
0x001cf5b6	0xStack[-0x10]	DATA	0
0x001cf5c9	0xStack[-0x8]	DATA	0
0x001cf5cd	0x001d9df4	DATA	0
0x001cf5d2	0x001d9ce4	DATA	0
0x001cf5d7	0xStack[0x4]	READ	1
0x001cf5db	0x001cec30	UNCONDITIONAL_CALL	0
0x001cf5e0	0xStack[-0xc]	WRITE	0
0x001cf5e8	0x001cf6a6	CONDITIONAL_JUMP	0
0x001cf5ee	0xStack[-0x10]	WRITE	0
0x001cf5f5	0x001cf66d	UNCONDITIONAL_JUMP	0
0x001cf5f8	0xStack[-0x10]	READ	1
0x001cf601	0xStack[-0xc]	READ	1
0x001cf609	0x001cf632	CONDITIONAL_JUMP	0
0x001cf613	0x001cf632	CONDITIONAL_JUMP	0
0x001cf61f	0x001d00e8	UNCONDITIONAL_CALL	0
0x001cf629	0x001cf62d	CONDITIONAL_JUMP	0
0x001cf630	0x001cf618	CONDITIONAL_JUMP	0
0x001cf632	0xStack[-0x10]	READ	1
0x001cf63b	0xStack[-0xc]	READ	1
0x001cf643	0x001cf66a	CONDITIONAL_JUMP	0
0x001cf64d	0x001cf66a	CONDITIONAL_JUMP	0
0x001cf657	0x001d00e8	UNCONDITIONAL_CALL	0
0x001cf661	0x001cf665	CONDITIONAL_JUMP	0
0x001cf668	0x001cf650	CONDITIONAL_JUMP	0
0x001cf66a	0xStack[-0x10]	READ_WRITE	0
0x001cf66d	0xStack[-0x8]	READ	1
0x001cf679	0xStack[-0x10]	READ	0
0x001cf67c	0x001cf5f8	CONDITIONAL_JUMP	0
0x001cf682	0xStack[-0x8]	READ	1
0x001cf68f	0xStack[-0xc]	READ	1
0x001cf693	0x001f9cf4	READ	1
0x001cf699	0x00207670	DATA	0
0x001cf69a	0x001f9de0	READ	1
0x001cf6a0	0x001fee49	DATA	0
0x001cf6a1	0x001ce960	UNCONDITIONAL_CALL	0
0x001cf6a6	0xStack[-0x1c]	DATA	0
0x001cf6b6	0xStack[0x4]	READ	1
0x001cf6c1	0x001cf6ed	CONDITIONAL_JUMP	0
0x001cf6c7	0x001cf6e4	CONDITIONAL_JUMP	0
0x001cf6cb	0x001d9ce4	DATA	0
0x001cf6d4	0x00101efc	UNCONDITIONAL_CALL	0
0x001cf6de	0x001cf6e4	CONDITIONAL_JUMP	0
0x001cf6e2	0x001cf6ef	UNCONDITIONAL_JUMP	0
0x001cf6eb	0x001cf6c4	CONDITIONAL_JUMP	0
0x001cf6ef	0xStack[-0x10]	DATA	0
0x001cf6ff	0xStack[0x4]	READ	1
0x001cf702	0xStack[0x8]	READ	1
0x001cf709	0x001cf71c	CONDITIONAL_JUMP	0
0x001cf70f	0x001cf722	CONDITIONAL_JUMP	0
0x001cf720	0x001cf734	CONDITIONAL_JUMP	0
0x001cf726	0x001cf734	CONDITIONAL_JUMP	0
0x001cf749	0x001e55f8	READ	0
0x001cf750	0x001cf75c	CONDITIONAL_JUMP	0
0x001cf752	0x001e55f8	READ	1
0x001cf757	0x001cf86e	UNCONDITIONAL_JUMP	0
0x001cf75e	0xStack[0x4]	READ	1
0x001cf764	0x001cf778	CONDITIONAL_JUMP	0
0x001cf768	0x001e55fc	READ_WRITE	0
0x001cf76f	0xStack[0x4]	READ	1
0x001cf776	0x001cf768	CONDITIONAL_JUMP	0
0x001cf778	0x001cdcd8	UNCONDITIONAL_CALL	0
0x001cf77f	0x001e55fc	READ	1
0x001cf78b	0x001cdcd8	UNCONDITIONAL_CALL	0
0x001cf79d	0x001cf7ac	CONDITIONAL_JUMP	0
0x001cf79f	0x001d9e8c	DATA	0
0x001cf7a4	0x001cdddc	UNCONDITIONAL_CALL	0
0x001cf7ae	0x001e55fc	READ	0
0x001cf7b4	0x001cf858	CONDITIONAL_JUMP	0
0x001cf7ba	0xStack[-0x8]	DATA	0
0x001cf7bd	0xStack[-0xc]	WRITE	0
0x001cf7ca	0xStack[0x4]	READ	1
0x001cf7db	0xStack[-0xc]	READ	1
0x001cf7df	0x001d9dd4	DATA	0
0x001cf7e4	0x001d9ce4	DATA	0
0x001cf7e9	0xStack[0x4]	READ	1
0x001cf7f0	0x0015c354	UNCONDITIONAL_CALL	0
0x001cf7f9	0xStack[-0x8]	READ	1
0x001cf803	0xStack[-0xc]	READ	1
0x001cf807	0x001d9fe4	DATA	0
0x001cf80c	0x001d9ce4	DATA	0
0x001cf811	0xStack[0x4]	READ	1
0x001cf818	0x0015c354	UNCONDITIONAL_CALL	0
0x001cf824	0xStack[0x4]	READ	1
0x001cf82b	0x001cf6b0	UNCONDITIONAL_CALL	0
0x001cf835	0x001cf840	CONDITIONAL_JUMP	0
0x001cf83e	0x001cf84b	UNCONDITIONAL_JUMP	0
0x001cf84c	0x001e55fc	READ	0
0x001cf852	0x001cf7c0	CONDITIONAL_JUMP	0
0x001cf858	0x001cf6fc	DATA	0
0x001cf85f	0x001e55fc	READ	1
0x001cf867	0x0010ba60	UNCONDITIONAL_CALL	0
0x001cf86e	0xStack[-0x18]	DATA	0
0x001cf87b	0x001e55fc	READ	1
0x001cf889	0x001e55fc	READ_WRITE	0
0x001cf88f	0x001e55f8	READ	0
0x001cf896	0x001cf8c0	CONDITIONAL_JUMP	0
0x001cf898	0x001cdcd8	UNCONDITIONAL_CALL	0
0x001cf89f	0x001e55fc	READ	1
0x001cf8ab	0x001cdcd8	UNCONDITIONAL_CALL	0
0x001cf8b6	0x001e55f8	WRITE	0
0x001cf8bb	0x001cf916	UNCONDITIONAL_JUMP	0
0x001cf8c0	0x001e55f8	READ	1
0x001cf8c6	0x001cdcd8	UNCONDITIONAL_CALL	0
0x001cf8cd	0x001e55fc	READ	1
0x001cf8d9	0x001cdcd8	UNCONDITIONAL_CALL	0
0x001cf8e6	0x001e55f8	WRITE	0
0x001cf8ec	0x001e55fc	READ	1
0x001cf8fb	0x001013e4	UNCONDITIONAL_CALL	0
0x001cf903	0x001cdcd8	UNCONDITIONAL_CALL	0
0x001cf90b	0x001cdcd8	UNCONDITIONAL_CALL	0
0x001cf916	0x001e55fc	READ	1
0x001cf921	0x001e55f8	READ	1
0x001cf927	0xStack[0x4]	READ	1
0x001cf950	0xStack[-0xc]	DATA	0
0x001cf964	0x001e55fc	READ	0
0x001cf96a	0x001cf9b9	CONDITIONAL_JUMP	0
0x001cf96c	0x001e55f8	READ	1
0x001cf975	0xStack[0x4]	READ	1
0x001cf97b	0x001cf9b0	CONDITIONAL_JUMP	0
0x001cf97f	0x001e55fc	READ	1
0x001cf987	0x001cf9b0	CONDITIONAL_JUMP	0
0x001cf992	0x001e55f8	READ	1
0x001cf9a6	0x001e55fc	READ	1
0x001cf9ae	0x001cf98c	CONDITIONAL_JUMP	0
0x001cf9b1	0x001e55fc	READ	0
0x001cf9b7	0x001cf96c	CONDITIONAL_JUMP	0
0x001cf9b9	0x001e55fc	READ_WRITE	0
0x001cf9bf	0x001cdcd8	UNCONDITIONAL_CALL	0
0x001cf9c6	0x001e55fc	READ	1
0x001cf9d2	0x001e55f8	READ	1
0x001cf9d9	0x001cdcd8	UNCONDITIONAL_CALL	0
0x001cf9e3	0x001e55f8	WRITE	0
0x001cf9e8	0xStack[-0x10]	DATA	0
0x001cf9fc	0xStack[0x4]	READ	1
0x001cfa03	0x001cfa45	CONDITIONAL_JUMP	0
0x001cfa05	0xStack[-0x8]	DATA	0
0x001cfa09	0x001d9e20	DATA	0
0x001cfa0e	0x001d9ce4	DATA	0
0x001cfa14	0x001cec30	UNCONDITIONAL_CALL	0
0x001cfa1e	0x001cfa34	CONDITIONAL_JUMP	0
0x001cfa21	0x001d9e34	DATA	0
0x001cfa26	0x001d9ce4	DATA	0
0x001cfa2c	0x001cec30	UNCONDITIONAL_CALL	0
0x001cfa38	0xStack[-0x8]	READ	1
0x001cfa40	0x001d03c8	UNCONDITIONAL_CALL	0
0x001cfa45	0xStack[-0x10]	DATA	0
0x001cfa59	0xStack[0x4]	READ	1
0x001cfa5f	0xStack[-0xc]	WRITE	0
0x001cfa62	0xStack[-0x8]	DATA	0
0x001cfa66	0x001d9de4	DATA	0
0x001cfa6b	0x001d9ce4	DATA	0
0x001cfa70	0xStack[0x4]	READ	1
0x001cfa74	0x001cec30	UNCONDITIONAL_CALL	0
0x001cfa80	0x001cfaa9	CONDITIONAL_JUMP	0
0x001cfa82	0xStack[-0x8]	READ	1
0x001cfa8c	0x001cfaa9	CONDITIONAL_JUMP	0
0x001cfa94	0x001d00e8	UNCONDITIONAL_CALL	0
0x001cfa9f	0x001cfaa4	CONDITIONAL_JUMP	0
0x001cfaa7	0x001cfa90	CONDITIONAL_JUMP	0
0x001cfaa9	0xStack[-0x10]	WRITE	0
0x001cfab0	0x001cfc57	UNCONDITIONAL_JUMP	0
0x001cfab8	0xStack[-0x10]	READ	1
0x001cfac0	0xStack[-0xc]	READ	1
0x001cfac8	0x001cfc54	CONDITIONAL_JUMP	0
0x001cfad2	0xStack[-0x18]	WRITE	0
0x001cfade	0x001cfb93	CONDITIONAL_JUMP	0
0x001cfae4	0xStack[-0xc]	READ	1
0x001cfaeb	0xStack[-0x18]	READ	1
0x001cfaf2	0xStack[-0x1c]	WRITE	0
0x001cfaf9	0x001cfb32	CONDITIONAL_JUMP	0
0x001cfb01	0x001cfb0b	CONDITIONAL_JUMP	0
0x001cfb09	0x001cfb04	CONDITIONAL_JUMP	0
0x001cfb10	0x001cfb32	CONDITIONAL_JUMP	0
0x001cfb1e	0x001d00e8	UNCONDITIONAL_CALL	0
0x001cfb28	0x001cfb2c	CONDITIONAL_JUMP	0
0x001cfb30	0x001cfb14	CONDITIONAL_JUMP	0
0x001cfb32	0xStack[-0x1c]	READ	1
0x001cfb3b	0x001cfb76	CONDITIONAL_JUMP	0
0x001cfb43	0x001cfb4f	CONDITIONAL_JUMP	0
0x001cfb4d	0x001cfb48	CONDITIONAL_JUMP	0
0x001cfb54	0x001cfb76	CONDITIONAL_JUMP	0
0x001cfb62	0x001d00e8	UNCONDITIONAL_CALL	0
0x001cfb6c	0x001cfb70	CONDITIONAL_JUMP	0
0x001cfb74	0x001cfb58	CONDITIONAL_JUMP	0
0x001cfb76	0xStack[-0x18]	READ_WRITE	0
0x001cfb79	0xStack[-0x10]	READ	1
0x001cfb7f	0xStack[-0xc]	READ	1
0x001cfb8a	0xStack[-0x18]	READ	0
0x001cfb8d	0x001cfae4	CONDITIONAL_JUMP	0
0x001cfb93	0xStack[-0x10]	READ	1
0x001cfb9b	0xStack[-0xc]	READ	1
0x001cfba6	0xStack[-0x18]	WRITE	0
0x001cfbb1	0x001cfc54	CONDITIONAL_JUMP	0
0x001cfbb8	0xStack[-0xc]	READ	1
0x001cfbbf	0xStack[-0x18]	READ	1
0x001cfbc6	0xStack[-0x20]	WRITE	0
0x001cfbcd	0x001cfbfa	CONDITIONAL_JUMP	0
0x001cfbd7	0x001cfbfa	CONDITIONAL_JUMP	0
0x001cfbe6	0x001d00e8	UNCONDITIONAL_CALL	0
0x001cfbf0	0x001cfbf4	CONDITIONAL_JUMP	0
0x001cfbf8	0x001cfbdc	CONDITIONAL_JUMP	0
0x001cfbfa	0xStack[-0x20]	READ	1
0x001cfc01	0x001cfc2e	CONDITIONAL_JUMP	0
0x001cfc0b	0x001cfc2e	CONDITIONAL_JUMP	0
0x001cfc1a	0x001d00e8	UNCONDITIONAL_CALL	0
0x001cfc24	0x001cfc28	CONDITIONAL_JUMP	0
0x001cfc2c	0x001cfc10	CONDITIONAL_JUMP	0
0x001cfc2e	0xStack[-0x18]	READ_WRITE	0
0x001cfc31	0xStack[-0x10]	READ	1
0x001cfc37	0xStack[-0xc]	READ	1
0x001cfc48	0xStack[-0x28]	WRITE	0
0x001cfc4b	0xStack[-0x18]	READ	0
0x001cfc4e	0x001cfbb8	CONDITIONAL_JUMP	0
0x001cfc54	0xStack[-0x10]	READ_WRITE	0
0x001cfc57	0xStack[-0x10]	READ	1
0x001cfc5a	0xStack[0x4]	READ	1
0x001cfc60	0x001cfab8	CONDITIONAL_JUMP	0
0x001cfc66	0xStack[-0x8]	DATA	0
0x001cfc6a	0x001d9df4	DATA	0
0x001cfc6f	0x001d9ce4	DATA	0
0x001cfc74	0xStack[0x4]	READ	1
0x001cfc78	0x001cec30	UNCONDITIONAL_CALL	0
0x001cfc7d	0xStack[-0x14]	WRITE	0
0x001cfc85	0x001cfd1e	CONDITIONAL_JUMP	0
0x001cfc8b	0xStack[-0x24]	WRITE	0
0x001cfc92	0x001cfd09	UNCONDITIONAL_JUMP	0
0x001cfc94	0xStack[-0x24]	READ	1
0x001cfc9d	0xStack[-0x14]	READ	1
0x001cfca5	0x001cfcce	CONDITIONAL_JUMP	0
0x001cfcaf	0x001cfcce	CONDITIONAL_JUMP	0
0x001cfcbb	0x001d00e8	UNCONDITIONAL_CALL	0
0x001cfcc5	0x001cfcc9	CONDITIONAL_JUMP	0
0x001cfccc	0x001cfcb4	CONDITIONAL_JUMP	0
0x001cfcce	0xStack[-0x24]	READ	1
0x001cfcd7	0xStack[-0x14]	READ	1
0x001cfcdf	0x001cfd06	CONDITIONAL_JUMP	0
0x001cfce9	0x001cfd06	CONDITIONAL_JUMP	0
0x001cfcf3	0x001d00e8	UNCONDITIONAL_CALL	0
0x001cfcfd	0x001cfd01	CONDITIONAL_JUMP	0
0x001cfd04	0x001cfcec	CONDITIONAL_JUMP	0
0x001cfd06	0xStack[-0x24]	READ_WRITE	0
0x001cfd09	0xStack[-0x8]	READ	1
0x001cfd15	0xStack[-0x24]	READ	0
0x001cfd18	0x001cfc94	CONDITIONAL_JUMP	0
0x001cfd1e	0xStack[-0x34]	DATA	0
0x001cfd31	0xStack[0x4]	READ	1
0x001cfd37	0xStack[-0x8]	WRITE	0
0x001cfd3d	0xStack[-0xc]	WRITE	0
0x001cfd42	0x001cfe0f	CONDITIONAL_JUMP	0
0x001cfd48	0xStack[-0xc]	READ	1
0x001cfd4e	0xStack[-0x10]	WRITE	0
0x001cfd53	0x001cfdfe	CONDITIONAL_JUMP	0
0x001cfd64	0x001cfda8	CONDITIONAL_JUMP	0
0x001cfd71	0x001cfda0	CONDITIONAL_JUMP	0
0x001cfd76	0x001cfd7f	CONDITIONAL_JUMP	0
0x001cfd7d	0x001cfd78	CONDITIONAL_JUMP	0
0x001cfd7f	0x001f9cec	READ	1
0x001cfd85	0x002076a4	DATA	0
0x001cfd87	0x001cd52c	UNCONDITIONAL_CALL	0
0x001cfd91	0x001cfda0	CONDITIONAL_JUMP	0
0x001cfd93	0x001f9cec	READ	1
0x001cfd99	0x002076a4	DATA	0
0x001cfda6	0x001cfd68	CONDITIONAL_JUMP	0
0x001cfda8	0xStack[-0x10]	READ	1
0x001cfdb9	0x001cfdfe	CONDITIONAL_JUMP	0
0x001cfdc2	0x001ced1c	UNCONDITIONAL_CALL	0
0x001cfdd3	0x001cfdf6	CONDITIONAL_JUMP	0
0x001cfdd5	0x001f9cec	READ	1
0x001cfddb	0x002076a4	DATA	0
0x001cfddd	0x001cd52c	UNCONDITIONAL_CALL	0
0x001cfde7	0x001cfdf6	CONDITIONAL_JUMP	0
0x001cfde9	0x001f9cec	READ	1
0x001cfdef	0x002076a4	DATA	0
0x001cfdfc	0x001cfdbc	CONDITIONAL_JUMP	0
0x001cfdfe	0xStack[-0x8]	READ_WRITE	0
0x001cfe01	0xStack[-0xc]	READ_WRITE	0
0x001cfe05	0xStack[-0x8]	READ	0
0x001cfe09	0x001cfd48	CONDITIONAL_JUMP	0
0x001cfe0f	0xStack[-0x1c]	DATA	0
0x001cfe1f	0xStack[0x4]	READ	0
0x001cfe23	0x001cfe34	CONDITIONAL_JUMP	0
0x001cfe25	0x001e5604	WRITE	0
0x001cfe34	0x001e5604	WRITE	0
0x001cfe4d	0x001cf3c0	UNCONDITIONAL_CALL	0
0x001cfe52	0x001e5600	WRITE	0
0x001cfe57	0x0015c338	UNCONDITIONAL_CALL	0
0x001cfe60	0x001cfecb	CONDITIONAL_JUMP	0
0x001cfe63	0x001cf740	UNCONDITIONAL_CALL	0
0x001cfe68	0x001e55f8	WRITE	0
0x001cfe72	0x001e55fc	READ	0
0x001cfe78	0x001cfe9a	CONDITIONAL_JUMP	0
0x001cfe82	0x001e55f8	READ	1
0x001cfe89	0x001cf9f4	UNCONDITIONAL_CALL	0
0x001cfe92	0x001e55fc	READ	0
0x001cfe98	0x001cfe7c	CONDITIONAL_JUMP	0
0x001cfe9c	0x001e55fc	READ	0
0x001cfea2	0x001cfec2	CONDITIONAL_JUMP	0
0x001cfeaa	0x001e55f8	READ	1
0x001cfeb1	0x001cffc0	UNCONDITIONAL_CALL	0
0x001cfeba	0x001e55fc	READ	0
0x001cfec0	0x001cfea4	CONDITIONAL_JUMP	0
0x001cfec3	0x0015ab30	UNCONDITIONAL_CALL	0
0x001cfecd	0x001e55fc	READ	0
0x001cfed3	0x001cff64	CONDITIONAL_JUMP	0
0x001cfedc	0x001e55f8	READ	1
0x001cfeec	0xStack[-0x8]	WRITE	0
0x001cfef5	0x001cff30	CONDITIONAL_JUMP	0
0x001cff04	0x001cff24	CONDITIONAL_JUMP	0
0x001cff10	0x001cd300	UNCONDITIONAL_CALL	0
0x001cff22	0x001cff08	CONDITIONAL_JUMP	0
0x001cff24	0xStack[-0x8]	READ_WRITE	0
0x001cff2a	0xStack[-0x8]	READ	0
0x001cff2e	0x001cfef8	CONDITIONAL_JUMP	0
0x001cff3c	0x001e55f8	READ	1
0x001cff43	0x001cf4fc	UNCONDITIONAL_CALL	0
0x001cff48	0x001e55f8	READ	1
0x001cff4f	0x001cf570	UNCONDITIONAL_CALL	0
0x001cff58	0x001e55fc	READ	0
0x001cff5e	0x001cfedc	CONDITIONAL_JUMP	0
0x001cff66	0x001e55fc	READ	0
0x001cff6c	0x001cff8e	CONDITIONAL_JUMP	0
0x001cff76	0x001e55f8	READ	1
0x001cff7d	0x001cf5c0	UNCONDITIONAL_CALL	0
0x001cff86	0x001e55fc	READ	0
0x001cff8c	0x001cff70	CONDITIONAL_JUMP	0
0x001cff90	0x001e55fc	READ	0
0x001cff96	0x001cffb6	CONDITIONAL_JUMP	0
0x001cff9e	0x001e55f8	READ	1
0x001cffa5	0x001cfd28	UNCONDITIONAL_CALL	0
0x001cffae	0x001e55fc	READ	0
0x001cffb4	0x001cff98	CONDITIONAL_JUMP	0
0x001cffb6	0xStack[-0x14]	DATA	0
0x001cffc4	0xStack[0x4]	READ	1
0x001cffc8	0x001e5600	READ	1
0x001cffcf	0x001cf3f4	UNCONDITIONAL_CALL	0
0x001cffd4	0x001e5600	WRITE	0
0x001cffda	0x001cfa50	UNCONDITIONAL_CALL	0
0x001cffe0	0x001cf1dc	UNCONDITIONAL_CALL	0
0x001cffe5	0xStack[-0x8]	READ	1
0x001cfff1	0xStack[0x4]	READ	1
0x001cfff4	0x001cdcd8	UNCONDITIONAL_CALL	0
0x001d0007	0x001d0017	CONDITIONAL_JUMP	0
0x001d000b	0x001d0017	CONDITIONAL_JUMP	0
0x001d000d	0x001d9d1c	DATA	0
0x001d0012	0x001cdddc	UNCONDITIONAL_CALL	0
0x001d0019	0xStack[-0xc]	DATA	0
0x001d0027	0xStack[0x4]	READ	1
0x001d002f	0x001d0064	CONDITIONAL_JUMP	0
0x001d003a	0x001d0064	CONDITIONAL_JUMP	0
0x001d0048	0x001d0064	CONDITIONAL_JUMP	0
0x001d0056	0x001d0064	CONDITIONAL_JUMP	0
0x001d0060	0x001d002c	UNCONDITIONAL_JUMP	0
0x001d0071	0xStack[0x4]	READ	1
0x001d0076	0x001d0084	CONDITIONAL_JUMP	0
0x001d0078	0x001d00d0	UNCONDITIONAL_JUMP	0
0x001d0081	0x001d00d2	UNCONDITIONAL_JUMP	0
0x001d0084	0x001e5640	READ	1
0x001d008c	0x001d00d0	CONDITIONAL_JUMP	0
0x001d0090	0x001e5630	READ	0
0x001d0093	0x001d009a	CONDITIONAL_JUMP	0
0x001d0095	0x001e5634	READ	0
0x001d0098	0x001d007c	CONDITIONAL_JUMP	0
0x001d009a	0x001e5624	DATA	1
0x001d00a0	0x001d00c9	CONDITIONAL_JUMP	0
0x001d00a4	0x001e5628	READ	0
0x001d00aa	0x001d00c9	CONDITIONAL_JUMP	0
0x001d00ac	0x001e5638	READ	1
0x001d00b0	0x001d6750	READ	1
0x001d00b5	0x001d00c3	CONDITIONAL_JUMP	0
0x001d00bb	0x001d007c	CONDITIONAL_JUMP	0
0x001d00c1	0x001d00b8	CONDITIONAL_JUMP	0
0x001d00c4	0x001e5628	READ	0
0x001d00c7	0x001d00b0	CONDITIONAL_JUMP	0
0x001d00c9	0x001e563c	READ	1
0x001d00ce	0x001d0090	CONDITIONAL_JUMP	0
0x001d00d2	0xStack[-0xc]	DATA	0
0x001d00df	0xStack[0x4]	READ	1
0x001d00f1	0xStack[0x4]	READ	0
0x001d00f5	0x001d0100	CONDITIONAL_JUMP	0
0x001d00f9	0x001d027b	UNCONDITIONAL_JUMP	0
0x001d0100	0xStack[0x4]	READ	1
0x001d010b	0x001d0140	CONDITIONAL_JUMP	0
0x001d0116	0x001d0140	CONDITIONAL_JUMP	0
0x001d0124	0x001d0140	CONDITIONAL_JUMP	0
0x001d0132	0x001d0140	CONDITIONAL_JUMP	0
0x001d013c	0x001d0108	UNCONDITIONAL_JUMP	0
0x001d0140	0xStack[-0x8]	WRITE	0
0x001d0143	0x001e5640	READ	1
0x001d014b	0x001d026b	CONDITIONAL_JUMP	0
0x001d0154	0xStack[0x4]	READ	1
0x001d0157	0x001e5630	READ	0
0x001d015a	0x001d0165	CONDITIONAL_JUMP	0
0x001d015c	0x001e5634	READ	0
0x001d015f	0x001d0278	CONDITIONAL_JUMP	0
0x001d0165	0xStack[-0x8]	READ	1
0x001d016a	0x001e5628	READ	0
0x001d016d	0xStack[-0x10]	WRITE	0
0x001d0170	0x001e5638	READ	1
0x001d0173	0x001d6750	DATA	1
0x001d0178	0x001d01a0	CONDITIONAL_JUMP	0
0x001d017f	0xStack[0x4]	READ	1
0x001d0186	0x001d019a	CONDITIONAL_JUMP	0
0x001d018a	0x00101e7c	UNCONDITIONAL_CALL	0
0x001d0194	0x001d0270	CONDITIONAL_JUMP	0
0x001d019e	0x001d017c	CONDITIONAL_JUMP	0
0x001d01a0	0x001e5624	DATA	1
0x001d01a6	0x001d0260	CONDITIONAL_JUMP	0
0x001d01ac	0x001e562c	READ_WRITE	0
0x001d01b2	0x001e5638	READ	0
0x001d01b2	0x001d6750	DATA	1
0x001d01bc	0x001d01fe	CONDITIONAL_JUMP	0
0x001d01be	0x001e5628	WRITE	0
0x001d01cd	0x001cffec	UNCONDITIONAL_CALL	0
0x001d01d4	0x001e5638	WRITE	0
0x001d01da	0x001e5628	READ	1
0x001d01eb	0x00101630	UNCONDITIONAL_CALL	0
0x001d01f0	0xStack[-0x8]	READ	1
0x001d01f5	0x001e5628	READ	0
0x001d01f8	0xStack[-0x10]	WRITE	0
0x001d01fe	0x001e5638	READ	1
0x001d0201	0xStack[-0x10]	READ	1
0x001d0204	0x001d6750	DATA	1
0x001d0207	0x001e5648	READ	0
0x001d020e	0x001d0219	CONDITIONAL_JUMP	0
0x001d0210	0x001e564c	READ	0
0x001d0217	0x001d0232	CONDITIONAL_JUMP	0
0x001d021e	0x001cffec	UNCONDITIONAL_CALL	0
0x001d0223	0x001e5648	WRITE	0
0x001d0228	0x001e564c	WRITE	0
0x001d0232	0x001e564c	READ	1
0x001d023b	0xStack[-0xc]	WRITE	0
0x001d023e	0x001e5648	READ	1
0x001d0244	0x001e564c	READ_WRITE	0
0x001d024c	0xStack[0x4]	READ	1
0x001d0252	0x001e5638	READ	1
0x001d0255	0xStack[-0x10]	READ	1
0x001d025b	0x001d0278	UNCONDITIONAL_JUMP	0
0x001d0260	0x001e563c	READ	1
0x001d0265	0x001d0154	CONDITIONAL_JUMP	0
0x001d026b	0x0017e220	UNCONDITIONAL_CALL	0
0x001d0273	0x001d027b	UNCONDITIONAL_JUMP	0
0x001d0278	0xStack[0x4]	READ	1
0x001d027b	0xStack[-0x1c]	DATA	0
0x001d028c	0xStack[0x4]	READ	1
0x001d0290	0x001d0304	UNCONDITIONAL_CALL	0
0x001d029a	0x001d02a8	CONDITIONAL_JUMP	0
0x001d029d	0x001cbd64	UNCONDITIONAL_CALL	0
0x001d02a3	0x001d00e8	UNCONDITIONAL_CALL	0
0x001d02a8	0xStack[-0x8]	READ	1
0x001d02b6	0xStack[0x4]	READ	1
0x001d02b9	0xStack[0x8]	READ	1
0x001d02bc	0x001e5624	DATA	1
0x001d02c3	0x001e5628	READ	0
0x001d02c9	0x001d02fa	CONDITIONAL_JUMP	0
0x001d02d3	0x001e5638	READ	1
0x001d02d6	0x001d6750	READ	0
0x001d02d6	0x001d6754	READ	0
0x001d02d9	0x001d02f4	CONDITIONAL_JUMP	0
0x001d02db	0x001d6750	READ	1
0x001d02db	0x001d6754	READ	1
0x001d02dd	0x29232844	READ	0
0x001d02e0	0x001d02f0	CONDITIONAL_JUMP	0
0x001d02e2	0x29232844	READ	0
0x001d02e5	0x001d02f0	CONDITIONAL_JUMP	0
0x001d02e7	0x29232840	READ	0
0x001d02e9	0x001d6750	WRITE	0
0x001d02e9	0x001d6754	WRITE	0
0x001d02eb	0x001d02d6	UNCONDITIONAL_JUMP	0
0x001d02f2	0x001d02d6	UNCONDITIONAL_JUMP	0
0x001d02f5	0x001e5628	READ	0
0x001d02f8	0x001d02cc	CONDITIONAL_JUMP	0
0x001d02fa	0xStack[-0x10]	DATA	0
0x001d030d	0xStack[0x4]	READ	1
0x001d0312	0x001d032c	CONDITIONAL_JUMP	0
0x001d0314	0x001d03bc	UNCONDITIONAL_JUMP	0
0x001d031e	0x001d03be	UNCONDITIONAL_JUMP	0
0x001d0327	0x001d03be	UNCONDITIONAL_JUMP	0
0x001d0333	0x001d0368	CONDITIONAL_JUMP	0
0x001d033e	0x001d0368	CONDITIONAL_JUMP	0
0x001d034c	0x001d0368	CONDITIONAL_JUMP	0
0x001d035a	0x001d0368	CONDITIONAL_JUMP	0
0x001d0364	0x001d0330	UNCONDITIONAL_JUMP	0
0x001d0368	0xStack[-0x8]	WRITE	0
0x001d036b	0x001e5640	READ	1
0x001d0373	0x001d03bc	CONDITIONAL_JUMP	0
0x001d0378	0x001e5630	READ	0
0x001d037b	0x001d0382	CONDITIONAL_JUMP	0
0x001d037d	0x001e5634	READ	0
0x001d0380	0x001d031c	CONDITIONAL_JUMP	0
0x001d0382	0xStack[-0x8]	READ	1
0x001d0387	0x001e5628	READ	0
0x001d038a	0x001e5638	READ	1
0x001d038d	0x001d6750	DATA	1
0x001d0392	0x001d03b5	CONDITIONAL_JUMP	0
0x001d039b	0x001d03af	CONDITIONAL_JUMP	0
0x001d039f	0x00101e7c	UNCONDITIONAL_CALL	0
0x001d03a9	0x001d0324	CONDITIONAL_JUMP	0
0x001d03b3	0x001d0394	CONDITIONAL_JUMP	0
0x001d03b5	0x001e563c	READ	1
0x001d03ba	0x001d0378	CONDITIONAL_JUMP	0
0x001d03be	0xStack[-0x14]	DATA	0
0x001d03ce	0xStack[0x4]	READ	1
0x001d03d1	0xStack[0x8]	READ	1
0x001d03d4	0x001cdef0	UNCONDITIONAL_CALL	0
0x001d03dd	0x001cdef0	UNCONDITIONAL_CALL	0
0x001d03fb	0xStack[0xc]	READ	1
0x001d0401	0xStack[0x10]	READ	1
0x001d0407	0x001e5640	DATA	1
0x001d040c	0x001e5640	READ	0
0x001d0413	0x001d0436	CONDITIONAL_JUMP	0
0x001d0418	0x001e5640	READ	0
0x001d0418	0x001e563c	READ	0
0x001d0418	0x001e5624	DATA	1
0x001d041e	0x001d042c	CONDITIONAL_JUMP	0
0x001d0420	0x001e5624	DATA	1
0x001d0427	0x001e5640	WRITE	0
0x001d0427	0x001e563c	WRITE	0
0x001d0429	0x001d0436	UNCONDITIONAL_JUMP	0
0x001d042c	0x001e5640	READ	0
0x001d0431	0x001e563c	READ	0
0x001d0434	0x001d0418	CONDITIONAL_JUMP	0
0x001d0436	0xStack[-0x10]	DATA	0
0x001d0449	0xStack[0x4]	READ	1
0x001d044c	0xStack[0x8]	READ	1
0x001d044f	0xStack[-0x2c]	DATA	0
0x001d0452	0xStack[-0x29]	WRITE	0
0x001d0456	0xStack[-0x28]	WRITE	0
0x001d045d	0xStack[-0x24]	WRITE	0
0x001d0464	0xStack[-0x1c]	WRITE	0
0x001d0467	0x00158f88	UNCONDITIONAL_CALL	0
0x001d046c	0xStack[-0x20]	WRITE	0
0x001d046f	0xStack[-0x18]	WRITE	0
0x001d047f	0x001589fc	UNCONDITIONAL_CALL	0
0x001d048b	0x001d04a0	CONDITIONAL_JUMP	0
0x001d0493	0x001d049a	CONDITIONAL_JUMP	0
0x001d0495	0x00158fb4	UNCONDITIONAL_CALL	0
0x001d049c	0x001d04fd	UNCONDITIONAL_JUMP	0
0x001d04a0	0xStack[-0x28]	READ	1
0x001d04a3	0xStack[-0x29]	READ	1
0x001d04a7	0xStack[-0x18]	READ	0
0x001d04ae	0x001d04b8	CONDITIONAL_JUMP	0
0x001d04b5	0x001d04fd	UNCONDITIONAL_JUMP	0
0x001d04bb	0x001d04c2	CONDITIONAL_JUMP	0
0x001d04c0	0x001d04d2	CONDITIONAL_JUMP	0
0x001d04c5	0x001d04f8	CONDITIONAL_JUMP	0
0x001d04ca	0x001d04f8	CONDITIONAL_JUMP	0
0x001d04cc	0xStack[-0x10]	READ	0
0x001d04d0	0x001d04f8	CONDITIONAL_JUMP	0
0x001d04d2	0x001d6800	READ	1
0x001d04d7	0xStack[-0x14]	READ	0
0x001d04da	0x001d04f8	CONDITIONAL_JUMP	0
0x001d04dc	0xStack[-0x10]	READ	1
0x001d04e1	0x001d04fd	CONDITIONAL_JUMP	0
0x001d04e3	0x001d6804	READ	1
0x001d04e8	0xStack[-0xc]	READ	0
0x001d04eb	0x001d04f8	CONDITIONAL_JUMP	0
0x001d04ed	0xStack[-0x8]	READ	1
0x001d04f2	0xStack[-0x10]	READ	1
0x001d04f5	0x001d04fd	UNCONDITIONAL_JUMP	0
0x001d04fd	0xStack[-0x38]	DATA	0
0x001d050f	0xStack[0x4]	READ	1
0x001d0512	0xStack[0x8]	READ	1
0x001d0515	0xStack[-0x24]	DATA	0
0x001d0518	0x001d6808	READ	1
0x001d051e	0xStack[-0xc]	WRITE	0
0x001d0521	0xStack[-0x8]	WRITE	0
0x001d0524	0xStack[-0x21]	WRITE	0
0x001d0528	0xStack[-0x20]	WRITE	0
0x001d052f	0xStack[-0x1c]	WRITE	0
0x001d0536	0xStack[-0x14]	WRITE	0
0x001d0539	0x00158f88	UNCONDITIONAL_CALL	0
0x001d053e	0xStack[-0x18]	WRITE	0
0x001d0541	0xStack[-0x10]	WRITE	0
0x001d0551	0x001589fc	UNCONDITIONAL_CALL	0
0x001d055d	0x001d0570	CONDITIONAL_JUMP	0
0x001d0565	0x001d056c	CONDITIONAL_JUMP	0
0x001d0567	0x00158fb4	UNCONDITIONAL_CALL	0
0x001d056e	0x001d05ad	UNCONDITIONAL_JUMP	0
0x001d0570	0xStack[-0x20]	READ	1
0x001d0573	0xStack[-0x21]	READ	1
0x001d0577	0xStack[-0x10]	READ	0
0x001d057e	0x001d0588	CONDITIONAL_JUMP	0
0x001d0585	0x001d05ad	UNCONDITIONAL_JUMP	0
0x001d058b	0x001d059c	CONDITIONAL_JUMP	0
0x001d0590	0x001d059c	CONDITIONAL_JUMP	0
0x001d0592	0x001d680c	READ	1
0x001d0597	0xStack[-0xc]	READ	0
0x001d059a	0x001d05a4	CONDITIONAL_JUMP	0
0x001d05a1	0x001d05ad	UNCONDITIONAL_JUMP	0
0x001d05a4	0xStack[-0x8]	READ	1
0x001d05a9	0x001d05ad	CONDITIONAL_JUMP	0
0x001d05ad	0xStack[-0x28]	READ	1
0x001d05bc	0xStack[0x4]	READ	1
0x001d05bf	0xStack[0x8]	READ	1
0x001d05c2	0xStack[0xc]	READ	1
0x001d05c5	0xStack[-0x2c]	DATA	0
0x001d05c8	0x001d6810	READ	1
0x001d05ce	0xStack[-0x14]	WRITE	0
0x001d05d1	0xStack[-0x10]	WRITE	0
0x001d05d4	0x001d6814	READ	1
0x001d05da	0xStack[-0xc]	WRITE	0
0x001d05dd	0xStack[-0x8]	WRITE	0
0x001d05e0	0xStack[-0x29]	WRITE	0
0x001d05e4	0xStack[-0x28]	WRITE	0
0x001d05eb	0xStack[-0x24]	WRITE	0
0x001d05f2	0xStack[-0x1c]	WRITE	0
0x001d05f5	0x00158f88	UNCONDITIONAL_CALL	0
0x001d05fa	0xStack[-0x20]	WRITE	0
0x001d05fd	0xStack[-0x18]	WRITE	0
0x001d060d	0x001589fc	UNCONDITIONAL_CALL	0
0x001d0619	0x001d062c	CONDITIONAL_JUMP	0
0x001d0621	0x001d0628	CONDITIONAL_JUMP	0
0x001d0623	0x00158fb4	UNCONDITIONAL_CALL	0
0x001d062a	0x001d0669	UNCONDITIONAL_JUMP	0
0x001d062c	0xStack[-0x28]	READ	1
0x001d062f	0xStack[-0x29]	READ	1
0x001d0633	0xStack[-0x18]	READ	0
0x001d063a	0x001d0644	CONDITIONAL_JUMP	0
0x001d0641	0x001d0669	UNCONDITIONAL_JUMP	0
0x001d0647	0x001d0658	CONDITIONAL_JUMP	0
0x001d064c	0x001d0658	CONDITIONAL_JUMP	0
0x001d064e	0x001d6818	READ	1
0x001d0653	0xStack[-0x14]	READ	0
0x001d0656	0x001d0660	CONDITIONAL_JUMP	0
0x001d065d	0x001d0669	UNCONDITIONAL_JUMP	0
0x001d0660	0xStack[-0x10]	READ	1
0x001d0665	0x001d0669	CONDITIONAL_JUMP	0
0x001d0669	0xStack[-0x34]	DATA	0
0x001d067d	0xStack[0x4]	READ	1
0x001d0680	0xStack[0x8]	READ	1
0x001d0683	0xStack[-0x2c]	DATA	0
0x001d0686	0xStack[-0x29]	WRITE	0
0x001d068a	0xStack[-0x28]	WRITE	0
0x001d0691	0xStack[-0x24]	WRITE	0
0x001d0698	0xStack[-0x1c]	WRITE	0
0x001d069b	0x00158f88	UNCONDITIONAL_CALL	0
0x001d06a0	0xStack[-0x20]	WRITE	0
0x001d06a3	0xStack[-0x18]	WRITE	0
0x001d06b3	0x001589fc	UNCONDITIONAL_CALL	0
0x001d06bf	0x001d06d4	CONDITIONAL_JUMP	0
0x001d06c7	0x001d06ce	CONDITIONAL_JUMP	0
0x001d06c9	0x00158fb4	UNCONDITIONAL_CALL	0
0x001d06d0	0x001d0731	UNCONDITIONAL_JUMP	0
0x001d06d4	0xStack[-0x28]	READ	1
0x001d06d7	0xStack[-0x29]	READ	1
0x001d06db	0xStack[-0x18]	READ	0
0x001d06e2	0x001d06ec	CONDITIONAL_JUMP	0
0x001d06e9	0x001d0731	UNCONDITIONAL_JUMP	0
0x001d06ef	0x001d06f6	CONDITIONAL_JUMP	0
0x001d06f4	0x001d0706	CONDITIONAL_JUMP	0
0x001d06f9	0x001d072c	CONDITIONAL_JUMP	0
0x001d06fe	0x001d072c	CONDITIONAL_JUMP	0
0x001d0700	0xStack[-0x10]	READ	0
0x001d0704	0x001d072c	CONDITIONAL_JUMP	0
0x001d0706	0x001d681c	READ	1
0x001d070b	0xStack[-0x14]	READ	0
0x001d070e	0x001d072c	CONDITIONAL_JUMP	0
0x001d0710	0xStack[-0x10]	READ	1
0x001d0715	0x001d0731	CONDITIONAL_JUMP	0
0x001d0717	0x001d6820	READ	1
0x001d071c	0xStack[-0xc]	READ	0
0x001d071f	0x001d072c	CONDITIONAL_JUMP	0
0x001d0721	0xStack[-0x8]	READ	1
0x001d0726	0xStack[-0x10]	READ	1
0x001d0729	0x001d0731	UNCONDITIONAL_JUMP	0
0x001d0731	0xStack[-0x38]	DATA	0
0x001d0743	0xStack[0x4]	READ	1
0x001d0746	0xStack[0x8]	READ	1
0x001d0749	0xStack[-0x24]	DATA	0
0x001d074c	0x001d6824	READ	1
0x001d0752	0xStack[-0xc]	WRITE	0
0x001d0755	0xStack[-0x8]	WRITE	0
0x001d0758	0xStack[-0x21]	WRITE	0
0x001d075c	0xStack[-0x20]	WRITE	0
0x001d0763	0xStack[-0x1c]	WRITE	0
0x001d076a	0xStack[-0x14]	WRITE	0
0x001d076d	0x00158f88	UNCONDITIONAL_CALL	0
0x001d0772	0xStack[-0x18]	WRITE	0
0x001d0775	0xStack[-0x10]	WRITE	0
0x001d0785	0x001589fc	UNCONDITIONAL_CALL	0
0x001d0791	0x001d07a4	CONDITIONAL_JUMP	0
0x001d0799	0x001d07a0	CONDITIONAL_JUMP	0
0x001d079b	0x00158fb4	UNCONDITIONAL_CALL	0
0x001d07a2	0x001d07e1	UNCONDITIONAL_JUMP	0
0x001d07a4	0xStack[-0x20]	READ	1
0x001d07a7	0xStack[-0x21]	READ	1
0x001d07ab	0xStack[-0x10]	READ	0
0x001d07b2	0x001d07bc	CONDITIONAL_JUMP	0
0x001d07b9	0x001d07e1	UNCONDITIONAL_JUMP	0
0x001d07bf	0x001d07d0	CONDITIONAL_JUMP	0
0x001d07c4	0x001d07d0	CONDITIONAL_JUMP	0
0x001d07c6	0x001d6828	READ	1
0x001d07cb	0xStack[-0xc]	READ	0
0x001d07ce	0x001d07d8	CONDITIONAL_JUMP	0
0x001d07d5	0x001d07e1	UNCONDITIONAL_JUMP	0
0x001d07d8	0xStack[-0x8]	READ	1
0x001d07dd	0x001d07e1	CONDITIONAL_JUMP	0
0x001d07e1	0xStack[-0x28]	READ	1
0x001d07f0	0xStack[0x4]	READ	1
0x001d07f3	0xStack[0x8]	READ	1
0x001d07f6	0xStack[0xc]	READ	1
0x001d07f9	0xStack[-0x2c]	DATA	0
0x001d07fc	0x001d682c	READ	1
0x001d0802	0xStack[-0x14]	WRITE	0
0x001d0805	0xStack[-0x10]	WRITE	0
0x001d0808	0x001d6830	READ	1
0x001d080e	0xStack[-0xc]	WRITE	0
0x001d0811	0xStack[-0x8]	WRITE	0
0x001d0814	0xStack[-0x29]	WRITE	0
0x001d0818	0xStack[-0x28]	WRITE	0
0x001d081f	0xStack[-0x24]	WRITE	0
0x001d0826	0xStack[-0x1c]	WRITE	0
0x001d0829	0x00158f88	UNCONDITIONAL_CALL	0
0x001d082e	0xStack[-0x20]	WRITE	0
0x001d0831	0xStack[-0x18]	WRITE	0
0x001d0841	0x001589fc	UNCONDITIONAL_CALL	0
0x001d084d	0x001d0860	CONDITIONAL_JUMP	0
0x001d0855	0x001d085c	CONDITIONAL_JUMP	0
0x001d0857	0x00158fb4	UNCONDITIONAL_CALL	0
0x001d085e	0x001d089d	UNCONDITIONAL_JUMP	0
0x001d0860	0xStack[-0x28]	READ	1
0x001d0863	0xStack[-0x29]	READ	1
0x001d0867	0xStack[-0x18]	READ	0
0x001d086e	0x001d0878	CONDITIONAL_JUMP	0
0x001d0875	0x001d089d	UNCONDITIONAL_JUMP	0
0x001d087b	0x001d088c	CONDITIONAL_JUMP	0
0x001d0880	0x001d088c	CONDITIONAL_JUMP	0
0x001d0882	0x001d6834	READ	1
0x001d0887	0xStack[-0x14]	READ	0
0x001d088a	0x001d0894	CONDITIONAL_JUMP	0
0x001d0891	0x001d089d	UNCONDITIONAL_JUMP	0
0x001d0894	0xStack[-0x10]	READ	1
0x001d0899	0x001d089d	CONDITIONAL_JUMP	0
0x001d089d	0xStack[-0x34]	DATA	0
0x001d08b1	0xStack[0x4]	READ	1
0x001d08b4	0xStack[0x8]	READ	1
0x001d08b7	0xStack[0xc]	READ	1
0x001d08ba	0xStack[-0x2c]	DATA	0
0x001d08bd	0x001d6838	READ	1
0x001d08c3	0xStack[-0x14]	WRITE	0
0x001d08c6	0xStack[-0x10]	WRITE	0
0x001d08c9	0xStack[-0x29]	WRITE	0
0x001d08cd	0xStack[-0x28]	WRITE	0
0x001d08d4	0xStack[-0x24]	WRITE	0
0x001d08db	0xStack[-0x1c]	WRITE	0
0x001d08de	0x00158f88	UNCONDITIONAL_CALL	0
0x001d08e3	0xStack[-0x20]	WRITE	0
0x001d08e6	0xStack[-0x18]	WRITE	0
0x001d08f6	0x001589fc	UNCONDITIONAL_CALL	0
0x001d0902	0x001d0918	CONDITIONAL_JUMP	0
0x001d090a	0x001d0911	CONDITIONAL_JUMP	0
0x001d090c	0x00158fb4	UNCONDITIONAL_CALL	0
0x001d0913	0x001d0975	UNCONDITIONAL_JUMP	0
0x001d0918	0xStack[-0x28]	READ	1
0x001d091b	0xStack[-0x29]	READ	1
0x001d091f	0xStack[-0x18]	READ	0
0x001d0926	0x001d0930	CONDITIONAL_JUMP	0
0x001d092d	0x001d0975	UNCONDITIONAL_JUMP	0
0x001d0933	0x001d0939	CONDITIONAL_JUMP	0
0x001d0937	0x001d0949	CONDITIONAL_JUMP	0
0x001d093c	0x001d0970	CONDITIONAL_JUMP	0
0x001d0941	0x001d0970	CONDITIONAL_JUMP	0
0x001d0943	0xStack[-0x10]	READ	0
0x001d0947	0x001d0970	CONDITIONAL_JUMP	0
0x001d0949	0x001d683c	READ	1
0x001d094e	0xStack[-0x14]	READ	0
0x001d0951	0x001d0970	CONDITIONAL_JUMP	0
0x001d0953	0xStack[-0x10]	READ	1
0x001d0958	0x001d0975	CONDITIONAL_JUMP	0
0x001d095a	0x001d6840	READ	1
0x001d095f	0xStack[-0xc]	READ	0
0x001d0962	0x001d0970	CONDITIONAL_JUMP	0
0x001d0964	0xStack[-0x8]	READ	1
0x001d0969	0xStack[-0x10]	READ	1
0x001d096c	0x001d0975	UNCONDITIONAL_JUMP	0
0x001d0975	0xStack[-0x38]	DATA	0
0x001d0988	0xStack[0x4]	READ	1
0x001d098b	0xStack[0x8]	READ	1
0x001d098e	0xStack[0xc]	READ	1
0x001d0991	0xStack[-0x2c]	DATA	0
0x001d0994	0x001d6844	READ	1
0x001d099a	0xStack[-0x14]	WRITE	0
0x001d099d	0xStack[-0x10]	WRITE	0
0x001d09a0	0x001d6848	READ	1
0x001d09a6	0xStack[-0xc]	WRITE	0
0x001d09a9	0xStack[-0x8]	WRITE	0
0x001d09ac	0xStack[-0x29]	WRITE	0
0x001d09b0	0xStack[-0x28]	WRITE	0
0x001d09b7	0xStack[-0x24]	WRITE	0
0x001d09be	0xStack[-0x1c]	WRITE	0
0x001d09c1	0x00158f88	UNCONDITIONAL_CALL	0
0x001d09c6	0xStack[-0x20]	WRITE	0
0x001d09c9	0xStack[-0x18]	WRITE	0
0x001d09d9	0x001589fc	UNCONDITIONAL_CALL	0
0x001d09e5	0x001d09f8	CONDITIONAL_JUMP	0
0x001d09ed	0x001d09f4	CONDITIONAL_JUMP	0
0x001d09ef	0x00158fb4	UNCONDITIONAL_CALL	0
0x001d09f6	0x001d0a35	UNCONDITIONAL_JUMP	0
0x001d09f8	0xStack[-0x28]	READ	1
0x001d09fb	0xStack[-0x29]	READ	1
0x001d09ff	0xStack[-0x18]	READ	0
0x001d0a06	0x001d0a10	CONDITIONAL_JUMP	0
0x001d0a0d	0x001d0a35	UNCONDITIONAL_JUMP	0
0x001d0a13	0x001d0a24	CONDITIONAL_JUMP	0
0x001d0a18	0x001d0a24	CONDITIONAL_JUMP	0
0x001d0a1a	0x001d684c	READ	1
0x001d0a1f	0xStack[-0x14]	READ	0
0x001d0a22	0x001d0a2c	CONDITIONAL_JUMP	0
0x001d0a29	0x001d0a35	UNCONDITIONAL_JUMP	0
0x001d0a2c	0xStack[-0x10]	READ	1
0x001d0a31	0x001d0a35	CONDITIONAL_JUMP	0
0x001d0a35	0xStack[-0x34]	DATA	0
0x001d0a48	0xStack[0x4]	READ	1
0x001d0a4b	0xStack[0x8]	READ	1
0x001d0a4e	0xStack[0xc]	READ	1
0x001d0a51	0xStack[-0x2c]	DATA	0
0x001d0a54	0x001d6850	READ	1
0x001d0a5a	0xStack[-0x14]	WRITE	0
0x001d0a5d	0xStack[-0x10]	WRITE	0
0x001d0a60	0x001d6854	READ	1
0x001d0a66	0xStack[-0xc]	WRITE	0
0x001d0a69	0xStack[-0x8]	WRITE	0
0x001d0a6c	0xStack[-0x29]	WRITE	0
0x001d0a70	0xStack[-0x28]	WRITE	0
0x001d0a77	0xStack[-0x24]	WRITE	0
0x001d0a7e	0xStack[-0x1c]	WRITE	0
0x001d0a81	0x00158f88	UNCONDITIONAL_CALL	0
0x001d0a86	0xStack[-0x20]	WRITE	0
0x001d0a89	0xStack[-0x18]	WRITE	0
0x001d0a99	0x001589fc	UNCONDITIONAL_CALL	0
0x001d0aa5	0x001d0ab8	CONDITIONAL_JUMP	0
0x001d0aad	0x001d0ab4	CONDITIONAL_JUMP	0
0x001d0aaf	0x00158fb4	UNCONDITIONAL_CALL	0
0x001d0ab6	0x001d0af5	UNCONDITIONAL_JUMP	0
0x001d0ab8	0xStack[-0x28]	READ	1
0x001d0abb	0xStack[-0x29]	READ	1
0x001d0abf	0xStack[-0x18]	READ	0
0x001d0ac6	0x001d0ad0	CONDITIONAL_JUMP	0
0x001d0acd	0x001d0af5	UNCONDITIONAL_JUMP	0
0x001d0ad3	0x001d0ae4	CONDITIONAL_JUMP	0
0x001d0ad8	0x001d0ae4	CONDITIONAL_JUMP	0
0x001d0ada	0x001d6858	READ	1
0x001d0adf	0xStack[-0x14]	READ	0
0x001d0ae2	0x001d0aec	CONDITIONAL_JUMP	0
0x001d0ae9	0x001d0af5	UNCONDITIONAL_JUMP	0
0x001d0aec	0xStack[-0x10]	READ	1
0x001d0af1	0x001d0af5	CONDITIONAL_JUMP	0
0x001d0af5	0xStack[-0x34]	DATA	0
0x001d0b09	0xStack[0x4]	READ	1
0x001d0b0c	0xStack[0x8]	READ	1
0x001d0b0f	0xStack[-0x34]	DATA	0
0x001d0b12	0x001d685c	READ	1
0x001d0b18	0xStack[-0x1c]	WRITE	0
0x001d0b1b	0xStack[-0x18]	WRITE	0
0x001d0b1e	0x001d6860	READ	1
0x001d0b24	0xStack[-0x14]	WRITE	0
0x001d0b27	0xStack[0xc]	READ	1
0x001d0b2a	0xStack[-0x10]	WRITE	0
0x001d0b2d	0xStack[-0x31]	WRITE	0
0x001d0b31	0xStack[-0x30]	WRITE	0
0x001d0b38	0xStack[-0x2c]	WRITE	0
0x001d0b3f	0xStack[-0x24]	WRITE	0
0x001d0b42	0x00158f88	UNCONDITIONAL_CALL	0
0x001d0b47	0xStack[-0x28]	WRITE	0
0x001d0b4a	0xStack[-0x20]	WRITE	0
0x001d0b5a	0x001589fc	UNCONDITIONAL_CALL	0
0x001d0b66	0x001d0b7c	CONDITIONAL_JUMP	0
0x001d0b6e	0x001d0b75	CONDITIONAL_JUMP	0
0x001d0b70	0x00158fb4	UNCONDITIONAL_CALL	0
0x001d0b77	0x001d0beb	UNCONDITIONAL_JUMP	0
0x001d0b7c	0xStack[-0x30]	READ	1
0x001d0b7f	0xStack[-0x31]	READ	1
0x001d0b83	0xStack[-0x20]	READ	0
0x001d0b8a	0x001d0b94	CONDITIONAL_JUMP	0
0x001d0b91	0x001d0beb	UNCONDITIONAL_JUMP	0
0x001d0b97	0x001d0b9d	CONDITIONAL_JUMP	0
0x001d0b9b	0x001d0bad	CONDITIONAL_JUMP	0
0x001d0ba0	0x001d0bd0	CONDITIONAL_JUMP	0
0x001d0ba5	0x001d0bd0	CONDITIONAL_JUMP	0
0x001d0ba7	0xStack[-0x18]	READ	0
0x001d0bab	0x001d0bd0	CONDITIONAL_JUMP	0
0x001d0bad	0x001d6864	READ	1
0x001d0bb2	0xStack[-0x1c]	READ	0
0x001d0bb5	0x001d0bd0	CONDITIONAL_JUMP	0
0x001d0bb7	0xStack[-0x18]	READ	1
0x001d0bbc	0x001d0beb	CONDITIONAL_JUMP	0
0x001d0bbe	0xStack[-0x11]	READ	1
0x001d0bc5	0x001d0bd0	CONDITIONAL_JUMP	0
0x001d0bc7	0xStack[-0x10]	READ	0
0x001d0bce	0x001d0bd8	CONDITIONAL_JUMP	0
0x001d0bd5	0x001d0beb	UNCONDITIONAL_JUMP	0
0x001d0bd8	0xStack[-0x8]	READ	1
0x001d0bdb	0xStack[0x10]	READ	1
0x001d0be0	0xStack[-0xc]	READ	1
0x001d0be3	0xStack[0x14]	READ	1
0x001d0be8	0xStack[-0x18]	READ	1
0x001d0beb	0xStack[-0x40]	DATA	0
0x001d0c00	0xStack[0x4]	READ	1
0x001d0c03	0xStack[0x8]	READ	1
0x001d0c06	0xStack[0xc]	READ	1
0x001d0c09	0xStack[-0x2c]	DATA	0
0x001d0c0c	0x001d6868	READ	1
0x001d0c12	0xStack[-0x14]	WRITE	0
0x001d0c15	0xStack[-0x10]	WRITE	0
0x001d0c18	0x001d686c	READ	1
0x001d0c1e	0xStack[-0xc]	WRITE	0
0x001d0c21	0xStack[-0x8]	WRITE	0
0x001d0c24	0xStack[-0x29]	WRITE	0
0x001d0c28	0xStack[-0x28]	WRITE	0
0x001d0c2f	0xStack[-0x24]	WRITE	0
0x001d0c36	0xStack[-0x1c]	WRITE	0
0x001d0c39	0x00158f88	UNCONDITIONAL_CALL	0
0x001d0c3e	0xStack[-0x20]	WRITE	0
0x001d0c41	0xStack[-0x18]	WRITE	0
0x001d0c51	0x001589fc	UNCONDITIONAL_CALL	0
0x001d0c5d	0x001d0c70	CONDITIONAL_JUMP	0
0x001d0c65	0x001d0c6c	CONDITIONAL_JUMP	0
0x001d0c67	0x00158fb4	UNCONDITIONAL_CALL	0
0x001d0c6e	0x001d0cad	UNCONDITIONAL_JUMP	0
0x001d0c70	0xStack[-0x28]	READ	1
0x001d0c73	0xStack[-0x29]	READ	1
0x001d0c77	0xStack[-0x18]	READ	0
0x001d0c7e	0x001d0c88	CONDITIONAL_JUMP	0
0x001d0c85	0x001d0cad	UNCONDITIONAL_JUMP	0
0x001d0c8b	0x001d0c9c	CONDITIONAL_JUMP	0
0x001d0c90	0x001d0c9c	CONDITIONAL_JUMP	0
0x001d0c92	0x001d6870	READ	1
0x001d0c97	0xStack[-0x14]	READ	0
0x001d0c9a	0x001d0ca4	CONDITIONAL_JUMP	0
0x001d0ca1	0x001d0cad	UNCONDITIONAL_JUMP	0
0x001d0ca4	0xStack[-0x10]	READ	1
0x001d0ca9	0x001d0cad	CONDITIONAL_JUMP	0
0x001d0cad	0xStack[-0x34]	DATA	0
0x001d0cc1	0xStack[0x4]	READ	1
0x001d0cc4	0xStack[0x8]	READ	1
0x001d0cc7	0xStack[0xc]	READ	1
0x001d0cca	0xStack[-0x34]	DATA	0
0x001d0ccd	0x001d6874	READ	1
0x001d0cd3	0xStack[-0x1c]	WRITE	0
0x001d0cd8	0xStack[-0x18]	WRITE	0
0x001d0cdb	0x001d6878	READ	1
0x001d0ce1	0xStack[-0x14]	WRITE	0
0x001d0ce4	0xStack[-0x10]	WRITE	0
0x001d0ce7	0x001d687c	READ	1
0x001d0ced	0xStack[-0xc]	WRITE	0
0x001d0cf0	0xStack[0x10]	READ	1
0x001d0cf3	0xStack[-0x8]	WRITE	0
0x001d0cf6	0xStack[-0x31]	WRITE	0
0x001d0cfa	0xStack[-0x30]	WRITE	0
0x001d0d01	0xStack[-0x2c]	WRITE	0
0x001d0d08	0xStack[-0x24]	WRITE	0
0x001d0d0b	0x00158f88	UNCONDITIONAL_CALL	0
0x001d0d10	0xStack[-0x28]	WRITE	0
0x001d0d13	0xStack[-0x20]	WRITE	0
0x001d0d23	0x001589fc	UNCONDITIONAL_CALL	0
0x001d0d2f	0x001d0d44	CONDITIONAL_JUMP	0
0x001d0d37	0x001d0d3e	CONDITIONAL_JUMP	0
0x001d0d39	0x00158fb4	UNCONDITIONAL_CALL	0
0x001d0d40	0x001d0da1	UNCONDITIONAL_JUMP	0
0x001d0d44	0xStack[-0x30]	READ	1
0x001d0d47	0xStack[-0x31]	READ	1
0x001d0d4b	0xStack[-0x20]	READ	0
0x001d0d52	0x001d0d5c	CONDITIONAL_JUMP	0
0x001d0d59	0x001d0da1	UNCONDITIONAL_JUMP	0
0x001d0d5f	0x001d0d66	CONDITIONAL_JUMP	0
0x001d0d64	0x001d0d76	CONDITIONAL_JUMP	0
0x001d0d69	0x001d0d9c	CONDITIONAL_JUMP	0
0x001d0d6e	0x001d0d9c	CONDITIONAL_JUMP	0
0x001d0d70	0xStack[-0x18]	READ	0
0x001d0d74	0x001d0d9c	CONDITIONAL_JUMP	0
0x001d0d76	0x001d6880	READ	1
0x001d0d7b	0xStack[-0x1c]	READ	0
0x001d0d7e	0x001d0d9c	CONDITIONAL_JUMP	0
0x001d0d80	0xStack[-0x18]	READ	1
0x001d0d85	0x001d0da1	CONDITIONAL_JUMP	0
0x001d0d87	0x001d6884	READ	1
0x001d0d8c	0xStack[-0x14]	READ	0
0x001d0d8f	0x001d0d9c	CONDITIONAL_JUMP	0
0x001d0d91	0xStack[-0x10]	READ	1
0x001d0d96	0xStack[-0x18]	READ	1
0x001d0d99	0x001d0da1	UNCONDITIONAL_JUMP	0
0x001d0da1	0xStack[-0x40]	DATA	0
0x001d0db5	0xStack[0x4]	READ	1
0x001d0db8	0xStack[0x8]	READ	1
0x001d0dbb	0xStack[0xc]	READ	1
0x001d0dbe	0xStack[0x14]	READ	1
0x001d0dc1	0xStack[-0x3c]	DATA	0
0x001d0dc4	0x001d6888	READ	1
0x001d0dca	0xStack[-0x24]	WRITE	0
0x001d0dcd	0xStack[-0x20]	WRITE	0
0x001d0dd0	0x001d688c	READ	1
0x001d0dd6	0xStack[-0x1c]	WRITE	0
0x001d0dd9	0xStack[-0x18]	WRITE	0
0x001d0ddc	0x001d6890	READ	1
0x001d0de2	0xStack[-0x14]	WRITE	0
0x001d0de5	0xStack[0x10]	READ	1
0x001d0de8	0xStack[-0x10]	WRITE	0
0x001d0deb	0x001d6894	READ	1
0x001d0df1	0xStack[-0xc]	WRITE	0
0x001d0df4	0xStack[-0x8]	WRITE	0
0x001d0df7	0xStack[-0x39]	WRITE	0
0x001d0dfb	0xStack[-0x38]	WRITE	0
0x001d0e02	0xStack[-0x34]	WRITE	0
0x001d0e09	0xStack[-0x2c]	WRITE	0
0x001d0e0c	0x00158f88	UNCONDITIONAL_CALL	0
0x001d0e11	0xStack[-0x30]	WRITE	0
0x001d0e14	0xStack[-0x28]	WRITE	0
0x001d0e24	0x001589fc	UNCONDITIONAL_CALL	0
0x001d0e30	0x001d0e44	CONDITIONAL_JUMP	0
0x001d0e38	0x001d0e3f	CONDITIONAL_JUMP	0
0x001d0e3a	0x00158fb4	UNCONDITIONAL_CALL	0
0x001d0e41	0x001d0e81	UNCONDITIONAL_JUMP	0
0x001d0e44	0xStack[-0x38]	READ	1
0x001d0e47	0xStack[-0x39]	READ	1
0x001d0e4b	0xStack[-0x28]	READ	0
0x001d0e52	0x001d0e5c	CONDITIONAL_JUMP	0
0x001d0e59	0x001d0e81	UNCONDITIONAL_JUMP	0
0x001d0e5f	0x001d0e70	CONDITIONAL_JUMP	0
0x001d0e64	0x001d0e70	CONDITIONAL_JUMP	0
0x001d0e66	0x001d6898	READ	1
0x001d0e6b	0xStack[-0x24]	READ	0
0x001d0e6e	0x001d0e78	CONDITIONAL_JUMP	0
0x001d0e75	0x001d0e81	UNCONDITIONAL_JUMP	0
0x001d0e78	0xStack[-0x20]	READ	1
0x001d0e7d	0x001d0e81	CONDITIONAL_JUMP	0
0x001d0e81	0xStack[-0x48]	DATA	0
0x001d0e95	0xStack[0x4]	READ	1
0x001d0e98	0xStack[0x8]	READ	1
0x001d0e9b	0xStack[0xc]	READ	1
0x001d0e9e	0xStack[0x10]	READ	1
0x001d0ea1	0xStack[-0x34]	DATA	0
0x001d0ea4	0x001d689c	READ	1
0x001d0eaa	0xStack[-0x1c]	WRITE	0
0x001d0ead	0xStack[-0x18]	WRITE	0
0x001d0eb0	0x001d68a0	READ	1
0x001d0eb6	0xStack[-0x14]	WRITE	0
0x001d0eb9	0x001d68a4	READ	1
0x001d0ebf	0xStack[-0x10]	WRITE	0
0x001d0ec2	0x001d68a8	READ	1
0x001d0ec8	0xStack[-0xc]	WRITE	0
0x001d0ecb	0xStack[-0x8]	WRITE	0
0x001d0ece	0xStack[-0xc]	WRITE	0
0x001d0ed1	0xStack[-0x31]	WRITE	0
0x001d0ed5	0xStack[-0x30]	WRITE	0
0x001d0edc	0xStack[-0x2c]	WRITE	0
0x001d0ee3	0xStack[-0x24]	WRITE	0
0x001d0ee6	0x00158f88	UNCONDITIONAL_CALL	0
0x001d0eeb	0xStack[-0x28]	WRITE	0
0x001d0eee	0xStack[-0x20]	WRITE	0
0x001d0efe	0x001589fc	UNCONDITIONAL_CALL	0
0x001d0f0a	0x001d0f20	CONDITIONAL_JUMP	0
0x001d0f12	0x001d0f19	CONDITIONAL_JUMP	0
0x001d0f14	0x00158fb4	UNCONDITIONAL_CALL	0
0x001d0f1b	0x001d0f5d	UNCONDITIONAL_JUMP	0
0x001d0f20	0xStack[-0x30]	READ	1
0x001d0f23	0xStack[-0x31]	READ	1
0x001d0f27	0xStack[-0x20]	READ	0
0x001d0f2e	0x001d0f38	CONDITIONAL_JUMP	0
0x001d0f35	0x001d0f5d	UNCONDITIONAL_JUMP	0
0x001d0f3b	0x001d0f4c	CONDITIONAL_JUMP	0
0x001d0f40	0x001d0f4c	CONDITIONAL_JUMP	0
0x001d0f42	0x001d68ac	READ	1
0x001d0f47	0xStack[-0x1c]	READ	0
0x001d0f4a	0x001d0f54	CONDITIONAL_JUMP	0
0x001d0f51	0x001d0f5d	UNCONDITIONAL_JUMP	0
0x001d0f54	0xStack[-0x18]	READ	1
0x001d0f59	0x001d0f5d	CONDITIONAL_JUMP	0
0x001d0f5d	0xStack[-0x40]	DATA	0
0x001d0f71	0xStack[0x4]	READ	1
0x001d0f74	0xStack[0x8]	READ	1
0x001d0f79	0xStack[0xc]	READ	0
0x001d0f7e	0xStack[-0x14]	WRITE	0
0x001d0f81	0xStack[-0x10]	WRITE	0
0x001d0f84	0xStack[-0x14]	READ	1
0x001d0f87	0xStack[-0xc]	WRITE	0
0x001d0f8a	0xStack[-0x10]	READ	1
0x001d0f8d	0xStack[-0x8]	WRITE	0
0x001d0f92	0xStack[0x10]	READ	1
0x001d0f96	0xStack[0xc]	READ	1
0x001d0f9e	0xStack[-0x10]	READ	1
0x001d0fa1	0xStack[-0x8]	WRITE	0
0x001d0fa4	0xStack[-0xc]	READ	1
0x001d0fa7	0xStack[-0x8]	READ	1
0x001d0faa	0xStack[-0x28]	DATA	0
0x001d0fbd	0xStack[0x4]	READ	1
0x001d0fc0	0xStack[0x8]	READ	1
0x001d0fc3	0xStack[0xc]	READ	1
0x001d0fc6	0xStack[-0x20]	WRITE	0
0x001d0fc9	0xStack[0x10]	READ	1
0x001d0fcc	0xStack[-0x8]	WRITE	0
0x001d0fd3	0x001d1018	CONDITIONAL_JUMP	0
0x001d0fd7	0x001d0fe8	CONDITIONAL_JUMP	0
0x001d0fd9	0xStack[-0x8]	READ	1
0x001d0fde	0xStack[-0x20]	READ	0
0x001d0fe3	0x001d10a4	UNCONDITIONAL_JUMP	0
0x001d0fe8	0xStack[-0x20]	READ	0
0x001d0fec	0x001d0ffd	CONDITIONAL_JUMP	0
0x001d0ff7	0xStack[-0x20]	READ	0
0x001d0ffa	0xStack[-0x20]	WRITE	0
0x001d1001	0xStack[-0x20]	READ	0
0x001d1008	0xStack[-0x8]	READ	1
0x001d100b	0xStack[-0x20]	READ	0
0x001d1010	0x001d10a6	UNCONDITIONAL_JUMP	0
0x001d101a	0x001d1024	CONDITIONAL_JUMP	0
0x001d101e	0x001d10a4	UNCONDITIONAL_JUMP	0
0x001d102a	0xStack[-0x28]	WRITE	0
0x001d102f	0x001d1044	CONDITIONAL_JUMP	0
0x001d1033	0x001d103d	CONDITIONAL_JUMP	0
0x001d1035	0xStack[-0x20]	READ	1
0x001d1038	0xStack[-0x8]	READ	0
0x001d103b	0x001d101c	CONDITIONAL_JUMP	0
0x001d1042	0x001d10a4	UNCONDITIONAL_JUMP	0
0x001d1049	0xStack[-0x28]	READ	1
0x001d104c	0xStack[-0x28]	READ	1
0x001d1051	0xStack[-0xc]	WRITE	0
0x001d1054	0xStack[-0x20]	READ	1
0x001d105d	0xStack[-0x28]	READ	1
0x001d1060	0xStack[-0x20]	READ_WRITE	0
0x001d1069	0xStack[-0x10]	WRITE	0
0x001d106c	0xStack[-0x28]	READ	1
0x001d1071	0xStack[-0x14]	WRITE	0
0x001d1074	0xStack[-0x8]	READ	1
0x001d107d	0xStack[-0x28]	READ	1
0x001d1080	0xStack[-0x8]	READ_WRITE	0
0x001d1085	0xStack[-0x10]	READ	1
0x001d108e	0xStack[-0x20]	READ	1
0x001d1093	0xStack[-0x28]	WRITE	0
0x001d109a	0x001d10a3	CONDITIONAL_JUMP	0
0x001d109c	0x001d10a4	CONDITIONAL_JUMP	0
0x001d109e	0xStack[-0x8]	READ	0
0x001d10a1	0x001d10a4	CONDITIONAL_JUMP	0
0x001d10a6	0xStack[-0x1c]	WRITE	0
0x001d10a9	0xStack[-0x18]	WRITE	0
0x001d10ac	0xStack[-0x1c]	READ	1
0x001d10af	0xStack[-0x18]	READ	1
0x001d10b2	0xStack[-0x34]	DATA	0
0x001d11d8	0x0011fb84	DATA	0
0x001d11dc	0x0011fbb4	DATA	0
0x001d11e0	0x001cbc00	DATA	0
0x001d128c	0x0016c930	DATA	0
0x001d1290	0x0016c98c	DATA	0
0x001d1294	0x0016ca8c	DATA	0
0x001d1298	0x0016cabc	DATA	0
0x001d129c	0x0016caec	DATA	0
0x001d12a0	0x0016cc4c	DATA	0
0x001d12a4	0x0016cc64	DATA	0
0x001d12a8	0x0016cc88	DATA	0
0x001d12ac	0x0016cd58	DATA	0
0x001d12b0	0x0016cd9c	DATA	0
0x001d12b4	0x0016cb9c	DATA	0
0x001d12b8	0x0016c944	DATA	0
0x001d12bc	0x0016c96c	DATA	0
0x001d1310	0x0016d6ec	DATA	0
0x001d1314	0x0016d75c	DATA	0
0x001d1318	0x0016d7c8	DATA	0
0x001d131c	0x0016d84c	DATA	0
0x001d1320	0x0016d8d0	DATA	0
0x001d1324	0x0016d960	DATA	0
0x001d1328	0x0016d9b8	DATA	0
0x001d132c	0x0016da3c	DATA	0
0x001d1330	0x0016da88	DATA	0
0x001d1334	0x0016dae0	DATA	0
0x001d1338	0x0016db38	DATA	0
0x001d133c	0x0016dbc8	DATA	0
0x001d1340	0x0016dc38	DATA	0
0x001d136c	0x00200002	DATA	0
0x001d138c	0x0016df98	DATA	0
0x001d4ec8	0x001e3e7c	DATA	0
0x001d54d8	0x001d4be8	DATA	0
0x001d6150	0x001bef00	DATA	0
0x001d6154	0x001bef60	DATA	0
0x001d6158	0x001befc0	DATA	0
0x001d615c	0x001bf04c	DATA	0
0x001d6160	0x001bf0d8	DATA	0
0x001d6164	0x001bf148	DATA	0
0x001d6168	0x001bf200	DATA	0
0x001d616c	0x001bf2b8	DATA	0
0x001d6170	0x001bf35c	DATA	0
0x001d62b8	0x001bf470	DATA	0
0x001d62bc	0x001bf4cc	DATA	0
0x001d62c0	0x001bf538	DATA	0
0x001d62c4	0x001bf5a4	DATA	0
0x001d62c8	0x001bf62c	DATA	0
0x001d62cc	0x001bf6a8	DATA	0
0x001d62d0	0x001bf73c	DATA	0
0x001d62d4	0x001bf7a8	DATA	0
0x001d62d8	0x001bf830	DATA	0
0x001d62dc	0x001bf89c	DATA	0
0x001d62e0	0x001bf8f8	DATA	0
0x001d62e4	0x001bf954	DATA	0
0x001d62e8	0x001bf9d0	DATA	0
0x001d62ec	0x001bfa3c	DATA	0
0x001d62f0	0x001bfac4	DATA	0
0x001d62f4	0x001bfb40	DATA	0
0x001d62f8	0x001bfbac	DATA	0
0x001d62fc	0x001bfc2c	DATA	0
0x001d6300	0x001bfc98	DATA	0
0x001d6304	0x001bfce4	DATA	0
0x001d6308	0x001bfddc	DATA	0
0x001d630c	0x001bfe58	DATA	0
0x001d6310	0x001bfec4	DATA	0
0x001d6314	0x001bff78	DATA	0
0x001d6318	0x001c001c	DATA	0
0x001d631c	0x001c00b4	DATA	0
0x001d6320	0x001c0140	DATA	0
0x001d6324	0x001c0200	DATA	0
0x001d6328	0x001c02a0	DATA	0
0x001d632c	0x001c0328	DATA	0
0x001d6330	0x001c03cc	DATA	0
0x001d6334	0x001c047c	DATA	0
0x001d6338	0x001c0504	DATA	0
0x001d633c	0x001c0560	DATA	0
0x001d6340	0x001c060c	DATA	0
0x001d6344	0x001c06ac	DATA	0
0x001d6348	0x001c0734	DATA	0
0x001da038	0x0010ccd4	DATA	0
0x001da0e0	0x0010ccd4	DATA	0
0x001dacdc	0x0010d850	DATA	0
0x001dace0	0x0010d894	DATA	0
0x001dace4	0x0010d9a8	DATA	0
0x001dace8	0x0010dacc	DATA	0
0x001dafec	0x0010ef4c	DATA	0
0x001daff0	0x0011039c	DATA	0
0x001daff4	0x001108e8	DATA	0
0x001daff8	0x00111bf4	DATA	0
0x001daffc	0x0010f2d0	DATA	0
0x001db000	0x0010f4a4	DATA	0
0x001db008	0x0010df2c	DATA	0
0x001db00c	0x0010f0b4	DATA	0
0x001db010	0x0010ecc8	DATA	0
0x001db018	0x0010cca4	DATA	0
0x001db01c	0x0010cca4	DATA	0
0x001db020	0x0010cca4	DATA	0
0x001db024	0x0010cca4	DATA	0
0x001db028	0x0010cca4	DATA	0
0x001db02c	0x0010cca4	DATA	0
0x001db030	0x0010cca4	DATA	0
0x001db034	0x0010cca4	DATA	0
0x001db038	0x0010cca4	DATA	0
0x001db03c	0x0010cca4	DATA	0
0x001db040	0x0010cca4	DATA	0
0x001db048	0x0010ed98	DATA	0
0x001db04c	0x0010ef4c	DATA	0
0x001db050	0x0011039c	DATA	0
0x001db054	0x001108e8	DATA	0
0x001db058	0x00111bf4	DATA	0
0x001db05c	0x0010f2d0	DATA	0
0x001db060	0x0010f4a4	DATA	0
0x001db064	0x0010ccb0	DATA	0
0x001db068	0x0010df2c	DATA	0
0x001db06c	0x0010f0b4	DATA	0
0x001db070	0x0010ecc8	DATA	0
0x001db078	0x0010cca4	DATA	0
0x001db07c	0x0010cca4	DATA	0
0x001db080	0x0010cca4	DATA	0
0x001db084	0x0010cca4	DATA	0
0x001db088	0x0010cca4	DATA	0
0x001db08c	0x0010cca4	DATA	0
0x001db090	0x0010cca4	DATA	0
0x001db094	0x0010cca4	DATA	0
0x001db098	0x0010cca4	DATA	0
0x001db09c	0x0010cca4	DATA	0
0x001db0a0	0x0010cca4	DATA	0
0x001db0a8	0x0010cca4	DATA	0
0x001db0ac	0x0010cca4	DATA	0
0x001db0b0	0x0010cca4	DATA	0
0x001db0b4	0x0010cca4	DATA	0
0x001db0b8	0x0010cca4	DATA	0
0x001db0bc	0x0010cca4	DATA	0
0x001db0c0	0x0010cca4	DATA	0
0x001db0c4	0x0010cca4	DATA	0
0x001db0c8	0x0010cca4	DATA	0
0x001db0cc	0x0010cca4	DATA	0
0x001db0d0	0x0010cca4	DATA	0
0x001db0d8	0x0010cca4	DATA	0
0x001db0dc	0x0010cca4	DATA	0
0x001db0e0	0x0010cca4	DATA	0
0x001db0e4	0x0010cca4	DATA	0
0x001db0e8	0x0010cca4	DATA	0
0x001db0ec	0x0010cca4	DATA	0
0x001db0f0	0x0010cca4	DATA	0
0x001db0f4	0x0010cca4	DATA	0
0x001db0f8	0x0010cca4	DATA	0
0x001db0fc	0x0010cca4	DATA	0
0x001db100	0x0010cca4	DATA	0
0x001db108	0x0010cca4	DATA	0
0x001db10c	0x0010cca4	DATA	0
0x001db110	0x0010cca4	DATA	0
0x001db114	0x0010cca4	DATA	0
0x001db118	0x0010cca4	DATA	0
0x001db11c	0x0010cca4	DATA	0
0x001db120	0x0010cca4	DATA	0
0x001db124	0x0010cca4	DATA	0
0x001db128	0x0010cca4	DATA	0
0x001db12c	0x0010cca4	DATA	0
0x001db130	0x0010cca4	DATA	0
0x001db138	0x0010cca4	DATA	0
0x001db13c	0x0010cca4	DATA	0
0x001db140	0x0010cca4	DATA	0
0x001db144	0x0010cca4	DATA	0
0x001db148	0x0010cca4	DATA	0
0x001db14c	0x0010cca4	DATA	0
0x001db150	0x0010cca4	DATA	0
0x001db154	0x0010cca4	DATA	0
0x001db158	0x0010cca4	DATA	0
0x001db15c	0x0010cca4	DATA	0
0x001db160	0x0010cca4	DATA	0
0x001db168	0x0010cca4	DATA	0
0x001db16c	0x0010cca4	DATA	0
0x001db170	0x0010cca4	DATA	0
0x001db174	0x0010cca4	DATA	0
0x001db178	0x0010cca4	DATA	0
0x001db17c	0x0010cca4	DATA	0
0x001db180	0x0010cca4	DATA	0
0x001db184	0x0010cca4	DATA	0
0x001db188	0x0010cca4	DATA	0
0x001db18c	0x0010cca4	DATA	0
0x001db190	0x0010cca4	DATA	0
0x001db198	0x0010cca4	DATA	0
0x001db19c	0x0010cca4	DATA	0
0x001db1a0	0x0010cca4	DATA	0
0x001db1a4	0x0010cca4	DATA	0
0x001db1a8	0x0010cca4	DATA	0
0x001db1ac	0x0010cca4	DATA	0
0x001db1b0	0x0010cca4	DATA	0
0x001db1b4	0x0010cca4	DATA	0
0x001db1b8	0x0010cca4	DATA	0
0x001db1bc	0x0010cca4	DATA	0
0x001db1c0	0x0010cca4	DATA	0
0x001db2cc	0x001db228	DATA	0
0x001db2d0	0x001db2b8	DATA	0
0x001db640	0x001db6f0	DATA	0
0x001db644	0x001de3c8	DATA	0
0x001db648	0x001db6ec	DATA	0
0x001db64c	0x001dc560	DATA	0
0x001db6f4	0x001db6e0	DATA	0
0x001db710	0x0011b984	DATA	0
0x001db714	0x0011ba54	DATA	0
0x001db718	0x0011bc10	DATA	0
0x001db71c	0x0011bd6c	DATA	0
0x001db75c	0x001db774	DATA	0
0x001db760	0x001e9c30	DATA	0
0x001db790	0x0011ed88	DATA	0
0x001db794	0x0011eda0	DATA	0
0x001db798	0x0011ed88	DATA	0
0x001db7a0	0x00123440	DATA	0
0x001db7a4	0x00123478	DATA	0
0x001db7a8	0x00123440	DATA	0
0x001db7ac	0x00123478	DATA	0
0x001db7b0	0x0011ed88	DATA	0
0x001db7b4	0x0011eda0	DATA	0
0x001db7b8	0x0011ed88	DATA	0
0x001db7bc	0x0011eda0	DATA	0
0x001db7c0	0x0011ed88	DATA	0
0x001db7c4	0x0011eda0	DATA	0
0x001db7c8	0x0011ed88	DATA	0
0x001db7cc	0x0011eda0	DATA	0
0x001db7d0	0x0011ed88	DATA	0
0x001db7d4	0x0011eda0	DATA	0
0x001db7d8	0x0011ed88	DATA	0
0x001db7dc	0x0011eda0	DATA	0
0x001db7e0	0x0011ed88	DATA	0
0x001db7e4	0x0011eda0	DATA	0
0x001db7e8	0x0011ed88	DATA	0
0x001db7ec	0x0011eda0	DATA	0
0x001db7f0	0x0011ed88	DATA	0
0x001db7f4	0x0011eda0	DATA	0
0x001db7f8	0x0011ed88	DATA	0
0x001db7fc	0x0011eda0	DATA	0
0x001db800	0x0011ed88	DATA	0
0x001db804	0x0011eda0	DATA	0
0x001db808	0x0011ed88	DATA	0
0x001db80c	0x0011eda0	DATA	0
0x001db810	0x0011ed88	DATA	0
0x001db814	0x0011eda0	DATA	0
0x001dbb68	0x001dbcb4	DATA	0
0x001dbb84	0x00125f54	DATA	0
0x001dbb98	0x001dbcb4	DATA	0
0x001dbba8	0x0012b664	DATA	0
0x001dbbac	0x00127a88	DATA	0
0x001dbbb0	0x0012b84c	DATA	0
0x001dbbb4	0x0012b2a4	DATA	0
0x001dbbd8	0x0012a83c	DATA	0
0x001dbbdc	0x0012b060	DATA	0
0x001dbbe0	0x0012ac0c	DATA	0
0x001dbbe4	0x0012a434	DATA	0
0x001dbbe8	0x0012a8cc	DATA	0
0x001dbbec	0x0012a92c	DATA	0
0x001dbbf0	0x0012a7d0	DATA	0
0x001dbc6c	0x001283b8	DATA	0
0x001dbc70	0x0012181c	DATA	0
0x001dbc74	0x0012bc2c	DATA	0
0x001dbc78	0x0012bf80	DATA	0
0x001dbcc8	0x001dbb64	DATA	0
0x001dbccc	0x001dbcb4	DATA	0
0x001dbe44	0x001ead10	DATA	0
0x001dbff4	0x0012ea24	DATA	0
0x001dbff8	0x001379b8	DATA	0
0x001dc008	0x0012ea30	DATA	0
0x001dc00c	0x0012de40	DATA	0
0x001dc010	0x0013412c	DATA	0
0x001dc020	0x0012ea30	DATA	0
0x001dc024	0x0012e200	DATA	0
0x001dc028	0x00134960	DATA	0
0x001dc038	0x0012ea30	DATA	0
0x001dc03c	0x0012ea18	DATA	0
0x001dc040	0x001379b8	DATA	0
0x001dc050	0x0012ea30	DATA	0
0x001dc054	0x0012dfbc	DATA	0
0x001dc058	0x001348a8	DATA	0
0x001dc068	0x0012ea30	DATA	0
0x001dc06c	0x0012e528	DATA	0
0x001dc070	0x0013412c	DATA	0
0x001dc080	0x0012ea7c	DATA	0
0x001dc084	0x0012e37c	DATA	0
0x001dc088	0x001344b0	DATA	0
0x001dc098	0x0012ea58	DATA	0
0x001dc09c	0x0012ea18	DATA	0
0x001dc0a0	0x001379b8	DATA	0
0x001dc0b0	0x0012ea30	DATA	0
0x001dc0b4	0x0012d120	DATA	0
0x001dc0b8	0x00134154	DATA	0
0x001dc0c8	0x0012ea30	DATA	0
0x001dc0cc	0x0012d3e0	DATA	0
0x001dc0d0	0x001349f8	DATA	0
0x001dc0e0	0x0012ea30	DATA	0
0x001dc0e4	0x0012e600	DATA	0
0x001dc0e8	0x001348a8	DATA	0
0x001dc0f8	0x0012ea30	DATA	0
0x001dc0fc	0x0012e6d4	DATA	0
0x001dc100	0x00134b10	DATA	0
0x001dc110	0x0012ea30	DATA	0
0x001dc114	0x0012deb4	DATA	0
0x001dc118	0x00134aac	DATA	0
0x001dc128	0x0012ea30	DATA	0
0x001dc12c	0x0012e928	DATA	0
0x001dc130	0x00134b88	DATA	0
0x001dc140	0x0012ea30	DATA	0
0x001dc144	0x0012e094	DATA	0
0x001dc148	0x001349f8	DATA	0
0x001dc158	0x0012ea30	DATA	0
0x001dc15c	0x0012e7dc	DATA	0
0x001dc160	0x001348a8	DATA	0
0x001dc170	0x0012ea30	DATA	0
0x001dc174	0x0012d5f8	DATA	0
0x001dc178	0x001345b4	DATA	0
0x001dc188	0x0012ea38	DATA	0
0x001dc18c	0x0012e8b0	DATA	0
0x001dc190	0x0013412c	DATA	0
0x001dc358	0x001dc416	DATA	0
0x001dc35c	0x001dc40e	DATA	0
0x001dc360	0x001dc406	DATA	0
0x001dc364	0x001dc3ff	DATA	0
0x001dc368	0x001dc3f8	DATA	0
0x001dc36c	0x001dc3ef	DATA	0
0x001dc370	0x001dc3ea	DATA	0
0x001dc374	0x001dc3e3	DATA	0
0x001dc378	0x001dc3dd	DATA	0
0x001dc37c	0x001dc3d6	DATA	0
0x001dc380	0x001dc3cf	DATA	0
0x001dc384	0x001dc3c8	DATA	0
0x001dc388	0x001dc3c3	DATA	0
0x001dc38c	0x001dc3bb	DATA	0
0x001dc390	0x001dc3b5	DATA	0
0x001dc394	0x001dc3af	DATA	0
0x001dc398	0x001dc3a7	DATA	0
0x001dc39c	0x001dc3a0	DATA	0
0x001dc560	0x001309c4	DATA	0
0x001dc564	0x00130f38	DATA	0
0x001dc568	0x00130fc4	DATA	0
0x001dc56c	0x00130fe4	DATA	0
0x001dc570	0x00131094	DATA	0
0x001dc574	0x001310c4	DATA	0
0x001dc578	0x0012fdec	DATA	0
0x001dc5bc	0x001dc57c	DATA	0
0x001dca20	0x001311f8	DATA	0
0x001dca24	0x00131278	DATA	0
0x001dca28	0x001312ec	DATA	0
0x001dca2c	0x00131a40	DATA	0
0x001dca30	0x00131a4c	DATA	0
0x001dca34	0x00131a58	DATA	0
0x001dca38	0x00131a84	DATA	0
0x001dca3c	0x00131c0c	DATA	0
0x001dca40	0x00131e58	DATA	0
0x001dca44	0x00131fe4	DATA	0
0x001dca48	0x001325e0	DATA	0
0x001dca4c	0x00132910	DATA	0
0x001dca50	0x00132a04	DATA	0
0x001dca54	0x00132b78	DATA	0
0x001dca58	0x00132ed8	DATA	0
0x001dca5c	0x00132ff8	DATA	0
0x001dca60	0x00132f68	DATA	0
0x001dca64	0x00131cb0	DATA	0
0x001dca68	0x00131d60	DATA	0
0x001dca6c	0x00131d8c	DATA	0
0x001dca70	0x00133884	DATA	0
0x001dca74	0x00133130	DATA	0
0x001dca78	0x001310c4	DATA	0
0x001dca7c	0x001310c4	DATA	0
0x001dca80	0x001337a0	DATA	0
0x001dca84	0x00133794	DATA	0
0x001dca88	0x001310c4	DATA	0
0x001dca8c	0x001337ac	DATA	0
0x001dca90	0x001337c4	DATA	0
0x001dca94	0x001338c0	DATA	0
0x001dca98	0x00133de4	DATA	0
0x001dca9c	0x001340d8	DATA	0
0x001dcaa0	0x00134120	DATA	0
0x001dcb15	0x00207825	DATA	0
0x001dcd88	0x00134fdc	DATA	0
0x001dcd8c	0x00134fe4	DATA	0
0x001dcd90	0x001351a8	DATA	0
0x001dcd94	0x001351b4	DATA	0
0x001dcd98	0x001351c0	DATA	0
0x001dcdc4	0x00135bd8	DATA	0
0x001dcdc8	0x00135c70	DATA	0
0x001dcdcc	0x00135c24	DATA	0
0x001dcdd0	0x00135c48	DATA	0
0x001dcdd4	0x00135c84	DATA	0
0x001dcdd8	0x00135c78	DATA	0
0x001dce8c	0x001dd0b0	DATA	0
0x001dce94	0x001dd094	DATA	0
0x001dd1a8	0x00137394	DATA	0
0x001dd1ac	0x001373a0	DATA	0
0x001dd1b0	0x0013751c	DATA	0
0x001dd1d8	0x001375dc	DATA	0
0x001dd1dc	0x0013779c	DATA	0
0x001dd1e0	0x001377a8	DATA	0
0x001dd1e4	0x00137690	DATA	0
0x001dd1e8	0x001377c4	DATA	0
0x001dd1ec	0x00137594	DATA	0
0x001dd3e4	0x0013826c	DATA	0
0x001dd3e8	0x001382d8	DATA	0
0x001dd3ec	0x00138344	DATA	0
0x001dd3f0	0x00138438	DATA	0
0x001dd3f4	0x00138580	DATA	0
0x001dd3f8	0x00138598	DATA	0
0x001dd3fc	0x001385cc	DATA	0
0x001dd400	0x00138264	DATA	0
0x001dd484	0x00138628	DATA	0
0x001dd488	0x0013865c	DATA	0
0x001dd48c	0x00138690	DATA	0
0x001dd490	0x001386cc	DATA	0
0x001dd494	0x00138708	DATA	0
0x001dd498	0x0013871c	DATA	0
0x001dd49c	0x0013874c	DATA	0
0x001dd4a0	0x00138620	DATA	0
0x001dd4b4	0x00138ad0	DATA	0
0x001dd4b8	0x00138bfc	DATA	0
0x001dd4bc	0x00138d54	DATA	0
0x001dd4c0	0x00139444	DATA	0
0x001dd4c4	0x00139330	DATA	0
0x001dd4c8	0x001392c0	DATA	0
0x001dd4cc	0x0013a27c	DATA	0
0x001dd4d0	0x0013a310	DATA	0
0x001dd4d4	0x00139438	DATA	0
0x001dd4d8	0x00139438	DATA	0
0x001dd4dc	0x00139438	DATA	0
0x001dd4e0	0x0013a340	DATA	0
0x001dd4e4	0x00139438	DATA	0
0x001dd4e8	0x00139438	DATA	0
0x001dd4ec	0x00139438	DATA	0
0x001dd4f0	0x00139438	DATA	0
0x001dd4f4	0x00139438	DATA	0
0x001dd4f8	0x00139438	DATA	0
0x001dd4fc	0x0013a384	DATA	0
0x001dd500	0x001393d0	DATA	0
0x001dd504	0x00139444	DATA	0
0x001dd508	0x00139444	DATA	0
0x001dd50c	0x00139444	DATA	0
0x001dd510	0x00139444	DATA	0
0x001dd514	0x0013a4c4	DATA	0
0x001dd518	0x0013a4d0	DATA	0
0x001dd51c	0x00139438	DATA	0
0x001dd520	0x00139420	DATA	0
0x001dd524	0x0013a518	DATA	0
0x001dd528	0x00139444	DATA	0
0x001dd52c	0x00139444	DATA	0
0x001dd530	0x00139444	DATA	0
0x001dd534	0x001395cc	DATA	0
0x001dd6a8	0x00139b14	DATA	0
0x001dd6ac	0x00139b14	DATA	0
0x001dd6b0	0x00139b14	DATA	0
0x001dd6b4	0x00139b14	DATA	0
0x001dd6b8	0x00139b28	DATA	0
0x001dd6bc	0x00139b14	DATA	0
0x001dd6c0	0x00139b9c	DATA	0
0x001dd6d0	0x00139ba8	DATA	0
0x001dd6d4	0x00139d20	DATA	0
0x001dd6d8	0x00139e18	DATA	0
0x001dd6dc	0x0013a0a8	DATA	0
0x001dd6e0	0x0013a0f0	DATA	0
0x001dd6e4	0x0013a1b0	DATA	0
0x001dd6e8	0x0013a27c	DATA	0
0x001dd6ec	0x0013a310	DATA	0
0x001dd6f0	0x0013a4b8	DATA	0
0x001dd6f4	0x0013a4b8	DATA	0
0x001dd6f8	0x0013a4b8	DATA	0
0x001dd6fc	0x0013a340	DATA	0
0x001dd700	0x0013a4b8	DATA	0
0x001dd704	0x0013a4b8	DATA	0
0x001dd708	0x0013a4b8	DATA	0
0x001dd70c	0x0013a4b8	DATA	0
0x001dd710	0x0013a4b8	DATA	0
0x001dd714	0x0013a4b8	DATA	0
0x001dd718	0x0013a384	DATA	0
0x001dd71c	0x0013a130	DATA	0
0x001dd720	0x00139b14	DATA	0
0x001dd724	0x0013a568	DATA	0
0x001dd728	0x00139b14	DATA	0
0x001dd72c	0x00139b14	DATA	0
0x001dd730	0x0013a4c4	DATA	0
0x001dd734	0x0013a4d0	DATA	0
0x001dd738	0x0013a48c	DATA	0
0x001dd73c	0x0013a500	DATA	0
0x001dd740	0x0013a518	DATA	0
0x001dd744	0x00139b14	DATA	0
0x001dd748	0x00139b14	DATA	0
0x001dd74c	0x00139b14	DATA	0
0x001dd750	0x0013a374	DATA	0
0x001dd8bc	0x0013b2ec	DATA	0
0x001dd8c0	0x0013b674	DATA	0
0x001dd8c4	0x0013b694	DATA	0
0x001dd8c8	0x0013b6b8	DATA	0
0x001dd8cc	0x0013b6f0	DATA	0
0x001dd8d0	0x0013b6fc	DATA	0
0x001dd8d4	0x0013b6fc	DATA	0
0x001dd8d8	0x0013b6fc	DATA	0
0x001dd8dc	0x0013b6fc	DATA	0
0x001dd8e0	0x0013b6fc	DATA	0
0x001dd8e4	0x0013b6fc	DATA	0
0x001dd8e8	0x0013b6fc	DATA	0
0x001dd8ec	0x0013b5a8	DATA	0
0x001dd8f0	0x0013b5f8	DATA	0
0x001dd8f4	0x0013b6fc	DATA	0
0x001dd8f8	0x0013b6fc	DATA	0
0x001dd8fc	0x0013b6fc	DATA	0
0x001dd900	0x0013b6fc	DATA	0
0x001dd904	0x0013b6fc	DATA	0
0x001dd908	0x0013b6fc	DATA	0
0x001dd90c	0x0013b6fc	DATA	0
0x001dd910	0x0013b6fc	DATA	0
0x001dd914	0x0013b6fc	DATA	0
0x001dd918	0x0013b6fc	DATA	0
0x001dd91c	0x0013b6fc	DATA	0
0x001dd920	0x0013b6fc	DATA	0
0x001dd924	0x0013b644	DATA	0
0x001dd928	0x0013b6fc	DATA	0
0x001dd92c	0x0013b6fc	DATA	0
0x001dd930	0x0013b6fc	DATA	0
0x001dd934	0x0013b6fc	DATA	0
0x001dd938	0x0013b6fc	DATA	0
0x001dd93c	0x0013b6fc	DATA	0
0x001dd940	0x0013b6fc	DATA	0
0x001dd944	0x0013b6fc	DATA	0
0x001dd948	0x0013b6fc	DATA	0
0x001dd94c	0x0013a9dc	DATA	0
0x001dd950	0x0013ac9c	DATA	0
0x001dd954	0x0013b660	DATA	0
0x001dd958	0x0013b708	DATA	0
0x001de120	0x001de13e	DATA	0
0x001de124	0x001de13a	DATA	0
0x001de128	0x001de136	DATA	0
0x001de12c	0x001de130	DATA	0
0x001de3c8	0x00143024	DATA	0
0x001de3d0	0x001438cc	DATA	0
0x001de3d8	0x001439e4	DATA	0
0x001de3e0	0x001430a8	DATA	0
0x001de480	0x00143ca4	DATA	0
0x001de484	0x00143cb0	DATA	0
0x001de488	0x00143d14	DATA	0
0x001de48c	0x00144268	DATA	0
0x001de490	0x00144274	DATA	0
0x001de494	0x00144280	DATA	0
0x001de498	0x001443d8	DATA	0
0x001de49c	0x001446f0	DATA	0
0x001de4a0	0x0014482c	DATA	0
0x001de4a4	0x00144970	DATA	0
0x001de4a8	0x00144b64	DATA	0
0x001de4ac	0x00144be0	DATA	0
0x001de4b0	0x00144d38	DATA	0
0x001de4b4	0x00144f08	DATA	0
0x001de4b8	0x00145014	DATA	0
0x001de4bc	0x00145090	DATA	0
0x001de4c0	0x00145144	DATA	0
0x001de4c4	0x0014473c	DATA	0
0x001de4c8	0x001447ec	DATA	0
0x001de4cc	0x00144814	DATA	0
0x001de4d0	0x001453c0	DATA	0
0x001de4d4	0x001455ec	DATA	0
0x001de4d8	0x00145408	DATA	0
0x001de4dc	0x00145538	DATA	0
0x001de4e0	0x0014558c	DATA	0
0x001de4e4	0x001455a4	DATA	0
0x001de4e8	0x00145578	DATA	0
0x001de4ec	0x00145554	DATA	0
0x001de4f0	0x0014556c	DATA	0
0x001de4f4	0x00145848	DATA	0
0x001de4f8	0x00145bbc	DATA	0
0x001de4fc	0x00145e2c	DATA	0
0x001de500	0x00143c80	DATA	0
0x001de6bc	0x00100000	DATA	0
0x001defb8	0x001df0ae	DATA	0
0x001defbc	0x00160320	DATA	0
0x001defc0	0x001df09b	DATA	0
0x001defc4	0x001df094	DATA	0
0x001defcc	0x001df077	DATA	0
0x001defd0	0x001df072	DATA	0
0x001defd4	0x00185fc0	DATA	0
0x001defd8	0x001df057	DATA	0
0x001defdc	0x001df053	DATA	0
0x001defe0	0x00160424	DATA	0
0x001defe4	0x001df03a	DATA	0
0x001defe8	0x001df034	DATA	0
0x001defec	0x00160410	DATA	0
0x001deff0	0x001df01f	DATA	0
0x001deff4	0x001df01a	DATA	0
0x001deff8	0x0016032c	DATA	0
0x001df274	0x00162058	DATA	0
0x001df278	0x001620e8	DATA	0
0x001df27c	0x00162168	DATA	0
0x001df280	0x0016236c	DATA	0
0x001df284	0x00162324	DATA	0
0x001df288	0x001622b0	DATA	0
0x001df28c	0x00162244	DATA	0
0x001df290	0x00162444	DATA	0
0x001df294	0x001623dc	DATA	0
0x001df298	0x0016202c	DATA	0
0x001df29c	0x0016202c	DATA	0
0x001df2a0	0x001621b4	DATA	0
0x001df2a4	0x001621fc	DATA	0
0x001df2a8	0x0016202c	DATA	0
0x001df2ac	0x0016202c	DATA	0
0x001df358	0x001df3be	DATA	0
0x001df35c	0x001df3b0	DATA	0
0x001df360	0x001df39d	DATA	0
0x001df364	0x001df392	DATA	0
0x001df368	0x001df388	DATA	0
0x001df36c	0x001df37f	DATA	0
0x001df370	0x001df374	DATA	0
0x001df730	0x00165958	DATA	0
0x001e0108	0x00200002	DATA	0
0x001e011c	0x00200002	DATA	0
0x001e013c	0x00200002	DATA	0
0x001e01d0	0x0016e0d0	DATA	0
0x001e01d4	0x0016e14c	DATA	0
0x001e01d8	0x0016e1dc	DATA	0
0x001e01dc	0x0016e294	DATA	0
0x001e01e0	0x0016e2d0	DATA	0
0x001e01e4	0x0016e30c	DATA	0
0x001e01e8	0x0016e374	DATA	0
0x001e01ec	0x0016e3e4	DATA	0
0x001e01f0	0x0016e46c	DATA	0
0x001e01f4	0x0016e4b0	DATA	0
0x001e01f8	0x0016e570	DATA	0
0x001e01fc	0x0016e5fc	DATA	0
0x001e0200	0x0016e66c	DATA	0
0x001e0204	0x0016e6f4	DATA	0
0x001e0208	0x0016e738	DATA	0
0x001e020c	0x0016e7b0	DATA	0
0x001e0210	0x0016e848	DATA	0
0x001e0214	0x0016e89c	DATA	0
0x001e0218	0x0016e914	DATA	0
0x001e021c	0x0016e97c	DATA	0
0x001e0220	0x0016e9dc	DATA	0
0x001e0224	0x0016ea74	DATA	0
0x001e0228	0x0016ead4	DATA	0
0x001e022c	0x0016eb34	DATA	0
0x001e0230	0x0016eb94	DATA	0
0x001e0234	0x0016ebe8	DATA	0
0x001e0238	0x0016ec48	DATA	0
0x001e023c	0x0016eccc	DATA	0
0x001e0240	0x0016ed50	DATA	0
0x001e0244	0x0016edcc	DATA	0
0x001e0248	0x0016ee78	DATA	0
0x001e024c	0x0016eebc	DATA	0
0x001e0250	0x0016ef0c	DATA	0
0x001e0254	0x0016ef74	DATA	0
0x001e028c	0x00200002	DATA	0
0x001e0334	0x0016f068	DATA	0
0x001e0338	0x0016f118	DATA	0
0x001e033c	0x0016f188	DATA	0
0x001e0340	0x0016f1e8	DATA	0
0x001e0344	0x0016f248	DATA	0
0x001e0348	0x0016f2b8	DATA	0
0x001e034c	0x0016f30c	DATA	0
0x001e0350	0x0016f360	DATA	0
0x001e0354	0x0016f3dc	DATA	0
0x001e0358	0x0016f44c	DATA	0
0x001e035c	0x0016f4bc	DATA	0
0x001e0360	0x0016f51c	DATA	0
0x001e0364	0x0016f57c	DATA	0
0x001e0368	0x0016f610	DATA	0
0x001e036c	0x0016f670	DATA	0
0x001e0370	0x0016f714	DATA	0
0x001e0374	0x0016f7a8	DATA	0
0x001e0378	0x0016f880	DATA	0
0x001e037c	0x0016f8f0	DATA	0
0x001e0460	0x00200002	DATA	0
0x001e0474	0x00200002	DATA	0
0x001e0494	0x00200002	DATA	0
0x001e04a0	0x00200002	DATA	0
0x001e04ac	0x00200002	DATA	0
0x001e0508	0x00200002	DATA	0
0x001e05c0	0x0016fc10	DATA	0
0x001e05c4	0x0016fc70	DATA	0
0x001e05c8	0x0016fcec	DATA	0
0x001e05cc	0x0016fd5c	DATA	0
0x001e05d0	0x0016fdfc	DATA	0
0x001e05d4	0x0016fe68	DATA	0
0x001e05d8	0x0016fed8	DATA	0
0x001e05dc	0x0016ffb0	DATA	0
0x001e05e0	0x00170010	DATA	0
0x001e05f0	0x00170098	DATA	0
0x001e05f4	0x001700f8	DATA	0
0x001e05f8	0x00170184	DATA	0
0x001e0620	0x001701cc	DATA	0
0x001e0624	0x00170218	DATA	0
0x001e0628	0x00170288	DATA	0
0x001e0644	0x001702e8	DATA	0
0x001e0648	0x0017032c	DATA	0
0x001e064c	0x00170370	DATA	0
0x001e0650	0x001703e4	DATA	0
0x001e0654	0x0017044c	DATA	0
0x001e0658	0x001704ec	DATA	0
0x001e065c	0x00170564	DATA	0
0x001e0660	0x001705a8	DATA	0
0x001e0664	0x001705ec	DATA	0
0x001e0668	0x00170630	DATA	0
0x001e066c	0x001706d0	DATA	0
0x001e0670	0x00170750	DATA	0
0x001e0674	0x001707c4	DATA	0
0x001e0678	0x0017082c	DATA	0
0x001e0688	0x001708cc	DATA	0
0x001e068c	0x0017097c	DATA	0
0x001e0690	0x001709ec	DATA	0
0x001e0694	0x00170a4c	DATA	0
0x001e0698	0x00170aac	DATA	0
0x001e069c	0x00170b00	DATA	0
0x001e06a0	0x00170b60	DATA	0
0x001e06a4	0x00170c08	DATA	0
0x001e06a8	0x00170c68	DATA	0
0x001e06ac	0x00170cbc	DATA	0
0x001e06b0	0x00170d1c	DATA	0
0x001e06b4	0x00170d70	DATA	0
0x001e06b8	0x00170e04	DATA	0
0x001e06bc	0x00170e6c	DATA	0
0x001e06c0	0x00170ee0	DATA	0
0x001e06c4	0x00170f48	DATA	0
0x001e06f8	0x00171108	DATA	0
0x001e06fc	0x00171168	DATA	0
0x001e0700	0x001711d8	DATA	0
0x001e0720	0x00200002	DATA	0
0x001e0734	0x00200002	DATA	0
0x001e0740	0x00200002	DATA	0
0x001e0758	0x00200002	DATA	0
0x001e076c	0x00200002	DATA	0
0x001e0784	0x00200002	DATA	0
0x001e0790	0x00200002	DATA	0
0x001e07e4	0x00171248	DATA	0
0x001e07e8	0x0017141c	DATA	0
0x001e07ec	0x001718d8	DATA	0
0x001e07f0	0x00171948	DATA	0
0x001e07f4	0x00171a24	DATA	0
0x001e07f8	0x001715f8	DATA	0
0x001e07fc	0x00171b0c	DATA	0
0x001e1210	0x00182aac	DATA	0
0x001e1214	0x00182b1c	DATA	0
0x001e1218	0x00182b8c	DATA	0
0x001e121c	0x00182c34	DATA	0
0x001e1220	0x00182ce0	DATA	0
0x001e1224	0x00182d68	DATA	0
0x001e1228	0x001827f0	DATA	0
0x001e122c	0x00182df0	DATA	0
0x001e1230	0x00182e6c	DATA	0
0x001e1234	0x00182ee8	DATA	0
0x001e1240	0x00182fc8	DATA	0
0x001e1244	0x00183030	DATA	0
0x001e1248	0x001830c0	DATA	0
0x001e124c	0x00183128	DATA	0
0x001e1250	0x001831c8	DATA	0
0x001e1254	0x00183220	DATA	0
0x001e1258	0x00183274	DATA	0
0x001e125c	0x001832c8	DATA	0
0x001e1260	0x00183320	DATA	0
0x001e13fc	0x001e13fc	DATA	0
0x001e1400	0x001e13fc	DATA	0
0x001e1404	0x001e1404	DATA	0
0x001e1754	0x001e179f	DATA	0
0x001e1758	0x0018604c	DATA	0
0x001e175c	0x001e1789	DATA	0
0x001e1760	0x001e1784	DATA	0
0x001e1768	0x001e1778	DATA	0
0x001e19b0	0x001e18b0	DATA	0
0x001e19b4	0x001e19e3	DATA	0
0x001e19b8	0x001e289c	DATA	0
0x001e19bc	0x001e19db	DATA	0
0x001e19c0	0x001f7a00	DATA	0
0x001e19c4	0x001e19d4	DATA	0
0x001e19c8	0x001e760c	DATA	0
0x001e2204	0x001e1a04	DATA	0
0x001e2278	0x001e2260	DATA	0
0x001e2424	0x0018e9a4	DATA	0
0x001e2638	0x001e2674	DATA	0
0x001e2640	0x001e2671	DATA	0
0x001e2648	0x001e266e	DATA	0
0x001e2954	0x001e2980	DATA	0
0x001e2958	0x001e2974	DATA	0
0x001e298c	0x001e29a1	DATA	0
0x001e2990	0x001e2998	DATA	0
0x001e2cf8	0x0010cca4	DATA	0
0x001e2cfc	0x0010cca4	DATA	0
0x001e2d00	0x0010cca4	DATA	0
0x001e2d04	0x0010cca4	DATA	0
0x001e2d0c	0x0010cca4	DATA	0
0x001e2d10	0x0010cca4	DATA	0
0x001e2d14	0x0010cca4	DATA	0
0x001e2d18	0x0010cca4	DATA	0
0x001e2d24	0x0010cca4	DATA	0
0x001e2d28	0x0010cca4	DATA	0
0x001e2d2c	0x0010cca4	DATA	0
0x001e2d30	0x0010cca4	DATA	0
0x001e2d34	0x0010cca4	DATA	0
0x001e2d3c	0x0010cca4	DATA	0
0x001e2d40	0x0010cca4	DATA	0
0x001e2d44	0x0010cca4	DATA	0
0x001e2d48	0x0010cca4	DATA	0
0x001e2d54	0x0010cca4	DATA	0
0x001e2d58	0x0010cca4	DATA	0
0x001e2d5c	0x0010cca4	DATA	0
0x001e2d60	0x0010cca4	DATA	0
0x001e2d64	0x0010cca4	DATA	0
0x001e2d6c	0x0010cca4	DATA	0
0x001e2d70	0x0010cca4	DATA	0
0x001e2d74	0x0010cca4	DATA	0
0x001e2d78	0x0010cca4	DATA	0
0x001e2d7c	0x0010cca4	DATA	0
0x001e2d84	0x00183488	DATA	0
0x001e2d88	0x0018355c	DATA	0
0x001e2d8c	0x00183920	DATA	0
0x001e2d90	0x0010cca4	DATA	0
0x001e2d94	0x0018409c	DATA	0
0x001e2d9c	0x0010cca4	DATA	0
0x001e2da0	0x0010cca4	DATA	0
0x001e2da4	0x0010cca4	DATA	0
0x001e2da8	0x0010cca4	DATA	0
0x001e2dac	0x0010cca4	DATA	0
0x001e2db4	0x0010cca4	DATA	0
0x001e2db8	0x0010cca4	DATA	0
0x001e2dbc	0x0010cca4	DATA	0
0x001e2dc0	0x0010cca4	DATA	0
0x001e2dcc	0x0010cca4	DATA	0
0x001e2dd0	0x0010cca4	DATA	0
0x001e2dd4	0x0010cca4	DATA	0
0x001e2dd8	0x0010cca4	DATA	0
0x001e2de4	0x0010cca4	DATA	0
0x001e2de8	0x0010cca4	DATA	0
0x001e2dec	0x0010cca4	DATA	0
0x001e2df0	0x0010cca4	DATA	0
0x001e2dfc	0x0010cca4	DATA	0
0x001e2e00	0x0010cca4	DATA	0
0x001e2e04	0x0010cca4	DATA	0
0x001e2e08	0x0010cca4	DATA	0
0x001e2e14	0x0010cca4	DATA	0
0x001e2e18	0x0010cca4	DATA	0
0x001e2e1c	0x0010cca4	DATA	0
0x001e2e20	0x0010cca4	DATA	0
0x001e2e2c	0x0010cca4	DATA	0
0x001e2e30	0x0010cca4	DATA	0
0x001e2e34	0x0010cca4	DATA	0
0x001e2e38	0x0010cca4	DATA	0
0x001e2e44	0x0010cca4	DATA	0
0x001e2e48	0x0010cca4	DATA	0
0x001e2e4c	0x0010cca4	DATA	0
0x001e2e50	0x0010cca4	DATA	0
0x001e2e5c	0x0010cca4	DATA	0
0x001e2e60	0x0010cca4	DATA	0
0x001e2e64	0x0010cca4	DATA	0
0x001e2e68	0x0010cca4	DATA	0
0x001e2e74	0x0010cca4	DATA	0
0x001e2e78	0x0010cca4	DATA	0
0x001e2e7c	0x0010cca4	DATA	0
0x001e2e80	0x0010cca4	DATA	0
0x001e2e8c	0x0010cca4	DATA	0
0x001e2e90	0x0010cca4	DATA	0
0x001e2e94	0x0010cca4	DATA	0
0x001e2e98	0x0010cca4	DATA	0
0x001e2ea4	0x0010cca4	DATA	0
0x001e2ea8	0x0010cca4	DATA	0
0x001e2eac	0x0010cca4	DATA	0
0x001e2eb0	0x0010cca4	DATA	0
0x001e2ebc	0x0010cca4	DATA	0
0x001e2ec0	0x0010cca4	DATA	0
0x001e2ec4	0x0010cca4	DATA	0
0x001e2ec8	0x0010cca4	DATA	0
0x001e2ed4	0x0010cca4	DATA	0
0x001e2ed8	0x0010cca4	DATA	0
0x001e2edc	0x0010cca4	DATA	0
0x001e2ee0	0x0010cca4	DATA	0
0x001e2eec	0x0010cca4	DATA	0
0x001e2ef0	0x0010cca4	DATA	0
0x001e2ef4	0x0010cca4	DATA	0
0x001e2ef8	0x0010cca4	DATA	0
0x001e2f04	0x0010cca4	DATA	0
0x001e2f08	0x0010cca4	DATA	0
0x001e2f0c	0x0010cca4	DATA	0
0x001e2f10	0x0010cca4	DATA	0
0x001e2f1c	0x0010cca4	DATA	0
0x001e2f20	0x0010cca4	DATA	0
0x001e2f24	0x0010cca4	DATA	0
0x001e2f28	0x0010cca4	DATA	0
0x001e2f38	0x001948f8	DATA	0
0x001e2f3c	0x0010ccb0	DATA	0
0x001e2f40	0x00194a88	DATA	0
0x001e2f44	0x00194ab8	DATA	0
0x001e2f48	0x00194ae8	DATA	0
0x001e2f4c	0x0010ccb0	DATA	0
0x001e2f54	0x00194b70	DATA	0
0x001e2f58	0x0010cca4	DATA	0
0x001e2f5c	0x00194ba0	DATA	0
0x001e2f60	0x00194bc8	DATA	0
0x001e2f68	0x0010cca4	DATA	0
0x001e2f6c	0x0010cca4	DATA	0
0x001e2f70	0x0010cca4	DATA	0
0x001e2f74	0x0010cca4	DATA	0
0x001e2f78	0x0010cca4	DATA	0
0x001e2f7c	0x0010cca4	DATA	0
0x001e2f80	0x0010d734	DATA	0
0x001e2f84	0x0010cca4	DATA	0
0x001e2f88	0x0010cca4	DATA	0
0x001e2f8c	0x0010cca4	DATA	0
0x001e2f90	0x00113748	DATA	0
0x001e2f94	0x0010ccb0	DATA	0
0x001e2f98	0x0011378c	DATA	0
0x001e2f9c	0x001137d0	DATA	0
0x001e2fa0	0x00113814	DATA	0
0x001e2fa4	0x0010ccb0	DATA	0
0x001e2fa8	0x0010ccb0	DATA	0
0x001e2fac	0x001138c8	DATA	0
0x001e2fb0	0x0010cca4	DATA	0
0x001e2fb4	0x0010cca4	DATA	0
0x001e2fb8	0x0010cca4	DATA	0
0x001e2fbc	0x0010ccb0	DATA	0
0x001e2fc0	0x0010ccb0	DATA	0
0x001e2fc4	0x00194bf4	DATA	0
0x001e2fc8	0x00194c0c	DATA	0
0x001e2fcc	0x0010cca4	DATA	0
0x001e2fd0	0x0010ccb0	DATA	0
0x001e2fd4	0x0010ccb0	DATA	0
0x001e2fd8	0x0010d734	DATA	0
0x001e2fdc	0x0010cca4	DATA	0
0x001e2fe0	0x0010cca4	DATA	0
0x001e2fe4	0x0010cca4	DATA	0
0x001e2fe8	0x00111c84	DATA	0
0x001e2fec	0x00111db4	DATA	0
0x001e2ff0	0x00111e04	DATA	0
0x001e2ff4	0x00111f90	DATA	0
0x001e2ff8	0x00112934	DATA	0
0x001e2ffc	0x0011250c	DATA	0
0x001e3000	0x0010ccb0	DATA	0
0x001e3004	0x00111fd0	DATA	0
0x001e3008	0x0010cca4	DATA	0
0x001e300c	0x0010cca4	DATA	0
0x001e3010	0x0010cca4	DATA	0
0x001e3014	0x001120ec	DATA	0
0x001e3018	0x001121e0	DATA	0
0x001e301c	0x001122cc	DATA	0
0x001e3020	0x00112704	DATA	0
0x001e3024	0x00112934	DATA	0
0x001e3028	0x0010ccb0	DATA	0
0x001e302c	0x0010ccb0	DATA	0
0x001e3030	0x00112614	DATA	0
0x001e3034	0x0010cca4	DATA	0
0x001e3038	0x0010cca4	DATA	0
0x001e303c	0x0010cca4	DATA	0
0x001e3040	0x0010bd48	DATA	0
0x001e3044	0x0010bdd4	DATA	0
0x001e3048	0x0010be44	DATA	0
0x001e304c	0x0010cca4	DATA	0
0x001e3050	0x0010c010	DATA	0
0x001e3054	0x0010cca4	DATA	0
0x001e3058	0x0010ccb0	DATA	0
0x001e305c	0x0010bf24	DATA	0
0x001e3060	0x0010cca4	DATA	0
0x001e3064	0x0010cca4	DATA	0
0x001e3068	0x0010cca4	DATA	0
0x001e306c	0x0010cca4	DATA	0
0x001e3070	0x0010cca4	DATA	0
0x001e3074	0x0010cca4	DATA	0
0x001e3078	0x0010cca4	DATA	0
0x001e307c	0x0010cca4	DATA	0
0x001e3080	0x0010cca4	DATA	0
0x001e3084	0x0010cca4	DATA	0
0x001e3088	0x0010d734	DATA	0
0x001e308c	0x0010cca4	DATA	0
0x001e3090	0x0010cca4	DATA	0
0x001e3094	0x0010cca4	DATA	0
0x001e3098	0x0010cca4	DATA	0
0x001e309c	0x0010cca4	DATA	0
0x001e30a0	0x0010cca4	DATA	0
0x001e30a4	0x0010cca4	DATA	0
0x001e30a8	0x0010cca4	DATA	0
0x001e30ac	0x0010cca4	DATA	0
0x001e30b0	0x0010cca4	DATA	0
0x001e30b4	0x0010d734	DATA	0
0x001e30b8	0x0010cca4	DATA	0
0x001e30bc	0x0010cca4	DATA	0
0x001e30c0	0x0010cca4	DATA	0
0x001e30c4	0x0010cca4	DATA	0
0x001e30c8	0x0010cca4	DATA	0
0x001e30cc	0x0010cca4	DATA	0
0x001e30d0	0x0010cca4	DATA	0
0x001e30d4	0x0010cca4	DATA	0
0x001e30d8	0x0010cca4	DATA	0
0x001e30dc	0x0010cca4	DATA	0
0x001e30e0	0x0010d734	DATA	0
0x001e30e4	0x0010cca4	DATA	0
0x001e30e8	0x0010cca4	DATA	0
0x001e30ec	0x0010cca4	DATA	0
0x001e30f0	0x0010cca4	DATA	0
0x001e30f4	0x0010cca4	DATA	0
0x001e30f8	0x0010cca4	DATA	0
0x001e30fc	0x0010cca4	DATA	0
0x001e3100	0x0010cca4	DATA	0
0x001e3104	0x0010cca4	DATA	0
0x001e3108	0x0010cca4	DATA	0
0x001e310c	0x0010d734	DATA	0
0x001e3110	0x0010cca4	DATA	0
0x001e3114	0x0010cca4	DATA	0
0x001e3118	0x0010cca4	DATA	0
0x001e311c	0x0010cca4	DATA	0
0x001e3120	0x0010cca4	DATA	0
0x001e3124	0x0010cca4	DATA	0
0x001e3128	0x0010cca4	DATA	0
0x001e312c	0x0010cca4	DATA	0
0x001e3130	0x0010cca4	DATA	0
0x001e3134	0x0010cca4	DATA	0
0x001e3138	0x0010d734	DATA	0
0x001e313c	0x0010cca4	DATA	0
0x001e3140	0x0010cca4	DATA	0
0x001e3144	0x0010cca4	DATA	0
0x001e3148	0x00196d14	DATA	0
0x001e314c	0x00196e30	DATA	0
0x001e3150	0x00196e60	DATA	0
0x001e3154	0x00196e88	DATA	0
0x001e3158	0x00196eb0	DATA	0
0x001e315c	0x0010ccb0	DATA	0
0x001e3160	0x0010ccb0	DATA	0
0x001e3164	0x00197024	DATA	0
0x001e3168	0x0010cca4	DATA	0
0x001e316c	0x001970c4	DATA	0
0x001e3170	0x0019704c	DATA	0
0x001e3174	0x0010cca4	DATA	0
0x001e3178	0x0010cca4	DATA	0
0x001e317c	0x0010cca4	DATA	0
0x001e3180	0x0010cca4	DATA	0
0x001e3184	0x0010cca4	DATA	0
0x001e3188	0x0010cca4	DATA	0
0x001e318c	0x0010cca4	DATA	0
0x001e3190	0x0010d734	DATA	0
0x001e3194	0x0010cca4	DATA	0
0x001e3198	0x0010cca4	DATA	0
0x001e319c	0x0010cca4	DATA	0
0x001e31a0	0x00183488	DATA	0
0x001e31a4	0x0018355c	DATA	0
0x001e31a8	0x001835d8	DATA	0
0x001e31ac	0x00183790	DATA	0
0x001e31b0	0x001839ec	DATA	0
0x001e31b4	0x0010cca4	DATA	0
0x001e31b8	0x0010ccb0	DATA	0
0x001e31bc	0x0010d734	DATA	0
0x001e31c0	0x0010cca4	DATA	0
0x001e31c4	0x0010cca4	DATA	0
0x001e31c8	0x0010cca4	DATA	0
0x001e31cc	0x0010cca4	DATA	0
0x001e31d0	0x0010cca4	DATA	0
0x001e31d4	0x0010cca4	DATA	0
0x001e31d8	0x0010cca4	DATA	0
0x001e31dc	0x0010cca4	DATA	0
0x001e31e0	0x0010cca4	DATA	0
0x001e31e4	0x0010cca4	DATA	0
0x001e31e8	0x0010d734	DATA	0
0x001e31ec	0x0010cca4	DATA	0
0x001e31f0	0x0010cca4	DATA	0
0x001e31f4	0x0010cca4	DATA	0
0x001e31f8	0x0010cca4	DATA	0
0x001e31fc	0x0010cca4	DATA	0
0x001e3200	0x0010cca4	DATA	0
0x001e3204	0x0010cca4	DATA	0
0x001e3208	0x0010cca4	DATA	0
0x001e320c	0x0010cca4	DATA	0
0x001e3210	0x0010cca4	DATA	0
0x001e3214	0x0010d734	DATA	0
0x001e3218	0x0010cca4	DATA	0
0x001e321c	0x0010cca4	DATA	0
0x001e3220	0x0010cca4	DATA	0
0x001e3224	0x0010cca4	DATA	0
0x001e3228	0x0010cca4	DATA	0
0x001e322c	0x0010cca4	DATA	0
0x001e3230	0x0010cca4	DATA	0
0x001e3234	0x0010cca4	DATA	0
0x001e3238	0x0010cca4	DATA	0
0x001e323c	0x0010cca4	DATA	0
0x001e3240	0x0010d734	DATA	0
0x001e3244	0x0010cca4	DATA	0
0x001e3248	0x0010cca4	DATA	0
0x001e324c	0x0010cca4	DATA	0
0x001e3250	0x0010cca4	DATA	0
0x001e3254	0x0010cca4	DATA	0
0x001e3258	0x0010cca4	DATA	0
0x001e325c	0x0010cca4	DATA	0
0x001e3260	0x0010cca4	DATA	0
0x001e3264	0x0010cca4	DATA	0
0x001e3268	0x0010cca4	DATA	0
0x001e326c	0x0010d734	DATA	0
0x001e3270	0x0010cca4	DATA	0
0x001e3274	0x0010cca4	DATA	0
0x001e3278	0x0010cca4	DATA	0
0x001e327c	0x0010cca4	DATA	0
0x001e3280	0x0010cca4	DATA	0
0x001e3284	0x0010cca4	DATA	0
0x001e3288	0x0010cca4	DATA	0
0x001e328c	0x0010cca4	DATA	0
0x001e3290	0x0010cca4	DATA	0
0x001e3294	0x0010cca4	DATA	0
0x001e3298	0x0010d734	DATA	0
0x001e329c	0x0010cca4	DATA	0
0x001e32a0	0x0010cca4	DATA	0
0x001e32a4	0x0010cca4	DATA	0
0x001e32a8	0x0010cca4	DATA	0
0x001e32ac	0x0010cca4	DATA	0
0x001e32b0	0x0010cca4	DATA	0
0x001e32b4	0x0010cca4	DATA	0
0x001e32b8	0x0010cca4	DATA	0
0x001e32bc	0x0010cca4	DATA	0
0x001e32c0	0x0010cca4	DATA	0
0x001e32c4	0x0010d734	DATA	0
0x001e32c8	0x0010cca4	DATA	0
0x001e32cc	0x0010cca4	DATA	0
0x001e32d0	0x0010cca4	DATA	0
0x001e32d4	0x0010cca4	DATA	0
0x001e32d8	0x0010cca4	DATA	0
0x001e32dc	0x0010cca4	DATA	0
0x001e32e0	0x0010cca4	DATA	0
0x001e32e4	0x0010cca4	DATA	0
0x001e32e8	0x0010cca4	DATA	0
0x001e32ec	0x0010cca4	DATA	0
0x001e32f0	0x0010d734	DATA	0
0x001e32f4	0x0010cca4	DATA	0
0x001e32f8	0x0010cca4	DATA	0
0x001e32fc	0x0010cca4	DATA	0
0x001e3300	0x0010cca4	DATA	0
0x001e3304	0x0010cca4	DATA	0
0x001e3308	0x0010cca4	DATA	0
0x001e330c	0x0010cca4	DATA	0
0x001e3310	0x0010cca4	DATA	0
0x001e3314	0x0010cca4	DATA	0
0x001e3318	0x0010cca4	DATA	0
0x001e331c	0x0010d734	DATA	0
0x001e3320	0x0010cca4	DATA	0
0x001e3324	0x0010cca4	DATA	0
0x001e3328	0x0010cca4	DATA	0
0x001e332c	0x0010cca4	DATA	0
0x001e3330	0x0010cca4	DATA	0
0x001e3334	0x0010cca4	DATA	0
0x001e3338	0x0010cca4	DATA	0
0x001e333c	0x0010cca4	DATA	0
0x001e3340	0x0010cca4	DATA	0
0x001e3344	0x0010cca4	DATA	0
0x001e3348	0x0010d734	DATA	0
0x001e334c	0x0010cca4	DATA	0
0x001e3350	0x0010cca4	DATA	0
0x001e3354	0x0010cca4	DATA	0
0x001e3358	0x0010cca4	DATA	0
0x001e335c	0x0010cca4	DATA	0
0x001e3360	0x0010cca4	DATA	0
0x001e3364	0x0010cca4	DATA	0
0x001e3368	0x0010cca4	DATA	0
0x001e336c	0x0010cca4	DATA	0
0x001e3370	0x0010cca4	DATA	0
0x001e3374	0x0010d734	DATA	0
0x001e3378	0x0010cca4	DATA	0
0x001e337c	0x0010cca4	DATA	0
0x001e3380	0x0010cca4	DATA	0
0x001e3384	0x0010cca4	DATA	0
0x001e3388	0x0010cca4	DATA	0
0x001e338c	0x0010cca4	DATA	0
0x001e3390	0x0010cca4	DATA	0
0x001e3394	0x0010cca4	DATA	0
0x001e3398	0x0010cca4	DATA	0
0x001e339c	0x0010cca4	DATA	0
0x001e33a0	0x0010d734	DATA	0
0x001e33a4	0x0010cca4	DATA	0
0x001e33a8	0x0010cca4	DATA	0
0x001e33ac	0x0010cca4	DATA	0
0x001e33b0	0x0010cca4	DATA	0
0x001e33b4	0x0010cca4	DATA	0
0x001e33b8	0x0010cca4	DATA	0
0x001e33bc	0x0010cca4	DATA	0
0x001e33c0	0x0010cca4	DATA	0
0x001e33c4	0x0010cca4	DATA	0
0x001e33c8	0x0010cca4	DATA	0
0x001e33cc	0x0010d734	DATA	0
0x001e33d0	0x0010cca4	DATA	0
0x001e33d4	0x0010cca4	DATA	0
0x001e33d8	0x0010cca4	DATA	0
0x001e33dc	0x0010cca4	DATA	0
0x001e33e0	0x0010cca4	DATA	0
0x001e33e4	0x0010cca4	DATA	0
0x001e33e8	0x0010cca4	DATA	0
0x001e33ec	0x0010cca4	DATA	0
0x001e33f0	0x0010cca4	DATA	0
0x001e33f4	0x0010cca4	DATA	0
0x001e33f8	0x0010d734	DATA	0
0x001e33fc	0x0010cca4	DATA	0
0x001e3400	0x0010cca4	DATA	0
0x001e3404	0x0010cca4	DATA	0
0x001e3408	0x0010cca4	DATA	0
0x001e340c	0x0010cca4	DATA	0
0x001e3410	0x0010cca4	DATA	0
0x001e3414	0x0010cca4	DATA	0
0x001e3418	0x0010cca4	DATA	0
0x001e341c	0x0010cca4	DATA	0
0x001e3420	0x0010cca4	DATA	0
0x001e3424	0x0010d734	DATA	0
0x001e3428	0x0010cca4	DATA	0
0x001e342c	0x0010cca4	DATA	0
0x001e3430	0x0010cca4	DATA	0
0x001e3434	0x0010cca4	DATA	0
0x001e3438	0x0010cca4	DATA	0
0x001e343c	0x0010cca4	DATA	0
0x001e3440	0x0010cca4	DATA	0
0x001e3444	0x0010cca4	DATA	0
0x001e3448	0x0010cca4	DATA	0
0x001e344c	0x0010cca4	DATA	0
0x001e3450	0x0010d734	DATA	0
0x001e3454	0x0010cca4	DATA	0
0x001e3458	0x0010cca4	DATA	0
0x001e345c	0x0010cca4	DATA	0
0x001e3460	0x0010cca4	DATA	0
0x001e3464	0x0010cca4	DATA	0
0x001e3468	0x0010cca4	DATA	0
0x001e346c	0x0010cca4	DATA	0
0x001e3470	0x0010cca4	DATA	0
0x001e3474	0x0010cca4	DATA	0
0x001e3478	0x0010cca4	DATA	0
0x001e347c	0x0010d734	DATA	0
0x001e3480	0x0010cca4	DATA	0
0x001e3484	0x0010cca4	DATA	0
0x001e3488	0x0010cca4	DATA	0
0x001e348c	0x0010cca4	DATA	0
0x001e3490	0x0010cca4	DATA	0
0x001e3494	0x0010cca4	DATA	0
0x001e3498	0x0010cca4	DATA	0
0x001e349c	0x0010cca4	DATA	0
0x001e34a0	0x0010cca4	DATA	0
0x001e34a4	0x0010cca4	DATA	0
0x001e34a8	0x0010d734	DATA	0
0x001e34ac	0x0010cca4	DATA	0
0x001e34b0	0x0010cca4	DATA	0
0x001e34b4	0x0010cca4	DATA	0
0x001e34b8	0x0010cca4	DATA	0
0x001e34bc	0x0010cca4	DATA	0
0x001e34c0	0x0010cca4	DATA	0
0x001e34c4	0x0010cca4	DATA	0
0x001e34c8	0x0010cca4	DATA	0
0x001e34cc	0x0010cca4	DATA	0
0x001e34d0	0x0010cca4	DATA	0
0x001e34d4	0x0010d734	DATA	0
0x001e34d8	0x0010cca4	DATA	0
0x001e34dc	0x0010cca4	DATA	0
0x001e34e0	0x0010cca4	DATA	0
0x001e34e4	0x00184178	DATA	0
0x001e34e8	0x001841bc	DATA	0
0x001e34ec	0x0010cca4	DATA	0
0x001e34f0	0x0010cca4	DATA	0
0x001e34f4	0x001841f0	DATA	0
0x001e34f8	0x0010cca4	DATA	0
0x001e34fc	0x0010cca4	DATA	0
0x001e3500	0x0010cca4	DATA	0
0x001e3504	0x0010cca4	DATA	0
0x001e3508	0x0010cca4	DATA	0
0x001e350c	0x0010cca4	DATA	0
0x001e3510	0x0010cca4	DATA	0
0x001e3514	0x0010cca4	DATA	0
0x001e3518	0x0010cca4	DATA	0
0x001e351c	0x0010cca4	DATA	0
0x001e3520	0x0010cca4	DATA	0
0x001e3524	0x0010cca4	DATA	0
0x001e3528	0x0010cca4	DATA	0
0x001e352c	0x0010d734	DATA	0
0x001e3530	0x0010cca4	DATA	0
0x001e3534	0x0010cca4	DATA	0
0x001e3538	0x0010cca4	DATA	0
0x001e353c	0x0010cca4	DATA	0
0x001e3540	0x0010cca4	DATA	0
0x001e3544	0x0010cca4	DATA	0
0x001e3548	0x0010cca4	DATA	0
0x001e354c	0x0010cca4	DATA	0
0x001e3550	0x0010cca4	DATA	0
0x001e3554	0x0010cca4	DATA	0
0x001e3558	0x0010d734	DATA	0
0x001e355c	0x0010cca4	DATA	0
0x001e3560	0x0010cca4	DATA	0
0x001e3564	0x0010cca4	DATA	0
0x001e3568	0x0010cca4	DATA	0
0x001e356c	0x0010cca4	DATA	0
0x001e3570	0x0010cca4	DATA	0
0x001e3574	0x0010cca4	DATA	0
0x001e3578	0x0010cca4	DATA	0
0x001e357c	0x0010cca4	DATA	0
0x001e3580	0x0010cca4	DATA	0
0x001e3584	0x0010d734	DATA	0
0x001e3588	0x0010cca4	DATA	0
0x001e358c	0x0010cca4	DATA	0
0x001e3590	0x0010cca4	DATA	0
0x001e3594	0x0010cca4	DATA	0
0x001e3598	0x0010cca4	DATA	0
0x001e359c	0x0010cca4	DATA	0
0x001e35a0	0x0010cca4	DATA	0
0x001e35a4	0x0010cca4	DATA	0
0x001e35a8	0x0010cca4	DATA	0
0x001e35ac	0x0010cca4	DATA	0
0x001e35b0	0x0010d734	DATA	0
0x001e35b4	0x0010cca4	DATA	0
0x001e35b8	0x0010cca4	DATA	0
0x001e35bc	0x0010cca4	DATA	0
0x001e35c0	0x0010cca4	DATA	0
0x001e35c4	0x0010cca4	DATA	0
0x001e35c8	0x0010cca4	DATA	0
0x001e35cc	0x0010cca4	DATA	0
0x001e35d0	0x0010cca4	DATA	0
0x001e35d4	0x0010cca4	DATA	0
0x001e35d8	0x0010cca4	DATA	0
0x001e35dc	0x0010d734	DATA	0
0x001e35e0	0x0010cca4	DATA	0
0x001e35e4	0x0010cca4	DATA	0
0x001e35e8	0x0010cca4	DATA	0
0x001e35ec	0x0010cca4	DATA	0
0x001e35f0	0x0010cca4	DATA	0
0x001e35f4	0x0010cca4	DATA	0
0x001e35f8	0x0010cca4	DATA	0
0x001e35fc	0x0010cca4	DATA	0
0x001e3600	0x0010cca4	DATA	0
0x001e3604	0x0010cca4	DATA	0
0x001e3608	0x0010d734	DATA	0
0x001e360c	0x0010cca4	DATA	0
0x001e3610	0x0010cca4	DATA	0
0x001e3614	0x0010cca4	DATA	0
0x001e3618	0x0010cca4	DATA	0
0x001e361c	0x0010cca4	DATA	0
0x001e3620	0x0010cca4	DATA	0
0x001e3624	0x0010cca4	DATA	0
0x001e3628	0x0010cca4	DATA	0
0x001e362c	0x0010cca4	DATA	0
0x001e3630	0x0010cca4	DATA	0
0x001e3634	0x0010d734	DATA	0
0x001e3638	0x0010cca4	DATA	0
0x001e363c	0x0010cca4	DATA	0
0x001e3640	0x0010cca4	DATA	0
0x001e3644	0x0010cca4	DATA	0
0x001e3648	0x0010cca4	DATA	0
0x001e364c	0x0010cca4	DATA	0
0x001e3650	0x0010cca4	DATA	0
0x001e3654	0x0010cca4	DATA	0
0x001e3658	0x0010cca4	DATA	0
0x001e365c	0x0010cca4	DATA	0
0x001e3660	0x0010d734	DATA	0
0x001e3664	0x0010cca4	DATA	0
0x001e3668	0x0010cca4	DATA	0
0x001e366c	0x0010cca4	DATA	0
0x001e3670	0x00184bb8	DATA	0
0x001e3674	0x00184be0	DATA	0
0x001e3678	0x0010cca4	DATA	0
0x001e367c	0x0010cca4	DATA	0
0x001e3680	0x00184bf0	DATA	0
0x001e3684	0x0010cca4	DATA	0
0x001e3688	0x0010ccb0	DATA	0
0x001e368c	0x0010d734	DATA	0
0x001e3690	0x0010cca4	DATA	0
0x001e3694	0x0010cca4	DATA	0
0x001e3698	0x0010cca4	DATA	0
0x001e36dc	0x001e36fb	DATA	0
0x001e38a4	0x001e3888	DATA	0
0x001e38b0	0x001e38a8	DATA	0
0x001e3d34	0x001e3d7f	DATA	0
0x001e3d38	0x001e3d78	DATA	0
0x001e3d3c	0x001e3d71	DATA	0
0x001e3d40	0x001e3d69	DATA	0
0x001e3d44	0x001e3d61	DATA	0
0x001e3d48	0x001e3d59	DATA	0
0x001e3d4c	0x001e3d50	DATA	0
0x001e3e8c	0x001e7780	DATA	0
0x001e3e90	0x001d4ec8	DATA	0
0x001e3e94	0x001e41e0	DATA	0
0x001e3e98	0x001e41c7	DATA	0
0x001e3e9c	0x001e41b8	DATA	0
0x001e3ea0	0x001e41a4	DATA	0
0x001e3ea4	0x001e4198	DATA	0
0x001e3ea8	0x001e4189	DATA	0
0x001e3eb0	0x001e4152	DATA	0
0x001e3eb4	0x001e411b	DATA	0
0x001e3eb8	0x001e40d5	DATA	0
0x001e3ebc	0x001e40a3	DATA	0
0x001e3ec0	0x001e406e	DATA	0
0x001e3ec4	0x001e403d	DATA	0
0x001e3ecc	0x001e4018	DATA	0
0x001e3ed0	0x001e3fd3	DATA	0
0x001e3ed4	0x001e3f9d	DATA	0
0x001e3ed8	0x001e3f77	DATA	0
0x001e3edc	0x001e3f57	DATA	0
0x001e3ee0	0x001e3f2f	DATA	0
0x001e4f84	0x00111c00	DATA	0
0x001e4f8c	0x0011f968	DATA	0
0x001e50c8	0x001d6f0c	DATA	0
0x001e50d0	0x001d6ef8	DATA	0
0x001e50d8	0x001d6ee4	DATA	0
0x001e50f4	0x001fde08	DATA	0
0x001e5104	0x0010cca4	DATA	0
0x001e5108	0x0010cca4	DATA	0
0x001e510c	0x0010cca4	DATA	0
0x001e5110	0x0010cca4	DATA	0
0x001e5114	0x0010cca4	DATA	0
0x001e5118	0x0010cca4	DATA	0
0x001e511c	0x0010d734	DATA	0
0x001e5120	0x0010cca4	DATA	0
0x001e5124	0x0010cca4	DATA	0
0x001e5128	0x0010cca4	DATA	0
0x001e5130	0x0010cca4	DATA	0
0x001e5134	0x0010cca4	DATA	0
0x001e5138	0x0010cca4	DATA	0
0x001e5150	0x0018b888	DATA	0
0x001e5174	0x001fde94	DATA	0
0x001e517c	0x001fded0	DATA	0
0x001e5458	0x001cad48	DATA	0
0x001e5520	0x001e545c	DATA	0
0x001e5544	0x001caef4	DATA	0
0x001e5548	0x001caf40	DATA	0
0x001e554c	0x001cbc00	DATA	0
0x001e556c	0x001cbf34	DATA	0
0x001e5570	0x001cbf80	DATA	0
0x001e5574	0x001cbc00	DATA	0
0x001e55b8	0x001ccfbc	DATA	0
0x001e55bc	0x001ccc14	DATA	0
0x001e55c0	0x001ca4c8	DATA	0
0x001e55c4	0x001ca5b4	DATA	0
0x001e55c8	0x001ca4f4	DATA	0
0x001e55cc	0x001ced70	DATA	0
0x001e55d4	0x001cdd80	DATA	0
0x001e55d8	0x001ccb90	DATA	0
0x001e55dc	0x001ca488	DATA	0
0x001e55e0	0x001ca518	DATA	0
0x001e55e4	0x001cdeb0	DATA	0
0x001e55e8	0x001cdec4	DATA	0
0x001e55ec	0x001cded4	DATA	0
0x001e55f0	0x001cdee8	DATA	0
0x001e560c	0x001cec5c	DATA	0
0x001e5610	0x001cecb4	DATA	0
0x001e5614	0x001cbc00	DATA	0
0x001e561c	0x001cecf4	DATA	0
0x001e5638	0x001d6750	DATA	0
0x001e5640	0x001e5624	DATA	0
0x001f803c	0x0020327c	DATA	0
0x001f8040	0x001ff854	DATA	0
0x001f8044	0x001a5178	DATA	0
0x001f8048	0x00203290	DATA	0
0x001f804c	0x001ff668	DATA	0
0x001f8050	0x001a4fe4	DATA	0
0x001f8054	0x00201944	DATA	0
0x001f8058	0x001ff861	DATA	0
0x001f805c	0x001a4e48	DATA	0
0x001f8068	0x00202618	DATA	0
0x001f806c	0x001ff870	DATA	0
0x001f8070	0x001a4ddc	DATA	0
0x001f8074	0x002025e8	DATA	0
0x001f8078	0x001ff885	DATA	0
0x001f807c	0x001a4d70	DATA	0
0x001f8080	0x002025b8	DATA	0
0x001f8084	0x001ff89b	DATA	0
0x001f8088	0x001a4d04	DATA	0
0x001f808c	0x00202588	DATA	0
0x001f8090	0x001ff8b1	DATA	0
0x001f8094	0x001a4c98	DATA	0
0x001f8098	0x0020255c	DATA	0
0x001f809c	0x001ff8c8	DATA	0
0x001f80a0	0x001a4c24	DATA	0
0x001f80a4	0x00201960	DATA	0
0x001f80a8	0x001ff8e0	DATA	0
0x001f80ac	0x001a4bdc	DATA	0
0x001f80b0	0x00202530	DATA	0
0x001f80b4	0x001ff8f0	DATA	0
0x001f80b8	0x001a4b50	DATA	0
0x001f80c4	0x00202648	DATA	0
0x001f80c8	0x001fef3c	DATA	0
0x001f80cc	0x001a53e4	DATA	0
0x001f8154	0x001fdf0c	DATA	0
0x001f8158	0x001fdf20	DATA	0
0x001f815c	0x001fdef8	DATA	0
0x001f8174	0x00205904	DATA	0
0x001f8178	0x001feebe	DATA	0
0x001f817c	0x001b6228	DATA	0
0x001f8180	0x00205910	DATA	0
0x001f8184	0x001ff668	DATA	0
0x001f8188	0x001b6218	DATA	0
0x001f818c	0x00205920	DATA	0
0x001f8190	0x001feec6	DATA	0
0x001f8194	0x001b6190	DATA	0
0x001f8198	0x0020593c	DATA	0
0x001f819c	0x001feec6	DATA	0
0x001f81a0	0x001b6108	DATA	0
0x001f81a4	0x00205958	DATA	0
0x001f81a8	0x001feec6	DATA	0
0x001f81ac	0x001b60a4	DATA	0
0x001f81b0	0x00205974	DATA	0
0x001f81b4	0x001feec6	DATA	0
0x001f81b8	0x001b6040	DATA	0
0x001f81bc	0x0020598c	DATA	0
0x001f81c0	0x001feede	DATA	0
0x001f81c4	0x001b5fe8	DATA	0
0x001f81d0	0x002069c0	DATA	0
0x001f81d4	0x002012f4	DATA	0
0x001f81d8	0x001c1a9c	DATA	0
0x001f81dc	0x002069f4	DATA	0
0x001f81e0	0x00201306	DATA	0
0x001f81e4	0x001c19b0	DATA	0
0x001f81e8	0x00206a28	DATA	0
0x001f81ec	0x00201319	DATA	0
0x001f81f0	0x001c18bc	DATA	0
0x001f81f4	0x00206a54	DATA	0
0x001f81f8	0x00201319	DATA	0
0x001f81fc	0x001c17c8	DATA	0
0x001f8200	0x00206a80	DATA	0
0x001f8204	0x001fef59	DATA	0
0x001f8208	0x001c1748	DATA	0
0x001f8210	0x002019b4	DATA	0
0x001f8214	0x001fee90	DATA	0
0x001f8218	0x002019c8	DATA	0
0x001f821c	0x001fee9c	DATA	0
0x001f8220	0x002019a4	DATA	0
0x001f8224	0x001fee90	DATA	0
0x001f8228	0x002019dc	DATA	0
0x001f822c	0x001fee9c	DATA	0
0x001f8238	0x00201a3c	DATA	0
0x001f823c	0x001feeae	DATA	0
0x001f8240	0x0017f73c	DATA	0
0x001f8244	0x00201a50	DATA	0
0x001f8248	0x001feeae	DATA	0
0x001f824c	0x0017f72c	DATA	0
0x001f8258	0x00201c40	DATA	0
0x001f825c	0x001feede	DATA	0
0x001f8260	0x0017f1e4	DATA	0
0x001f8264	0x00201c54	DATA	0
0x001f8268	0x001feebe	DATA	0
0x001f826c	0x0017f1d4	DATA	0
0x001f8278	0x00201ce8	DATA	0
0x001f827c	0x001feede	DATA	0
0x001f8280	0x0017efe8	DATA	0
0x001f828c	0x00201da8	DATA	0
0x001f8290	0x001feede	DATA	0
0x001f8294	0x0017ead0	DATA	0
0x001f829c	0x00201ff8	DATA	0
0x001f82a0	0x001feebe	DATA	0
0x001f82a4	0x00202000	DATA	0
0x001f82a8	0x001feebe	DATA	0
0x001f82ac	0x00202008	DATA	0
0x001f82b0	0x001feede	DATA	0
0x001f82b4	0x00202020	DATA	0
0x001f82b8	0x001ff528	DATA	0
0x001f82bc	0x00202040	DATA	0
0x001f82c0	0x001feede	DATA	0
0x001f82cc	0x00202180	DATA	0
0x001f82d0	0x001feeae	DATA	0
0x001f82d4	0x0018060c	DATA	0
0x001f82e0	0x00202268	DATA	0
0x001f82e4	0x001ff581	DATA	0
0x001f82e8	0x001818ec	DATA	0
0x001f82ec	0x00202288	DATA	0
0x001f82f0	0x001ff581	DATA	0
0x001f82f4	0x00181784	DATA	0
0x001f82f8	0x002022a8	DATA	0
0x001f82fc	0x001ff592	DATA	0
0x001f8300	0x00181730	DATA	0
0x001f8308	0x00202af4	DATA	0
0x001f830c	0x001ff685	DATA	0
0x001f8310	0x00202b14	DATA	0
0x001f8314	0x001ff685	DATA	0
0x001f8318	0x00202b30	DATA	0
0x001f831c	0x001ff691	DATA	0
0x001f8328	0x00202ca8	DATA	0
0x001f832c	0x001fef26	DATA	0
0x001f8330	0x00197918	DATA	0
0x001f8334	0x00202cbc	DATA	0
0x001f8338	0x001ff702	DATA	0
0x001f833c	0x001975d0	DATA	0
0x001f8344	0x00202af4	DATA	0
0x001f8348	0x001ff685	DATA	0
0x001f834c	0x00202b14	DATA	0
0x001f8350	0x001ff685	DATA	0
0x001f8354	0x00202b30	DATA	0
0x001f8358	0x001ff691	DATA	0
0x001f8360	0x00202e40	DATA	0
0x001f8364	0x001ff74e	DATA	0
0x001f8368	0x00202d38	DATA	0
0x001f836c	0x001fef59	DATA	0
0x001f8370	0x00202e54	DATA	0
0x001f8374	0x001ff74e	DATA	0
0x001f8378	0x00202d2c	DATA	0
0x001f837c	0x001fef59	DATA	0
0x001f8380	0x00202e64	DATA	0
0x001f8384	0x001ff00a	DATA	0
0x001f8388	0x00202e74	DATA	0
0x001f838c	0x001feff0	DATA	0
0x001f8390	0x00202d08	DATA	0
0x001f8394	0x001feff0	DATA	0
0x001f8398	0x00202e80	DATA	0
0x001f839c	0x001ff00a	DATA	0
0x001f83a0	0x00202e94	DATA	0
0x001f83a4	0x001ff759	DATA	0
0x001f83a8	0x00202ec4	DATA	0
0x001f83ac	0x001ff76e	DATA	0
0x001f83cc	0x00203828	DATA	0
0x001f83d0	0x001feeb6	DATA	0
0x001f83d4	0x0020383c	DATA	0
0x001f83d8	0x001feeb6	DATA	0
0x001f83dc	0x00202670	DATA	0
0x001f83e0	0x001ff9b9	DATA	0
0x001f83e4	0x0020384c	DATA	0
0x001f83e8	0x001feeae	DATA	0
0x001f83ec	0x0020385c	DATA	0
0x001f83f0	0x001feeae	DATA	0
0x001f83f4	0x00202834	DATA	0
0x001f83f8	0x001feeb6	DATA	0
0x001f8404	0x0020386c	DATA	0
0x001f8408	0x001ff9c4	DATA	0
0x001f840c	0x001a6288	DATA	0
0x001f8414	0x0020275c	DATA	0
0x001f8418	0x001ff9db	DATA	0
0x001f841c	0x00203990	DATA	0
0x001f8420	0x001ff9f4	DATA	0
0x001f8424	0x00202730	DATA	0
0x001f8428	0x001ff9db	DATA	0
0x001f842c	0x002039bc	DATA	0
0x001f8430	0x001ff9f4	DATA	0
0x001f843c	0x00203a0c	DATA	0
0x001f8440	0x001ffa0d	DATA	0
0x001f8444	0x001a74d8	DATA	0
0x001f8448	0x00203a20	DATA	0
0x001f844c	0x001fef59	DATA	0
0x001f8450	0x001a7478	DATA	0
0x001f8454	0x00203a34	DATA	0
0x001f8458	0x001feeb6	DATA	0
0x001f845c	0x001a73d0	DATA	0
0x001f8460	0x00203a44	DATA	0
0x001f8464	0x001ffa1a	DATA	0
0x001f8468	0x001a723c	DATA	0
0x001f846c	0x00203a5c	DATA	0
0x001f8470	0x001ffa72	DATA	0
0x001f8474	0x001a7114	DATA	0
0x001f847c	0x002026a0	DATA	0
0x001f8480	0x001ff7da	DATA	0
0x001f8484	0x00203ac4	DATA	0
0x001f8488	0x001fef59	DATA	0
0x001f848c	0x0020268c	DATA	0
0x001f8490	0x001ff7da	DATA	0
0x001f8494	0x00203ad4	DATA	0
0x001f8498	0x001fef59	DATA	0
0x001f849c	0x002027b8	DATA	0
0x001f84a0	0x001ffb68	DATA	0
0x001f84a4	0x002027ac	DATA	0
0x001f84a8	0x001ffbd7	DATA	0
0x001f84b0	0x0020275c	DATA	0
0x001f84b4	0x001ff9db	DATA	0
0x001f84b8	0x00203990	DATA	0
0x001f84bc	0x001ff9f4	DATA	0
0x001f84c0	0x00202730	DATA	0
0x001f84c4	0x001ff9db	DATA	0
0x001f84c8	0x002039bc	DATA	0
0x001f84cc	0x001ff9f4	DATA	0
0x001f84d4	0x00203828	DATA	0
0x001f84d8	0x001feeb6	DATA	0
0x001f84dc	0x0020383c	DATA	0
0x001f84e0	0x001feeb6	DATA	0
0x001f84e4	0x00202670	DATA	0
0x001f84e8	0x001ff9b9	DATA	0
0x001f84ec	0x0020384c	DATA	0
0x001f84f0	0x001feeae	DATA	0
0x001f84f4	0x0020385c	DATA	0
0x001f84f8	0x001feeae	DATA	0
0x001f84fc	0x00202834	DATA	0
0x001f8500	0x001feeb6	DATA	0
0x001f850c	0x00203b34	DATA	0
0x001f8510	0x001ffc46	DATA	0
0x001f8514	0x001a8268	DATA	0
0x001f8518	0x00203b54	DATA	0
0x001f851c	0x001ffc46	DATA	0
0x001f8520	0x001a81ec	DATA	0
0x001f8524	0x00203b70	DATA	0
0x001f8528	0x001feebe	DATA	0
0x001f852c	0x001a81e0	DATA	0
0x001f8530	0x00203b80	DATA	0
0x001f8534	0x001feebe	DATA	0
0x001f8538	0x001a81d0	DATA	0
0x001f853c	0x002029d4	DATA	0
0x001f8540	0x001feede	DATA	0
0x001f8544	0x001a81a4	DATA	0
0x001f8550	0x00203b8c	DATA	0
0x001f8554	0x001ffc57	DATA	0
0x001f8558	0x001a80ec	DATA	0
0x001f855c	0x00203ba4	DATA	0
0x001f8560	0x001feff0	DATA	0
0x001f8564	0x001a8094	DATA	0
0x001f8568	0x00203bb4	DATA	0
0x001f856c	0x001ffc6c	DATA	0
0x001f8570	0x001a803c	DATA	0
0x001f857c	0x00203bc4	DATA	0
0x001f8580	0x001ffc7a	DATA	0
0x001f8584	0x001a7fd4	DATA	0
0x001f8588	0x00203bdc	DATA	0
0x001f858c	0x001feff0	DATA	0
0x001f8590	0x001a7f7c	DATA	0
0x001f8594	0x00203bec	DATA	0
0x001f8598	0x001ffc8a	DATA	0
0x001f859c	0x001a7f24	DATA	0
0x001f85a0	0x00203bfc	DATA	0
0x001f85a4	0x001feff0	DATA	0
0x001f85a8	0x001a7f08	DATA	0
0x001f85b4	0x00203c60	DATA	0
0x001f85b8	0x001feebe	DATA	0
0x001f85bc	0x001a8ce8	DATA	0
0x001f85c8	0x00203c7c	DATA	0
0x001f85cc	0x001ffc98	DATA	0
0x001f85d0	0x001a8c78	DATA	0
0x001f85d4	0x00203c94	DATA	0
0x001f85d8	0x001ffca7	DATA	0
0x001f85dc	0x001a8b48	DATA	0
0x001f85e8	0x00203cb8	DATA	0
0x001f85ec	0x001ffcbd	DATA	0
0x001f85f0	0x001a89b4	DATA	0
0x001f85fc	0x00203cd0	DATA	0
0x001f8600	0x001ffccc	DATA	0
0x001f8604	0x001a89a8	DATA	0
0x001f8608	0x00203cf8	DATA	0
0x001f860c	0x001ff7e5	DATA	0
0x001f8610	0x001a8988	DATA	0
0x001f8614	0x00203d0c	DATA	0
0x001f8618	0x001ffce5	DATA	0
0x001f861c	0x001a894c	DATA	0
0x001f8620	0x00203d20	DATA	0
0x001f8624	0x001feeae	DATA	0
0x001f8628	0x001a8904	DATA	0
0x001f862c	0x00203d38	DATA	0
0x001f8630	0x001feeb6	DATA	0
0x001f8634	0x001a889c	DATA	0
0x001f863c	0x00202be8	DATA	0
0x001f8640	0x001feebe	DATA	0
0x001f8644	0x00201928	DATA	0
0x001f8648	0x001feebe	DATA	0
0x001f8650	0x00202be8	DATA	0
0x001f8654	0x001feebe	DATA	0
0x001f8658	0x00201928	DATA	0
0x001f865c	0x001feebe	DATA	0
0x001f8664	0x00202be8	DATA	0
0x001f8668	0x001feebe	DATA	0
0x001f866c	0x00201928	DATA	0
0x001f8670	0x001feebe	DATA	0
0x001f867c	0x00203ed0	DATA	0
0x001f8680	0x001ffce5	DATA	0
0x001f8684	0x001a95c0	DATA	0
0x001f8688	0x00203ee0	DATA	0
0x001f868c	0x001ffce5	DATA	0
0x001f8690	0x001a95b8	DATA	0
0x001f869c	0x002041bc	DATA	0
0x001f86a0	0x001ffdcc	DATA	0
0x001f86a4	0x001aac9c	DATA	0
0x001f86a8	0x002041cc	DATA	0
0x001f86ac	0x001ffe0d	DATA	0
0x001f86b0	0x001aabbc	DATA	0
0x001f86b4	0x002041e0	DATA	0
0x001f86b8	0x001ffe0d	DATA	0
0x001f86bc	0x001aaac8	DATA	0
0x001f86c0	0x002041f4	DATA	0
0x001f86c4	0x001ffe21	DATA	0
0x001f86c8	0x001aaab8	DATA	0
0x001f86cc	0x00203d90	DATA	0
0x001f86d0	0x001feeae	DATA	0
0x001f86d4	0x001aa93c	DATA	0
0x001f86dc	0x00204140	DATA	0
0x001f86e0	0x001ffee0	DATA	0
0x001f86e4	0x00204130	DATA	0
0x001f86e8	0x001ffda8	DATA	0
0x001f86ec	0x00204118	DATA	0
0x001f86f0	0x001ffd64	DATA	0
0x001f86f4	0x00204100	DATA	0
0x001f86f8	0x001feeb6	DATA	0
0x001f8704	0x00204470	DATA	0
0x001f8708	0x001feeae	DATA	0
0x001f870c	0x001aae68	DATA	0
0x001f8710	0x00204484	DATA	0
0x001f8714	0x001feeae	DATA	0
0x001f8718	0x001aae10	DATA	0
0x001f871c	0x00204454	DATA	0
0x001f8720	0x001feeae	DATA	0
0x001f8724	0x001aadb4	DATA	0
0x001f8730	0x00203d90	DATA	0
0x001f8734	0x001feeae	DATA	0
0x001f8738	0x001aba38	DATA	0
0x001f8740	0x00204140	DATA	0
0x001f8744	0x001ffee0	DATA	0
0x001f8748	0x00204130	DATA	0
0x001f874c	0x001ffda8	DATA	0
0x001f8750	0x00204118	DATA	0
0x001f8754	0x001ffd64	DATA	0
0x001f8758	0x00204100	DATA	0
0x001f875c	0x001feeb6	DATA	0
0x001f8768	0x002045d8	DATA	0
0x001f876c	0x001fffcc	DATA	0
0x001f8770	0x001ac248	DATA	0
0x001f8778	0x002026f0	DATA	0
0x001f877c	0x00200008	DATA	0
0x001f8780	0x002026dc	DATA	0
0x001f8784	0x0020001e	DATA	0
0x001f8788	0x00202680	DATA	0
0x001f878c	0x001feff0	DATA	0
0x001f8790	0x0020469c	DATA	0
0x001f8794	0x001fee90	DATA	0
0x001f8798	0x00202908	DATA	0
0x001f879c	0x001feeb6	DATA	0
0x001f87a0	0x002046b0	DATA	0
0x001f87a4	0x00200032	DATA	0
0x001f87a8	0x002046d4	DATA	0
0x001f87ac	0x00200108	DATA	0
0x001f87b0	0x002028f8	DATA	0
0x001f87b4	0x001feeb6	DATA	0
0x001f87b8	0x00204700	DATA	0
0x001f87bc	0x002001c3	DATA	0
0x001f87c0	0x00204724	DATA	0
0x001f87c4	0x002001d5	DATA	0
0x001f87c8	0x00204748	DATA	0
0x001f87cc	0x002001e7	DATA	0
0x001f87d0	0x00204764	DATA	0
0x001f87d4	0x002001f9	DATA	0
0x001f87e0	0x00203b20	DATA	0
0x001f87e4	0x001fef26	DATA	0
0x001f87e8	0x001ac378	DATA	0
0x001f87ec	0x00203b0c	DATA	0
0x001f87f0	0x001fef26	DATA	0
0x001f87f4	0x001ac320	DATA	0
0x001f8800	0x00204780	DATA	0
0x001f8804	0x0020020b	DATA	0
0x001f8808	0x001ac30c	DATA	0
0x001f880c	0x00204788	DATA	0
0x001f8810	0x0020020b	DATA	0
0x001f8814	0x001ac2f8	DATA	0
0x001f8818	0x002039f8	DATA	0
0x001f881c	0x00200213	DATA	0
0x001f8820	0x001ac2e4	DATA	0
0x001f8824	0x002039e8	DATA	0
0x001f8828	0x0020022a	DATA	0
0x001f882c	0x001ac2d4	DATA	0
0x001f8830	0x00204794	DATA	0
0x001f8834	0x0020023d	DATA	0
0x001f8838	0x001ac298	DATA	0
0x001f8840	0x002026f0	DATA	0
0x001f8844	0x00200008	DATA	0
0x001f8848	0x002026dc	DATA	0
0x001f884c	0x0020001e	DATA	0
0x001f8850	0x00202680	DATA	0
0x001f8854	0x001feff0	DATA	0
0x001f8858	0x0020469c	DATA	0
0x001f885c	0x001fee90	DATA	0
0x001f8860	0x00202908	DATA	0
0x001f8864	0x001feeb6	DATA	0
0x001f8868	0x002046b0	DATA	0
0x001f886c	0x00200032	DATA	0
0x001f8870	0x002046d4	DATA	0
0x001f8874	0x00200108	DATA	0
0x001f8878	0x002028f8	DATA	0
0x001f887c	0x001feeb6	DATA	0
0x001f8880	0x00204700	DATA	0
0x001f8884	0x002001c3	DATA	0
0x001f8888	0x00204724	DATA	0
0x001f888c	0x002001d5	DATA	0
0x001f8890	0x00204748	DATA	0
0x001f8894	0x002001e7	DATA	0
0x001f8898	0x00204764	DATA	0
0x001f889c	0x002001f9	DATA	0
0x001f88a4	0x0020275c	DATA	0
0x001f88a8	0x001ff9db	DATA	0
0x001f88ac	0x00203990	DATA	0
0x001f88b0	0x001ff9f4	DATA	0
0x001f88b4	0x00202730	DATA	0
0x001f88b8	0x001ff9db	DATA	0
0x001f88bc	0x002039bc	DATA	0
0x001f88c0	0x001ff9f4	DATA	0
0x001f88c8	0x00203828	DATA	0
0x001f88cc	0x001feeb6	DATA	0
0x001f88d0	0x0020383c	DATA	0
0x001f88d4	0x001feeb6	DATA	0
0x001f88d8	0x00202670	DATA	0
0x001f88dc	0x001ff9b9	DATA	0
0x001f88e0	0x0020384c	DATA	0
0x001f88e4	0x001feeae	DATA	0
0x001f88e8	0x0020385c	DATA	0
0x001f88ec	0x001feeae	DATA	0
0x001f88f0	0x00202834	DATA	0
0x001f88f4	0x001feeb6	DATA	0
0x001f8900	0x00204908	DATA	0
0x001f8904	0x00200260	DATA	0
0x001f8908	0x001ad880	DATA	0
0x001f890c	0x002048ec	DATA	0
0x001f8910	0x002002a7	DATA	0
0x001f8914	0x001ad828	DATA	0
0x001f8918	0x002048f8	DATA	0
0x001f891c	0x002002ef	DATA	0
0x001f8920	0x001ad774	DATA	0
0x001f8924	0x002048ac	DATA	0
0x001f8928	0x00200336	DATA	0
0x001f892c	0x001ad61c	DATA	0
0x001f8930	0x00204914	DATA	0
0x001f8934	0x00200357	DATA	0
0x001f8938	0x001ad548	DATA	0
0x001f893c	0x00204940	DATA	0
0x001f8940	0x00200366	DATA	0
0x001f8944	0x001ad4cc	DATA	0
0x001f8948	0x0020495c	DATA	0
0x001f894c	0x00200379	DATA	0
0x001f8950	0x001ad3a8	DATA	0
0x001f8954	0x00204930	DATA	0
0x001f8958	0x002003bc	DATA	0
0x001f895c	0x001ad278	DATA	0
0x001f8960	0x0020496c	DATA	0
0x001f8964	0x002003d4	DATA	0
0x001f8968	0x001ad0fc	DATA	0
0x001f896c	0x00201920	DATA	0
0x001f8970	0x001feebe	DATA	0
0x001f8974	0x001ad02c	DATA	0
0x001f8978	0x00204884	DATA	0
0x001f897c	0x00200432	DATA	0
0x001f8980	0x001acbc8	DATA	0
0x001f8984	0x00204874	DATA	0
0x001f8988	0x001feebe	DATA	0
0x001f898c	0x001acf48	DATA	0
0x001f8998	0x00204978	DATA	0
0x001f899c	0x001feeae	DATA	0
0x001f89a0	0x001ae74c	DATA	0
0x001f89a4	0x00204988	DATA	0
0x001f89a8	0x00200260	DATA	0
0x001f89ac	0x001ae6f8	DATA	0
0x001f89b0	0x00204998	DATA	0
0x001f89b4	0x00200447	DATA	0
0x001f89b8	0x001ae600	DATA	0
0x001f89bc	0x002049a4	DATA	0
0x001f89c0	0x0020047f	DATA	0
0x001f89c4	0x001ae510	DATA	0
0x001f89c8	0x002049bc	DATA	0
0x001f89cc	0x00200571	DATA	0
0x001f89d0	0x001ae488	DATA	0
0x001f89d4	0x002049e0	DATA	0
0x001f89d8	0x002005e7	DATA	0
0x001f89dc	0x001ae348	DATA	0
0x001f89e0	0x002049f4	DATA	0
0x001f89e4	0x00200260	DATA	0
0x001f89e8	0x001ad8b0	DATA	0
0x001f89f4	0x00204a00	DATA	0
0x001f89f8	0x001feeae	DATA	0
0x001f89fc	0x001aefd4	DATA	0
0x001f8a00	0x00204a14	DATA	0
0x001f8a04	0x00200447	DATA	0
0x001f8a08	0x001aeed4	DATA	0
0x001f8a10	0x002026f0	DATA	0
0x001f8a14	0x00200008	DATA	0
0x001f8a18	0x002026dc	DATA	0
0x001f8a1c	0x0020001e	DATA	0
0x001f8a20	0x00202680	DATA	0
0x001f8a24	0x001feff0	DATA	0
0x001f8a28	0x0020469c	DATA	0
0x001f8a2c	0x001fee90	DATA	0
0x001f8a30	0x00202908	DATA	0
0x001f8a34	0x001feeb6	DATA	0
0x001f8a38	0x002046b0	DATA	0
0x001f8a3c	0x00200032	DATA	0
0x001f8a40	0x002046d4	DATA	0
0x001f8a44	0x00200108	DATA	0
0x001f8a48	0x002028f8	DATA	0
0x001f8a4c	0x001feeb6	DATA	0
0x001f8a50	0x00204700	DATA	0
0x001f8a54	0x002001c3	DATA	0
0x001f8a58	0x00204724	DATA	0
0x001f8a5c	0x002001d5	DATA	0
0x001f8a60	0x00204748	DATA	0
0x001f8a64	0x002001e7	DATA	0
0x001f8a68	0x00204764	DATA	0
0x001f8a6c	0x002001f9	DATA	0
0x001f8a74	0x00204ab4	DATA	0
0x001f8a78	0x002009bc	DATA	0
0x001f8a7c	0x00204acc	DATA	0
0x001f8a80	0x002009cb	DATA	0
0x001f8a84	0x00204ae4	DATA	0
0x001f8a88	0x002009cb	DATA	0
0x001f8a8c	0x00204afc	DATA	0
0x001f8a90	0x001feec6	DATA	0
0x001f8a94	0x00203c54	DATA	0
0x001f8a98	0x001feeb6	DATA	0
0x001f8aac	0x00204fe4	DATA	0
0x001f8ab0	0x001fef26	DATA	0
0x001f8ab4	0x00204ff8	DATA	0
0x001f8ab8	0x00200b0f	DATA	0
0x001f8ac0	0x00204e60	DATA	0
0x001f8ac4	0x00200a61	DATA	0
0x001f8ac8	0x00204e80	DATA	0
0x001f8acc	0x00200a73	DATA	0
0x001f8ad8	0x002051a0	DATA	0
0x001f8adc	0x00200b54	DATA	0
0x001f8ae0	0x001b1fe0	DATA	0
0x001f8ae4	0x00205108	DATA	0
0x001f8ae8	0x00200b69	DATA	0
0x001f8aec	0x001b343c	DATA	0
0x001f8af0	0x002051bc	DATA	0
0x001f8af4	0x00200b7b	DATA	0
0x001f8af8	0x001b334c	DATA	0
0x001f8afc	0x00202d08	DATA	0
0x001f8b00	0x001feeb6	DATA	0
0x001f8b04	0x001b32fc	DATA	0
0x001f8b08	0x00202e80	DATA	0
0x001f8b0c	0x001ff00a	DATA	0
0x001f8b10	0x001b3298	DATA	0
0x001f8b14	0x00203028	DATA	0
0x001f8b18	0x00200b8a	DATA	0
0x001f8b1c	0x001b30a0	DATA	0
0x001f8b20	0x00202fc8	DATA	0
0x001f8b24	0x00200ba2	DATA	0
0x001f8b28	0x001b2fdc	DATA	0
0x001f8b2c	0x002051d4	DATA	0
0x001f8b30	0x00200bc6	DATA	0
0x001f8b34	0x001b2e60	DATA	0
0x001f8b38	0x00205218	DATA	0
0x001f8b3c	0x00200be7	DATA	0
0x001f8b40	0x001b2e14	DATA	0
0x001f8b44	0x0020524c	DATA	0
0x001f8b48	0x00200c02	DATA	0
0x001f8b4c	0x001b2d54	DATA	0
0x001f8b50	0x00203200	DATA	0
0x001f8b54	0x00200c1a	DATA	0
0x001f8b58	0x001b2c6c	DATA	0
0x001f8b5c	0x00205274	DATA	0
0x001f8b60	0x00200c2f	DATA	0
0x001f8b64	0x001b2c2c	DATA	0
0x001f8b68	0x00202af4	DATA	0
0x001f8b6c	0x001ff668	DATA	0
0x001f8b70	0x001b2bc8	DATA	0
0x001f8b74	0x00202b14	DATA	0
0x001f8b78	0x001ff685	DATA	0
0x001f8b7c	0x001b2bac	DATA	0
0x001f8b80	0x00205298	DATA	0
0x001f8b84	0x001feede	DATA	0
0x001f8b88	0x001b2b0c	DATA	0
0x001f8b8c	0x002050c8	DATA	0
0x001f8b90	0x001feebe	DATA	0
0x001f8b94	0x001b2a38	DATA	0
0x001f8b98	0x002052b0	DATA	0
0x001f8b9c	0x001fef3c	DATA	0
0x001f8ba0	0x001b2940	DATA	0
0x001f8ba4	0x002052c4	DATA	0
0x001f8ba8	0x001feebe	DATA	0
0x001f8bac	0x001b2904	DATA	0
0x001f8bb0	0x002052e0	DATA	0
0x001f8bb4	0x001feebe	DATA	0
0x001f8bb8	0x001b28e4	DATA	0
0x001f8bbc	0x002050bc	DATA	0
0x001f8bc0	0x001feebe	DATA	0
0x001f8bc4	0x001b28c4	DATA	0
0x001f8bc8	0x00205158	DATA	0
0x001f8bcc	0x001feebe	DATA	0
0x001f8bd0	0x001b28a4	DATA	0
0x001f8bd4	0x002052ec	DATA	0
0x001f8bd8	0x001feebe	DATA	0
0x001f8bdc	0x001b2868	DATA	0
0x001f8be0	0x002052fc	DATA	0
0x001f8be4	0x001feeb6	DATA	0
0x001f8be8	0x001b2858	DATA	0
0x001f8bec	0x0020512c	DATA	0
0x001f8bf0	0x001feec6	DATA	0
0x001f8bf4	0x001b281c	DATA	0
0x001f8bf8	0x00205308	DATA	0
0x001f8bfc	0x001feec6	DATA	0
0x001f8c00	0x001b27f4	DATA	0
0x001f8c04	0x002050a8	DATA	0
0x001f8c08	0x001ff74e	DATA	0
0x001f8c0c	0x001b277c	DATA	0
0x001f8c10	0x00205194	DATA	0
0x001f8c14	0x001feebe	DATA	0
0x001f8c18	0x001b2758	DATA	0
0x001f8c1c	0x00205318	DATA	0
0x001f8c20	0x001feebe	DATA	0
0x001f8c24	0x001b2734	DATA	0
0x001f8c28	0x00205180	DATA	0
0x001f8c2c	0x001feeb6	DATA	0
0x001f8c30	0x001b270c	DATA	0
0x001f8c34	0x002050e8	DATA	0
0x001f8c38	0x001feeb6	DATA	0
0x001f8c3c	0x001b26fc	DATA	0
0x001f8c40	0x00205140	DATA	0
0x001f8c44	0x001feec6	DATA	0
0x001f8c48	0x001b26b0	DATA	0
0x001f8c4c	0x002050dc	DATA	0
0x001f8c50	0x001feeb6	DATA	0
0x001f8c54	0x001b26a0	DATA	0
0x001f8c58	0x0020511c	DATA	0
0x001f8c5c	0x001feec6	DATA	0
0x001f8c60	0x001b2654	DATA	0
0x001f8c64	0x00205324	DATA	0
0x001f8c68	0x00200c41	DATA	0
0x001f8c6c	0x001b25d8	DATA	0
0x001f8c70	0x00205334	DATA	0
0x001f8c74	0x001fef26	DATA	0
0x001f8c78	0x001b25a0	DATA	0
0x001f8c7c	0x00205344	DATA	0
0x001f8c80	0x001feeae	DATA	0
0x001f8c84	0x001b2554	DATA	0
0x001f8c88	0x00205358	DATA	0
0x001f8c8c	0x001feeae	DATA	0
0x001f8c90	0x001b2500	DATA	0
0x001f8c94	0x00205368	DATA	0
0x001f8c98	0x001feeae	DATA	0
0x001f8c9c	0x001b248c	DATA	0
0x001f8ca0	0x002050fc	DATA	0
0x001f8ca4	0x001feeae	DATA	0
0x001f8ca8	0x001b2390	DATA	0
0x001f8cac	0x00205378	DATA	0
0x001f8cb0	0x001feeae	DATA	0
0x001f8cb4	0x001b1e1c	DATA	0
0x001f8cb8	0x00205164	DATA	0
0x001f8cbc	0x001feebe	DATA	0
0x001f8cc0	0x001b22d4	DATA	0
0x001f8cc4	0x00205388	DATA	0
0x001f8cc8	0x00200c53	DATA	0
0x001f8ccc	0x001b2290	DATA	0
0x001f8cd4	0x00202d08	DATA	0
0x001f8cd8	0x001feeb6	DATA	0
0x001f8cdc	0x00202e80	DATA	0
0x001f8ce0	0x001ff00a	DATA	0
0x001f8ce4	0x00203028	DATA	0
0x001f8ce8	0x00200b8a	DATA	0
0x001f8cec	0x00202fc8	DATA	0
0x001f8cf0	0x00200ba2	DATA	0
0x001f8cf4	0x002051d4	DATA	0
0x001f8cf8	0x00200bc6	DATA	0
0x001f8cfc	0x00205218	DATA	0
0x001f8d00	0x00200be7	DATA	0
0x001f8d04	0x0020524c	DATA	0
0x001f8d08	0x00200c02	DATA	0
0x001f8d0c	0x00203200	DATA	0
0x001f8d10	0x00200c1a	DATA	0
0x001f8d14	0x00205274	DATA	0
0x001f8d18	0x00200c2f	DATA	0
0x001f8d1c	0x00202af4	DATA	0
0x001f8d20	0x001ff668	DATA	0
0x001f8d24	0x00202b14	DATA	0
0x001f8d28	0x001ff685	DATA	0
0x001f8d30	0x00202c5c	DATA	0
0x001f8d34	0x001ff685	DATA	0
0x001f8d38	0x00202dbc	DATA	0
0x001f8d3c	0x001ff685	DATA	0
0x001f8d40	0x00202c4c	DATA	0
0x001f8d44	0x001ff685	DATA	0
0x001f8d4c	0x00202e40	DATA	0
0x001f8d50	0x001ff74e	DATA	0
0x001f8d54	0x00202d38	DATA	0
0x001f8d58	0x001fef59	DATA	0
0x001f8d5c	0x00202e54	DATA	0
0x001f8d60	0x001ff74e	DATA	0
0x001f8d64	0x00202d2c	DATA	0
0x001f8d68	0x001fef59	DATA	0
0x001f8d6c	0x00202e64	DATA	0
0x001f8d70	0x001ff00a	DATA	0
0x001f8d74	0x00202e74	DATA	0
0x001f8d78	0x001feff0	DATA	0
0x001f8d7c	0x00202d08	DATA	0
0x001f8d80	0x001feff0	DATA	0
0x001f8d84	0x00202e80	DATA	0
0x001f8d88	0x001ff00a	DATA	0
0x001f8d8c	0x00202e94	DATA	0
0x001f8d90	0x001ff759	DATA	0
0x001f8d94	0x00202ec4	DATA	0
0x001f8d98	0x001ff76e	DATA	0
0x001f8da4	0x0020599c	DATA	0
0x001f8da8	0x00200e06	DATA	0
0x001f8dac	0x001b7224	DATA	0
0x001f8db0	0x002059b0	DATA	0
0x001f8db4	0x001ff7da	DATA	0
0x001f8db8	0x001b7150	DATA	0
0x001f8dbc	0x002059c8	DATA	0
0x001f8dc0	0x001ff7da	DATA	0
0x001f8dc4	0x001b707c	DATA	0
0x001f8dc8	0x002059e0	DATA	0
0x001f8dcc	0x00200e0e	DATA	0
0x001f8dd0	0x001b7020	DATA	0
0x001f8dd4	0x00205a00	DATA	0
0x001f8dd8	0x00200e0e	DATA	0
0x001f8ddc	0x001b6fc4	DATA	0
0x001f8de0	0x00205a20	DATA	0
0x001f8de4	0x001feeae	DATA	0
0x001f8de8	0x001b6f74	DATA	0
0x001f8dec	0x00205a3c	DATA	0
0x001f8df0	0x00200e1f	DATA	0
0x001f8df4	0x001b6e04	DATA	0
0x001f8df8	0x00205a68	DATA	0
0x001f8dfc	0x00200e36	DATA	0
0x001f8e00	0x001b6cec	DATA	0
0x001f8e04	0x00205a94	DATA	0
0x001f8e08	0x00200e4a	DATA	0
0x001f8e0c	0x001b6ca8	DATA	0
0x001f8e10	0x00205abc	DATA	0
0x001f8e14	0x00200e62	DATA	0
0x001f8e18	0x001b6c4c	DATA	0
0x001f8e1c	0x00205ae8	DATA	0
0x001f8e20	0x00200e7b	DATA	0
0x001f8e24	0x001b54c8	DATA	0
0x001f8e28	0x00205b08	DATA	0
0x001f8e2c	0x00200e8d	DATA	0
0x001f8e30	0x001b4ffc	DATA	0
0x001f8e34	0x00205b2c	DATA	0
0x001f8e38	0x001fef26	DATA	0
0x001f8e3c	0x001b6bd0	DATA	0
0x001f8e40	0x00205b44	DATA	0
0x001f8e44	0x001feeb6	DATA	0
0x001f8e48	0x001b6b80	DATA	0
0x001f8e4c	0x00205b58	DATA	0
0x001f8e50	0x00200d08	DATA	0
0x001f8e54	0x001b6a8c	DATA	0
0x001f8e58	0x00205b6c	DATA	0
0x001f8e5c	0x00200d08	DATA	0
0x001f8e60	0x001b6998	DATA	0
0x001f8e64	0x00205b80	DATA	0
0x001f8e68	0x001ff7da	DATA	0
0x001f8e6c	0x001b6984	DATA	0
0x001f8e70	0x00205b94	DATA	0
0x001f8e74	0x001ff7da	DATA	0
0x001f8e78	0x001b6970	DATA	0
0x001f8e7c	0x00205ba8	DATA	0
0x001f8e80	0x001fef26	DATA	0
0x001f8e84	0x001b693c	DATA	0
0x001f8e88	0x00205bc4	DATA	0
0x001f8e8c	0x001fef26	DATA	0
0x001f8e90	0x001b6908	DATA	0
0x001f8e94	0x00205be0	DATA	0
0x001f8e98	0x001ff7da	DATA	0
0x001f8e9c	0x001b68d4	DATA	0
0x001f8ea0	0x00205bf8	DATA	0
0x001f8ea4	0x001ff7da	DATA	0
0x001f8ea8	0x001b68a0	DATA	0
0x001f8eac	0x00205c08	DATA	0
0x001f8eb0	0x001ff7e5	DATA	0
0x001f8eb4	0x001b686c	DATA	0
0x001f8eb8	0x00205c1c	DATA	0
0x001f8ebc	0x001ff7e5	DATA	0
0x001f8ec0	0x001b6838	DATA	0
0x001f8ec4	0x00205c30	DATA	0
0x001f8ec8	0x00200e9c	DATA	0
0x001f8ecc	0x001b66a8	DATA	0
0x001f8ed0	0x00205c4c	DATA	0
0x001f8ed4	0x001ff668	DATA	0
0x001f8ed8	0x001b65ec	DATA	0
0x001f8edc	0x00205c60	DATA	0
0x001f8ee0	0x001feed2	DATA	0
0x001f8ee4	0x001b6518	DATA	0
0x001f8ee8	0x00205c80	DATA	0
0x001f8eec	0x00200eae	DATA	0
0x001f8ef0	0x001b4db8	DATA	0
0x001f8ef4	0x00205cac	DATA	0
0x001f8ef8	0x00200870	DATA	0
0x001f8efc	0x001b6500	DATA	0
0x001f8f00	0x00205cc0	DATA	0
0x001f8f04	0x00200ebd	DATA	0
0x001f8f08	0x001b64e4	DATA	0
0x001f8f0c	0x00205cd8	DATA	0
0x001f8f10	0x00200870	DATA	0
0x001f8f14	0x001b64cc	DATA	0
0x001f8f18	0x00205cf0	DATA	0
0x001f8f1c	0x00200ebd	DATA	0
0x001f8f20	0x001b64a8	DATA	0
0x001f8f24	0x002054b4	DATA	0
0x001f8f28	0x001feeb6	DATA	0
0x001f8f2c	0x001b6498	DATA	0
0x001f8f30	0x002054d8	DATA	0
0x001f8f34	0x001feff0	DATA	0
0x001f8f38	0x001b6488	DATA	0
0x001f8f3c	0x00205d0c	DATA	0
0x001f8f40	0x001ff7e5	DATA	0
0x001f8f44	0x001b6474	DATA	0
0x001f8f48	0x00205d1c	DATA	0
0x001f8f4c	0x001feeae	DATA	0
0x001f8f50	0x001b4a34	DATA	0
0x001f8f54	0x00205d30	DATA	0
0x001f8f58	0x001feeae	DATA	0
0x001f8f5c	0x001b63b8	DATA	0
0x001f8f60	0x00205d44	DATA	0
0x001f8f64	0x001ff668	DATA	0
0x001f8f68	0x001b636c	DATA	0
0x001f8f6c	0x00205d5c	DATA	0
0x001f8f70	0x001ff668	DATA	0
0x001f8f74	0x001b62ac	DATA	0
0x001f8f78	0x00205d74	DATA	0
0x001f8f7c	0x001ff7e5	DATA	0
0x001f8f80	0x001b6298	DATA	0
0x001f8f84	0x00205d88	DATA	0
0x001f8f88	0x001ff7e5	DATA	0
0x001f8f8c	0x001b6284	DATA	0
0x001f8f90	0x00205d9c	DATA	0
0x001f8f94	0x001ff7e5	DATA	0
0x001f8f98	0x001b6270	DATA	0
0x001f8f9c	0x00205494	DATA	0
0x001f8fa0	0x001feebe	DATA	0
0x001f8fa4	0x001b6260	DATA	0
0x001f8fa8	0x00205dac	DATA	0
0x001f8fac	0x001fef59	DATA	0
0x001f8fb0	0x001b6254	DATA	0
0x001f8fb4	0x00205484	DATA	0
0x001f8fb8	0x001feebe	DATA	0
0x001f8fbc	0x001b6244	DATA	0
0x001f8fc0	0x00205474	DATA	0
0x001f8fc4	0x001feebe	DATA	0
0x001f8fc8	0x001b6234	DATA	0
0x001f8fd4	0x002066c4	DATA	0
0x001f8fd8	0x001ff7e5	DATA	0
0x001f8fdc	0x001c1334	DATA	0
0x001f8fe0	0x002066d8	DATA	0
0x001f8fe4	0x001ffce5	DATA	0
0x001f8fe8	0x001c1328	DATA	0
0x001f8fec	0x002066ec	DATA	0
0x001f8ff0	0x00201273	DATA	0
0x001f8ff4	0x001c12b0	DATA	0
0x001f8ff8	0x0020670c	DATA	0
0x001f8ffc	0x00201282	DATA	0
0x001f9000	0x001c1234	DATA	0
0x001f9004	0x00206728	DATA	0
0x001f9008	0x00201273	DATA	0
0x001f900c	0x001c1194	DATA	0
0x001f9010	0x00206744	DATA	0
0x001f9014	0x00201291	DATA	0
0x001f9018	0x001c10f4	DATA	0
0x001f901c	0x00206764	DATA	0
0x001f9020	0x00201273	DATA	0
0x001f9024	0x001c105c	DATA	0
0x001f9028	0x00206784	DATA	0
0x001f902c	0x001feeae	DATA	0
0x001f9030	0x001c0f74	DATA	0
0x001f9034	0x00206794	DATA	0
0x001f9038	0x001feeae	DATA	0
0x001f903c	0x001c0944	DATA	0
0x001f9040	0x002067a4	DATA	0
0x001f9044	0x002012a1	DATA	0
0x001f9048	0x001c0f5c	DATA	0
0x001f904c	0x00206270	DATA	0
0x001f9050	0x001fef59	DATA	0
0x001f9054	0x001c0f44	DATA	0
0x001f9058	0x002067b8	DATA	0
0x001f905c	0x002012b1	DATA	0
0x001f9060	0x001c0ef0	DATA	0
0x001f9064	0x002067c4	DATA	0
0x001f9068	0x00200f0c	DATA	0
0x001f906c	0x001c0ea8	DATA	0
0x001f9070	0x002067dc	DATA	0
0x001f9074	0x00200f0c	DATA	0
0x001f9078	0x001c0e60	DATA	0
0x001f907c	0x002067f8	DATA	0
0x001f9080	0x002012bd	DATA	0
0x001f9084	0x001c0e04	DATA	0
0x001f9088	0x00206814	DATA	0
0x001f908c	0x00200a34	DATA	0
0x001f9090	0x001c0ddc	DATA	0
0x001f9094	0x00206824	DATA	0
0x001f9098	0x00200a34	DATA	0
0x001f909c	0x001c0db4	DATA	0
0x001f90a0	0x00206280	DATA	0
0x001f90a4	0x002012cd	DATA	0
0x001f90a8	0x001c0d20	DATA	0
0x001f90ac	0x00206834	DATA	0
0x001f90b0	0x00201273	DATA	0
0x001f90b4	0x001c0cc0	DATA	0
0x001f90b8	0x00206854	DATA	0
0x001f90bc	0x00201282	DATA	0
0x001f90c0	0x001c0c58	DATA	0
0x001f90c4	0x00206874	DATA	0
0x001f90c8	0x00201273	DATA	0
0x001f90cc	0x001c0bd4	DATA	0
0x001f90d0	0x00206890	DATA	0
0x001f90d4	0x001ff7e5	DATA	0
0x001f90d8	0x001c0b90	DATA	0
0x001f90dc	0x002068a0	DATA	0
0x001f90e0	0x001ffce5	DATA	0
0x001f90e4	0x001c0b40	DATA	0
0x001f90e8	0x002068b0	DATA	0
0x001f90ec	0x001ff7e5	DATA	0
0x001f90f0	0x001c0b38	DATA	0
0x001f90f4	0x002068c0	DATA	0
0x001f90f8	0x001ffce5	DATA	0
0x001f90fc	0x001c0b2c	DATA	0
0x001f9100	0x00203cd0	DATA	0
0x001f9104	0x001ffccc	DATA	0
0x001f9108	0x001c0b20	DATA	0
0x001f910c	0x002068d0	DATA	0
0x001f9110	0x001ff7e5	DATA	0
0x001f9114	0x001c0b18	DATA	0
0x001f9118	0x002068e4	DATA	0
0x001f911c	0x001ffce5	DATA	0
0x001f9120	0x001c0b0c	DATA	0
0x001f9124	0x002068f8	DATA	0
0x001f9128	0x00200f0c	DATA	0
0x001f912c	0x001c0ae4	DATA	0
0x001f9130	0x00203e98	DATA	0
0x001f9134	0x001feebe	DATA	0
0x001f9138	0x001c0ac4	DATA	0
0x001f913c	0x00203e8c	DATA	0
0x001f9140	0x001feebe	DATA	0
0x001f9144	0x001c0aa0	DATA	0
0x001f9150	0x002029d4	DATA	0
0x001f9154	0x001feede	DATA	0
0x001f9158	0x001c16a0	DATA	0
0x001f9164	0x00206a90	DATA	0
0x001f9168	0x0020134c	DATA	0
0x001f916c	0x001c1b3c	DATA	0
0x001f9170	0x00206ab0	DATA	0
0x001f9174	0x0020135b	DATA	0
0x001f9178	0x001c1a50	DATA	0
0x001f917c	0x00206ad0	DATA	0
0x001f9180	0x0020136b	DATA	0
0x001f9184	0x001c1970	DATA	0
0x001f9188	0x00206ae4	DATA	0
0x001f918c	0x0020136b	DATA	0
0x001f9190	0x001c187c	DATA	0
0x001f9194	0x00206a80	DATA	0
0x001f9198	0x001fef59	DATA	0
0x001f919c	0x001c1788	DATA	0
0x001f91a8	0x002029d4	DATA	0
0x001f91ac	0x001feede	DATA	0
0x001f91b0	0x001c1b88	DATA	0
0x001f91bc	0x00206b98	DATA	0
0x001f91c0	0x001feeae	DATA	0
0x001f91c4	0x001c1f38	DATA	0
0x001f91c8	0x00206bb0	DATA	0
0x001f91cc	0x002013ad	DATA	0
0x001f91d0	0x001c1cb8	DATA	0
0x001f91dc	0x002029d4	DATA	0
0x001f91e0	0x001feede	DATA	0
0x001f91e4	0x001c2084	DATA	0
0x001f91f0	0x00206cb8	DATA	0
0x001f91f4	0x001feede	DATA	0
0x001f91f8	0x001c2234	DATA	0
0x001f9204	0x00206ce4	DATA	0
0x001f9208	0x001fef59	DATA	0
0x001f920c	0x001c4b1c	DATA	0
0x001f9210	0x00201900	DATA	0
0x001f9214	0x00201908	DATA	0
0x001f9218	0x00201914	DATA	0
0x001f921c	0x00201920	DATA	0
0x001f9220	0x00201928	DATA	0
0x001f9224	0x00201930	DATA	0
0x001f9228	0x0020193c	DATA	0
0x001f922c	0x00201944	DATA	0
0x001f9230	0x00201960	DATA	0
0x001f9234	0x00201980	DATA	0
0x001f9238	0x00201988	DATA	0
0x001f923c	0x00201994	DATA	0
0x001f9240	0x002019a4	DATA	0
0x001f9244	0x002019b4	DATA	0
0x001f9248	0x00201a2c	DATA	0
0x001f924c	0x00201a24	DATA	0
0x001f9250	0x00201e24	DATA	0
0x001f9254	0x00201d88	DATA	0
0x001f9258	0x00201a50	DATA	0
0x001f925c	0x00201cb4	DATA	0
0x001f9260	0x00201e50	DATA	0
0x001f9264	0x00201a3c	DATA	0
0x001f9268	0x00201cbc	DATA	0
0x001f926c	0x00201da8	DATA	0
0x001f9270	0x00201cc4	DATA	0
0x001f9274	0x00201ce8	DATA	0
0x001f9278	0x00201cac	DATA	0
0x001f927c	0x00201c54	DATA	0
0x001f9280	0x00201c40	DATA	0
0x001f9284	0x00201e5c	DATA	0
0x001f9288	0x00201e6c	DATA	0
0x001f928c	0x00201e80	DATA	0
0x001f9290	0x00201e90	DATA	0
0x001f9294	0x00201b6c	DATA	0
0x001f9298	0x00201ea8	DATA	0
0x001f929c	0x00201ec4	DATA	0
0x001f92a0	0x00201ecc	DATA	0
0x001f92a4	0x00201f24	DATA	0
0x001f92a8	0x00201efc	DATA	0
0x001f92ac	0x00201c28	DATA	0
0x001f92b0	0x00201c1c	DATA	0
0x001f92b4	0x00202058	DATA	0
0x001f92b8	0x00201a14	DATA	0
0x001f92bc	0x00201a0c	DATA	0
0x001f92c0	0x00202084	DATA	0
0x001f92c4	0x00202090	DATA	0
0x001f92c8	0x00202040	DATA	0
0x001f92cc	0x0020209c	DATA	0
0x001f92d0	0x002021e0	DATA	0
0x001f92d4	0x002021c8	DATA	0
0x001f92d8	0x0020223c	DATA	0
0x001f92dc	0x00202244	DATA	0
0x001f92e0	0x00202168	DATA	0
0x001f92e4	0x00202180	DATA	0
0x001f92e8	0x00202250	DATA	0
0x001f92ec	0x0020225c	DATA	0
0x001f92f0	0x00202100	DATA	0
0x001f92f4	0x00202000	DATA	0
0x001f92f8	0x00201ff8	DATA	0
0x001f92fc	0x00202020	DATA	0
0x001f9300	0x00202008	DATA	0
0x001f9304	0x00202468	DATA	0
0x001f9308	0x00202480	DATA	0
0x001f930c	0x00201afc	DATA	0
0x001f9310	0x00201ad8	DATA	0
0x001f9314	0x00202494	DATA	0
0x001f9318	0x002024a0	DATA	0
0x001f931c	0x002024b4	DATA	0
0x001f9320	0x002024bc	DATA	0
0x001f9324	0x002024c8	DATA	0
0x001f9328	0x002024d4	DATA	0
0x001f932c	0x00202420	DATA	0
0x001f9330	0x00202288	DATA	0
0x001f9334	0x00202268	DATA	0
0x001f9338	0x002023e0	DATA	0
0x001f933c	0x00201d80	DATA	0
0x001f9340	0x002022a8	DATA	0
0x001f9344	0x0020240c	DATA	0
0x001f9348	0x00201b7c	DATA	0
0x001f934c	0x00201de4	DATA	0
0x001f9350	0x00201df0	DATA	0
0x001f9354	0x00201d40	DATA	0
0x001f9358	0x00201d4c	DATA	0
0x001f935c	0x0020250c	DATA	0
0x001f9360	0x00202530	DATA	0
0x001f9364	0x0020255c	DATA	0
0x001f9368	0x00202588	DATA	0
0x001f936c	0x002025b8	DATA	0
0x001f9370	0x002025e8	DATA	0
0x001f9374	0x00202618	DATA	0
0x001f9378	0x0020220c	DATA	0
0x001f937c	0x00202648	DATA	0
0x001f9380	0x0020265c	DATA	0
0x001f9384	0x00202670	DATA	0
0x001f9388	0x00202680	DATA	0
0x001f938c	0x0020268c	DATA	0
0x001f9390	0x002026a0	DATA	0
0x001f9394	0x002026b4	DATA	0
0x001f9398	0x002026c4	DATA	0
0x001f939c	0x002026d0	DATA	0
0x001f93a0	0x002026dc	DATA	0
0x001f93a4	0x002026f0	DATA	0
0x001f93a8	0x00202724	DATA	0
0x001f93ac	0x00202730	DATA	0
0x001f93b0	0x0020275c	DATA	0
0x001f93b4	0x00202788	DATA	0
0x001f93b8	0x0020279c	DATA	0
0x001f93bc	0x002027ac	DATA	0
0x001f93c0	0x002027b8	DATA	0
0x001f93c4	0x002027c4	DATA	0
0x001f93c8	0x002027d0	DATA	0
0x001f93cc	0x002027dc	DATA	0
0x001f93d0	0x002027e4	DATA	0
0x001f93d4	0x002027f0	DATA	0
0x001f93d8	0x002027f8	DATA	0
0x001f93dc	0x002027fc	DATA	0
0x001f93e0	0x00202818	DATA	0
0x001f93e4	0x00202834	DATA	0
0x001f93e8	0x00202850	DATA	0
0x001f93ec	0x0020285c	DATA	0
0x001f93f0	0x00202868	DATA	0
0x001f93f4	0x00202880	DATA	0
0x001f93f8	0x00202890	DATA	0
0x001f93fc	0x002028ac	DATA	0
0x001f9400	0x002028bc	DATA	0
0x001f9404	0x002028c8	DATA	0
0x001f9408	0x002028d8	DATA	0
0x001f940c	0x002028ec	DATA	0
0x001f9410	0x002028f8	DATA	0
0x001f9414	0x00202908	DATA	0
0x001f9418	0x00202918	DATA	0
0x001f941c	0x00202940	DATA	0
0x001f9420	0x0020296c	DATA	0
0x001f9424	0x00202980	DATA	0
0x001f9428	0x00202994	DATA	0
0x001f942c	0x00201a8c	DATA	0
0x001f9430	0x002029b4	DATA	0
0x001f9434	0x00202500	DATA	0
0x001f9438	0x00201a98	DATA	0
0x001f943c	0x002029c8	DATA	0
0x001f9440	0x00201ab4	DATA	0
0x001f9444	0x00202430	DATA	0
0x001f9448	0x00202434	DATA	0
0x001f944c	0x00201bc8	DATA	0
0x001f9450	0x00202220	DATA	0
0x001f9454	0x00202450	DATA	0
0x001f9458	0x002029d4	DATA	0
0x001f945c	0x002029e8	DATA	0
0x001f9460	0x002029f8	DATA	0
0x001f9464	0x00202a00	DATA	0
0x001f9468	0x00202a84	DATA	0
0x001f946c	0x00202bcc	DATA	0
0x001f9470	0x00202bdc	DATA	0
0x001f9474	0x00202be8	DATA	0
0x001f9478	0x00202bf0	DATA	0
0x001f947c	0x00202bfc	DATA	0
0x001f9480	0x00202c08	DATA	0
0x001f9484	0x00202c18	DATA	0
0x001f9488	0x00202bc4	DATA	0
0x001f948c	0x00202c28	DATA	0
0x001f9490	0x00202c38	DATA	0
0x001f9494	0x00202c4c	DATA	0
0x001f9498	0x00202c5c	DATA	0
0x001f949c	0x00202c70	DATA	0
0x001f94a0	0x00202bb4	DATA	0
0x001f94a4	0x00202b64	DATA	0
0x001f94a8	0x00202c84	DATA	0
0x001f94ac	0x00202c94	DATA	0
0x001f94b0	0x00202b04	DATA	0
0x001f94b4	0x00202ca8	DATA	0
0x001f94b8	0x00202cbc	DATA	0
0x001f94bc	0x00202a88	DATA	0
0x001f94c0	0x00202bbc	DATA	0
0x001f94c4	0x00202b48	DATA	0
0x001f94c8	0x00202ba4	DATA	0
0x001f94cc	0x00202b98	DATA	0
0x001f94d0	0x00202b8c	DATA	0
0x001f94d4	0x00202b80	DATA	0
0x001f94d8	0x00202b74	DATA	0
0x001f94dc	0x00202b58	DATA	0
0x001f94e0	0x00202bac	DATA	0
0x001f94e4	0x00202f68	DATA	0
0x001f94e8	0x00202f8c	DATA	0
0x001f94ec	0x00202f9c	DATA	0
0x001f94f0	0x00202f44	DATA	0
0x001f94f4	0x00202f38	DATA	0
0x001f94f8	0x00202fc0	DATA	0
0x001f94fc	0x00202fc8	DATA	0
0x001f9500	0x00202f24	DATA	0
0x001f9504	0x00203028	DATA	0
0x001f9508	0x00202e80	DATA	0
0x001f950c	0x00203060	DATA	0
0x001f9510	0x00203078	DATA	0
0x001f9514	0x00202f14	DATA	0
0x001f9518	0x00202dbc	DATA	0
0x001f951c	0x00203084	DATA	0
0x001f9520	0x00203098	DATA	0
0x001f9524	0x002030a4	DATA	0
0x001f9528	0x00202e1c	DATA	0
0x001f952c	0x002030b0	DATA	0
0x001f9530	0x00202df8	DATA	0
0x001f9534	0x00202f58	DATA	0
0x001f9538	0x00202dd4	DATA	0
0x001f953c	0x002031dc	DATA	0
0x001f9540	0x002031f0	DATA	0
0x001f9544	0x002031a0	DATA	0
0x001f9548	0x002031b8	DATA	0
0x001f954c	0x00203200	DATA	0
0x001f9550	0x0020317c	DATA	0
0x001f9554	0x0020322c	DATA	0
0x001f9558	0x0020323c	DATA	0
0x001f955c	0x00203188	DATA	0
0x001f9560	0x00203260	DATA	0
0x001f9564	0x00203254	DATA	0
0x001f9568	0x00203144	DATA	0
0x001f956c	0x00203134	DATA	0
0x001f9570	0x002071b8	DATA	0
0x001f9574	0x00207144	DATA	0
0x001f9578	0x00207174	DATA	0
0x001f957c	0x00206e38	DATA	0
0x001f9580	0x00203bb4	DATA	0
0x001f9584	0x002071a0	DATA	0
0x001f9588	0x00207190	DATA	0
0x001f958c	0x002071c8	DATA	0
0x001f9590	0x00207160	DATA	0
0x001f9594	0x00206ef0	DATA	0
0x001f9598	0x00206f80	DATA	0
0x001f959c	0x00206de8	DATA	0
0x001f95a0	0x00206f98	DATA	0
0x001f95a4	0x00206fac	DATA	0
0x001f95a8	0x00206fc4	DATA	0
0x001f95ac	0x00206fdc	DATA	0
0x001f95b0	0x00206ff4	DATA	0
0x001f95b4	0x0020700c	DATA	0
0x001f95b8	0x00206f00	DATA	0
0x001f95bc	0x00207028	DATA	0
0x001f95c0	0x0020704c	DATA	0
0x001f95c4	0x00206f70	DATA	0
0x001f95c8	0x00206f5c	DATA	0
0x001f95cc	0x00206f20	DATA	0
0x001f95d0	0x00206f3c	DATA	0
0x001f95d4	0x00206f4c	DATA	0
0x001f95d8	0x0020706c	DATA	0
0x001f95dc	0x00206e14	DATA	0
0x001f95e0	0x00203c94	DATA	0
0x001f95e4	0x00206ce4	DATA	0
0x001f95e8	0x00206eb8	DATA	0
0x001f95ec	0x00206dd0	DATA	0
0x001f95f0	0x00206e60	DATA	0
0x001f95f4	0x00206e6c	DATA	0
0x001f95f8	0x00206e80	DATA	0
0x001f95fc	0x00206e90	DATA	0
0x001f9600	0x00204aa0	DATA	0
0x001f9604	0x00206ee0	DATA	0
0x001f9608	0x00202ac0	DATA	0
0x001f960c	0x00206ed0	DATA	0
0x001f9610	0x00204aa8	DATA	0
0x001f9614	0x00204a94	DATA	0
0x001f9618	0x00204fe4	DATA	0
0x001f961c	0x00204ff8	DATA	0
0x001f9620	0x00206ccc	DATA	0
0x001f9624	0x00206cd4	DATA	0
0x001f9628	0x00206cdc	DATA	0
0x001f962c	0x00206cb8	DATA	0
0x001f9630	0x00206ca0	DATA	0
0x001f9634	0x002023b4	DATA	0
0x001f9638	0x00206c80	DATA	0
0x001f963c	0x00206c70	DATA	0
0x001f9640	0x00206c68	DATA	0
0x001f9644	0x00206c3c	DATA	0
0x001f9648	0x00206c28	DATA	0
0x001f964c	0x00206c14	DATA	0
0x001f9650	0x00206c08	DATA	0
0x001f9654	0x00206bf4	DATA	0
0x001f9658	0x00206bd8	DATA	0
0x001f965c	0x00206bd0	DATA	0
0x001f9660	0x00206b74	DATA	0
0x001f9664	0x002069c0	DATA	0
0x001f9668	0x002069f4	DATA	0
0x001f966c	0x00206a28	DATA	0
0x001f9670	0x00206b3c	DATA	0
0x001f9674	0x00206a54	DATA	0
0x001f9678	0x00206b14	DATA	0
0x001f967c	0x00206af8	DATA	0
0x001f9680	0x00206a80	DATA	0
0x001f9684	0x0020698c	DATA	0
0x001f9688	0x002068f8	DATA	0
0x001f968c	0x002061a8	DATA	0
0x001f9690	0x00205920	DATA	0
0x001f9694	0x002061bc	DATA	0
0x001f9698	0x0020593c	DATA	0
0x001f969c	0x00205638	DATA	0
0x001f96a0	0x0020564c	DATA	0
0x001f96a4	0x00205664	DATA	0
0x001f96a8	0x0020567c	DATA	0
0x001f96ac	0x00205698	DATA	0
0x001f96b0	0x00205a3c	DATA	0
0x001f96b4	0x00205a68	DATA	0
0x001f96b8	0x00205a94	DATA	0
0x001f96bc	0x002060e0	DATA	0
0x001f96c0	0x00205958	DATA	0
0x001f96c4	0x00206608	DATA	0
0x001f96c8	0x0020667c	DATA	0
0x001f96cc	0x00205abc	DATA	0
0x001f96d0	0x0020644c	DATA	0
0x001f96d4	0x00206464	DATA	0
0x001f96d8	0x002060d4	DATA	0
0x001f96dc	0x00206138	DATA	0
0x001f96e0	0x0020615c	DATA	0
0x001f96e4	0x0020614c	DATA	0
0x001f96e8	0x00206188	DATA	0
0x001f96ec	0x00206194	DATA	0
0x001f96f0	0x002060f4	DATA	0
0x001f96f4	0x00205974	DATA	0
0x001f96f8	0x002061e4	DATA	0
0x001f96fc	0x002061d4	DATA	0
0x001f9700	0x00206124	DATA	0
0x001f9704	0x00206488	DATA	0
0x001f9708	0x002065ec	DATA	0
0x001f970c	0x00206470	DATA	0
0x001f9710	0x00205cd8	DATA	0
0x001f9714	0x00205cac	DATA	0
0x001f9718	0x0020647c	DATA	0
0x001f971c	0x0020649c	DATA	0
0x001f9720	0x002064ac	DATA	0
0x001f9724	0x00205d5c	DATA	0
0x001f9728	0x002065a8	DATA	0
0x001f972c	0x002064f0	DATA	0
0x001f9730	0x0020650c	DATA	0
0x001f9734	0x002064c4	DATA	0
0x001f9738	0x0020657c	DATA	0
0x001f973c	0x00206554	DATA	0
0x001f9740	0x00206588	DATA	0
0x001f9744	0x002065c4	DATA	0
0x001f9748	0x00206118	DATA	0
0x001f974c	0x00206224	DATA	0
0x001f9750	0x00206340	DATA	0
0x001f9754	0x00206034	DATA	0
0x001f9758	0x00205dac	DATA	0
0x001f975c	0x00206334	DATA	0
0x001f9760	0x00206108	DATA	0
0x001f9764	0x0020632c	DATA	0
0x001f9768	0x00206308	DATA	0
0x001f976c	0x002062bc	DATA	0
0x001f9770	0x00206210	DATA	0
0x001f9774	0x00206280	DATA	0
0x001f9778	0x0020607c	DATA	0
0x001f977c	0x00206244	DATA	0
0x001f9780	0x00206238	DATA	0
0x001f9784	0x00206270	DATA	0
0x001f9788	0x00206264	DATA	0
0x001f978c	0x00206258	DATA	0
0x001f9790	0x00205c30	DATA	0
0x001f9794	0x00205d1c	DATA	0
0x001f9798	0x00205d44	DATA	0
0x001f979c	0x00205d30	DATA	0
0x001f97a0	0x002054b4	DATA	0
0x001f97a4	0x0020601c	DATA	0
0x001f97a8	0x00206010	DATA	0
0x001f97ac	0x00203bfc	DATA	0
0x001f97b0	0x00206008	DATA	0
0x001f97b4	0x00205ffc	DATA	0
0x001f97b8	0x00205fe8	DATA	0
0x001f97bc	0x0020598c	DATA	0
0x001f97c0	0x00205fd4	DATA	0
0x001f97c4	0x00205910	DATA	0
0x001f97c8	0x00205904	DATA	0
0x001f97cc	0x00205fbc	DATA	0
0x001f97d0	0x00205a20	DATA	0
0x001f97d4	0x002058e8	DATA	0
0x001f97d8	0x002058f0	DATA	0
0x001f97dc	0x00205fa4	DATA	0
0x001f97e0	0x00205b08	DATA	0
0x001f97e4	0x00205ae8	DATA	0
0x001f97e8	0x00205f94	DATA	0
0x001f97ec	0x00205f84	DATA	0
0x001f97f0	0x00205f70	DATA	0
0x001f97f4	0x00205f5c	DATA	0
0x001f97f8	0x00205f48	DATA	0
0x001f97fc	0x00205f34	DATA	0
0x001f9800	0x00205f20	DATA	0
0x001f9804	0x00205b58	DATA	0
0x001f9808	0x00205be0	DATA	0
0x001f980c	0x00205b2c	DATA	0
0x001f9810	0x00205f10	DATA	0
0x001f9814	0x00205f04	DATA	0
0x001f9818	0x00205ef8	DATA	0
0x001f981c	0x00205ee8	DATA	0
0x001f9820	0x00205ed8	DATA	0
0x001f9824	0x00205ec8	DATA	0
0x001f9828	0x002058cc	DATA	0
0x001f982c	0x00205774	DATA	0
0x001f9830	0x00205b44	DATA	0
0x001f9834	0x00205eb4	DATA	0
0x001f9838	0x00205ea8	DATA	0
0x001f983c	0x00205b6c	DATA	0
0x001f9840	0x00205c08	DATA	0
0x001f9844	0x00205c1c	DATA	0
0x001f9848	0x002057c8	DATA	0
0x001f984c	0x002057d8	DATA	0
0x001f9850	0x00205ba8	DATA	0
0x001f9854	0x00205bc4	DATA	0
0x001f9858	0x00205798	DATA	0
0x001f985c	0x002057b0	DATA	0
0x001f9860	0x00205bf8	DATA	0
0x001f9864	0x00205788	DATA	0
0x001f9868	0x00205e98	DATA	0
0x001f986c	0x00205824	DATA	0
0x001f9870	0x00205e84	DATA	0
0x001f9874	0x00205d0c	DATA	0
0x001f9878	0x002054d8	DATA	0
0x001f987c	0x00205b80	DATA	0
0x001f9880	0x00205b94	DATA	0
0x001f9884	0x00205cc0	DATA	0
0x001f9888	0x0020583c	DATA	0
0x001f988c	0x00205e74	DATA	0
0x001f9890	0x00205e64	DATA	0
0x001f9894	0x00205e54	DATA	0
0x001f9898	0x00205d74	DATA	0
0x001f989c	0x00205d88	DATA	0
0x001f98a0	0x00205d9c	DATA	0
0x001f98a4	0x00205e44	DATA	0
0x001f98a8	0x00205e18	DATA	0
0x001f98ac	0x00205e0c	DATA	0
0x001f98b0	0x002058bc	DATA	0
0x001f98b4	0x002058dc	DATA	0
0x001f98b8	0x002056b8	DATA	0
0x001f98bc	0x002056cc	DATA	0
0x001f98c0	0x00205c4c	DATA	0
0x001f98c4	0x0020575c	DATA	0
0x001f98c8	0x002056e0	DATA	0
0x001f98cc	0x00205700	DATA	0
0x001f98d0	0x0020571c	DATA	0
0x001f98d4	0x00205730	DATA	0
0x001f98d8	0x00205748	DATA	0
0x001f98dc	0x00205e04	DATA	0
0x001f98e0	0x00205494	DATA	0
0x001f98e4	0x00205c60	DATA	0
0x001f98e8	0x00205cf0	DATA	0
0x001f98ec	0x00205874	DATA	0
0x001f98f0	0x00205c80	DATA	0
0x001f98f4	0x0020589c	DATA	0
0x001f98f8	0x002058ac	DATA	0
0x001f98fc	0x00205dfc	DATA	0
0x001f9900	0x00205484	DATA	0
0x001f9904	0x00205df0	DATA	0
0x001f9908	0x00205474	DATA	0
0x001f990c	0x00205de4	DATA	0
0x001f9910	0x00205dd4	DATA	0
0x001f9914	0x00205dc4	DATA	0
0x001f9918	0x00202e94	DATA	0
0x001f991c	0x00202ec4	DATA	0
0x001f9920	0x00202d08	DATA	0
0x001f9924	0x0020541c	DATA	0
0x001f9928	0x00202e64	DATA	0
0x001f992c	0x00202e54	DATA	0
0x001f9930	0x00202d2c	DATA	0
0x001f9934	0x00202d38	DATA	0
0x001f9938	0x00202e40	DATA	0
0x001f993c	0x00202e74	DATA	0
0x001f9940	0x002053f0	DATA	0
0x001f9944	0x00205408	DATA	0
0x001f9948	0x00205434	DATA	0
0x001f994c	0x00205454	DATA	0
0x001f9950	0x00202af4	DATA	0
0x001f9954	0x00205050	DATA	0
0x001f9958	0x00204fa8	DATA	0
0x001f995c	0x00205098	DATA	0
0x001f9960	0x00204b30	DATA	0
0x001f9964	0x00204e0c	DATA	0
0x001f9968	0x002052fc	DATA	0
0x001f996c	0x002051d4	DATA	0
0x001f9970	0x002051bc	DATA	0
0x001f9974	0x00205298	DATA	0
0x001f9978	0x002052b0	DATA	0
0x001f997c	0x00204eec	DATA	0
0x001f9980	0x00204f18	DATA	0
0x001f9984	0x00205308	DATA	0
0x001f9988	0x002052e0	DATA	0
0x001f998c	0x00205334	DATA	0
0x001f9990	0x002052c4	DATA	0
0x001f9994	0x002052ec	DATA	0
0x001f9998	0x00205324	DATA	0
0x001f999c	0x00205318	DATA	0
0x001f99a0	0x00205344	DATA	0
0x001f99a4	0x00205358	DATA	0
0x001f99a8	0x00205368	DATA	0
0x001f99ac	0x002051a0	DATA	0
0x001f99b0	0x00205388	DATA	0
0x001f99b4	0x00205378	DATA	0
0x001f99b8	0x00204e18	DATA	0
0x001f99bc	0x00204e48	DATA	0
0x001f99c0	0x00204e28	DATA	0
0x001f99c4	0x00204e9c	DATA	0
0x001f99c8	0x00204eb8	DATA	0
0x001f99cc	0x00205194	DATA	0
0x001f99d0	0x00204ab4	DATA	0
0x001f99d4	0x00205180	DATA	0
0x001f99d8	0x00204afc	DATA	0
0x001f99dc	0x00204acc	DATA	0
0x001f99e0	0x00204ae4	DATA	0
0x001f99e4	0x00204f50	DATA	0
0x001f99e8	0x00204e60	DATA	0
0x001f99ec	0x00204f00	DATA	0
0x001f99f0	0x00204f40	DATA	0
0x001f99f4	0x00205164	DATA	0
0x001f99f8	0x00204f88	DATA	0
0x001f99fc	0x00205158	DATA	0
0x001f9a00	0x00204ecc	DATA	0
0x001f9a04	0x0020501c	DATA	0
0x001f9a08	0x00205038	DATA	0
0x001f9a0c	0x00205140	DATA	0
0x001f9a10	0x0020512c	DATA	0
0x001f9a14	0x0020511c	DATA	0
0x001f9a18	0x00205108	DATA	0
0x001f9a1c	0x002050fc	DATA	0
0x001f9a20	0x00204fd4	DATA	0
0x001f9a24	0x002050e8	DATA	0
0x001f9a28	0x002050dc	DATA	0
0x001f9a2c	0x00202db4	DATA	0
0x001f9a30	0x00204f94	DATA	0
0x001f9a34	0x002050c8	DATA	0
0x001f9a38	0x002050bc	DATA	0
0x001f9a3c	0x002050a8	DATA	0
0x001f9a40	0x00204f78	DATA	0
0x001f9a44	0x00205088	DATA	0
0x001f9a48	0x00203c54	DATA	0
0x001f9a4c	0x002046b0	DATA	0
0x001f9a50	0x00204a14	DATA	0
0x001f9a54	0x00204a00	DATA	0
0x001f9a58	0x00204a58	DATA	0
0x001f9a5c	0x002049f4	DATA	0
0x001f9a60	0x00204978	DATA	0
0x001f9a64	0x00204794	DATA	0
0x001f9a68	0x002049bc	DATA	0
0x001f9a6c	0x00204988	DATA	0
0x001f9a70	0x0020367c	DATA	0
0x001f9a74	0x002036ac	DATA	0
0x001f9a78	0x002036dc	DATA	0
0x001f9a7c	0x0020469c	DATA	0
0x001f9a80	0x00203694	DATA	0
0x001f9a84	0x002036c4	DATA	0
0x001f9a88	0x002036f0	DATA	0
0x001f9a8c	0x00204998	DATA	0
0x001f9a90	0x00203708	DATA	0
0x001f9a94	0x00203730	DATA	0
0x001f9a98	0x002049e0	DATA	0
0x001f9a9c	0x002046d4	DATA	0
0x001f9aa0	0x002049a4	DATA	0
0x001f9aa4	0x0020496c	DATA	0
0x001f9aa8	0x0020495c	DATA	0
0x001f9aac	0x00204940	DATA	0
0x001f9ab0	0x00204930	DATA	0
0x001f9ab4	0x00204914	DATA	0
0x001f9ab8	0x00204908	DATA	0
0x001f9abc	0x002048f8	DATA	0
0x001f9ac0	0x002048ec	DATA	0
0x001f9ac4	0x002048ac	DATA	0
0x001f9ac8	0x00204748	DATA	0
0x001f9acc	0x00204884	DATA	0
0x001f9ad0	0x00204764	DATA	0
0x001f9ad4	0x00204874	DATA	0
0x001f9ad8	0x00201b4c	DATA	0
0x001f9adc	0x00204660	DATA	0
0x001f9ae0	0x0020467c	DATA	0
0x001f9ae4	0x0020468c	DATA	0
0x001f9ae8	0x0020466c	DATA	0
0x001f9aec	0x002045d8	DATA	0
0x001f9af0	0x00204700	DATA	0
0x001f9af4	0x00204724	DATA	0
0x001f9af8	0x002045c4	DATA	0
0x001f9afc	0x002045b0	DATA	0
0x001f9b00	0x00204318	DATA	0
0x001f9b04	0x0020432c	DATA	0
0x001f9b08	0x0020428c	DATA	0
0x001f9b0c	0x002042b8	DATA	0
0x001f9b10	0x002042a4	DATA	0
0x001f9b14	0x002042d0	DATA	0
0x001f9b18	0x002042e8	DATA	0
0x001f9b1c	0x00204300	DATA	0
0x001f9b20	0x00204438	DATA	0
0x001f9b24	0x00204374	DATA	0
0x001f9b28	0x00204440	DATA	0
0x001f9b2c	0x00204454	DATA	0
0x001f9b30	0x002040c4	DATA	0
0x001f9b34	0x002041cc	DATA	0
0x001f9b38	0x002041e0	DATA	0
0x001f9b3c	0x0020434c	DATA	0
0x001f9b40	0x002040a8	DATA	0
0x001f9b44	0x00204398	DATA	0
0x001f9b48	0x002041bc	DATA	0
0x001f9b4c	0x00204430	DATA	0
0x001f9b50	0x002043b4	DATA	0
0x001f9b54	0x00204448	DATA	0
0x001f9b58	0x00203e64	DATA	0
0x001f9b5c	0x00203e04	DATA	0
0x001f9b60	0x00203ec4	DATA	0
0x001f9b64	0x00204188	DATA	0
0x001f9b68	0x002041a8	DATA	0
0x001f9b6c	0x00204140	DATA	0
0x001f9b70	0x00204130	DATA	0
0x001f9b74	0x00204118	DATA	0
0x001f9b78	0x00204100	DATA	0
0x001f9b7c	0x00203ed0	DATA	0
0x001f9b80	0x00203ee0	DATA	0
0x001f9b84	0x00203d80	DATA	0
0x001f9b88	0x00203dc0	DATA	0
0x001f9b8c	0x00203d90	DATA	0
0x001f9b90	0x00203dd4	DATA	0
0x001f9b94	0x00203de4	DATA	0
0x001f9b98	0x00203df0	DATA	0
0x001f9b9c	0x00201eec	DATA	0
0x001f9ba0	0x00201f6c	DATA	0
0x001f9ba4	0x00201f58	DATA	0
0x001f9ba8	0x00203ba4	DATA	0
0x001f9bac	0x00202144	DATA	0
0x001f9bb0	0x00202108	DATA	0
0x001f9bb4	0x00203cd0	DATA	0
0x001f9bb8	0x002021d4	DATA	0
0x001f9bbc	0x00203cb8	DATA	0
0x001f9bc0	0x00203cf8	DATA	0
0x001f9bc4	0x00203d20	DATA	0
0x001f9bc8	0x00203d0c	DATA	0
0x001f9bcc	0x00203bdc	DATA	0
0x001f9bd0	0x00203da8	DATA	0
0x001f9bd4	0x00203e34	DATA	0
0x001f9bd8	0x00203e50	DATA	0
0x001f9bdc	0x002021f4	DATA	0
0x001f9be0	0x00203eb0	DATA	0
0x001f9be4	0x00203ea4	DATA	0
0x001f9be8	0x00203e98	DATA	0
0x001f9bec	0x00202448	DATA	0
0x001f9bf0	0x00203e8c	DATA	0
0x001f9bf4	0x00203e74	DATA	0
0x001f9bf8	0x00202310	DATA	0
0x001f9bfc	0x00203b34	DATA	0
0x001f9c00	0x00202334	DATA	0
0x001f9c04	0x00203b54	DATA	0
0x001f9c08	0x00203b80	DATA	0
0x001f9c0c	0x00203bec	DATA	0
0x001f9c10	0x0020385c	DATA	0
0x001f9c14	0x0020384c	DATA	0
0x001f9c18	0x00203910	DATA	0
0x001f9c1c	0x00203a20	DATA	0
0x001f9c20	0x00203ad4	DATA	0
0x001f9c24	0x00203964	DATA	0
0x001f9c28	0x00203404	DATA	0
0x001f9c2c	0x00203a44	DATA	0
0x001f9c30	0x002038fc	DATA	0
0x001f9c34	0x0020383c	DATA	0
0x001f9c38	0x002035ec	DATA	0
0x001f9c3c	0x00203b20	DATA	0
0x001f9c40	0x00203644	DATA	0
0x001f9c44	0x00203a34	DATA	0
0x001f9c48	0x00203658	DATA	0
0x001f9c4c	0x00203a0c	DATA	0
0x001f9c50	0x00203ae8	DATA	0
0x001f9c54	0x00203938	DATA	0
0x001f9c58	0x0020394c	DATA	0
0x001f9c5c	0x00203a5c	DATA	0
0x001f9c60	0x002037f8	DATA	0
0x001f9c64	0x002037e8	DATA	0
0x001f9c68	0x00203920	DATA	0
0x001f9c6c	0x00203784	DATA	0
0x001f9c70	0x00203798	DATA	0
0x001f9c74	0x00203b0c	DATA	0
0x001f9c78	0x002037a8	DATA	0
0x001f9c7c	0x00203978	DATA	0
0x001f9c80	0x0020381c	DATA	0
0x001f9c84	0x00203afc	DATA	0
0x001f9c88	0x0020395c	DATA	0
0x001f9c8c	0x002037c8	DATA	0
0x001f9c90	0x002039f8	DATA	0
0x001f9c94	0x002039e8	DATA	0
0x001f9c98	0x0020366c	DATA	0
0x001f9c9c	0x00203770	DATA	0
0x001f9ca0	0x00203758	DATA	0
0x001f9ca4	0x002037b8	DATA	0
0x001f9ca8	0x002037d8	DATA	0
0x001f9cac	0x00203990	DATA	0
0x001f9cb0	0x00203808	DATA	0
0x001f9cb4	0x002039bc	DATA	0
0x001f9cb8	0x0020386c	DATA	0
0x001f9cbc	0x00203828	DATA	0
0x001f9cc0	0x00203444	DATA	0
0x001f9cc4	0x00203418	DATA	0
0x001f9cc8	0x00203438	DATA	0
0x001f9ccc	0x002033e8	DATA	0
0x001f9cd0	0x002033c8	DATA	0
0x001f9cd4	0x002033d8	DATA	0
0x001f9cd8	0x002033b4	DATA	0
0x001f9cdc	0x0020245c	DATA	0
0x001f9ce0	0x00203290	DATA	0
0x001f9ce4	0x00203424	DATA	0
0x001f9ce8	0x002033f4	DATA	0
0x001f9cec	0x002076a4	DATA	0
0x001f9cf0	0x00207584	DATA	0
0x001f9cf4	0x00207670	DATA	0
0x001f9cf8	0x00207694	DATA	0
0x001f9cfc	0x00207684	DATA	0
0x001f9d00	0x00207550	DATA	0
0x001f9d04	0x002075d8	DATA	0
0x001f9d08	0x002075f0	DATA	0
0x001f9d0c	0x002074e0	DATA	0
0x001f9d10	0x00207498	DATA	0
0x001f9d14	0x00207620	DATA	0
0x001f9d18	0x00207574	DATA	0
0x001f9d1c	0x00207598	DATA	0
0x001f9d20	0x00207590	DATA	0
0x001f9d24	0x002072ac	DATA	0
0x001f9d28	0x002073b4	DATA	0
0x001f9d2c	0x002073d8	DATA	0
0x001f9d30	0x002073a0	DATA	0
0x001f9d34	0x00207338	DATA	0
0x001f9d38	0x0020726c	DATA	0
0x001f9d3c	0x00207290	DATA	0
0x001f9d40	0x0020720c	DATA	0
0x001f9d44	0x00207218	DATA	0
0x001f9d48	0x00207230	DATA	0
0x001f9d4c	0x00207310	DATA	0
0x001f9d50	0x002072bc	DATA	0
0x001f9d54	0x002072dc	DATA	0
0x001f9d58	0x00207300	DATA	0
0x001f9d5c	0x002072f4	DATA	0
0x001f9d60	0x002072ec	DATA	0
0x001f9d64	0x001fdfbd	DATA	0
0x001f9d68	0x001fdfcd	DATA	0
0x001f9d6c	0x001fe06b	DATA	0
0x001f9d70	0x001fe049	DATA	0
0x001f9d74	0x001fe0c9	DATA	0
0x001f9d78	0x001fe0d3	DATA	0
0x001f9d7c	0x001fe0e9	DATA	0
0x001f9d80	0x001fe1b2	DATA	0
0x001f9d84	0x001fdfd6	DATA	0
0x001f9d88	0x001fe1b7	DATA	0
0x001f9d8c	0x001fe02d	DATA	0
0x001f9d90	0x001fe305	DATA	0
0x001f9d94	0x001fe3dd	DATA	0
0x001f9d98	0x001fe26b	DATA	0
0x001f9d9c	0x001fe1cb	DATA	0
0x001f9da0	0x001fe42f	DATA	0
0x001f9da4	0x001fe4a1	DATA	0
0x001f9da8	0x001fe5af	DATA	0
0x001f9dac	0x001fe623	DATA	0
0x001f9db0	0x001fed89	DATA	0
0x001f9db4	0x001feb8d	DATA	0
0x001f9db8	0x001feb80	DATA	0
0x001f9dbc	0x001feb4e	DATA	0
0x001f9dc0	0x001feb73	DATA	0
0x001f9dc4	0x001feb67	DATA	0
0x001f9dc8	0x001fea7c	DATA	0
0x001f9dcc	0x001fe93a	DATA	0
0x001f9dd0	0x001fe870	DATA	0
0x001f9dd4	0x001fe8cc	DATA	0
0x001f9dd8	0x001fe77f	DATA	0
0x001f9ddc	0x001fe73a	DATA	0
0x001f9de0	0x001fee49	DATA	0
0x001f9de8	0x001fdfdf	DATA	0
0x001f9e0c	0x001fa744	DATA	0
0x001f9e10	0x001fdfdf	DATA	0
0x001f9e34	0x001fa76c	DATA	0
0x001f9e38	0x001fdfdf	DATA	0
0x001f9e5c	0x001fa794	DATA	0
0x001f9e60	0x001fdfdf	DATA	0
0x001f9e84	0x001fa7bc	DATA	0
0x001f9e88	0x001fdfdf	DATA	0
0x001f9eac	0x001fa7e4	DATA	0
0x001f9eb0	0x001fdfdf	DATA	0
0x001f9ed4	0x001fa80c	DATA	0
0x001f9ed8	0x001fdfdf	DATA	0
0x001f9f00	0x001fe035	DATA	0
0x001f9f24	0x001fa85c	DATA	0
0x001f9f28	0x001fe049	DATA	0
0x001f9f2c	0x001fe103	DATA	0
0x001f9f50	0x001fe06b	DATA	0
0x001f9f74	0x001fa8ac	DATA	0
0x001f9f78	0x001fdfdf	DATA	0
0x001f9f9c	0x001fa8d4	DATA	0
0x001f9fa0	0x001fdfdf	DATA	0
0x001f9fc8	0x001fdfdf	DATA	0
0x001f9ff0	0x001fdfdf	DATA	0
0x001fa018	0x001fdfcd	DATA	0
0x001fa040	0x001fe546	DATA	0
0x001fa068	0x001fe546	DATA	0
0x001fa088	0x001f8028	DATA	0
0x001fa08c	0x001fa9c4	DATA	0
0x001fa090	0x001fe62d	DATA	0
0x001fa094	0x001fe623	DATA	0
0x001fa0b4	0x001fa9ec	DATA	0
0x001fa0b8	0x001fdfdf	DATA	0
0x001fa0e0	0x001fdfdf	DATA	0
0x001fa108	0x001fdfcd	DATA	0
0x001fa130	0x001fe6d6	DATA	0
0x001fa158	0x001fe704	DATA	0
0x001fa17c	0x001faab4	DATA	0
0x001fa180	0x001fdfdf	DATA	0
0x001fa1a4	0x001faadc	DATA	0
0x001fa1a8	0x001fdfcd	DATA	0
0x001fa1d0	0x001fdfdf	DATA	0
0x001fa1f8	0x001fdfdf	DATA	0
0x001fa220	0x001fdfdf	DATA	0
0x001fa248	0x001fe62d	DATA	0
0x001fa270	0x001fdfdf	DATA	0
0x001fa298	0x001fdfdf	DATA	0
0x001fa2bc	0x001fabf4	DATA	0
0x001fa2c0	0x001fe62d	DATA	0
0x001fa2e4	0x001fac1c	DATA	0
0x001fa2e8	0x001fdfdf	DATA	0
0x001fa30c	0x001fac44	DATA	0
0x001fa310	0x001fe62d	DATA	0
0x001fa334	0x001fac6c	DATA	0
0x001fa338	0x001fdfdf	DATA	0
0x001fa360	0x001fe62d	DATA	0
0x001fa388	0x001fe6d6	DATA	0
0x001fa3a8	0x001f8130	DATA	0
0x001fa3ac	0x001face4	DATA	0
0x001fa3b0	0x001fdfcd	DATA	0
0x001fa3b4	0x001fea2f	DATA	0
0x001fa3d8	0x001fe62d	DATA	0
0x001fa400	0x001fdfcd	DATA	0
0x001fa428	0x001fdfcd	DATA	0
0x001fa450	0x001fdfdf	DATA	0
0x001fa478	0x001fe62d	DATA	0
0x001fa4a0	0x001fdfdf	DATA	0
0x001fa4c8	0x001fdfdf	DATA	0
0x001fa4f0	0x001febb0	DATA	0
0x001fa518	0x001febb0	DATA	0
0x001fa540	0x001fdfdf	DATA	0
0x001fa568	0x001fe42f	DATA	0
0x001fa590	0x001fec84	DATA	0
0x001fa5b8	0x001fec84	DATA	0
0x001fa5e0	0x001fdfdf	DATA	0
0x001fa608	0x001fea50	DATA	0
0x001fa630	0x001fea50	DATA	0
0x001fa658	0x001fedae	DATA	0
0x001fa680	0x001fdfdf	DATA	0
0x001fa6a8	0x001fdfdf	DATA	0
0x001fa6f4	0x001fb02c	DATA	0
0x001fa6f8	0x001fdfdf	DATA	0
0x001fa6fc	0x001fee49	DATA	0
0x001fa71c	0x001fdfdf	DATA	0
0x001fa720	0x001fdfdf	DATA	0
0x001fa724	0x001fdfd6	DATA	0
0x001fa744	0x001fdfdf	DATA	0
0x001fa748	0x001fdfdf	DATA	0
0x001fa74c	0x001fe02d	DATA	0
0x001fa76c	0x001fdfdf	DATA	0
0x001fa770	0x001fdfdf	DATA	0
0x001fa774	0x001fe035	DATA	0
0x001fa794	0x001fdfdf	DATA	0
0x001fa798	0x001fdfdf	DATA	0
0x001fa79c	0x001fe049	DATA	0
0x001fa7bc	0x001fdfdf	DATA	0
0x001fa7c0	0x001fdfdf	DATA	0
0x001fa7c4	0x001fe056	DATA	0
0x001fa7e4	0x001fdfdf	DATA	0
0x001fa7e8	0x001fdfdf	DATA	0
0x001fa7ec	0x001fe06b	DATA	0
0x001fa80c	0x001fdfdf	DATA	0
0x001fa810	0x001fdfdf	DATA	0
0x001fa814	0x001fe077	DATA	0
0x001fa834	0x001fdfdf	DATA	0
0x001fa838	0x001fe035	DATA	0
0x001fa83c	0x001fe0e9	DATA	0
0x001fa85c	0x001fdfdf	DATA	0
0x001fa860	0x001fe049	DATA	0
0x001fa864	0x001fe103	DATA	0
0x001fa884	0x001fdfdf	DATA	0
0x001fa888	0x001fe06b	DATA	0
0x001fa88c	0x001fe15a	DATA	0
0x001fa8a8	0x001f8000	DATA	0
0x001fa8ac	0x001fdfdf	DATA	0
0x001fa8b0	0x001fdfdf	DATA	0
0x001fa8b4	0x001fe1b7	DATA	0
0x001fa8d4	0x001fdfdf	DATA	0
0x001fa8d8	0x001fdfdf	DATA	0
0x001fa8dc	0x001fe1cb	DATA	0
0x001fa8fc	0x001fdfdf	DATA	0
0x001fa900	0x001fdfdf	DATA	0
0x001fa904	0x001fe0d3	DATA	0
0x001fa924	0x001fdfdf	DATA	0
0x001fa928	0x001fdfdf	DATA	0
0x001fa92c	0x001fe26b	DATA	0
0x001fa94c	0x001fdfdf	DATA	0
0x001fa950	0x001fdfcd	DATA	0
0x001fa954	0x001fe443	DATA	0
0x001fa970	0x001f800c	DATA	0
0x001fa974	0x001fdfdf	DATA	0
0x001fa978	0x001fe546	DATA	0
0x001fa97c	0x001fe533	DATA	0
0x001fa998	0x001f8018	DATA	0
0x001fa99c	0x001fdfdf	DATA	0
0x001fa9a0	0x001fe546	DATA	0
0x001fa9a4	0x001fe5b6	DATA	0
0x001fa9c4	0x001fdfdf	DATA	0
0x001fa9c8	0x001fe62d	DATA	0
0x001fa9cc	0x001fe623	DATA	0
0x001fa9ec	0x001fdfdf	DATA	0
0x001fa9f0	0x001fdfdf	DATA	0
0x001fa9f4	0x001fdfcd	DATA	0
0x001faa14	0x001fdfdf	DATA	0
0x001faa18	0x001fdfdf	DATA	0
0x001faa1c	0x001fe305	DATA	0
0x001faa3c	0x001fdfdf	DATA	0
0x001faa40	0x001fdfcd	DATA	0
0x001faa44	0x001fe6d6	DATA	0
0x001faa64	0x001fdfdf	DATA	0
0x001faa68	0x001fe6d6	DATA	0
0x001faa6c	0x001fe704	DATA	0
0x001faa88	0x001f80d0	DATA	0
0x001faa8c	0x001fdfdf	DATA	0
0x001faa90	0x001fe704	DATA	0
0x001faa94	0x001fe73a	DATA	0
0x001faab0	0x001f80dc	DATA	0
0x001faab4	0x001fdfdf	DATA	0
0x001faab8	0x001fdfdf	DATA	0
0x001faabc	0x001fe42f	DATA	0
0x001faadc	0x001fdfdf	DATA	0
0x001faae0	0x001fdfcd	DATA	0
0x001faae4	0x001fe62d	DATA	0
0x001fab04	0x001fdfdf	DATA	0
0x001fab08	0x001fdfdf	DATA	0
0x001fab0c	0x001fe77f	DATA	0
0x001fab28	0x001f80e8	DATA	0
0x001fab2c	0x001fdfdf	DATA	0
0x001fab30	0x001fdfdf	DATA	0
0x001fab34	0x001fdfbd	DATA	0
0x001fab50	0x001f80f4	DATA	0
0x001fab54	0x001fdfdf	DATA	0
0x001fab58	0x001fdfdf	DATA	0
0x001fab5c	0x001fe4a1	DATA	0
0x001fab78	0x001f8100	DATA	0
0x001fab7c	0x001fdfdf	DATA	0
0x001fab80	0x001fe62d	DATA	0
0x001fab84	0x001fe84f	DATA	0
0x001faba4	0x001fdfdf	DATA	0
0x001faba8	0x001fdfdf	DATA	0
0x001fabac	0x001fe870	DATA	0
0x001fabcc	0x001fdfdf	DATA	0
0x001fabd0	0x001fdfdf	DATA	0
0x001fabd4	0x001fe88d	DATA	0
0x001fabf4	0x001fdfdf	DATA	0
0x001fabf8	0x001fe62d	DATA	0
0x001fabfc	0x001fe8c1	DATA	0
0x001fac18	0x001f810c	DATA	0
0x001fac1c	0x001fdfdf	DATA	0
0x001fac20	0x001fdfdf	DATA	0
0x001fac24	0x001fe8cc	DATA	0
0x001fac44	0x001fdfdf	DATA	0
0x001fac48	0x001fe62d	DATA	0
0x001fac4c	0x001fe92e	DATA	0
0x001fac68	0x001f8118	DATA	0
0x001fac6c	0x001fdfdf	DATA	0
0x001fac70	0x001fdfdf	DATA	0
0x001fac74	0x001fe93a	DATA	0
0x001fac94	0x001fdfdf	DATA	0
0x001fac98	0x001fe62d	DATA	0
0x001fac9c	0x001fe95b	DATA	0
0x001facc0	0x001fe6d6	DATA	0
0x001face4	0x001fdfdf	DATA	0
0x001face8	0x001fdfcd	DATA	0
0x001facec	0x001fea2f	DATA	0
0x001fad0c	0x001fdfdf	DATA	0
0x001fad10	0x001fe62d	DATA	0
0x001fad14	0x001fea50	DATA	0
0x001fad30	0x001f8140	DATA	0
0x001fad34	0x001fdfdf	DATA	0
0x001fad38	0x001fdfcd	DATA	0
0x001fad3c	0x001fea7c	DATA	0
0x001fad58	0x001f814c	DATA	0
0x001fad5c	0x001fdfdf	DATA	0
0x001fad60	0x001fdfcd	DATA	0
0x001fad64	0x001fe546	DATA	0
0x001fad80	0x001f8160	DATA	0
0x001fad84	0x001fdfdf	DATA	0
0x001fad88	0x001fdfdf	DATA	0
0x001fad8c	0x001fe5af	DATA	0
0x001fadac	0x001fdfdf	DATA	0
0x001fadb0	0x001fe62d	DATA	0
0x001fadb4	0x001feb4e	DATA	0
0x001fadd4	0x001fdfdf	DATA	0
0x001fadd8	0x001fdfdf	DATA	0
0x001faddc	0x001feb80	DATA	0
0x001fadfc	0x001fdfdf	DATA	0
0x001fae00	0x001fdfdf	DATA	0
0x001fae04	0x001febb0	DATA	0
0x001fae24	0x001fdfdf	DATA	0
0x001fae28	0x001febb0	DATA	0
0x001fae2c	0x001feb67	DATA	0
0x001fae4c	0x001fdfdf	DATA	0
0x001fae50	0x001febb0	DATA	0
0x001fae54	0x001feb73	DATA	0
0x001fae74	0x001fdfdf	DATA	0
0x001fae78	0x001fdfdf	DATA	0
0x001fae7c	0x001feb8d	DATA	0
0x001fae9c	0x001fdfdf	DATA	0
0x001faea0	0x001fe42f	DATA	0
0x001faea4	0x001fec84	DATA	0
0x001faec4	0x001fdfdf	DATA	0
0x001faec8	0x001fec84	DATA	0
0x001faecc	0x001fece5	DATA	0
0x001faeec	0x001fdfdf	DATA	0
0x001faef0	0x001fec84	DATA	0
0x001faef4	0x001fed4c	DATA	0
0x001faf14	0x001fdfdf	DATA	0
0x001faf18	0x001fdfdf	DATA	0
0x001faf1c	0x001fed89	DATA	0
0x001faf3c	0x001fdfdf	DATA	0
0x001faf40	0x001fea50	DATA	0
0x001faf44	0x001fedae	DATA	0
0x001faf64	0x001fdfdf	DATA	0
0x001faf68	0x001fea50	DATA	0
0x001faf6c	0x001fede1	DATA	0
0x001faf8c	0x001fdfdf	DATA	0
0x001faf90	0x001fedae	DATA	0
0x001faf94	0x001fee06	DATA	0
0x001fafb4	0x001fdfdf	DATA	0
0x001fafb8	0x001fdfdf	DATA	0
0x001fafbc	0x001fe0c9	DATA	0
0x001fafdc	0x001fdfdf	DATA	0
0x001fafe0	0x001fdfdf	DATA	0
0x001fafe4	0x001fe1b2	DATA	0
0x001fb02c	0x001fdfdf	DATA	0
0x001fb030	0x001fdfdf	DATA	0
0x001fb034	0x001fee49	DATA	0
0x001fb05c	0x00201a8c	DATA	0
0x001fb060	0x001feed2	DATA	0
0x001fb064	0x0017f700	DATA	0
0x001fb068	0x00201a98	DATA	0
0x001fb06c	0x001feed2	DATA	0
0x001fb070	0x0017f6d4	DATA	0
0x001fb074	0x00201ab4	DATA	0
0x001fb078	0x001feede	DATA	0
0x001fb07c	0x0017f598	DATA	0
0x001fb080	0x00201ad8	DATA	0
0x001fb084	0x001feeea	DATA	0
0x001fb088	0x0017f4a8	DATA	0
0x001fb08c	0x00201afc	DATA	0
0x001fb090	0x001feef9	DATA	0
0x001fb094	0x0017f488	DATA	0
0x001fb098	0x00201b14	DATA	0
0x001fb09c	0x001fef05	DATA	0
0x001fb0a0	0x0017f3fc	DATA	0
0x001fb0a4	0x00201b34	DATA	0
0x001fb0a8	0x001fef17	DATA	0
0x001fb0ac	0x0017f3d4	DATA	0
0x001fb0b0	0x00201b4c	DATA	0
0x001fb0b4	0x001feebe	DATA	0
0x001fb0b8	0x0017f358	DATA	0
0x001fb0c4	0x00202a84	DATA	0
0x001fb0c8	0x001feebe	DATA	0
0x001fb0cc	0x001962b4	DATA	0
0x001fb0d0	0x002029c8	DATA	0
0x001fb0d4	0x001feeb6	DATA	0
0x001fb0d8	0x001962a8	DATA	0
0x001fb0dc	0x002029f8	DATA	0
0x001fb0e0	0x001feed2	DATA	0
0x001fb0e4	0x0019621c	DATA	0
0x001fb0f0	0x00202db4	DATA	0
0x001fb0f4	0x001feebe	DATA	0
0x001fb0f8	0x0019f818	DATA	0
0x001fb104	0x00202db4	DATA	0
0x001fb108	0x001feebe	DATA	0
0x001fb10c	0x001a06dc	DATA	0
0x001fb118	0x002029f8	DATA	0
0x001fb11c	0x001feed2	DATA	0
0x001fb120	0x001a0b90	DATA	0
0x001fb124	0x002031dc	DATA	0
0x001fb128	0x001feebe	DATA	0
0x001fb12c	0x001a0b84	DATA	0
0x001fb138	0x00202c38	DATA	0
0x001fb13c	0x001ff912	DATA	0
0x001fb140	0x001a4a08	DATA	0
0x001fb144	0x00202994	DATA	0
0x001fb148	0x001ff91f	DATA	0
0x001fb14c	0x001a4730	DATA	0
0x001fb150	0x002029b4	DATA	0
0x001fb154	0x001feeb6	DATA	0
0x001fb158	0x001a4724	DATA	0
0x001fb15c	0x002032ec	DATA	0
0x001fb160	0x001fef59	DATA	0
0x001fb164	0x001a46e0	DATA	0
0x001fb168	0x00203300	DATA	0
0x001fb16c	0x001fef59	DATA	0
0x001fb170	0x001a469c	DATA	0
0x001fb174	0x00203314	DATA	0
0x001fb178	0x001ff92b	DATA	0
0x001fb17c	0x001a45a8	DATA	0
0x001fb180	0x00203358	DATA	0
0x001fb184	0x001ff94e	DATA	0
0x001fb188	0x001a44a8	DATA	0
0x001fb18c	0x002033b4	DATA	0
0x001fb190	0x001fef26	DATA	0
0x001fb194	0x001a4484	DATA	0
0x001fb198	0x002033c8	DATA	0
0x001fb19c	0x001feeb6	DATA	0
0x001fb1a0	0x001a4458	DATA	0
0x001fb1a4	0x002033d8	DATA	0
0x001fb1a8	0x001fef26	DATA	0
0x001fb1ac	0x001a4434	DATA	0
0x001fb1b0	0x002033e8	DATA	0
0x001fb1b4	0x001feeb6	DATA	0
0x001fb1b8	0x001a4408	DATA	0
0x001fb1bc	0x0020265c	DATA	0
0x001fb1c0	0x001ff668	DATA	0
0x001fb1c4	0x001a4070	DATA	0
0x001fb1c8	0x002033f4	DATA	0
0x001fb1cc	0x001ff668	DATA	0
0x001fb1d0	0x001a3fc4	DATA	0
0x001fb1d4	0x00202980	DATA	0
0x001fb1d8	0x001ff986	DATA	0
0x001fb1dc	0x001a3fb8	DATA	0
0x001fb1e0	0x002029c8	DATA	0
0x001fb1e4	0x001feeb6	DATA	0
0x001fb1e8	0x001a3fac	DATA	0
0x001fb1ec	0x002029f8	DATA	0
0x001fb1f0	0x001feed2	DATA	0
0x001fb1f4	0x001a3fa0	DATA	0
0x001fb1f8	0x00201b4c	DATA	0
0x001fb1fc	0x001feebe	DATA	0
0x001fb200	0x001a3ef4	DATA	0
0x001fb20c	0x00202494	DATA	0
0x001fb210	0x001ff98f	DATA	0
0x001fb214	0x001a53a0	DATA	0
0x001fb218	0x00202c94	DATA	0
0x001fb21c	0x001feebe	DATA	0
0x001fb220	0x001a5384	DATA	0
0x001fb22c	0x002029f8	DATA	0
0x001fb230	0x001feed2	DATA	0
0x001fb234	0x001a639c	DATA	0
0x001fb238	0x00202980	DATA	0
0x001fb23c	0x001ff986	DATA	0
0x001fb240	0x001a6c40	DATA	0
0x001fb244	0x002029c8	DATA	0
0x001fb248	0x001feeb6	DATA	0
0x001fb24c	0x001a6c34	DATA	0
0x001fb258	0x002029c8	DATA	0
0x001fb25c	0x001feeb6	DATA	0
0x001fb260	0x001a83dc	DATA	0
0x001fb26c	0x002029f8	DATA	0
0x001fb270	0x001feed2	DATA	0
0x001fb274	0x001ac3d8	DATA	0
0x001fb278	0x00201b4c	DATA	0
0x001fb27c	0x001feebe	DATA	0
0x001fb280	0x001ac780	DATA	0
0x001fb284	0x00202980	DATA	0
0x001fb288	0x001ff986	DATA	0
0x001fb28c	0x001ac774	DATA	0
0x001fb290	0x002029c8	DATA	0
0x001fb294	0x001feeb6	DATA	0
0x001fb298	0x001ac768	DATA	0
0x001fb2a4	0x002029f8	DATA	0
0x001fb2a8	0x001feed2	DATA	0
0x001fb2ac	0x001ae7e0	DATA	0
0x001fb2b0	0x00202980	DATA	0
0x001fb2b4	0x001ff986	DATA	0
0x001fb2b8	0x001ae7d4	DATA	0
0x001fb2bc	0x002029c8	DATA	0
0x001fb2c0	0x001feeb6	DATA	0
0x001fb2c4	0x001ae7c8	DATA	0
0x001fb2d0	0x00204e0c	DATA	0
0x001fb2d4	0x001feebe	DATA	0
0x001fb2d8	0x001b0b64	DATA	0
0x001fb2dc	0x002029c8	DATA	0
0x001fb2e0	0x001feeb6	DATA	0
0x001fb2e4	0x001b0b58	DATA	0
0x001fb2e8	0x002029f8	DATA	0
0x001fb2ec	0x001feed2	DATA	0
0x001fb2f0	0x001b0ab8	DATA	0
0x001fb2fc	0x00205298	DATA	0
0x001fb300	0x001feede	DATA	0
0x001fb304	0x001b37bc	DATA	0
0x001fb310	0x002060e0	DATA	0
0x001fb314	0x001feec6	DATA	0
0x001fb318	0x001b78b0	DATA	0
0x001fb31c	0x002060f4	DATA	0
0x001fb320	0x001feec6	DATA	0
0x001fb324	0x001b784c	DATA	0
0x001fb328	0x00206108	DATA	0
0x001fb32c	0x001feede	DATA	0
0x001fb330	0x001b7828	DATA	0
0x001fb334	0x00206118	DATA	0
0x001fb338	0x001feede	DATA	0
0x001fb33c	0x001b77d0	DATA	0
0x001fb348	0x002029f8	DATA	0
0x001fb34c	0x001feed2	DATA	0
0x001fb350	0x001c4d88	DATA	0
0x001fb35c	0x002029f8	DATA	0
0x001fb360	0x001feed2	DATA	0
0x001fb364	0x001c68e8	DATA	0
0x001fb370	0x00202a84	DATA	0
0x001fb374	0x001feebe	DATA	0
0x001fb378	0x001c8c68	DATA	0
0x001fb37c	0x0020720c	DATA	0
0x001fb380	0x001fef3c	DATA	0
0x001fb384	0x001c8c48	DATA	0
0x001fb388	0x00207218	DATA	0
0x001fb38c	0x001ff581	DATA	0
0x001fb390	0x001c8c24	DATA	0
0x001fb394	0x00207230	DATA	0
0x001fb398	0x002016bf	DATA	0
0x001fb39c	0x001c8be4	DATA	0
0x001fb3a0	0x00207250	DATA	0
0x001fb3a4	0x002016bf	DATA	0
0x001fb3a8	0x001c8ae8	DATA	0
0x001fb3ac	0x00201b4c	DATA	0
0x001fb3b0	0x001feebe	DATA	0
0x001fb3b4	0x001c8a80	DATA	0
0x001fb3c0	0x00202a84	DATA	0
0x001fb3c4	0x001feebe	DATA	0
0x001fb3c8	0x001c95e8	DATA	0
0x001fb3cc	0x00207338	DATA	0
0x001fb3d0	0x001ff00a	DATA	0
0x001fb3d4	0x001c95b0	DATA	0
0x001fb3d8	0x00201b4c	DATA	0
0x001fb3dc	0x001feebe	DATA	0
0x001fb3e0	0x001c9540	DATA	0
0x001fb3ec	0x00207474	DATA	0
0x001fb3f0	0x00201856	DATA	0
0x001fb3f4	0x001ca42c	DATA	0
0x001fb3f8	0x0020748c	DATA	0
0x001fb3fc	0x001feebe	DATA	0
0x001fb400	0x001ca3a0	DATA	0
0x001fb404	0x00207498	DATA	0
0x001fb408	0x00201856	DATA	0
0x001fb40c	0x001ca2b8	DATA	0
0x001fb410	0x00201988	DATA	0
0x001fb414	0x001feed2	DATA	0
0x001fb418	0x001ca16c	DATA	0
0x001fb41c	0x002074b8	DATA	0
0x001fb420	0x0020187e	DATA	0
0x001fb424	0x001c9eb8	DATA	0
0x001fb428	0x002074cc	DATA	0
0x001fb42c	0x0020188b	DATA	0
0x001fb430	0x001c9e28	DATA	0
0x001fb434	0x002072f4	DATA	0
0x001fb438	0x001feec6	DATA	0
0x001fb43c	0x001c9d6c	DATA	0
0x001fb440	0x0020742c	DATA	0
0x001fb444	0x001feeb6	DATA	0
0x001fb448	0x001c9d5c	DATA	0
0x001fb44c	0x002074e0	DATA	0
0x001fb450	0x001feebe	DATA	0
0x001fb454	0x001c9d3c	DATA	0
0x001fb458	0x00201980	DATA	0
0x001fb45c	0x001feebe	DATA	0
0x001fb460	0x001c9d14	DATA	0
0x001fb464	0x00201920	DATA	0
0x001fb468	0x001feebe	DATA	0
0x001fb46c	0x001c9cf0	DATA	0
0x001fb470	0x0020193c	DATA	0
0x001fb474	0x001ff620	DATA	0
0x001fb478	0x001c9ca4	DATA	0
0x001fb47c	0x00207300	DATA	0
0x001fb480	0x0020177a	DATA	0
0x001fb484	0x001c9c70	DATA	0
0x001fb488	0x00201900	DATA	0
0x001fb48c	0x001feebe	DATA	0
0x001fb490	0x001c9c50	DATA	0
0x001fb494	0x00202a84	DATA	0
0x001fb498	0x001feebe	DATA	0
0x001fb49c	0x001c9c18	DATA	0
0x001fb4a0	0x002074ec	DATA	0
0x001fb4a4	0x001feede	DATA	0
0x001fb4a8	0x001c9c00	DATA	0
0x001fb4ac	0x00201b4c	DATA	0
0x001fb4b0	0x001feebe	DATA	0
0x001fb4b4	0x001c9be8	DATA	0
0x001fb4c0	0x00207670	DATA	0
0x001fb4c4	0x001ff528	DATA	0
0x001fb4c8	0x001ca6dc	DATA	0
0x001fb4d4	0x00201a0c	DATA	0
0x001fb4d8	0x001feeae	DATA	0
0x001fb4dc	0x0017e824	DATA	0
0x001fb4e0	0x00201a14	DATA	0
0x001fb4e4	0x001feeae	DATA	0
0x001fb4e8	0x0017e7f4	DATA	0
0x001fb4ec	0x00201a1c	DATA	0
0x001fb4f0	0x001feeb6	DATA	0
0x001fb4f4	0x0017e7e4	DATA	0
0x001fb4f8	0x00201920	DATA	0
0x001fb4fc	0x001feebe	DATA	0
0x001fb500	0x0017e7b8	DATA	0
0x001fb504	0x00201a24	DATA	0
0x001fb508	0x001feebe	DATA	0
0x001fb50c	0x0017e79c	DATA	0
0x001fb510	0x00201a2c	DATA	0
0x001fb514	0x001feec6	DATA	0
0x001fb518	0x0017e764	DATA	0
0x001fb524	0x00201b58	DATA	0
0x001fb528	0x001fef26	DATA	0
0x001fb52c	0x0017f6f0	DATA	0
0x001fb530	0x00201b64	DATA	0
0x001fb534	0x001feeb6	DATA	0
0x001fb538	0x0017f6e0	DATA	0
0x001fb53c	0x00201b6c	DATA	0
0x001fb540	0x001fef32	DATA	0
0x001fb544	0x0017f6c8	DATA	0
0x001fb548	0x00201b7c	DATA	0
0x001fb54c	0x001fef3c	DATA	0
0x001fb550	0x0017f6a8	DATA	0
0x001fb554	0x00201b94	DATA	0
0x001fb558	0x001fef3c	DATA	0
0x001fb55c	0x0017f664	DATA	0
0x001fb560	0x00201bac	DATA	0
0x001fb564	0x001fef49	DATA	0
0x001fb568	0x0017f61c	DATA	0
0x001fb56c	0x00201bc8	DATA	0
0x001fb570	0x001feede	DATA	0
0x001fb574	0x0017f5c8	DATA	0
0x001fb578	0x00201bf0	DATA	0
0x001fb57c	0x001fef59	DATA	0
0x001fb580	0x0017f580	DATA	0
0x001fb584	0x00201920	DATA	0
0x001fb588	0x001feebe	DATA	0
0x001fb58c	0x0017f54c	DATA	0
0x001fb590	0x00201a24	DATA	0
0x001fb594	0x001feebe	DATA	0
0x001fb598	0x0017f4e8	DATA	0
0x001fb5a4	0x00201c1c	DATA	0
0x001fb5a8	0x001fef78	DATA	0
0x001fb5ac	0x0017f348	DATA	0
0x001fb5b0	0x00201920	DATA	0
0x001fb5b4	0x001feebe	DATA	0
0x001fb5b8	0x0017f2fc	DATA	0
0x001fb5bc	0x00201c28	DATA	0
0x001fb5c0	0x001fef85	DATA	0
0x001fb5c4	0x0017f204	DATA	0
0x001fb5d0	0x00201cac	DATA	0
0x001fb5d4	0x001fef78	DATA	0
0x001fb5d8	0x0017f1b4	DATA	0
0x001fb5dc	0x00201cb4	DATA	0
0x001fb5e0	0x001feebe	DATA	0
0x001fb5e4	0x0017f198	DATA	0
0x001fb5e8	0x00201cbc	DATA	0
0x001fb5ec	0x001feebe	DATA	0
0x001fb5f0	0x0017f164	DATA	0
0x001fb5f4	0x00201920	DATA	0
0x001fb5f8	0x001feebe	DATA	0
0x001fb5fc	0x0017f124	DATA	0
0x001fb600	0x00201a24	DATA	0
0x001fb604	0x001feebe	DATA	0
0x001fb608	0x0017f0f8	DATA	0
0x001fb60c	0x00201cc4	DATA	0
0x001fb610	0x001fef9d	DATA	0
0x001fb614	0x0017f070	DATA	0
0x001fb620	0x00201d1c	DATA	0
0x001fb624	0x001fefb4	DATA	0
0x001fb628	0x0017ef70	DATA	0
0x001fb62c	0x00201d40	DATA	0
0x001fb630	0x001fefc8	DATA	0
0x001fb634	0x0017ee54	DATA	0
0x001fb638	0x00201d4c	DATA	0
0x001fb63c	0x001fefc8	DATA	0
0x001fb640	0x0017ed68	DATA	0
0x001fb644	0x00201920	DATA	0
0x001fb648	0x001feebe	DATA	0
0x001fb64c	0x0017ed34	DATA	0
0x001fb650	0x00201d5c	DATA	0
0x001fb654	0x001fefd9	DATA	0
0x001fb658	0x0017ec84	DATA	0
0x001fb664	0x00201d80	DATA	0
0x001fb668	0x001feff0	DATA	0
0x001fb66c	0x0017ec74	DATA	0
0x001fb670	0x00201cb4	DATA	0
0x001fb674	0x001feebe	DATA	0
0x001fb678	0x0017ec58	DATA	0
0x001fb67c	0x00201cbc	DATA	0
0x001fb680	0x001feebe	DATA	0
0x001fb684	0x0017ec24	DATA	0
0x001fb688	0x00201920	DATA	0
0x001fb68c	0x001feebe	DATA	0
0x001fb690	0x0017ebf0	DATA	0
0x001fb694	0x00201a24	DATA	0
0x001fb698	0x001feebe	DATA	0
0x001fb69c	0x0017ebc4	DATA	0
0x001fb6a0	0x00201d88	DATA	0
0x001fb6a4	0x001feff8	DATA	0
0x001fb6a8	0x0017eb4c	DATA	0
0x001fb6b4	0x00201dd4	DATA	0
0x001fb6b8	0x001feff0	DATA	0
0x001fb6bc	0x0017eaa4	DATA	0
0x001fb6c0	0x00201de4	DATA	0
0x001fb6c4	0x001ff00a	DATA	0
0x001fb6c8	0x0017ea0c	DATA	0
0x001fb6cc	0x00201df0	DATA	0
0x001fb6d0	0x001ff00a	DATA	0
0x001fb6d4	0x0017e984	DATA	0
0x001fb6d8	0x00201920	DATA	0
0x001fb6dc	0x001feebe	DATA	0
0x001fb6e0	0x0017e934	DATA	0
0x001fb6e4	0x00201a24	DATA	0
0x001fb6e8	0x001feebe	DATA	0
0x001fb6ec	0x0017e91c	DATA	0
0x001fb6f0	0x00201e00	DATA	0
0x001fb6f4	0x001ff016	DATA	0
0x001fb6f8	0x0017e8f4	DATA	0
0x001fb6fc	0x00201e24	DATA	0
0x001fb700	0x001ff028	DATA	0
0x001fb704	0x0017e840	DATA	0
0x001fb710	0x00201eec	DATA	0
0x001fb714	0x001feff0	DATA	0
0x001fb718	0x0017fabc	DATA	0
0x001fb71c	0x00201ef4	DATA	0
0x001fb720	0x001ff045	DATA	0
0x001fb724	0x0017faac	DATA	0
0x001fb728	0x00201920	DATA	0
0x001fb72c	0x001feebe	DATA	0
0x001fb730	0x0017fa54	DATA	0
0x001fb734	0x00201efc	DATA	0
0x001fb738	0x001ff134	DATA	0
0x001fb73c	0x0017f9a8	DATA	0
0x001fb740	0x00201f24	DATA	0
0x001fb744	0x001ff235	DATA	0
0x001fb748	0x0017f8f0	DATA	0
0x001fb754	0x00201f58	DATA	0
0x001fb758	0x001ff339	DATA	0
0x001fb75c	0x0017f8a0	DATA	0
0x001fb760	0x00201f6c	DATA	0
0x001fb764	0x001ff42f	DATA	0
0x001fb768	0x0017f84c	DATA	0
0x001fb774	0x00201ff8	DATA	0
0x001fb778	0x001feebe	DATA	0
0x001fb77c	0x0017ff8c	DATA	0
0x001fb780	0x00202000	DATA	0
0x001fb784	0x001feebe	DATA	0
0x001fb788	0x0017ff44	DATA	0
0x001fb78c	0x00202008	DATA	0
0x001fb790	0x001feede	DATA	0
0x001fb794	0x0017fec0	DATA	0
0x001fb798	0x00202020	DATA	0
0x001fb79c	0x001ff528	DATA	0
0x001fb7a0	0x0017fea4	DATA	0
0x001fb7a4	0x00202040	DATA	0
0x001fb7a8	0x001feede	DATA	0
0x001fb7ac	0x0017fe04	DATA	0
0x001fb7b0	0x00201cbc	DATA	0
0x001fb7b4	0x001feebe	DATA	0
0x001fb7b8	0x0017fd2c	DATA	0
0x001fb7bc	0x00201920	DATA	0
0x001fb7c0	0x001feebe	DATA	0
0x001fb7c4	0x0017fcc0	DATA	0
0x001fb7c8	0x00201d88	DATA	0
0x001fb7cc	0x001feff8	DATA	0
0x001fb7d0	0x0017fc98	DATA	0
0x001fb7d4	0x00202058	DATA	0
0x001fb7d8	0x001ff537	DATA	0
0x001fb7dc	0x0017fbc4	DATA	0
0x001fb7e8	0x00201ff8	DATA	0
0x001fb7ec	0x001feebe	DATA	0
0x001fb7f0	0x001809f0	DATA	0
0x001fb7f4	0x00202000	DATA	0
0x001fb7f8	0x001feebe	DATA	0
0x001fb7fc	0x00180980	DATA	0
0x001fb800	0x00202100	DATA	0
0x001fb804	0x001feebe	DATA	0
0x001fb808	0x001808ec	DATA	0
0x001fb80c	0x00202108	DATA	0
0x001fb810	0x001ff54d	DATA	0
0x001fb814	0x001807f8	DATA	0
0x001fb818	0x00202144	DATA	0
0x001fb81c	0x001ff564	DATA	0
0x001fb820	0x00180704	DATA	0
0x001fb824	0x00201920	DATA	0
0x001fb828	0x001feebe	DATA	0
0x001fb82c	0x001806b0	DATA	0
0x001fb830	0x00202168	DATA	0
0x001fb834	0x001ff574	DATA	0
0x001fb838	0x00180648	DATA	0
0x001fb844	0x002021c8	DATA	0
0x001fb848	0x001feebe	DATA	0
0x001fb84c	0x001805fc	DATA	0
0x001fb850	0x002021d4	DATA	0
0x001fb854	0x001feec6	DATA	0
0x001fb858	0x001805dc	DATA	0
0x001fb85c	0x002021e0	DATA	0
0x001fb860	0x001feebe	DATA	0
0x001fb864	0x001805a8	DATA	0
0x001fb868	0x002021f4	DATA	0
0x001fb86c	0x001feec6	DATA	0
0x001fb870	0x00180478	DATA	0
0x001fb874	0x0020220c	DATA	0
0x001fb878	0x001feebe	DATA	0
0x001fb87c	0x00180468	DATA	0
0x001fb880	0x00201920	DATA	0
0x001fb884	0x001feebe	DATA	0
0x001fb888	0x0018042c	DATA	0
0x001fb88c	0x00201a24	DATA	0
0x001fb890	0x001feebe	DATA	0
0x001fb894	0x00180414	DATA	0
0x001fb898	0x00202220	DATA	0
0x001fb89c	0x001feede	DATA	0
0x001fb8a0	0x001803c4	DATA	0
0x001fb8ac	0x00202310	DATA	0
0x001fb8b0	0x001ff59f	DATA	0
0x001fb8b4	0x00180cd0	DATA	0
0x001fb8b8	0x00202334	DATA	0
0x001fb8bc	0x001ff5b8	DATA	0
0x001fb8c0	0x00180a60	DATA	0
0x001fb8c4	0x00201ea8	DATA	0
0x001fb8c8	0x001fef3c	DATA	0
0x001fb8cc	0x001816b4	DATA	0
0x001fb8d0	0x00202354	DATA	0
0x001fb8d4	0x001ff5cc	DATA	0
0x001fb8d8	0x00181688	DATA	0
0x001fb8dc	0x00202374	DATA	0
0x001fb8e0	0x001ff5e7	DATA	0
0x001fb8e4	0x0018166c	DATA	0
0x001fb8e8	0x00202388	DATA	0
0x001fb8ec	0x001ff5f4	DATA	0
0x001fb8f0	0x00181640	DATA	0
0x001fb8f4	0x002023a4	DATA	0
0x001fb8f8	0x001ff5e7	DATA	0
0x001fb8fc	0x00181624	DATA	0
0x001fb900	0x002021c8	DATA	0
0x001fb904	0x001feebe	DATA	0
0x001fb908	0x00181614	DATA	0
0x001fb90c	0x002023b4	DATA	0
0x001fb910	0x001ff592	DATA	0
0x001fb914	0x00181554	DATA	0
0x001fb918	0x002023cc	DATA	0
0x001fb91c	0x001ff592	DATA	0
0x001fb920	0x00181500	DATA	0
0x001fb924	0x002023e0	DATA	0
0x001fb928	0x001fef49	DATA	0
0x001fb92c	0x00181458	DATA	0
0x001fb930	0x002023f8	DATA	0
0x001fb934	0x001ff581	DATA	0
0x001fb938	0x001813e0	DATA	0
0x001fb93c	0x0020240c	DATA	0
0x001fb940	0x001fef3c	DATA	0
0x001fb944	0x001813c0	DATA	0
0x001fb948	0x00202420	DATA	0
0x001fb94c	0x001ff60f	DATA	0
0x001fb950	0x00181360	DATA	0
0x001fb954	0x00202430	DATA	0
0x001fb958	0x001feebe	DATA	0
0x001fb95c	0x00181350	DATA	0
0x001fb960	0x00202434	DATA	0
0x001fb964	0x001feede	DATA	0
0x001fb968	0x0018133c	DATA	0
0x001fb96c	0x0020243c	DATA	0
0x001fb970	0x001feebe	DATA	0
0x001fb974	0x0018132c	DATA	0
0x001fb978	0x00202448	DATA	0
0x001fb97c	0x001feebe	DATA	0
0x001fb980	0x0018131c	DATA	0
0x001fb984	0x00202450	DATA	0
0x001fb988	0x001feede	DATA	0
0x001fb98c	0x001812f8	DATA	0
0x001fb990	0x0020245c	DATA	0
0x001fb994	0x001feebe	DATA	0
0x001fb998	0x001812e8	DATA	0
0x001fb99c	0x00201920	DATA	0
0x001fb9a0	0x001feebe	DATA	0
0x001fb9a4	0x00181254	DATA	0
0x001fb9a8	0x00201a24	DATA	0
0x001fb9ac	0x001feebe	DATA	0
0x001fb9b0	0x00181238	DATA	0
0x001fb9b4	0x00201e90	DATA	0
0x001fb9b8	0x001feede	DATA	0
0x001fb9bc	0x001810b8	DATA	0
0x001fb9c8	0x002024f4	DATA	0
0x001fb9cc	0x001ff620	DATA	0
0x001fb9d0	0x00181c84	DATA	0
0x001fb9d4	0x00202500	DATA	0
0x001fb9d8	0x001ff629	DATA	0
0x001fb9dc	0x00181c64	DATA	0
0x001fb9e0	0x0020223c	DATA	0
0x001fb9e4	0x001feff0	DATA	0
0x001fb9e8	0x00181c54	DATA	0
0x001fb9ec	0x00201920	DATA	0
0x001fb9f0	0x001feebe	DATA	0
0x001fb9f4	0x00181bdc	DATA	0
0x001fb9f8	0x0020250c	DATA	0
0x001fb9fc	0x001fef3c	DATA	0
0x001fba00	0x00181a60	DATA	0
0x001fba04	0x00201a24	DATA	0
0x001fba08	0x001feebe	DATA	0
0x001fba0c	0x00181bc0	DATA	0
0x001fba18	0x00202a88	DATA	0
0x001fba1c	0x001ff655	DATA	0
0x001fba20	0x00196cb0	DATA	0
0x001fba24	0x00202aac	DATA	0
0x001fba28	0x001ff668	DATA	0
0x001fba2c	0x00196c94	DATA	0
0x001fba30	0x00202ac0	DATA	0
0x001fba34	0x001ff668	DATA	0
0x001fba38	0x00196c7c	DATA	0
0x001fba3c	0x00202ad4	DATA	0
0x001fba40	0x001ff674	DATA	0
0x001fba44	0x00196c68	DATA	0
0x001fba48	0x00202ae4	DATA	0
0x001fba4c	0x001feeae	DATA	0
0x001fba50	0x00196c1c	DATA	0
0x001fba54	0x00202af4	DATA	0
0x001fba58	0x001ff685	DATA	0
0x001fba5c	0x00195c68	DATA	0
0x001fba60	0x00202b04	DATA	0
0x001fba64	0x001feeae	DATA	0
0x001fba68	0x00196bd4	DATA	0
0x001fba6c	0x00202b14	DATA	0
0x001fba70	0x001ff685	DATA	0
0x001fba74	0x00196ba0	DATA	0
0x001fba78	0x00202b30	DATA	0
0x001fba7c	0x001ff691	DATA	0
0x001fba80	0x00195a50	DATA	0
0x001fba84	0x00202b48	DATA	0
0x001fba88	0x001ff6a4	DATA	0
0x001fba8c	0x00196b74	DATA	0
0x001fba90	0x00202b58	DATA	0
0x001fba94	0x001ff6c2	DATA	0
0x001fba98	0x00196b54	DATA	0
0x001fba9c	0x00202b64	DATA	0
0x001fbaa0	0x001fee90	DATA	0
0x001fbaa4	0x001969f4	DATA	0
0x001fbaa8	0x00202b74	DATA	0
0x001fbaac	0x001feeb6	DATA	0
0x001fbab0	0x00196968	DATA	0
0x001fbab4	0x00202b80	DATA	0
0x001fbab8	0x001feeb6	DATA	0
0x001fbabc	0x00196948	DATA	0
0x001fbac0	0x00202b8c	DATA	0
0x001fbac4	0x001ff6cf	DATA	0
0x001fbac8	0x00196918	DATA	0
0x001fbacc	0x00202b98	DATA	0
0x001fbad0	0x001ff6cf	DATA	0
0x001fbad4	0x00196878	DATA	0
0x001fbad8	0x00202ba4	DATA	0
0x001fbadc	0x001feeb6	DATA	0
0x001fbae0	0x00196774	DATA	0
0x001fbae4	0x00202bac	DATA	0
0x001fbae8	0x001feeb6	DATA	0
0x001fbaec	0x001966c8	DATA	0
0x001fbaf0	0x00202bb4	DATA	0
0x001fbaf4	0x001fee90	DATA	0
0x001fbaf8	0x0019668c	DATA	0
0x001fbafc	0x00202bbc	DATA	0
0x001fbb00	0x001fee90	DATA	0
0x001fbb04	0x00196594	DATA	0
0x001fbb08	0x00202bc4	DATA	0
0x001fbb0c	0x001feebe	DATA	0
0x001fbb10	0x001964dc	DATA	0
0x001fbb14	0x00202bcc	DATA	0
0x001fbb18	0x001ff6f3	DATA	0
0x001fbb1c	0x001963f8	DATA	0
0x001fbb28	0x00202c4c	DATA	0
0x001fbb2c	0x001ff685	DATA	0
0x001fbb30	0x0019fff8	DATA	0
0x001fbb34	0x00202dbc	DATA	0
0x001fbb38	0x001ff685	DATA	0
0x001fbb3c	0x0019ff48	DATA	0
0x001fbb40	0x00202dd4	DATA	0
0x001fbb44	0x001ff715	DATA	0
0x001fbb48	0x0019fe0c	DATA	0
0x001fbb4c	0x00202a88	DATA	0
0x001fbb50	0x001ff655	DATA	0
0x001fbb54	0x0019fc5c	DATA	0
0x001fbb58	0x00202df8	DATA	0
0x001fbb5c	0x001ff727	DATA	0
0x001fbb60	0x0019fb5c	DATA	0
0x001fbb64	0x00202e1c	DATA	0
0x001fbb68	0x001ff73a	DATA	0
0x001fbb6c	0x0019f96c	DATA	0
0x001fbb70	0x00201920	DATA	0
0x001fbb74	0x001feebe	DATA	0
0x001fbb78	0x0019f8c0	DATA	0
0x001fbb7c	0x00201a24	DATA	0
0x001fbb80	0x001feebe	DATA	0
0x001fbb84	0x0019f728	DATA	0
0x001fbb88	0x00202af4	DATA	0
0x001fbb8c	0x001ff685	DATA	0
0x001fbb90	0x0019f6b8	DATA	0
0x001fbb94	0x00202b14	DATA	0
0x001fbb98	0x001ff685	DATA	0
0x001fbb9c	0x0019f644	DATA	0
0x001fbba0	0x00202b30	DATA	0
0x001fbba4	0x001ff691	DATA	0
0x001fbba8	0x0019f55c	DATA	0
0x001fbbac	0x00202e40	DATA	0
0x001fbbb0	0x001ff74e	DATA	0
0x001fbbb4	0x0019f548	DATA	0
0x001fbbb8	0x00202d38	DATA	0
0x001fbbbc	0x001fef59	DATA	0
0x001fbbc0	0x0019f534	DATA	0
0x001fbbc4	0x00202e54	DATA	0
0x001fbbc8	0x001ff74e	DATA	0
0x001fbbcc	0x0019f504	DATA	0
0x001fbbd0	0x00202d2c	DATA	0
0x001fbbd4	0x001fef59	DATA	0
0x001fbbd8	0x0019f4f0	DATA	0
0x001fbbdc	0x00202e64	DATA	0
0x001fbbe0	0x001ff00a	DATA	0
0x001fbbe4	0x0019f4dc	DATA	0
0x001fbbe8	0x00202e74	DATA	0
0x001fbbec	0x001feff0	DATA	0
0x001fbbf0	0x0019f4cc	DATA	0
0x001fbbf4	0x00202d08	DATA	0
0x001fbbf8	0x001feff0	DATA	0
0x001fbbfc	0x0019f4bc	DATA	0
0x001fbc00	0x00202e80	DATA	0
0x001fbc04	0x001ff00a	DATA	0
0x001fbc08	0x0019f490	DATA	0
0x001fbc0c	0x00202e94	DATA	0
0x001fbc10	0x001ff759	DATA	0
0x001fbc14	0x0019f420	DATA	0
0x001fbc18	0x00202ec4	DATA	0
0x001fbc1c	0x001ff76e	DATA	0
0x001fbc20	0x0019f3a4	DATA	0
0x001fbc24	0x00202f14	DATA	0
0x001fbc28	0x001feebe	DATA	0
0x001fbc2c	0x0019f35c	DATA	0
0x001fbc30	0x00202f24	DATA	0
0x001fbc34	0x001ff78c	DATA	0
0x001fbc38	0x0019f2d0	DATA	0
0x001fbc3c	0x00202f38	DATA	0
0x001fbc40	0x001feebe	DATA	0
0x001fbc44	0x0019f1e0	DATA	0
0x001fbc48	0x00202f44	DATA	0
0x001fbc4c	0x001feebe	DATA	0
0x001fbc50	0x0019f17c	DATA	0
0x001fbc54	0x00202f58	DATA	0
0x001fbc58	0x001feebe	DATA	0
0x001fbc5c	0x0019f0b8	DATA	0
0x001fbc68	0x00203134	DATA	0
0x001fbc6c	0x001ff7da	DATA	0
0x001fbc70	0x001a0ab4	DATA	0
0x001fbc74	0x00203144	DATA	0
0x001fbc78	0x001ff7e5	DATA	0
0x001fbc7c	0x001a0a7c	DATA	0
0x001fbc80	0x00202a88	DATA	0
0x001fbc84	0x001ff655	DATA	0
0x001fbc88	0x001a0950	DATA	0
0x001fbc8c	0x00202df8	DATA	0
0x001fbc90	0x001ff727	DATA	0
0x001fbc94	0x001a0944	DATA	0
0x001fbc98	0x00202e1c	DATA	0
0x001fbc9c	0x001ff73a	DATA	0
0x001fbca0	0x001a07f8	DATA	0
0x001fbca4	0x00201920	DATA	0
0x001fbca8	0x001feebe	DATA	0
0x001fbcac	0x001a0760	DATA	0
0x001fbcb0	0x00201a24	DATA	0
0x001fbcb4	0x001feebe	DATA	0
0x001fbcb8	0x001a05a8	DATA	0
0x001fbcbc	0x00203154	DATA	0
0x001fbcc0	0x001ff7f1	DATA	0
0x001fbcc4	0x001a0458	DATA	0
0x001fbcc8	0x0020316c	DATA	0
0x001fbccc	0x001feebe	DATA	0
0x001fbcd0	0x001a0404	DATA	0
0x001fbcd4	0x0020317c	DATA	0
0x001fbcd8	0x001feebe	DATA	0
0x001fbcdc	0x001a036c	DATA	0
0x001fbce0	0x00203188	DATA	0
0x001fbce4	0x001ff816	DATA	0
0x001fbce8	0x001a02f4	DATA	0
0x001fbcec	0x002031a0	DATA	0
0x001fbcf0	0x001ff827	DATA	0
0x001fbcf4	0x001a0278	DATA	0
0x001fbcf8	0x002031b8	DATA	0
0x001fbcfc	0x001ff838	DATA	0
0x001fbd00	0x001a00e4	DATA	0
0x001fbd0c	0x0020323c	DATA	0
0x001fbd10	0x001fef59	DATA	0
0x001fbd14	0x001a0d38	DATA	0
0x001fbd18	0x00202a88	DATA	0
0x001fbd1c	0x001ff655	DATA	0
0x001fbd20	0x001a0c94	DATA	0
0x001fbd24	0x00202e1c	DATA	0
0x001fbd28	0x001ff73a	DATA	0
0x001fbd2c	0x001a0c34	DATA	0
0x001fbd30	0x00203254	DATA	0
0x001fbd34	0x001feed2	DATA	0
0x001fbd38	0x001a0b78	DATA	0
0x001fbd3c	0x002031f0	DATA	0
0x001fbd40	0x001feed2	DATA	0
0x001fbd44	0x001a0b28	DATA	0
0x001fbd48	0x0020322c	DATA	0
0x001fbd4c	0x001feeb6	DATA	0
0x001fbd50	0x001a0b1c	DATA	0
0x001fbd5c	0x00202788	DATA	0
0x001fbd60	0x001fee90	DATA	0
0x001fbd64	0x001a4a20	DATA	0
0x001fbd68	0x00202c38	DATA	0
0x001fbd6c	0x001ff912	DATA	0
0x001fbd70	0x001a49e8	DATA	0
0x001fbd74	0x00202dd4	DATA	0
0x001fbd78	0x001ff715	DATA	0
0x001fbd7c	0x001a49dc	DATA	0
0x001fbd80	0x00202a88	DATA	0
0x001fbd84	0x001ff655	DATA	0
0x001fbd88	0x001a49d0	DATA	0
0x001fbd8c	0x00202df8	DATA	0
0x001fbd90	0x001ff727	DATA	0
0x001fbd94	0x001a48f0	DATA	0
0x001fbd98	0x00202e1c	DATA	0
0x001fbd9c	0x001ff73a	DATA	0
0x001fbda0	0x001a482c	DATA	0
0x001fbda4	0x00202bf0	DATA	0
0x001fbda8	0x001ff7e5	DATA	0
0x001fbdac	0x001a43f8	DATA	0
0x001fbdb0	0x00203404	DATA	0
0x001fbdb4	0x001feff0	DATA	0
0x001fbdb8	0x001a43e8	DATA	0
0x001fbdbc	0x00202c18	DATA	0
0x001fbdc0	0x001ff98f	DATA	0
0x001fbdc4	0x001a4398	DATA	0
0x001fbdc8	0x0020340c	DATA	0
0x001fbdcc	0x001ff620	DATA	0
0x001fbdd0	0x001a4388	DATA	0
0x001fbdd4	0x00202c08	DATA	0
0x001fbdd8	0x001ff98f	DATA	0
0x001fbddc	0x001a433c	DATA	0
0x001fbde0	0x00203418	DATA	0
0x001fbde4	0x001ff620	DATA	0
0x001fbde8	0x001a432c	DATA	0
0x001fbdec	0x00202bfc	DATA	0
0x001fbdf0	0x001ff98f	DATA	0
0x001fbdf4	0x001a42e8	DATA	0
0x001fbdf8	0x0020193c	DATA	0
0x001fbdfc	0x001ff620	DATA	0
0x001fbe00	0x001a42d8	DATA	0
0x001fbe04	0x00203424	DATA	0
0x001fbe08	0x001feeae	DATA	0
0x001fbe0c	0x001a4248	DATA	0
0x001fbe10	0x00202c28	DATA	0
0x001fbe14	0x001feebe	DATA	0
0x001fbe18	0x001a416c	DATA	0
0x001fbe1c	0x00201920	DATA	0
0x001fbe20	0x001feebe	DATA	0
0x001fbe24	0x001a4130	DATA	0
0x001fbe28	0x00203260	DATA	0
0x001fbe2c	0x001feede	DATA	0
0x001fbe30	0x001a4124	DATA	0
0x001fbe34	0x00201a24	DATA	0
0x001fbe38	0x001feebe	DATA	0
0x001fbe3c	0x001a40f8	DATA	0
0x001fbe48	0x00202494	DATA	0
0x001fbe4c	0x001ff98f	DATA	0
0x001fbe50	0x001a53c8	DATA	0
0x001fbe54	0x00202480	DATA	0
0x001fbe58	0x001ff60f	DATA	0
0x001fbe5c	0x001a5220	DATA	0
0x001fbe60	0x00201920	DATA	0
0x001fbe64	0x001feebe	DATA	0
0x001fbe68	0x001a5330	DATA	0
0x001fbe74	0x002035ec	DATA	0
0x001fbe78	0x001fef59	DATA	0
0x001fbe7c	0x001a5e34	DATA	0
0x001fbe80	0x00203600	DATA	0
0x001fbe84	0x001feeae	DATA	0
0x001fbe88	0x001a5e24	DATA	0
0x001fbe8c	0x00203610	DATA	0
0x001fbe90	0x001fef26	DATA	0
0x001fbe94	0x001a5df0	DATA	0
0x001fbe98	0x00203620	DATA	0
0x001fbe9c	0x001fef26	DATA	0
0x001fbea0	0x001a5dbc	DATA	0
0x001fbea4	0x00202788	DATA	0
0x001fbea8	0x001fee90	DATA	0
0x001fbeac	0x001a5d60	DATA	0
0x001fbeb0	0x00202c38	DATA	0
0x001fbeb4	0x001ff912	DATA	0
0x001fbeb8	0x001a5d0c	DATA	0
0x001fbebc	0x00203644	DATA	0
0x001fbec0	0x001feeae	DATA	0
0x001fbec4	0x001a5cec	DATA	0
0x001fbec8	0x00203658	DATA	0
0x001fbecc	0x001feeae	DATA	0
0x001fbed0	0x001a5ccc	DATA	0
0x001fbed4	0x00202c28	DATA	0
0x001fbed8	0x001feebe	DATA	0
0x001fbedc	0x001a5b58	DATA	0
0x001fbee0	0x0020366c	DATA	0
0x001fbee4	0x001ff668	DATA	0
0x001fbee8	0x001a5b38	DATA	0
0x001fbeec	0x00202e1c	DATA	0
0x001fbef0	0x001ff73a	DATA	0
0x001fbef4	0x001a59d8	DATA	0
0x001fbef8	0x0020367c	DATA	0
0x001fbefc	0x001feeae	DATA	0
0x001fbf00	0x001a59c8	DATA	0
0x001fbf04	0x00203694	DATA	0
0x001fbf08	0x001feeae	DATA	0
0x001fbf0c	0x001a59b8	DATA	0
0x001fbf10	0x002036ac	DATA	0
0x001fbf14	0x001feeae	DATA	0
0x001fbf18	0x001a59a8	DATA	0
0x001fbf1c	0x002036c4	DATA	0
0x001fbf20	0x001feeae	DATA	0
0x001fbf24	0x001a5998	DATA	0
0x001fbf28	0x002036dc	DATA	0
0x001fbf2c	0x001feeae	DATA	0
0x001fbf30	0x001a5988	DATA	0
0x001fbf34	0x002036f0	DATA	0
0x001fbf38	0x001feeae	DATA	0
0x001fbf3c	0x001a5978	DATA	0
0x001fbf40	0x00203708	DATA	0
0x001fbf44	0x001ff9a7	DATA	0
0x001fbf48	0x001a591c	DATA	0
0x001fbf4c	0x00203730	DATA	0
0x001fbf50	0x001ff9a7	DATA	0
0x001fbf54	0x001a58c0	DATA	0
0x001fbf58	0x00203758	DATA	0
0x001fbf5c	0x001ff7da	DATA	0
0x001fbf60	0x001a58a8	DATA	0
0x001fbf64	0x00203770	DATA	0
0x001fbf68	0x001ff7da	DATA	0
0x001fbf6c	0x001a5890	DATA	0
0x001fbf70	0x00203784	DATA	0
0x001fbf74	0x001fef26	DATA	0
0x001fbf78	0x001a587c	DATA	0
0x001fbf7c	0x00203798	DATA	0
0x001fbf80	0x001feeb6	DATA	0
0x001fbf84	0x001a586c	DATA	0
0x001fbf88	0x002037a8	DATA	0
0x001fbf8c	0x001ff98f	DATA	0
0x001fbf90	0x001a5828	DATA	0
0x001fbf94	0x002037b8	DATA	0
0x001fbf98	0x001ff7da	DATA	0
0x001fbf9c	0x001a5810	DATA	0
0x001fbfa0	0x002037c8	DATA	0
0x001fbfa4	0x001feebe	DATA	0
0x001fbfa8	0x001a5800	DATA	0
0x001fbfac	0x002037d8	DATA	0
0x001fbfb0	0x001ff7da	DATA	0
0x001fbfb4	0x001a57e8	DATA	0
0x001fbfb8	0x002037e8	DATA	0
0x001fbfbc	0x001ff7e5	DATA	0
0x001fbfc0	0x001a57d4	DATA	0
0x001fbfc4	0x002037f8	DATA	0
0x001fbfc8	0x001ff7e5	DATA	0
0x001fbfcc	0x001a57c0	DATA	0
0x001fbfd0	0x002027dc	DATA	0
0x001fbfd4	0x001feeb6	DATA	0
0x001fbfd8	0x001a57a8	DATA	0
0x001fbfdc	0x00203808	DATA	0
0x001fbfe0	0x001fef59	DATA	0
0x001fbfe4	0x001a5794	DATA	0
0x001fbfe8	0x0020381c	DATA	0
0x001fbfec	0x001fef59	DATA	0
0x001fbff0	0x001a5780	DATA	0
0x001fbff4	0x002027c4	DATA	0
0x001fbff8	0x001ff620	DATA	0
0x001fbffc	0x001a5770	DATA	0
0x001fc000	0x002027d0	DATA	0
0x001fc004	0x001fef59	DATA	0
0x001fc008	0x001a575c	DATA	0
0x001fc00c	0x002026c4	DATA	0
0x001fc010	0x001fef59	DATA	0
0x001fc014	0x001a5748	DATA	0
0x001fc018	0x0020279c	DATA	0
0x001fc01c	0x001ff9b9	DATA	0
0x001fc020	0x001a5734	DATA	0
0x001fc024	0x00202724	DATA	0
0x001fc028	0x001feff0	DATA	0
0x001fc02c	0x001a5724	DATA	0
0x001fc030	0x002027e4	DATA	0
0x001fc034	0x001feff0	DATA	0
0x001fc038	0x001a5714	DATA	0
0x001fc044	0x002038fc	DATA	0
0x001fc048	0x001ff7da	DATA	0
0x001fc04c	0x001a6270	DATA	0
0x001fc050	0x002026b4	DATA	0
0x001fc054	0x001fef59	DATA	0
0x001fc058	0x001a625c	DATA	0
0x001fc05c	0x00203910	DATA	0
0x001fc060	0x001fef59	DATA	0
0x001fc064	0x001a6200	DATA	0
0x001fc068	0x00202670	DATA	0
0x001fc06c	0x001ff9b9	DATA	0
0x001fc070	0x001a61dc	DATA	0
0x001fc074	0x00203920	DATA	0
0x001fc078	0x001ff7e5	DATA	0
0x001fc07c	0x001a61c8	DATA	0
0x001fc080	0x00203938	DATA	0
0x001fc084	0x001feff0	DATA	0
0x001fc088	0x001a61b8	DATA	0
0x001fc08c	0x0020394c	DATA	0
0x001fc090	0x001feebe	DATA	0
0x001fc094	0x001a61a8	DATA	0
0x001fc098	0x00201920	DATA	0
0x001fc09c	0x001feebe	DATA	0
0x001fc0a0	0x001a6154	DATA	0
0x001fc0a4	0x0020395c	DATA	0
0x001fc0a8	0x001fef59	DATA	0
0x001fc0ac	0x001a60ec	DATA	0
0x001fc0b0	0x00203964	DATA	0
0x001fc0b4	0x001ff7e5	DATA	0
0x001fc0b8	0x001a60d8	DATA	0
0x001fc0bc	0x00203978	DATA	0
0x001fc0c0	0x001ff685	DATA	0
0x001fc0c4	0x001a6010	DATA	0
0x001fc0c8	0x00203828	DATA	0
0x001fc0cc	0x001feeb6	DATA	0
0x001fc0d0	0x001a5ff0	DATA	0
0x001fc0d4	0x0020275c	DATA	0
0x001fc0d8	0x001ff9db	DATA	0
0x001fc0dc	0x001a5f74	DATA	0
0x001fc0e0	0x00203990	DATA	0
0x001fc0e4	0x001ff9f4	DATA	0
0x001fc0e8	0x001a5ef8	DATA	0
0x001fc0ec	0x00202730	DATA	0
0x001fc0f0	0x001ff9db	DATA	0
0x001fc0f4	0x001a5e9c	DATA	0
0x001fc0f8	0x002039bc	DATA	0
0x001fc0fc	0x001ff9f4	DATA	0
0x001fc100	0x001a5e40	DATA	0
0x001fc10c	0x002026a0	DATA	0
0x001fc110	0x001ff7da	DATA	0
0x001fc114	0x001a70dc	DATA	0
0x001fc118	0x00203ac4	DATA	0
0x001fc11c	0x001fef59	DATA	0
0x001fc120	0x001a70c8	DATA	0
0x001fc124	0x0020268c	DATA	0
0x001fc128	0x001ff7da	DATA	0
0x001fc12c	0x001a7090	DATA	0
0x001fc130	0x00203ad4	DATA	0
0x001fc134	0x001fef59	DATA	0
0x001fc138	0x001a707c	DATA	0
0x001fc13c	0x00203758	DATA	0
0x001fc140	0x001ff7da	DATA	0
0x001fc144	0x001a702c	DATA	0
0x001fc148	0x0020279c	DATA	0
0x001fc14c	0x001ff9b9	DATA	0
0x001fc150	0x001a6f9c	DATA	0
0x001fc154	0x0020275c	DATA	0
0x001fc158	0x001ff9db	DATA	0
0x001fc15c	0x001a6f34	DATA	0
0x001fc160	0x00203990	DATA	0
0x001fc164	0x001ffae0	DATA	0
0x001fc168	0x001a6ecc	DATA	0
0x001fc16c	0x00202730	DATA	0
0x001fc170	0x001ff9db	DATA	0
0x001fc174	0x001a6e64	DATA	0
0x001fc178	0x002039bc	DATA	0
0x001fc17c	0x001ffae0	DATA	0
0x001fc180	0x001a6dfc	DATA	0
0x001fc184	0x002027dc	DATA	0
0x001fc188	0x001feeb6	DATA	0
0x001fc18c	0x001a6d68	DATA	0
0x001fc190	0x00201920	DATA	0
0x001fc194	0x001feebe	DATA	0
0x001fc198	0x001a6d24	DATA	0
0x001fc19c	0x002027b8	DATA	0
0x001fc1a0	0x001ffafa	DATA	0
0x001fc1a4	0x001a695c	DATA	0
0x001fc1a8	0x002027ac	DATA	0
0x001fc1ac	0x001ffafa	DATA	0
0x001fc1b0	0x001a6794	DATA	0
0x001fc1b4	0x00203ae8	DATA	0
0x001fc1b8	0x001feeb6	DATA	0
0x001fc1bc	0x001a6c4c	DATA	0
0x001fc1c8	0x0020245c	DATA	0
0x001fc1cc	0x001feebe	DATA	0
0x001fc1d0	0x001a7eec	DATA	0
0x001fc1d4	0x00203c44	DATA	0
0x001fc1d8	0x001ff668	DATA	0
0x001fc1dc	0x001a7ee4	DATA	0
0x001fc1e0	0x00203444	DATA	0
0x001fc1e4	0x001ff668	DATA	0
0x001fc1e8	0x001a7ed4	DATA	0
0x001fc1ec	0x00203afc	DATA	0
0x001fc1f0	0x001feebe	DATA	0
0x001fc1f4	0x001a7ec4	DATA	0
0x001fc1f8	0x002029e8	DATA	0
0x001fc1fc	0x001fef26	DATA	0
0x001fc200	0x001a7eb4	DATA	0
0x001fc204	0x00203c54	DATA	0
0x001fc208	0x001feeb6	DATA	0
0x001fc20c	0x001a7ea4	DATA	0
0x001fc210	0x00201920	DATA	0
0x001fc214	0x001feebe	DATA	0
0x001fc218	0x001a7e28	DATA	0
0x001fc21c	0x00201a24	DATA	0
0x001fc220	0x001feebe	DATA	0
0x001fc224	0x001a7e0c	DATA	0
0x001fc230	0x00203d80	DATA	0
0x001fc234	0x001fef26	DATA	0
0x001fc238	0x001a8894	DATA	0
0x001fc23c	0x00203d90	DATA	0
0x001fc240	0x001feeae	DATA	0
0x001fc244	0x001a888c	DATA	0
0x001fc248	0x00203da8	DATA	0
0x001fc24c	0x001fef26	DATA	0
0x001fc250	0x001a8884	DATA	0
0x001fc254	0x00203dc0	DATA	0
0x001fc258	0x001feeae	DATA	0
0x001fc25c	0x001a886c	DATA	0
0x001fc260	0x00203dd4	DATA	0
0x001fc264	0x001feeae	DATA	0
0x001fc268	0x001a8864	DATA	0
0x001fc26c	0x00203de4	DATA	0
0x001fc270	0x001feeae	DATA	0
0x001fc274	0x001a8830	DATA	0
0x001fc278	0x00203df0	DATA	0
0x001fc27c	0x001fee9c	DATA	0
0x001fc280	0x001a8760	DATA	0
0x001fc284	0x00203e04	DATA	0
0x001fc288	0x001feeb6	DATA	0
0x001fc28c	0x001a8744	DATA	0
0x001fc290	0x00203e14	DATA	0
0x001fc294	0x001fee90	DATA	0
0x001fc298	0x001a86fc	DATA	0
0x001fc29c	0x00203e34	DATA	0
0x001fc2a0	0x001fee90	DATA	0
0x001fc2a4	0x001a86a4	DATA	0
0x001fc2a8	0x00203e50	DATA	0
0x001fc2ac	0x001feeb6	DATA	0
0x001fc2b0	0x001a8614	DATA	0
0x001fc2b4	0x00203e64	DATA	0
0x001fc2b8	0x001feeb6	DATA	0
0x001fc2bc	0x001a8604	DATA	0
0x001fc2c0	0x00203e74	DATA	0
0x001fc2c4	0x001ff668	DATA	0
0x001fc2c8	0x001a85d8	DATA	0
0x001fc2cc	0x0020220c	DATA	0
0x001fc2d0	0x001feebe	DATA	0
0x001fc2d4	0x001a85c8	DATA	0
0x001fc2d8	0x00201920	DATA	0
0x001fc2dc	0x001feebe	DATA	0
0x001fc2e0	0x001a846c	DATA	0
0x001fc2e4	0x00201a24	DATA	0
0x001fc2e8	0x001feebe	DATA	0
0x001fc2ec	0x001a8454	DATA	0
0x001fc2f0	0x00203260	DATA	0
0x001fc2f4	0x001feede	DATA	0
0x001fc2f8	0x001a83e8	DATA	0
0x001fc304	0x00202be8	DATA	0
0x001fc308	0x001feebe	DATA	0
0x001fc30c	0x001a8dc4	DATA	0
0x001fc310	0x00201928	DATA	0
0x001fc314	0x001feebe	DATA	0
0x001fc318	0x001a8d9c	DATA	0
0x001fc31c	0x00201920	DATA	0
0x001fc320	0x001feebe	DATA	0
0x001fc324	0x001a8d50	DATA	0
0x001fc328	0x00201a24	DATA	0
0x001fc32c	0x001feebe	DATA	0
0x001fc330	0x001a8cf8	DATA	0
0x001fc33c	0x00201930	DATA	0
0x001fc340	0x001feec6	DATA	0
0x001fc344	0x001a8f84	DATA	0
0x001fc348	0x00201914	DATA	0
0x001fc34c	0x001feec6	DATA	0
0x001fc350	0x001a8f18	DATA	0
0x001fc354	0x00202be8	DATA	0
0x001fc358	0x001feebe	DATA	0
0x001fc35c	0x001a8eec	DATA	0
0x001fc360	0x00201928	DATA	0
0x001fc364	0x001feebe	DATA	0
0x001fc368	0x001a8ed0	DATA	0
0x001fc36c	0x00201920	DATA	0
0x001fc370	0x001feebe	DATA	0
0x001fc374	0x001a8e7c	DATA	0
0x001fc378	0x00203ec4	DATA	0
0x001fc37c	0x001feeb6	DATA	0
0x001fc380	0x001a8e6c	DATA	0
0x001fc384	0x00201908	DATA	0
0x001fc388	0x001feec6	DATA	0
0x001fc38c	0x001a8df8	DATA	0
0x001fc390	0x00201a24	DATA	0
0x001fc394	0x001feebe	DATA	0
0x001fc398	0x001a8ddc	DATA	0
0x001fc3a4	0x00202be8	DATA	0
0x001fc3a8	0x001feebe	DATA	0
0x001fc3ac	0x001a909c	DATA	0
0x001fc3b0	0x00201928	DATA	0
0x001fc3b4	0x001feebe	DATA	0
0x001fc3b8	0x001a9080	DATA	0
0x001fc3bc	0x00201920	DATA	0
0x001fc3c0	0x001feebe	DATA	0
0x001fc3c4	0x001a9034	DATA	0
0x001fc3c8	0x00201a24	DATA	0
0x001fc3cc	0x001feebe	DATA	0
0x001fc3d0	0x001a8fd8	DATA	0
0x001fc3dc	0x00202788	DATA	0
0x001fc3e0	0x001fee90	DATA	0
0x001fc3e4	0x001a9568	DATA	0
0x001fc3e8	0x00202c38	DATA	0
0x001fc3ec	0x001ff912	DATA	0
0x001fc3f0	0x001a9518	DATA	0
0x001fc3f4	0x00203efc	DATA	0
0x001fc3f8	0x001ffd3f	DATA	0
0x001fc3fc	0x001a94e8	DATA	0
0x001fc400	0x00203f14	DATA	0
0x001fc404	0x001ffce5	DATA	0
0x001fc408	0x001a949c	DATA	0
0x001fc40c	0x00203f24	DATA	0
0x001fc410	0x001ffd4e	DATA	0
0x001fc414	0x001a943c	DATA	0
0x001fc418	0x00201a24	DATA	0
0x001fc41c	0x001feebe	DATA	0
0x001fc420	0x001a9404	DATA	0
0x001fc42c	0x00203f68	DATA	0
0x001fc430	0x001ff7e5	DATA	0
0x001fc434	0x001a993c	DATA	0
0x001fc438	0x00203f80	DATA	0
0x001fc43c	0x001feeae	DATA	0
0x001fc440	0x001a9918	DATA	0
0x001fc444	0x00203f94	DATA	0
0x001fc448	0x001feff0	DATA	0
0x001fc44c	0x001a9904	DATA	0
0x001fc450	0x00203fa0	DATA	0
0x001fc454	0x001ff7e5	DATA	0
0x001fc458	0x001a98d8	DATA	0
0x001fc45c	0x00203fbc	DATA	0
0x001fc460	0x001feeae	DATA	0
0x001fc464	0x001a98b4	DATA	0
0x001fc468	0x00203fd4	DATA	0
0x001fc46c	0x001feff0	DATA	0
0x001fc470	0x001a98a0	DATA	0
0x001fc474	0x00203fe4	DATA	0
0x001fc478	0x001ff7e5	DATA	0
0x001fc47c	0x001a9874	DATA	0
0x001fc480	0x00204000	DATA	0
0x001fc484	0x001feeae	DATA	0
0x001fc488	0x001a9850	DATA	0
0x001fc48c	0x00204018	DATA	0
0x001fc490	0x001feff0	DATA	0
0x001fc494	0x001a983c	DATA	0
0x001fc498	0x00204028	DATA	0
0x001fc49c	0x001ff7e5	DATA	0
0x001fc4a0	0x001a9810	DATA	0
0x001fc4a4	0x00204040	DATA	0
0x001fc4a8	0x001feeae	DATA	0
0x001fc4ac	0x001a97ec	DATA	0
0x001fc4b0	0x00204058	DATA	0
0x001fc4b4	0x001feff0	DATA	0
0x001fc4b8	0x001a97d8	DATA	0
0x001fc4bc	0x00204064	DATA	0
0x001fc4c0	0x001ff7e5	DATA	0
0x001fc4c4	0x001a97ac	DATA	0
0x001fc4c8	0x00204080	DATA	0
0x001fc4cc	0x001feeae	DATA	0
0x001fc4d0	0x001a9788	DATA	0
0x001fc4d4	0x00204098	DATA	0
0x001fc4d8	0x001feff0	DATA	0
0x001fc4dc	0x001a9774	DATA	0
0x001fc4e0	0x002040a8	DATA	0
0x001fc4e4	0x001ffd64	DATA	0
0x001fc4e8	0x001a973c	DATA	0
0x001fc4ec	0x00201920	DATA	0
0x001fc4f0	0x001feebe	DATA	0
0x001fc4f4	0x001a9704	DATA	0
0x001fc4f8	0x002040c4	DATA	0
0x001fc4fc	0x001ffd7c	DATA	0
0x001fc500	0x001a9694	DATA	0
0x001fc50c	0x00204188	DATA	0
0x001fc510	0x001ffda8	DATA	0
0x001fc514	0x001a9a8c	DATA	0
0x001fc518	0x00204190	DATA	0
0x001fc51c	0x001ffdb8	DATA	0
0x001fc520	0x001a9a44	DATA	0
0x001fc524	0x0020419c	DATA	0
0x001fc528	0x001feff0	DATA	0
0x001fc52c	0x001a9a34	DATA	0
0x001fc530	0x0020223c	DATA	0
0x001fc534	0x001feff0	DATA	0
0x001fc538	0x001a9a24	DATA	0
0x001fc53c	0x00201920	DATA	0
0x001fc540	0x001feebe	DATA	0
0x001fc544	0x001a99d4	DATA	0
0x001fc548	0x002041a8	DATA	0
0x001fc54c	0x001ff00a	DATA	0
0x001fc550	0x001a9984	DATA	0
0x001fc554	0x00201a24	DATA	0
0x001fc558	0x001feebe	DATA	0
0x001fc55c	0x001a9968	DATA	0
0x001fc568	0x0020428c	DATA	0
0x001fc56c	0x001feeae	DATA	0
0x001fc570	0x001aa934	DATA	0
0x001fc574	0x002042a4	DATA	0
0x001fc578	0x001fef59	DATA	0
0x001fc57c	0x001aa928	DATA	0
0x001fc580	0x002042b8	DATA	0
0x001fc584	0x001ffe0d	DATA	0
0x001fc588	0x001aa920	DATA	0
0x001fc58c	0x002042d0	DATA	0
0x001fc590	0x001ffe0d	DATA	0
0x001fc594	0x001aa918	DATA	0
0x001fc598	0x002042e8	DATA	0
0x001fc59c	0x001feeae	DATA	0
0x001fc5a0	0x001aa910	DATA	0
0x001fc5a4	0x00204300	DATA	0
0x001fc5a8	0x001fef59	DATA	0
0x001fc5ac	0x001aa904	DATA	0
0x001fc5b0	0x00204318	DATA	0
0x001fc5b4	0x001ffe9e	DATA	0
0x001fc5b8	0x001aa8fc	DATA	0
0x001fc5bc	0x0020432c	DATA	0
0x001fc5c0	0x001ffeae	DATA	0
0x001fc5c4	0x001aa8ec	DATA	0
0x001fc5c8	0x0020434c	DATA	0
0x001fc5cc	0x001ffdb8	DATA	0
0x001fc5d0	0x001aa8dc	DATA	0
0x001fc5d4	0x00204358	DATA	0
0x001fc5d8	0x001ffec2	DATA	0
0x001fc5dc	0x001aa80c	DATA	0
0x001fc5e0	0x00204374	DATA	0
0x001fc5e4	0x001ffed5	DATA	0
0x001fc5e8	0x001aa800	DATA	0
0x001fc5ec	0x00204140	DATA	0
0x001fc5f0	0x001ffee0	DATA	0
0x001fc5f4	0x001aa710	DATA	0
0x001fc5f8	0x00204130	DATA	0
0x001fc5fc	0x001ffda8	DATA	0
0x001fc600	0x001aa6fc	DATA	0
0x001fc604	0x00204118	DATA	0
0x001fc608	0x001ffd64	DATA	0
0x001fc60c	0x001aa678	DATA	0
0x001fc610	0x00204100	DATA	0
0x001fc614	0x001feeb6	DATA	0
0x001fc618	0x001aa658	DATA	0
0x001fc61c	0x00204384	DATA	0
0x001fc620	0x001ffdb8	DATA	0
0x001fc624	0x001aa5d0	DATA	0
0x001fc628	0x00204398	DATA	0
0x001fc62c	0x001ffef1	DATA	0
0x001fc630	0x001aa550	DATA	0
0x001fc634	0x002043b4	DATA	0
0x001fc638	0x001feeae	DATA	0
0x001fc63c	0x001aa510	DATA	0
0x001fc640	0x002043c4	DATA	0
0x001fc644	0x001ff7e5	DATA	0
0x001fc648	0x001aa484	DATA	0
0x001fc64c	0x002043d8	DATA	0
0x001fc650	0x001feff0	DATA	0
0x001fc654	0x001aa3fc	DATA	0
0x001fc658	0x002043e8	DATA	0
0x001fc65c	0x001ff7da	DATA	0
0x001fc660	0x001aa3e8	DATA	0
0x001fc664	0x002043f4	DATA	0
0x001fc668	0x001fef59	DATA	0
0x001fc66c	0x001aa3d4	DATA	0
0x001fc670	0x00201920	DATA	0
0x001fc674	0x001feebe	DATA	0
0x001fc678	0x001aa2ac	DATA	0
0x001fc67c	0x00203260	DATA	0
0x001fc680	0x001feede	DATA	0
0x001fc684	0x001aa178	DATA	0
0x001fc690	0x00204430	DATA	0
0x001fc694	0x001fee90	DATA	0
0x001fc698	0x001aa0a8	DATA	0
0x001fc69c	0x00204438	DATA	0
0x001fc6a0	0x001fef26	DATA	0
0x001fc6a4	0x001aa058	DATA	0
0x001fc6a8	0x00204440	DATA	0
0x001fc6ac	0x001feeb6	DATA	0
0x001fc6b0	0x001aa048	DATA	0
0x001fc6b4	0x00201920	DATA	0
0x001fc6b8	0x001feebe	DATA	0
0x001fc6bc	0x001aa000	DATA	0
0x001fc6c0	0x00204448	DATA	0
0x001fc6c4	0x001feec6	DATA	0
0x001fc6c8	0x001a9f98	DATA	0
0x001fc6d4	0x00204140	DATA	0
0x001fc6d8	0x001ffee0	DATA	0
0x001fc6dc	0x001ab9e0	DATA	0
0x001fc6e0	0x00204130	DATA	0
0x001fc6e4	0x001ffda8	DATA	0
0x001fc6e8	0x001ab9b0	DATA	0
0x001fc6ec	0x00204118	DATA	0
0x001fc6f0	0x001ffd64	DATA	0
0x001fc6f4	0x001ab89c	DATA	0
0x001fc6f8	0x0020434c	DATA	0
0x001fc6fc	0x001ffdb8	DATA	0
0x001fc700	0x001ab88c	DATA	0
0x001fc704	0x00204374	DATA	0
0x001fc708	0x001ffed5	DATA	0
0x001fc70c	0x001ab880	DATA	0
0x001fc710	0x00204100	DATA	0
0x001fc714	0x001feeb6	DATA	0
0x001fc718	0x001ab854	DATA	0
0x001fc71c	0x00204530	DATA	0
0x001fc720	0x001fffbd	DATA	0
0x001fc724	0x001ab830	DATA	0
0x001fc728	0x0020453c	DATA	0
0x001fc72c	0x001ff7e5	DATA	0
0x001fc730	0x001ab81c	DATA	0
0x001fc734	0x00204554	DATA	0
0x001fc738	0x001feff0	DATA	0
0x001fc73c	0x001ab80c	DATA	0
0x001fc740	0x00204568	DATA	0
0x001fc744	0x001feff0	DATA	0
0x001fc748	0x001ab7fc	DATA	0
0x001fc74c	0x00204574	DATA	0
0x001fc750	0x001fef59	DATA	0
0x001fc754	0x001ab7e4	DATA	0
0x001fc758	0x00204588	DATA	0
0x001fc75c	0x001fef59	DATA	0
0x001fc760	0x001ab7cc	DATA	0
0x001fc764	0x002043b4	DATA	0
0x001fc768	0x001feeae	DATA	0
0x001fc76c	0x001ab78c	DATA	0
0x001fc770	0x002043c4	DATA	0
0x001fc774	0x001ff7e5	DATA	0
0x001fc778	0x001ab700	DATA	0
0x001fc77c	0x002043d8	DATA	0
0x001fc780	0x001feff0	DATA	0
0x001fc784	0x001ab678	DATA	0
0x001fc788	0x002043e8	DATA	0
0x001fc78c	0x001ff7da	DATA	0
0x001fc790	0x001ab654	DATA	0
0x001fc794	0x002043f4	DATA	0
0x001fc798	0x001fef59	DATA	0
0x001fc79c	0x001ab640	DATA	0
0x001fc7a0	0x0020459c	DATA	0
0x001fc7a4	0x001feebe	DATA	0
0x001fc7a8	0x001ab630	DATA	0
0x001fc7ac	0x00204358	DATA	0
0x001fc7b0	0x001ffec2	DATA	0
0x001fc7b4	0x001ab51c	DATA	0
0x001fc7b8	0x00201920	DATA	0
0x001fc7bc	0x001feebe	DATA	0
0x001fc7c0	0x001ab494	DATA	0
0x001fc7c4	0x00203260	DATA	0
0x001fc7c8	0x001feede	DATA	0
0x001fc7cc	0x001ab364	DATA	0
0x001fc7d0	0x002045b0	DATA	0
0x001fc7d4	0x001ff685	DATA	0
0x001fc7d8	0x001ab12c	DATA	0
0x001fc7dc	0x002045c4	DATA	0
0x001fc7e0	0x001feeae	DATA	0
0x001fc7e4	0x001ab0fc	DATA	0
0x001fc7f0	0x00204430	DATA	0
0x001fc7f4	0x001fee90	DATA	0
0x001fc7f8	0x001ab02c	DATA	0
0x001fc7fc	0x00204438	DATA	0
0x001fc800	0x001fef26	DATA	0
0x001fc804	0x001aafdc	DATA	0
0x001fc808	0x00204440	DATA	0
0x001fc80c	0x001feeb6	DATA	0
0x001fc810	0x001aafcc	DATA	0
0x001fc814	0x00201920	DATA	0
0x001fc818	0x001feebe	DATA	0
0x001fc81c	0x001aaf84	DATA	0
0x001fc820	0x00204448	DATA	0
0x001fc824	0x001feec6	DATA	0
0x001fc828	0x001aaf1c	DATA	0
0x001fc834	0x002026f0	DATA	0
0x001fc838	0x00200008	DATA	0
0x001fc83c	0x001ac1fc	DATA	0
0x001fc840	0x00202a88	DATA	0
0x001fc844	0x001ff655	DATA	0
0x001fc848	0x001ac198	DATA	0
0x001fc84c	0x00202e1c	DATA	0
0x001fc850	0x001ff73a	DATA	0
0x001fc854	0x001ac0a4	DATA	0
0x001fc858	0x00204660	DATA	0
0x001fc85c	0x001feeae	DATA	0
0x001fc860	0x001ac09c	DATA	0
0x001fc864	0x0020466c	DATA	0
0x001fc868	0x001feff0	DATA	0
0x001fc86c	0x001ac090	DATA	0
0x001fc870	0x0020467c	DATA	0
0x001fc874	0x001feff0	DATA	0
0x001fc878	0x001ac084	DATA	0
0x001fc87c	0x0020468c	DATA	0
0x001fc880	0x001feff0	DATA	0
0x001fc884	0x001ac078	DATA	0
0x001fc888	0x002026dc	DATA	0
0x001fc88c	0x0020001e	DATA	0
0x001fc890	0x001ac050	DATA	0
0x001fc894	0x00202680	DATA	0
0x001fc898	0x001feff0	DATA	0
0x001fc89c	0x001ac044	DATA	0
0x001fc8a0	0x0020469c	DATA	0
0x001fc8a4	0x001fee90	DATA	0
0x001fc8a8	0x001abf58	DATA	0
0x001fc8ac	0x00202908	DATA	0
0x001fc8b0	0x001feeb6	DATA	0
0x001fc8b4	0x001abf4c	DATA	0
0x001fc8b8	0x002046b0	DATA	0
0x001fc8bc	0x00200032	DATA	0
0x001fc8c0	0x001abf40	DATA	0
0x001fc8c4	0x002046d4	DATA	0
0x001fc8c8	0x00200108	DATA	0
0x001fc8cc	0x001abf34	DATA	0
0x001fc8d0	0x002046f4	DATA	0
0x001fc8d4	0x001feff0	DATA	0
0x001fc8d8	0x001abf24	DATA	0
0x001fc8dc	0x002028f8	DATA	0
0x001fc8e0	0x001feeb6	DATA	0
0x001fc8e4	0x001abf18	DATA	0
0x001fc8e8	0x00204700	DATA	0
0x001fc8ec	0x002001c3	DATA	0
0x001fc8f0	0x001abe3c	DATA	0
0x001fc8f4	0x00204724	DATA	0
0x001fc8f8	0x002001d5	DATA	0
0x001fc8fc	0x001abd54	DATA	0
0x001fc900	0x00204748	DATA	0
0x001fc904	0x002001e7	DATA	0
0x001fc908	0x001abd28	DATA	0
0x001fc90c	0x00204764	DATA	0
0x001fc910	0x002001f9	DATA	0
0x001fc914	0x001abcf8	DATA	0
0x001fc918	0x00201920	DATA	0
0x001fc91c	0x001feebe	DATA	0
0x001fc920	0x001abc40	DATA	0
0x001fc924	0x00203260	DATA	0
0x001fc928	0x001feede	DATA	0
0x001fc92c	0x001abaec	DATA	0
0x001fc938	0x002026d0	DATA	0
0x001fc93c	0x001feebe	DATA	0
0x001fc940	0x001acbb8	DATA	0
0x001fc944	0x0020296c	DATA	0
0x001fc948	0x00200258	DATA	0
0x001fc94c	0x001acba4	DATA	0
0x001fc950	0x002027f8	DATA	0
0x001fc954	0x001feeb6	DATA	0
0x001fc958	0x001acb90	DATA	0
0x001fc95c	0x002027f0	DATA	0
0x001fc960	0x001feeb6	DATA	0
0x001fc964	0x001acb7c	DATA	0
0x001fc968	0x002027fc	DATA	0
0x001fc96c	0x00200108	DATA	0
0x001fc970	0x001acb04	DATA	0
0x001fc974	0x00202818	DATA	0
0x001fc978	0x00200108	DATA	0
0x001fc97c	0x001aca8c	DATA	0
0x001fc980	0x00203784	DATA	0
0x001fc984	0x001fef26	DATA	0
0x001fc988	0x001aca48	DATA	0
0x001fc98c	0x00202670	DATA	0
0x001fc990	0x001ff9b9	DATA	0
0x001fc994	0x001ac9d0	DATA	0
0x001fc998	0x0020384c	DATA	0
0x001fc99c	0x001feeae	DATA	0
0x001fc9a0	0x001ac998	DATA	0
0x001fc9a4	0x0020385c	DATA	0
0x001fc9a8	0x001feeae	DATA	0
0x001fc9ac	0x001ac950	DATA	0
0x001fc9b0	0x00202834	DATA	0
0x001fc9b4	0x001feeb6	DATA	0
0x001fc9b8	0x001ac5a0	DATA	0
0x001fc9bc	0x0020383c	DATA	0
0x001fc9c0	0x001feeb6	DATA	0
0x001fc9c4	0x001ac934	DATA	0
0x001fc9c8	0x00203828	DATA	0
0x001fc9cc	0x001feeb6	DATA	0
0x001fc9d0	0x001ac88c	DATA	0
0x001fc9d4	0x0020275c	DATA	0
0x001fc9d8	0x001ff9db	DATA	0
0x001fc9dc	0x001ac85c	DATA	0
0x001fc9e0	0x00203990	DATA	0
0x001fc9e4	0x001ff9f4	DATA	0
0x001fc9e8	0x001ac82c	DATA	0
0x001fc9ec	0x00202730	DATA	0
0x001fc9f0	0x001ff9db	DATA	0
0x001fc9f4	0x001ac7fc	DATA	0
0x001fc9f8	0x002039bc	DATA	0
0x001fc9fc	0x001ff9f4	DATA	0
0x001fca00	0x001ac7cc	DATA	0
0x001fca0c	0x002026d0	DATA	0
0x001fca10	0x001feebe	DATA	0
0x001fca14	0x001aeec4	DATA	0
0x001fca18	0x00202908	DATA	0
0x001fca1c	0x001feeb6	DATA	0
0x001fca20	0x001aeea4	DATA	0
0x001fca24	0x00202940	DATA	0
0x001fca28	0x0020065d	DATA	0
0x001fca2c	0x001aedb0	DATA	0
0x001fca30	0x00202918	DATA	0
0x001fca34	0x00200762	DATA	0
0x001fca38	0x001aecb4	DATA	0
0x001fca3c	0x002028ec	DATA	0
0x001fca40	0x001feeb6	DATA	0
0x001fca44	0x001aeca0	DATA	0
0x001fca48	0x002028d8	DATA	0
0x001fca4c	0x001feeb6	DATA	0
0x001fca50	0x001aec8c	DATA	0
0x001fca54	0x002028c8	DATA	0
0x001fca58	0x001feeb6	DATA	0
0x001fca5c	0x001aec78	DATA	0
0x001fca60	0x00202880	DATA	0
0x001fca64	0x001ffce5	DATA	0
0x001fca68	0x001aec08	DATA	0
0x001fca6c	0x00202890	DATA	0
0x001fca70	0x0020084c	DATA	0
0x001fca74	0x001aeb34	DATA	0
0x001fca78	0x00202868	DATA	0
0x001fca7c	0x0020085e	DATA	0
0x001fca80	0x001aea64	DATA	0
0x001fca84	0x0020285c	DATA	0
0x001fca88	0x001ff685	DATA	0
0x001fca8c	0x001ae9e4	DATA	0
0x001fca90	0x00202850	DATA	0
0x001fca94	0x001ff685	DATA	0
0x001fca98	0x001ae984	DATA	0
0x001fca9c	0x002028bc	DATA	0
0x001fcaa0	0x00200870	DATA	0
0x001fcaa4	0x001ae96c	DATA	0
0x001fcaa8	0x002028ac	DATA	0
0x001fcaac	0x00200870	DATA	0
0x001fcab0	0x001ae954	DATA	0
0x001fcab4	0x002027f8	DATA	0
0x001fcab8	0x00200258	DATA	0
0x001fcabc	0x001ae940	DATA	0
0x001fcac0	0x002027f0	DATA	0
0x001fcac4	0x00200258	DATA	0
0x001fcac8	0x001ae92c	DATA	0
0x001fcacc	0x00204a58	DATA	0
0x001fcad0	0x00200878	DATA	0
0x001fcad4	0x001ae854	DATA	0
0x001fcae0	0x00202df8	DATA	0
0x001fcae4	0x001ff727	DATA	0
0x001fcae8	0x001af194	DATA	0
0x001fcaec	0x00202e1c	DATA	0
0x001fcaf0	0x001ff73a	DATA	0
0x001fcaf4	0x001af0f0	DATA	0
0x001fcaf8	0x00204a94	DATA	0
0x001fcafc	0x001fef26	DATA	0
0x001fcb00	0x001af0dc	DATA	0
0x001fcb04	0x00204aa0	DATA	0
0x001fcb08	0x001feeb6	DATA	0
0x001fcb0c	0x001af0cc	DATA	0
0x001fcb10	0x00204aa8	DATA	0
0x001fcb14	0x00200994	DATA	0
0x001fcb18	0x001af0bc	DATA	0
0x001fcb1c	0x00204ab4	DATA	0
0x001fcb20	0x002009bc	DATA	0
0x001fcb24	0x001af0b0	DATA	0
0x001fcb28	0x00204acc	DATA	0
0x001fcb2c	0x002009cb	DATA	0
0x001fcb30	0x001af0a4	DATA	0
0x001fcb34	0x00204ae4	DATA	0
0x001fcb38	0x002009cb	DATA	0
0x001fcb3c	0x001af098	DATA	0
0x001fcb40	0x00204afc	DATA	0
0x001fcb44	0x001feec6	DATA	0
0x001fcb48	0x001af08c	DATA	0
0x001fcb4c	0x00203c54	DATA	0
0x001fcb50	0x001feeb6	DATA	0
0x001fcb54	0x001af064	DATA	0
0x001fcb58	0x00202c70	DATA	0
0x001fcb5c	0x002009e3	DATA	0
0x001fcb60	0x001af058	DATA	0
0x001fcb6c	0x00204e18	DATA	0
0x001fcb70	0x00200a34	DATA	0
0x001fcb74	0x001b1d90	DATA	0
0x001fcb78	0x00204e28	DATA	0
0x001fcb7c	0x00200a41	DATA	0
0x001fcb80	0x001b1c80	DATA	0
0x001fcb84	0x00204e48	DATA	0
0x001fcb88	0x00200a54	DATA	0
0x001fcb8c	0x001b1bfc	DATA	0
0x001fcb90	0x00204e60	DATA	0
0x001fcb94	0x00200a61	DATA	0
0x001fcb98	0x001b1bc0	DATA	0
0x001fcb9c	0x00204e80	DATA	0
0x001fcba0	0x00200a73	DATA	0
0x001fcba4	0x001b1b8c	DATA	0
0x001fcba8	0x00204e9c	DATA	0
0x001fcbac	0x001feede	DATA	0
0x001fcbb0	0x001b1b14	DATA	0
0x001fcbb4	0x00204eb8	DATA	0
0x001fcbb8	0x001feebe	DATA	0
0x001fcbbc	0x001b1a9c	DATA	0
0x001fcbc0	0x00204ecc	DATA	0
0x001fcbc4	0x00200a85	DATA	0
0x001fcbc8	0x001b04b8	DATA	0
0x001fcbcc	0x00204eec	DATA	0
0x001fcbd0	0x002009bc	DATA	0
0x001fcbd4	0x001b19a4	DATA	0
0x001fcbd8	0x00204f00	DATA	0
0x001fcbdc	0x001feede	DATA	0
0x001fcbe0	0x001b1924	DATA	0
0x001fcbe4	0x00204f18	DATA	0
0x001fcbe8	0x001ff759	DATA	0
0x001fcbec	0x001b18a0	DATA	0
0x001fcbf0	0x00204b38	DATA	0
0x001fcbf4	0x001feeb6	DATA	0
0x001fcbf8	0x001b1890	DATA	0
0x001fcbfc	0x00204b30	DATA	0
0x001fcc00	0x001feeb6	DATA	0
0x001fcc04	0x001b1880	DATA	0
0x001fcc08	0x00204f40	DATA	0
0x001fcc0c	0x001fee90	DATA	0
0x001fcc10	0x001b1860	DATA	0
0x001fcc14	0x00204f50	DATA	0
0x001fcc18	0x00200ad7	DATA	0
0x001fcc1c	0x001b182c	DATA	0
0x001fcc20	0x00204f78	DATA	0
0x001fcc24	0x001feec6	DATA	0
0x001fcc28	0x001b17a0	DATA	0
0x001fcc2c	0x00204f88	DATA	0
0x001fcc30	0x001feebe	DATA	0
0x001fcc34	0x001b02d0	DATA	0
0x001fcc38	0x00204f94	DATA	0
0x001fcc3c	0x001fee90	DATA	0
0x001fcc40	0x001b16a0	DATA	0
0x001fcc44	0x00204fa8	DATA	0
0x001fcc48	0x00200ae9	DATA	0
0x001fcc4c	0x001b1548	DATA	0
0x001fcc50	0x00204fc4	DATA	0
0x001fcc54	0x00200aff	DATA	0
0x001fcc58	0x001b1538	DATA	0
0x001fcc5c	0x00204fd4	DATA	0
0x001fcc60	0x001ff6c2	DATA	0
0x001fcc64	0x001b13dc	DATA	0
0x001fcc68	0x00204fe4	DATA	0
0x001fcc6c	0x001fef26	DATA	0
0x001fcc70	0x001b12e4	DATA	0
0x001fcc74	0x00204ff8	DATA	0
0x001fcc78	0x00200b0f	DATA	0
0x001fcc7c	0x001b123c	DATA	0
0x001fcc80	0x0020501c	DATA	0
0x001fcc84	0x001feebe	DATA	0
0x001fcc88	0x001b11bc	DATA	0
0x001fcc8c	0x00205038	DATA	0
0x001fcc90	0x001feebe	DATA	0
0x001fcc94	0x001b108c	DATA	0
0x001fcc98	0x00202dd4	DATA	0
0x001fcc9c	0x001ff715	DATA	0
0x001fcca0	0x001b0fc4	DATA	0
0x001fcca4	0x00202a88	DATA	0
0x001fcca8	0x001ff655	DATA	0
0x001fccac	0x001afbdc	DATA	0
0x001fccb0	0x00202df8	DATA	0
0x001fccb4	0x001ff727	DATA	0
0x001fccb8	0x001b0ee8	DATA	0
0x001fccbc	0x00202e1c	DATA	0
0x001fccc0	0x001ff73a	DATA	0
0x001fccc4	0x001af42c	DATA	0
0x001fccc8	0x00205050	DATA	0
0x001fcccc	0x00200b2f	DATA	0
0x001fccd0	0x001b0e0c	DATA	0
0x001fccd4	0x00205088	DATA	0
0x001fccd8	0x00200b45	DATA	0
0x001fccdc	0x001b0cd0	DATA	0
0x001fcce0	0x00205098	DATA	0
0x001fcce4	0x00200b45	DATA	0
0x001fcce8	0x001b0c2c	DATA	0
0x001fccec	0x00201920	DATA	0
0x001fccf0	0x001feebe	DATA	0
0x001fccf4	0x001b0b70	DATA	0
0x001fccf8	0x00201a24	DATA	0
0x001fccfc	0x001feebe	DATA	0
0x001fcd00	0x001af240	DATA	0
0x001fcd0c	0x00202c5c	DATA	0
0x001fcd10	0x001ff685	DATA	0
0x001fcd14	0x001b3a44	DATA	0
0x001fcd18	0x00202dbc	DATA	0
0x001fcd1c	0x001ff685	DATA	0
0x001fcd20	0x001b3988	DATA	0
0x001fcd24	0x00202c4c	DATA	0
0x001fcd28	0x001ff685	DATA	0
0x001fcd2c	0x001b38d0	DATA	0
0x001fcd30	0x00203078	DATA	0
0x001fcd34	0x001feebe	DATA	0
0x001fcd38	0x001b38c0	DATA	0
0x001fcd3c	0x00202fc0	DATA	0
0x001fcd40	0x001feebe	DATA	0
0x001fcd44	0x001b38b0	DATA	0
0x001fcd48	0x00201920	DATA	0
0x001fcd4c	0x001feebe	DATA	0
0x001fcd50	0x001b3868	DATA	0
0x001fcd54	0x00201a24	DATA	0
0x001fcd58	0x001feebe	DATA	0
0x001fcd5c	0x001b37ec	DATA	0
0x001fcd68	0x002053f0	DATA	0
0x001fcd6c	0x00200d08	DATA	0
0x001fcd70	0x001b3f6c	DATA	0
0x001fcd74	0x00205408	DATA	0
0x001fcd78	0x00200d17	DATA	0
0x001fcd7c	0x001b4994	DATA	0
0x001fcd80	0x0020541c	DATA	0
0x001fcd84	0x00200d17	DATA	0
0x001fcd88	0x001b47a8	DATA	0
0x001fcd8c	0x00205434	DATA	0
0x001fcd90	0x00200d27	DATA	0
0x001fcd94	0x001b3aa4	DATA	0
0x001fcd98	0x00202f9c	DATA	0
0x001fcd9c	0x00200d60	DATA	0
0x001fcda0	0x001b46a4	DATA	0
0x001fcda4	0x002053d4	DATA	0
0x001fcda8	0x001feebe	DATA	0
0x001fcdac	0x001b4694	DATA	0
0x001fcdb0	0x00202f8c	DATA	0
0x001fcdb4	0x001feede	DATA	0
0x001fcdb8	0x001b464c	DATA	0
0x001fcdbc	0x00201920	DATA	0
0x001fcdc0	0x001feebe	DATA	0
0x001fcdc4	0x001b45ac	DATA	0
0x001fcdc8	0x00203084	DATA	0
0x001fcdcc	0x001feeb6	DATA	0
0x001fcdd0	0x001b459c	DATA	0
0x001fcdd4	0x002030b0	DATA	0
0x001fcdd8	0x00200d73	DATA	0
0x001fcddc	0x001b457c	DATA	0
0x001fcde0	0x00205454	DATA	0
0x001fcde4	0x00200d81	DATA	0
0x001fcde8	0x001b44c0	DATA	0
0x001fcdec	0x00202f68	DATA	0
0x001fcdf0	0x00200d81	DATA	0
0x001fcdf4	0x001b4430	DATA	0
0x001fce00	0x00203cd0	DATA	0
0x001fce04	0x001ffccc	DATA	0
0x001fce08	0x001b755c	DATA	0
0x001fce0c	0x00205638	DATA	0
0x001fce10	0x001feff0	DATA	0
0x001fce14	0x001b7550	DATA	0
0x001fce18	0x0020564c	DATA	0
0x001fce1c	0x00200d94	DATA	0
0x001fce20	0x001b7540	DATA	0
0x001fce24	0x00205664	DATA	0
0x001fce28	0x00200d94	DATA	0
0x001fce2c	0x001b7530	DATA	0
0x001fce30	0x0020567c	DATA	0
0x001fce34	0x00200da5	DATA	0
0x001fce38	0x001b7514	DATA	0
0x001fce3c	0x00205698	DATA	0
0x001fce40	0x001fef59	DATA	0
0x001fce44	0x001b7508	DATA	0
0x001fce48	0x002056b8	DATA	0
0x001fce4c	0x00200d08	DATA	0
0x001fce50	0x001b7500	DATA	0
0x001fce54	0x002056cc	DATA	0
0x001fce58	0x00200d08	DATA	0
0x001fce5c	0x001b74f8	DATA	0
0x001fce60	0x002056e0	DATA	0
0x001fce64	0x001feeae	DATA	0
0x001fce68	0x001b74f0	DATA	0
0x001fce6c	0x00205700	DATA	0
0x001fce70	0x001feeae	DATA	0
0x001fce74	0x001b74e8	DATA	0
0x001fce78	0x0020571c	DATA	0
0x001fce7c	0x001feeae	DATA	0
0x001fce80	0x001b74e0	DATA	0
0x001fce84	0x00205730	DATA	0
0x001fce88	0x001feeae	DATA	0
0x001fce8c	0x001b74d8	DATA	0
0x001fce90	0x00205748	DATA	0
0x001fce94	0x001feeae	DATA	0
0x001fce98	0x001b74d0	DATA	0
0x001fce9c	0x0020575c	DATA	0
0x001fcea0	0x001feeae	DATA	0
0x001fcea4	0x001b74c8	DATA	0
0x001fcea8	0x00205774	DATA	0
0x001fceac	0x001fef59	DATA	0
0x001fceb0	0x001b74b4	DATA	0
0x001fceb4	0x00205788	DATA	0
0x001fceb8	0x001fef59	DATA	0
0x001fcebc	0x001b74a0	DATA	0
0x001fcec0	0x00205798	DATA	0
0x001fcec4	0x001feeb6	DATA	0
0x001fcec8	0x001b7490	DATA	0
0x001fcecc	0x002057b0	DATA	0
0x001fced0	0x001feeb6	DATA	0
0x001fced4	0x001b7480	DATA	0
0x001fced8	0x002057c8	DATA	0
0x001fcedc	0x001feff0	DATA	0
0x001fcee0	0x001b7470	DATA	0
0x001fcee4	0x002057d8	DATA	0
0x001fcee8	0x001feff0	DATA	0
0x001fceec	0x001b7460	DATA	0
0x001fcef0	0x002057e8	DATA	0
0x001fcef4	0x00200db6	DATA	0
0x001fcef8	0x001b7404	DATA	0
0x001fcefc	0x00205808	DATA	0
0x001fcf00	0x00200db6	DATA	0
0x001fcf04	0x001b73a8	DATA	0
0x001fcf08	0x00205824	DATA	0
0x001fcf0c	0x00200dc7	DATA	0
0x001fcf10	0x001b738c	DATA	0
0x001fcf14	0x0020583c	DATA	0
0x001fcf18	0x00200dd6	DATA	0
0x001fcf1c	0x001b736c	DATA	0
0x001fcf20	0x00203dd4	DATA	0
0x001fcf24	0x001feeae	DATA	0
0x001fcf28	0x001b7364	DATA	0
0x001fcf2c	0x00205874	DATA	0
0x001fcf30	0x00200dec	DATA	0
0x001fcf34	0x001b7348	DATA	0
0x001fcf38	0x0020589c	DATA	0
0x001fcf3c	0x001fef59	DATA	0
0x001fcf40	0x001b7334	DATA	0
0x001fcf44	0x002058ac	DATA	0
0x001fcf48	0x001fef59	DATA	0
0x001fcf4c	0x001b7320	DATA	0
0x001fcf50	0x002058bc	DATA	0
0x001fcf54	0x001feff0	DATA	0
0x001fcf58	0x001b7310	DATA	0
0x001fcf5c	0x002058cc	DATA	0
0x001fcf60	0x001feeb6	DATA	0
0x001fcf64	0x001b72bc	DATA	0
0x001fcf68	0x002058dc	DATA	0
0x001fcf6c	0x001feff0	DATA	0
0x001fcf70	0x001b72ac	DATA	0
0x001fcf74	0x00201920	DATA	0
0x001fcf78	0x001feebe	DATA	0
0x001fcf7c	0x001b725c	DATA	0
0x001fcf80	0x002058e8	DATA	0
0x001fcf84	0x001fef59	DATA	0
0x001fcf88	0x001b723c	DATA	0
0x001fcf8c	0x00203260	DATA	0
0x001fcf90	0x001feede	DATA	0
0x001fcf94	0x001b58e8	DATA	0
0x001fcf98	0x002058f0	DATA	0
0x001fcf9c	0x00200dfd	DATA	0
0x001fcfa0	0x001b7230	DATA	0
0x001fcfac	0x00205de4	DATA	0
0x001fcfb0	0x001feebe	DATA	0
0x001fcfb4	0x001b8588	DATA	0
0x001fcfb8	0x00206124	DATA	0
0x001fcfbc	0x001ff00a	DATA	0
0x001fcfc0	0x001b8578	DATA	0
0x001fcfc4	0x002060d4	DATA	0
0x001fcfc8	0x001feff0	DATA	0
0x001fcfcc	0x001b8568	DATA	0
0x001fcfd0	0x00206138	DATA	0
0x001fcfd4	0x00200e0e	DATA	0
0x001fcfd8	0x001b8518	DATA	0
0x001fcfdc	0x00205f10	DATA	0
0x001fcfe0	0x001ff7da	DATA	0
0x001fcfe4	0x001b84cc	DATA	0
0x001fcfe8	0x00205eb4	DATA	0
0x001fcfec	0x001fef59	DATA	0
0x001fcff0	0x001b84bc	DATA	0
0x001fcff4	0x0020614c	DATA	0
0x001fcff8	0x001fef26	DATA	0
0x001fcffc	0x001b843c	DATA	0
0x001fd000	0x00206108	DATA	0
0x001fd004	0x001ff668	DATA	0
0x001fd008	0x001b8310	DATA	0
0x001fd00c	0x0020615c	DATA	0
0x001fd010	0x00200ecc	DATA	0
0x001fd014	0x001b8200	DATA	0
0x001fd018	0x0020617c	DATA	0
0x001fd01c	0x001feff0	DATA	0
0x001fd020	0x001b81b8	DATA	0
0x001fd024	0x00206034	DATA	0
0x001fd028	0x001feebe	DATA	0
0x001fd02c	0x001b81a8	DATA	0
0x001fd030	0x00206188	DATA	0
0x001fd034	0x00200ee2	DATA	0
0x001fd038	0x001b8184	DATA	0
0x001fd03c	0x00205dd4	DATA	0
0x001fd040	0x001feeb6	DATA	0
0x001fd044	0x001b8174	DATA	0
0x001fd048	0x00206194	DATA	0
0x001fd04c	0x001fef26	DATA	0
0x001fd050	0x001b80ec	DATA	0
0x001fd054	0x002061a8	DATA	0
0x001fd058	0x001feebe	DATA	0
0x001fd05c	0x001b7fe0	DATA	0
0x001fd060	0x002061bc	DATA	0
0x001fd064	0x001fee90	DATA	0
0x001fd068	0x001b7f74	DATA	0
0x001fd06c	0x00205df0	DATA	0
0x001fd070	0x001feeb6	DATA	0
0x001fd074	0x001b7f64	DATA	0
0x001fd078	0x002061d4	DATA	0
0x001fd07c	0x001feec6	DATA	0
0x001fd080	0x001b7f54	DATA	0
0x001fd084	0x00205dc4	DATA	0
0x001fd088	0x001feeb6	DATA	0
0x001fd08c	0x001b7f44	DATA	0
0x001fd090	0x002061e4	DATA	0
0x001fd094	0x001feec6	DATA	0
0x001fd098	0x001b7f34	DATA	0
0x001fd09c	0x00205e54	DATA	0
0x001fd0a0	0x001feff0	DATA	0
0x001fd0a4	0x001b7f24	DATA	0
0x001fd0a8	0x00205fe8	DATA	0
0x001fd0ac	0x001ff7e5	DATA	0
0x001fd0b0	0x001b7f14	DATA	0
0x001fd0b4	0x00205e98	DATA	0
0x001fd0b8	0x001feeae	DATA	0
0x001fd0bc	0x001b7ed4	DATA	0
0x001fd0c0	0x00205fa4	DATA	0
0x001fd0c4	0x001feff0	DATA	0
0x001fd0c8	0x001b7ec4	DATA	0
0x001fd0cc	0x00205e64	DATA	0
0x001fd0d0	0x00200eee	DATA	0
0x001fd0d4	0x001b7eb4	DATA	0
0x001fd0d8	0x00205e84	DATA	0
0x001fd0dc	0x001feeae	DATA	0
0x001fd0e0	0x001b75d0	DATA	0
0x001fd0e4	0x00205e18	DATA	0
0x001fd0e8	0x00200ef7	DATA	0
0x001fd0ec	0x001b7d3c	DATA	0
0x001fd0f0	0x002061f8	DATA	0
0x001fd0f4	0x001feeae	DATA	0
0x001fd0f8	0x001b7d34	DATA	0
0x001fd0fc	0x00206210	DATA	0
0x001fd100	0x001feeae	DATA	0
0x001fd104	0x001b7c68	DATA	0
0x001fd108	0x00206224	DATA	0
0x001fd10c	0x001fef59	DATA	0
0x001fd110	0x001b7b38	DATA	0
0x001fd114	0x00205e44	DATA	0
0x001fd118	0x001feff0	DATA	0
0x001fd11c	0x001b7b28	DATA	0
0x001fd120	0x00205dfc	DATA	0
0x001fd124	0x001fef59	DATA	0
0x001fd128	0x001b7b18	DATA	0
0x001fd12c	0x00205e0c	DATA	0
0x001fd130	0x001feff0	DATA	0
0x001fd134	0x001b7b08	DATA	0
0x001fd138	0x00206238	DATA	0
0x001fd13c	0x001ff7e5	DATA	0
0x001fd140	0x001b7af8	DATA	0
0x001fd144	0x0020607c	DATA	0
0x001fd148	0x001feff0	DATA	0
0x001fd14c	0x001b7ae8	DATA	0
0x001fd150	0x00206244	DATA	0
0x001fd154	0x00200f0c	DATA	0
0x001fd158	0x001b7a94	DATA	0
0x001fd15c	0x00205e74	DATA	0
0x001fd160	0x001feff0	DATA	0
0x001fd164	0x001b7a84	DATA	0
0x001fd168	0x00201920	DATA	0
0x001fd16c	0x001feebe	DATA	0
0x001fd170	0x001b7a4c	DATA	0
0x001fd174	0x00205fd4	DATA	0
0x001fd178	0x00200f18	DATA	0
0x001fd17c	0x001b7914	DATA	0
0x001fd188	0x00205f5c	DATA	0
0x001fd18c	0x001ff7e5	DATA	0
0x001fd190	0x001b9600	DATA	0
0x001fd194	0x00205ed8	DATA	0
0x001fd198	0x001feff0	DATA	0
0x001fd19c	0x001b95f4	DATA	0
0x001fd1a0	0x00205f70	DATA	0
0x001fd1a4	0x001ff7e5	DATA	0
0x001fd1a8	0x001b95ec	DATA	0
0x001fd1ac	0x00205ee8	DATA	0
0x001fd1b0	0x001feff0	DATA	0
0x001fd1b4	0x001b95e0	DATA	0
0x001fd1b8	0x00205f48	DATA	0
0x001fd1bc	0x001ff7e5	DATA	0
0x001fd1c0	0x001b95d0	DATA	0
0x001fd1c4	0x002058bc	DATA	0
0x001fd1c8	0x001feff0	DATA	0
0x001fd1cc	0x001b95c0	DATA	0
0x001fd1d0	0x00205f34	DATA	0
0x001fd1d4	0x001ff7e5	DATA	0
0x001fd1d8	0x001b95b0	DATA	0
0x001fd1dc	0x00205ec8	DATA	0
0x001fd1e0	0x001feff0	DATA	0
0x001fd1e4	0x001b95a0	DATA	0
0x001fd1e8	0x00205f20	DATA	0
0x001fd1ec	0x001fef26	DATA	0
0x001fd1f0	0x001b9524	DATA	0
0x001fd1f4	0x002058cc	DATA	0
0x001fd1f8	0x001feeb6	DATA	0
0x001fd1fc	0x001b94b8	DATA	0
0x001fd200	0x0020644c	DATA	0
0x001fd204	0x00200f47	DATA	0
0x001fd208	0x001b9444	DATA	0
0x001fd20c	0x00206464	DATA	0
0x001fd210	0x001feec6	DATA	0
0x001fd214	0x001b9434	DATA	0
0x001fd218	0x00201920	DATA	0
0x001fd21c	0x001feebe	DATA	0
0x001fd220	0x001b9368	DATA	0
0x001fd224	0x00206470	DATA	0
0x001fd228	0x00200f58	DATA	0
0x001fd22c	0x001b9348	DATA	0
0x001fd230	0x0020647c	DATA	0
0x001fd234	0x001feebe	DATA	0
0x001fd238	0x001b92e0	DATA	0
0x001fd23c	0x00206488	DATA	0
0x001fd240	0x001feebe	DATA	0
0x001fd244	0x001b92d4	DATA	0
0x001fd248	0x00206334	DATA	0
0x001fd24c	0x001feec6	DATA	0
0x001fd250	0x001b92a0	DATA	0
0x001fd254	0x0020649c	DATA	0
0x001fd258	0x00200f9d	DATA	0
0x001fd25c	0x001b8598	DATA	0
0x001fd260	0x002064ac	DATA	0
0x001fd264	0x001ffed5	DATA	0
0x001fd268	0x001b90e8	DATA	0
0x001fd26c	0x002062bc	DATA	0
0x001fd270	0x00200fb7	DATA	0
0x001fd274	0x001b8f64	DATA	0
0x001fd278	0x002064c4	DATA	0
0x001fd27c	0x00201001	DATA	0
0x001fd280	0x001b8f30	DATA	0
0x001fd284	0x002064f0	DATA	0
0x001fd288	0x00201053	DATA	0
0x001fd28c	0x001b8f24	DATA	0
0x001fd290	0x0020650c	DATA	0
0x001fd294	0x00201065	DATA	0
0x001fd298	0x001b8f10	DATA	0
0x001fd29c	0x00206308	DATA	0
0x001fd2a0	0x002010e9	DATA	0
0x001fd2a4	0x001b8d80	DATA	0
0x001fd2a8	0x00206554	DATA	0
0x001fd2ac	0x0020111e	DATA	0
0x001fd2b0	0x001b8d74	DATA	0
0x001fd2b4	0x0020657c	DATA	0
0x001fd2b8	0x00201197	DATA	0
0x001fd2bc	0x001b8d5c	DATA	0
0x001fd2c0	0x00206588	DATA	0
0x001fd2c4	0x002011e0	DATA	0
0x001fd2c8	0x001b8c74	DATA	0
0x001fd2cc	0x002065a8	DATA	0
0x001fd2d0	0x00200b7b	DATA	0
0x001fd2d4	0x001b8b44	DATA	0
0x001fd2d8	0x002065c4	DATA	0
0x001fd2dc	0x001feebe	DATA	0
0x001fd2e0	0x001b8ae8	DATA	0
0x001fd2e4	0x0020632c	DATA	0
0x001fd2e8	0x001feeb6	DATA	0
0x001fd2ec	0x001b8ad8	DATA	0
0x001fd2f0	0x00206008	DATA	0
0x001fd2f4	0x001feebe	DATA	0
0x001fd2f8	0x001b8ac8	DATA	0
0x001fd2fc	0x00206264	DATA	0
0x001fd300	0x001feeb6	DATA	0
0x001fd304	0x001b8ab8	DATA	0
0x001fd308	0x00206258	DATA	0
0x001fd30c	0x001feeb6	DATA	0
0x001fd310	0x001b8aa8	DATA	0
0x001fd314	0x00206340	DATA	0
0x001fd318	0x0020122c	DATA	0
0x001fd31c	0x001b89b8	DATA	0
0x001fd328	0x0020657c	DATA	0
0x001fd32c	0x00201197	DATA	0
0x001fd330	0x001b9bf8	DATA	0
0x001fd334	0x00206308	DATA	0
0x001fd338	0x002010e9	DATA	0
0x001fd33c	0x001b9ba8	DATA	0
0x001fd340	0x00206488	DATA	0
0x001fd344	0x001feebe	DATA	0
0x001fd348	0x001b9608	DATA	0
0x001fd34c	0x00206554	DATA	0
0x001fd350	0x0020111e	DATA	0
0x001fd354	0x001b9aa4	DATA	0
0x001fd358	0x002065ec	DATA	0
0x001fd35c	0x00201197	DATA	0
0x001fd360	0x001b9960	DATA	0
0x001fd364	0x0020650c	DATA	0
0x001fd368	0x00201065	DATA	0
0x001fd36c	0x001b993c	DATA	0
0x001fd370	0x00206608	DATA	0
0x001fd374	0x00201245	DATA	0
0x001fd378	0x001b981c	DATA	0
0x001fd384	0x00201920	DATA	0
0x001fd388	0x001feebe	DATA	0
0x001fd38c	0x001baa6c	DATA	0
0x001fd390	0x0020657c	DATA	0
0x001fd394	0x00201197	DATA	0
0x001fd398	0x001baa14	DATA	0
0x001fd39c	0x00206138	DATA	0
0x001fd3a0	0x001ff816	DATA	0
0x001fd3a4	0x001ba9b8	DATA	0
0x001fd3a8	0x00205f10	DATA	0
0x001fd3ac	0x001ff7da	DATA	0
0x001fd3b0	0x001ba95c	DATA	0
0x001fd3b4	0x00205eb4	DATA	0
0x001fd3b8	0x001fef59	DATA	0
0x001fd3bc	0x001ba948	DATA	0
0x001fd3c0	0x00205f94	DATA	0
0x001fd3c4	0x001ff7e5	DATA	0
0x001fd3c8	0x001ba938	DATA	0
0x001fd3cc	0x00205f84	DATA	0
0x001fd3d0	0x001ff7e5	DATA	0
0x001fd3d4	0x001ba928	DATA	0
0x001fd3d8	0x00205f04	DATA	0
0x001fd3dc	0x001feff0	DATA	0
0x001fd3e0	0x001ba918	DATA	0
0x001fd3e4	0x00205ef8	DATA	0
0x001fd3e8	0x001feff0	DATA	0
0x001fd3ec	0x001ba908	DATA	0
0x001fd3f0	0x00206554	DATA	0
0x001fd3f4	0x0020111e	DATA	0
0x001fd3f8	0x001ba850	DATA	0
0x001fd3fc	0x0020650c	DATA	0
0x001fd400	0x00201065	DATA	0
0x001fd404	0x001b9c54	DATA	0
0x001fd408	0x002064f0	DATA	0
0x001fd40c	0x00201053	DATA	0
0x001fd410	0x001ba804	DATA	0
0x001fd414	0x002064c4	DATA	0
0x001fd418	0x00201001	DATA	0
0x001fd41c	0x001ba788	DATA	0
0x001fd420	0x0020667c	DATA	0
0x001fd424	0x0020125a	DATA	0
0x001fd428	0x001ba5b4	DATA	0
0x001fd42c	0x00206340	DATA	0
0x001fd430	0x0020122c	DATA	0
0x001fd434	0x001ba484	DATA	0
0x001fd440	0x00204430	DATA	0
0x001fd444	0x001fee90	DATA	0
0x001fd448	0x001bac5c	DATA	0
0x001fd44c	0x00204438	DATA	0
0x001fd450	0x001fef26	DATA	0
0x001fd454	0x001bac0c	DATA	0
0x001fd458	0x00205e04	DATA	0
0x001fd45c	0x001feeb6	DATA	0
0x001fd460	0x001babfc	DATA	0
0x001fd464	0x00201920	DATA	0
0x001fd468	0x001feebe	DATA	0
0x001fd46c	0x001babbc	DATA	0
0x001fd470	0x00204448	DATA	0
0x001fd474	0x001feec6	DATA	0
0x001fd478	0x001bab5c	DATA	0
0x001fd484	0x0020691c	DATA	0
0x001fd488	0x002012e7	DATA	0
0x001fd48c	0x001c1670	DATA	0
0x001fd490	0x0020692c	DATA	0
0x001fd494	0x001ff6c2	DATA	0
0x001fd498	0x001c1640	DATA	0
0x001fd49c	0x00206940	DATA	0
0x001fd4a0	0x001ffc57	DATA	0
0x001fd4a4	0x001c1588	DATA	0
0x001fd4a8	0x00206958	DATA	0
0x001fd4ac	0x001ffc7a	DATA	0
0x001fd4b0	0x001c1520	DATA	0
0x001fd4b4	0x0020696c	DATA	0
0x001fd4b8	0x001feff0	DATA	0
0x001fd4bc	0x001c14c8	DATA	0
0x001fd4c0	0x0020697c	DATA	0
0x001fd4c4	0x001ffc6c	DATA	0
0x001fd4c8	0x001c1470	DATA	0
0x001fd4cc	0x00205ffc	DATA	0
0x001fd4d0	0x001feff0	DATA	0
0x001fd4d4	0x001c1418	DATA	0
0x001fd4d8	0x00206010	DATA	0
0x001fd4dc	0x001ffc8a	DATA	0
0x001fd4e0	0x001c13c0	DATA	0
0x001fd4e4	0x00206008	DATA	0
0x001fd4e8	0x001feff0	DATA	0
0x001fd4ec	0x001c13a4	DATA	0
0x001fd4f0	0x00201920	DATA	0
0x001fd4f4	0x001feebe	DATA	0
0x001fd4f8	0x001c133c	DATA	0
0x001fd504	0x00206af8	DATA	0
0x001fd508	0x0020139b	DATA	0
0x001fd50c	0x001c1c70	DATA	0
0x001fd510	0x00201920	DATA	0
0x001fd514	0x001feebe	DATA	0
0x001fd518	0x001c1c38	DATA	0
0x001fd524	0x00206ca0	DATA	0
0x001fd528	0x001ff986	DATA	0
0x001fd52c	0x001c217c	DATA	0
0x001fd530	0x00206cac	DATA	0
0x001fd534	0x001feff0	DATA	0
0x001fd538	0x001c2154	DATA	0
0x001fd53c	0x00201920	DATA	0
0x001fd540	0x001feebe	DATA	0
0x001fd544	0x001c20d8	DATA	0
0x001fd550	0x00206ccc	DATA	0
0x001fd554	0x002013bd	DATA	0
0x001fd558	0x001c2344	DATA	0
0x001fd55c	0x00206cd4	DATA	0
0x001fd560	0x001feff0	DATA	0
0x001fd564	0x001c2334	DATA	0
0x001fd568	0x00206cdc	DATA	0
0x001fd56c	0x00200258	DATA	0
0x001fd570	0x001c2320	DATA	0
0x001fd574	0x00201920	DATA	0
0x001fd578	0x001feebe	DATA	0
0x001fd57c	0x001c22d0	DATA	0
0x001fd588	0x00206dd0	DATA	0
0x001fd58c	0x002013c5	DATA	0
0x001fd590	0x001c52e8	DATA	0
0x001fd594	0x00206de8	DATA	0
0x001fd598	0x002013d6	DATA	0
0x001fd59c	0x001c52c0	DATA	0
0x001fd5a0	0x00206e00	DATA	0
0x001fd5a4	0x0020140b	DATA	0
0x001fd5a8	0x001c529c	DATA	0
0x001fd5ac	0x00206e14	DATA	0
0x001fd5b0	0x0020143b	DATA	0
0x001fd5b4	0x001c43dc	DATA	0
0x001fd5b8	0x00206e38	DATA	0
0x001fd5bc	0x00201474	DATA	0
0x001fd5c0	0x001c51e0	DATA	0
0x001fd5c4	0x00206e60	DATA	0
0x001fd5c8	0x001feff0	DATA	0
0x001fd5cc	0x001c51d4	DATA	0
0x001fd5d0	0x00206e6c	DATA	0
0x001fd5d4	0x001feff0	DATA	0
0x001fd5d8	0x001c51c8	DATA	0
0x001fd5dc	0x00206e80	DATA	0
0x001fd5e0	0x00200994	DATA	0
0x001fd5e4	0x001c51b8	DATA	0
0x001fd5e8	0x00206e90	DATA	0
0x001fd5ec	0x001feff0	DATA	0
0x001fd5f0	0x001c51a8	DATA	0
0x001fd5f4	0x00206ea4	DATA	0
0x001fd5f8	0x001feeb6	DATA	0
0x001fd5fc	0x001c5198	DATA	0
0x001fd600	0x00206eb8	DATA	0
0x001fd604	0x00200ee2	DATA	0
0x001fd608	0x001c50fc	DATA	0
0x001fd60c	0x00202c84	DATA	0
0x001fd610	0x001feeae	DATA	0
0x001fd614	0x001c50f4	DATA	0
0x001fd618	0x00206ed0	DATA	0
0x001fd61c	0x001feeae	DATA	0
0x001fd620	0x001c50ec	DATA	0
0x001fd624	0x00202dd4	DATA	0
0x001fd628	0x001ff715	DATA	0
0x001fd62c	0x001c4fc4	DATA	0
0x001fd630	0x00202df8	DATA	0
0x001fd634	0x001ff727	DATA	0
0x001fd638	0x001c4ecc	DATA	0
0x001fd63c	0x00202a88	DATA	0
0x001fd640	0x001ff655	DATA	0
0x001fd644	0x001c4188	DATA	0
0x001fd648	0x00202e1c	DATA	0
0x001fd64c	0x001ff73a	DATA	0
0x001fd650	0x001c3cdc	DATA	0
0x001fd654	0x00202c70	DATA	0
0x001fd658	0x002009e3	DATA	0
0x001fd65c	0x001c4eac	DATA	0
0x001fd660	0x00203260	DATA	0
0x001fd664	0x001feede	DATA	0
0x001fd668	0x001c4dec	DATA	0
0x001fd66c	0x00204ab4	DATA	0
0x001fd670	0x002009bc	DATA	0
0x001fd674	0x001c4d54	DATA	0
0x001fd678	0x00204acc	DATA	0
0x001fd67c	0x002009cb	DATA	0
0x001fd680	0x001c3800	DATA	0
0x001fd684	0x00204ae4	DATA	0
0x001fd688	0x002009cb	DATA	0
0x001fd68c	0x001c30bc	DATA	0
0x001fd690	0x00204afc	DATA	0
0x001fd694	0x001feec6	DATA	0
0x001fd698	0x001c2e1c	DATA	0
0x001fd69c	0x00206ee0	DATA	0
0x001fd6a0	0x001feeb6	DATA	0
0x001fd6a4	0x001c4c6c	DATA	0
0x001fd6b0	0x00202c70	DATA	0
0x001fd6b4	0x002009e3	DATA	0
0x001fd6b8	0x001c6c24	DATA	0
0x001fd6bc	0x00202a88	DATA	0
0x001fd6c0	0x001ff655	DATA	0
0x001fd6c4	0x001c6b70	DATA	0
0x001fd6c8	0x00202e1c	DATA	0
0x001fd6cc	0x001ff73a	DATA	0
0x001fd6d0	0x001c6a10	DATA	0
0x001fd6d4	0x00204ab4	DATA	0
0x001fd6d8	0x002009bc	DATA	0
0x001fd6dc	0x001c69dc	DATA	0
0x001fd6e0	0x00203260	DATA	0
0x001fd6e4	0x001feede	DATA	0
0x001fd6e8	0x001c694c	DATA	0
0x001fd6ec	0x00206e00	DATA	0
0x001fd6f0	0x0020140b	DATA	0
0x001fd6f4	0x001c68c4	DATA	0
0x001fd6f8	0x00206de8	DATA	0
0x001fd6fc	0x002013d6	DATA	0
0x001fd700	0x001c58bc	DATA	0
0x001fd704	0x00206e38	DATA	0
0x001fd708	0x00201474	DATA	0
0x001fd70c	0x001c6838	DATA	0
0x001fd710	0x00202c84	DATA	0
0x001fd714	0x001feeae	DATA	0
0x001fd718	0x001c6830	DATA	0
0x001fd71c	0x00206ef0	DATA	0
0x001fd720	0x001feeae	DATA	0
0x001fd724	0x001c6828	DATA	0
0x001fd728	0x00206f00	DATA	0
0x001fd72c	0x001feeae	DATA	0
0x001fd730	0x001c6820	DATA	0
0x001fd734	0x00206f20	DATA	0
0x001fd738	0x001feeae	DATA	0
0x001fd73c	0x001c6818	DATA	0
0x001fd740	0x00206f3c	DATA	0
0x001fd744	0x00201483	DATA	0
0x001fd748	0x001c6810	DATA	0
0x001fd74c	0x00206f4c	DATA	0
0x001fd750	0x00201483	DATA	0
0x001fd754	0x001c6808	DATA	0
0x001fd758	0x00206f5c	DATA	0
0x001fd75c	0x00201483	DATA	0
0x001fd760	0x001c6800	DATA	0
0x001fd764	0x00206f70	DATA	0
0x001fd768	0x00201483	DATA	0
0x001fd76c	0x001c67f8	DATA	0
0x001fd770	0x00204acc	DATA	0
0x001fd774	0x002009cb	DATA	0
0x001fd778	0x001c6764	DATA	0
0x001fd77c	0x00204ae4	DATA	0
0x001fd780	0x002009cb	DATA	0
0x001fd784	0x001c6670	DATA	0
0x001fd788	0x00204afc	DATA	0
0x001fd78c	0x001feec6	DATA	0
0x001fd790	0x001c6600	DATA	0
0x001fd794	0x00206f80	DATA	0
0x001fd798	0x0020148e	DATA	0
0x001fd79c	0x001c65d4	DATA	0
0x001fd7a0	0x00206f98	DATA	0
0x001fd7a4	0x0020149e	DATA	0
0x001fd7a8	0x001c6520	DATA	0
0x001fd7ac	0x00206fac	DATA	0
0x001fd7b0	0x0020149e	DATA	0
0x001fd7b4	0x001c64ec	DATA	0
0x001fd7b8	0x00206fc4	DATA	0
0x001fd7bc	0x0020149e	DATA	0
0x001fd7c0	0x001c64c0	DATA	0
0x001fd7c4	0x00206fdc	DATA	0
0x001fd7c8	0x0020149e	DATA	0
0x001fd7cc	0x001c6460	DATA	0
0x001fd7d0	0x00206ff4	DATA	0
0x001fd7d4	0x0020149e	DATA	0
0x001fd7d8	0x001c5604	DATA	0
0x001fd7dc	0x0020700c	DATA	0
0x001fd7e0	0x0020149e	DATA	0
0x001fd7e4	0x001c52f4	DATA	0
0x001fd7e8	0x00207028	DATA	0
0x001fd7ec	0x0020158f	DATA	0
0x001fd7f0	0x001c6284	DATA	0
0x001fd7f4	0x0020704c	DATA	0
0x001fd7f8	0x002015a0	DATA	0
0x001fd7fc	0x001c60d4	DATA	0
0x001fd800	0x00206ee0	DATA	0
0x001fd804	0x001feeb6	DATA	0
0x001fd808	0x001c5fe4	DATA	0
0x001fd80c	0x0020706c	DATA	0
0x001fd810	0x002015b1	DATA	0
0x001fd814	0x001c5fd4	DATA	0
0x001fd820	0x00202a88	DATA	0
0x001fd824	0x001ff655	DATA	0
0x001fd828	0x001c865c	DATA	0
0x001fd82c	0x00202df8	DATA	0
0x001fd830	0x001ff727	DATA	0
0x001fd834	0x001c85b4	DATA	0
0x001fd838	0x00207144	DATA	0
0x001fd83c	0x00201682	DATA	0
0x001fd840	0x001c7bac	DATA	0
0x001fd844	0x00207160	DATA	0
0x001fd848	0x00201692	DATA	0
0x001fd84c	0x001c84dc	DATA	0
0x001fd850	0x00207174	DATA	0
0x001fd854	0x002016a2	DATA	0
0x001fd858	0x001c72c0	DATA	0
0x001fd85c	0x00203260	DATA	0
0x001fd860	0x001feede	DATA	0
0x001fd864	0x001c8384	DATA	0
0x001fd868	0x00207190	DATA	0
0x001fd86c	0x001feebe	DATA	0
0x001fd870	0x001c7048	DATA	0
0x001fd874	0x002071a0	DATA	0
0x001fd878	0x002016b2	DATA	0
0x001fd87c	0x001c821c	DATA	0
0x001fd880	0x00206dd0	DATA	0
0x001fd884	0x002013c5	DATA	0
0x001fd888	0x001c80f8	DATA	0
0x001fd88c	0x00204ab4	DATA	0
0x001fd890	0x002009bc	DATA	0
0x001fd894	0x001c80bc	DATA	0
0x001fd898	0x00202c84	DATA	0
0x001fd89c	0x001feeae	DATA	0
0x001fd8a0	0x001c8050	DATA	0
0x001fd8a4	0x00206ed0	DATA	0
0x001fd8a8	0x001feeae	DATA	0
0x001fd8ac	0x001c7f58	DATA	0
0x001fd8b0	0x002071b8	DATA	0
0x001fd8b4	0x001feebe	DATA	0
0x001fd8b8	0x001c6ec8	DATA	0
0x001fd8bc	0x002071c8	DATA	0
0x001fd8c0	0x001feebe	DATA	0
0x001fd8c4	0x001c6c44	DATA	0
0x001fd8d0	0x0020725c	DATA	0
0x001fd8d4	0x002016d3	DATA	0
0x001fd8d8	0x001c951c	DATA	0
0x001fd8dc	0x0020726c	DATA	0
0x001fd8e0	0x00201700	DATA	0
0x001fd8e4	0x001c9438	DATA	0
0x001fd8e8	0x00207280	DATA	0
0x001fd8ec	0x001ff574	DATA	0
0x001fd8f0	0x001c93bc	DATA	0
0x001fd8f4	0x00207288	DATA	0
0x001fd8f8	0x001ff574	DATA	0
0x001fd8fc	0x001c93b0	DATA	0
0x001fd900	0x002024d4	DATA	0
0x001fd904	0x0020172d	DATA	0
0x001fd908	0x001c9348	DATA	0
0x001fd90c	0x002024c8	DATA	0
0x001fd910	0x001ff5e7	DATA	0
0x001fd914	0x001c9330	DATA	0
0x001fd918	0x00201ecc	DATA	0
0x001fd91c	0x0020174a	DATA	0
0x001fd920	0x001c91c8	DATA	0
0x001fd924	0x00201e6c	DATA	0
0x001fd928	0x00201759	DATA	0
0x001fd92c	0x001c90a8	DATA	0
0x001fd930	0x00207290	DATA	0
0x001fd934	0x00201759	DATA	0
0x001fd938	0x001c8f94	DATA	0
0x001fd93c	0x00201e80	DATA	0
0x001fd940	0x0020174a	DATA	0
0x001fd944	0x001c8f1c	DATA	0
0x001fd948	0x00201ec4	DATA	0
0x001fd94c	0x0020176c	DATA	0
0x001fd950	0x001c8ea4	DATA	0
0x001fd954	0x0020223c	DATA	0
0x001fd958	0x001feff0	DATA	0
0x001fd95c	0x001c8e94	DATA	0
0x001fd960	0x002072ac	DATA	0
0x001fd964	0x0020177a	DATA	0
0x001fd968	0x001c8dec	DATA	0
0x001fd96c	0x002024b4	DATA	0
0x001fd970	0x001feebe	DATA	0
0x001fd974	0x001c8d9c	DATA	0
0x001fd978	0x002024a0	DATA	0
0x001fd97c	0x00201792	DATA	0
0x001fd980	0x001c8d18	DATA	0
0x001fd984	0x0020225c	DATA	0
0x001fd988	0x001feebe	DATA	0
0x001fd98c	0x001c8cd4	DATA	0
0x001fd990	0x00201920	DATA	0
0x001fd994	0x001feebe	DATA	0
0x001fd998	0x001c8c84	DATA	0
0x001fd99c	0x002072bc	DATA	0
0x001fd9a0	0x002016bf	DATA	0
0x001fd9a4	0x001c8b88	DATA	0
0x001fd9a8	0x00201a24	DATA	0
0x001fd9ac	0x001feebe	DATA	0
0x001fd9b0	0x001c8b6c	DATA	0
0x001fd9b4	0x00201e5c	DATA	0
0x001fd9b8	0x001fef3c	DATA	0
0x001fd9bc	0x001c8b4c	DATA	0
0x001fd9c0	0x00202468	DATA	0
0x001fd9c4	0x001ff581	DATA	0
0x001fd9c8	0x001c8b28	DATA	0
0x001fd9cc	0x002072dc	DATA	0
0x001fd9d0	0x002016bf	DATA	0
0x001fd9d4	0x001c8aa0	DATA	0
0x001fd9e0	0x002024bc	DATA	0
0x001fd9e4	0x001feede	DATA	0
0x001fd9e8	0x001c9b90	DATA	0
0x001fd9ec	0x00207344	DATA	0
0x001fd9f0	0x002017a6	DATA	0
0x001fd9f4	0x001c9b4c	DATA	0
0x001fd9f8	0x00207360	DATA	0
0x001fd9fc	0x002017b5	DATA	0
0x001fda00	0x001c9b0c	DATA	0
0x001fda04	0x00207280	DATA	0
0x001fda08	0x001ff574	DATA	0
0x001fda0c	0x001c9b00	DATA	0
0x001fda10	0x00207288	DATA	0
0x001fda14	0x001ff574	DATA	0
0x001fda18	0x001c9af4	DATA	0
0x001fda1c	0x00207374	DATA	0
0x001fda20	0x002017c1	DATA	0
0x001fda24	0x001c9abc	DATA	0
0x001fda28	0x0020738c	DATA	0
0x001fda2c	0x002017d0	DATA	0
0x001fda30	0x001c9a70	DATA	0
0x001fda34	0x002024b4	DATA	0
0x001fda38	0x001feebe	DATA	0
0x001fda3c	0x001c9a5c	DATA	0
0x001fda40	0x002073a0	DATA	0
0x001fda44	0x001feebe	DATA	0
0x001fda48	0x001c9a30	DATA	0
0x001fda4c	0x0020209c	DATA	0
0x001fda50	0x001feede	DATA	0
0x001fda54	0x001c99e0	DATA	0
0x001fda58	0x002073b4	DATA	0
0x001fda5c	0x001ff00a	DATA	0
0x001fda60	0x001c9988	DATA	0
0x001fda64	0x002073c4	DATA	0
0x001fda68	0x001feede	DATA	0
0x001fda6c	0x001c9934	DATA	0
0x001fda70	0x00202090	DATA	0
0x001fda74	0x001feede	DATA	0
0x001fda78	0x001c9914	DATA	0
0x001fda7c	0x002073d8	DATA	0
0x001fda80	0x002017df	DATA	0
0x001fda84	0x001c9860	DATA	0
0x001fda88	0x002073ec	DATA	0
0x001fda8c	0x001ff00a	DATA	0
0x001fda90	0x001c9808	DATA	0
0x001fda94	0x00207404	DATA	0
0x001fda98	0x001feebe	DATA	0
0x001fda9c	0x001c97e4	DATA	0
0x001fdaa0	0x00202084	DATA	0
0x001fdaa4	0x002017ee	DATA	0
0x001fdaa8	0x001c979c	DATA	0
0x001fdaac	0x00202250	DATA	0
0x001fdab0	0x001ff00a	DATA	0
0x001fdab4	0x001c977c	DATA	0
0x001fdab8	0x0020223c	DATA	0
0x001fdabc	0x001feff0	DATA	0
0x001fdac0	0x001c976c	DATA	0
0x001fdac4	0x00207410	DATA	0
0x001fdac8	0x001feff0	DATA	0
0x001fdacc	0x001c975c	DATA	0
0x001fdad0	0x00205ea8	DATA	0
0x001fdad4	0x001feed2	DATA	0
0x001fdad8	0x001c96fc	DATA	0
0x001fdadc	0x002072ac	DATA	0
0x001fdae0	0x0020177a	DATA	0
0x001fdae4	0x001c9694	DATA	0
0x001fdae8	0x0020225c	DATA	0
0x001fdaec	0x001feebe	DATA	0
0x001fdaf0	0x001c9658	DATA	0
0x001fdaf4	0x00201920	DATA	0
0x001fdaf8	0x001feebe	DATA	0
0x001fdafc	0x001c9620	DATA	0
0x001fdb00	0x00201a24	DATA	0
0x001fdb04	0x001feebe	DATA	0
0x001fdb08	0x001c9604	DATA	0
0x001fdb0c	0x00202244	DATA	0
0x001fdb10	0x001ff00a	DATA	0
0x001fdb14	0x001c9560	DATA	0
0x001fdb20	0x002074f4	DATA	0
0x001fdb24	0x002017b5	DATA	0
0x001fdb28	0x001ca45c	DATA	0
0x001fdb2c	0x00207508	DATA	0
0x001fdb30	0x001fef3c	DATA	0
0x001fdb34	0x001ca448	DATA	0
0x001fdb38	0x00207514	DATA	0
0x001fdb3c	0x00201856	DATA	0
0x001fdb40	0x001ca410	DATA	0
0x001fdb44	0x00207524	DATA	0
0x001fdb48	0x001ff592	DATA	0
0x001fdb4c	0x001ca3f0	DATA	0
0x001fdb50	0x0020753c	DATA	0
0x001fdb54	0x001ff592	DATA	0
0x001fdb58	0x001ca3d0	DATA	0
0x001fdb5c	0x0020748c	DATA	0
0x001fdb60	0x001feebe	DATA	0
0x001fdb64	0x001ca3b8	DATA	0
0x001fdb68	0x00207550	DATA	0
0x001fdb6c	0x00201856	DATA	0
0x001fdb70	0x001ca1e0	DATA	0
0x001fdb74	0x00201988	DATA	0
0x001fdb78	0x001feed2	DATA	0
0x001fdb7c	0x001ca14c	DATA	0
0x001fdb80	0x00207568	DATA	0
0x001fdb84	0x00201897	DATA	0
0x001fdb88	0x001ca0fc	DATA	0
0x001fdb8c	0x00207574	DATA	0
0x001fdb90	0x002018a7	DATA	0
0x001fdb94	0x001ca0d0	DATA	0
0x001fdb98	0x00207584	DATA	0
0x001fdb9c	0x00201897	DATA	0
0x001fdba0	0x001ca0b4	DATA	0
0x001fdba4	0x00207280	DATA	0
0x001fdba8	0x001ff574	DATA	0
0x001fdbac	0x001ca0a8	DATA	0
0x001fdbb0	0x00207288	DATA	0
0x001fdbb4	0x001ff574	DATA	0
0x001fdbb8	0x001ca09c	DATA	0
0x001fdbbc	0x0020726c	DATA	0
0x001fdbc0	0x00201700	DATA	0
0x001fdbc4	0x001ca06c	DATA	0
0x001fdbc8	0x00207590	DATA	0
0x001fdbcc	0x001fef3c	DATA	0
0x001fdbd0	0x001ca03c	DATA	0
0x001fdbd4	0x00207598	DATA	0
0x001fdbd8	0x002017b5	DATA	0
0x001fdbdc	0x001c9ffc	DATA	0
0x001fdbe0	0x002075ac	DATA	0
0x001fdbe4	0x002017b5	DATA	0
0x001fdbe8	0x001c9fd0	DATA	0
0x001fdbec	0x0020601c	DATA	0
0x001fdbf0	0x002017b5	DATA	0
0x001fdbf4	0x001c9fa4	DATA	0
0x001fdbf8	0x002075bc	DATA	0
0x001fdbfc	0x00200a61	DATA	0
0x001fdc00	0x001c9f58	DATA	0
0x001fdc04	0x00201994	DATA	0
0x001fdc08	0x002017a6	DATA	0
0x001fdc0c	0x001c9f10	DATA	0
0x001fdc10	0x00203438	DATA	0
0x001fdc14	0x002017b5	DATA	0
0x001fdc18	0x001c9ecc	DATA	0
0x001fdc1c	0x00202bdc	DATA	0
0x001fdc20	0x0020187e	DATA	0
0x001fdc24	0x001c9ea0	DATA	0
0x001fdc28	0x002072ac	DATA	0
0x001fdc2c	0x0020177a	DATA	0
0x001fdc30	0x001c9e88	DATA	0
0x001fdc34	0x002075d0	DATA	0
0x001fdc38	0x001feebe	DATA	0
0x001fdc3c	0x001c9e5c	DATA	0
0x001fdc40	0x00202a00	DATA	0
0x001fdc44	0x0020188b	DATA	0
0x001fdc48	0x001c9e40	DATA	0
0x001fdc4c	0x002075d8	DATA	0
0x001fdc50	0x001ff592	DATA	0
0x001fdc54	0x001c9e04	DATA	0
0x001fdc58	0x002075f0	DATA	0
0x001fdc5c	0x001ff592	DATA	0
0x001fdc60	0x001c9dc4	DATA	0
0x001fdc64	0x00207604	DATA	0
0x001fdc68	0x001feed2	DATA	0
0x001fdc6c	0x001c9dac	DATA	0
0x001fdc70	0x00201e50	DATA	0
0x001fdc74	0x001feed2	DATA	0
0x001fdc78	0x001c9d7c	DATA	0
0x001fdc7c	0x002074e0	DATA	0
0x001fdc80	0x001feebe	DATA	0
0x001fdc84	0x001c9d4c	DATA	0
0x001fdc88	0x00207310	DATA	0
0x001fdc8c	0x002018b3	DATA	0
0x001fdc90	0x001c9d20	DATA	0
0x001fdc94	0x00201980	DATA	0
0x001fdc98	0x001feebe	DATA	0
0x001fdc9c	0x001c9d08	DATA	0
0x001fdca0	0x00207610	DATA	0
0x001fdca4	0x001feebe	DATA	0
0x001fdca8	0x001c9cfc	DATA	0
0x001fdcac	0x00201920	DATA	0
0x001fdcb0	0x001feebe	DATA	0
0x001fdcb4	0x001c9cdc	DATA	0
0x001fdcb8	0x00205ea8	DATA	0
0x001fdcbc	0x001feed2	DATA	0
0x001fdcc0	0x001c9cc4	DATA	0
0x001fdcc4	0x002072ec	DATA	0
0x001fdcc8	0x001feff0	DATA	0
0x001fdccc	0x001c9cb4	DATA	0
0x001fdcd0	0x0020193c	DATA	0
0x001fdcd4	0x001ff620	DATA	0
0x001fdcd8	0x001c9c94	DATA	0
0x001fdcdc	0x00201a24	DATA	0
0x001fdce0	0x001feebe	DATA	0
0x001fdce4	0x001c9c88	DATA	0
0x001fdce8	0x00207618	DATA	0
0x001fdcec	0x001feebe	DATA	0
0x001fdcf0	0x001c9bf4	DATA	0
0x001fdcfc	0x0020193c	DATA	0
0x001fdd00	0x001ff620	DATA	0
0x001fdd04	0x001ca858	DATA	0
0x001fdd08	0x00207620	DATA	0
0x001fdd0c	0x00201856	DATA	0
0x001fdd10	0x001ca820	DATA	0
0x001fdd14	0x00207498	DATA	0
0x001fdd18	0x00201856	DATA	0
0x001fdd1c	0x001ca7e8	DATA	0
0x001fdd20	0x00201988	DATA	0
0x001fdd24	0x001feed2	DATA	0
0x001fdd28	0x001ca754	DATA	0
0x002076ac	0x001fe025	DATA	0
0x002076b0	0x001fe02d	DATA	0
0x002076b4	0x001f8230	DATA	0
0x002076c0	0x001fe025	DATA	0
0x002076c4	0x001fe049	DATA	0
0x002076c8	0x001f8250	DATA	0
0x002076d4	0x001fe025	DATA	0
0x002076d8	0x001fe056	DATA	0
0x002076dc	0x001f8270	DATA	0
0x002076e8	0x001fe025	DATA	0
0x002076ec	0x001fe077	DATA	0
0x002076f0	0x001f8284	DATA	0
0x002076fc	0x001fe025	DATA	0
0x00207700	0x001fe1cb	DATA	0
0x00207704	0x001f82c4	DATA	0
0x00207710	0x001fe217	DATA	0
0x00207714	0x001fe0d3	DATA	0
0x00207718	0x001f82d8	DATA	0
0x00207724	0x001fe4e4	DATA	0
0x00207728	0x001fe443	DATA	0
0x0020772c	0x001f8320	DATA	0
0x00207738	0x001fe67f	DATA	0
0x0020774c	0x001fe68d	DATA	0
0x00207760	0x001fe69d	DATA	0
0x00207788	0x001fe6fc	DATA	0
0x0020778c	0x001fe704	DATA	0
0x00207790	0x001f83fc	DATA	0
0x0020779c	0x001fe025	DATA	0
0x002077a0	0x001fe73a	DATA	0
0x002077a4	0x001f8434	DATA	0
0x002077b0	0x001fe025	DATA	0
0x002077b4	0x001fe42f	DATA	0
0x002077b8	0x001f8504	DATA	0
0x002077c4	0x001fe78a	DATA	0
0x002077c8	0x001fe42f	DATA	0
0x002077cc	0x001f8548	DATA	0
0x002077d8	0x001fe793	DATA	0
0x002077dc	0x001fe42f	DATA	0
0x002077e0	0x001f8574	DATA	0
0x002077ec	0x001fe025	DATA	0
0x002077f0	0x001fe62d	DATA	0
0x002077f4	0x001f85ac	DATA	0
0x00207800	0x001fe78a	DATA	0
0x00207804	0x001fe62d	DATA	0
0x00207808	0x001f85c0	DATA	0
0x00207814	0x001fe7b5	DATA	0
0x00207818	0x001fe62d	DATA	0
0x0020781c	0x001f85e0	DATA	0
0x00207828	0x001fe7c6	DATA	0
0x0020782c	0x001fe62d	DATA	0
0x00207830	0x001f85f4	DATA	0
0x0020783c	0x001fe83e	DATA	0
0x00207840	0x001fe84f	DATA	0
0x00207844	0x001f8674	DATA	0
0x00207850	0x001fe8b2	DATA	0
0x00207854	0x001fe8c1	DATA	0
0x00207858	0x001f8694	DATA	0
0x00207864	0x001fe901	DATA	0
0x00207868	0x001fe8c1	DATA	0
0x0020786c	0x001f86fc	DATA	0
0x00207878	0x001fe8b2	DATA	0
0x0020787c	0x001fe92e	DATA	0
0x00207880	0x001f8728	DATA	0
0x0020788c	0x001fe6fc	DATA	0
0x00207890	0x001fe95b	DATA	0
0x00207894	0x001f8760	DATA	0
0x002078a0	0x001fe99f	DATA	0
0x002078a4	0x001fe6d6	DATA	0
0x002078a8	0x001f87d8	DATA	0
0x002078b4	0x001fe9b8	DATA	0
0x002078b8	0x001fe6d6	DATA	0
0x002078bc	0x001f87f8	DATA	0
0x002078c8	0x001fe025	DATA	0
0x002078cc	0x001fe3dd	DATA	0
0x002078d0	0x001f88f8	DATA	0
0x002078dc	0x001fea10	DATA	0
0x002078e0	0x001fe3dd	DATA	0
0x002078e4	0x001f8990	DATA	0
0x002078f0	0x001fe025	DATA	0
0x002078f4	0x001fea2f	DATA	0
0x002078f8	0x001f89ec	DATA	0
0x0020790c	0x001fdf34	DATA	0
0x00207910	0x001fead2	DATA	0
0x00207914	0x001fea7c	DATA	0
0x00207918	0x001f8ad0	DATA	0
0x00207920	0x00207904	DATA	0
0x00207924	0x001fe025	DATA	0
0x00207928	0x001feb4e	DATA	0
0x0020792c	0x001f8d9c	DATA	0
0x00207930	0x001f816c	DATA	0
0x00207938	0x001fec57	DATA	0
0x0020793c	0x001fe62d	DATA	0
0x00207940	0x001f8fcc	DATA	0
0x0020794c	0x001fe025	DATA	0
0x00207950	0x001fec84	DATA	0
0x00207954	0x001f9148	DATA	0
0x00207960	0x001fecbb	DATA	0
0x00207964	0x001fe62d	DATA	0
0x00207968	0x001f915c	DATA	0
0x0020796c	0x001f81c8	DATA	0
0x00207974	0x001fe025	DATA	0
0x00207978	0x001fece5	DATA	0
0x0020797c	0x001f91a0	DATA	0
0x00207988	0x001fed19	DATA	0
0x0020798c	0x001fe62d	DATA	0
0x00207990	0x001f91b4	DATA	0
0x0020799c	0x001fe025	DATA	0
0x002079a0	0x001fed4c	DATA	0
0x002079a4	0x001f91d4	DATA	0
0x002079b0	0x001fe025	DATA	0
0x002079b4	0x001fed89	DATA	0
0x002079b8	0x001f91e8	DATA	0
0x002079c4	0x001fe025	DATA	0
0x002079c8	0x001fedae	DATA	0
0x002079cc	0x001f91fc	DATA	0
0x00209404	0x001f9e0c	DATA	0
0x00209408	0x001f9e34	DATA	0
0x0020940c	0x001f9e5c	DATA	0
0x00209410	0x001f9e84	DATA	0
0x00209414	0x001f9eac	DATA	0
0x00209418	0x001f9ed4	DATA	0
0x0020941c	0x002076ac	DATA	0
0x00209420	0x002076c0	DATA	0
0x00209424	0x002076d4	DATA	0
0x00209428	0x002076e8	DATA	0
0x0020945c	0x001f9f74	DATA	0
0x00209460	0x001f9f9c	DATA	0
0x00209464	0x002076fc	DATA	0
0x00209530	0x001fa0b4	DATA	0
0x00209534	0x00207738	DATA	0
0x00209538	0x0020774c	DATA	0
0x0020953c	0x00207760	DATA	0
0x002095a4	0x001fa17c	DATA	0
0x002095a8	0x002077b0	DATA	0
0x002095ac	0x002077c4	DATA	0
0x002095b0	0x002077d8	DATA	0
0x002095c0	0x001fa1a4	DATA	0
0x002095c4	0x002077ec	DATA	0
0x002095c8	0x00207800	DATA	0
0x002095cc	0x00207814	DATA	0
0x002095d0	0x00207828	DATA	0
0x00209650	0x001fa2bc	DATA	0
0x00209654	0x001fa2e4	DATA	0
0x00209658	0x00207850	DATA	0
0x00209678	0x001fa30c	DATA	0
0x0020967c	0x001fa334	DATA	0
0x00209680	0x00207878	DATA	0
0x00780000	0x0078afd8	DATA	0
0x0078000c	0x0078affe	DATA	0
0x00780018	0x0078b022	DATA	0
0x00780024	0x0078b053	DATA	0
0x00780030	0x0078b083	DATA	0
0x0078003c	0x0078b0b7	DATA	0
0x00780048	0x0078b0e8	DATA	0
0x00780054	0x0078b118	DATA	0
0x00780060	0x0078b145	DATA	0
0x0078006c	0x0078b16b	DATA	0
0x00780078	0x0078b196	DATA	0
0x00780084	0x0078b1cc	DATA	0
0x00780090	0x0078b1fc	DATA	0
0x0078009c	0x0078b228	DATA	0
0x007800a8	0x0078b25d	DATA	0
0x007800b4	0x0078b295	DATA	0
0x007800c0	0x0078b2c9	DATA	0
0x007800cc	0x0078b2f4	DATA	0
0x007800d8	0x0078b320	DATA	0
0x007800e4	0x0078b34d	DATA	0
0x007800f0	0x0078b381	DATA	0
0x007800fc	0x0078b3b5	DATA	0
0x00780108	0x0078b3e5	DATA	0
0x00780114	0x0078b413	DATA	0
0x00780120	0x0078b444	DATA	0
0x0078012c	0x0078b46e	DATA	0
0x00780138	0x0078b4a1	DATA	0
0x00780144	0x0078b4d7	DATA	0
0x00780150	0x0078b501	DATA	0
0x0078015c	0x0078b52e	DATA	0
0x00780168	0x0078b55d	DATA	0
0x00780174	0x0078b58d	DATA	0
0x00780180	0x0078b5be	DATA	0
0x0078018c	0x0078b5e7	DATA	0
0x00780198	0x0078b60b	DATA	0
0x007801a4	0x0078b63d	DATA	0
0x007801b0	0x0078b664	DATA	0
0x007801bc	0x0078b689	DATA	0
0x007801c8	0x0078b6ad	DATA	0
0x007801d4	0x0078b6d5	DATA	0
0x007801e0	0x0078b6fd	DATA	0
0x007801ec	0x0078b71b	DATA	0
0x007801f8	0x0078b739	DATA	0
0x00780204	0x0078b756	DATA	0
0x00780210	0x0078b771	DATA	0
0x0078021c	0x0078b78e	DATA	0
0x00780228	0x0078b7ab	DATA	0
0x00780234	0x0078b7cf	DATA	0
0x00780240	0x0078b7f2	DATA	0
0x0078024c	0x0078b80d	DATA	0
0x00780258	0x0078b826	DATA	0
0x00780264	0x0078b843	DATA	0
0x00780270	0x0078b862	DATA	0
0x0078027c	0x0078b87c	DATA	0
0x00780288	0x0078b8a1	DATA	0
0x00780294	0x0078b8c1	DATA	0
0x007802a0	0x0078b8d9	DATA	0
0x007802ac	0x0078b8fa	DATA	0
0x007802b8	0x0078b915	DATA	0
0x007802c4	0x0078b93e	DATA	0
0x007802d0	0x0078b95a	DATA	0
0x007802dc	0x0078b979	DATA	0
0x007802e8	0x0078b99f	DATA	0
0x007802f4	0x0078b9be	DATA	0
0x00780300	0x0078b9dd	DATA	0
0x0078030c	0x0078b9f8	DATA	0
0x00780318	0x0078ba20	DATA	0
0x00780324	0x0078ba4b	DATA	0
0x00780330	0x0078ba6a	DATA	0
0x0078033c	0x0078ba8c	DATA	0
0x00780348	0x0078baab	DATA	0
0x00780354	0x0078bac8	DATA	0
0x00780360	0x0078bae9	DATA	0
0x0078036c	0x0078bb06	DATA	0
0x00780378	0x0078bb1f	DATA	0
0x00780384	0x0078bb41	DATA	0
0x00780390	0x0078bb5e	DATA	0
0x0078039c	0x0078bb83	DATA	0
0x007803a8	0x0078bba7	DATA	0
0x007803b4	0x0078bbd2	DATA	0
0x007803c0	0x0078bbf0	DATA	0
0x007803cc	0x0078bc15	DATA	0
0x007803d8	0x0078bc3b	DATA	0
0x007803e4	0x0078bc57	DATA	0
0x007803f0	0x0078bc7e	DATA	0
0x007803fc	0x0078bca3	DATA	0
0x00780408	0x0078bcbd	DATA	0
0x00780414	0x0078bcdd	DATA	0
0x00780420	0x0078bcf5	DATA	0
0x0078042c	0x0078bd0b	DATA	0
0x00780438	0x0078bd2c	DATA	0
0x00780444	0x0078bd44	DATA	0
0x00780450	0x0078bd60	DATA	0
0x0078045c	0x0078bd78	DATA	0
0x00780468	0x0078bd96	DATA	0
0x00780474	0x0078bdb1	DATA	0
0x00780480	0x0078bdcb	DATA	0
0x0078048c	0x0078bde5	DATA	0
0x00780498	0x0078be02	DATA	0
0x007804a4	0x0078be1c	DATA	0
0x007804b0	0x0078be32	DATA	0
0x007804bc	0x0078be3b	DATA	0
0x007804c8	0x0078be46	DATA	0
0x007804d4	0x0078be4f	DATA	0
0x007804e0	0x0078be68	DATA	0
0x007804ec	0x0078be7c	DATA	0
0x007804f8	0x0078be8f	DATA	0
0x00780504	0x0078bea0	DATA	0
0x00780510	0x0078bea8	DATA	0
0x0078051c	0x0078bebc	DATA	0
0x00780528	0x0078becf	DATA	0
0x00780534	0x0078bee4	DATA	0
0x00780540	0x0078befd	DATA	0
0x0078054c	0x0078bf0b	DATA	0
0x00780558	0x0078bf1e	DATA	0
0x00780564	0x0078bf34	DATA	0
0x00780570	0x0078bf4c	DATA	0
0x0078057c	0x0078bf60	DATA	0
0x00780588	0x0078bf73	DATA	0
0x00780594	0x0078bf8c	DATA	0
0x007805a0	0x0078bfa6	DATA	0
0x007805ac	0x0078bfbe	DATA	0
0x007805b8	0x0078bfd1	DATA	0
0x007805c4	0x0078bfe5	DATA	0
0x007805d0	0x0078bffa	DATA	0
0x007805dc	0x0078c009	DATA	0
0x007805e8	0x0078c018	DATA	0
0x007805f4	0x0078c029	DATA	0
0x00780600	0x0078c038	DATA	0
0x0078060c	0x0078c049	DATA	0
0x00780618	0x0078c057	DATA	0
0x00780624	0x0078c067	DATA	0
0x00780630	0x0078c07a	DATA	0
0x0078063c	0x0078c08d	DATA	0
0x00780648	0x0078c099	DATA	0
0x00780654	0x0078c0a8	DATA	0
0x00780660	0x0078c0b6	DATA	0
0x0078066c	0x0078c0c4	DATA	0
0x00780678	0x0078c0d0	DATA	0
0x00780684	0x0078c0e4	DATA	0
0x00780690	0x0078c0ed	DATA	0
0x0078069c	0x0078c101	DATA	0
0x007806a8	0x0078c114	DATA	0
0x007806b4	0x0078c122	DATA	0
0x007806c0	0x0078c136	DATA	0
0x007806cc	0x0078c14a	DATA	0
0x007806d8	0x0078c158	DATA	0
0x007806e4	0x0078c160	DATA	0
0x007806f0	0x0078c16b	DATA	0
0x007806fc	0x0078c17a	DATA	0
0x00780708	0x0078c188	DATA	0
0x00780714	0x0078c197	DATA	0
0x00780720	0x0078c1b1	DATA	0
0x0078072c	0x0078c1c1	DATA	0
0x00780738	0x0078c1d1	DATA	0
0x00780744	0x0078c1dc	DATA	0
0x00780750	0x0078c1f0	DATA	0
0x0078075c	0x0078c1f7	DATA	0
0x00780768	0x0078c201	DATA	0
0x00780774	0x0078c20e	DATA	0
0x00780780	0x0078c227	DATA	0
0x0078078c	0x0078c230	DATA	0
0x00780798	0x0078c247	DATA	0
0x007807a4	0x0078c25b	DATA	0
0x007807b0	0x0078c26f	DATA	0
0x007807bc	0x0078c282	DATA	0
0x007807c8	0x0078c292	DATA	0
0x007807d4	0x0078c2a7	DATA	0
0x007807e0	0x0078c2bb	DATA	0
0x007807ec	0x0078c2ce	DATA	0
0x007807f8	0x0078c2de	DATA	0
0x00780804	0x0078c2ef	DATA	0
0x00780810	0x0078c2fd	DATA	0
0x0078081c	0x0078c310	DATA	0
0x00780828	0x0078c325	DATA	0
0x00780834	0x0078c335	DATA	0
0x00780840	0x0078c348	DATA	0
0x0078084c	0x0078c351	DATA	0
0x00780858	0x0078c362	DATA	0
0x00780864	0x0078c36a	DATA	0
0x00780870	0x0078c379	DATA	0
0x0078087c	0x0078c386	DATA	0
0x00780888	0x0078c3a1	DATA	0
0x00780894	0x0078c3b3	DATA	0
0x007808a0	0x0078c3c4	DATA	0
0x007808ac	0x0078c3d4	DATA	0
0x007808b8	0x0078c3e2	DATA	0
0x007808c4	0x0078c3fc	DATA	0
0x007808d0	0x0078c414	DATA	0
0x007808dc	0x0078c42d	DATA	0
0x007808e8	0x0078c44a	DATA	0
0x007808f4	0x0078c46d	DATA	0
0x00780900	0x0078c48c	DATA	0
0x0078090c	0x0078c49d	DATA	0
0x00780918	0x0078c4ae	DATA	0
0x00780924	0x0078c4ba	DATA	0
0x00780930	0x0078c4c6	DATA	0
0x0078093c	0x0078c4cf	DATA	0
0x00780948	0x0078c4e1	DATA	0
0x00780954	0x0078c4e9	DATA	0
0x00780960	0x0078c4fe	DATA	0
0x0078096c	0x0078c512	DATA	0
0x00780978	0x0078c523	DATA	0
0x00780984	0x0078c537	DATA	0
0x00780990	0x0078c553	DATA	0
0x0078099c	0x0078c565	DATA	0
0x007809a8	0x0078c576	DATA	0
0x007809b4	0x0078c589	DATA	0
0x007809c0	0x0078c5a4	DATA	0
0x007809cc	0x0078c5b6	DATA	0
0x007809d8	0x0078c5d0	DATA	0
0x007809e4	0x0078c5de	DATA	0
0x007809f0	0x0078c5f8	DATA	0
0x007809fc	0x0078c60d	DATA	0
0x00780a08	0x0078c61f	DATA	0
0x00780a14	0x0078c628	DATA	0
0x00780a20	0x0078c639	DATA	0
0x00780a2c	0x0078c649	DATA	0
0x00780a38	0x0078c65f	DATA	0
0x00780a44	0x0078c66a	DATA	0
0x00780a50	0x0078c678	DATA	0
0x00780a5c	0x0078c68e	DATA	0
0x00780a68	0x0078c69c	DATA	0
0x00780a74	0x0078c6aa	DATA	0
0x00780a80	0x0078c6bb	DATA	0
0x00780a8c	0x0078c6cb	DATA	0
0x00780a98	0x0078c6df	DATA	0
0x00780aa4	0x0078c6e9	DATA	0
0x00780ab0	0x0078c6f6	DATA	0
0x00780abc	0x0078c703	DATA	0
0x00780ac8	0x0078c710	DATA	0
0x00780ad4	0x0078c71c	DATA	0
0x00780ae0	0x0078c72d	DATA	0
0x00780aec	0x0078c73d	DATA	0
0x00780af8	0x0078c74d	DATA	0
0x00780b04	0x0078c763	DATA	0
0x00780b10	0x0078c76d	DATA	0
0x00780b1c	0x0078c778	DATA	0
0x00780b28	0x0078c786	DATA	0
0x00780b34	0x0078c796	DATA	0
0x00780b40	0x0078c7af	DATA	0
0x00780b4c	0x0078c7c7	DATA	0
0x00780b58	0x0078c7d5	DATA	0
0x00780b64	0x0078c7e7	DATA	0
0x00780b70	0x0078c7f9	DATA	0
0x00780b7c	0x0078c80a	DATA	0
0x00780b88	0x0078c820	DATA	0
0x00780b94	0x0078c82b	DATA	0
0x00780ba0	0x0078c839	DATA	0
0x00780bac	0x0078c849	DATA	0
0x00780bb8	0x0078c862	DATA	0
0x00780bc4	0x0078c87a	DATA	0
0x00780bd0	0x0078c88a	DATA	0
0x00780bdc	0x0078c8a0	DATA	0
0x00780be8	0x0078c8ba	DATA	0
0x00780bf4	0x0078c8c8	DATA	0
0x00780c00	0x0078c8d7	DATA	0
0x00780c0c	0x0078c8e0	DATA	0
0x00780c18	0x0078c8e9	DATA	0
0x00780c24	0x0078c8f2	DATA	0
0x00780c30	0x0078c8fb	DATA	0
0x00780c3c	0x0078c90a	DATA	0
0x00780c48	0x0078c91d	DATA	0
0x00780c54	0x0078c92d	DATA	0
0x00780c60	0x0078c93d	DATA	0
0x00780c6c	0x0078c950	DATA	0
0x00780c78	0x0078c95a	DATA	0
0x00780c84	0x0078c96b	DATA	0
0x00780c90	0x0078c976	DATA	0
0x00780c9c	0x0078c985	DATA	0
0x00780ca8	0x0078c994	DATA	0
0x00780cb4	0x0078c9a1	DATA	0
0x00780cc0	0x0078c9a8	DATA	0
0x00780ccc	0x0078c9b6	DATA	0
0x00780cd8	0x0078c9c0	DATA	0
0x00780ce4	0x0078c9d2	DATA	0
0x00780cf0	0x0078c9e5	DATA	0
0x00780cfc	0x0078c9f6	DATA	0
0x00780d08	0x0078ca01	DATA	0
0x00780d14	0x0078ca0f	DATA	0
0x00780d20	0x0078ca20	DATA	0
0x00780d2c	0x0078ca32	DATA	0
0x00780d38	0x0078ca45	DATA	0
0x00780d44	0x0078ca54	DATA	0
0x00780d50	0x0078ca6a	DATA	0
0x00780d5c	0x0078ca7b	DATA	0
0x00780d68	0x0078ca8a	DATA	0
0x00780d74	0x0078ca92	DATA	0
0x00780d80	0x0078ca9a	DATA	0
0x00780d8c	0x0078caa5	DATA	0
0x00780d98	0x0078cab7	DATA	0
0x00780da4	0x0078cacc	DATA	0
0x00780db0	0x0078cad4	DATA	0
0x00780dbc	0x0078cadf	DATA	0
0x00780dc8	0x0078caee	DATA	0
0x00780dd4	0x0078caff	DATA	0
0x00780de0	0x0078cb1a	DATA	0
0x00780dec	0x0078cb29	DATA	0
0x00780df8	0x0078cb37	DATA	0
0x00780e04	0x0078cb46	DATA	0
0x00780e10	0x0078cb51	DATA	0
0x00780e1c	0x0078cb65	DATA	0
0x00780e28	0x0078cb79	DATA	0
0x00780e34	0x0078cb88	DATA	0
0x00780e40	0x0078cba5	DATA	0
0x00780e4c	0x0078cbb7	DATA	0
0x00780e58	0x0078cbc6	DATA	0
0x00780e64	0x0078cbd9	DATA	0
0x00780e70	0x0078cbf4	DATA	0
0x00780e7c	0x0078cc0c	DATA	0
0x00780e88	0x0078cc26	DATA	0
0x00780e94	0x0078cc44	DATA	0
0x00780ea0	0x0078cc5a	DATA	0
0x00780eac	0x0078cc74	DATA	0
0x00780eb8	0x0078cc8b	DATA	0
0x00780ec4	0x0078ccad	DATA	0
0x00780ed0	0x0078ccca	DATA	0
0x00780edc	0x0078cce1	DATA	0
0x00780ee8	0x0078ccff	DATA	0
0x00780ef4	0x0078cd25	DATA	0
0x00780f00	0x0078cd3f	DATA	0
0x00780f0c	0x0078cd59	DATA	0
0x00780f18	0x0078cd73	DATA	0
0x00780f24	0x0078cd87	DATA	0
0x00780f30	0x0078cda9	DATA	0
0x00780f3c	0x0078cdc6	DATA	0
0x00780f48	0x0078cddd	DATA	0
0x00780f54	0x0078ce03	DATA	0
0x00780f60	0x0078ce17	DATA	0
0x00780f6c	0x0078ce2f	DATA	0
0x00780f78	0x0078ce45	DATA	0
0x00780f84	0x0078ce5f	DATA	0
0x00780f90	0x0078ce75	DATA	0
0x00780f9c	0x0078ce90	DATA	0
0x00780fa8	0x0078ceab	DATA	0
0x00780fb4	0x0078cec5	DATA	0
0x00780fc0	0x0078cee2	DATA	0
0x00780fcc	0x0078cf00	DATA	0
0x00780fd8	0x0078cf1a	DATA	0
0x00780fe4	0x0078cf34	DATA	0
0x00780ff0	0x0078cf48	DATA	0
0x00780ffc	0x0078cf5f	DATA	0
0x00781008	0x0078cf7c	DATA	0
0x00781014	0x0078cf9a	DATA	0
0x00781020	0x0078cfb1	DATA	0
0x0078102c	0x0078cfc5	DATA	0
0x00781038	0x0078cfd2	DATA	0
0x00781044	0x0078cfe1	DATA	0
0x00781050	0x0078cff6	DATA	0
0x0078105c	0x0078d008	DATA	0
0x00781068	0x0078d025	DATA	0
0x00781074	0x0078d03a	DATA	0
0x00781080	0x0078d048	DATA	0
0x0078108c	0x0078d056	DATA	0
0x00781098	0x0078d05e	DATA	0
0x007810a4	0x0078d06d	DATA	0
0x007810b0	0x0078d076	DATA	0
0x007810bc	0x0078d085	DATA	0
0x007810c8	0x0078d097	DATA	0
0x007810d4	0x0078d0b5	DATA	0
0x007810e0	0x0078d0d6	DATA	0
0x007810ec	0x0078d0ee	DATA	0
0x007810f8	0x0078d0f5	DATA	0
0x00781104	0x0078d0ff	DATA	0
0x00781110	0x0078d10a	DATA	0
0x0078111c	0x0078d114	DATA	0
0x00781128	0x0078d124	DATA	0
0x00781134	0x0078d134	DATA	0
0x00781140	0x0078d13c	DATA	0
0x0078114c	0x0078d150	DATA	0
0x00781158	0x0078d161	DATA	0
0x00781164	0x0078d181	DATA	0
0x00781170	0x0078d1a9	DATA	0
0x0078117c	0x0078d1c0	DATA	0
0x00781188	0x0078d1df	DATA	0
0x00781194	0x0078d1f9	DATA	0
0x007811a0	0x0078d213	DATA	0
0x007811ac	0x0078d235	DATA	0
0x007811b8	0x0078d257	DATA	0
0x007811c4	0x0078d26c	DATA	0
0x007811d0	0x0078d282	DATA	0
0x007811dc	0x0078d295	DATA	0
0x007811e8	0x0078d2a9	DATA	0
0x007811f4	0x0078d2c2	DATA	0
0x00781200	0x0078d2d5	DATA	0
0x0078120c	0x0078d2e2	DATA	0
0x00781218	0x0078d2f7	DATA	0
0x00781224	0x0078d309	DATA	0
0x00781230	0x0078d31b	DATA	0
0x0078123c	0x0078d32e	DATA	0
0x00781248	0x0078d33d	DATA	0
0x00781254	0x0078d349	DATA	0
0x00781260	0x0078d359	DATA	0
0x0078126c	0x0078d369	DATA	0
0x00781278	0x0078d37c	DATA	0
0x00781284	0x0078d389	DATA	0
0x00781290	0x0078d399	DATA	0
0x0078129c	0x0078d3a6	DATA	0
0x007812a8	0x0078d3b6	DATA	0
0x007812b4	0x0078d3ca	DATA	0
0x007812c0	0x0078d3d3	DATA	0
0x007812cc	0x0078d3e3	DATA	0
0x007812d8	0x0078d3ef	DATA	0
0x007812e4	0x0078d3fa	DATA	0
0x007812f0	0x0078d40b	DATA	0
0x007812fc	0x0078d41f	DATA	0
0x00781308	0x0078d432	DATA	0
0x00781314	0x0078d43f	DATA	0
0x00781320	0x0078d44c	DATA	0
0x0078132c	0x0078d460	DATA	0
0x00781338	0x0078d47b	DATA	0
0x00781344	0x0078d48e	DATA	0
0x00781350	0x0078d4a2	DATA	0
0x0078135c	0x0078d4b0	DATA	0
0x00781368	0x0078d4c2	DATA	0
0x00781374	0x0078d4da	DATA	0
0x00781380	0x0078d4ed	DATA	0
0x0078138c	0x0078d501	DATA	0
0x00781398	0x0078d518	DATA	0
0x007813a4	0x0078d521	DATA	0
0x007813b0	0x0078d52a	DATA	0
0x007813bc	0x0078d534	DATA	0
0x007813c8	0x0078d548	DATA	0
0x007813d4	0x0078d553	DATA	0
0x007813e0	0x0078d566	DATA	0
0x007813ec	0x0078d57c	DATA	0
0x007813f8	0x0078d58b	DATA	0
0x00781404	0x0078d594	DATA	0
0x00781410	0x0078d59d	DATA	0
0x0078141c	0x0078d5ac	DATA	0
0x00781428	0x0078d5b6	DATA	0
0x00781434	0x0078d5c5	DATA	0
0x00781440	0x0078d5d5	DATA	0
0x0078144c	0x0078d5e4	DATA	0
0x00781458	0x0078d5f1	DATA	0
0x00781464	0x0078d60c	DATA	0
0x00781470	0x0078d616	DATA	0
0x0078147c	0x0078d61e	DATA	0
0x00781488	0x0078d630	DATA	0
0x00781494	0x0078d644	DATA	0
0x007814a0	0x0078d65a	DATA	0
0x007814ac	0x0078d671	DATA	0
0x007814b8	0x0078d686	DATA	0
0x007814c4	0x0078d692	DATA	0
0x007814d0	0x0078d69d	DATA	0
0x007814dc	0x0078d6ab	DATA	0
0x007814e8	0x0078d6c0	DATA	0
0x007814f4	0x0078d6da	DATA	0
0x00781500	0x0078d6e1	DATA	0
0x0078150c	0x0078d6eb	DATA	0
0x00781518	0x0078d6f5	DATA	0
0x00781524	0x0078d6fd	DATA	0
0x00781530	0x0078d705	DATA	0
0x0078153c	0x0078d70b	DATA	0
0x00781548	0x0078d714	DATA	0
0x00781554	0x0078d71e	DATA	0
0x00781560	0x0078d725	DATA	0
0x0078156c	0x0078d731	DATA	0
0x00781578	0x0078d73e	DATA	0
0x00781584	0x0078d74b	DATA	0
0x00781590	0x0078d759	DATA	0
0x0078159c	0x0078d769	DATA	0
0x007815a8	0x0078d778	DATA	0
0x007815b4	0x0078d788	DATA	0
0x007815c0	0x0078d792	DATA	0
0x007815cc	0x0078d79e	DATA	0
0x007815d8	0x0078d7ad	DATA	0
0x007815e4	0x0078d7b5	DATA	0
0x007815f0	0x0078d7be	DATA	0
0x007815fc	0x0078d7c3	DATA	0
0x00781608	0x0078d7cd	DATA	0
0x00781614	0x0078d7d4	DATA	0
0x00781620	0x0078d7e0	DATA	0
0x0078162c	0x0078d7eb	DATA	0
0x00781638	0x0078d7fc	DATA	0
0x00781644	0x0078d80c	DATA	0
0x00781650	0x0078d81c	DATA	0
0x0078165c	0x0078d823	DATA	0
0x00781668	0x0078d82f	DATA	0
0x00781674	0x0078d83d	DATA	0
0x00781680	0x0078d84a	DATA	0
0x0078168c	0x0078d85c	DATA	0
0x00781698	0x0078d866	DATA	0
0x007816a4	0x0078d86f	DATA	0
0x007816b0	0x0078d87b	DATA	0
0x007816bc	0x0078d884	DATA	0
0x007816c8	0x0078d88c	DATA	0
0x007816d4	0x0078d897	DATA	0
0x007816e0	0x0078d89f	DATA	0
0x007816ec	0x0078d8ae	DATA	0
0x007816f8	0x0078d8b8	DATA	0
0x00781704	0x0078d8c2	DATA	0
0x00781710	0x0078d8ce	DATA	0
0x0078171c	0x0078d8d6	DATA	0
0x00781728	0x0078d8e3	DATA	0
0x00781734	0x0078d8ee	DATA	0
0x00781740	0x0078d8fb	DATA	0
0x0078174c	0x0078d905	DATA	0
0x00781758	0x0078d90f	DATA	0
0x00781764	0x0078d918	DATA	0
0x00781770	0x0078d923	DATA	0
0x0078177c	0x0078d92a	DATA	0
0x00781788	0x0078d937	DATA	0
0x00781794	0x0078d942	DATA	0
0x007817a0	0x0078d94c	DATA	0
0x007817ac	0x0078d95b	DATA	0
0x007817b8	0x0078d969	DATA	0
0x007817c4	0x0078d97b	DATA	0
0x007817d0	0x0078d98e	DATA	0
0x007817dc	0x0078d99d	DATA	0
0x007817e8	0x0078d9ad	DATA	0
0x007817f4	0x0078d9c0	DATA	0
0x00781800	0x0078d9d3	DATA	0
0x0078180c	0x0078d9f3	DATA	0
0x00781818	0x0078da12	DATA	0
0x00781824	0x0078da32	DATA	0
0x00781830	0x0078da50	DATA	0
0x0078183c	0x0078da6b	DATA	0
0x00781848	0x0078da8a	DATA	0
0x00781854	0x0078daa8	DATA	0
0x00781860	0x0078dac3	DATA	0
0x0078186c	0x0078dadd	DATA	0
0x00781878	0x0078daf2	DATA	0
0x00781884	0x0078db07	DATA	0
0x00781890	0x0078db1b	DATA	0
0x0078189c	0x0078db30	DATA	0
0x007818a8	0x0078db40	DATA	0
0x007818b4	0x0078db4b	DATA	0
0x007818c0	0x0078db58	DATA	0
0x007818cc	0x0078db6b	DATA	0
0x007818d8	0x0078db7c	DATA	0
0x007818e4	0x0078db92	DATA	0
0x007818f0	0x0078dba8	DATA	0
0x007818fc	0x0078dbbe	DATA	0
0x00781908	0x0078dbd4	DATA	0
0x00781914	0x0078dbee	DATA	0
0x00781920	0x0078dc02	DATA	0
0x0078192c	0x0078dc10	DATA	0
0x00781938	0x0078dc24	DATA	0
0x00781944	0x0078dc3d	DATA	0
0x00781950	0x0078dc58	DATA	0
0x0078195c	0x0078dc75	DATA	0
0x00781968	0x0078dc8f	DATA	0
0x00781974	0x0078dca7	DATA	0
0x00781980	0x0078dcc6	DATA	0
0x0078198c	0x0078dcdf	DATA	0
0x00781998	0x0078dcfb	DATA	0
0x007819a4	0x0078dd18	DATA	0
0x007819b0	0x0078dd33	DATA	0
0x007819bc	0x0078dd50	DATA	0
0x007819c8	0x0078dd6c	DATA	0
0x007819d4	0x0078dd88	DATA	0
0x007819e0	0x0078dda1	DATA	0
0x007819ec	0x0078ddbc	DATA	0
0x007819f8	0x0078ddcf	DATA	0
0x00781a04	0x0078dde7	DATA	0
0x00781a10	0x0078ddf8	DATA	0
0x00781a1c	0x0078de0a	DATA	0
0x00781a28	0x0078de1c	DATA	0
0x00781a34	0x0078de2f	DATA	0
0x00781a40	0x0078de41	DATA	0
0x00781a4c	0x0078de54	DATA	0
0x00781a58	0x0078de5e	DATA	0
0x00781a64	0x0078de67	DATA	0
0x00781a70	0x0078de6f	DATA	0
0x00781a7c	0x0078de79	DATA	0
0x00781a88	0x0078de87	DATA	0
0x00781a94	0x0078de99	DATA	0
0x00781aa0	0x0078dea2	DATA	0
0x00781aac	0x0078dea8	DATA	0
0x00781ab8	0x0078deaf	DATA	0
0x00781ac4	0x0078deb8	DATA	0
0x00781ad0	0x0078dec0	DATA	0
0x00781adc	0x0078dec8	DATA	0
0x00781ae8	0x0078ded1	DATA	0
0x00781af4	0x0078ded9	DATA	0
0x00781b00	0x0078dee0	DATA	0
0x00781b0c	0x0078deeb	DATA	0
0x00781b18	0x0078def3	DATA	0
0x00781b24	0x0078defb	DATA	0
0x00781b30	0x0078df01	DATA	0
0x00781b3c	0x0078df08	DATA	0
0x00781b48	0x0078df10	DATA	0
0x00781b54	0x0078df1c	DATA	0
0x00781b60	0x0078df25	DATA	0
0x00781b6c	0x0078df2d	DATA	0
0x00781b78	0x0078df40	DATA	0
0x00781b84	0x0078df49	DATA	0
0x00781b90	0x0078df53	DATA	0
0x00781b9c	0x0078df5b	DATA	0
0x00781ba8	0x0078df65	DATA	0
0x00781bb4	0x0078df6e	DATA	0
0x00781bc0	0x0078df74	DATA	0
0x00781bcc	0x0078df7a	DATA	0
0x00781bd8	0x0078df85	DATA	0
0x00781be4	0x0078df90	DATA	0
0x00781bf0	0x0078df9a	DATA	0
0x00781bfc	0x0078dfa4	DATA	0
0x00781c08	0x0078dfaa	DATA	0
0x00781c14	0x0078dfb1	DATA	0
0x00781c20	0x0078dfbe	DATA	0
0x00781c2c	0x0078dfc6	DATA	0
0x00781c38	0x0078dfd0	DATA	0
0x00781c44	0x0078dfd8	DATA	0
0x00781c50	0x0078dfe9	DATA	0
0x00781c5c	0x0078dff8	DATA	0
0x00781c68	0x0078e007	DATA	0
0x00781c74	0x0078e00f	DATA	0
0x00781c80	0x0078e017	DATA	0
0x00781c8c	0x0078e01c	DATA	0
0x00781c98	0x0078e028	DATA	0
0x00781ca4	0x0078e031	DATA	0
0x00781cb0	0x0078e03a	DATA	0
0x00781cbc	0x0078e044	DATA	0
0x00781cc8	0x0078e04e	DATA	0
0x00781cd4	0x0078e056	DATA	0
0x00781ce0	0x0078e066	DATA	0
0x00781cec	0x0078e07a	DATA	0
0x00781cf8	0x0078e092	DATA	0
0x00781d04	0x0078e0ab	DATA	0
0x00781d10	0x0078e0c3	DATA	0
0x00781d1c	0x0078e0dc	DATA	0
0x00781d28	0x0078e0f2	DATA	0
0x00781d34	0x0078e109	DATA	0
0x00781d40	0x0078e11d	DATA	0
0x00781d4c	0x0078e132	DATA	0
0x00781d58	0x0078e142	DATA	0
0x00781d64	0x0078e157	DATA	0
0x00781d70	0x0078e169	DATA	0
0x00781d7c	0x0078e17f	DATA	0
0x00781d88	0x0078e186	DATA	0
0x00781d94	0x0078e19d	DATA	0
0x00781da0	0x0078e1b6	DATA	0
0x00781dac	0x0078e1cb	DATA	0
0x00781db8	0x0078e1e1	DATA	0
0x00781dc4	0x0078e1f9	DATA	0
0x00781dd0	0x0078e20c	DATA	0
0x00781ddc	0x0078e21e	DATA	0
0x00781de8	0x0078e226	DATA	0
0x00781df4	0x0078e22f	DATA	0
0x00781e00	0x0078e24c	DATA	0
0x00781e0c	0x0078e25d	DATA	0
0x00781e18	0x0078e275	DATA	0
0x00781e24	0x0078e28c	DATA	0
0x00781e30	0x0078e2a2	DATA	0
0x00781e3c	0x0078e2b8	DATA	0
0x00781e48	0x0078e2d5	DATA	0
0x00781e54	0x0078e2f7	DATA	0
0x00781e60	0x0078e320	DATA	0
0x00781e6c	0x0078e332	DATA	0
0x00781e78	0x0078e346	DATA	0
0x00781e84	0x0078e359	DATA	0
0x00781e90	0x0078e368	DATA	0
0x00781e9c	0x0078e37a	DATA	0
0x00781ea8	0x0078e383	DATA	0
0x00781eb4	0x0078e39a	DATA	0
0x00781ec0	0x0078e3ab	DATA	0
0x00781ecc	0x0078e3b7	DATA	0
0x00781ed8	0x0078e3bd	DATA	0
0x00781ee4	0x0078e3c5	DATA	0
0x00781ef0	0x0078e3cc	DATA	0
0x00781efc	0x0078e3d8	DATA	0
0x00781f08	0x0078e3e3	DATA	0
0x00781f14	0x0078e3ea	DATA	0
0x00781f20	0x0078e3f3	DATA	0
0x00781f2c	0x0078e406	DATA	0
0x00781f38	0x0078e419	DATA	0
0x00781f44	0x0078e428	DATA	0
0x00781f50	0x0078e435	DATA	0
0x00781f5c	0x0078e441	DATA	0
0x00781f68	0x0078e44e	DATA	0
0x00781f74	0x0078e457	DATA	0
0x00781f80	0x0078e45e	DATA	0
0x00781f8c	0x0078e472	DATA	0
0x00781f98	0x0078e481	DATA	0
0x00781fa4	0x0078e488	DATA	0
0x00781fb0	0x0078e490	DATA	0
0x00781fbc	0x0078e499	DATA	0
0x00781fc8	0x0078e4a0	DATA	0
0x00781fd4	0x0078e4ab	DATA	0
0x00781fe0	0x0078e4b6	DATA	0
0x00781fec	0x0078e4cd	DATA	0
0x00781ff8	0x0078e4df	DATA	0
0x00782004	0x0078e4f5	DATA	0
0x00782010	0x0078e513	DATA	0
0x0078201c	0x0078e529	DATA	0
0x00782028	0x0078e542	DATA	0
0x00782034	0x0078e55d	DATA	0
0x00782040	0x0078e56f	DATA	0
0x0078204c	0x0078e583	DATA	0
0x00782058	0x0078e5a3	DATA	0
0x00782064	0x0078e5b1	DATA	0
0x00782070	0x0078e5c6	DATA	0
0x0078207c	0x0078e5de	DATA	0
0x00782088	0x0078e5f0	DATA	0
0x00782094	0x0078e5fc	DATA	0
0x007820a0	0x0078e60a	DATA	0
0x007820ac	0x0078e61a	DATA	0
0x007820b8	0x0078e62b	DATA	0
0x007820c4	0x0078e641	DATA	0
0x007820d0	0x0078e653	DATA	0
0x007820dc	0x0078e664	DATA	0
0x007820e8	0x0078e676	DATA	0
0x007820f4	0x0078e686	DATA	0
0x00782100	0x0078e699	DATA	0
0x0078210c	0x0078e6ab	DATA	0
0x00782118	0x0078e6ba	DATA	0
0x00782124	0x0078e6d2	DATA	0
0x00782130	0x0078e6e1	DATA	0
0x0078213c	0x0078e6f3	DATA	0
0x00782148	0x0078e700	DATA	0
0x00782154	0x0078e712	DATA	0
0x00782160	0x0078e723	DATA	0
0x0078216c	0x0078e735	DATA	0
0x00782178	0x0078e742	DATA	0
0x00782184	0x0078e74d	DATA	0
0x00782190	0x0078e754	DATA	0
0x0078219c	0x0078e761	DATA	0
0x007821a8	0x0078e769	DATA	0
0x007821b4	0x0078e773	DATA	0
0x007821c0	0x0078e77b	DATA	0
0x007821cc	0x0078e786	DATA	0
0x007821d8	0x0078e78d	DATA	0
0x007821e4	0x0078e79c	DATA	0
0x007821f0	0x0078e7a4	DATA	0
0x007821fc	0x0078e7ad	DATA	0
0x00782208	0x0078e7b5	DATA	0
0x00782214	0x0078e7bd	DATA	0
0x00782220	0x0078e7c5	DATA	0
0x0078222c	0x0078e7cf	DATA	0
0x00782238	0x0078e7d4	DATA	0
0x00782244	0x0078e7dc	DATA	0
0x00782250	0x0078e7e5	DATA	0
0x0078225c	0x0078e7ef	DATA	0
0x00782268	0x0078e805	DATA	0
0x00782274	0x0078e81b	DATA	0
0x00782280	0x0078e830	DATA	0
0x0078228c	0x0078e849	DATA	0
0x00782298	0x0078e858	DATA	0
0x007822a4	0x0078e871	DATA	0
0x007822b0	0x0078e882	DATA	0
0x007822bc	0x0078e897	DATA	0
0x007822c8	0x0078e8ad	DATA	0
0x007822d4	0x0078e8c2	DATA	0
0x007822e0	0x0078e8d7	DATA	0
0x007822ec	0x0078e8e9	DATA	0
0x007822f8	0x0078e8fa	DATA	0
0x00782304	0x0078e903	DATA	0
0x00782310	0x0078e909	DATA	0
0x0078231c	0x0078e912	DATA	0
0x00782328	0x0078e92b	DATA	0
0x00782334	0x0078e93d	DATA	0
0x00782340	0x0078e953	DATA	0
0x0078234c	0x0078e968	DATA	0
0x00782358	0x0078e97e	DATA	0
0x00782364	0x0078e999	DATA	0
0x00782370	0x0078e9ae	DATA	0
0x0078237c	0x0078e9c9	DATA	0
0x00782388	0x0078e9df	DATA	0
0x00782394	0x0078e9fa	DATA	0
0x007823a0	0x0078ea11	DATA	0
0x007823ac	0x0078ea27	DATA	0
0x007823b8	0x0078ea3f	DATA	0
0x007823c4	0x0078ea52	DATA	0
0x007823d0	0x0078ea6d	DATA	0
0x007823dc	0x0078ea88	DATA	0
0x007823e8	0x0078ea9e	DATA	0
0x007823f4	0x0078eab4	DATA	0
0x00782400	0x0078eacc	DATA	0
0x0078240c	0x0078ead3	DATA	0
0x00782418	0x0078eae3	DATA	0
0x00782424	0x0078eaf1	DATA	0
0x00782430	0x0078eaf9	DATA	0
0x0078243c	0x0078eb04	DATA	0
0x00782448	0x0078eb0f	DATA	0
0x00782454	0x0078eb1a	DATA	0
0x00782460	0x0078eb23	DATA	0
0x0078246c	0x0078eb2f	DATA	0
0x00782478	0x0078eb3b	DATA	0
0x00782484	0x0078eb47	DATA	0
0x00782490	0x0078eb50	DATA	0
0x0078249c	0x0078eb5c	DATA	0
0x007824a8	0x0078eb62	DATA	0
0x007824b4	0x0078eb6b	DATA	0
0x007824c0	0x0078eb77	DATA	0
0x007824cc	0x0078eb81	DATA	0
0x007824d8	0x0078eb89	DATA	0
0x007824e4	0x0078eb93	DATA	0
0x007824f0	0x0078eb9b	DATA	0
0x007824fc	0x0078eba2	DATA	0
0x00782508	0x0078eba9	DATA	0
0x00782514	0x0078ebbb	DATA	0
0x00782520	0x0078ebcc	DATA	0
0x0078252c	0x0078ebdf	DATA	0
0x00782538	0x0078ebe7	DATA	0
0x00782544	0x0078ebee	DATA	0
0x00782550	0x0078ebf7	DATA	0
0x0078255c	0x0078ebff	DATA	0
0x00782568	0x0078ec15	DATA	0
0x00782574	0x0078ec2c	DATA	0
0x00782580	0x0078ec45	DATA	0
0x0078258c	0x0078ec54	DATA	0
0x00782598	0x0078ec5e	DATA	0
0x007825a4	0x0078ec6b	DATA	0
0x007825b0	0x0078ec79	DATA	0
0x007825bc	0x0078ec83	DATA	0
0x007825c8	0x0078ec8e	DATA	0
0x007825d4	0x0078ec99	DATA	0
0x007825e0	0x0078eca2	DATA	0
0x007825ec	0x0078ecb6	DATA	0
0x007825f8	0x0078ecc3	DATA	0
0x00782604	0x0078eccf	DATA	0
0x00782610	0x0078ece0	DATA	0
0x0078261c	0x0078ecf5	DATA	0
0x00782628	0x0078ed03	DATA	0
0x00782634	0x0078ed16	DATA	0
0x00782640	0x0078ed24	DATA	0
0x0078264c	0x0078ed32	DATA	0
0x00782658	0x0078ed45	DATA	0
0x00782664	0x0078ed57	DATA	0
0x00782670	0x0078ed68	DATA	0
0x0078267c	0x0078ed78	DATA	0
0x00782688	0x0078ed8c	DATA	0
0x00782694	0x0078ed9b	DATA	0
0x007826a0	0x0078edab	DATA	0
0x007826ac	0x0078edb8	DATA	0
0x007826b8	0x0078edc0	DATA	0
0x007826c4	0x0078edca	DATA	0
0x007826d0	0x0078edd3	DATA	0
0x007826dc	0x0078ede5	DATA	0
0x007826e8	0x0078edee	DATA	0
0x007826f4	0x0078edf9	DATA	0
0x00782700	0x0078ee03	DATA	0
0x0078270c	0x0078ee13	DATA	0
0x00782718	0x0078ee28	DATA	0
0x00782724	0x0078ee3d	DATA	0
0x00782730	0x0078ee4d	DATA	0
0x0078273c	0x0078ee5c	DATA	0
0x00782748	0x0078ee6b	DATA	0
0x00782754	0x0078ee7c	DATA	0
0x00782760	0x0078ee84	DATA	0
0x0078276c	0x0078ee8d	DATA	0
0x00782778	0x0078ee96	DATA	0
0x00782784	0x0078eea1	DATA	0
0x00782790	0x0078eeaa	DATA	0
0x0078279c	0x0078eeb3	DATA	0
0x007827a8	0x0078eebb	DATA	0
0x007827b4	0x0078eec4	DATA	0
0x007827c0	0x0078eed1	DATA	0
0x007827cc	0x0078eee1	DATA	0
0x007827d8	0x0078eef2	DATA	0
0x007827e4	0x0078ef05	DATA	0
0x007827f0	0x0078ef14	DATA	0
0x007827fc	0x0078ef22	DATA	0
0x00782808	0x0078ef36	DATA	0
0x00782814	0x0078ef42	DATA	0
0x00782820	0x0078ef4e	DATA	0
0x0078282c	0x0078ef61	DATA	0
0x00782838	0x0078ef74	DATA	0
0x00782844	0x0078ef87	DATA	0
0x00782850	0x0078ef9b	DATA	0
0x0078285c	0x0078efa9	DATA	0
0x00782868	0x0078efbc	DATA	0
0x00782874	0x0078efc8	DATA	0
0x00782880	0x0078efd8	DATA	0
0x0078288c	0x0078efe7	DATA	0
0x00782898	0x0078eff8	DATA	0
0x007828a4	0x0078f004	DATA	0
0x007828b0	0x0078f015	DATA	0
0x007828bc	0x0078f025	DATA	0
0x007828c8	0x0078f02f	DATA	0
0x007828d4	0x0078f03f	DATA	0
0x007828e0	0x0078f04e	DATA	0
0x007828ec	0x0078f05d	DATA	0
0x007828f8	0x0078f06d	DATA	0
0x00782904	0x0078f074	DATA	0
0x00782910	0x0078f07b	DATA	0
0x0078291c	0x0078f083	DATA	0
0x00782928	0x0078f08f	DATA	0
0x00782934	0x0078f0a2	DATA	0
0x00782940	0x0078f0ad	DATA	0
0x0078294c	0x0078f0ba	DATA	0
0x00782958	0x0078f0ce	DATA	0
0x00782964	0x0078f0da	DATA	0
0x00782970	0x0078f0e7	DATA	0
0x0078297c	0x0078f0f6	DATA	0
0x00782988	0x0078f103	DATA	0
0x00782994	0x0078f10e	DATA	0
0x007829a0	0x0078f117	DATA	0
0x007829ac	0x0078f125	DATA	0
0x007829b8	0x0078f135	DATA	0
0x007829c4	0x0078f14b	DATA	0
0x007829d0	0x0078f157	DATA	0
0x007829dc	0x0078f163	DATA	0
0x007829e8	0x0078f16f	DATA	0
0x007829f4	0x0078f17e	DATA	0
0x00782a00	0x0078f187	DATA	0
0x00782a0c	0x0078f18f	DATA	0
0x00782a18	0x0078f19a	DATA	0
0x00782a24	0x0078f1a5	DATA	0
0x00782a30	0x0078f1ac	DATA	0
0x00782a3c	0x0078f1b9	DATA	0
0x00782a48	0x0078f1c4	DATA	0
0x00782a54	0x0078f1d9	DATA	0
0x00782a60	0x0078f1f6	DATA	0
0x00782a6c	0x0078f1fd	DATA	0
0x00782a78	0x0078f206	DATA	0
0x00782a84	0x0078f211	DATA	0
0x00782a90	0x0078f21a	DATA	0
0x00782a9c	0x0078f222	DATA	0
0x00782aa8	0x0078f227	DATA	0
0x00782ab4	0x0078f22d	DATA	0
0x00782ac0	0x0078f238	DATA	0
0x00782acc	0x0078f23f	DATA	0
0x00782ad8	0x0078f248	DATA	0
0x00782ae4	0x0078f251	DATA	0
0x00782af0	0x0078f25f	DATA	0
0x00782afc	0x0078f267	DATA	0
0x00782b08	0x0078f273	DATA	0
0x00782b14	0x0078f281	DATA	0
0x00782b20	0x0078f28e	DATA	0
0x00782b2c	0x0078f29b	DATA	0
0x00782b38	0x0078f2a9	DATA	0
0x00782b44	0x0078f2b7	DATA	0
0x00782b50	0x0078f2c3	DATA	0
0x00782b5c	0x0078f2ce	DATA	0
0x00782b68	0x0078f2d6	DATA	0
0x00782b74	0x0078f2ed	DATA	0
0x00782b80	0x0078f304	DATA	0
0x00782b8c	0x0078f313	DATA	0
0x00782b98	0x0078f327	DATA	0
0x00782ba4	0x0078f330	DATA	0
0x00782bb0	0x0078f33e	DATA	0
0x00782bbc	0x0078f34b	DATA	0
0x00782bc8	0x0078f356	DATA	0
0x00782bd4	0x0078f361	DATA	0
0x00782be0	0x0078f371	DATA	0
0x00782bec	0x0078f381	DATA	0
0x00782bf8	0x0078f38d	DATA	0
0x00782c04	0x0078f398	DATA	0
0x00782c10	0x0078f3af	DATA	0
0x00782c1c	0x0078f3c4	DATA	0
0x00782c28	0x0078f3db	DATA	0
0x00782c34	0x0078f3ec	DATA	0
0x00782c40	0x0078f406	DATA	0
0x00782c4c	0x0078f425	DATA	0
0x00782c58	0x0078f444	DATA	0
0x00782c64	0x0078f45c	DATA	0
0x00782c70	0x0078f470	DATA	0
0x00782c7c	0x0078f48d	DATA	0
0x00782c88	0x0078f494	DATA	0
0x00782c94	0x0078f49c	DATA	0
0x00782ca0	0x0078f4a2	DATA	0
0x00782cac	0x0078f4b1	DATA	0
0x00782cb8	0x0078f4bb	DATA	0
0x00782cc4	0x0078f4c7	DATA	0
0x00782cd0	0x0078f4d1	DATA	0
0x00782cdc	0x0078f4d9	DATA	0
0x00782ce8	0x0078f4e1	DATA	0
0x00782cf4	0x0078f4e9	DATA	0
0x00782d00	0x0078f4fa	DATA	0
0x00782d0c	0x0078f502	DATA	0
0x00782d18	0x0078f50a	DATA	0
0x00782d24	0x0078f511	DATA	0
0x00782d30	0x0078f51e	DATA	0
0x00782d3c	0x0078f529	DATA	0
0x00782d48	0x0078f52e	DATA	0
0x00782d54	0x0078f537	DATA	0
0x00782d60	0x0078f543	DATA	0
0x00782d6c	0x0078f552	DATA	0
0x00782d78	0x0078f55c	DATA	0
0x00782d84	0x0078f564	DATA	0
0x00782d90	0x0078f56a	DATA	0
0x00782d9c	0x0078f575	DATA	0
0x00782da8	0x0078f580	DATA	0
0x00782db4	0x0078f58b	DATA	0
0x00782dc0	0x0078f5a1	DATA	0
0x00782dcc	0x0078f5b0	DATA	0
0x00782dd8	0x0078f5bb	DATA	0
0x00782de4	0x0078f5c7	DATA	0
0x00782df0	0x0078f5cf	DATA	0
0x00782dfc	0x0078f5db	DATA	0
0x00782e08	0x0078f5ec	DATA	0
0x00782e14	0x0078f5fa	DATA	0
0x00782e20	0x0078f606	DATA	0
0x00782e2c	0x0078f611	DATA	0
0x00782e38	0x0078f61b	DATA	0
0x00782e44	0x0078f62f	DATA	0
0x00782e50	0x0078f638	DATA	0
0x00782e5c	0x0078f63f	DATA	0
0x00782e68	0x0078f649	DATA	0
0x00782e74	0x0078f653	DATA	0
0x00782e80	0x0078f65d	DATA	0
0x00782e8c	0x0078f667	DATA	0
0x00782e98	0x0078f671	DATA	0
0x00782ea4	0x0078f67b	DATA	0
0x00782eb0	0x0078f685	DATA	0
0x00782ebc	0x0078f68f	DATA	0
0x00782ec8	0x0078f699	DATA	0
0x00782ed4	0x0078f6a9	DATA	0
0x00782ee0	0x0078f6bb	DATA	0
0x00782eec	0x0078f6c7	DATA	0
0x00782ef8	0x0078f6cd	DATA	0
0x00782f04	0x0078f6d4	DATA	0
0x00782f10	0x0078f6dc	DATA	0
0x00782f1c	0x0078f6ea	DATA	0
0x00782f28	0x0078f6fe	DATA	0
0x00782f34	0x0078f719	DATA	0
0x00782f40	0x0078f729	DATA	0
0x00782f4c	0x0078f733	DATA	0
0x00782f58	0x0078f741	DATA	0
0x00782f64	0x0078f74b	DATA	0
0x00782f70	0x0078f757	DATA	0
0x00782f7c	0x0078f760	DATA	0
0x00782f88	0x0078f76c	DATA	0
0x00782f94	0x0078f776	DATA	0
0x00782fa0	0x0078f77c	DATA	0
0x00782fac	0x0078f787	DATA	0
0x00782fb8	0x0078f793	DATA	0
0x00782fc4	0x0078f79e	DATA	0
0x00782fd0	0x0078f7af	DATA	0
0x00782fdc	0x0078f7b9	DATA	0
0x00782fe8	0x0078f7c0	DATA	0
0x00782ff4	0x0078f7c6	DATA	0
0x00783000	0x0078f7cf	DATA	0
0x0078300c	0x0078f7d7	DATA	0
0x00783018	0x0078f7e0	DATA	0
0x00783024	0x0078f7e9	DATA	0
0x00783030	0x0078f7f0	DATA	0
0x0078303c	0x0078f7f9	DATA	0
0x00783048	0x0078f800	DATA	0
0x00783054	0x0078f80b	DATA	0
0x00783060	0x0078f813	DATA	0
0x0078306c	0x0078f81c	DATA	0
0x00783078	0x0078f824	DATA	0
0x00783084	0x0078f82d	DATA	0
0x00783090	0x0078f83a	DATA	0
0x0078309c	0x0078f845	DATA	0
0x007830a8	0x0078f851	DATA	0
0x007830b4	0x0078f85a	DATA	0
0x007830c0	0x0078f863	DATA	0
0x007830cc	0x0078f868	DATA	0
0x007830d8	0x0078f872	DATA	0
0x007830e4	0x0078f87c	DATA	0
0x007830f0	0x0078f887	DATA	0
0x007830fc	0x0078f894	DATA	0
0x00783108	0x0078f8ad	DATA	0
0x00783114	0x0078f8bd	DATA	0
0x00783120	0x0078f8ca	DATA	0
0x0078312c	0x0078f8d5	DATA	0
0x00783138	0x0078f8e3	DATA	0
0x00783144	0x0078f8f2	DATA	0
0x00783150	0x0078f906	DATA	0
0x0078315c	0x0078f915	DATA	0
0x00783168	0x0078f924	DATA	0
0x00783174	0x0078f934	DATA	0
0x00783180	0x0078f94d	DATA	0
0x0078318c	0x0078f965	DATA	0
0x00783198	0x0078f979	DATA	0
0x007831a4	0x0078f98b	DATA	0
0x007831b0	0x0078f9a9	DATA	0
0x007831bc	0x0078f9b2	DATA	0
0x007831c8	0x0078f9ba	DATA	0
0x007831d4	0x0078f9c0	DATA	0
0x007831e0	0x0078f9cf	DATA	0
0x007831ec	0x0078f9de	DATA	0
0x007831f8	0x0078f9e7	DATA	0
0x00783204	0x0078f9f6	DATA	0
0x00783210	0x0078f9ff	DATA	0
0x0078321c	0x0078fa09	DATA	0
0x00783228	0x0078fa0f	DATA	0
0x00783234	0x0078fa22	DATA	0
0x00783240	0x0078fa31	DATA	0
0x0078324c	0x0078fa3c	DATA	0
0x00783258	0x0078fa44	DATA	0
0x00783264	0x0078fa4f	DATA	0
0x00783270	0x0078fa5a	DATA	0
0x0078327c	0x0078fa67	DATA	0
0x00783288	0x0078fa72	DATA	0
0x00783294	0x0078fa7f	DATA	0
0x007832a0	0x0078fa8f	DATA	0
0x007832ac	0x0078fa96	DATA	0
0x007832b8	0x0078faa1	DATA	0
0x007832c4	0x0078fab2	DATA	0
0x007832d0	0x0078fabf	DATA	0
0x007832dc	0x0078facc	DATA	0
0x007832e8	0x0078fad5	DATA	0
0x007832f4	0x0078fadd	DATA	0
0x00783300	0x0078faeb	DATA	0
0x0078330c	0x0078faf5	DATA	0
0x00783318	0x0078fb02	DATA	0
0x00783324	0x0078fb0b	DATA	0
0x00783330	0x0078fb16	DATA	0
0x0078333c	0x0078fb21	DATA	0
0x00783348	0x0078fb27	DATA	0
0x00783354	0x0078fb36	DATA	0
0x00783360	0x0078fb4f	DATA	0
0x0078336c	0x0078fb66	DATA	0
0x00783378	0x0078fb81	DATA	0
0x00783384	0x0078fb8f	DATA	0
0x00783390	0x0078fba7	DATA	0
0x0078339c	0x0078fbb0	DATA	0
0x007833a8	0x0078fbbd	DATA	0
0x007833b4	0x0078fbc9	DATA	0
0x007833c0	0x0078fbd5	DATA	0
0x007833cc	0x0078fbe3	DATA	0
0x007833d8	0x0078fbeb	DATA	0
0x007833e4	0x0078fbf3	DATA	0
0x007833f0	0x0078fbfb	DATA	0
0x007833fc	0x0078fc07	DATA	0
0x00783408	0x0078fc13	DATA	0
0x00783414	0x0078fc26	DATA	0
0x00783420	0x0078fc33	DATA	0
0x0078342c	0x0078fc3c	DATA	0
0x00783438	0x0078fc46	DATA	0
0x00783444	0x0078fc53	DATA	0
0x00783450	0x0078fc5e	DATA	0
0x0078345c	0x0078fc6e	DATA	0
0x00783468	0x0078fc77	DATA	0
0x00783474	0x0078fc89	DATA	0
0x00783480	0x0078fc9b	DATA	0
0x0078348c	0x0078fca6	DATA	0
0x00783498	0x0078fcb3	DATA	0
0x007834a4	0x0078fcc5	DATA	0
0x007834b0	0x0078fcd4	DATA	0
0x007834bc	0x0078fcdf	DATA	0
0x007834c8	0x0078fcf3	DATA	0
0x007834d4	0x0078fd0c	DATA	0
0x007834e0	0x0078fd21	DATA	0
0x007834ec	0x0078fd31	DATA	0
0x007834f8	0x0078fd4a	DATA	0
0x00783504	0x0078fd5f	DATA	0
0x00783510	0x0078fd70	DATA	0
0x0078351c	0x0078fd7b	DATA	0
0x00783528	0x0078fd8a	DATA	0
0x00783534	0x0078fd9c	DATA	0
0x00783540	0x0078fdb7	DATA	0
0x0078354c	0x0078fdc7	DATA	0
0x00783558	0x0078fdcf	DATA	0
0x00783564	0x0078fdd9	DATA	0
0x00783570	0x0078fde6	DATA	0
0x0078357c	0x0078fded	DATA	0
0x00783588	0x0078fdf1	DATA	0
0x00783594	0x0078fdf7	DATA	0
0x007835a0	0x0078fe02	DATA	0
0x007835ac	0x0078fe0b	DATA	0
0x007835b8	0x0078fe13	DATA	0
0x007835c4	0x0078fe1d	DATA	0
0x007835d0	0x0078fe29	DATA	0
0x007835dc	0x0078fe35	DATA	0
0x007835e8	0x0078fe43	DATA	0
0x007835f4	0x0078fe4e	DATA	0
0x00783600	0x0078fe63	DATA	0
0x0078360c	0x0078fe6d	DATA	0
0x00783618	0x0078fe7a	DATA	0
0x00783624	0x0078fe90	DATA	0
0x00783630	0x0078fe97	DATA	0
0x0078363c	0x0078fe9c	DATA	0
0x00783648	0x0078fea6	DATA	0
0x00783654	0x0078feb0	DATA	0
0x00783660	0x0078febb	DATA	0
0x0078366c	0x0078fec7	DATA	0
0x00783678	0x0078fed2	DATA	0
0x00783684	0x0078fedc	DATA	0
0x00783690	0x0078feeb	DATA	0
0x0078369c	0x0078fefe	DATA	0
0x007836a8	0x0078ff0a	DATA	0
0x007836b4	0x0078ff15	DATA	0
0x007836c0	0x0078ff1e	DATA	0
0x007836cc	0x0078ff2b	DATA	0
0x007836d8	0x0078ff35	DATA	0
0x007836e4	0x0078ff43	DATA	0
0x007836f0	0x0078ff4e	DATA	0
0x007836fc	0x0078ff5f	DATA	0
0x00783708	0x0078ff6b	DATA	0
0x00783714	0x0078ff7b	DATA	0
0x00783720	0x0078ff84	DATA	0
0x0078372c	0x0078ff8e	DATA	0
0x00783738	0x0078ff9b	DATA	0
0x00783744	0x0078ffac	DATA	0
0x00783750	0x0078ffb4	DATA	0
0x0078375c	0x0078ffbd	DATA	0
0x00783768	0x0078ffc9	DATA	0
0x00783774	0x0078ffd9	DATA	0
0x00783780	0x0078ffe6	DATA	0
0x0078378c	0x0078fff7	DATA	0
0x00783798	0x00790002	DATA	0
0x007837a4	0x00790012	DATA	0
0x007837b0	0x0079001e	DATA	0
0x007837bc	0x00790029	DATA	0
0x007837c8	0x0079003d	DATA	0
0x007837d4	0x00790046	DATA	0
0x007837e0	0x0079004f	DATA	0
0x007837ec	0x0079005f	DATA	0
0x007837f8	0x00790072	DATA	0
0x00783804	0x00790081	DATA	0
0x00783810	0x0079008f	DATA	0
0x0078381c	0x00790097	DATA	0
0x00783828	0x0079009f	DATA	0
0x00783834	0x007900a8	DATA	0
0x00783840	0x007900b6	DATA	0
0x0078384c	0x007900c3	DATA	0
0x00783858	0x007900cb	DATA	0
0x00783864	0x007900d2	DATA	0
0x00783870	0x007900db	DATA	0
0x0078387c	0x007900e6	DATA	0
0x00783888	0x007900ed	DATA	0
0x00783894	0x007900f5	DATA	0
0x007838a0	0x007900fd	DATA	0
0x007838ac	0x00790109	DATA	0
0x007838b8	0x00790111	DATA	0
0x007838c4	0x00790117	DATA	0
0x007838d0	0x00790126	DATA	0
0x007838dc	0x00790131	DATA	0
0x007838e8	0x0079013d	DATA	0
0x007838f4	0x0079014d	DATA	0
0x00783900	0x0079015e	DATA	0
0x0078390c	0x0079016f	DATA	0
0x00783918	0x00790179	DATA	0
0x00783924	0x00790180	DATA	0
0x00783930	0x00790188	DATA	0
0x0078393c	0x00790193	DATA	0
0x00783948	0x0079019a	DATA	0
0x00783954	0x007901a0	DATA	0
0x00783960	0x007901a6	DATA	0
0x0078396c	0x007901ae	DATA	0
0x00783978	0x007901bb	DATA	0
0x00783984	0x007901c8	DATA	0
0x00783990	0x007901d2	DATA	0
0x0078399c	0x007901e5	DATA	0
0x007839a8	0x007901f3	DATA	0
0x007839b4	0x00790202	DATA	0
0x007839c0	0x0079020c	DATA	0
0x007839cc	0x00790218	DATA	0
0x007839d8	0x00790225	DATA	0
0x007839e4	0x00790233	DATA	0
0x007839f0	0x0079023e	DATA	0
0x007839fc	0x00790249	DATA	0
0x00783a08	0x00790258	DATA	0
0x00783a14	0x00790262	DATA	0
0x00783a20	0x00790270	DATA	0
0x00783a2c	0x0079027b	DATA	0
0x00783a38	0x00790288	DATA	0
0x00783a44	0x00790292	DATA	0
0x00783a50	0x0079029f	DATA	0
0x00783a5c	0x007902ab	DATA	0
0x00783a68	0x007902ba	DATA	0
0x00783a74	0x007902c8	DATA	0
0x00783a80	0x007902da	DATA	0
0x00783a8c	0x007902e8	DATA	0
0x00783a98	0x007902f6	DATA	0
0x00783aa4	0x00790303	DATA	0
0x00783ab0	0x00790313	DATA	0
0x00783abc	0x00790323	DATA	0
0x00783ac8	0x00790328	DATA	0
0x00783ad4	0x00790330	DATA	0
0x00783ae0	0x00790337	DATA	0
0x00783aec	0x00790348	DATA	0
0x00783af8	0x00790354	DATA	0
0x00783b04	0x0079035f	DATA	0
0x00783b10	0x0079036e	DATA	0
0x00783b1c	0x00790379	DATA	0
0x00783b28	0x00790385	DATA	0
0x00783b34	0x00790394	DATA	0
0x00783b40	0x007903a0	DATA	0
0x00783b4c	0x007903a8	DATA	0
0x00783b58	0x007903b2	DATA	0
0x00783b64	0x007903bf	DATA	0
0x00783b70	0x007903d1	DATA	0
0x00783b7c	0x007903dc	DATA	0
0x00783b88	0x007903eb	DATA	0
0x00783b94	0x007903fb	DATA	0
0x00783ba0	0x00790406	DATA	0
0x00783bac	0x00790414	DATA	0
0x00783bb8	0x00790427	DATA	0
0x00783bc4	0x00790432	DATA	0
0x00783bd0	0x00790440	DATA	0
0x00783bdc	0x00790456	DATA	0
0x00783be8	0x00790463	DATA	0
0x00783bf4	0x00790470	DATA	0
0x00783c00	0x0079047a	DATA	0
0x00783c0c	0x0079047f	DATA	0
0x00783c18	0x00790492	DATA	0
0x00783c24	0x0079049e	DATA	0
0x00783c30	0x007904aa	DATA	0
0x00783c3c	0x007904bd	DATA	0
0x00783c48	0x007904c5	DATA	0
0x00783c54	0x007904cd	DATA	0
0x00783c60	0x007904d7	DATA	0
0x00783c6c	0x007904e1	DATA	0
0x00783c78	0x007904eb	DATA	0
0x00783c84	0x007904f5	DATA	0
0x00783c90	0x007904ff	DATA	0
0x00783c9c	0x00790509	DATA	0
0x00783ca8	0x00790513	DATA	0
0x00783cb4	0x0079051d	DATA	0
0x00783cc0	0x00790527	DATA	0
0x00783ccc	0x00790531	DATA	0
0x00783cd8	0x0079053b	DATA	0
0x00783ce4	0x00790545	DATA	0
0x00783cf0	0x0079054f	DATA	0
0x00783cfc	0x00790559	DATA	0
0x00783d08	0x00790563	DATA	0
0x00783d14	0x0079056d	DATA	0
0x00783d20	0x00790577	DATA	0
0x00783d2c	0x00790581	DATA	0
0x00783d38	0x0079058b	DATA	0
0x00783d44	0x00790595	DATA	0
0x00783d50	0x0079059f	DATA	0
0x00783d5c	0x007905a9	DATA	0
0x00783d68	0x007905b3	DATA	0
0x00783d74	0x007905bd	DATA	0
0x00783d80	0x007905c7	DATA	0
0x00783d8c	0x007905d1	DATA	0
0x00783d98	0x007905db	DATA	0
0x00783da4	0x007905e5	DATA	0
0x00783db0	0x007905ef	DATA	0
0x00783dbc	0x007905f9	DATA	0
0x00783dc8	0x00790603	DATA	0
0x00783dd4	0x0079060d	DATA	0
0x00783de0	0x00790617	DATA	0
0x00783dec	0x00790621	DATA	0
0x00783df8	0x0079062b	DATA	0
0x00783e04	0x00790635	DATA	0
0x00783e10	0x0079063f	DATA	0
0x00783e1c	0x00790649	DATA	0
0x00783e28	0x00790653	DATA	0
0x00783e34	0x0079065d	DATA	0
0x00783e40	0x00790667	DATA	0
0x00783e4c	0x00790671	DATA	0
0x00783e58	0x0079067b	DATA	0
0x00783e64	0x00790685	DATA	0
0x00783e70	0x0079068f	DATA	0
0x00783e7c	0x00790699	DATA	0
0x00783e88	0x007906a3	DATA	0
0x00783e94	0x007906ad	DATA	0
0x00783ea0	0x007906b7	DATA	0
0x00783eac	0x007906c1	DATA	0
0x00783eb8	0x007906cb	DATA	0
0x00783ec4	0x007906d5	DATA	0
0x00783ed0	0x007906df	DATA	0
0x00783edc	0x007906e9	DATA	0
0x00783ee8	0x007906f3	DATA	0
0x00783ef4	0x007906fd	DATA	0
0x00783f00	0x00790707	DATA	0
0x00783f0c	0x00790711	DATA	0
0x00783f18	0x0079071b	DATA	0
0x00783f24	0x00790725	DATA	0
0x00783f30	0x0079072f	DATA	0
0x00783f3c	0x00790739	DATA	0
0x00783f48	0x00790743	DATA	0
0x00783f54	0x0079074d	DATA	0
0x00783f60	0x00790757	DATA	0
0x00783f6c	0x00790761	DATA	0
0x00783f78	0x0079076b	DATA	0
0x00783f84	0x00790775	DATA	0
0x00783f90	0x0079077f	DATA	0
0x00783f9c	0x00790789	DATA	0
0x00783fa8	0x00790793	DATA	0
0x00783fb4	0x0079079d	DATA	0
0x00783fc0	0x007907a7	DATA	0
0x00783fcc	0x007907b1	DATA	0
0x00783fd8	0x007907bb	DATA	0
0x00783fe4	0x007907c5	DATA	0
0x00783ff0	0x007907cf	DATA	0
0x00783ffc	0x007907d9	DATA	0
0x00784008	0x007907e3	DATA	0
0x00784014	0x007907ed	DATA	0
0x00784020	0x007907f7	DATA	0
0x0078402c	0x00790801	DATA	0
0x00784038	0x0079080b	DATA	0
0x00784044	0x00790815	DATA	0
0x00784050	0x0079081f	DATA	0
0x0078405c	0x00790829	DATA	0
0x00784068	0x00790833	DATA	0
0x00784074	0x0079083d	DATA	0
0x00784080	0x00790847	DATA	0
0x0078408c	0x00790851	DATA	0
0x00784098	0x0079085b	DATA	0
0x007840a4	0x00790865	DATA	0
0x007840b0	0x0079086f	DATA	0
0x007840bc	0x00790879	DATA	0
0x007840c8	0x00790883	DATA	0
0x007840d4	0x0079088d	DATA	0
0x007840e0	0x00790897	DATA	0
0x007840ec	0x007908a1	DATA	0
0x007840f8	0x007908ab	DATA	0
0x00784104	0x007908b5	DATA	0
0x00784110	0x007908bf	DATA	0
0x0078411c	0x007908c9	DATA	0
0x00784128	0x007908d3	DATA	0
0x00784134	0x007908dd	DATA	0
0x00784140	0x007908e7	DATA	0
0x0078414c	0x007908f1	DATA	0
0x00784158	0x007908fb	DATA	0
0x00784164	0x00790905	DATA	0
0x00784170	0x0079090f	DATA	0
0x0078417c	0x00790919	DATA	0
0x00784188	0x00790923	DATA	0
0x00784194	0x0079092d	DATA	0
0x007841a0	0x00790937	DATA	0
0x007841ac	0x00790941	DATA	0
0x007841b8	0x0079094b	DATA	0
0x007841c4	0x00790955	DATA	0
0x007841d0	0x0079095f	DATA	0
0x007841dc	0x00790969	DATA	0
0x007841e8	0x00790973	DATA	0
0x007841f4	0x0079097d	DATA	0
0x00784200	0x00790987	DATA	0
0x0078420c	0x00790991	DATA	0
0x00784218	0x0079099b	DATA	0
0x00784224	0x007909a5	DATA	0
0x00784230	0x007909af	DATA	0
0x0078423c	0x007909b9	DATA	0
0x00784248	0x007909c3	DATA	0
0x00784254	0x007909cd	DATA	0
0x00784260	0x007909d7	DATA	0
0x0078426c	0x007909e1	DATA	0
0x00784278	0x007909eb	DATA	0
0x00784284	0x007909f5	DATA	0
0x00784290	0x007909ff	DATA	0
0x0078429c	0x00790a09	DATA	0
0x007842a8	0x00790a13	DATA	0
0x007842b4	0x00790a1d	DATA	0
0x007842c0	0x00790a27	DATA	0
0x007842cc	0x00790a31	DATA	0
0x007842d8	0x00790a3b	DATA	0
0x007842e4	0x00790a45	DATA	0
0x007842f0	0x00790a4f	DATA	0
0x007842fc	0x00790a59	DATA	0
0x00784308	0x00790a63	DATA	0
0x00784314	0x00790a6d	DATA	0
0x00784320	0x00790a77	DATA	0
0x0078432c	0x00790a81	DATA	0
0x00784338	0x00790a8b	DATA	0
0x00784344	0x00790a95	DATA	0
0x00784350	0x00790a9f	DATA	0
0x0078435c	0x00790aa9	DATA	0
0x00784368	0x00790ab3	DATA	0
0x00784374	0x00790abd	DATA	0
0x00784380	0x00790ac7	DATA	0
0x0078438c	0x00790ad1	DATA	0
0x00784398	0x00790adb	DATA	0
0x007843a4	0x00790ae5	DATA	0
0x007843b0	0x00790aef	DATA	0
0x007843bc	0x00790af9	DATA	0
0x007843c8	0x00790b03	DATA	0
0x007843d4	0x00790b0d	DATA	0
0x007843e0	0x00790b17	DATA	0
0x007843ec	0x00790b21	DATA	0
0x007843f8	0x00790b2b	DATA	0
0x00784404	0x00790b35	DATA	0
0x00784410	0x00790b3f	DATA	0
0x0078441c	0x00790b49	DATA	0
0x00784428	0x00790b53	DATA	0
0x00784434	0x00790b5d	DATA	0
0x00784440	0x00790b67	DATA	0
0x0078444c	0x00790b71	DATA	0
0x00784458	0x00790b7b	DATA	0
0x00784464	0x00790b85	DATA	0
0x00784470	0x00790b8f	DATA	0
0x0078447c	0x00790b99	DATA	0
0x00784488	0x00790ba3	DATA	0
0x00784494	0x00790bad	DATA	0
0x007844a0	0x00790bb7	DATA	0
0x007844ac	0x00790bc1	DATA	0
0x007844b8	0x00790bcb	DATA	0
0x007844c4	0x00790bd5	DATA	0
0x007844d0	0x00790bdf	DATA	0
0x007844dc	0x00790be9	DATA	0
0x007844e8	0x00790bf3	DATA	0
0x007844f4	0x00790bfd	DATA	0
0x00784500	0x00790c07	DATA	0
0x0078450c	0x00790c11	DATA	0
0x00784518	0x00790c1b	DATA	0
0x00784524	0x00790c25	DATA	0
0x00784530	0x00790c2f	DATA	0
0x0078453c	0x00790c39	DATA	0
0x00784548	0x00790c43	DATA	0
0x00784554	0x00790c4d	DATA	0
0x00784560	0x00790c57	DATA	0
0x0078456c	0x00790c68	DATA	0
0x00784578	0x00790c7a	DATA	0
0x00784584	0x00790c84	DATA	0
0x00784590	0x00790c96	DATA	0
0x0078459c	0x00790ca2	DATA	0
0x007845a8	0x00790cb3	DATA	0
0x007845b4	0x00790cbe	DATA	0
0x007845c0	0x00790ccc	DATA	0
0x007845cc	0x00790cdd	DATA	0
0x007845d8	0x00790cf0	DATA	0
0x007845e4	0x00790d05	DATA	0
0x007845f0	0x00790d0a	DATA	0
0x007845fc	0x00790d11	DATA	0
0x00784608	0x00790d1f	DATA	0
0x00784614	0x00790d27	DATA	0
0x00784620	0x00790d35	DATA	0
0x0078462c	0x00790d3f	DATA	0
0x00784638	0x00790d47	DATA	0
0x00784644	0x00790d53	DATA	0
0x00784650	0x00790d5d	DATA	0
0x0078465c	0x00790d6e	DATA	0
0x00784668	0x00790d7e	DATA	0
0x00784674	0x00790d85	DATA	0
0x00784680	0x00790d8e	DATA	0
0x0078468c	0x00790da0	DATA	0
0x00784698	0x00790dad	DATA	0
0x007846a4	0x00790dbb	DATA	0
0x007846b0	0x00790dc7	DATA	0
0x007846bc	0x00790dd7	DATA	0
0x007846c8	0x00790de8	DATA	0
0x007846d4	0x00790df5	DATA	0
0x007846e0	0x00790dff	DATA	0
0x007846ec	0x00790e0b	DATA	0
0x007846f8	0x00790e16	DATA	0
0x00784704	0x00790e22	DATA	0
0x00784710	0x00790e2d	DATA	0
0x0078471c	0x00790e37	DATA	0
0x00784728	0x00790e42	DATA	0
0x00784734	0x00790e52	DATA	0
0x00784740	0x00790e5f	DATA	0
0x0078474c	0x00790e6c	DATA	0
0x00784758	0x00790e7d	DATA	0
0x00784764	0x00790e85	DATA	0
0x00784770	0x00790e94	DATA	0
0x0078477c	0x00790ea5	DATA	0
0x00784788	0x00790ebb	DATA	0
0x00784794	0x00790ece	DATA	0
0x007847a0	0x00790edd	DATA	0
0x007847ac	0x00790ef3	DATA	0
0x007847b8	0x00790f05	DATA	0
0x007847c4	0x00790f1f	DATA	0
0x007847d0	0x00790f30	DATA	0
0x007847dc	0x00790f48	DATA	0
0x007847e8	0x00790f60	DATA	0
0x007847f4	0x00790f78	DATA	0
0x00784800	0x00790f8e	DATA	0
0x0078480c	0x00790fa4	DATA	0
0x00784818	0x00790fbb	DATA	0
0x00784824	0x00790fca	DATA	0
0x00784830	0x00790fd9	DATA	0
0x0078483c	0x00790fea	DATA	0
0x00784848	0x00791001	DATA	0
0x00784854	0x00791018	DATA	0
0x00784860	0x0079102f	DATA	0
0x0078486c	0x00791040	DATA	0
0x00784878	0x0079104f	DATA	0
0x00784884	0x00791059	DATA	0
0x00784890	0x00791069	DATA	0
0x0078489c	0x0079107e	DATA	0
0x007848a8	0x0079108e	DATA	0
0x007848b4	0x0079109e	DATA	0
0x007848c0	0x007910b3	DATA	0
0x007848cc	0x007910cb	DATA	0
0x007848d8	0x007910dc	DATA	0
0x007848e4	0x007910f4	DATA	0
0x007848f0	0x00791118	DATA	0
0x007848fc	0x00791135	DATA	0
0x00784908	0x0079114d	DATA	0
0x00784914	0x0079115f	DATA	0
0x00784920	0x00791176	DATA	0
0x0078492c	0x0079118f	DATA	0
0x00784938	0x007911a6	DATA	0
0x00784944	0x007911bf	DATA	0
0x00784950	0x007911d8	DATA	0
0x0078495c	0x007911f1	DATA	0
0x00784968	0x00791203	DATA	0
0x00784974	0x00791215	DATA	0
0x00784980	0x00791227	DATA	0
0x0078498c	0x00791236	DATA	0
0x00784998	0x00791244	DATA	0
0x007849a4	0x0079125e	DATA	0
0x007849b0	0x0079126c	DATA	0
0x007849bc	0x00791284	DATA	0
0x007849c8	0x00791299	DATA	0
0x007849d4	0x007912ab	DATA	0
0x007849e0	0x007912c0	DATA	0
0x007849ec	0x007912d4	DATA	0
0x007849f8	0x007912e8	DATA	0
0x00784a04	0x007912f9	DATA	0
0x00784a10	0x0079130f	DATA	0
0x00784a1c	0x00791325	DATA	0
0x00784a28	0x0079133c	DATA	0
0x00784a34	0x00791350	DATA	0
0x00784a40	0x00791364	DATA	0
0x00784a4c	0x00791378	DATA	0
0x00784a58	0x0079138b	DATA	0
0x00784a64	0x007913a1	DATA	0
0x00784a70	0x007913b5	DATA	0
0x00784a7c	0x007913ca	DATA	0
0x00784a88	0x007913de	DATA	0
0x00784a94	0x007913f2	DATA	0
0x00784aa0	0x00791405	DATA	0
0x00784aac	0x00791416	DATA	0
0x00784ab8	0x00791427	DATA	0
0x00784ac4	0x0079143b	DATA	0
0x00784ad0	0x0079144c	DATA	0
0x00784adc	0x00791467	DATA	0
0x00784ae8	0x0079147d	DATA	0
0x00784af4	0x0079149c	DATA	0
0x00784b00	0x007914ad	DATA	0
0x00784b0c	0x007914c8	DATA	0
0x00784b18	0x007914e6	DATA	0
0x00784b24	0x00791502	DATA	0
0x00784b30	0x00791520	DATA	0
0x00784b3c	0x00791540	DATA	0
0x00784b48	0x0079155b	DATA	0
0x00784b54	0x00791574	DATA	0
0x00784b60	0x00791594	DATA	0
0x00784b6c	0x007915b6	DATA	0
0x00784b78	0x007915cd	DATA	0
0x00784b84	0x007915ed	DATA	0
0x00784b90	0x00791606	DATA	0
0x00784b9c	0x00791626	DATA	0
0x00784ba8	0x00791648	DATA	0
0x00784bb4	0x00791663	DATA	0
0x00784bc0	0x00791685	DATA	0
0x00784bcc	0x007916a9	DATA	0
0x00784bd8	0x007916bf	DATA	0
0x00784be4	0x007916de	DATA	0
0x00784bf0	0x007916f0	DATA	0
0x00784bfc	0x00791707	DATA	0
0x00784c08	0x00791723	DATA	0
0x00784c14	0x0079173a	DATA	0
0x00784c20	0x0079174d	DATA	0
0x00784c2c	0x00791767	DATA	0
0x00784c38	0x00791786	DATA	0
0x00784c44	0x007917a0	DATA	0
0x00784c50	0x007917b8	DATA	0
0x00784c5c	0x007917cc	DATA	0
0x00784c68	0x007917e7	DATA	0
0x00784c74	0x00791800	DATA	0
0x00784c80	0x00791819	DATA	0
0x00784c8c	0x00791839	DATA	0
0x00784c98	0x00791859	DATA	0
0x00784ca4	0x0079186d	DATA	0
0x00784cb0	0x00791883	DATA	0
0x00784cbc	0x00791897	DATA	0
0x00784cc8	0x007918aa	DATA	0
0x00784cd4	0x007918c0	DATA	0
0x00784ce0	0x007918d2	DATA	0
0x00784cec	0x007918e2	DATA	0
0x00784cf8	0x007918f9	DATA	0
0x00784d04	0x0079190e	DATA	0
0x00784d10	0x00791926	DATA	0
0x00784d1c	0x00791942	DATA	0
0x00784d28	0x0079195b	DATA	0
0x00784d34	0x0079196f	DATA	0
0x00784d40	0x0079198a	DATA	0
0x00784d4c	0x007919a1	DATA	0
0x00784d58	0x007919bf	DATA	0
0x00784d64	0x007919d9	DATA	0
0x00784d70	0x007919f1	DATA	0
0x00784d7c	0x00791a03	DATA	0
0x00784d88	0x00791a16	DATA	0
0x00784d94	0x00791a27	DATA	0
0x00784da0	0x00791a3b	DATA	0
0x00784dac	0x00791a4a	DATA	0
0x00784db8	0x00791a60	DATA	0
0x00784dc4	0x00791a78	DATA	0
0x00784dd0	0x00791a8c	DATA	0
0x00784ddc	0x00791aa1	DATA	0
0x00784de8	0x00791aaf	DATA	0
0x00784df4	0x00791acc	DATA	0
0x00784e00	0x00791ae0	DATA	0
0x00784e0c	0x00791af4	DATA	0
0x00784e18	0x00791b0e	DATA	0
0x00784e24	0x00791b25	DATA	0
0x00784e30	0x00791b3d	DATA	0
0x00784e3c	0x00791b52	DATA	0
0x00784e48	0x00791b66	DATA	0
0x00784e54	0x00791b7a	DATA	0
0x00784e60	0x00791b93	DATA	0
0x00784e6c	0x00791bb1	DATA	0
0x00784e78	0x00791bc5	DATA	0
0x00784e84	0x00791bd3	DATA	0
0x00784e90	0x00791be3	DATA	0
0x00784e9c	0x00791bf8	DATA	0
0x00784ea8	0x00791c0a	DATA	0
0x00784eb4	0x00791c1c	DATA	0
0x00784ec0	0x00791c2d	DATA	0
0x00784ecc	0x00791c3c	DATA	0
0x00784ed8	0x00791c4a	DATA	0
0x00784ee4	0x00791c59	DATA	0
0x00784ef0	0x00791c6a	DATA	0
0x00784efc	0x00791c7e	DATA	0
0x00784f08	0x00791c8f	DATA	0
0x00784f14	0x00791ca0	DATA	0
0x00784f20	0x00791cb2	DATA	0
0x00784f2c	0x00791cca	DATA	0
0x00784f38	0x00791ce3	DATA	0
0x00784f44	0x00791cfc	DATA	0
0x00784f50	0x00791d12	DATA	0
0x00784f5c	0x00791d29	DATA	0
0x00784f68	0x00791d3c	DATA	0
0x00784f74	0x00791d4f	DATA	0
0x00784f80	0x00791d60	DATA	0
0x00784f8c	0x00791d73	DATA	0
0x00784f98	0x00791d87	DATA	0
0x00784fa4	0x00791d9c	DATA	0
0x00784fb0	0x00791dac	DATA	0
0x00784fbc	0x00791dbd	DATA	0
0x00784fc8	0x00791dd5	DATA	0
0x00784fd4	0x00791de7	DATA	0
0x00784fe0	0x00791dfa	DATA	0
0x00784fec	0x00791e08	DATA	0
0x00784ff8	0x00791e17	DATA	0
0x00785004	0x00791e29	DATA	0
0x00785010	0x00791e43	DATA	0
0x0078501c	0x00791e56	DATA	0
0x00785028	0x00791e68	DATA	0
0x00785034	0x00791e77	DATA	0
0x00785040	0x00791e8c	DATA	0
0x0078504c	0x00791e9f	DATA	0
0x00785058	0x00791eb0	DATA	0
0x00785064	0x00791ec0	DATA	0
0x00785070	0x00791edb	DATA	0
0x0078507c	0x00791ef4	DATA	0
0x00785088	0x00791f0e	DATA	0
0x00785094	0x00791f25	DATA	0
0x007850a0	0x00791f3c	DATA	0
0x007850ac	0x00791f51	DATA	0
0x007850b8	0x00791f68	DATA	0
0x007850c4	0x00791f7d	DATA	0
0x007850d0	0x00791f94	DATA	0
0x007850dc	0x00791fa9	DATA	0
0x007850e8	0x00791fbf	DATA	0
0x007850f4	0x00791fd0	DATA	0
0x00785100	0x00791fe6	DATA	0
0x0078510c	0x00792001	DATA	0
0x00785118	0x00792014	DATA	0
0x00785124	0x0079202c	DATA	0
0x00785130	0x0079203c	DATA	0
0x0078513c	0x0079204c	DATA	0
0x00785148	0x0079205c	DATA	0
0x00785154	0x0079206f	DATA	0
0x00785160	0x00792081	DATA	0
0x0078516c	0x00792092	DATA	0
0x00785178	0x007920a1	DATA	0
0x00785184	0x007920b5	DATA	0
0x00785190	0x007920c9	DATA	0
0x0078519c	0x007920dd	DATA	0
0x007851a8	0x007920f0	DATA	0
0x007851b4	0x00792104	DATA	0
0x007851c0	0x00792115	DATA	0
0x007851cc	0x00792129	DATA	0
0x007851d8	0x0079213f	DATA	0
0x007851e4	0x00792153	DATA	0
0x007851f0	0x00792168	DATA	0
0x007851fc	0x00792171	DATA	0
0x00785208	0x0079217f	DATA	0
0x00785214	0x0079218d	DATA	0
0x00785220	0x00792195	DATA	0
0x0078522c	0x0079219e	DATA	0
0x00785238	0x007921a8	DATA	0
0x00785244	0x007921b3	DATA	0
0x00785250	0x007921b8	DATA	0
0x0078525c	0x007921c3	DATA	0
0x00785268	0x007921d4	DATA	0
0x00785274	0x007921dc	DATA	0
0x00785280	0x007921e4	DATA	0
0x0078528c	0x007921ea	DATA	0
0x00785298	0x007921f1	DATA	0
0x007852a4	0x00792206	DATA	0
0x007852b0	0x0079221b	DATA	0
0x007852bc	0x00792223	DATA	0
0x007852c8	0x00792230	DATA	0
0x007852d4	0x0079223a	DATA	0
0x007852e0	0x00792241	DATA	0
0x007852ec	0x0079224a	DATA	0
0x007852f8	0x00792255	DATA	0
0x00785304	0x0079225f	DATA	0
0x00785310	0x00792266	DATA	0
0x0078531c	0x00792272	DATA	0
0x00785328	0x0079227d	DATA	0
0x00785334	0x00792285	DATA	0
0x00785340	0x00792290	DATA	0
0x0078534c	0x00792299	DATA	0
0x00785358	0x007922a1	DATA	0
0x00785364	0x007922ad	DATA	0
0x00785370	0x007922b5	DATA	0
0x0078537c	0x007922c6	DATA	0
0x00785388	0x007922d6	DATA	0
0x00785394	0x007922de	DATA	0
0x007853a0	0x007922eb	DATA	0
0x007853ac	0x007922f7	DATA	0
0x007853b8	0x00792307	DATA	0
0x007853c4	0x00792312	DATA	0
0x007853d0	0x0079231d	DATA	0
0x007853dc	0x00792327	DATA	0
0x007853e8	0x0079232c	DATA	0
0x007853f4	0x0079233d	DATA	0
0x00785400	0x0079234e	DATA	0
0x0078540c	0x0079235d	DATA	0
0x00785418	0x00792370	DATA	0
0x00785424	0x00792381	DATA	0
0x00785430	0x0079238f	DATA	0
0x0078543c	0x0079239f	DATA	0
0x00785448	0x007923ae	DATA	0
0x00785454	0x007923c4	DATA	0
0x00785460	0x007923db	DATA	0
0x0078546c	0x007923f3	DATA	0
0x00785478	0x007923ff	DATA	0
0x00785484	0x0079240a	DATA	0
0x00785490	0x0079241f	DATA	0
0x0078549c	0x0079242b	DATA	0
0x007854a8	0x00792436	DATA	0
0x007854b4	0x00792444	DATA	0
0x007854c0	0x00792451	DATA	0
0x007854cc	0x0079245e	DATA	0
0x007854d8	0x00792470	DATA	0
0x007854e4	0x00792486	DATA	0
0x007854f0	0x0079249e	DATA	0
0x007854fc	0x007924ba	DATA	0
0x00785508	0x007924cf	DATA	0
0x00785514	0x007924e7	DATA	0
0x00785520	0x00792502	DATA	0
0x0078552c	0x0079251f	DATA	0
0x00785538	0x00792537	DATA	0
0x00785544	0x00792553	DATA	0
0x00785550	0x0079256e	DATA	0
0x0078555c	0x00792582	DATA	0
0x00785568	0x00792598	DATA	0
0x00785574	0x007925ad	DATA	0
0x00785580	0x007925ca	DATA	0
0x0078558c	0x007925df	DATA	0
0x00785598	0x007925f5	DATA	0
0x007855a4	0x0079260c	DATA	0
0x007855b0	0x00792624	DATA	0
0x007855bc	0x0079263f	DATA	0
0x007855c8	0x00792655	DATA	0
0x007855d4	0x00792668	DATA	0
0x007855e0	0x0079267f	DATA	0
0x007855ec	0x0079268d	DATA	0
0x007855f8	0x007926a2	DATA	0
0x00785604	0x007926bc	DATA	0
0x00785610	0x007926d1	DATA	0
0x0078561c	0x007926e4	DATA	0
0x00785628	0x007926f7	DATA	0
0x00785634	0x0079270a	DATA	0
0x00785640	0x00792722	DATA	0
0x0078564c	0x0079273e	DATA	0
0x00785658	0x00792753	DATA	0
0x00785664	0x00792769	DATA	0
0x00785670	0x00792778	DATA	0
0x0078567c	0x0079278c	DATA	0
0x00785688	0x007927a1	DATA	0
0x00785694	0x007927b3	DATA	0
0x007856a0	0x007927ca	DATA	0
0x007856ac	0x007927db	DATA	0
0x007856b8	0x007927f6	DATA	0
0x007856c4	0x0079280b	DATA	0
0x007856d0	0x00792820	DATA	0
0x007856dc	0x00792835	DATA	0
0x007856e8	0x00792849	DATA	0
0x007856f4	0x0079285a	DATA	0
0x00785700	0x00792875	DATA	0
0x0078570c	0x00792889	DATA	0
0x00785718	0x007928a1	DATA	0
0x00785724	0x007928b4	DATA	0
0x00785730	0x007928ca	DATA	0
0x0078573c	0x007928dc	DATA	0
0x00785748	0x007928ec	DATA	0
0x00785754	0x007928f5	DATA	0
0x00785760	0x007928ff	DATA	0
0x0078576c	0x0079290b	DATA	0
0x00785778	0x0079291a	DATA	0
0x00785784	0x0079292f	DATA	0
0x00785790	0x00792944	DATA	0
0x0078579c	0x00792951	DATA	0
0x007857a8	0x00792964	DATA	0
0x007857b4	0x00792971	DATA	0
0x007857c0	0x00792984	DATA	0
0x007857cc	0x00792991	DATA	0
0x007857d8	0x007929a5	DATA	0
0x007857e4	0x007929b4	DATA	0
0x007857f0	0x007929c2	DATA	0
0x007857fc	0x007929cf	DATA	0
0x00785808	0x007929e0	DATA	0
0x00785814	0x007929e7	DATA	0
0x00785820	0x007929ed	DATA	0
0x0078582c	0x007929f3	DATA	0
0x00785838	0x007929ff	DATA	0
0x00785844	0x00792a07	DATA	0
0x00785850	0x00792a10	DATA	0
0x0078585c	0x00792a20	DATA	0
0x00785868	0x00792a34	DATA	0
0x00785874	0x00792a48	DATA	0
0x00785880	0x00792a5b	DATA	0
0x0078588c	0x00792a71	DATA	0
0x00785898	0x00792a77	DATA	0
0x007858a4	0x00792a89	DATA	0
0x007858b0	0x00792a9d	DATA	0
0x007858bc	0x00792aa6	DATA	0
0x007858c8	0x00792ab1	DATA	0
0x007858d4	0x00792abd	DATA	0
0x007858e0	0x00792ad2	DATA	0
0x007858ec	0x00792ae3	DATA	0
0x007858f8	0x00792af5	DATA	0
0x00785904	0x00792b06	DATA	0
0x00785910	0x00792b11	DATA	0
0x0078591c	0x00792b23	DATA	0
0x00785928	0x00792b2e	DATA	0
0x00785934	0x00792b3d	DATA	0
0x00785940	0x00792b4b	DATA	0
0x0078594c	0x00792b5a	DATA	0
0x00785958	0x00792b62	DATA	0
0x00785964	0x00792b71	DATA	0
0x00785970	0x00792b79	DATA	0
0x0078597c	0x00792b82	DATA	0
0x00785988	0x00792b8a	DATA	0
0x00785994	0x00792b93	DATA	0
0x007859a0	0x00792b9b	DATA	0
0x007859ac	0x00792ba3	DATA	0
0x007859b8	0x00792bae	DATA	0
0x007859c4	0x00792bb8	DATA	0
0x007859d0	0x00792bc3	DATA	0
0x007859dc	0x00792bcc	DATA	0
0x007859e8	0x00792bd9	DATA	0
0x007859f4	0x00792be9	DATA	0
0x00785a00	0x00792bf4	DATA	0
0x00785a0c	0x00792c04	DATA	0
0x00785a18	0x00792c0f	DATA	0
0x00785a24	0x00792c16	DATA	0
0x00785a30	0x00792c1b	DATA	0
0x00785a3c	0x00792c25	DATA	0
0x00785a48	0x00792c31	DATA	0
0x00785a54	0x00792c3c	DATA	0
0x00785a60	0x00792c45	DATA	0
0x00785a6c	0x00792c51	DATA	0
0x00785a78	0x00792c61	DATA	0
0x00785a84	0x00792c71	DATA	0
0x00785a90	0x00792c79	DATA	0
0x00785a9c	0x00792c7f	DATA	0
0x00785aa8	0x00792c85	DATA	0
0x00785ab4	0x00792c8d	DATA	0
0x00785ac0	0x00792c9c	DATA	0
0x00785acc	0x00792ca7	DATA	0
0x00785ad8	0x00792cba	DATA	0
0x00785ae4	0x00792cc9	DATA	0
0x00785af0	0x00792cd4	DATA	0
0x00785afc	0x00792cde	DATA	0
0x00785b08	0x00792cee	DATA	0
0x00785b14	0x00792cfa	DATA	0
0x00785b20	0x00792d06	DATA	0
0x00785b2c	0x00792d0c	DATA	0
0x00785b38	0x00792d18	DATA	0
0x00785b44	0x00792d2e	DATA	0
0x00785b50	0x00792d39	DATA	0
0x00785b5c	0x00792d44	DATA	0
0x00785b68	0x00792d4f	DATA	0
0x00785b74	0x00792d5a	DATA	0
0x00785b80	0x00792d6e	DATA	0
0x00785b8c	0x00792d82	DATA	0
0x00785b98	0x00792d92	DATA	0
0x00785ba4	0x00792da1	DATA	0
0x00785bb0	0x00792db9	DATA	0
0x00785bbc	0x00792dc9	DATA	0
0x00785bc8	0x00792dd9	DATA	0
0x00785bd4	0x00792de5	DATA	0
0x00785be0	0x00792df9	DATA	0
0x00785bec	0x00792e04	DATA	0
0x00785bf8	0x00792e09	DATA	0
0x00785c04	0x00792e13	DATA	0
0x00785c10	0x00792e1c	DATA	0
0x00785c1c	0x00792e26	DATA	0
0x00785c28	0x00792e30	DATA	0
0x00785c34	0x00792e3a	DATA	0
0x00785c40	0x00792e43	DATA	0
0x00785c4c	0x00792e4c	DATA	0
0x00785c58	0x00792e57	DATA	0
0x00785c64	0x00792e61	DATA	0
0x00785c70	0x00792e6a	DATA	0
0x00785c7c	0x00792e78	DATA	0
0x00785c88	0x00792e80	DATA	0
0x00785c94	0x00792e8b	DATA	0
0x00785ca0	0x00792e92	DATA	0
0x00785cac	0x00792e9b	DATA	0
0x00785cb8	0x00792ea9	DATA	0
0x00785cc4	0x00792eb5	DATA	0
0x00785cd0	0x00792ebf	DATA	0
0x00785cdc	0x00792ec9	DATA	0
0x00785ce8	0x00792ed0	DATA	0
0x00785cf4	0x00792ed7	DATA	0
0x00785d00	0x00792ede	DATA	0
0x00785d0c	0x00792ee5	DATA	0
0x00785d18	0x00792eec	DATA	0
0x00785d24	0x00792ef7	DATA	0
0x00785d30	0x00792eff	DATA	0
0x00785d3c	0x00792f09	DATA	0
0x00785d48	0x00792f11	DATA	0
0x00785d54	0x00792f1a	DATA	0
0x00785d60	0x00792f21	DATA	0
0x00785d6c	0x00792f2b	DATA	0
0x00785d78	0x00792f33	DATA	0
0x00785d84	0x00792f3d	DATA	0
0x00785d90	0x00792f47	DATA	0
0x00785d9c	0x00792f4f	DATA	0
0x00785da8	0x00792f65	DATA	0
0x00785db4	0x00792f78	DATA	0
0x00785dc0	0x00792f93	DATA	0
0x00785dcc	0x00792fa0	DATA	0
0x00785dd8	0x00792fb0	DATA	0
0x00785de4	0x00792fc2	DATA	0
0x00785df0	0x00792fdc	DATA	0
0x00785dfc	0x00792fee	DATA	0
0x00785e08	0x00793001	DATA	0
0x00785e14	0x0079300b	DATA	0
0x00785e20	0x0079301f	DATA	0
0x00785e2c	0x00793032	DATA	0
0x00785e38	0x00793046	DATA	0
0x00785e44	0x00793058	DATA	0
0x00785e50	0x00793073	DATA	0
0x00785e5c	0x00793082	DATA	0
0x00785e68	0x0079309d	DATA	0
0x00785e74	0x007930ac	DATA	0
0x00785e80	0x007930bb	DATA	0
0x00785e8c	0x007930cf	DATA	0
0x00785e98	0x007930e3	DATA	0
0x00785ea4	0x007930fc	DATA	0
0x00785eb0	0x00793112	DATA	0
0x00785ebc	0x00793125	DATA	0
0x00785ec8	0x0079313f	DATA	0
0x00785ed4	0x00793158	DATA	0
0x00785ee0	0x00793176	DATA	0
0x00785eec	0x0079318a	DATA	0
0x00785ef8	0x007931a4	DATA	0
0x00785f04	0x007931bb	DATA	0
0x00785f10	0x007931d1	DATA	0
0x00785f1c	0x007931e9	DATA	0
0x00785f28	0x00793202	DATA	0
0x00785f34	0x00793216	DATA	0
0x00785f40	0x0079322d	DATA	0
0x00785f4c	0x0079323e	DATA	0
0x00785f58	0x00793256	DATA	0
0x00785f64	0x00793268	DATA	0
0x00785f70	0x00793288	DATA	0
0x00785f7c	0x0079329a	DATA	0
0x00785f88	0x007932b4	DATA	0
0x00785f94	0x007932cb	DATA	0
0x00785fa0	0x007932e1	DATA	0
0x00785fac	0x007932f6	DATA	0
0x00785fb8	0x0079330c	DATA	0
0x00785fc4	0x0079331c	DATA	0
0x00785fd0	0x0079332f	DATA	0
0x00785fdc	0x00793344	DATA	0
0x00785fe8	0x00793355	DATA	0
0x00785ff4	0x00793362	DATA	0
0x00786000	0x00793377	DATA	0
0x0078600c	0x00793384	DATA	0
0x00786018	0x00793394	DATA	0
0x00786024	0x007933a6	DATA	0
0x00786030	0x007933b2	DATA	0
0x0078603c	0x007933c3	DATA	0
0x00786048	0x007933d4	DATA	0
0x00786054	0x007933e2	DATA	0
0x00786060	0x007933f1	DATA	0
0x0078606c	0x00793405	DATA	0
0x00786078	0x00793419	DATA	0
0x00786084	0x0079342c	DATA	0
0x00786090	0x0079343a	DATA	0
0x0078609c	0x00793448	DATA	0
0x007860a8	0x00793457	DATA	0
0x007860b4	0x0079346e	DATA	0
0x007860c0	0x00793477	DATA	0
0x007860cc	0x0079347d	DATA	0
0x007860d8	0x00793485	DATA	0
0x007860e4	0x00793492	DATA	0
0x007860f0	0x0079349e	DATA	0
0x007860fc	0x007934a6	DATA	0
0x00786108	0x007934b8	DATA	0
0x00786114	0x007934c2	DATA	0
0x00786120	0x007934d1	DATA	0
0x0078612c	0x007934d9	DATA	0
0x00786138	0x007934e4	DATA	0
0x00786144	0x007934ef	DATA	0
0x00786150	0x007934f7	DATA	0
0x0078615c	0x00793503	DATA	0
0x00786168	0x00793515	DATA	0
0x00786174	0x00793525	DATA	0
0x00786180	0x0079352a	DATA	0
0x0078618c	0x00793534	DATA	0
0x00786198	0x0079353e	DATA	0
0x007861a4	0x0079354d	DATA	0
0x007861b0	0x00793555	DATA	0
0x007861bc	0x0079355d	DATA	0
0x007861c8	0x00793565	DATA	0
0x007861d4	0x00793570	DATA	0
0x007861e0	0x00793577	DATA	0
0x007861ec	0x0079357f	DATA	0
0x007861f8	0x00793588	DATA	0
0x00786204	0x00793590	DATA	0
0x00786210	0x00793599	DATA	0
0x0078621c	0x007935a1	DATA	0
0x00786228	0x007935ac	DATA	0
0x00786234	0x007935bc	DATA	0
0x00786240	0x007935d5	DATA	0
0x0078624c	0x007935ea	DATA	0
0x00786258	0x007935f6	DATA	0
0x00786264	0x00793600	DATA	0
0x00786270	0x00793608	DATA	0
0x0078627c	0x00793610	DATA	0
0x00786288	0x00793618	DATA	0
0x00786294	0x00793621	DATA	0
0x007862a0	0x00793629	DATA	0
0x007862ac	0x00793636	DATA	0
0x007862b8	0x00793641	DATA	0
0x007862c4	0x00793659	DATA	0
0x007862d0	0x00793676	DATA	0
0x007862dc	0x00793691	DATA	0
0x007862e8	0x00793698	DATA	0
0x007862f4	0x007936aa	DATA	0
0x00786300	0x007936bf	DATA	0
0x0078630c	0x007936d1	DATA	0
0x00786318	0x007936e2	DATA	0
0x00786324	0x007936f2	DATA	0
0x00786330	0x00793704	DATA	0
0x0078633c	0x00793713	DATA	0
0x00786348	0x0079371e	DATA	0
0x00786354	0x00793734	DATA	0
0x00786360	0x0079373d	DATA	0
0x0078636c	0x00793747	DATA	0
0x00786378	0x00793757	DATA	0
0x00786384	0x0079375f	DATA	0
0x00786390	0x00793768	DATA	0
0x0078639c	0x00793778	DATA	0
0x007863a8	0x00793786	DATA	0
0x007863b4	0x00793796	DATA	0
0x007863c0	0x007937a2	DATA	0
0x007863cc	0x007937ae	DATA	0
0x007863d8	0x007937bb	DATA	0
0x007863e4	0x007937c4	DATA	0
0x007863f0	0x007937ce	DATA	0
0x007863fc	0x007937d9	DATA	0
0x00786408	0x007937e6	DATA	0
0x00786414	0x007937f3	DATA	0
0x00786420	0x007937ff	DATA	0
0x0078642c	0x0079380a	DATA	0
0x00786438	0x00793815	DATA	0
0x00786444	0x0079382d	DATA	0
0x00786450	0x00793841	DATA	0
0x0078645c	0x0079384e	DATA	0
0x00786468	0x00793853	DATA	0
0x00786474	0x00793860	DATA	0
0x00786480	0x00793869	DATA	0
0x0078648c	0x0079387a	DATA	0
0x00786498	0x00793886	DATA	0
0x007864a4	0x00793896	DATA	0
0x007864b0	0x007938a3	DATA	0
0x007864bc	0x007938b0	DATA	0
0x007864c8	0x007938bd	DATA	0
0x007864d4	0x007938d0	DATA	0
0x007864e0	0x007938e0	DATA	0
0x007864ec	0x007938ef	DATA	0
0x007864f8	0x007938fd	DATA	0
0x00786504	0x00793910	DATA	0
0x00786510	0x0079391a	DATA	0
0x0078651c	0x00793921	DATA	0
0x00786528	0x00793928	DATA	0
0x00786534	0x00793930	DATA	0
0x00786540	0x00793936	DATA	0
0x0078654c	0x0079393f	DATA	0
0x00786558	0x00793949	DATA	0
0x00786564	0x0079394f	DATA	0
0x00786570	0x00793959	DATA	0
0x0078657c	0x00793961	DATA	0
0x00786588	0x0079396e	DATA	0
0x00786594	0x00793984	DATA	0
0x007865a0	0x00793996	DATA	0
0x007865ac	0x007939ac	DATA	0
0x007865b8	0x007939b5	DATA	0
0x007865c4	0x007939c3	DATA	0
0x007865d0	0x007939cd	DATA	0
0x007865dc	0x007939e3	DATA	0
0x007865e8	0x007939fd	DATA	0
0x007865f4	0x00793a0c	DATA	0
0x00786600	0x00793a13	DATA	0
0x0078660c	0x00793a1b	DATA	0
0x00786618	0x00793a25	DATA	0
0x00786624	0x00793a32	DATA	0
0x00786630	0x00793a42	DATA	0
0x0078663c	0x00793a4c	DATA	0
0x00786648	0x00793a5e	DATA	0
0x00786654	0x00793a67	DATA	0
0x00786660	0x00793a78	DATA	0
0x0078666c	0x00793a85	DATA	0
0x00786678	0x00793a92	DATA	0
0x00786684	0x00793a9a	DATA	0
0x00786690	0x00793aa3	DATA	0
0x0078669c	0x00793ab2	DATA	0
0x007866a8	0x00793ac1	DATA	0
0x007866b4	0x00793aca	DATA	0
0x007866c0	0x00793ad4	DATA	0
0x007866cc	0x00793add	DATA	0
0x007866d8	0x00793ae3	DATA	0
0x007866e4	0x00793aec	DATA	0
0x007866f0	0x00793af4	DATA	0
0x007866fc	0x00793afc	DATA	0
0x00786708	0x00793b06	DATA	0
0x00786714	0x00793b0f	DATA	0
0x00786720	0x00793b18	DATA	0
0x0078672c	0x00793b20	DATA	0
0x00786738	0x00793b28	DATA	0
0x00786744	0x00793b31	DATA	0
0x00786750	0x00793b3a	DATA	0
0x0078675c	0x00793b40	DATA	0
0x00786768	0x00793b48	DATA	0
0x00786774	0x00793b52	DATA	0
0x00786780	0x00793b5c	DATA	0
0x0078678c	0x00793b6b	DATA	0
0x00786798	0x00793b7a	DATA	0
0x007867a4	0x00793b8e	DATA	0
0x007867b0	0x00793b9f	DATA	0
0x007867bc	0x00793ba7	DATA	0
0x007867c8	0x00793bb6	DATA	0
0x007867d4	0x00793bce	DATA	0
0x007867e0	0x00793bd8	DATA	0
0x007867ec	0x00793be3	DATA	0
0x007867f8	0x00793bf3	DATA	0
0x00786804	0x00793bfc	DATA	0
0x00786810	0x00793c05	DATA	0
0x0078681c	0x00793c15	DATA	0
0x00786828	0x00793c1c	DATA	0
0x00786834	0x00793c24	DATA	0
0x00786840	0x00793c2e	DATA	0
0x0078684c	0x00793c37	DATA	0
0x00786858	0x00793c4a	DATA	0
0x00786864	0x00793c5a	DATA	0
0x00786870	0x00793c69	DATA	0
0x0078687c	0x00793c7b	DATA	0
0x00786888	0x00793c86	DATA	0
0x00786894	0x00793c97	DATA	0
0x007868a0	0x00793cab	DATA	0
0x007868ac	0x00793cbc	DATA	0
0x007868b8	0x00793cc7	DATA	0
0x007868c4	0x00793cd0	DATA	0
0x007868d0	0x00793cda	DATA	0
0x007868dc	0x00793ceb	DATA	0
0x007868e8	0x00793cf6	DATA	0
0x007868f4	0x00793d0d	DATA	0
0x00786900	0x00793d23	DATA	0
0x0078690c	0x00793d30	DATA	0
0x00786918	0x00793d42	DATA	0
0x00786924	0x00793d4b	DATA	0
0x00786930	0x00793d60	DATA	0
0x0078693c	0x00793d6c	DATA	0
0x00786948	0x00793d7a	DATA	0
0x00786954	0x00793d8f	DATA	0
0x00786960	0x00793da4	DATA	0
0x0078696c	0x00793db0	DATA	0
0x00786978	0x00793dbc	DATA	0
0x00786984	0x00793dc6	DATA	0
0x00786990	0x00793dd2	DATA	0
0x0078699c	0x00793ddf	DATA	0
0x007869a8	0x00793de9	DATA	0
0x007869b4	0x00793df3	DATA	0
0x007869c0	0x00793dfb	DATA	0
0x007869cc	0x00793e08	DATA	0
0x007869d8	0x00793e11	DATA	0
0x007869e4	0x00793e1a	DATA	0
0x007869f0	0x00793e24	DATA	0
0x007869fc	0x00793e2d	DATA	0
0x00786a08	0x00793e37	DATA	0
0x00786a14	0x00793e41	DATA	0
0x00786a20	0x00793e4a	DATA	0
0x00786a2c	0x00793e53	DATA	0
0x00786a38	0x00793e5c	DATA	0
0x00786a44	0x00793e68	DATA	0
0x00786a50	0x00793e72	DATA	0
0x00786a5c	0x00793e85	DATA	0
0x00786a68	0x00793e8c	DATA	0
0x00786a74	0x00793e95	DATA	0
0x00786a80	0x00793e9c	DATA	0
0x00786a8c	0x00793eb0	DATA	0
0x00786a98	0x00793eb7	DATA	0
0x00786aa4	0x00793ebf	DATA	0
0x00786ab0	0x00793ece	DATA	0
0x00786abc	0x00793ee1	DATA	0
0x00786ac8	0x00793eee	DATA	0
0x00786ad4	0x00793ef8	DATA	0
0x00786ae0	0x00793f0c	DATA	0
0x00786aec	0x00793f1e	DATA	0
0x00786af8	0x00793f2a	DATA	0
0x00786b04	0x00793f38	DATA	0
0x00786b10	0x00793f42	DATA	0
0x00786b1c	0x00793f4a	DATA	0
0x00786b28	0x00793f53	DATA	0
0x00786b34	0x00793f5d	DATA	0
0x00786b40	0x00793f68	DATA	0
0x00786b4c	0x00793f73	DATA	0
0x00786b58	0x00793f82	DATA	0
0x00786b64	0x00793f8d	DATA	0
0x00786b70	0x00793f96	DATA	0
0x00786b7c	0x00793fa1	DATA	0
0x00786b88	0x00793fac	DATA	0
0x00786b94	0x00793fbb	DATA	0
0x00786ba0	0x00793fc4	DATA	0
0x00786bac	0x00793fd1	DATA	0
0x00786bb8	0x00793fdc	DATA	0
0x00786bc4	0x00793feb	DATA	0
0x00786bd0	0x00793ffd	DATA	0
0x00786bdc	0x0079400c	DATA	0
0x00786be8	0x0079401c	DATA	0
0x00786bf4	0x0079402b	DATA	0
0x00786c00	0x0079403c	DATA	0
0x00786c0c	0x0079404f	DATA	0
0x00786c18	0x00794060	DATA	0
0x00786c24	0x00794073	DATA	0
0x00786c30	0x00794085	DATA	0
0x00786c3c	0x00794093	DATA	0
0x00786c48	0x007940a6	DATA	0
0x00786c54	0x007940b5	DATA	0
0x00786c60	0x007940ca	DATA	0
0x00786c6c	0x007940e0	DATA	0
0x00786c78	0x007940f7	DATA	0
0x00786c84	0x0079410e	DATA	0
0x00786c90	0x0079411f	DATA	0
0x00786c9c	0x00794131	DATA	0
0x00786ca8	0x0079413e	DATA	0
0x00786cb4	0x00794153	DATA	0
0x00786cc0	0x00794162	DATA	0
0x00786ccc	0x00794172	DATA	0
0x00786cd8	0x00794182	DATA	0
0x00786ce4	0x00794197	DATA	0
0x00786cf0	0x007941af	DATA	0
0x00786cfc	0x007941cb	DATA	0
0x00786d08	0x007941dd	DATA	0
0x00786d14	0x007941ed	DATA	0
0x00786d20	0x00794205	DATA	0
0x00786d2c	0x00794221	DATA	0
0x00786d38	0x00794229	DATA	0
0x00786d44	0x00794232	DATA	0
0x00786d50	0x00794254	DATA	0
0x00786d5c	0x0079425a	DATA	0
0x00786d68	0x00794268	DATA	0
0x00786d74	0x00794271	DATA	0
0x00786d80	0x00794277	DATA	0
0x00786d8c	0x0079427d	DATA	0
0x00786d98	0x00794283	DATA	0
0x00786da4	0x0079428d	DATA	0
0x00786db0	0x00794296	DATA	0
0x00786dbc	0x007942a1	DATA	0
0x00786dc8	0x007942ac	DATA	0
0x00786dd4	0x007942b6	DATA	0
0x00786de0	0x007942c2	DATA	0
0x00786dec	0x007942cd	DATA	0
0x00786df8	0x007942d7	DATA	0
0x00786e04	0x007942e6	DATA	0
0x00786e10	0x007942fe	DATA	0
0x00786e1c	0x0079430e	DATA	0
0x00786e28	0x00794315	DATA	0
0x00786e34	0x00794321	DATA	0
0x00786e40	0x0079432d	DATA	0
0x00786e4c	0x00794337	DATA	0
0x00786e58	0x00794341	DATA	0
0x00786e64	0x00794349	DATA	0
0x00786e70	0x0079435a	DATA	0
0x00786e7c	0x00794370	DATA	0
0x00786e88	0x0079437a	DATA	0
0x00786e94	0x0079438b	DATA	0
0x00786ea0	0x00794396	DATA	0
0x00786eac	0x007943a5	DATA	0
0x00786eb8	0x007943af	DATA	0
0x00786ec4	0x007943bf	DATA	0
0x00786ed0	0x007943ce	DATA	0
0x00786edc	0x007943dd	DATA	0
0x00786ee8	0x007943e9	DATA	0
0x00786ef4	0x007943f5	DATA	0
0x00786f00	0x00794402	DATA	0
0x00786f0c	0x0079440e	DATA	0
0x00786f18	0x00794415	DATA	0
0x00786f24	0x00794421	DATA	0
0x00786f30	0x0079442e	DATA	0
0x00786f3c	0x0079443d	DATA	0
0x00786f48	0x0079444c	DATA	0
0x00786f54	0x00794456	DATA	0
0x00786f60	0x0079445e	DATA	0
0x00786f6c	0x00794465	DATA	0
0x00786f78	0x0079446f	DATA	0
0x00786f84	0x00794479	DATA	0
0x00786f90	0x00794481	DATA	0
0x00786f9c	0x0079448c	DATA	0
0x00786fa8	0x00794497	DATA	0
0x00786fb4	0x007944a0	DATA	0
0x00786fc0	0x007944af	DATA	0
0x00786fcc	0x007944b5	DATA	0
0x00786fd8	0x007944c4	DATA	0
0x00786fe4	0x007944d4	DATA	0
0x00786ff0	0x007944e4	DATA	0
0x00786ffc	0x007944f8	DATA	0
0x00787008	0x0079450b	DATA	0
0x00787014	0x00794521	DATA	0
0x00787020	0x0079452f	DATA	0
0x0078702c	0x0079453a	DATA	0
0x00787038	0x0079454e	DATA	0
0x00787044	0x0079455e	DATA	0
0x00787050	0x0079456b	DATA	0
0x0078705c	0x0079457c	DATA	0
0x00787068	0x0079458a	DATA	0
0x00787074	0x00794596	DATA	0
0x00787080	0x007945ad	DATA	0
0x0078708c	0x007945c6	DATA	0
0x00787098	0x007945d4	DATA	0
0x007870a4	0x007945df	DATA	0
0x007870b0	0x007945f1	DATA	0
0x007870bc	0x00794603	DATA	0
0x007870c8	0x00794617	DATA	0
0x007870d4	0x00794624	DATA	0
0x007870e0	0x00794633	DATA	0
0x007870ec	0x0079463d	DATA	0
0x007870f8	0x00794650	DATA	0
0x00787104	0x0079465f	DATA	0
0x00787110	0x0079466e	DATA	0
0x0078711c	0x0079467c	DATA	0
0x00787128	0x0079468b	DATA	0
0x00787134	0x0079469b	DATA	0
0x00787140	0x007946a8	DATA	0
0x0078714c	0x007946b9	DATA	0
0x00787158	0x007946d0	DATA	0
0x00787164	0x007946dd	DATA	0
0x00787170	0x007946f4	DATA	0
0x0078717c	0x00794704	DATA	0
0x00787188	0x0079470f	DATA	0
0x00787194	0x00794718	DATA	0
0x007871a0	0x00794722	DATA	0
0x007871ac	0x0079472d	DATA	0
0x007871b8	0x00794739	DATA	0
0x007871c4	0x00794742	DATA	0
0x007871d0	0x0079474a	DATA	0
0x007871dc	0x0079475b	DATA	0
0x007871e8	0x0079476d	DATA	0
0x007871f4	0x00794781	DATA	0
0x00787200	0x00794789	DATA	0
0x0078720c	0x00794797	DATA	0
0x00787218	0x007947a6	DATA	0
0x00787224	0x007947b5	DATA	0
0x00787230	0x007947cd	DATA	0
0x0078723c	0x007947de	DATA	0
0x00787248	0x007947f8	DATA	0
0x00787254	0x0079480e	DATA	0
0x00787260	0x00794821	DATA	0
0x0078726c	0x00794836	DATA	0
0x00787278	0x00794848	DATA	0
0x00787284	0x00794854	DATA	0
0x00787290	0x00794864	DATA	0
0x0078729c	0x00794872	DATA	0
0x007872a8	0x0079487f	DATA	0
0x007872b4	0x0079489a	DATA	0
0x007872c0	0x007948a8	DATA	0
0x007872cc	0x007948bf	DATA	0
0x007872d8	0x007948d2	DATA	0
0x007872e4	0x007948ee	DATA	0
0x007872f0	0x00794900	DATA	0
0x007872fc	0x0079491b	DATA	0
0x00787308	0x0079492c	DATA	0
0x00787314	0x00794941	DATA	0
0x00787320	0x0079495f	DATA	0
0x0078732c	0x00794970	DATA	0
0x00787338	0x00794981	DATA	0
0x00787344	0x0079498e	DATA	0
0x00787350	0x007949a5	DATA	0
0x0078735c	0x007949b0	DATA	0
0x00787368	0x007949c1	DATA	0
0x00787374	0x007949d0	DATA	0
0x00787380	0x007949dc	DATA	0
0x0078738c	0x007949e4	DATA	0
0x00787398	0x007949f4	DATA	0
0x007873a4	0x00794a04	DATA	0
0x007873b0	0x00794a14	DATA	0
0x007873bc	0x00794a19	DATA	0
0x007873c8	0x00794a21	DATA	0
0x007873d4	0x00794a35	DATA	0
0x007873e0	0x00794a44	DATA	0
0x007873ec	0x00794a58	DATA	0
0x007873f8	0x00794a6a	DATA	0
0x00787404	0x00794a7c	DATA	0
0x00787410	0x00794a8b	DATA	0
0x0078741c	0x00794a96	DATA	0
0x00787428	0x00794a9f	DATA	0
0x00787434	0x00794ab0	DATA	0
0x00787440	0x00794ac2	DATA	0
0x0078744c	0x00794ad5	DATA	0
0x00787458	0x00794ae5	DATA	0
0x00787464	0x00794aff	DATA	0
0x00787470	0x00794b0f	DATA	0
0x0078747c	0x00794b1f	DATA	0
0x00787488	0x00794b2e	DATA	0
0x00787494	0x00794b44	DATA	0
0x007874a0	0x00794b5b	DATA	0
0x007874ac	0x00794b72	DATA	0
0x007874b8	0x00794b86	DATA	0
0x007874c4	0x00794ba2	DATA	0
0x007874d0	0x00794bc0	DATA	0
0x007874dc	0x00794bdd	DATA	0
0x007874e8	0x00794bf8	DATA	0
0x007874f4	0x00794c0d	DATA	0
0x00787500	0x00794c23	DATA	0
0x0078750c	0x00794c3a	DATA	0
0x00787518	0x00794c4b	DATA	0
0x00787524	0x00794c53	DATA	0
0x00787530	0x00794c67	DATA	0
0x0078753c	0x00794c76	DATA	0
0x00787548	0x00794c87	DATA	0
0x00787554	0x00794c98	DATA	0
0x00787560	0x00794ca3	DATA	0
0x0078756c	0x00794cb3	DATA	0
0x00787578	0x00794cca	DATA	0
0x00787584	0x00794cdc	DATA	0
0x00787590	0x00794cf0	DATA	0
0x0078759c	0x00794d04	DATA	0
0x007875a8	0x00794d13	DATA	0
0x007875b4	0x00794d21	DATA	0
0x007875c0	0x00794d27	DATA	0
0x007875cc	0x00794d30	DATA	0
0x007875d8	0x00794d41	DATA	0
0x007875e4	0x00794d52	DATA	0
0x007875f0	0x00794d62	DATA	0
0x007875fc	0x00794d71	DATA	0
0x00787608	0x00794d80	DATA	0
0x00787614	0x00794d8a	DATA	0
0x00787620	0x00794d93	DATA	0
0x0078762c	0x00794d9c	DATA	0
0x00787638	0x00794da7	DATA	0
0x00787644	0x00794db2	DATA	0
0x00787650	0x00794dbc	DATA	0
0x0078765c	0x00794dce	DATA	0
0x00787668	0x00794dd6	DATA	0
0x00787674	0x00794de0	DATA	0
0x00787680	0x00794de9	DATA	0
0x0078768c	0x00794df2	DATA	0
0x00787698	0x00794dfd	DATA	0
0x007876a4	0x00794e07	DATA	0
0x007876b0	0x00794e10	DATA	0
0x007876bc	0x00794e1a	DATA	0
0x007876c8	0x00794e25	DATA	0
0x007876d4	0x00794e35	DATA	0
0x007876e0	0x00794e3f	DATA	0
0x007876ec	0x00794e49	DATA	0
0x007876f8	0x00794e59	DATA	0
0x00787704	0x00794e66	DATA	0
0x00787710	0x00794e71	DATA	0
0x0078771c	0x00794e80	DATA	0
0x00787728	0x00794e86	DATA	0
0x00787734	0x00794e8f	DATA	0
0x00787740	0x00794e9e	DATA	0
0x0078774c	0x00794ea2	DATA	0
0x00787758	0x00794eaa	DATA	0
0x00787764	0x00794eae	DATA	0
0x00787770	0x00794eb5	DATA	0
0x0078777c	0x00794ec2	DATA	0
0x00787788	0x00794ecb	DATA	0
0x00787794	0x00794ed4	DATA	0
0x007877a0	0x00794edc	DATA	0
0x007877ac	0x00794ee2	DATA	0
0x007877b8	0x00794eee	DATA	0
0x007877c4	0x00794ef8	DATA	0
0x007877d0	0x00794f06	DATA	0
0x007877dc	0x00794f14	DATA	0
0x007877e8	0x00794f20	DATA	0
0x007877f4	0x00794f30	DATA	0
0x00787800	0x00794f3a	DATA	0
0x0078780c	0x00794f45	DATA	0
0x00787818	0x00794f51	DATA	0
0x00787824	0x00794f58	DATA	0
0x00787830	0x00794f61	DATA	0
0x0078783c	0x00794f6b	DATA	0
0x00787848	0x00794f73	DATA	0
0x00787854	0x00794f84	DATA	0
0x00787860	0x00794f93	DATA	0
0x0078786c	0x00794f9a	DATA	0
0x00787878	0x00794fa0	DATA	0
0x00787884	0x00794faa	DATA	0
0x00787890	0x00794fb4	DATA	0
0x0078789c	0x00794fbb	DATA	0
0x007878a8	0x00794fc5	DATA	0
0x007878b4	0x00794fd3	DATA	0
0x007878c0	0x00794fdc	DATA	0
0x007878cc	0x00794fe7	DATA	0
0x007878d8	0x00794ff4	DATA	0
0x007878e4	0x00795002	DATA	0
0x007878f0	0x00795011	DATA	0
0x007878fc	0x00795029	DATA	0
0x00787908	0x00795031	DATA	0
0x00787914	0x0079503d	DATA	0
0x00787920	0x0079504a	DATA	0
0x0078792c	0x00795056	DATA	0
0x00787938	0x0079506b	DATA	0
0x00787944	0x00795081	DATA	0
0x00787950	0x0079509d	DATA	0
0x0078795c	0x007950a3	DATA	0
0x00787968	0x007950ad	DATA	0
0x00787974	0x007950b5	DATA	0
0x00787980	0x007950be	DATA	0
0x0078798c	0x007950d9	DATA	0
0x00787998	0x007950ee	DATA	0
0x007879a4	0x007950f8	DATA	0
0x007879b0	0x00795105	DATA	0
0x007879bc	0x0079510d	DATA	0
0x007879c8	0x00795117	DATA	0
0x007879d4	0x0079511f	DATA	0
0x007879e0	0x00795134	DATA	0
0x007879ec	0x00795143	DATA	0
0x007879f8	0x0079514b	DATA	0
0x00787a04	0x00795161	DATA	0
0x00787a10	0x0079517a	DATA	0
0x00787a1c	0x00795191	DATA	0
0x00787a28	0x007951ac	DATA	0
0x00787a34	0x007951b4	DATA	0
0x00787a40	0x007951c1	DATA	0
0x00787a4c	0x007951ce	DATA	0
0x00787a58	0x007951d8	DATA	0
0x00787a64	0x007951df	DATA	0
0x00787a70	0x007951e7	DATA	0
0x00787a7c	0x007951ee	DATA	0
0x00787a88	0x007951f7	DATA	0
0x00787a94	0x00795203	DATA	0
0x00787aa0	0x0079520e	DATA	0
0x00787aac	0x00795218	DATA	0
0x00787ab8	0x00795221	DATA	0
0x00787ac4	0x0079522c	DATA	0
0x00787ad0	0x00795234	DATA	0
0x00787adc	0x00795243	DATA	0
0x00787ae8	0x0079524e	DATA	0
0x00787af4	0x0079525a	DATA	0
0x00787b00	0x00795262	DATA	0
0x00787b0c	0x0079526c	DATA	0
0x00787b18	0x00795274	DATA	0
0x00787b24	0x0079527b	DATA	0
0x00787b30	0x0079528f	DATA	0
0x00787b3c	0x0079529e	DATA	0
0x00787b48	0x007952ae	DATA	0
0x00787b54	0x007952bc	DATA	0
0x00787b60	0x007952c3	DATA	0
0x00787b6c	0x007952c9	DATA	0
0x00787b78	0x007952d1	DATA	0
0x00787b84	0x007952d9	DATA	0
0x00787b90	0x007952ec	DATA	0
0x00787b9c	0x007952f8	DATA	0
0x00787ba8	0x00795301	DATA	0
0x00787bb4	0x0079530b	DATA	0
0x00787bc0	0x00795314	DATA	0
0x00787bcc	0x00795320	DATA	0
0x00787bd8	0x00795329	DATA	0
0x00787be4	0x00795331	DATA	0
0x00787bf0	0x0079533b	DATA	0
0x00787bfc	0x00795343	DATA	0
0x00787c08	0x0079534c	DATA	0
0x00787c14	0x00795354	DATA	0
0x00787c20	0x0079535f	DATA	0
0x00787c2c	0x00795367	DATA	0
0x00787c38	0x0079536f	DATA	0
0x00787c44	0x0079537b	DATA	0
0x00787c50	0x00795384	DATA	0
0x00787c5c	0x00795391	DATA	0
0x00787c68	0x00795399	DATA	0
0x00787c74	0x007953a4	DATA	0
0x00787c80	0x007953ac	DATA	0
0x00787c8c	0x007953b4	DATA	0
0x00787c98	0x007953bc	DATA	0
0x00787ca4	0x007953c5	DATA	0
0x00787cb0	0x007953cd	DATA	0
0x00787cbc	0x007953d6	DATA	0
0x00787cc8	0x007953de	DATA	0
0x00787cd4	0x007953e6	DATA	0
0x00787ce0	0x007953f2	DATA	0
0x00787cec	0x007953fa	DATA	0
0x00787cf8	0x00795402	DATA	0
0x00787d04	0x0079540b	DATA	0
0x00787d10	0x00795412	DATA	0
0x00787d1c	0x0079541e	DATA	0
0x00787d28	0x00795429	DATA	0
0x00787d34	0x00795431	DATA	0
0x00787d40	0x0079543a	DATA	0
0x00787d4c	0x00795441	DATA	0
0x00787d58	0x00795454	DATA	0
0x00787d64	0x0079545d	DATA	0
0x00787d70	0x00795464	DATA	0
0x00787d7c	0x0079546e	DATA	0
0x00787d88	0x00795478	DATA	0
0x00787d94	0x00795482	DATA	0
0x00787da0	0x0079548c	DATA	0
0x00787dac	0x0079549a	DATA	0
0x00787db8	0x007954aa	DATA	0
0x00787dc4	0x007954ba	DATA	0
0x00787dd0	0x007954c6	DATA	0
0x00787ddc	0x007954ce	DATA	0
0x00787de8	0x007954dc	DATA	0
0x00787df4	0x007954e5	DATA	0
0x00787e00	0x007954f0	DATA	0
0x00787e0c	0x007954fb	DATA	0
0x00787e18	0x00795501	DATA	0
0x00787e24	0x0079550d	DATA	0
0x00787e30	0x00795517	DATA	0
0x00787e3c	0x0079551f	DATA	0
0x00787e48	0x00795529	DATA	0
0x00787e54	0x00795530	DATA	0
0x00787e60	0x0079553c	DATA	0
0x00787e6c	0x0079554a	DATA	0
0x00787e78	0x00795561	DATA	0
0x00787e84	0x00795572	DATA	0
0x00787e90	0x0079557e	DATA	0
0x00787e9c	0x00795592	DATA	0
0x00787ea8	0x0079559e	DATA	0
0x00787eb4	0x007955a8	DATA	0
0x00787ec0	0x007955b7	DATA	0
0x00787ecc	0x007955c0	DATA	0
0x00787ed8	0x007955c9	DATA	0
0x00787ee4	0x007955d1	DATA	0
0x00787ef0	0x007955d9	DATA	0
0x00787efc	0x007955e1	DATA	0
0x00787f08	0x007955ed	DATA	0
0x00787f14	0x007955f6	DATA	0
0x00787f20	0x00795604	DATA	0
0x00787f2c	0x00795611	DATA	0
0x00787f38	0x0079561d	DATA	0
0x00787f44	0x0079562b	DATA	0
0x00787f50	0x0079563d	DATA	0
0x00787f5c	0x00795646	DATA	0
0x00787f68	0x0079564e	DATA	0
0x00787f74	0x00795657	DATA	0
0x00787f80	0x00795667	DATA	0
0x00787f8c	0x00795677	DATA	0
0x00787f98	0x00795680	DATA	0
0x00787fa4	0x00795689	DATA	0
0x00787fb0	0x00795694	DATA	0
0x00787fbc	0x0079569a	DATA	0
0x00787fc8	0x007956ad	DATA	0
0x00787fd4	0x007956b5	DATA	0
0x00787fe0	0x007956be	DATA	0
0x00787fec	0x007956c7	DATA	0
0x00787ff8	0x007956cf	DATA	0
0x00788004	0x007956d9	DATA	0
0x00788010	0x007956e8	DATA	0
0x0078801c	0x00795701	DATA	0
0x00788028	0x0079570c	DATA	0
0x00788034	0x00795717	DATA	0
0x00788040	0x00795720	DATA	0
0x0078804c	0x00795734	DATA	0
0x00788058	0x00795746	DATA	0
0x00788064	0x00795753	DATA	0
0x00788070	0x0079575e	DATA	0
0x0078807c	0x00795775	DATA	0
0x00788088	0x0079577f	DATA	0
0x00788094	0x00795788	DATA	0
0x007880a0	0x00795793	DATA	0
0x007880ac	0x0079579f	DATA	0
0x007880b8	0x007957ad	DATA	0
0x007880c4	0x007957bc	DATA	0
0x007880d0	0x007957c5	DATA	0
0x007880dc	0x007957d0	DATA	0
0x007880e8	0x007957db	DATA	0
0x007880f4	0x007957e8	DATA	0
0x00788100	0x007957f3	DATA	0
0x0078810c	0x007957fb	DATA	0
0x00788118	0x00795804	DATA	0
0x00788124	0x0079580d	DATA	0
0x00788130	0x00795817	DATA	0
0x0078813c	0x00795824	DATA	0
0x00788148	0x00795831	DATA	0
0x00788154	0x0079583b	DATA	0
0x00788160	0x00795845	DATA	0
0x0078816c	0x00795850	DATA	0
0x00788178	0x00795858	DATA	0
0x00788184	0x00795863	DATA	0
0x00788190	0x0079586f	DATA	0
0x0078819c	0x0079587b	DATA	0
0x007881a8	0x00795889	DATA	0
0x007881b4	0x00795895	DATA	0
0x007881c0	0x0079589e	DATA	0
0x007881cc	0x007958a7	DATA	0
0x007881d8	0x007958b0	DATA	0
0x007881e4	0x007958b8	DATA	0
0x007881f0	0x007958c4	DATA	0
0x007881fc	0x007958ce	DATA	0
0x00788208	0x007958d8	DATA	0
0x00788214	0x007958e1	DATA	0
0x00788220	0x007958eb	DATA	0
0x0078822c	0x007958f7	DATA	0
0x00788238	0x00795902	DATA	0
0x00788244	0x0079590e	DATA	0
0x00788250	0x00795918	DATA	0
0x0078825c	0x00795920	DATA	0
0x00788268	0x00795933	DATA	0
0x00788274	0x00795945	DATA	0
0x00788280	0x0079594b	DATA	0
0x0078828c	0x00795952	DATA	0
0x00788298	0x0079596b	DATA	0
0x007882a4	0x00795991	DATA	0
0x007882b0	0x0079599a	DATA	0
0x007882bc	0x007959a1	DATA	0
0x007882c8	0x007959a8	DATA	0
0x007882d4	0x007959b0	DATA	0
0x007882e0	0x007959b9	DATA	0
0x007882ec	0x007959c5	DATA	0
0x007882f8	0x007959ce	DATA	0
0x00788304	0x007959d8	DATA	0
0x00788310	0x007959e0	DATA	0
0x0078831c	0x007959ef	DATA	0
0x00788328	0x007959ff	DATA	0
0x00788334	0x00795a09	DATA	0
0x00788340	0x00795a11	DATA	0
0x0078834c	0x00795a1c	DATA	0
0x00788358	0x00795a28	DATA	0
0x00788364	0x00795a31	DATA	0
0x00788370	0x00795a3c	DATA	0
0x0078837c	0x00795a48	DATA	0
0x00788388	0x00795a52	DATA	0
0x00788394	0x00795a60	DATA	0
0x007883a0	0x00795a68	DATA	0
0x007883ac	0x00795a79	DATA	0
0x007883b8	0x00795a83	DATA	0
0x007883c4	0x00795a93	DATA	0
0x007883d0	0x00795aa2	DATA	0
0x007883dc	0x00795ab2	DATA	0
0x007883e8	0x00795ac4	DATA	0
0x007883f4	0x00795ad7	DATA	0
0x00788400	0x00795ae1	DATA	0
0x0078840c	0x00795aec	DATA	0
0x00788418	0x00795af7	DATA	0
0x00788424	0x00795b02	DATA	0
0x00788430	0x00795b0a	DATA	0
0x0078843c	0x00795b16	DATA	0
0x00788448	0x00795b20	DATA	0
0x00788454	0x00795b2b	DATA	0
0x00788460	0x00795b36	DATA	0
0x0078846c	0x00795b41	DATA	0
0x00788478	0x00795b4c	DATA	0
0x00788484	0x00795b56	DATA	0
0x00788490	0x00795b5e	DATA	0
0x0078849c	0x00795b68	DATA	0
0x007884a8	0x00795b74	DATA	0
0x007884b4	0x00795b7e	DATA	0
0x007884c0	0x00795b90	DATA	0
0x007884cc	0x00795b9d	DATA	0
0x007884d8	0x00795ba9	DATA	0
0x007884e4	0x00795bb3	DATA	0
0x007884f0	0x00795bbf	DATA	0
0x007884fc	0x00795bca	DATA	0
0x00788508	0x00795bd8	DATA	0
0x00788514	0x00795be5	DATA	0
0x00788520	0x00795bf3	DATA	0
0x0078852c	0x00795c00	DATA	0
0x00788538	0x00795c0f	DATA	0
0x00788544	0x00795c17	DATA	0
0x00788550	0x00795c1e	DATA	0
0x0078855c	0x00795c24	DATA	0
0x00788568	0x00795c2a	DATA	0
0x00788574	0x00795c30	DATA	0
0x00788580	0x00795c36	DATA	0
0x0078858c	0x00795c3c	DATA	0
0x00788598	0x00795c42	DATA	0
0x007885a4	0x00795c48	DATA	0
0x007885b0	0x00795c4e	DATA	0
0x007885bc	0x00795c56	DATA	0
0x007885c8	0x00795c60	DATA	0
0x007885d4	0x00795c6b	DATA	0
0x007885e0	0x00795c73	DATA	0
0x007885ec	0x00795c7c	DATA	0
0x007885f8	0x00795c84	DATA	0
0x00788604	0x00795c8a	DATA	0
0x00788610	0x00795c92	DATA	0
0x0078861c	0x00795c9c	DATA	0
0x00788628	0x00795ca4	DATA	0
0x00788634	0x00795cb0	DATA	0
0x00788640	0x00795cb7	DATA	0
0x0078864c	0x00795cbd	DATA	0
0x00788658	0x00795cc6	DATA	0
0x00788664	0x00795ccc	DATA	0
0x00788670	0x00795cd4	DATA	0
0x0078867c	0x00795ce0	DATA	0
0x00788688	0x00795ced	DATA	0
0x00788694	0x00795cfe	DATA	0
0x007886a0	0x00795d0c	DATA	0
0x007886ac	0x00795d1f	DATA	0
0x007886b8	0x00795d2e	DATA	0
0x007886c4	0x00795d3c	DATA	0
0x007886d0	0x00795d4c	DATA	0
0x007886dc	0x00795d58	DATA	0
0x007886e8	0x00795d67	DATA	0
0x007886f4	0x00795d73	DATA	0
0x00788700	0x00795d84	DATA	0
0x0078870c	0x00795d94	DATA	0
0x00788718	0x00795da5	DATA	0
0x00788724	0x00795db7	DATA	0
0x00788730	0x00795dc9	DATA	0
0x0078873c	0x00795dd6	DATA	0
0x00788748	0x00795de8	DATA	0
0x00788754	0x00795def	DATA	0
0x00788760	0x00795e06	DATA	0
0x0078876c	0x00795e0f	DATA	0
0x00788778	0x00795e1e	DATA	0
0x00788784	0x00795e24	DATA	0
0x00788790	0x00795e2b	DATA	0
0x0078879c	0x00795e3b	DATA	0
0x007887a8	0x00795e43	DATA	0
0x007887b4	0x00795e53	DATA	0
0x007887c0	0x00795e69	DATA	0
0x007887cc	0x00795e75	DATA	0
0x007887d8	0x00795e80	DATA	0
0x007887e4	0x00795e86	DATA	0
0x007887f0	0x00795e8e	DATA	0
0x007887fc	0x00795e96	DATA	0
0x00788808	0x00795e9e	DATA	0
0x00788814	0x00795ea6	DATA	0
0x00788820	0x00795eae	DATA	0
0x0078882c	0x00795eb7	DATA	0
0x00788838	0x00795ec0	DATA	0
0x00788844	0x00795ec9	DATA	0
0x00788850	0x00795ed2	DATA	0
0x0078885c	0x00795eda	DATA	0
0x00788868	0x00795ee2	DATA	0
0x00788874	0x00795eeb	DATA	0
0x00788880	0x00795ef8	DATA	0
0x0078888c	0x00795f07	DATA	0
0x00788898	0x00795f18	DATA	0
0x007888a4	0x00795f20	DATA	0
0x007888b0	0x00795f29	DATA	0
0x007888bc	0x00795f2e	DATA	0
0x007888c8	0x00795f3a	DATA	0
0x007888d4	0x00795f43	DATA	0
0x007888e0	0x00795f4a	DATA	0
0x007888ec	0x00795f52	DATA	0
0x007888f8	0x00795f5e	DATA	0
0x00788904	0x00795f6c	DATA	0
0x00788910	0x00795f75	DATA	0
0x0078891c	0x00795f84	DATA	0
0x00788928	0x00795f94	DATA	0
0x00788934	0x00795fa1	DATA	0
0x00788940	0x00795fb0	DATA	0
0x0078894c	0x00795fbf	DATA	0
0x00788958	0x00795fce	DATA	0
0x00788964	0x00795fdf	DATA	0
0x00788970	0x00795ff0	DATA	0
0x0078897c	0x00796000	DATA	0
0x00788988	0x00796011	DATA	0
0x00788994	0x0079601e	DATA	0
0x007889a0	0x0079602f	DATA	0
0x007889ac	0x00796041	DATA	0
0x007889b8	0x00796052	DATA	0
0x007889c4	0x0079605e	DATA	0
0x007889d0	0x0079606c	DATA	0
0x007889dc	0x0079607a	DATA	0
0x007889e8	0x00796088	DATA	0
0x007889f4	0x00796090	DATA	0
0x00788a00	0x007960a0	DATA	0
0x00788a0c	0x007960b0	DATA	0
0x00788a18	0x007960c0	DATA	0
0x00788a24	0x007960d0	DATA	0
0x00788a30	0x007960df	DATA	0
0x00788a3c	0x007960ec	DATA	0
0x00788a48	0x007960fa	DATA	0
0x00788a54	0x00796109	DATA	0
0x00788a60	0x00796121	DATA	0
0x00788a6c	0x00796129	DATA	0
0x00788a78	0x00796137	DATA	0
0x00788a84	0x00796145	DATA	0
0x00788a90	0x00796158	DATA	0
0x00788a9c	0x0079615f	DATA	0
0x00788aa8	0x00796170	DATA	0
0x00788ab4	0x00796180	DATA	0
0x00788ac0	0x00796190	DATA	0
0x00788acc	0x007961a5	DATA	0
0x00788ad8	0x007961b0	DATA	0
0x00788ae4	0x007961b7	DATA	0
0x00788af0	0x007961c7	DATA	0
0x00788afc	0x007961d2	DATA	0
0x00788b08	0x007961e6	DATA	0
0x00788b14	0x007961ef	DATA	0
0x00788b20	0x007961f8	DATA	0
0x00788b2c	0x007961fe	DATA	0
0x00788b38	0x00796207	DATA	0
0x00788b44	0x0079621b	DATA	0
0x00788b50	0x00796223	DATA	0
0x00788b5c	0x0079622c	DATA	0
0x00788b68	0x00796234	DATA	0
0x00788b74	0x0079623c	DATA	0
0x00788b80	0x00796245	DATA	0
0x00788b8c	0x0079624f	DATA	0
0x00788b98	0x00796257	DATA	0
0x00788ba4	0x0079626e	DATA	0
0x00788bb0	0x00796277	DATA	0
0x00788bbc	0x0079627e	DATA	0
0x00788bc8	0x0079628d	DATA	0
0x00788bd4	0x00796298	DATA	0
0x00788be0	0x007962a5	DATA	0
0x00788bec	0x007962ba	DATA	0
0x00788bf8	0x007962c7	DATA	0
0x00788c04	0x007962d9	DATA	0
0x00788c10	0x007962e6	DATA	0
0x00788c1c	0x007962f7	DATA	0
0x00788c28	0x00796309	DATA	0
0x00788c34	0x00796316	DATA	0
0x00788c40	0x0079632b	DATA	0
0x00788c4c	0x00796342	DATA	0
0x00788c58	0x0079634d	DATA	0
0x00788c64	0x00796358	DATA	0
0x00788c70	0x00796363	DATA	0
0x00788c7c	0x0079636e	DATA	0
0x00788c88	0x0079637f	DATA	0
0x00788c94	0x00796392	DATA	0
0x00788ca0	0x0079639d	DATA	0
0x00788cac	0x007963aa	DATA	0
0x00788cb8	0x007963b9	DATA	0
0x00788cc4	0x007963c9	DATA	0
0x00788cd0	0x007963d7	DATA	0
0x00788cdc	0x007963e4	DATA	0
0x00788ce8	0x007963f1	DATA	0
0x00788cf4	0x007963fc	DATA	0
0x00788d00	0x00796413	DATA	0
0x00788d0c	0x00796433	DATA	0
0x00788d18	0x00796441	DATA	0
0x00788d24	0x00796456	DATA	0
0x00788d30	0x00796466	DATA	0
0x00788d3c	0x00796474	DATA	0
0x00788d48	0x0079647f	DATA	0
0x00788d54	0x00796484	DATA	0
0x00788d60	0x00796490	DATA	0
0x00788d6c	0x0079649d	DATA	0
0x00788d78	0x007964af	DATA	0
0x00788d84	0x007964ba	DATA	0
0x00788d90	0x007964c8	DATA	0
0x00788d9c	0x007964d7	DATA	0
0x00788da8	0x007964e2	DATA	0
0x00788db4	0x007964ec	DATA	0
0x00788dc0	0x007964fc	DATA	0
0x00788dcc	0x0079650b	DATA	0
0x00788dd8	0x00796516	DATA	0
0x00788de4	0x00796520	DATA	0
0x00788df0	0x0079652e	DATA	0
0x00788dfc	0x00796538	DATA	0
0x00788e08	0x00796545	DATA	0
0x00788e14	0x00796550	DATA	0
0x00788e20	0x00796559	DATA	0
0x00788e2c	0x00796567	DATA	0
0x00788e38	0x00796576	DATA	0
0x00788e44	0x00796586	DATA	0
0x00788e50	0x00796593	DATA	0
0x00788e5c	0x0079659c	DATA	0
0x00788e68	0x007965a9	DATA	0
0x00788e74	0x007965b7	DATA	0
0x00788e80	0x007965c3	DATA	0
0x00788e8c	0x007965d1	DATA	0
0x00788e98	0x007965dd	DATA	0
0x00788ea4	0x007965f0	DATA	0
0x00788eb0	0x007965fc	DATA	0
0x00788ebc	0x00796607	DATA	0
0x00788ec8	0x00796616	DATA	0
0x00788ed4	0x00796623	DATA	0
0x00788ee0	0x00796630	DATA	0
0x00788eec	0x0079663c	DATA	0
0x00788ef8	0x0079664b	DATA	0
0x00788f04	0x0079665b	DATA	0
0x00788f10	0x00796669	DATA	0
0x00788f1c	0x00796677	DATA	0
0x00788f28	0x00796683	DATA	0
0x00788f34	0x0079668e	DATA	0
0x00788f40	0x00796697	DATA	0
0x00788f4c	0x007966a6	DATA	0
0x00788f58	0x007966b2	DATA	0
0x00788f64	0x007966c2	DATA	0
0x00788f70	0x007966cf	DATA	0
0x00788f7c	0x007966e0	DATA	0
0x00788f88	0x007966ec	DATA	0
0x00788f94	0x007966f8	DATA	0
0x00788fa0	0x00796708	DATA	0
0x00788fac	0x00796711	DATA	0
0x00788fb8	0x0079671f	DATA	0
0x00788fc4	0x0079672e	DATA	0
0x00788fd0	0x00796745	DATA	0
0x00788fdc	0x00796752	DATA	0
0x00788fe8	0x00796760	DATA	0
0x00788ff4	0x00796780	DATA	0
0x00789000	0x00796799	DATA	0
0x0078900c	0x007967ae	DATA	0
0x00789018	0x007967c6	DATA	0
0x00789024	0x007967e0	DATA	0
0x00789030	0x007967f9	DATA	0
0x0078903c	0x0079680e	DATA	0
0x00789048	0x0079681f	DATA	0
0x00789054	0x0079682e	DATA	0
0x00789060	0x00796841	DATA	0
0x0078906c	0x0079685e	DATA	0
0x00789078	0x00796877	DATA	0
0x00789084	0x0079688d	DATA	0
0x00789090	0x007968a6	DATA	0
0x0078909c	0x007968be	DATA	0
0x007890a8	0x007968cf	DATA	0
0x007890b4	0x007968e0	DATA	0
0x007890c0	0x007968ef	DATA	0
0x007890cc	0x007968fb	DATA	0
0x007890d8	0x0079690e	DATA	0
0x007890e4	0x00796927	DATA	0
0x007890f0	0x0079693f	DATA	0
0x007890fc	0x00796956	DATA	0
0x00789108	0x0079696f	DATA	0
0x00789114	0x00796988	DATA	0
0x00789120	0x007969aa	DATA	0
0x0078912c	0x007969bc	DATA	0
0x00789138	0x007969ce	DATA	0
0x00789144	0x007969d9	DATA	0
0x00789150	0x007969ef	DATA	0
0x0078915c	0x007969fc	DATA	0
0x00789168	0x00796a0e	DATA	0
0x00789174	0x00796a32	DATA	0
0x00789180	0x00796a42	DATA	0
0x0078918c	0x00796a4f	DATA	0
0x00789198	0x00796a5c	DATA	0
0x007891a4	0x00796a69	DATA	0
0x007891b0	0x00796a78	DATA	0
0x007891bc	0x00796a8d	DATA	0
0x007891c8	0x00796a9c	DATA	0
0x007891d4	0x00796aad	DATA	0
0x007891e0	0x00796abd	DATA	0
0x007891ec	0x00796ad4	DATA	0
0x007891f8	0x00796ae7	DATA	0
0x00789204	0x00796af9	DATA	0
0x00789210	0x00796b09	DATA	0
0x0078921c	0x00796b17	DATA	0
0x00789228	0x00796b26	DATA	0
0x00789234	0x00796b32	DATA	0
0x00789240	0x00796b41	DATA	0
0x0078924c	0x00796b4e	DATA	0
0x00789258	0x00796b67	DATA	0
0x00789264	0x00796b80	DATA	0
0x00789270	0x00796b99	DATA	0
0x0078927c	0x00796bbb	DATA	0
0x00789288	0x00796bcd	DATA	0
0x00789294	0x00796be8	DATA	0
0x007892a0	0x00796bfc	DATA	0
0x007892ac	0x00796c0b	DATA	0
0x007892b8	0x00796c1d	DATA	0
0x007892c4	0x00796c2b	DATA	0
0x007892d0	0x00796c39	DATA	0
0x007892dc	0x00796c47	DATA	0
0x007892e8	0x00796c57	DATA	0
0x007892f4	0x00796c66	DATA	0
0x00789300	0x00796c75	DATA	0
0x0078930c	0x00796c8d	DATA	0
0x00789318	0x00796ca4	DATA	0
0x00789324	0x00796cb5	DATA	0
0x00789330	0x00796cc7	DATA	0
0x0078933c	0x00796cd7	DATA	0
0x00789348	0x00796ced	DATA	0
0x00789354	0x00796d00	DATA	0
0x00789360	0x00796d12	DATA	0
0x0078936c	0x00796d26	DATA	0
0x00789378	0x00796d35	DATA	0
0x00789384	0x00796d49	DATA	0
0x00789390	0x00796d5b	DATA	0
0x0078939c	0x00796d7a	DATA	0
0x007893a8	0x00796d87	DATA	0
0x007893b4	0x00796d94	DATA	0
0x007893c0	0x00796d9a	DATA	0
0x007893cc	0x00796da3	DATA	0
0x007893d8	0x00796dae	DATA	0
0x007893e4	0x00796dc0	DATA	0
0x007893f0	0x00796dd2	DATA	0
0x007893fc	0x00796dd8	DATA	0
0x00789408	0x00796de6	DATA	0
0x00789414	0x00796df1	DATA	0
0x00789420	0x00796dfa	DATA	0
0x0078942c	0x00796e0c	DATA	0
0x00789438	0x00796e19	DATA	0
0x00789444	0x00796e25	DATA	0
0x00789450	0x00796e36	DATA	0
0x0078945c	0x00796e42	DATA	0
0x00789468	0x00796e56	DATA	0
0x00789474	0x00796e62	DATA	0
0x00789480	0x00796e6e	DATA	0
0x0078948c	0x00796e7a	DATA	0
0x00789498	0x00796e82	DATA	0
0x007894a4	0x00796e8b	DATA	0
0x007894b0	0x00796e95	DATA	0
0x007894bc	0x00796e9c	DATA	0
0x007894c8	0x00796ea5	DATA	0
0x007894d4	0x00796eaf	DATA	0
0x007894e0	0x00796eb9	DATA	0
0x007894ec	0x00796ec3	DATA	0
0x007894f8	0x00796ecd	DATA	0
0x00789504	0x00796ed7	DATA	0
0x00789510	0x00796ee1	DATA	0
0x0078951c	0x00796eeb	DATA	0
0x00789528	0x00796ef5	DATA	0
0x00789534	0x00796eff	DATA	0
0x00789540	0x00796f09	DATA	0
0x0078954c	0x00796f13	DATA	0
0x00789558	0x00796f1d	DATA	0
0x00789564	0x00796f27	DATA	0
0x00789570	0x00796f31	DATA	0
0x0078957c	0x00796f3b	DATA	0
0x00789588	0x00796f45	DATA	0
0x00789594	0x00796f4f	DATA	0
0x007895a0	0x00796f59	DATA	0
0x007895ac	0x00796f63	DATA	0
0x007895b8	0x00796f6d	DATA	0
0x007895c4	0x00796f77	DATA	0
0x007895d0	0x00796f81	DATA	0
0x007895dc	0x00796f8b	DATA	0
0x007895e8	0x00796f95	DATA	0
0x007895f4	0x00796f9f	DATA	0
0x00789600	0x00796fa9	DATA	0
0x0078960c	0x00796fb3	DATA	0
0x00789618	0x00796fbd	DATA	0
0x00789624	0x00796fc7	DATA	0
0x00789630	0x00796fd1	DATA	0
0x0078963c	0x00796fdb	DATA	0
0x00789648	0x00796fe5	DATA	0
0x00789654	0x00796fef	DATA	0
0x00789660	0x00796ff9	DATA	0
0x0078966c	0x00797003	DATA	0
0x00789678	0x0079700d	DATA	0
0x00789684	0x00797017	DATA	0
0x00789690	0x00797021	DATA	0
0x0078969c	0x0079702b	DATA	0
0x007896a8	0x00797035	DATA	0
0x007896b4	0x0079703f	DATA	0
0x007896c0	0x00797049	DATA	0
0x007896cc	0x00797053	DATA	0
0x007896d8	0x0079705d	DATA	0
0x007896e4	0x00797067	DATA	0
0x007896f0	0x00797071	DATA	0
0x007896fc	0x0079707b	DATA	0
0x00789708	0x00797085	DATA	0
0x00789714	0x0079708f	DATA	0
0x00789720	0x00797099	DATA	0
0x0078972c	0x007970a3	DATA	0
0x00789738	0x007970ad	DATA	0
0x00789744	0x007970b7	DATA	0
0x00789750	0x007970c6	DATA	0
0x0078975c	0x007970d0	DATA	0
0x00789768	0x007970de	DATA	0
0x00789774	0x007970e7	DATA	0
0x00789780	0x007970ee	DATA	0
0x0078978c	0x007970f7	DATA	0
0x00789798	0x00797100	DATA	0
0x007897a4	0x00797109	DATA	0
0x007897b0	0x00797111	DATA	0
0x007897bc	0x0079711a	DATA	0
0x007897c8	0x00797124	DATA	0
0x007897d4	0x00797131	DATA	0
0x007897e0	0x0079713f	DATA	0
0x007897ec	0x00797148	DATA	0
0x007897f8	0x00797152	DATA	0
0x00789804	0x0079715b	DATA	0
0x00789810	0x0079716b	DATA	0
0x0078981c	0x0079717a	DATA	0
0x00789828	0x00797184	DATA	0
0x00789834	0x0079718e	DATA	0
0x00789840	0x0079719c	DATA	0
0x0078984c	0x007971a6	DATA	0
0x00789858	0x007971b3	DATA	0
0x00789864	0x007971c0	DATA	0
0x00789870	0x007971cc	DATA	0
0x0078987c	0x007971d5	DATA	0
0x00789888	0x007971df	DATA	0
0x00789894	0x007971e9	DATA	0
0x007898a0	0x007971f4	DATA	0
0x007898ac	0x007971fe	DATA	0
0x007898b8	0x00797206	DATA	0
0x007898c4	0x0079720f	DATA	0
0x007898d0	0x0079721a	DATA	0
0x007898dc	0x00797225	DATA	0
0x007898e8	0x0079722e	DATA	0
0x007898f4	0x00797239	DATA	0
0x00789900	0x00797241	DATA	0
0x0078990c	0x0079724a	DATA	0
0x00789918	0x00797256	DATA	0
0x00789924	0x00797262	DATA	0
0x00789930	0x0079726b	DATA	0
0x0078993c	0x00797276	DATA	0
0x00789948	0x00797283	DATA	0
0x00789954	0x00797292	DATA	0
0x00789960	0x0079729e	DATA	0
0x0078996c	0x007972aa	DATA	0
0x00789978	0x007972af	DATA	0
0x00789984	0x007972bd	DATA	0
0x00789990	0x007972c5	DATA	0
0x0078999c	0x007972cf	DATA	0
0x007899a8	0x007972da	DATA	0
0x007899b4	0x007972e6	DATA	0
0x007899c0	0x007972ef	DATA	0
0x007899cc	0x007972fb	DATA	0
0x007899d8	0x0079730a	DATA	0
0x007899e4	0x00797319	DATA	0
0x007899f0	0x00797322	DATA	0
0x007899fc	0x0079732e	DATA	0
0x00789a08	0x00797338	DATA	0
0x00789a14	0x00797341	DATA	0
0x00789a20	0x0079734a	DATA	0
0x00789a2c	0x00797353	DATA	0
0x00789a38	0x0079735f	DATA	0
0x00789a44	0x0079736b	DATA	0
0x00789a50	0x00797379	DATA	0
0x00789a5c	0x00797382	DATA	0
0x00789a68	0x0079738f	DATA	0
0x00789a74	0x00797396	DATA	0
0x00789a80	0x0079739d	DATA	0
0x00789a8c	0x007973ae	DATA	0
0x00789a98	0x007973c7	DATA	0
0x00789aa4	0x007973d1	DATA	0
0x00789ab0	0x007973db	DATA	0
0x00789abc	0x007973e9	DATA	0
0x00789ac8	0x007973f8	DATA	0
0x00789ad4	0x0079740d	DATA	0
0x00789ae0	0x0079741a	DATA	0
0x00789aec	0x00797426	DATA	0
0x00789af8	0x0079742e	DATA	0
0x00789b04	0x00797436	DATA	0
0x00789b10	0x00797443	DATA	0
0x00789b1c	0x0079744c	DATA	0
0x00789b28	0x00797459	DATA	0
0x00789b34	0x00797465	DATA	0
0x00789b40	0x0079746f	DATA	0
0x00789b4c	0x0079747c	DATA	0
0x00789b58	0x0079748a	DATA	0
0x00789b64	0x00797495	DATA	0
0x00789b70	0x007974a1	DATA	0
0x00789b7c	0x007974ae	DATA	0
0x00789b88	0x007974be	DATA	0
0x00789b94	0x007974cb	DATA	0
0x00789ba0	0x007974d5	DATA	0
0x00789bac	0x007974e6	DATA	0
0x00789bb8	0x007974ee	DATA	0
0x00789bc4	0x007974f9	DATA	0
0x00789bd0	0x0079750a	DATA	0
0x00789bdc	0x00797514	DATA	0
0x00789be8	0x00797520	DATA	0
0x00789bf4	0x0079752a	DATA	0
0x00789c00	0x00797539	DATA	0
0x00789c0c	0x00797542	DATA	0
0x00789c18	0x00797553	DATA	0
0x00789c24	0x00797564	DATA	0
0x00789c30	0x00797575	DATA	0
0x00789c3c	0x00797586	DATA	0
0x00789c48	0x0079758e	DATA	0
0x00789c54	0x00797599	DATA	0
0x00789c60	0x007975a1	DATA	0
0x00789c6c	0x007975b2	DATA	0
0x00789c78	0x007975bb	DATA	0
0x00789c84	0x007975c4	DATA	0
0x00789c90	0x007975cc	DATA	0
0x00789c9c	0x007975db	DATA	0
0x00789ca8	0x007975e4	DATA	0
0x00789cb4	0x007975f7	DATA	0
0x00789cc0	0x00797609	DATA	0
0x00789ccc	0x00797615	DATA	0
0x00789cd8	0x00797623	DATA	0
0x00789ce4	0x00797630	DATA	0
0x00789cf0	0x00797641	DATA	0
0x00789cfc	0x0079764c	DATA	0
0x00789d08	0x00797655	DATA	0
0x00789d14	0x0079765c	DATA	0
0x00789d20	0x00797668	DATA	0
0x00789d2c	0x0079767b	DATA	0
0x00789d38	0x00797687	DATA	0
0x00789d44	0x00797695	DATA	0
0x00789d50	0x007976aa	DATA	0
0x00789d5c	0x007976b2	DATA	0
0x00789d68	0x007976bb	DATA	0
0x00789d74	0x007976ce	DATA	0
0x00789d80	0x007976df	DATA	0
0x00789d8c	0x007976eb	DATA	0
0x00789d98	0x007976f7	DATA	0
0x00789da4	0x00797704	DATA	0
0x00789db0	0x00797710	DATA	0
0x00789dbc	0x00797720	DATA	0
0x00789dc8	0x00797730	DATA	0
0x00789dd4	0x0079773e	DATA	0
0x00789de0	0x00797752	DATA	0
0x00789dec	0x0079775b	DATA	0
0x00789df8	0x0079776a	DATA	0
0x00789e04	0x00797779	DATA	0
0x00789e10	0x0079778a	DATA	0
0x00789e1c	0x00797791	DATA	0
0x00789e28	0x0079779a	DATA	0
0x00789e34	0x007977a3	DATA	0
0x00789e40	0x007977b3	DATA	0
0x00789e4c	0x007977c1	DATA	0
0x00789e58	0x007977cd	DATA	0
0x00789e64	0x007977d7	DATA	0
0x00789e70	0x007977e6	DATA	0
0x00789e7c	0x007977f4	DATA	0
0x00789e88	0x00797800	DATA	0
0x00789e94	0x0079780c	DATA	0
0x00789ea0	0x00797818	DATA	0
0x00789eac	0x0079781f	DATA	0
0x00789eb8	0x0079782d	DATA	0
0x00789ec4	0x00797836	DATA	0
0x00789ed0	0x00797845	DATA	0
0x00789edc	0x00797852	DATA	0
0x00789ee8	0x00797865	DATA	0
0x00789ef4	0x0079787a	DATA	0
0x00789f00	0x00797880	DATA	0
0x00789f0c	0x00797897	DATA	0
0x00789f18	0x007978a6	DATA	0
0x00789f24	0x007978b3	DATA	0
0x00789f30	0x007978c9	DATA	0
0x00789f3c	0x007978e1	DATA	0
0x00789f48	0x007978f0	DATA	0
0x00789f54	0x007978fe	DATA	0
0x00789f60	0x00797907	DATA	0
0x00789f6c	0x00797916	DATA	0
0x00789f78	0x00797925	DATA	0
0x00789f84	0x0079793d	DATA	0
0x00789f90	0x00797947	DATA	0
0x00789f9c	0x0079795c	DATA	0
0x00789fa8	0x0079796c	DATA	0
0x00789fb4	0x0079797d	DATA	0
0x00789fc0	0x0079798c	DATA	0
0x00789fcc	0x007979a0	DATA	0
0x00789fd8	0x007979af	DATA	0
0x00789fe4	0x007979c2	DATA	0
0x00789ff0	0x007979d3	DATA	0
0x00789ffc	0x007979e4	DATA	0
0x0078a008	0x007979f2	DATA	0
0x0078a014	0x00797a00	DATA	0
0x0078a020	0x00797a13	DATA	0
0x0078a02c	0x00797a22	DATA	0
0x0078a038	0x00797a33	DATA	0
0x0078a044	0x00797a41	DATA	0
0x0078a050	0x00797a4d	DATA	0
0x0078a05c	0x00797a64	DATA	0
0x0078a068	0x00797a7b	DATA	0
0x0078a074	0x00797a93	DATA	0
0x0078a080	0x00797aa1	DATA	0
0x0078a08c	0x00797ab7	DATA	0
0x0078a098	0x00797ad0	DATA	0
0x0078a0a4	0x00797add	DATA	0
0x0078a0b0	0x00797af0	DATA	0
0x0078a0bc	0x00797aff	DATA	0
0x0078a0c8	0x00797b12	DATA	0
0x0078a0d4	0x00797b21	DATA	0
0x0078a0e0	0x00797b36	DATA	0
0x0078a0ec	0x00797b4b	DATA	0
0x0078a0f8	0x00797b5e	DATA	0
0x0078a104	0x00797b6b	DATA	0
0x0078a110	0x00797b78	DATA	0
0x0078a11c	0x00797b88	DATA	0
0x0078a128	0x00797b95	DATA	0
0x0078a134	0x00797ba4	DATA	0
0x0078a140	0x00797bb8	DATA	0
0x0078a14c	0x00797bc7	DATA	0
0x0078a158	0x00797bdb	DATA	0
0x0078a164	0x00797bf0	DATA	0
0x0078a170	0x00797c0a	DATA	0
0x0078a17c	0x00797c1b	DATA	0
0x0078a188	0x00797c31	DATA	0
0x0078a194	0x00797c41	DATA	0
0x0078a1a0	0x00797c53	DATA	0
0x0078a1ac	0x00797c62	DATA	0
0x0078a1b8	0x00797c71	DATA	0
0x0078a1c4	0x00797c7e	DATA	0
0x0078a1d0	0x00797c8b	DATA	0
0x0078a1dc	0x00797c97	DATA	0
0x0078a1e8	0x00797ca0	DATA	0
0x0078a1f4	0x00797cb4	DATA	0
0x0078a200	0x00797ccb	DATA	0
0x0078a20c	0x00797ce3	DATA	0
0x0078a218	0x00797cf9	DATA	0
0x0078a224	0x00797d0b	DATA	0
0x0078a230	0x00797d22	DATA	0
0x0078a23c	0x00797d36	DATA	0
0x0078a248	0x00797d4a	DATA	0
0x0078a254	0x00797d66	DATA	0
0x0078a260	0x00797d76	DATA	0
0x0078a26c	0x00797d87	DATA	0
0x0078a278	0x00797da3	DATA	0
0x0078a284	0x00797db9	DATA	0
0x0078a290	0x00797dcc	DATA	0
0x0078a29c	0x00797ddd	DATA	0
0x0078a2a8	0x00797df2	DATA	0
0x0078a2b4	0x00797e02	DATA	0
0x0078a2c0	0x00797e12	DATA	0
0x0078a2cc	0x00797e27	DATA	0
0x0078a2d8	0x00797e39	DATA	0
0x0078a2e4	0x00797e49	DATA	0
0x0078a2f0	0x00797e60	DATA	0
0x0078a2fc	0x00797e78	DATA	0
0x0078a308	0x00797e8d	DATA	0
0x0078a314	0x00797ea4	DATA	0
0x0078a320	0x00797eb9	DATA	0
0x0078a32c	0x00797ecb	DATA	0
0x0078a338	0x00797ee5	DATA	0
0x0078a344	0x00797ef9	DATA	0
0x0078a350	0x00797f0b	DATA	0
0x0078a35c	0x00797f1f	DATA	0
0x0078a368	0x00797f32	DATA	0
0x0078a374	0x00797f46	DATA	0
0x0078a380	0x00797f5b	DATA	0
0x0078a38c	0x00797f6b	DATA	0
0x0078a398	0x00797f7d	DATA	0
0x0078a3a4	0x00797f93	DATA	0
0x0078a3b0	0x00797fa4	DATA	0
0x0078a3bc	0x00797fbe	DATA	0
0x0078a3c8	0x00797fcd	DATA	0
0x0078a3d4	0x00797fe3	DATA	0
0x0078a3e0	0x00797ff4	DATA	0
0x0078a3ec	0x00798002	DATA	0
0x0078a3f8	0x00798016	DATA	0
0x0078a404	0x00798024	DATA	0
0x0078a410	0x00798038	DATA	0
0x0078a41c	0x0079804a	DATA	0
0x0078a428	0x00798063	DATA	0
0x0078a434	0x0079807a	DATA	0
0x0078a440	0x0079808f	DATA	0
0x0078a44c	0x007980a2	DATA	0
0x0078a458	0x007980ba	DATA	0
0x0078a464	0x007980d3	DATA	0
0x0078a470	0x007980e1	DATA	0
0x0078a47c	0x007980f1	DATA	0
0x0078a488	0x00798108	DATA	0
0x0078a494	0x00798118	DATA	0
0x0078a4a0	0x0079812e	DATA	0
0x0078a4ac	0x00798142	DATA	0
0x0078a4b8	0x0079815b	DATA	0
0x0078a4c4	0x00798173	DATA	0
0x0078a4d0	0x00798187	DATA	0
0x0078a4dc	0x00798197	DATA	0
0x0078a4e8	0x007981a7	DATA	0
0x0078a4f4	0x007981b8	DATA	0
0x0078a500	0x007981ca	DATA	0
0x0078a50c	0x007981db	DATA	0
0x0078a518	0x007981eb	DATA	0
0x0078a524	0x007981f9	DATA	0
0x0078a530	0x0079820d	DATA	0
0x0078a53c	0x00798220	DATA	0
0x0078a548	0x0079822c	DATA	0
0x0078a554	0x00798241	DATA	0
0x0078a560	0x00798252	DATA	0
0x0078a56c	0x00798265	DATA	0
0x0078a578	0x0079827a	DATA	0
0x0078a584	0x00798288	DATA	0
0x0078a590	0x0079829b	DATA	0
0x0078a59c	0x007982aa	DATA	0
0x0078a5a8	0x007982b8	DATA	0
0x0078a5b4	0x007982c9	DATA	0
0x0078a5c0	0x007982df	DATA	0
0x0078a5cc	0x007982f3	DATA	0
0x0078a5d8	0x00798304	DATA	0
0x0078a5e4	0x00798310	DATA	0
0x0078a5f0	0x00798325	DATA	0
0x0078a5fc	0x0079832e	DATA	0
0x0078a608	0x00798340	DATA	0
0x0078a614	0x0079834b	DATA	0
0x0078a620	0x00798361	DATA	0
0x0078a62c	0x00798375	DATA	0
0x0078a638	0x00798383	DATA	0
0x0078a644	0x00798395	DATA	0
0x0078a650	0x007983a4	DATA	0
0x0078a65c	0x007983b7	DATA	0
0x0078a668	0x007983c0	DATA	0
0x0078a674	0x007983cf	DATA	0
0x0078a680	0x007983e1	DATA	0
0x0078a68c	0x007983f9	DATA	0
0x0078a698	0x00798409	DATA	0
0x0078a6a4	0x00798417	DATA	0
0x0078a6b0	0x00798426	DATA	0
0x0078a6bc	0x00798430	DATA	0
0x0078a6c8	0x00798443	DATA	0
0x0078a6d4	0x0079844c	DATA	0
0x0078a6e0	0x0079845c	DATA	0
0x0078a6ec	0x00798466	DATA	0
0x0078a6f8	0x00798474	DATA	0
0x0078a704	0x0079847d	DATA	0
0x0078a710	0x0079848a	DATA	0
0x0078a71c	0x00798494	DATA	0
0x0078a728	0x0079849f	DATA	0
0x0078a734	0x007984a8	DATA	0
0x0078a740	0x007984b1	DATA	0
0x0078a74c	0x007984ba	DATA	0
0x0078a758	0x007984c3	DATA	0
0x0078a764	0x007984ce	DATA	0
0x0078a770	0x007984d9	DATA	0
0x0078a77c	0x007984e7	DATA	0
0x0078a788	0x007984f7	DATA	0
0x0078a794	0x00798502	DATA	0
0x0078a7a0	0x0079850d	DATA	0
0x0078a7ac	0x00798518	DATA	0
0x0078a7b8	0x00798529	DATA	0
0x0078a7c4	0x00798531	DATA	0
0x0078a7d0	0x0079853d	DATA	0
0x0078a7dc	0x00798547	DATA	0
0x0078a7e8	0x00798554	DATA	0
0x0078a7f4	0x00798563	DATA	0
0x0078a800	0x00798573	DATA	0
0x0078a80c	0x00798581	DATA	0
0x0078a818	0x00798590	DATA	0
0x0078a824	0x007985a7	DATA	0
0x0078a830	0x007985bb	DATA	0
0x0078a83c	0x007985d2	DATA	0
0x0078a848	0x007985e8	DATA	0
0x0078a854	0x007985fa	DATA	0
0x0078a860	0x0079860d	DATA	0
0x0078a86c	0x00798623	DATA	0
0x0078a878	0x00798639	DATA	0
0x0078a884	0x0079864b	DATA	0
0x0078a890	0x0079865d	DATA	0
0x0078a89c	0x00798669	DATA	0
0x0078a8a8	0x00798678	DATA	0
0x0078a8b4	0x00798683	DATA	0
0x0078a8c0	0x00798695	DATA	0
0x0078a8cc	0x007986a3	DATA	0
0x0078a8d8	0x007986b5	DATA	0
0x0078a8e4	0x007986c7	DATA	0
0x0078a8f0	0x007986d8	DATA	0
0x0078a8fc	0x007986ec	DATA	0
0x0078a908	0x00798703	DATA	0
0x0078a914	0x00798717	DATA	0
0x0078a920	0x0079872a	DATA	0
0x0078a92c	0x0079873a	DATA	0
0x0078a938	0x00798750	DATA	0
0x0078a944	0x00798764	DATA	0
0x0078a950	0x00798776	DATA	0
0x0078a95c	0x00798789	DATA	0
0x0078a968	0x0079879b	DATA	0
0x0078a974	0x007987a5	DATA	0
0x0078a980	0x007987af	DATA	0
0x0078a98c	0x007987b8	DATA	0
0x0078a998	0x007987c0	DATA	0
0x0078a9a4	0x007987ce	DATA	0
0x0078a9b0	0x007987dc	DATA	0
0x0078a9bc	0x007987e6	DATA	0
0x0078a9c8	0x007987f6	DATA	0
0x0078a9d4	0x00798804	DATA	0
0x0078a9e0	0x00798810	DATA	0
0x0078a9ec	0x00798816	DATA	0
0x0078a9f8	0x0079881d	DATA	0
0x0078aa04	0x00798824	DATA	0
0x0078aa10	0x0079882b	DATA	0
0x0078aa1c	0x00798836	DATA	0
0x0078aa28	0x00798842	DATA	0
0x0078aa34	0x00798853	DATA	0
0x0078aa40	0x0079885f	DATA	0
0x0078aa4c	0x00798869	DATA	0
0x0078aa58	0x00798873	DATA	0
0x0078aa64	0x0079887b	DATA	0
0x0078aa70	0x00798887	DATA	0
0x0078aa7c	0x00798897	DATA	0
0x0078aa88	0x007988a1	DATA	0
0x0078aa94	0x007988a8	DATA	0
0x0078aaa0	0x007988b3	DATA	0
0x0078aaac	0x007988bb	DATA	0
0x0078aab8	0x007988cf	DATA	0
0x0078aac4	0x007988da	DATA	0
0x0078aad0	0x007988e8	DATA	0
0x0078aadc	0x007988f6	DATA	0
0x0078aae8	0x0079890a	DATA	0
0x0078aaf4	0x00798914	DATA	0
0x0078ab00	0x00798924	DATA	0
0x0078ab0c	0x00798935	DATA	0
0x0078ab18	0x00798949	DATA	0
0x0078ab24	0x0079895d	DATA	0
0x0078ab30	0x00798974	DATA	0
0x0078ab3c	0x00798983	DATA	0
0x0078ab48	0x00798996	DATA	0
0x0078ab54	0x007989a9	DATA	0
0x0078ab60	0x007989b4	DATA	0
0x0078ab6c	0x007989c1	DATA	0
0x0078ab78	0x007989ce	DATA	0
0x0078ab84	0x007989d8	DATA	0
0x0078ab90	0x007989e7	DATA	0
0x0078ab9c	0x007989f6	DATA	0
0x0078aba8	0x00798a05	DATA	0
0x0078abb4	0x00798a13	DATA	0
0x0078abc0	0x00798a1d	DATA	0
0x0078abcc	0x00798a2a	DATA	0
0x0078abd8	0x00798a38	DATA	0
0x0078abe4	0x00798a49	DATA	0
0x0078abf0	0x00798a52	DATA	0
0x0078abfc	0x00798a61	DATA	0
0x0078ac08	0x00798a6f	DATA	0
0x0078ac14	0x00798a79	DATA	0
0x0078ac20	0x00798a85	DATA	0
0x0078ac2c	0x00798a91	DATA	0
0x0078ac38	0x00798aa2	DATA	0
0x0078ac44	0x00798aac	DATA	0
0x0078ac50	0x00798abd	DATA	0
0x0078ac5c	0x00798acc	DATA	0
0x0078ac68	0x00798ad9	DATA	0
0x0078ac74	0x00798ae7	DATA	0
0x0078ac80	0x00798af5	DATA	0
0x0078ac8c	0x00798b04	DATA	0
0x0078ac98	0x00798b18	DATA	0
0x0078aca4	0x00798b26	DATA	0
0x0078acb0	0x00798b38	DATA	0
0x0078acbc	0x00798b48	DATA	0
0x0078acc8	0x00798b55	DATA	0
0x0078acd4	0x00798b61	DATA	0
0x0078ace0	0x00798b6c	DATA	0
0x0078acec	0x00798b78	DATA	0
0x0078acf8	0x00798b84	DATA	0
0x0078ad04	0x00798b90	DATA	0
0x0078ad10	0x00798b9b	DATA	0
0x0078ad1c	0x00798ba7	DATA	0
0x0078ad28	0x00798bb4	DATA	0
0x0078ad34	0x00798bbf	DATA	0
0x0078ad40	0x00798bc9	DATA	0
0x0078ad4c	0x00798bd8	DATA	0
0x0078ad58	0x00798be9	DATA	0
0x0078ad64	0x00798bfb	DATA	0
0x0078ad70	0x00798c0c	DATA	0
0x0078ad7c	0x00798c1d	DATA	0
0x0078ad88	0x00798c2d	DATA	0
0x0078ad94	0x00798c3b	DATA	0
0x0078ada0	0x00798c4b	DATA	0
0x0078adac	0x00798c58	DATA	0
0x0078adb8	0x00798c68	DATA	0
0x0078adc4	0x00798c7a	DATA	0
0x0078add0	0x00798c8b	DATA	0
0x0078addc	0x00798c9b	DATA	0
0x0078ade8	0x00798caa	DATA	0
0x0078adf4	0x00798cb5	DATA	0
0x0078ae00	0x00798cbf	DATA	0
0x0078ae0c	0x00798cce	DATA	0
0x0078ae18	0x00798cdf	DATA	0
0x0078ae24	0x00798cee	DATA	0
0x0078ae30	0x00798d0e	DATA	0
0x0078ae3c	0x00798d1d	DATA	0
0x0078ae48	0x00798d28	DATA	0
0x0078ae54	0x00798d30	DATA	0
0x0078ae60	0x00798d40	DATA	0
0x0078ae6c	0x00798d49	DATA	0
0x0078ae78	0x00798d57	DATA	0
0x0078ae84	0x00798d5e	DATA	0
0x0078ae90	0x00798d65	DATA	0
0x0078ae9c	0x00798d71	DATA	0
0x0078aea8	0x00798d7e	DATA	0
0x0078aeb4	0x00798d85	DATA	0
0x0078aec0	0x00798d8b	DATA	0
0x0078aecc	0x00798d97	DATA	0
0x0078aed8	0x00798da8	DATA	0
0x0078aee4	0x00798daf	DATA	0
0x0078aef0	0x00798db9	DATA	0
0x0078aefc	0x00798dc9	DATA	0
0x0078af08	0x00798dd5	DATA	0
0x0078af14	0x00798de3	DATA	0
0x0078af20	0x00798df4	DATA	0
0x0078af2c	0x00798e09	DATA	0
0x0078af38	0x00798e20	DATA	0
0x0078af44	0x00798e39	DATA	0
0x0078af50	0x00798e42	DATA	0
0x0078af5c	0x00798e53	DATA	0
0x0078af68	0x00798e66	DATA	0
0x0078af74	0x00798e78	DATA	0
0x0078af80	0x00798e8e	DATA	0
0x0078af8c	0x00798e99	DATA	0
0x0078af98	0x00798ea3	DATA	0
0x0078afa4	0x00798eb2	DATA	0
0x0078afb0	0x00798ebc	DATA	0
0x0078afbc	0x00798ec6	DATA	0
0x0078afc8	0x00798ed4	DATA	0
